data/edconvlstm_nd/pred3460.15i
     1.0            IONOSPHERE MAPS     GNSS                IONEX VERSION / TYPE
pyspatialgeodesy        IME             05-JAN-18 20:20     PGM / RUN BY / DATE 
Map Name                                                    COMMENT             
Predicted global ionosphere maps (GIM).                     DESCRIPTION         
  2015    12    12     0     0     0                        EPOCH OF FIRST MAP  
  2015    12    13     0     0     0                        EPOCH OF LAST MAP   
  7200                                                      INTERVAL            
    13                                                      # OF MAPS IN FILE   
  NONE                                                      MAPPING FUNCTION    
10.0                                                        ELEVATION CUTOFF    
One-way carrier phase leveled to code                       OBSERVABLES USED    
  6371.0                                                    BASE RADIUS         
 2                                                          MAP DIMENSION       
   450.0 450.0   0.0                                        HGT1 / HGT2 / DHGT  
    87.5 -87.5  -2.5                                        LAT1 / LAT2 / DLAT  
  -180.0 180.0   5.0                                        LON1 / LON2 / DLON  
    -1                                                      EXPONENT            
                                                            END OF HEADER       
[from data line 5148]
    13                                                      START OF TEC MAP    
  2015    12    13     0     0     0                        EPOCH OF CURRENT MAP
    87.5-180.0 180.0   5.0 450.0                            LAT/LON1/LON2/DLON/H
   76   70   56   47   45   54   49   47   48   47   48   48   48   48   48   48
   48   47   47   46   46   45   44   43   43   42   41   40   39   38   38   37
   37   36   36   35   35   34   34   34   33   33   33   33   33   33   33   34
   34   34   35   35   36   36   36   37   37   37   38   38   39   39   39   40
   40   40   40   41   33   55   58   58   76                                   
    85.0-180.0 180.0   5.0 450.0                            LAT/LON1/LON2/DLON/H
   65   73   55   55   55   66   62   60   60   59   59   59   59   59   58   57
   57   56   55   54   53   52   50   49   48   46   45   44   43   42   41   41
   40   40   39   39   39   39   39   39   40   40   40   41   41   42   43   43
   44   45   45   46   47   47   48   48   49   49   50   50   51   51   51   52
   52   52   54   59   62   70   80   68   65                                   
    82.5-180.0 180.0   5.0 450.0                            LAT/LON1/LON2/DLON/H
   56   49   59   54   54   65   60   57   59   58   58   58   58   57   56   54
   53   50   48   46   43   40   38   35   33   30   29   27   26   24   24   23
   23   22   22   22   23   23   24   24   25   26   27   29   30   31   32   33
   35   36   37   37   38   39   39   40   40   41   41   42   42   43   44   45
   45   45   47   48   56   55   65   66   56                                   
    80.0-180.0 180.0   5.0 450.0                            LAT/LON1/LON2/DLON/H
   66   60   64   55   59   62   59   57   60   59   59   59   58   57   55   53
   50   47   44   41   39   36   33   31   28   26   25   23   22   21   21   20
   20   20   21   21   21   22   23   23   24   25   26   28   29   30   31   32
   34   34   35   36   36   37   37   37   38   38   38   39   39   40   41   42
   43   42   44   45   61   56   69   82   66                                   
    77.5-180.0 180.0   5.0 450.0                            LAT/LON1/LON2/DLON/H
   74   70   60   59   60   63   58   59   62   61   62   63   62   61   58   56
   53   49   46   42   39   36   33   30   27   25   24   22   21   21   21   21
   21   21   22   23   23   24   24   25   26   26   27   28   30   31   32   33
   34   35   35   36   36   36   36   36   36   36   36   36   37   37   38   39
   40   42   44   47   54   57   63   81   74                                   
    75.0-180.0 180.0   5.0 450.0                            LAT/LON1/LON2/DLON/H
   79   67   67   65   63   68   62   62   67   65   66   65   64   61   57   53
   49   45   41   38   35   32   29   27   25   24   23   23   23   23   24   24
   25   26   27   27   27   28   28   28   29   30   30   31   32   33   34   35
   36   36   36   36   36   35   35   35   34   34   34   34   34   35   37   38
   38   41   45   44   51   64   68   79   79                                   
    72.5-180.0 180.0   5.0 450.0                            LAT/LON1/LON2/DLON/H
   80   70   72   68   68   68   65   67   71   70   71   71   68   65   60   55
   50   45   41   38   35   33   31   30   28   28   27   27   28   28   29   30
   31   31   32   32   32   31   31   31   31   31   32   32   33   34   34   35
   35   36   36   35   35   34   34   33   32   32   31   31   32   33   34   36
   37   39   47   48   54   66   74   88   80                                   
    70.0-180.0 180.0   5.0 450.0                            LAT/LON1/LON2/DLON/H
   86   78   81   80   78   79   76   77   82   81   81   80   76   70   63   56
   50   44   39   36   34   33   32   32   32   32   32   33   34   35   35   36
   37   37   36   36   35   35   34   34   33   34   34   35   35   36   36   37
   37   37   37   37   36   36   35   34   34   33   33   33   34   35   37   40
   41   44   52   54   61   74   80   92   86                                   
    67.5-180.0 180.0   5.0 450.0                            LAT/LON1/LON2/DLON/H
   93   88   91   90   86   86   83   85   89   89   88   86   81   73   65   56
   48   41   36   34   32   32   32   32   33   33   34   34   35   35   36   36
   35   35   34   33   31   30   29   29   29   29   30   31   32   32   33   33
   33   33   33   33   33   33   32   32   32   31   32   32   33   35   38   41
   43   46   55   57   66   79   84   97   93                                   
    65.0-180.0 180.0   5.0 450.0                            LAT/LON1/LON2/DLON/H
  100   95   99   99   95   94   90   93   97   97   97   94   88   79   68   58
   48   41   36   34   33   32   33   33   33   33   33   33   33   33   33   33
   31   30   28   26   25   24   23   23   24   25   26   27   28   29   29   29
   29   30   30   30   30   30   30   30   31   31   32   34   36   38   42   45
   48   52   60   63   72   85   91  105  100                                   
    62.5-180.0 180.0   5.0 450.0                            LAT/LON1/LON2/DLON/H
  108  104  108  108  104  102   98  101  106  106  106  103   96   86   75   63
   53   45   40   37   36   35   34   34   33   32   32   31   31   31   30   29
   27   25   23   21   19   19   19   20   21   23   25   26   27   28   28   28
   27   27   28   28   28   29   30   30   32   34   36   39   42   46   50   54
   56   61   69   71   79   92   98  113  108                                   
    60.0-180.0 180.0   5.0 450.0                            LAT/LON1/LON2/DLON/H
  117  113  116  117  113  109  104  106  111  111  111  109  102   92   81   70
   59   51   45   42   39   37   35   32   30   29   28   27   27   26   26   24
   22   20   18   16   15   15   16   18   20   23   25   27   28   28   27   26
   26   25   25   26   26   27   28   30   33   37   41   46   50   55   59   64
   66   70   79   80   87   99  104  119  117                                   
    57.5-180.0 180.0   5.0 450.0                            LAT/LON1/LON2/DLON/H
  127  124  127  128  123  118  111  112  115  114  114  112  106   97   87   77
   67   59   52   47   42   37   33   29   26   24   23   23   23   23   23   22
   20   18   17   16   16   16   18   20   23   26   29   30   31   30   29   27
   26   25   25   25   26   27   29   32   37   42   48   54   60   65   71   76
   78   82   90   92   98  107  112  127  127                                   
    55.0-180.0 180.0   5.0 450.0                            LAT/LON1/LON2/DLON/H
  141  139  141  141  136  129  120  118  119  117  115  112  107  100   91   83
   74   66   58   51   44   37   31   25   22   20   19   20   22   22   23   22
   21   20   20   20   21   23   25   27   30   33   36   37   37   35   33   31
   29   28   27   27   28   29   31   36   42   49   57   64   71   76   82   87
   90   94  103  105  111  117  122  137  141                                   
    52.5-180.0 180.0   5.0 450.0                            LAT/LON1/LON2/DLON/H
  158  157  157  157  152  143  132  127  125  120  116  112  107  101   94   87
   80   72   63   54   45   36   29   23   20   19   20   22   24   25   26   26
   26   26   27   29   31   33   36   38   41   43   45   46   45   43   41   38
   35   34   33   33   33   34   37   42   49   57   65   73   80   86   92   97
  100  105  115  118  125  130  134  150  158                                   
    50.0-180.0 180.0   5.0 450.0                            LAT/LON1/LON2/DLON/H
  176  176  175  176  171  160  148  140  134  125  119  114  108  102   97   91
   85   77   67   57   47   38   30   25   23   23   24   27   30   32   33   33
   34   35   38   41   44   47   49   51   53   55   56   57   56   54   51   48
   45   43   43   43   43   44   47   51   58   66   74   82   89   94  100  105
  109  115  126  131  139  144  149  164  176                                   
    47.5-180.0 180.0   5.0 450.0                            LAT/LON1/LON2/DLON/H
  190  194  191  193  188  177  164  154  145  134  125  117  110  105  100   95
   88   80   70   60   50   41   35   31   30   31   33   36   39   40   41   41
   42   45   49   54   58   60   62   63   64   65   67   68   67   65   63   60
   57   56   56   56   56   57   59   63   68   76   83   91   96  101  106  111
  116  124  136  142  152  159  164  179  190                                   
    45.0-180.0 180.0   5.0 450.0                            LAT/LON1/LON2/DLON/H
  199  205  202  205  199  190  177  167  157  144  133  124  116  109  104   98
   91   82   73   63   55   48   44   42   42   43   45   47   48   48   48   48
   50   54   59   64   68   70   71   71   72   73   75   77   78   77   75   73
   71   70   70   71   71   71   72   74   79   85   92   99  104  108  112  117
  123  132  145  153  163  171  178  192  199                                   
    42.5-180.0 180.0   5.0 450.0                            LAT/LON1/LON2/DLON/H
  200  207  204  208  203  194  183  175  166  154  143  133  124  116  110  103
   95   86   76   68   62   59   57   57   57   57   58   57   56   54   52   52
   54   58   64   70   73   75   75   74   75   77   80   83   85   86   85   84
   83   82   83   83   83   83   83   84   88   94  101  107  111  115  119  125
  131  141  154  163  172  181  188  201  200                                   
    40.0-180.0 180.0   5.0 450.0                            LAT/LON1/LON2/DLON/H
  195  201  198  202  197  189  180  175  170  161  152  143  134  126  118  110
  101   91   83   77   74   74   74   74   73   70   67   64   60   56   53   53
   55   60   66   71   74   75   74   74   75   78   83   87   90   92   91   90
   90   89   89   90   89   89   89   91   95  101  108  114  119  124  128  135
  142  152  165  173  180  188  194  208  195                                   
    37.5-180.0 180.0   5.0 450.0                            LAT/LON1/LON2/DLON/H
  189  194  191  192  185  177  169  167  167  163  158  152  145  137  129  120
  110  100   93   90   91   93   93   91   86   79   72   66   60   56   53   54
   57   62   67   71   72   72   72   72   74   79   84   89   93   94   94   93
   92   90   90   90   90   90   90   93   98  106  114  121  128  134  141  149
  156  166  179  185  189  195  200  214  189                                   
    35.0-180.0 180.0   5.0 450.0                            LAT/LON1/LON2/DLON/H
  190  193  189  185  175  166  157  157  161  160  160  158  154  147  140  131
  121  113  109  108  111  112  110  103   93   81   72   65   60   57   56   58
   61   66   69   72   72   72   71   72   75   80   86   91   94   96   95   92
   90   88   86   85   85   86   88   93  100  109  119  129  138  146  156  166
  174  183  194  199  199  204  210  225  190                                   
    32.5-180.0 180.0   5.0 450.0                            LAT/LON1/LON2/DLON/H
  204  208  201  191  176  164  153  151  157  159  161  163  161  156  150  141
  134  128  125  126  128  127  121  108   93   80   70   65   63   64   66   69
   72   76   77   77   76   75   74   76   80   85   90   95   97   96   94   91
   87   83   80   78   78   80   85   92  102  113  126  137  149  160  172  185
  194  202  212  215  215  219  227  244  204                                   
    30.0-180.0 180.0   5.0 450.0                            LAT/LON1/LON2/DLON/H
  238  244  233  216  198  182  166  160  162  163  166  168  167  163  157  151
  145  141  140  141  140  134  122  106   90   78   72   71   74   79   84   88
   91   93   92   89   85   82   81   83   87   92   97  100  100   98   95   90
   85   80   76   73   73   77   83   93  105  119  134  148  161  175  190  204
  214  222  231  233  235  241  253  273  238                                   
    27.5-180.0 180.0   5.0 450.0                            LAT/LON1/LON2/DLON/H
  294  305  288  265  248  226  203  190  185  180  178  177  174  168  163  157
  153  151  150  148  142  131  116  100   87   80   80   86   95  104  112  117
  118  117  112  104   97   92   91   93   97  102  105  106  104  101   97   92
   87   81   76   72   73   77   85   98  113  129  146  162  176  191  207  223
  234  242  251  253  261  271  289  313  294                                   
    25.0-180.0 180.0   5.0 450.0                            LAT/LON1/LON2/DLON/H
  367  386  366  343  328  301  269  245  228  214  203  194  185  175  167  161
  158  156  153  146  135  121  107   96   91   92  100  113  127  139  146  150
  148  142  133  121  110  104  102  103  107  111  113  112  110  105  101   96
   91   85   80   76   77   83   93  107  124  142  160  177  193  209  225  241
  253  262  271  276  290  307  333  361  367                                   
    22.5-180.0 180.0   5.0 450.0                            LAT/LON1/LON2/DLON/H
  449  477  464  446  438  411  368  329  296  268  243  222  203  186  173  165
  160  155  148  137  123  110  102   99  104  115  132  150  166  177  182  181
  175  164  150  135  121  113  110  111  115  117  119  118  114  110  105  101
   97   91   86   83   84   91  103  119  137  156  175  192  209  225  242  258
  271  281  291  300  322  347  381  413  449                                   
    20.0-180.0 180.0   5.0 450.0                            LAT/LON1/LON2/DLON/H
  520  561  565  562  564  540  491  439  389  342  300  263  230  203  183  169
  160  152  140  125  112  103  104  114  130  151  173  192  205  211  210  203
  192  177  160  142  128  119  116  116  119  121  122  121  117  112  108  105
  102   97   92   89   91  100  113  130  148  167  185  203  221  238  256  273
  287  299  311  325  354  387  429  463  520                                   
    17.5-180.0 180.0   5.0 450.0                            LAT/LON1/LON2/DLON/H
  566  618  645  661  675  660  615  557  494  431  372  317  269  229  199  178
  163  149  134  118  107  107  119  141  169  196  219  233  238  235  226  213
  198  180  161  144  130  122  119  118  120  122  123  122  118  114  110  107
  105  101   96   94   97  106  120  137  155  173  191  210  229  248  268  286
  301  316  331  349  383  423  468  502  566                                   
    15.0-180.0 180.0   5.0 450.0                            LAT/LON1/LON2/DLON/H
  577  636  681  714  740  739  705  653  589  519  449  380  317  264  223  194
  172  153  135  120  116  125  148  182  217  246  262  265  258  245  228  211
  194  176  158  143  132  125  121  120  121  123  124  123  119  114  110  108
  106  103   99   98  101  111  125  142  158  175  194  214  235  257  279  299
  317  334  352  374  409  449  495  526  577                                   
    12.5-180.0 180.0   5.0 450.0                            LAT/LON1/LON2/DLON/H
  558  617  668  709  744  756  739  703  650  586  516  443  372  308  257  219
  190  167  148  136  138  157  191  233  269  291  295  283  263  240  219  201
  184  168  155  144  136  131  127  125  125  126  127  126  121  116  112  109
  108  105  102  101  105  115  129  144  159  175  194  216  240  266  291  314
  335  354  375  398  431  467  507  533  558                                   
    10.0-180.0 180.0   5.0 450.0                            LAT/LON1/LON2/DLON/H
  523  573  618  659  695  715  713  695  662  616  559  494  424  357  300  255
  221  194  175  167  176  204  245  288  317  326  312  285  254  226  204  188
  175  165  157  151  147  143  139  136  134  134  134  132  127  121  116  113
  111  108  105  104  108  117  131  145  159  175  195  219  247  276  305  332
  355  377  399  421  449  476  507  528  523                                   
     7.5-180.0 180.0   5.0 450.0                            LAT/LON1/LON2/DLON/H
  483  520  553  585  615  636  643  641  628  605  570  523  466  405  349  302
  264  236  218  215  230  262  302  337  353  343  312  273  237  210  192  181
