data/edconvlstm_nd/pred1220.15i
     1.0            IONOSPHERE MAPS     GNSS                IONEX VERSION / TYPE
pyspatialgeodesy        IME             05-JAN-18 20:20     PGM / RUN BY / DATE 
Map Name                                                    COMMENT             
Predicted global ionosphere maps (GIM).                     DESCRIPTION         
  2015     5     2     0     0     0                        EPOCH OF FIRST MAP  
  2015     5     3     0     0     0                        EPOCH OF LAST MAP   
  7200                                                      INTERVAL            
    13                                                      # OF MAPS IN FILE   
  NONE                                                      MAPPING FUNCTION    
10.0                                                        ELEVATION CUTOFF    
One-way carrier phase leveled to code                       OBSERVABLES USED    
  6371.0                                                    BASE RADIUS         
 2                                                          MAP DIMENSION       
   450.0 450.0   0.0                                        HGT1 / HGT2 / DHGT  
    87.5 -87.5  -2.5                                        LAT1 / LAT2 / DLAT  
  -180.0 180.0   5.0                                        LON1 / LON2 / DLON  
    -1                                                      EXPONENT            
                                                            END OF HEADER       
[from data line 2574]
     7                                                      START OF TEC MAP    
  2015     5     2    12     0     0                        EPOCH OF CURRENT MAP
    87.5-180.0 180.0   5.0 450.0                            LAT/LON1/LON2/DLON/H
  149  146  140  147  152  153  154  155  159  162  163  166  167  169  170  171
  172  173  173  174  174  174  174  174  174  173  173  173  172  171  171  170
  169  169  168  167  166  164  163  162  161  160  159  158  157  156  154  153
  152  151  150  150  149  148  147  146  145  144  143  142  141  140  139  138
  138  138  137  136  141  139  146  150  149                                   
    85.0-180.0 180.0   5.0 450.0                            LAT/LON1/LON2/DLON/H
  132  135  144  143  147  152  155  159  163  167  169  172  174  176  178  179
  180  180  181  181  181  181  181  181  181  181  181  180  180  180  179  179
  178  177  176  175  174  172  171  169  168  166  165  164  162  161  160  159
  157  156  155  154  153  152  151  150  149  147  146  145  143  142  140  139
  139  138  134  133  132  131  136  141  132                                   
    82.5-180.0 180.0   5.0 450.0                            LAT/LON1/LON2/DLON/H
  114  126  128  129  134  142  147  153  158  164  168  172  175  178  180  181
  182  183  183  183  183  183  183  183  183  184  184  185  185  185  186  186
  185  185  184  182  181  179  177  175  172  170  168  166  165  163  161  160
  159  158  157  155  154  153  151  150  148  146  143  141  138  136  133  130
  128  126  121  121  120  124  123  117  114                                   
    80.0-180.0 180.0   5.0 450.0                            LAT/LON1/LON2/DLON/H
  109  117  120  124  129  135  142  151  158  165  170  175  178  181  183  184
  185  184  184  183  182  181  181  181  181  182  183  184  185  187  188  189
  190  190  190  189  188  186  184  182  180  178  176  175  174  173  172  172
  172  171  171  170  170  169  167  166  164  161  159  155  151  147  143  139
  135  130  124  121  116  116  119  111  109                                   
    77.5-180.0 180.0   5.0 450.0                            LAT/LON1/LON2/DLON/H
  115  115  117  121  126  132  139  147  155  162  167  173  176  179  181  181
  181  180  179  177  176  175  174  174  175  176  178  181  184  188  191  195
  197  199  200  201  200  199  197  195  193  192  191  191  191  191  192  192
  193  194  195  195  195  195  194  193  191  188  185  181  176  171  165  159
  152  145  136  131  127  120  120  116  115                                   
    75.0-180.0 180.0   5.0 450.0                            LAT/LON1/LON2/DLON/H
  116  117  113  117  122  129  135  142  150  157  162  167  171  173  174  174
  173  172  170  168  166  165  164  164  166  168  171  175  180  186  192  197
  202  206  208  210  210  209  208  206  205  204  204  205  206  208  210  212
  214  216  218  219  219  220  219  219  217  215  212  208  203  197  191  184
  175  166  156  145  139  131  130  118  116                                   
    72.5-180.0 180.0   5.0 450.0                            LAT/LON1/LON2/DLON/H
  119  118  113  116  118  124  130  136  142  148  153  157  160  162  163  163
  162  161  159  158  156  155  155  155  157  160  164  169  176  184  191  199
  206  212  216  219  220  219  218  217  216  215  216  218  220  223  226  229
  231  233  235  236  236  237  237  236  235  234  232  229  224  219  213  205
  196  187  175  164  153  144  141  133  119                                   
    70.0-180.0 180.0   5.0 450.0                            LAT/LON1/LON2/DLON/H
  123  118  114  114  113  117  121  126  132  137  141  144  147  148  149  149
  149  148  148  147  147  147  148  149  151  154  158  165  172  181  191  200
  209  217  222  225  227  226  225  223  222  221  222  225  228  231  234  237
  239  241  241  241  241  240  240  239  238  237  236  234  231  227  222  216
  208  199  188  176  165  155  153  146  123                                   
    67.5-180.0 180.0   5.0 450.0                            LAT/LON1/LON2/DLON/H
  124  119  115  113  110  112  115  118  123  126  129  132  135  136  137  138
  139  140  141  142  144  145  147  148  151  154  158  164  172  182  192  203
  213  222  228  231  233  232  230  228  226  226  227  229  232  235  238  240
  241  240  239  237  235  233  231  230  230  229  229  229  227  225  222  217
  211  204  194  183  171  162  159  153  124                                   
    65.0-180.0 180.0   5.0 450.0                            LAT/LON1/LON2/DLON/H
  124  119  112  110  105  105  107  108  111  114  116  119  121  123  125  127
  129  132  135  138  141  144  147  149  152  155  159  165  173  183  194  206
  217  226  233  237  238  237  235  232  230  229  230  232  234  236  237  237
  236  233  229  225  220  217  214  212  212  212  213  213  213  212  210  208
  203  198  191  182  173  165  163  158  124                                   
    62.5-180.0 180.0   5.0 450.0                            LAT/LON1/LON2/DLON/H
  123  116  109  106   99   98   98   98  100  102  104  107  109  112  115  118
  121  126  130  135  140  144  148  151  154  157  161  166  174  184  195  207
  219  228  236  240  241  240  238  235  233  232  232  233  235  235  235  232
  229  223  217  211  205  200  196  194  194  195  196  197  198  197  196  194
  190  186  181  174  167  160  158  155  123                                   
    60.0-180.0 180.0   5.0 450.0                            LAT/LON1/LON2/DLON/H
  122  113  105  101   94   91   89   88   89   90   91   94   97  101  105  109
  114  120  126  132  137  142  147  151  154  157  161  166  174  183  195  207
  219  229  237  242  244  244  242  240  238  236  236  236  236  236  233  229
  224  217  210  202  195  190  186  184  184  185  187  188  189  188  185  183
  179  175  170  165  159  153  152  148  122                                   
    57.5-180.0 180.0   5.0 450.0                            LAT/LON1/LON2/DLON/H
  124  113  104   99   91   87   84   81   80   80   81   84   87   92   97  102
  109  115  122  129  135  140  145  149  152  155  159  165  172  182  194  206
  218  229  238  244  248  249  248  247  246  245  244  243  242  240  237  232
  226  219  211  204  198  192  189  187  187  189  191  192  192  190  186  181
  176  170  165  160  154  148  147  143  124                                   
    55.0-180.0 180.0   5.0 450.0                            LAT/LON1/LON2/DLON/H
  129  116  107  101   93   88   83   78   76   74   75   77   80   84   90   97
  105  113  120  127  132  137  142  146  150  153  158  163  171  180  192  204
  217  229  239  247  252  256  257  257  257  256  255  254  252  249  245  240
  234  228  222  216  211  207  204  203  204  206  208  209  207  204  197  190
  182  174  167  161  155  148  147  141  129                                   
    52.5-180.0 180.0   5.0 450.0                            LAT/LON1/LON2/DLON/H
  139  125  116  110  101   95   89   82   78   74   73   73   76   80   86   94
  104  113  121  128  133  137  141  145  149  153  157  163  170  179  190  203
  216  229  241  251  259  265  269  271  272  271  270  268  265  261  258  253
  249  244  240  236  233  230  228  228  229  231  233  233  231  226  217  207
  196  185  176  169  162  155  153  147  139                                   
    50.0-180.0 180.0   5.0 450.0                            LAT/LON1/LON2/DLON/H
  151  137  131  124  115  109  102   93   86   81   77   75   76   79   85   94
  105  117  126  133  138  142  145  148  152  156  160  165  171  180  190  203
  217  231  244  257  268  278  284  289  290  289  287  284  281  277  273  269
  266  263  261  259  257  256  255  255  256  257  258  258  255  248  238  226
  212  199  188  180  172  167  165  158  151                                   
    47.5-180.0 180.0   5.0 450.0                            LAT/LON1/LON2/DLON/H
  163  152  147  141  133  127  119  109  101   93   87   83   81   82   87   97
  110  123  134  142  147  151  153  157  160  163  166  170  175  182  192  205
  219  235  251  267  281  294  304  310  312  311  308  304  299  294  289  285
  282  280  279  279  278  277  276  275  274  275  275  273  270  262  252  239
  224  210  198  189  182  180  178  172  163                                   
    45.0-180.0 180.0   5.0 450.0                            LAT/LON1/LON2/DLON/H
  171  165  162  158  151  146  139  128  119  110  102   95   91   89   93  103
  117  132  145  154  160  163  166  169  172  174  176  178  181  187  196  209
  224  242  261  280  298  314  327  334  337  336  332  326  320  313  307  302
  297  295  293  292  290  289  286  283  281  278  276  273  269  261  252  240
  226  213  201  193  187  188  188  183  171                                   
    42.5-180.0 180.0   5.0 450.0                            LAT/LON1/LON2/DLON/H
  172  173  172  169  165  161  156  147  138  129  120  111  104  100  102  111
  125  141  156  167  173  177  180  183  186  187  187  187  189  194  203  216
  233  253  274  297  319  338  353  363  367  366  361  354  345  336  328  320
  313  307  303  300  297  294  289  283  277  272  266  261  254  247  239  229
  217  206  196  189  185  189  191  186  172                                   
    40.0-180.0 180.0   5.0 450.0                            LAT/LON1/LON2/DLON/H
  166  173  173  173  172  170  167  160  153  146  138  129  120  114  113  120
  133  150  165  177  185  190  193  197  199  199  198  197  197  202  211  226
  245  267  292  317  343  366  384  396  401  401  396  387  377  366  354  343
  333  324  316  311  306  300  293  285  275  265  256  246  237  229  221  213
  203  194  185  178  176  181  186  180  166                                   
    37.5-180.0 180.0   5.0 450.0                            LAT/LON1/LON2/DLON/H
  155  167  167  168  170  170  170  167  163  159  153  145  136  128  126  130
  141  156  172  184  193  199  203  207  209  210  208  206  206  212  223  240
  261  286  313  342  371  397  418  433  440  441  437  429  418  405  391  377
  363  350  340  332  326  318  310  299  286  272  258  244  230  219  210  203
  195  186  177  169  165  169  175  168  155                                   
    35.0-180.0 180.0   5.0 450.0                            LAT/LON1/LON2/DLON/H
  145  157  156  157  161  161  165  165  165  165  163  158  151  142  138  139
  148  161  175  187  196  203  209  213  216  217  216  215  217  225  239  259
  282  309  339  371  403  432  456  473  484  488  485  478  468  454  439  423
  407  392  380  371  364  356  346  333  318  301  282  263  244  229  218  210
  201  192  180  168  161  161  166  155  145                                   
    32.5-180.0 180.0   5.0 450.0                            LAT/LON1/LON2/DLON/H
  139  149  145  145  148  149  154  156  160  164  166  166  161  153  148  147
  152  163  175  187  197  204  211  216  221  223  224  226  232  244  261  283
  309  338  370  403  437  469  495  516  529  537  538  534  525  513  498  483
  467  452  440  431  424  417  407  393  376  356  333  309  285  265  251  241
  231  219  203  185  172  163  165  150  139                                   
    30.0-180.0 180.0   5.0 450.0                            LAT/LON1/LON2/DLON/H
  143  147  138  137  138  138  142  145  150  157  163  167  165  160  154  152
  155  163  175  186  196  204  211  218  224  229  234  240  251  268  289  315
  343  372  404  438  472  505  533  555  572  584  590  590  586  577  566  553
  540  527  517  510  506  500  492  478  460  437  411  382  354  329  311  298
  285  271  249  223  202  183  176  156  143                                   
    27.5-180.0 180.0   5.0 450.0                            LAT/LON1/LON2/DLON/H
  158  156  140  137  136  134  136  137  142  149  156  162  163  160  156  154
  156  163  174  185  195  204  212  220  228  237  246  258  275  297  323  351
  379  408  439  471  504  536  564  588  608  624  635  641  642  639  633  626
  618  610  604  601  599  596  589  576  557  533  504  472  440  412  390  374
  358  340  312  279  248  219  203  179  158                                   
    25.0-180.0 180.0   5.0 450.0                            LAT/LON1/LON2/DLON/H
  185  176  155  150  146  140  139  137  138  143  150  155  157  156  154  152
  154  162  173  185  196  205  214  223  234  247  261  279  302  328  357  387
  415  442  470  499  529  559  586  611  632  651  666  677  685  688  689  688
  686  684  682  682  683  681  675  662  643  618  588  555  521  491  467  447
  430  411  381  342  304  268  244  215  185                                   
    22.5-180.0 180.0   5.0 450.0                            LAT/LON1/LON2/DLON/H
  220  208  183  174  166  158  152  146  143  143  146  149  150  149  148  147
  151  160  172  186  198  208  217  228  241  258  278  301  328  358  389  419
  445  469  493  518  545  572  598  621  643  663  680  695  707  716  723  727
  730  731  732  734  734  732  724  709  690  664  634  602  569  539  516  496
  480  465  439  400  358  319  293  261  220                                   
    20.0-180.0 180.0   5.0 450.0                            LAT/LON1/LON2/DLON/H
  258  246  218  206  193  183  174  163  154  149  146  145  143  142  140  141
  146  157  171  186  200  210  220  233  250  271  295  322  351  382  413  442
  466  488  508  529  553  577  601  623  643  662  679  695  708  719  728  735
  739  742  743  744  743  737  726  708  686  660  630  599  570  543  523  506
  495  488  471  439  400  363  339  306  258                                   
    17.5-180.0 180.0   5.0 450.0                            LAT/LON1/LON2/DLON/H
  289  279  255  240  223  212  199  185  172  161  151  145  139  135  133  135
  141  153  169  186  200  211  223  238  258  283  311  340  370  400  430  457
  480  499  517  536  557  579  601  620  638  654  668  681  693  702  709  714
  716  718  719  718  715  707  692  671  645  616  587  558  531  508  492  480
  475  476  472  451  422  392  373  342  289                                   
    15.0-180.0 180.0   5.0 450.0                            LAT/LON1/LON2/DLON/H
  307  302  282  267  249  237  224  208  191  175  161  149  139  132  129  129
  136  149  166  184  199  211  224  242  266  295  325  355  384  413  442  467
  490  508  525  542  561  581  601  618  632  644  653  661  668  672  675  675
  675  674  673  671  667  658  642  619  590  558  527  497  472  452  438  429
  430  439  447  440  424  403  388  361  307                                   
    12.5-180.0 180.0   5.0 450.0                            LAT/LON1/LON2/DLON/H
  313  311  297  283  266  255  243  227  208  190  172  156  143  133  127  126
  131  144  162  180  195  209  224  246  274  307  340  370  399  426  452  477
  499  518  534  550  568  587  605  620  630  636  640  642  642  641  638  634
  629  626  624  623  620  613  599  576  546  511  476  444  416  393  378  370
  374  388  405  411  407  396  386  362  313                                   
    10.0-180.0 180.0   5.0 450.0                            LAT/LON1/LON2/DLON/H
  310  310  300  286  273  263  253  238  220  202  182  165  149  137  129  126
  129  140  157  175  190  206  224  250  283  320  355  387  415  440  465  489
  511  530  545  560  577  594  612  625  632  634  632  628  623  617  610  602
  595  591  590  590  590  586  576  556  527  491  452  414  380  351  330  318
  320  335  357  371  377  374  369  349  310                                   
     7.5-180.0 180.0   5.0 450.0                            LAT/LON1/LON2/DLON/H
  299  301  292  278  269  260  253  241  225  208  190  172  157  144  133  128
  129  138  153  170  186  203  225  256  293  334  373  405  433  457  480  503
