data/edconvlstm_nd/pred1390.15i
     1.0            IONOSPHERE MAPS     GNSS                IONEX VERSION / TYPE
pyspatialgeodesy        IME             05-JAN-18 20:20     PGM / RUN BY / DATE 
Map Name                                                    COMMENT             
Predicted global ionosphere maps (GIM).                     DESCRIPTION         
  2015     5    19     0     0     0                        EPOCH OF FIRST MAP  
  2015     5    20     0     0     0                        EPOCH OF LAST MAP   
  7200                                                      INTERVAL            
    13                                                      # OF MAPS IN FILE   
  NONE                                                      MAPPING FUNCTION    
10.0                                                        ELEVATION CUTOFF    
One-way carrier phase leveled to code                       OBSERVABLES USED    
  6371.0                                                    BASE RADIUS         
 2                                                          MAP DIMENSION       
   450.0 450.0   0.0                                        HGT1 / HGT2 / DHGT  
    87.5 -87.5  -2.5                                        LAT1 / LAT2 / DLAT  
  -180.0 180.0   5.0                                        LON1 / LON2 / DLON  
    -1                                                      EXPONENT            
                                                            END OF HEADER       
[from data line 1287]
     4                                                      START OF TEC MAP    
  2015     5    19     6     0     0                        EPOCH OF CURRENT MAP
    87.5-180.0 180.0   5.0 450.0                            LAT/LON1/LON2/DLON/H
  212  203  199  200  201  199  195  193  193  192  191  190  190  189  188  188
  188  188  188  188  188  189  189  190  190  191  191  192  192  193  193  193
  193  194  194  194  194  195  195  195  195  195  196  196  197  197  198  198
  199  200  200  201  201  201  201  202  202  201  201  201  201  200  200  199
  199  201  200  201  204  203  201  204  212                                   
    85.0-180.0 180.0   5.0 450.0                            LAT/LON1/LON2/DLON/H
  210  205  206  205  206  204  203  201  201  200  198  197  196  195  195  194
  194  194  195  195  196  197  198  198  199  200  200  201  201  202  202  203
  203  203  204  204  204  205  205  205  206  206  207  207  208  209  209  210
  211  212  212  213  213  214  214  214  214  214  213  213  212  211  210  210
  210  211  207  210  206  204  207  209  210                                   
    82.5-180.0 180.0   5.0 450.0                            LAT/LON1/LON2/DLON/H
  212  216  214  208  207  206  204  202  201  199  197  196  194  193  193  192
  192  193  194  195  196  197  199  200  201  201  202  203  203  204  204  205
  205  206  206  207  207  208  209  209  210  211  212  213  214  216  217  218
  220  221  222  223  224  224  224  224  224  224  223  222  221  219  218  217
  216  215  211  213  213  212  214  204  212                                   
    80.0-180.0 180.0   5.0 450.0                            LAT/LON1/LON2/DLON/H
  216  222  216  212  211  208  207  205  203  200  197  194  192  190  188  187
  187  188  189  191  193  194  196  197  199  200  201  201  202  203  204  205
  207  208  209  211  212  214  215  217  218  220  222  224  226  229  231  234
  236  238  240  241  242  243  243  243  242  241  240  238  236  234  232  230
  228  226  220  220  219  218  225  209  216                                   
    77.5-180.0 180.0   5.0 450.0                            LAT/LON1/LON2/DLON/H
  222  226  223  218  217  214  213  210  207  203  198  194  190  187  185  183
  183  184  185  188  190  192  194  196  197  198  199  201  202  204  206  208
  211  213  216  219  222  224  227  229  232  235  238  241  245  248  252  255
  258  261  263  265  266  267  266  266  265  263  261  259  256  253  250  247
  243  240  232  231  230  227  227  221  222                                   
    75.0-180.0 180.0   5.0 450.0                            LAT/LON1/LON2/DLON/H
  223  230  224  221  220  218  217  213  210  204  198  192  187  181  177  175
  174  175  177  179  183  185  188  190  192  193  194  196  198  201  205  209
  213  218  222  226  230  234  238  242  245  249  254  258  263  268  272  277
  280  284  286  287  288  288  287  285  283  281  279  276  272  268  265  261
  256  253  245  238  234  232  232  230  223                                   
    72.5-180.0 180.0   5.0 450.0                            LAT/LON1/LON2/DLON/H
  223  231  226  224  223  220  220  216  213  207  200  192  184  177  171  167
  165  165  168  171  175  178  182  184  186  187  189  191  194  198  204  210
  216  222  228  234  239  244  248  253  258  263  268  274  280  286  292  297
  300  303  305  305  304  303  301  298  295  292  289  286  282  278  274  271
  266  262  255  248  240  236  235  236  223                                   
    70.0-180.0 180.0   5.0 450.0                            LAT/LON1/LON2/DLON/H
  225  229  224  221  220  217  218  215  213  206  199  190  180  170  162  156
  153  152  154  158  163  168  171  174  176  178  179  182  187  193  200  208
  216  223  231  237  243  249  254  260  265  272  279  286  293  300  306  311
  315  316  316  315  312  308  304  300  297  293  289  286  282  279  275  272
  268  264  257  252  244  239  239  242  225                                   
    67.5-180.0 180.0   5.0 450.0                            LAT/LON1/LON2/DLON/H
  222  225  220  216  214  212  213  212  211  206  199  189  178  167  156  148
  143  142  144  148  153  158  162  165  167  169  171  175  180  187  196  205
  215  224  232  239  245  251  256  263  270  278  286  295  304  311  318  322
  324  324  322  318  312  307  301  295  290  286  282  279  276  272  269  267
  264  261  255  251  243  238  238  244  222                                   
    65.0-180.0 180.0   5.0 450.0                            LAT/LON1/LON2/DLON/H
  220  221  214  209  206  203  205  206  206  203  198  189  178  165  153  142
  136  133  134  139  144  149  154  157  159  160  163  167  174  182  192  203
  213  223  231  238  244  249  256  263  272  281  291  302  311  319  326  329
  330  327  323  317  309  301  294  288  282  277  273  270  267  264  261  258
  256  254  250  248  242  238  239  245  220                                   
    62.5-180.0 180.0   5.0 450.0                            LAT/LON1/LON2/DLON/H
  221  220  212  204  198  195  196  197  200  199  195  189  178  166  152  141
  132  128  128  132  137  142  147  150  151  153  156  161  168  178  188  200
  211  220  228  235  240  246  253  261  271  283  295  306  317  326  331  334
  333  330  324  316  308  299  291  284  278  273  269  266  262  258  254  252
  249  248  245  245  240  238  240  247  221                                   
    60.0-180.0 180.0   5.0 450.0                            LAT/LON1/LON2/DLON/H
  226  223  214  203  194  188  188  188  191  191  190  186  177  166  153  140
  131  126  125  127  132  137  141  143  145  147  151  156  164  174  185  196
  207  216  224  230  236  242  249  258  270  283  296  309  321  329  335  338
  337  333  327  319  311  303  295  289  283  278  273  269  264  259  254  250
  246  245  242  243  241  241  244  250  226                                   
    57.5-180.0 180.0   5.0 450.0                            LAT/LON1/LON2/DLON/H
  238  234  224  210  198  189  186  183  184  183  182  180  173  164  152  140
  131  125  123  125  129  133  137  140  142  144  148  153  161  171  182  193
  203  212  220  226  232  239  247  257  269  283  297  311  323  332  339  342
  341  339  334  328  321  315  308  303  298  293  288  282  276  269  262  255
  250  247  244  245  245  247  251  257  238                                   
    55.0-180.0 180.0   5.0 450.0                            LAT/LON1/LON2/DLON/H
  256  253  243  227  213  199  192  184  181  177  175  172  167  159  150  140
  131  126  124  125  129  132  136  139  141  144  148  154  161  170  180  190
  200  209  217  224  231  238  246  257  270  284  298  313  325  335  342  347
  348  348  346  342  338  334  330  325  320  315  309  303  295  285  276  268
  260  256  251  252  252  257  261  267  256                                   
    52.5-180.0 180.0   5.0 450.0                            LAT/LON1/LON2/DLON/H
  279  277  268  253  238  221  209  196  186  177  170  165  160  154  147  139
  132  128  127  128  131  134  138  141  144  148  152  158  164  172  180  189
  198  208  217  225  233  241  250  260  272  286  301  315  327  338  347  353
  357  360  361  361  360  358  355  351  347  341  335  327  317  306  296  285
  276  270  264  263  264  269  274  280  279                                   
    50.0-180.0 180.0   5.0 450.0                            LAT/LON1/LON2/DLON/H
  302  303  296  283  269  252  236  218  201  185  172  163  155  149  144  138
  134  132  132  134  136  139  143  146  151  155  160  165  171  176  183  190
  199  209  219  229  238  248  257  267  278  291  304  318  331  343  353  361
  368  374  378  380  382  381  380  377  372  366  358  349  339  327  316  305
  295  288  281  279  278  284  288  293  302                                   
    47.5-180.0 180.0   5.0 450.0                            LAT/LON1/LON2/DLON/H
  321  326  321  312  302  286  268  246  223  200  180  165  155  148  143  140
  138  138  139  142  144  147  150  154  160  166  171  176  180  184  188  194
  202  213  224  236  247  257  267  276  287  298  310  323  336  349  360  371
  380  388  394  398  401  401  400  396  391  385  376  366  356  345  334  325
  316  308  300  296  294  298  301  306  321                                   
    45.0-180.0 180.0   5.0 450.0                            LAT/LON1/LON2/DLON/H
  333  339  337  332  327  315  298  275  248  220  194  174  160  151  146  144
  144  146  149  151  153  156  159  164  170  178  184  189  192  194  196  201
  208  219  232  245  258  269  279  288  298  308  319  331  344  357  369  381
  392  401  408  413  416  417  415  411  406  398  389  379  369  359  350  343
  336  330  322  316  312  313  315  317  333                                   
    42.5-180.0 180.0   5.0 450.0                            LAT/LON1/LON2/DLON/H
  338  343  341  339  338  330  317  296  270  239  210  187  170  159  153  152
  153  156  160  162  164  165  169  174  183  192  199  204  205  205  206  209
  216  227  240  255  269  282  292  302  311  320  330  341  354  367  380  393
  404  414  422  427  431  431  430  426  421  413  404  393  383  374  367  363
  358  354  347  339  332  329  329  327  338                                   
    40.0-180.0 180.0   5.0 450.0                            LAT/LON1/LON2/DLON/H
  338  340  336  332  333  328  319  303  280  252  223  200  182  170  164  163
  164  168  172  174  175  176  179  186  196  206  214  219  220  218  218  220
  226  235  248  264  279  293  305  315  325  334  344  354  366  380  393  406
  418  428  437  444  449  452  452  449  445  438  429  418  407  398  391  387
  384  381  375  365  356  349  345  339  338                                   
    37.5-180.0 180.0   5.0 450.0                            LAT/LON1/LON2/DLON/H
  341  337  328  317  316  311  304  293  276  254  230  210  193  182  176  175
  177  180  184  186  186  188  192  200  211  222  230  234  234  232  230  231
  235  243  255  270  286  301  316  328  339  349  358  369  380  393  407  420
  433  445  456  467  476  483  487  489  487  482  473  461  448  436  427  422
  418  414  408  396  386  376  368  357  341                                   
    35.0-180.0 180.0   5.0 450.0                            LAT/LON1/LON2/DLON/H
  353  342  325  305  298  288  280  272  260  245  229  214  202  193  188  187
  188  192  195  197  198  201  207  217  229  240  247  249  247  244  241  240
  243  249  259  273  289  306  323  338  351  362  372  382  394  406  421  435
  451  466  482  498  514  528  539  547  550  547  539  526  510  493  479  469
  462  456  449  435  423  411  398  383  353                                   
    32.5-180.0 180.0   5.0 450.0                            LAT/LON1/LON2/DLON/H
  382  364  337  308  291  273  259  249  240  231  222  215  208  202  198  197
  199  202  206  209  211  217  225  237  250  259  263  262  257  253  249  248
  248  252  260  272  288  307  326  343  359  372  383  393  405  418  434  451
  470  491  513  538  563  587  608  623  632  634  626  611  591  568  547  530
  517  508  499  482  468  455  437  419  382                                   
    30.0-180.0 180.0   5.0 450.0                            LAT/LON1/LON2/DLON/H
  431  409  372  333  305  277  254  238  228  221  216  214  212  209  206  205
  207  210  214  219  225  234  247  261  272  278  277  272  265  258  254  251
  249  250  256  267  283  302  323  343  361  376  389  400  412  426  445  467
  491  519  550  584  620  655  686  711  727  732  727  710  685  656  627  601
  580  566  554  534  519  505  483  464  431                                   
    27.5-180.0 180.0   5.0 450.0                            LAT/LON1/LON2/DLON/H
  497  475  433  387  348  311  276  251  234  224  219  218  218  216  214  212
  213  216  221  228  239  252  269  284  294  296  289  278  268  259  253  249
  245  243  246  256  272  293  315  337  357  374  389  401  415  432  455  482
  513  548  588  632  678  723  763  796  818  828  824  807  779  745  708  673
  644  625  610  587  570  555  532  512  497                                   
    25.0-180.0 180.0   5.0 450.0                            LAT/LON1/LON2/DLON/H
  571  556  512  466  420  377  331  294  267  248  238  233  230  226  222  219
  218  220  226  236  251  270  290  306  313  308  295  279  265  255  247  240
  234  231  232  241  258  278  301  325  347  367  384  399  416  436  463  496
  533  575  622  673  725  776  821  858  884  897  896  881  853  817  776  734
  699  674  656  631  613  597  579  559  571                                   
    22.5-180.0 180.0   5.0 450.0                            LAT/LON1/LON2/DLON/H
  641  637  597  558  511  469  415  366  327  296  275  262  252  244  235  229
  225  226  232  244  262  284  306  321  323  313  295  274  257  244  235  226
  218  213  214  223  240  261  285  309  334  356  376  395  415  440  472  509
  550  596  646  698  751  801  845  881  907  922  925  914  890  857  817  773
  734  705  686  660  642  626  617  598  641                                   
    20.0-180.0 180.0   5.0 450.0                            LAT/LON1/LON2/DLON/H
  691  697  667  642  602  566  512  458  407  364  330  305  286  270  255  244
  237  235  240  252  271  294  315  327  325  309  286  263  244  230  218  207
  197  192  193  203  221  243  268  294  320  346  370  393  417  446  481  521
  564  610  657  706  753  796  833  863  886  901  907  902  885  859  825  784
  746  717  697  673  655  640  640  623  691                                   
    17.5-180.0 180.0   5.0 450.0                            LAT/LON1/LON2/DLON/H
  712  722  704  695  667  645  599  547  492  440  394  357  328  303  282  266
  255  250  252  262  279  300  317  324  316  296  271  246  227  212  199  186
  175  170  172  184  203  226  252  280  309  338  366  393  421  454  491  533
  575  617  657  697  734  766  793  814  832  846  854  855  848  831  806  774
  741  715  696  673  656  642  648  634  712                                   
    15.0-180.0 180.0   5.0 450.0                            LAT/LON1/LON2/DLON/H
  703  709  700  702  689  682  651  608  557  503  452  408  371  340  314  293
  278  270  268  274  287  302  313  313  299  276  249  226  208  193  179  165
  154  148  152  165  186  211  239  270  302  335  367  398  429  464  503  543
  583  619  651  680  705  725  741  754  766  778  788  795  795  788  774  752
  728  706  689  668  653  637  645  633  703                                   
    12.5-180.0 180.0   5.0 450.0                            LAT/LON1/LON2/DLON/H
  673  668  660  666  664  668  653  624  584  536  487  444  406  373  346  323
  305  293  287  287  293  301  303  295  275  250  225  204  189  175  161  146
  134  129  134  149  172  199  230  264  300  336  372  405  439  475  513  552
  588  618  642  662  676  686  694  701  710  721  732  741  746  747  742  729
  714  698  684  665  650  632  638  628  673                                   
    10.0-180.0 180.0   5.0 450.0                            LAT/LON1/LON2/DLON/H
  636  616  603  604  604  613  608  593  566  531  492  456  423  395  370  348
  330  316  306  300  298  295  288  271  247  222  200  183  171  159  144  129
  117  114  120  136  160  190  223  259  299  339  377  412  446  482  519  556
  589  615  635  649  657  662  666  671  678  688  699  709  717  722  722  716
  707  696  685  667  653  632  635  627  636                                   
     7.5-180.0 180.0   5.0 450.0                            LAT/LON1/LON2/DLON/H
  604  571  548  536  531  535  534  528  513  491  466  442  420  400  382  364
  348  333  320  308  297  285  268  245  219  195  177  164  155  143  129  114
