data/edconvlstm_nd/pred2700.15i
     1.0            IONOSPHERE MAPS     GNSS                IONEX VERSION / TYPE
pyspatialgeodesy        IME             05-JAN-18 20:20     PGM / RUN BY / DATE 
Map Name                                                    COMMENT             
Predicted global ionosphere maps (GIM).                     DESCRIPTION         
  2015     9    27     0     0     0                        EPOCH OF FIRST MAP  
  2015     9    28     0     0     0                        EPOCH OF LAST MAP   
  7200                                                      INTERVAL            
    13                                                      # OF MAPS IN FILE   
  NONE                                                      MAPPING FUNCTION    
10.0                                                        ELEVATION CUTOFF    
One-way carrier phase leveled to code                       OBSERVABLES USED    
  6371.0                                                    BASE RADIUS         
 2                                                          MAP DIMENSION       
   450.0 450.0   0.0                                        HGT1 / HGT2 / DHGT  
    87.5 -87.5  -2.5                                        LAT1 / LAT2 / DLAT  
  -180.0 180.0   5.0                                        LON1 / LON2 / DLON  
    -1                                                      EXPONENT            
                                                            END OF HEADER       
[from data line 2574]
     7                                                      START OF TEC MAP    
  2015     9    27    12     0     0                        EPOCH OF CURRENT MAP
    87.5-180.0 180.0   5.0 450.0                            LAT/LON1/LON2/DLON/H
   81   88   87   93   97   98   98   95   97  101  101  103  104  106  107  108
  109  110  111  111  112  112  113  113  114  114  114  115  115  115  116  116
  116  115  115  115  114  113  113  112  111  110  109  108  107  107  106  105
  104  103  102  101  100   99   98   97   96   95   94   93   92   92   91   90
   90   91   88   85   89   87   99  100   81                                   
    85.0-180.0 180.0   5.0 450.0                            LAT/LON1/LON2/DLON/H
   78   86   97   87   89   94   95   97   99  102  103  106  107  109  110  111
  112  114  115  115  116  117  118  119  120  120  121  122  123  123  124  124
  124  124  124  123  123  122  121  119  118  117  115  114  112  111  110  109
  107  106  105  104  103  102  100   99   98   97   96   95   94   93   92   91
   91   91   85   81   80   82   91   93   78                                   
    82.5-180.0 180.0   5.0 450.0                            LAT/LON1/LON2/DLON/H
   64   75   82   76   77   82   85   88   90   93   95   98   99  101  103  104
  106  107  108  109  110  112  113  114  116  117  119  120  122  124  125  126
  127  127  128  127  127  126  124  123  122  120  118  116  115  113  111  110
  108  107  105  104  102  101   99   98   96   95   93   92   90   88   86   85
   84   83   78   74   74   79   76   76   64                                   
    80.0-180.0 180.0   5.0 450.0                            LAT/LON1/LON2/DLON/H
   53   57   66   62   63   64   68   72   76   80   82   85   87   90   92   93
   95   97   98   99  101  102  104  106  108  110  113  115  118  120  123  124
  126  127  127  127  126  125  123  122  120  118  116  113  111  109  108  106
  104  103  101  100   98   97   95   93   91   89   87   85   82   79   77   74
   73   70   67   64   62   66   67   68   53                                   
    77.5-180.0 180.0   5.0 450.0                            LAT/LON1/LON2/DLON/H
   49   49   53   50   50   53   56   61   65   68   71   75   78   80   83   85
   88   90   92   94   96   98  100  103  106  109  113  116  120  124  127  130
  132  133  134  134  133  131  130  128  125  123  121  118  116  115  113  111
  110  109  107  106  104  102  100   98   95   92   89   85   82   78   74   70
   67   63   59   57   55   52   54   58   49                                   
    75.0-180.0 180.0   5.0 450.0                            LAT/LON1/LON2/DLON/H
   38   40   41   41   41   43   46   49   53   58   60   64   67   71   74   77
   79   82   85   87   90   93   96   99  103  107  112  117  121  126  130  133
  136  138  138  138  138  136  134  132  130  128  127  125  123  122  120  119
  118  117  115  113  112  109  107  104  101   97   93   89   84   80   75   71
   66   61   57   51   51   46   47   45   38                                   
    72.5-180.0 180.0   5.0 450.0                            LAT/LON1/LON2/DLON/H
   34   36   36   37   36   39   42   45   48   51   54   58   62   66   69   73
   76   80   83   86   90   93   97  101  105  110  115  121  126  131  136  140
  143  145  146  146  145  144  142  140  139  138  137  136  135  134  133  132
  131  129  127  125  122  119  116  112  108  103   99   94   90   85   80   75
   70   64   60   53   51   47   46   47   34                                   
    70.0-180.0 180.0   5.0 450.0                            LAT/LON1/LON2/DLON/H
   35   35   36   36   35   35   37   40   43   46   49   53   57   61   65   69
   73   77   81   85   89   93   98  102  107  113  118  124  130  136  141  145
  148  150  151  150  149  147  146  145  144  144  144  144  144  144  143  142
  140  138  135  132  128  124  119  115  110  105  101   96   92   87   83   78
   73   68   64   57   54   49   51   52   35                                   
    67.5-180.0 180.0   5.0 450.0                            LAT/LON1/LON2/DLON/H
   35   37   37   37   36   36   37   39   41   43   46   50   54   58   63   67
   72   77   81   86   91   96  100  105  110  115  121  127  133  139  144  148
  151  153  153  152  151  149  148  147  147  148  149  151  151  152  151  150
  147  144  140  136  130  125  119  114  108  103   99   95   91   88   84   81
   77   72   69   62   58   54   53   52   35                                   
    65.0-180.0 180.0   5.0 450.0                            LAT/LON1/LON2/DLON/H
   38   40   39   39   36   36   36   37   39   41   43   47   50   55   59   64
   69   74   80   85   90   95  101  106  111  116  122  128  134  140  146  150
  154  155  155  154  152  150  149  149  149  151  153  155  157  157  156  154
  151  147  141  135  129  122  115  109  103   98   94   91   89   86   84   82
   79   75   73   66   62   59   58   58   38                                   
    62.5-180.0 180.0   5.0 450.0                            LAT/LON1/LON2/DLON/H
   40   41   40   40   37   37   36   36   36   38   40   43   46   50   55   60
   65   70   75   81   86   92   98  103  109  114  120  126  133  139  146  151
  155  156  156  155  152  150  149  149  150  152  154  156  158  158  157  154
  151  145  139  132  124  117  109  102   97   92   89   86   85   83   81   80
   78   75   73   67   63   60   59   59   40                                   
    60.0-180.0 180.0   5.0 450.0                            LAT/LON1/LON2/DLON/H
   43   42   40   40   37   35   34   33   33   34   35   38   41   45   48   53
   57   62   68   73   79   85   91   97  103  108  114  121  128  136  144  151
  156  158  158  156  154  151  149  149  150  152  154  155  156  156  155  151
  147  141  135  127  119  111  104   97   92   88   85   83   81   80   78   77
   74   71   70   64   61   58   57   57   43                                   
    57.5-180.0 180.0   5.0 450.0                            LAT/LON1/LON2/DLON/H
   46   42   41   41   37   36   34   32   31   32   32   35   37   40   43   46
   50   55   60   65   71   77   84   90   97  103  110  117  126  135  144  153
  160  164  164  163  160  157  154  153  154  155  156  157  157  156  154  151
  147  141  135  128  120  112  105   99   95   92   89   87   85   83   80   78
   74   71   69   63   60   56   55   56   46                                   
    55.0-180.0 180.0   5.0 450.0                            LAT/LON1/LON2/DLON/H
   50   45   44   44   40   38   35   33   31   31   31   32   34   36   38   41
   44   48   52   57   64   70   78   85   92   99  107  115  124  135  147  158
  166  172  174  173  170  166  163  161  161  161  161  161  160  159  156  153
  149  144  139  133  126  119  113  108  104  102  100   98   95   92   87   83
   78   73   70   64   61   56   54   55   50                                   
    52.5-180.0 180.0   5.0 450.0                            LAT/LON1/LON2/DLON/H
   58   52   51   50   45   43   40   37   34   33   32   33   33   34   35   37
   40   43   48   53   59   67   75   83   91   99  107  116  126  138  151  164
  175  182  185  185  182  179  175  173  171  170  169  168  166  164  161  158
  155  152  148  143  138  132  126  122  118  117  115  114  111  106  100   93
   86   80   76   70   66   60   57   58   58                                   
    50.0-180.0 180.0   5.0 450.0                            LAT/LON1/LON2/DLON/H
   66   61   60   60   55   53   49   45   41   39   37   36   35   34   35   36
   39   42   47   52   59   67   76   85   94  102  111  119  130  142  157  171
  184  193  198  199  197  194  190  187  184  182  179  177  174  171  169  167
  165  163  160  156  151  146  140  136  133  132  132  131  128  122  115  107
   98   91   86   80   75   69   65   65   66                                   
    47.5-180.0 180.0   5.0 450.0                            LAT/LON1/LON2/DLON/H
   76   72   71   71   67   65   61   56   52   48   45   42   40   38   38   38
   41   44   49   56   63   72   81   91  101  109  117  125  135  147  161  177
  191  202  209  212  212  210  207  203  199  195  191  187  184  181  178  176
  175  173  171  168  163  157  151  146  144  144  144  144  141  136  129  120
  111  103   98   91   87   81   78   76   76                                   
    45.0-180.0 180.0   5.0 450.0                            LAT/LON1/LON2/DLON/H
   84   83   82   82   79   78   73   69   64   61   57   53   49   46   44   44
   46   50   56   63   71   80   90  100  110  118  125  132  140  151  164  180
  195  208  218  225  228  228  225  221  216  210  205  199  194  190  187  185
  183  181  179  174  169  161  154  149  147  147  149  150  149  145  138  130
  122  114  108  102   99   94   92   88   84                                   
    42.5-180.0 180.0   5.0 450.0                            LAT/LON1/LON2/DLON/H
   88   90   89   91   88   88   84   81   77   74   70   66   62   58   55   54
   56   59   65   73   81   90  100  110  119  127  133  138  145  153  165  181
  197  213  227  237  244  247  246  241  235  227  219  211  205  199  195  191
  188  185  181  175  168  159  151  145  142  143  145  148  149  147  142  136
  128  121  116  110  107  105  104   99   88                                   
    40.0-180.0 180.0   5.0 450.0                            LAT/LON1/LON2/DLON/H
   87   92   91   94   93   94   91   89   87   85   83   80   76   72   69   67
   67   70   76   84   92  100  109  118  127  134  139  143  148  155  166  182
  201  220  238  253  264  269  269  265  256  246  235  225  216  209  202  197
  191  186  181  174  165  154  144  137  134  135  138  142  144  144  141  137
  131  125  119  114  111  110  110  105   87                                   
    37.5-180.0 180.0   5.0 450.0                            LAT/LON1/LON2/DLON/H
   83   89   88   92   92   94   94   93   93   93   93   92   90   87   83   80
   80   82   87   94  101  109  117  124  132  139  144  147  151  158  170  187
  209  233  256  275  289  297  297  292  282  268  254  241  230  221  212  205
  198  191  184  176  166  155  144  135  132  132  135  138  141  142  141  138
  133  127  121  114  111  110  110  105   83                                   
    35.0-180.0 180.0   5.0 450.0                            LAT/LON1/LON2/DLON/H
   77   82   82   85   86   90   91   93   95   97  100  102  102  101   97   94
   91   92   96  103  110  116  122  129  135  142  147  152  157  165  179  199
  225  254  282  305  322  331  331  324  311  295  279  263  249  238  229  220
  212  205  198  190  181  169  157  148  143  142  144  145  146  146  146  144
  138  131  123  115  109  107  106  102   77                                   
    32.5-180.0 180.0   5.0 450.0                            LAT/LON1/LON2/DLON/H
   72   76   77   78   79   83   86   89   93   97  102  107  111  112  110  105
  102  101  104  110  117  122  127  132  138  145  152  158  165  176  194  219
  250  284  317  343  362  370  369  360  346  327  308  291  276  264  255  246
  239  233  227  221  213  202  191  181  175  172  171  169  167  164  162  158
  152  142  131  119  110  104  102   97   72                                   
    30.0-180.0 180.0   5.0 450.0                            LAT/LON1/LON2/DLON/H
   72   74   73   73   73   77   81   84   89   94  101  109  115  119  118  114
  109  108  111  117  123  128  132  137  143  150  159  167  178  193  215  246
  283  322  358  386  404  412  409  398  382  362  342  324  310  299  291  284
  279  276  273  270  264  255  245  235  227  222  217  210  203  197  191  185
  175  162  147  130  117  105  101   95   72                                   
    27.5-180.0 180.0   5.0 450.0                            LAT/LON1/LON2/DLON/H
   78   77   75   72   71   74   78   81   86   91   97  106  115  121  122  118
  114  112  115  122  130  135  139  143  149  157  167  179  193  213  242  278
  320  363  400  428  445  449  445  433  416  397  379  363  351  342  337  334
  332  332  333  333  330  323  314  304  295  286  277  265  253  241  231  221
  208  192  173  151  133  115  106   99   78                                   
    25.0-180.0 180.0   5.0 450.0                            LAT/LON1/LON2/DLON/H
   91   87   83   76   74   76   79   81   84   87   92  101  110  118  120  118
  114  113  118  126  135  142  146  151  157  166  178  193  212  237  271  312
  358  401  437  463  476  478  471  459  445  429  415  402  394  390  389  390
  393  396  401  404  403  397  387  376  365  353  339  323  305  289  275  262
  246  228  205  180  158  133  120  110   91                                   
    22.5-180.0 180.0   5.0 450.0                            LAT/LON1/LON2/DLON/H
  111  104   97   87   81   82   84   84   84   85   88   94  103  110  114  112
  110  111  118  128  139  147  153  159  166  177  190  208  231  262  300  344
  390  431  464  485  494  492  485  474  464  454  445  439  437  437  441  446
  452  458  465  468  467  461  451  437  423  408  390  370  349  329  313  298
  281  262  239  214  189  160  141  128  111                                   
    20.0-180.0 180.0   5.0 450.0                            LAT/LON1/LON2/DLON/H
  133  125  115  102   93   90   92   89   87   86   85   88   94  101  104  104
  104  107  115  128  141  151  159  166  175  187  204  224  251  285  325  369
  413  450  477  492  495  491  484  477  472  470  469  470  473  478  485  493
  500  506  512  514  511  502  489  473  455  437  417  395  373  352  335  321
  305  290  268  247  222  191  167  153  133                                   
    17.5-180.0 180.0   5.0 450.0                            LAT/LON1/LON2/DLON/H
  154  148  134  119  106  101  100   96   92   88   84   84   87   91   94   95
   96  102  112  126  141  153  163  173  184  199  217  241  270  305  345  387
  425  456  476  484  484  479  473  471  473  478  484  492  500  508  516  523
  529  532  534  533  526  514  497  477  457  436  415  393  372  353  338  325
  314  304  288  273  250  221  195  179  154                                   
    15.0-180.0 180.0   5.0 450.0                            LAT/LON1/LON2/DLON/H
  173  168  153  135  118  110  107  102   97   92   85   82   82   84   86   88
   91   98  109  124  139  153  165  178  192  210  231  257  287  322  360  397
  429  452  465  469  466  461  458  461  470  482  495  507  517  526  532  536
  537  536  533  527  516  500  479  456  432  410  389  369  350  334  322  312
  306  303  296  289  271  245  220  203  173                                   
    12.5-180.0 180.0   5.0 450.0                            LAT/LON1/LON2/DLON/H
  188  183  167  149  129  117  112  107  101   96   89   84   81   81   82   84
   88   96  108  123  138  153  167  183  200  221  245  272  302  336  370  402
  427  444  452  452  448  445  447  455  469  486  502  516  527  533  535  534
  530  524  516  505  490  471  447  421  395  372  350  332  316  302  293  287
  285  290  292  293  281  261  239  221  188                                   
    10.0-180.0 180.0   5.0 450.0                            LAT/LON1/LON2/DLON/H
  199  194  178  158  136  121  114  108  103   99   93   88   84   83   82   84
   89   98  110  124  139  154  170  188  209  233  259  287  317  348  378  404
  424  437  441  440  438  439  445  458  475  494  510  523  531  533  530  524
  515  504  492  479  461  440  415  388  361  335  313  295  281  269  262  258
  260  271  280  288  283  268  251  231  199                                   
     7.5-180.0 180.0   5.0 450.0                            LAT/LON1/LON2/DLON/H
  207  201  186  164  142  123  114  107  103  101   97   93   90   87   87   88
   93  102  114  128  142  158  175  196  219  245  274  302  331  359  385  407
