data/edconvlstm_nd/pred0180.15i
     1.0            IONOSPHERE MAPS     GNSS                IONEX VERSION / TYPE
pyspatialgeodesy        IME             05-JAN-18 20:20     PGM / RUN BY / DATE 
Map Name                                                    COMMENT             
Predicted global ionosphere maps (GIM).                     DESCRIPTION         
  2015     1    18     0     0     0                        EPOCH OF FIRST MAP  
  2015     1    19     0     0     0                        EPOCH OF LAST MAP   
  7200                                                      INTERVAL            
    13                                                      # OF MAPS IN FILE   
  NONE                                                      MAPPING FUNCTION    
10.0                                                        ELEVATION CUTOFF    
One-way carrier phase leveled to code                       OBSERVABLES USED    
  6371.0                                                    BASE RADIUS         
 2                                                          MAP DIMENSION       
   450.0 450.0   0.0                                        HGT1 / HGT2 / DHGT  
    87.5 -87.5  -2.5                                        LAT1 / LAT2 / DLAT  
  -180.0 180.0   5.0                                        LON1 / LON2 / DLON  
    -1                                                      EXPONENT            
                                                            END OF HEADER       
[from data line 3003]
     8                                                      START OF TEC MAP    
  2015     1    18    14     0     0                        EPOCH OF CURRENT MAP
    87.5-180.0 180.0   5.0 450.0                            LAT/LON1/LON2/DLON/H
   78   85   85   91   95   94   94   91   92   94   93   93   92   92   91   90
   89   88   87   86   84   83   81   80   78   77   75   74   73   71   70   69
   67   66   65   64   64   63   62   62   61   61   61   61   62   62   63   64
   64   65   66   68   69   70   71   72   74   75   76   77   78   79   80   81
   83   84   82   80   84   84   96   95   78                                   
    85.0-180.0 180.0   5.0 450.0                            LAT/LON1/LON2/DLON/H
   80   87   99   87   89   93   93   94   95   97   96   96   96   95   95   94
   93   92   90   89   88   86   84   83   81   80   78   76   75   73   72   70
   68   67   65   64   63   62   61   60   59   59   59   59   59   60   61   62
   63   64   66   67   69   70   72   74   75   77   78   80   81   82   83   84
   86   87   83   80   82   86   92   92   80                                   
    82.5-180.0 180.0   5.0 450.0                            LAT/LON1/LON2/DLON/H
   68   76   81   76   78   81   83   85   86   88   88   89   89   89   88   87
   86   85   83   82   80   78   77   75   73   71   70   68   66   65   63   61
   59   57   56   54   52   51   49   48   47   46   45   45   45   45   46   47
   48   49   51   53   54   56   58   60   62   64   66   67   69   70   72   73
   75   76   73   71   75   85   82   82   68                                   
    80.0-180.0 180.0   5.0 450.0                            LAT/LON1/LON2/DLON/H
   59   63   69   64   66   66   69   71   75   77   78   80   80   81   81   80
   80   79   77   76   74   73   71   70   68   67   66   64   63   62   60   59
   57   55   53   51   49   47   45   43   41   39   38   37   37   37   37   38
   40   41   43   45   47   49   51   54   56   58   59   61   63   64   65   66
   67   67   66   65   65   72   71   75   59                                   
    77.5-180.0 180.0   5.0 450.0                            LAT/LON1/LON2/DLON/H
   60   57   56   52   54   55   58   61   65   68   69   72   74   75   76   77
   76   76   75   74   73   72   71   70   69   69   68   67   67   66   65   64
   63   62   60   58   55   52   49   46   43   41   38   37   35   35   35   36
   37   39   41   43   45   48   50   52   54   56   58   59   60   61   61   62
   62   61   60   59   58   57   59   62   60                                   
    75.0-180.0 180.0   5.0 450.0                            LAT/LON1/LON2/DLON/H
   46   46   43   42   44   45   47   49   54   57   60   63   66   68   70   71
   72   72   73   73   74   74   75   76   76   77   77   78   79   80   80   80
   80   80   78   76   74   70   66   62   58   54   51   48   45   44   43   42
   43   44   45   47   49   51   53   54   56   57   58   59   60   60   59   59
   58   57   55   52   53   48   47   42   46                                   
    72.5-180.0 180.0   5.0 450.0                            LAT/LON1/LON2/DLON/H
   40   40   37   38   38   40   42   45   48   51   54   58   61   64   67   69
   71   72   74   76   78   80   83   85   87   89   91   93   95   97   98  100
  101  101  100   98   95   91   86   81   76   71   66   61   58   54   52   50
   49   49   49   50   50   51   52   53   54   55   56   56   57   57   56   55
   54   52   51   48   48   45   45   42   40                                   
    70.0-180.0 180.0   5.0 450.0                            LAT/LON1/LON2/DLON/H
   37   39   38   38   38   39   39   42   45   49   52   56   59   62   65   67
   70   73   76   80   85   90   95  100  104  108  111  114  117  120  123  126
  128  129  128  126  122  117  111  105   99   93   87   81   76   71   67   63
   60   57   56   55   54   53   53   53   53   53   54   54   54   54   54   54
   52   51   50   47   47   45   48   45   37                                   
    67.5-180.0 180.0   5.0 450.0                            LAT/LON1/LON2/DLON/H
   36   41   41   43   43   44   45   47   49   52   54   58   61   64   66   69
   72   75   79   85   91   99  106  113  119  125  129  133  137  141  145  148
  151  152  151  148  144  138  131  125  118  112  106  100   93   87   80   74
   68   63   60   56   54   52   51   50   49   49   49   50   51   51   52   52
   51   50   50   46   47   47   48   44   36                                   
    65.0-180.0 180.0   5.0 450.0                            LAT/LON1/LON2/DLON/H
   35   43   44   47   46   48   48   50   51   53   56   58   61   63   65   68
   71   75   80   87   96  106  115  125  133  141  147  152  157  162  166  170
  173  174  173  169  163  156  149  142  136  130  124  118  110  101   92   82
   74   66   60   55   51   47   45   43   42   41   42   43   44   45   46   47
   48   47   48   46   48   49   51   49   35                                   
    62.5-180.0 180.0   5.0 450.0                            LAT/LON1/LON2/DLON/H
   34   44   45   48   48   50   50   51   52   54   56   58   60   62   64   66
   69   73   79   87   97  109  120  132  142  151  159  166  172  178  183  187
  190  190  188  183  175  167  159  153  147  142  137  130  121  110   98   86
   74   64   56   49   44   40   36   34   33   32   33   34   36   38   40   41
   42   42   43   42   44   46   48   48   34                                   
    60.0-180.0 180.0   5.0 450.0                            LAT/LON1/LON2/DLON/H
   32   42   43   47   46   47   47   48   49   50   52   54   56   58   59   61
   64   69   75   84   96  108  121  134  147  158  168  176  184  190  196  200
  203  203  200  193  184  175  166  160  155  151  147  140  130  117  102   87
   73   61   51   44   38   33   29   27   25   25   26   28   30   32   34   35
   35   35   37   36   40   41   43   45   32                                   
    57.5-180.0 180.0   5.0 450.0                            LAT/LON1/LON2/DLON/H
   31   38   39   43   43   44   44   44   45   46   48   50   52   53   54   56
   60   65   73   83   94  108  122  136  150  164  176  186  195  203  209  214
  216  216  212  204  194  184  175  169  165  162  158  152  140  125  108   91
   76   63   53   45   39   34   30   27   25   25   26   27   30   31   33   34
   34   33   35   34   37   37   39   42   31                                   
    55.0-180.0 180.0   5.0 450.0                            LAT/LON1/LON2/DLON/H
   31   36   36   39   39   40   40   40   41   42   44   45   47   48   50   52
   57   63   72   83   95  109  124  139  154  169  183  196  206  214  221  226
  228  228  223  215  205  194  185  179  176  174  171  164  152  135  117   99
   83   70   61   53   47   42   38   34   32   31   31   32   34   36   37   37
   37   36   37   36   39   37   37   40   31                                   
    52.5-180.0 180.0   5.0 450.0                            LAT/LON1/LON2/DLON/H
   34   36   34   38   38   39   39   39   39   40   41   42   43   45   47   50
   56   64   75   87  100  114  129  144  161  177  193  206  217  225  232  236
  239  238  234  227  217  206  197  192  189  188  184  177  164  146  128  110
   96   84   76   69   63   58   53   49   46   44   43   44   45   46   47   47
   46   45   46   45   46   42   40   42   34                                   
    50.0-180.0 180.0   5.0 450.0                            LAT/LON1/LON2/DLON/H
   42   41   37   40   40   42   41   41   41   42   42   42   43   44   46   51
   59   69   83   97  111  125  139  155  171  188  204  218  229  236  241  245
  247  247  244  237  228  219  211  206  203  201  197  188  175  158  140  125
  112  103   96   91   85   80   74   69   65   62   60   59   59   60   60   59
   58   58   60   58   59   54   50   49   42                                   
    47.5-180.0 180.0   5.0 450.0                            LAT/LON1/LON2/DLON/H
   52   50   44   47   47   50   48   48   48   48   47   47   46   46   49   55
   66   79   95  112  127  141  155  170  186  203  219  232  241  246  248  249
  250  251  249  245  239  231  224  219  215  212  206  197  184  168  153  140
  131  124  119  113  107  101   95   89   84   80   77   75   74   73   72   72
   71   71   73   73   74   70   66   61   52                                   
    45.0-180.0 180.0   5.0 450.0                            LAT/LON1/LON2/DLON/H
   64   61   55   58   58   61   59   58   57   57   56   54   53   53   56   64
   77   93  112  131  147  161  175  188  204  220  234  245  251  252  251  250
  250  250  251  250  247  242  236  231  226  221  214  204  191  177  164  154
  147  142  137  132  125  117  110  103   97   92   88   85   83   81   80   79
   79   80   83   84   88   86   82   75   64                                   
    42.5-180.0 180.0   5.0 450.0                            LAT/LON1/LON2/DLON/H
   74   73   67   71   71   73   70   69   69   68   67   65   63   63   67   76
   91  111  132  152  169  183  195  208  222  236  249  256  259  256  251  248
  247  248  251  254  254  252  247  242  236  229  221  211  199  186  175  166
  160  156  150  142  133  124  116  108  102   97   92   88   85   82   81   80
   80   82   85   88   94   96   94   88   74                                   
    40.0-180.0 180.0   5.0 450.0                            LAT/LON1/LON2/DLON/H
   80   81   77   81   81   82   80   79   79   79   77   76   74   75   80   91
  108  129  151  172  189  203  214  226  238  250  260  265  264  258  252  247
  246  250  255  261  264  265  262  257  250  242  233  223  211  198  187  178
  171  164  156  145  134  123  114  106  100   94   88   83   79   76   74   74
   74   75   79   84   91   97   96   92   80                                   
    37.5-180.0 180.0   5.0 450.0                            LAT/LON1/LON2/DLON/H
   81   84   82   88   87   87   85   85   85   86   86   85   84   87   94  107
  126  147  170  190  206  219  229  239  250  260  268  271  268  262  256  253
  255  261  269  277  283  285  284  278  271  263  254  244  232  219  206  194
  182  171  158  145  131  119  110  102   95   89   82   77   72   69   67   66
   66   66   70   74   81   88   90   89   81                                   
    35.0-180.0 180.0   5.0 450.0                            LAT/LON1/LON2/DLON/H
   79   83   82   88   87   86   85   85   87   89   91   92   93   98  107  122
  142  164  185  204  219  231  240  248  257  266  273  276  274  271  269  270
  276  285  296  306  313  317  316  311  304  296  288  278  266  251  234  216
  199  181  164  148  133  121  111  103   96   90   83   76   70   67   65   64
   62   61   63   64   71   75   78   80   79                                   
    32.5-180.0 180.0   5.0 450.0                            LAT/LON1/LON2/DLON/H
   77   80   79   84   83   81   79   81   84   88   92   95   99  107  119  136
  157  178  197  214  228  238  246  253  261  269  277  282  284  286  291  300
  312  325  339  350  357  360  358  354  348  341  334  325  312  294  272  249
  224  201  180  162  147  135  126  119  111  104   96   88   81   76   74   74
   71   68   66   64   66   66   69   72   77                                   
    30.0-180.0 180.0   5.0 450.0                            LAT/LON1/LON2/DLON/H
   79   80   76   81   79   75   73   74   79   84   90   96  102  113  128  147
  169  189  207  221  233  242  249  255  262  271  280  290  298  309  323  341
  361  380  396  406  412  413  410  406  400  395  389  381  367  347  321  291
  261  234  211  193  179  169  160  152  145  136  126  116  108  102  101  100
   98   93   87   78   75   68   68   68   79                                   
    27.5-180.0 180.0   5.0 450.0                            LAT/LON1/LON2/DLON/H
   87   85   78   82   78   73   70   70   74   79   86   93  102  115  133  155
  177  197  214  227  238  246  251  256  263  272  285  300  316  337  362  391
  421  446  463  471  473  470  466  460  455  452  447  440  426  404  374  341
  307  278  256  240  230  222  214  206  197  186  174  162  151  145  144  144
  141  135  125  110  101   85   79   72   87                                   
    25.0-180.0 180.0   5.0 450.0                            LAT/LON1/LON2/DLON/H
  103   96   85   88   85   79   75   72   74   78   84   91  100  115  135  158
  182  202  219  232  242  250  254  258  264  275  291  312  338  369  405  445
  483  512  530  535  532  525  517  511  507  504  501  495  481  458  428  393
  359  332  313  302  295  290  283  274  262  249  234  219  206  198  197  198
  197  191  177  158  140  116  102   87  103                                   
    22.5-180.0 180.0   5.0 450.0                            LAT/LON1/LON2/DLON/H
  124  113   98  100   97   91   86   81   81   82   85   91  100  114  135  159
  184  205  222  236  248  255  260  262  267  279  299  327  362  402  448  495
  538  570  586  587  580  569  559  551  546  544  542  537  524  503  474  441
  411  387  373  367  364  361  354  342  328  312  295  276  260  250  249  252
  253  249  232  213  188  156  134  111  124                                   
    20.0-180.0 180.0   5.0 450.0                            LAT/LON1/LON2/DLON/H
  147  132  112  113  111  105  100   94   91   90   91   95  103  116  135  160
  185  208  227  243  256  265  269  271  275  288  312  346  388  434  484  534
  579  610  624  622  611  597  585  576  571  568  566  562  551  532  506  478
  452  434  424  420  419  415  406  393  376  358  338  318  300  289  289  294
  299  299  281  263  233  197  169  141  147                                   
    17.5-180.0 180.0   5.0 450.0                            LAT/LON1/LON2/DLON/H
  166  149  127  124  122  117  113  106  102   99   99  101  108  120  139  163
  188  212  234  252  268  279  283  284  288  302  329  368  414  462  513  561
  603  631  642  637  624  609  597  587  581  577  574  569  559  543  522  499
  478  463  455  452  449  442  430  414  396  377  356  334  315  305  306  315
  323  328  313  297  266  230  201  169  166                                   
    15.0-180.0 180.0   5.0 450.0                            LAT/LON1/LON2/DLON/H
  175  159  137  132  129  124  122  115  110  106  106  108  115  128  146  170
  196  221  245  267  285  298  303  304  308  322  352  393  440  487  534  576
  612  634  641  635  622  608  596  586  579  573  569  563  554  541  523  505
  487  474  464  457  449  438  423  405  387  369  348  326  307  297  300  310
  322  330  320  307  279  246  219  188  175                                   
    12.5-180.0 180.0   5.0 450.0                            LAT/LON1/LON2/DLON/H
  173  161  141  133  130  125  125  118  113  111  110  115  123  136  156  180
  207  234  260  285  306  322  329  330  334  350  380  421  465  508  547  581
  608  624  627  621  610  598  588  580  573  566  560  553  543  531  515  499
  482  467  454  441  427  411  394  376  360  343  324  303  284  274  276  286
  299  308  302  291  269  242  220  191  173                                   
    10.0-180.0 180.0   5.0 450.0                            LAT/LON1/LON2/DLON/H
  163  153  137  128  125  120  122  116  113  112  113  119  130  146  168  194
  222  251  279  306  331  349  358  362  367  382  411  449  488  523  553  578
  597  608  609  604  595  587  581  575  568  562  554  546  535  521  505  488
  470  451  432  413  394  375  356  340  325  311  294  275  257  246  246  253
  263  271  266  257  241  222  204  179  163                                   
     7.5-180.0 180.0   5.0 450.0                            LAT/LON1/LON2/DLON/H
  147  141  127  117  115  110  114  111  110  110  114  123  137  157  181  210
  240  270  300  329  356  377  390  396  402  416  442  474  506  533  555  572
