data/edconvlstm_nd/pred2060.15i
     1.0            IONOSPHERE MAPS     GNSS                IONEX VERSION / TYPE
pyspatialgeodesy        IME             05-JAN-18 20:20     PGM / RUN BY / DATE 
Map Name                                                    COMMENT             
Predicted global ionosphere maps (GIM).                     DESCRIPTION         
  2015     7    25     0     0     0                        EPOCH OF FIRST MAP  
  2015     7    26     0     0     0                        EPOCH OF LAST MAP   
  7200                                                      INTERVAL            
    13                                                      # OF MAPS IN FILE   
  NONE                                                      MAPPING FUNCTION    
10.0                                                        ELEVATION CUTOFF    
One-way carrier phase leveled to code                       OBSERVABLES USED    
  6371.0                                                    BASE RADIUS         
 2                                                          MAP DIMENSION       
   450.0 450.0   0.0                                        HGT1 / HGT2 / DHGT  
    87.5 -87.5  -2.5                                        LAT1 / LAT2 / DLAT  
  -180.0 180.0   5.0                                        LON1 / LON2 / DLON  
    -1                                                      EXPONENT            
                                                            END OF HEADER       
[from data line 4719]
    12                                                      START OF TEC MAP    
  2015     7    25    22     0     0                        EPOCH OF CURRENT MAP
    87.5-180.0 180.0   5.0 450.0                            LAT/LON1/LON2/DLON/H
  141  128  114  122  124  122  123  121  121  123  123  124  124  124  124  124
  124  123  123  122  121  120  119  118  117  115  114  113  111  110  109  108
  107  105  104  103  102  102  101  100   99   99   98   98   97   97   96   96
   95   95   95   95   95   95   95   95   95   95   96   96   97   98   99   99
  100  102  102  104  117  116  129  134  141                                   
    85.0-180.0 180.0   5.0 450.0                            LAT/LON1/LON2/DLON/H
  139  135  139  131  129  133  134  136  137  139  139  140  140  140  140  140
  140  139  138  137  136  135  133  131  130  128  126  124  122  120  119  117
  115  114  112  111  110  109  108  107  106  105  104  104  103  102  102  101
  101  100  100  100   99   99   99   99  100  100  101  102  102  104  105  106
  109  110  110  110  116  116  119  120  139                                   
    82.5-180.0 180.0   5.0 450.0                            LAT/LON1/LON2/DLON/H
  120  122  125  123  124  128  133  133  133  135  136  138  138  139  139  139
  138  137  136  135  133  131  129  126  124  122  119  117  114  112  110  108
  106  104  103  102  101  100   99   98   97   96   96   95   94   94   93   93
   92   91   91   90   90   89   89   89   89   89   89   90   91   92   94   95
   97   99  100  105  112  122  116  117  120                                   
    80.0-180.0 180.0   5.0 450.0                            LAT/LON1/LON2/DLON/H
  110  115  122  120  121  122  129  132  135  137  139  141  141  142  142  142
  141  140  138  136  134  131  128  125  122  119  115  112  109  106  104  102
  100   98   97   96   96   95   95   94   94   93   93   92   92   92   91   90
   90   89   88   87   86   85   84   84   83   83   83   84   85   86   88   90
   93   95   97  101  104  107  107  115  110                                   
    77.5-180.0 180.0   5.0 450.0                            LAT/LON1/LON2/DLON/H
  114  110  119  117  122  124  130  133  135  137  139  141  142  143  143  143
  142  141  139  137  134  131  128  125  121  117  114  110  107  104  101   99
   98   97   97   97   97   97   98   98   98   98   98   98   98   98   98   97
   97   96   95   94   92   90   89   87   86   85   85   85   86   87   89   90
   93   95   97  101  107  106  111  123  114                                   
    75.0-180.0 180.0   5.0 450.0                            LAT/LON1/LON2/DLON/H
  112  109  113  111  115  120  124  127  131  135  137  139  140  141  141  140
  139  138  136  134  132  129  126  122  119  115  111  107  103  100   98   96
   96   96   97   98   99  100  100  101  101  102  102  102  102  103  103  103
  102  102  101   99   97   95   93   91   89   88   87   87   88   89   91   94
   95   98  100  100  103  101  104  106  112                                   
    72.5-180.0 180.0   5.0 450.0                            LAT/LON1/LON2/DLON/H
  109  104  108  112  112  116  122  124  126  130  132  134  135  136  136  136
  135  133  132  130  128  125  122  118  114  110  105  101   97   94   91   90
   91   92   93   95   97   99  100  101  102  102  102  102  102  103  103  104
  104  104  104  102  101   98   96   93   91   89   88   88   89   90   92   94
   96   98  100   98   99   98  102  110  109                                   
    70.0-180.0 180.0   5.0 450.0                            LAT/LON1/LON2/DLON/H
  109  103  104  106  105  109  113  117  121  124  127  129  131  131  131  131
  130  129  127  125  124  121  118  115  111  107  102   97   93   90   88   87
   88   89   91   94   96   98   99   99   99   99   98   97   97   98   99  100
  101  101  101  100   99   96   94   92   90   89   88   88   90   91   94   96
   98   99  101  101  101  100  104  111  109                                   
    67.5-180.0 180.0   5.0 450.0                            LAT/LON1/LON2/DLON/H
  113  106  107  110  110  112  117  120  123  127  129  132  134  135  135  134
  133  132  131  130  128  126  123  120  116  111  106  101   97   93   91   90
   90   92   94   96   99  100  101  100   99   97   96   94   94   94   95   96
   98   99   99   99   98   96   95   93   92   91   92   93   94   96   99  102
  103  105  106  103  102  102  104  111  113                                   
    65.0-180.0 180.0   5.0 450.0                            LAT/LON1/LON2/DLON/H
  115  108  109  111  109  111  115  118  122  125  128  132  134  135  135  135
  134  133  132  131  130  129  127  124  120  116  111  106  102   98   95   94
   93   94   96   97   99   99   99   97   94   91   88   86   85   84   85   86
   87   89   89   89   89   88   88   87   88   89   90   92   95   97  100  103
  105  107  108  107  107  106  110  116  115                                   
    62.5-180.0 180.0   5.0 450.0                            LAT/LON1/LON2/DLON/H
  120  114  115  116  115  116  118  121  124  127  131  134  137  138  139  139
  139  139  138  138  137  136  134  131  128  124  120  116  112  108  105  102
  101  100  100  100  100  100   98   95   92   87   83   80   78   76   76   77
   78   78   79   79   80   80   81   82   84   87   90   93   96   99  102  104
  106  108  109  108  108  107  111  116  120                                   
    60.0-180.0 180.0   5.0 450.0                            LAT/LON1/LON2/DLON/H
  127  120  121  122  120  120  121  123  125  129  132  136  138  140  142  142
  143  143  143  143  143  142  140  138  136  133  131  128  125  122  118  114
  111  108  106  104  103  101   99   95   91   86   81   77   73   71   70   69
   69   69   69   69   70   71   73   77   81   85   90   93   97   99  102  104
  105  107  109  108  110  110  116  120  127                                   
    57.5-180.0 180.0   5.0 450.0                            LAT/LON1/LON2/DLON/H
  133  127  128  129  127  126  126  126  127  130  133  137  140  142  144  145
  146  147  147  148  148  147  146  145  143  142  142  141  139  137  133  128
  123  118  113  110  107  105  102   98   93   88   83   78   74   71   68   66
   64   63   62   62   62   64   68   73   79   85   90   95   98  100  102  103
  104  106  108  108  111  112  119  123  133                                   
    55.0-180.0 180.0   5.0 450.0                            LAT/LON1/LON2/DLON/H
  140  135  136  137  135  133  132  131  131  133  134  137  140  142  144  146
  147  149  150  150  151  151  150  150  150  150  152  153  153  152  148  142
  135  127  121  116  113  110  106  103   98   93   88   83   78   74   71   67
   64   61   59   58   58   60   65   71   79   86   93   97  100  101  102  103
  103  106  108  108  112  114  122  126  140                                   
    52.5-180.0 180.0   5.0 450.0                            LAT/LON1/LON2/DLON/H
  146  142  144  145  143  141  139  137  136  136  136  138  140  142  143  145
  146  148  149  151  151  152  152  152  153  156  159  163  165  164  161  154
  145  136  128  122  118  115  112  109  105  100   95   90   85   81   76   72
   67   63   59   57   57   59   64   72   80   89   95  100  102  102  103  103
  104  106  109  110  114  118  126  129  146                                   
    50.0-180.0 180.0   5.0 450.0                            LAT/LON1/LON2/DLON/H
  154  151  153  154  153  151  148  146  143  142  141  141  141  141  142  143
  144  146  148  149  151  152  153  154  156  160  165  170  173  174  170  163
  153  143  135  129  125  122  120  116  112  108  103   98   94   89   84   79
   74   68   64   60   60   62   67   74   83   92   99  103  105  105  105  106
  107  110  113  114  119  123  131  135  154                                   
    47.5-180.0 180.0   5.0 450.0                            LAT/LON1/LON2/DLON/H
  162  160  163  164  163  162  159  157  153  150  147  145  143  142  141  141
  142  143  146  148  150  152  154  156  159  164  170  176  180  180  176  169
  158  148  140  135  132  130  127  124  120  115  110  106  102   97   92   87
   81   75   70   66   64   66   70   78   87   96  103  107  109  109  110  111
  113  116  121  122  127  130  138  142  162                                   
    45.0-180.0 180.0   5.0 450.0                            LAT/LON1/LON2/DLON/H
  171  170  173  174  174  174  172  169  164  160  156  152  149  145  143  141
  141  142  145  148  151  154  156  160  164  169  175  181  184  185  180  172
  162  152  145  141  139  138  136  132  127  122  117  113  109  104  100   95
   89   83   77   73   70   71   75   82   90   99  106  111  114  115  116  119
  122  126  131  132  137  141  148  151  171                                   
    42.5-180.0 180.0   5.0 450.0                            LAT/LON1/LON2/DLON/H
  181  180  184  185  186  185  184  181  176  171  166  161  156  151  147  144
  143  143  146  149  153  157  161  165  170  176  182  186  189  189  184  175
  165  156  150  147  147  147  144  140  134  128  123  119  114  110  106  101
   96   90   84   79   77   77   79   85   93  101  109  115  119  121  124  128
  132  137  143  144  149  152  160  163  181                                   
    40.0-180.0 180.0   5.0 450.0                            LAT/LON1/LON2/DLON/H
  191  191  194  195  197  196  195  193  188  183  177  172  166  160  154  150
  147  147  150  153  158  163  168  173  179  185  190  194  195  193  187  178
  168  160  155  154  155  155  153  148  142  135  130  125  120  115  111  106
  101   96   90   86   82   82   84   88   95  103  111  118  123  128  133  138
  143  149  155  157  161  165  173  175  191                                   
    37.5-180.0 180.0   5.0 450.0                            LAT/LON1/LON2/DLON/H
  202  202  205  205  207  206  206  204  199  195  189  184  178  171  164  159
  155  154  156  160  165  170  176  183  189  195  200  203  203  200  193  183
  173  165  161  161  163  163  161  156  149  143  137  131  126  121  116  111
  106  101   95   91   87   86   87   91   97  104  112  120  128  134  141  147
  153  160  166  168  173  177  186  187  202                                   
    35.0-180.0 180.0   5.0 450.0                            LAT/LON1/LON2/DLON/H
  213  214  215  215  217  215  216  214  211  207  202  197  192  185  178  172
  167  164  165  168  173  179  185  192  199  206  211  213  212  207  199  188
  178  170  167  167  169  170  168  163  157  151  145  139  133  126  120  115
  110  104   99   94   91   90   90   93   97  104  112  122  130  139  147  155
  161  168  175  177  182  187  197  199  213                                   
    32.5-180.0 180.0   5.0 450.0                            LAT/LON1/LON2/DLON/H
  224  224  226  224  226  225  226  226  225  222  219  215  210  203  196  188
  182  178  177  179  183  188  195  201  209  216  221  223  221  215  205  194
  182  174  171  171  173  173  172  168  163  158  152  146  139  131  124  118
  112  106  101   96   94   92   92   94   97  103  111  121  131  141  151  159
  166  174  181  184  190  196  207  209  224                                   
    30.0-180.0 180.0   5.0 450.0                            LAT/LON1/LON2/DLON/H
  235  235  237  234  237  237  238  240  241  241  239  236  232  226  218  209
  201  195  192  192  194  198  203  209  216  223  228  230  227  220  210  197
  185  176  172  171  172  173  172  169  165  162  157  151  143  135  127  119
  113  107  101   97   95   94   94   94   96  101  108  119  130  141  152  161
  168  177  185  189  195  203  216  217  235                                   
    27.5-180.0 180.0   5.0 450.0                            LAT/LON1/LON2/DLON/H
  245  245  247  245  248  250  253  257  261  263  264  263  260  254  246  236
  225  216  210  207  207  208  211  216  222  228  232  233  230  222  211  198
  185  175  169  167  168  168  167  165  163  161  157  151  144  135  126  118
  111  105  100   96   95   94   94   94   94   97  104  114  126  139  151  161
  169  179  188  192  200  209  223  225  245                                   
    25.0-180.0 180.0   5.0 450.0                            LAT/LON1/LON2/DLON/H
  253  255  257  256  260  265  270  277  284  289  292  293  291  286  278  266
  253  241  231  225  222  220  220  222  226  230  233  233  229  220  208  195
  182  171  164  161  159  159  158  156  155  153  151  146  139  130  121  113
  107  101   96   94   93   93   93   91   91   93   98  108  121  134  148  160
  169  180  191  197  205  215  230  233  253                                   
    22.5-180.0 180.0   5.0 450.0                            LAT/LON1/LON2/DLON/H
  261  264  267  266  272  279  288  298  308  316  322  325  325  321  313  300
  285  269  256  246  239  234  230  229  230  232  232  230  224  214  202  189
  176  165  157  152  150  148  146  144  143  141  139  135  129  121  113  106
  100   95   91   90   90   90   90   88   86   87   92  101  115  129  144  158
  170  183  195  202  211  221  236  240  261                                   
    20.0-180.0 180.0   5.0 450.0                            LAT/LON1/LON2/DLON/H
  266  271  275  275  283  292  303  317  330  342  350  355  356  354  347  335
  318  300  283  270  259  250  243  238  235  233  230  225  217  206  194  181
  169  159  150  145  141  138  134  131  128  127  125  121  116  109  103   97
   92   88   86   85   86   86   85   83   80   80   85   94  108  124  141  157
  171  186  200  208  217  228  242  248  266                                   
    17.5-180.0 180.0   5.0 450.0                            LAT/LON1/LON2/DLON/H
  271  277  281  282  291  302  315  331  347  362  372  378  382  382  377  366
  349  330  311  295  281  268  257  249  242  236  229  220  210  198  185  174
  163  154  146  140  136  131  126  120  116  113  111  108  103   98   92   87
   84   81   80   80   80   81   79   76   74   74   78   88  102  119  138  157
  173  191  207  215  224  235  249  255  271                                   
    15.0-180.0 180.0   5.0 450.0                            LAT/LON1/LON2/DLON/H
  276  283  287  288  297  307  322  339  357  372  384  393  399  401  399  391
  376  357  337  319  302  287  273  261  250  240  229  217  204  191  179  168
  160  152  146  141  135  129  122  114  108  103  100   97   93   89   84   80
   77   75   74   75   75   75   73   70   68   68   73   83   98  116  137  158
  176  196  213  223  231  242  256  262  276                                   
    12.5-180.0 180.0   5.0 450.0                            LAT/LON1/LON2/DLON/H
  281  290  293  293  301  310  324  340  358  374  386  396  404  409  410  405
  394  377  358  340  322  305  288  274  260  246  231  216  200  186  175  166
  160  155  150  145  139  132  123  114  105   99   96   92   89   84   79   75
   72   71   70   70   70   69   67   64   63   64   69   79   94  114  136  159
  179  200  218  229  237  248  262  268  281                                   
    10.0-180.0 180.0   5.0 450.0                            LAT/LON1/LON2/DLON/H
  288  297  301  298  305  311  324  337  353  367  380  390  399  407  410  409
  402  389  372  354  336  318  301  285  269  252  234  217  200  185  174  167
  162  160  157  153  147  139  128  118  108  102   97   94   90   85   79   74
   70   68   67   67   66   64   62   59   59   60   66   76   92  113  136  160
  181  203  222  233  241  253  268  272  288                                   
     7.5-180.0 180.0   5.0 450.0                            LAT/LON1/LON2/DLON/H
  297  307  310  307  313  316  326  334  347  358  368  378  388  396  402  404
  400  391  377  361  344  327  310  293  275  257  237  218  200  186  176  170
