data/edconvlstm_nd/pred3560.15i
     1.0            IONOSPHERE MAPS     GNSS                IONEX VERSION / TYPE
pyspatialgeodesy        IME             05-JAN-18 20:20     PGM / RUN BY / DATE 
Map Name                                                    COMMENT             
Predicted global ionosphere maps (GIM).                     DESCRIPTION         
  2015    12    22     0     0     0                        EPOCH OF FIRST MAP  
  2015    12    23     0     0     0                        EPOCH OF LAST MAP   
  7200                                                      INTERVAL            
    13                                                      # OF MAPS IN FILE   
  NONE                                                      MAPPING FUNCTION    
10.0                                                        ELEVATION CUTOFF    
One-way carrier phase leveled to code                       OBSERVABLES USED    
  6371.0                                                    BASE RADIUS         
 2                                                          MAP DIMENSION       
   450.0 450.0   0.0                                        HGT1 / HGT2 / DHGT  
    87.5 -87.5  -2.5                                        LAT1 / LAT2 / DLAT  
  -180.0 180.0   5.0                                        LON1 / LON2 / DLON  
    -1                                                      EXPONENT            
                                                            END OF HEADER       
[from data line 3861]
    10                                                      START OF TEC MAP    
  2015    12    22    18     0     0                        EPOCH OF CURRENT MAP
    87.5-180.0 180.0   5.0 450.0                            LAT/LON1/LON2/DLON/H
   56   57   54   57   62   60   59   55   56   58   58   60   60   61   62   63
   65   66   67   68   68   69   70   70   71   71   71   71   71   71   71   71
   71   71   71   71   70   70   70   70   69   69   69   69   68   68   68   67
   67   66   66   65   65   64   64   63   63   62   62   61   61   60   59   58
   58   57   53   49   53   51   67   74   56                                   
    85.0-180.0 180.0   5.0 450.0                            LAT/LON1/LON2/DLON/H
   59   59   69   51   53   56   55   57   57   60   59   61   62   63   65   66
   68   69   71   72   73   75   75   76   77   78   78   78   78   78   78   78
   78   78   78   77   77   77   76   76   75   74   74   73   72   71   71   70
   69   69   68   67   67   66   65   65   64   63   63   62   61   60   60   59
   59   57   52   48   52   53   59   52   59                                   
    82.5-180.0 180.0   5.0 450.0                            LAT/LON1/LON2/DLON/H
   37   46   48   40   44   46   48   47   48   50   50   52   54   55   57   59
   61   63   65   67   68   70   71   72   73   73   73   74   74   74   74   74
   74   74   73   73   73   72   71   71   70   68   67   66   65   64   62   61
   60   59   58   57   56   56   55   54   54   53   53   52   51   50   50   49
   48   47   43   41   47   55   50   46   37                                   
    80.0-180.0 180.0   5.0 450.0                            LAT/LON1/LON2/DLON/H
   26   34   41   34   37   35   39   39   41   42   44   46   48   50   52   55
   57   59   61   63   65   66   67   68   68   68   68   68   67   67   67   68
   68   68   68   68   68   68   67   66   65   64   62   61   59   57   56   54
   53   52   51   50   50   50   49   49   49   49   48   48   47   46   45   44
   43   42   40   39   39   45   40   45   26                                   
    77.5-180.0 180.0   5.0 450.0                            LAT/LON1/LON2/DLON/H
   37   37   36   31   33   33   36   35   37   37   38   41   43   45   48   51
   54   56   59   61   63   64   64   64   63   62   61   61   60   60   60   60
   61   61   62   62   62   62   62   61   60   58   56   54   52   50   48   46
   45   44   44   44   44   45   45   46   46   46   46   46   46   45   44   42
   42   40   39   38   37   38   38   43   37                                   
    75.0-180.0 180.0   5.0 450.0                            LAT/LON1/LON2/DLON/H
   31   34   32   30   32   32   34   34   37   38   39   42   44   46   49   52
   55   58   61   63   64   65   65   63   61   59   57   55   54   53   53   54
   54   55   56   57   58   58   58   57   56   54   52   50   48   46   44   43
   42   42   42   43   44   45   46   48   49   49   50   50   49   49   48   47
   45   44   43   40   39   37   35   32   31                                   
    72.5-180.0 180.0   5.0 450.0                            LAT/LON1/LON2/DLON/H
   38   38   36   36   35   35   38   37   38   38   39   41   43   45   48   51
   54   58   61   64   65   65   64   62   58   54   50   47   45   43   43   43
   44   46   47   48   49   49   49   49   48   46   44   42   40   38   37   36
   36   36   37   38   40   42   43   45   47   48   49   49   49   48   47   46
   45   43   42   38   37   36   36   37   38                                   
    70.0-180.0 180.0   5.0 450.0                            LAT/LON1/LON2/DLON/H
   39   41   39   39   38   37   39   40   42   44   45   47   49   51   54   57
   61   65   69   72   74   75   73   70   65   59   54   49   46   44   43   43
   43   44   45   46   47   48   48   48   47   46   44   42   41   39   38   38
   38   39   40   42   44   46   48   49   51   53   53   54   54   53   52   51
   49   47   46   43   42   41   44   44   39                                   
    67.5-180.0 180.0   5.0 450.0                            LAT/LON1/LON2/DLON/H
   43   44   42   42   43   41   44   45   47   49   51   53   55   57   59   62
   66   71   76   80   83   84   82   78   72   64   57   51   47   44   42   41
   42   42   42   43   43   44   44   44   44   43   42   41   40   39   38   38
   39   40   41   43   44   46   48   50   52   53   54   55   55   54   53   52
   51   48   46   42   41   41   43   42   43                                   
    65.0-180.0 180.0   5.0 450.0                            LAT/LON1/LON2/DLON/H
   41   44   41   42   42   42   44   47   51   54   57   61   63   64   66   69
   74   80   87   93   98  100   99   94   87   78   69   62   56   52   49   48
   47   46   44   44   43   42   42   43   43   43   43   42   41   41   40   40
   41   41   42   44   45   46   48   49   51   52   53   54   54   54   53   52
   51   49   47   44   43   44   46   47   41                                   
    62.5-180.0 180.0   5.0 450.0                            LAT/LON1/LON2/DLON/H
   41   43   39   40   41   41   44   47   53   58   62   67   70   72   74   77
   82   89   98  106  113  117  117  112  103   93   83   74   67   62   59   56
   53   50   47   44   41   40   39   39   40   40   41   41   40   40   39   39
   39   39   40   40   41   42   43   44   45   47   48   48   49   49   49   48
   47   46   44   41   40   41   43   44   41                                   
    60.0-180.0 180.0   5.0 450.0                            LAT/LON1/LON2/DLON/H
   39   40   37   37   37   37   41   46   53   61   67   73   77   80   82   85
   91  100  111  121  130  136  136  131  123  112  100   90   82   77   72   69
   64   59   53   47   42   38   37   36   37   38   38   38   38   37   36   35
   35   34   34   34   34   34   35   36   37   39   40   41   41   42   42   42
   42   41   40   37   37   38   41   43   39                                   
    57.5-180.0 180.0   5.0 450.0                            LAT/LON1/LON2/DLON/H
   39   38   35   35   35   36   41   47   57   66   74   81   86   89   92   96
  102  112  124  137  147  154  155  151  142  131  119  109  101   95   90   85
   79   71   62   53   45   40   37   36   37   37   38   37   36   35   34   32
   31   29   28   28   28   28   29   30   31   33   34   35   36   37   38   39
   39   39   39   36   36   36   39   42   39                                   
    55.0-180.0 180.0   5.0 450.0                            LAT/LON1/LON2/DLON/H
   41   39   37   38   37   38   44   52   62   73   83   91   96  100  103  107
  115  126  139  152  163  170  172  168  160  149  138  127  119  113  108  102
   94   84   73   61   52   45   41   39   39   39   38   37   35   33   31   29
   27   25   24   23   22   23   24   25   27   29   30   32   33   34   36   38
   39   39   40   37   37   37   38   42   41                                   
    52.5-180.0 180.0   5.0 450.0                            LAT/LON1/LON2/DLON/H
   44   43   43   44   43   45   52   61   72   83   93  102  108  112  115  121
  129  140  153  165  176  183  185  181  174  164  153  143  136  130  125  119
  110   98   85   72   61   53   48   45   44   43   41   39   37   34   31   28
   26   23   22   21   20   21   22   24   27   29   31   32   34   36   38   40
   41   43   44   42   41   40   40   45   44                                   
    50.0-180.0 180.0   5.0 450.0                            LAT/LON1/LON2/DLON/H
   49   50   51   54   54   58   66   74   85   96  106  115  121  126  130  136
  145  155  167  179  188  193  194  190  183  174  164  156  149  144  139  132
  123  111   97   84   73   64   59   55   52   50   47   44   40   37   33   31
   28   26   24   23   23   24   25   28   31   33   36   38   39   41   43   45
   47   49   51   50   48   46   45   49   49                                   
    47.5-180.0 180.0   5.0 450.0                            LAT/LON1/LON2/DLON/H
   55   58   62   67   69   74   83   92  102  112  121  130  136  141  147  154
  163  173  183  191  197  200  200  196  189  181  173  165  159  154  148  142
  132  121  108   95   85   77   71   67   63   59   55   51   47   43   40   37
   35   33   32   31   30   31   33   35   39   42   44   46   48   49   51   53
   55   57   59   58   56   53   50   55   55                                   
    45.0-180.0 180.0   5.0 450.0                            LAT/LON1/LON2/DLON/H
   60   65   71   79   84   92  101  111  120  130  138  146  153  159  166  174
  182  191  198  204  207  207  204  199  193  187  180  173  166  161  155  147
  138  128  116  106   98   91   85   80   74   69   64   59   55   52   49   47
   45   44   43   42   41   42   43   46   49   52   55   57   58   59   60   61
   62   64   66   66   63   60   56   60   60                                   
    42.5-180.0 180.0   5.0 450.0                            LAT/LON1/LON2/DLON/H
   63   70   78   88   97  108  118  128  138  148  156  164  171  179  187  196
  204  210  215  217  216  213  209  203  198  192  186  180  173  166  159  151
  142  133  124  117  111  105  100   93   86   79   73   68   65   62   60   58
   57   56   55   54   53   53   55   57   59   62   65   66   67   67   67   68
   68   69   71   71   67   64   59   64   63                                   
    40.0-180.0 180.0   5.0 450.0                            LAT/LON1/LON2/DLON/H
   62   70   79   93  106  119  131  144  154  164  173  182  191  200  210  219
  225  230  232  232  228  222  216  209  204  199  194  187  180  172  164  155
  147  139  133  128  125  120  114  105   96   88   81   77   73   71   70   69
   68   68   67   65   64   63   64   65   68   70   72   73   74   73   72   71
   70   71   72   72   68   64   59   65   62                                   
    37.5-180.0 180.0   5.0 450.0                            LAT/LON1/LON2/DLON/H
   58   66   76   92  109  125  141  156  168  180  190  201  212  223  233  242
  247  250  250  247  242  234  226  219  213  208  203  197  189  180  172  164
  156  151  147  144  142  138  130  119  107   96   89   84   82   79   78   77
   76   75   74   72   70   69   70   71   72   74   76   77   77   76   74   72
   69   69   70   69   65   61   55   64   58                                   
    35.0-180.0 180.0   5.0 450.0                            LAT/LON1/LON2/DLON/H
   54   60   71   89  108  127  148  166  182  197  209  222  234  247  257  264
  268  268  267  263  257  249  239  231  224  219  215  209  202  194  187  180
  174  171  169  168  165  159  149  134  119  107   98   93   89   86   83   81
   79   78   76   74   72   71   72   73   74   76   77   78   78   76   74   71
   67   66   66   65   61   56   50   60   54                                   
    32.5-180.0 180.0   5.0 450.0                            LAT/LON1/LON2/DLON/H
   52   56   67   85  106  128  153  176  197  215  230  245  259  272  282  287
  287  285  282  278  272  264  253  244  237  232  228  224  220  215  210  206
  203  202  201  200  196  187  172  154  135  120  110  103   98   93   88   84
   80   78   75   73   71   71   72   74   76   77   79   79   79   77   74   71
   67   65   65   63   59   51   46   57   52                                   
    30.0-180.0 180.0   5.0 450.0                            LAT/LON1/LON2/DLON/H
   55   57   69   86  108  132  161  188  214  235  254  271  286  299  307  309
  306  300  295  290  285  277  267  257  249  246  244  243  243  242  242  243
  244  244  244  241  234  220  201  179  157  139  126  117  110  102   94   87
   82   77   74   72   71   72   74   77   80   82   83   84   83   81   78   75
   71   69   68   65   60   51   45   56   55                                   
    27.5-180.0 180.0   5.0 450.0                            LAT/LON1/LON2/DLON/H
   66   66   78   94  117  143  175  205  234  259  279  297  313  326  332  331
  323  313  304  299  294  287  277  268  261  260  262  266  271  277  283  289
  294  297  296  289  277  259  235  209  184  164  149  137  126  115  104   94
   86   81   77   75   75   77   81   85   88   91   92   93   92   90   87   85
   81   79   77   73   68   57   51   59   66                                   
    25.0-180.0 180.0   5.0 450.0                            LAT/LON1/LON2/DLON/H
   85   81   95  110  135  163  196  228  259  285  307  325  340  352  356  351
  339  324  312  304  299  293  285  277  273  275  281  292  304  317  331  343
  351  355  351  340  322  299  271  243  216  194  177  162  148  134  120  107
   97   90   86   84   85   88   93   98  102  105  106  106  105  103  101   98
   95   93   91   86   80   69   63   67   85                                   
    22.5-180.0 180.0   5.0 450.0                            LAT/LON1/LON2/DLON/H
  108  102  118  134  160  190  224  256  287  314  334  351  366  376  378  371
  354  334  318  307  302  296  291  286  286  292  304  321  341  362  381  397
  408  410  403  387  364  337  307  277  251  228  208  191  175  158  141  127
  116  108  104  102  104  107  112  117  120  122  122  121  119  117  115  114
  111  110  106  101   95   83   79   80  108                                   
    20.0-180.0 180.0   5.0 450.0                            LAT/LON1/LON2/DLON/H
  132  125  144  162  190  221  254  286  317  343  362  377  390  399  400  391
  371  346  326  313  305  301  298  298  302  314  331  354  380  406  429  447
  457  457  445  424  397  367  337  309  283  260  240  221  203  184  167  152
  141  133  129  128  129  132  136  139  140  140  138  136  133  131  129  128
  125  124  119  114  109   98   95   95  132                                   
    17.5-180.0 180.0   5.0 450.0                            LAT/LON1/LON2/DLON/H
  151  147  168  191  219  251  284  316  346  370  388  401  412  421  423  413
  392  364  340  324  315  312  312  315  324  341  363  390  419  447  470  486
  492  487  471  447  418  388  360  335  311  289  268  248  229  210  193  179
  168  161  158  156  157  157  158  158  156  154  150  147  143  141  139  137
  135  133  127  122  117  108  108  109  151                                   
    15.0-180.0 180.0   5.0 450.0                            LAT/LON1/LON2/DLON/H
  162  162  185  213  244  277  310  341  371  395  411  423  434  445  449  441
  420  391  364  346  336  333  335  342  355  374  399  427  456  482  501  511
  512  502  483  456  427  399  375  352  330  309  288  268  249  231  215  202
  192  186  183  181  179  176  172  168  163  158  154  150  146  143  142  140
  137  135  128  122  118  112  115  119  162                                   
    12.5-180.0 180.0   5.0 450.0                            LAT/LON1/LON2/DLON/H
  161  168  193  224  257  291  325  357  387  411  427  441  454  467  476  473
  456  428  401  381  371  368  371  379  393  413  438  464  489  508  520  523
  518  504  483  456  428  403  381  361  341  320  299  279  260  244  229  217
  209  203  199  196  191  185  177  169  161  154  148  144  141  139  137  136
  132  129  122  116  112  109  115  122  161                                   
    10.0-180.0 180.0   5.0 450.0                            LAT/LON1/LON2/DLON/H
  151  166  192  225  260  294  329  359  390  415  433  450  467  487  503  509
  499  477  452  433  422  419  421  428  440  457  477  498  515  525  529  526
  516  500  477  452  426  404  384  364  344  322  301  281  263  248  234  223
  215  209  204  199  192  183  172  161  151  143  137  134  131  129  127  125
  122  118  112  105  102  101  108  117  151                                   
     7.5-180.0 180.0   5.0 450.0                            LAT/LON1/LON2/DLON/H
  134  157  182  217  253  286  321  351  381  407  428  448  470  497  522  539
  541  530  512  497  487  483  483  485  491  501  513  525  533  535  532  524
