data/edconvlstm_nd/pred2900.15i
     1.0            IONOSPHERE MAPS     GNSS                IONEX VERSION / TYPE
pyspatialgeodesy        IME             05-JAN-18 20:20     PGM / RUN BY / DATE 
Map Name                                                    COMMENT             
Predicted global ionosphere maps (GIM).                     DESCRIPTION         
  2015    10    17     0     0     0                        EPOCH OF FIRST MAP  
  2015    10    18     0     0     0                        EPOCH OF LAST MAP   
  7200                                                      INTERVAL            
    13                                                      # OF MAPS IN FILE   
  NONE                                                      MAPPING FUNCTION    
10.0                                                        ELEVATION CUTOFF    
One-way carrier phase leveled to code                       OBSERVABLES USED    
  6371.0                                                    BASE RADIUS         
 2                                                          MAP DIMENSION       
   450.0 450.0   0.0                                        HGT1 / HGT2 / DHGT  
    87.5 -87.5  -2.5                                        LAT1 / LAT2 / DLAT  
  -180.0 180.0   5.0                                        LON1 / LON2 / DLON  
    -1                                                      EXPONENT            
                                                            END OF HEADER       
[from data line 1716]
     5                                                      START OF TEC MAP    
  2015    10    17     8     0     0                        EPOCH OF CURRENT MAP
    87.5-180.0 180.0   5.0 450.0                            LAT/LON1/LON2/DLON/H
   32   39   36   41   43   44   46   43   45   48   50   52   53   54   55   56
   56   57   57   57   57   56   56   56   55   55   55   54   54   53   53   53
   52   52   51   51   50   50   49   48   48   47   47   46   46   45   44   44
   43   42   41   40   39   37   36   34   33   32   30   29   28   27   26   26
   26   27   25   25   31   39   51   54   32                                   
    85.0-180.0 180.0   5.0 450.0                            LAT/LON1/LON2/DLON/H
   18   41   43   42   46   50   52   53   55   58   59   61   62   63   64   65
   66   66   66   66   67   67   67   67   67   67   67   67   66   66   66   66
   66   65   65   65   65   64   64   64   63   63   62   62   61   60   59   58
   57   56   54   53   51   49   47   45   44   42   40   38   37   35   34   34
   34   35   31   32   37   40   51   48   18                                   
    82.5-180.0 180.0   5.0 450.0                            LAT/LON1/LON2/DLON/H
   13   26   40   40   42   46   48   50   53   56   57   60   61   62   63   63
   64   64   64   64   63   63   63   63   63   63   63   64   64   64   64   65
   65   66   66   67   67   67   68   68   68   69   69   69   68   68   67   66
   65   64   62   60   57   55   52   49   46   43   40   37   34   32   30   29
   29   29   26   26   36   34   35   35   13                                   
    80.0-180.0 180.0   5.0 450.0                            LAT/LON1/LON2/DLON/H
   16   22   35   34   40   41   45   46   50   52   53   56   57   58   58   58
   58   57   57   57   57   56   56   56   57   57   57   58   59   60   61   62
   64   65   67   68   70   71   73   74   76   77   78   79   80   81   81   81
   80   79   77   75   72   69   65   61   56   52   47   42   38   34   30   28
   26   25   25   25   32   31   32   34   16                                   
    77.5-180.0 180.0   5.0 450.0                            LAT/LON1/LON2/DLON/H
   27   27   31   30   34   36   40   41   45   47   48   50   51   51   51   51
   51   50   50   49   48   48   48   47   47   47   48   49   50   52   54   56
   58   60   63   65   68   70   73   76   79   82   85   88   91   93   96   97
   98   98   97   96   93   90   86   81   76   70   63   57   50   44   38   34
   30   27   24   24   25   19   23   27   27                                   
    75.0-180.0 180.0   5.0 450.0                            LAT/LON1/LON2/DLON/H
   24   26   29   30   32   36   38   39   41   42   42   43   43   43   43   42
   42   41   40   40   39   39   38   38   39   39   40   41   43   45   47   50
   53   56   58   62   65   68   72   77   81   86   91   96  101  106  110  114
  116  118  118  118  116  113  109  104   99   92   85   77   70   62   54   48
   41   36   32   28   29   21   23   23   24                                   
    72.5-180.0 180.0   5.0 450.0                            LAT/LON1/LON2/DLON/H
   31   29   31   31   33   37   40   39   40   40   39   40   39   39   39   38
   38   37   36   36   35   34   34   33   33   34   35   36   38   40   43   46
   50   53   56   60   64   68   73   78   84   91   98  105  112  119  125  131
  135  138  140  140  139  137  133  129  123  116  109  101   92   84   75   68
   60   53   48   41   38   29   30   32   31                                   
    70.0-180.0 180.0   5.0 450.0                            LAT/LON1/LON2/DLON/H
   37   32   36   36   37   39   40   40   40   39   38   38   37   37   36   36
   36   35   35   34   33   33   32   32   32   33   34   35   37   39   42   45
   48   51   55   58   62   66   72   78   85   94  102  111  120  128  136  142
  148  152  155  156  155  153  150  145  139  132  125  117  109  101   92   84
   76   68   63   54   49   40   42   43   37                                   
    67.5-180.0 180.0   5.0 450.0                            LAT/LON1/LON2/DLON/H
   39   33   36   36   37   39   40   40   40   39   37   37   36   36   36   36
   36   36   36   35   35   34   34   33   33   33   34   35   37   39   41   43
   46   49   51   54   58   62   68   75   83   92  102  112  121  131  139  146
  152  157  160  161  161  159  155  150  144  138  131  124  116  108  101   94
   86   78   73   63   57   47   47   48   39                                   
    65.0-180.0 180.0   5.0 450.0                            LAT/LON1/LON2/DLON/H
   41   34   35   36   37   39   41   41   41   40   38   38   37   37   38   38
   39   39   40   39   39   38   38   37   37   37   38   38   39   40   42   44
   46   48   50   53   57   61   67   74   83   93  103  114  124  133  142  149
  155  160  163  165  165  162  158  153  147  140  133  126  120  112  105   98
   91   84   78   69   63   54   53   54   41                                   
    62.5-180.0 180.0   5.0 450.0                            LAT/LON1/LON2/DLON/H
   41   34   34   35   36   38   40   41   42   42   41   41   40   41   41   42
   43   43   44   43   43   42   42   41   41   41   41   41   41   41   42   43
   45   47   50   53   57   61   67   75   84   94  104  115  125  134  142  150
  156  162  166  168  168  165  161  155  148  140  133  126  120  113  106   99
   92   84   79   70   64   56   54   56   41                                   
    60.0-180.0 180.0   5.0 450.0                            LAT/LON1/LON2/DLON/H
   42   33   32   32   33   34   37   38   40   41   41   42   42   42   43   44
   44   45   45   44   44   43   42   42   41   41   41   40   39   39   39   40
   42   45   49   52   56   61   68   75   84   95  105  115  124  133  142  149
  157  163  168  171  171  169  164  157  150  142  134  127  120  113  105   98
   90   82   77   69   63   54   51   53   42                                   
    57.5-180.0 180.0   5.0 450.0                            LAT/LON1/LON2/DLON/H
   45   35   33   32   31   32   35   37   39   40   41   43   43   44   44   45
   45   45   44   43   42   41   41   40   40   40   39   38   37   36   36   37
   41   45   49   54   59   65   71   79   89   99  109  119  128  136  145  154
  163  171  177  182  183  181  175  168  160  151  143  136  129  121  112  104
   94   85   79   71   65   56   52   53   45                                   
    55.0-180.0 180.0   5.0 450.0                            LAT/LON1/LON2/DLON/H
   52   41   37   34   32   32   34   35   37   39   40   43   43   44   44   44
   43   43   42   41   39   38   38   37   37   37   36   35   33   32   32   35
   40   46   52   58   64   70   77   86   95  105  115  125  134  143  152  162
  173  183  191  197  199  197  192  184  176  167  159  152  144  135  126  116
  104   93   86   77   71   61   57   57   52                                   
    52.5-180.0 180.0   5.0 450.0                            LAT/LON1/LON2/DLON/H
   64   52   47   42   37   36   37   36   37   38   40   42   43   43   43   43
   42   41   40   38   37   36   35   35   35   35   34   32   31   30   31   35
   41   49   57   65   72   79   86   95  105  115  125  134  144  153  163  175
  187  199  208  215  217  215  210  203  195  187  179  172  164  156  145  134
  120  107   99   88   81   72   68   68   64                                   
    50.0-180.0 180.0   5.0 450.0                            LAT/LON1/LON2/DLON/H
   81   69   62   55   48   45   43   40   39   39   40   42   43   43   43   42
   41   40   39   38   37   36   35   35   35   35   34   32   31   30   33   38
   46   56   65   74   82   90   97  106  116  127  137  147  157  167  178  191
  204  216  225  231  233  231  226  218  211  204  198  191  185  177  166  154
  139  125  114  101   95   87   84   84   81                                   
    47.5-180.0 180.0   5.0 450.0                            LAT/LON1/LON2/DLON/H
   98   87   81   73   63   59   54   49   45   43   42   43   44   44   44   43
   42   41   41   40   40   39   39   38   38   38   37   36   34   34   37   43
   53   64   76   86   95  102  110  119  129  141  152  163  173  184  195  207
  220  231  239  244  244  241  234  227  220  215  210  205  200  193  183  171
  156  140  128  115  108  102  101  101   98                                   
    45.0-180.0 180.0   5.0 450.0                            LAT/LON1/LON2/DLON/H
  111  103   97   91   80   76   68   60   53   49   47   47   47   47   46   46
   45   45   46   47   47   47   46   45   45   44   43   41   40   40   43   51
   62   74   87   99  108  116  124  133  144  156  168  180  190  201  212  223
  234  242  248  250  248  243  236  228  222  218  215  211  207  200  191  180
  166  150  137  123  117  112  113  115  111                                   
    42.5-180.0 180.0   5.0 450.0                            LAT/LON1/LON2/DLON/H
  116  110  106  103   95   91   82   73   64   57   54   53   53   53   52   52
   52   53   55   57   58   58   56   55   53   52   50   48   46   47   51   59
   70   84   98  111  121  130  139  149  161  173  186  197  208  219  228  237
  245  250  253  252  248  241  233  226  220  217  214  211  207  200  191  181
  167  152  139  125  119  114  115  118  116                                   
    40.0-180.0 180.0   5.0 450.0                            LAT/LON1/LON2/DLON/H
  110  107  105  105  102   99   92   83   74   66   62   61   61   61   61   61
   61   63   66   69   70   70   67   64   61   58   55   53   52   53   57   66
   78   93  108  122  134  144  154  165  177  190  203  215  225  235  243  249
  254  257  257  254  249  242  233  226  221  218  216  212  206  197  187  176
  163  148  135  121  114  106  107  110  110                                   
    37.5-180.0 180.0   5.0 450.0                            LAT/LON1/LON2/DLON/H
   98   94   93   96   97   98   95   89   81   74   70   69   69   70   71   71
   73   75   78   81   82   80   77   72   67   63   59   56   55   57   62   72
   84  100  116  132  146  158  170  182  195  208  221  232  242  251  258  262
  265  266  266  264  260  253  246  239  234  231  227  220  211  198  184  172
  159  144  131  116  106   93   92   95   98                                   
    35.0-180.0 180.0   5.0 450.0                            LAT/LON1/LON2/DLON/H
   83   77   75   80   84   88   89   87   82   77   75   75   77   79   81   82
   84   86   89   90   90   88   83   76   70   64   60   57   56   59   66   76
   90  106  124  141  158  173  186  200  213  227  239  250  260  268  274  278
  281  283  285  287  286  283  277  271  266  261  255  245  230  212  193  177
  161  146  132  115  102   82   79   81   83                                   
    32.5-180.0 180.0   5.0 450.0                            LAT/LON1/LON2/DLON/H
   74   63   59   64   68   73   77   79   78   76   76   78   82   86   89   91
   93   95   97   97   96   92   86   79   71   64   59   56   56   61   69   80
   95  113  132  152  171  188  204  219  233  246  258  269  279  287  294  299
  304  310  318  326  331  331  328  323  318  312  303  288  267  243  218  197
  178  161  147  127  110   83   78   77   74                                   
    30.0-180.0 180.0   5.0 450.0                            LAT/LON1/LON2/DLON/H
   76   59   53   54   56   61   65   68   70   71   73   77   83   89   94   98
  100  102  102  101   98   93   87   79   71   64   58   55   56   62   72   85
  101  120  141  163  184  204  221  238  253  266  279  291  301  311  319  327
  336  348  363  378  390  396  396  392  386  378  367  348  322  291  260  234
  211  193  178  154  135  100   93   88   76                                   
    27.5-180.0 180.0   5.0 450.0                            LAT/LON1/LON2/DLON/H
   95   72   60   55   54   55   58   60   62   64   68   73   80   88   95  100
  103  105  104  102   99   94   88   81   73   66   59   56   58   65   77   92
  109  129  152  175  198  219  239  257  273  288  302  315  327  339  350  362
  376  394  416  439  457  468  471  469  463  454  440  419  388  353  316  285
  259  239  222  197  178  138  127  119   95                                   
    25.0-180.0 180.0   5.0 450.0                            LAT/LON1/LON2/DLON/H
  131  104   85   72   65   61   60   59   59   61   63   68   76   84   93   99
  103  104  103  101   98   94   90   85   78   70   63   60   62   70   83  100
  120  141  164  188  212  235  256  275  293  310  326  341  356  371  385  401
  421  445  474  502  526  541  546  544  537  528  513  490  458  419  380  344
  315  294  275  250  232  191  177  167  131                                   
    22.5-180.0 180.0   5.0 450.0                            LAT/LON1/LON2/DLON/H
  183  153  129  107   92   81   74   68   65   63   63   66   72   80   88   95
   99  101  100   99   97   95   93   91   86   78   71   66   68   77   92  111
  132  155  178  202  226  249  271  292  312  332  351  370  388  406  424  444
  468  497  529  561  587  602  607  605  598  588  573  551  520  482  442  404
  373  351  330  308  290  252  235  227  183                                   
    20.0-180.0 180.0   5.0 450.0                            LAT/LON1/LON2/DLON/H
  243  215  187  158  135  116  102   90   81   75   71   70   72   78   84   89
   93   95   96   96   96   97   99   99   96   89   81   76   78   87  103  124
  146  170  194  217  241  263  285  306  329  351  374  397  419  441  462  485
  511  542  574  605  628  640  643  640  633  624  612  593  566  531  493  457
  425  402  380  362  343  312  293  289  243                                   
    17.5-180.0 180.0   5.0 450.0                            LAT/LON1/LON2/DLON/H
  300  276  248  216  186  162  141  124  109   97   87   81   79   80   82   86
   88   90   91   93   96  100  104  107  106  101   93   88   90   99  116  137
  161  185  208  231  253  274  295  318  342  368  395  422  448  472  496  520
  545  573  602  627  644  651  651  646  641  635  626  612  590  562  529  495
  464  442  419  404  385  360  344  343  300                                   
    15.0-180.0 180.0   5.0 450.0                            LAT/LON1/LON2/DLON/H
  343  325  301  271  239  213  189  168  146  128  112  100   91   87   85   85
   85   86   88   91   96  102  109  115  116  112  106  102  103  112  128  150
  174  198  221  242  262  282  303  326  352  381  412  442  470  496  521  543
  566  589  611  628  638  640  636  631  628  626  621  612  597  575  548  518
  489  467  444  430  412  392  377  380  343                                   
    12.5-180.0 180.0   5.0 450.0                            LAT/LON1/LON2/DLON/H
  368  356  339  313  286  262  238  216  190  167  145  126  111  100   93   88
   86   85   87   91   97  105  114  122  126  124  119  115  116  124  139  160
  184  208  230  250  268  287  307  331  358  389  422  455  485  511  535  555
  574  591  605  615  619  617  612  609  609  610  610  605  594  577  554  528
  501  479  457  442  424  407  394  397  368                                   
    10.0-180.0 180.0   5.0 450.0                            LAT/LON1/LON2/DLON/H
  380  371  360  339  320  302  282  262  235  209  183  158  137  120  107   97
   91   88   89   92   99  109  120  130  135  134  130  126  126  133  147  167
  190  213  234  253  270  288  308  332  361  393  427  461  491  517  539  557
  572  584  593  599  599  596  593  593  596  600  602  599  590  575  554  530
  505  483  462  445  428  411  397  399  380                                   
     7.5-180.0 180.0   5.0 450.0                            LAT/LON1/LON2/DLON/H
  383  376  368  351  341  328  314  299  275  249  221  194  168  146  127  112
  101   95   94   98  105  116  128  138  143  143  139  135  135  140  152  170
