data/edconvlstm_nd/pred2860.15i
     1.0            IONOSPHERE MAPS     GNSS                IONEX VERSION / TYPE
pyspatialgeodesy        IME             05-JAN-18 20:20     PGM / RUN BY / DATE 
Map Name                                                    COMMENT             
Predicted global ionosphere maps (GIM).                     DESCRIPTION         
  2015    10    13     0     0     0                        EPOCH OF FIRST MAP  
  2015    10    14     0     0     0                        EPOCH OF LAST MAP   
  7200                                                      INTERVAL            
    13                                                      # OF MAPS IN FILE   
  NONE                                                      MAPPING FUNCTION    
10.0                                                        ELEVATION CUTOFF    
One-way carrier phase leveled to code                       OBSERVABLES USED    
  6371.0                                                    BASE RADIUS         
 2                                                          MAP DIMENSION       
   450.0 450.0   0.0                                        HGT1 / HGT2 / DHGT  
    87.5 -87.5  -2.5                                        LAT1 / LAT2 / DLAT  
  -180.0 180.0   5.0                                        LON1 / LON2 / DLON  
    -1                                                      EXPONENT            
                                                            END OF HEADER       
[from data line 5148]
    13                                                      START OF TEC MAP    
  2015    10    14     0     0     0                        EPOCH OF CURRENT MAP
    87.5-180.0 180.0   5.0 450.0                            LAT/LON1/LON2/DLON/H
   86   82   71   62   61   69   65   64   65   65   66   67   68   69   69   69
   69   69   69   68   67   66   65   64   62   61   59   58   56   55   54   52
   51   50   49   49   48   48   48   48   48   48   49   49   50   51   51   52
   52   53   54   54   54   55   55   55   55   55   56   56   55   55   55   56
   56   56   55   56   49   66   71   68   86                                   
    85.0-180.0 180.0   5.0 450.0                            LAT/LON1/LON2/DLON/H
   78   82   63   65   67   76   73   71   73   73   74   75   76   77   77   77
   77   76   75   74   73   71   69   67   65   63   61   58   56   54   53   51
   50   49   48   47   47   47   48   48   49   50   52   53   54   56   57   59
   60   61   62   63   63   64   65   65   65   65   66   66   65   65   65   65
   65   65   66   70   72   79   89   80   78                                   
    82.5-180.0 180.0   5.0 450.0                            LAT/LON1/LON2/DLON/H
   71   61   70   65   65   75   72   70   74   75   77   79   81   82   82   82
   81   79   77   75   72   69   65   62   58   55   51   48   45   43   40   38
   37   36   35   35   35   35   36   38   39   41   44   46   49   51   53   55
   57   59   60   61   62   63   64   65   65   65   65   65   65   65   65   65
   64   63   63   62   70   65   75   78   71                                   
    80.0-180.0 180.0   5.0 450.0                            LAT/LON1/LON2/DLON/H
   81   70   73   65   68   72   72   72   78   79   82   86   88   89   89   89
   87   84   81   77   73   69   65   60   56   52   48   45   41   38   36   33
   31   30   29   29   29   29   30   32   34   36   39   41   44   47   50   52
   55   57   59   60   62   63   64   65   65   66   66   66   66   66   66   66
   65   63   63   62   78   70   83   95   81                                   
    77.5-180.0 180.0   5.0 450.0                            LAT/LON1/LON2/DLON/H
   90   80   71   72   70   74   73   77   84   86   91   96   99  100  101   99
   97   93   88   83   78   72   67   62   58   53   49   45   42   39   36   33
   31   30   28   27   27   27   28   30   31   34   37   40   43   46   49   52
   54   56   58   60   61   62   63   64   65   66   67   67   67   67   67   67
   66   66   66   67   74   75   81  100   90                                   
    75.0-180.0 180.0   5.0 450.0                            LAT/LON1/LON2/DLON/H
   94   77   78   79   75   79   77   81   89   93   98  103  106  107  105  102
   98   92   86   80   73   67   62   58   54   50   47   44   42   39   37   35
   33   32   30   29   28   28   28   29   31   33   36   39   42   45   48   51
   53   54   56   57   58   59   61   62   64   65   66   67   68   68   68   68
   67   67   69   66   73   83   87  100   94                                   
    72.5-180.0 180.0   5.0 450.0                            LAT/LON1/LON2/DLON/H
   90   79   82   81   78   78   79   84   93   97  103  108  110  110  107  102
   96   88   81   73   67   61   57   53   50   48   46   45   43   42   41   39
   38   36   33   31   30   28   28   28   29   31   33   36   38   41   43   44
   45   46   47   47   48   49   51   53   56   58   61   62   64   65   66   66
   65   66   71   70   75   85   93  108   90                                   
    70.0-180.0 180.0   5.0 450.0                            LAT/LON1/LON2/DLON/H
   94   84   88   89   84   85   84   89   98  103  109  113  115  112  107  100
   91   82   73   65   58   53   49   47   45   45   45   45   45   46   45   45
   43   41   38   36   33   31   30   29   30   31   33   36   38   40   41   42
   42   42   42   42   43   45   47   50   54   57   61   63   65   66   68   69
   68   68   73   74   79   91   96  108   94                                   
    67.5-180.0 180.0   5.0 450.0                            LAT/LON1/LON2/DLON/H
   97   90   93   93   86   86   84   89   97  102  108  112  112  108  101   92
   81   71   61   53   47   42   39   37   37   37   38   40   41   43   43   43
   42   39   36   33   30   27   25   24   24   26   28   30   32   33   34   34
   34   33   32   32   32   34   37   41   46   50   55   58   61   63   64   65
   65   65   71   72   79   91   95  108   97                                   
    65.0-180.0 180.0   5.0 450.0                            LAT/LON1/LON2/DLON/H
   99   92   94   95   87   85   82   87   96  100  107  111  110  106   98   87
   76   65   55   47   41   36   32   31   30   31   32   34   36   38   39   38
   37   35   32   28   25   22   20   19   20   21   23   25   27   29   29   29
   28   26   25   24   25   27   30   34   40   46   51   56   59   61   63   64
   63   64   69   70   78   91   96  110   99                                   
    62.5-180.0 180.0   5.0 450.0                            LAT/LON1/LON2/DLON/H
  103   96   98   97   89   85   81   85   94   99  106  110  110  106   98   88
   77   66   56   48   41   36   31   29   27   27   28   29   31   32   33   32
   31   29   27   24   21   18   17   16   17   19   22   24   26   28   28   27
   25   24   22   21   21   23   27   31   38   44   51   56   60   63   65   66
   65   65   70   70   77   91   95  110  103                                   
    60.0-180.0 180.0   5.0 450.0                            LAT/LON1/LON2/DLON/H
  108  101  103  101   91   85   80   83   91   96  103  108  109  106  100   91
   81   71   62   54   46   39   34   29   26   25   24   25   25   25   25   25
   24   23   21   19   17   15   15   15   17   19   22   24   26   28   28   26
   24   22   20   19   19   21   24   30   36   43   50   56   61   64   67   68
   67   67   73   72   78   91   96  112  108                                   
    57.5-180.0 180.0   5.0 450.0                            LAT/LON1/LON2/DLON/H
  116  110  112  108   97   89   82   84   90   94  100  105  107  106  102   97
   89   81   72   63   54   45   38   32   28   25   23   22   21   20   20   19
   18   18   17   16   16   16   16   17   19   22   24   27   29   30   29   28
   26   23   21   19   19   21   25   30   37   44   51   57   62   66   71   73
   73   73   79   79   84   95  100  117  116                                   
    55.0-180.0 180.0   5.0 450.0                            LAT/LON1/LON2/DLON/H
  128  123  125  121  108   98   89   89   92   93   98  102  105  105  105  102
   97   91   82   72   62   52   43   36   31   27   24   22   20   18   17   16
   16   17   18   18   19   20   21   23   25   28   30   32   33   34   33   31
   29   26   24   22   22   24   28   33   39   46   53   59   64   70   76   80
   82   84   90   90   96  104  110  127  128                                   
    52.5-180.0 180.0   5.0 450.0                            LAT/LON1/LON2/DLON/H
  144  142  143  139  126  114  103   99   99   97   98  100  102  104  105  105
  103   98   89   79   68   58   49   42   37   32   29   26   23   21   19   19
   19   21   23   25   27   29   31   33   35   37   39   40   40   39   38   36
   33   31   29   28   28   30   34   39   45   51   56   62   67   74   82   89
   93   97  105  106  112  119  125  141  144                                   
    50.0-180.0 180.0   5.0 450.0                            LAT/LON1/LON2/DLON/H
  163  164  163  161  149  136  124  116  111  105  101  100  101  102  105  107
  106  101   93   83   73   63   55   49   45   41   38   34   31   28   26   25
   26   29   32   36   39   41   44   46   47   49   49   49   48   47   45   42
   40   38   36   36   37   40   44   49   55   60   64   68   74   81   90   99
  106  113  122  125  132  138  144  159  163                                   
    47.5-180.0 180.0   5.0 450.0                            LAT/LON1/LON2/DLON/H
  181  185  184  184  174  162  149  138  129  117  109  104  102  102  105  106
  105  101   93   84   75   68   62   58   55   52   49   45   41   38   35   35
   37   40   44   49   52   55   57   58   59   60   59   59   57   55   52   50
   48   47   46   47   49   52   58   63   68   72   75   78   83   90  100  111
  120  129  140  144  152  159  164  178  181                                   
    45.0-180.0 180.0   5.0 450.0                            LAT/LON1/LON2/DLON/H
  194  201  199  202  196  186  173  162  149  133  121  112  107  105  106  106
  104   99   91   84   77   73   70   68   67   64   61   57   52   48   46   46
   48   52   56   61   64   67   68   69   69   69   68   67   65   63   61   59
   58   57   57   59   62   67   73   80   84   87   89   92   96  102  112  123
  133  143  155  161  170  177  182  194  194                                   
    42.5-180.0 180.0   5.0 450.0                            LAT/LON1/LON2/DLON/H
  200  208  206  212  210  204  193  182  168  150  135  123  115  111  110  108
  104   98   91   85   82   80   80   79   78   75   71   66   60   56   54   54
   57   61   65   69   73   74   75   75   75   75   75   74   72   70   69   68
   67   67   68   71   75   81   88   95  100  103  105  107  111  117  125  135
  144  154  167  174  183  191  195  206  200                                   
    40.0-180.0 180.0   5.0 450.0                            LAT/LON1/LON2/DLON/H
  200  206  204  212  214  211  204  195  183  165  149  136  127  121  118  114
  108  101   95   91   90   91   91   90   88   83   76   69   63   59   58   58
   61   66   70   74   76   78   78   78   79   79   80   80   79   78   76   76
   75   76   77   79   83   90   98  106  112  116  119  122  126  132  139  148
  155  164  176  184  192  200  204  213  200                                   
    37.5-180.0 180.0   5.0 450.0                            LAT/LON1/LON2/DLON/H
  196  198  197  204  208  208  204  199  190  175  160  148  140  134  129  124
  117  110  105  103  104  105  104   99   93   84   76   68   62   58   57   59
   63   67   71   75   78   79   80   80   81   82   83   85   85   84   83   82
   82   81   81   83   86   93  102  112  120  125  130  134  139  146  153  160
  165  172  184  192  200  207  211  220  196                                   
    35.0-180.0 180.0   5.0 450.0                            LAT/LON1/LON2/DLON/H
  194  193  190  194  196  198  196  195  190  179  168  159  153  147  142  136
  129  123  120  120  120  118  113  104   92   80   70   63   58   56   57   59
   63   67   72   75   79   81   81   82   83   85   87   89   90   89   88   87
   85   84   82   82   84   91  101  112  122  130  136  143  151  158  166  172
  176  182  193  201  209  217  221  230  194                                   
    32.5-180.0 180.0   5.0 450.0                            LAT/LON1/LON2/DLON/H
  200  196  190  189  188  189  187  188  187  180  174  169  164  160  155  149
  143  138  136  136  134  128  116  101   87   74   65   59   56   56   59   63
   67   71   75   79   82   85   86   87   88   90   92   94   95   94   92   90
   87   83   80   77   79   85   96  109  120  130  139  149  159  169  179  185
  189  195  206  215  224  232  238  248  200                                   
    30.0-180.0 180.0   5.0 450.0                            LAT/LON1/LON2/DLON/H
  219  213  204  197  192  189  185  185  187  183  180  178  175  172  167  161
  155  150  148  146  140  128  112   94   79   69   63   60   60   63   68   72
   76   80   83   86   90   93   94   94   95   97   99  100  100   98   96   92
   88   82   76   72   72   78   90  104  118  129  140  152  166  180  192  200
  206  212  224  234  245  255  264  275  219                                   
    27.5-180.0 180.0   5.0 450.0                            LAT/LON1/LON2/DLON/H
  253  249  235  222  211  204  197  195  196  194  192  190  188  184  178  171
  164  158  154  148  137  120  101   85   74   69   69   70   74   79   85   90
   93   95   97   99  102  105  105  105  105  106  107  107  106  103   99   94
   88   81   73   67   67   74   87  103  118  131  143  157  174  191  206  218
  226  235  249  259  273  286  298  312  253                                   
    25.0-180.0 180.0   5.0 450.0                            LAT/LON1/LON2/DLON/H
  302  302  283  265  250  238  227  222  221  218  215  211  207  200  191  180
  170  161  152  141  125  107   90   79   76   79   85   92   99  106  113  117
  118  117  116  116  118  119  119  118  116  116  116  115  112  108  103   97
   89   80   71   65   65   74   90  108  124  137  150  165  184  204  223  240
  252  263  278  290  307  324  340  356  302                                   
    22.5-180.0 180.0   5.0 450.0                            LAT/LON1/LON2/DLON/H
  358  365  344  324  308  292  278  270  266  259  253  245  235  223  208  193
  177  162  147  130  111   94   84   83   90  102  114  124  133  141  147  149
  146  141  136  134  133  133  131  129  127  126  125  123  119  114  107   99
   90   80   70   65   67   79   97  117  135  148  161  177  197  220  242  263
  280  295  312  325  345  364  383  401  358                                   
    20.0-180.0 180.0   5.0 450.0                            LAT/LON1/LON2/DLON/H
  414  430  411  392  377  363  349  339  332  322  310  295  277  257  235  211
  188  166  143  122  103   91   90  100  117  137  153  165  173  180  183  181
  174  163  154  148  145  142  140  138  136  135  134  132  127  120  111  101
   90   80   70   66   70   84  105  128  148  162  175  191  212  237  263  288
  310  329  347  361  382  402  425  443  414                                   
    17.5-180.0 180.0   5.0 450.0                            LAT/LON1/LON2/DLON/H
  459  484  473  459  448  439  430  424  417  403  384  361  334  305  273  241
  208  177  148  124  107  103  112  133  159  183  199  207  210  212  211  205
  193  178  165  155  150  147  144  143  143  143  142  140  134  125  114  102
   90   79   70   66   72   88  112  138  159  175  189  206  227  254  283  312
  338  361  381  396  415  435  459  476  459                                   
    15.0-180.0 180.0   5.0 450.0                            LAT/LON1/LON2/DLON/H
  489  521  517  511  508  508  509  510  507  493  470  440  405  367  327  285
  242  202  168  142  130  134  153  182  212  234  242  240  235  231  226  216
  201  183  167  156  149  146  145  145  147  149  150  147  141  130  116  102
   89   78   69   66   72   90  117  144  167  184  200  217  241  269  301  334
  363  389  410  425  443  460  482  498  489                                   
    12.5-180.0 180.0   5.0 450.0                            LAT/LON1/LON2/DLON/H
  503  537  541  542  548  558  570  582  585  575  552  520  483  440  394  344
  293  246  208  183  176  187  212  244  269  279  272  257  243  232  224  213
  197  178  162  151  145  143  143  146  150  154  156  154  146  134  118  102
   88   77   68   66   72   90  117  145  169  188  205  224  250  281  315  351
  383  410  432  447  462  475  496  509  503                                   
    10.0-180.0 180.0   5.0 450.0                            LAT/LON1/LON2/DLON/H
  506  539  547  553  565  583  606  627  639  634  616  588  554  514  468  416
  362  311  271  248  245  260  285  309  319  309  285  256  234  220  212  201
  186  169  155  145  141  140  142  146  152  157  159  157  149  135  118  101
   87   75   67   65   70   87  113  141  166  185  203  225  253  287  324  362
  396  424  446  460  473  482  501  513  506                                   
     7.5-180.0 180.0   5.0 450.0                            LAT/LON1/LON2/DLON/H
  504  535  545  552  566  587  615  643  662  664  653  634  608  576  537  491
  440  392  353  332  330  343  358  363  350  319  278  241  216  203  196  188
