data/edconvlstm_nd/pred1660.15i
     1.0            IONOSPHERE MAPS     GNSS                IONEX VERSION / TYPE
pyspatialgeodesy        IME             05-JAN-18 20:20     PGM / RUN BY / DATE 
Map Name                                                    COMMENT             
Predicted global ionosphere maps (GIM).                     DESCRIPTION         
  2015     6    15     0     0     0                        EPOCH OF FIRST MAP  
  2015     6    16     0     0     0                        EPOCH OF LAST MAP   
  7200                                                      INTERVAL            
    13                                                      # OF MAPS IN FILE   
  NONE                                                      MAPPING FUNCTION    
10.0                                                        ELEVATION CUTOFF    
One-way carrier phase leveled to code                       OBSERVABLES USED    
  6371.0                                                    BASE RADIUS         
 2                                                          MAP DIMENSION       
   450.0 450.0   0.0                                        HGT1 / HGT2 / DHGT  
    87.5 -87.5  -2.5                                        LAT1 / LAT2 / DLAT  
  -180.0 180.0   5.0                                        LON1 / LON2 / DLON  
    -1                                                      EXPONENT            
                                                            END OF HEADER       
[from data line 1716]
     5                                                      START OF TEC MAP    
  2015     6    15     8     0     0                        EPOCH OF CURRENT MAP
    87.5-180.0 180.0   5.0 450.0                            LAT/LON1/LON2/DLON/H
  178  171  167  169  171  170  168  166  168  169  169  170  170  170  171  171
  171  171  171  171  171  171  171  171  171  170  170  169  169  168  168  167
  167  166  166  165  165  164  164  164  163  163  163  163  164  164  164  164
  165  165  165  165  165  165  165  165  165  165  164  164  164  163  163  163
  163  164  163  163  167  166  168  171  178                                   
    85.0-180.0 180.0   5.0 450.0                            LAT/LON1/LON2/DLON/H
  172  169  173  172  174  174  175  175  177  178  178  180  180  181  181  182
  182  183  183  183  183  183  183  182  182  182  181  181  180  179  179  178
  177  176  175  174  173  172  171  171  170  170  170  170  170  171  171  172
  172  173  173  173  173  173  173  172  172  171  171  170  169  168  168  167
  168  169  165  167  163  162  167  171  172                                   
    82.5-180.0 180.0   5.0 450.0                            LAT/LON1/LON2/DLON/H
  166  172  172  168  169  171  172  173  176  178  179  181  182  183  184  185
  185  186  186  186  186  186  185  185  184  184  183  182  181  181  179  178
  177  176  174  173  171  170  169  168  168  168  168  169  170  171  172  173
  175  176  176  177  177  177  177  176  175  174  172  170  169  167  165  164
  163  163  159  162  161  161  163  154  166                                   
    80.0-180.0 180.0   5.0 450.0                            LAT/LON1/LON2/DLON/H
  165  168  166  166  166  166  168  170  173  175  176  178  180  181  182  183
  183  183  183  183  182  181  180  179  178  177  176  175  175  174  173  172
  171  170  169  168  167  166  166  166  166  167  169  171  174  176  179  182
  185  187  189  190  190  190  190  189  187  185  182  180  177  174  171  168
  166  164  160  161  159  158  165  152  165                                   
    77.5-180.0 180.0   5.0 450.0                            LAT/LON1/LON2/DLON/H
  168  166  166  166  165  165  167  168  171  173  174  176  177  178  179  180
  180  180  180  179  178  176  174  172  171  169  168  167  167  167  167  167
  168  168  168  168  168  168  168  170  171  174  178  182  187  192  197  202
  206  209  211  213  213  213  212  210  208  205  201  197  193  188  183  180
  175  172  165  165  165  160  161  157  168                                   
    75.0-180.0 180.0   5.0 450.0                            LAT/LON1/LON2/DLON/H
  166  165  161  162  162  161  163  164  167  168  169  170  171  172  172  173
  173  173  172  171  168  166  162  159  156  154  152  152  152  154  156  158
  160  162  164  166  167  169  171  174  178  183  189  196  203  210  217  223
  228  232  234  235  235  234  232  230  227  223  219  214  209  203  198  193
  187  183  176  170  167  164  165  160  166                                   
    72.5-180.0 180.0   5.0 450.0                            LAT/LON1/LON2/DLON/H
  166  165  161  161  159  159  161  161  164  165  165  166  166  166  166  166
  166  166  165  164  161  157  152  147  143  140  138  138  140  143  147  152
  157  161  165  169  173  177  181  185  191  198  207  216  225  234  241  248
  252  255  256  255  253  250  247  244  240  237  233  228  223  218  212  207
  201  196  189  183  177  171  171  167  166                                   
    70.0-180.0 180.0   5.0 450.0                            LAT/LON1/LON2/DLON/H
  168  163  159  157  153  151  153  154  157  157  158  158  158  157  157  157
  157  157  156  154  151  146  140  134  128  124  122  122  125  130  136  144
  151  159  166  172  177  183  189  195  203  213  223  234  244  254  262  267
  270  269  267  263  258  253  248  244  240  237  235  232  228  224  219  216
  210  205  199  192  186  181  182  178  168                                   
    67.5-180.0 180.0   5.0 450.0                            LAT/LON1/LON2/DLON/H
  168  162  157  153  148  145  146  147  150  151  152  152  151  150  149  149
  149  149  149  147  144  138  132  124  117  112  110  111  114  121  129  139
  148  158  167  175  183  190  198  206  216  227  239  252  263  272  279  282
  281  277  271  263  254  246  240  235  232  230  229  228  227  225  223  221
  217  214  208  201  195  191  190  187  168                                   
    65.0-180.0 180.0   5.0 450.0                            LAT/LON1/LON2/DLON/H
  171  163  155  148  141  137  138  139  142  144  145  145  144  143  142  141
  142  142  143  142  138  133  126  118  110  105  103  105  110  117  127  138
  149  160  171  181  190  199  208  219  230  243  257  270  281  290  294  294
  290  281  270  258  246  235  227  222  219  219  220  221  223  223  223  223
  221  220  215  211  206  203  204  200  171                                   
    62.5-180.0 180.0   5.0 450.0                            LAT/LON1/LON2/DLON/H
  176  168  157  147  137  130  129  130  133  135  137  138  137  135  134  133
  134  135  136  135  132  127  120  113  106  102  101  104  110  118  128  140
  152  164  175  186  197  207  218  230  243  258  272  286  297  304  307  304
  296  284  269  253  239  226  217  211  209  209  211  215  218  220  222  224
  224  224  221  219  216  215  216  213  176                                   
    60.0-180.0 180.0   5.0 450.0                            LAT/LON1/LON2/DLON/H
  184  176  164  150  136  126  123  121  123  125  127  128  127  125  124  123
  124  125  127  127  124  120  114  108  103  101  102  107  113  122  133  144
  156  168  179  191  202  214  226  240  254  270  285  299  310  316  317  312
  302  288  271  254  237  224  214  207  204  205  207  211  215  218  221  223
  224  226  225  225  225  226  228  226  184                                   
    57.5-180.0 180.0   5.0 450.0                            LAT/LON1/LON2/DLON/H
  199  191  177  160  143  129  121  116  115  116  117  118  117  115  113  112
  113  115  116  117  115  111  107  103  101  102  106  112  121  130  141  151
  161  172  184  195  208  221  234  249  265  281  297  311  322  327  327  321
  310  296  279  262  246  232  222  214  210  209  210  213  216  219  221  224
  226  228  229  231  233  238  241  240  199                                   
    55.0-180.0 180.0   5.0 450.0                            LAT/LON1/LON2/DLON/H
  218  212  198  179  158  140  127  116  112  109  108  107  106  104  102  102
  103  104  106  106  104  101   98   97   98  103  110  120  130  140  149  159
  168  177  188  200  213  227  242  258  275  291  307  321  331  336  336  331
  322  309  295  280  265  252  240  231  225  221  220  220  221  222  224  226
  227  231  233  236  240  248  254  252  218                                   
    52.5-180.0 180.0   5.0 450.0                            LAT/LON1/LON2/DLON/H
  240  238  225  205  183  160  142  125  115  107  103  100   98   96   94   94
   95   96   97   97   95   93   91   92   97  105  116  127  139  150  159  167
  175  184  194  207  220  236  251  268  284  301  316  329  339  345  346  343
  336  327  316  304  291  278  266  255  246  239  234  231  229  228  228  229
  231  234  237  241  247  258  265  264  240                                   
    50.0-180.0 180.0   5.0 450.0                            LAT/LON1/LON2/DLON/H
  263  264  254  235  212  187  164  142  125  112  104   99   95   92   91   91
   92   93   93   92   90   87   87   90   97  108  121  135  148  159  167  175
  183  192  202  215  230  246  262  279  295  311  325  338  348  355  358  357
  354  348  340  330  319  306  292  279  267  256  248  242  238  235  234  235
  236  239  242  246  254  266  274  274  263                                   
    47.5-180.0 180.0   5.0 450.0                            LAT/LON1/LON2/DLON/H
  282  285  278  262  241  216  191  164  142  124  112  103   98   94   92   92
   93   95   95   93   90   88   88   92  100  113  127  142  155  166  175  183
  192  201  213  226  241  258  275  291  307  322  336  348  359  366  371  373
  372  369  363  354  343  328  313  297  282  270  259  251  246  242  241  241
  242  245  248  252  260  273  281  280  282                                   
    45.0-180.0 180.0   5.0 450.0                            LAT/LON1/LON2/DLON/H
  293  298  293  279  263  240  214  186  161  140  124  113  106  101   99   99
  100  101  101   99   96   93   93   98  107  119  134  148  161  172  182  192
  202  212  225  239  255  272  289  305  321  335  348  361  372  380  387  390
  391  389  383  374  360  344  326  308  293  279  268  259  253  250  249  250
  251  254  257  260  266  278  286  283  293                                   
    42.5-180.0 180.0   5.0 450.0                            LAT/LON1/LON2/DLON/H
  294  298  294  283  271  251  229  203  178  156  139  126  117  111  108  108
  110  111  111  109  105  103  103  107  116  128  141  154  166  177  188  200
  212  224  238  253  269  286  304  321  336  350  363  375  387  397  404  409
  411  408  401  390  374  355  335  316  301  288  277  269  263  259  259  261
  263  266  268  270  273  283  289  285  294                                   
    40.0-180.0 180.0   5.0 450.0                            LAT/LON1/LON2/DLON/H
  287  287  282  273  264  249  231  210  188  168  152  139  130  123  120  119
  121  122  122  120  117  114  115  119  127  137  148  159  170  182  195  209
  223  237  251  266  283  301  319  336  352  365  378  391  404  415  424  429
  431  428  420  407  389  368  347  329  314  301  291  283  277  273  273  276
  279  282  283  282  283  289  292  286  287                                   
    37.5-180.0 180.0   5.0 450.0                            LAT/LON1/LON2/DLON/H
  277  271  264  253  246  234  222  206  191  175  162  151  142  135  131  131
  132  133  133  131  128  126  127  132  138  146  155  164  175  188  202  218
  233  249  263  279  296  314  333  351  366  380  393  407  420  433  443  450
  453  451  443  430  412  391  371  353  338  326  315  305  298  294  293  296
  299  302  302  298  295  297  297  289  277                                   
    35.0-180.0 180.0   5.0 450.0                            LAT/LON1/LON2/DLON/H
  270  255  245  233  224  215  207  197  187  177  168  160  152  146  143  141
  142  142  141  140  138  137  139  143  149  155  162  170  181  194  210  227
  244  260  275  290  307  326  345  362  377  391  405  419  434  449  461  470
  476  476  472  462  447  429  410  393  378  365  352  339  328  321  318  320
  323  326  324  318  311  309  306  297  270                                   
    32.5-180.0 180.0   5.0 450.0                            LAT/LON1/LON2/DLON/H
  271  249  234  220  209  199  193  187  183  178  174  168  163  157  154  152
  151  150  148  146  145  146  150  154  159  164  169  177  187  201  218  236
  254  270  285  300  316  334  352  370  384  398  412  427  444  461  476  489
  498  504  505  502  494  482  467  452  436  419  401  383  366  354  348  347
  349  351  348  340  330  325  320  311  271                                   
    30.0-180.0 180.0   5.0 450.0                            LAT/LON1/LON2/DLON/H
  285  257  238  222  206  195  189  184  183  182  181  179  174  169  165  162
  160  157  154  152  152  154  159  164  169  173  177  184  194  208  225  244
  262  278  292  307  322  339  356  372  386  399  413  430  449  468  487  503
  518  531  541  548  550  546  537  524  506  485  460  434  410  391  380  376
  375  376  372  362  351  344  337  330  285                                   
    27.5-180.0 180.0   5.0 450.0                            LAT/LON1/LON2/DLON/H
  311  280  259  243  222  209  200  195  194  194  194  193  189  184  179  175
  170  165  160  157  158  162  168  174  179  182  185  191  201  215  231  249
  266  282  296  310  325  341  357  371  384  397  411  428  448  470  492  513
  534  554  574  592  605  611  608  596  576  549  517  482  451  426  410  402
  399  398  394  383  371  364  357  352  311                                   
    25.0-180.0 180.0   5.0 450.0                            LAT/LON1/LON2/DLON/H
  344  315  294  279  255  240  228  220  217  216  215  213  209  202  196  189
  182  174  167  163  164  170  177  184  188  191  193  197  205  218  233  250
  267  282  297  311  325  340  355  368  380  392  406  424  445  469  493  518
  543  569  597  624  646  659  660  650  627  596  557  518  481  452  433  422
  418  416  411  400  388  382  376  372  344                                   
    22.5-180.0 180.0   5.0 450.0                            LAT/LON1/LON2/DLON/H
  377  353  336  325  301  285  269  258  251  247  243  239  232  224  215  206
  195  185  176  171  172  178  187  194  197  198  198  200  206  217  230  246
  262  278  294  309  324  338  352  365  376  388  402  420  442  466  492  518
  545  575  606  637  662  678  682  672  648  615  575  534  497  468  448  437
  431  429  424  413  401  395  391  387  377                                   
    20.0-180.0 180.0   5.0 450.0                            LAT/LON1/LON2/DLON/H
  402  385  373  369  349  334  316  302  291  283  275  267  257  246  235  223
  209  196  184  179  180  187  195  202  205  203  200  199  202  210  222  237
  253  271  288  305  322  337  352  364  376  388  402  420  441  465  490  515
  542  570  600  629  653  668  672  664  642  610  573  535  502  476  458  447
  442  439  434  423  411  404  399  394  402                                   
    17.5-180.0 180.0   5.0 450.0                            LAT/LON1/LON2/DLON/H
  410  400  395  397  386  373  356  342  327  316  304  292  279  266  252  237
  221  205  192  185  186  193  202  208  209  204  198  193  193  198  209  224
  242  261  282  302  321  339  355  368  381  393  407  424  444  467  490  514
  537  560  584  606  625  638  642  637  620  594  562  531  504  482  468  458
  453  450  444  432  419  409  401  392  410                                   
    15.0-180.0 180.0   5.0 450.0                            LAT/LON1/LON2/DLON/H
  401  395  395  401  400  392  378  365  351  337  323  308  293  278  262  246
  228  210  196  188  188  195  204  209  208  201  191  183  180  183  194  210
  230  253  276  300  322  343  361  376  390  404  418  434  452  473  495  515
  533  550  565  579  591  601  607  605  595  576  553  529  509  492  480  472
  467  464  457  443  428  412  399  386  401                                   
    12.5-180.0 180.0   5.0 450.0                            LAT/LON1/LON2/DLON/H
  382  375  377  383  389  385  375  366  353  340  325  310  294  279  263  246
  228  210  195  186  186  192  200  204  202  192  180  169  164  167  178  196
  219  245  271  298  324  347  368  387  402  417  431  446  463  483  502  520
  535  546  553  559  565  572  578  581  577  566  551  534  519  507  498  490
  485  481  473  458  440  416  399  380  382                                   
    10.0-180.0 180.0   5.0 450.0                            LAT/LON1/LON2/DLON/H
  361  351  351  352  361  358  351  345  336  325  311  296  281  267  253  238
  220  203  188  179  177  182  189  193  190  180  166  154  149  153  165  185
  210  238  267  296  324  350  374  395  413  428  442  457  474  493  512  530
  543  551  553  554  555  560  567  573  574  569  560  548  537  527  518  510
  504  500  492  477  456  425  402  379  361                                   
     7.5-180.0 180.0   5.0 450.0                            LAT/LON1/LON2/DLON/H
  349  332  327  323  329  325  319  315  308  298  285  271  257  245  234  222
  207  191  177  168  165  168  173  176  173  164  151  140  136  141  155  176
