data/edconvlstm_nd/pred1830.15i
     1.0            IONOSPHERE MAPS     GNSS                IONEX VERSION / TYPE
pyspatialgeodesy        IME             05-JAN-18 20:20     PGM / RUN BY / DATE 
Map Name                                                    COMMENT             
Predicted global ionosphere maps (GIM).                     DESCRIPTION         
  2015     7     2     0     0     0                        EPOCH OF FIRST MAP  
  2015     7     3     0     0     0                        EPOCH OF LAST MAP   
  7200                                                      INTERVAL            
    13                                                      # OF MAPS IN FILE   
  NONE                                                      MAPPING FUNCTION    
10.0                                                        ELEVATION CUTOFF    
One-way carrier phase leveled to code                       OBSERVABLES USED    
  6371.0                                                    BASE RADIUS         
 2                                                          MAP DIMENSION       
   450.0 450.0   0.0                                        HGT1 / HGT2 / DHGT  
    87.5 -87.5  -2.5                                        LAT1 / LAT2 / DLAT  
  -180.0 180.0   5.0                                        LON1 / LON2 / DLON  
    -1                                                      EXPONENT            
                                                            END OF HEADER       
[from data line 1287]
     4                                                      START OF TEC MAP    
  2015     7     2     6     0     0                        EPOCH OF CURRENT MAP
    87.5-180.0 180.0   5.0 450.0                            LAT/LON1/LON2/DLON/H
  149  148  145  149  149  147  144  141  142  143  142  143  143  143  143  143
  143  142  142  142  142  141  141  140  140  140  139  139  138  138  138  138
  137  137  137  137  137  137  137  137  137  138  138  139  139  140  140  141
  141  142  142  142  143  143  143  143  143  143  143  143  143  142  142  142
  143  145  143  143  148  147  150  146  149                                   
    85.0-180.0 180.0   5.0 450.0                            LAT/LON1/LON2/DLON/H
  149  156  153  154  155  154  154  153  153  153  153  153  153  153  153  153
  153  153  153  153  153  153  152  152  151  151  151  150  150  150  149  149
  149  149  149  148  148  148  148  148  149  149  150  150  151  152  153  153
  154  155  156  156  157  157  157  157  158  158  158  157  157  157  156  156
  158  159  155  156  151  153  154  152  149                                   
    82.5-180.0 180.0   5.0 450.0                            LAT/LON1/LON2/DLON/H
  156  159  160  154  153  153  152  151  151  151  151  151  151  151  152  152
  152  152  152  152  152  152  152  151  151  150  150  150  149  149  149  149
  149  149  149  149  149  149  149  150  150  151  151  152  153  154  156  157
  158  159  160  161  161  162  162  162  162  162  162  162  161  160  160  160
  159  159  155  157  158  156  153  146  156                                   
    80.0-180.0 180.0   5.0 450.0                            LAT/LON1/LON2/DLON/H
  157  159  155  153  153  152  152  151  151  150  149  149  149  150  150  151
  151  152  152  152  152  152  151  150  149  149  148  148  148  148  148  149
  149  150  150  150  151  151  151  151  152  152  153  155  156  158  160  162
  164  165  167  168  168  169  169  169  169  168  168  167  166  165  164  164
  163  161  158  159  160  161  164  150  157                                   
    77.5-180.0 180.0   5.0 450.0                            LAT/LON1/LON2/DLON/H
  156  157  155  155  152  153  152  151  150  148  147  147  147  147  148  149
  150  151  152  152  152  152  151  150  148  147  146  146  146  147  149  150
  152  154  155  156  156  157  157  157  158  159  160  162  164  167  169  172
  174  176  177  178  179  179  178  178  177  176  175  174  173  171  170  169
  167  166  160  162  163  160  159  154  156                                   
    75.0-180.0 180.0   5.0 450.0                            LAT/LON1/LON2/DLON/H
  151  155  150  152  150  152  151  148  147  145  142  142  141  142  143  144
  146  147  148  149  149  148  146  144  142  141  139  139  140  142  144  147
  150  153  156  158  159  160  160  160  161  162  164  166  169  173  176  179
  181  183  184  185  184  184  182  181  180  178  177  176  175  173  172  171
  169  167  162  159  159  158  157  152  151                                   
    72.5-180.0 180.0   5.0 450.0                            LAT/LON1/LON2/DLON/H
  147  154  150  151  150  152  151  149  147  144  141  140  139  139  140  142
  144  146  147  148  148  147  144  141  138  136  134  134  135  138  143  148
  153  157  161  164  166  167  167  167  168  169  172  175  178  182  186  189
  191  192  192  192  190  188  185  183  181  179  178  177  176  176  175  174
  173  170  166  163  161  157  155  151  147                                   
    70.0-180.0 180.0   5.0 450.0                            LAT/LON1/LON2/DLON/H
  148  151  148  148  147  148  148  146  143  140  137  135  133  133  134  136
  138  140  142  143  143  140  137  133  129  125  124  124  126  130  136  143
  151  157  162  166  168  170  170  170  171  173  175  179  183  188  192  195
  196  196  195  192  188  184  181  177  174  173  172  171  172  172  172  173
  172  169  166  163  160  157  156  152  148                                   
    67.5-180.0 180.0   5.0 450.0                            LAT/LON1/LON2/DLON/H
  144  148  144  145  144  145  145  143  141  137  133  131  129  128  129  130
  132  135  136  137  136  133  129  124  119  115  113  114  117  123  130  139
  148  155  162  166  169  170  170  171  172  174  177  181  186  191  195  198
  198  197  193  189  183  177  172  168  164  162  162  162  164  165  167  169
  169  167  164  161  158  155  154  151  144                                   
    65.0-180.0 180.0   5.0 450.0                            LAT/LON1/LON2/DLON/H
  143  147  143  143  143  144  144  142  140  136  132  130  127  126  126  126
  128  130  131  131  129  126  121  115  110  106  105  106  110  118  127  137
  147  155  162  167  170  171  172  172  174  177  181  186  191  197  200  202
  201  198  193  187  179  172  165  160  156  155  154  156  158  161  164  166
  167  166  164  161  159  157  157  154  143                                   
    62.5-180.0 180.0   5.0 450.0                            LAT/LON1/LON2/DLON/H
  144  149  144  145  143  145  144  142  139  136  132  129  126  124  123  123
  123  124  124  123  121  117  112  107  102   99   98  101  106  115  125  135
  146  155  161  166  169  171  172  173  176  179  184  190  196  201  204  205
  204  200  193  185  177  169  161  156  152  150  150  151  154  157  161  164
  166  166  164  162  160  159  160  159  144                                   
    60.0-180.0 180.0   5.0 450.0                            LAT/LON1/LON2/DLON/H
  149  153  149  148  146  147  146  143  139  135  131  128  124  121  120  118
  117  117  116  114  111  107  102   98   94   92   93   97  104  113  123  134
  144  152  159  164  167  169  171  174  177  181  186  193  199  204  207  208
  206  201  194  186  178  170  162  156  152  150  149  151  153  156  159  163
  165  165  163  162  161  162  164  164  149                                   
    57.5-180.0 180.0   5.0 450.0                            LAT/LON1/LON2/DLON/H
  157  162  158  157  153  153  150  145  141  135  130  126  122  118  115  113
  111  109  108  105  102   98   94   90   88   88   91   96  104  113  124  134
  143  151  157  162  166  169  173  176  180  184  190  196  202  207  210  210
  208  204  199  192  184  177  170  164  160  157  156  156  157  158  161  163
  165  165  164  164  164  166  170  171  157                                   
    55.0-180.0 180.0   5.0 450.0                            LAT/LON1/LON2/DLON/H
  168  173  170  168  164  162  157  150  144  136  129  123  118  113  110  107
  104  102   99   97   93   90   87   85   85   86   90   97  105  115  124  133
  141  148  154  160  166  170  175  179  184  188  193  199  204  208  212  213
  212  210  206  201  195  189  183  178  173  170  167  165  164  164  164  165
  165  165  165  165  167  171  176  178  168                                   
    52.5-180.0 180.0   5.0 450.0                            LAT/LON1/LON2/DLON/H
  180  187  185  182  178  173  167  158  149  138  129  121  114  108  103  100
   97   95   93   91   88   86   84   83   84   87   92   99  108  117  125  133
  140  146  153  160  167  174  180  185  189  193  197  202  206  210  214  217
  218  218  217  214  210  206  201  195  190  186  181  177  174  171  169  168
  167  167  166  168  171  176  182  184  180                                   
    50.0-180.0 180.0   5.0 450.0                            LAT/LON1/LON2/DLON/H
  193  200  199  197  192  186  179  167  156  143  130  120  111  103   98   95
   93   91   90   88   86   85   84   85   87   91   97  103  111  119  126  132
  139  145  153  161  170  179  187  192  197  200  203  206  209  214  218  223
  226  229  230  229  227  224  219  214  208  202  196  190  185  180  176  173
  171  170  169  171  175  182  187  189  193                                   
    47.5-180.0 180.0   5.0 450.0                            LAT/LON1/LON2/DLON/H
  202  210  210  209  205  199  190  177  164  148  133  121  109  100   94   91
   90   90   90   89   88   88   89   90   93   97  102  108  114  120  126  132
  138  145  154  164  175  186  194  201  204  207  208  211  214  219  224  231
  237  241  244  245  244  240  236  230  224  217  210  203  195  188  183  180
  177  175  174  176  180  187  192  192  202                                   
    45.0-180.0 180.0   5.0 450.0                            LAT/LON1/LON2/DLON/H
  208  215  216  216  213  208  200  186  172  155  138  124  111  101   94   91
   90   91   93   93   94   95   96   99  102  106  110  114  118  122  127  132
  138  146  156  168  181  193  202  209  212  214  215  217  220  225  233  241
  249  255  259  260  259  255  250  244  238  230  222  213  205  197  191  187
  184  182  181  183  186  192  196  195  208                                   
    42.5-180.0 180.0   5.0 450.0                            LAT/LON1/LON2/DLON/H
  209  216  217  216  215  211  205  192  178  161  144  129  115  104   96   93
   93   95   98   99  101  103  106  109  113  116  118  120  122  124  128  133
  140  148  159  172  186  199  209  216  220  221  222  224  228  234  243  252
  261  268  272  273  271  267  262  256  250  242  233  224  215  206  200  197
  194  193  191  191  194  197  200  197  209                                   
    40.0-180.0 180.0   5.0 450.0                            LAT/LON1/LON2/DLON/H
  208  213  213  211  212  209  205  194  182  165  149  135  121  109  102   98
   99  101  104  106  109  112  116  121  124  127  127  127  127  128  130  135
  142  151  163  176  189  203  213  221  226  228  229  231  236  243  253  263
  273  280  284  285  283  279  274  269  263  255  247  237  227  219  213  210
  207  206  203  203  203  204  205  201  208                                   
    37.5-180.0 180.0   5.0 450.0                            LAT/LON1/LON2/DLON/H
  209  210  208  204  206  204  200  192  182  168  154  141  128  116  109  105
  105  107  110  112  116  120  126  132  137  138  137  135  133  133  134  139
  146  154  165  178  191  204  215  224  230  233  235  239  244  252  262  273
  283  290  294  295  294  291  288  284  280  273  265  255  244  235  229  226
  223  222  219  217  216  213  214  207  209                                   
    35.0-180.0 180.0   5.0 450.0                            LAT/LON1/LON2/DLON/H
  214  211  207  200  201  198  195  188  179  168  156  145  134  124  116  112
  111  112  114  117  122  128  136  144  149  150  148  144  141  139  140  143
  149  157  166  177  190  203  215  225  232  236  240  244  250  259  269  280
  290  297  302  304  305  306  306  305  302  297  289  278  267  257  250  246
  243  241  237  234  231  226  225  218  214                                   
    32.5-180.0 180.0   5.0 450.0                            LAT/LON1/LON2/DLON/H
  226  220  214  203  201  196  191  184  177  167  158  149  140  131  123  118
  116  116  118  121  127  136  146  155  161  162  159  154  149  146  145  148
  152  158  166  175  186  199  211  223  231  238  242  247  254  263  273  284
  294  302  308  314  319  324  328  330  330  326  318  307  295  284  275  270
  265  263  258  254  250  243  241  233  226                                   
    30.0-180.0 180.0   5.0 450.0                            LAT/LON1/LON2/DLON/H
  247  239  230  216  210  201  194  185  176  167  159  152  145  137  129  124
  121  119  120  124  132  143  156  167  173  173  169  162  156  152  150  151
  153  157  162  170  180  192  206  218  229  236  242  247  254  263  274  285
  296  305  314  324  334  344  352  358  360  357  350  339  327  314  304  296
  290  286  280  275  270  263  260  252  247                                   
    27.5-180.0 180.0   5.0 450.0                            LAT/LON1/LON2/DLON/H
  274  266  256  238  229  216  205  192  182  170  162  156  149  142  135  129
  124  122  122  127  138  152  167  178  183  182  177  169  161  155  152  150
  151  152  155  162  171  184  199  213  224  233  240  246  253  262  273  285
  296  308  320  334  349  364  376  384  388  386  380  371  358  345  333  324
  315  309  302  297  292  285  280  273  274                                   
    25.0-180.0 180.0   5.0 450.0                            LAT/LON1/LON2/DLON/H
  304  297  286  268  255  238  224  208  193  179  168  161  154  148  141  134
  128  125  125  132  145  162  179  189  192  188  181  171  162  154  149  145
  143  143  145  151  161  175  190  205  218  228  236  243  251  260  272  285
  298  312  327  345  363  381  396  406  410  410  405  397  386  374  361  350
  340  332  324  318  313  307  301  293  304                                   
    22.5-180.0 180.0   5.0 450.0                            LAT/LON1/LON2/DLON/H
  330  325  316  298  283  265  248  229  211  193  179  169  162  155  148  140
  134  130  131  140  155  174  190  198  198  191  180  168  157  148  140  135
  131  129  131  137  149  164  181  197  211  223  232  241  250  261  274  288
  302  318  335  354  375  394  409  419  424  425  422  416  408  397  386  374
  363  354  345  338  332  327  319  311  330                                   
    20.0-180.0 180.0   5.0 450.0                            LAT/LON1/LON2/DLON/H
  348  345  337  321  307  288  271  252  232  211  193  181  171  164  156  149
  142  137  139  149  166  185  200  205  199  188  173  159  147  136  127  120
  115  113  116  123  136  153  172  189  205  218  231  242  253  266  280  294
  309  325  343  362  382  400  414  423  428  430  430  427  422  415  406  396
  384  374  365  357  350  344  334  325  348                                   
    17.5-180.0 180.0   5.0 450.0                            LAT/LON1/LON2/DLON/H
  354  352  345  330  318  301  286  269  250  228  208  194  183  175  167  160
  152  148  151  161  178  195  206  206  196  179  161  146  132  121  111  103
   98   97  100  109  124  143  163  182  200  216  231  246  260  274  289  304
  319  334  350  368  385  400  412  420  425  429  431  432  432  428  422  414
  404  394  384  374  366  357  345  335  354                                   
    15.0-180.0 180.0   5.0 450.0                            LAT/LON1/LON2/DLON/H
  350  345  339  324  315  300  289  276  260  240  221  206  195  187  180  172
  165  161  163  173  188  202  208  202  186  166  146  129  116  105   95   87
   82   81   86   96  114  134  156  177  197  216  235  253  269  285  300  315
  329  342  356  370  384  396  405  413  419  425  430  435  437  437  434  428
  420  411  401  390  380  368  354  340  350                                   
    12.5-180.0 180.0   5.0 450.0                            LAT/LON1/LON2/DLON/H
  339  331  323  307  299  286  278  271  260  245  228  215  205  198  192  185
  178  173  174  182  193  203  203  192  172  149  128  112  100   90   81   74
   69   68   73   85  104  126  150  173  195  218  240  260  279  296  311  324
  337  348  360  371  381  391  399  407  415  424  432  438  442  443  442  438
  432  425  415  403  391  376  360  344  339                                   
    10.0-180.0 180.0   5.0 450.0                            LAT/LON1/LON2/DLON/H
  328  315  305  286  277  265  259  256  251  240  228  218  211  206  201  195
  188  184  183  187  194  197  192  177  154  130  111   97   87   78   71   64
   60   59   64   76   96  119  145  170  195  219  244  267  287  304  318  330
  340  350  360  369  378  387  397  407  418  429  438  443  446  446  445  444
  439  434  425  413  401  384  366  348  328                                   
     7.5-180.0 180.0   5.0 450.0                            LAT/LON1/LON2/DLON/H
  322  304  291  269  258  245  239  237  235  229  221  216  211  209  205  201
  195  189  187  187  188  186  176  157  134  112   96   85   78   71   65   59
