data/edconvlstm_nd/pred2280.15i
     1.0            IONOSPHERE MAPS     GNSS                IONEX VERSION / TYPE
pyspatialgeodesy        IME             05-JAN-18 20:20     PGM / RUN BY / DATE 
Map Name                                                    COMMENT             
Predicted global ionosphere maps (GIM).                     DESCRIPTION         
  2015     8    16     0     0     0                        EPOCH OF FIRST MAP  
  2015     8    17     0     0     0                        EPOCH OF LAST MAP   
  7200                                                      INTERVAL            
    13                                                      # OF MAPS IN FILE   
  NONE                                                      MAPPING FUNCTION    
10.0                                                        ELEVATION CUTOFF    
One-way carrier phase leveled to code                       OBSERVABLES USED    
  6371.0                                                    BASE RADIUS         
 2                                                          MAP DIMENSION       
   450.0 450.0   0.0                                        HGT1 / HGT2 / DHGT  
    87.5 -87.5  -2.5                                        LAT1 / LAT2 / DLAT  
  -180.0 180.0   5.0                                        LON1 / LON2 / DLON  
    -1                                                      EXPONENT            
                                                            END OF HEADER       
[from data line 1287]
     4                                                      START OF TEC MAP    
  2015     8    16     6     0     0                        EPOCH OF CURRENT MAP
    87.5-180.0 180.0   5.0 450.0                            LAT/LON1/LON2/DLON/H
   85   90   88   91   91   90   87   84   84   85   85   86   86   86   86   86
   86   86   86   85   85   84   84   83   82   82   81   81   81   80   80   80
   80   80   80   79   79   79   79   79   79   79   79   79   79   80   80   80
   81   81   81   82   82   82   83   83   83   83   83   83   83   82   82   82
   83   84   83   83   88   92   99   96   85                                   
    85.0-180.0 180.0   5.0 450.0                            LAT/LON1/LON2/DLON/H
   82   99   97   97   99  100   99   98   98   99   98   99   99  100  100  100
   99   99   99   98   98   97   96   95   94   94   93   93   92   92   92   92
   92   92   92   92   92   92   92   92   92   92   92   92   92   93   93   93
   94   94   94   95   95   96   96   96   96   96   96   96   96   96   95   95
   97   98   94   95   93   97  102   97   82                                   
    82.5-180.0 180.0   5.0 450.0                            LAT/LON1/LON2/DLON/H
   88   99  106  100  100  102  101  100  101  102  101  103  103  103  103  103
  103  102  101  101   99   98   97   95   94   93   92   92   91   91   92   92
   93   93   94   94   95   95   95   96   96   96   96   96   97   97   98   99
   99  100  101  102  102  103  103  103  103  103  103  103  102  101  100  101
  101  101   98   98  101   98   94   90   88                                   
    80.0-180.0 180.0   5.0 450.0                            LAT/LON1/LON2/DLON/H
   96  101  101   99  100  100  100   99   99  100   99  100  100  100  100  100
  100  100   99   98   96   94   92   90   89   87   86   86   85   86   87   88
   89   91   93   94   95   96   97   97   98   98   99   99  100  101  102  103
  105  106  107  108  109  110  110  110  110  110  109  108  107  106  105  104
  104  102  101  101  104  104  104   95   96                                   
    77.5-180.0 180.0   5.0 450.0                            LAT/LON1/LON2/DLON/H
   99  103  102  101   98  100  100   99   98   97   95   96   96   96   96   96
   96   96   96   94   93   90   88   85   83   81   80   79   80   81   83   85
   88   91   94   96   98  100  101  102  103  103  104  105  107  108  110  112
  114  117  118  120  121  122  123  123  122  121  120  118  117  115  113  112
  110  109  105  106  106  102  101   98   99                                   
    75.0-180.0 180.0   5.0 450.0                            LAT/LON1/LON2/DLON/H
   95  103   98   98   94   97   96   93   91   89   86   85   84   85   85   86
   86   87   87   86   84   81   78   75   72   70   69   68   69   70   73   77
   81   85   89   93   96   98  100  101  102  103  104  106  108  110  113  116
  119  122  124  126  127  128  129  128  128  126  125  123  121  119  117  115
  113  111  108  104  105  103  103  100   95                                   
    72.5-180.0 180.0   5.0 450.0                            LAT/LON1/LON2/DLON/H
   97  106  101  100   97   99   97   93   89   86   82   80   78   78   79   80
   82   83   83   83   81   78   75   71   67   65   63   62   63   66   70   74
   80   85   91   95   99  102  104  106  107  109  111  113  116  120  123  127
  130  133  135  137  138  139  139  138  137  136  134  132  130  128  126  125
  123  121  118  115  113  110  107  105   97                                   
    70.0-180.0 180.0   5.0 450.0                            LAT/LON1/LON2/DLON/H
  104  108  105  103   98   98   95   89   84   79   74   71   69   68   69   71
   73   74   75   75   73   71   67   63   59   56   55   54   56   59   63   69
   75   82   88   93   98  101  104  106  108  110  113  117  121  125  130  134
  137  139  141  142  142  142  141  140  139  137  136  134  132  131  129  129
  128  126  124  122  119  116  116  112  104                                   
    67.5-180.0 180.0   5.0 450.0                            LAT/LON1/LON2/DLON/H
  106  109  106  104  100   98   93   87   80   74   67   63   60   59   60   62
   64   66   67   67   66   63   59   55   52   49   47   47   49   53   57   63
   70   76   83   88   93   97  100  102  105  109  113  118  124  129  133  137
  139  140  140  140  139  137  136  135  134  132  131  130  129  128  128  129
  129  128  127  125  123  120  118  115  106                                   
    65.0-180.0 180.0   5.0 450.0                            LAT/LON1/LON2/DLON/H
  110  112  108  106  102  100   95   88   80   73   65   60   56   55   55   57
   58   60   61   61   59   56   53   49   46   44   43   44   46   50   54   60
   66   73   79   85   90   94   97  101  105  110  116  123  130  136  140  143
  143  143  141  139  136  134  132  131  130  129  129  128  128  128  129  130
  131  131  131  130  128  125  123  120  110                                   
    62.5-180.0 180.0   5.0 450.0                            LAT/LON1/LON2/DLON/H
  113  115  111  109  105  103   98   90   82   74   65   60   55   53   53   53
   54   55   55   54   51   48   45   43   41   40   40   42   44   48   53   58
   63   69   75   80   85   90   94   99  105  112  121  129  137  143  147  149
  148  145  141  138  134  131  129  128  128  127  127  128  128  128  129  131
  133  134  134  133  131  128  126  123  113                                   
    60.0-180.0 180.0   5.0 450.0                            LAT/LON1/LON2/DLON/H
  116  118  114  111  108  106  101   93   85   75   67   61   56   53   51   50
   50   49   47   45   42   40   37   36   35   35   37   39   43   47   51   55
   60   65   70   75   80   85   91   98  106  115  125  135  144  151  154  155
  152  148  143  138  134  131  129  129  128  129  129  129  129  129  130  132
  133  134  135  134  132  129  127  123  116                                   
    57.5-180.0 180.0   5.0 450.0                            LAT/LON1/LON2/DLON/H
  120  122  119  116  114  112  106   98   89   79   70   64   58   54   52   50
   47   45   42   38   35   32   30   29   30   32   35   38   42   46   50   54
   58   62   67   73   78   84   91   99  108  120  132  144  154  161  164  163
  160  155  149  144  140  137  136  136  136  136  136  136  136  135  135  136
  136  136  136  135  133  129  127  124  120                                   
    55.0-180.0 180.0   5.0 450.0                            LAT/LON1/LON2/DLON/H
  124  128  125  123  121  119  113  104   94   84   74   67   61   57   53   49
   46   41   37   32   29   26   24   25   26   29   33   38   42   46   50   53
   57   61   66   72   78   84   92  102  113  126  140  153  164  171  174  174
  171  166  160  155  151  149  148  148  148  148  147  146  145  143  142  141
  140  139  138  136  133  130  128  125  124                                   
    52.5-180.0 180.0   5.0 450.0                            LAT/LON1/LON2/DLON/H
  130  136  134  132  130  128  121  111  101   90   79   71   64   59   55   50
   45   40   35   30   26   23   22   23   25   29   34   39   44   48   51   54
   57   61   67   73   80   88   97  107  119  134  149  163  174  182  186  186
  184  180  176  171  168  166  164  163  162  162  160  159  156  154  151  148
  146  144  142  139  135  132  130  128  130                                   
    50.0-180.0 180.0   5.0 450.0                            LAT/LON1/LON2/DLON/H
  137  146  144  143  140  138  131  120  109   97   85   76   68   62   57   52
   46   41   35   30   27   24   24   26   29   33   37   42   47   50   53   56
   59   64   70   77   85   93  103  114  127  142  157  172  184  193  198  200
  200  198  194  191  188  185  183  180  178  175  173  170  167  164  160  157
  153  150  147  143  139  135  134  133  137                                   
    47.5-180.0 180.0   5.0 450.0                            LAT/LON1/LON2/DLON/H
  144  155  154  153  150  147  140  129  117  104   92   82   72   65   59   53
   48   43   38   34   32   30   31   33   37   40   44   48   51   54   57   59
   63   68   75   82   91  100  109  121  134  149  165  180  192  202  209  214
  216  216  214  212  209  205  200  196  191  187  183  180  176  172  168  164
  160  157  153  149  145  141  140  139  144                                   
    45.0-180.0 180.0   5.0 450.0                            LAT/LON1/LON2/DLON/H
  151  162  161  161  157  154  147  136  125  112   98   87   77   69   62   56
   51   47   43   41   40   40   42   45   49   51   54   55   57   59   61   64
   68   73   80   88   96  105  116  127  141  156  171  185  199  210  219  227
  231  234  233  231  227  222  216  209  202  196  191  187  183  179  175  172
  168  164  161  156  152  148  147  146  151                                   
    42.5-180.0 180.0   5.0 450.0                            LAT/LON1/LON2/DLON/H
  156  166  165  164  161  157  151  141  131  118  105   94   82   73   65   59
   55   52   50   49   49   52   56   60   63   64   65   64   64   65   67   69
   73   78   84   92  100  110  120  132  146  160  175  189  203  215  227  237
  244  248  249  247  243  237  230  222  214  206  200  195  190  186  182  179
  176  173  170  165  161  156  155  154  156                                   
    40.0-180.0 180.0   5.0 450.0                            LAT/LON1/LON2/DLON/H
  161  168  166  163  159  156  151  143  135  124  112  100   88   78   69   63
   59   57   56   56   59   63   69   74   77   77   76   73   72   71   73   75
   78   82   87   94  103  112  123  135  149  163  177  191  205  219  232  245
  254  259  261  260  257  252  246  238  229  220  213  207  201  196  192  189
  186  184  181  177  172  166  164  162  161                                   
    37.5-180.0 180.0   5.0 450.0                            LAT/LON1/LON2/DLON/H
  166  169  165  160  155  151  147  142  137  128  118  107   95   84   74   68
   64   62   61   63   66   72   79   86   89   89   86   82   79   78   79   80
   82   85   89   95  103  113  124  136  150  164  178  191  205  220  235  249
  260  267  270  271  271  269  265  259  251  243  234  227  219  212  206  202
  199  197  195  191  186  178  176  172  166                                   
    35.0-180.0 180.0   5.0 450.0                            LAT/LON1/LON2/DLON/H
  174  172  165  157  151  145  142  139  136  130  122  113  102   90   81   74
   69   67   66   67   72   79   87   95   98   98   94   89   86   84   84   85
   85   86   89   95  103  112  124  137  150  164  177  190  204  220  237  252
  265  273  278  282  286  289  290  288  283  275  266  256  246  236  227  222
  217  215  212  208  202  193  190  183  174                                   
    32.5-180.0 180.0   5.0 450.0                            LAT/LON1/LON2/DLON/H
  186  179  171  158  151  142  137  135  134  130  125  117  107   96   87   80
   75   72   70   71   75   83   92  101  105  104  100   95   91   89   88   88
   87   86   88   93  101  111  123  137  151  164  177  190  204  220  237  254
  268  278  286  295  304  314  321  324  321  315  305  294  280  267  255  246
  240  237  234  228  222  211  206  198  186                                   
    30.0-180.0 180.0   5.0 450.0                            LAT/LON1/LON2/DLON/H
  204  194  182  167  156  144  137  133  132  129  125  120  111  101   93   86
   80   77   74   75   79   87   97  105  110  109  104   98   94   92   90   88
   86   85   86   91   99  110  123  136  151  165  178  190  204  221  239  256
  271  283  294  308  324  341  354  362  364  359  349  336  320  303  287  276
  267  262  258  250  243  231  226  217  204                                   
    27.5-180.0 180.0   5.0 450.0                            LAT/LON1/LON2/DLON/H
  227  215  201  183  170  154  142  135  132  129  125  120  113  105   97   90
   85   81   78   78   83   91  101  110  114  113  107  100   95   92   90   87
   84   82   84   89   98  109  122  137  151  166  179  192  206  223  241  259
  275  289  304  323  345  368  387  400  404  401  391  377  359  340  322  307
  296  289  284  274  266  252  247  239  227                                   
    25.0-180.0 180.0   5.0 450.0                            LAT/LON1/LON2/DLON/H
  254  241  226  207  190  170  154  143  136  129  124  119  113  106   99   93
   88   84   81   82   88   97  107  115  118  115  108  101   94   90   86   83
   79   78   80   86   97  109  122  137  152  167  181  195  210  227  246  265
  282  298  316  338  364  392  415  430  436  433  424  410  392  373  354  338
  326  317  311  300  290  275  270  263  254                                   
    22.5-180.0 180.0   5.0 450.0                            LAT/LON1/LON2/DLON/H
  280  268  253  233  215  191  171  154  142  132  124  117  111  105   99   94
   89   86   84   86   93  103  113  120  122  117  109   99   91   86   81   77
   73   72   76   83   95  108  122  137  152  168  184  199  216  234  253  273
  291  309  329  353  381  409  432  447  452  450  441  429  414  397  380  366
  353  344  337  324  313  298  292  286  280                                   
    20.0-180.0 180.0   5.0 450.0                            LAT/LON1/LON2/DLON/H
  303  292  279  258  238  212  188  167  150  136  125  117  110  104   99   94
   89   86   86   90   98  109  119  124  124  118  108   96   87   80   74   70
   66   66   71   80   93  107  122  137  153  171  188  205  222  241  262  282
  301  320  341  365  392  417  436  448  451  449  443  434  424  412  399  388
  377  369  361  347  334  318  312  307  303                                   
    17.5-180.0 180.0   5.0 450.0                            LAT/LON1/LON2/DLON/H
  320  310  298  277  257  229  204  179  159  141  127  117  110  104   99   94
   90   87   88   94  103  113  122  127  125  117  105   93   82   74   68   63
   60   60   66   76   90  105  121  137  155  173  192  211  229  249  270  291
  311  331  352  374  396  415  429  436  438  436  432  428  423  418  411  404
  396  389  382  368  353  337  330  323  320                                   
    15.0-180.0 180.0   5.0 450.0                            LAT/LON1/LON2/DLON/H
  329  319  309  287  268  241  215  189  167  147  131  120  112  106  101   96
   91   89   91   97  106  116  124  126  122  113  101   88   77   68   62   57
   54   55   61   72   87  103  120  137  156  176  196  216  236  256  277  298
  319  339  358  378  395  409  416  419  419  418  418  418  418  418  417  415
  410  405  398  385  370  353  345  335  329                                   
    12.5-180.0 180.0   5.0 450.0                            LAT/LON1/LON2/DLON/H
  332  322  311  289  271  245  222  197  175  154  137  126  118  111  106  100
   96   94   96  102  109  117  122  122  118  108   96   83   72   64   57   53
   51   52   57   69   84  101  119  137  157  179  200  220  240  260  280  301
  322  342  361  378  392  401  405  405  404  404  406  409  413  417  420  421
  420  417  411  398  383  366  356  343  332                                   
    10.0-180.0 180.0   5.0 450.0                            LAT/LON1/LON2/DLON/H
  331  320  309  285  269  245  224  202  182  162  146  135  127  120  115  109
  105  103  104  107  112  116  118  116  110  101   90   78   69   61   56   52
   49   50   55   66   81   98  117  137  158  180  201  221  240  259  279  300
  321  341  361  377  390  397  400  400  400  401  403  407  412  417  422  425
  425  423  418  407  393  376  365  348  331                                   
     7.5-180.0 180.0   5.0 450.0                            LAT/LON1/LON2/DLON/H
  331  320  306  281  266  244  226  206  189  171  156  147  139  133  127  122
  118  115  115  115  115  115  113  109  103   94   85   75   67   61   57   54
