data/edconvlstm_nd/pred0490.15i
     1.0            IONOSPHERE MAPS     GNSS                IONEX VERSION / TYPE
pyspatialgeodesy        IME             05-JAN-18 20:20     PGM / RUN BY / DATE 
Map Name                                                    COMMENT             
Predicted global ionosphere maps (GIM).                     DESCRIPTION         
  2015     2    18     0     0     0                        EPOCH OF FIRST MAP  
  2015     2    19     0     0     0                        EPOCH OF LAST MAP   
  7200                                                      INTERVAL            
    13                                                      # OF MAPS IN FILE   
  NONE                                                      MAPPING FUNCTION    
10.0                                                        ELEVATION CUTOFF    
One-way carrier phase leveled to code                       OBSERVABLES USED    
  6371.0                                                    BASE RADIUS         
 2                                                          MAP DIMENSION       
   450.0 450.0   0.0                                        HGT1 / HGT2 / DHGT  
    87.5 -87.5  -2.5                                        LAT1 / LAT2 / DLAT  
  -180.0 180.0   5.0                                        LON1 / LON2 / DLON  
    -1                                                      EXPONENT            
                                                            END OF HEADER       
[from data line 3861]
    10                                                      START OF TEC MAP    
  2015     2    18    18     0     0                        EPOCH OF CURRENT MAP
    87.5-180.0 180.0   5.0 450.0                            LAT/LON1/LON2/DLON/H
  113  113  106  111  116  115  113  111  112  115  115  117  119  121  123  125
  127  129  131  132  134  135  136  137  138  138  138  138  137  137  136  135
  135  134  133  132  131  130  129  128  127  126  125  125  124  124  124  124
  124  124  124  125  125  125  126  126  126  126  126  126  125  125  124  123
  122  121  117  113  119  113  123  122  113                                   
    85.0-180.0 180.0   5.0 450.0                            LAT/LON1/LON2/DLON/H
  111  108  115  104  106  110  110  112  113  116  117  120  122  125  128  132
  135  138  140  143  145  147  148  149  150  150  150  150  150  149  148  147
  146  145  144  142  141  139  138  137  135  134  133  132  131  131  130  130
  130  130  131  131  132  132  133  133  133  133  133  132  132  131  130  128
  127  126  120  114  113  109  110  108  111                                   
    82.5-180.0 180.0   5.0 450.0                            LAT/LON1/LON2/DLON/H
   86   89   89   83   87   91   93   94   95   98  101  104  108  112  117  121
  126  131  135  139  142  145  148  149  151  152  152  152  152  151  150  149
  148  147  146  144  143  141  139  137  135  133  131  129  128  127  126  126
  126  127  127  128  129  130  131  132  132  132  131  131  129  128  125  123
  121  117  112  108  104  108   97   94   86                                   
    80.0-180.0 180.0   5.0 450.0                            LAT/LON1/LON2/DLON/H
   63   66   70   66   68   69   73   76   79   83   86   91   96  102  108  114
  121  127  133  138  142  145  148  149  150  150  150  149  148  147  146  145
  144  142  141  139  137  135  133  130  127  125  122  120  119  118  118  118
  119  120  122  124  126  127  129  130  130  130  129  128  126  123  120  117
  114  109  104   98   89   89   81   83   63                                   
    77.5-180.0 180.0   5.0 450.0                            LAT/LON1/LON2/DLON/H
   62   62   63   58   61   63   66   68   70   73   76   81   86   92   99  107
  115  122  129  136  141  145  147  148  149  148  147  146  145  144  143  142
  142  141  140  139  138  136  133  131  127  124  121  119  117  116  116  117
  118  121  123  126  129  131  133  135  135  134  133  131  128  124  120  115
  110  105   99   94   87   83   78   85   62                                   
    75.0-180.0 180.0   5.0 450.0                            LAT/LON1/LON2/DLON/H
   57   61   62   58   62   66   67   69   72   75   77   81   86   93  101  109
  118  127  135  142  147  151  152  152  151  148  146  143  141  139  137  137
  136  136  136  135  134  133  131  128  125  122  119  116  115  114  115  116
  119  122  125  129  132  134  136  137  137  136  134  131  127  123  118  113
  108  103   98   89   84   80   77   74   57                                   
    72.5-180.0 180.0   5.0 450.0                            LAT/LON1/LON2/DLON/H
   63   69   71   72   74   81   83   84   85   87   88   91   95  101  109  118
  128  137  146  154  159  161  161  159  155  150  145  140  136  133  131  130
  129  130  130  130  130  129  128  125  123  120  117  115  114  114  115  118
  121  125  129  133  136  138  140  140  139  137  135  131  127  123  118  113
  107  103   98   90   86   84   83   86   63                                   
    70.0-180.0 180.0   5.0 450.0                            LAT/LON1/LON2/DLON/H
   71   78   82   84   89   96   98  101  103  104  105  107  110  115  123  132
  143  154  164  171  176  177  175  170  163  156  148  141  135  131  128  126
  124  124  124  124  123  122  121  119  116  114  112  110  110  111  113  117
  120  124  128  131  134  135  135  135  133  131  128  124  120  116  113  109
  104  100   97   91   88   87   90   92   71                                   
    67.5-180.0 180.0   5.0 450.0                            LAT/LON1/LON2/DLON/H
   80   87   92   97  104  113  119  123  125  127  127  128  131  136  143  153
  165  177  187  194  198  197  193  185  175  165  155  146  139  133  129  125
  123  121  119  118  116  115  113  111  108  106  105  104  105  107  109  113
  116  120  123  126  127  128  128  127  125  122  120  117  114  111  108  106
  102   99   96   91   88   87   88   93   80                                   
    65.0-180.0 180.0   5.0 450.0                            LAT/LON1/LON2/DLON/H
   81   86   90   98  108  119  128  135  140  145  146  148  151  155  163  174
  186  199  210  217  219  217  210  199  187  176  165  156  149  143  138  133
  128  123  118  114  111  107  104  101   98   96   95   95   96   98  100  103
  106  108  110  111  112  112  111  109  107  105  103  102  100   99   97   96
   93   92   91   87   86   85   86   92   81                                   
    62.5-180.0 180.0   5.0 450.0                            LAT/LON1/LON2/DLON/H
   76   77   81   91  102  116  129  141  150  158  163  167  171  177  186  197
  211  224  234  241  241  236  226  214  200  188  178  171  165  160  154  147
  140  131  123  115  108  102   97   92   89   86   85   85   86   87   89   91
   92   93   93   93   93   92   91   90   89   88   87   87   87   87   87   86
   84   84   83   80   78   76   75   81   76                                   
    60.0-180.0 180.0   5.0 450.0                            LAT/LON1/LON2/DLON/H
   66   64   67   78   90  105  122  139  154  167  177  184  191  198  208  221
  235  248  258  263  261  253  240  225  211  200  193  190  187  185  180  172
  162  149  137  125  114  104   97   90   85   82   80   79   79   80   80   79
   79   78   77   76   75   75   74   74   74   74   74   75   76   77   78   78
   76   75   74   71   69   65   63   70   66                                   
    57.5-180.0 180.0   5.0 450.0                            LAT/LON1/LON2/DLON/H
   56   51   54   64   76   93  113  134  155  174  189  201  211  220  231  245
  259  272  280  283  278  267  251  235  221  213  210  212  215  217  214  206
  193  177  160  144  129  117  106   98   91   86   83   81   79   78   76   74
   71   68   66   65   64   64   65   66   67   68   69   70   72   73   73   73
   71   70   68   65   62   57   51   60   56                                   
    55.0-180.0 180.0   5.0 450.0                            LAT/LON1/LON2/DLON/H
   53   47   49   59   70   87  109  133  159  183  203  219  231  243  255  269
  283  295  302  301  293  279  261  243  230  225  228  236  245  251  250  242
  228  209  189  169  151  136  124  113  105   98   93   90   87   83   80   75
   71   67   64   62   62   63   65   67   69   70   72   73   74   75   75   74
   71   70   68   64   62   55   47   55   53                                   
    52.5-180.0 180.0   5.0 450.0                            LAT/LON1/LON2/DLON/H
   58   52   55   64   75   91  114  141  170  197  220  239  253  266  279  292
  305  316  321  318  308  290  270  251  240  238  246  259  273  283  284  276
  260  239  217  195  176  159  145  133  123  115  109  104  100   95   90   85
   80   75   72   71   71   72   75   78   80   82   83   83   83   82   81   80
   77   75   73   71   69   61   51   59   58                                   
    50.0-180.0 180.0   5.0 450.0                            LAT/LON1/LON2/DLON/H
   74   69   73   81   92  108  131  158  188  217  242  262  277  290  302  315
  327  336  340  335  322  303  281  262  251  252  264  281  298  308  309  300
  282  260  237  215  196  179  164  152  142  134  127  121  116  111  105  100
   95   91   88   87   88   90   93   95   97   98   98   97   95   93   91   89
   86   85   84   83   83   75   65   72   74                                   
    47.5-180.0 180.0   5.0 450.0                            LAT/LON1/LON2/DLON/H
   95   94  100  108  119  136  157  183  213  242  266  286  301  313  324  336
  347  355  357  351  337  317  295  276  266  269  281  299  315  323  320  308
  288  266  245  225  207  192  178  167  157  149  143  137  131  126  121  117
  113  110  108  108  109  110  113  115  116  115  113  110  107  104  101   99
   96   97   97   99  101   94   86   93   95                                   
    45.0-180.0 180.0   5.0 450.0                            LAT/LON1/LON2/DLON/H
  118  120  128  138  151  168  188  211  239  267  290  309  323  334  345  355
  364  370  371  365  351  332  311  293  284  286  297  311  322  324  316  300
  279  259  241  224  210  197  186  175  167  160  153  148  143  138  134  131
  129  128  127  127  127  128  129  130  129  127  123  119  115  111  108  106
  105  107  109  113  118  113  108  116  118                                   
    42.5-180.0 180.0   5.0 450.0                            LAT/LON1/LON2/DLON/H
  135  140  151  165  180  197  216  237  263  289  311  329  342  353  362  371
  378  382  382  376  364  347  328  312  303  302  309  317  320  314  300  281
  262  245  232  221  210  200  190  181  173  166  160  154  149  145  142  140
  140  140  139  138  138  137  137  136  134  131  127  122  118  114  111  110
  110  113  117  123  129  126  124  134  135                                   
    40.0-180.0 180.0   5.0 450.0                            LAT/LON1/LON2/DLON/H
  140  148  163  180  199  216  236  256  280  305  327  345  358  368  376  383
  389  391  390  384  374  360  345  330  321  318  319  320  314  302  283  264
  248  237  231  225  217  208  197  188  179  172  165  158  152  148  145  144
  144  144  143  142  140  138  136  134  131  127  123  119  115  113  111  111
  111  115  120  125  130  130  129  140  140                                   
    37.5-180.0 180.0   5.0 450.0                            LAT/LON1/LON2/DLON/H
  134  143  160  182  205  224  245  265  289  315  338  357  370  381  388  394
  397  398  395  390  382  372  359  346  336  331  328  323  312  295  276  260
  251  248  248  246  239  228  215  202  191  181  173  164  157  152  148  147
  146  144  142  139  136  133  130  127  123  119  116  113  111  110  109  110
  110  113  117  121  124  123  123  135  134                                   
    35.0-180.0 180.0   5.0 450.0                            LAT/LON1/LON2/DLON/H
  121  129  148  172  199  220  245  266  292  318  343  365  380  392  399  404
  406  404  401  395  389  380  370  358  349  343  338  332  320  304  289  280
  280  286  293  293  283  267  247  228  212  199  187  176  167  161  156  152
  149  145  140  136  131  128  125  121  117  114  111  109  108  109  110  110
  109  111  113  113  113  110  109  122  121                                   
    32.5-180.0 180.0   5.0 450.0                            LAT/LON1/LON2/DLON/H
  108  113  133  159  189  212  240  264  291  319  347  371  390  402  411  415
  415  412  407  402  395  388  378  368  360  355  353  350  343  334  328  330
  340  356  366  365  350  324  294  266  243  225  210  197  187  179  172  166
  159  152  144  138  133  130  127  123  119  115  113  112  112  114  115  116
  113  113  111  108  104   98   94  107  108                                   
    30.0-180.0 180.0   5.0 450.0                            LAT/LON1/LON2/DLON/H
  103  105  123  151  182  207  238  263  292  321  351  378  399  414  423  427
  427  423  417  410  403  394  384  375  369  370  374  379  382  385  392  407
  429  452  464  459  433  394  352  313  282  258  241  227  217  208  200  192
  181  170  159  150  146  143  141  138  134  129  126  124  125  127  128  128
  123  120  114  108  102   92   84   96  103                                   
    27.5-180.0 180.0   5.0 450.0                            LAT/LON1/LON2/DLON/H
  108  108  125  153  185  212  244  270  298  328  359  387  410  426  436  441
  440  436  430  422  412  401  390  382  380  387  400  417  434  452  474  503
  536  563  573  559  521  468  411  361  323  296  277  265  256  248  241  230
  217  201  187  177  172  171  171  168  162  155  149  146  145  146  147  145
  139  134  124  115  107   95   81   92  108                                   
    25.0-180.0 180.0   5.0 450.0                            LAT/LON1/LON2/DLON/H
  125  124  139  168  202  230  263  287  314  342  372  400  423  440  451  456
  456  453  446  437  425  411  398  391  393  407  432  462  495  529  565  605
  644  670  673  647  596  530  462  403  359  331  314  305  300  296  290  280
  264  245  228  216  211  211  211  207  198  188  178  172  168  168  168  165
  158  151  138  130  120  105   87   96  125                                   
    22.5-180.0 180.0   5.0 450.0                            LAT/LON1/LON2/DLON/H
  150  149  162  193  230  260  292  314  338  363  390  416  439  456  467  472
  474  471  465  455  440  424  409  403  410  433  468  512  558  604  651  695
  732  751  743  706  644  569  494  430  385  358  345  342  343  345  344  335
  318  296  275  260  254  254  253  247  235  220  206  195  189  186  185  181
  174  168  154  146  135  119   99  108  150                                   
    20.0-180.0 180.0   5.0 450.0                            LAT/LON1/LON2/DLON/H
  176  176  190  224  264  296  328  348  368  389  412  436  458  475  485  491
  493  492  486  475  458  440  426  422  435  466  511  564  619  672  719  760
  787  792  772  725  658  580  504  440  397  374  367  371  379  388  392  385
  368  342  318  300  292  289  287  278  264  245  227  213  203  198  196  192
  185  180  166  160  148  132  113  124  176                                   
    17.5-180.0 180.0   5.0 450.0                            LAT/LON1/LON2/DLON/H
  194  198  214  252  296  331  363  383  401  418  437  459  480  496  507  513
  516  515  509  497  480  462  449  450  470  507  558  617  674  723  763  790
  800  790  759  707  641  567  495  437  399  381  380  389  404  418  426  422
  404  377  349  329  318  313  308  298  281  260  239  222  210  203  199  195
  190  187  174  167  155  140  124  137  194                                   
    15.0-180.0 180.0   5.0 450.0                            LAT/LON1/LON2/DLON/H
  199  208  228  269  318  356  391  413  430  445  462  483  503  520  531  538
  541  540  534  522  506  490  482  490  515  557  610  666  716  754  778  787
  779  755  717  666  607  542  480  429  397  384  387  399  417  434  444  441
  424  397  367  345  331  324  317  304  285  263  240  222  209  200  196  192
  188  186  175  168  156  142  128  143  199                                   
    12.5-180.0 180.0   5.0 450.0                            LAT/LON1/LON2/DLON/H
  192  205  229  273  325  367  407  432  451  467  484  504  526  545  558  566
  570  569  563  551  537  526  525  539  569  611  660  707  743  764  769  760
  738  705  666  622  573  521  470  428  402  391  394  406  421  437  447  446
  431  404  375  351  336  326  315  301  281  258  235  216  202  192  187  183
  180  181  171  164  152  139  126  141  192                                   
    10.0-180.0 180.0   5.0 450.0                            LAT/LON1/LON2/DLON/H
  177  193  221  266  320  366  410  439  463  481  499  522  546  568  585  594
  599  599  593  584  573  568  574  594  626  666  705  736  754  757  747  726
  696  662  626  592  556  517  478  443  420  409  408  414  425  437  445  444
  431  407  379  354  336  323  309  293  272  250  228  209  195  184  178  174
  172  174  167  158  147  135  121  135  177                                   
     7.5-180.0 180.0   5.0 450.0                            LAT/LON1/LON2/DLON/H
  162  181  209  254  308  356  403  437  465  487  508  534  562  587  607  620
  627  628  624  618  612  612  624  648  681  714  740  753  754  744  725  700
