data/edconvlstm_nd/pred0120.15i
     1.0            IONOSPHERE MAPS     GNSS                IONEX VERSION / TYPE
pyspatialgeodesy        IME             05-JAN-18 20:20     PGM / RUN BY / DATE 
Map Name                                                    COMMENT             
Predicted global ionosphere maps (GIM).                     DESCRIPTION         
  2015     1    12     0     0     0                        EPOCH OF FIRST MAP  
  2015     1    13     0     0     0                        EPOCH OF LAST MAP   
  7200                                                      INTERVAL            
    13                                                      # OF MAPS IN FILE   
  NONE                                                      MAPPING FUNCTION    
10.0                                                        ELEVATION CUTOFF    
One-way carrier phase leveled to code                       OBSERVABLES USED    
  6371.0                                                    BASE RADIUS         
 2                                                          MAP DIMENSION       
   450.0 450.0   0.0                                        HGT1 / HGT2 / DHGT  
    87.5 -87.5  -2.5                                        LAT1 / LAT2 / DLAT  
  -180.0 180.0   5.0                                        LON1 / LON2 / DLON  
    -1                                                      EXPONENT            
                                                            END OF HEADER       
[from data line 1287]
     4                                                      START OF TEC MAP    
  2015     1    12     6     0     0                        EPOCH OF CURRENT MAP
    87.5-180.0 180.0   5.0 450.0                            LAT/LON1/LON2/DLON/H
   69   71   67   70   70   70   69   66   67   69   69   70   70   69   69   68
   67   66   65   64   62   61   59   58   57   56   55   54   53   52   52   51
   51   50   50   50   50   50   50   49   50   50   50   51   51   52   53   53
   54   55   56   57   57   58   58   58   59   59   59   59   58   58   57   58
   59   60   58   59   64   71   79   76   69                                   
    85.0-180.0 180.0   5.0 450.0                            LAT/LON1/LON2/DLON/H
   61   73   67   69   71   73   73   73   74   75   75   76   76   76   76   75
   74   73   72   70   69   67   66   64   63   62   62   61   60   60   60   59
   59   59   58   58   58   57   57   57   57   57   57   58   59   59   60   62
   63   64   65   66   67   68   68   69   69   69   68   68   68   67   66   66
   67   67   63   65   65   69   77   75   61                                   
    82.5-180.0 180.0   5.0 450.0                            LAT/LON1/LON2/DLON/H
   67   65   73   68   68   71   72   72   74   75   76   77   78   78   77   76
   75   73   71   69   67   65   63   61   60   59   58   58   58   58   58   58
   58   58   58   57   57   57   56   56   56   56   57   58   59   60   62   64
   66   69   71   73   74   75   76   77   77   76   76   75   73   72   70   69
   68   68   64   63   69   63   62   64   67                                   
    80.0-180.0 180.0   5.0 450.0                            LAT/LON1/LON2/DLON/H
   74   65   67   63   67   67   70   70   73   75   76   78   79   79   79   78
   76   74   72   69   66   63   61   59   58   57   57   57   58   59   60   60
   61   62   62   61   61   60   59   59   58   58   59   60   62   65   68   71
   75   78   82   85   88   90   91   91   91   90   88   86   84   81   77   75
   72   69   66   64   69   63   63   62   74                                   
    77.5-180.0 180.0   5.0 450.0                            LAT/LON1/LON2/DLON/H
   76   64   64   63   62   65   69   71   75   77   78   82   83   84   84   83
   81   78   75   72   68   64   62   59   58   57   57   58   60   62   64   66
   68   69   70   70   69   68   67   66   65   65   65   67   70   74   79   84
   90   96  101  106  110  112  114  114  113  112  109  105  100   95   90   85
   80   75   70   68   66   54   52   56   76                                   
    75.0-180.0 180.0   5.0 450.0                            LAT/LON1/LON2/DLON/H
   68   60   59   58   58   62   66   67   70   73   75   78   80   82   82   81
   79   76   73   69   65   61   58   56   55   55   56   58   61   65   68   71
   74   76   77   77   77   75   73   71   70   70   71   73   77   83   89   97
  105  112  119  126  130  134  135  135  134  131  127  122  115  109  102   95
   87   80   74   67   65   52   49   51   68                                   
    72.5-180.0 180.0   5.0 450.0                            LAT/LON1/LON2/DLON/H
   65   58   57   55   56   61   65   66   68   70   72   75   78   79   80   79
   77   74   70   66   62   59   56   54   54   55   57   60   63   67   72   76
   79   82   84   84   83   81   79   77   76   76   77   81   87   95  104  114
  124  134  142  150  155  159  160  160  157  153  148  142  135  126  118  109
  100   91   85   76   70   55   50   53   65                                   
    70.0-180.0 180.0   5.0 450.0                            LAT/LON1/LON2/DLON/H
   67   56   57   55   54   57   59   61   62   64   65   68   70   72   72   72
   70   67   63   59   56   53   51   50   51   52   55   58   62   66   70   74
   77   79   81   81   80   79   77   75   74   75   78   84   92  102  114  127
  139  151  161  170  176  179  181  179  176  172  166  159  151  142  133  123
  112  101   93   83   74   59   56   59   67                                   
    67.5-180.0 180.0   5.0 450.0                            LAT/LON1/LON2/DLON/H
   66   54   54   53   51   53   54   55   56   56   57   60   62   63   64   63
   61   59   55   52   49   47   45   45   47   48   51   54   56   59   62   65
   67   69   70   70   69   68   66   65   66   69   74   83   93  107  121  136
  151  164  176  185  192  195  196  195  191  187  181  174  166  157  147  136
  124  111  102   89   79   63   58   62   66                                   
    65.0-180.0 180.0   5.0 450.0                            LAT/LON1/LON2/DLON/H
   69   55   53   52   48   49   51   51   52   52   53   55   56   58   58   58
   56   54   51   48   46   44   44   45   47   49   51   53   54   55   56   57
   57   58   58   58   57   57   56   57   60   65   73   85   98  114  131  148
  165  180  192  203  210  214  215  213  210  205  200  193  186  177  167  155
  142  127  115  100   88   70   65   70   69                                   
    62.5-180.0 180.0   5.0 450.0                            LAT/LON1/LON2/DLON/H
   74   56   52   51   46   47   48   49   49   49   49   52   53   54   55   55
   54   52   50   48   46   45   46   48   50   52   54   55   55   53   52   51
   49   49   48   47   47   47   48   50   56   64   75   90  107  125  144  162
  179  195  209  220  228  232  234  233  230  225  220  214  206  198  187  176
  161  144  130  113   98   78   73   79   74                                   
    60.0-180.0 180.0   5.0 450.0                            LAT/LON1/LON2/DLON/H
   80   57   52   49   43   43   44   45   45   46   46   49   50   52   53   54
   54   53   51   49   47   47   48   51   53   56   57   56   55   52   49   46
   43   41   40   39   39   40   42   46   54   65   79   97  116  136  156  175
  193  209  223  235  244  249  251  250  247  243  237  231  223  215  204  192
  177  159  144  125  110   86   82   85   80                                   
    57.5-180.0 180.0   5.0 450.0                            LAT/LON1/LON2/DLON/H
   88   60   52   47   41   40   41   42   43   44   45   47   49   51   53   55
   56   56   54   53   51   51   52   54   57   59   59   58   56   52   48   44
   41   39   37   37   37   38   41   48   57   71   88  108  129  150  170  189
  207  223  238  250  260  266  268  268  265  259  253  245  237  227  216  205
  190  172  158  139  124   98   93   94   88                                   
    55.0-180.0 180.0   5.0 450.0                            LAT/LON1/LON2/DLON/H
   97   66   55   46   41   38   38   40   41   42   44   46   48   51   54   57
   59   60   59   57   56   55   55   57   59   60   60   59   56   52   48   45
   42   40   39   39   39   41   46   53   65   80  100  121  144  165  185  204
  221  237  252  265  275  281  283  282  278  271  263  254  243  232  220  209
  195  180  168  150  138  111  105  103   97                                   
    52.5-180.0 180.0   5.0 450.0                            LAT/LON1/LON2/DLON/H
  108   75   61   49   43   39   39   40   41   42   43   45   47   50   55   59
   62   64   64   62   60   59   59   59   60   61   60   58   56   53   51   48
   47   46   46   46   47   50   55   63   76   93  114  136  159  181  201  219
  235  251  266  278  287  293  294  291  286  278  267  255  242  228  216  205
  193  181  172  158  149  124  117  113  108                                   
    50.0-180.0 180.0   5.0 450.0                            LAT/LON1/LON2/DLON/H
  121   88   71   57   50   45   43   43   43   44   44   46   48   51   56   61
   65   68   69   67   65   63   62   62   62   61   60   58   56   54   53   53
   53   54   55   56   57   61   66   76   90  108  129  153  176  198  217  235
  251  266  279  291  298  301  300  296  288  278  266  251  234  218  204  194
  185  178  172  162  157  135  128  123  121                                   
    47.5-180.0 180.0   5.0 450.0                            LAT/LON1/LON2/DLON/H
  133  102   84   69   61   55   51   49   48   48   48   49   50   53   58   63
   68   72   73   72   70   68   67   66   65   63   61   58   57   56   56   57
   59   61   64   66   69   73   79   90  105  123  145  169  192  214  234  252
  268  281  293  302  307  307  302  295  286  274  260  243  224  205  190  180
  174  170  168  162  159  142  136  130  133                                   
    45.0-180.0 180.0   5.0 450.0                            LAT/LON1/LON2/DLON/H
  142  115   98   85   76   68   63   59   57   55   55   55   56   58   62   66
   71   76   78   78   77   75   75   74   72   68   64   61   58   58   59   60
   63   67   70   74   78   83   92  104  120  139  161  185  208  231  252  270
  285  297  306  312  313  309  302  292  281  270  257  239  218  197  179  169
  165  164  164  161  158  143  137  133  142                                   
    42.5-180.0 180.0   5.0 450.0                            LAT/LON1/LON2/DLON/H
  146  123  109   99   90   84   78   72   69   66   65   66   66   67   69   73
   77   81   84   85   86   86   86   84   81   76   70   65   61   60   60   62
   65   68   73   78   83   91  102  116  134  154  176  200  223  247  268  287
  302  313  320  322  320  313  302  292  282  273  263  247  225  201  181  169
  165  165  164  161  155  138  132  130  146                                   
    40.0-180.0 180.0   5.0 450.0                            LAT/LON1/LON2/DLON/H
  143  123  113  106  100   95   90   85   81   79   78   80   81   81   81   83
   86   90   94   96   98   99   99   97   93   87   79   71   66   63   62   62
   65   68   73   79   86   96  110  127  147  168  191  214  237  261  284  303
  318  328  333  334  330  321  311  301  295  292  287  275  255  229  205  190
  182  179  175  166  155  130  123  123  143                                   
    37.5-180.0 180.0   5.0 450.0                            LAT/LON1/LON2/DLON/H
  136  115  108  104  101   99   97   94   91   90   91   95   97   97   96   96
   98  102  107  110  112  113  112  110  105   97   88   79   72   67   65   64
   65   68   73   79   87  100  116  137  159  182  204  226  250  275  298  319
  334  344  349  350  346  339  331  326  326  330  333  328  311  284  257  236
  222  212  200  182  161  125  116  118  136                                   
    35.0-180.0 180.0   5.0 450.0                            LAT/LON1/LON2/DLON/H
  128  101   95   92   92   93   95   95   95   96  100  107  111  112  111  110
  111  116  121  125  126  126  124  120  113  105   95   87   79   74   70   68
   67   69   73   79   89  103  122  145  170  194  216  238  262  287  311  333
  349  360  367  370  371  369  366  367  375  388  399  401  388  363  332  305
  284  264  243  213  182  129  116  119  128                                   
    32.5-180.0 180.0   5.0 450.0                            LAT/LON1/LON2/DLON/H
  124   89   81   76   78   81   85   88   90   94  102  112  119  122  122  121
  123  128  134  137  138  135  130  124  118  109  101   93   86   80   76   72
   71   71   74   80   90  106  127  153  179  204  227  249  272  298  323  346
  363  377  387  396  403  408  414  423  439  459  478  487  478  454  421  388
  358  330  300  258  217  149  130  131  124                                   
    30.0-180.0 180.0   5.0 450.0                            LAT/LON1/LON2/DLON/H
  133   86   72   64   64   67   72   77   80   86   96  109  119  124  126  127
  131  137  143  146  144  139  131  124  117  110  103   96   90   85   80   77
   75   75   78   83   93  109  132  159  187  213  236  258  282  307  334  358
  378  394  410  426  442  457  472  489  511  538  562  575  571  548  513  475
  438  402  364  315  268  188  162  159  133                                   
    27.5-180.0 180.0   5.0 450.0                            LAT/LON1/LON2/DLON/H
  158  100   78   62   58   58   62   66   69   75   85   99  110  118  123  126
  132  140  147  149  145  137  128  120  113  107  102   97   92   88   85   83
   81   81   83   87   96  112  136  164  194  221  244  266  290  316  343  369
  392  414  437  462  488  513  536  560  587  617  644  660  658  636  600  559
  517  477  435  382  331  245  212  207  158                                   
    25.0-180.0 180.0   5.0 450.0                            LAT/LON1/LON2/DLON/H
  201  134  105   81   68   62   61   62   62   66   74   86   98  107  114  120
  128  137  143  144  139  131  122  114  108  103  100   97   94   92   91   89
   88   88   88   91   99  115  139  168  198  226  250  273  297  324  353  381
  408  436  466  499  535  570  602  631  660  689  715  731  730  710  676  635
  593  554  510  458  404  319  280  276  201                                   
    22.5-180.0 180.0   5.0 450.0                            LAT/LON1/LON2/DLON/H
  259  187  153  121   98   85   75   71   66   65   69   77   87   96  104  112
  121  129  135  135  131  123  116  110  105  102  100   99   98   97   97   96
   95   93   91   93  100  116  141  171  202  230  255  278  303  331  361  393
  425  458  494  535  577  619  655  687  715  741  764  777  777  759  729  693
  656  622  583  535  483  405  365  364  259                                   
    20.0-180.0 180.0   5.0 450.0                            LAT/LON1/LON2/DLON/H
  326  254  217  182  148  128  110   98   86   78   74   77   84   91   98  106
  114  121  125  125  122  118  114  111  108  106  105  105  104  104  103  102
  100   97   94   94  101  118  143  173  204  233  258  283  309  338  370  405
  441  479  519  563  607  649  685  715  740  762  780  791  790  777  754  726
  697  672  643  604  557  492  457  456  326                                   
    17.5-180.0 180.0   5.0 450.0                            LAT/LON1/LON2/DLON/H
  394  328  292  257  214  188  164  146  126  108   96   92   93   97  102  107
  112  116  118  118  118  118  118  119  119  118  117  115  114  112  111  109
  106  101   96   95  103  119  145  176  207  236  262  288  315  346  380  417
  456  497  538  580  620  657  688  714  734  750  762  770  770  762  748  729
  711  696  680  653  614  567  539  536  394                                   
    15.0-180.0 180.0   5.0 450.0                            LAT/LON1/LON2/DLON/H
  457  402  369  334  286  259  232  211  185  159  138  125  119  118  119  120
  120  120  119  119  121  126  131  136  138  137  135  130  126  123  120  117
  112  105   98   97  105  123  149  181  212  241  268  294  323  356  391  430
  470  511  550  586  618  646  669  686  700  709  716  721  723  721  714  705
  696  690  685  671  643  613  593  585  457                                   
    12.5-180.0 180.0   5.0 450.0                            LAT/LON1/LON2/DLON/H
  506  466  438  404  356  329  304  284  257  227  198  177  164  157  152  147
  141  136  131  131  135  144  153  161  163  161  155  147  139  134  130  125
  118  109  101  100  108  127  156  188  219  247  274  302  332  365  401  440
  480  519  554  583  605  622  635  645  651  655  658  661  664  666  666  663
  661  662  665  660  644  627  612  599  506                                   
    10.0-180.0 180.0   5.0 450.0                            LAT/LON1/LON2/DLON/H
  536  511  488  455  413  387  367  353  330  300  269  243  224  211  199  188
  176  165  157  155  160  171  183  190  191  185  174  162  151  143  137  132
  124  113  105  103  113  134  163  196  227  254  281  308  339  372  408  447
  486  523  553  574  587  595  601  604  605  605  605  608  612  618  622  625
  627  631  637  636  627  617  602  585  536                                   
     7.5-180.0 180.0   5.0 450.0                            LAT/LON1/LON2/DLON/H
  545  530  509  477  446  424  409  402  387  364  336  310  289  272  256  239
  222  205  193  189  194  204  214  218  213  202  188  172  159  149  143  137
