data/edconvlstm_nd/pred0720.15i
     1.0            IONOSPHERE MAPS     GNSS                IONEX VERSION / TYPE
pyspatialgeodesy        IME             05-JAN-18 20:20     PGM / RUN BY / DATE 
Map Name                                                    COMMENT             
Predicted global ionosphere maps (GIM).                     DESCRIPTION         
  2015     3    13     0     0     0                        EPOCH OF FIRST MAP  
  2015     3    14     0     0     0                        EPOCH OF LAST MAP   
  7200                                                      INTERVAL            
    13                                                      # OF MAPS IN FILE   
  NONE                                                      MAPPING FUNCTION    
10.0                                                        ELEVATION CUTOFF    
One-way carrier phase leveled to code                       OBSERVABLES USED    
  6371.0                                                    BASE RADIUS         
 2                                                          MAP DIMENSION       
   450.0 450.0   0.0                                        HGT1 / HGT2 / DHGT  
    87.5 -87.5  -2.5                                        LAT1 / LAT2 / DLAT  
  -180.0 180.0   5.0                                        LON1 / LON2 / DLON  
    -1                                                      EXPONENT            
                                                            END OF HEADER       
[from data line 3432]
     9                                                      START OF TEC MAP    
  2015     3    13    16     0     0                        EPOCH OF CURRENT MAP
    87.5-180.0 180.0   5.0 450.0                            LAT/LON1/LON2/DLON/H
  162  166  162  170  175  176  176  176  177  179  179  180  181  181  182  182
  182  182  181  181  181  180  179  178  177  176  175  174  173  172  171  169
  168  167  165  163  162  160  158  156  155  153  151  150  148  147  146  145
  144  144  143  143  143  144  144  144  145  146  146  147  148  150  151  152
  153  155  156  157  165  164  169  165  162                                   
    85.0-180.0 180.0   5.0 450.0                            LAT/LON1/LON2/DLON/H
  158  163  175  171  173  179  181  184  185  188  188  189  189  190  190  190
  190  190  189  189  188  187  186  185  184  182  181  180  178  177  175  174
  172  170  168  166  164  162  160  157  155  153  151  149  147  145  143  142
  141  140  140  139  139  139  140  140  141  142  143  144  145  146  148  149
  152  154  153  154  157  155  158  160  158                                   
    82.5-180.0 180.0   5.0 450.0                            LAT/LON1/LON2/DLON/H
  138  152  157  158  163  171  176  179  181  184  185  187  187  189  189  190
  190  191  190  190  190  189  187  186  185  183  181  179  177  175  174  172
  170  168  165  163  160  156  153  149  146  142  138  134  131  128  125  123
  121  119  118  118  118  118  118  118  119  120  120  121  123  124  125  126
  129  131  131  136  137  146  140  136  138                                   
    80.0-180.0 180.0   5.0 450.0                            LAT/LON1/LON2/DLON/H
  119  130  137  140  144  149  156  162  166  170  171  174  175  177  178  179
  180  181  181  181  180  179  178  176  174  172  170  168  166  164  162  160
  158  157  154  152  149  145  141  136  132  127  122  118  114  110  107  105
  103  102  101  101  101  102  103  104  104  105  106  106  107  107  107  108
  110  111  112  116  114  116  116  117  119                                   
    77.5-180.0 180.0   5.0 450.0                            LAT/LON1/LON2/DLON/H
  110  113  120  122  127  133  139  146  150  153  156  159  162  164  167  170
  173  175  177  178  179  179  178  176  173  171  168  165  163  161  159  158
  157  156  154  152  149  146  141  136  130  124  118  112  107  102   98   96
   94   93   93   93   94   95   97   98   99   99   99   99   98   97   96   95
   95   95   95   98   99   97   99  103  110                                   
    75.0-180.0 180.0   5.0 450.0                            LAT/LON1/LON2/DLON/H
   98  102  104  108  112  118  123  128  134  138  141  145  148  153  157  162
  167  172  177  180  183  184  183  182  179  176  172  169  166  164  163  162
  161  161  160  159  157  153  148  143  136  130  123  116  111  106  102   99
   97   96   96   97   99  100  102  104  105  105  104  103  101   98   96   93
   91   89   89   88   88   86   89   84   98                                   
    72.5-180.0 180.0   5.0 450.0                            LAT/LON1/LON2/DLON/H
   91   93   95  100  102  107  113  118  122  126  129  134  138  144  151  159
  168  176  185  192  197  200  200  199  195  191  186  180  176  173  171  170
  170  170  170  169  167  164  159  152  145  138  130  123  117  111  107  104
  102  101  101  102  104  106  108  110  111  111  110  108  104  101   97   93
   89   87   85   83   83   82   86   84   91                                   
    70.0-180.0 180.0   5.0 450.0                            LAT/LON1/LON2/DLON/H
   90   90   91   95   97  101  105  109  113  117  121  126  131  138  147  158
  170  183  195  206  214  219  221  220  216  210  203  196  190  186  183  182
  181  182  182  181  179  176  171  164  157  149  142  134  128  122  117  113
  111  109  108  108  109  111  113  115  116  116  114  111  107  102   98   94
   89   86   85   83   83   82   87   84   90                                   
    67.5-180.0 180.0   5.0 450.0                            LAT/LON1/LON2/DLON/H
   88   89   89   95   97  101  105  109  112  116  119  124  130  139  149  163
  178  194  210  225  236  244  247  245  240  233  224  215  207  200  196  194
  193  193  193  192  189  185  180  173  165  158  150  142  136  130  124  119
  115  111  109  108  109  110  112  113  114  114  113  110  106  101   97   93
   89   87   86   84   84   84   87   84   88                                   
    65.0-180.0 180.0   5.0 450.0                            LAT/LON1/LON2/DLON/H
   84   85   84   91   94   98  101  106  110  114  118  123  130  138  150  165
  183  202  222  239  253  263  267  266  260  251  241  231  222  215  211  208
  207  206  205  203  200  195  189  182  175  167  159  152  145  138  131  124
  117  111  106  103  102  102  103  104  105  104  102   99   95   91   87   84
   82   81   82   81   83   85   87   85   84                                   
    62.5-180.0 180.0   5.0 450.0                            LAT/LON1/LON2/DLON/H
   77   78   76   84   88   93   98  103  108  114  119  124  131  140  151  167
  186  208  229  249  265  275  280  279  273  264  254  244  235  229  225  222
  220  219  216  213  208  202  196  188  181  173  165  158  150  142  133  124
  114  105   98   92   89   88   89   90   90   90   88   85   81   78   75   73
   72   73   75   75   78   80   81   80   77                                   
    60.0-180.0 180.0   5.0 450.0                            LAT/LON1/LON2/DLON/H
   68   67   66   74   78   84   91   98  105  112  118  124  131  139  151  167
  187  209  231  252  269  279  284  283  278  270  261  253  247  242  240  238
  236  233  229  224  218  211  204  196  189  181  174  166  158  148  137  126
  113  102   91   84   79   77   78   79   79   78   76   73   69   66   63   62
   62   64   67   68   71   73   73   74   68                                   
    57.5-180.0 180.0   5.0 450.0                            LAT/LON1/LON2/DLON/H
   60   58   57   64   69   76   84   92  101  110  117  125  131  140  151  166
  185  208  230  251  267  278  283  283  279  273  267  262  259  258  257  257
  255  251  246  238  231  223  215  208  201  194  186  178  168  157  145  131
  117  103   91   83   77   75   75   76   76   75   73   70   66   62   60   59
   60   61   65   65   68   67   67   69   60                                   
    55.0-180.0 180.0   5.0 450.0                            LAT/LON1/LON2/DLON/H
   57   54   53   59   64   71   80   89   99  109  118  126  133  141  151  166
  185  207  229  249  265  275  280  281  279  276  274  272  273  275  277  277
  276  271  263  254  245  237  229  222  216  209  201  192  181  169  156  141
  126  112  100   91   86   83   83   84   84   83   81   77   73   70   67   67
   66   67   70   69   71   68   67   68   57                                   
    52.5-180.0 180.0   5.0 450.0                            LAT/LON1/LON2/DLON/H
   62   58   57   61   66   74   82   91  101  111  120  129  136  144  155  169
  188  209  231  250  265  275  280  283  283  283  284  286  290  294  297  298
  295  289  280  270  260  251  244  238  232  225  217  207  196  183  169  155
  141  127  116  107  103  101  101  102  102  101   98   95   91   88   86   84
   82   83   83   82   82   78   75   74   62                                   
    50.0-180.0 180.0   5.0 450.0                            LAT/LON1/LON2/DLON/H
   76   71   70   72   77   85   92  100  109  119  128  136  144  152  163  177
  196  217  239  257  271  281  287  291  294  297  300  304  309  313  315  314
  310  303  293  283  272  264  258  252  246  239  231  220  208  195  182  169
  156  144  134  127  123  122  123  123  124  123  121  118  115  113  111  109
  106  105  104  102  101   96   91   87   76                                   
    47.5-180.0 180.0   5.0 450.0                            LAT/LON1/LON2/DLON/H
   97   92   90   92   95  103  109  115  122  131  139  148  156  165  176  192
  211  232  252  270  284  294  301  307  312  317  321  325  327  328  327  324
  318  310  300  290  281  274  268  263  257  250  240  228  215  202  190  178
  167  157  149  143  140  139  139  140  141  141  140  139  139  137  136  134
  130  128  126  125  124  118  113  107   97                                   
    45.0-180.0 180.0   5.0 450.0                            LAT/LON1/LON2/DLON/H
  120  116  114  115  119  125  130  133  140  148  156  165  173  183  196  212
  231  251  271  288  301  312  321  329  335  341  344  344  341  337  331  324
  317  309  302  294  288  282  277  272  265  256  244  231  217  204  192  181
  171  162  155  149  145  143  143  144  146  148  150  151  153  154  154  153
  149  147  144  144  144  140  135  129  120                                   
    42.5-180.0 180.0   5.0 450.0                            LAT/LON1/LON2/DLON/H
  139  138  135  138  142  146  150  152  158  166  175  185  196  207  221  237
  255  274  292  308  321  333  343  352  359  363  363  358  350  339  329  320
  313  308  304  302  299  295  290  283  273  261  246  231  215  201  188  177
  168  159  151  143  138  134  133  134  137  142  146  150  154  158  160  161
  158  156  154  155  157  155  152  147  139                                   
    40.0-180.0 180.0   5.0 450.0                            LAT/LON1/LON2/DLON/H
  150  152  149  154  159  162  166  168  174  183  195  208  221  234  249  265
  281  298  314  328  341  353  364  373  379  381  377  368  354  340  327  319
  315  315  318  321  322  320  313  302  288  271  252  233  215  199  185  172
  162  151  142  132  124  118  116  117  121  127  134  139  145  150  154  156
  155  155  153  155  159  160  158  155  150                                   
    37.5-180.0 180.0   5.0 450.0                            LAT/LON1/LON2/DLON/H
  150  154  153  159  166  168  173  177  185  198  214  231  248  263  279  293
  308  322  335  348  360  371  382  389  394  393  386  374  359  345  334  329
  331  339  350  360  365  363  353  336  315  291  267  244  223  204  188  174
  161  150  138  126  115  107  103  104  109  116  123  128  133  138  143  147
  147  148  147  147  150  153  153  150  150                                   
    35.0-180.0 180.0   5.0 450.0                            LAT/LON1/LON2/DLON/H
  142  146  147  154  161  162  170  177  191  209  230  252  273  291  307  321
  333  344  354  365  377  387  396  401  403  400  393  383  371  360  355  358
  369  386  407  424  432  427  411  386  357  326  295  268  243  223  205  190
  176  163  150  137  124  114  109  109  113  119  125  128  130  133  138  142
  143  143  141  139  140  140  140  138  142                                   
    32.5-180.0 180.0   5.0 450.0                            LAT/LON1/LON2/DLON/H
  131  135  135  141  147  148  159  170  190  214  241  269  294  316  333  345
  355  363  371  381  392  401  408  410  410  407  403  397  393  392  397  410
  433  462  491  512  519  510  486  451  412  373  337  306  280  258  240  225
  212  199  186  173  159  148  141  139  142  146  148  147  144  144  147  151
  152  151  146  139  134  130  128  123  131                                   
    30.0-180.0 180.0   5.0 450.0                            LAT/LON1/LON2/DLON/H
  124  125  124  128  131  132  145  160  185  216  249  281  310  334  352  364
  372  379  386  396  407  415  420  420  419  417  418  422  429  441  460  487
  522  560  594  615  618  600  567  523  476  430  390  357  330  310  293  281
  271  261  252  240  226  214  204  200  199  199  196  189  181  177  177  180
  179  176  165  152  140  128  121  112  124                                   
    27.5-180.0 180.0   5.0 450.0                            LAT/LON1/LON2/DLON/H
  125  122  117  119  120  120  135  152  181  216  253  289  320  346  365  377
  384  390  399  410  422  430  433  432  431  433  442  457  480  508  542  582
  626  669  702  716  709  683  641  590  537  487  446  413  389  371  359  352
  348  346  342  335  323  309  297  288  281  275  265  252  238  229  227  228
  225  218  201  181  160  138  123  108  125                                   
    25.0-180.0 180.0   5.0 450.0                            LAT/LON1/LON2/DLON/H
  134  127  116  117  117  117  132  150  180  217  256  293  326  352  372  384
  392  400  410  424  437  446  448  446  447  456  474  503  541  584  632  682
  730  768  791  794  777  743  695  641  586  537  496  466  445  433  427  427
  432  439  444  443  434  420  404  389  376  363  346  327  308  294  289  287
  281  270  247  222  191  158  133  112  134                                   
    22.5-180.0 180.0   5.0 450.0                            LAT/LON1/LON2/DLON/H
  150  140  124  124  121  121  136  154  184  221  259  296  328  355  376  390
  400  410  424  440  454  463  465  464  469  485  514  555  605  660  717  769
  811  837  846  836  810  771  723  669  617  571  534  508  491  483  482  490
  503  520  533  538  533  517  497  477  458  439  418  395  374  358  351  346
  337  323  293  265  226  185  151  124  150                                   
    20.0-180.0 180.0   5.0 450.0                            LAT/LON1/LON2/DLON/H
  170  158  138  136  132  132  145  163  191  226  262  297  329  356  379  397
  410  424  441  459  474  482  483  484  493  517  555  605  663  724  781  827
  855  865  858  838  808  769  723  675  629  589  557  534  519  512  514  524
  543  566  585  595  591  576  553  528  505  483  461  438  419  404  397  391
  380  364  331  301  257  212  172  143  170                                   
    17.5-180.0 180.0   5.0 450.0                            LAT/LON1/LON2/DLON/H
  187  175  154  148  143  144  156  173  199  231  264  297  328  358  384  407
  425  444  463  483  496  501  501  503  517  547  592  648  709  767  815  846
  857  851  833  808  776  741  704  665  629  596  568  546  529  518  517  525
  544  567  589  601  599  584  560  534  509  487  467  448  433  422  417  410
  399  382  350  320  277  231  190  162  187                                   
    15.0-180.0 180.0   5.0 450.0                            LAT/LON1/LON2/DLON/H
  197  184  165  158  152  153  165  180  205  235  265  297  329  362  393  421
  445  468  490  508  519  520  517  520  539  575  625  682  739  786  818  830
  825  808  784  758  731  704  678  651  625  599  574  550  527  508  497  498
  510  530  549  561  561  548  528  504  481  462  445  432  421  414  410  403
  390  374  345  318  280  238  199  175  197                                   
    12.5-180.0 180.0   5.0 450.0                            LAT/LON1/LON2/DLON/H
  197  183  168  162  155  157  169  185  210  239  269  300  333  369  405  439
  469  495  518  534  540  536  531  536  559  601  655  709  754  785  798  796
  780  757  733  710  690  674  659  643  626  606  582  554  522  492  468  457
  458  470  485  495  497  490  475  457  440  425  413  404  396  389  384  375
  361  345  320  298  268  233  199  180  197                                   
    10.0-180.0 180.0   5.0 450.0                            LAT/LON1/LON2/DLON/H
  190  175  163  159  153  155  169  187  213  244  275  308  343  382  422  461
  495  523  545  558  560  552  545  554  583  630  682  728  758  772  771  758
  739  717  696  679  668  661  657  651  641  624  600  566  524  481  444  419
  409  412  422  431  436  435  427  416  404  394  384  376  368  359  350  337
  321  305  285  268  248  221  193  177  190                                   
     7.5-180.0 180.0   5.0 450.0                            LAT/LON1/LON2/DLON/H
  180  164  154  151  146  149  165  186  216  250  285  320  358  399  443  485
  521  550  571  582  580  571  566  580  615  662  708  740  756  756  747  733
