data/edconvlstm_nd/pred0650.15i
     1.0            IONOSPHERE MAPS     GNSS                IONEX VERSION / TYPE
pyspatialgeodesy        IME             05-JAN-18 20:20     PGM / RUN BY / DATE 
Map Name                                                    COMMENT             
Predicted global ionosphere maps (GIM).                     DESCRIPTION         
  2015     3     6     0     0     0                        EPOCH OF FIRST MAP  
  2015     3     7     0     0     0                        EPOCH OF LAST MAP   
  7200                                                      INTERVAL            
    13                                                      # OF MAPS IN FILE   
  NONE                                                      MAPPING FUNCTION    
10.0                                                        ELEVATION CUTOFF    
One-way carrier phase leveled to code                       OBSERVABLES USED    
  6371.0                                                    BASE RADIUS         
 2                                                          MAP DIMENSION       
   450.0 450.0   0.0                                        HGT1 / HGT2 / DHGT  
    87.5 -87.5  -2.5                                        LAT1 / LAT2 / DLAT  
  -180.0 180.0   5.0                                        LON1 / LON2 / DLON  
    -1                                                      EXPONENT            
                                                            END OF HEADER       
[from data line 1716]
     5                                                      START OF TEC MAP    
  2015     3     6     8     0     0                        EPOCH OF CURRENT MAP
    87.5-180.0 180.0   5.0 450.0                            LAT/LON1/LON2/DLON/H
  110  105  101  107  109  110  109  108  111  114  116  118  120  122  124  126
  128  130  132  133  135  136  137  138  139  139  140  140  140  140  140  140
  140  139  139  139  138  138  137  136  135  134  133  132  131  130  129  128
  126  125  124  122  120  119  117  115  113  111  109  107  105  104  102  101
  100  101   99   98  102  101  109  111  110                                   
    85.0-180.0 180.0   5.0 450.0                            LAT/LON1/LON2/DLON/H
   97  100   99  100  102  105  106  108  110  113  115  118  120  122  125  127
  130  132  134  136  138  140  141  143  144  145  146  147  147  148  148  149
  150  150  150  151  151  151  151  151  150  150  149  148  147  146  144  143
  141  140  138  135  133  131  128  126  123  120  117  115  112  110  107  105
  105  105   99   98   95   97  101  104   97                                   
    82.5-180.0 180.0   5.0 450.0                            LAT/LON1/LON2/DLON/H
   87   89   89   87   86   89   91   92   95   98   99  103  105  108  111  114
  117  120  122  125  127  129  131  133  134  136  137  139  140  142  143  145
  147  149  151  153  155  157  158  159  160  160  160  160  160  159  158  157
  155  154  152  149  147  144  141  137  133  130  126  122  118  114  110  107
  105  102   96   95   94   93   88   88   87                                   
    80.0-180.0 180.0   5.0 450.0                            LAT/LON1/LON2/DLON/H
   87   82   79   78   76   76   78   80   83   85   87   90   93   96   99  102
  106  109  112  115  118  120  122  123  124  126  127  128  130  132  135  138
  142  146  150  154  157  161  164  167  169  171  172  173  174  175  175  176
  176  175  174  173  171  168  165  161  157  153  148  144  139  133  128  124
  119  113  106  103   98   95   95   87   87                                   
    77.5-180.0 180.0   5.0 450.0                            LAT/LON1/LON2/DLON/H
   95   84   80   77   72   71   71   72   74   74   75   78   80   83   86   90
   93   97  101  104  106  109  110  112  113  114  115  116  119  122  126  131
  137  143  150  157  164  170  175  180  184  187  190  193  195  198  201  203
  205  207  208  208  208  207  204  201  198  193  188  183  177  171  165  158
  151  143  132  127  119  106  102   98   95                                   
    75.0-180.0 180.0   5.0 450.0                            LAT/LON1/LON2/DLON/H
  102   92   82   79   73   72   70   68   68   68   67   68   69   71   73   76
   80   84   88   91   94   97   98   99   99   99  100  101  103  106  111  118
  126  134  144  153  162  171  178  185  191  196  201  206  211  216  221  227
  232  237  240  243  245  245  244  241  238  234  229  223  218  211  204  197
  188  178  165  152  141  126  119  110  102                                   
    72.5-180.0 180.0   5.0 450.0                            LAT/LON1/LON2/DLON/H
  112  101   91   86   80   78   76   73   71   68   66   65   64   65   66   68
   72   76   80   84   88   91   92   93   92   91   91   91   93   96  102  109
  118  129  141  153  164  174  184  192  199  206  212  219  226  233  241  249
  257  265  271  276  279  280  280  278  275  271  266  260  254  248  240  233
  223  212  199  184  167  148  137  130  112                                   
    70.0-180.0 180.0   5.0 450.0                            LAT/LON1/LON2/DLON/H
  122  106   97   91   84   80   78   75   73   69   66   63   60   59   59   60
   63   67   72   77   82   85   87   87   86   84   83   82   82   85   91   99
  109  121  134  147  160  172  183  192  201  209  216  225  233  243  253  264
  274  284  292  298  302  304  303  300  296  291  285  279  272  265  258  250
  240  229  216  199  181  161  151  145  122                                   
    67.5-180.0 180.0   5.0 450.0                            LAT/LON1/LON2/DLON/H
  119  104   95   89   84   81   79   78   76   73   69   66   62   59   57   58
   60   64   69   75   81   85   87   87   85   82   79   77   77   79   84   91
  102  114  127  142  155  168  180  190  199  208  217  226  237  248  260  272
  284  294  303  309  312  313  311  306  301  294  287  280  273  265  256  248
  238  226  214  196  179  159  149  146  119                                   
    65.0-180.0 180.0   5.0 450.0                            LAT/LON1/LON2/DLON/H
  113   97   88   83   78   76   76   77   77   76   73   70   65   61   58   58
   59   63   69   76   82   86   88   88   85   81   77   74   73   74   78   86
   96  108  122  137  151  165  178  189  200  210  221  231  243  255  267  280
  292  302  310  315  316  315  311  304  297  289  280  272  264  255  245  235
  224  212  199  182  167  149  141  141  113                                   
    62.5-180.0 180.0   5.0 450.0                            LAT/LON1/LON2/DLON/H
  103   87   78   73   68   67   69   71   74   74   74   72   68   64   61   60
   61   65   71   77   83   87   88   87   83   78   74   70   69   70   74   80
   90  102  117  132  147  162  176  189  202  214  225  237  249  261  274  286
  296  305  312  315  314  311  304  297  288  279  270  261  251  241  229  218
  206  192  179  162  149  132  127  129  103                                   
    60.0-180.0 180.0   5.0 450.0                            LAT/LON1/LON2/DLON/H
   96   78   68   61   56   55   56   60   64   67   69   70   68   65   62   61
   62   66   71   77   82   84   84   82   77   72   68   65   64   65   68   75
   85   97  112  128  145  161  177  192  206  220  233  245  258  270  281  292
  301  309  313  314  312  307  300  291  283  274  265  255  245  233  220  207
  192  177  164  147  136  120  116  118   96                                   
    57.5-180.0 180.0   5.0 450.0                            LAT/LON1/LON2/DLON/H
   98   78   66   56   49   45   46   49   54   58   62   64   64   63   61   61
   63   66   71   75   78   79   78   74   70   65   62   59   59   61   65   72
   82   96  112  129  147  165  182  199  215  230  244  257  270  281  292  302
  310  316  319  319  316  310  303  295  287  279  271  262  251  239  224  210
  193  176  163  147  136  119  115  115   98                                   
    55.0-180.0 180.0   5.0 450.0                            LAT/LON1/LON2/DLON/H
  110   89   75   60   51   43   41   41   44   48   53   57   58   59   59   60
   62   65   69   72   74   73   71   67   62   59   56   55   55   58   63   71
   83   98  115  135  154  174  192  210  227  243  258  271  284  295  305  314
  322  327  330  330  327  321  314  307  300  294  287  280  270  257  242  226
  208  191  177  161  151  133  128  124  110                                   
    52.5-180.0 180.0   5.0 450.0                            LAT/LON1/LON2/DLON/H
  133  113   97   78   65   52   45   41   41   43   46   50   53   54   56   58
   61   64   68   70   70   68   65   61   58   55   54   54   55   58   64   73
   86  104  124  145  167  187  206  224  241  257  273  287  299  310  319  328
  336  342  345  346  343  338  331  325  320  316  311  304  295  282  267  251
  232  215  201  185  175  157  150  142  133                                   
    50.0-180.0 180.0   5.0 450.0                            LAT/LON1/LON2/DLON/H
  161  143  127  106   91   74   61   51   46   44   45   47   49   51   54   57
   60   64   67   69   69   67   64   61   58   57   56   57   58   61   67   77
   93  113  136  160  182  203  222  240  257  273  288  302  314  324  334  343
  351  358  363  364  362  357  351  345  341  337  333  328  320  308  293  276
  258  242  227  211  201  184  176  166  161                                   
    47.5-180.0 180.0   5.0 450.0                            LAT/LON1/LON2/DLON/H
  185  170  157  139  124  105   88   72   61   54   50   50   50   52   54   57
   61   65   69   71   71   70   68   66   65   65   65   64   64   66   71   82
  100  123  149  175  200  221  240  258  274  290  304  317  328  338  348  357
  366  374  379  381  379  374  367  360  354  350  346  341  333  321  307  292
  275  260  245  229  219  202  195  185  185                                   
    45.0-180.0 180.0   5.0 450.0                            LAT/LON1/LON2/DLON/H
  197  185  177  167  156  139  121  101   84   71   63   58   56   56   58   61
   65   69   72   75   77   77   77   77   77   77   76   74   72   71   75   87
  106  132  161  190  216  238  257  275  291  306  319  331  342  351  361  370
  379  387  392  394  391  383  373  363  355  348  343  336  328  317  304  290
  276  262  247  231  221  205  198  192  197                                   
    42.5-180.0 180.0   5.0 450.0                            LAT/LON1/LON2/DLON/H
  191  181  181  178  175  165  151  131  112   94   81   73   68   66   66   68
   71   74   79   82   85   87   89   91   92   92   89   84   78   75   78   90
  111  139  171  202  230  253  273  291  307  322  335  346  356  365  373  381
  389  396  400  400  395  385  371  357  345  334  326  317  308  298  286  274
  261  248  233  217  206  189  184  181  191                                   
    40.0-180.0 180.0   5.0 450.0                            LAT/LON1/LON2/DLON/H
  167  157  163  168  174  172  166  152  134  116  101   90   83   79   77   77
   79   83   87   92   96   99  102  105  106  104   99   91   83   78   80   92
  115  145  179  211  241  266  287  307  324  340  353  364  373  380  387  393
  399  404  407  405  398  386  369  351  334  320  308  298  288  277  266  255
  243  229  213  195  181  160  156  155  167                                   
    37.5-180.0 180.0   5.0 450.0                            LAT/LON1/LON2/DLON/H
  135  120  128  137  152  158  161  156  144  130  117  107   99   94   91   89
   90   93   98  103  108  111  114  115  115  112  106   96   86   80   82   94
  117  149  184  218  249  277  302  324  343  360  374  385  394  401  406  411
  415  418  420  418  411  398  380  359  339  322  307  295  284  273  263  252
  239  223  204  181  162  134  128  126  135                                   
    35.0-180.0 180.0   5.0 450.0                            LAT/LON1/LON2/DLON/H
  108   86   90   98  116  126  137  141  137  130  122  116  111  107  104  101
  101  104  109  115  119  121  122  122  120  116  108   97   86   79   81   94
  118  150  187  223  257  288  316  342  364  384  399  411  420  428  433  437
  440  443  445  445  440  429  413  393  372  352  336  323  312  301  291  280
  265  246  223  194  169  131  119  111  108                                   
    32.5-180.0 180.0   5.0 450.0                            LAT/LON1/LON2/DLON/H
   99   67   62   65   80   90  104  113  117  117  117  117  116  115  113  112
  112  116  121  126  129  128  126  124  121  116  107   95   83   77   81   95
  119  152  189  228  264  299  331  361  387  409  426  440  451  460  467  472
  476  480  485  489  489  483  471  453  434  415  399  386  376  366  357  345
  328  306  279  244  214  165  144  125   99                                   
    30.0-180.0 180.0   5.0 450.0                            LAT/LON1/LON2/DLON/H
  118   76   57   50   57   62   74   84   92   98  103  109  114  117  118  119
  121  126  132  136  136  133  128  125  121  114  104   92   81   77   83   99
  124  157  195  234  273  311  346  380  409  433  453  469  483  495  505  513
  520  527  537  547  554  555  549  537  521  505  492  481  474  467  459  447
  428  403  372  331  297  240  208  175  118                                   
    27.5-180.0 180.0   5.0 450.0                            LAT/LON1/LON2/DLON/H
  170  122   88   64   58   53   58   67   74   82   89   98  107  114  119  122
  127  133  140  143  140  135  130  125  121  114  103   92   84   83   92  109
  134  167  203  243  283  322  360  395  427  453  475  495  513  530  545  557
  568  581  597  615  630  639  641  635  625  615  606  600  597  594  589  577
  557  530  495  449  412  347  301  260  170                                   
    25.0-180.0 180.0   5.0 450.0                            LAT/LON1/LON2/DLON/H
  256  204  155  113   92   74   68   69   73   78   84   92  101  110  116  122
  129  137  143  145  142  136  131  127  122  115  106   97   92   95  106  124
  149  179  215  254  294  334  372  407  439  467  492  515  538  560  581  599
  617  637  661  686  709  726  735  737  734  730  726  726  728  729  727  716
  695  669  631  583  541  473  414  369  256                                   
    22.5-180.0 180.0   5.0 450.0                            LAT/LON1/LON2/DLON/H
  368  314  253  198  158  127  107   99   94   92   92   95  101  108  115  121
  129  137  143  145  142  137  133  130  126  121  113  106  105  110  123  140
  164  193  227  265  305  344  380  415  446  474  501  528  555  583  610  635
  660  687  717  749  778  801  815  822  826  828  831  835  841  846  846  835
  815  793  756  709  662  595  535  488  368                                   
    20.0-180.0 180.0   5.0 450.0                            LAT/LON1/LON2/DLON/H
  485  429  364  305  247  208  173  155  140  127  117  112  111  114  118  123
  129  137  142  143  140  137  135  134  133  128  121  115  116  124  137  154
  177  205  239  275  313  350  385  418  448  477  507  536  567  599  630  660
  690  722  757  792  823  846  862  873  881  888  895  903  911  919  920  910
  892  872  841  797  748  689  639  595  485                                   
    17.5-180.0 180.0   5.0 450.0                            LAT/LON1/LON2/DLON/H
  582  526  466  412  344  300  257  230  204  180  158  141  132  128  128  129
  133  138  141  141  139  137  138  140  139  134  127  123  124  132  144  162
  185  214  246  282  318  353  386  418  449  479  511  543  576  609  642  674
  707  740  775  809  837  857  871  881  891  901  911  920  930  937  939  929
  910  892  867  827  781  731  699  666  582                                   
    15.0-180.0 180.0   5.0 450.0                            LAT/LON1/LON2/DLON/H
  634  582  533  490  424  381  337  305  274  241  208  181  162  151  145  141
  141  142  143  141  139  139  142  145  145  139  132  127  127  133  146  164
  188  218  250  285  320  353  385  417  449  482  516  550  585  618  651  683
  713  744  775  803  825  839  848  856  865  877  888  899  907  913  911  899
  879  858  836  798  761  718  700  686  634                                   
    12.5-180.0 180.0   5.0 450.0                            LAT/LON1/LON2/DLON/H
  639  594  559  527  470  430  390  360  330  296  258  225  199  181  168  159
  153  150  148  145  142  143  147  150  150  145  137  130  127  131  143  162
  188  218  251  285  318  350  382  415  449  485  522  559  594  627  658  686
  713  739  763  784  798  806  810  816  825  837  849  859  865  866  860  844
  821  797  773  736  705  668  657  660  639                                   
    10.0-180.0 180.0   5.0 450.0                            LAT/LON1/LON2/DLON/H
  618  580  556  534  489  451  414  388  363  334  299  265  236  214  196  181
  170  162  156  151  148  149  152  156  156  150  141  131  126  128  139  158
  185  217  250  283  315  346  378  412  448  487  527  566  602  634  662  687
  710  730  748  763  772  776  778  783  791  803  815  823  825  820  808  788
  763  736  707  670  641  606  596  610  618                                   
     7.5-180.0 180.0   5.0 450.0                            LAT/LON1/LON2/DLON/H
  589  559  541  526  491  455  419  396  378  356  328  298  271  248  226  207
  190  178  169  162  157  156  158  160  159  154  144  134  127  127  136  156
