data/edconvlstm_nd/pred1800.15i
     1.0            IONOSPHERE MAPS     GNSS                IONEX VERSION / TYPE
pyspatialgeodesy        IME             05-JAN-18 20:20     PGM / RUN BY / DATE 
Map Name                                                    COMMENT             
Predicted global ionosphere maps (GIM).                     DESCRIPTION         
  2015     6    29     0     0     0                        EPOCH OF FIRST MAP  
  2015     6    30     0     0     0                        EPOCH OF LAST MAP   
  7200                                                      INTERVAL            
    13                                                      # OF MAPS IN FILE   
  NONE                                                      MAPPING FUNCTION    
10.0                                                        ELEVATION CUTOFF    
One-way carrier phase leveled to code                       OBSERVABLES USED    
  6371.0                                                    BASE RADIUS         
 2                                                          MAP DIMENSION       
   450.0 450.0   0.0                                        HGT1 / HGT2 / DHGT  
    87.5 -87.5  -2.5                                        LAT1 / LAT2 / DLAT  
  -180.0 180.0   5.0                                        LON1 / LON2 / DLON  
    -1                                                      EXPONENT            
                                                            END OF HEADER       
[from data line 3432]
     9                                                      START OF TEC MAP    
  2015     6    29    16     0     0                        EPOCH OF CURRENT MAP
    87.5-180.0 180.0   5.0 450.0                            LAT/LON1/LON2/DLON/H
  133  135  129  135  137  137  136  134  135  136  135  136  135  136  135  135
  135  135  135  135  134  134  134  133  133  133  132  132  132  131  131  130
  130  129  129  129  128  128  128  128  128  128  128  128  129  129  129  129
  130  130  130  131  131  131  131  132  132  132  132  132  132  132  132  132
  132  133  131  129  137  133  141  138  133                                   
    85.0-180.0 180.0   5.0 450.0                            LAT/LON1/LON2/DLON/H
  133  135  145  136  136  141  140  142  142  144  143  143  143  143  143  143
  143  143  143  142  142  142  141  141  140  140  139  139  138  137  137  136
  135  134  134  133  132  132  131  131  131  131  131  131  132  132  132  133
  133  134  135  135  136  136  136  137  137  137  138  138  138  138  138  138
  139  139  136  133  134  129  133  132  133                                   
    82.5-180.0 180.0   5.0 450.0                            LAT/LON1/LON2/DLON/H
  119  128  131  127  128  133  136  138  138  139  139  140  140  141  141  141
  141  141  141  140  140  140  140  140  139  139  138  138  137  136  135  134
  133  132  131  129  128  127  127  126  126  125  126  126  126  127  127  128
  128  129  130  130  131  131  131  131  132  132  132  132  132  132  131  131
  131  130  127  128  126  131  125  118  119                                   
    80.0-180.0 180.0   5.0 450.0                            LAT/LON1/LON2/DLON/H
  110  116  122  122  122  124  127  131  132  134  134  135  136  136  136  136
  137  137  137  137  137  137  137  137  136  136  136  135  134  133  132  130
  129  127  125  123  121  120  119  118  117  117  117  117  118  119  119  120
  121  122  122  123  123  123  123  124  124  124  124  124  124  123  123  123
  123  122  120  120  115  115  114  112  110                                   
    77.5-180.0 180.0   5.0 450.0                            LAT/LON1/LON2/DLON/H
  111  112  116  116  119  122  124  127  128  130  130  131  132  132  133  133
  133  134  134  135  135  136  137  137  138  138  138  137  137  136  134  133
  131  128  126  124  121  119  117  116  115  115  115  115  116  117  118  118
  119  119  120  120  119  119  119  119  118  118  118  117  117  116  116  115
  114  113  112  112  112  107  108  110  111                                   
    75.0-180.0 180.0   5.0 450.0                            LAT/LON1/LON2/DLON/H
  105  108  109  111  115  119  120  123  124  127  126  128  128  129  130  130
  131  131  132  133  134  136  137  138  139  140  140  140  140  139  137  136
  133  131  128  125  123  120  118  116  114  114  113  114  115  115  116  117
  117  117  117  116  115  114  113  113  112  112  111  111  111  110  110  110
  109  108  107  104  106  102  104   95  105                                   
    72.5-180.0 180.0   5.0 450.0                            LAT/LON1/LON2/DLON/H
  100  104  105  111  112  117  119  121  121  122  122  123  124  125  125  126
  127  128  129  130  132  134  136  138  140  141  142  142  141  140  139  138
  135  133  130  127  124  121  118  116  114  113  113  113  114  115  116  116
  116  115  114  113  111  109  108  106  105  105  104  104  104  104  103  103
  102  101  101   98   99   98  100   97  100                                   
    70.0-180.0 180.0   5.0 450.0                            LAT/LON1/LON2/DLON/H
  100  103  105  109  110  113  114  116  117  118  118  119  120  121  122  123
  123  124  126  128  130  132  135  137  139  141  141  141  141  140  139  138
  137  135  132  129  126  123  119  117  115  114  113  114  115  115  116  116
  116  114  113  110  107  105  102  100   99   98   98   98   98   99   99   99
   98   97   97   95   97   97  102   98  100                                   
    67.5-180.0 180.0   5.0 450.0                            LAT/LON1/LON2/DLON/H
  101  106  108  113  114  117  117  119  118  119  119  120  121  122  123  124
  125  126  127  129  131  134  137  139  141  143  143  143  142  142  141  140
  139  138  136  133  130  127  124  121  119  118  118  118  119  120  120  121
  120  118  116  113  109  106  103  100   98   97   97   97   98   98   99   99
   99   98   97   95   96   98  101   99  101                                   
    65.0-180.0 180.0   5.0 450.0                            LAT/LON1/LON2/DLON/H
  102  109  112  116  116  118  118  118  118  119  118  120  122  124  125  126
  127  128  128  130  132  135  138  141  143  144  144  143  142  142  142  142
  142  141  140  138  136  133  130  127  125  124  124  124  125  126  126  126
  125  123  120  117  113  108  104  101   99   97   97   97   98   98   99   99
   99   99   99   98  100  102  107  105  102                                   
    62.5-180.0 180.0   5.0 450.0                            LAT/LON1/LON2/DLON/H
  104  113  116  119  119  121  120  120  119  120  120  122  124  127  129  130
  131  131  131  132  134  137  141  143  145  146  146  145  144  144  144  145
  146  146  145  144  141  139  136  134  133  132  131  132  132  132  132  132
  131  129  127  123  119  114  110  105  102  100  100   99  100  100  100  100
  100   99  100   99  101  104  109  108  104                                   
    60.0-180.0 180.0   5.0 450.0                            LAT/LON1/LON2/DLON/H
  105  114  118  122  121  123  122  121  120  120  120  123  126  130  132  134
  134  134  134  134  136  139  143  146  148  149  148  147  147  147  148  149
  151  151  151  150  148  146  144  143  141  141  140  140  140  140  139  139
  137  136  133  130  126  121  116  112  108  105  103  102  102  102  101  101
  100   99  100   99  102  105  111  110  105                                   
    57.5-180.0 180.0   5.0 450.0                            LAT/LON1/LON2/DLON/H
  105  114  118  123  123  125  125  124  122  122  122  125  128  132  135  137
  137  137  136  136  138  141  145  149  152  153  153  152  152  153  154  156
  158  158  158  157  155  154  153  152  151  151  151  150  149  148  147  145
  144  142  141  138  134  130  125  120  115  111  109  107  106  104  103  102
  100   99   99   98  101  103  110  110  105                                   
    55.0-180.0 180.0   5.0 450.0                            LAT/LON1/LON2/DLON/H
  103  112  117  123  123  127  128  126  124  123  123  125  129  133  136  138
  138  137  136  137  138  142  147  151  155  157  157  158  158  160  162  164
  165  166  165  163  162  161  161  161  161  161  160  159  157  155  153  151
  149  147  146  144  142  138  133  127  122  117  114  111  109  107  105  103
  100   98   97   96   98  100  106  107  103                                   
    52.5-180.0 180.0   5.0 450.0                            LAT/LON1/LON2/DLON/H
  100  108  114  122  124  130  131  130  127  126  124  126  129  132  135  137
  138  137  136  136  138  142  147  152  157  160  162  163  165  167  169  172
  173  172  171  169  168  167  167  168  169  169  169  167  165  162  158  155
  152  151  150  149  147  144  139  134  128  123  119  116  113  110  107  104
  100   97   96   94   95   96  102  103  100                                   
    50.0-180.0 180.0   5.0 450.0                            LAT/LON1/LON2/DLON/H
   97  105  112  121  125  132  135  135  132  130  128  128  130  132  135  136
  137  136  135  135  137  141  147  153  159  163  166  168  171  174  177  179
  180  179  177  175  173  173  174  175  176  177  176  174  171  167  163  159
  155  153  152  152  150  148  144  139  134  129  124  121  117  114  110  106
  102   98   96   94   93   94   99  100   97                                   
    47.5-180.0 180.0   5.0 450.0                            LAT/LON1/LON2/DLON/H
   95  103  110  120  125  135  139  140  138  136  134  133  134  135  136  137
  137  137  136  136  138  142  148  155  161  166  170  173  176  180  184  186
  187  186  183  181  180  181  182  183  184  184  183  181  178  174  169  164
  159  156  155  154  153  152  148  144  139  134  130  127  123  119  115  111
  106  102   99   96   95   94   98   98   95                                   
    45.0-180.0 180.0   5.0 450.0                            LAT/LON1/LON2/DLON/H
   95  101  109  119  126  137  143  145  145  145  143  143  142  142  142  142
  142  142  141  141  143  146  151  157  163  169  174  178  182  187  191  194
  195  195  193  192  192  192  193  193  193  192  191  189  186  182  176  171
  165  161  158  157  156  155  152  149  144  140  137  134  131  127  123  118
  113  108  105  101   99   97  100   99   95                                   
    42.5-180.0 180.0   5.0 450.0                            LAT/LON1/LON2/DLON/H
   96  102  108  119  127  138  145  150  153  155  156  156  156  155  153  152
  152  151  151  151  151  153  156  162  168  174  180  185  189  194  199  204
  207  209  209  209  209  209  209  208  206  204  202  199  196  192  187  181
  174  168  164  161  160  158  156  154  150  147  145  142  139  135  131  127
  121  116  113  109  106  103  105  103   96                                   
    40.0-180.0 180.0   5.0 450.0                            LAT/LON1/LON2/DLON/H
   98  103  108  118  126  137  145  152  159  165  170  173  174  173  170  168
  167  166  165  164  163  163  164  168  174  181  188  193  199  205  211  218
  224  229  232  234  235  234  232  229  224  220  216  213  210  206  200  193
  185  178  172  168  165  163  161  159  157  155  153  151  148  144  140  135
  130  125  122  117  114  111  111  108   98                                   
    37.5-180.0 180.0   5.0 450.0                            LAT/LON1/LON2/DLON/H
  101  104  108  116  123  134  143  153  163  174  183  191  194  193  190  187
  185  184  182  180  177  175  174  177  182  190  198  205  211  218  226  236
  246  255  263  267  268  266  261  254  246  239  234  230  226  222  216  208
  198  189  181  175  171  169  167  165  163  162  160  159  156  152  148  143
  137  133  129  125  121  118  117  113  101                                   
    35.0-180.0 180.0   5.0 450.0                            LAT/LON1/LON2/DLON/H
  103  105  107  113  120  130  139  150  164  179  194  206  212  213  211  207
  204  201  199  196  191  187  185  186  192  200  209  218  226  235  245  259
  273  287  298  305  306  302  294  283  272  262  254  248  244  238  231  222
  211  200  190  182  177  174  171  170  168  167  166  164  162  158  153  148
  142  137  134  130  126  123  122  118  103                                   
    32.5-180.0 180.0   5.0 450.0                            LAT/LON1/LON2/DLON/H
  105  106  106  110  116  125  134  146  163  182  201  217  227  230  228  224
  220  216  213  209  204  198  195  196  201  211  222  233  243  253  267  284
  303  321  336  343  343  336  325  311  297  285  275  267  261  253  245  234
  221  209  197  188  181  177  174  172  171  169  168  167  165  161  156  150
  144  139  135  131  129  126  125  120  105                                   
    30.0-180.0 180.0   5.0 450.0                            LAT/LON1/LON2/DLON/H
  107  106  104  108  112  121  130  142  160  181  203  223  235  241  240  236
  231  227  223  219  213  207  203  204  210  221  234  247  259  272  288  309
  332  353  369  376  374  365  350  334  318  305  294  284  275  266  255  242
  229  214  202  191  184  179  175  172  170  168  167  166  164  160  155  150
  143  138  133  130  128  125  125  121  107                                   
    27.5-180.0 180.0   5.0 450.0                            LAT/LON1/LON2/DLON/H
  108  107  103  107  111  120  128  139  156  178  201  223  238  245  245  242
  237  233  229  225  220  214  211  211  218  230  245  260  274  289  308  331
  355  378  393  398  394  382  366  349  333  320  308  297  286  274  261  247
  232  217  203  192  183  177  172  168  165  163  162  161  160  157  152  146
  139  134  129  126  125  123  123  120  108                                   
    25.0-180.0 180.0   5.0 450.0                            LAT/LON1/LON2/DLON/H
  108  107  103  107  111  121  129  139  155  175  197  219  235  244  246  244
  240  236  233  229  225  221  217  218  225  237  253  270  286  303  323  347
  371  392  405  407  400  386  370  354  340  328  317  306  293  279  264  249
  233  217  202  190  180  173  167  162  158  155  153  153  153  151  147  142
  135  129  125  121  121  120  121  118  108                                   
    22.5-180.0 180.0   5.0 450.0                            LAT/LON1/LON2/DLON/H
  108  108  103  109  114  124  132  141  155  172  193  213  230  240  245  244
  242  239  236  234  231  227  224  225  231  244  261  279  296  314  334  356
  379  396  405  403  394  380  365  352  341  332  323  311  297  282  265  249
  232  215  200  187  176  168  161  154  149  145  144  144  144  143  141  136
  130  124  120  117  117  117  118  117  108                                   
    20.0-180.0 180.0   5.0 450.0                            LAT/LON1/LON2/DLON/H
  107  108  103  111  117  128  137  145  157  172  190  208  225  237  244  246
  246  244  243  242  240  237  234  233  239  251  268  286  304  322  341  360
  379  391  396  391  380  367  355  346  339  333  325  314  300  283  266  249
  231  215  199  184  172  162  154  146  140  136  135  135  136  136  135  131
  125  120  116  113  114  114  115  115  107                                   
    17.5-180.0 180.0   5.0 450.0                            LAT/LON1/LON2/DLON/H
  104  107  102  111  118  130  141  150  161  174  189  206  222  236  245  251
  253  254  254  254  252  249  246  245  249  260  276  294  311  328  345  361
  374  382  382  375  365  354  345  340  337  334  327  317  302  285  268  250
  233  215  198  183  169  158  148  140  134  130  128  128  129  130  129  127
  122  117  113  111  112  112  113  113  104                                   
    15.0-180.0 180.0   5.0 450.0                            LAT/LON1/LON2/DLON/H
  101  103   99  108  116  129  142  153  165  178  192  207  223  238  250  260
  266  269  271  271  269  265  261  259  263  272  286  303  320  335  349  360
  369  372  369  361  352  344  340  339  339  337  331  321  306  289  272  254
  236  218  199  182  167  154  144  136  130  127  125  124  125  125  125  123
  119  115  111  109  110  110  110  110  101                                   
    12.5-180.0 180.0   5.0 450.0                            LAT/LON1/LON2/DLON/H
   96   98   93  101  110  123  139  153  168  182  196  212  228  244  259  272
  281  287  290  290  287  283  278  276  278  286  299  314  330  343  353  361
  366  366  361  354  346  342  342  344  345  343  337  325  311  294  276  258
  239  220  200  182  165  151  141  134  129  126  124  123  122  122  121  120
  116  113  110  107  108  108  107  107   96                                   
    10.0-180.0 180.0   5.0 450.0                            LAT/LON1/LON2/DLON/H
   90   90   86   93  100  114  132  149  168  185  201  217  234  251  268  284
  297  305  309  309  306  300  295  293  295  302  314  327  341  352  360  365
  367  364  360  354  349  348  351  354  354  351  342  330  315  298  280  261
  241  220  199  179  162  148  139  133  130  127  125  122  120  119  118  117
  113  111  108  105  105  104  103  102   90                                   
     7.5-180.0 180.0   5.0 450.0                            LAT/LON1/LON2/DLON/H
   84   83   78   83   90  103  122  143  165  186  204  222  239  257  276  293
  308  319  324  324  321  315  311  309  311  318  328  340  352  361  368  371
