data/edconvlstm_nd/pred2220.15i
     1.0            IONOSPHERE MAPS     GNSS                IONEX VERSION / TYPE
pyspatialgeodesy        IME             05-JAN-18 20:20     PGM / RUN BY / DATE 
Map Name                                                    COMMENT             
Predicted global ionosphere maps (GIM).                     DESCRIPTION         
  2015     8    10     0     0     0                        EPOCH OF FIRST MAP  
  2015     8    11     0     0     0                        EPOCH OF LAST MAP   
  7200                                                      INTERVAL            
    13                                                      # OF MAPS IN FILE   
  NONE                                                      MAPPING FUNCTION    
10.0                                                        ELEVATION CUTOFF    
One-way carrier phase leveled to code                       OBSERVABLES USED    
  6371.0                                                    BASE RADIUS         
 2                                                          MAP DIMENSION       
   450.0 450.0   0.0                                        HGT1 / HGT2 / DHGT  
    87.5 -87.5  -2.5                                        LAT1 / LAT2 / DLAT  
  -180.0 180.0   5.0                                        LON1 / LON2 / DLON  
    -1                                                      EXPONENT            
                                                            END OF HEADER       
[from data line 1287]
     4                                                      START OF TEC MAP    
  2015     8    10     6     0     0                        EPOCH OF CURRENT MAP
    87.5-180.0 180.0   5.0 450.0                            LAT/LON1/LON2/DLON/H
  123  125  125  132  132  132  130  127  128  129  129  129  129  129  128  128
  127  126  125  124  124  123  122  121  120  119  119  118  117  117  116  115
  115  114  114  113  113  113  113  113  113  113  113  113  114  114  114  115
  115  116  116  116  116  117  117  117  117  117  117  117  117  117  117  117
  118  120  119  119  124  125  129  121  123                                   
    85.0-180.0 180.0   5.0 450.0                            LAT/LON1/LON2/DLON/H
  125  135  133  136  139  140  141  140  141  142  141  142  141  141  140  139
  138  137  136  134  133  132  131  130  129  128  127  126  125  125  124  123
  122  122  121  121  121  120  120  121  121  121  122  122  123  124  125  125
  126  127  128  128  129  129  129  130  130  130  130  130  130  130  129  130
  131  132  128  129  126  129  132  128  125                                   
    82.5-180.0 180.0   5.0 450.0                            LAT/LON1/LON2/DLON/H
  132  137  142  138  138  141  142  143  144  145  144  145  144  143  142  140
  138  137  135  133  131  130  128  127  126  125  123  123  122  121  120  120
  119  119  118  118  118  118  118  119  120  121  122  123  124  126  127  129
  131  132  133  134  135  135  136  136  136  136  136  136  135  134  134  134
  134  133  130  130  132  130  126  120  132                                   
    80.0-180.0 180.0   5.0 450.0                            LAT/LON1/LON2/DLON/H
  133  133  131  132  135  136  138  140  141  142  141  141  140  139  137  135
  132  130  127  125  123  121  119  117  116  115  114  113  112  112  111  111
  111  111  110  111  111  111  112  113  115  117  119  121  124  126  129  131
  134  136  137  139  140  141  141  141  141  141  140  140  139  137  136  135
  134  132  129  130  131  132  134  121  133                                   
    77.5-180.0 180.0   5.0 450.0                            LAT/LON1/LON2/DLON/H
  129  127  126  129  129  133  136  138  139  140  139  139  137  135  133  130
  127  124  121  118  115  113  111  109  108  107  106  106  105  105  105  105
  106  106  107  107  108  109  111  113  115  118  122  125  129  133  137  141
  144  147  149  151  152  153  153  153  153  152  151  150  148  147  144  143
  140  138  132  132  132  127  126  122  129                                   
    75.0-180.0 180.0   5.0 450.0                            LAT/LON1/LON2/DLON/H
  119  121  116  120  120  126  128  129  131  132  130  130  128  126  123  120
  117  113  110  107  104  102   99   98   96   95   94   94   94   94   95   96
   97   99  100  101  103  105  107  110  113  117  122  127  132  137  142  146
  150  153  156  157  158  159  159  159  158  157  156  155  154  152  150  148
  145  141  135  129  128  124  123  119  119                                   
    72.5-180.0 180.0   5.0 450.0                            LAT/LON1/LON2/DLON/H
  114  119  114  116  118  123  125  127  128  129  128  128  126  124  121  118
  115  111  108  105  102  100   97   95   93   92   91   91   91   92   93   95
   97  100  102  104  106  109  112  116  120  126  131  138  144  150  155  160
  164  167  169  169  169  169  168  167  166  165  164  163  162  161  160  158
  155  151  146  140  134  129  124  120  114                                   
    70.0-180.0 180.0   5.0 450.0                            LAT/LON1/LON2/DLON/H
  116  117  113  113  113  116  118  119  121  122  121  121  120  118  116  113
  111  108  105  101   99   96   93   90   88   86   84   84   84   85   87   90
   93   97  100  103  106  110  114  118  124  130  137  145  152  158  164  168
  171  173  173  173  171  169  167  165  164  163  162  162  162  162  162  162
  160  157  152  146  140  133  131  125  116                                   
    67.5-180.0 180.0   5.0 450.0                            LAT/LON1/LON2/DLON/H
  115  117  111  110  110  111  112  112  113  114  113  115  114  113  112  110
  108  106  103  100   97   94   91   87   84   81   79   77   77   79   81   85
   89   93   98  102  106  110  115  121  127  135  143  151  158  165  170  173
  175  175  173  170  167  163  160  157  155  154  154  155  156  157  158  160
  159  157  154  149  143  137  133  127  115                                   
    65.0-180.0 180.0   5.0 450.0                            LAT/LON1/LON2/DLON/H
  119  120  113  111  109  108  107  107  107  107  108  110  110  110  110  109
  108  106  104  101   98   94   90   86   82   78   75   73   72   74   77   81
   86   92   97  102  107  113  119  126  134  143  152  161  168  174  178  180
  179  177  173  168  163  157  153  149  147  146  146  147  149  151  153  156
  157  157  155  152  148  143  140  134  119                                   
    62.5-180.0 180.0   5.0 450.0                            LAT/LON1/LON2/DLON/H
  124  126  118  114  111  108  105  103  102  102  102  104  106  107  108  108
  107  105  103  100   97   93   89   84   79   75   71   68   67   69   73   78
   84   90   97  103  109  116  123  132  142  152  162  171  178  183  186  186
  183  179  173  166  159  152  146  142  139  138  138  139  141  144  147  150
  153  154  154  153  150  148  145  140  124                                   
    60.0-180.0 180.0   5.0 450.0                            LAT/LON1/LON2/DLON/H
  130  132  124  119  114  109  105  100   98   96   95   97   99  101  102  103
  102  101   99   96   92   88   84   79   75   70   66   63   62   64   68   74
   81   88   96  103  111  119  128  138  149  161  172  181  188  192  193  191
  187  180  173  164  156  149  143  138  135  133  133  134  135  137  140  143
  146  148  150  150  150  150  149  145  130                                   
    57.5-180.0 180.0   5.0 450.0                            LAT/LON1/LON2/DLON/H
  138  139  132  126  120  114  107  101   96   92   90   91   92   93   94   95
   95   94   91   88   85   81   78   74   70   66   62   60   59   61   65   71
   79   87   96  105  114  123  134  146  159  172  183  193  200  203  203  200
  194  186  178  169  160  152  145  140  137  135  134  134  135  136  137  139
  141  144  146  148  150  152  152  149  138                                   
    55.0-180.0 180.0   5.0 450.0                            LAT/LON1/LON2/DLON/H
  145  147  140  134  128  121  113  104   97   91   86   84   83   84   84   85
   85   83   81   78   75   73   70   67   65   62   59   58   57   59   63   70
   78   87   96  107  117  129  141  155  169  183  195  205  212  215  214  210
  204  196  187  177  168  160  153  148  144  142  140  140  139  139  139  139
  140  141  144  146  150  154  155  152  145                                   
    52.5-180.0 180.0   5.0 450.0                            LAT/LON1/LON2/DLON/H
  151  154  148  143  138  130  122  111  102   93   85   80   76   74   74   74
   74   73   71   69   67   65   64   63   62   61   59   58   59   60   64   70
   78   88   98  110  122  135  149  164  179  193  206  217  224  227  227  223
  217  209  200  190  181  173  165  159  155  152  151  150  149  147  145  144
  144  144  145  147  151  156  157  155  151                                   
    50.0-180.0 180.0   5.0 450.0                            LAT/LON1/LON2/DLON/H
  155  159  155  151  147  141  133  122  111   99   88   79   72   68   66   65
   65   64   63   62   61   61   61   62   63   63   63   62   63   64   68   73
   81   91  102  114  128  142  157  173  188  203  217  228  235  240  240  238
  232  224  215  205  196  187  179  173  168  165  163  161  160  158  156  154
  152  150  150  151  154  159  161  158  155                                   
    47.5-180.0 180.0   5.0 450.0                            LAT/LON1/LON2/DLON/H
  158  162  159  157  154  149  143  133  122  108   94   83   73   65   61   60
   60   60   60   60   60   61   63   65   67   69   69   70   70   71   73   78
   85   95  107  120  134  149  165  181  196  212  225  237  245  251  253  252
  247  240  231  220  210  201  192  185  179  176  173  172  171  169  167  165
  162  160  158  158  160  163  165  162  158                                   
    45.0-180.0 180.0   5.0 450.0                            LAT/LON1/LON2/DLON/H
  159  163  160  159  158  155  151  143  133  119  104   91   78   68   62   60
   59   60   61   63   64   67   69   73   76   78   79   79   79   79   81   85
   91  100  112  126  141  156  172  187  202  217  231  243  253  260  264  264
  261  254  244  234  223  214  204  196  190  185  182  180  180  179  178  176
  174  171  168  167  167  169  169  166  159                                   
    42.5-180.0 180.0   5.0 450.0                            LAT/LON1/LON2/DLON/H
  160  163  159  158  159  158  156  150  142  130  116  101   87   76   68   65
   64   66   68   70   73   76   80   83   86   89   90   89   89   89   89   92
   98  107  118  132  147  162  176  191  206  220  233  246  257  266  272  274
  271  265  256  246  236  226  217  209  201  195  191  188  188  187  186  186
  184  181  178  176  175  175  174  169  160                                   
    40.0-180.0 180.0   5.0 450.0                            LAT/LON1/LON2/DLON/H
  161  162  156  155  156  156  156  153  148  138  126  113   99   87   78   74
   73   75   78   81   84   88   92   95   98  100  100  100   99   98   98  100
  106  114  125  138  151  165  179  193  206  220  234  247  259  269  277  280
  279  274  267  258  250  242  234  226  218  210  204  199  197  195  194  194
  192  189  186  183  182  180  178  173  161                                   
    37.5-180.0 180.0   5.0 450.0                            LAT/LON1/LON2/DLON/H
  164  162  154  151  153  152  154  153  150  143  134  124  112  100   91   86
   84   86   88   92   96  100  104  107  109  110  110  109  108  107  107  109
  114  121  131  142  155  167  179  192  205  219  233  246  259  270  279  284
  285  282  277  272  268  264  259  252  244  234  225  217  211  207  204  202
  199  196  192  189  187  185  183  176  164                                   
    35.0-180.0 180.0   5.0 450.0                            LAT/LON1/LON2/DLON/H
  170  165  155  149  151  149  151  150  149  145  140  132  123  113  104   98
   95   96   99  102  107  111  115  118  120  120  119  118  116  115  116  117
  121  127  136  145  156  166  177  190  203  217  231  245  258  270  280  287
  291  291  291  292  293  295  294  289  281  270  257  245  234  225  218  213
  208  203  198  195  193  189  188  180  170                                   
    32.5-180.0 180.0   5.0 450.0                            LAT/LON1/LON2/DLON/H
  180  173  162  153  153  148  149  148  148  145  143  139  132  124  116  109
  105  105  107  110  115  120  124  128  129  129  128  126  124  123  123  125
  128  133  139  146  155  164  174  186  200  214  229  243  257  270  281  291
  298  303  309  317  326  334  339  337  330  317  301  283  266  251  238  228
  219  212  206  201  199  195  194  185  180                                   
    30.0-180.0 180.0   5.0 450.0                            LAT/LON1/LON2/DLON/H
  194  186  175  164  161  154  152  149  148  146  145  144  140  133  125  118
  113  111  112  116  121  127  132  137  139  138  136  134  131  130  130  131
  133  136  140  145  151  159  169  182  197  213  228  243  257  271  284  296
  308  319  332  348  365  380  389  391  385  371  352  329  307  285  265  250
  237  226  217  211  207  204  203  194  194                                   
    27.5-180.0 180.0   5.0 450.0                            LAT/LON1/LON2/DLON/H
  212  205  195  182  177  167  163  156  153  149  148  148  145  140  132  124
  118  116  116  120  126  133  140  145  148  147  145  141  138  136  135  135
  135  135  137  140  145  153  164  177  194  212  229  244  259  274  289  305
  321  338  358  381  404  425  439  444  439  424  403  378  351  324  299  279
  260  247  235  226  221  216  216  207  212                                   
    25.0-180.0 180.0   5.0 450.0                            LAT/LON1/LON2/DLON/H
  233  228  220  206  199  187  180  169  163  156  154  153  151  146  138  130
  123  119  119  123  130  138  147  153  156  156  152  147  142  138  136  134
  132  131  131  133  138  146  158  174  192  212  230  247  263  280  297  316
  336  358  383  411  439  463  480  487  482  469  448  422  394  365  337  313
  291  274  259  248  239  233  232  223  233                                   
    22.5-180.0 180.0   5.0 450.0                            LAT/LON1/LON2/DLON/H
  256  252  247  233  224  210  201  187  178  168  163  160  156  151  143  135
  127  123  123  127  134  144  153  160  164  163  157  150  143  138  133  130
  126  123  121  123  130  139  153  171  191  212  233  251  269  286  306  328
  351  377  405  435  464  489  506  513  510  497  478  455  429  402  375  350
  327  308  291  276  263  255  252  243  256                                   
    20.0-180.0 180.0   5.0 450.0                            LAT/LON1/LON2/DLON/H
  278  276  273  259  247  232  222  207  195  182  174  168  163  157  149  140
  133  129  129  132  139  149  158  166  168  166  159  150  141  133  127  121
  116  112  111  114  122  134  150  169  191  214  235  255  274  294  315  339
  365  393  421  450  477  500  515  521  518  508  492  474  454  432  409  387
  364  345  326  309  292  281  276  267  278                                   
    17.5-180.0 180.0   5.0 450.0                            LAT/LON1/LON2/DLON/H
  299  297  294  280  266  250  240  224  211  197  186  178  171  164  156  147
  140  136  136  139  145  153  162  168  169  166  157  146  135  125  118  111
  105  101  101  106  116  131  149  169  192  215  238  258  279  300  323  349
  377  404  432  457  480  498  510  513  510  503  493  482  469  455  438  420
  401  382  363  343  323  309  302  292  299                                   
    15.0-180.0 180.0   5.0 450.0                            LAT/LON1/LON2/DLON/H
  318  315  310  295  279  261  250  235  223  208  197  187  180  172  164  156
  149  146  144  146  151  157  163  167  166  161  150  138  126  116  108  101
   95   92   93  100  112  129  149  170  193  216  239  260  282  304  330  357
  385  412  437  458  476  488  495  496  494  490  486  482  477  471  461  449
  432  415  397  376  354  337  328  318  318                                   
    12.5-180.0 180.0   5.0 450.0                            LAT/LON1/LON2/DLON/H
  336  330  322  305  286  266  253  239  228  215  204  194  187  179  172  165
  160  156  154  154  155  158  161  162  160  152  141  128  116  106   99   93
   88   85   88   96  110  129  149  171  193  215  238  260  282  306  333  362
  390  417  439  456  468  476  479  480  479  478  478  480  482  482  478  470
  457  442  425  404  382  363  354  344  336                                   
    10.0-180.0 180.0   5.0 450.0                            LAT/LON1/LON2/DLON/H
  353  345  333  312  291  268  253  239  228  217  207  198  191  185  179  174
  170  166  163  160  158  158  157  155  150  141  130  118  107   99   92   87
   83   81   85   94  110  129  150  171  192  213  235  257  280  305  333  363
  392  418  439  453  462  467  470  471  471  473  477  482  487  490  489  483
  472  460  444  425  404  385  375  367  353                                   
     7.5-180.0 180.0   5.0 450.0                            LAT/LON1/LON2/DLON/H
  370  361  345  321  297  271  252  237  226  216  207  199  194  189  185  181
  177  174  169  164  159  155  151  146  139  129  119  108  100   94   89   85
