data/edconvlstm_nd/pred3340.15i
     1.0            IONOSPHERE MAPS     GNSS                IONEX VERSION / TYPE
pyspatialgeodesy        IME             05-JAN-18 20:20     PGM / RUN BY / DATE 
Map Name                                                    COMMENT             
Predicted global ionosphere maps (GIM).                     DESCRIPTION         
  2015    11    30     0     0     0                        EPOCH OF FIRST MAP  
  2015    12     1     0     0     0                        EPOCH OF LAST MAP   
  7200                                                      INTERVAL            
    13                                                      # OF MAPS IN FILE   
  NONE                                                      MAPPING FUNCTION    
10.0                                                        ELEVATION CUTOFF    
One-way carrier phase leveled to code                       OBSERVABLES USED    
  6371.0                                                    BASE RADIUS         
 2                                                          MAP DIMENSION       
   450.0 450.0   0.0                                        HGT1 / HGT2 / DHGT  
    87.5 -87.5  -2.5                                        LAT1 / LAT2 / DLAT  
  -180.0 180.0   5.0                                        LON1 / LON2 / DLON  
    -1                                                      EXPONENT            
                                                            END OF HEADER       
     1                                                      START OF TEC MAP    
  2015    11    30     0     0     0                        EPOCH OF CURRENT MAP
    87.5-180.0 180.0   5.0 450.0                            LAT/LON1/LON2/DLON/H
   75   68   55   48   44   51   47   45   45   45   45   45   45   45   45   44
   44   44   44   43   43   43   42   42   41   41   41   40   40   40   40   40
   40   41   41   42   43   43   44   45   46   47   47   48   49   49   50   50
   51   51   51   51   51   51   51   51   50   50   49   49   48   48   47   47
   47   46   45   46   38   56   63   62   75                                   
    85.0-180.0 180.0   5.0 450.0                            LAT/LON1/LON2/DLON/H
   64   68   50   54   53   62   58   56   57   56   56   56   56   56   55   55
   54   53   53   52   51   49   48   47   46   45   44   43   42   41   41   41
   41   42   42   43   44   45   47   48   49   51   52   53   54   55   56   57
   57   58   58   58   58   58   58   58   58   58   58   57   57   57   56   56
   56   55   56   60   62   70   81   70   64                                   
    82.5-180.0 180.0   5.0 450.0                            LAT/LON1/LON2/DLON/H
   54   48   61   57   55   64   60   57   60   59   60   60   60   59   58   57
   56   54   52   49   47   44   42   39   37   35   33   32   31   30   30   31
   31   33   34   36   38   40   42   45   47   49   51   53   55   56   57   58
   59   59   59   59   59   59   59   59   59   58   58   57   56   56   56   55
   55   54   53   53   60   56   67   67   54                                   
    80.0-180.0 180.0   5.0 450.0                            LAT/LON1/LON2/DLON/H
   68   61   66   57   59   61   61   60   64   63   65   66   66   66   64   63
   61   58   55   52   48   45   42   40   37   35   33   32   31   31   31   31
   32   34   36   38   41   43   46   49   52   54   57   59   60   62   62   63
   63   63   63   63   63   62   62   61   61   60   59   58   57   56   55   54
   54   52   52   52   67   62   72   82   68                                   
    77.5-180.0 180.0   5.0 450.0                            LAT/LON1/LON2/DLON/H
   80   75   67   67   62   65   64   67   71   71   73   75   75   75   73   71
   68   65   61   58   54   50   47   44   42   40   38   36   36   35   36   36
   38   40   42   45   48   51   54   58   61   63   66   68   69   70   70   70
   70   70   69   69   68   67   66   65   64   63   61   60   58   56   55   54
   53   54   54   56   62   66   69   83   80                                   
    75.0-180.0 180.0   5.0 450.0                            LAT/LON1/LON2/DLON/H
   90   78   78   77   71   76   74   76   81   81   82   83   82   80   77   73
   69   65   62   58   55   52   50   48   46   45   44   44   43   44   44   45
   47   48   51   53   56   60   63   66   69   72   74   75   76   76   76   75
   74   74   73   72   71   70   69   67   66   64   62   60   58   56   55   54
   53   54   56   55   61   73   75   84   90                                   
    72.5-180.0 180.0   5.0 450.0                            LAT/LON1/LON2/DLON/H
   94   84   85   83   79   79   79   82   88   88   89   90   88   84   80   75
   70   66   63   60   58   57   56   55   54   54   54   53   53   54   54   55
   56   57   59   60   63   65   68   70   73   75   76   77   77   76   75   73
   72   70   69   68   67   67   66   65   64   62   61   59   56   55   54   53
   52   53   59   60   66   77   83   96   94                                   
    70.0-180.0 180.0   5.0 450.0                            LAT/LON1/LON2/DLON/H
  105   94   95   96   91   92   92   95  101  101  101  100   96   90   83   76
   70   65   62   61   60   60   60   61   61   61   62   62   63   63   63   63
   63   63   63   64   65   66   68   70   71   73   74   75   75   74   72   70
   69   67   66   66   65   65   65   65   65   64   62   61   59   57   56   56
   56   57   64   68   75   87   93  104  105                                   
    67.5-180.0 180.0   5.0 450.0                            LAT/LON1/LON2/DLON/H
  117  108  107  107  102  102  101  105  111  111  111  108  101   93   83   75
   67   62   59   58   58   59   60   61   61   62   63   63   64   64   64   63
   61   59   57   56   55   55   56   58   60   61   63   63   63   62   60   59
   58   56   56   56   56   57   58   59   60   60   60   59   57   56   56   56
   56   59   68   73   83   96  103  114  117                                   
    65.0-180.0 180.0   5.0 450.0                            LAT/LON1/LON2/DLON/H
  128  119  118  117  113  113  112  116  123  124  123  119  110   99   88   77
   68   63   59   58   59   59   59   59   59   59   60   60   61   61   59   57
   54   50   47   44   43   42   43   45   47   49   51   52   52   52   50   49
   48   47   47   47   49   50   52   54   56   58   59   59   58   58   58   60
   61   64   74   80   94  108  115  127  128                                   
    62.5-180.0 180.0   5.0 450.0                            LAT/LON1/LON2/DLON/H
  140  133  132  130  127  126  125  130  137  138  137  132  122  110   96   84
   75   68   65   63   61   60   58   56   55   54   54   54   55   55   53   50
   46   41   37   34   32   32   33   35   39   42   44   46   46   46   45   44
   43   42   43   43   45   46   49   52   56   59   61   63   64   65   66   68
   70   74   84   90  104  119  127  139  140                                   
    60.0-180.0 180.0   5.0 450.0                            LAT/LON1/LON2/DLON/H
  150  146  145  143  139  138  136  142  149  150  149  144  134  121  107   95
   85   78   73   69   65   60   56   51   48   46   46   46   47   47   46   43
   38   34   29   26   25   25   27   30   34   38   42   44   44   44   43   42
   41   41   41   41   42   44   47   51   56   61   65   69   71   73   76   79
   81   86   96  102  114  128  136  148  150                                   
    57.5-180.0 180.0   5.0 450.0                            LAT/LON1/LON2/DLON/H
  160  159  158  156  153  151  149  154  160  161  160  154  144  132  119  107
   98   90   83   76   68   60   52   46   41   39   39   40   41   42   41   38
   34   30   26   24   24   25   28   32   36   41   44   47   47   47   46   45
   44   43   43   43   43   45   47   52   58   64   70   76   80   84   88   92
   95   99  109  114  125  136  144  157  160                                   
    55.0-180.0 180.0   5.0 450.0                            LAT/LON1/LON2/DLON/H
  170  172  172  171  168  166  164  167  171  170  167  162  152  141  130  120
  110  102   92   82   71   60   51   43   38   36   36   38   39   40   40   37
   34   31   29   29   30   32   36   40   44   49   52   54   55   55   54   52
   51   50   49   48   48   48   51   56   62   69   76   83   89   94  100  105
  109  114  123  128  136  144  151  165  170                                   
    52.5-180.0 180.0   5.0 450.0                            LAT/LON1/LON2/DLON/H
  181  186  185  186  185  183  180  181  182  178  173  167  158  148  139  130
  121  111  100   87   74   62   52   44   40   38   39   41   42   43   43   41
   38   37   37   38   41   45   49   53   57   60   63   66   67   66   65   63
   62   60   58   57   56   56   58   62   68   75   82   89   96  103  110  117
  122  128  136  140  146  151  158  172  181                                   
    50.0-180.0 180.0   5.0 450.0                            LAT/LON1/LON2/DLON/H
  192  199  199  202  204  203  199  197  195  187  179  171  162  153  145  137
  129  118  104   90   77   65   56   50   47   46   48   49   50   50   49   47
   45   46   48   51   56   60   64   67   70   74   76   79   80   80   79   77
   76   74   72   69   67   66   67   70   75   81   88   95  102  110  118  127
  133  140  148  151  155  159  165  180  192                                   
    47.5-180.0 180.0   5.0 450.0                            LAT/LON1/LON2/DLON/H
  201  210  210  218  222  222  218  215  209  198  186  176  165  157  149  142
  132  120  106   92   79   70   63   61   60   61   62   62   61   59   56   53
   53   54   58   64   70   74   78   81   83   86   89   92   94   94   93   92
   90   88   86   83   80   78   78   80   84   89   95  101  108  116  126  135
  143  150  158  160  164  166  172  187  201                                   
    45.0-180.0 180.0   5.0 450.0                            LAT/LON1/LON2/DLON/H
  206  217  218  229  236  238  236  233  224  210  195  182  170  160  152  143
  133  119  105   92   83   77   76   77   79   80   79   77   72   67   62   58
   58   61   66   73   79   84   88   90   92   94   98  102  104  105  104  103
  102  101   99   96   93   90   89   90   93   97  103  109  115  123  133  144
  152  159  167  169  171  174  179  193  206                                   
    42.5-180.0 180.0   5.0 450.0                            LAT/LON1/LON2/DLON/H
  208  220  221  234  243  248  247  245  237  221  205  190  177  166  156  145
  132  118  105   95   90   90   93   97  100  100   97   90   81   72   65   61
   60   63   69   76   83   88   91   92   94   97  102  107  110  111  111  111
  110  110  108  106  102   99   98   99  102  106  112  117  124  132  142  153
  161  168  175  177  178  181  185  198  208                                   
    40.0-180.0 180.0   5.0 450.0                            LAT/LON1/LON2/DLON/H
  206  219  219  231  241  247  247  248  242  228  214  199  185  173  161  148
  134  120  109  103  103  107  114  119  120  117  108   97   85   74   65   61
   61   64   69   76   82   86   88   90   92   97  102  108  112  114  114  114
  114  114  113  110  107  105  104  105  109  115  121  128  135  144  154  165
  172  178  184  185  186  188  192  203  206                                   
    37.5-180.0 180.0   5.0 450.0                            LAT/LON1/LON2/DLON/H
  205  215  214  222  230  236  237  241  239  229  218  206  193  181  169  154
  140  127  118  116  120  128  134  136  133  124  112   98   84   73   66   62
   62   65   69   75   79   82   84   86   89   95  102  108  113  114  114  114
  114  114  113  111  108  105  105  108  114  122  130  139  148  158  168  179
  185  190  195  195  194  196  200  211  205                                   
    35.0-180.0 180.0   5.0 450.0                            LAT/LON1/LON2/DLON/H
  207  216  211  213  217  221  221  226  229  223  216  209  200  189  177  163
  149  138  132  134  140  146  149  144  135  121  107   93   82   73   68   67
   68   70   74   77   80   81   82   84   88   95  102  109  113  114  113  112
  111  111  110  107  105  103  104  109  117  128  139  151  162  173  185  195
  201  204  209  208  206  208  212  223  207                                   
    32.5-180.0 180.0   5.0 450.0                            LAT/LON1/LON2/DLON/H
  219  226  218  212  209  209  207  212  216  214  211  208  203  195  184  172
  159  151  149  152  157  158  153  142  126  111   97   87   80   77   77   79
   82   84   85   86   86   86   86   88   92   98  105  111  113  113  112  110
  108  107  105  102   99   98  101  108  119  133  147  161  175  189  201  211
  217  220  224  224  223  225  231  243  219                                   
    30.0-180.0 180.0   5.0 450.0                            LAT/LON1/LON2/DLON/H
  242  249  238  224  216  210  205  205  208  207  207  207  204  199  190  179
  169  163  162  165  165  160  147  130  112   98   89   84   85   89   94  100
  104  106  105  103  100   98   96   96   99  105  110  115  116  114  111  108
  104  101   98   95   92   92   97  106  120  137  154  171  187  202  216  227
  233  237  243  243  244  249  257  271  242                                   
    27.5-180.0 180.0   5.0 450.0                            LAT/LON1/LON2/DLON/H
  280  288  273  254  243  232  220  215  212  209  207  207  206  201  193  184
  175  170  169  169  163  151  132  112   96   87   85   89   97  108  119  129
  134  135  132  127  121  115  111  110  111  114  118  120  120  117  112  106
  101   97   92   88   85   87   94  106  123  142  161  180  197  214  229  241
  249  255  262  264  269  278  288  304  280                                   
    25.0-180.0 180.0   5.0 450.0                            LAT/LON1/LON2/DLON/H
  330  341  323  303  291  276  258  244  234  224  217  213  209  203  194  185
  177  171  167  162  150  133  113   96   87   86   92  104  119  135  150  161
  167  166  161  153  144  136  129  124  123  124  126  126  125  120  113  107
  100   93   88   83   82   85   95  110  128  149  169  188  206  223  239  253
  263  272  282  285  296  310  323  341  330                                   
    22.5-180.0 180.0   5.0 450.0                            LAT/LON1/LON2/DLON/H
  386  402  386  370  361  344  319  296  275  256  240  229  219  208  196  184
  174  166  157  146  131  113   97   87   88   97  111  129  148  166  181  191
  195  192  185  175  164  154  144  137  134  133  133  132  129  124  116  108
   99   92   85   81   82   88  100  116  136  158  178  197  214  230  246  262
  276  289  302  306  322  341  356  378  386                                   
    20.0-180.0 180.0   5.0 450.0                            LAT/LON1/LON2/DLON/H
  440  460  454  448  445  430  402  370  338  306  279  256  236  218  200  185
  171  158  144  129  112   98   90   92  103  122  144  164  182  196  206  211
  211  206  197  187  177  165  155  146  141  139  138  137  133  127  118  109
   99   91   85   82   85   93  107  125  145  166  186  204  221  236  252  270
  286  303  319  325  345  367  387  412  440                                   
    17.5-180.0 180.0   5.0 450.0                            LAT/LON1/LON2/DLON/H
  481  508  517  525  530  521  495  460  419  375  334  297  264  236  211  190
  171  153  135  118  103   96   99  113  135  162  186  204  214  219  220  218
  213  206  197  188  179  168  158  149  143  141  140  139  135  128  119  108
   98   89   84   83   88   99  114  133  154  174  193  211  227  242  258  276
  295  315  334  343  364  387  412  440  481                                   
    15.0-180.0 180.0   5.0 450.0                            LAT/LON1/LON2/DLON/H
  504  537  560  582  596  597  580  549  506  454  400  349  303  264  231  204
  180  158  137  120  110  111  125  150  182  212  233  241  237  229  219  210
  201  192  185  179  172  165  156  147  142  141  141  139  135  127  116  105
   95   86   82   83   90  103  120  140  161  181  199  217  232  248  264  283
  304  326  347  358  379  401  429  460  504                                   
    12.5-180.0 180.0   5.0 450.0                            LAT/LON1/LON2/DLON/H
  511  546  578  608  629  640  635  615  579  527  467  407  351  302  262  228
  200  175  154  139  135  145  169  203  238  264  273  265  246  225  206  192
  181  173  168  165  162  158  151  145  142  141  141  139  133  124  113  101
   90   83   80   83   92  107  125  146  167  187  206  223  239  255  273  292
  313  336  358  371  391  409  439  471  511                                   
    10.0-180.0 180.0   5.0 450.0                            LAT/LON1/LON2/DLON/H
  507  540  572  603  628  646  652  645  621  578  521  460  400  347  302  265
  234  208  188  178  180  198  228  263  292  304  297  273  241  211  188  173
  162  155  153  154  155  153  149  145  143  143  142  139  132  121  109   97
   87   81   79   84   94  109  129  151  173  193  212  230  247  264  282  302
  322  345  367  381  399  413  443  475  507                                   
     7.5-180.0 180.0   5.0 450.0                            LAT/LON1/LON2/DLON/H
  498  527  554  577  601  621  634  638  627  597  552  499  444  394  349  312
  281  257  240  235  243  263  292  317  331  325  301  266  228  197  175  161
