data/edconvlstm_nd/pred1190.15i
     1.0            IONOSPHERE MAPS     GNSS                IONEX VERSION / TYPE
pyspatialgeodesy        IME             05-JAN-18 20:20     PGM / RUN BY / DATE 
Map Name                                                    COMMENT             
Predicted global ionosphere maps (GIM).                     DESCRIPTION         
  2015     4    29     0     0     0                        EPOCH OF FIRST MAP  
  2015     4    30     0     0     0                        EPOCH OF LAST MAP   
  7200                                                      INTERVAL            
    13                                                      # OF MAPS IN FILE   
  NONE                                                      MAPPING FUNCTION    
10.0                                                        ELEVATION CUTOFF    
One-way carrier phase leveled to code                       OBSERVABLES USED    
  6371.0                                                    BASE RADIUS         
 2                                                          MAP DIMENSION       
   450.0 450.0   0.0                                        HGT1 / HGT2 / DHGT  
    87.5 -87.5  -2.5                                        LAT1 / LAT2 / DLAT  
  -180.0 180.0   5.0                                        LON1 / LON2 / DLON  
    -1                                                      EXPONENT            
                                                            END OF HEADER       
[from data line 4290]
    11                                                      START OF TEC MAP    
  2015     4    29    20     0     0                        EPOCH OF CURRENT MAP
    87.5-180.0 180.0   5.0 450.0                            LAT/LON1/LON2/DLON/H
  192  180  163  169  170  171  169  169  169  170  170  170  171  171  172  172
  172  172  172  172  171  171  170  169  168  167  166  165  164  164  163  162
  162  161  161  161  161  161  161  162  162  163  163  164  164  165  166  167
  167  168  169  170  170  171  171  172  172  173  173  173  173  173  173  172
  171  171  170  171  182  179  178  182  192                                   
    85.0-180.0 180.0   5.0 450.0                            LAT/LON1/LON2/DLON/H
  183  183  183  176  171  176  174  176  176  177  178  179  180  181  182  183
  184  184  184  184  183  182  181  180  178  177  175  173  172  170  169  167
  166  165  164  164  163  163  163  164  164  164  165  166  167  167  168  169
  170  171  173  174  175  176  177  178  179  180  180  180  181  180  180  180
  180  179  178  177  182  170  170  174  183                                   
    82.5-180.0 180.0   5.0 450.0                            LAT/LON1/LON2/DLON/H
  154  165  159  157  156  163  163  164  164  167  169  171  174  176  178  180
  181  183  183  184  183  182  181  179  177  175  172  170  167  165  163  161
  159  157  156  155  155  154  154  154  154  154  154  154  154  155  155  156
  157  159  160  162  163  165  167  168  170  171  171  172  172  172  171  170
  169  167  166  169  171  173  168  155  154                                   
    80.0-180.0 180.0   5.0 450.0                            LAT/LON1/LON2/DLON/H
  140  148  146  144  140  144  145  149  151  155  157  161  164  168  171  174
  176  178  179  179  178  177  175  172  169  166  162  159  155  152  149  146
  144  143  142  141  140  140  140  140  140  140  140  140  140  140  141  142
  143  145  147  149  151  153  156  158  160  161  162  163  163  162  161  160
  159  156  155  154  153  147  148  145  140                                   
    77.5-180.0 180.0   5.0 450.0                            LAT/LON1/LON2/DLON/H
  144  147  148  146  145  149  149  154  156  160  164  169  173  178  183  187
  191  194  196  197  197  196  194  192  188  185  180  176  171  167  164  161
  158  157  155  154  153  153  152  151  150  149  147  145  144  143  142  142
  142  143  145  147  150  153  155  158  160  162  163  164  164  163  162  160
  158  157  154  153  156  147  153  153  144                                   
    75.0-180.0 180.0   5.0 450.0                            LAT/LON1/LON2/DLON/H
  146  150  149  147  146  150  149  153  155  160  163  168  173  179  184  189
  193  197  200  201  202  202  200  198  194  190  185  180  176  171  167  164
  162  160  159  158  157  156  155  153  151  149  146  143  140  137  135  134
  133  134  135  138  140  143  146  149  151  153  154  155  155  154  154  153
  151  150  149  146  148  143  151  145  146                                   
    72.5-180.0 180.0   5.0 450.0                            LAT/LON1/LON2/DLON/H
  155  161  162  162  159  163  162  164  164  168  171  176  181  186  192  197
  203  207  211  214  216  216  215  213  210  206  200  195  190  185  181  178
  175  174  172  171  170  168  166  163  159  155  151  146  141  137  133  130
  129  129  130  132  135  137  140  143  145  146  147  148  148  148  148  148
  147  147  147  145  150  147  158  159  155                                   
    70.0-180.0 180.0   5.0 450.0                            LAT/LON1/LON2/DLON/H
  169  176  175  175  172  174  171  172  172  175  177  181  185  189  194  200
  205  210  214  218  220  222  222  220  217  213  207  202  196  191  188  185
  183  181  179  178  175  173  169  166  161  156  150  144  137  131  127  123
  121  120  121  123  125  127  129  131  133  134  135  135  136  136  137  138
  138  140  142  142  150  151  165  165  169                                   
    67.5-180.0 180.0   5.0 450.0                            LAT/LON1/LON2/DLON/H
  184  193  194  196  193  194  190  189  188  189  189  192  194  198  202  206
  211  216  221  225  229  231  232  230  227  223  217  211  206  202  199  196
  194  193  191  188  185  181  176  171  166  160  153  146  138  131  126  121
  119  118  118  120  121  123  125  125  126  126  127  128  129  130  132  134
  136  138  142  143  152  156  171  173  184                                   
    65.0-180.0 180.0   5.0 450.0                            LAT/LON1/LON2/DLON/H
  193  205  206  209  207  206  202  201  199  199  198  199  200  202  205  208
  213  217  223  228  232  235  236  235  232  227  222  217  212  209  207  205
  204  202  199  194  190  184  178  172  166  159  152  144  136  128  121  116
  113  112  112  113  114  115  115  115  115  115  115  116  118  120  123  126
  129  133  137  140  151  158  174  177  193                                   
    62.5-180.0 180.0   5.0 450.0                            LAT/LON1/LON2/DLON/H
  198  211  214  217  217  217  213  211  209  208  207  206  206  207  209  211
  215  220  225  230  234  237  239  238  236  231  226  222  218  216  216  215
  214  212  207  201  195  187  180  173  167  160  152  144  135  127  119  113
  109  107  107  108  108  109  108  107  106  106  106  108  110  114  118  122
  126  130  134  136  147  155  170  174  198                                   
    60.0-180.0 180.0   5.0 450.0                            LAT/LON1/LON2/DLON/H
  197  210  215  219  221  221  218  217  216  215  213  212  211  210  211  213
  216  220  225  230  234  238  240  240  238  234  230  227  225  225  227  228
  227  224  218  210  201  192  184  177  170  163  156  147  138  128  119  112
  107  104  103  103  104  104  103  101  100  100  100  102  106  111  116  121
  124  128  132  133  142  150  163  168  197                                   
    57.5-180.0 180.0   5.0 450.0                            LAT/LON1/LON2/DLON/H
  193  206  214  218  222  223  222  221  221  220  219  217  215  213  213  214
  217  220  224  228  232  236  239  240  239  237  235  234  234  237  240  242
  242  238  230  220  209  199  190  183  176  170  162  153  143  133  123  114
  108  104  102  102  102  102  101  100   99   98  100  103  107  112  119  124
  128  131  134  132  139  145  156  162  193                                   
    55.0-180.0 180.0   5.0 450.0                            LAT/LON1/LON2/DLON/H
  192  205  214  219  225  227  226  226  226  226  224  221  218  215  215  215
  217  219  222  225  229  233  237  240  242  243  243  244  247  252  257  260
  259  253  244  232  220  209  200  192  186  180  172  163  153  141  130  120
  113  108  105  104  104  104  104  103  103  103  105  108  113  119  126  132
  136  139  140  137  140  145  154  160  192                                   
    52.5-180.0 180.0   5.0 450.0                            LAT/LON1/LON2/DLON/H
  195  208  219  224  231  235  235  235  235  233  230  226  221  218  216  216
  217  218  219  222  226  231  237  243  248  252  255  258  263  269  274  276
  274  267  257  244  231  219  210  203  196  190  182  173  163  151  140  130
  121  116  112  111  111  111  112  112  112  113  115  119  123  129  136  143
  147  150  151  147  148  150  160  166  195                                   
    50.0-180.0 180.0   5.0 450.0                            LAT/LON1/LON2/DLON/H
  206  219  230  236  244  250  249  249  248  245  240  233  227  222  219  218
  218  217  217  219  224  231  240  249  258  265  271  276  282  287  290  290
  286  277  265  252  240  229  220  212  205  198  191  182  173  162  152  143
  134  128  125  123  123  123  124  125  127  128  130  133  137  142  148  155
  160  165  166  163  163  164  173  180  206                                   
    47.5-180.0 180.0   5.0 450.0                            LAT/LON1/LON2/DLON/H
  223  236  246  254  261  268  268  267  265  261  253  245  237  231  226  224
  221  219  218  220  225  235  247  260  272  282  289  295  299  302  302  298
  291  281  269  257  246  236  226  218  210  202  195  187  179  172  164  157
  150  144  140  139  138  139  140  142  144  145  147  149  151  154  160  167
  173  180  183  182  184  184  194  203  223                                   
    45.0-180.0 180.0   5.0 450.0                            LAT/LON1/LON2/DLON/H
  243  257  265  275  282  289  289  289  286  282  272  263  253  245  239  234
  230  226  224  226  233  245  260  276  290  300  308  312  314  313  308  300
  290  280  269  259  250  241  231  221  211  202  195  188  183  179  175  170
  166  161  158  156  155  156  157  158  160  161  162  162  163  165  169  176
  184  193  200  202  206  208  219  230  243                                   
    42.5-180.0 180.0   5.0 450.0                            LAT/LON1/LON2/DLON/H
  264  278  285  295  303  310  311  311  309  305  296  286  276  267  260  253
  246  240  237  240  249  262  279  295  309  319  324  326  324  319  310  300
  289  278  270  264  257  248  237  225  212  201  193  188  185  184  183  182
  180  177  175  172  171  171  171  172  173  173  173  172  171  171  175  182
  191  203  213  219  226  230  244  255  264                                   
    40.0-180.0 180.0   5.0 450.0                            LAT/LON1/LON2/DLON/H
  281  295  301  312  321  328  332  333  333  331  323  316  307  298  290  281
  271  264  260  263  273  287  302  317  328  335  337  337  332  324  314  302
  292  285  281  277  272  263  249  233  218  205  195  190  189  190  191  193
  192  191  188  186  184  183  182  182  181  180  179  177  175  174  177  184
  193  208  221  231  240  248  262  274  281                                   
    37.5-180.0 180.0   5.0 450.0                            LAT/LON1/LON2/DLON/H
  292  306  313  323  335  342  349  353  357  358  354  350  344  338  329  318
  306  297  293  296  305  317  329  339  345  349  349  347  342  334  324  315
  308  306  306  306  301  290  272  252  233  217  206  200  197  198  200  202
  202  201  199  197  194  192  190  188  186  184  181  178  176  174  176  183
  193  210  225  236  247  257  273  283  292                                   
    35.0-180.0 180.0   5.0 450.0                            LAT/LON1/LON2/DLON/H
  299  310  320  329  344  352  364  371  380  385  388  389  387  383  375  363
  349  339  334  335  342  350  357  361  362  362  362  360  357  352  346  343
  343  347  351  353  346  331  308  283  259  241  227  218  213  211  211  211
  211  209  207  205  203  200  198  194  191  187  184  181  178  176  178  184
  194  211  226  239  250  261  277  286  299                                   
    32.5-180.0 180.0   5.0 450.0                            LAT/LON1/LON2/DLON/H
  305  314  326  335  353  361  378  389  403  414  422  429  432  432  425  413
  398  386  379  379  381  384  384  382  380  379  379  380  382  383  385  390
  397  407  415  415  404  382  353  323  296  275  258  245  236  229  225  222
  220  217  215  213  211  210  207  203  199  195  191  187  184  182  184  190
  199  214  229  242  252  263  279  286  305                                   
    30.0-180.0 180.0   5.0 450.0                            LAT/LON1/LON2/DLON/H
  316  322  335  345  366  377  396  410  429  445  459  471  479  482  477  465
  449  435  427  423  420  417  412  405  401  401  405  412  421  430  441  454
  468  481  487  482  464  434  399  364  335  312  294  277  263  251  242  235
  231  227  224  223  223  222  221  217  213  208  204  200  197  195  197  201
  209  222  235  247  256  266  281  289  316                                   
    27.5-180.0 180.0   5.0 450.0                            LAT/LON1/LON2/DLON/H
  332  336  349  365  390  402  424  440  462  481  499  515  527  532  529  517
  501  485  473  465  457  449  440  432  430  434  444  457  472  489  507  526
  542  553  553  539  511  473  432  395  366  344  325  307  289  273  260  251
  244  239  236  236  237  239  239  237  232  227  222  217  213  211  212  216
  222  234  244  255  263  271  284  295  332                                   
    25.0-180.0 180.0   5.0 450.0                            LAT/LON1/LON2/DLON/H
  352  355  370  394  424  439  462  480  503  524  543  561  575  583  581  570
  552  534  518  505  492  480  470  466  468  479  494  513  533  553  572  590
  602  604  594  569  531  486  441  404  377  358  342  325  308  291  277  266
  259  254  251  252  255  259  261  260  256  249  242  235  230  227  227  230
  235  245  254  264  269  277  289  307  352                                   
    22.5-180.0 180.0   5.0 450.0                            LAT/LON1/LON2/DLON/H
  373  378  395  430  465  482  506  526  550  572  592  610  625  633  632  621
  603  582  562  543  526  513  506  507  517  534  554  574  592  608  622  631
  632  623  600  563  516  465  420  386  364  349  338  327  314  301  289  280
  273  268  266  267  271  276  280  279  275  267  257  248  241  237  238  240
  244  254  262  271  275  282  294  321  373                                   
    20.0-180.0 180.0   5.0 450.0                            LAT/LON1/LON2/DLON/H
  388  397  419  461  501  521  546  570  596  618  638  657  672  681  682  672
  653  629  604  581  562  551  549  557  574  594  614  629  639  644  645  640
  628  606  570  523  469  416  372  343  326  319  315  311  306  300  295  289
  284  280  278  278  282  286  290  289  284  274  262  251  243  239  239  242
  247  257  265  274  277  285  298  335  388                                   
    17.5-180.0 180.0   5.0 450.0                            LAT/LON1/LON2/DLON/H
  395  408  434  479  520  543  571  598  628  653  676  696  712  723  726  719
  701  676  648  622  602  594  598  613  633  653  667  672  668  657  642  623
  597  561  515  459  402  350  311  288  277  276  280  286  291  294  296  295
  293  289  285  284  285  288  289  287  280  269  255  243  234  231  232  236
  242  253  262  271  275  284  299  344  395                                   
    15.0-180.0 180.0   5.0 450.0                            LAT/LON1/LON2/DLON/H
  392  405  435  480  522  546  576  607  640  670  696  719  739  754  761  759
  745  722  693  666  647  643  652  670  689  702  705  696  677  652  622  589
  550  504  450  391  335  289  256  238  233  237  248  261  275  287  296  301
  299  294  288  283  281  281  280  275  267  254  239  227  218  216  218  223
  230  242  251  262  268  280  296  344  392                                   
    12.5-180.0 180.0   5.0 450.0                            LAT/LON1/LON2/DLON/H
  378  391  426  469  511  536  567  598  634  667  697  725  749  769  783  788
  781  762  737  712  696  695  706  722  734  735  724  702  671  635  595  552
  505  452  395  339  290  251  225  212  210  217  231  249  269  287  300  307
  305  297  287  278  272  267  263  256  245  232  217  205  197  195  198  202
  209  222  234  246  256  273  290  338  378                                   
    10.0-180.0 180.0   5.0 450.0                            LAT/LON1/LON2/DLON/H
  357  374  413  453  494  521  552  583  619  653  685  716  743  769  789  802
  804  793  774  755  743  744  753  762  762  749  725  692  655  614  570  524
  473  420  367  318  278  248  229  218  217  224  238  256  277  296  309  313
  308  296  281  268  258  250  242  232  221  207  193  181  174  172  174  179
  186  199  213  227  242  263  282  328  357                                   
     7.5-180.0 180.0   5.0 450.0                            LAT/LON1/LON2/DLON/H
  336  360  401  439  480  508  540  569  604  637  669  699  727  755  781  801
  811  810  800  789  782  783  787  785  770  743  709  672  635  597  556  512
