data/edconvlstm_nd/pred2710.15i
     1.0            IONOSPHERE MAPS     GNSS                IONEX VERSION / TYPE
pyspatialgeodesy        IME             05-JAN-18 20:20     PGM / RUN BY / DATE 
Map Name                                                    COMMENT             
Predicted global ionosphere maps (GIM).                     DESCRIPTION         
  2015     9    28     0     0     0                        EPOCH OF FIRST MAP  
  2015     9    29     0     0     0                        EPOCH OF LAST MAP   
  7200                                                      INTERVAL            
    13                                                      # OF MAPS IN FILE   
  NONE                                                      MAPPING FUNCTION    
10.0                                                        ELEVATION CUTOFF    
One-way carrier phase leveled to code                       OBSERVABLES USED    
  6371.0                                                    BASE RADIUS         
 2                                                          MAP DIMENSION       
   450.0 450.0   0.0                                        HGT1 / HGT2 / DHGT  
    87.5 -87.5  -2.5                                        LAT1 / LAT2 / DLAT  
  -180.0 180.0   5.0                                        LON1 / LON2 / DLON  
    -1                                                      EXPONENT            
                                                            END OF HEADER       
[from data line 3432]
     9                                                      START OF TEC MAP    
  2015     9    28    16     0     0                        EPOCH OF CURRENT MAP
    87.5-180.0 180.0   5.0 450.0                            LAT/LON1/LON2/DLON/H
  113  123  123  129  133  134  133  131  132  134  134  135  135  136  137  137
  138  138  139  139  139  139  139  139  139  138  138  137  137  136  135  134
  132  131  130  128  127  125  124  122  121  120  118  117  116  115  115  114
  113  113  113  113  113  113  113  113  113  114  114  115  116  116  117  118
  119  120  119  117  124  121  133  127  113                                   
    85.0-180.0 180.0   5.0 450.0                            LAT/LON1/LON2/DLON/H
  120  125  139  127  127  134  134  136  137  140  140  141  142  143  143  144
  145  145  146  146  147  147  147  147  147  147  146  146  145  144  143  141
  140  138  136  134  132  130  128  126  124  123  121  119  118  117  116  115
  114  113  113  113  113  113  113  113  114  114  115  116  116  117  118  119
  121  122  119  116  117  116  123  122  120                                   
    82.5-180.0 180.0   5.0 450.0                            LAT/LON1/LON2/DLON/H
  107  117  122  116  119  125  129  131  132  135  136  138  139  140  141  142
  143  144  145  146  147  148  148  149  149  149  149  149  148  147  146  145
  143  141  138  136  133  131  128  125  122  120  117  115  113  111  109  108
  106  105  104  104  103  103  103  103  104  104  105  105  106  107  108  109
  111  112  110  110  110  119  113  109  107                                   
    80.0-180.0 180.0   5.0 450.0                            LAT/LON1/LON2/DLON/H
   91   96  104  100  102  105  111  115  119  122  124  127  129  131  132  134
  135  136  137  138  139  140  141  142  143  143  143  143  143  142  141  139
  137  134  132  129  125  122  119  115  112  109  105  103  100   97   95   94
   92   91   90   89   89   88   88   88   88   88   88   89   89   90   91   92
   94   95   95   96   93   97   96   97   91                                   
    77.5-180.0 180.0   5.0 450.0                            LAT/LON1/LON2/DLON/H
   83   83   86   84   87   92   98  103  107  111  114  118  121  124  126  128
  129  131  132  134  136  137  139  141  142  143  144  145  145  144  143  141
  139  137  134  131  127  123  120  115  111  107  103   99   96   93   90   88
   86   84   83   82   81   80   79   78   77   77   76   76   76   76   77   77
   79   80   81   82   83   82   82   86   83                                   
    75.0-180.0 180.0   5.0 450.0                            LAT/LON1/LON2/DLON/H
   68   70   69   70   73   79   84   90   96  102  106  111  114  117  119  121
  123  125  127  129  132  134  137  139  142  143  145  146  146  145  144  143
  141  139  137  134  131  127  123  119  115  110  106  101   97   94   91   88
   86   84   82   80   79   77   76   74   72   71   69   68   67   67   67   68
   69   70   72   71   72   70   69   65   68                                   
    72.5-180.0 180.0   5.0 450.0                            LAT/LON1/LON2/DLON/H
   58   60   58   62   63   70   77   83   89   96  101  107  111  115  117  120
  122  124  127  130  133  136  140  143  146  148  149  150  150  149  148  147
  146  144  142  140  137  134  131  127  122  117  112  107  102   98   94   90
   87   85   82   80   77   75   72   70   67   65   62   61   59   58   58   59
   60   61   63   62   63   63   62   63   58                                   
    70.0-180.0 180.0   5.0 450.0                            LAT/LON1/LON2/DLON/H
   50   52   51   54   56   63   68   76   84   92   99  105  110  113  116  119
  122  125  128  132  136  140  145  148  151  153  154  154  154  153  151  150
  148  147  145  144  142  140  137  134  129  124  119  113  107  102   97   93
   89   85   82   79   75   72   69   66   63   60   57   55   53   52   52   52
   53   54   57   57   58   58   60   60   50                                   
    67.5-180.0 180.0   5.0 450.0                            LAT/LON1/LON2/DLON/H
   45   48   47   52   55   61   69   77   86   94  102  108  113  117  121  123
  127  130  134  139  144  148  153  157  159  161  161  160  158  156  154  152
  150  149  148  147  146  144  142  139  135  130  124  117  111  105   99   94
   89   85   81   77   73   69   66   63   60   57   54   52   50   49   49   50
   50   51   54   53   54   55   55   54   45                                   
    65.0-180.0 180.0   5.0 450.0                            LAT/LON1/LON2/DLON/H
   39   43   42   48   51   58   66   75   84   94  102  109  115  119  122  126
  129  134  138  144  150  155  160  164  166  167  166  164  161  158  155  153
  151  150  149  149  148  147  145  142  138  133  126  119  112  105   98   92
   87   81   76   72   67   64   61   58   55   53   51   49   47   46   45   46
   46   47   50   50   52   54   55   54   39                                   
    62.5-180.0 180.0   5.0 450.0                            LAT/LON1/LON2/DLON/H
   34   39   38   45   48   56   64   74   84   94  102  110  116  121  125  129
  133  138  143  149  155  161  166  169  171  171  169  167  163  160  157  154
  153  151  150  149  149  148  146  143  138  132  125  117  109  102   94   88
   81   75   70   65   60   57   55   53   52   51   49   48   46   45   44   43
   43   44   46   46   48   49   51   50   34                                   
    60.0-180.0 180.0   5.0 450.0                            LAT/LON1/LON2/DLON/H
   32   36   35   42   45   52   61   71   81   91  100  108  115  121  126  130
  135  140  146  152  158  163  168  171  173  172  171  168  165  162  160  158
  156  155  154  152  151  149  146  143  137  131  123  115  106   98   90   83
   76   69   63   58   55   52   51   51   51   51   51   50   48   46   44   43
   41   41   42   41   44   45   47   47   32                                   
    57.5-180.0 180.0   5.0 450.0                            LAT/LON1/LON2/DLON/H
   33   34   35   41   44   51   60   69   79   89   98  107  114  121  126  132
  137  142  147  153  158  163  168  171  172  173  172  170  169  168  167  166
  165  164  162  159  157  154  150  146  140  132  124  115  107   98   90   82
   75   68   62   57   53   52   52   54   55   57   57   57   55   52   49   46
   43   41   42   40   42   42   44   46   33                                   
    55.0-180.0 180.0   5.0 450.0                            LAT/LON1/LON2/DLON/H
   38   38   38   44   46   52   60   69   79   88   97  106  114  121  128  133
  138  143  148  153  157  161  165  168  170  171  172  172  173  174  176  177
  177  176  173  170  167  162  158  152  145  137  129  120  111  103   94   86
   78   71   65   60   57   56   58   61   64   67   68   67   65   61   57   53
   49   46   45   43   44   43   44   46   38                                   
    52.5-180.0 180.0   5.0 450.0                            LAT/LON1/LON2/DLON/H
   46   45   45   50   51   57   64   72   81   89   98  107  116  124  130  136
  141  145  149  152  155  158  161  164  167  170  172  175  178  182  186  189
  190  189  187  183  179  174  169  162  155  147  138  129  121  112  104   95
   87   79   73   68   65   65   68   72   76   80   82   81   79   75   70   65
   59   55   53   51   51   49   49   51   46                                   
    50.0-180.0 180.0   5.0 450.0                            LAT/LON1/LON2/DLON/H
   58   56   56   60   61   66   73   80   87   95  103  112  121  128  135  141
  145  149  151  153  155  156  159  162  166  170  174  179  184  190  195  200
  202  202  200  197  192  188  182  175  168  160  151  143  134  126  117  109
  100   91   84   79   76   77   80   85   90   94   97   97   94   90   85   79
   73   69   66   63   63   61   60   60   58                                   
    47.5-180.0 180.0   5.0 450.0                            LAT/LON1/LON2/DLON/H
   71   69   69   72   73   78   84   90   97  105  113  121  129  136  143  148
  152  154  156  156  157  157  159  162  167  172  177  183  189  196  202  207
  210  211  210  208  205  201  196  190  182  174  166  158  150  141  132  122
  113  103   95   90   87   87   90   95  102  107  110  110  108  105  100   95
   89   84   82   79   78   75   75   72   71                                   
    45.0-180.0 180.0   5.0 450.0                            LAT/LON1/LON2/DLON/H
   83   82   82   85   86   91   96  103  110  118  126  134  141  148  153  157
  160  162  163  162  161  161  162  166  170  176  182  188  193  199  205  210
  213  216  216  216  215  213  209  204  196  189  180  172  164  154  144  134
  123  112  104   97   93   93   96  102  109  115  119  121  120  117  114  109
  104   99   97   94   93   91   90   85   83                                   
    42.5-180.0 180.0   5.0 450.0                            LAT/LON1/LON2/DLON/H
   91   92   92   95   97  102  108  116  123  132  140  148  155  161  165  168
  170  171  171  170  169  168  169  172  177  182  188  192  196  200  204  209
  213  216  220  222  224  224  222  217  209  201  192  184  174  164  153  140
  128  117  107  100   95   94   97  103  110  118  123  126  127  126  124  121
  116  112  109  106  105  103  103   97   91                                   
    40.0-180.0 180.0   5.0 450.0                            LAT/LON1/LON2/DLON/H
   93   96   96  101  103  109  116  126  135  145  154  163  170  175  178  180
  181  181  181  179  178  177  177  180  185  190  195  198  200  202  205  208
  213  219  225  231  236  238  236  230  222  212  202  192  182  170  157  144
  130  118  108  100   94   92   94  100  108  116  123  128  130  131  130  128
  124  120  116  113  111  110  110  105   93                                   
    37.5-180.0 180.0   5.0 450.0                            LAT/LON1/LON2/DLON/H
   90   95   95  100  104  111  120  132  143  156  166  176  184  189  191  192
  192  191  190  189  188  187  187  189  193  198  202  205  206  208  210  214
  220  228  238  247  253  256  253  246  235  223  212  200  188  175  161  146
  132  120  110  101   94   90   91   97  105  114  122  128  132  134  134  133
  129  124  119  115  112  111  110  106   90                                   
    35.0-180.0 180.0   5.0 450.0                            LAT/LON1/LON2/DLON/H
   84   89   89   94   99  107  118  133  147  162  175  187  196  202  204  204
  202  201  200  200  198  197  196  198  202  207  212  215  218  220  224  230
  239  250  262  273  281  282  277  267  253  238  223  210  196  182  167  152
  140  128  118  109  100   95   94   99  107  116  124  130  134  136  138  137
  132  126  120  114  109  107  106  102   84                                   
    32.5-180.0 180.0   5.0 450.0                            LAT/LON1/LON2/DLON/H
   77   81   81   85   90   98  112  129  147  165  181  195  206  213  215  215
  213  211  210  210  208  207  205  206  210  216  223  229  235  241  248  258
  271  286  301  313  319  318  308  293  275  256  240  224  210  195  180  167
  156  147  137  128  118  110  107  110  116  124  130  136  139  142  143  142
  136  128  121  112  105  101   99   96   77                                   
    30.0-180.0 180.0   5.0 450.0                            LAT/LON1/LON2/DLON/H
   73   75   73   76   80   88  103  122  143  163  182  199  212  221  225  224
  222  220  220  219  218  216  214  215  219  226  236  247  259  270  284  300
  318  337  354  365  367  360  345  325  303  282  263  246  231  217  203  192
  184  177  169  159  148  138  132  131  135  140  144  147  150  152  152  150
  143  134  125  113  104   97   95   91   73                                   
    27.5-180.0 180.0   5.0 450.0                            LAT/LON1/LON2/DLON/H
   73   72   67   69   73   80   96  115  138  159  180  199  216  227  232  232
  230  229  229  229  228  226  224  224  230  240  254  271  289  308  329  353
  377  399  415  422  418  405  384  359  334  312  293  276  261  247  236  227
  222  217  211  202  189  176  167  162  162  163  164  164  165  165  166  163
  155  145  133  120  108   98   95   89   73                                   
    25.0-180.0 180.0   5.0 450.0                            LAT/LON1/LON2/DLON/H
   77   73   66   67   69   76   93  112  134  156  177  198  216  229  236  238
  237  237  238  240  239  237  235  237  244  257  276  299  324  352  382  412
  441  463  475  474  463  442  418  391  367  345  327  311  296  283  273  267
  264  262  258  249  235  220  207  198  193  190  186  183  182  181  181  178
  170  160  146  131  117  104  100   91   77                                   
    22.5-180.0 180.0   5.0 450.0                            LAT/LON1/LON2/DLON/H
   85   78   68   68   70   77   94  113  135  156  176  196  214  229  239  242
  244  246  249  251  252  251  251  254  264  280  304  332  364  399  434  469
  498  516  520  511  492  467  441  417  396  378  362  347  333  320  311  306
  304  304  301  293  279  262  245  232  222  213  206  200  196  194  194  192
  185  175  161  146  131  115  109   98   85                                   
    20.0-180.0 180.0   5.0 450.0                            LAT/LON1/LON2/DLON/H
   93   85   72   72   74   82   99  118  139  159  177  195  214  229  240  246
  251  256  261  266  268  269  271  277  289  309  336  369  405  442  479  512
  535  544  539  523  501  476  453  434  419  406  394  380  365  351  341  335
  333  334  331  323  309  290  272  255  241  229  219  210  205  203  203  202
  196  188  175  161  145  128  120  108   93                                   
    17.5-180.0 180.0   5.0 450.0                            LAT/LON1/LON2/DLON/H
  101   91   77   77   79   88  107  125  146  165  181  198  215  231  244  253
  261  269  278  284  288  291  296  305  321  344  374  407  442  477  509  533
  546  546  535  516  494  472  454  443  435  428  419  405  388  371  358  349
  346  345  341  333  320  302  283  266  250  236  223  213  207  205  205  205
  201  195  183  170  154  138  128  117  101                                   
    15.0-180.0 180.0   5.0 450.0                            LAT/LON1/LON2/DLON/H
  105   96   81   81   85   94  114  133  154  173  189  205  221  237  251  263
  275  287  298  307  313  317  325  337  357  383  413  443  473  499  520  532
  535  529  515  497  478  462  451  447  446  443  435  420  400  379  360  348
  341  337  333  325  313  298  281  264  249  234  221  211  204  201  201  201
  198  194  184  173  158  142  133  122  105                                   
    12.5-180.0 180.0   5.0 450.0                            LAT/LON1/LON2/DLON/H
  104   97   83   83   88   99  119  139  162  182  199  215  231  248  264  279
  295  310  324  334  340  346  356  372  395  422  450  475  496  510  519  520
  516  507  493  478  463  453  449  451  453  452  444  426  401  374  351  333
  323  316  312  305  296  284  270  256  242  229  216  206  198  194  193  192
  188  185  176  167  153  140  131  122  104                                   
    10.0-180.0 180.0   5.0 450.0                            LAT/LON1/LON2/DLON/H
  100   94   83   84   90  101  123  144  169  191  210  228  245  263  282  301
  320  338  352  362  369  376  388  407  431  458  482  500  512  516  514  509
  500  489  477  465  456  452  453  457  460  458  446  423  394  362  334  313
  300  292  287  283  278  270  260  249  238  225  213  202  193  187  183  180
  175  172  164  155  144  132  125  117  100                                   
     7.5-180.0 180.0   5.0 450.0                            LAT/LON1/LON2/DLON/H
   95   90   81   83   90  101  124  146  173  199  222  243  263  283  304  326
  347  367  382  391  397  404  418  438  464  489  509  520  524  521  513  503
