data/edconvlstm_nd/pred0580.15i
     1.0            IONOSPHERE MAPS     GNSS                IONEX VERSION / TYPE
pyspatialgeodesy        IME             05-JAN-18 20:20     PGM / RUN BY / DATE 
Map Name                                                    COMMENT             
Predicted global ionosphere maps (GIM).                     DESCRIPTION         
  2015     2    27     0     0     0                        EPOCH OF FIRST MAP  
  2015     2    28     0     0     0                        EPOCH OF LAST MAP   
  7200                                                      INTERVAL            
    13                                                      # OF MAPS IN FILE   
  NONE                                                      MAPPING FUNCTION    
10.0                                                        ELEVATION CUTOFF    
One-way carrier phase leveled to code                       OBSERVABLES USED    
  6371.0                                                    BASE RADIUS         
 2                                                          MAP DIMENSION       
   450.0 450.0   0.0                                        HGT1 / HGT2 / DHGT  
    87.5 -87.5  -2.5                                        LAT1 / LAT2 / DLAT  
  -180.0 180.0   5.0                                        LON1 / LON2 / DLON  
    -1                                                      EXPONENT            
                                                            END OF HEADER       
     1                                                      START OF TEC MAP    
  2015     2    27     0     0     0                        EPOCH OF CURRENT MAP
    87.5-180.0 180.0   5.0 450.0                            LAT/LON1/LON2/DLON/H
  124  127  131  121  121  124  121  120  121  121  122  123  123  123  123  122
  121  120  118  116  114  111  109  106  103  101   98   96   94   93   91   90
   89   89   88   88   88   89   89   90   91   92   93   95   96   98  100  101
  103  104  106  107  108  110  111  111  112  113  113  113  113  113  113  114
  114  114  114  114  110  114  120  120  124                                   
    85.0-180.0 180.0   5.0 450.0                            LAT/LON1/LON2/DLON/H
  130  135  115  120  123  128  124  123  123  123  124  124  125  124  124  123
  121  119  117  114  110  107  103   99   95   92   88   85   83   81   79   78
   77   77   77   77   78   80   81   83   86   88   91   94   97  100  103  106
  109  112  114  116  118  120  121  122  123  124  124  124  124  124  124  124
  124  124  125  127  124  129  134  132  130                                   
    82.5-180.0 180.0   5.0 450.0                            LAT/LON1/LON2/DLON/H
  129  122  128  124  126  131  126  126  129  130  131  133  134  134  133  132
  130  127  123  118  113  107  101   96   90   84   80   75   72   69   66   64
   63   63   63   64   66   68   70   73   77   81   85   89   94   98  102  107
  111  114  118  121  124  126  128  130  132  133  134  134  134  134  135  135
  134  133  132  130  132  122  128  129  129                                   
    80.0-180.0 180.0   5.0 450.0                            LAT/LON1/LON2/DLON/H
  136  126  123  119  123  127  128  130  135  137  141  144  147  148  147  146
  143  138  132  125  117  109  100   91   83   76   70   64   60   57   54   53
   52   52   52   53   55   57   59   62   66   70   75   80   85   90   95  100
  105  109  113  117  120  123  125  127  129  131  132  133  134  134  135  136
  135  132  132  129  140  128  140  148  136                                   
    77.5-180.0 180.0   5.0 450.0                            LAT/LON1/LON2/DLON/H
  145  134  128  131  128  131  135  142  149  153  159  164  167  169  168  166
  161  154  146  136  126  115  104   93   83   75   68   62   58   54   52   51
   50   51   51   53   54   56   58   60   63   67   70   75   79   84   89   93
   97  101  105  108  110  113  115  118  120  122  125  127  129  131  133  135
  136  137  136  137  143  139  147  164  145                                   
    75.0-180.0 180.0   5.0 450.0                            LAT/LON1/LON2/DLON/H
  157  145  143  144  140  144  147  154  163  168  174  180  183  183  181  176
  169  160  149  137  125  112  101   90   80   72   65   60   56   54   52   52
   52   53   54   55   56   57   58   59   61   63   66   69   72   76   79   82
   85   87   90   92   93   95   97   99  102  105  108  112  116  120  125  129
  131  135  138  137  144  150  158  172  157                                   
    72.5-180.0 180.0   5.0 450.0                            LAT/LON1/LON2/DLON/H
  163  162  162  160  156  157  161  168  177  183  189  193  195  193  188  180
  169  157  145  131  119  106   95   86   77   70   65   61   59   57   57   57
   57   58   58   59   59   58   58   58   58   58   59   60   62   64   66   68
   70   71   72   73   73   74   76   78   81   85   90   95  101  108  115  122
  128  134  142  145  152  158  170  187  163                                   
    70.0-180.0 180.0   5.0 450.0                            LAT/LON1/LON2/DLON/H
  180  182  182  182  176  177  180  187  196  201  206  208  207  202  193  181
  167  153  139  125  112  101   92   84   77   72   69   66   65   64   64   65
   65   65   65   64   63   61   60   58   57   56   56   56   57   58   59   60
   61   61   61   61   61   62   63   66   70   75   81   88   95  103  112  121
  129  137  147  153  163  173  182  196  180                                   
    67.5-180.0 180.0   5.0 450.0                            LAT/LON1/LON2/DLON/H
  195  202  201  201  195  195  196  202  209  213  216  217  213  204  192  177
  161  145  130  117  106   96   88   82   77   73   71   69   68   67   67   67
   66   65   64   62   59   56   54   51   50   49   48   48   48   49   50   50
   50   50   50   49   48   48   50   53   59   65   73   82   91  100  110  121
  130  139  150  157  169  182  190  205  195                                   
    65.0-180.0 180.0   5.0 450.0                            LAT/LON1/LON2/DLON/H
  206  215  214  215  210  208  208  213  220  223  225  223  217  206  192  176
  159  143  128  116  106   97   91   85   81   78   75   73   71   70   68   66
   64   61   58   55   51   48   45   43   42   42   42   42   43   43   44   44
   44   43   43   42   41   42   44   48   55   64   73   83   94  104  114  125
  134  144  155  161  173  187  196  211  206                                   
    62.5-180.0 180.0   5.0 450.0                            LAT/LON1/LON2/DLON/H
  214  224  223  225  222  219  218  222  228  230  230  228  221  209  194  178
  162  147  134  123  114  106   99   93   88   83   80   76   73   70   67   63
   59   55   50   46   42   39   37   36   37   38   39   40   41   41   41   41
   41   40   40   39   39   40   43   50   58   68   80   91  102  113  124  134
  142  150  161  166  175  190  198  213  214                                   
    60.0-180.0 180.0   5.0 450.0                            LAT/LON1/LON2/DLON/H
  218  228  229  232  230  226  223  226  231  232  231  228  221  210  197  183
  170  157  145  135  126  117  109  101   94   87   82   77   72   67   63   58
   52   47   42   37   34   32   31   32   34   37   40   42   43   43   42   41
   41   40   40   40   40   43   48   55   66   77   90  102  114  125  135  145
  152  159  168  171  177  190  198  215  218                                   
    57.5-180.0 180.0   5.0 450.0                            LAT/LON1/LON2/DLON/H
  225  235  236  238  237  233  228  230  233  232  230  226  219  210  200  190
  180  170  160  150  140  129  118  107   97   89   82   76   70   65   60   54
   48   42   37   33   30   29   31   33   37   42   45   48   49   48   47   45
   44   43   43   44   46   50   56   65   76   89  103  115  127  138  149  159
  166  172  180  182  185  193  201  219  225                                   
    55.0-180.0 180.0   5.0 450.0                            LAT/LON1/LON2/DLON/H
  237  247  247  248  248  243  237  236  237  233  228  223  216  209  202  196
  189  181  172  162  149  136  123  110   99   89   82   76   71   66   61   55
   49   43   38   35   33   34   36   41   46   51   56   58   58   57   55   52
   51   51   51   52   55   60   67   77   89  102  116  129  140  152  163  174
  182  189  197  199  200  202  210  229  237                                   
    52.5-180.0 180.0   5.0 450.0                            LAT/LON1/LON2/DLON/H
  257  267  264  264  264  259  251  248  245  237  229  221  214  208  203  199
  195  188  179  167  153  138  124  111  100   91   85   80   76   72   67   61
   55   50   46   43   43   45   48   53   59   64   69   71   71   68   65   63
   62   62   63   65   69   74   81   91  103  116  129  141  153  164  177  190
  200  209  218  220  221  219  226  245  257                                   
    50.0-180.0 180.0   5.0 450.0                            LAT/LON1/LON2/DLON/H
  284  294  288  286  286  280  272  265  258  246  234  223  214  208  204  201
  196  189  178  165  150  136  123  112  103   96   91   88   85   81   77   71
   65   60   57   56   57   60   64   68   73   78   82   84   83   81   78   76
   76   77   80   82   86   91   98  107  119  131  143  154  165  176  190  205
  218  230  242  246  248  245  251  268  284                                   
    47.5-180.0 180.0   5.0 450.0                            LAT/LON1/LON2/DLON/H
  312  326  316  312  311  305  296  287  277  261  244  230  219  211  206  201
  194  185  172  159  146  134  124  116  109  103  100   98   95   92   87   81
   75   70   68   69   72   75   79   83   87   91   94   96   95   94   93   93
   94   97  100  103  105  109  115  124  135  147  158  168  177  187  201  217
  233  249  264  271  276  275  281  295  312                                   
    45.0-180.0 180.0   5.0 450.0                            LAT/LON1/LON2/DLON/H
  338  356  346  338  336  330  321  311  299  280  260  242  228  219  211  203
  193  180  166  154  143  135  128  122  117  113  110  107  103   98   92   85
   79   75   75   78   82   87   90   93   95   99  102  105  106  107  108  111
  114  118  121  123  125  128  133  140  151  162  172  180  188  197  210  227
  245  263  280  290  300  303  311  322  338                                   
    42.5-180.0 180.0   5.0 450.0                            LAT/LON1/LON2/DLON/H
  357  380  370  360  356  349  341  332  320  300  279  259  243  231  221  209
  194  179  165  154  147  142  138  134  128  123  117  112  105   97   89   81
   75   73   75   81   87   92   95   97   99  102  106  111  115  118  122  126
  131  135  138  140  141  143  147  154  164  175  185  193  200  208  219  235
  252  271  290  302  315  325  335  345  357                                   
    40.0-180.0 180.0   5.0 450.0                            LAT/LON1/LON2/DLON/H
  368  395  385  372  366  359  352  344  334  316  296  277  261  248  235  219
  202  185  172  164  160  158  154  148  139  129  119  110  100   89   79   71
   67   68   73   80   87   92   95   96   99  103  109  115  121  126  131  136
  141  146  149  150  151  152  157  165  176  187  198  206  212  219  229  243
  258  275  293  306  321  336  351  364  368                                   
    37.5-180.0 180.0   5.0 450.0                            LAT/LON1/LON2/DLON/H
  373  402  392  375  369  361  353  347  340  325  308  293  279  266  252  235
  217  201  190  185  182  180  173  161  146  130  115  102   91   80   71   65
   63   66   72   81   88   92   94   96   98  104  111  118  125  130  135  140
  144  148  151  152  154  156  162  172  184  198  210  219  226  233  241  253
  264  276  291  303  318  339  362  381  373                                   
    35.0-180.0 180.0   5.0 450.0                            LAT/LON1/LON2/DLON/H
  379  406  395  377  370  360  351  346  340  328  315  303  293  283  271  255
  239  225  217  213  210  203  189  169  146  126  109   97   87   78   72   68
   69   73   80   88   93   96   98   99  102  108  115  122  127  131  134  137
  140  143  145  148  150  155  163  175  190  207  221  233  241  248  256  264
  271  278  288  297  312  337  368  398  379                                   
    32.5-180.0 180.0   5.0 450.0                            LAT/LON1/LON2/DLON/H
  393  414  402  385  378  367  355  348  342  332  321  312  304  297  287  275
  263  254  248  245  237  221  197  169  143  123  109  101   95   91   88   87
   90   95  101  106  109  109  109  109  112  117  122  127  130  130  130  130
  130  131  133  136  141  148  159  173  191  211  229  244  255  264  274  281
  285  287  291  295  311  338  376  418  393                                   
    30.0-180.0 180.0   5.0 450.0                            LAT/LON1/LON2/DLON/H
  423  434  421  409  401  388  374  363  355  343  331  322  315  309  302  294
  286  281  277  270  254  229  196  166  142  128  121  120  121  123  124  127
  131  135  139  139  136  132  129  127  128  130  132  133  132  129  125  121
  118  116  117  120  127  136  149  166  186  209  231  251  267  282  296  307
  311  310  309  310  327  353  395  444  423                                   
    27.5-180.0 180.0   5.0 450.0                            LAT/LON1/LON2/DLON/H
  473  471  461  454  445  431  412  398  385  370  354  341  331  322  316  309
  304  301  295  283  259  226  192  166  151  147  151  160  170  179  186  191
  194  195  192  184  174  163  155  150  147  145  142  139  134  128  121  113
  107  103  103  106  114  125  139  158  180  205  231  255  278  301  323  342
  352  354  351  350  367  391  435  486  473                                   
    25.0-180.0 180.0   5.0 450.0                            LAT/LON1/LON2/DLON/H
  540  525  528  528  517  499  475  456  438  417  395  375  358  344  334  325
  319  313  303  283  254  221  194  179  178  188  205  226  245  261  269  272
  269  261  249  232  213  196  183  173  165  157  150  143  135  127  118  109
  101   96   95   98  106  119  135  155  178  205  233  263  292  323  354  382
  403  411  413  415  433  453  500  546  540                                   
    22.5-180.0 180.0   5.0 450.0                            LAT/LON1/LON2/DLON/H
  615  596  619  628  615  593  564  539  515  487  458  430  404  382  364  349
  337  325  308  283  254  227  212  213  230  257  287  315  337  350  354  348
  336  319  298  272  246  223  205  192  179  167  155  145  137  129  120  111
  103   97   95   99  107  119  136  156  181  209  241  274  310  347  386  423
  454  472  480  491  511  528  578  618  615                                   
    20.0-180.0 180.0   5.0 450.0                            LAT/LON1/LON2/DLON/H
  687  671  718  738  726  703  671  642  613  581  545  508  472  440  413  389
  368  347  323  296  270  254  256  278  314  353  387  410  423  425  418  402
  382  357  329  298  267  240  220  204  188  173  159  148  141  134  128  121
  114  109  107  108  114  125  140  161  186  217  251  289  329  372  417  461
  500  525  541  562  585  596  648  686  687                                   
    17.5-180.0 180.0   5.0 450.0                            LAT/LON1/LON2/DLON/H
  741  737  800  830  822  803  774  747  719  687  648  605  561  519  481  447
  416  387  357  330  312  312  334  376  423  461  482  488  482  469  449  425
  398  368  335  302  270  245  225  209  193  178  164  155  150  147  144  139
  134  129  125  124  126  134  147  167  194  226  264  304  348  394  442  491
  535  566  587  617  641  646  696  736  741                                   
    15.0-180.0 180.0   5.0 450.0                            LAT/LON1/LON2/DLON/H
  767  780  846  882  880  870  850  831  811  785  751  708  660  611  564  520
  480  443  411  389  384  402  443  495  538  558  554  533  505  474  443  411
  379  346  314  284  258  238  224  211  198  183  171  165  163  164  164  162
  158  152  146  140  137  140  152  173  201  236  275  318  363  411  461  511
  557  591  616  649  674  674  718  760  767                                   
    12.5-180.0 180.0   5.0 450.0                            LAT/LON1/LON2/DLON/H
  765  796  855  892  896  896  888  881  872  858  834  799  754  704  652  603
  557  516  485  471  481  516  567  613  636  625  588  538  487  442  401  364
  330  300  275  254  239  228  221  213  202  190  180  176  178  181  184  183
  179  172  162  150  142  142  154  176  206  243  284  327  374  422  473  523
  569  604  633  663  685  684  720  762  765                                   
    10.0-180.0 180.0   5.0 450.0                            LAT/LON1/LON2/DLON/H
  747  791  837  869  878  888  890  894  897  895  884  861  827  783  735  686
  638  598  572  569  592  634  679  705  696  649  577  501  434  379  335  299
  271  250  238  230  226  223  221  216  208  198  191  189  192  195  197  196
  191  182  168  153  141  140  151  175  208  246  287  331  378  429  481  532
  578  614  644  670  686  688  714  752  747                                   
     7.5-180.0 180.0   5.0 450.0                            LAT/LON1/LON2/DLON/H
  729  776  806  827  839  852  861  874  888  898  899  890  868  837  798  755
  713  679  661  666  694  731  759  755  707  623  523  431  358  305  268  243
