data/edconvlstm_nd/pred0480.15i
     1.0            IONOSPHERE MAPS     GNSS                IONEX VERSION / TYPE
pyspatialgeodesy        IME             05-JAN-18 20:20     PGM / RUN BY / DATE 
Map Name                                                    COMMENT             
Predicted global ionosphere maps (GIM).                     DESCRIPTION         
  2015     2    17     0     0     0                        EPOCH OF FIRST MAP  
  2015     2    18     0     0     0                        EPOCH OF LAST MAP   
  7200                                                      INTERVAL            
    13                                                      # OF MAPS IN FILE   
  NONE                                                      MAPPING FUNCTION    
10.0                                                        ELEVATION CUTOFF    
One-way carrier phase leveled to code                       OBSERVABLES USED    
  6371.0                                                    BASE RADIUS         
 2                                                          MAP DIMENSION       
   450.0 450.0   0.0                                        HGT1 / HGT2 / DHGT  
    87.5 -87.5  -2.5                                        LAT1 / LAT2 / DLAT  
  -180.0 180.0   5.0                                        LON1 / LON2 / DLON  
    -1                                                      EXPONENT            
                                                            END OF HEADER       
[from data line 3861]
    10                                                      START OF TEC MAP    
  2015     2    17    18     0     0                        EPOCH OF CURRENT MAP
    87.5-180.0 180.0   5.0 450.0                            LAT/LON1/LON2/DLON/H
  145  144  139  146  151  149  148  146  146  147  145  145  144  144  143  143
  142  141  141  140  139  138  138  137  136  135  135  134  133  132  132  131
  130  129  129  128  127  126  125  124  124  123  122  122  122  121  121  121
  121  122  122  122  123  124  125  126  127  128  129  130  132  133  134  136
  137  139  139  138  149  147  154  148  145                                   
    85.0-180.0 180.0   5.0 450.0                            LAT/LON1/LON2/DLON/H
  149  150  160  151  151  154  154  155  154  155  153  153  152  151  151  150
  149  148  148  147  146  146  145  144  144  143  142  142  141  140  139  139
  138  137  136  135  134  132  131  130  129  128  127  126  126  125  125  124
  124  124  125  125  126  127  128  129  130  132  134  135  137  139  140  142
  144  146  145  144  147  146  147  145  149                                   
    82.5-180.0 180.0   5.0 450.0                            LAT/LON1/LON2/DLON/H
  132  142  144  141  144  148  151  151  150  151  150  150  149  148  147  146
  146  145  144  144  143  143  142  142  142  141  141  140  140  139  138  137
  136  135  133  132  130  128  126  124  122  119  117  115  114  112  111  110
  109  109  108  109  109  110  111  112  113  115  117  119  121  123  124  126
  129  131  132  135  136  147  139  134  132                                   
    80.0-180.0 180.0   5.0 450.0                            LAT/LON1/LON2/DLON/H
  118  126  131  131  134  135  140  144  146  147  147  148  147  147  146  146
  145  145  145  144  144  144  144  143  143  142  142  141  140  138  137  135
  133  131  129  126  123  120  117  114  110  107  104  101   98   95   94   92
   91   90   90   90   91   91   93   94   95   97   99  101  103  105  107  110
  112  115  116  119  116  122  119  121  118                                   
    77.5-180.0 180.0   5.0 450.0                            LAT/LON1/LON2/DLON/H
  110  112  117  119  126  131  137  142  146  149  151  153  154  155  155  156
  156  157  157  158  158  159  159  159  159  158  157  155  154  151  149  146
  143  140  136  132  128  123  118  113  107  102   97   93   89   85   82   80
   79   78   78   78   78   79   79   80   81   83   84   85   87   88   90   91
   93   95   97  100  100  101  103  109  110                                   
    75.0-180.0 180.0   5.0 450.0                            LAT/LON1/LON2/DLON/H
   92   96   99  104  113  121  128  136  143  149  154  158  161  164  166  168
  171  173  175  177  179  180  181  181  181  179  177  175  172  168  164  159
  155  149  144  138  132  126  120  113  106  100   94   88   83   79   76   73
   72   71   70   70   70   71   71   72   73   73   74   74   75   75   76   77
   77   79   80   80   80   82   83   80   92                                   
    72.5-180.0 180.0   5.0 450.0                            LAT/LON1/LON2/DLON/H
   75   80   84   95  105  115  127  137  147  156  164  171  177  182  187  190
  194  198  202  205  209  211  213  213  212  210  206  202  197  191  184  177
  170  163  155  148  140  132  123  115  106   99   91   85   79   74   71   68
   66   65   65   65   66   66   67   67   67   67   67   66   66   65   65   65
   64   64   65   64   64   66   68   72   75                                   
    70.0-180.0 180.0   5.0 450.0                            LAT/LON1/LON2/DLON/H
   63   68   72   85   96  107  120  134  147  161  172  182  191  198  204  209
  215  220  226  231  236  240  242  243  242  239  234  228  220  211  202  193
  183  173  163  153  144  134  124  115  105   97   89   82   76   71   67   64
   62   61   61   61   62   63   63   64   63   63   62   61   61   60   59   58
   56   55   56   55   55   56   60   63   63                                   
    67.5-180.0 180.0   5.0 450.0                            LAT/LON1/LON2/DLON/H
   57   62   67   81   94  108  123  141  157  174  188  201  212  220  228  234
  240  246  253  260  266  270  274  274  273  268  262  254  244  233  221  209
  197  184  172  160  148  136  125  114  105   96   87   80   74   68   64   61
   59   58   58   59   60   61   62   63   63   63   62   62   61   60   59   59
   57   56   55   52   52   52   54   59   57                                   
    65.0-180.0 180.0   5.0 450.0                            LAT/LON1/LON2/DLON/H
   52   58   62   77   90  104  121  141  161  180  198  213  225  234  242  248
  254  261  268  275  282  288  292  293  291  287  280  271  259  247  234  220
  205  191  176  162  148  135  123  111  101   92   84   77   70   65   60   56
   53   52   52   52   54   55   57   58   58   58   58   58   58   58   58   58
   57   56   56   53   53   54   56   62   52                                   
    62.5-180.0 180.0   5.0 450.0                            LAT/LON1/LON2/DLON/H
   53   58   62   77   90  105  124  146  168  190  209  226  239  248  255  260
  266  271  278  285  292  298  301  303  301  297  290  281  270  257  243  228
  213  197  180  164  148  133  120  108   98   89   81   74   67   61   55   50
   47   45   44   45   47   49   50   52   53   53   54   55   56   57   59   60
   60   60   60   58   56   56   59   65   53                                   
    60.0-180.0 180.0   5.0 450.0                            LAT/LON1/LON2/DLON/H
   58   61   65   79   91  106  126  149  173  197  218  236  249  258  264  268
  271  276  281  287  292  297  301  302  301  298  292  284  275  263  251  236
  220  203  186  168  150  134  120  108   98   89   81   74   67   60   54   48
   44   41   40   40   41   43   45   46   48   49   50   52   54   57   60   62
   63   65   66   64   62   62   64   71   58                                   
    57.5-180.0 180.0   5.0 450.0                            LAT/LON1/LON2/DLON/H
   67   68   72   85   97  111  132  156  181  206  228  247  260  268  272  275
  276  279  282  285  289  292  295  296  296  294  291  286  279  270  259  246
  231  214  196  177  158  141  126  113  103   94   87   80   73   65   58   51
   46   42   40   40   41   42   44   45   47   49   51   53   57   60   64   68
   70   72   74   72   70   69   71   77   67                                   
    55.0-180.0 180.0   5.0 450.0                            LAT/LON1/LON2/DLON/H
   78   79   83   95  107  122  144  167  193  218  241  259  272  279  283  284
  284  284  284  285  286  287  289  290  290  291  290  288  284  278  270  259
  245  229  210  191  171  153  137  123  113  105   97   91   83   76   68   61
   55   51   48   47   47   48   49   50   52   54   56   59   63   68   72   77
   80   83   85   84   80   78   78   84   78                                   
    52.5-180.0 180.0   5.0 450.0                            LAT/LON1/LON2/DLON/H
   91   90   96  108  121  138  160  183  208  233  255  273  285  292  295  295
  294  293  291  289  287  286  286  286  288  290  292  293  291  288  282  272
  260  245  227  207  187  169  152  138  127  119  112  105   98   90   83   76
   71   66   63   61   60   60   60   61   62   64   66   70   74   79   84   89
   92   96   98   96   92   88   86   90   91                                   
    50.0-180.0 180.0   5.0 450.0                            LAT/LON1/LON2/DLON/H
  103  102  110  122  139  157  180  203  228  251  272  288  300  307  310  311
  310  307  303  298  293  290  289  290  292  296  299  301  301  299  293  284
  273  258  242  223  204  185  169  155  143  134  126  119  112  105   99   93
   89   85   82   79   78   76   75   75   76   77   79   83   87   92   97  102
  105  109  111  110  105   98   95   97  103                                   
    47.5-180.0 180.0   5.0 450.0                            LAT/LON1/LON2/DLON/H
  113  112  122  136  156  178  202  224  248  270  289  304  316  323  328  329
  328  325  319  312  305  300  298  299  302  306  310  312  311  307  300  291
  279  266  250  234  216  199  183  169  157  147  138  130  123  117  112  108
  105  102   99   97   94   91   90   89   89   90   91   94   98  103  109  114
  117  120  122  121  117  108  103  104  113                                   
    45.0-180.0 180.0   5.0 450.0                            LAT/LON1/LON2/DLON/H
  120  119  130  148  171  195  221  243  265  286  304  320  331  340  345  348
  348  344  337  328  320  315  312  313  316  320  322  321  317  310  300  289
  277  265  252  238  223  208  193  179  166  155  144  135  128  123  119  116
  114  112  110  107  104  101   98   96   96   97   99  102  106  111  117  122
  125  129  130  130  126  117  111  113  120                                   
    42.5-180.0 180.0   5.0 450.0                            LAT/LON1/LON2/DLON/H
  123  123  134  155  182  208  234  257  279  300  317  333  346  355  363  367
  367  362  354  344  335  330  328  329  331  333  331  326  318  306  293  281
  270  259  249  239  227  215  201  187  173  160  147  137  129  123  119  117
  116  114  112  109  105  101   99   97   97   98  101  104  109  114  120  126
  129  132  134  134  131  123  117  121  123                                   
    40.0-180.0 180.0   5.0 450.0                            LAT/LON1/LON2/DLON/H
  122  123  135  159  187  214  242  265  287  308  327  344  359  371  380  385
  385  379  369  358  349  344  343  343  344  342  336  327  315  300  286  274
  264  257  251  244  235  224  211  196  181  165  151  138  129  122  117  114
  113  111  108  105  101   97   94   93   93   94   97  101  106  112  119  125
  128  132  133  134  131  124  118  126  122                                   
    37.5-180.0 180.0   5.0 450.0                            LAT/LON1/LON2/DLON/H
  119  120  133  159  188  215  244  267  291  313  334  354  372  386  396  402
  401  394  382  370  361  356  355  354  351  346  338  326  312  298  285  275
  269  265  263  260  253  243  229  212  194  176  159  145  134  125  119  115
  112  109  106  102   98   94   91   90   90   91   92   96  100  107  114  121
  125  128  130  129  125  120  116  125  119                                   
    35.0-180.0 180.0   5.0 450.0                            LAT/LON1/LON2/DLON/H
  116  117  131  157  186  212  241  266  291  316  341  365  385  402  414  419
  417  408  395  382  372  366  363  360  355  348  338  327  316  305  296  291
  290  291  293  292  286  274  257  237  216  196  177  162  150  140  132  126
  121  117  113  109  105  101   98   96   94   93   94   95   98  104  111  118
  121  124  125  123  118  113  110  120  116                                   
    32.5-180.0 180.0   5.0 450.0                            LAT/LON1/LON2/DLON/H
  115  116  131  155  183  208  238  263  291  319  348  376  400  420  433  438
  434  423  408  394  383  375  369  364  357  350  342  335  329  324  323  325
  330  337  342  342  335  319  297  272  247  225  206  191  178  168  160  153
  146  141  136  132  128  124  120  116  112  109  106  104  105  108  114  120
  122  124  123  119  113  106  104  114  115                                   
    30.0-180.0 180.0   5.0 450.0                            LAT/LON1/LON2/DLON/H
  118  119  134  156  184  206  237  262  292  323  355  387  415  438  452  457
  452  439  423  407  394  384  375  368  361  356  352  351  353  358  366  377
  390  402  410  409  397  374  345  314  285  262  244  230  220  211  204  197
  190  185  181  177  173  168  161  155  147  140  132  126  123  123  126  129
  130  131  128  121  112  104  100  109  118                                   
    27.5-180.0 180.0   5.0 450.0                            LAT/LON1/LON2/DLON/H
  127  128  143  163  190  211  241  267  297  330  365  399  430  455  470  474
  469  455  439  422  407  393  382  373  368  367  371  379  392  408  426  446
  466  483  491  486  466  433  395  357  324  300  285  275  269  265  260  256
  252  248  245  242  238  231  222  210  198  185  172  161  153  148  147  147
  145  144  138  129  118  107   99  106  127                                   
    25.0-180.0 180.0   5.0 450.0                            LAT/LON1/LON2/DLON/H
  139  140  154  175  202  223  253  278  308  341  376  411  444  469  485  490
  485  472  455  438  420  404  391  383  382  388  401  420  443  470  498  527
  552  569  573  559  529  486  438  393  358  335  323  318  318  320  321  321
  321  321  321  319  314  305  292  275  257  239  220  204  190  180  174  170
  165  162  153  143  129  114  101  106  139                                   
    22.5-180.0 180.0   5.0 450.0                            LAT/LON1/LON2/DLON/H
  151  153  167  190  219  241  271  294  324  356  390  425  457  482  499  504
  500  488  473  455  435  417  403  398  402  417  441  471  504  540  575  607
  632  644  639  615  575  523  467  416  379  357  349  351  357  365  372  379
  384  388  390  389  384  372  355  335  313  290  268  247  228  213  202  193
  185  180  168  158  141  122  105  109  151                                   
    20.0-180.0 180.0   5.0 450.0                            LAT/LON1/LON2/DLON/H
  162  164  178  205  237  261  291  315  344  374  406  439  470  496  513  519
  517  507  492  474  453  432  419  418  431  456  490  529  570  609  644  672
  688  690  675  643  597  539  478  424  386  365  361  366  377  390  402  414
  423  429  432  432  425  412  394  373  350  327  304  281  259  239  224  211
  200  194  180  170  150  129  110  116  162                                   
    17.5-180.0 180.0   5.0 450.0                            LAT/LON1/LON2/DLON/H
  168  172  187  217  252  278  311  335  364  394  424  456  486  512  530  538
  538  530  516  497  474  452  441  445  467  502  545  590  631  666  692  708
  711  702  680  645  596  538  475  421  382  362  358  364  375  390  405  418
  429  436  439  437  430  416  399  379  360  341  320  299  276  254  236  220
  207  201  186  177  156  135  115  124  168                                   
    15.0-180.0 180.0   5.0 450.0                            LAT/LON1/LON2/DLON/H
  169  175  192  224  262  292  327  353  383  413  443  474  504  531  552  563
  565  559  546  526  501  479  470  480  509  552  600  644  679  701  712  713
  704  687  662  627  581  525  466  413  375  353  346  348  356  368  382  396
  406  411  412  408  400  387  372  356  343  330  315  297  276  255  236  219
  205  199  186  177  157  138  119  130  169                                   
    12.5-180.0 180.0   5.0 450.0                            LAT/LON1/LON2/DLON/H
  166  174  194  227  268  302  340  369  401  432  462  494  526  555  579  593
  599  595  583  562  536  514  507  522  556  603  650  687  707  714  709  697
  680  658  632  600  559  511  459  411  374  349  336  331  332  338  349  360
  367  369  366  360  350  338  326  315  308  302  294  280  263  243  225  208
  195  191  180  172  156  139  121  134  166                                   
    10.0-180.0 180.0   5.0 450.0                            LAT/LON1/LON2/DLON/H
  162  172  194  229  272  309  350  383  419  452  484  517  551  583  610  628
  636  635  625  604  578  557  552  569  606  651  690  713  717  709  694  674
  651  627  602  575  544  506  463  421  385  358  337  323  316  316  322  329
  332  329  322  312  301  290  280  274  271  270  267  257  242  224  208  192
  181  178  170  164  152  139  123  136  162                                   
     7.5-180.0 180.0   5.0 450.0                            LAT/LON1/LON2/DLON/H
  160  170  194  230  274  314  359  396  435  472  507  542  579  614  644  664
  675  677  668  649  625  606  602  619  653  691  717  724  716  698  677  654
