data/edconvlstm_nd/pred2300.15i
     1.0            IONOSPHERE MAPS     GNSS                IONEX VERSION / TYPE
pyspatialgeodesy        IME             05-JAN-18 20:20     PGM / RUN BY / DATE 
Map Name                                                    COMMENT             
Predicted global ionosphere maps (GIM).                     DESCRIPTION         
  2015     8    18     0     0     0                        EPOCH OF FIRST MAP  
  2015     8    19     0     0     0                        EPOCH OF LAST MAP   
  7200                                                      INTERVAL            
    13                                                      # OF MAPS IN FILE   
  NONE                                                      MAPPING FUNCTION    
10.0                                                        ELEVATION CUTOFF    
One-way carrier phase leveled to code                       OBSERVABLES USED    
  6371.0                                                    BASE RADIUS         
 2                                                          MAP DIMENSION       
   450.0 450.0   0.0                                        HGT1 / HGT2 / DHGT  
    87.5 -87.5  -2.5                                        LAT1 / LAT2 / DLAT  
  -180.0 180.0   5.0                                        LON1 / LON2 / DLON  
    -1                                                      EXPONENT            
                                                            END OF HEADER       
[from data line 1716]
     5                                                      START OF TEC MAP    
  2015     8    18     8     0     0                        EPOCH OF CURRENT MAP
    87.5-180.0 180.0   5.0 450.0                            LAT/LON1/LON2/DLON/H
   79   88   88   92   93   94   93   90   91   93   94   95   95   96   96   97
   97   98   98   98   99   99   99   99   99   98   98   97   97   97   96   95
   95   94   94   93   93   92   92   92   91   91   91   91   90   90   90   89
   89   88   88   87   86   85   84   83   82   81   80   79   78   77   76   76
   77   78   77   77   83   87   96   93   79                                   
    85.0-180.0 180.0   5.0 450.0                            LAT/LON1/LON2/DLON/H
   80   97  102   98  100  103  104  104  104  106  106  107  107  108  108  108
  109  109  109  110  110  110  110  110  110  110  109  109  108  108  107  107
  106  106  105  105  105  104  104  104  104  104  104  103  103  103  103  102
  102  101  100   99   98   96   95   94   92   91   89   88   87   86   85   85
   86   87   83   83   84   90   98   97   80                                   
    82.5-180.0 180.0   5.0 450.0                            LAT/LON1/LON2/DLON/H
   84   96  107  102  103  106  107  108  109  110  110  110  110  110  110  109
  109  109  110  110  110  110  111  111  111  110  110  110  109  109  108  108
  108  107  107  107  107  107  107  108  108  109  109  110  110  110  110  110
  110  109  109  107  106  104  102  100   98   95   93   90   88   86   84   84
   84   84   81   81   86   89   87   85   84                                   
    80.0-180.0 180.0   5.0 450.0                            LAT/LON1/LON2/DLON/H
   88   95  103  101  105  106  107  107  108  108  107  107  105  104  103  102
  101  101  101  101  102  102  103  103  104  104  104  104  103  103  103  102
  102  102  102  103  104  104  106  107  108  109  111  112  113  115  116  116
  117  117  116  115  114  112  109  106  103   99   96   92   88   85   83   81
   80   79   79   79   83   89   93   86   88                                   
    77.5-180.0 180.0   5.0 450.0                            LAT/LON1/LON2/DLON/H
   91   97  101  103  104  108  109  109  109  107  103  102   99   96   94   92
   91   91   91   92   93   94   95   96   97   97   97   97   97   97   97   97
   97   98   99  100  101  103  105  107  109  112  115  117  120  122  125  127
  128  129  129  128  127  125  122  118  114  109  104   99   95   90   86   83
   81   80   77   79   80   81   85   86   91                                   
    75.0-180.0 180.0   5.0 450.0                            LAT/LON1/LON2/DLON/H
   85   94   95   98  100  105  105  104  102   99   94   91   86   82   79   76
   75   75   75   77   78   80   82   83   84   85   85   85   86   86   86   86
   87   88   90   92   94   97  100  103  106  110  113  117  121  124  127  130
  132  134  135  134  133  131  128  125  120  115  110  104   99   94   89   86
   83   80   78   75   78   80   84   82   85                                   
    72.5-180.0 180.0   5.0 450.0                            LAT/LON1/LON2/DLON/H
   86   93   93   95   98  104  104  103  100   96   90   85   79   74   70   67
   66   66   67   70   72   74   77   78   79   80   80   80   80   80   81   81
   83   84   87   89   92   96  100  104  108  113  117  122  126  130  134  137
  139  141  142  142  141  139  136  133  129  124  119  113  108  103   99   95
   92   89   87   84   84   84   85   85   86                                   
    70.0-180.0 180.0   5.0 450.0                            LAT/LON1/LON2/DLON/H
   89   91   91   92   94   97   97   95   92   88   82   77   70   65   61   58
   57   58   60   62   65   68   71   72   73   74   74   73   73   73   74   75
   77   79   82   85   89   93   98  103  108  113  118  123  128  132  135  138
  140  141  142  142  140  139  136  133  129  125  121  117  113  109  105  102
  100   97   95   91   89   89   91   89   89                                   
    67.5-180.0 180.0   5.0 450.0                            LAT/LON1/LON2/DLON/H
   86   87   86   86   87   90   89   87   85   81   75   71   64   59   55   53
   53   54   56   60   63   66   68   69   70   70   69   68   68   68   68   69
   71   74   78   82   86   91   96  102  108  113  118  123  127  131  133  135
  136  137  136  136  134  132  130  128  125  122  119  116  113  111  109  107
  106  103  102   98   94   92   92   89   86                                   
    65.0-180.0 180.0   5.0 450.0                            LAT/LON1/LON2/DLON/H
   86   85   81   81   81   82   81   80   79   76   71   68   63   58   55   53
   53   55   58   61   64   66   68   69   69   68   67   66   66   66   66   68
   70   73   77   82   87   93   99  105  111  117  122  127  130  133  134  135
  135  135  133  132  131  129  127  125  123  121  119  118  116  115  114  114
  113  112  110  106  102  100   98   94   86                                   
    62.5-180.0 180.0   5.0 450.0                            LAT/LON1/LON2/DLON/H
   85   83   78   76   74   75   73   72   72   70   67   65   62   59   57   55
   56   57   60   62   65   67   68   68   67   67   66   65   64   64   65   67
   70   73   78   83   89   95  102  108  115  121  127  131  134  136  137  137
  136  135  133  132  130  128  127  125  124  122  121  120  120  119  119  119
  119  118  117  113  109  106  103  100   85                                   
    60.0-180.0 180.0   5.0 450.0                            LAT/LON1/LON2/DLON/H
   87   83   76   72   69   68   66   64   63   62   61   61   59   58   56   56
   56   58   59   61   63   64   64   64   63   63   62   62   62   62   63   65
   69   73   78   83   89   96  104  111  118  125  131  135  138  140  140  140
  139  138  136  135  134  133  131  130  128  127  126  125  125  124  123  124
  123  122  122  118  114  112  108  104   87                                   
    57.5-180.0 180.0   5.0 450.0                            LAT/LON1/LON2/DLON/H
   91   86   78   73   68   65   61   58   57   56   55   56   56   56   55   55
   56   56   58   58   59   59   58   58   58   58   58   58   59   60   62   65
   68   73   79   85   92   99  107  115  123  130  136  141  144  147  148  148
  148  148  147  147  146  145  144  143  141  139  138  136  135  134  132  131
  130  128  127  123  120  118  114  110   91                                   
    55.0-180.0 180.0   5.0 450.0                            LAT/LON1/LON2/DLON/H
   97   92   84   78   71   66   60   54   51   49   49   50   51   51   52   52
   52   53   53   53   52   52   51   51   51   51   52   54   55   57   60   63
   68   74   80   87   94  103  111  120  128  136  142  148  152  155  158  160
  161  162  162  163  162  162  161  159  157  155  153  151  149  146  143  141
  138  135  133  129  126  125  121  117   97                                   
    52.5-180.0 180.0   5.0 450.0                            LAT/LON1/LON2/DLON/H
  106  102   93   87   79   72   63   55   49   45   44   45   45   46   47   47
   48   48   47   47   46   45   44   44   44   45   47   49   51   54   58   62
   68   75   82   90   98  107  116  125  134  142  149  155  161  166  170  174
  177  179  180  181  180  180  178  176  174  171  169  167  164  161  157  153
  148  143  140  135  132  132  127  123  106                                   
    50.0-180.0 180.0   5.0 450.0                            LAT/LON1/LON2/DLON/H
  115  111  104   99   90   81   70   59   50   44   40   41   41   42   43   43
   43   43   42   42   41   40   39   39   40   41   43   45   48   51   56   61
   68   76   85   94  103  112  121  131  140  149  157  164  170  177  183  189
  193  196  197  197  196  195  192  190  187  185  183  181  178  175  170  165
  159  153  148  143  139  138  133  128  115                                   
    47.5-180.0 180.0   5.0 450.0                            LAT/LON1/LON2/DLON/H
  122  119  114  109  102   93   81   67   55   46   40   39   39   39   39   39
   39   39   39   38   38   37   37   37   38   39   41   43   46   49   54   61
   69   79   88   98  108  118  128  138  148  157  165  173  181  189  197  204
  209  212  212  211  208  205  201  198  195  193  191  190  188  185  181  176
  169  162  156  150  145  142  136  130  122                                   
    45.0-180.0 180.0   5.0 450.0                            LAT/LON1/LON2/DLON/H
  125  123  118  116  112  103   91   77   64   52   44   41   40   39   39   38
   38   38   37   37   37   37   37   37   38   39   40   42   45   49   54   62
   72   82   93  103  114  125  136  147  157  166  174  183  192  202  211  219
  224  226  224  221  215  210  205  200  197  195  195  195  194  192  188  183
  177  170  163  155  148  143  136  130  125                                   
    42.5-180.0 180.0   5.0 450.0                            LAT/LON1/LON2/DLON/H
  122  120  117  117  116  110   99   86   73   61   52   47   44   42   41   40
   39   38   38   38   38   38   38   39   39   40   41   42   45   50   56   64
   75   86   97  109  120  132  144  156  166  176  184  193  204  215  225  234
  239  239  236  230  222  215  208  203  199  197  197  197  197  195  192  188
  182  175  167  158  149  141  133  127  122                                   
    40.0-180.0 180.0   5.0 450.0                            LAT/LON1/LON2/DLON/H
  116  113  110  111  112  109  102   92   81   70   61   56   52   49   46   44
   42   41   40   40   40   40   41   41   42   42   43   44   47   52   59   68
   79   90  102  114  127  140  153  165  176  186  195  205  216  228  240  250
  254  254  250  243  234  225  217  211  206  203  202  201  200  197  195  191
  186  179  170  160  148  138  130  123  116                                   
    37.5-180.0 180.0   5.0 450.0                            LAT/LON1/LON2/DLON/H
  108  103   99  100  103  102   99   93   85   77   70   66   61   57   53   50
   47   45   43   42   42   43   44   44   44   44   45   47   50   56   64   73
   84   95  107  120  134  147  161  174  185  195  205  216  229  243  257  267
  273  274  270  264  256  248  239  231  224  219  215  211  207  203  198  195
  189  182  172  161  148  135  126  120  108                                   
    35.0-180.0 180.0   5.0 450.0                            LAT/LON1/LON2/DLON/H
  103   96   91   89   91   91   91   88   85   81   77   74   70   65   61   57
   53   50   47   46   46   46   47   47   47   47   48   50   54   61   69   78
   89  100  113  126  140  154  168  181  193  204  215  227  242  259  275  288
  297  300  300  297  292  285  277  268  259  250  241  233  223  215  207  202
  196  188  177  164  149  135  126  120  103                                   
    32.5-180.0 180.0   5.0 450.0                            LAT/LON1/LON2/DLON/H
  105   95   87   82   80   80   81   81   81   80   79   78   76   72   68   64
   59   55   52   50   50   50   51   50   50   49   50   54   59   66   74   84
   94  106  118  132  146  160  175  188  200  211  224  238  256  275  294  311
  324  332  337  340  339  335  328  319  307  294  281  266  250  235  224  215
  207  199  186  171  155  139  131  125  105                                   
    30.0-180.0 180.0   5.0 450.0                            LAT/LON1/LON2/DLON/H
  116  102   93   83   76   73   73   74   76   77   79   80   79   77   74   70
   66   61   58   55   55   55   55   55   54   53   54   57   63   71   79   89
   99  111  123  137  151  166  179  192  205  218  232  249  269  292  314  335
  353  368  379  388  393  394  389  379  365  348  329  308  286  265  248  237
  226  216  200  184  166  150  141  136  116                                   
    27.5-180.0 180.0   5.0 450.0                            LAT/LON1/LON2/DLON/H
  136  119  108   94   80   73   71   70   72   74   77   80   80   79   78   75
   71   67   64   62   61   62   62   61   59   58   59   62   67   75   83   93
  104  115  128  142  156  170  183  196  209  224  241  261  283  309  335  360
  382  402  420  436  447  453  450  439  423  403  380  354  327  301  281  265
  253  240  222  203  184  166  158  152  136                                   
    25.0-180.0 180.0   5.0 450.0                            LAT/LON1/LON2/DLON/H
  164  145  133  114   95   83   77   72   72   73   76   79   80   81   80   79
   76   73   71   69   70   71   71   70   67   65   65   67   71   78   86   96
  107  119  132  146  160  173  186  199  214  231  251  273  298  325  353  382
  408  432  455  476  492  501  500  490  472  450  424  397  368  340  317  300
  285  270  250  228  208  188  179  174  164                                   
    22.5-180.0 180.0   5.0 450.0                            LAT/LON1/LON2/DLON/H
  195  175  164  142  118  101   91   82   78   77   77   79   81   82   83   83
   81   79   78   78   79   81   81   80   77   74   72   72   74   80   88   97
  109  122  135  149  163  176  189  203  220  239  262  286  313  341  370  400
  428  454  479  502  520  530  530  520  503  481  457  430  403  377  355  337
  321  304  283  257  236  214  204  197  195                                   
    20.0-180.0 180.0   5.0 450.0                            LAT/LON1/LON2/DLON/H
  224  205  196  172  146  126  111   98   90   85   83   83   84   86   87   87
   86   85   85   86   88   91   92   91   87   82   78   76   76   80   88   98
  110  123  137  152  166  179  192  208  226  249  274  300  327  355  384  413
  440  465  488  509  525  535  535  526  511  493  473  452  430  409  390  374
  358  340  317  289  266  240  228  220  224                                   
    17.5-180.0 180.0   5.0 450.0                            LAT/LON1/LON2/DLON/H
  247  230  222  200  175  152  134  118  107   98   93   90   90   91   92   92
   92   91   91   93   96   99  100   99   95   89   83   79   77   80   87   97
  110  124  139  154  168  182  196  213  235  260  287  314  341  368  395  422
  445  466  483  499  511  517  517  512  502  490  478  464  450  435  420  407
  392  374  350  320  295  265  249  241  247                                   
    15.0-180.0 180.0   5.0 450.0                            LAT/LON1/LON2/DLON/H
  262  248  241  221  198  176  156  140  125  114  106  100   98   98   98   98
   97   97   97   99  102  104  105  104   99   92   85   79   77   79   86   97
  110  125  141  156  171  186  201  220  244  271  300  327  353  379  404  427
  446  460  470  479  485  489  489  487  483  479  475  470  463  454  445  434
  421  404  380  348  321  287  268  259  262                                   
    12.5-180.0 180.0   5.0 450.0                            LAT/LON1/LON2/DLON/H
  271  257  252  233  214  192  173  158  143  130  119  112  108  106  106  105
  103  102  101  102  104  106  106  104   99   92   85   78   75   77   85   97
  111  127  143  159  174  190  207  227  252  281  310  337  362  386  410  430
  445  453  457  460  461  462  463  464  466  469  472  474  473  469  463  454
  442  425  402  371  343  305  284  273  271                                   
    10.0-180.0 180.0   5.0 450.0                            LAT/LON1/LON2/DLON/H
  276  263  257  238  221  201  184  169  156  143  132  123  117  115  113  112
  109  106  104  103  104  104  103  100   95   89   81   75   73   76   85   97
  113  129  145  161  177  193  211  233  259  288  316  343  368  391  414  433
  445  451  452  451  450  450  451  455  461  468  476  481  483  480  474  466
  453  438  416  386  359  320  297  287  276                                   
     7.5-180.0 180.0   5.0 450.0                            LAT/LON1/LON2/DLON/H
  282  269  261  241  224  204  188  175  163  152  140  131  125  122  120  118
  115  111  107  104  103  101   98   94   89   83   76   71   70   75   85   98
