data/edconvlstm_nd/pred1400.15i
     1.0            IONOSPHERE MAPS     GNSS                IONEX VERSION / TYPE
pyspatialgeodesy        IME             05-JAN-18 20:20     PGM / RUN BY / DATE 
Map Name                                                    COMMENT             
Predicted global ionosphere maps (GIM).                     DESCRIPTION         
  2015     5    20     0     0     0                        EPOCH OF FIRST MAP  
  2015     5    21     0     0     0                        EPOCH OF LAST MAP   
  7200                                                      INTERVAL            
    13                                                      # OF MAPS IN FILE   
  NONE                                                      MAPPING FUNCTION    
10.0                                                        ELEVATION CUTOFF    
One-way carrier phase leveled to code                       OBSERVABLES USED    
  6371.0                                                    BASE RADIUS         
 2                                                          MAP DIMENSION       
   450.0 450.0   0.0                                        HGT1 / HGT2 / DHGT  
    87.5 -87.5  -2.5                                        LAT1 / LAT2 / DLAT  
  -180.0 180.0   5.0                                        LON1 / LON2 / DLON  
    -1                                                      EXPONENT            
                                                            END OF HEADER       
[from data line 1287]
     4                                                      START OF TEC MAP    
  2015     5    20     6     0     0                        EPOCH OF CURRENT MAP
    87.5-180.0 180.0   5.0 450.0                            LAT/LON1/LON2/DLON/H
  171  159  154  155  159  157  154  152  153  153  153  154  154  154  154  154
  154  154  153  153  153  153  152  152  152  152  152  152  152  152  153  153
  153  154  154  155  155  156  156  157  157  158  158  158  159  159  160  160
  160  161  161  161  161  161  161  161  161  161  161  160  160  159  158  157
  157  158  156  156  159  156  156  160  171                                   
    85.0-180.0 180.0   5.0 450.0                            LAT/LON1/LON2/DLON/H
  164  159  159  159  164  161  161  160  161  161  161  161  161  161  161  161
  161  161  160  160  159  159  159  158  158  158  158  158  158  158  159  159
  160  161  161  162  163  163  164  164  165  165  166  166  167  167  167  168
  168  169  169  169  170  170  170  170  170  170  170  170  169  168  167  167
  167  168  163  165  158  154  158  158  164                                   
    82.5-180.0 180.0   5.0 450.0                            LAT/LON1/LON2/DLON/H
  160  164  161  158  161  160  160  159  160  160  160  160  160  160  160  159
  158  158  157  156  155  154  153  152  152  152  152  152  153  153  155  156
  157  159  160  162  163  164  165  165  166  167  167  168  168  169  170  170
  171  172  173  174  174  175  176  177  177  177  177  177  177  176  175  174
  173  172  167  169  166  158  156  147  160                                   
    80.0-180.0 180.0   5.0 450.0                            LAT/LON1/LON2/DLON/H
  160  162  155  154  156  153  155  154  155  155  155  156  155  155  154  153
  152  150  149  147  145  143  142  141  140  140  140  141  142  144  146  149
  151  154  156  159  161  163  164  165  166  167  168  168  169  170  172  173
  174  176  177  179  180  182  183  184  185  186  186  186  186  185  184  183
  181  179  173  173  168  161  165  148  160                                   
    77.5-180.0 180.0   5.0 450.0                            LAT/LON1/LON2/DLON/H
  164  163  156  155  154  151  153  152  154  153  153  153  153  152  151  149
  147  145  143  140  138  136  134  133  132  131  132  133  135  138  142  146
  151  155  159  163  167  169  171  173  174  175  176  177  179  180  182  184
  187  189  191  194  196  198  200  202  203  204  204  204  204  203  201  200
  196  194  186  185  180  168  165  157  164                                   
    75.0-180.0 180.0   5.0 450.0                            LAT/LON1/LON2/DLON/H
  163  163  153  152  150  146  147  146  147  146  145  145  144  143  141  139
  137  135  132  130  128  126  123  122  121  120  121  122  125  129  134  140
  146  153  159  164  169  172  175  176  178  179  181  182  185  187  190  193
  197  200  203  206  208  211  213  215  216  217  218  218  217  216  214  213
  209  206  199  192  185  173  172  164  163                                   
    72.5-180.0 180.0   5.0 450.0                            LAT/LON1/LON2/DLON/H
  164  165  155  152  149  144  145  143  144  142  141  140  138  136  133  131
  129  127  125  124  122  121  119  118  117  116  117  118  122  127  133  141
  149  157  164  171  176  180  183  185  186  188  190  192  196  199  204  208
  212  216  219  222  225  227  228  229  230  230  230  229  228  227  225  224
  220  218  212  206  194  180  177  171  164                                   
    70.0-180.0 180.0   5.0 450.0                            LAT/LON1/LON2/DLON/H
  168  165  156  151  145  138  138  135  135  133  130  128  125  122  119  117
  115  114  114  114  114  114  114  113  112  111  111  113  116  122  129  137
  147  156  165  173  178  182  185  187  188  190  192  196  201  206  212  217
  222  226  230  232  234  235  235  235  234  233  231  230  228  226  225  224
  222  220  215  211  202  189  188  181  168                                   
    67.5-180.0 180.0   5.0 450.0                            LAT/LON1/LON2/DLON/H
  172  169  158  151  143  134  132  128  126  123  119  116  112  108  104  102
  101  101  102  104  106  108  109  109  109  108  108  109  112  117  124  133
  143  153  163  171  177  181  183  184  186  188  191  196  202  209  216  223
  229  233  236  237  237  237  236  234  232  229  227  224  222  219  217  217
  216  216  213  211  204  193  193  187  172                                   
    65.0-180.0 180.0   5.0 450.0                            LAT/LON1/LON2/DLON/H
  177  174  161  152  142  131  127  121  119  114  109  105   99   94   90   87
   87   88   91   94   98  102  105  106  106  106  105  106  108  113  120  129
  139  150  159  168  173  177  179  181  182  185  189  196  204  212  221  228
  234  238  239  240  239  237  235  232  229  225  222  218  215  212  209  209
  208  209  209  209  206  199  201  196  177                                   
    62.5-180.0 180.0   5.0 450.0                            LAT/LON1/LON2/DLON/H
  186  182  169  158  145  132  125  118  113  107  101   95   89   82   78   75
   74   76   79   84   89   94   98  101  102  102  101  102  104  108  115  124
  134  144  154  162  168  172  175  176  178  181  187  195  205  214  224  232
  237  240  242  241  239  237  234  231  228  224  220  216  212  208  205  203
  202  204  205  207  207  204  208  205  186                                   
    60.0-180.0 180.0   5.0 450.0                            LAT/LON1/LON2/DLON/H
  198  194  181  168  153  138  129  119  112  104   96   88   80   73   68   65
   64   65   68   72   77   83   88   91   94   95   95   96   98  102  108  117
  127  137  147  155  162  167  170  172  174  179  186  195  205  217  227  235
  240  243  244  243  242  240  237  235  232  228  224  220  215  210  205  203
  200  202  203  206  209  210  215  214  198                                   
    57.5-180.0 180.0   5.0 450.0                            LAT/LON1/LON2/DLON/H
  214  211  199  184  169  151  140  126  116  105   95   85   76   68   62   59
   57   57   59   62   66   70   75   80   83   85   87   89   91   96  102  110
  120  130  140  150  157  163  167  170  174  179  187  197  209  220  231  239
  245  247  248  248  248  247  245  244  242  239  235  230  225  219  214  210
  206  206  206  210  213  217  224  225  214                                   
    55.0-180.0 180.0   5.0 450.0                            LAT/LON1/LON2/DLON/H
  233  231  221  207  192  174  159  143  129  114  100   87   76   67   61   56
   54   53   53   54   56   59   63   67   72   75   78   81   85   90   97  105
  115  125  136  146  155  162  167  171  176  182  190  202  214  227  238  247
  253  256  258  258  259  259  258  257  255  253  249  244  239  233  227  222
  217  216  215  217  220  226  235  238  233                                   
    52.5-180.0 180.0   5.0 450.0                            LAT/LON1/LON2/DLON/H
  255  254  247  235  221  204  188  168  150  130  112   95   82   71   64   59
   55   53   51   50   50   51   54   58   62   67   71   75   80   87   94  104
  114  124  135  146  155  164  170  176  181  188  198  210  224  238  250  260
  266  270  272  274  275  275  275  274  271  267  263  257  252  247  242  238
  232  230  228  229  231  237  247  251  255                                   
    50.0-180.0 180.0   5.0 450.0                            LAT/LON1/LON2/DLON/H
  277  277  274  265  254  239  223  201  179  154  130  110   93   80   71   66
   62   59   56   53   50   50   51   54   59   63   68   74   80   88   97  107
  118  128  139  150  160  169  177  183  190  198  208  222  237  253  267  278
  285  290  293  295  296  296  295  292  287  280  274  267  262  258  254  252
  248  247  244  243  243  250  259  263  277                                   
    47.5-180.0 180.0   5.0 450.0                            LAT/LON1/LON2/DLON/H
  295  296  297  292  285  273  259  236  211  181  153  128  108   93   83   77
   73   70   67   63   59   57   57   59   62   67   72   78   85   94  105  116
  127  137  147  157  167  177  185  193  200  209  221  237  255  273  288  301
  310  315  318  320  320  319  315  309  301  291  281  273  267  264  262  263
  262  262  260  259  257  262  270  274  295                                   
    45.0-180.0 180.0   5.0 450.0                            LAT/LON1/LON2/DLON/H
  308  310  313  312  309  301  289  267  240  209  177  148  125  108   97   91
   88   86   83   80   76   72   71   72   74   78   82   88   96  106  117  129
  140  150  159  168  177  186  195  203  212  223  237  255  275  296  314  328
  337  343  347  348  347  344  337  328  316  302  289  278  271  268  268  271
  273  276  276  274  271  274  281  283  308                                   
    42.5-180.0 180.0   5.0 450.0                            LAT/LON1/LON2/DLON/H
  315  316  319  319  319  315  306  288  262  230  197  167  142  124  112  107
  105  104  104  102   99   95   93   92   93   95   97  102  110  120  133  145
  157  165  173  179  187  195  204  214  224  238  255  275  298  321  341  356
  366  373  376  377  375  371  363  351  337  321  305  291  282  277  276  280
  285  290  292  291  286  287  292  290  315                                   
    40.0-180.0 180.0   5.0 450.0                            LAT/LON1/LON2/DLON/H
  317  314  314  313  314  312  307  293  271  242  211  182  157  138  127  121
  121  123  125  126  125  123  120  118  116  116  116  119  126  136  148  161
  173  181  186  191  197  204  214  224  237  254  274  297  322  346  367  383
  394  401  405  407  406  402  395  384  370  353  336  320  308  299  297  299
  303  309  311  310  303  302  304  299  317                                   
    37.5-180.0 180.0   5.0 450.0                            LAT/LON1/LON2/DLON/H
  319  309  304  296  297  294  291  281  265  242  216  191  168  150  139  134
  135  140  145  149  151  150  148  144  141  137  135  136  141  150  162  175
  186  193  197  201  205  212  222  235  251  271  293  319  345  369  390  406
  418  427  433  438  441  441  438  431  420  405  389  372  356  344  336  333
  334  337  337  334  325  320  320  311  319                                   
    35.0-180.0 180.0   5.0 450.0                            LAT/LON1/LON2/DLON/H
  324  307  294  279  275  268  264  258  248  232  213  194  175  159  149  144
  146  153  161  168  173  174  172  168  163  158  153  152  154  162  173  185
  195  201  204  207  211  219  231  246  266  288  313  339  365  389  409  425
  438  449  460  470  480  488  492  493  489  481  469  452  434  416  400  389
  381  378  374  365  353  345  341  330  324                                   
    32.5-180.0 180.0   5.0 450.0                            LAT/LON1/LON2/DLON/H
  339  315  292  269  258  245  238  233  227  217  206  194  180  167  157  152
  154  162  172  182  189  193  192  188  182  176  169  166  166  172  180  190
  198  203  206  209  214  224  239  258  280  305  331  357  382  403  422  438
  453  468  485  503  522  541  558  571  579  581  576  563  543  517  491  467
  447  433  421  405  387  376  368  356  339                                   
    30.0-180.0 180.0   5.0 450.0                            LAT/LON1/LON2/DLON/H
  366  338  304  275  256  238  225  218  212  207  201  194  185  174  165  160
  161  168  179  190  200  205  206  204  198  191  184  179  177  179  184  190
  195  199  202  207  215  228  247  269  294  320  347  371  393  412  429  446
  464  484  507  535  565  597  627  654  675  689  694  686  665  634  597  559
  526  500  477  453  427  413  401  391  366                                   
    27.5-180.0 180.0   5.0 450.0                            LAT/LON1/LON2/DLON/H
  407  376  333  301  276  254  233  222  213  208  203  200  193  184  175  169
  168  174  184  196  206  213  217  216  212  206  199  191  186  182  182  182
  184  188  193  202  215  232  254  279  306  333  359  381  400  416  432  450
  470  496  526  562  602  645  686  725  757  781  792  789  769  735  692  645
  602  567  536  503  470  454  439  430  407                                   
    25.0-180.0 180.0   5.0 450.0                            LAT/LON1/LON2/DLON/H
  458  427  378  348  317  292  265  248  234  224  217  213  206  197  188  180
  178  181  189  199  210  219  225  227  225  220  213  203  192  182  173  168
  167  171  180  194  213  235  260  288  316  343  366  386  402  416  432  450
  475  505  541  583  629  677  724  767  804  831  846  846  829  797  754  706
  660  622  588  551  512  493  479  470  458                                   
    22.5-180.0 180.0   5.0 450.0                            LAT/LON1/LON2/DLON/H
  511  483  435  409  373  347  315  292  271  255  243  234  226  216  205  196
  191  191  195  204  214  224  232  237  238  234  225  210  193  174  158  147
  144  150  164  184  209  236  264  293  321  348  370  388  402  415  431  452
  479  512  552  597  644  691  736  776  810  835  850  851  839  812  776  733
  692  656  625  588  549  528  516  507  511                                   
    20.0-180.0 180.0   5.0 450.0                            LAT/LON1/LON2/DLON/H
  556  537  494  475  436  411  375  347  319  296  277  263  250  239  227  217
  210  206  206  211  220  230  240  246  249  245  232  211  186  160  137  122
  119  127  146  172  202  233  263  294  323  349  371  388  402  415  433  456
  486  521  562  606  650  691  728  759  785  804  816  819  811  794  767  734
  701  672  646  613  577  555  546  535  556                                   
    17.5-180.0 180.0   5.0 450.0                            LAT/LON1/LON2/DLON/H
  584  574  542  529  493  470  434  401  368  339  314  294  278  265  254  243
  234  226  221  222  228  238  247  254  256  249  231  204  172  141  115   99
   96  107  129  159  193  227  259  291  321  348  371  388  402  418  438  465
  497  534  574  614  652  685  711  731  745  757  765  770  769  760  744  722
  698  675  655  626  595  573  566  552  584                                   
    15.0-180.0 180.0   5.0 450.0                            LAT/LON1/LON2/DLON/H
  595  590  570  561  531  511  476  442  408  375  346  324  306  292  282  273
  262  250  240  235  238  245  253  259  257  244  220  188  154  122   96   80
   78   90  115  147  183  218  252  285  316  345  369  388  404  423  447  477
  512  549  587  623  654  677  693  702  708  713  720  726  730  729  723  709
  692  674  658  633  607  582  576  559  595                                   
    12.5-180.0 180.0   5.0 450.0                            LAT/LON1/LON2/DLON/H
  591  587  575  567  545  527  494  461  428  396  368  346  328  316  308  302
  292  277  261  250  247  251  255  256  249  230  202  169  137  107   84   69
   68   80  104  136  172  208  243  277  310  340  365  387  408  430  458  491
  527  563  598  629  654  671  679  682  682  685  691  698  705  710  709  701
  689  675  660  637  614  588  580  562  591                                   
    10.0-180.0 180.0   5.0 450.0                            LAT/LON1/LON2/DLON/H
  582  576  567  555  538  520  489  458  429  402  377  358  343  334  329  326
  318  301  281  264  254  252  251  246  232  209  180  150  123   98   78   66
   64   75   97  127  161  197  232  267  301  333  361  386  411  438  468  503
  539  574  606  633  653  666  670  671  671  674  680  688  696  702  704  700
  690  677  663  643  621  593  584  566  582                                   
     7.5-180.0 180.0   5.0 450.0                            LAT/LON1/LON2/DLON/H
  576  567  555  537  521  502  471  443  418  396  377  361  349  343  342  343
  336  320  295  272  256  247  239  228  209  184  158  135  114   95   80   69
