data/edconvlstm_nd/pred2580.15i
     1.0            IONOSPHERE MAPS     GNSS                IONEX VERSION / TYPE
pyspatialgeodesy        IME             05-JAN-18 20:20     PGM / RUN BY / DATE 
Map Name                                                    COMMENT             
Predicted global ionosphere maps (GIM).                     DESCRIPTION         
  2015     9    15     0     0     0                        EPOCH OF FIRST MAP  
  2015     9    16     0     0     0                        EPOCH OF LAST MAP   
  7200                                                      INTERVAL            
    13                                                      # OF MAPS IN FILE   
  NONE                                                      MAPPING FUNCTION    
10.0                                                        ELEVATION CUTOFF    
One-way carrier phase leveled to code                       OBSERVABLES USED    
  6371.0                                                    BASE RADIUS         
 2                                                          MAP DIMENSION       
   450.0 450.0   0.0                                        HGT1 / HGT2 / DHGT  
    87.5 -87.5  -2.5                                        LAT1 / LAT2 / DLAT  
  -180.0 180.0   5.0                                        LON1 / LON2 / DLON  
    -1                                                      EXPONENT            
                                                            END OF HEADER       
     1                                                      START OF TEC MAP    
  2015     9    15     0     0     0                        EPOCH OF CURRENT MAP
    87.5-180.0 180.0   5.0 450.0                            LAT/LON1/LON2/DLON/H
   92   87   83   75   74   79   77   75   76   76   77   78   78   78   78   78
   78   78   77   76   76   75   74   73   72   71   71   70   69   68   67   67
   66   66   65   65   64   64   64   63   63   63   63   63   63   63   63   62
   62   62   62   62   62   62   61   61   61   61   61   61   61   61   61   62
   63   63   63   64   60   73   81   82   92                                   
    85.0-180.0 180.0   5.0 450.0                            LAT/LON1/LON2/DLON/H
   86   90   71   76   79   86   82   81   82   82   82   83   83   83   83   82
   81   81   80   78   77   76   75   73   72   71   70   69   68   67   66   66
   65   65   65   64   64   64   65   65   65   65   65   65   65   65   65   65
   65   65   65   65   65   65   65   65   65   65   65   65   65   66   66   67
   68   68   69   74   74   83   94   88   86                                   
    82.5-180.0 180.0   5.0 450.0                            LAT/LON1/LON2/DLON/H
   81   75   84   82   83   91   87   86   89   89   90   90   91   90   90   89
   87   86   84   82   79   77   75   73   71   69   67   65   64   63   62   61
   61   61   61   61   61   62   62   62   63   63   63   64   64   64   64   64
   64   64   64   64   64   64   64   65   65   65   65   66   66   66   67   68
   68   68   69   69   75   71   80   84   81                                   
    80.0-180.0 180.0   5.0 450.0                            LAT/LON1/LON2/DLON/H
   93   84   84   81   85   90   90   91   94   94   95   97   97   96   95   94
   92   89   87   84   81   77   74   71   68   65   63   60   58   57   56   55
   55   55   55   56   56   57   58   58   58   59   59   59   59   59   59   59
   59   59   59   59   59   60   60   60   61   61   62   62   63   63   64   65
   66   65   66   65   81   76   87   98   93                                   
    77.5-180.0 180.0   5.0 450.0                            LAT/LON1/LON2/DLON/H
  103   94   85   90   90   94   95   98  102  102  104  105  105  105  103  101
   99   96   93   89   85   81   78   74   70   66   63   60   58   56   55   55
   55   55   55   56   57   58   58   58   59   59   59   59   58   58   58   58
   58   58   58   58   59   59   60   61   61   62   63   63   64   65   66   66
   67   69   69   70   78   81   86  102  103                                   
    75.0-180.0 180.0   5.0 450.0                            LAT/LON1/LON2/DLON/H
  107   92   90   95   93   99   97  100  105  105  106  107  107  105  103  100
   97   94   90   87   83   79   75   70   66   62   59   56   53   52   51   51
   51   52   53   54   55   56   56   56   56   56   55   55   54   54   53   53
   53   54   54   55   56   57   58   59   61   62   63   64   65   66   67   67
   67   68   70   66   73   85   87  100  107                                   
    72.5-180.0 180.0   5.0 450.0                            LAT/LON1/LON2/DLON/H
   98   89   89   92   90   93   92   96  101  101  103  104  103  102   99   96
   93   89   86   82   79   75   71   66   62   58   54   51   48   47   46   46
   47   48   49   50   50   51   51   50   50   49   48   46   45   45   44   44
   44   45   46   47   49   50   52   54   56   57   59   60   61   63   64   65
   64   65   69   67   70   81   87  103   98                                   
    70.0-180.0 180.0   5.0 450.0                            LAT/LON1/LON2/DLON/H
   97   87   88   93   89   92   91   94   99  100  101  102  101   98   95   92
   88   84   81   78   75   71   67   63   58   54   51   48   45   44   44   44
   45   46   47   48   49   49   48   48   47   45   44   43   42   41   41   41
   41   42   44   46   48   51   53   56   58   61   63   65   66   67   69   70
   68   68   71   70   72   83   87  101   97                                   
    67.5-180.0 180.0   5.0 450.0                            LAT/LON1/LON2/DLON/H
   95   86   87   90   85   86   83   86   92   92   94   95   94   91   87   84
   80   76   73   70   67   64   60   56   52   48   45   42   39   38   38   38
   39   39   40   41   41   41   40   39   38   37   36   35   34   33   33   34
   34   36   37   40   43   46   49   52   56   59   62   64   66   67   69   70
   69   67   71   69   72   82   85  101   95                                   
    65.0-180.0 180.0   5.0 450.0                            LAT/LON1/LON2/DLON/H
   96   85   86   88   81   80   76   79   84   85   88   89   88   86   82   79
   75   72   69   67   64   61   57   53   49   45   41   39   37   35   35   34
   35   35   35   35   34   34   33   32   31   30   30   30   29   29   29   30
   30   32   34   36   39   43   47   51   55   59   62   66   68   71   73   73
   72   70   73   71   75   84   88  104   96                                   
    62.5-180.0 180.0   5.0 450.0                            LAT/LON1/LON2/DLON/H
   99   89   89   89   81   78   72   74   79   80   83   85   85   84   81   78
   75   72   70   68   65   61   57   53   49   45   42   39   37   36   35   34
   34   33   32   31   30   29   29   28   28   28   28   29   29   29   29   29
   29   31   33   35   39   43   47   51   56   61   65   70   73   76   79   80
   78   76   79   77   79   89   92  108   99                                   
    60.0-180.0 180.0   5.0 450.0                            LAT/LON1/LON2/DLON/H
  105   96   96   94   83   77   70   71   75   76   79   82   83   83   81   80
   78   76   74   72   69   64   59   55   51   47   44   42   40   39   37   36
   34   32   31   29   28   27   27   27   27   28   29   30   30   30   30   30
   30   30   32   35   38   42   47   52   57   62   68   73   77   81   84   86
   84   83   85   83   86   95   98  113  105                                   
    57.5-180.0 180.0   5.0 450.0                            LAT/LON1/LON2/DLON/H
  114  107  106  103   90   81   73   72   75   75   77   81   83   84   84   84
   84   83   81   79   74   69   63   58   54   51   48   47   45   44   41   39
   37   34   32   30   29   28   28   29   30   32   33   35   35   34   33   32
   31   31   33   35   38   43   48   53   59   64   70   75   81   85   89   92
   91   90   93   91   94  102  105  121  114                                   
    55.0-180.0 180.0   5.0 450.0                            LAT/LON1/LON2/DLON/H
  125  120  120  115  101   90   81   78   78   76   78   81   83   86   88   89
   91   91   89   86   81   75   68   63   59   56   55   54   52   50   48   44
   41   38   36   34   33   33   33   35   36   38   40   41   41   40   38   36
   35   34   35   37   40   45   50   56   61   67   72   78   83   89   94   97
   98   98  101   99  103  111  115  130  125                                   
    52.5-180.0 180.0   5.0 450.0                            LAT/LON1/LON2/DLON/H
  136  133  133  129  114  103   93   88   86   81   81   83   85   88   92   95
   97   98   96   93   88   81   74   69   65   64   63   62   61   59   55   51
   47   44   42   41   40   41   41   43   45   47   49   50   49   47   44   42
   39   38   39   41   44   49   54   60   65   71   76   81   86   91   97  101
  103  104  109  108  112  120  124  139  136                                   
    50.0-180.0 180.0   5.0 450.0                            LAT/LON1/LON2/DLON/H
  146  144  145  143  129  119  108  102   98   91   88   88   89   93   96  100
  103  104  103  100   94   88   81   77   74   73   73   72   71   68   63   59
   55   52   50   50   50   51   52   53   55   57   59   59   58   55   52   49
   46   45   45   47   51   55   61   67   72   77   81   85   89   94  100  105
  108  110  116  116  120  128  132  147  146                                   
    47.5-180.0 180.0   5.0 450.0                            LAT/LON1/LON2/DLON/H
  152  151  153  154  143  134  125  119  112  103   97   95   96   98  101  105
  107  108  108  106  101   96   90   86   84   84   84   83   80   76   71   66
   62   60   59   60   61   62   63   64   66   67   68   68   66   64   60   57
   55   54   54   56   60   65   71   77   81   85   88   91   95   99  104  110
  113  117  123  123  128  134  138  154  152                                   
    45.0-180.0 180.0   5.0 450.0                            LAT/LON1/LON2/DLON/H
  156  155  156  162  154  148  142  136  128  117  109  105  104  105  108  110
  112  113  113  112  108  104  100   97   96   96   95   93   89   83   77   71
   68   67   68   69   70   71   72   73   74   76   76   76   74   72   69   67
   66   65   65   68   71   77   82   88   92   96   98  100  103  106  111  116
  120  125  131  131  135  141  144  159  156                                   
    42.5-180.0 180.0   5.0 450.0                            LAT/LON1/LON2/DLON/H
  158  156  158  166  162  159  155  151  144  132  123  118  116  115  116  117
  117  118  119  119  117  114  111  109  108  108  107  102   96   88   80   75
   72   72   73   75   77   78   78   79   80   82   83   83   82   80   78   77
   77   77   78   80   83   88   93   98  103  106  109  112  114  117  121  126
  130  135  141  141  143  147  150  164  158                                   
    40.0-180.0 180.0   5.0 450.0                            LAT/LON1/LON2/DLON/H
  161  157  159  168  167  166  164  162  156  145  137  132  129  128  127  126
  125  126  127  128  127  125  123  121  121  119  116  109   99   89   81   75
   73   74   76   78   80   81   81   83   85   87   88   89   88   87   87   87
   88   88   88   89   92   96  102  107  112  116  120  123  126  129  133  138
  142  147  153  153  153  156  158  171  161                                   
    37.5-180.0 180.0   5.0 450.0                            LAT/LON1/LON2/DLON/H
  169  164  163  170  171  171  170  169  165  156  149  146  144  142  140  137
  136  136  137  138  138  136  134  132  130  127  122  112  100   88   79   74
   72   74   76   79   80   81   83   84   87   91   93   94   93   93   93   94
   95   95   95   95   97  101  107  113  119  125  130  134  138  142  147  151
  156  160  167  167  167  169  169  181  169                                   
    35.0-180.0 180.0   5.0 450.0                            LAT/LON1/LON2/DLON/H
  183  178  175  177  177  176  174  174  172  165  160  159  158  156  154  151
  148  148  149  150  148  145  141  138  135  131  123  111   98   85   76   71
   71   73   76   78   80   81   83   86   90   94   97   98   97   96   96   97
   97   97   96   95   97  101  108  116  123  130  137  143  149  154  160  165
  170  175  183  183  184  186  187  197  183                                   
    32.5-180.0 180.0   5.0 450.0                            LAT/LON1/LON2/DLON/H
  205  202  196  192  189  185  181  179  178  173  171  171  172  171  168  165
  162  161  161  159  156  150  144  139  134  129  120  107   94   82   73   70
   71   74   77   79   80   82   84   88   93   98  101  101   99   97   96   95
   95   94   92   91   93   99  107  116  124  132  140  148  156  164  171  178
  183  190  199  201  204  207  210  219  205                                   
    30.0-180.0 180.0   5.0 450.0                            LAT/LON1/LON2/DLON/H
  236  237  228  218  210  202  194  190  189  185  183  185  185  185  182  179
  176  174  171  166  159  150  141  135  129  123  114  102   90   79   73   72
   74   77   79   81   82   84   88   92   98  103  105  104  100   95   92   91
   89   87   85   84   87   94  104  114  124  132  140  150  160  170  180  189
  196  205  216  220  227  234  238  248  236                                   
    27.5-180.0 180.0   5.0 450.0                            LAT/LON1/LON2/DLON/H
  273  280  268  254  242  229  218  211  208  203  202  202  202  200  197  193
  188  184  177  168  157  145  135  127  121  115  107   98   88   80   76   76
   79   82   84   85   86   89   93   99  104  108  109  106  100   93   88   84
   82   79   77   77   81   90  101  113  123  131  139  149  161  174  187  198
  208  219  234  241  252  264  270  281  273                                   
    25.0-180.0 180.0   5.0 450.0                            LAT/LON1/LON2/DLON/H
  314  326  313  297  283  267  254  243  237  231  228  226  224  220  214  208
  201  192  180  166  151  138  127  119  114  109  103   96   89   84   82   84
   87   89   90   91   93   97  102  107  112  114  112  106   98   90   83   78
   75   72   70   71   77   88  101  113  123  130  138  148  162  177  193  208
  221  235  253  263  279  295  303  315  314                                   
    22.5-180.0 180.0   5.0 450.0                            LAT/LON1/LON2/DLON/H
  351  371  359  345  330  314  300  287  279  271  265  260  253  245  236  226
  214  199  182  163  146  132  122  115  111  107  102   97   93   90   90   92
   95   96   97   99  103  108  113  117  119  118  114  106   97   87   79   74
   71   68   67   68   75   87  101  114  124  131  138  149  164  182  201  219
  235  253  274  287  306  325  335  348  351                                   
    20.0-180.0 180.0   5.0 450.0                            LAT/LON1/LON2/DLON/H
  382  408  401  391  379  366  352  340  331  321  313  303  292  279  265  249
  230  208  185  162  144  131  123  118  114  110  106  103  100   98  100  102
  104  106  107  111  116  121  125  127  126  122  115  106   96   86   78   73
   69   66   65   67   74   87  101  115  125  133  141  152  169  190  211  233
  252  274  297  312  333  354  364  378  382                                   
    17.5-180.0 180.0   5.0 450.0                            LAT/LON1/LON2/DLON/H
  406  436  434  430  423  415  406  396  388  379  368  355  339  321  302  279
  252  222  192  167  150  139  133  128  124  119  114  110  108  109  111  114
  117  119  122  126  131  135  136  135  130  124  115  106   96   86   79   73
   69   67   65   67   74   86  100  114  126  135  145  159  178  201  226  250
  273  296  321  339  360  380  390  404  406                                   
    15.0-180.0 180.0   5.0 450.0                            LAT/LON1/LON2/DLON/H
  423  454  457  460  459  457  454  449  444  436  425  410  392  370  346  316
  280  242  207  180  163  155  150  145  138  131  124  120  119  121  125  129
  133  136  139  143  146  147  146  141  133  125  115  106   97   88   81   75
   71   68   66   67   73   84   99  113  126  138  150  167  190  216  244  270
  295  321  346  364  385  402  412  426  423                                   
    12.5-180.0 180.0   5.0 450.0                            LAT/LON1/LON2/DLON/H
  436  467  471  478  485  488  491  491  490  485  476  462  444  422  394  358
  315  269  229  200  184  176  170  163  153  143  135  132  132  136  141  146
  151  155  158  159  159  157  152  144  134  124  114  106   97   90   83   77
   72   68   66   66   71   81   96  111  126  140  156  177  203  233  263  292
  318  344  370  388  407  421  431  443  436                                   
    10.0-180.0 180.0   5.0 450.0                            LAT/LON1/LON2/DLON/H
  449  477  481  489  500  508  515  518  520  518  512  502  487  468  440  401
  352  300  255  225  207  197  189  179  167  155  147  145  147  151  157  163
  168  172  174  173  169  163  154  143  132  122  113  105   97   90   83   77
   71   67   64   64   68   77   91  108  125  142  162  186  216  248  280  310
  337  364  389  407  424  436  447  458  449                                   
     7.5-180.0 180.0   5.0 450.0                            LAT/LON1/LON2/DLON/H
  463  487  489  495  508  516  524  529  532  532  529  524  516  501  476  438
  387  331  283  249  227  214  203  190  178  167  161  159  161  165  171  177
