data/edconvlstm_nd/pred1840.15i
     1.0            IONOSPHERE MAPS     GNSS                IONEX VERSION / TYPE
pyspatialgeodesy        IME             05-JAN-18 20:20     PGM / RUN BY / DATE 
Map Name                                                    COMMENT             
Predicted global ionosphere maps (GIM).                     DESCRIPTION         
  2015     7     3     0     0     0                        EPOCH OF FIRST MAP  
  2015     7     4     0     0     0                        EPOCH OF LAST MAP   
  7200                                                      INTERVAL            
    13                                                      # OF MAPS IN FILE   
  NONE                                                      MAPPING FUNCTION    
10.0                                                        ELEVATION CUTOFF    
One-way carrier phase leveled to code                       OBSERVABLES USED    
  6371.0                                                    BASE RADIUS         
 2                                                          MAP DIMENSION       
   450.0 450.0   0.0                                        HGT1 / HGT2 / DHGT  
    87.5 -87.5  -2.5                                        LAT1 / LAT2 / DLAT  
  -180.0 180.0   5.0                                        LON1 / LON2 / DLON  
    -1                                                      EXPONENT            
                                                            END OF HEADER       
[from data line 858]
     3                                                      START OF TEC MAP    
  2015     7     3     4     0     0                        EPOCH OF CURRENT MAP
    87.5-180.0 180.0   5.0 450.0                            LAT/LON1/LON2/DLON/H
  161  161  161  164  165  162  160  158  159  160  161  161  162  162  162  162
  163  162  162  162  162  161  160  160  159  158  157  156  156  155  154  153
  153  152  151  150  149  149  148  147  147  146  146  146  146  146  146  146
  147  147  148  148  148  149  149  149  150  150  150  150  150  150  150  151
  152  154  154  154  158  158  158  152  161                                   
    85.0-180.0 180.0   5.0 450.0                            LAT/LON1/LON2/DLON/H
  165  171  163  168  171  169  170  169  170  170  171  171  172  172  173  173
  173  173  173  173  172  172  171  170  170  169  168  167  166  165  164  164
  163  162  161  160  159  158  157  156  155  154  154  154  154  154  154  154
  155  155  156  157  157  158  159  159  159  160  160  161  161  161  161  162
  163  165  163  166  161  162  161  156  165                                   
    82.5-180.0 180.0   5.0 450.0                            LAT/LON1/LON2/DLON/H
  172  172  172  168  169  169  170  170  171  172  171  172  173  173  174  174
  174  174  174  173  173  172  171  170  169  168  167  166  165  165  164  163
  162  161  160  158  157  156  155  154  153  152  151  151  151  152  152  153
  154  155  156  157  158  159  160  161  161  162  162  163  163  163  163  164
  164  165  163  166  169  162  160  152  172                                   
    80.0-180.0 180.0   5.0 450.0                            LAT/LON1/LON2/DLON/H
  171  172  164  164  165  166  168  169  170  170  170  171  171  172  172  172
  172  172  172  171  170  169  168  167  166  165  164  163  162  161  161  160
  160  159  158  157  156  155  154  152  151  151  150  151  151  152  153  155
  156  158  159  161  162  163  164  165  165  166  166  166  166  165  165  166
  166  165  162  165  170  166  169  154  171                                   
    77.5-180.0 180.0   5.0 450.0                            LAT/LON1/LON2/DLON/H
  168  167  162  163  161  164  167  168  169  168  168  168  169  168  169  169
  168  168  168  167  166  165  164  162  161  159  158  157  157  157  158  158
  159  159  159  159  158  157  156  155  154  154  154  154  155  157  159  161
  163  166  168  169  171  172  172  173  173  173  173  172  172  171  170  170
  168  168  163  166  170  165  164  157  168                                   
    75.0-180.0 180.0   5.0 450.0                            LAT/LON1/LON2/DLON/H
  161  163  156  159  157  160  163  163  164  164  163  163  163  162  162  162
  162  161  161  160  159  157  155  153  151  149  148  147  148  149  151  153
  155  157  158  158  158  158  157  156  155  155  156  157  159  161  164  167
  170  172  174  176  177  177  177  177  177  176  175  175  173  172  171  170
  168  167  163  160  163  160  159  156  161                                   
    72.5-180.0 180.0   5.0 450.0                            LAT/LON1/LON2/DLON/H
  155  160  155  156  156  158  162  163  164  163  162  162  161  160  159  159
  158  158  157  156  154  152  149  146  143  141  140  140  142  144  148  151
  155  159  162  163  164  164  164  163  163  163  164  166  169  172  176  179
  182  184  185  186  186  185  184  183  182  180  179  178  177  175  174  173
  171  169  166  164  163  158  156  154  155                                   
    70.0-180.0 180.0   5.0 450.0                            LAT/LON1/LON2/DLON/H
  155  155  152  153  151  154  157  159  160  160  159  159  158  156  155  154
  153  152  151  149  147  144  141  137  133  130  129  129  132  136  141  146
  152  157  161  164  166  166  166  166  166  167  169  171  175  179  182  186
  188  189  190  189  187  185  183  180  179  177  176  175  174  172  171  171
  169  167  164  162  162  158  158  155  155                                   
    67.5-180.0 180.0   5.0 450.0                            LAT/LON1/LON2/DLON/H
  151  152  148  148  147  149  152  154  156  156  155  155  154  153  151  149
  148  147  145  143  141  137  132  128  123  120  119  119  122  127  133  140
  147  153  158  162  164  165  165  166  167  168  171  174  178  182  186  189
  190  190  189  186  183  180  176  173  171  169  168  168  167  166  166  166
  165  163  160  159  159  155  156  154  151                                   
    65.0-180.0 180.0   5.0 450.0                            LAT/LON1/LON2/DLON/H
  150  150  146  146  143  145  148  150  152  153  153  154  153  151  150  148
  146  144  142  139  136  132  126  121  116  113  111  112  116  121  128  135
  143  150  155  159  162  163  164  166  167  170  174  178  182  186  189  191
  191  190  187  183  178  173  169  166  163  162  162  162  162  161  161  162
  161  160  158  157  159  156  158  157  150                                   
    62.5-180.0 180.0   5.0 450.0                            LAT/LON1/LON2/DLON/H
  152  153  148  147  143  144  146  147  149  150  151  153  152  151  149  147
  144  142  139  136  133  128  122  117  112  109  108  109  113  118  124  131
  138  145  150  154  158  160  162  165  168  172  177  182  186  190  192  192
  191  188  183  178  173  168  163  160  158  157  157  158  159  159  159  160
  159  159  158  158  160  158  161  162  152                                   
    60.0-180.0 180.0   5.0 450.0                            LAT/LON1/LON2/DLON/H
  157  158  153  150  146  145  145  145  146  147  148  150  150  150  148  145
  142  139  136  133  129  124  118  113  109  106  106  108  111  116  121  127
  132  138  142  147  150  154  158  162  167  173  179  184  189  191  192  191
  188  185  180  175  170  165  161  158  157  157  157  158  159  159  159  159
  159  159  159  160  162  162  166  167  157                                   
    57.5-180.0 180.0   5.0 450.0                            LAT/LON1/LON2/DLON/H
  166  168  163  159  153  151  149  146  145  144  145  147  148  147  146  143
  140  136  133  129  125  121  116  111  108  106  107  109  112  116  120  123
  126  129  133  138  142  148  154  160  167  174  181  187  191  193  192  190
  187  183  179  175  171  167  164  163  162  162  163  163  163  163  162  161
  161  161  162  164  167  167  172  173  166                                   
    55.0-180.0 180.0   5.0 450.0                            LAT/LON1/LON2/DLON/H
  177  179  175  171  165  161  156  150  147  143  142  143  144  143  142  139
  136  132  129  125  122  118  114  110  108  108  110  112  115  117  118  119
  119  121  124  128  134  141  149  158  167  175  183  189  193  194  193  190
  187  184  182  179  177  175  173  172  172  172  172  172  171  169  167  166
  165  165  166  169  173  174  179  180  177                                   
    52.5-180.0 180.0   5.0 450.0                            LAT/LON1/LON2/DLON/H
  190  192  190  187  181  175  168  159  152  146  142  141  141  140  138  135
  132  128  125  122  119  116  113  111  111  112  114  117  119  119  118  115
  113  113  115  120  128  136  146  157  167  176  185  190  194  195  193  191
  189  188  188  188  188  187  186  185  185  185  184  183  181  177  174  172
  170  170  171  175  179  181  185  186  190                                   
    50.0-180.0 180.0   5.0 450.0                            LAT/LON1/LON2/DLON/H
  201  204  203  202  198  192  184  172  162  152  145  142  140  138  135  132
  128  125  123  120  118  117  115  115  116  118  121  123  124  122  118  114
  110  108  110  115  123  134  145  156  167  177  186  191  195  196  195  195
  195  196  198  200  202  202  201  200  199  198  196  194  191  186  182  179
  177  177  178  182  186  187  192  192  201                                   
    47.5-180.0 180.0   5.0 450.0                            LAT/LON1/LON2/DLON/H
  209  213  214  215  213  208  200  187  175  162  153  147  143  139  135  131
  127  124  122  121  120  119  119  120  122  125  128  130  129  126  121  115
  110  107  109  114  122  133  145  156  168  178  186  192  195  197  198  200
  202  206  210  214  216  217  216  214  212  210  207  204  200  195  190  188
  186  186  187  190  194  195  198  197  209                                   
    45.0-180.0 180.0   5.0 450.0                            LAT/LON1/LON2/DLON/H
  214  218  220  223  224  220  213  201  188  175  164  156  150  143  138  132
  127  124  123  122  123  124  125  127  129  133  135  137  136  131  125  119
  113  110  111  116  124  134  145  157  168  177  185  191  196  199  202  206
  211  217  222  227  230  230  228  226  223  220  217  213  208  204  200  198
  196  196  197  200  203  203  205  203  214                                   
    42.5-180.0 180.0   5.0 450.0                            LAT/LON1/LON2/DLON/H
  217  220  221  225  228  227  222  212  201  188  177  168  160  152  144  136
  130  126  125  125  126  128  131  134  137  141  143  144  142  138  132  126
  121  118  118  121  128  136  147  158  168  177  185  191  197  202  207  213
  220  227  234  239  241  241  239  236  233  230  227  223  219  215  212  211
  209  210  210  212  214  213  214  211  217                                   
    40.0-180.0 180.0   5.0 450.0                            LAT/LON1/LON2/DLON/H
  220  220  220  223  227  227  225  218  210  199  190  182  172  162  152  142
  134  129  127  128  130  133  137  141  145  149  151  151  149  145  140  136
  132  129  128  129  133  140  149  159  169  177  184  191  198  205  212  220
  229  236  243  248  250  249  248  246  244  242  239  236  233  230  228  228
  227  227  227  228  228  226  226  223  220                                   
    37.5-180.0 180.0   5.0 450.0                            LAT/LON1/LON2/DLON/H
  226  224  222  221  224  223  223  220  215  208  201  194  185  174  161  149
  139  133  129  129  132  137  142  148  153  157  159  158  156  153  150  147
  144  141  138  137  139  144  151  160  169  177  184  191  198  207  217  226
  235  243  250  254  257  258  259  259  258  258  257  255  252  250  250  250
  249  249  248  247  246  243  243  238  226                                   
    35.0-180.0 180.0   5.0 450.0                            LAT/LON1/LON2/DLON/H
  240  234  229  224  223  221  221  219  218  214  210  205  196  184  170  156
  144  135  131  130  133  139  147  154  160  164  166  165  163  161  158  157
  155  152  148  145  144  146  152  160  169  176  183  190  199  209  220  230
  240  248  255  260  265  269  272  275  278  279  280  279  277  277  276  277
  275  274  272  270  268  264  264  259  240                                   
    32.5-180.0 180.0   5.0 450.0                            LAT/LON1/LON2/DLON/H
  262  253  246  236  231  225  223  221  221  219  217  213  206  193  178  161
  147  136  131  130  134  141  151  160  167  172  173  172  169  166  165  164
  162  159  154  149  146  146  151  159  167  175  182  189  198  209  221  232
  242  251  259  267  274  282  289  296  301  305  307  307  307  306  306  306
  304  302  299  295  293  290  289  284  262                                   
    30.0-180.0 180.0   5.0 450.0                            LAT/LON1/LON2/DLON/H
  293  284  274  259  251  240  235  231  229  227  224  221  213  200  184  165
  149  137  130  129  134  144  156  167  175  179  179  177  173  169  167  166
  165  161  156  149  144  143  147  154  163  170  178  185  195  207  220  232
  243  252  262  273  285  298  309  319  327  332  335  336  336  336  337  336
  333  329  325  320  318  316  316  312  293                                   
    27.5-180.0 180.0   5.0 450.0                            LAT/LON1/LON2/DLON/H
  329  322  311  295  283  269  259  250  245  239  234  229  220  206  188  168
  150  137  129  129  136  147  161  174  182  186  184  180  174  169  165  163
  160  157  151  144  138  136  139  146  154  163  171  179  190  203  217  230
  242  254  267  281  298  314  328  340  350  356  359  361  362  363  363  362
  358  353  349  344  342  342  342  339  329                                   
    25.0-180.0 180.0   5.0 450.0                            LAT/LON1/LON2/DLON/H
  366  362  353  337  324  308  294  280  269  258  249  240  228  213  193  172
  152  138  130  131  139  152  168  181  189  191  187  180  171  163  157  153
  150  146  140  133  128  125  128  134  142  151  160  171  184  199  214  228
  242  256  272  290  310  329  345  357  366  372  376  378  380  382  383  383
  379  374  369  364  363  364  364  362  366                                   
    22.5-180.0 180.0   5.0 450.0                            LAT/LON1/LON2/DLON/H
  396  398  390  378  368  352  335  317  300  283  267  253  238  220  199  176
  156  141  134  135  144  159  175  188  194  193  186  176  164  154  145  138
  134  130  125  119  115  112  113  118  126  136  148  162  177  194  211  228
  244  261  279  300  321  340  355  366  373  379  383  387  390  394  397  398
  395  391  386  381  379  381  381  380  396                                   
    20.0-180.0 180.0   5.0 450.0                            LAT/LON1/LON2/DLON/H
  415  421  418  410  404  391  373  354  332  309  288  269  250  229  206  183
  162  147  140  142  152  166  182  192  195  190  179  167  153  140  129  121
  116  112  109  105  101   98   98  102  110  121  136  153  172  191  211  230
  248  267  287  309  330  346  359  367  373  378  383  388  394  400  406  409
  407  403  399  394  391  393  391  391  415                                   
    17.5-180.0 180.0   5.0 450.0                            LAT/LON1/LON2/DLON/H
  420  430  429  426  425  416  400  381  358  332  306  283  261  239  215  192
  172  157  150  151  160  173  186  193  191  182  168  153  138  124  112  104
   99   96   94   91   88   85   84   87   94  107  125  146  168  190  212  233
  253  274  296  317  335  348  357  363  368  373  380  387  395  404  411  417
  417  414  410  404  400  399  397  396  420                                   
    15.0-180.0 180.0   5.0 450.0                            LAT/LON1/LON2/DLON/H
  415  424  426  425  428  422  409  394  373  346  319  294  271  248  225  202
  183  169  162  162  168  178  186  188  181  168  152  136  122  109   98   90
   85   83   81   79   77   74   72   74   82   96  117  141  166  191  215  237
  259  281  302  321  337  347  352  357  362  369  377  387  397  408  417  424
  425  423  419  412  406  402  399  398  415                                   
    12.5-180.0 180.0   5.0 450.0                            LAT/LON1/LON2/DLON/H
  404  411  413  411  415  410  401  390  372  348  322  298  275  253  232  211
  193  180  173  171  174  179  181  178  167  150  133  118  105   95   86   80
   76   73   71   69   67   64   62   65   73   89  112  138  166  192  217  241
  263  285  305  323  336  343  348  352  359  369  380  392  404  415  425  432
  433  431  427  419  411  404  400  398  404                                   
    10.0-180.0 180.0   5.0 450.0                            LAT/LON1/LON2/DLON/H
  395  398  396  390  392  388  380  372  358  338  315  293  273  254  235  217
  201  189  181  177  175  175  172  163  148  130  114  101   91   84   78   74
   70   67   65   62   59   56   56   59   68   85  109  136  165  192  217  241
  264  285  305  321  333  340  346  353  363  376  390  403  415  425  434  440
  441  438  434  425  416  406  402  399  395                                   
     7.5-180.0 180.0   5.0 450.0                            LAT/LON1/LON2/DLON/H
  393  390  384  373  370  363  355  349  338  321  301  283  265  249  233  218
  205  194  185  178  172  166  158  145  128  111   97   87   81   77   74   71
