data/edconvlstm_nd/pred2260.15i
     1.0            IONOSPHERE MAPS     GNSS                IONEX VERSION / TYPE
pyspatialgeodesy        IME             05-JAN-18 20:20     PGM / RUN BY / DATE 
Map Name                                                    COMMENT             
Predicted global ionosphere maps (GIM).                     DESCRIPTION         
  2015     8    14     0     0     0                        EPOCH OF FIRST MAP  
  2015     8    15     0     0     0                        EPOCH OF LAST MAP   
  7200                                                      INTERVAL            
    13                                                      # OF MAPS IN FILE   
  NONE                                                      MAPPING FUNCTION    
10.0                                                        ELEVATION CUTOFF    
One-way carrier phase leveled to code                       OBSERVABLES USED    
  6371.0                                                    BASE RADIUS         
 2                                                          MAP DIMENSION       
   450.0 450.0   0.0                                        HGT1 / HGT2 / DHGT  
    87.5 -87.5  -2.5                                        LAT1 / LAT2 / DLAT  
  -180.0 180.0   5.0                                        LON1 / LON2 / DLON  
    -1                                                      EXPONENT            
                                                            END OF HEADER       
[from data line 1287]
     4                                                      START OF TEC MAP    
  2015     8    14     6     0     0                        EPOCH OF CURRENT MAP
    87.5-180.0 180.0   5.0 450.0                            LAT/LON1/LON2/DLON/H
  100  103  101  106  106  105  103  100  100  101  101  101  101  100  100   99
   98   97   97   96   95   93   92   91   90   89   89   88   87   86   86   86
   85   85   85   85   85   85   85   85   86   86   87   88   89   90   91   92
   93   94   95   95   96   96   97   97   97   97   97   97   96   96   96   96
   97   98   97   96  102  104  109  104  100                                   
    85.0-180.0 180.0   5.0 450.0                            LAT/LON1/LON2/DLON/H
   98  110  108  109  111  112  111  111  111  112  111  111  111  111  110  109
  108  107  106  105  103  102  101  100   98   97   97   96   95   94   94   94
   93   93   93   93   94   94   95   95   96   97   99  100  101  103  105  106
  108  109  110  111  112  113  113  114  114  114  113  113  112  111  110  110
  111  112  108  108  105  107  111  106   98                                   
    82.5-180.0 180.0   5.0 450.0                            LAT/LON1/LON2/DLON/H
  104  109  114  110  110  112  112  111  112  113  113  113  113  112  112  110
  109  107  105  103  101   99   98   96   94   93   92   91   90   90   90   90
   90   90   90   90   91   92   93   94   96   97  100  102  105  107  110  113
  116  118  120  122  123  125  125  125  125  125  124  123  122  121  119  118
  118  117  112  111  113  107  101   96  104                                   
    80.0-180.0 180.0   5.0 450.0                            LAT/LON1/LON2/DLON/H
  107  106  104  103  105  105  106  107  108  110  109  110  110  110  109  107
  105  103  100   98   95   92   90   88   86   84   83   83   83   82   83   83
   83   84   84   85   86   87   88   90   92   95   98  101  105  109  113  117
  121  124  127  130  132  133  134  134  133  132  131  129  128  126  123  122
  120  117  113  112  112  108  107   96  107                                   
    77.5-180.0 180.0   5.0 450.0                            LAT/LON1/LON2/DLON/H
  105  101   97   99   97  100  102  103  105  106  106  108  108  107  106  104
  102   99   96   93   89   86   83   81   79   77   76   76   76   77   78   79
   80   81   82   83   84   85   86   88   91   94   98  102  107  113  118  124
  129  133  137  140  142  144  144  144  143  142  140  137  135  132  129  127
  124  121  114  113  110  102   99   96  105                                   
    75.0-180.0 180.0   5.0 450.0                            LAT/LON1/LON2/DLON/H
   96   94   87   89   87   91   93   93   95   97   97   98   99   98   97   95
   93   89   86   82   78   74   71   68   66   65   65   65   66   68   70   72
   74   75   77   78   79   80   81   83   85   89   93   98  104  111  117  123
  129  134  138  141  144  145  145  144  143  141  139  137  134  132  129  126
  123  119  114  107  105   98   96   93   96                                   
    72.5-180.0 180.0   5.0 450.0                            LAT/LON1/LON2/DLON/H
   92   91   85   85   84   87   89   89   91   92   93   94   95   94   93   91
   89   85   81   77   72   68   65   62   60   59   59   61   63   66   69   72
   75   78   79   81   81   82   83   85   87   91   96  102  109  116  123  130
  136  140  144  147  149  149  149  148  147  145  142  140  138  135  133  132
  129  126  121  116  109  102   97   95   92                                   
    70.0-180.0 180.0   5.0 450.0                            LAT/LON1/LON2/DLON/H
   95   91   85   83   80   80   81   80   82   83   83   85   86   86   85   83
   81   77   73   68   64   60   56   53   52   51   52   54   57   60   65   69
   73   76   79   80   80   81   82   83   86   90   96  103  110  118  125  132
  137  141  144  146  147  147  147  145  144  142  140  138  136  135  134  133
  132  129  125  120  114  107  104  101   95                                   
    67.5-180.0 180.0   5.0 450.0                            LAT/LON1/LON2/DLON/H
   95   92   85   81   77   75   74   72   72   73   73   76   77   77   77   75
   72   69   65   60   56   52   49   46   44   44   45   47   50   55   59   64
   69   72   75   76   77   77   78   80   83   88   94  102  110  117  124  130
  134  137  139  140  140  140  139  137  136  134  133  132  131  131  131  131
  131  129  127  123  118  112  107  105   95                                   
    65.0-180.0 180.0   5.0 450.0                            LAT/LON1/LON2/DLON/H
  100   96   88   83   76   73   69   66   66   65   65   68   69   70   70   69
   67   63   59   55   51   47   44   42   41   40   41   43   46   51   56   61
   65   69   72   73   74   75   76   79   83   89   96  105  113  120  126  131
  134  135  136  136  135  135  134  133  132  131  130  130  130  130  131  132
  133  132  130  127  124  119  116  113  100                                   
    62.5-180.0 180.0   5.0 450.0                            LAT/LON1/LON2/DLON/H
  106  104   95   88   80   74   68   63   61   59   59   61   63   64   65   64
   62   58   55   51   47   44   41   40   39   39   40   41   44   48   52   57
   61   65   68   70   71   73   75   79   84   91  100  109  117  124  129  132
  134  134  133  132  132  131  131  131  130  130  130  130  130  131  132  134
  134  134  133  131  128  125  123  121  106                                   
    60.0-180.0 180.0   5.0 450.0                            LAT/LON1/LON2/DLON/H
  114  112  103   95   85   78   70   62   57   54   53   55   56   58   58   58
   56   53   50   46   43   41   39   38   38   38   39   40   42   45   48   52
   56   60   63   65   67   70   73   78   85   94  104  113  122  128  132  134
  134  133  131  130  130  130  130  130  131  131  131  131  132  132  133  134
  135  134  134  133  131  129  128  126  114                                   
    57.5-180.0 180.0   5.0 450.0                            LAT/LON1/LON2/DLON/H
  123  123  115  106   96   87   76   66   58   52   49   50   51   52   53   53
   52   49   46   43   40   38   37   37   38   39   40   41   42   44   47   49
   53   56   59   62   66   69   74   81   89   99  110  120  128  134  137  138
  137  136  134  133  133  133  134  135  136  136  136  136  136  136  136  136
  136  136  135  134  134  133  134  133  123                                   
    55.0-180.0 180.0   5.0 450.0                            LAT/LON1/LON2/DLON/H
  132  134  128  120  110  100   88   74   63   54   48   46   46   47   48   49
   48   46   43   40   38   36   36   37   38   40   41   43   44   45   47   48
   51   54   57   62   66   71   77   85   95  105  117  127  136  142  145  145
  144  142  140  139  140  140  142  143  143  143  143  142  141  140  139  139
  139  137  137  136  136  137  139  138  132                                   
    52.5-180.0 180.0   5.0 450.0                            LAT/LON1/LON2/DLON/H
  141  145  141  135  126  116  104   87   73   60   50   46   43   43   44   45
   45   43   41   39   37   36   36   38   40   42   45   46   48   48   49   50
   52   55   59   64   69   76   83   92  102  113  125  136  145  151  154  154
  154  152  151  150  150  151  152  152  152  152  150  149  148  146  144  144
  142  141  140  138  139  141  143  143  141                                   
    50.0-180.0 180.0   5.0 450.0                            LAT/LON1/LON2/DLON/H
  148  154  153  149  143  135  122  104   87   70   57   48   43   42   42   43
   43   43   41   40   38   38   39   41   43   46   49   51   53   53   53   54
   55   58   63   69   75   83   91  100  111  122  135  146  155  161  165  167
  167  166  165  164  164  164  163  163  161  160  158  156  154  152  150  150
  148  146  145  144  144  146  148  148  148                                   
    47.5-180.0 180.0   5.0 450.0                            LAT/LON1/LON2/DLON/H
  154  160  160  160  157  151  140  123  104   84   67   55   47   43   42   43
   44   45   45   44   43   43   44   46   49   51   54   57   58   59   59   59
   60   63   68   75   83   91  100  109  120  132  144  155  165  172  177  180
  182  182  181  180  179  177  175  173  170  167  164  162  160  159  157  157
  155  154  152  150  150  151  153  153  154                                   
    45.0-180.0 180.0   5.0 450.0                            LAT/LON1/LON2/DLON/H
  155  161  163  166  165  162  154  138  120   99   80   65   53   47   45   46
   48   50   51   52   53   53   54   55   56   58   60   63   64   65   65   65
   66   69   75   83   91  100  109  118  129  140  153  165  175  183  190  194
  197  198  198  196  194  191  187  183  179  174  171  168  167  166  165  165
  164  163  161  159  158  157  158  157  155                                   
    42.5-180.0 180.0   5.0 450.0                            LAT/LON1/LON2/DLON/H
  154  158  160  164  166  166  160  148  133  113   93   77   63   55   51   51
   54   57   60   63   64   65   66   66   66   66   67   68   70   71   71   71
   72   76   82   90   99  108  117  126  137  148  161  173  184  194  201  207
  211  213  213  212  209  205  200  195  189  184  179  177  176  175  175  175
  174  173  171  169  167  164  163  161  154                                   
    40.0-180.0 180.0   5.0 450.0                            LAT/LON1/LON2/DLON/H
  151  152  153  157  160  161  159  151  139  123  105   89   75   65   60   59
   61   65   70   74   77   79   80   79   77   75   74   74   75   76   77   77
   78   81   87   96  105  114  123  133  143  155  168  181  192  202  211  218
  223  225  226  225  223  219  215  209  203  197  193  190  189  188  187  187
  186  184  182  180  177  172  169  166  151                                   
    37.5-180.0 180.0   5.0 450.0                            LAT/LON1/LON2/DLON/H
  152  147  145  147  148  149  149  146  139  128  114  100   87   76   69   67
   69   73   79   85   89   92   93   92   88   84   81   80   80   81   82   82
   83   86   92  101  110  120  129  139  149  162  175  187  199  209  218  226
  232  235  237  238  237  236  233  228  223  217  212  209  208  206  204  203
  200  197  195  191  188  182  178  173  152                                   
    35.0-180.0 180.0   5.0 450.0                            LAT/LON1/LON2/DLON/H
  158  148  142  138  136  134  135  135  133  127  118  109   97   86   79   75
   75   79   86   93   99  104  106  105  100   95   89   86   86   86   87   87
   88   91   97  105  115  124  134  144  155  168  181  194  205  215  224  232
  238  244  247  251  253  255  255  253  249  243  239  235  232  229  226  222
  217  213  209  205  202  196  192  186  158                                   
    32.5-180.0 180.0   5.0 450.0                            LAT/LON1/LON2/DLON/H
  174  158  148  136  128  122  120  121  123  122  119  114  105   95   87   82
   81   84   90   98  107  113  117  117  113  106   99   94   92   92   92   92
   93   95  101  109  118  128  138  149  161  174  187  199  210  220  228  237
  244  251  257  264  272  278  282  283  280  275  270  266  262  257  251  244
  237  231  226  222  220  215  212  205  174                                   
    30.0-180.0 180.0   5.0 450.0                            LAT/LON1/LON2/DLON/H
  201  181  166  146  130  116  111  110  114  117  118  117  111  102   94   88
   85   87   93  102  112  120  126  128  124  117  109  103   99   98   97   97
   97   99  104  112  121  132  142  154  166  180  193  205  215  224  233  241
  249  258  268  279  291  303  311  315  314  309  304  299  294  287  279  270
  260  252  246  242  243  240  239  231  201                                   
    27.5-180.0 180.0   5.0 450.0                            LAT/LON1/LON2/DLON/H
  239  216  197  168  145  123  111  107  109  113  117  118  115  108  100   93
   90   90   96  105  116  126  134  137  134  128  119  111  106  103  101  100
  100  101  105  113  123  134  146  158  171  185  199  211  220  229  237  246
  255  265  278  293  310  326  339  346  346  342  337  331  325  318  308  297
  285  276  270  266  269  270  271  263  239                                   
    25.0-180.0 180.0   5.0 450.0                            LAT/LON1/LON2/DLON/H
  284  259  237  203  172  143  124  114  112  114  118  120  118  113  105   99
   94   94   99  108  119  131  140  144  143  136  128  119  112  107  104  101
  100  100  104  112  123  135  148  161  175  190  204  216  225  234  242  251
  262  274  288  306  327  348  364  373  374  371  365  360  354  346  336  325
  312  303  297  293  298  304  305  298  284                                   
    22.5-180.0 180.0   5.0 450.0                            LAT/LON1/LON2/DLON/H
  327  305  281  244  208  174  148  132  124  123  124  125  123  118  112  105
  101  100  104  112  123  135  144  149  148  142  133  123  115  108  103   99
   97   97  100  109  121  134  148  163  178  194  208  221  231  239  248  259
  270  283  300  320  343  366  384  394  396  393  388  384  379  372  363  352
  340  331  325  321  327  336  337  331  327                                   
    20.0-180.0 180.0   5.0 450.0                            LAT/LON1/LON2/DLON/H
  363  344  319  283  247  210  179  158  145  138  135  133  130  126  120  115
  110  109  111  118  128  139  147  151  150  144  134  124  114  106   99   94
   90   89   93  102  115  131  147  163  180  197  212  226  236  246  256  267
  280  295  312  334  358  382  401  411  414  411  408  404  401  395  388  379
  369  360  355  350  355  365  365  359  363                                   
    17.5-180.0 180.0   5.0 450.0                            LAT/LON1/LON2/DLON/H
  385  370  347  315  282  245  211  187  169  157  150  145  140  135  131  126
  122  120  121  126  134  142  148  150  147  140  130  119  108   99   91   85
   81   80   84   94  109  126  144  162  180  199  215  230  242  252  264  277
  292  308  327  348  373  397  415  426  429  427  425  424  422  418  412  405
  396  389  383  377  380  388  386  379  385                                   
    15.0-180.0 180.0   5.0 450.0                            LAT/LON1/LON2/DLON/H
  394  381  361  334  306  272  239  214  194  178  167  159  152  147  143  140
  137  134  133  135  140  145  147  146  141  132  122  110   99   89   81   75
   71   70   75   86  101  120  141  161  181  200  218  233  246  258  271  287
  304  322  342  364  388  411  429  440  443  444  444  444  443  440  435  430
  423  417  410  402  400  404  399  390  394                                   
    12.5-180.0 180.0   5.0 450.0                            LAT/LON1/LON2/DLON/H
  391  380  363  340  318  289  259  235  214  197  183  173  165  160  157  155
  152  148  146  145  145  146  144  139  131  121  110   99   88   79   71   65
   62   62   67   78   95  116  138  159  180  200  219  235  248  261  276  294
  313  334  355  378  402  425  443  454  459  461  463  465  465  462  458  453
  447  441  434  422  417  413  405  395  391                                   
    10.0-180.0 180.0   5.0 450.0                            LAT/LON1/LON2/DLON/H
  384  373  357  336  319  294  269  248  228  211  196  185  178  173  170  169
  166  162  157  152  149  144  138  130  119  108   97   87   78   70   63   59
   56   56   61   73   91  113  135  158  179  200  218  234  247  261  277  297
  319  342  366  389  414  437  455  467  473  478  482  486  486  483  477  472
  466  460  453  439  428  419  408  396  384                                   
     7.5-180.0 180.0   5.0 450.0                            LAT/LON1/LON2/DLON/H
  376  364  350  328  314  293  271  252  235  219  206  195  188  183  182  180
  177  172  165  158  150  141  131  119  107   96   85   77   70   64   60   56
