data/edconvlstm_nd/pred1860.15i
     1.0            IONOSPHERE MAPS     GNSS                IONEX VERSION / TYPE
pyspatialgeodesy        IME             05-JAN-18 20:20     PGM / RUN BY / DATE 
Map Name                                                    COMMENT             
Predicted global ionosphere maps (GIM).                     DESCRIPTION         
  2015     7     5     0     0     0                        EPOCH OF FIRST MAP  
  2015     7     6     0     0     0                        EPOCH OF LAST MAP   
  7200                                                      INTERVAL            
    13                                                      # OF MAPS IN FILE   
  NONE                                                      MAPPING FUNCTION    
10.0                                                        ELEVATION CUTOFF    
One-way carrier phase leveled to code                       OBSERVABLES USED    
  6371.0                                                    BASE RADIUS         
 2                                                          MAP DIMENSION       
   450.0 450.0   0.0                                        HGT1 / HGT2 / DHGT  
    87.5 -87.5  -2.5                                        LAT1 / LAT2 / DLAT  
  -180.0 180.0   5.0                                        LON1 / LON2 / DLON  
    -1                                                      EXPONENT            
                                                            END OF HEADER       
[from data line 4290]
    11                                                      START OF TEC MAP    
  2015     7     5    20     0     0                        EPOCH OF CURRENT MAP
    87.5-180.0 180.0   5.0 450.0                            LAT/LON1/LON2/DLON/H
  171  151  133  139  140  139  139  137  137  137  137  137  137  137  137  137
  137  136  137  137  137  137  137  137  137  137  138  138  138  138  138  138
  138  138  138  138  138  138  137  137  137  137  137  136  136  137  137  137
  137  137  137  138  138  138  138  139  139  139  139  139  139  139  139  138
  137  137  136  138  148  148  150  163  171                                   
    85.0-180.0 180.0   5.0 450.0                            LAT/LON1/LON2/DLON/H
  149  141  140  136  133  136  136  137  137  137  137  137  137  137  137  137
  136  136  136  137  137  137  137  138  138  138  139  139  140  140  140  140
  140  140  139  139  138  138  137  137  136  135  135  135  135  134  135  135
  135  135  136  137  137  138  138  139  139  139  139  140  140  140  139  139
  140  139  138  139  143  135  137  146  149                                   
    82.5-180.0 180.0   5.0 450.0                            LAT/LON1/LON2/DLON/H
  126  125  124  123  121  126  127  127  126  127  127  127  127  127  127  127
  127  127  127  127  127  128  128  129  130  131  132  133  134  135  135  135
  135  135  134  133  132  131  130  129  127  126  126  125  125  125  125  125
  126  127  128  129  130  131  132  133  133  134  134  134  133  133  132  132
  131  129  128  133  136  139  132  130  126                                   
    80.0-180.0 180.0   5.0 450.0                            LAT/LON1/LON2/DLON/H
  125  125  128  127  124  126  128  131  131  133  133  134  134  134  133  133
  132  132  131  131  131  131  132  134  135  137  139  141  142  144  145  146
  146  146  145  144  142  141  139  137  136  134  133  132  132  132  132  133
  134  135  137  138  140  141  142  143  144  144  143  143  142  141  140  139
  138  136  135  137  137  129  129  134  125                                   
    77.5-180.0 180.0   5.0 450.0                            LAT/LON1/LON2/DLON/H
  137  130  135  135  133  136  137  140  140  142  142  144  144  144  144  143
  142  140  139  138  138  139  140  141  143  146  149  151  154  156  158  159
  160  160  160  159  157  155  152  150  147  145  143  142  141  142  142  143
  145  147  149  151  153  154  155  156  156  156  155  154  153  151  150  148
  146  144  143  144  149  138  140  150  137                                   
    75.0-180.0 180.0   5.0 450.0                            LAT/LON1/LON2/DLON/H
  148  143  145  145  142  146  146  149  151  155  155  157  158  158  157  155
  153  151  149  147  146  146  146  148  150  153  156  159  163  166  168  170
  172  173  173  172  170  168  165  162  159  156  154  152  152  152  153  154
  155  157  159  162  163  165  166  167  167  167  166  164  163  161  160  158
  156  155  155  152  155  145  148  150  148                                   
    72.5-180.0 180.0   5.0 450.0                            LAT/LON1/LON2/DLON/H
  158  155  157  160  155  159  160  163  166  169  171  174  175  174  173  170
  167  163  160  157  155  154  154  155  157  159  162  165  168  171  174  177
  179  181  181  181  179  176  173  169  166  162  160  158  157  157  158  159
  161  163  165  166  168  169  170  171  171  171  170  169  168  166  165  164
  162  162  162  160  163  155  159  166  158                                   
    70.0-180.0 180.0   5.0 450.0                            LAT/LON1/LON2/DLON/H
  174  171  173  174  168  172  173  177  180  185  188  191  192  192  190  186
  182  177  172  168  165  163  162  162  162  163  165  167  170  172  176  179
  182  184  185  184  183  180  176  172  168  165  162  160  159  159  160  161
  162  163  164  165  165  166  167  168  168  169  169  169  169  169  170  170
  169  170  172  172  174  169  175  179  174                                   
    67.5-180.0 180.0   5.0 450.0                            LAT/LON1/LON2/DLON/H
  192  192  195  197  191  195  196  200  204  209  213  216  218  217  215  210
  205  199  194  189  185  182  180  179  177  177  176  177  178  180  182  185
  188  190  192  191  190  187  183  179  174  171  168  166  165  165  165  165
  165  165  164  164  164  164  164  165  166  168  169  171  173  175  177  179
  180  182  185  185  188  183  189  194  192                                   
    65.0-180.0 180.0   5.0 450.0                            LAT/LON1/LON2/DLON/H
  208  211  215  216  211  214  215  219  223  229  233  236  238  237  234  230
  224  217  212  207  203  200  197  194  191  189  186  184  184  185  187  189
  192  194  195  194  192  189  184  180  175  171  168  166  165  164  163  162
  161  159  157  155  153  152  153  154  156  159  163  167  170  174  179  183
  186  190  195  197  201  199  206  210  208                                   
    62.5-180.0 180.0   5.0 450.0                            LAT/LON1/LON2/DLON/H
  225  230  235  236  232  236  237  240  244  249  252  256  257  256  253  248
  242  236  231  227  223  221  218  214  211  206  202  199  197  196  197  199
  201  202  202  200  197  193  189  184  179  174  171  168  166  165  163  161
  158  154  150  146  143  142  142  143  146  151  156  162  168  174  180  186
  190  196  202  205  210  209  217  222  225                                   
    60.0-180.0 180.0   5.0 450.0                            LAT/LON1/LON2/DLON/H
  237  246  252  254  251  255  256  259  262  266  268  271  272  270  267  262
  257  251  247  244  241  240  238  235  230  225  220  216  213  212  213  213
  214  213  212  209  205  201  195  190  184  179  175  171  169  166  163  160
  155  150  144  138  134  132  131  133  137  143  149  156  164  171  179  186
  191  198  205  209  215  216  227  232  237                                   
    57.5-180.0 180.0   5.0 450.0                            LAT/LON1/LON2/DLON/H
  246  258  266  269  267  273  274  276  277  280  281  282  281  279  275  271
  266  261  258  256  256  255  255  253  249  245  240  236  233  232  232  232
  231  229  226  221  216  210  204  198  192  186  181  176  172  169  165  160
  154  147  140  134  129  126  126  128  132  138  144  152  159  167  175  183
  189  196  204  209  216  218  230  237  246                                   
    55.0-180.0 180.0   5.0 450.0                            LAT/LON1/LON2/DLON/H
  252  266  276  280  282  288  290  291  292  292  291  290  287  284  280  275
  271  267  265  264  265  266  267  267  265  262  259  256  254  254  254  253
  251  247  241  235  229  222  215  208  201  194  188  182  177  172  167  161
  154  147  140  133  128  125  125  127  131  136  143  149  156  163  171  178
  185  193  201  206  214  219  232  239  252                                   
    52.5-180.0 180.0   5.0 450.0                            LAT/LON1/LON2/DLON/H
  256  273  283  289  293  301  304  306  305  304  300  296  291  286  281  276
  272  269  267  267  269  271  274  275  276  275  274  273  273  273  274  272
  269  263  256  248  240  233  225  218  210  202  194  187  180  174  169  163
  156  149  142  136  132  130  130  132  135  139  144  148  153  158  165  173
  180  188  197  203  212  219  233  240  256                                   
    50.0-180.0 180.0   5.0 450.0                            LAT/LON1/LON2/DLON/H
  259  278  289  297  302  312  317  319  319  317  311  305  298  290  284  278
  274  270  268  268  270  273  277  280  282  284  285  286  287  289  289  288
  283  276  267  258  249  241  234  225  217  207  198  190  183  177  171  165
  159  153  147  143  140  138  139  140  143  146  148  150  152  156  161  169
  176  186  196  203  212  222  236  242  259                                   
    47.5-180.0 180.0   5.0 450.0                            LAT/LON1/LON2/DLON/H
  263  283  295  302  309  321  328  332  333  331  325  317  308  298  290  283
  278  274  271  270  271  274  278  283  287  290  292  295  297  299  300  298
  293  285  275  265  256  247  239  231  221  211  201  193  185  179  173  167
  162  158  154  151  150  149  150  152  153  155  155  154  154  155  160  167
  176  187  199  207  217  229  243  248  263                                   
    45.0-180.0 180.0   5.0 450.0                            LAT/LON1/LON2/DLON/H
  268  289  300  306  314  327  336  342  346  347  342  334  323  312  302  294
  287  281  277  274  274  276  280  286  291  296  299  302  304  306  307  305
  299  291  280  270  261  252  244  234  224  214  204  195  188  182  176  171
  167  164  162  161  160  161  162  163  164  164  163  160  158  158  162  169
  179  192  206  216  227  240  254  258  268                                   
    42.5-180.0 180.0   5.0 450.0                            LAT/LON1/LON2/DLON/H
  274  296  304  309  316  329  340  349  357  362  360  354  343  331  320  310
  302  295  289  284  282  283  287  292  298  303  307  310  312  313  312  310
  304  296  285  275  266  257  248  239  228  218  208  200  193  187  182  177
  174  172  172  171  171  171  172  173  174  173  170  167  163  163  166  175
  185  200  215  228  239  254  268  271  274                                   
    40.0-180.0 180.0   5.0 450.0                            LAT/LON1/LON2/DLON/H
  281  301  308  310  316  328  340  352  365  375  378  375  366  355  343  332
  323  314  305  299  295  295  298  304  310  316  319  321  321  321  320  317
  311  303  293  283  273  265  256  246  235  225  216  208  202  196  191  186
  183  182  181  181  180  179  179  180  180  179  177  173  169  169  173  182
  193  209  226  239  251  267  281  284  281                                   
    37.5-180.0 180.0   5.0 450.0                            LAT/LON1/LON2/DLON/H
  287  306  311  310  315  324  336  351  368  383  392  394  389  380  368  357
  346  336  327  319  314  313  315  321  327  332  335  336  336  334  331  327
  322  313  304  294  285  276  267  256  245  235  227  220  214  208  203  197
  194  192  190  189  187  185  183  183  183  182  180  177  175  175  179  188
  200  217  234  248  259  276  291  293  287                                   
    35.0-180.0 180.0   5.0 450.0                            LAT/LON1/LON2/DLON/H
  292  309  313  309  313  320  332  347  368  388  403  410  410  403  393  382
  371  360  350  341  336  334  335  340  346  352  355  356  354  351  348  343
  337  329  319  309  300  290  280  270  259  249  241  235  229  222  216  209
  205  201  199  195  191  187  184  183  182  182  181  179  177  178  184  193
  204  221  237  251  262  279  295  298  292                                   
    32.5-180.0 180.0   5.0 450.0                            LAT/LON1/LON2/DLON/H
  295  310  314  310  313  317  328  344  366  390  410  423  427  424  416  405
  394  383  373  364  358  355  356  360  367  373  377  378  376  373  368  363
  356  347  337  326  315  305  294  283  272  262  255  248  242  235  227  219
  213  208  204  198  192  186  182  179  178  178  177  177  177  179  185  194
  204  219  234  247  258  275  293  298  295                                   
    30.0-180.0 180.0   5.0 450.0                            LAT/LON1/LON2/DLON/H
  296  310  314  312  315  319  329  343  366  391  414  431  441  441  436  426
  415  404  394  385  378  375  375  378  384  390  396  399  398  395  390  384
  376  365  352  339  326  314  302  291  280  270  263  256  250  241  233  224
  217  211  205  198  190  182  177  173  172  171  171  171  172  175  181  190
  199  213  226  238  249  266  285  292  296                                   
    27.5-180.0 180.0   5.0 450.0                            LAT/LON1/LON2/DLON/H
  295  309  315  316  321  325  334  347  369  393  418  439  452  456  454  446
  435  423  413  403  396  391  389  391  396  403  410  415  416  414  409  401
  390  377  360  343  327  313  300  289  278  269  261  255  247  239  230  221
  214  207  200  192  183  176  170  166  163  162  161  161  162  166  173  182
  190  203  215  226  238  255  275  284  295                                   
    25.0-180.0 180.0   5.0 450.0                            LAT/LON1/LON2/DLON/H
  291  306  315  320  329  335  344  356  376  399  424  446  462  470  470  463
  453  442  430  419  410  403  399  398  402  410  418  425  428  426  420  410
  396  378  357  335  315  299  285  273  262  254  247  241  234  226  218  209
  202  195  188  180  172  166  160  157  154  151  149  149  150  154  162  170
  179  191  203  214  226  244  264  275  291                                   
    22.5-180.0 180.0   5.0 450.0                            LAT/LON1/LON2/DLON/H
  287  303  314  323  336  346  356  367  386  408  432  454  472  482  485  481
  471  459  447  434  423  413  405  401  403  410  419  427  430  428  421  408
  390  367  341  315  292  273  257  245  235  227  221  216  211  204  197  190
  184  178  171  164  158  153  150  147  145  141  138  136  137  141  148  157
  167  180  192  204  217  235  255  269  287                                   
    20.0-180.0 180.0   5.0 450.0                            LAT/LON1/LON2/DLON/H
  281  298  312  323  339  353  366  378  396  417  439  461  480  493  499  497
  489  477  463  449  434  421  409  402  401  406  414  421  424  421  411  395
  373  347  317  287  261  240  223  211  201  194  189  185  182  178  173  168
  163  157  152  146  142  140  139  138  136  132  128  125  124  128  135  145
  155  170  184  197  212  231  250  266  281                                   
    17.5-180.0 180.0   5.0 450.0                            LAT/LON1/LON2/DLON/H
  273  292  306  319  337  353  370  384  402  422  443  465  484  500  508  510
  504  493  478  462  445  428  413  402  398  401  407  412  413  408  396  377
  352  323  291  260  232  209  191  178  168  161  157  156  154  152  149  145
  142  137  132  128  126  127  129  130  129  125  120  115  114  116  123  133
  145  162  178  194  210  230  248  265  273                                   
    15.0-180.0 180.0   5.0 450.0                            LAT/LON1/LON2/DLON/H
  263  284  298  310  329  347  366  381  400  419  440  462  482  499  511  516
  513  504  490  473  455  436  418  404  397  397  400  402  400  392  378  358
  332  302  270  239  211  187  169  154  144  137  134  133  133  132  131  128
  125  120  115  112  112  115  120  123  123  119  114  109  106  108  114  124
  137  156  174  191  209  230  248  265  263                                   
    12.5-180.0 180.0   5.0 450.0                            LAT/LON1/LON2/DLON/H
  254  276  289  299  317  335  355  370  390  409  429  449  470  489  504  512
  514  508  496  480  462  441  422  407  399  395  394  393  388  378  363  343
  318  290  260  231  204  180  161  145  134  126  123  122  122  122  121  118
  114  108  103  100  102  106  112  117  117  114  109  104  101  101  107  116
  129  149  170  189  207  229  248  264  254                                   
    10.0-180.0 180.0   5.0 450.0                            LAT/LON1/LON2/DLON/H
  247  269  283  290  306  321  340  355  373  391  410  430  450  469  486  498
  504  502  494  480  463  444  426  411  401  395  392  387  380  369  353  335
  313  288  262  236  212  190  170  154  141  131  127  125  124  122  119  115
  109  103   97   94   95  100  106  111  112  109  104  100   97   97  101  110
  123  143  164  184  203  226  246  261  247                                   
     7.5-180.0 180.0   5.0 450.0                            LAT/LON1/LON2/DLON/H
  243  268  281  287  300  313  329  341  356  372  388  406  424  443  460  475
  484  486  482  473  459  442  426  413  403  396  391  384  375  363  349  333
