data/edconvlstm_nd/pred1410.15i
     1.0            IONOSPHERE MAPS     GNSS                IONEX VERSION / TYPE
pyspatialgeodesy        IME             05-JAN-18 20:20     PGM / RUN BY / DATE 
Map Name                                                    COMMENT             
Predicted global ionosphere maps (GIM).                     DESCRIPTION         
  2015     5    21     0     0     0                        EPOCH OF FIRST MAP  
  2015     5    22     0     0     0                        EPOCH OF LAST MAP   
  7200                                                      INTERVAL            
    13                                                      # OF MAPS IN FILE   
  NONE                                                      MAPPING FUNCTION    
10.0                                                        ELEVATION CUTOFF    
One-way carrier phase leveled to code                       OBSERVABLES USED    
  6371.0                                                    BASE RADIUS         
 2                                                          MAP DIMENSION       
   450.0 450.0   0.0                                        HGT1 / HGT2 / DHGT  
    87.5 -87.5  -2.5                                        LAT1 / LAT2 / DLAT  
  -180.0 180.0   5.0                                        LON1 / LON2 / DLON  
    -1                                                      EXPONENT            
                                                            END OF HEADER       
[from data line 429]
     2                                                      START OF TEC MAP    
  2015     5    21     2     0     0                        EPOCH OF CURRENT MAP
    87.5-180.0 180.0   5.0 450.0                            LAT/LON1/LON2/DLON/H
  181  179  183  184  186  182  179  179  179  180  180  180  180  180  179  179
  178  177  176  174  173  172  170  168  167  165  164  162  161  160  158  157
  157  156  155  155  155  155  156  156  157  158  159  160  161  163  164  165
  167  168  169  170  171  172  172  173  173  173  174  174  174  174  173  174
  174  176  176  175  177  174  170  166  181                                   
    85.0-180.0 180.0   5.0 450.0                            LAT/LON1/LON2/DLON/H
  191  189  177  182  190  185  185  185  186  187  187  187  188  187  187  186
  185  183  182  180  178  176  174  172  170  168  166  164  162  161  159  158
  157  156  156  155  156  156  157  158  159  160  162  163  165  167  169  171
  173  174  176  177  179  180  181  182  182  183  183  183  183  182  182  182
  183  184  182  185  179  176  173  167  191                                   
    82.5-180.0 180.0   5.0 450.0                            LAT/LON1/LON2/DLON/H
  191  184  183  183  187  185  184  185  188  189  189  190  191  190  190  188
  187  185  182  180  177  174  171  168  165  162  159  157  154  152  150  148
  147  146  145  146  146  147  148  150  152  154  156  159  161  164  167  169
  172  175  177  180  182  184  185  186  187  188  188  188  188  187  187  187
  187  187  185  185  187  174  172  164  191                                   
    80.0-180.0 180.0   5.0 450.0                            LAT/LON1/LON2/DLON/H
  185  181  173  175  179  179  182  184  188  189  191  193  194  194  193  192
  189  187  183  180  176  172  168  164  160  156  153  149  146  143  141  139
  138  137  137  137  138  140  141  143  146  148  151  154  158  161  165  168
  172  175  178  181  184  186  188  189  189  190  190  189  189  188  187  187
  186  185  182  181  187  176  179  166  185                                   
    77.5-180.0 180.0   5.0 450.0                            LAT/LON1/LON2/DLON/H
  184  178  171  173  173  174  179  182  187  189  191  194  195  195  194  192
  189  185  181  177  172  167  162  157  153  148  144  140  137  134  131  130
  129  129  130  131  132  134  137  139  142  144  147  151  154  158  162  167
  171  175  179  182  185  187  189  190  190  190  189  189  188  186  186  186
  185  185  181  180  185  177  177  169  184                                   
    75.0-180.0 180.0   5.0 450.0                            LAT/LON1/LON2/DLON/H
  181  175  168  171  171  172  177  181  186  189  192  195  196  196  194  191
  187  182  177  172  167  161  156  151  145  140  136  132  128  126  124  123
  123  124  126  128  130  132  135  137  140  142  145  148  152  156  160  165
  170  175  179  183  186  188  189  189  188  187  186  185  183  182  181  182
  181  182  179  174  177  174  175  172  181                                   
    72.5-180.0 180.0   5.0 450.0                            LAT/LON1/LON2/DLON/H
  175  175  170  172  173  174  179  183  189  192  196  198  199  198  195  191
  186  180  175  169  163  157  152  146  141  136  132  128  125  123  123  123
  124  126  128  131  134  136  139  141  143  146  148  151  155  159  164  169
  174  179  184  187  190  191  191  190  189  187  185  183  181  180  179  180
  180  181  181  178  178  173  175  174  175                                   
    70.0-180.0 180.0   5.0 450.0                            LAT/LON1/LON2/DLON/H
  177  175  173  175  175  175  180  185  191  194  197  200  200  197  193  188
  181  175  169  163  157  151  146  140  135  130  126  123  121  120  120  122
  124  127  130  133  136  139  141  143  145  147  149  152  156  161  166  171
  177  182  186  189  191  191  191  189  187  184  181  179  177  176  176  177
  178  180  181  180  181  178  180  179  177                                   
    67.5-180.0 180.0   5.0 450.0                            LAT/LON1/LON2/DLON/H
  181  180  177  178  177  177  181  185  191  194  197  199  198  195  190  183
  176  169  162  156  151  145  140  135  130  125  122  119  118  118  120  122
  125  128  131  134  136  138  140  141  143  145  148  151  156  161  167  172
  178  183  187  189  190  190  189  186  184  181  178  176  174  173  173  175
  176  179  180  180  183  180  183  184  181                                   
    65.0-180.0 180.0   5.0 450.0                            LAT/LON1/LON2/DLON/H
  187  185  183  183  182  180  183  187  192  194  197  198  197  193  187  179
  171  164  157  151  146  141  136  131  127  123  120  118  118  119  121  124
  127  129  131  133  135  136  138  139  141  143  147  151  156  162  168  175
  180  185  188  190  190  190  188  186  183  180  178  176  175  174  174  176
  177  180  182  182  186  185  189  191  187                                   
    62.5-180.0 180.0   5.0 450.0                            LAT/LON1/LON2/DLON/H
  196  194  192  191  189  185  187  189  192  194  196  197  195  191  185  177
  169  161  155  150  145  140  135  131  126  123  121  121  122  123  126  128
  129  130  131  131  132  133  134  136  138  141  146  151  158  164  171  178
  183  188  191  192  192  191  190  188  186  185  183  182  181  181  181  182
  182  184  186  186  190  190  195  198  196                                   
    60.0-180.0 180.0   5.0 450.0                            LAT/LON1/LON2/DLON/H
  205  203  203  201  198  192  192  191  193  193  194  194  193  189  183  176
  168  161  155  149  145  140  136  131  127  125  124  125  126  129  130  131
  131  130  129  128  128  128  129  131  134  139  144  151  158  166  174  181
  187  191  194  195  196  195  195  194  193  192  192  192  192  191  190  190
  190  191  191  191  194  195  200  205  205                                   
    57.5-180.0 180.0   5.0 450.0                            LAT/LON1/LON2/DLON/H
  217  215  216  213  209  202  200  196  195  193  192  192  191  188  183  176
  169  163  157  152  147  142  137  133  130  128  129  130  133  135  136  136
  133  130  127  125  124  125  126  128  132  137  144  151  160  169  177  185
  191  196  199  201  202  203  203  204  204  204  205  205  205  204  203  202
  199  199  198  197  200  201  207  213  217                                   
    55.0-180.0 180.0   5.0 450.0                            LAT/LON1/LON2/DLON/H
  229  229  231  228  224  217  212  205  201  196  193  192  190  188  184  179
  173  167  161  155  150  145  140  136  134  133  134  137  140  142  142  140
  136  131  127  124  123  124  125  128  132  137  144  152  161  171  180  189
  196  202  206  210  213  215  216  217  218  219  220  220  220  218  216  214
  211  209  207  204  207  208  215  222  229                                   
    52.5-180.0 180.0   5.0 450.0                            LAT/LON1/LON2/DLON/H
  243  245  247  245  242  235  229  219  212  203  198  195  192  190  187  182
  177  172  166  161  156  150  145  141  139  139  141  145  148  149  148  144
  139  133  128  125  125  126  128  131  135  139  146  154  163  173  183  193
  202  209  216  222  226  230  232  234  235  235  235  235  234  232  229  227
  223  220  217  214  216  217  225  234  243                                   
    50.0-180.0 180.0   5.0 450.0                            LAT/LON1/LON2/DLON/H
  258  261  264  264  262  257  250  238  228  216  208  202  198  195  192  187
  183  178  173  168  163  157  152  148  146  147  149  152  155  156  154  149
  142  136  132  130  131  133  135  138  140  144  149  156  165  176  187  198
  209  219  228  236  243  248  251  252  252  251  249  248  246  244  242  239
  236  233  230  227  228  229  237  249  258                                   
    47.5-180.0 180.0   5.0 450.0                            LAT/LON1/LON2/DLON/H
  272  276  278  281  281  278  272  260  248  234  222  214  208  203  198  193
  188  183  179  175  171  166  161  157  155  156  158  160  161  161  158  153
  147  141  138  138  140  143  146  147  148  149  153  159  168  179  191  204
  217  230  241  252  260  267  270  271  269  266  263  260  258  256  254  253
  250  248  246  243  243  244  253  266  272                                   
    45.0-180.0 180.0   5.0 450.0                            LAT/LON1/LON2/DLON/H
  284  287  289  294  296  296  292  281  269  253  240  229  220  212  205  199
  193  189  186  183  179  175  171  168  166  166  167  168  168  166  163  158
  153  149  147  149  152  155  157  157  156  155  157  162  170  182  196  211
  226  241  255  268  278  285  289  289  285  280  276  272  270  269  268  268
  267  266  265  262  262  262  271  285  284                                   
    42.5-180.0 180.0   5.0 450.0                            LAT/LON1/LON2/DLON/H
  294  295  295  302  306  308  306  298  287  272  257  244  232  222  213  205
  198  194  192  190  188  186  183  180  178  178  177  177  175  172  168  164
  160  158  158  160  164  167  169  167  164  161  161  165  174  186  201  218
  236  253  269  283  295  303  307  306  301  295  290  286  285  285  286  287
  287  288  287  285  283  282  291  305  294                                   
    40.0-180.0 180.0   5.0 450.0                            LAT/LON1/LON2/DLON/H
  305  301  299  305  310  313  314  309  300  286  271  257  244  231  220  210
  203  199  198  198  197  196  194  192  191  191  189  187  184  180  176  173
  170  168  169  172  176  178  179  176  171  167  166  169  178  191  207  226
  245  263  280  295  308  318  322  321  317  311  306  303  304  305  308  311
  312  313  312  310  307  306  315  328  305                                   
    37.5-180.0 180.0   5.0 450.0                            LAT/LON1/LON2/DLON/H
  320  310  305  309  313  316  316  314  307  295  281  267  253  239  226  216
  208  205  204  206  207  206  206  205  205  205  204  200  195  191  187  184
  181  180  181  183  185  187  186  182  177  172  171  173  182  195  213  232
  252  270  288  304  318  329  334  335  331  326  323  323  326  330  335  339
  341  342  341  338  334  332  341  354  320                                   
    35.0-180.0 180.0   5.0 450.0                            LAT/LON1/LON2/DLON/H
  344  327  319  319  321  321  320  317  312  301  289  276  262  247  233  221
  214  210  211  213  215  216  217  219  221  222  220  216  210  204  200  197
  194  193  192  192  193  193  191  187  182  177  175  177  185  199  217  236
  255  273  289  305  321  333  341  344  342  340  340  343  351  358  366  371
  374  374  372  368  362  362  371  384  344                                   
    32.5-180.0 180.0   5.0 450.0                            LAT/LON1/LON2/DLON/H
  378  356  345  341  339  336  331  325  319  309  298  286  272  257  242  229
  220  216  216  219  222  226  229  233  238  240  239  234  226  219  214  211
  208  204  201  198  197  196  194  190  185  181  178  180  187  200  217  236
  253  269  285  301  317  332  343  349  350  352  356  365  377  389  399  406
  408  408  405  399  393  394  405  419  378                                   
    30.0-180.0 180.0   5.0 450.0                            LAT/LON1/LON2/DLON/H
  426  401  387  379  373  366  355  345  335  323  312  301  287  271  255  240
  229  223  222  224  228  233  240  247  255  260  259  253  244  235  229  224
  219  213  207  202  199  197  194  191  187  183  180  181  187  198  213  230
  246  260  274  290  308  325  340  350  357  363  372  386  402  417  430  438
  441  441  438  431  426  430  442  459  426                                   
    27.5-180.0 180.0   5.0 450.0                            LAT/LON1/LON2/DLON/H
  485  459  445  436  426  416  398  380  365  350  337  324  310  292  274  256
  241  231  227  228  232  240  250  261  272  279  278  271  260  249  241  234
  226  218  209  203  199  196  194  191  187  183  180  179  182  191  205  220
  234  247  259  275  295  317  336  351  362  373  387  404  424  442  456  466
  470  471  468  463  460  467  482  502  485                                   
    25.0-180.0 180.0   5.0 450.0                            LAT/LON1/LON2/DLON/H
  548  526  514  507  496  483  459  434  411  391  375  360  343  323  300  277
  257  241  233  231  236  246  259  274  288  295  294  284  271  258  247  238
  228  217  207  200  196  194  191  189  186  181  177  173  174  180  191  205
  218  231  244  261  283  308  332  352  368  382  399  419  440  459  475  486
  493  496  495  493  494  504  522  545  548                                   
    22.5-180.0 180.0   5.0 450.0                            LAT/LON1/LON2/DLON/H
  607  591  586  585  575  563  535  504  474  448  427  408  387  362  334  305
  278  256  242  238  242  254  269  286  300  306  303  291  275  259  246  234
  222  210  201  195  192  190  188  186  182  177  171  165  163  166  175  188
  201  215  230  249  274  303  332  355  375  393  412  432  453  472  488  500
  510  516  519  520  525  539  559  583  607                                   
    20.0-180.0 180.0   5.0 450.0                            LAT/LON1/LON2/DLON/H
  651  643  647  656  651  642  615  582  548  517  491  466  441  410  376  339
  305  276  257  249  253  264  281  297  308  310  303  288  269  251  236  222
  210  199  191  188  187  187  185  182  177  172  164  157  152  152  159  171
  185  201  219  242  271  303  335  363  386  406  426  447  466  484  499  513
  525  534  540  545  552  568  589  613  651                                   
    17.5-180.0 180.0   5.0 450.0                            LAT/LON1/LON2/DLON/H
  676  674  686  706  708  706  685  654  620  588  558  529  498  461  420  377
  336  301  278  267  269  280  293  305  310  307  295  276  255  235  219  206
  194  186  182  182  183  183  181  177  172  165  157  148  141  139  144  156
  171  190  212  239  272  308  344  374  400  423  444  464  482  498  513  527
  540  551  560  568  576  591  611  634  676                                   
    15.0-180.0 180.0   5.0 450.0                            LAT/LON1/LON2/DLON/H
  683  682  700  725  735  740  727  704  676  646  615  584  549  507  462  414
  369  331  304  292  291  298  306  309  307  296  278  256  234  215  200  189
  181  177  176  179  181  182  178  173  166  159  150  140  132  129  133  144
  161  183  210  241  277  316  354  388  416  441  464  484  502  517  531  544
  559  571  581  590  595  607  626  645  683                                   
    12.5-180.0 180.0   5.0 450.0                            LAT/LON1/LON2/DLON/H
  676  675  694  718  731  742  735  721  700  676  649  619  582  539  492  443
  398  359  332  318  315  316  316  310  297  279  256  232  210  195  185  179
  175  175  177  180  183  181  176  168  160  152  144  134  126  121  123  134
  153  178  209  243  281  322  363  399  431  459  484  506  524  540  553  566
  581  593  603  612  613  619  636  652  676                                   
    10.0-180.0 180.0   5.0 450.0                            LAT/LON1/LON2/DLON/H
  665  661  678  693  706  716  712  704  691  674  653  626  591  549  503  457
  415  381  356  342  335  330  320  303  281  256  230  207  190  180  177  178
  179  180  183  185  185  181  172  162  153  145  137  128  120  115  116  127
  147  174  207  243  283  325  367  405  440  471  500  525  546  564  578  591
  605  617  628  635  632  632  646  661  665                                   
     7.5-180.0 180.0   5.0 450.0                            LAT/LON1/LON2/DLON/H
  659  654  662  665  671  677  671  665  656  645  630  607  576  537  495  454
  419  390  370  357  347  335  316  290  260  231  205  187  177  175  180  186
