data/edconvlstm_nd/pred1980.15i
     1.0            IONOSPHERE MAPS     GNSS                IONEX VERSION / TYPE
pyspatialgeodesy        IME             05-JAN-18 20:20     PGM / RUN BY / DATE 
Map Name                                                    COMMENT             
Predicted global ionosphere maps (GIM).                     DESCRIPTION         
  2015     7    17     0     0     0                        EPOCH OF FIRST MAP  
  2015     7    18     0     0     0                        EPOCH OF LAST MAP   
  7200                                                      INTERVAL            
    13                                                      # OF MAPS IN FILE   
  NONE                                                      MAPPING FUNCTION    
10.0                                                        ELEVATION CUTOFF    
One-way carrier phase leveled to code                       OBSERVABLES USED    
  6371.0                                                    BASE RADIUS         
 2                                                          MAP DIMENSION       
   450.0 450.0   0.0                                        HGT1 / HGT2 / DHGT  
    87.5 -87.5  -2.5                                        LAT1 / LAT2 / DLAT  
  -180.0 180.0   5.0                                        LON1 / LON2 / DLON  
    -1                                                      EXPONENT            
                                                            END OF HEADER       
[from data line 2145]
     6                                                      START OF TEC MAP    
  2015     7    17    10     0     0                        EPOCH OF CURRENT MAP
    87.5-180.0 180.0   5.0 450.0                            LAT/LON1/LON2/DLON/H
  139  142  140  146  149  149  149  147  150  152  152  153  153  154  154  154
  154  154  154  154  153  153  153  153  152  152  152  152  151  151  151  151
  150  150  150  149  149  149  148  148  147  147  147  146  146  145  144  144
  143  142  141  141  140  139  138  137  136  135  134  133  132  132  131  131
  131  133  132  131  136  134  143  141  139                                   
    85.0-180.0 180.0   5.0 450.0                            LAT/LON1/LON2/DLON/H
  135  142  150  148  150  154  156  158  160  161  162  163  163  163  163  163
  163  163  163  163  163  163  163  163  163  163  163  163  163  162  162  162
  162  162  162  162  161  161  160  160  159  159  158  157  157  156  155  154
  152  151  150  149  147  146  144  143  141  140  138  137  136  135  134  134
  135  136  132  132  130  132  138  142  135                                   
    82.5-180.0 180.0   5.0 450.0                            LAT/LON1/LON2/DLON/H
  128  140  144  141  142  147  150  152  154  156  156  157  157  157  157  156
  156  156  156  156  156  156  156  157  157  158  158  159  159  160  160  161
  161  162  162  162  163  163  163  163  163  162  162  161  160  159  158  157
  155  154  152  150  148  145  143  140  138  135  133  131  129  127  125  124
  124  124  121  122  122  127  127  124  128                                   
    80.0-180.0 180.0   5.0 450.0                            LAT/LON1/LON2/DLON/H
  125  133  138  139  140  143  146  149  151  153  152  153  152  152  151  150
  149  149  148  148  148  148  149  149  150  151  152  152  153  154  155  156
  157  158  160  160  161  162  163  164  164  165  165  165  164  164  163  162
  160  158  156  154  152  149  146  143  140  137  133  130  127  124  122  120
  119  118  116  117  116  121  127  119  125                                   
    77.5-180.0 180.0   5.0 450.0                            LAT/LON1/LON2/DLON/H
  127  131  135  137  138  142  144  147  148  148  147  146  144  143  141  139
  138  137  136  136  137  137  138  139  140  141  143  144  146  148  149  151
  154  156  158  160  162  164  166  168  169  171  172  172  173  173  173  172
  171  170  168  166  163  161  157  154  150  146  142  138  134  130  126  123
  121  119  115  117  118  117  120  120  127                                   
    75.0-180.0 180.0   5.0 450.0                            LAT/LON1/LON2/DLON/H
  122  129  129  133  134  139  141  142  143  142  140  138  135  132  130  127
  126  125  124  124  125  125  126  128  129  131  132  134  136  139  141  144
  148  151  154  157  160  163  166  169  172  174  176  178  179  180  181  181
  180  179  177  176  174  171  168  165  162  158  154  149  144  140  136  132
  128  125  121  118  119  118  121  115  122                                   
    72.5-180.0 180.0   5.0 450.0                            LAT/LON1/LON2/DLON/H
  120  126  125  129  130  134  136  137  137  135  132  129  126  122  119  116
  114  113  113  113  114  115  117  118  119  121  122  125  127  130  134  138
  142  147  151  155  160  164  168  171  175  178  181  184  186  188  189  189
  188  187  186  185  183  181  179  176  173  170  166  162  157  153  148  144
  140  136  131  127  124  122  122  120  120                                   
    70.0-180.0 180.0   5.0 450.0                            LAT/LON1/LON2/DLON/H
  122  122  121  123  122  125  126  127  127  125  122  119  115  111  108  106
  104  103  103  104  105  107  108  109  111  112  114  116  119  122  127  132
  137  142  148  153  158  163  167  172  176  181  185  188  191  192  193  193
  192  190  189  187  186  184  183  181  179  176  173  170  166  162  158  154
  150  146  141  136  131  128  129  127  122                                   
    67.5-180.0 180.0   5.0 450.0                            LAT/LON1/LON2/DLON/H
  121  120  116  117  115  116  117  117  117  116  114  111  108  105  102  100
   99   99   99  100  102  103  105  106  107  108  109  111  114  118  122  128
  133  139  145  151  156  162  167  172  177  182  187  191  194  195  196  195
  193  191  189  187  185  184  183  182  180  179  177  174  172  169  166  163
  160  156  151  145  139  135  134  131  121                                   
    65.0-180.0 180.0   5.0 450.0                            LAT/LON1/LON2/DLON/H
  123  119  112  111  106  106  106  107  107  107  105  104  102  100   98   97
   97   97   98  100  101  103  104  105  106  108  109  111  114  117  122  128
  134  140  146  152  158  163  169  175  181  186  192  196  199  201  200  199
  196  192  189  187  185  184  183  182  181  180  179  177  176  174  172  171
  169  166  162  157  151  147  145  141  123                                   
    62.5-180.0 180.0   5.0 450.0                            LAT/LON1/LON2/DLON/H
  125  119  110  106   99   97   95   95   96   97   96   97   96   95   95   95
   95   96   97   99  100  102  104  105  107  108  110  112  114  118  123  129
  135  141  147  153  159  165  171  177  183  190  196  201  204  205  204  202
  198  194  190  187  185  183  183  182  181  180  179  178  177  177  176  176
  176  175  172  168  162  157  154  149  125                                   
    60.0-180.0 180.0   5.0 450.0                            LAT/LON1/LON2/DLON/H
  131  122  111  104   94   89   85   84   85   85   86   87   88   89   89   90
   91   92   94   96   97   99  102  104  106  108  110  113  116  120  125  130
  136  142  148  153  159  165  172  179  186  194  200  206  209  210  209  206
  201  196  192  189  187  186  185  184  183  181  180  179  178  178  178  179
  180  181  179  176  172  167  164  157  131                                   
    57.5-180.0 180.0   5.0 450.0                            LAT/LON1/LON2/DLON/H
  139  129  116  106   94   85   80   76   75   75   76   78   79   81   82   84
   85   87   89   91   93   95   98  101  105  108  112  115  119  123  127  133
  138  143  149  155  161  168  175  183  191  199  206  212  216  217  216  212
  208  203  199  196  195  193  192  190  188  186  184  182  181  181  182  183
  185  187  186  185  181  177  174  166  139                                   
    55.0-180.0 180.0   5.0 450.0                            LAT/LON1/LON2/DLON/H
  149  139  126  114   98   88   79   72   69   67   67   68   69   71   73   75
   77   79   81   83   86   89   93   98  103  108  113  117  121  125  130  135
  140  145  150  156  163  171  180  188  197  205  213  219  223  224  223  220
  216  212  209  206  205  204  202  200  196  193  190  187  186  186  186  188
  190  192  192  192  189  186  182  173  149                                   
    52.5-180.0 180.0   5.0 450.0                            LAT/LON1/LON2/DLON/H
  160  150  138  125  109   96   85   75   69   64   61   61   61   62   63   65
   68   70   73   75   79   83   89   96  103  109  115  120  124  128  133  137
  141  146  152  159  167  176  186  195  204  213  220  226  230  231  231  229
  225  222  220  218  217  215  213  210  205  201  197  195  193  192  192  194
  195  197  197  197  195  193  188  180  160                                   
    50.0-180.0 180.0   5.0 450.0                            LAT/LON1/LON2/DLON/H
  169  160  150  139  122  108   96   83   74   66   60   57   55   55   55   57
   59   62   66   69   74   80   87   96  104  112  118  123  127  131  135  139
  143  149  155  163  172  183  194  204  213  221  228  234  237  239  239  237
  235  232  230  229  228  226  223  219  214  209  205  202  201  200  200  200
  201  202  202  201  199  197  192  185  169                                   
    47.5-180.0 180.0   5.0 450.0                            LAT/LON1/LON2/DLON/H
  175  167  159  150  136  123  110   95   84   73   65   60   55   52   51   52
   54   57   61   66   72   80   89   99  109  118  124  128  132  135  138  142
  146  152  159  168  179  192  203  214  223  231  237  242  245  247  247  246
  244  241  239  238  236  233  230  225  220  215  212  209  208  207  207  207
  206  206  204  202  200  197  193  186  175                                   
    45.0-180.0 180.0   5.0 450.0                            LAT/LON1/LON2/DLON/H
  174  168  163  157  146  135  123  109   96   85   75   67   60   55   52   51
   53   56   61   67   74   83   94  106  117  126  132  135  137  139  141  144
  149  155  164  175  188  202  215  226  235  241  247  251  255  257  257  256
  254  251  248  245  242  239  235  230  225  220  217  215  215  214  213  212
  210  208  205  201  198  194  190  184  174                                   
    42.5-180.0 180.0   5.0 450.0                            LAT/LON1/LON2/DLON/H
  167  162  159  157  149  142  132  120  109   98   87   79   71   64   59   56
   57   60   64   71   79   90  102  116  128  136  141  143  143  143  145  148
  153  160  170  183  198  213  227  238  247  253  258  263  266  268  269  268
  266  262  258  254  250  245  240  235  230  226  224  222  221  220  218  216
  213  210  205  199  194  189  185  179  167                                   
    40.0-180.0 180.0   5.0 450.0                            LAT/LON1/LON2/DLON/H
  155  151  150  149  145  141  135  127  118  109  100   92   84   76   69   65
   64   66   70   77   86   97  111  126  138  147  151  151  150  149  149  152
  158  166  177  192  208  224  239  250  259  266  271  276  280  283  285  285
  283  279  274  269  263  257  252  246  241  237  234  232  229  227  224  221
  216  211  205  198  190  183  178  172  155                                   
    37.5-180.0 180.0   5.0 450.0                            LAT/LON1/LON2/DLON/H
  144  139  138  137  135  133  131  126  121  116  110  104   97   89   82   76
   74   74   78   84   93  104  119  134  148  157  160  160  157  155  155  157
  163  172  185  200  218  235  249  262  271  279  286  292  297  302  306  307
  306  303  298  292  286  280  273  267  262  256  252  247  242  237  232  227
  221  215  207  198  188  179  173  165  144                                   
    35.0-180.0 180.0   5.0 450.0                            LAT/LON1/LON2/DLON/H
  137  131  129  126  123  122  122  120  119  117  115  113  108  101   94   88
   84   83   85   90   98  109  124  140  154  164  168  167  164  162  161  163
  169  178  192  208  226  243  259  272  283  293  301  309  317  324  330  334
  336  335  331  326  320  314  308  301  294  286  278  270  262  254  246  239
  231  224  214  203  191  180  173  163  137                                   
    32.5-180.0 180.0   5.0 450.0                            LAT/LON1/LON2/DLON/H
  138  129  126  119  114  112  112  112  113  115  117  117  115  111  104   98
   93   91   92   95  102  112  126  143  158  169  174  174  171  168  168  170
  175  185  198  215  233  251  268  282  295  306  317  327  338  347  357  365
  370  373  372  369  365  360  353  345  336  325  314  302  289  277  266  256
  247  238  227  214  201  187  179  168  138                                   
    30.0-180.0 180.0   5.0 450.0                            LAT/LON1/LON2/DLON/H
  149  138  132  120  111  108  107  106  108  111  115  118  119  116  112  106
  101   98   98   99  104  113  126  143  159  171  178  179  177  175  175  177
  182  192  206  222  241  259  276  291  306  319  332  345  357  370  383  395
  405  412  416  416  415  411  405  396  384  369  354  338  322  306  292  280
  269  259  246  231  217  202  192  180  149                                   
    27.5-180.0 180.0   5.0 450.0                            LAT/LON1/LON2/DLON/H
  171  157  149  132  119  112  109  106  107  110  114  118  120  119  116  112
  107  104  102  103  106  113  126  142  158  172  180  183  182  181  182  185
  191  201  214  231  249  267  284  301  317  332  346  360  374  389  406  422
  437  448  456  461  462  460  454  444  429  412  394  375  356  337  321  307
  294  283  268  253  238  223  211  199  171                                   
    25.0-180.0 180.0   5.0 450.0                            LAT/LON1/LON2/DLON/H
  198  183  173  154  137  127  120  115  114  115  117  119  121  121  119  116
  112  109  107  106  108  114  125  140  157  171  181  185  187  187  189  194
  201  211  226  243  261  278  295  312  328  344  359  373  388  405  424  443
  461  476  487  495  499  499  493  482  465  446  426  406  386  367  350  335
  320  307  292  275  260  245  233  222  198                                   
    22.5-180.0 180.0   5.0 450.0                            LAT/LON1/LON2/DLON/H
  226  212  201  182  163  151  142  134  129  127  125  125  125  124  122  119
  116  113  111  110  111  116  125  138  154  169  180  186  190  193  197  204
  213  225  240  257  275  293  310  326  342  357  371  384  399  416  436  457
  476  492  504  513  518  519  514  502  486  466  446  427  409  391  374  359
  343  329  312  295  280  266  253  245  226                                   
    20.0-180.0 180.0   5.0 450.0                            LAT/LON1/LON2/DLON/H
  249  237  227  210  192  180  169  160  152  146  140  135  132  129  127  124
  120  118  116  115  115  118  125  137  152  167  178  186  192  198  205  215
  227  242  258  276  294  311  327  343  357  371  383  395  408  424  443  463
  481  496  506  513  518  519  515  505  490  472  454  438  423  407  391  376
  360  344  326  309  295  280  268  263  249                                   
    17.5-180.0 180.0   5.0 450.0                            LAT/LON1/LON2/DLON/H
  262  253  245  234  218  207  197  188  179  169  159  150  143  137  133  129
  126  123  121  119  118  119  125  135  149  163  175  185  193  202  214  227
  243  260  279  298  316  333  348  361  374  385  395  405  417  431  447  464
  478  489  496  500  504  505  502  494  481  467  453  440  428  415  401  385
  368  351  333  315  302  287  276  273  262                                   
    15.0-180.0 180.0   5.0 450.0                            LAT/LON1/LON2/DLON/H
  266  260  255  247  236  227  219  212  203  192  178  166  155  147  141  136
  132  129  126  123  121  120  123  131  144  158  171  183  194  206  222  240
  259  279  300  320  339  355  368  380  390  400  408  416  426  438  451  463
  472  478  480  481  483  485  483  478  468  457  447  437  428  417  403  386
  368  351  333  315  302  286  276  274  266                                   
    12.5-180.0 180.0   5.0 450.0                            LAT/LON1/LON2/DLON/H
  263  259  256  250  243  236  230  226  219  208  194  179  167  157  149  143
  138  134  130  126  122  119  120  126  138  152  167  180  194  210  230  252
  275  298  320  341  359  375  387  397  405  413  420  427  435  445  455  463
  468  468  466  465  465  466  466  463  456  448  440  433  425  414  399  381
  361  344  327  310  297  281  272  268  263                                   
    10.0-180.0 180.0   5.0 450.0                            LAT/LON1/LON2/DLON/H
  256  254  252  245  240  234  231  229  224  215  202  188  175  164  156  149
  143  137  132  127  120  115  114  119  130  146  162  178  195  214  237  262
  288  313  336  358  376  390  401  409  416  422  429  436  444  453  460  465
  466  464  459  456  455  457  458  456  452  445  438  431  422  409  391  371
  350  333  317  302  290  274  266  260  256                                   
     7.5-180.0 180.0   5.0 450.0                            LAT/LON1/LON2/DLON/H
  251  249  247  238  233  227  224  223  220  212  201  189  177  167  159  152
  145  139  133  126  117  110  107  111  122  139  157  176  196  217  242  270
