data/edconvlstm_nd/pred0760.15i
     1.0            IONOSPHERE MAPS     GNSS                IONEX VERSION / TYPE
pyspatialgeodesy        IME             05-JAN-18 20:20     PGM / RUN BY / DATE 
Map Name                                                    COMMENT             
Predicted global ionosphere maps (GIM).                     DESCRIPTION         
  2015     3    17     0     0     0                        EPOCH OF FIRST MAP  
  2015     3    18     0     0     0                        EPOCH OF LAST MAP   
  7200                                                      INTERVAL            
    13                                                      # OF MAPS IN FILE   
  NONE                                                      MAPPING FUNCTION    
10.0                                                        ELEVATION CUTOFF    
One-way carrier phase leveled to code                       OBSERVABLES USED    
  6371.0                                                    BASE RADIUS         
 2                                                          MAP DIMENSION       
   450.0 450.0   0.0                                        HGT1 / HGT2 / DHGT  
    87.5 -87.5  -2.5                                        LAT1 / LAT2 / DLAT  
  -180.0 180.0   5.0                                        LON1 / LON2 / DLON  
    -1                                                      EXPONENT            
                                                            END OF HEADER       
[from data line 858]
     3                                                      START OF TEC MAP    
  2015     3    17     4     0     0                        EPOCH OF CURRENT MAP
    87.5-180.0 180.0   5.0 450.0                            LAT/LON1/LON2/DLON/H
  163  166  165  167  167  164  160  157  157  157  156  155  154  153  152  150
  149  147  145  144  142  141  139  138  136  135  134  133  133  132  132  132
  132  132  133  134  134  135  136  137  139  140  141  142  144  145  147  148
  150  151  153  154  156  157  158  159  159  160  160  160  160  160  160  160
  161  163  162  162  164  163  163  159  163                                   
    85.0-180.0 180.0   5.0 450.0                            LAT/LON1/LON2/DLON/H
  169  179  171  174  175  173  171  170  170  169  168  167  166  165  163  162
  160  158  156  154  152  150  148  146  144  142  140  138  137  136  136  136
  136  136  137  138  139  141  143  144  146  148  150  152  154  156  159  161
  163  166  168  170  172  174  176  177  178  179  180  180  180  180  179  180
  181  182  179  180  173  172  170  165  169                                   
    82.5-180.0 180.0   5.0 450.0                            LAT/LON1/LON2/DLON/H
  178  183  181  175  174  173  171  171  171  170  169  169  168  167  165  163
  161  158  156  153  150  146  143  140  136  133  131  128  126  125  124  124
  124  125  127  129  131  133  136  139  142  144  147  150  153  156  160  163
  167  170  174  177  181  184  187  189  191  193  195  196  196  196  195  196
  195  194  190  189  189  182  175  163  178                                   
    80.0-180.0 180.0   5.0 450.0                            LAT/LON1/LON2/DLON/H
  181  184  175  170  170  168  169  169  169  168  167  167  166  164  162  160
  157  153  150  146  142  138  133  129  124  120  116  113  111  109  109  109
  110  112  115  118  121  125  128  132  135  138  141  145  148  152  156  160
  165  170  174  179  184  189  193  197  201  204  206  208  209  209  209  210
  208  204  199  198  199  193  191  169  181                                   
    77.5-180.0 180.0   5.0 450.0                            LAT/LON1/LON2/DLON/H
  186  183  175  170  167  166  167  166  166  165  163  163  161  159  156  153
  150  146  142  137  132  127  122  117  112  108  103  100   98   97   97   98
  100  103  107  111  116  120  124  128  131  134  137  140  143  147  151  156
  161  167  174  180  187  194  200  205  210  215  219  222  224  225  226  227
  225  222  215  214  214  205  198  182  186                                   
    75.0-180.0 180.0   5.0 450.0                            LAT/LON1/LON2/DLON/H
  192  191  178  173  168  166  165  162  161  158  155  153  150  147  143  139
  134  130  126  122  117  113  108  104   99   94   90   87   85   84   84   86
   89   93   97  102  107  112  116  119  122  125  127  129  132  135  139  144
  151  158  166  175  184  193  201  208  215  221  226  230  234  237  239  241
  240  238  233  227  225  218  211  197  192                                   
    72.5-180.0 180.0   5.0 450.0                            LAT/LON1/LON2/DLON/H
  200  200  189  180  175  171  168  164  161  156  150  146  141  135  130  124
  119  115  111  108  106  103  100   97   93   89   86   83   81   80   81   83
   86   90   95  100  105  109  112  115  117  119  120  122  124  128  132  138
  146  155  165  176  187  197  207  215  223  229  235  240  244  248  251  254
  254  253  251  246  243  233  225  213  200                                   
    70.0-180.0 180.0   5.0 450.0                            LAT/LON1/LON2/DLON/H
  217  212  201  189  182  176  171  164  159  152  144  137  129  120  112  105
   99   95   93   92   92   91   91   90   88   86   83   80   78   77   78   79
   82   85   89   93   97  100  103  104  106  107  108  110  113  117  123  130
  140  151  163  176  189  201  212  221  229  236  241  246  251  255  259  263
  265  265  264  261  258  249  243  232  217                                   
    67.5-180.0 180.0   5.0 450.0                            LAT/LON1/LON2/DLON/H
  225  222  210  196  188  180  172  164  158  149  139  130  119  107   97   89
   82   79   77   78   81   83   85   86   86   85   83   80   78   76   75   75
   76   78   80   82   84   86   87   89   90   91   93   96  100  106  113  123
  134  147  162  177  192  205  216  225  233  239  244  248  252  256  260  264
  267  268  269  266  265  257  252  245  225                                   
    65.0-180.0 180.0   5.0 450.0                            LAT/LON1/LON2/DLON/H
  233  229  216  201  191  181  172  164  156  146  135  124  111   98   87   78
   71   68   68   71   75   80   84   87   87   87   85   82   79   77   75   73
   72   72   72   72   72   73   73   74   75   78   82   86   93  101  110  122
  135  151  167  184  199  213  224  233  239  244  248  251  255  258  262  266
  268  269  270  267  267  261  258  254  233                                   
    62.5-180.0 180.0   5.0 450.0                            LAT/LON1/LON2/DLON/H
  238  233  220  204  192  180  170  160  152  141  130  119  107   94   83   74
   68   65   66   70   75   80   85   88   89   88   86   84   80   77   74   71
   69   67   65   63   62   61   61   62   64   69   74   82   91  101  113  126
  141  158  176  193  210  223  234  241  247  250  253  256  259  262  265  268
  270  270  271  267  267  262  260  258  238                                   
    60.0-180.0 180.0   5.0 450.0                            LAT/LON1/LON2/DLON/H
  241  235  221  203  190  176  164  154  145  134  123  113  102   92   82   75
   70   68   69   72   77   82   85   87   88   87   85   82   80   77   73   70
   66   63   60   57   55   54   54   55   58   64   72   82   94  106  120  134
  151  168  187  205  221  234  244  251  255  258  261  264  267  270  272  275
  275  273  273  269  268  262  261  258  241                                   
    57.5-180.0 180.0   5.0 450.0                            LAT/LON1/LON2/DLON/H
  246  238  224  204  190  173  159  147  137  125  115  107   98   90   84   79
   76   74   75   77   80   83   85   85   84   83   82   80   78   76   73   70
   66   62   59   56   54   53   53   55   59   66   76   88  101  116  131  146
  163  181  199  217  232  245  254  261  265  269  272  276  280  283  286  287
  286  283  281  275  273  265  263  259  246                                   
    55.0-180.0 180.0   5.0 450.0                            LAT/LON1/LON2/DLON/H
  256  244  229  208  193  174  158  143  130  117  107   99   93   88   85   83
   82   81   80   81   81   82   82   81   80   79   78   78   78   77   75   72
   69   66   63   61   60   60   60   62   66   73   84   97  112  127  143  159
  176  194  211  228  243  255  264  271  276  281  285  290  296  300  303  304
  302  297  294  286  282  272  270  264  256                                   
    52.5-180.0 180.0   5.0 450.0                            LAT/LON1/LON2/DLON/H
  270  256  240  219  203  183  164  145  129  113  101   93   88   86   85   86
   85   84   83   81   80   79   78   77   77   76   77   79   80   81   80   78
   75   72   71   71   72   73   73   75   78   84   94  108  123  140  156  173
  189  206  223  239  252  264  273  280  286  292  298  305  311  317  320  322
  319  314  309  299  294  282  279  273  270                                   
    50.0-180.0 180.0   5.0 450.0                            LAT/LON1/LON2/DLON/H
  287  272  256  236  221  200  179  157  136  115   99   89   84   83   85   86
   86   84   81   79   77   77   77   77   78   79   81   84   86   88   88   85
   83   81   82   84   87   89   90   90   92   97  106  119  135  152  169  186
  202  219  235  249  262  272  281  289  295  302  310  317  325  330  334  335
  332  327  322  311  305  294  291  286  287                                   
    47.5-180.0 180.0   5.0 450.0                            LAT/LON1/LON2/DLON/H
  303  288  274  257  242  222  201  176  150  124  104   90   84   82   84   85
   84   81   77   75   75   77   80   82   84   86   89   93   95   96   95   93
   90   89   91   96  101  105  106  106  106  110  118  130  146  163  181  199
  216  232  247  260  271  280  288  295  303  311  319  326  333  338  340  341
  338  334  328  319  313  303  301  300  303                                   
    45.0-180.0 180.0   5.0 450.0                            LAT/LON1/LON2/DLON/H
  315  302  291  277  264  247  226  200  170  140  114   98   88   85   85   85
   82   78   75   74   77   82   88   93   97  100  102  104  105  104  101   97
   94   94   98  104  111  117  119  119  118  120  127  139  155  174  193  212
  230  246  259  270  278  286  293  301  309  317  325  332  338  341  341  340
  336  332  327  320  316  308  307  309  315                                   
    42.5-180.0 180.0   5.0 450.0                            LAT/LON1/LON2/DLON/H
  319  308  300  290  280  266  247  222  192  159  130  110   98   92   90   88
   84   79   77   79   85   94  103  111  115  117  117  116  114  109  103   98
   95   96  100  108  117  124  127  127  127  128  135  148  165  184  205  225
  243  259  271  279  285  291  297  305  314  323  331  337  340  341  340  337
  332  328  323  318  314  308  309  313  319                                   
    40.0-180.0 180.0   5.0 450.0                            LAT/LON1/LON2/DLON/H
  316  307  300  292  285  274  259  237  208  175  145  124  110  104  100   96
   91   87   86   91  100  112  124  132  135  135  132  126  120  112  104   99
   96   97  102  110  119  127  131  132  132  135  143  156  174  195  217  238
  256  271  281  287  292  296  303  312  321  331  338  344  346  345  341  337
  331  326  322  317  314  308  310  313  316                                   
    37.5-180.0 180.0   5.0 450.0                            LAT/LON1/LON2/DLON/H
  311  301  294  284  280  270  257  239  214  183  156  136  124  117  113  108
  104  101  103  110  121  135  147  153  154  150  143  135  125  115  107  102
  100  101  106  113  121  128  133  135  136  140  150  165  184  206  228  249
  267  281  290  295  299  303  311  322  333  344  352  357  359  357  353  347
  340  334  330  325  322  316  317  316  311                                   
    35.0-180.0 180.0   5.0 450.0                            LAT/LON1/LON2/DLON/H
  311  300  289  274  269  258  246  231  209  183  160  144  134  129  126  123
  120  120  124  133  145  158  167  171  168  162  153  142  132  122  115  111
  110  111  115  119  125  131  135  138  141  147  158  174  194  215  237  258
  276  289  298  303  308  314  325  338  352  364  374  380  383  383  379  374
  366  360  356  349  345  338  336  329  311                                   
    32.5-180.0 180.0   5.0 450.0                            LAT/LON1/LON2/DLON/H
  325  313  296  273  264  249  234  218  199  176  157  146  140  138  137  136
  137  140  147  156  167  176  181  181  176  169  161  152  143  135  129  127
  127  128  129  130  133  136  139  142  146  153  166  183  203  224  244  264
  281  295  305  313  321  331  345  361  378  392  404  414  420  423  423  420
  413  405  401  391  386  376  371  357  325                                   
    30.0-180.0 180.0   5.0 450.0                            LAT/LON1/LON2/DLON/H
  359  345  322  291  274  253  232  212  191  169  153  145  142  142  144  146
  150  156  164  172  179  183  184  182  179  175  171  167  162  156  153  153
  153  153  151  148  145  144  144  146  150  159  172  189  209  228  248  266
  284  300  314  327  340  356  375  394  413  430  445  457  469  479  486  487
  483  477  470  455  446  433  421  403  359                                   
    27.5-180.0 180.0   5.0 450.0                            LAT/LON1/LON2/DLON/H
  415  402  371  333  309  280  250  223  196  172  154  146  144  145  147  151
  157  165  172  176  177  177  177  177  179  182  186  189  190  189  190  191
  192  189  181  170  160  153  150  150  153  161  174  192  211  230  248  267
  287  307  326  346  367  390  413  436  456  475  491  508  527  545  561  570
  572  569  560  539  525  507  487  467  415                                   
    25.0-180.0 180.0   5.0 450.0                            LAT/LON1/LON2/DLON/H
  492  482  444  402  370  335  295  257  221  191  169  157  152  150  150  153
  159  165  168  167  164  163  165  171  181  193  207  219  228  234  239  240
  238  228  210  190  173  161  153  150  152  159  172  190  209  228  247  267
  291  316  344  372  401  431  459  485  507  526  544  564  587  611  634  650
  659  661  655  633  614  592  569  547  492                                   
    22.5-180.0 180.0   5.0 450.0                            LAT/LON1/LON2/DLON/H
  584  579  538  493  456  417  366  316  270  231  202  183  171  163  158  157
  159  160  158  153  148  148  156  170  190  213  236  257  274  285  289  288
  278  259  233  204  180  162  151  145  144  151  165  184  205  226  247  270
  298  331  367  404  441  477  509  538  560  580  598  619  644  670  695  715
  728  737  735  718  697  678  659  635  584                                   
    20.0-180.0 180.0   5.0 450.0                            LAT/LON1/LON2/DLON/H
  679  678  638  596  555  515  457  397  341  293  254  227  206  190  177  169
  165  161  153  144  140  144  159  182  211  242  272  299  319  328  328  320
  303  277  243  208  179  158  143  135  132  139  154  175  199  223  248  276
  310  349  393  437  480  520  555  584  607  627  646  667  690  715  738  757
  772  785  790  780  761  750  742  719  679                                   
    17.5-180.0 180.0   5.0 450.0                            LAT/LON1/LON2/DLON/H
  761  762  729  694  653  615  554  489  426  370  324  287  258  233  212  196
  185  174  162  152  149  159  180  210  245  279  311  336  351  354  347  333
  309  277  238  200  169  146  131  121  118  125  142  167  194  222  250  283
  322  368  416  465  511  552  587  615  639  659  679  699  721  742  761  776
  791  806  816  815  801  797  802  783  761                                   
    15.0-180.0 180.0   5.0 450.0                            LAT/LON1/LON2/DLON/H
  818  820  796  770  733  699  640  575  510  451  400  359  323  291  263  241
  223  208  193  183  182  196  222  256  290  321  345  360  365  359  345  324
  295  259  219  182  152  132  117  108  106  113  132  159  189  221  253  290
  333  382  433  482  528  567  600  627  649  669  689  710  731  750  766  778
  790  805  819  826  819  820  832  822  818                                   
    12.5-180.0 180.0   5.0 450.0                            LAT/LON1/LON2/DLON/H
  847  850  836  819  787  757  703  641  578  521  472  431  394  359  327  300
  279  261  246  237  240  257  284  314  340  359  369  369  361  346  325  299
  266  229  191  159  136  119  107   99   97  105  125  153  185  219  254  293
  338  387  438  486  528  565  595  619  640  660  681  703  724  741  754  764
  776  790  807  820  820  824  837  837  847                                   
    10.0-180.0 180.0   5.0 450.0                            LAT/LON1/LON2/DLON/H
  857  861  854  843  816  788  737  679  621  570  527  491  458  426  395  368
  346  329  317  312  318  334  356  375  387  388  380  365  345  322  297  268
  233  198  167  142  125  113  103   96   94  102  121  149  181  215  251  291
  335  383  431  476  515  549  577  601  621  641  663  685  706  723  735  744
  755  768  787  804  811  816  830  837  857                                   
     7.5-180.0 180.0   5.0 450.0                            LAT/LON1/LON2/DLON/H
  858  862  860  851  827  798  747  691  638  593  558  531  507  481  455  431
  413  401  395  394  401  413  424  428  421  404  378  350  322  295  268  238
