data/edconvlstm_nd/pred0780.15i
     1.0            IONOSPHERE MAPS     GNSS                IONEX VERSION / TYPE
pyspatialgeodesy        IME             05-JAN-18 20:20     PGM / RUN BY / DATE 
Map Name                                                    COMMENT             
Predicted global ionosphere maps (GIM).                     DESCRIPTION         
  2015     3    19     0     0     0                        EPOCH OF FIRST MAP  
  2015     3    20     0     0     0                        EPOCH OF LAST MAP   
  7200                                                      INTERVAL            
    13                                                      # OF MAPS IN FILE   
  NONE                                                      MAPPING FUNCTION    
10.0                                                        ELEVATION CUTOFF    
One-way carrier phase leveled to code                       OBSERVABLES USED    
  6371.0                                                    BASE RADIUS         
 2                                                          MAP DIMENSION       
   450.0 450.0   0.0                                        HGT1 / HGT2 / DHGT  
    87.5 -87.5  -2.5                                        LAT1 / LAT2 / DLAT  
  -180.0 180.0   5.0                                        LON1 / LON2 / DLON  
    -1                                                      EXPONENT            
                                                            END OF HEADER       
[from data line 4719]
    12                                                      START OF TEC MAP    
  2015     3    19    22     0     0                        EPOCH OF CURRENT MAP
    87.5-180.0 180.0   5.0 450.0                            LAT/LON1/LON2/DLON/H
  120  106   92   97  100   97   95   92   92   94   93   94   94   95   95   95
   95   95   94   94   93   92   91   90   88   87   86   85   84   83   82   81
   80   79   79   79   79   79   79   80   81   82   83   85   86   88   89   91
   93   94   96   97   98   99  100  100  101  101  101  102  102  101  101  100
  100   99   97   96  107  101  114  118  120                                   
    85.0-180.0 180.0   5.0 450.0                            LAT/LON1/LON2/DLON/H
  118  105  108   96   94   98   97   98  100  102  102  104  105  106  107  107
  108  107  107  106  105  104  102  101   99   98   96   94   92   91   89   88
   87   86   85   85   85   85   86   87   88   90   91   93   95   97   99  101
  103  105  106  108  109  110  111  112  112  112  112  112  111  111  110  108
  108  106  103   99  103  101  100   99  118                                   
    82.5-180.0 180.0   5.0 450.0                            LAT/LON1/LON2/DLON/H
   90   86   82   80   83   88   91   91   93   96   99  102  104  107  108  109
  110  109  109  108  106  105  103  101   99   97   95   93   90   88   86   84
   82   80   79   78   77   77   77   78   79   80   82   84   86   88   90   92
   95   97   98  100  101  102  103  104  104  104  104  103  102  101  100   98
   97   94   92   93   95  102   91   90   90                                   
    80.0-180.0 180.0   5.0 450.0                            LAT/LON1/LON2/DLON/H
   68   65   62   62   63   66   71   76   82   87   93   98  101  105  107  108
  108  107  106  105  103  101   99   97   96   93   91   89   86   83   80   77
   75   72   70   68   66   66   65   66   67   68   70   72   75   77   80   82
   85   87   89   90   92   93   94   94   94   94   93   92   91   89   87   85
   83   81   78   77   76   78   71   80   68                                   
    77.5-180.0 180.0   5.0 450.0                            LAT/LON1/LON2/DLON/H
   72   64   62   61   66   70   77   83   90   97  105  112  117  121  123  124
  123  121  119  116  114  112  111  110  109  108  107  105  103  100   97   94
   90   87   83   80   77   75   74   73   73   73   74   76   77   79   81   82
   84   85   87   88   89   89   89   89   89   89   88   87   86   84   83   81
   79   78   76   76   76   74   74   86   72                                   
    75.0-180.0 180.0   5.0 450.0                            LAT/LON1/LON2/DLON/H
   71   66   61   58   63   70   75   82   93  103  111  119  125  129  130  129
  127  123  120  117  114  113  112  113  113  114  114  114  113  110  107  104
   99   95   91   87   83   81   79   77   77   76   76   77   77   78   79   79
   80   80   80   80   80   80   80   80   79   79   78   78   77   76   76   75
   75   75   73   70   71   71   73   73   71                                   
    72.5-180.0 180.0   5.0 450.0                            LAT/LON1/LON2/DLON/H
   82   78   75   77   79   84   91   98  107  117  127  135  141  145  144  142
  137  131  126  121  119  117  118  120  122  124  126  126  126  124  120  116
  112  106  101   97   92   89   86   84   83   81   80   80   79   78   77   77
   76   75   74   73   72   72   71   70   70   70   70   70   70   70   71   72
   73   75   77   75   76   79   87   91   82                                   
    70.0-180.0 180.0   5.0 450.0                            LAT/LON1/LON2/DLON/H
   97   96   92   91   92   95  100  108  118  128  138  146  151  152  150  145
  138  130  123  118  116  115  117  120  123  126  127  128  127  124  121  116
  111  106  101   96   93   90   87   86   84   83   82   81   79   77   76   74
   72   70   69   67   66   64   63   63   62   62   63   63   65   66   68   71
   74   77   81   82   87   92  105  107   97                                   
    67.5-180.0 180.0   5.0 450.0                            LAT/LON1/LON2/DLON/H
  119  120  116  117  117  118  122  128  135  144  152  159  163  163  159  152
  143  134  126  120  117  117  118  121  124  126  126  125  123  120  116  111
  105  100   95   91   88   86   84   83   83   82   81   79   78   76   74   72
   70   68   66   65   63   62   61   60   60   60   61   62   64   67   70   74
   78   84   89   91   97  106  119  121  119                                   
    65.0-180.0 180.0   5.0 450.0                            LAT/LON1/LON2/DLON/H
  133  137  135  136  135  134  136  141  147  154  160  165  167  166  161  153
  144  134  126  121  118  117  117  118  119  118  116  113  109  105  100   95
   89   84   80   77   75   74   74   74   75   75   75   74   72   70   68   66
   65   64   63   62   61   60   59   58   58   58   59   60   63   66   70   74
   79   86   92   96  105  116  132  135  133                                   
    62.5-180.0 180.0   5.0 450.0                            LAT/LON1/LON2/DLON/H
  146  150  150  153  155  153  154  156  159  162  166  169  170  168  163  156
  148  139  132  126  123  120  118  115  112  108  103   98   92   87   82   77
   72   67   63   60   58   58   59   61   63   64   64   64   63   61   60   59
   58   58   58   58   58   58   58   57   57   57   58   59   62   66   70   75
   80   86   93   97  105  117  132  135  146                                   
    60.0-180.0 180.0   5.0 450.0                            LAT/LON1/LON2/DLON/H
  150  156  159  165  169  169  169  169  169  169  170  169  169  167  163  159
  153  147  141  135  130  125  119  112  105   97   90   83   78   73   69   64
   60   55   50   47   45   45   46   49   51   53   54   54   53   52   51   51
   52   53   54   55   56   57   56   56   56   56   56   58   61   65   69   74
   79   85   91   94  102  115  130  134  150                                   
    57.5-180.0 180.0   5.0 450.0                            LAT/LON1/LON2/DLON/H
  152  160  167  177  185  187  188  186  183  178  174  170  168  166  165  163
  161  158  153  147  140  131  121  111  100   90   81   75   71   68   65   61
   57   52   46   42   39   38   39   41   44   46   47   46   46   45   44   45
   46   48   50   52   54   55   55   55   55   54   55   57   60   64   69   74
   79   85   90   93   99  112  125  130  152                                   
    55.0-180.0 180.0   5.0 450.0                            LAT/LON1/LON2/DLON/H
  156  168  178  191  203  209  211  208  202  192  183  174  169  167  168  170
  171  171  167  161  151  139  126  112   99   88   81   77   75   75   74   71
   66   60   53   47   42   40   40   41   43   44   44   43   42   41   40   41
   42   44   47   49   52   53   54   54   53   52   53   55   60   65   71   77
   82   88   93   96  100  113  125  130  156                                   
    52.5-180.0 180.0   5.0 450.0                            LAT/LON1/LON2/DLON/H
  167  182  196  211  227  236  240  236  227  212  196  182  174  171  174  178
  183  184  181  173  162  147  131  116  103   94   90   90   91   94   94   92
   86   78   69   61   54   50   48   48   48   48   47   45   43   41   40   40
   41   42   45   47   50   51   52   52   51   51   52   55   60   67   75   82
   89   96  102  106  110  123  134  138  167                                   
    50.0-180.0 180.0   5.0 450.0                            LAT/LON1/LON2/DLON/H
  188  205  223  237  256  269  274  271  258  239  217  197  184  180  183  190
  195  197  194  186  173  157  141  127  116  110  109  112  117  120  121  117
  110  100   90   80   72   66   62   60   59   58   56   53   50   47   44   43
   43   43   45   46   49   51   52   51   51   50   52   56   63   72   82   91
   99  108  117  122  128  141  154  155  188                                   
    47.5-180.0 180.0   5.0 450.0                            LAT/LON1/LON2/DLON/H
  216  236  255  267  288  304  311  308  294  271  243  218  200  193  195  202
  208  210  206  197  185  170  156  144  136  133  135  140  145  148  146  139
  130  119  108   98   90   83   79   75   73   71   68   65   61   56   53   50
   48   47   47   47   49   51   52   52   52   52   55   60   69   80   91  101
  111  122  133  142  151  165  182  181  216                                   
    45.0-180.0 180.0   5.0 450.0                            LAT/LON1/LON2/DLON/H
  247  267  287  297  319  337  345  344  330  305  274  243  221  211  211  216
  222  223  219  210  199  188  177  168  163  162  164  168  170  168  161  150
  138  127  118  110  104   99   94   89   86   84   81   78   73   68   63   59
   56   53   51   51   52   54   55   56   55   56   60   67   77   89  101  112
  122  135  148  160  173  190  210  209  247                                   
    42.5-180.0 180.0   5.0 450.0                            LAT/LON1/LON2/DLON/H
  274  294  313  321  343  361  372  373  361  338  305  271  245  231  228  232
  235  236  232  226  218  211  204  198  194  192  191  190  185  177  164  149
  136  126  119  116  113  110  106  101   98   96   94   90   86   80   75   70
   65   61   58   56   57   59   60   61   61   62   67   75   86   99  110  120
  130  143  158  173  189  210  232  233  274                                   
    40.0-180.0 180.0   5.0 450.0                            LAT/LON1/LON2/DLON/H
  292  311  329  336  357  375  388  391  383  364  333  299  271  254  248  249
  251  251  248  245  242  238  235  230  224  219  213  205  193  177  159  142
  129  122  119  120  121  119  116  111  108  106  104  102   97   91   85   80
   74   70   66   64   64   66   68   68   68   69   74   83   95  107  117  126
  134  146  161  177  196  220  245  248  292                                   
    37.5-180.0 180.0   5.0 450.0                            LAT/LON1/LON2/DLON/H
  300  319  335  341  362  378  394  400  397  382  356  324  296  277  269  267
  267  267  267  267  268  268  266  261  252  242  230  216  198  179  160  144
  133  129  129  132  134  132  128  122  117  115  113  111  106  100   93   87
   82   77   74   72   73   75   76   76   75   75   80   89  101  113  122  130
  136  146  161  177  196  222  247  254  300                                   
    35.0-180.0 180.0   5.0 450.0                            LAT/LON1/LON2/DLON/H
  302  320  335  342  363  377  395  402  404  395  374  347  321  301  291  286
  285  285  287  291  295  298  296  289  277  263  247  230  212  194  179  167
  161  159  159  160  158  153  144  135  129  125  123  119  113  106   99   93
   88   84   81   80   82   84   85   84   82   82   86   94  106  117  126  132
  137  146  159  174  193  219  244  253  302                                   
    32.5-180.0 180.0   5.0 450.0                            LAT/LON1/LON2/DLON/H
  303  320  336  343  364  377  396  406  412  408  393  370  346  326  314  307
  305  305  309  315  322  325  323  313  299  283  268  255  243  234  228  225
  222  218  213  205  195  182  167  154  143  137  133  128  120  111  103   97
   92   89   87   88   90   93   93   92   89   87   91   99  110  121  130  136
  141  150  162  176  193  218  243  250  303                                   
    30.0-180.0 180.0   5.0 450.0                            LAT/LON1/LON2/DLON/H
  311  327  344  350  373  385  405  416  426  425  415  396  375  355  340  331
  326  326  331  339  347  350  346  335  321  308  299  295  297  303  310  315
  314  303  284  262  239  216  194  176  162  153  146  139  129  118  108  101
   97   94   93   93   96   99  100   98   95   93   96  104  116  127  137  145
  151  161  174  187  202  225  250  255  311                                   
    27.5-180.0 180.0   5.0 450.0                            LAT/LON1/LON2/DLON/H
  330  344  362  368  394  407  427  438  450  452  445  430  411  391  373  360
  353  351  355  363  371  373  367  355  344  338  341  354  374  397  418  428
  420  395  358  318  281  249  222  200  183  172  163  153  141  128  116  108
  102   98   97   97  100  103  104  102   99   99  103  111  123  135  147  158
  168  181  196  209  223  245  270  271  330                                   
    25.0-180.0 180.0   5.0 450.0                            LAT/LON1/LON2/DLON/H
  360  374  391  398  427  442  465  476  488  490  486  474  456  435  414  397
  385  381  384  390  395  395  388  378  373  378  396  426  464  502  530  537
  516  472  416  361  314  277  247  224  206  193  182  171  157  142  128  117
  109  104  100   99  101  104  105  105  104  106  111  121  133  146  161  175
  189  206  224  240  256  277  304  302  360                                   
    22.5-180.0 180.0   5.0 450.0                            LAT/LON1/LON2/DLON/H
  401  414  430  439  472  491  516  527  539  542  538  527  511  489  465  443
  427  419  418  421  423  420  413  408  411  428  460  503  552  596  621  617
  580  518  448  384  333  295  267  245  228  215  205  193  178  161  145  131
  119  110  102   99   98  101  103  105  108  113  122  133  146  161  177  194
  211  233  255  275  294  317  347  343  401                                   
    20.0-180.0 180.0   5.0 450.0                            LAT/LON1/LON2/DLON/H
  446  460  475  487  524  547  575  587  599  602  598  589  573  550  523  497
  475  463  458  457  456  452  448  449  461  487  527  574  621  657  670  650
  598  526  450  385  336  304  281  264  250  238  228  216  201  183  164  146
  130  115  103   95   92   93   96  101  107  117  129  143  158  175  193  212
  232  257  284  308  331  358  392  388  446                                   
    17.5-180.0 180.0   5.0 450.0                            LAT/LON1/LON2/DLON/H
  489  505  521  534  575  601  632  647  660  663  661  653  639  617  588  558
  532  515  505  501  498  496  497  505  523  552  589  627  659  676  668  632
  570  495  423  366  327  304  290  280  270  260  250  239  225  206  184  161
  139  118  101   89   83   82   86   92  102  116  131  148  166  185  206  227
  250  277  307  334  361  393  431  429  489                                   
    15.0-180.0 180.0   5.0 450.0                            LAT/LON1/LON2/DLON/H
  522  543  561  574  617  645  680  697  712  717  718  713  702  683  655  623
  595  574  562  556  554  556  563  575  593  615  637  654  660  650  620  568
  503  435  376  334  310  301  298  295  288  279  270  259  245  226  201  174
  146  120   99   84   75   73   77   85   97  113  131  151  171  192  215  239
  262  291  323  352  381  417  459  459  522                                   
    12.5-180.0 180.0   5.0 450.0                            LAT/LON1/LON2/DLON/H
  544  571  592  604  648  677  713  732  750  759  763  763  757  742  718  688
  660  640  627  623  623  629  638  650  661  668  667  655  630  591  539  479
  418  365  326  304  298  303  310  311  305  295  284  273  259  238  212  182
  151  123  100   83   73   71   74   82   95  112  131  152  174  197  222  246
  271  300  332  361  392  430  475  477  544                                   
    10.0-180.0 180.0   5.0 450.0                            LAT/LON1/LON2/DLON/H
  557  589  614  626  669  699  735  754  775  786  795  800  800  790  771  746
  722  704  695  693  696  703  711  717  716  704  677  635  581  518  453  393
  344  310  292  291  301  317  328  330  321  307  292  279  263  242  215  183
  152  124  101   85   76   73   76   84   96  112  130  151  174  199  226  251
  276  304  335  363  393  433  478  484  557                                   
     7.5-180.0 180.0   5.0 450.0                            LAT/LON1/LON2/DLON/H
  564  603  632  643  686  716  750  768  789  803  815  824  828  823  810  791
  772  759  753  753  758  764  769  767  753  721  671  606  532  458  392  341
