data/edconvlstm_nd/pred3300.15i
     1.0            IONOSPHERE MAPS     GNSS                IONEX VERSION / TYPE
pyspatialgeodesy        IME             05-JAN-18 20:20     PGM / RUN BY / DATE 
Map Name                                                    COMMENT             
Predicted global ionosphere maps (GIM).                     DESCRIPTION         
  2015    11    26     0     0     0                        EPOCH OF FIRST MAP  
  2015    11    27     0     0     0                        EPOCH OF LAST MAP   
  7200                                                      INTERVAL            
    13                                                      # OF MAPS IN FILE   
  NONE                                                      MAPPING FUNCTION    
10.0                                                        ELEVATION CUTOFF    
One-way carrier phase leveled to code                       OBSERVABLES USED    
  6371.0                                                    BASE RADIUS         
 2                                                          MAP DIMENSION       
   450.0 450.0   0.0                                        HGT1 / HGT2 / DHGT  
    87.5 -87.5  -2.5                                        LAT1 / LAT2 / DLAT  
  -180.0 180.0   5.0                                        LON1 / LON2 / DLON  
    -1                                                      EXPONENT            
                                                            END OF HEADER       
[from data line 5148]
    13                                                      START OF TEC MAP    
  2015    11    27     0     0     0                        EPOCH OF CURRENT MAP
    87.5-180.0 180.0   5.0 450.0                            LAT/LON1/LON2/DLON/H
   96   91   73   64   62   73   68   66   67   67   67   68   68   69   69   69
   68   68   68   67   66   66   65   64   63   62   61   60   59   58   57   57
   56   55   55   54   53   53   52   52   51   51   50   50   49   49   49   49
   49   49   49   49   49   49   50   50   51   51   52   52   53   53   54   55
   55   55   55   58   46   68   65   55   96                                   
    85.0-180.0 180.0   5.0 450.0                            LAT/LON1/LON2/DLON/H
   85   84   62   61   63   74   70   67   68   67   68   68   69   69   69   69
   69   69   69   69   68   68   67   66   65   64   64   63   62   61   61   60
   60   59   59   59   58   58   58   57   57   57   56   56   56   55   55   55
   55   55   55   55   55   55   55   55   55   55   56   56   56   56   57   57
   57   57   59   64   68   73   81   66   85                                   
    82.5-180.0 180.0   5.0 450.0                            LAT/LON1/LON2/DLON/H
   70   51   55   50   52   62   56   52   55   54   54   55   56   56   56   56
   55   55   54   53   52   50   49   48   46   45   44   42   42   41   40   40
   40   40   40   40   40   40   40   39   39   39   39   39   39   38   38   38
   38   38   38   38   37   37   37   37   37   37   38   38   38   38   39   40
   40   40   41   43   51   50   62   66   70                                   
    80.0-180.0 180.0   5.0 450.0                            LAT/LON1/LON2/DLON/H
   77   60   62   52   60   63   59   55   59   58   58   59   59   58   57   57
   56   54   53   52   50   48   46   44   42   41   39   38   37   36   36   36
   36   36   36   37   37   37   37   37   37   37   36   36   36   36   36   36
   36   36   36   36   36   36   36   36   36   37   37   37   38   38   39   40
   41   41   43   44   61   56   70   86   77                                   
    77.5-180.0 180.0   5.0 450.0                            LAT/LON1/LON2/DLON/H
   87   77   67   64   67   69   64   63   66   64   64   64   64   63   61   60
   58   57   55   53   51   48   46   43   41   38   36   35   34   33   33   33
   34   34   35   35   36   36   36   35   35   34   34   34   34   33   33   33
   33   33   34   34   34   35   35   36   36   36   37   37   38   39   40   40
   41   44   46   50   57   63   72   89   87                                   
    75.0-180.0 180.0   5.0 450.0                            LAT/LON1/LON2/DLON/H
   97   85   86   82   81   84   78   75   79   76   74   72   70   67   64   61
   58   56   53   51   49   46   43   40   38   35   33   32   31   31   31   32
   33   34   34   35   35   35   35   34   34   33   33   33   33   33   33   33
   33   34   34   35   35   36   37   38   39   40   40   41   42   43   44   45
   46   49   54   55   64   78   84   93   97                                   
    72.5-180.0 180.0   5.0 450.0                            LAT/LON1/LON2/DLON/H
  106  100  102   97   97   96   92   91   93   88   85   81   77   72   67   63
   59   57   54   52   50   48   45   42   39   37   35   33   32   32   33   34
   34   35   36   36   36   36   35   34   33   32   31   31   30   30   30   31
   31   32   33   34   35   36   37   39   40   41   42   43   44   45   47   49
   50   53   63   66   76   89   97  108  106                                   
    70.0-180.0 180.0   5.0 450.0                            LAT/LON1/LON2/DLON/H
  122  120  123  121  119  119  114  112  112  106  100   94   86   78   71   64
   59   56   54   52   50   48   46   43   41   38   36   35   34   34   34   35
   35   36   36   36   35   34   33   32   31   30   30   29   29   30   30   31
   32   33   35   36   38   40   42   44   45   47   48   49   51   52   55   58
   60   63   73   78   89  104  110  118  122                                   
    67.5-180.0 180.0   5.0 450.0                            LAT/LON1/LON2/DLON/H
  137  139  141  139  137  136  130  128  127  119  111  102   91   81   71   63
   56   52   50   49   48   46   44   42   39   37   35   33   32   32   32   32
   32   31   31   30   28   27   26   25   24   24   24   24   25   25   26   27
   28   30   32   34   36   39   41   44   46   48   50   52   54   56   59   62
   65   69   80   87  100  114  120  128  137                                   
    65.0-180.0 180.0   5.0 450.0                            LAT/LON1/LON2/DLON/H
  151  153  154  152  151  149  143  142  140  132  123  112   99   86   74   64
   57   52   50   48   47   45   43   41   38   36   34   32   31   30   29   29
   27   26   25   23   22   20   20   19   20   20   21   22   23   24   24   26
   27   28   30   33   36   39   42   45   48   51   53   56   58   61   65   69
   72   77   88   94  108  122  129  139  151                                   
    62.5-180.0 180.0   5.0 450.0                            LAT/LON1/LON2/DLON/H
  162  164  163  162  161  159  153  153  152  145  135  123  109   94   81   69
   61   56   53   51   49   47   44   41   38   36   34   32   31   30   28   27
   25   23   21   19   18   17   17   18   19   20   22   24   25   26   27   27
   28   29   31   34   37   40   44   47   51   55   58   62   65   69   73   78
   81   86   96  103  115  129  137  147  162                                   
    60.0-180.0 180.0   5.0 450.0                            LAT/LON1/LON2/DLON/H
  168  170  169  167  166  164  158  159  159  153  144  132  118  103   88   77
   68   62   58   54   51   47   43   39   37   35   33   32   31   30   28   26
   23   21   18   17   16   16   17   19   21   24   27   29   30   31   31   31
   31   31   32   34   37   41   45   49   53   57   61   66   70   76   81   86
   90   95  104  110  120  133  141  152  168                                   
    57.5-180.0 180.0   5.0 450.0                            LAT/LON1/LON2/DLON/H
  172  175  173  171  170  166  161  162  163  157  149  139  125  111   97   86
   77   70   65   59   53   47   42   38   35   34   33   33   33   31   29   27
   24   22   20   19   19   21   22   25   28   32   35   38   39   39   38   37
   35   34   35   36   39   42   47   51   55   60   64   70   76   82   89   96
   99  104  114  118  127  137  144  155  172                                   
    55.0-180.0 180.0   5.0 450.0                            LAT/LON1/LON2/DLON/H
  177  179  177  175  173  169  164  164  165  159  152  142  130  117  105   95
   86   79   71   63   55   47   41   37   35   35   35   36   36   35   33   31
   29   27   26   27   28   30   33   36   40   44   48   51   52   51   48   45
   42   40   40   41   43   46   50   55   59   63   68   74   81   88   97  105
  109  115  124  127  135  142  148  159  177                                   
    52.5-180.0 180.0   5.0 450.0                            LAT/LON1/LON2/DLON/H
  183  186  183  182  180  175  169  168  167  161  153  144  133  122  112  104
   95   86   77   67   57   48   42   39   38   39   41   43   43   42   40   38
   36   36   37   39   41   44   47   51   54   59   63   65   66   64   61   57
   52   49   48   48   50   53   56   60   63   66   71   77   85   93  103  112
  118  124  133  137  143  148  154  164  183                                   
    50.0-180.0 180.0   5.0 450.0                            LAT/LON1/LON2/DLON/H
  190  195  191  192  190  185  180  177  174  165  156  146  136  127  119  111
  102   92   81   69   59   51   46   44   45   48   51   53   53   52   49   47
   46   47   50   53   57   60   63   66   70   74   77   80   81   79   76   71
   66   62   60   60   61   63   65   67   69   72   76   81   89   97  108  118
  125  133  141  145  151  155  160  171  190                                   
    47.5-180.0 180.0   5.0 450.0                            LAT/LON1/LON2/DLON/H
  197  203  199  202  202  199  194  190  184  173  161  150  140  131  124  117
  108   96   84   72   62   56   53   55   58   62   65   66   65   62   58   56
   56   58   62   67   72   75   78   80   83   86   90   93   95   94   91   86
   81   77   75   74   75   76   77   77   78   80   83   87   94  102  112  122
  130  139  148  151  157  161  166  177  197                                   
    45.0-180.0 180.0   5.0 450.0                            LAT/LON1/LON2/DLON/H
  200  208  204  211  212  211  207  204  197  183  169  157  145  137  129  121
  111   99   87   76   69   65   66   70   75   79   80   79   75   69   64   62
   62   66   72   78   83   86   88   89   91   94   98  102  104  105  103  100
   96   93   91   89   89   89   89   89   89   90   92   95  100  107  116  126
  134  143  152  155  162  166  171  181  200                                   
    42.5-180.0 180.0   5.0 450.0                            LAT/LON1/LON2/DLON/H
  198  207  203  212  217  217  215  213  207  192  178  164  152  143  134  125
  114  102   90   82   78   79   83   89   94   96   95   90   81   73   67   64
   66   70   77   83   89   92   93   93   95   98  102  106  109  111  111  110
  108  106  104  103  102  101  100  100  100  101  103  105  109  113  121  129
  137  146  156  159  165  170  174  183  198                                   
    40.0-180.0 180.0   5.0 450.0                            LAT/LON1/LON2/DLON/H
  192  199  196  205  212  214  213  214  210  197  184  171  159  149  140  129
  117  106   96   91   91   95  102  108  112  111  105   96   84   74   67   65
   66   72   78   85   90   93   94   94   95   97  102  106  110  113  115  116
  115  114  113  111  110  108  108  108  110  111  113  116  118  122  127  135
  143  152  161  164  168  172  175  184  192                                   
    37.5-180.0 180.0   5.0 450.0                            LAT/LON1/LON2/DLON/H
  184  188  185  192  198  200  200  204  204  195  185  175  165  155  145  134
  122  112  105  104  106  112  119  123  123  118  109   96   83   73   67   65
   68   73   79   85   90   92   93   93   94   96  101  105  109  113  115  117
  117  117  115  113  111  110  111  112  115  119  123  126  128  131  136  144
  151  160  170  173  174  177  178  188  184                                   
    35.0-180.0 180.0   5.0 450.0                            LAT/LON1/LON2/DLON/H
  180  182  178  178  180  181  181  186  191  187  181  175  168  160  151  140
  129  121  117  117  121  126  129  129  125  117  106   93   82   73   69   69
   73   78   84   88   92   93   93   93   94   97  100  104  108  110  112  114
  115  114  112  109  107  107  109  112  118  124  129  134  138  142  148  156
  164  172  183  186  186  187  188  197  180                                   
    32.5-180.0 180.0   5.0 450.0                            LAT/LON1/LON2/DLON/H
  188  187  181  174  169  167  165  170  176  176  175  172  169  163  155  146
  137  131  129  130  133  134  132  127  119  110  100   91   84   79   78   81
   85   90   95   97   98   97   96   96   97   99  102  105  107  108  109  109
  109  107  104  101  100  100  104  110  117  126  134  141  147  153  161  171
  180  189  201  205  206  206  207  216  188                                   
    30.0-180.0 180.0   5.0 450.0                            LAT/LON1/LON2/DLON/H
  213  211  203  188  177  169  162  164  169  169  170  170  169  165  159  151
  144  140  140  140  138  133  126  117  109  102   97   94   92   93   96  101
  107  112  113  112  109  106  103  102  102  104  106  107  107  106  105  104
  103  100   96   93   92   94   99  107  117  127  138  147  156  165  176  189
  199  210  223  229  232  234  237  246  213                                   
    27.5-180.0 180.0   5.0 450.0                            LAT/LON1/LON2/DLON/H
  258  259  246  225  209  195  182  177  176  173  172  171  170  167  162  156
  151  148  146  143  136  126  114  105  100   99  101  104  110  116  123  131
  137  140  138  132  125  118  112  109  109  110  111  111  109  106  103  101
   98   94   90   87   87   90   97  107  119  131  144  156  167  179  193  208
  221  234  248  255  264  270  277  287  258                                   
    25.0-180.0 180.0   5.0 450.0                            LAT/LON1/LON2/DLON/H
  321  330  312  287  270  249  229  214  204  193  186  181  177  172  166  160
  155  151  148  140  128  114  103   97   98  104  113  124  136  147  157  166
  171  171  164  153  140  129  121  116  115  115  116  115  112  108  103   99
   95   91   87   85   87   92  101  113  125  139  153  167  182  196  213  230
  245  259  275  283  298  311  323  335  321                                   
    22.5-180.0 180.0   5.0 450.0                            LAT/LON1/LON2/DLON/H
  398  416  397  373  357  333  303  276  253  232  215  201  190  181  172  164
  157  152  144  132  118  105   98   99  108  120  136  152  167  180  191  199
  201  196  184  167  149  135  125  120  118  118  119  118  116  111  105  100
   96   92   88   87   91   98  109  122  135  149  164  180  197  214  233  252
  269  285  301  311  332  352  371  386  398                                   
    20.0-180.0 180.0   5.0 450.0                            LAT/LON1/LON2/DLON/H
  473  503  492  473  462  437  399  360  324  290  260  235  214  196  182  170
  160  151  139  126  112  104  105  115  130  148  165  182  198  210  219  223
  220  209  191  170  150  134  124  119  117  118  120  120  118  112  106  101
   96   93   90   90   95  104  117  130  144  159  175  192  211  230  251  272
  290  307  324  336  362  389  416  435  473                                   
    17.5-180.0 180.0   5.0 450.0                            LAT/LON1/LON2/DLON/H
  532  574  578  570  566  544  505  459  413  366  322  282  248  221  199  181
  166  153  139  126  117  116  127  145  165  182  198  212  223  231  234  231
  222  206  185  162  143  128  120  116  115  116  119  120  118  113  106  101
   96   93   91   92   98  109  123  138  152  167  184  203  223  244  266  288
  307  326  344  359  387  418  452  475  532                                   
    15.0-180.0 180.0   5.0 450.0                            LAT/LON1/LON2/DLON/H
  563  614  634  639  644  631  598  554  504  450  394  340  293  255  224  199
  179  162  148  137  135  144  164  187  207  221  229  235  238  237  232  222
  208  190  168  148  132  122  116  113  113  116  118  119  117  112  105  100
   96   93   91   93  100  112  128  144  160  175  193  213  234  256  279  301
  321  341  361  380  408  439  476  500  563                                   
    12.5-180.0 180.0   5.0 450.0                            LAT/LON1/LON2/DLON/H
  565  620  649  666  680  677  656  621  578  524  464  403  346  297  258  226
  202  182  168  162  167  186  212  237  253  257  254  247  237  226  214  200
  184  167  150  135  125  119  116  115  116  118  121  121  118  111  104   99
   96   93   93   95  103  116  133  150  167  183  201  222  245  269  292  314
  335  357  378  399  425  453  489  511  565                                   
    10.0-180.0 180.0   5.0 450.0                            LAT/LON1/LON2/DLON/H
  547  598  629  650  670  676  668  649  619  575  519  459  399  346  301  264
  235  214  201  200  212  237  266  288  294  285  265  243  222  203  187  172
  160  148  137  129  125  123  123  123  124  126  128  126  121  114  107  101
   99   97   97  100  108  122  139  157  174  190  209  232  256  280  304  327
  350  373  397  418  441  462  493  513  547                                   
     7.5-180.0 180.0   5.0 450.0                            LAT/LON1/LON2/DLON/H
  518  560  586  605  626  637  639  635  622  593  551  499  445  394  348  309
  278  257  246  249  266  293  320  333  324  296  260  224  196  176  162  152
