data/edconvlstm_nd/pred0240.15i
     1.0            IONOSPHERE MAPS     GNSS                IONEX VERSION / TYPE
pyspatialgeodesy        IME             05-JAN-18 20:20     PGM / RUN BY / DATE 
Map Name                                                    COMMENT             
Predicted global ionosphere maps (GIM).                     DESCRIPTION         
  2015     1    24     0     0     0                        EPOCH OF FIRST MAP  
  2015     1    25     0     0     0                        EPOCH OF LAST MAP   
  7200                                                      INTERVAL            
    13                                                      # OF MAPS IN FILE   
  NONE                                                      MAPPING FUNCTION    
10.0                                                        ELEVATION CUTOFF    
One-way carrier phase leveled to code                       OBSERVABLES USED    
  6371.0                                                    BASE RADIUS         
 2                                                          MAP DIMENSION       
   450.0 450.0   0.0                                        HGT1 / HGT2 / DHGT  
    87.5 -87.5  -2.5                                        LAT1 / LAT2 / DLAT  
  -180.0 180.0   5.0                                        LON1 / LON2 / DLON  
    -1                                                      EXPONENT            
                                                            END OF HEADER       
[from data line 5148]
    13                                                      START OF TEC MAP    
  2015     1    25     0     0     0                        EPOCH OF CURRENT MAP
    87.5-180.0 180.0   5.0 450.0                            LAT/LON1/LON2/DLON/H
   78   68   50   43   42   51   47   46   48   49   51   53   54   56   57   58
   58   59   59   60   60   60   60   59   59   59   59   58   58   57   57   56
   56   56   55   55   54   54   54   54   53   53   53   53   52   52   52   51
   51   50   49   49   48   47   46   45   44   43   42   41   40   39   38   38
   37   36   35   37   28   49   51   47   78                                   
    85.0-180.0 180.0   5.0 450.0                            LAT/LON1/LON2/DLON/H
   60   60   39   42   45   55   52   52   54   55   57   59   61   62   63   64
   65   65   65   65   64   64   63   62   61   60   59   58   57   56   55   54
   54   53   53   53   53   53   53   54   54   55   55   55   55   56   55   55
   55   54   53   52   51   50   49   48   46   45   44   43   42   41   40   39
   39   38   38   43   47   54   64   53   60                                   
    82.5-180.0 180.0   5.0 450.0                            LAT/LON1/LON2/DLON/H
   42   31   41   40   43   53   51   50   55   57   60   63   66   68   69   69
   69   68   67   66   64   61   59   56   54   51   49   46   44   42   41   40
   39   39   39   39   40   41   42   44   45   47   48   49   50   50   50   50
   49   49   47   46   45   43   41   40   38   36   35   34   32   31   31   31
   30   29   29   29   36   34   46   53   42                                   
    80.0-180.0 180.0   5.0 450.0                            LAT/LON1/LON2/DLON/H
   55   45   51   45   53   57   58   59   66   69   73   77   80   82   83   83
   82   81   79   76   72   68   64   60   57   53   50   47   45   43   41   40
   40   40   40   42   43   45   47   49   52   54   55   57   58   59   59   59
   58   57   56   54   52   50   48   46   44   42   40   38   37   36   35   34
   34   33   33   33   50   46   58   77   55                                   
    77.5-180.0 180.0   5.0 450.0                            LAT/LON1/LON2/DLON/H
   72   68   63   64   65   69   71   76   82   85   90   95   98  100  100  100
   98   95   91   87   82   77   72   67   62   58   54   51   48   45   44   43
   43   43   45   46   49   51   54   57   60   63   65   67   68   69   69   69
   68   67   65   63   61   58   56   53   51   48   46   44   43   42   41   41
   41   43   44   44   55   61   67   86   72                                   
    75.0-180.0 180.0   5.0 450.0                            LAT/LON1/LON2/DLON/H
   95   85   88   90   88   94   94   97  103  106  109  112  113  113  111  108
  104   99   93   87   81   76   70   65   60   56   53   50   48   46   45   45
   45   46   48   51   54   57   60   64   67   69   72   73   74   75   75   75
   74   72   71   68   66   63   60   58   55   53   51   49   49   49   49   50
   51   54   59   57   71   84   86  101   95                                   
    72.5-180.0 180.0   5.0 450.0                            LAT/LON1/LON2/DLON/H
  112  107  111  112  111  111  112  115  120  121  122  123  122  119  114  108
  101   94   87   80   74   69   64   60   58   55   53   51   49   47   47   46
   47   48   49   52   54   57   60   63   65   67   68   69   70   70   69   69
   68   67   65   63   61   58   56   53   51   49   48   47   47   49   51   55
   57   63   72   73   87  101  107  123  112                                   
    70.0-180.0 180.0   5.0 450.0                            LAT/LON1/LON2/DLON/H
  136  132  134  138  136  136  134  136  139  138  137  135  131  125  117  108
   98   88   79   71   65   61   57   55   54   53   52   51   49   49   48   48
   48   49   50   52   54   56   58   60   61   62   63   63   63   62   62   61
   61   60   59   58   57   55   53   51   50   49   48   49   50   53   57   63
   67   74   85   90  103  120  125  139  136                                   
    67.5-180.0 180.0   5.0 450.0                            LAT/LON1/LON2/DLON/H
  155  154  154  158  155  153  150  150  151  148  145  141  134  125  114  102
   90   78   68   60   54   51   49   48   48   48   48   47   46   45   44   43
   43   42   43   43   44   45   47   48   48   48   48   47   46   45   44   44
   44   45   45   45   45   45   44   43   43   43   44   45   48   52   57   64
   70   78   91   98  113  131  136  151  155                                   
    65.0-180.0 180.0   5.0 450.0                            LAT/LON1/LON2/DLON/H
  169  168  168  171  170  166  161  162  162  157  153  148  140  129  116  102
   87   74   63   55   50   47   46   46   46   46   45   45   43   42   40   38
   37   35   34   34   34   35   35   36   36   36   35   34   33   32   31   32
   33   34   35   36   37   38   39   39   40   41   42   45   49   53   60   67
   74   84   97  104  119  137  144  160  169                                   
    62.5-180.0 180.0   5.0 450.0                            LAT/LON1/LON2/DLON/H
  177  179  178  182  181  178  172  172  172  167  163  157  148  137  123  108
   93   79   67   59   54   51   49   48   47   46   44   43   41   39   36   34
   31   29   27   26   26   27   27   28   29   29   28   27   26   25   25   26
   27   30   32   34   36   37   39   40   42   44   46   49   54   59   67   75
   82   91  104  110  123  141  149  165  177                                   
    60.0-180.0 180.0   5.0 450.0                            LAT/LON1/LON2/DLON/H
  181  185  186  188  188  185  179  179  178  173  169  163  155  144  131  117
  103   89   78   69   63   58   54   51   47   44   42   39   37   34   31   29
   26   23   22   21   21   22   23   25   26   27   27   26   26   25   25   26
   28   30   33   36   38   40   42   44   46   48   51   55   60   67   75   84
   91   99  112  118  128  143  152  169  181                                   
    57.5-180.0 180.0   5.0 450.0                            LAT/LON1/LON2/DLON/H
  184  191  193  195  195  193  186  185  184  178  173  168  161  152  141  129
  117  104   93   83   74   67   60   53   48   43   38   35   33   30   28   25
   23   21   20   20   21   23   25   27   29   31   32   32   31   31   31   32
   33   36   39   42   44   47   49   51   53   55   58   63   69   77   86   96
  104  113  125  131  140  150  158  176  184                                   
    55.0-180.0 180.0   5.0 450.0                            LAT/LON1/LON2/DLON/H
  191  200  203  204  205  203  196  193  191  183  177  171  165  158  150  141
  130  119  107   96   85   75   65   56   48   41   37   33   31   29   27   25
   24   23   23   25   27   29   32   35   38   40   42   43   43   42   42   42
   44   46   49   52   54   57   58   59   61   63   66   71   78   88   99  111
  120  130  143  149  157  163  170  187  191                                   
    52.5-180.0 180.0   5.0 450.0                            LAT/LON1/LON2/DLON/H
  203  214  215  216  219  217  210  205  200  190  181  174  168  162  156  149
  141  130  119  106   93   81   70   59   50   43   38   35   33   32   31   30
   29   30   32   34   38   41   45   48   51   54   57   58   58   58   57   57
   58   59   61   64   66   68   68   68   68   69   73   78   87   98  111  126
  137  149  163  170  178  181  185  202  203                                   
    50.0-180.0 180.0   5.0 450.0                            LAT/LON1/LON2/DLON/H
  218  230  229  232  236  235  228  222  214  201  188  178  171  165  160  154
  147  137  125  111   98   86   75   64   56   49   44   42   40   39   38   37
   38   40   43   48   53   57   61   63   66   70   73   75   76   75   74   73
   73   74   76   77   78   79   78   76   75   76   79   84   94  106  121  137
  151  165  180  189  198  200  203  219  218                                   
    47.5-180.0 180.0   5.0 450.0                            LAT/LON1/LON2/DLON/H
  233  246  244  248  255  255  249  243  232  215  199  186  176  169  163  157
  149  138  126  113  101   90   81   72   65   59   55   52   50   49   47   46
   47   50   56   62   68   73   76   78   81   84   88   91   92   92   90   89
   88   88   89   90   90   89   87   84   82   82   84   90   99  112  128  145
  160  176  192  202  213  218  220  234  233                                   
    45.0-180.0 180.0   5.0 450.0                            LAT/LON1/LON2/DLON/H
  245  259  255  263  271  273  269  263  252  233  214  198  185  175  167  159
  149  138  126  114  104   97   90   84   78   73   69   65   62   59   56   54
   54   58   64   73   80   85   88   89   91   95   99  103  106  106  104  101
  100  100  100  100  100   98   95   92   89   89   91   96  104  116  131  147
  163  180  197  209  222  230  234  245  245                                   
    42.5-180.0 180.0   5.0 450.0                            LAT/LON1/LON2/DLON/H
  251  265  260  270  280  283  282  279  269  251  231  213  197  185  175  164
  151  139  127  118  112  107  104  100   95   89   83   77   71   65   60   56
   56   60   68   78   86   92   94   95   97  101  106  111  114  114  113  110
  108  108  108  108  107  105  102   99   97   97   99  103  110  119  132  147
  161  178  196  210  224  236  241  250  251                                   
    40.0-180.0 180.0   5.0 450.0                            LAT/LON1/LON2/DLON/H
  251  263  258  266  276  280  283  284  278  263  246  228  213  199  186  172
  158  145  134  128  125  124  123  119  113  105   95   85   76   68   60   56
   55   59   67   78   88   94   96   97   99  103  110  115  119  119  117  114
  112  112  112  112  112  111  108  106  105  105  107  111  117  124  134  146
  159  174  193  208  223  237  245  253  251                                   
    37.5-180.0 180.0   5.0 450.0                            LAT/LON1/LON2/DLON/H
  250  259  251  255  263  266  270  275  275  266  254  240  227  214  200  185
  170  157  149  145  144  144  142  136  126  114  100   88   76   67   59   54
   53   57   66   77   87   93   95   97   99  104  111  117  120  120  117  115
  112  111  112  113  114  114  113  112  112  113  117  121  125  131  139  150
  161  175  194  209  224  241  251  260  250                                   
    35.0-180.0 180.0   5.0 450.0                            LAT/LON1/LON2/DLON/H
  254  261  249  245  247  248  250  257  262  259  253  246  237  226  214  199
  185  174  168  166  165  163  156  145  130  114   99   85   74   66   60   56
   56   60   69   79   89   95   97   98  101  106  113  118  119  118  115  111
  108  107  107  109  111  113  113  114  116  120  125  130  136  142  150  160
  171  184  205  220  236  253  267  279  254                                   
    32.5-180.0 180.0   5.0 450.0                            LAT/LON1/LON2/DLON/H
  271  278  261  247  241  235  234  239  247  248  247  245  241  234  224  212
  200  192  188  186  183  175  162  144  125  108   93   82   74   70   68   66
   67   72   80   89   96  101  102  104  106  111  116  119  118  115  110  105
  101   98   98  101  104  108  110  113  117  124  131  139  147  155  166  178
  190  205  226  243  262  279  297  312  271                                   
    30.0-180.0 180.0   5.0 450.0                            LAT/LON1/LON2/DLON/H
  310  318  293  267  253  240  232  233  238  240  241  242  241  237  229  220
  211  205  202  199  191  177  157  135  115   99   89   83   82   83   85   88
   90   94  100  106  111  113  113  113  115  118  121  120  117  111  104   97
   91   88   87   90   95  100  104  108  115  124  135  146  158  171  186  202
  218  235  258  277  301  319  338  359  310                                   
    27.5-180.0 180.0   5.0 450.0                            LAT/LON1/LON2/DLON/H
  373  383  349  312  290  268  252  246  246  244  244  244  242  238  231  223
  216  211  207  201  187  167  143  121  105   95   92   93   99  106  113  120
  124  127  129  131  131  130  128  126  126  127  126  122  115  106   97   88
   81   77   76   79   85   91   96  101  109  121  136  152  169  188  210  232
  253  274  300  320  350  370  391  417  373                                   
    25.0-180.0 180.0   5.0 450.0                            LAT/LON1/LON2/DLON/H
  452  468  428  381  353  324  299  284  275  268  262  256  250  243  234  225
  217  211  203  191  172  149  126  110  101  101  106  115  127  139  151  160
  166  166  163  158  153  148  143  140  137  135  130  122  112  101   90   80
   73   68   67   70   76   83   88   95  104  119  137  158  182  207  236  266
  294  321  348  371  405  430  452  481  452                                   
    22.5-180.0 180.0   5.0 450.0                            LAT/LON1/LON2/DLON/H
  534  560  523  473  441  407  373  348  329  313  298  284  271  257  243  230
  218  207  194  175  154  132  115  108  110  120  134  149  164  179  193  203
  206  202  193  182  172  163  156  151  146  140  132  121  108   96   85   75
   67   62   61   65   71   77   83   90  101  118  140  166  195  227  263  301
  336  369  398  423  460  491  516  544  534                                   
    20.0-180.0 180.0   5.0 450.0                            LAT/LON1/LON2/DLON/H
  604  644  619  575  543  507  467  433  405  379  355  330  307  284  263  244
  226  208  187  164  142  125  118  122  136  155  175  192  207  220  231  238
  237  227  212  196  182  171  163  157  150  142  131  118  104   92   82   73
   65   61   59   63   68   75   81   88  100  120  145  176  209  247  289  333
  373  409  439  465  503  539  568  594  604                                   
    17.5-180.0 180.0   5.0 450.0                            LAT/LON1/LON2/DLON/H
  651  704  695  666  639  606  567  529  494  460  426  392  359  327  298  271
  245  218  190  165  145  136  140  156  180  205  225  238  247  253  257  256
  249  235  216  198  183  173  165  158  151  140  128  115  102   91   82   74
   67   63   61   63   68   75   81   90  104  125  153  186  224  265  311  357
  398  434  463  489  525  562  594  619  651                                   
    15.0-180.0 180.0   5.0 450.0                            LAT/LON1/LON2/DLON/H
  668  730  737  724  706  682  649  614  579  542  503  462  421  382  346  312
  277  243  209  182  167  167  182  208  237  261  274  278  274  269  263  255
  243  226  207  189  177  168  162  156  148  137  125  112  101   92   85   78
   72   67   65   67   71   77   84   95  111  134  163  198  237  280  326  371
  411  444  469  492  525  558  590  615  668                                   
    12.5-180.0 180.0   5.0 450.0                            LAT/LON1/LON2/DLON/H
  659  721  739  740  734  720  697  670  641  608  571  529  486  443  403  364
  324  282  245  218  209  217  240  270  296  311  311  300  283  266  252  239
  224  207  190  177  168  162  158  153  145  134  122  112  103   96   90   84
   79   74   72   72   76   82   91  104  122  146  175  209  247  289  334  376
  412  440  462  481  507  534  565  590  659                                   
    10.0-180.0 180.0   5.0 450.0                            LAT/LON1/LON2/DLON/H
  631  686  709  720  725  720  707  690  671  645  614  578  540  501  463  423
  380  335  296  270  265  279  304  330  344  343  326  300  273  249  231  216
  202  188  176  166  161  159  156  151  143  133  123  115  109  104   98   92
   87   82   80   79   82   89  101  116  136  159  187  219  256  295  336  375
  406  430  448  463  483  503  531  556  631                                   
     7.5-180.0 180.0   5.0 450.0                            LAT/LON1/LON2/DLON/H
  594  638  662  678  689  690  685  677  666  650  628  602  573  543  513  479
  438  394  355  332  329  343  364  376  371  349  317  282  251  228  211  199
