data/edconvlstm_nd/pred1860.15i
     1.0            IONOSPHERE MAPS     GNSS                IONEX VERSION / TYPE
pyspatialgeodesy        IME             05-JAN-18 20:20     PGM / RUN BY / DATE 
Map Name                                                    COMMENT             
Predicted global ionosphere maps (GIM).                     DESCRIPTION         
  2015     7     5     0     0     0                        EPOCH OF FIRST MAP  
  2015     7     6     0     0     0                        EPOCH OF LAST MAP   
  7200                                                      INTERVAL            
    13                                                      # OF MAPS IN FILE   
  NONE                                                      MAPPING FUNCTION    
10.0                                                        ELEVATION CUTOFF    
One-way carrier phase leveled to code                       OBSERVABLES USED    
  6371.0                                                    BASE RADIUS         
 2                                                          MAP DIMENSION       
   450.0 450.0   0.0                                        HGT1 / HGT2 / DHGT  
    87.5 -87.5  -2.5                                        LAT1 / LAT2 / DLAT  
  -180.0 180.0   5.0                                        LON1 / LON2 / DLON  
    -1                                                      EXPONENT            
                                                            END OF HEADER       
[from data line 5148]
    13                                                      START OF TEC MAP    
  2015     7     6     0     0     0                        EPOCH OF CURRENT MAP
    87.5-180.0 180.0   5.0 450.0                            LAT/LON1/LON2/DLON/H
  148  147  155  148  150  149  145  144  143  142  141  140  139  138  136  135
  134  133  131  130  129  128  127  125  124  123  122  121  120  119  118  117
  116  116  115  115  115  115  115  115  115  116  116  117  118  119  120  121
  122  123  124  125  126  127  128  129  130  131  132  133  134  134  136  137
  138  140  142  141  138  138  142  153  148                                   
    85.0-180.0 180.0   5.0 450.0                            LAT/LON1/LON2/DLON/H
  165  161  153  155  162  160  156  154  153  151  149  147  145  144  142  140
  138  136  135  133  131  130  128  126  125  123  121  120  118  117  116  115
  114  114  113  113  113  113  113  114  114  115  116  117  119  120  122  123
  125  126  128  129  130  132  133  134  136  137  138  140  141  142  144  145
  147  150  152  155  147  151  154  158  165                                   
    82.5-180.0 180.0   5.0 450.0                            LAT/LON1/LON2/DLON/H
  169  167  169  167  173  173  168  166  164  161  158  156  153  150  147  145
  143  141  139  136  134  132  130  127  125  122  120  117  115  113  111  110
  109  108  108  107  107  108  108  109  110  112  113  115  117  119  121  123
  125  127  129  130  132  134  135  137  138  140  142  144  145  147  149  152
  154  157  160  159  159  150  152  155  169                                   
    80.0-180.0 180.0   5.0 450.0                            LAT/LON1/LON2/DLON/H
  175  179  173  172  177  178  177  175  172  168  164  161  157  154  151  149
  146  144  143  141  138  136  133  130  126  123  119  116  113  110  108  106
  105  105  105  105  105  106  107  108  109  111  113  115  118  121  123  126
  129  131  133  135  136  138  139  140  141  143  144  146  147  149  151  154
  155  157  160  159  168  160  165  170  175                                   
    77.5-180.0 180.0   5.0 450.0                            LAT/LON1/LON2/DLON/H
  183  184  177  179  181  181  182  180  177  172  168  164  160  157  155  153
  151  150  149  148  147  144  141  137  133  128  123  119  115  112  110  108
  108  108  108  109  110  111  112  113  115  117  119  122  125  128  132  135
  138  140  142  144  145  145  146  146  146  146  146  147  147  148  150  152
  153  156  157  158  166  166  168  177  183                                   
    75.0-180.0 180.0   5.0 450.0                            LAT/LON1/LON2/DLON/H
  185  181  175  178  181  181  181  179  176  170  166  163  159  157  155  154
  154  155  156  156  155  153  149  145  139  133  127  121  117  113  111  111
  111  112  113  114  116  117  118  119  120  122  124  127  130  134  138  142
  145  147  149  150  150  150  149  147  146  145  144  144  143  143  144  145
  145  148  149  145  153  160  162  175  185                                   
    72.5-180.0 180.0   5.0 450.0                            LAT/LON1/LON2/DLON/H
  172  175  172  174  177  177  178  177  175  170  166  162  159  157  156  157
  159  161  163  164  164  162  159  153  146  138  130  124  118  115  113  113
  114  116  118  120  121  122  123  123  124  125  127  130  133  137  141  145
  149  151  153  153  153  151  149  147  145  143  141  140  140  139  139  140
  139  140  142  139  143  149  156  175  172                                   
    70.0-180.0 180.0   5.0 450.0                            LAT/LON1/LON2/DLON/H
  167  167  168  172  175  177  178  178  176  171  168  165  162  160  160  162
  164  168  171  174  174  172  167  160  151  142  133  125  120  117  116  117
  120  123  125  128  129  129  129  129  129  129  130  132  135  139  143  148
  152  154  156  156  155  153  150  148  145  143  141  140  140  139  139  140
  138  138  140  137  142  147  155  175  167                                   
    67.5-180.0 180.0   5.0 450.0                            LAT/LON1/LON2/DLON/H
  165  167  168  170  174  175  177  177  177  173  170  167  164  162  162  164
  167  171  174  177  178  175  169  161  150  139  129  121  116  114  114  117
  120  124  127  129  130  130  129  128  127  126  127  128  131  135  139  143
  147  150  151  152  150  148  146  143  141  140  139  139  139  139  140  140
  139  139  139  136  141  146  154  178  165                                   
    65.0-180.0 180.0   5.0 450.0                            LAT/LON1/LON2/DLON/H
  166  167  169  171  174  175  178  179  179  176  173  171  168  166  165  166
  168  171  174  176  175  172  165  156  145  134  124  117  112  112  113  117
  121  125  127  129  129  128  127  125  123  122  122  123  125  128  132  136
  140  142  144  144  143  142  140  138  137  137  138  139  141  142  144  145
  143  143  143  139  145  151  160  185  166                                   
    62.5-180.0 180.0   5.0 450.0                            LAT/LON1/LON2/DLON/H
  170  172  174  175  176  178  181  182  183  180  178  176  173  170  168  167
  167  168  169  170  168  164  157  148  137  127  119  113  111  112  115  119
  122  125  127  127  126  125  123  120  119  118  117  117  119  121  124  127
  130  133  134  135  135  134  133  134  134  136  138  142  145  148  150  152
  151  151  151  147  153  159  169  195  170                                   
    60.0-180.0 180.0   5.0 450.0                            LAT/LON1/LON2/DLON/H
  175  179  181  180  180  182  184  186  188  185  183  181  178  174  170  167
  165  163  161  159  156  152  145  137  129  121  115  112  113  115  119  123
  125  127  126  124  122  120  117  116  114  114  113  113  114  115  117  119
  121  123  125  126  126  127  128  130  133  136  140  145  150  154  157  159
  159  159  159  156  163  170  180  205  175                                   
    57.5-180.0 180.0   5.0 450.0                            LAT/LON1/LON2/DLON/H
  181  187  188  187  185  187  190  192  192  190  188  185  181  177  172  167
  162  157  152  148  143  139  134  128  123  119  116  117  120  124  128  130
  131  129  126  122  118  115  113  112  112  111  111  111  111  112  112  113
  115  116  117  119  120  122  125  129  134  139  144  150  155  159  163  166
  167  168  168  166  173  180  192  216  181                                   
    55.0-180.0 180.0   5.0 450.0                            LAT/LON1/LON2/DLON/H
  187  195  195  193  191  193  196  198  198  194  191  188  183  178  173  166
  159  152  145  139  134  130  127  124  123  122  124  128  133  137  141  142
  139  134  128  122  117  114  112  111  112  112  113  113  112  112  111  111
  112  113  114  116  118  122  127  133  139  145  151  156  161  166  170  173
  174  176  177  176  183  191  203  225  187                                   
    52.5-180.0 180.0   5.0 450.0                            LAT/LON1/LON2/DLON/H
  193  201  201  200  198  201  205  206  205  200  195  190  185  179  174  167
  159  151  143  136  131  129  128  128  130  133  138  144  150  155  157  155
  149  142  133  125  119  116  114  114  114  116  116  117  116  115  114  114
  114  114  116  118  121  126  133  140  147  154  160  165  169  173  176  179
  181  183  186  186  193  200  212  234  193                                   
    50.0-180.0 180.0   5.0 450.0                            LAT/LON1/LON2/DLON/H
  200  207  207  207  207  211  216  216  214  206  199  192  186  181  175  169
  162  154  146  140  137  136  137  140  144  150  157  164  170  174  174  169
  161  151  141  132  126  122  120  119  120  121  122  123  123  122  121  120
  120  121  122  125  129  135  143  151  159  167  172  176  179  181  184  187
  189  192  196  197  203  210  222  242  200                                   
    47.5-180.0 180.0   5.0 450.0                            LAT/LON1/LON2/DLON/H
  209  213  214  216  217  223  228  228  224  214  205  196  189  183  178  173
  167  161  155  151  149  150  153  158  164  171  178  185  190  191  189  182
  172  161  151  143  137  132  129  128  127  128  129  130  131  130  129  129
  130  131  133  136  140  146  154  164  173  181  186  189  191  192  194  196
  198  202  207  209  215  221  233  252  209                                   
    45.0-180.0 180.0   5.0 450.0                            LAT/LON1/LON2/DLON/H
  220  220  222  227  230  236  242  242  236  224  213  202  194  187  183  178
  174  171  168  167  167  170  175  180  186  192  198  203  206  206  201  192
  182  172  163  156  150  146  141  138  136  136  137  138  139  140  139  140
  141  143  145  148  152  158  167  177  187  195  201  205  206  206  207  209
  211  216  222  224  229  234  245  264  220                                   
    42.5-180.0 180.0   5.0 450.0                            LAT/LON1/LON2/DLON/H
  235  232  234  241  245  251  256  255  249  236  223  211  201  194  189  185
  183  182  183  185  188  193  197  202  206  211  215  218  219  216  210  201
  191  183  176  170  165  160  155  149  146  145  146  148  149  149  150  151
  152  155  157  160  164  169  177  188  199  209  217  221  223  223  223  225
  227  232  239  240  246  250  261  280  235                                   
    40.0-180.0 180.0   5.0 450.0                            LAT/LON1/LON2/DLON/H
  255  249  252  259  262  267  270  268  262  250  236  223  212  203  197  194
  193  194  198  203  209  214  219  222  224  227  229  230  228  224  217  208
  200  193  188  184  180  174  168  161  156  155  156  158  159  159  159  160
  162  165  168  170  173  178  186  197  209  221  231  238  241  241  241  242
  245  250  257  259  266  270  280  298  255                                   
    37.5-180.0 180.0   5.0 450.0                            LAT/LON1/LON2/DLON/H
  279  272  275  281  283  285  284  282  276  265  253  240  227  216  208  204
  203  206  212  219  227  233  237  239  240  240  241  240  237  232  224  215
  208  202  198  195  192  186  179  172  167  165  166  168  169  168  167  166
  168  171  174  177  180  184  192  203  217  232  245  254  259  260  260  261
  262  268  275  278  286  291  303  320  279                                   
    35.0-180.0 180.0   5.0 450.0                            LAT/LON1/LON2/DLON/H
  308  302  305  309  307  305  300  296  292  283  273  261  247  234  224  218
  216  219  225  234  242  248  252  253  253  253  253  251  247  240  231  222
  215  209  206  203  200  194  187  181  177  176  177  179  178  176  172  170
  171  173  177  180  182  187  194  206  222  239  256  268  275  277  277  277
  278  283  291  295  306  313  326  343  308                                   
    32.5-180.0 180.0   5.0 450.0                            LAT/LON1/LON2/DLON/H
  339  337  340  341  336  329  320  315  311  305  297  286  273  258  245  236
  232  234  239  247  255  261  265  266  267  267  266  264  258  250  239  229
  220  214  210  206  202  197  191  186  184  184  187  188  186  181  174  170
  169  171  174  178  181  185  193  205  222  242  262  278  287  290  290  289
  290  295  303  308  322  332  349  366  339                                   
    30.0-180.0 180.0   5.0 450.0                            LAT/LON1/LON2/DLON/H
  371  373  378  378  369  358  346  338  335  331  326  317  305  289  274  262
  255  253  256  261  268  274  278  280  281  282  281  277  270  259  246  234
  223  215  209  204  199  195  191  188  188  190  192  193  189  182  173  166
  163  165  168  172  175  181  189  201  219  241  263  281  293  298  298  297
  298  303  311  318  335  347  368  387  371                                   
    27.5-180.0 180.0   5.0 450.0                            LAT/LON1/LON2/DLON/H
  399  405  413  415  405  392  378  368  364  362  359  353  343  328  312  297
  286  279  277  279  282  287  292  295  297  297  294  289  279  265  250  235
  221  210  201  194  190  187  185  185  187  190  193  192  187  178  167  158
  154  154  158  162  167  173  181  194  213  235  259  279  294  301  303  303
  305  309  317  326  344  358  384  406  399                                   
    25.0-180.0 180.0   5.0 450.0                            LAT/LON1/LON2/DLON/H
  421  430  443  449  440  428  414  404  399  397  396  393  386  374  359  343
  328  315  306  301  301  303  307  310  311  309  305  296  282  266  247  228
  211  196  185  178  174  174  175  178  181  185  187  185  179  169  157  148
  142  142  145  150  156  163  172  185  204  226  251  273  290  300  305  308
  311  316  324  332  350  366  396  421  421                                   
    22.5-180.0 180.0   5.0 450.0                            LAT/LON1/LON2/DLON/H
  433  444  462  476  470  463  451  441  436  434  434  435  433  426  415  399
  381  362  344  331  324  321  322  323  322  317  308  294  277  256  234  212
  191  174  161  154  153  155  160  165  169  172  173  171  165  155  144  135
  129  129  131  137  143  151  162  176  194  217  241  265  284  297  306  313
  318  324  331  339  355  370  404  433  433                                   
    20.0-180.0 180.0   5.0 450.0                            LAT/LON1/LON2/DLON/H
  436  447  470  492  492  490  484  476  471  468  470  475  479  479  474  462
  442  417  390  367  350  341  336  333  326  316  301  282  260  236  211  186
  164  146  134  129  129  134  140  146  150  152  153  151  146  138  129  121
  116  115  118  124  131  140  152  166  185  207  232  256  277  294  308  319
  327  335  342  348  362  374  410  441  436                                   
    17.5-180.0 180.0   5.0 450.0                            LAT/LON1/LON2/DLON/H
  431  440  467  495  501  506  505  502  498  496  499  508  519  527  530  523
  504  475  440  406  378  360  348  337  323  305  283  258  232  206  180  156
  135  120  110  106  108  113  120  125  128  129  129  128  126  121  115  109
  106  105  108  113  121  130  143  158  177  199  223  248  271  292  311  327
  339  348  356  361  370  380  415  448  431                                   
    15.0-180.0 180.0   5.0 450.0                            LAT/LON1/LON2/DLON/H
  421  428  457  488  499  509  515  515  514  512  517  530  547  563  574  573
  558  528  486  442  404  375  353  334  312  286  257  227  198  172  148  128
  112   99   92   89   91   96  101  105  106  107  107  108  108  107  104  100
   97   97   99  104  112  123  136  153  172  193  217  243  268  292  315  336
  352  363  372  375  382  388  421  453  421                                   
    12.5-180.0 180.0   5.0 450.0                            LAT/LON1/LON2/DLON/H
  413  417  444  474  489  503  512  516  517  517  524  539  561  583  600  605
  594  565  521  470  422  383  351  323  293  260  226  193  164  140  123  108
   96   87   82   81   84   87   90   91   91   91   92   95   98   99   98   95
   92   91   93   98  107  119  133  151  170  192  215  241  267  294  321  345
  364  378  388  392  397  399  430  461  413                                   
    10.0-180.0 180.0   5.0 450.0                            LAT/LON1/LON2/DLON/H
  409  410  434  460  475  490  501  509  512  514  522  539  562  586  605  613
  606  580  536  481  427  380  341  306  269  231  194  161  136  119  108   99
   91   86   83   83   85   87   88   87   85   85   87   91   96   98   97   94
   90   88   89   95  104  117  134  152  172  194  217  242  269  298  327  354
  375  391  403  408  414  414  442  471  409                                   
     7.5-180.0 180.0   5.0 450.0                            LAT/LON1/LON2/DLON/H
  413  411  431  451  463  476  487  496  502  506  515  531  552  574  591  600
  595  571  530  475  418  367  324  284  245  205  168  139  121  111  105  101
