data/edconvlstm_nd/pred2380.15i
     1.0            IONOSPHERE MAPS     GNSS                IONEX VERSION / TYPE
pyspatialgeodesy        IME             05-JAN-18 20:20     PGM / RUN BY / DATE 
Map Name                                                    COMMENT             
Predicted global ionosphere maps (GIM).                     DESCRIPTION         
  2015     8    26     0     0     0                        EPOCH OF FIRST MAP  
  2015     8    27     0     0     0                        EPOCH OF LAST MAP   
  7200                                                      INTERVAL            
    13                                                      # OF MAPS IN FILE   
  NONE                                                      MAPPING FUNCTION    
10.0                                                        ELEVATION CUTOFF    
One-way carrier phase leveled to code                       OBSERVABLES USED    
  6371.0                                                    BASE RADIUS         
 2                                                          MAP DIMENSION       
   450.0 450.0   0.0                                        HGT1 / HGT2 / DHGT  
    87.5 -87.5  -2.5                                        LAT1 / LAT2 / DLAT  
  -180.0 180.0   5.0                                        LON1 / LON2 / DLON  
    -1                                                      EXPONENT            
                                                            END OF HEADER       
[from data line 3861]
    10                                                      START OF TEC MAP    
  2015     8    26    18     0     0                        EPOCH OF CURRENT MAP
    87.5-180.0 180.0   5.0 450.0                            LAT/LON1/LON2/DLON/H
  120  121  114  120  124  122  122  121  121  124  123  124  125  125  126  126
  127  127  127  127  126  126  125  125  124  123  122  121  120  119  118  117
  116  115  114  113  112  112  111  110  110  109  109  108  108  107  107  107
  107  107  107  107  107  107  107  108  108  108  108  109  109  110  110  110
  110  111  110  109  118  115  127  125  120                                   
    85.0-180.0 180.0   5.0 450.0                            LAT/LON1/LON2/DLON/H
  122  121  130  120  120  124  125  127  128  130  130  132  132  133  134  134
  135  135  135  135  134  134  133  132  131  130  129  127  126  124  123  121
  120  119  118  116  116  115  114  113  112  112  111  111  110  109  109  109
  108  108  108  108  108  108  108  109  109  109  110  110  110  111  111  111
  113  113  110  108  111  110  114  114  122                                   
    82.5-180.0 180.0   5.0 450.0                            LAT/LON1/LON2/DLON/H
  105  110  113  109  111  116  120  121  122  125  126  128  129  130  131  132
  133  133  133  133  133  133  132  130  129  127  125  123  121  119  117  115
  113  112  110  109  109  108  107  106  106  105  104  104  103  102  102  101
  101  100  100  100  100  100  100  101  101  101  101  102  102  102  102  102
  103  102  100  101  103  111  104  102  105                                   
    80.0-180.0 180.0   5.0 450.0                            LAT/LON1/LON2/DLON/H
   91   95  102  101  102  103  109  114  117  120  121  124  125  127  128  129
  130  131  132  132  132  131  130  128  126  123  120  117  114  111  108  105
  103  102  101  100   99   99   99   98   98   97   96   96   95   94   93   93
   92   92   91   91   92   92   92   93   93   93   94   94   94   94   94   94
   95   94   94   94   91   93   90   95   91                                   
    77.5-180.0 180.0   5.0 450.0                            LAT/LON1/LON2/DLON/H
   91   89   95   94   98  101  105  110  112  115  116  119  121  123  125  127
  128  129  130  131  131  130  129  127  125  121  117  113  109  105  102   99
   97   96   95   95   95   95   96   96   95   95   94   93   92   91   90   89
   88   88   87   87   88   88   88   89   89   89   90   90   89   89   89   88
   88   87   87   87   87   84   84   90   91                                   
    75.0-180.0 180.0   5.0 450.0                            LAT/LON1/LON2/DLON/H
   85   86   88   89   94   98  102  105  109  113  114  117  118  120  122  123
  125  127  128  130  130  131  130  128  125  122  117  113  108  103   99   96
   94   93   93   94   95   96   97   97   97   96   95   94   92   91   90   89
   88   87   87   87   87   87   87   88   88   89   89   89   88   88   88   87
   86   86   85   83   82   79   78   74   85                                   
    72.5-180.0 180.0   5.0 450.0                            LAT/LON1/LON2/DLON/H
   81   82   84   89   91   96  100  104  106  109  110  112  114  116  117  119
  121  123  125  126  128  129  128  127  124  120  115  110  104   98   94   91
   89   88   89   91   92   94   95   96   95   94   92   90   89   87   85   84
   83   83   83   82   82   82   83   83   83   83   83   83   83   82   82   81
   80   79   78   75   74   74   74   76   81                                   
    70.0-180.0 180.0   5.0 450.0                            LAT/LON1/LON2/DLON/H
   79   81   83   86   89   93   96  100  104  107  108  111  112  113  114  115
  116  118  121  123  126  127  128  127  125  121  116  110  104   99   94   90
   89   88   90   92   94   96   97   97   96   94   91   89   87   85   83   82
   81   80   80   79   79   78   78   78   78   78   78   78   77   77   77   76
   75   73   74   72   72   73   75   76   79                                   
    67.5-180.0 180.0   5.0 450.0                            LAT/LON1/LON2/DLON/H
   78   81   84   88   91   95  100  104  107  111  113  115  117  117  118  118
  119  121  123  126  128  130  132  131  130  126  121  116  109  103   98   94
   92   92   93   95   97   99   99   98   96   93   90   87   85   83   81   80
   79   78   78   77   76   75   74   73   73   73   73   73   72   72   72   71
   70   69   69   67   67   70   72   73   78                                   
    65.0-180.0 180.0   5.0 450.0                            LAT/LON1/LON2/DLON/H
   76   81   84   88   90   94   99  104  109  114  117  120  121  122  122  122
  122  123  125  127  130  132  134  135  134  132  128  123  117  111  106  102
  100   99  100  101  102  103  102  100   97   93   90   86   84   82   80   79
   78   76   75   73   71   69   68   67   66   65   65   65   65   64   64   64
   63   63   64   64   66   70   73   75   76                                   
    62.5-180.0 180.0   5.0 450.0                            LAT/LON1/LON2/DLON/H
   75   82   84   88   91   95  100  106  112  118  122  127  129  131  131  130
  130  130  130  132  134  136  138  139  139  138  136  132  127  122  117  113
  110  108  108  108  108  107  105  102   98   94   90   86   83   82   80   79
   77   75   72   69   67   64   62   61   60   59   59   59   58   58   58   57
   57   57   58   59   62   67   71   73   75                                   
    60.0-180.0 180.0   5.0 450.0                            LAT/LON1/LON2/DLON/H
   74   82   85   88   90   94   99  106  113  120  127  132  136  138  139  138
  137  136  136  136  137  138  140  141  142  143  142  140  138  134  129  125
  121  118  117  115  114  113  110  106  101   97   92   89   86   85   83   81
   78   74   71   67   63   60   58   56   55   55   54   54   53   52   52   52
   51   52   53   54   59   65   70   72   74                                   
    57.5-180.0 180.0   5.0 450.0                            LAT/LON1/LON2/DLON/H
   73   82   85   89   91   94   99  106  113  122  130  137  142  146  147  147
  146  144  142  140  139  140  141  142  144  146  148  148  147  145  142  138
  133  129  126  124  122  120  117  113  108  104  100   96   94   92   89   86
   82   77   72   67   63   59   57   56   55   54   54   53   52   51   50   49
   49   49   51   52   57   63   69   71   73                                   
    55.0-180.0 180.0   5.0 450.0                            LAT/LON1/LON2/DLON/H
   74   84   87   91   92   96  100  107  114  123  131  140  146  151  153  154
  152  150  146  144  141  140  141  142  144  147  151  153  155  154  152  148
  143  139  135  133  131  128  126  122  118  113  110  107  104  101   98   93
   88   81   75   69   64   61   59   58   57   57   56   55   54   52   51   50
   50   50   51   52   57   63   69   70   74                                   
    52.5-180.0 180.0   5.0 450.0                            LAT/LON1/LON2/DLON/H
   75   86   90   94   96  100  104  109  116  124  132  140  147  153  156  158
  156  154  150  146  143  141  140  141  143  147  151  156  159  160  159  155
  151  147  143  141  139  138  136  133  129  126  122  119  117  113  109  103
   95   87   80   74   69   66   64   63   63   63   63   61   60   58   56   55
   54   54   55   55   59   64   70   71   75                                   
    50.0-180.0 180.0   5.0 450.0                            LAT/LON1/LON2/DLON/H
   79   89   95   99  102  106  110  115  120  127  133  141  148  154  158  160
  160  157  153  149  145  142  141  141  143  146  151  156  161  163  163  160
  156  153  150  149  148  148  147  145  142  139  136  133  130  126  120  113
  104   95   87   81   76   73   72   72   72   72   71   70   68   65   63   62
   61   61   61   60   63   67   72   72   79                                   
    47.5-180.0 180.0   5.0 450.0                            LAT/LON1/LON2/DLON/H
   84   94  101  107  110  115  119  123  127  133  137  144  150  155  160  162
  163  161  157  153  149  146  144  144  145  147  152  157  161  164  165  163
  161  158  157  157  158  159  159  158  155  152  149  146  143  139  132  124
  114  104   96   89   85   82   81   81   81   81   81   79   77   75   73   71
   70   70   69   68   70   72   75   75   84                                   
    45.0-180.0 180.0   5.0 450.0                            LAT/LON1/LON2/DLON/H
   89  100  107  115  119  126  130  134  137  142  145  150  154  159  164  167
  167  166  163  160  157  154  151  150  150  152  155  159  163  166  167  166
  165  164  165  167  169  171  172  171  168  165  162  158  155  150  143  134
  124  114  105   99   95   92   91   90   90   90   90   89   87   84   82   81
   80   79   79   76   76   77   79   79   89                                   
    42.5-180.0 180.0   5.0 450.0                            LAT/LON1/LON2/DLON/H
   95  105  114  123  129  137  141  147  149  153  155  159  162  166  170  173
  174  174  172  170  167  165  162  160  159  159  161  164  167  169  171  172
  172  173  176  179  182  185  185  183  180  176  172  169  165  160  152  143
  133  123  115  109  104  101   99   98   97   98   97   97   95   93   91   90
   89   88   87   84   83   82   83   84   95                                   
    40.0-180.0 180.0   5.0 450.0                            LAT/LON1/LON2/DLON/H
   99  110  119  130  137  146  152  159  162  166  167  170  173  176  180  183
  184  184  183  181  180  177  174  172  170  170  170  172  174  176  179  181
  183  186  190  195  198  200  199  196  191  187  182  178  174  168  160  151
  141  131  123  117  112  108  105  103  102  102  103  103  102  100   98   97
   95   95   93   89   88   86   85   87   99                                   
    37.5-180.0 180.0   5.0 450.0                            LAT/LON1/LON2/DLON/H
  103  114  124  136  145  154  162  169  174  179  180  182  185  188  191  194
  195  195  195  194  192  190  187  185  183  182  182  184  185  188  191  195
  199  204  209  214  217  217  214  209  203  197  192  187  181  175  166  157
  147  137  128  121  116  111  108  105  104  104  106  107  107  105  104  102
  100   98   97   93   90   88   87   90  103                                   
    35.0-180.0 180.0   5.0 450.0                            LAT/LON1/LON2/DLON/H
  107  118  128  140  150  160  169  178  184  190  192  194  197  199  202  205
  207  208  208  207  205  202  199  197  195  195  196  198  200  203  208  213
  219  226  231  236  238  236  230  223  215  207  201  195  188  180  170  160
  149  139  130  123  117  112  108  105  104  105  107  109  110  110  108  106
  103  100   98   94   91   89   89   91  107                                   
    32.5-180.0 180.0   5.0 450.0                            LAT/LON1/LON2/DLON/H
  111  123  133  145  155  164  174  184  192  199  202  205  207  210  213  216
  219  220  220  219  217  213  210  208  207  208  210  214  217  222  228  236
  243  250  256  260  259  255  247  237  227  219  211  203  194  184  172  160
  148  137  127  120  114  110  106  103  103  105  108  111  113  113  112  109
  105  102   98   94   92   90   91   93  111                                   
    30.0-180.0 180.0   5.0 450.0                            LAT/LON1/LON2/DLON/H
  117  129  140  150  161  170  180  190  199  206  210  214  217  220  223  227
  230  231  232  230  228  224  220  218  218  221  225  230  236  243  252  261
  269  277  282  284  281  274  264  252  240  231  222  212  200  186  172  157
  143  132  122  115  109  105  103  101  102  105  109  113  116  117  116  113
  107  104   99   95   93   92   94   96  117                                   
    27.5-180.0 180.0   5.0 450.0                            LAT/LON1/LON2/DLON/H
  124  137  148  158  169  178  187  197  205  212  218  221  225  228  233  237
  241  243  244  243  240  236  231  229  230  235  241  248  256  266  276  287
  296  303  306  306  302  293  281  267  254  243  233  220  205  188  170  153
  138  125  115  108  104  102  100  101  102  106  111  116  119  121  120  117
  111  107  102   98   96   95   99   99  124                                   
    25.0-180.0 180.0   5.0 450.0                            LAT/LON1/LON2/DLON/H
  132  145  157  167  179  189  198  206  214  220  225  229  233  237  243  248
  253  256  258  257  254  250  246  244  246  251  258  267  277  289  301  312
  321  327  329  327  321  311  297  282  268  256  244  229  211  190  169  150
  134  120  110  104  100  100  100  102  106  110  115  120  123  125  124  122
  116  112  107  102  100  100  104  104  132                                   
    22.5-180.0 180.0   5.0 450.0                            LAT/LON1/LON2/DLON/H
  139  153  166  177  190  202  210  218  224  229  234  238  243  248  254  261
  267  272  275  275  273  269  266  264  266  271  278  288  300  312  325  337
  345  349  349  345  338  327  312  296  281  268  254  237  216  193  170  149
  132  119  109  103  101  101  104  108  112  117  121  125  128  129  129  127
  122  118  113  107  106  105  109  109  139                                   
    20.0-180.0 180.0   5.0 450.0                            LAT/LON1/LON2/DLON/H
  145  160  173  186  201  214  223  230  236  241  245  249  255  261  268  276
  284  291  295  297  296  294  291  289  290  294  301  311  323  336  349  360
  366  368  366  361  353  341  326  310  294  280  264  245  222  197  173  153
  136  123  113  107  106  108  112  117  121  125  128  131  132  132  132  131
  127  124  118  112  110  108  111  113  145                                   
    17.5-180.0 180.0   5.0 450.0                            LAT/LON1/LON2/DLON/H
  147  163  176  192  208  224  234  242  248  252  257  262  269  277  285  295
  304  312  318  321  322  322  320  319  319  322  327  336  347  360  372  381
  385  384  380  374  366  354  340  323  307  291  273  252  228  204  181  161
  146  133  124  118  116  119  123  128  133  136  137  136  136  135  134  133
  129  127  122  116  113  110  111  115  147                                   
    15.0-180.0 180.0   5.0 450.0                            LAT/LON1/LON2/DLON/H
  144  162  176  193  211  228  241  249  256  262  268  275  283  293  303  314
  325  335  342  347  349  350  351  350  350  351  355  362  372  383  394  400
  401  398  392  385  377  367  353  336  319  302  283  261  237  213  192  174
  160  148  139  133  131  132  136  141  145  146  144  141  138  135  133  132
  129  127  122  116  113  109  109  114  144                                   
    12.5-180.0 180.0   5.0 450.0                            LAT/LON1/LON2/DLON/H
  139  157  172  189  209  226  242  252  260  267  275  285  296  308  320  333
  345  356  365  371  374  377  378  379  379  379  382  388  396  405  413  416
  415  409  402  395  387  378  365  348  331  312  291  269  246  224  205  190
  177  165  156  149  145  146  149  153  155  154  150  144  138  134  131  129
  126  124  119  113  109  104  103  110  139                                   
    10.0-180.0 180.0   5.0 450.0                            LAT/LON1/LON2/DLON/H
  131  150  165  182  202  220  238  249  259  268  278  290  304  318  333  347
  361  373  383  389  393  397  400  402  403  403  406  411  417  424  428  428
  424  417  408  401  394  386  374  358  340  320  298  276  254  235  218  204
  192  181  170  162  157  156  158  160  160  158  151  144  137  130  126  123
  120  118  113  106  103   98   96  105  131                                   
     7.5-180.0 180.0   5.0 450.0                            LAT/LON1/LON2/DLON/H
  123  142  157  174  193  211  231  243  255  266  277  291  307  323  340  356
  371  384  393  399  404  408  413  417  420  422  425  429  434  438  438  435
