data/edconvlstm_nd/pred0320.15i
     1.0            IONOSPHERE MAPS     GNSS                IONEX VERSION / TYPE
pyspatialgeodesy        IME             05-JAN-18 20:20     PGM / RUN BY / DATE 
Map Name                                                    COMMENT             
Predicted global ionosphere maps (GIM).                     DESCRIPTION         
  2015     2     1     0     0     0                        EPOCH OF FIRST MAP  
  2015     2     2     0     0     0                        EPOCH OF LAST MAP   
  7200                                                      INTERVAL            
    13                                                      # OF MAPS IN FILE   
  NONE                                                      MAPPING FUNCTION    
10.0                                                        ELEVATION CUTOFF    
One-way carrier phase leveled to code                       OBSERVABLES USED    
  6371.0                                                    BASE RADIUS         
 2                                                          MAP DIMENSION       
   450.0 450.0   0.0                                        HGT1 / HGT2 / DHGT  
    87.5 -87.5  -2.5                                        LAT1 / LAT2 / DLAT  
  -180.0 180.0   5.0                                        LON1 / LON2 / DLON  
    -1                                                      EXPONENT            
                                                            END OF HEADER       
[from data line 3432]
     9                                                      START OF TEC MAP    
  2015     2     1    16     0     0                        EPOCH OF CURRENT MAP
    87.5-180.0 180.0   5.0 450.0                            LAT/LON1/LON2/DLON/H
   86   95   95  100  105  105  106  104  107  111  112  115  118  121  123  126
  129  132  135  138  140  142  144  145  146  146  147  147  146  145  144  143
  141  140  138  136  134  132  131  129  128  126  125  124  123  122  121  121
  120  120  119  118  118  117  116  115  114  113  112  111  109  108  107  105
  104  104  100   95   99   96  108  105   86                                   
    85.0-180.0 180.0   5.0 450.0                            LAT/LON1/LON2/DLON/H
   87   93  105   90   92   98   99  103  105  110  112  115  119  123  127  131
  135  139  143  147  150  153  155  157  158  159  159  159  158  157  156  154
  152  149  147  144  142  140  137  135  133  132  130  129  128  127  126  125
  125  124  123  122  121  120  119  118  116  115  113  111  109  108  106  104
  103  101   96   90   90   89   94   93   87                                   
    82.5-180.0 180.0   5.0 450.0                            LAT/LON1/LON2/DLON/H
   62   70   75   68   72   76   80   82   85   89   93   98  102  108  114  120
  126  133  139  145  150  155  159  162  164  165  165  165  163  161  158  155
  151  148  144  140  136  132  129  126  124  122  120  119  118  117  116  116
  116  115  115  114  113  112  110  108  106  104  101   99   96   93   90   88
   86   83   78   73   74   81   74   73   62                                   
    80.0-180.0 180.0   5.0 450.0                            LAT/LON1/LON2/DLON/H
   40   44   53   49   50   50   55   59   63   68   72   78   84   91   98  107
  116  125  133  142  149  155  160  164  166  167  166  164  161  157  152  147
  141  135  129  124  118  113  109  106  103  101   99   99   98   99   99  100
  101  102  102  102  102  101  100   98   96   93   90   87   84   80   76   73
   70   67   63   59   55   58   54   60   40                                   
    77.5-180.0 180.0   5.0 450.0                            LAT/LON1/LON2/DLON/H
   40   38   41   38   39   40   43   46   49   52   56   62   69   76   86   96
  107  119  131  142  152  160  167  172  174  175  174  171  166  161  154  147
  139  131  123  116  109  102   97   93   89   87   86   86   86   87   89   91
   93   95   97   98   99   98   98   96   94   91   88   85   81   77   73   68
   64   60   57   54   50   46   45   52   40                                   
    75.0-180.0 180.0   5.0 450.0                            LAT/LON1/LON2/DLON/H
   36   38   39   39   40   40   42   43   45   48   51   56   62   70   80   92
  105  119  133  147  158  168  176  181  183  182  179  175  168  161  152  143
  134  124  115  106   98   91   85   80   77   74   73   73   74   76   79   82
   85   88   91   93   94   95   95   94   92   90   87   84   81   77   73   69
   65   61   58   54   51   46   42   40   36                                   
    72.5-180.0 180.0   5.0 450.0                            LAT/LON1/LON2/DLON/H
   49   50   49   52   50   51   52   52   51   52   54   58   63   72   83   96
  111  127  143  158  172  183  191  196  197  196  191  185  177  168  159  149
  138  128  118  108   99   92   85   79   75   72   70   70   71   73   75   78
   82   85   88   90   91   92   93   92   91   90   88   87   84   82   79   76
   72   69   66   62   59   54   51   52   49                                   
    70.0-180.0 180.0   5.0 450.0                            LAT/LON1/LON2/DLON/H
   61   64   64   67   65   66   64   63   62   62   63   66   71   80   91  106
  122  140  158  176  190  202  210  214  214  211  205  197  188  179  169  158
  148  137  126  116  107   98   90   84   79   75   72   70   70   71   72   74
   77   79   81   83   84   85   85   85   85   85   85   85   84   83   83   81
   78   76   75   72   69   65   65   65   61                                   
    67.5-180.0 180.0   5.0 450.0                            LAT/LON1/LON2/DLON/H
   75   78   79   83   82   83   81   79   77   75   76   79   85   94  106  122
  140  159  179  198  213  225  233  236  234  230  222  214  204  194  184  174
  164  153  143  132  122  112  103   96   89   84   80   77   75   74   73   73
   74   74   75   75   76   77   77   78   79   80   82   83   85   86   87   88
   87   85   84   81   77   75   73   71   75                                   
    65.0-180.0 180.0   5.0 450.0                            LAT/LON1/LON2/DLON/H
   78   83   84   89   89   90   87   85   83   82   83   87   94  104  117  134
  153  175  196  215  231  243  250  252  250  244  235  226  217  208  199  191
  181  171  161  149  138  127  117  108  100   93   87   82   77   73   70   67
   65   63   62   60   60   60   61   62   64   66   69   72   75   79   81   83
   84   84   84   82   80   79   77   77   78                                   
    62.5-180.0 180.0   5.0 450.0                            LAT/LON1/LON2/DLON/H
   74   79   79   86   87   88   85   84   82   83   85   91   99  111  126  144
  164  186  208  228  245  256  263  264  261  254  246  237  230  223  216  209
  201  191  180  167  154  142  130  120  110  101   93   85   78   71   65   60
   55   50   47   44   43   43   44   46   48   52   55   60   64   68   72   75
   76   77   77   75   73   71   71   71   74                                   
    60.0-180.0 180.0   5.0 450.0                            LAT/LON1/LON2/DLON/H
   63   67   67   74   75   75   74   73   73   76   81   89   99  112  129  148
  169  192  214  234  251  262  268  269  266  260  253  246  241  236  232  227
  220  210  199  185  170  156  143  130  119  108   98   88   78   69   61   53
   45   39   34   30   28   28   29   32   35   39   43   48   52   57   60   63
   64   65   65   63   61   59   59   62   63                                   
    57.5-180.0 180.0   5.0 450.0                            LAT/LON1/LON2/DLON/H
   50   53   54   61   61   61   61   61   63   68   75   85   98  112  130  150
  172  194  217  236  252  263  269  270  268  264  259  255  252  251  249  246
  240  231  218  203  187  172  157  143  130  118  106   94   82   71   61   51
   43   35   29   24   22   22   23   26   30   34   39   43   47   50   53   55
   56   56   56   53   51   49   49   53   50                                   
    55.0-180.0 180.0   5.0 450.0                            LAT/LON1/LON2/DLON/H
   42   45   46   52   51   51   51   52   56   62   71   83   97  113  131  151
  173  196  217  236  251  262  268  271  270  268  266  265  264  265  265  263
  258  249  236  220  203  187  171  157  143  129  116  103   90   78   67   56
   47   39   32   28   25   25   27   30   34   39   43   46   49   52   53   54
   54   53   53   50   48   45   45   48   42                                   
    52.5-180.0 180.0   5.0 450.0                            LAT/LON1/LON2/DLON/H
   43   46   46   51   50   49   49   50   55   62   73   86  100  117  135  155
  177  199  219  237  251  262  269  273  275  275  275  275  276  278  278  277
  272  263  250  235  218  202  186  171  157  143  128  114  101   89   78   68
   59   51   45   40   38   38   40   43   48   52   56   59   61   62   62   62
   61   60   59   57   55   51   50   52   43                                   
    50.0-180.0 180.0   5.0 450.0                            LAT/LON1/LON2/DLON/H
   54   57   57   60   59   58   57   58   63   71   82   95  110  126  144  164
  185  206  225  242  255  266  274  280  284  286  287  288  288  288  287  285
  279  271  259  245  231  216  201  187  173  158  142  128  114  102   92   83
   75   68   63   59   58   58   60   63   67   72   75   77   78   78   78   77
   75   75   75   73   71   67   65   63   54                                   
    47.5-180.0 180.0   5.0 450.0                            LAT/LON1/LON2/DLON/H
   73   75   75   77   76   75   74   75   80   88   99  111  125  141  158  178
  199  218  236  251  264  275  284  292  297  300  301  300  297  294  289  284
  278  271  261  251  239  227  215  201  187  171  155  140  126  114  105   97
   90   85   81   79   78   78   80   84   88   92   95   97   98   97   97   96
   94   94   95   95   94   90   87   82   73                                   
    45.0-180.0 180.0   5.0 450.0                            LAT/LON1/LON2/DLON/H
   95   96   95   97   97   96   95   96  101  110  120  132  145  159  176  196
  216  234  251  265  278  289  299  307  313  315  314  309  301  292  283  274
  268  262  257  251  244  235  225  213  198  182  164  148  133  122  113  106
  101   97   94   93   92   93   95   98  103  107  110  113  114  114  114  113
  111  112  113  115  117  113  110  103   95                                   
    42.5-180.0 180.0   5.0 450.0                            LAT/LON1/LON2/DLON/H
  113  114  111  114  115  115  114  116  123  132  143  154  166  180  196  215
  234  252  268  281  293  304  314  322  327  328  323  313  299  284  270  260
  254  251  250  250  247  242  234  222  207  188  169  151  136  125  116  109
  104  101   99   98   98   98  100  104  108  113  117  120  122  124  124  124
  123  123  125  129  132  131  127  120  113                                   
    40.0-180.0 180.0   5.0 450.0                            LAT/LON1/LON2/DLON/H
  121  121  119  124  125  126  127  130  138  149  161  173  185  199  215  233
  252  269  284  297  309  319  328  334  337  334  325  311  293  274  258  247
  244  245  249  253  255  252  244  231  214  194  173  154  138  126  117  110
  105  101   99   98   97   97   98  101  106  111  116  120  122  125  126  126
  125  125  127  130  135  135  132  127  121                                   
    37.5-180.0 180.0   5.0 450.0                            LAT/LON1/LON2/DLON/H
  117  117  116  122  126  126  129  135  145  159  173  187  201  216  232  250
  268  284  299  311  322  331  338  341  339  333  322  306  288  269  255  248
  248  254  263  270  273  270  261  246  226  203  180  159  143  131  121  114
  108  103  100   98   95   94   94   97  102  106  111  114  117  120  122  122
  120  118  118  120  124  125  123  121  117                                   
    35.0-180.0 180.0   5.0 450.0                            LAT/LON1/LON2/DLON/H
  106  106  106  113  118  118  123  130  144  161  179  197  213  230  247  264
  281  297  311  323  333  339  343  342  337  329  318  305  291  278  270  268
  274  284  297  305  307  302  289  270  246  221  196  174  158  146  137  129
  122  116  111  106  102   98   96   98  101  105  108  111  113  115  117  116
  112  108  105  104  106  106  106  107  106                                   
    32.5-180.0 180.0   5.0 450.0                            LAT/LON1/LON2/DLON/H
   94   93   95  102  106  105  112  121  137  158  180  202  222  241  259  277
  293  308  322  333  341  345  344  340  332  325  317  312  307  305  307  313
  324  339  353  361  360  349  330  306  279  250  224  202  187  177  169  161
  153  145  137  129  122  115  111  110  111  113  115  115  115  116  117  116
  110  103   97   91   91   89   89   91   94                                   
    30.0-180.0 180.0   5.0 450.0                            LAT/LON1/LON2/DLON/H
   87   85   88   93   96   95  102  111  130  154  180  206  230  252  271  289
  305  320  333  344  350  351  346  338  331  326  326  331  340  351  365  382
  400  420  434  438  429  411  385  356  324  293  266  245  232  224  218  212
  203  193  182  171  160  149  142  138  137  136  135  132  130  129  129  126
  118  109   99   89   86   82   80   81   87                                   
    27.5-180.0 180.0   5.0 450.0                            LAT/LON1/LON2/DLON/H
   88   87   89   91   93   90   97  106  126  153  182  212  239  263  284  302
  319  334  347  356  361  358  351  342  335  336  345  363  388  416  445  474
  500  521  531  527  509  481  448  414  380  349  321  302  291  287  284  279
  270  258  245  230  215  200  189  182  178  174  169  164  159  156  154  150
  140  129  115  101   95   88   83   80   88                                   
    25.0-180.0 180.0   5.0 450.0                            LAT/LON1/LON2/DLON/H
   99   99   97   97   97   93   99  108  129  157  188  221  250  276  298  318
  335  351  364  372  375  370  361  352  349  357  378  410  451  497  541  580
  611  629  631  615  586  549  511  475  442  411  386  368  360  359  359  355
  346  333  317  299  280  262  248  237  230  222  214  206  199  194  190  184
  173  161  144  129  118  108   97   89   99                                   
    22.5-180.0 180.0   5.0 450.0                            LAT/LON1/LON2/DLON/H
  117  116  109  108  106  102  107  115  137  166  199  233  263  291  314  336
  355  371  384  392  393  388  379  372  375  392  424  471  527  586  641  685
  712  720  708  681  643  602  564  531  501  474  451  437  431  431  432  428
  419  404  385  364  342  322  305  292  281  270  259  249  240  233  228  221
  210  199  180  165  149  135  120  106  117                                   
    20.0-180.0 180.0   5.0 450.0                            LAT/LON1/LON2/DLON/H
  137  136  123  120  117  113  118  127  149  180  214  248  280  308  333  357
  378  396  410  418  418  413  406  404  415  441  484  540  606  672  728  765
  779  772  748  713  673  635  602  575  551  530  510  496  490  490  489  484
  472  454  433  409  386  365  348  333  320  306  293  280  271  264  259  253
  243  234  215  202  181  165  147  129  137                                   
    17.5-180.0 180.0   5.0 450.0                            LAT/LON1/LON2/DLON/H
  152  152  133  128  124  121  127  138  162  194  230  265  298  327  355  381
  405  426  441  449  450  446  443  449  468  502  551  612  678  738  782  804
  802  783  752  717  681  650  625  606  590  573  555  540  531  525  519  509
  493  472  449  426  404  385  370  355  341  325  309  295  285  279  275  269
  261  256  240  230  208  189  171  150  152                                   
    15.0-180.0 180.0   5.0 450.0                            LAT/LON1/LON2/DLON/H
  159  158  137  130  125  123  132  146  172  207  245  282  316  348  378  408
  435  459  476  486  489  488  491  505  531  571  620  676  730  773  797  801
  787  762  733  703  676  654  638  627  617  603  585  566  549  534  520  503
  481  458  434  414  397  383  372  360  344  326  308  294  284  278  274  269
  262  260  248  241  221  202  184  163  159                                   
    12.5-180.0 180.0   5.0 450.0                            LAT/LON1/LON2/DLON/H
  157  154  133  124  120  119  131  149  180  218  259  298  334  368  402  436
  467  494  514  526  532  537  547  568  599  639  683  723  756  775  780  771
  752  728  705  684  667  655  648  643  637  623  602  575  548  522  497  472
  445  420  399  383  373  367  362  352  337  318  298  282  272  266  262  255
  249  248  239  233  217  200  184  164  157                                   
    10.0-180.0 180.0   5.0 450.0                            LAT/LON1/LON2/DLON/H
  146  142  122  113  109  111  127  150  185  228  272  314  352  389  426  463
  498  528  551  567  578  589  605  631  664  700  730  749  757  756  748  733
  714  696  681  671  664  661  659  658  652  637  610  575  537  500  464  431
  401  376  358  350  349  351  351  344  329  307  285  267  256  249  244  236
  229  227  220  214  202  187  172  154  146                                   
     7.5-180.0 180.0   5.0 450.0                            LAT/LON1/LON2/DLON/H
  134  127  109  101   97  101  121  149  190  238  286  330  370  409  449  489
  527  559  586  606  622  639  661  689  721  746  758  756  745  732  717  701
