data/edconvlstm_nd/pred2130.15i
     1.0            IONOSPHERE MAPS     GNSS                IONEX VERSION / TYPE
pyspatialgeodesy        IME             05-JAN-18 20:20     PGM / RUN BY / DATE 
Map Name                                                    COMMENT             
Predicted global ionosphere maps (GIM).                     DESCRIPTION         
  2015     8     1     0     0     0                        EPOCH OF FIRST MAP  
  2015     8     2     0     0     0                        EPOCH OF LAST MAP   
  7200                                                      INTERVAL            
    13                                                      # OF MAPS IN FILE   
  NONE                                                      MAPPING FUNCTION    
10.0                                                        ELEVATION CUTOFF    
One-way carrier phase leveled to code                       OBSERVABLES USED    
  6371.0                                                    BASE RADIUS         
 2                                                          MAP DIMENSION       
   450.0 450.0   0.0                                        HGT1 / HGT2 / DHGT  
    87.5 -87.5  -2.5                                        LAT1 / LAT2 / DLAT  
  -180.0 180.0   5.0                                        LON1 / LON2 / DLON  
    -1                                                      EXPONENT            
                                                            END OF HEADER       
[from data line 3432]
     9                                                      START OF TEC MAP    
  2015     8     1    16     0     0                        EPOCH OF CURRENT MAP
    87.5-180.0 180.0   5.0 450.0                            LAT/LON1/LON2/DLON/H
  122  125  120  124  126  126  125  122  123  124  123  124  123  123  123  123
  123  123  123  123  123  123  123  123  123  123  123  124  124  124  125  125
  125  126  126  126  126  127  127  127  127  127  127  127  127  128  128  128
  128  128  128  128  128  128  128  127  127  127  126  126  126  125  125  124
  124  124  122  119  127  120  131  128  122                                   
    85.0-180.0 180.0   5.0 450.0                            LAT/LON1/LON2/DLON/H
  123  123  132  122  122  126  125  126  127  128  127  127  127  127  127  126
  126  126  126  126  126  126  126  126  126  127  127  127  128  128  128  129
  129  130  130  130  131  131  131  131  131  131  131  132  132  132  132  132
  132  132  132  132  132  131  131  131  131  130  130  130  129  129  129  128
  128  128  124  120  120  114  119  118  123                                   
    82.5-180.0 180.0   5.0 450.0                            LAT/LON1/LON2/DLON/H
  107  115  117  111  112  117  119  120  120  121  121  121  121  121  121  121
  121  121  121  121  121  122  122  123  123  124  125  126  126  127  128  129
  129  130  130  131  131  131  132  132  132  131  131  131  131  131  130  130
  130  130  130  130  130  130  129  129  128  127  127  126  125  124  123  122
  122  120  116  115  113  117  110  103  107                                   
    80.0-180.0 180.0   5.0 450.0                            LAT/LON1/LON2/DLON/H
   95  100  106  104  104  105  108  111  112  114  114  115  114  115  115  114
  114  114  114  114  115  115  116  116  117  119  120  121  122  123  124  125
  125  126  126  126  126  126  126  126  126  126  125  125  124  124  123  123
  123  123  123  123  123  123  122  122  121  120  119  118  116  115  114  113
  113  111  108  107  102  102  100   98   95                                   
    77.5-180.0 180.0   5.0 450.0                            LAT/LON1/LON2/DLON/H
   97   98  103  102  104  106  108  111  112  113  113  114  115  115  115  115
  115  115  115  116  116  117  118  120  121  123  124  126  127  129  130  131
  131  132  132  132  131  131  131  130  129  128  127  126  125  125  124  124
  124  124  124  124  124  123  123  122  121  119  117  116  114  112  111  110
  109  107  104  104  104   98   98  100   97                                   
    75.0-180.0 180.0   5.0 450.0                            LAT/LON1/LON2/DLON/H
   93   98   99  101  103  107  108  111  113  115  114  116  116  117  117  117
  117  118  118  119  120  121  123  125  127  129  131  132  134  135  136  136
  136  136  136  135  135  134  133  132  131  129  128  126  125  124  123  122
  122  122  122  122  122  122  121  120  119  117  115  114  112  111  109  109
  107  106  104  101  101   97   98   91   93                                   
    72.5-180.0 180.0   5.0 450.0                            LAT/LON1/LON2/DLON/H
   92   97   99  104  105  110  113  115  115  117  117  118  119  120  120  121
  122  122  123  125  126  128  130  132  134  136  138  139  141  141  142  142
  142  141  140  140  139  137  136  135  133  131  129  127  125  123  122  121
  121  121  121  121  121  120  120  118  117  115  113  112  110  109  108  107
  106  105  104  100  100   98   99   96   92                                   
    70.0-180.0 180.0   5.0 450.0                            LAT/LON1/LON2/DLON/H
   93   98  100  104  106  110  112  115  116  118  118  120  121  122  123  124
  125  127  128  130  132  134  136  138  140  141  143  144  144  145  145  144
  143  142  141  140  139  137  136  134  133  131  128  126  123  121  120  118
  118  118  118  118  117  117  116  114  113  111  109  108  107  106  106  106
  105  103  103  100  100   98  101   98   93                                   
    67.5-180.0 180.0   5.0 450.0                            LAT/LON1/LON2/DLON/H
   94   99  102  107  110  114  117  119  120  122  122  124  125  127  128  130
  131  133  135  137  139  141  143  144  145  146  147  147  147  147  146  146
  145  143  142  141  140  138  137  136  135  133  131  128  125  123  121  119
  118  118  118  118  117  116  115  113  112  110  109  108  107  107  107  107
  106  105  103  100   98   97   99   97   94                                   
    65.0-180.0 180.0   5.0 450.0                            LAT/LON1/LON2/DLON/H
   93   98  101  107  110  114  117  119  121  122  123  125  126  129  131  133
  136  138  140  142  144  146  147  148  148  148  147  147  146  146  146  145
  144  143  142  141  140  139  138  138  137  135  133  130  127  125  122  120
  119  119  118  117  116  115  113  112  110  109  108  107  107  107  107  107
  106  105  103  100   98   97  100   98   93                                   
    62.5-180.0 180.0   5.0 450.0                            LAT/LON1/LON2/DLON/H
   90   96  100  106  109  115  117  119  120  122  122  125  127  130  133  136
  139  141  143  145  147  148  149  149  148  147  146  145  144  144  144  144
  144  143  142  141  141  140  141  141  140  139  137  134  131  128  125  123
  121  120  119  118  117  115  113  111  109  108  108  108  108  108  108  107
  105  103  101   97   94   92   95   94   90                                   
    60.0-180.0 180.0   5.0 450.0                            LAT/LON1/LON2/DLON/H
   86   93   97  103  107  113  115  117  118  119  120  122  125  129  133  137
  140  142  144  145  146  147  147  147  145  144  142  142  142  143  145  146
  147  146  146  145  145  145  145  146  146  145  143  140  136  133  129  127
  125  123  122  121  119  117  114  112  111  110  110  110  110  109  108  107
  104  100   97   93   90   87   91   89   86                                   
    57.5-180.0 180.0   5.0 450.0                            LAT/LON1/LON2/DLON/H
   83   90   94  102  106  112  115  116  116  117  117  120  123  128  133  137
  140  142  143  144  145  145  145  144  143  141  141  141  143  146  149  152
  154  154  154  153  153  153  154  155  155  153  151  148  144  140  136  133
  131  129  128  126  124  121  118  116  115  114  114  114  114  113  110  107
  103   99   95   89   86   83   87   86   83                                   
    55.0-180.0 180.0   5.0 450.0                            LAT/LON1/LON2/DLON/H
   82   89   94  102  107  114  116  117  117  116  116  118  121  126  132  136
  140  141  141  141  142  142  142  142  141  140  141  143  147  152  157  162
  164  165  165  165  165  165  166  166  166  164  160  156  152  147  144  141
  139  137  135  133  130  127  124  122  121  120  120  120  119  117  113  109
  104   98   94   88   85   82   86   85   82                                   
    52.5-180.0 180.0   5.0 450.0                            LAT/LON1/LON2/DLON/H
   84   91   97  105  111  118  121  121  120  119  117  118  121  126  131  136
  139  140  140  139  139  139  140  141  141  141  143  148  154  161  168  173
  176  178  178  178  178  179  180  180  178  175  171  165  160  156  152  149
  147  145  143  140  138  134  131  129  127  127  127  126  125  122  117  112
  106  101   96   90   87   85   88   87   84                                   
    50.0-180.0 180.0   5.0 450.0                            LAT/LON1/LON2/DLON/H
   89   96  103  111  117  126  128  129  128  126  123  123  125  128  133  137
  140  140  139  138  138  139  141  142  144  146  149  155  162  171  178  184
  187  189  190  191  192  194  195  194  192  187  181  175  170  165  162  159
  156  154  151  149  145  142  138  135  134  133  133  133  131  127  122  117
  111  105  101   96   93   91   94   93   89                                   
    47.5-180.0 180.0   5.0 450.0                            LAT/LON1/LON2/DLON/H
   96  103  110  119  125  135  138  140  139  138  134  133  132  134  138  141
  143  143  141  139  140  141  144  147  150  153  158  164  172  180  187  192
  196  199  201  203  206  209  210  209  206  200  193  186  180  175  172  169
  166  163  160  156  152  148  144  141  139  139  138  138  136  132  128  122
  117  112  109  105  102  100  102  101   96                                   
    45.0-180.0 180.0   5.0 450.0                            LAT/LON1/LON2/DLON/H
  104  111  117  127  133  144  149  152  154  153  150  147  145  145  146  148
  149  148  146  144  145  147  151  155  159  162  167  173  180  187  193  198
  202  206  210  214  219  223  226  225  220  213  205  198  191  187  183  179
  176  171  167  162  157  152  148  144  143  142  142  142  140  137  133  128
  124  120  118  115  112  109  111  110  104                                   
    42.5-180.0 180.0   5.0 450.0                            LAT/LON1/LON2/DLON/H
  110  116  121  132  139  150  158  165  169  170  168  165  161  159  159  159
  159  157  155  153  154  157  161  166  169  173  177  181  186  191  196  201
  206  212  219  227  234  240  242  241  236  229  220  212  205  200  195  191
  186  180  173  167  161  155  150  146  145  144  145  145  144  141  138  134
  130  128  127  124  121  118  118  117  110                                   
    40.0-180.0 180.0   5.0 450.0                            LAT/LON1/LON2/DLON/H
  112  117  120  132  140  153  163  174  182  187  187  185  180  176  174  173
  172  169  166  165  166  169  173  177  180  183  186  189  192  195  199  205
  213  223  234  244  252  258  261  260  254  246  236  228  221  215  209  202
  195  187  179  171  164  157  152  148  146  146  146  147  147  145  142  139
  135  133  132  129  126  122  122  120  112                                   
    37.5-180.0 180.0   5.0 450.0                            LAT/LON1/LON2/DLON/H
  110  114  116  127  137  150  164  179  191  201  204  203  199  194  191  189
  187  184  181  179  180  183  187  190  191  193  194  196  198  201  207  215
  227  242  256  267  276  282  283  281  274  265  255  246  237  230  222  214
  204  194  184  174  166  160  154  150  148  148  148  149  149  148  145  142
  138  136  135  132  128  123  123  119  110                                   
    35.0-180.0 180.0   5.0 450.0                            LAT/LON1/LON2/DLON/H
  106  108  109  119  129  143  160  178  196  210  217  219  216  211  208  205
  203  200  197  195  196  198  200  202  202  203  204  206  209  213  221  234
  252  271  288  300  307  309  308  303  295  285  274  264  254  245  235  223
  211  199  188  178  169  162  157  153  151  150  151  152  152  150  148  144
  140  137  134  130  126  121  121  116  106                                   
    32.5-180.0 180.0   5.0 450.0                            LAT/LON1/LON2/DLON/H
  103  103  102  110  120  134  153  174  195  213  225  230  229  226  223  220
  219  216  214  212  212  214  214  214  214  214  217  220  225  232  245  264
  287  311  329  339  342  339  333  326  316  305  293  281  270  258  245  231
  217  203  191  181  172  166  160  157  154  154  154  154  154  152  149  144
  139  135  132  127  123  118  118  113  103                                   
    30.0-180.0 180.0   5.0 450.0                            LAT/LON1/LON2/DLON/H
  101  100   98  103  112  126  145  167  191  212  227  235  238  237  235  234
  233  232  230  229  229  229  228  227  226  228  233  239  248  260  278  303
  332  358  375  381  378  369  358  346  334  322  310  296  282  268  252  236
  221  206  194  183  175  169  164  160  158  156  156  156  155  152  148  143
  137  132  128  124  120  116  117  111  101                                   
    27.5-180.0 180.0   5.0 450.0                            LAT/LON1/LON2/DLON/H
  104  102   97  100  107  120  139  161  186  208  226  237  242  244  245  246
  246  247  246  246  245  244  242  240  240  244  253  264  278  295  319  349
  380  407  420  420  409  393  377  362  349  336  323  308  292  276  258  240
  224  209  196  185  177  171  166  163  160  158  156  155  153  150  146  140
  134  129  124  121  119  116  118  112  104                                   
    25.0-180.0 180.0   5.0 450.0                            LAT/LON1/LON2/DLON/H
  110  107  100  102  107  119  137  157  182  204  222  236  244  249  252  255
  258  260  261  261  260  259  256  254  256  263  276  293  311  334  361  393
  425  448  456  448  430  408  389  372  359  346  333  317  300  282  262  244
  226  211  198  187  178  172  167  164  160  157  153  151  148  144  140  135
  129  125  121  119  119  118  121  116  110                                   
    22.5-180.0 180.0   5.0 450.0                            LAT/LON1/LON2/DLON/H
  117  114  106  107  111  121  138  157  179  200  218  233  244  252  258  263
  268  272  274  275  275  272  270  269  273  285  302  323  346  371  399  430
  457  475  475  461  438  413  393  377  365  353  340  325  307  287  267  248
  230  214  200  188  179  172  167  163  159  154  149  143  139  135  131  126
  122  119  117  117  120  121  125  121  117                                   
    20.0-180.0 180.0   5.0 450.0                            LAT/LON1/LON2/DLON/H
  123  121  112  113  117  126  141  158  178  198  216  231  244  254  262  270
  277  282  286  287  287  285  283  284  292  307  328  353  377  402  427  453
  474  483  477  458  434  410  391  378  368  358  347  332  314  295  274  254
  235  218  202  189  178  171  167  163  158  151  143  135  129  124  120  116
  113  112  113  114  119  123  127  125  123                                   
    17.5-180.0 180.0   5.0 450.0                            LAT/LON1/LON2/DLON/H
  124  125  116  118  121  130  145  160  179  197  213  229  244  256  266  276
  285  292  296  298  298  297  296  300  310  328  352  377  401  422  443  461
  474  475  464  444  421  402  388  379  372  364  354  341  324  304  283  263
  243  224  206  191  179  171  167  163  158  150  139  128  120  113  108  105
  103  104  106  110  116  121  126  126  124                                   
    15.0-180.0 180.0   5.0 450.0                            LAT/LON1/LON2/DLON/H
  118  122  115  118  122  131  145  160  178  195  211  228  243  257  270  281
  291  300  305  307  308  307  309  314  327  347  372  395  416  433  447  458
  462  457  444  425  408  395  387  382  378  373  364  352  335  317  296  275
  253  232  211  193  180  172  168  166  160  151  138  125  113  104   99   95
   93   95   98  102  109  116  121  121  118                                   
    12.5-180.0 180.0   5.0 450.0                            LAT/LON1/LON2/DLON/H
  107  113  108  112  117  125  141  156  175  192  209  226  243  258  272  285
  297  306  312  315  317  318  321  329  343  364  386  407  424  436  443  447
  445  436  422  408  398  393  391  391  389  384  376  364  349  331  310  288
  264  240  217  196  182  174  171  170  165  155  141  125  111  100   93   88
   85   86   89   93  100  106  111  113  107                                   
    10.0-180.0 180.0   5.0 450.0                            LAT/LON1/LON2/DLON/H
   93  101   97  102  107  116  132  148  168  187  205  223  241  258  274  288
  301  311  319  323  325  328  333  343  358  377  397  414  426  434  437  436
  429  419  407  399  396  398  401  403  401  396  388  377  362  344  324  300
  274  246  220  198  184  176  175  175  171  161  146  129  113  100   91   84
   79   79   81   84   90   96  101  102   93                                   
     7.5-180.0 180.0   5.0 450.0                            LAT/LON1/LON2/DLON/H
   81   89   85   91   96  103  120  138  159  179  199  219  238  256  274  290
  304  316  325  331  335  340  347  357  371  388  404  417  427  432  432  428
