data/edconvlstm_nd/pred1360.15i
     1.0            IONOSPHERE MAPS     GNSS                IONEX VERSION / TYPE
pyspatialgeodesy        IME             05-JAN-18 20:20     PGM / RUN BY / DATE 
Map Name                                                    COMMENT             
Predicted global ionosphere maps (GIM).                     DESCRIPTION         
  2015     5    16     0     0     0                        EPOCH OF FIRST MAP  
  2015     5    17     0     0     0                        EPOCH OF LAST MAP   
  7200                                                      INTERVAL            
    13                                                      # OF MAPS IN FILE   
  NONE                                                      MAPPING FUNCTION    
10.0                                                        ELEVATION CUTOFF    
One-way carrier phase leveled to code                       OBSERVABLES USED    
  6371.0                                                    BASE RADIUS         
 2                                                          MAP DIMENSION       
   450.0 450.0   0.0                                        HGT1 / HGT2 / DHGT  
    87.5 -87.5  -2.5                                        LAT1 / LAT2 / DLAT  
  -180.0 180.0   5.0                                        LON1 / LON2 / DLON  
    -1                                                      EXPONENT            
                                                            END OF HEADER       
[from data line 429]
     2                                                      START OF TEC MAP    
  2015     5    16     2     0     0                        EPOCH OF CURRENT MAP
    87.5-180.0 180.0   5.0 450.0                            LAT/LON1/LON2/DLON/H
  197  210  214  214  212  212  210  210  212  212  213  214  215  215  215  215
  215  214  214  213  212  210  209  208  206  205  203  201  200  198  197  195
  194  193  192  191  191  190  190  190  190  190  190  190  190  191  191  191
  191  192  192  192  192  192  192  192  192  191  192  192  192  192  192  193
  194  197  196  198  200  199  196  196  197                                   
    85.0-180.0 180.0   5.0 450.0                            LAT/LON1/LON2/DLON/H
  212  218  208  216  221  220  220  221  222  223  224  225  225  225  225  224
  224  223  221  220  218  217  215  213  211  209  206  204  202  200  198  197
  195  194  193  193  192  192  193  193  194  195  195  196  197  198  198  199
  199  200  200  200  200  200  200  200  200  200  200  200  201  201  201  202
  204  206  205  209  203  203  200  200  212                                   
    82.5-180.0 180.0   5.0 450.0                            LAT/LON1/LON2/DLON/H
  214  214  216  215  217  217  217  219  222  223  224  225  226  226  226  225
  224  223  221  219  217  214  211  208  205  202  198  195  192  189  186  183
  182  180  180  179  180  181  182  183  185  187  188  190  192  193  194  196
  196  197  198  198  198  198  199  199  199  199  199  200  200  201  201  203
  204  205  204  205  207  197  197  190  214                                   
    80.0-180.0 180.0   5.0 450.0                            LAT/LON1/LON2/DLON/H
  209  214  209  209  213  215  218  221  225  226  227  229  230  231  230  229
  228  226  224  221  219  215  212  208  203  199  194  190  185  181  178  175
  173  172  172  173  175  177  179  182  184  187  190  193  195  197  199  200
  202  202  203  203  203  203  203  203  203  203  203  204  204  204  205  207
  208  208  206  207  211  202  206  194  209                                   
    77.5-180.0 180.0   5.0 450.0                            LAT/LON1/LON2/DLON/H
  207  206  206  208  206  209  214  218  222  224  226  228  229  229  229  228
  226  223  221  218  215  211  207  203  198  192  187  181  176  171  168  165
  164  164  165  167  170  173  177  181  185  188  192  195  198  200  203  204
  206  206  207  207  207  207  206  206  205  205  205  205  205  206  207  209
  210  211  206  207  211  204  202  197  207                                   
    75.0-180.0 180.0   5.0 450.0                            LAT/LON1/LON2/DLON/H
  206  205  204  207  204  208  212  216  220  223  225  227  228  228  226  224
  221  218  215  212  209  206  203  198  193  187  181  174  168  164  160  158
  157  158  160  164  168  173  178  183  187  192  196  199  202  205  207  209
  211  212  213  213  212  212  211  210  209  208  207  207  207  208  209  211
  212  213  210  205  208  204  203  202  206                                   
    72.5-180.0 180.0   5.0 450.0                            LAT/LON1/LON2/DLON/H
  201  207  206  207  204  207  212  216  221  224  226  228  228  226  223  219
  214  211  208  205  203  201  198  194  189  183  177  170  164  159  156  154
  154  156  160  164  169  175  181  186  191  195  199  203  206  209  212  215
  217  218  219  219  219  218  217  215  213  212  210  210  209  209  211  213
  214  215  214  211  211  206  205  207  201                                   
    70.0-180.0 180.0   5.0 450.0                            LAT/LON1/LON2/DLON/H
  206  207  207  209  205  208  212  217  223  226  229  231  229  226  221  215
  209  205  201  199  198  197  195  192  188  182  175  168  161  156  153  152
  153  155  159  164  170  176  181  186  191  195  199  202  205  209  212  215
  218  221  222  223  223  222  220  218  216  214  213  211  210  210  210  212
  214  215  214  214  215  212  213  215  206                                   
    67.5-180.0 180.0   5.0 450.0                            LAT/LON1/LON2/DLON/H
  209  209  209  211  205  207  211  217  223  228  231  233  231  226  220  213
  206  201  197  196  195  195  194  192  188  182  174  167  161  155  152  151
  152  154  158  163  168  173  178  182  186  189  192  195  199  203  207  211
  215  218  220  222  222  222  221  220  218  216  214  212  210  209  208  210
  211  212  212  213  215  213  215  220  209                                   
    65.0-180.0 180.0   5.0 450.0                            LAT/LON1/LON2/DLON/H
  212  210  209  211  204  205  209  214  222  227  231  233  232  227  220  212
  205  199  196  195  195  196  195  193  188  182  174  167  161  156  153  152
  152  154  156  160  164  167  171  173  176  178  181  185  189  193  199  204
  208  212  216  218  219  220  220  219  218  217  216  214  212  209  208  207
  208  208  209  210  214  214  218  223  212                                   
    62.5-180.0 180.0   5.0 450.0                            LAT/LON1/LON2/DLON/H
  217  213  212  212  206  204  206  211  219  224  229  232  231  227  221  214
  207  202  199  198  199  199  197  194  188  182  174  168  162  158  155  154
  153  154  155  156  158  160  161  163  164  166  169  173  178  184  190  196
  201  206  210  213  216  218  219  220  220  220  219  218  216  213  210  209
  207  207  207  209  213  215  220  225  217                                   
    60.0-180.0 180.0   5.0 450.0                            LAT/LON1/LON2/DLON/H
  222  219  218  215  209  204  204  207  214  218  222  226  226  224  220  215
  210  206  204  203  202  201  198  193  186  179  173  167  164  161  159  158
  156  154  153  152  152  152  152  152  153  155  159  164  170  176  183  190
  195  201  205  209  213  217  220  222  224  226  226  225  222  219  216  214
  211  210  210  211  215  217  222  225  222                                   
    57.5-180.0 180.0   5.0 450.0                            LAT/LON1/LON2/DLON/H
  231  229  228  221  216  208  205  205  209  211  214  217  218  217  216  213
  211  209  208  207  205  202  197  190  182  176  171  168  167  166  166  164
  161  157  153  150  148  147  145  145  146  148  152  158  165  173  180  187
  193  199  204  209  215  220  224  229  232  234  235  235  232  229  226  223
  220  219  218  218  221  223  228  229  231                                   
    55.0-180.0 180.0   5.0 450.0                            LAT/LON1/LON2/DLON/H
  243  243  242  234  228  219  212  208  208  206  205  207  207  208  209  209
  210  210  210  208  205  200  193  185  178  173  170  170  172  174  175  172
  168  162  157  152  148  145  143  142  143  145  150  157  166  174  183  190
  196  202  208  215  221  228  234  240  244  247  248  247  245  241  239  237
  234  233  232  231  233  233  238  239  243                                   
    52.5-180.0 180.0   5.0 450.0                            LAT/LON1/LON2/DLON/H
  259  261  259  251  246  236  227  219  213  206  201  198  197  198  201  204
  206  208  209  207  203  197  190  183  176  173  173  177  181  185  186  183
  177  170  163  157  153  149  146  144  144  146  152  160  170  180  189  197
  204  211  218  226  234  243  250  256  260  262  262  261  258  255  253  253
  252  252  251  249  250  249  253  255  259                                   
    50.0-180.0 180.0   5.0 450.0                            LAT/LON1/LON2/DLON/H
  277  280  278  272  267  259  249  237  227  214  204  196  192  191  194  198
  202  205  206  204  201  196  190  184  180  180  182  188  194  199  199  196
  189  180  172  166  161  157  153  150  149  151  156  165  177  188  199  209
  217  225  234  243  253  263  270  276  279  280  278  276  272  270  269  270
  272  274  274  271  271  268  272  277  277                                   
    47.5-180.0 180.0   5.0 450.0                            LAT/LON1/LON2/DLON/H
  296  299  298  296  291  284  274  261  247  230  214  202  194  190  191  195
  199  202  203  203  201  198  195  192  191  193  197  203  209  213  213  208
  200  191  183  176  171  167  162  157  155  156  161  171  184  198  210  222
  232  241  252  264  275  286  293  298  299  298  295  290  286  283  283  287
  291  296  297  295  294  290  295  302  296                                   
    45.0-180.0 180.0   5.0 450.0                            LAT/LON1/LON2/DLON/H
  315  316  317  320  313  310  301  287  271  251  231  215  203  196  194  196
  199  202  203  204  205  205  206  206  208  211  215  220  225  227  225  219
  211  201  193  187  182  177  172  166  161  161  166  177  191  206  221  234
  246  258  271  285  298  309  316  320  320  317  311  305  300  297  298  303
  309  316  318  317  316  312  317  327  315                                   
    42.5-180.0 180.0   5.0 450.0                            LAT/LON1/LON2/DLON/H
  332  331  334  339  332  330  322  310  294  273  251  232  217  207  203  202
  203  204  206  209  212  216  221  224  228  231  234  237  239  239  235  229
  220  211  204  198  193  188  181  174  168  167  171  181  196  212  229  245
  259  274  289  305  320  331  338  341  340  337  331  324  318  314  315  319
  326  333  336  337  336  334  340  350  332                                   
    40.0-180.0 180.0   5.0 450.0                            LAT/LON1/LON2/DLON/H
  350  345  347  351  345  342  335  325  311  291  269  250  234  222  215  211
  210  210  213  218  224  231  238  244  248  251  253  253  252  249  244  237
  229  221  214  209  205  199  191  183  176  173  176  185  199  217  234  252
  268  285  303  321  337  350  359  362  363  360  355  349  343  338  337  340
  345  350  352  354  355  356  362  370  350                                   
    37.5-180.0 180.0   5.0 450.0                            LAT/LON1/LON2/DLON/H
  373  364  362  360  354  349  341  333  320  302  283  266  251  238  229  223
  220  220  223  230  238  247  255  262  267  270  270  269  265  260  253  247
  239  233  227  222  217  210  202  193  185  181  183  190  203  219  238  256
  274  293  313  334  353  368  379  386  389  389  387  382  376  371  368  368
  370  371  371  373  376  382  387  391  373                                   
    35.0-180.0 180.0   5.0 450.0                            LAT/LON1/LON2/DLON/H
  403  393  385  373  366  357  345  336  324  307  291  278  265  253  243  236
  231  231  236  244  253  263  272  280  285  288  289  286  280  273  266  260
  253  247  241  236  230  223  215  205  197  192  192  197  207  222  239  257
  277  298  320  343  365  385  400  411  419  423  425  423  419  414  410  406
  404  401  399  400  404  416  419  418  403                                   
    32.5-180.0 180.0   5.0 450.0                            LAT/LON1/LON2/DLON/H
  444  439  425  401  391  376  356  344  330  314  300  289  279  268  257  249
  244  244  249  258  268  278  287  296  304  309  310  307  301  292  285  278
  272  265  259  252  244  237  229  220  212  206  204  206  213  224  239  257
  277  299  323  349  375  399  419  435  449  459  466  470  469  466  462  457
  452  445  440  439  445  462  462  455  444                                   
    30.0-180.0 180.0   5.0 450.0                            LAT/LON1/LON2/DLON/H
  497  502  485  454  440  419  391  370  351  332  318  307  297  285  273  263
  258  258  263  271  281  291  302  313  324  333  337  335  327  317  308  300
  292  285  276  267  259  251  244  236  228  221  217  216  219  226  238  254
  274  297  323  351  381  409  434  456  475  492  506  515  520  521  519  515
  510  502  495  492  501  521  516  504  497                                   
    27.5-180.0 180.0   5.0 450.0                            LAT/LON1/LON2/DLON/H
  561  582  566  536  519  494  458  427  398  373  354  340  326  311  295  282
  274  273  276  283  292  303  316  332  349  362  369  367  357  344  331  320
  311  301  291  281  272  264  257  250  243  236  230  225  224  227  236  250
  269  293  321  352  385  417  447  474  498  519  539  554  564  571  573  573
  572  567  560  557  568  587  579  564  561                                   
    25.0-180.0 180.0   5.0 450.0                            LAT/LON1/LON2/DLON/H
  633  669  662  639  622  598  556  515  476  442  414  393  372  350  327  308
  296  291  291  295  302  315  332  354  376  394  402  399  385  367  349  335
  323  312  300  288  279  272  266  260  253  246  238  231  226  226  232  245
  265  291  321  356  391  426  459  488  515  541  564  584  600  611  620  626
  630  630  625  623  636  654  646  632  633                                   
    22.5-180.0 180.0   5.0 450.0                            LAT/LON1/LON2/DLON/H
  708  754  757  746  731  711  669  622  575  533  497  466  437  405  372  344
  325  314  308  308  314  328  350  376  402  422  429  422  403  380  358  340
  325  311  297  286  277  271  267  262  256  248  240  231  224  222  226  239
  261  290  324  361  399  435  469  501  530  558  584  606  626  643  657  670
  681  685  684  684  697  713  711  702  708                                   
    20.0-180.0 180.0   5.0 450.0                            LAT/LON1/LON2/DLON/H
  780  823  834  833  820  808  771  726  678  633  591  553  514  473  430  392
  363  343  330  325  329  343  368  397  424  442  445  432  407  378  350  328
  310  295  281  271  265  262  259  255  250  242  234  226  218  215  219  234
  258  290  328  367  407  445  480  513  544  573  599  623  645  666  686  704
  721  731  733  737  748  759  766  764  780                                   
    17.5-180.0 180.0   5.0 450.0                            LAT/LON1/LON2/DLON/H
  837  867  884  891  881  875  847  808  766  724  681  639  595  546  495  447
  408  379  358  346  346  360  385  414  438  450  446  425  392  356  325  300
  280  266  254  248  246  246  245  241  236  230  223  216  209  207  212  227
  254  290  331  373  415  454  491  526  558  587  614  638  661  684  708  730
  751  764  770  778  787  790  805  810  837                                   
    15.0-180.0 180.0   5.0 450.0                            LAT/LON1/LON2/DLON/H
  868  883  904  915  908  907  887  858  825  789  750  710  665  613  557  503
  456  418  389  371  367  379  401  425  442  444  428  397  357  317  284  260
  243  231  223  221  224  226  227  224  219  214  210  205  200  198  203  220
  248  287  330  375  419  461  500  537  570  601  627  652  676  701  726  749
  771  786  795  805  811  807  826  835  868                                   
    12.5-180.0 180.0   5.0 450.0                            LAT/LON1/LON2/DLON/H
  875  877  899  908  901  902  887  867  845  818  786  751  709  660  605  550
  500  457  422  398  390  397  413  429  433  421  390  349  305  267  239  220
  207  200  196  199  204  209  209  206  201  198  196  193  189  188  193  209
  239  279  324  371  417  460  502  541  577  608  636  663  689  715  741  764
  785  799  810  820  822  814  833  844  875                                   
    10.0-180.0 180.0   5.0 450.0                            LAT/LON1/LON2/DLON/H
  871  864  880  882  873  871  859  845  830  811  786  757  721  678  629  578
  530  487  450  423  411  411  419  421  409  378  335  289  248  220  201  190
  183  179  179  184  192  196  195  190  185  182  182  181  179  176  180  195
  224  264  310  358  405  450  494  536  574  608  639  669  699  728  754  776
  795  807  818  827  825  817  833  845  871                                   
     7.5-180.0 180.0   5.0 450.0                            LAT/LON1/LON2/DLON/H
  863  851  858  849  836  830  818  807  795  778  757  732  702  666  625  582
  541  503  468  441  424  418  412  397  366  320  271  229  201  186  179  176
