data/edconvlstm_nd/pred1900.15i
     1.0            IONOSPHERE MAPS     GNSS                IONEX VERSION / TYPE
pyspatialgeodesy        IME             05-JAN-18 20:20     PGM / RUN BY / DATE 
Map Name                                                    COMMENT             
Predicted global ionosphere maps (GIM).                     DESCRIPTION         
  2015     7     9     0     0     0                        EPOCH OF FIRST MAP  
  2015     7    10     0     0     0                        EPOCH OF LAST MAP   
  7200                                                      INTERVAL            
    13                                                      # OF MAPS IN FILE   
  NONE                                                      MAPPING FUNCTION    
10.0                                                        ELEVATION CUTOFF    
One-way carrier phase leveled to code                       OBSERVABLES USED    
  6371.0                                                    BASE RADIUS         
 2                                                          MAP DIMENSION       
   450.0 450.0   0.0                                        HGT1 / HGT2 / DHGT  
    87.5 -87.5  -2.5                                        LAT1 / LAT2 / DLAT  
  -180.0 180.0   5.0                                        LON1 / LON2 / DLON  
    -1                                                      EXPONENT            
                                                            END OF HEADER       
     1                                                      START OF TEC MAP    
  2015     7     9     0     0     0                        EPOCH OF CURRENT MAP
    87.5-180.0 180.0   5.0 450.0                            LAT/LON1/LON2/DLON/H
  160  172  183  173  170  172  171  171  172  172  173  174  175  175  176  176
  176  175  175  174  173  172  171  169  167  166  164  163  161  159  158  157
  155  154  153  153  152  151  151  151  151  151  151  151  151  151  152  152
  152  152  152  152  152  152  152  153  153  153  153  154  154  154  154  155
  156  158  159  160  158  156  164  179  160                                   
    85.0-180.0 180.0   5.0 450.0                            LAT/LON1/LON2/DLON/H
  178  180  174  176  181  183  183  184  185  186  187  188  189  189  189  189
  189  188  186  185  183  181  179  176  174  171  168  166  163  160  158  156
  154  152  150  149  149  148  148  148  148  148  149  149  150  150  150  151
  151  151  152  152  152  152  153  153  154  154  155  155  156  157  157  159
  161  162  165  168  161  167  174  185  178                                   
    82.5-180.0 180.0   5.0 450.0                            LAT/LON1/LON2/DLON/H
  176  178  186  184  187  190  191  193  196  197  198  199  200  200  199  199
  198  196  194  192  189  186  183  180  176  172  169  165  161  157  154  151
  148  146  144  143  142  142  142  143  143  144  145  145  146  147  148  149
  149  150  150  151  151  152  152  153  153  154  155  155  156  157  158  160
  161  163  165  166  165  155  166  170  176                                   
    80.0-180.0 180.0   5.0 450.0                            LAT/LON1/LON2/DLON/H
  179  184  185  183  188  194  199  203  206  207  208  209  210  209  208  207
  205  202  200  197  194  190  187  183  178  174  169  165  160  156  151  148
  145  143  142  141  141  142  143  144  145  147  148  150  152  153  154  155
  156  157  158  159  159  160  160  160  160  161  161  161  161  162  163  164
  164  165  167  167  174  165  175  182  179                                   
    77.5-180.0 180.0   5.0 450.0                            LAT/LON1/LON2/DLON/H
  186  184  187  190  189  194  202  207  210  211  212  213  213  212  210  208
  205  201  198  195  192  188  185  181  177  172  167  162  157  153  149  145
  143  142  142  142  144  146  148  150  153  155  158  160  162  164  166  167
  168  169  170  171  171  171  171  170  170  169  169  168  167  167  167  167
  167  169  169  169  175  175  179  191  186                                   
    75.0-180.0 180.0   5.0 450.0                            LAT/LON1/LON2/DLON/H
  194  188  190  194  192  197  203  207  211  212  213  213  212  210  206  203
  198  194  190  187  184  181  178  175  172  168  164  159  154  150  146  144
  143  143  144  146  149  153  157  160  164  167  169  172  174  176  178  180
  181  183  183  184  184  183  183  182  180  179  177  176  174  173  172  172
  171  173  174  168  174  180  183  195  194                                   
    72.5-180.0 180.0   5.0 450.0                            LAT/LON1/LON2/DLON/H
  189  190  194  194  191  195  200  204  208  209  210  209  207  204  199  194
  188  183  179  175  172  171  169  167  165  162  158  154  150  146  143  141
  141  143  146  150  155  160  164  169  172  175  178  180  182  185  187  189
  190  192  192  192  192  191  190  188  186  184  181  179  177  175  175  175
  174  176  178  174  177  181  187  201  189                                   
    70.0-180.0 180.0   5.0 450.0                            LAT/LON1/LON2/DLON/H
  194  191  195  195  191  194  199  203  207  208  208  208  205  200  194  187
  180  174  170  166  164  163  162  162  161  159  156  153  149  146  144  143
  143  146  150  155  161  167  172  177  180  182  184  185  187  189  191  194
  196  197  198  198  197  196  194  192  190  187  185  182  180  179  178  179
  179  181  184  182  187  191  195  206  194                                   
    67.5-180.0 180.0   5.0 450.0                            LAT/LON1/LON2/DLON/H
  198  198  200  197  192  193  197  200  205  205  207  206  203  198  191  184
  176  169  164  161  159  158  159  159  159  158  156  153  150  147  145  144
  145  148  153  158  165  171  175  179  181  182  182  183  184  186  189  191
  194  195  196  196  195  194  192  190  188  186  184  182  180  179  179  181
  182  185  189  188  194  198  202  212  198                                   
    65.0-180.0 180.0   5.0 450.0                            LAT/LON1/LON2/DLON/H
  202  203  204  200  193  193  195  198  202  203  205  206  204  199  192  184
  176  169  164  160  159  159  159  160  161  161  160  158  155  153  150  149
  150  152  156  161  167  172  175  177  177  176  174  174  175  177  180  183
  186  188  189  189  189  188  187  186  185  183  182  181  180  180  181  183
  185  190  194  194  202  207  210  219  202                                   
    62.5-180.0 180.0   5.0 450.0                            LAT/LON1/LON2/DLON/H
  208  211  211  205  197  194  195  197  201  202  205  207  206  202  197  190
  182  175  170  167  165  164  165  166  167  167  167  166  165  162  160  158
  157  158  160  164  168  171  172  171  169  166  163  162  162  164  168  172
  175  178  179  180  180  180  180  180  181  181  181  181  181  182  184  187
  190  194  200  200  208  214  217  224  208                                   
    60.0-180.0 180.0   5.0 450.0                            LAT/LON1/LON2/DLON/H
  213  219  219  212  202  198  196  197  200  201  204  206  207  206  202  197
  191  185  180  176  174  173  173  173  174  176  177  177  176  174  171  168
  166  164  164  166  167  168  167  164  159  154  150  148  148  150  154  158
  163  166  168  169  170  172  173  175  178  180  181  182  183  185  187  191
  194  199  204  205  213  218  221  227  213                                   
    57.5-180.0 180.0   5.0 450.0                            LAT/LON1/LON2/DLON/H
  219  228  228  220  210  204  201  199  200  200  202  205  207  207  206  203
  199  194  190  187  185  183  182  182  183  185  187  189  189  188  185  180
  175  171  168  167  166  164  161  156  150  143  138  135  135  137  141  146
  150  154  157  159  162  165  168  173  177  181  184  186  187  189  192  195
  198  203  208  208  216  221  224  229  219                                   
    55.0-180.0 180.0   5.0 450.0                            LAT/LON1/LON2/DLON/H
  226  237  238  231  221  214  209  205  203  200  200  203  205  206  207  206
  204  202  199  197  194  192  190  190  191  194  197  201  202  201  197  191
  184  177  172  168  165  162  157  150  143  136  130  127  127  129  133  137
  141  145  149  152  156  161  167  174  180  185  189  191  193  194  196  200
  202  206  211  211  218  223  226  231  226                                   
    52.5-180.0 180.0   5.0 450.0                            LAT/LON1/LON2/DLON/H
  235  246  248  243  235  228  222  214  209  203  200  201  202  204  205  206
  206  205  205  203  202  200  198  198  199  202  207  211  214  213  208  200
  191  182  175  170  165  161  155  148  140  133  128  125  124  126  129  133
  136  140  144  149  154  161  169  177  185  191  195  197  198  199  201  204
  206  210  214  214  220  225  229  234  235                                   
    50.0-180.0 180.0   5.0 450.0                            LAT/LON1/LON2/DLON/H
  244  255  259  256  250  244  238  228  220  210  204  201  200  201  202  203
  204  206  207  208  208  207  207  207  208  212  216  221  223  222  216  207
  197  187  179  173  168  163  157  150  143  136  131  129  128  129  131  133
  137  140  145  150  157  165  174  183  192  198  202  203  203  204  205  207
  210  213  218  218  224  228  233  239  244                                   
    47.5-180.0 180.0   5.0 450.0                            LAT/LON1/LON2/DLON/H
  254  264  269  269  265  262  256  245  234  221  212  206  202  200  200  200
  202  205  208  212  214  215  216  217  219  222  226  229  231  228  222  212
  201  191  184  178  174  169  163  156  149  144  140  138  137  137  137  139
  142  145  149  155  162  171  180  190  199  205  208  209  208  207  208  211
  213  218  223  223  230  234  240  247  254                                   
    45.0-180.0 180.0   5.0 450.0                            LAT/LON1/LON2/DLON/H
  264  272  278  279  279  278  274  263  252  237  225  216  209  204  201  200
  201  205  211  217  222  226  228  230  231  233  236  238  237  233  226  216
  206  197  191  186  182  178  172  165  159  155  152  151  150  149  148  149
  150  153  157  162  169  177  187  197  205  212  214  215  213  211  212  214
  217  223  229  230  238  243  250  259  264                                   
    42.5-180.0 180.0   5.0 450.0                            LAT/LON1/LON2/DLON/H
  274  280  286  289  291  292  289  281  270  256  243  232  222  214  208  204
  205  210  217  226  234  240  244  246  247  248  248  248  245  240  231  222
  213  206  201  198  194  189  183  177  171  168  167  166  165  164  162  161
  161  163  166  170  175  183  192  202  211  218  221  220  219  217  216  219
  223  229  237  240  250  255  263  273  274                                   
    40.0-180.0 180.0   5.0 450.0                            LAT/LON1/LON2/DLON/H
  283  289  294  297  301  303  301  296  288  276  264  253  241  230  221  215
  215  220  229  240  250  258  263  265  265  264  263  261  256  249  240  231
  223  218  215  212  209  203  196  189  184  182  182  182  181  179  176  174
  173  173  175  177  182  189  197  207  217  224  228  228  227  224  224  226
  231  238  247  252  264  270  279  291  283                                   
    37.5-180.0 180.0   5.0 450.0                            LAT/LON1/LON2/DLON/H
  295  300  305  305  309  311  311  308  305  296  287  277  266  252  241  233
  232  237  247  259  271  280  285  287  286  284  281  277  271  263  253  245
  238  234  232  230  225  218  209  202  197  196  197  197  196  193  189  186
  184  183  183  184  187  193  202  213  223  232  237  239  238  236  235  237
  242  250  260  266  281  289  298  311  295                                   
    35.0-180.0 180.0   5.0 450.0                            LAT/LON1/LON2/DLON/H
  309  316  319  317  319  320  321  320  321  317  312  304  293  280  267  258
  255  260  271  284  297  306  310  310  307  304  301  296  290  281  271  263
  257  254  251  248  241  232  222  213  209  208  209  209  207  203  199  194
  191  189  187  188  191  197  207  218  230  241  248  252  252  251  250  251
  256  265  275  283  299  309  320  333  309                                   
    32.5-180.0 180.0   5.0 450.0                            LAT/LON1/LON2/DLON/H
  327  335  339  336  334  333  333  335  338  338  337  333  324  311  297  287
  284  289  300  313  325  333  335  333  329  325  322  318  311  302  292  283
  277  273  269  264  255  243  231  222  217  216  217  217  214  209  203  198
  193  190  187  187  190  197  208  222  236  249  259  266  268  268  267  268
  273  282  292  301  320  330  343  356  327                                   
    30.0-180.0 180.0   5.0 450.0                            LAT/LON1/LON2/DLON/H
  350  358  365  361  355  352  352  354  359  362  364  363  356  344  331  321
  318  322  332  344  355  360  360  355  349  345  342  338  331  322  311  301
  294  288  282  273  262  248  235  225  220  219  219  218  214  208  201  195
  189  184  181  180  184  193  205  221  237  253  266  276  281  283  284  286
  292  301  311  321  341  352  366  379  350                                   
    27.5-180.0 180.0   5.0 450.0                            LAT/LON1/LON2/DLON/H
  375  383  394  392  382  379  377  379  385  390  394  396  391  381  369  359
  354  357  366  376  384  387  383  376  368  362  358  354  347  336  324  312
  302  293  284  272  258  243  230  220  216  215  214  212  207  200  192  185
  178  172  168  167  172  183  198  215  234  251  267  280  290  296  300  304
  311  320  331  342  362  372  389  402  375                                   
    25.0-180.0 180.0   5.0 450.0                            LAT/LON1/LON2/DLON/H
  399  406  423  427  414  410  408  410  416  422  428  431  428  420  409  400
  394  395  401  408  413  412  405  393  382  374  369  363  353  339  324  309
  296  284  271  257  242  227  215  208  204  204  203  200  193  185  177  169
  161  155  150  150  156  168  185  205  225  245  263  280  294  304  311  319
  329  340  351  363  381  389  408  423  399                                   
    22.5-180.0 180.0   5.0 450.0                            LAT/LON1/LON2/DLON/H
  419  425  448  458  444  442  441  443  449  455  462  467  467  462  453  444
  437  435  437  441  441  436  424  408  393  381  371  360  346  328  309  290
  274  259  245  230  216  203  194  188  187  187  186  182  175  167  158  150
  143  136  131  132  138  152  171  192  214  235  256  276  294  308  320  331
  344  357  369  381  397  403  424  440  419                                   
    20.0-180.0 180.0   5.0 450.0                            LAT/LON1/LON2/DLON/H
  431  438  465  480  468  469  470  474  480  487  495  502  506  504  498  490
  482  477  475  474  469  458  441  419  398  380  363  345  325  302  279  257
  239  223  209  196  184  175  168  165  165  166  166  161  155  147  139  132
  125  119  115  116  123  138  158  180  203  225  247  270  291  310  326  341
  356  371  385  397  410  413  434  452  431                                   
    17.5-180.0 180.0   5.0 450.0                            LAT/LON1/LON2/DLON/H
  436  444  472  489  481  486  490  496  504  512  522  531  539  542  540  534
  526  519  513  506  495  478  454  425  396  369  344  318  291  264  238  216
  198  184  172  163  155  148  144  143  145  146  145  142  136  129  123  117
  111  105  102  104  112  128  149  171  194  216  239  264  288  311  331  349
  367  384  399  410  420  420  440  459  436                                   
    15.0-180.0 180.0   5.0 450.0                            LAT/LON1/LON2/DLON/H
  436  446  470  485  484  492  499  508  517  526  537  550  562  570  573  571
  565  557  547  535  517  492  460  424  386  349  315  281  250  221  196  176
  160  150  143  138  134  130  128  127  128  129  128  125  121  116  111  107
  101   96   94   96  105  121  141  164  187  209  232  258  285  311  335  356
  376  394  410  421  429  426  444  464  436                                   
    12.5-180.0 180.0   5.0 450.0                            LAT/LON1/LON2/DLON/H
  434  445  464  475  477  488  498  508  519  528  540  555  571  584  592  595
  592  585  574  557  532  499  459  413  367  321  279  242  209  182  160  144
  134  129  126  125  123  121  119  119  119  119  117  114  111  108  105  101
   96   91   89   91  100  115  136  159  181  204  228  255  284  313  339  362
  384  403  420  430  436  432  449  469  434                                   
    10.0-180.0 180.0   5.0 450.0                            LAT/LON1/LON2/DLON/H
  436  446  457  463  468  480  490  500  509  517  528  544  563  580  593  601
  603  598  587  566  535  495  446  393  339  288  243  205  176  154  138  128
  123  121  122  123  124  122  120  118  116  115  112  109  107  105  103  100
   94   89   86   89   97  113  133  156  179  202  226  254  285  316  344  369
  391  412  429  440  445  441  457  479  436                                   
     7.5-180.0 180.0   5.0 450.0                            LAT/LON1/LON2/DLON/H
  444  452  455  457  463  473  481  488  494  499  507  522  540  559  575  586
  593  593  582  559  524  477  422  364  306  254  211  179  156  142  133  128
