data/edconvlstm_nd/pred0420.15i
     1.0            IONOSPHERE MAPS     GNSS                IONEX VERSION / TYPE
pyspatialgeodesy        IME             05-JAN-18 20:20     PGM / RUN BY / DATE 
Map Name                                                    COMMENT             
Predicted global ionosphere maps (GIM).                     DESCRIPTION         
  2015     2    11     0     0     0                        EPOCH OF FIRST MAP  
  2015     2    12     0     0     0                        EPOCH OF LAST MAP   
  7200                                                      INTERVAL            
    13                                                      # OF MAPS IN FILE   
  NONE                                                      MAPPING FUNCTION    
10.0                                                        ELEVATION CUTOFF    
One-way carrier phase leveled to code                       OBSERVABLES USED    
  6371.0                                                    BASE RADIUS         
 2                                                          MAP DIMENSION       
   450.0 450.0   0.0                                        HGT1 / HGT2 / DHGT  
    87.5 -87.5  -2.5                                        LAT1 / LAT2 / DLAT  
  -180.0 180.0   5.0                                        LON1 / LON2 / DLON  
    -1                                                      EXPONENT            
                                                            END OF HEADER       
[from data line 3861]
    10                                                      START OF TEC MAP    
  2015     2    11    18     0     0                        EPOCH OF CURRENT MAP
    87.5-180.0 180.0   5.0 450.0                            LAT/LON1/LON2/DLON/H
  168  172  167  178  183  185  185  186  186  189  189  190  190  191  191  190
  189  188  187  185  182  180  177  174  170  167  163  159  155  152  149  145
  142  139  137  135  133  131  130  129  128  128  128  128  129  130  131  132
  134  135  137  139  141  143  146  148  150  152  155  157  159  161  163  164
  166  168  169  168  174  173  175  169  168                                   
    85.0-180.0 180.0   5.0 450.0                            LAT/LON1/LON2/DLON/H
  170  172  184  180  183  190  192  196  198  201  202  204  205  207  207  207
  207  206  204  201  198  195  191  187  182  177  172  167  162  157  152  148
  144  140  137  134  131  129  128  127  126  126  127  127  129  130  132  134
  136  139  141  144  147  149  152  155  157  160  162  165  167  169  171  172
  175  176  176  174  174  172  169  170  170                                   
    82.5-180.0 180.0   5.0 450.0                            LAT/LON1/LON2/DLON/H
  153  157  159  164  172  179  185  190  193  198  203  207  210  213  216  217
  217  216  214  210  206  200  194  187  180  172  164  156  148  141  134  128
  122  117  113  109  106  103  101  100  100  100  100  101  103  105  108  111
  114  117  121  125  128  132  135  139  142  145  148  150  153  155  157  158
  160  162  161  162  158  164  151  151  153                                   
    80.0-180.0 180.0   5.0 450.0                            LAT/LON1/LON2/DLON/H
  134  132  135  141  150  156  164  173  181  189  196  204  210  216  220  223
  224  224  221  217  212  205  196  187  177  166  156  145  135  125  117  109
  102   96   91   86   83   80   78   77   77   77   78   80   83   86   90   94
   98  103  108  113  117  122  126  130  134  137  139  141  143  145  146  146
  147  148  147  146  135  133  122  129  134                                   
    77.5-180.0 180.0   5.0 450.0                            LAT/LON1/LON2/DLON/H
  119  107  106  112  121  129  138  149  159  170  181  192  202  211  219  224
  227  228  227  223  218  210  201  190  178  165  152  140  128  117  107   98
   90   84   78   74   70   67   65   63   62   62   63   65   68   71   75   80
   85   90   95  101  106  111  115  119  122  125  127  128  129  130  130  130
  129  129  128  126  117  109  101  111  119                                   
    75.0-180.0 180.0   5.0 450.0                            LAT/LON1/LON2/DLON/H
   96   86   82   88   95  103  112  124  137  151  165  179  193  205  215  223
  229  232  233  231  227  220  211  200  187  174  160  146  133  121  110  101
   93   86   80   75   70   67   64   61   60   59   59   61   63   66   70   75
   80   85   90   96  101  105  109  112  115  116  117  118  117  117  116  116
  114  114  114  110  102   93   85   84   96                                   
    72.5-180.0 180.0   5.0 450.0                            LAT/LON1/LON2/DLON/H
   83   73   69   76   79   88   98  110  125  140  156  173  189  203  216  226
  235  241  244  245  242  237  229  219  207  193  178  163  149  136  125  115
  106   99   92   86   80   75   70   66   63   62   61   61   62   65   68   72
   76   81   86   90   95   99  102  105  106  107  107  107  106  105  104  103
  101  101  101   99   93   86   81   84   83                                   
    70.0-180.0 180.0   5.0 450.0                            LAT/LON1/LON2/DLON/H
   76   70   66   71   74   81   90  104  118  135  152  169  186  202  216  228
  239  247  253  257  258  255  250  241  230  217  202  188  173  160  148  137
  128  119  111  103   95   88   82   76   71   67   65   64   64   65   67   70
   73   77   80   84   88   92   94   96   97   98   97   96   95   94   93   93
   92   92   94   94   90   85   84   85   76                                   
    67.5-180.0 180.0   5.0 450.0                            LAT/LON1/LON2/DLON/H
   78   74   71   77   81   89   99  113  128  144  162  179  196  211  226  239
  251  262  270  277  280  280  277  270  260  248  233  218  203  190  177  166
  155  144  134  124  114  104   95   87   81   75   72   69   68   67   68   69
   70   72   75   78   81   84   87   89   90   90   90   89   88   87   88   88
   88   90   92   92   90   88   87   89   78                                   
    65.0-180.0 180.0   5.0 450.0                            LAT/LON1/LON2/DLON/H
   78   77   75   82   87   95  107  121  137  154  171  188  204  219  234  247
  260  273  284  292  299  301  300  295  285  273  259  245  230  217  204  191
  179  166  154  140  127  115  103   93   84   77   72   68   65   63   62   60
   60   60   61   62   65   68   70   73   74   75   76   76   75   76   76   78
   79   82   86   88   88   88   88   92   78                                   
    62.5-180.0 180.0   5.0 450.0                            LAT/LON1/LON2/DLON/H
   77   78   77   86   94  104  119  135  152  170  187  204  219  233  247  261
  274  287  300  310  317  321  320  315  307  295  281  267  253  240  227  214
  200  185  169  152  136  121  107   95   85   77   71   66   62   58   54   51
   48   46   46   47   49   51   54   57   60   62   63   64   65   66   67   69
   70   74   78   80   80   81   82   88   77                                   
    60.0-180.0 180.0   5.0 450.0                            LAT/LON1/LON2/DLON/H
   72   73   74   86   96  108  126  145  165  185  203  219  234  247  261  275
  288  302  315  325  332  336  335  330  321  309  296  283  271  259  247  233
  218  200  181  162  143  125  109   96   85   77   70   64   59   54   49   43
   39   35   34   34   36   38   42   46   49   52   54   56   57   58   60   61
   63   65   69   70   71   71   73   81   72                                   
    57.5-180.0 180.0   5.0 450.0                            LAT/LON1/LON2/DLON/H
   66   66   69   82   96  111  132  154  177  199  218  235  250  263  277  291
  305  318  330  339  345  346  344  338  329  318  306  296  286  276  264  251
  234  215  193  171  150  131  115  101   89   81   74   68   62   56   49   43
   37   32   30   30   31   34   38   42   46   49   52   55   56   58   59   60
   60   61   63   63   63   62   64   74   66                                   
    55.0-180.0 180.0   5.0 450.0                            LAT/LON1/LON2/DLON/H
   63   62   66   80   96  114  139  164  190  213  234  251  266  280  294  308
  322  334  344  351  354  353  349  342  334  324  315  307  299  292  281  268
  250  228  205  181  160  140  124  110   99   90   83   77   71   64   57   50
   44   39   37   37   38   41   44   48   52   56   59   61   63   65   66   66
   65   65   65   63   61   59   60   69   63                                   
    52.5-180.0 180.0   5.0 450.0                            LAT/LON1/LON2/DLON/H
   65   62   67   82  101  121  149  176  204  229  250  267  282  297  311  326
  339  351  358  362  362  358  353  346  338  330  324  318  313  307  297  283
  264  241  216  193  171  153  137  124  113  104   97   91   84   78   71   64
   59   55   54   54   55   58   61   64   67   70   73   75   76   78   79   79
   77   76   74   71   68   64   64   71   65                                   
    50.0-180.0 180.0   5.0 450.0                            LAT/LON1/LON2/DLON/H
   75   71   76   91  112  136  165  194  223  248  268  285  300  314  329  344
  357  367  372  373  370  365  359  352  346  340  336  332  328  322  312  296
  275  250  226  203  183  167  153  140  130  120  113  106  100   94   88   83
   79   77   77   78   80   82   83   85   87   88   89   91   92   93   95   95
   94   93   91   87   83   78   77   81   75                                   
    47.5-180.0 180.0   5.0 450.0                            LAT/LON1/LON2/DLON/H
   91   86   91  107  130  157  188  217  246  270  289  305  318  332  347  361
  375  383  387  385  381  375  368  363  357  353  350  347  342  334  321  302
  279  255  231  210  193  179  167  155  144  134  126  119  113  108  103  100
   98   99  100  102  104  104  104  105  104  104  104  104  105  107  109  112
  111  112  110  108  104   99   97   99   91                                   
    45.0-180.0 180.0   5.0 450.0                            LAT/LON1/LON2/DLON/H
  109  105  111  128  153  182  214  243  271  294  312  326  338  351  364  379
  391  399  401  398  393  388  382  377  373  369  365  360  352  340  322  301
  276  252  230  213  200  189  178  167  155  144  134  127  121  116  112  110
  110  112  115  117  118  117  116  115  113  112  111  111  112  115  119  123
  124  127  127  127  125  120  118  122  109                                   
    42.5-180.0 180.0   5.0 450.0                            LAT/LON1/LON2/DLON/H
  126  123  130  149  177  206  239  268  295  318  335  348  359  370  382  395
  406  413  415  413  408  403  398  393  388  383  376  367  354  337  316  292
  268  246  228  214  205  196  186  175  162  149  139  130  123  118  114  112
  113  115  117  118  118  116  114  113  111  110  109  109  111  115  120  126
  130  134  136  139  139  136  135  141  126                                   
    40.0-180.0 180.0   5.0 450.0                            LAT/LON1/LON2/DLON/H
  136  135  144  166  196  226  258  287  314  337  355  369  380  389  400  411
  421  427  429  428  424  420  415  409  401  392  381  367  349  329  307  284
  262  245  231  222  215  207  197  183  169  155  143  133  125  118  113  110
  109  109  109  109  107  104  102  101  101  100  100  101  104  108  115  123
  127  132  136  139  140  140  140  149  136                                   
    37.5-180.0 180.0   5.0 450.0                            LAT/LON1/LON2/DLON/H
  137  138  150  175  207  236  270  298  326  351  371  387  399  409  418  427
  434  440  442  442  440  436  429  420  408  395  380  363  344  324  304  285
  270  258  250  244  237  228  215  199  181  165  151  140  130  122  115  110
  106  103  100   96   92   89   87   88   89   90   91   93   96  101  108  115
  120  124  127  129  130  130  131  142  137                                   
    35.0-180.0 180.0   5.0 450.0                            LAT/LON1/LON2/DLON/H
  133  135  149  176  209  238  272  301  330  358  382  401  416  426  435  442
  448  452  455  456  455  449  440  427  411  395  379  363  347  331  317  306
  298  294  290  286  277  264  245  224  203  185  169  157  146  136  128  120
  113  106   98   91   85   81   80   82   85   88   89   91   94   99  106  112
  114  116  117  116  114  113  116  127  133                                   
    32.5-180.0 180.0   5.0 450.0                            LAT/LON1/LON2/DLON/H
  128  129  146  174  207  234  268  297  329  359  387  411  429  442  451  456
  460  464  467  468  466  459  446  430  412  397  383  373  364  358  354  353
  355  357  357  351  337  316  290  263  237  216  199  186  175  165  156  147
  138  127  115  104   95   91   91   94   97   99  101  102  105  108  114  118
  117  116  112  108  103   98  102  112  128                                   
    30.0-180.0 180.0   5.0 450.0                            LAT/LON1/LON2/DLON/H
  128  128  146  173  205  230  263  292  324  357  389  417  440  455  465  469
  472  474  476  477  473  464  449  432  416  405  400  400  404  411  421  433
  444  452  452  440  417  385  349  313  282  258  240  227  217  209  202  195
  184  171  155  141  131  126  125  127  129  129  129  129  130  132  135  136
  133  128  119  110  103   94   95  102  128                                   
    27.5-180.0 180.0   5.0 450.0                            LAT/LON1/LON2/DLON/H
  135  135  151  179  210  232  263  290  323  356  390  422  448  466  476  480
  481  482  483  483  477  466  451  437  428  427  434  449  470  494  520  545
  564  572  566  544  509  464  416  371  334  307  288  276  269  265  263  259
  251  237  220  204  193  187  185  183  181  177  173  170  168  167  168  167
  160  152  139  126  116  103  100  101  135                                   
    25.0-180.0 180.0   5.0 450.0                            LAT/LON1/LON2/DLON/H
  151  150  164  193  223  243  272  296  327  360  394  426  455  475  487  490
  490  489  489  486  480  468  456  449  451  465  489  523  563  605  644  675
  694  695  678  644  597  541  482  428  386  355  337  327  323  325  329  331
  328  318  302  287  277  270  265  258  247  236  226  218  213  209  206  203
  194  185  168  154  139  123  115  112  151                                   
    22.5-180.0 180.0   5.0 450.0                            LAT/LON1/LON2/DLON/H
  175  172  183  214  245  264  290  311  338  369  401  433  462  484  497  500
  500  498  496  492  484  475  469  473  490  522  565  618  673  725  767  793
  801  790  762  720  665  602  536  476  429  396  377  369  370  378  389  399
  403  398  386  374  365  359  350  336  317  296  279  265  256  248  243  238
  228  219  201  187  169  150  138  132  175                                   
    20.0-180.0 180.0   5.0 450.0                            LAT/LON1/LON2/DLON/H
  199  199  207  240  272  290  315  333  357  384  412  442  471  494  508  513
  513  510  508  503  496  491  494  512  547  596  655  719  780  828  859  871
  865  843  809  763  706  640  571  507  456  421  402  396  400  412  430  447
  458  458  452  444  438  431  419  398  371  342  318  300  287  277  270  264
  255  248  231  218  197  176  163  157  199                                   
    17.5-180.0 180.0   5.0 450.0                            LAT/LON1/LON2/DLON/H
  218  222  229  264  299  319  343  360  381  403  428  454  482  506  522  529
  531  530  527  523  518  520  534  566  616  678  745  807  858  891  905  902
  885  857  820  774  718  655  586  521  467  430  410  403  408  422  443  464
  480  486  485  481  477  471  457  431  397  363  334  313  299  289  282  275
  268  264  250  239  218  195  182  179  218                                   
    15.0-180.0 180.0   5.0 450.0                            LAT/LON1/LON2/DLON/H
  226  233  243  281  318  342  368  386  407  427  447  471  497  522  540  552
  557  558  557  555  554  563  588  632  691  756  817  865  895  908  906  893
  869  838  802  759  710  652  587  522  467  427  404  394  397  409  429  451
  468  478  480  480  479  474  459  432  396  359  329  307  293  284  277  272
  267  266  256  245  225  202  188  189  226                                   
    12.5-180.0 180.0   5.0 450.0                            LAT/LON1/LON2/DLON/H
  219  230  246  286  327  356  387  409  432  451  470  492  517  543  565  580
  590  595  597  598  603  618  651  701  761  818  861  886  893  889  876  856
  831  801  769  733  692  642  582  519  463  420  392  378  375  382  397  416
  433  443  448  449  449  445  431  406  372  337  308  288  276  268  263  259
  256  256  248  236  219  196  180  184  219                                   
    10.0-180.0 180.0   5.0 450.0                            LAT/LON1/LON2/DLON/H
  203  215  237  280  326  361  399  426  454  477  496  517  543  570  595  615
  630  639  646  651  660  680  716  765  816  856  876  876  865  849  830  809
  786  761  736  709  678  636  582  521  463  417  384  364  354  354  362  377
  391  400  405  407  407  403  391  368  338  308  283  267  256  249  246  242
  240  239  231  218  202  180  162  167  203                                   
     7.5-180.0 180.0   5.0 450.0                            LAT/LON1/LON2/DLON/H
  182  196  222  269  319  360  404  439  474  502  524  547  573  602  630  654
  673  687  697  707  719  742  776  818  854  872  868  849  826  804  785  768
