data/edconvlstm_nd/pred3150.15i
     1.0            IONOSPHERE MAPS     GNSS                IONEX VERSION / TYPE
pyspatialgeodesy        IME             05-JAN-18 20:20     PGM / RUN BY / DATE 
Map Name                                                    COMMENT             
Predicted global ionosphere maps (GIM).                     DESCRIPTION         
  2015    11    11     0     0     0                        EPOCH OF FIRST MAP  
  2015    11    12     0     0     0                        EPOCH OF LAST MAP   
  7200                                                      INTERVAL            
    13                                                      # OF MAPS IN FILE   
  NONE                                                      MAPPING FUNCTION    
10.0                                                        ELEVATION CUTOFF    
One-way carrier phase leveled to code                       OBSERVABLES USED    
  6371.0                                                    BASE RADIUS         
 2                                                          MAP DIMENSION       
   450.0 450.0   0.0                                        HGT1 / HGT2 / DHGT  
    87.5 -87.5  -2.5                                        LAT1 / LAT2 / DLAT  
  -180.0 180.0   5.0                                        LON1 / LON2 / DLON  
    -1                                                      EXPONENT            
                                                            END OF HEADER       
[from data line 2574]
     7                                                      START OF TEC MAP    
  2015    11    11    12     0     0                        EPOCH OF CURRENT MAP
    87.5-180.0 180.0   5.0 450.0                            LAT/LON1/LON2/DLON/H
   37   48   49   52   55   56   57   53   55   58   58   60   61   62   63   63
   64   65   65   66   66   67   67   67   67   67   67   67   67   67   67   67
   66   66   65   65   64   63   63   62   61   60   60   59   59   58   57   57
   56   56   55   54   54   53   52   51   51   50   49   48   47   46   45   45
   46   45   43   41   44   47   61   65   37                                   
    85.0-180.0 180.0   5.0 450.0                            LAT/LON1/LON2/DLON/H
   34   53   64   52   55   59   60   61   62   65   65   66   67   67   68   69
   70   70   71   72   72   73   74   74   75   76   76   77   77   77   77   77
   77   76   76   75   74   73   72   72   71   70   69   68   67   67   66   66
   65   65   64   64   63   62   62   61   60   59   58   57   56   55   54   53
   54   53   48   46   49   52   60   57   34                                   
    82.5-180.0 180.0   5.0 450.0                            LAT/LON1/LON2/DLON/H
   23   39   52   46   49   51   54   55   56   58   59   60   61   61   62   62
   63   64   65   65   66   67   68   69   70   71   73   74   75   75   76   76
   76   76   75   74   74   72   71   70   69   67   66   65   64   63   62   62
   61   60   60   59   59   58   57   56   55   54   52   51   49   48   46   45
   45   44   41   38   46   50   48   46   23                                   
    80.0-180.0 180.0   5.0 450.0                            LAT/LON1/LON2/DLON/H
   21   31   47   42   46   45   48   49   51   52   53   54   54   54   54   54
   55   55   56   57   58   59   60   62   64   66   68   70   72   73   75   75
   76   76   75   74   73   72   71   69   67   66   64   63   62   61   60   59
   59   59   59   58   58   58   57   56   55   54   52   50   47   45   43   41
   40   39   37   36   39   44   43   46   21                                   
    77.5-180.0 180.0   5.0 450.0                            LAT/LON1/LON2/DLON/H
   34   37   43   38   41   42   44   45   47   47   46   47   46   46   46   46
   46   46   47   48   49   51   53   55   58   61   64   67   69   71   73   74
   75   75   74   73   72   71   69   67   65   63   62   60   59   58   57   57
   57   58   59   59   60   61   61   60   59   57   55   53   50   46   43   40
   38   35   33   32   32   33   37   42   34                                   
    75.0-180.0 180.0   5.0 450.0                            LAT/LON1/LON2/DLON/H
   30   38   40   40   42   43   44   44   45   44   42   42   40   39   38   38
   37   38   38   40   41   43   46   49   52   56   60   64   68   71   73   74
   75   75   74   73   72   71   69   68   66   65   63   61   60   59   58   59
   59   60   62   64   65   67   67   67   67   65   63   60   56   53   49   45
   42   39   37   34   36   34   36   34   30                                   
    72.5-180.0 180.0   5.0 450.0                            LAT/LON1/LON2/DLON/H
   39   44   45   45   46   48   49   47   46   44   40   38   36   34   32   31
   31   31   32   33   35   38   41   45   49   54   60   65   69   73   75   76
   77   76   75   74   73   72   71   70   69   68   67   65   64   63   62   62
   62   64   65   67   69   71   71   72   71   69   67   64   61   57   53   50
   47   44   42   40   41   39   42   42   39                                   
    70.0-180.0 180.0   5.0 450.0                            LAT/LON1/LON2/DLON/H
   45   50   54   53   54   55   54   53   51   47   43   40   36   34   32   31
   30   30   31   33   35   38   41   46   52   58   65   71   76   79   82   83
   83   82   80   79   78   77   77   77   77   77   76   75   74   72   71   70
   70   70   71   72   73   74   75   74   73   71   69   66   63   60   58   55
   53   51   50   47   49   48   53   51   45                                   
    67.5-180.0 180.0   5.0 450.0                            LAT/LON1/LON2/DLON/H
   48   55   58   58   60   62   62   60   57   53   47   44   40   37   35   33
   33   33   33   35   37   40   44   50   57   64   71   78   83   87   89   89
   88   86   84   83   82   82   83   84   86   87   87   86   85   82   80   78
   76   75   74   74   74   73   72   70   68   65   63   61   59   57   56   56
   55   54   55   51   53   53   57   54   48                                   
    65.0-180.0 180.0   5.0 450.0                            LAT/LON1/LON2/DLON/H
   48   56   58   60   62   65   64   64   61   57   52   49   45   42   39   38
   37   37   37   38   41   44   49   55   63   71   79   86   92   96   98   98
   96   93   91   89   88   89   91   94   97   99  100   99   98   95   92   88
   84   81   77   75   72   69   66   62   59   56   53   51   50   50   50   52
   53   54   55   53   56   58   61   58   48                                   
    62.5-180.0 180.0   5.0 450.0                            LAT/LON1/LON2/DLON/H
   44   52   54   56   59   63   62   62   61   58   54   52   49   47   45   43
   42   41   41   41   43   46   51   58   66   75   84   92   99  104  106  106
  104  101   98   96   95   97   99  103  107  110  111  111  109  106  101   95
   89   83   78   72   67   62   56   51   46   43   40   39   39   40   42   44
   46   48   50   49   52   54   57   56   44                                   
    60.0-180.0 180.0   5.0 450.0                            LAT/LON1/LON2/DLON/H
   38   45   46   48   50   53   54   54   54   53   51   51   49   48   47   46
   44   43   42   41   42   45   50   57   66   76   86   96  103  109  112  113
  111  109  106  104  103  105  108  112  116  119  120  120  117  113  107  100
   92   84   77   69   62   55   48   41   36   32   29   29   29   31   33   35
   38   39   42   42   46   47   49   49   38                                   
    57.5-180.0 180.0   5.0 450.0                            LAT/LON1/LON2/DLON/H
   33   39   40   41   43   45   46   46   47   47   47   48   48   49   49   48
   46   44   42   41   41   43   48   56   66   77   89   99  108  116  120  122
  122  120  118  116  116  117  120  124  127  130  130  130  127  122  115  108
   99   90   81   72   64   55   47   40   34   30   28   28   28   30   31   33
   34   35   38   38   42   42   43   44   33                                   
    55.0-180.0 180.0   5.0 450.0                            LAT/LON1/LON2/DLON/H
   33   37   38   38   38   39   39   39   39   40   41   43   45   47   48   47
   46   43   41   39   39   42   47   56   67   79   92  104  114  123  129  132
  134  133  131  130  130  131  133  136  139  140  140  139  136  131  125  117
  109   99   90   81   72   62   54   46   40   37   35   35   36   36   37   37
   37   37   39   39   42   40   41   42   33                                   
    52.5-180.0 180.0   5.0 450.0                            LAT/LON1/LON2/DLON/H
   40   42   42   41   39   39   38   35   34   35   36   39   41   44   45   45
   44   42   40   38   39   42   48   58   70   83   97  110  122  132  139  144
  146  147  146  145  145  146  148  150  151  151  151  149  146  142  137  129
  121  113  104   95   86   76   68   60   55   52   51   52   53   53   52   50
   48   46   47   46   49   45   45   46   40                                   
    50.0-180.0 180.0   5.0 450.0                            LAT/LON1/LON2/DLON/H
   53   53   53   51   47   46   42   37   34   32   33   35   38   41   42   43
   42   41   39   39   40   45   52   63   77   92  106  120  132  142  150  155
  158  159  159  159  160  161  162  163  163  162  161  159  157  154  149  143
  136  128  120  111  102   93   84   77   73   71   72   74   75   75   73   69
   64   61   62   59   61   57   56   55   53                                   
    47.5-180.0 180.0   5.0 450.0                            LAT/LON1/LON2/DLON/H
   69   70   68   67   62   60   53   45   38   35   33   35   37   39   40   41
   41   41   40   41   44   50   60   72   87  103  118  132  144  153  160  165
  168  169  170  171  172  174  175  175  174  173  171  170  168  166  162  157
  150  143  135  126  117  107   98   91   87   87   90   94   96   97   94   89
   83   78   77   75   76   73   72   69   69                                   
    45.0-180.0 180.0   5.0 450.0                            LAT/LON1/LON2/DLON/H
   85   86   85   84   80   77   68   57   48   42   39   38   38   39   40   40
   41   41   42   45   50   58   69   84  100  117  133  146  157  164  169  172
  173  175  176  178  181  184  187  187  186  184  182  180  179  177  174  169
  162  155  146  137  126  115  105   98   95   96  100  105  109  110  108  103
   97   92   90   87   90   89   88   84   85                                   
    42.5-180.0 180.0   5.0 450.0                            LAT/LON1/LON2/DLON/H
   96   98   96   98   96   94   84   73   62   55   49   47   45   43   42   42
   43   44   46   50   57   67   80   96  114  132  148  160  169  174  176  176
  176  176  179  183  188  194  197  199  197  195  192  190  189  187  183  178
  171  162  153  142  130  118  106   97   94   95  100  105  110  112  110  107
  102   97   94   93   97   99   99   95   96                                   
    40.0-180.0 180.0   5.0 450.0                            LAT/LON1/LON2/DLON/H
   96  100   99  103  105  104   95   87   77   70   64   60   56   52   49   48
   48   49   52   57   65   77   91  108  127  145  161  172  179  181  181  178
  177  178  181  188  196  204  210  212  210  207  203  200  198  196  191  185
  177  168  157  145  131  116  103   93   89   90   94   99  103  105  104  102
   98   93   91   89   94   98   99   97   96                                   
    37.5-180.0 180.0   5.0 450.0                            LAT/LON1/LON2/DLON/H
   88   92   91   98  103  104   99   94   89   85   81   77   71   65   60   57
   56   57   60   66   74   87  102  119  137  155  171  182  188  189  186  183
  181  183  188  198  209  219  227  229  227  222  217  213  210  206  200  193
  184  174  163  150  135  119  104   94   88   88   90   93   95   96   95   94
   90   86   83   80   85   89   91   90   88                                   
    35.0-180.0 180.0   5.0 450.0                            LAT/LON1/LON2/DLON/H
   74   78   76   85   90   94   94   94   95   95   94   92   87   80   73   68
   65   65   68   74   84   97  112  129  147  164  179  191  197  198  195  193
  192  196  204  217  231  243  251  253  250  243  236  231  226  221  215  207
  198  188  177  165  150  134  119  108  101   99   99   99   97   95   92   90
   86   81   77   71   74   76   80   80   74                                   
    32.5-180.0 180.0   5.0 450.0                            LAT/LON1/LON2/DLON/H
   62   64   60   68   73   77   81   87   93   98  102  102   99   92   85   79
   75   75   77   84   94  107  122  139  155  172  187  199  206  209  209  209
  213  220  233  249  265  278  286  286  281  272  264  256  250  244  238  231
  223  215  206  195  183  168  154  143  135  131  128  123  117  110  104  100
   94   86   80   70   69   68   71   73   62                                   
    30.0-180.0 180.0   5.0 450.0                            LAT/LON1/LON2/DLON/H
   58   56   50   55   57   60   66   75   84   93  101  105  104  100   94   89
   85   84   87   94  106  120  135  150  166  181  196  208  218  224  228  234
  244  258  275  294  312  325  330  329  321  311  300  291  284  278  272  267
  261  256  250  243  235  224  212  201  193  186  179  170  159  146  136  128
  119  108   97   82   76   71   73   72   58                                   
    27.5-180.0 180.0   5.0 450.0                            LAT/LON1/LON2/DLON/H
   67   60   49   49   47   47   53   62   72   83   93  100  102  101   98   94
   92   92   96  106  119  134  149  164  177  191  205  219  231  241  253  267
  285  306  329  351  368  379  382  378  369  357  346  336  329  324  320  316
  314  312  310  308  304  297  288  278  268  259  249  236  220  203  188  176
  163  148  133  112   99   88   87   82   67                                   
    25.0-180.0 180.0   5.0 450.0                            LAT/LON1/LON2/DLON/H
   91   77   60   53   46   42   46   52   61   71   81   89   94   96   96   96
   95   98  105  117  132  149  165  178  190  202  216  230  245  263  283  306
  334  362  388  410  425  433  434  429  420  409  399  391  384  381  379  378
  379  381  382  384  384  381  374  363  351  339  326  310  290  270  252  236
  219  202  181  158  139  121  113  102   91                                   
    22.5-180.0 180.0   5.0 450.0                            LAT/LON1/LON2/DLON/H
  128  108   86   69   56   46   46   48   53   61   69   76   82   87   90   93
   96  102  112  127  145  163  180  193  203  214  226  242  262  286  315  347
  381  414  443  463  475  479  479  475  469  462  455  449  446  444  445  447
  451  455  460  464  466  465  457  443  427  410  394  376  357  335  316  297
  278  259  235  212  188  165  148  132  128                                   
    20.0-180.0 180.0   5.0 450.0                            LAT/LON1/LON2/DLON/H
  171  149  121   95   75   59   53   50   51   54   59   65   71   77   83   89
   95  104  117  135  155  175  192  205  215  225  238  256  280  310  346  384
  422  457  484  501  510  513  513  512  511  510  508  507  506  507  510  515
  521  526  531  535  536  531  518  498  475  454  436  419  402  383  364  345
  325  307  281  262  236  211  188  168  171                                   
    17.5-180.0 180.0   5.0 450.0                            LAT/LON1/LON2/DLON/H
  212  192  162  126  100   77   67   57   53   53   54   58   64   70   77   85
   94  106  122  142  163  184  201  215  226  237  251  271  298  333  372  412
  451  484  508  523  530  533  536  539  544  549  554  556  558  561  566  572
  578  582  584  584  579  568  547  519  488  462  443  429  416  401  386  368
  351  335  312  298  273  250  223  203  212                                   
    15.0-180.0 180.0   5.0 450.0                            LAT/LON1/LON2/DLON/H
  242  229  201  161  128  101   85   70   60   56   54   57   62   68   76   85
   96  110  128  149  170  190  207  222  235  248  264  286  315  351  391  430
  467  497  519  531  537  541  547  556  568  579  588  594  597  600  604  610
  614  615  612  605  593  573  543  506  469  439  419  407  399  389  378  364
  350  339  321  312  291  272  247  229  242                                   
    12.5-180.0 180.0   5.0 450.0                            LAT/LON1/LON2/DLON/H
  255  251  228  190  155  126  107   87   72   64   60   61   65   71   79   89
  102  117  136  156  177  195  212  228  243  259  278  301  330  365  402  439
  472  498  517  529  535  542  552  566  583  599  611  617  619  620  623  626
  628  625  617  604  584  556  519  475  432  398  378  367  362  356  348  337
  327  320  308  304  288  274  254  239  255                                   
    10.0-180.0 180.0   5.0 450.0                            LAT/LON1/LON2/DLON/H
  252  256  241  207  175  148  128  106   88   77   71   71   74   79   87   97
  110  127  146  166  184  201  217  234  252  271  292  315  343  375  408  441
  469  493  511  522  531  540  554  572  593  611  622  626  626  624  624  625
  625  619  608  590  565  531  488  440  394  359  336  325  321  316  310  301
  293  290  282  282  271  262  247  234  252                                   
     7.5-180.0 180.0   5.0 450.0                            LAT/LON1/LON2/DLON/H
  239  247  240  211  186  162  145  124  105   93   86   84   86   90   97  107
  121  139  158  177  194  209  225  243  264  286  307  330  355  383  413  441
