data/edconvlstm_nd/pred0550.15i
     1.0            IONOSPHERE MAPS     GNSS                IONEX VERSION / TYPE
pyspatialgeodesy        IME             05-JAN-18 20:20     PGM / RUN BY / DATE 
Map Name                                                    COMMENT             
Predicted global ionosphere maps (GIM).                     DESCRIPTION         
  2015     2    24     0     0     0                        EPOCH OF FIRST MAP  
  2015     2    25     0     0     0                        EPOCH OF LAST MAP   
  7200                                                      INTERVAL            
    13                                                      # OF MAPS IN FILE   
  NONE                                                      MAPPING FUNCTION    
10.0                                                        ELEVATION CUTOFF    
One-way carrier phase leveled to code                       OBSERVABLES USED    
  6371.0                                                    BASE RADIUS         
 2                                                          MAP DIMENSION       
   450.0 450.0   0.0                                        HGT1 / HGT2 / DHGT  
    87.5 -87.5  -2.5                                        LAT1 / LAT2 / DLAT  
  -180.0 180.0   5.0                                        LON1 / LON2 / DLON  
    -1                                                      EXPONENT            
                                                            END OF HEADER       
[from data line 5148]
    13                                                      START OF TEC MAP    
  2015     2    25     0     0     0                        EPOCH OF CURRENT MAP
    87.5-180.0 180.0   5.0 450.0                            LAT/LON1/LON2/DLON/H
  119  121  124  115  115  118  115  115  117  117  118  120  121  121  122  121
  121  120  119  117  115  113  111  109  107  105  102  100   98   97   95   93
   92   91   90   90   90   90   90   90   91   92   93   94   95   96   98   99
  100  101  103  104  105  106  107  108  108  109  109  110  110  109  110  110
  110  110  109  109  103  109  117  122  119                                   
    85.0-180.0 180.0   5.0 450.0                            LAT/LON1/LON2/DLON/H
  124  131  115  120  125  129  126  125  127  127  129  130  131  131  131  130
  129  127  124  122  118  115  112  108  104  101   97   94   91   89   86   84
   83   82   82   82   82   83   85   87   89   91   93   95   97  100  102  104
  106  107  109  111  112  114  115  116  117  118  119  120  120  120  121  121
  122  122  123  124  119  125  132  131  124                                   
    82.5-180.0 180.0   5.0 450.0                            LAT/LON1/LON2/DLON/H
  122  124  130  129  132  138  135  137  140  141  143  145  147  147  146  145
  142  139  135  130  126  120  115  109  104   98   93   88   84   80   76   74
   72   71   71   72   73   75   78   81   85   88   91   95   98  101  104  106
  109  111  113  115  117  119  121  123  125  126  127  128  129  129  130  131
  132  132  131  128  128  121  126  129  122                                   
    80.0-180.0 180.0   5.0 450.0                            LAT/LON1/LON2/DLON/H
  130  128  129  128  134  138  141  145  150  152  156  159  160  161  159  156
  152  147  141  134  127  120  112  105   97   90   83   77   71   66   63   60
   59   58   59   61   63   66   70   74   79   83   87   91   95   98  101  103
  106  108  110  113  115  117  120  122  124  125  127  128  129  129  130  132
  132  130  131  128  138  130  138  147  130                                   
    77.5-180.0 180.0   5.0 450.0                            LAT/LON1/LON2/DLON/H
  141  135  132  136  138  141  145  152  159  162  167  171  173  172  170  165
  158  151  142  134  125  117  109  101   93   86   78   72   66   61   57   55
   54   54   55   58   61   65   70   75   80   84   88   92   95   97   99  101
  103  105  107  109  111  113  116  118  120  122  123  124  125  126  127  129
  129  131  132  133  139  140  145  160  141                                   
    75.0-180.0 180.0   5.0 450.0                            LAT/LON1/LON2/DLON/H
  155  145  143  147  146  149  152  158  166  170  175  179  179  177  171  163
  154  144  134  125  116  108  101   94   87   81   75   69   63   59   56   54
   53   54   56   60   64   69   74   79   84   87   90   93   94   95   96   96
   97   98   99  101  102  105  107  109  111  113  114  115  116  118  120  122
  123  127  132  130  140  149  152  170  155                                   
    72.5-180.0 180.0   5.0 450.0                            LAT/LON1/LON2/DLON/H
  162  159  158  158  156  156  159  165  173  178  183  185  184  179  170  158
  145  133  121  112  104   98   93   88   84   80   75   70   66   62   59   57
   57   57   60   63   67   72   77   81   84   86   87   87   87   86   85   84
   84   84   85   87   89   91   94   96   98  100  101  103  104  106  109  113
  116  122  131  133  144  155  163  187  162                                   
    70.0-180.0 180.0   5.0 450.0                            LAT/LON1/LON2/DLON/H
  178  175  173  176  171  170  172  178  186  190  194  195  192  183  170  154
  138  123  110  100   93   89   86   84   82   80   77   74   70   67   64   62
   61   62   64   67   70   74   78   81   83   83   83   81   79   78   76   75
   75   76   77   79   82   85   88   91   93   95   96   97   99  101  104  109
  114  122  134  140  155  170  178  202  178                                   
    67.5-180.0 180.0   5.0 450.0                            LAT/LON1/LON2/DLON/H
  191  193  189  191  185  182  182  187  194  198  202  202  197  186  169  150
  131  113  100   90   84   81   80   81   81   80   78   75   71   68   64   61
   60   60   60   62   65   67   69   71   71   71   69   67   65   63   62   61
   62   63   66   69   73   77   80   84   87   89   91   92   93   95   99  105
  111  121  135  143  162  181  191  216  191                                   
    65.0-180.0 180.0   5.0 450.0                            LAT/LON1/LON2/DLON/H
  200  204  200  202  196  191  190  195  202  206  210  211  205  192  173  152
  130  112   97   88   82   81   81   82   83   82   79   76   71   67   62   58
   56   54   54   54   55   56   57   58   57   56   55   54   52   51   51   51
   53   55   59   63   68   72   77   81   84   87   90   92   94   97  101  108
  115  125  140  148  168  189  201  228  200                                   
    62.5-180.0 180.0   5.0 450.0                            LAT/LON1/LON2/DLON/H
  205  210  207  210  205  198  197  201  208  212  217  218  213  200  182  160
  138  119  105   95   90   88   88   87   86   83   79   74   68   63   58   53
   49   47   45   44   44   44   44   45   45   45   45   44   44   44   44   46
   48   52   56   61   66   71   75   80   84   89   93   97  101  105  110  117
  124  135  149  156  172  192  206  236  205                                   
    60.0-180.0 180.0   5.0 450.0                            LAT/LON1/LON2/DLON/H
  205  211  210  214  210  203  201  204  210  214  220  223  220  209  193  173
  152  134  121  111  105  100   97   92   87   81   75   68   62   56   51   47
   42   39   37   35   34   34   35   36   37   38   38   39   39   40   41   43
   46   50   55   60   64   69   74   79   85   91   98  104  111  117  124  132
  139  149  162  167  179  194  208  242  205                                   
    57.5-180.0 180.0   5.0 450.0                            LAT/LON1/LON2/DLON/H
  208  212  214  219  216  210  206  207  211  214  220  224  224  217  205  189
  172  156  142  132  122  114  105   96   86   77   69   62   56   51   46   42
   39   36   33   32   31   31   32   33   35   37   38   39   40   41   42   44
   47   51   55   60   64   69   74   79   87   96  105  115  125  134  144  153
  160  168  180  183  190  198  213  250  208                                   
    55.0-180.0 180.0   5.0 450.0                            LAT/LON1/LON2/DLON/H
  217  219  223  228  228  222  216  214  215  215  219  223  225  223  216  205
  192  178  165  152  139  125  111   97   84   73   64   58   53   50   47   44
   41   38   35   34   33   34   36   38   40   43   45   46   47   47   48   49
   52   55   59   63   67   71   76   83   92  103  115  129  142  155  167  178
  185  193  203  204  208  209  223  264  217                                   
    52.5-180.0 180.0   5.0 450.0                            LAT/LON1/LON2/DLON/H
  235  236  239  244  246  241  233  226  223  219  219  222  225  226  224  218
  209  198  184  169  152  133  114   97   82   71   64   59   56   54   52   50
   47   45   43   42   42   43   46   49   52   55   57   58   59   59   59   60
   62   65   68   71   75   79   85   92  101  113  127  142  159  175  190  203
  212  220  228  229  230  227  239  283  235                                   
    50.0-180.0 180.0   5.0 450.0                            LAT/LON1/LON2/DLON/H
  262  261  262  268  272  267  257  246  237  228  223  223  225  228  229  226
  221  211  197  179  159  138  118  100   86   76   70   67   66   64   63   60
   57   55   53   53   54   56   60   64   67   71   73   75   76   75   75   76
   77   79   82   85   88   93   98  105  113  124  138  155  173  191  209  224
  235  245  253  254  256  251  263  307  262                                   
    47.5-180.0 180.0   5.0 450.0                            LAT/LON1/LON2/DLON/H
  294  294  292  299  303  299  287  273  258  244  233  229  228  230  232  231
  226  216  202  184  163  142  123  106   94   87   82   80   79   77   74   71
   67   64   63   64   67   70   75   79   83   87   91   93   94   94   94   94
   95   96   99  102  106  110  114  119  125  134  147  163  182  201  220  237
  251  262  273  276  280  278  292  333  294                                   
    45.0-180.0 180.0   5.0 450.0                            LAT/LON1/LON2/DLON/H
  324  328  325  331  335  332  319  303  285  266  251  241  236  235  235  233
  227  217  203  185  167  148  132  119  109  103   99   96   93   88   83   77
   72   69   69   72   76   81   87   92   96  100  105  108  110  111  111  112
  113  115  118  120  123  126  129  132  137  145  156  170  187  206  224  242
  256  270  283  291  299  303  320  356  324                                   
    42.5-180.0 180.0   5.0 450.0                            LAT/LON1/LON2/DLON/H
  347  356  354  359  361  358  347  332  313  292  273  259  250  244  240  235
  227  216  203  188  173  159  147  136  128  122  116  110  102   94   85   77
   72   70   71   76   82   89   94   99  103  108  113  118  121  123  125  126
  128  131  133  136  139  142  144  147  151  156  166  178  193  209  226  242
  256  271  287  299  312  322  343  372  347                                   
    40.0-180.0 180.0   5.0 450.0                            LAT/LON1/LON2/DLON/H
  360  375  373  376  376  372  363  351  336  315  296  280  267  257  248  240
  230  218  207  196  186  176  167  157  148  138  128  117  105   93   83   74
   70   69   73   79   87   94   99  103  107  112  118  123  128  131  134  137
  140  143  146  150  153  156  159  161  165  170  177  188  201  215  230  243
  256  271  289  304  320  337  360  383  360                                   
    37.5-180.0 180.0   5.0 450.0                            LAT/LON1/LON2/DLON/H
  367  385  383  381  378  372  364  357  347  331  314  298  283  271  259  247
  236  226  218  211  205  198  188  176  162  147  132  118  104   92   82   75
   72   73   79   86   94  100  104  107  110  115  121  128  133  137  140  144
  148  152  156  160  163  167  170  172  176  181  189  200  213  226  239  252
  263  276  294  310  327  347  372  392  367                                   
    35.0-180.0 180.0   5.0 450.0                            LAT/LON1/LON2/DLON/H
  373  392  389  381  375  367  358  353  348  338  325  311  297  283  270  258
  248  240  235  232  228  220  207  189  170  150  133  118  107   98   90   86
   85   88   94  101  108  112  114  116  118  122  128  134  139  142  146  149
  153  157  160  164  167  170  173  176  181  188  198  212  227  242  257  269
  279  290  307  321  337  357  382  405  373                                   
    32.5-180.0 180.0   5.0 450.0                            LAT/LON1/LON2/DLON/H
  387  402  398  387  377  366  355  350  348  342  332  321  308  294  282  271
  263  258  256  254  249  237  218  195  172  151  136  126  121  118  116  114
  115  119  124  130  134  134  133  132  133  136  141  145  148  150  152  154
  157  158  160  161  162  165  168  172  178  189  204  223  242  262  280  295
  306  315  330  339  355  370  393  424  387                                   
    30.0-180.0 180.0   5.0 450.0                            LAT/LON1/LON2/DLON/H
  417  424  420  406  394  378  363  356  354  349  340  330  317  304  292  284
  279  277  277  274  264  246  222  196  173  157  149  150  155  161  165  168
  169  172  174  175  172  167  162  157  156  157  159  162  162  162  161  160
  159  158  156  154  153  154  157  162  171  186  207  232  258  283  307  327
  341  352  363  367  382  393  412  452  417                                   
    27.5-180.0 180.0   5.0 450.0                            LAT/LON1/LON2/DLON/H
  463  461  458  445  431  412  392  379  373  365  356  343  330  316  304  297
  294  294  293  286  270  247  221  198  182  176  182  197  216  234  245  249
  248  245  240  232  221  209  198  190  186  184  183  181  179  175  171  167
  162  157  151  145  142  141  144  151  163  183  209  240  272  304  334  361
  382  397  407  407  422  430  446  494  463                                   
    25.0-180.0 180.0   5.0 450.0                            LAT/LON1/LON2/DLON/H
  522  513  515  506  491  470  444  424  411  398  384  368  350  333  320  312
  308  307  302  289  269  244  221  207  205  216  241  274  309  337  352  353
  344  330  312  292  272  253  237  226  218  212  207  201  195  188  180  173
  164  155  146  138  132  131  134  143  160  184  216  252  289  326  362  396
  425  447  458  458  473  482  501  554  522                                   
    22.5-180.0 180.0   5.0 450.0                            LAT/LON1/LON2/DLON/H
  591  575  586  587  572  549  517  489  468  449  430  407  383  360  342  331
  324  318  307  289  265  243  230  231  249  283  328  378  425  458  469  459
  434  403  371  340  312  289  271  257  246  236  226  216  207  197  187  177
  165  153  141  130  123  122  127  140  160  190  226  268  310  352  393  432
  468  496  512  516  531  543  571  627  591                                   
    20.0-180.0 180.0   5.0 450.0                            LAT/LON1/LON2/DLON/H
  660  642  664  676  661  637  602  568  541  517  492  463  432  401  376  358
  345  332  315  292  270  256  258  280  320  374  435  494  541  566  563  535
  493  446  402  365  335  312  294  279  265  251  237  224  213  202  191  179
  165  151  137  125  118  119  126  142  167  201  241  286  332  376  421  464
  506  538  558  569  587  601  640  699  660                                   
    17.5-180.0 180.0   5.0 450.0                            LAT/LON1/LON2/DLON/H
  721  703  734  756  743  719  685  649  620  594  567  533  496  457  424  397
  377  357  334  311  293  292  312  354  413  479  541  592  623  628  605  558
  502  446  399  363  336  317  303  288  273  255  238  224  212  202  191  179
  166  151  136  125  119  121  131  150  178  214  256  302  348  394  440  487
  531  566  591  609  629  643  690  750  721                                   
    15.0-180.0 180.0   5.0 450.0                            LAT/LON1/LON2/DLON/H
  759  745  784  812  803  783  752  719  692  669  643  609  569  526  485  452
  424  399  374  353  345  358  395  451  515  574  619  645  648  626  582  523
  461  408  366  338  320  308  298  286  270  251  232  218  207  199  190  179
  167  152  139  128  123  125  136  156  184  220  263  308  354  401  449  498
  544  580  609  632  652  665  715  771  759                                   
    12.5-180.0 180.0   5.0 450.0                            LAT/LON1/LON2/DLON/H
  770  764  810  841  836  821  796  769  747  729  708  680  642  599  557  520
  490  463  439  424  427  452  498  553  604  638  649  639  608  562  504  443
  389  347  320  304  297  293  288  278  262  243  225  211  203  197  190  181
  169  155  142  131  125  128  139  158  185  220  261  304  350  398  448  499
  546  583  614  640  661  674  721  768  770                                   
    10.0-180.0 180.0   5.0 450.0                            LAT/LON1/LON2/DLON/H
  760  767  816  848  846  837  818  797  782  770  756  735  705  668  630  597
  568  544  526  519  530  560  601  640  660  655  625  577  518  457  398  349
  313  291  280  278  280  282  279  270  254  236  219  207  200  196  190  181
  170  157  143  132  127  130  141  160  187  219  256  297  341  390  442  495
  542  579  611  640  662  676  718  753  760                                   
     7.5-180.0 180.0   5.0 450.0                            LAT/LON1/LON2/DLON/H
  745  763  815  843  843  839  825  810  800  794  786  772  751  724  696  671
  649  632  620  620  634  659  683  691  671  623  554  477  404  344  301  274
