data/edconvlstm_nd/pred3050.15i
     1.0            IONOSPHERE MAPS     GNSS                IONEX VERSION / TYPE
pyspatialgeodesy        IME             05-JAN-18 20:20     PGM / RUN BY / DATE 
Map Name                                                    COMMENT             
Predicted global ionosphere maps (GIM).                     DESCRIPTION         
  2015    11     1     0     0     0                        EPOCH OF FIRST MAP  
  2015    11     2     0     0     0                        EPOCH OF LAST MAP   
  7200                                                      INTERVAL            
    13                                                      # OF MAPS IN FILE   
  NONE                                                      MAPPING FUNCTION    
10.0                                                        ELEVATION CUTOFF    
One-way carrier phase leveled to code                       OBSERVABLES USED    
  6371.0                                                    BASE RADIUS         
 2                                                          MAP DIMENSION       
   450.0 450.0   0.0                                        HGT1 / HGT2 / DHGT  
    87.5 -87.5  -2.5                                        LAT1 / LAT2 / DLAT  
  -180.0 180.0   5.0                                        LON1 / LON2 / DLON  
    -1                                                      EXPONENT            
                                                            END OF HEADER       
[from data line 5148]
    13                                                      START OF TEC MAP    
  2015    11     2     0     0     0                        EPOCH OF CURRENT MAP
    87.5-180.0 180.0   5.0 450.0                            LAT/LON1/LON2/DLON/H
   88   82   77   66   66   71   69   67   69   70   71   72   73   74   75   75
   75   76   75   75   75   74   73   73   72   70   69   68   67   65   64   63
   62   61   60   59   58   58   57   57   57   57   57   58   58   58   59   59
   60   60   61   61   61   61   61   61   61   61   61   61   60   60   60   60
   60   60   60   60   55   69   77   82   88                                   
    85.0-180.0 180.0   5.0 450.0                            LAT/LON1/LON2/DLON/H
   79   84   66   67   67   75   72   71   72   73   74   75   76   76   77   77
   77   77   77   76   75   74   73   71   70   68   66   64   63   61   59   58
   57   56   55   54   54   54   55   55   56   57   58   59   61   62   64   65
   66   67   68   69   70   70   71   71   71   71   71   71   71   70   70   69
   69   68   70   73   74   82   93   91   79                                   
    82.5-180.0 180.0   5.0 450.0                            LAT/LON1/LON2/DLON/H
   75   69   78   72   70   79   75   73   77   78   79   81   82   83   84   84
   84   83   82   81   79   77   75   72   69   66   64   61   58   55   53   50
   49   47   46   46   46   47   48   49   51   53   55   57   60   62   65   67
   69   71   72   74   75   76   77   77   78   78   78   78   77   77   76   76
   75   74   74   74   79   74   84   88   75                                   
    80.0-180.0 180.0   5.0 450.0                            LAT/LON1/LON2/DLON/H
   85   77   80   71   70   74   72   72   76   77   80   82   84   86   86   86
   86   85   83   81   78   75   72   69   65   62   59   56   52   50   47   45
   43   42   41   40   40   41   42   44   46   48   51   55   58   61   64   67
   70   72   75   76   78   79   81   81   82   82   82   82   82   82   82   82
   80   78   78   76   90   80   93  108   85                                   
    77.5-180.0 180.0   5.0 450.0                            LAT/LON1/LON2/DLON/H
   98   87   80   79   74   77   75   77   82   83   87   90   92   94   95   94
   93   91   88   85   81   77   73   69   66   62   59   55   52   50   48   46
   44   43   42   42   42   42   43   45   47   50   53   57   60   63   67   69
   72   74   76   78   80   81   82   83   84   85   86   86   87   87   87   88
   87   87   87   87   94   91   98  121   98                                   
    75.0-180.0 180.0   5.0 450.0                            LAT/LON1/LON2/DLON/H
  110   92   91   89   83   84   80   82   87   88   91   95   97   97   97   96
   93   90   86   82   77   73   69   65   62   59   56   54   52   51   50   49
   48   47   46   46   45   46   46   48   50   53   56   59   62   65   67   70
   71   73   74   75   76   78   79   80   82   83   85   86   87   88   90   92
   91   94   96   93   99  107  112  129  110                                   
    72.5-180.0 180.0   5.0 450.0                            LAT/LON1/LON2/DLON/H
  117  104  104  101   95   93   90   93   98   99  102  105  105  104  102   98
   94   88   83   77   72   68   64   61   58   56   55   54   54   54   54   54
   53   52   51   50   49   48   48   49   50   52   54   57   60   62   63   64
   65   65   65   66   66   67   69   70   72   75   77   80   82   85   88   91
   93   97  103  103  111  119  126  144  117                                   
    70.0-180.0 180.0   5.0 450.0                            LAT/LON1/LON2/DLON/H
  132  120  118  118  109  105  102  104  108  108  110  112  110  107  102   96
   88   81   74   68   63   59   56   53   52   51   51   52   53   54   56   57
   57   57   56   54   52   51   50   50   51   52   55   57   59   61   61   61
   61   60   59   59   59   60   62   64   67   70   74   78   81   85   89   94
   97  102  110  114  122  134  138  152  132                                   
    67.5-180.0 180.0   5.0 450.0                            LAT/LON1/LON2/DLON/H
  143  134  131  130  119  114  110  112  115  115  116  115  112  106   98   89
   80   71   64   57   52   49   46   44   44   43   44   46   48   50   52   54
   55   54   53   50   48   46   44   44   45   47   49   51   53   54   54   53
   52   50   49   48   48   49   51   55   59   64   68   73   77   82   87   93
   97  103  113  118  128  140  144  159  143                                   
    65.0-180.0 180.0   5.0 450.0                            LAT/LON1/LON2/DLON/H
  153  144  140  139  129  122  117  119  122  121  121  119  114  106   96   86
   75   66   58   51   47   44   42   40   39   39   40   41   43   46   48   50
   50   50   48   45   42   40   38   38   40   42   45   47   49   50   50   49
   47   45   43   41   41   42   45   50   55   61   68   74   79   84   90   96
  101  107  117  122  132  144  150  167  153                                   
    62.5-180.0 180.0   5.0 450.0                            LAT/LON1/LON2/DLON/H
  161  153  149  147  137  130  125  126  129  128  127  124  118  109   98   87
   77   67   59   53   49   46   43   41   39   39   39   40   41   43   45   46
   46   45   43   40   37   35   34   35   37   40   44   47   49   50   50   48
   46   43   41   39   39   40   44   49   57   64   72   79   86   92   98  105
  109  114  125  129  136  147  154  173  161                                   
    60.0-180.0 180.0   5.0 450.0                            LAT/LON1/LON2/DLON/H
  167  162  159  155  146  138  132  132  135  133  131  127  121  112  102   92
   82   74   66   60   55   51   48   44   42   40   39   39   40   41   42   42
   42   41   38   36   34   32   32   34   37   41   46   50   52   53   52   51
   48   45   42   40   40   41   46   53   61   71   80   88   96  103  111  117
  121  126  136  139  144  151  159  179  167                                   
    57.5-180.0 180.0   5.0 450.0                            LAT/LON1/LON2/DLON/H
  178  175  172  167  158  150  143  141  142  138  134  130  123  115  107   99
   91   84   77   70   64   59   54   49   46   43   42   41   41   41   41   40
   39   38   37   35   34   34   34   37   41   46   51   55   58   59   58   56
   54   51   48   46   45   47   52   60   70   80   90  100  109  118  126  134
  139  144  152  154  158  161  169  191  178                                   
    55.0-180.0 180.0   5.0 450.0                            LAT/LON1/LON2/DLON/H
  194  193  190  185  177  169  160  156  153  146  139  132  125  119  113  107
  101   95   88   81   73   66   60   55   51   48   46   45   44   43   42   41
   40   39   39   39   39   40   42   45   49   54   60   64   67   68   67   66
   64   61   58   56   56   58   63   71   81   91  101  112  122  132  143  153
  159  165  173  173  176  177  184  207  194                                   
    52.5-180.0 180.0   5.0 450.0                            LAT/LON1/LON2/DLON/H
  217  219  214  210  205  196  186  178  170  158  147  138  129  123  118  115
  111  105   98   90   81   73   67   61   57   54   53   51   50   49   47   45
   44   44   46   48   50   52   54   57   61   66   71   75   78   79   79   78
   77   75   73   72   71   73   77   84   93  102  112  122  132  144  158  171
  179  187  194  194  197  197  204  229  217                                   
    50.0-180.0 180.0   5.0 450.0                            LAT/LON1/LON2/DLON/H
  244  249  243  242  239  231  221  209  195  177  161  147  136  129  125  122
  119  113  105   96   87   79   72   67   64   62   61   61   60   58   56   54
   53   54   57   60   64   68   70   73   76   80   84   88   90   92   92   92
   92   92   91   90   90   91   94   99  106  114  122  130  141  154  170  186
  198  208  216  216  220  222  229  253  244                                   
    47.5-180.0 180.0   5.0 450.0                            LAT/LON1/LON2/DLON/H
  269  279  274  278  277  272  263  247  228  204  181  162  148  139  134  130
  126  119  110  100   91   84   78   74   72   71   72   72   71   69   66   64
   63   65   69   75   80   84   86   88   89   92   96   99  102  104  104  105
  107  108  109  109  108  109  111  115  120  125  131  139  149  162  180  199
  214  227  235  235  241  246  255  276  269                                   
    45.0-180.0 180.0   5.0 450.0                            LAT/LON1/LON2/DLON/H
  288  302  301  309  312  311  306  290  268  238  208  183  165  153  146  140
  133  125  115  105   97   91   87   84   82   82   83   83   82   80   76   73
   72   74   80   87   93   97   98   99   99  101  105  109  111  113  114  116
  119  121  123  124  124  124  126  130  134  137  141  147  156  169  188  208
  226  240  250  252  258  265  275  292  288                                   
    42.5-180.0 180.0   5.0 450.0                            LAT/LON1/LON2/DLON/H
  295  312  314  327  335  340  340  329  307  276  243  213  190  174  163  154
  144  134  123  115  108  104  100   97   95   94   93   92   90   86   82   79
   78   81   86   94  100  104  105  104  105  107  111  115  118  120  121  123
  126  129  132  133  134  136  139  142  146  149  151  155  163  177  195  216
  234  250  261  264  269  277  286  299  295                                   
    40.0-180.0 180.0   5.0 450.0                            LAT/LON1/LON2/DLON/H
  292  309  313  328  341  351  357  354  338  310  278  247  221  201  186  173
  160  148  138  130  126  123  119  114  108  103   98   95   92   88   84   81
   81   84   89   96  102  105  106  105  106  109  113  118  122  123  124  126
  129  132  135  137  139  142  147  151  155  158  160  164  172  184  202  222
  240  256  268  273  275  281  289  299  292                                   
    37.5-180.0 180.0   5.0 450.0                            LAT/LON1/LON2/DLON/H
  283  297  300  315  332  346  356  360  353  332  306  279  253  231  212  196
  181  168  159  153  150  146  140  130  118  108   99   94   90   87   84   82
   83   86   90   96  100  103  104  104  105  108  114  119  123  124  125  125
  127  129  132  135  139  144  150  156  161  165  167  172  180  194  211  231
  248  263  276  280  280  282  288  297  283                                   
    35.0-180.0 180.0   5.0 450.0                            LAT/LON1/LON2/DLON/H
  276  286  286  295  312  326  338  349  351  340  323  302  280  259  239  221
  205  193  184  178  174  167  156  140  123  108   97   91   88   87   86   86
   88   90   93   97   99  101  101  102  104  108  113  119  122  123  122  121
  121  123  125  129  134  141  149  157  163  168  172  178  189  205  224  243
  260  274  288  292  289  289  292  301  276                                   
    32.5-180.0 180.0   5.0 450.0                            LAT/LON1/LON2/DLON/H
  280  286  283  283  294  305  315  328  337  336  328  315  299  280  262  244
  229  217  208  200  192  180  162  142  122  105   96   92   92   94   95   97
   99  100  101  101  102  102  102  102  104  109  114  119  121  121  118  116
  114  114  116  120  126  135  145  154  162  167  173  183  197  217  238  259
  277  292  306  311  309  306  308  317  280                                   
    30.0-180.0 180.0   5.0 450.0                            LAT/LON1/LON2/DLON/H
  303  308  300  290  292  295  300  311  323  327  327  321  310  295  279  263
  248  236  225  213  199  180  158  136  118  106  101  102  106  111  115  118
  118  116  114  111  109  107  106  107  109  112  117  120  121  119  115  111
  108  106  107  111  117  126  138  148  157  164  172  185  204  228  254  279
  299  318  334  340  341  338  338  348  303                                   
    27.5-180.0 180.0   5.0 450.0                            LAT/LON1/LON2/DLON/H
  349  355  339  319  313  309  307  312  320  325  327  325  318  306  291  276
  261  247  232  214  192  168  146  128  118  114  118  125  134  142  147  148
  145  140  133  126  120  117  115  115  116  119  122  124  123  119  114  108
  103  101  100  103  109  119  130  142  151  159  170  186  210  239  271  301
  327  351  372  379  386  387  386  395  349                                   
    25.0-180.0 180.0   5.0 450.0                            LAT/LON1/LON2/DLON/H
  416  426  401  372  359  347  337  334  336  337  338  335  328  316  301  285
  269  251  230  204  177  152  134  126  127  135  148  163  176  186  189  185
  177  166  154  143  134  129  127  127  127  128  129  129  127  122  115  108
  102   98   96   98  103  113  125  138  148  157  170  189  217  252  289  326
  359  389  415  426  440  448  450  456  416                                   
    22.5-180.0 180.0   5.0 450.0                            LAT/LON1/LON2/DLON/H
  496  513  486  451  430  409  390  377  371  366  362  355  345  331  314  295
  275  252  224  192  162  141  132  136  150  171  193  213  228  235  232  222
  207  189  172  158  148  143  140  139  139  139  139  137  132  126  117  109
  102   97   95   95  101  110  123  137  149  160  174  196  228  267  310  353
  393  430  459  475  496  510  520  522  496                                   
    20.0-180.0 180.0   5.0 450.0                            LAT/LON1/LON2/DLON/H
  575  599  579  545  517  492  465  442  425  412  401  389  374  355  333  310
  284  256  223  189  161  146  148  164  190  220  247  268  279  279  269  250
  227  204  184  168  159  155  153  152  151  150  149  145  139  130  120  111
  103   98   94   95  100  110  124  139  154  167  183  207  241  284  331  379
  425  466  499  520  544  562  581  580  575                                   
    17.5-180.0 180.0   5.0 450.0                            LAT/LON1/LON2/DLON/H
  636  666  659  633  605  580  551  521  496  474  455  436  415  391  364  335
  304  271  236  204  182  176  187  213  246  278  302  316  318  308  289  262
  234  208  187  174  167  165  165  164  163  161  158  153  144  134  122  112
  104   98   95   95   99  110  126  144  161  177  196  222  257  302  351  400
  449  493  528  553  577  594  621  619  636                                   
    15.0-180.0 180.0   5.0 450.0                            LAT/LON1/LON2/DLON/H
  664  697  704  692  670  652  629  600  572  545  519  494  468  439  407  373
  338  303  271  245  231  233  252  282  312  335  346  346  335  315  288  257
  228  202  185  176  174  175  176  175  173  170  166  159  148  136  123  111
  103   97   94   94  100  112  130  151  171  191  212  239  275  319  367  416
  464  508  543  569  590  605  636  633  664                                   
    12.5-180.0 180.0   5.0 450.0                            LAT/LON1/LON2/DLON/H
  657  691  709  711  699  692  678  659  635  608  582  556  528  497  462  424
  387  354  328  311  307  316  337  361  377  380  370  352  328  300  270  240
  214  194  182  179  181  184  186  185  182  177  171  162  149  135  121  109
  100   94   92   93  101  114  134  158  182  205  228  256  292  334  380  426
  471  511  545  569  587  598  628  627  657                                   
    10.0-180.0 180.0   5.0 450.0                            LAT/LON1/LON2/DLON/H
  631  663  685  697  695  697  693  685  670  651  630  609  585  556  521  483
  448  420  403  398  403  415  430  436  427  404  371  336  302  271  244  219
  200  188  183  185  190  195  197  194  189  181  173  161  147  132  117  105
   96   91   90   93  102  117  139  165  192  217  242  271  306  347  390  433
  473  509  539  560  573  581  607  609  631                                   
     7.5-180.0 180.0   5.0 450.0                            LAT/LON1/LON2/DLON/H
  600  626  647  662  667  675  679  680  675  666  655  643  628  606  576  542
  511  491  484  489  500  510  509  492  456  407  353  305  267  239  218  204
