data/edconvlstm_nd/pred0730.15i
     1.0            IONOSPHERE MAPS     GNSS                IONEX VERSION / TYPE
pyspatialgeodesy        IME             05-JAN-18 20:20     PGM / RUN BY / DATE 
Map Name                                                    COMMENT             
Predicted global ionosphere maps (GIM).                     DESCRIPTION         
  2015     3    14     0     0     0                        EPOCH OF FIRST MAP  
  2015     3    15     0     0     0                        EPOCH OF LAST MAP   
  7200                                                      INTERVAL            
    13                                                      # OF MAPS IN FILE   
  NONE                                                      MAPPING FUNCTION    
10.0                                                        ELEVATION CUTOFF    
One-way carrier phase leveled to code                       OBSERVABLES USED    
  6371.0                                                    BASE RADIUS         
 2                                                          MAP DIMENSION       
   450.0 450.0   0.0                                        HGT1 / HGT2 / DHGT  
    87.5 -87.5  -2.5                                        LAT1 / LAT2 / DLAT  
  -180.0 180.0   5.0                                        LON1 / LON2 / DLON  
    -1                                                      EXPONENT            
                                                            END OF HEADER       
[from data line 3861]
    10                                                      START OF TEC MAP    
  2015     3    14    18     0     0                        EPOCH OF CURRENT MAP
    87.5-180.0 180.0   5.0 450.0                            LAT/LON1/LON2/DLON/H
  175  175  168  176  181  181  181  181  182  185  186  188  189  190  192  193
  193  194  194  194  193  193  191  190  188  186  184  182  180  177  175  172
  170  168  166  164  163  161  160  159  159  158  158  158  158  159  159  160
  161  162  163  164  165  166  167  168  169  170  171  171  172  172  173  173
  172  173  172  171  180  177  179  174  175                                   
    85.0-180.0 180.0   5.0 450.0                            LAT/LON1/LON2/DLON/H
  172  171  181  176  177  182  183  186  188  191  192  195  197  199  200  202
  203  204  204  204  204  203  202  200  198  195  192  189  185  182  178  175
  171  168  165  163  161  159  157  156  156  155  155  156  156  157  158  160
  161  163  164  166  168  170  171  173  174  175  176  177  178  178  178  178
  179  179  176  174  175  169  168  170  172                                   
    82.5-180.0 180.0   5.0 450.0                            LAT/LON1/LON2/DLON/H
  145  151  153  155  161  168  174  178  180  185  189  193  196  199  202  205
  207  209  211  211  211  210  209  206  203  199  195  190  184  179  173  167
  162  157  153  149  145  142  140  138  137  136  136  136  136  137  139  140
  142  145  147  149  152  154  157  159  161  163  164  165  165  166  165  164
  164  162  159  160  156  161  150  146  145                                   
    80.0-180.0 180.0   5.0 450.0                            LAT/LON1/LON2/DLON/H
  119  122  128  132  138  142  151  159  166  173  178  185  190  195  199  203
  207  210  212  213  213  213  211  208  204  200  194  187  180  172  164  157
  150  143  137  132  127  124  120  118  116  115  115  115  115  117  118  121
  123  126  129  133  136  140  143  146  148  150  152  153  153  153  152  150
  148  146  143  141  132  128  121  124  119                                   
    77.5-180.0 180.0   5.0 450.0                            LAT/LON1/LON2/DLON/H
  106  102  109  113  121  128  138  148  156  165  172  180  187  193  199  205
  210  214  218  221  223  224  223  221  218  212  206  198  189  180  170  161
  153  145  138  131  126  121  117  113  110  108  106  105  105  105  106  108
  110  113  117  120  124  127  131  134  136  138  140  141  141  140  139  136
  133  130  126  124  117  108  106  112  106                                   
    75.0-180.0 180.0   5.0 450.0                            LAT/LON1/LON2/DLON/H
   94   93   96  101  109  118  127  138  149  158  166  174  182  189  195  201
  207  213  219  224  229  232  234  234  231  227  221  212  203  193  182  172
  162  153  145  138  132  126  121  116  112  108  105  102  101  100  100  101
  103  106  109  112  115  118  121  123  125  127  128  129  129  128  127  125
  121  118  114  109  103   95   92   89   94                                   
    72.5-180.0 180.0   5.0 450.0                            LAT/LON1/LON2/DLON/H
   90   89   93  102  109  118  129  139  148  157  165  173  180  187  193  200
  207  215  223  231  239  245  250  252  252  248  242  233  223  211  200  189
  178  169  160  153  145  138  132  125  119  114  108  104  101   99   98   98
  100  101  104  106  108  110  112  113  114  115  116  117  117  116  116  114
  111  108  105  101   96   90   89   91   90                                   
    70.0-180.0 180.0   5.0 450.0                            LAT/LON1/LON2/DLON/H
   94   94   98  106  113  122  131  141  150  158  165  171  177  182  188  194
  201  210  220  231  242  252  260  265  267  264  259  250  239  227  215  204
  193  184  175  166  158  150  141  133  126  118  112  106  102   99   97   96
   97   98   99  100  101  102  102  102  101  101  101  102  102  102  102  101
   99   98   97   94   92   87   89   89   94                                   
    67.5-180.0 180.0   5.0 450.0                            LAT/LON1/LON2/DLON/H
  100  100  105  115  124  133  141  151  158  165  171  176  180  185  190  196
  203  213  225  238  252  265  276  283  286  284  278  268  257  245  233  221
  210  200  191  181  172  162  153  143  134  126  118  111  106  102   99   98
   98   98   99   99   98   98   96   95   93   92   91   91   91   91   92   92
   92   92   91   90   90   87   89   90  100                                   
    65.0-180.0 180.0   5.0 450.0                            LAT/LON1/LON2/DLON/H
   98  101  106  118  127  137  144  153  160  167  172  176  180  184  188  194
  202  212  225  240  256  270  283  291  295  293  287  277  266  254  243  232
  221  211  201  191  180  169  158  147  137  127  119  112  106  101   98   96
   95   94   93   92   91   89   86   84   81   79   78   77   76   76   77   77
   77   79   80   80   83   83   86   89   98                                   
    62.5-180.0 180.0   5.0 450.0                            LAT/LON1/LON2/DLON/H
   91   95  101  115  126  136  144  153  160  167  172  177  182  186  191  197
  205  216  229  244  260  275  288  296  299  296  290  281  270  260  249  239
  230  219  208  196  184  171  159  148  137  128  120  112  106  100   96   93
   90   89   87   86   84   81   78   75   73   70   68   67   66   65   65   65
   65   66   67   68   71   73   76   81   91                                   
    60.0-180.0 180.0   5.0 450.0                            LAT/LON1/LON2/DLON/H
   77   83   90  105  117  128  138  147  155  163  170  176  182  189  195  203
  211  222  234  248  262  276  287  293  295  293  287  279  271  263  256  248
  239  228  216  202  188  174  161  149  139  130  122  115  108  101   95   90
   86   83   81   79   77   75   73   70   68   66   64   63   61   59   57   56
   54   54   55   55   58   61   64   70   77                                   
    57.5-180.0 180.0   5.0 450.0                            LAT/LON1/LON2/DLON/H
   63   71   79   95  108  120  131  141  151  159  167  176  184  193  202  211
  220  230  241  253  265  275  283  288  289  286  282  278  273  269  265  259
  251  240  226  211  194  179  165  154  145  137  130  122  114  106   98   91
   85   81   78   77   75   74   72   71   70   69   68   66   63   60   57   54
   50   49   49   47   49   50   52   60   63                                   
    55.0-180.0 180.0   5.0 450.0                            LAT/LON1/LON2/DLON/H
   56   64   75   90  105  118  130  141  150  159  168  178  189  200  212  222
  232  242  250  259  267  275  280  283  283  282  281  280  281  281  281  277
  269  257  241  223  205  189  175  164  156  149  142  134  125  115  105   96
   89   84   81   79   78   78   78   78   78   78   78   77   74   70   65   60
   55   52   50   48   48   47   48   56   56                                   
    52.5-180.0 180.0   5.0 450.0                            LAT/LON1/LON2/DLON/H
   60   68   80   96  112  127  141  151  160  168  176  186  197  210  223  235
  246  254  261  266  271  276  279  281  281  282  285  289  295  299  301  299
  290  276  259  239  220  203  189  178  170  164  157  149  140  129  117  107
   99   93   90   88   88   88   89   89   91   92   93   92   90   86   81   75
   69   65   62   58   56   53   52   59   60                                   
    50.0-180.0 180.0   5.0 450.0                            LAT/LON1/LON2/DLON/H
   76   84   97  114  133  150  164  174  181  187  194  202  212  224  238  250
  260  267  272  275  278  281  283  285  287  291  297  306  315  322  325  322
  312  296  277  256  236  218  205  194  186  180  173  165  155  143  132  121
  113  107  104  103  103  103  103  104  105  107  108  109  108  105  100   95
   88   84   81   77   74   69   67   72   76                                   
    47.5-180.0 180.0   5.0 450.0                            LAT/LON1/LON2/DLON/H
  103  110  123  142  163  182  197  206  213  217  220  225  233  243  255  266
  275  281  284  286  287  289  292  295  299  306  316  327  338  345  347  341
  329  311  291  271  251  234  220  209  200  192  185  177  167  157  146  137
  130  125  122  120  119  118  117  116  117  118  120  122  123  121  118  114
  109  106  103  100   97   92   89   91  103                                   
    45.0-180.0 180.0   5.0 450.0                            LAT/LON1/LON2/DLON/H
  132  139  152  174  196  218  232  243  249  252  253  255  259  265  274  283
  290  294  296  298  300  302  306  310  317  326  337  349  358  363  361  352
  338  321  302  283  265  249  234  221  210  201  192  184  175  167  158  151
  145  140  137  135  133  130  126  123  121  122  124  127  130  131  131  129
  125  124  122  121  119  114  111  113  132                                   
    42.5-180.0 180.0   5.0 450.0                            LAT/LON1/LON2/DLON/H
  156  164  177  201  226  248  264  275  283  287  288  287  288  291  296  302
  306  309  311  312  315  319  324  329  337  346  356  365  371  371  366  356
  342  327  312  296  281  265  248  233  218  206  196  187  179  172  166  160
  155  151  147  144  140  135  128  123  119  118  120  124  129  132  135  135
  133  133  132  133  133  129  127  130  156                                   
    40.0-180.0 180.0   5.0 450.0                            LAT/LON1/LON2/DLON/H
  167  175  190  217  244  266  285  298  309  316  318  319  317  317  319  322
  324  326  327  330  334  339  344  349  355  361  368  374  375  373  366  357
  347  337  327  316  303  287  268  248  230  214  201  190  182  176  171  166
  160  155  150  145  140  133  125  118  112  110  112  117  122  127  131  133
  132  132  131  132  133  130  128  133  167                                   
    37.5-180.0 180.0   5.0 450.0                            LAT/LON1/LON2/DLON/H
  161  170  188  216  247  269  291  308  323  335  342  345  345  344  343  344
  344  345  347  351  356  361  365  367  369  372  375  377  377  374  371  367
  364  361  357  350  338  320  298  273  249  229  212  199  189  182  176  169
  162  154  147  141  135  129  121  114  108  106  107  112  117  121  125  127
  125  123  121  120  120  118  116  123  161                                   
    35.0-180.0 180.0   5.0 450.0                            LAT/LON1/LON2/DLON/H
  141  151  172  201  234  257  284  305  326  345  358  366  368  369  368  367
  366  366  369  374  379  383  384  382  380  380  380  381  383  384  388  393
  399  404  406  402  389  368  341  310  281  256  234  218  204  194  184  173
  162  152  143  137  133  128  123  118  113  112  113  116  119  122  124  123
  118  114  109  104  101   98   95  104  141                                   
    32.5-180.0 180.0   5.0 450.0                            LAT/LON1/LON2/DLON/H
  118  128  150  177  211  233  265  291  319  345  365  379  387  390  390  389
  388  388  392  398  403  405  402  396  391  389  390  394  401  411  425  442
  459  472  478  473  457  431  396  360  326  295  270  248  230  213  198  183
  168  154  144  139  137  137  137  135  133  132  132  134  134  134  132  128
  120  112  101   92   86   80   73   84  118                                   
    30.0-180.0 180.0   5.0 450.0                            LAT/LON1/LON2/DLON/H
   99  109  128  154  185  207  242  272  307  339  366  387  400  407  409  409
  408  409  413  420  424  424  419  412  406  406  411  421  436  458  485  516
  544  563  570  561  537  502  460  417  378  345  315  289  264  242  221  200
  181  165  155  152  155  161  165  168  169  169  169  168  164  160  154  145
  132  120  104   90   82   71   60   71   99                                   
    27.5-180.0 180.0   5.0 450.0                            LAT/LON1/LON2/DLON/H
   93  101  115  138  165  187  223  256  295  332  364  390  408  419  424  425
  425  427  432  439  443  442  437  431  429  433  445  464  490  526  568  612
  649  670  672  653  617  569  519  472  430  395  363  333  304  276  250  226
  205  189  181  182  190  201  211  217  220  221  218  214  206  196  185  172
  156  141  121  104   91   76   60   69   93                                   
    25.0-180.0 180.0   5.0 450.0                            LAT/LON1/LON2/DLON/H
  101  107  114  135  158  178  214  248  288  328  363  392  414  428  435  437
  437  440  446  454  459  459  456  455  459  472  493  523  561  610  665  717
  756  772  763  729  678  619  562  511  469  434  402  371  339  309  283  259
  240  227  222  227  240  256  269  278  281  279  274  264  251  235  220  204
  186  170  147  129  113   93   72   79  101                                   
    22.5-180.0 180.0   5.0 450.0                            LAT/LON1/LON2/DLON/H
  123  126  126  145  164  183  217  250  291  331  367  397  421  437  446  448
  449  452  459  468  474  477  479  485  499  522  554  593  641  697  756  808
  841  846  821  772  708  640  578  526  485  452  422  392  362  334  312  294
  281  274  274  283  298  315  328  335  336  332  323  310  292  272  253  234
  216  200  176  160  141  117   94  100  123                                   
    20.0-180.0 180.0   5.0 450.0                            LAT/LON1/LON2/DLON/H
  152  152  148  166  182  201  232  263  302  340  375  406  432  450  460  463
  464  468  475  484  492  499  507  522  547  581  621  665  715  769  824  868
  887  877  837  775  703  631  567  514  474  443  415  389  365  345  333  326
  323  322  327  337  351  364  374  376  372  364  352  336  316  294  274  254
  237  223  201  186  166  141  120  127  152                                   
    17.5-180.0 180.0   5.0 450.0                            LAT/LON1/LON2/DLON/H
  179  178  174  191  207  225  255  284  320  356  390  421  447  467  479  484
  486  490  498  508  517  527  542  566  600  642  685  728  771  815  856  884
  888  864  814  747  674  601  535  481  440  409  385  365  350  343  344  351
  359  366  373  381  390  395  396  391  381  368  353  337  317  296  277  259
  243  233  214  202  182  158  140  149  179                                   
    15.0-180.0 180.0   5.0 450.0                            LAT/LON1/LON2/DLON/H
  196  197  195  214  232  252  280  309  343  376  408  439  467  490  505  513
  517  523  531  540  550  563  583  613  653  698  739  773  800  826  849  860
  852  820  767  702  632  562  497  440  397  365  344  331  327  334  349  368
  386  398  406  409  409  404  395  381  365  348  331  315  298  281  264  248
  235  227  212  200  184  164  148  161  196                                   
    12.5-180.0 180.0   5.0 450.0                            LAT/LON1/LON2/DLON/H
  201  203  207  230  251  274  304  333  366  398  429  460  491  517  536  547
  556  564  573  582  591  605  627  660  703  745  777  794  802  808  813  812
  797  763  715  658  597  533  469  410  363  330  311  304  309  326  352  380
  403  417  421  418  409  394  376  355  333  312  295  280  267  255  242  229
  218  210  197  186  173  158  143  157  201                                   
    10.0-180.0 180.0   5.0 450.0                            LAT/LON1/LON2/DLON/H
  192  199  211  238  264  290  323  353  386  418  449  481  514  543  567  584
  596  608  618  627  636  649  672  705  744  779  797  796  784  774  767  759
  742  713  675  632  583  528  466  404  354  319  301  297  307  329  360  390
  412  422  422  412  396  375  350  324  299  276  258  245  236  228  219  209
  199  191  177  165  155  143  129  144  192                                   
     7.5-180.0 180.0   5.0 450.0                            LAT/LON1/LON2/DLON/H
  177  189  209  241  271  299  335  366  401  433  466  500  534  567  594  615
  633  648  661  670  679  692  714  744  777  799  802  786  762  741  728  719
