data/edconvlstm_nd/pred0430.15i
     1.0            IONOSPHERE MAPS     GNSS                IONEX VERSION / TYPE
pyspatialgeodesy        IME             05-JAN-18 20:20     PGM / RUN BY / DATE 
Map Name                                                    COMMENT             
Predicted global ionosphere maps (GIM).                     DESCRIPTION         
  2015     2    12     0     0     0                        EPOCH OF FIRST MAP  
  2015     2    13     0     0     0                        EPOCH OF LAST MAP   
  7200                                                      INTERVAL            
    13                                                      # OF MAPS IN FILE   
  NONE                                                      MAPPING FUNCTION    
10.0                                                        ELEVATION CUTOFF    
One-way carrier phase leveled to code                       OBSERVABLES USED    
  6371.0                                                    BASE RADIUS         
 2                                                          MAP DIMENSION       
   450.0 450.0   0.0                                        HGT1 / HGT2 / DHGT  
    87.5 -87.5  -2.5                                        LAT1 / LAT2 / DLAT  
  -180.0 180.0   5.0                                        LON1 / LON2 / DLON  
    -1                                                      EXPONENT            
                                                            END OF HEADER       
[from data line 3432]
     9                                                      START OF TEC MAP    
  2015     2    12    16     0     0                        EPOCH OF CURRENT MAP
    87.5-180.0 180.0   5.0 450.0                            LAT/LON1/LON2/DLON/H
  139  146  142  152  157  161  162  163  165  168  168  170  170  171  171  172
  171  171  170  169  168  167  166  164  162  160  158  156  153  151  149  146
  144  141  139  137  135  133  131  129  128  127  126  125  125  125  125  125
  126  126  127  128  129  129  130  131  132  133  133  134  135  136  136  137
  138  139  139  138  143  142  148  148  139                                   
    85.0-180.0 180.0   5.0 450.0                            LAT/LON1/LON2/DLON/H
  136  143  156  152  154  164  167  172  175  179  180  182  183  184  185  185
  185  184  183  182  180  178  176  174  172  169  166  164  161  157  154  151
  148  145  142  139  136  133  131  129  127  125  125  124  124  124  124  125
  126  127  128  129  130  131  132  133  134  135  136  136  137  137  138  138
  140  141  140  138  138  138  136  139  136                                   
    82.5-180.0 180.0   5.0 450.0                            LAT/LON1/LON2/DLON/H
  112  127  131  132  139  150  159  165  171  176  180  184  187  189  190  191
  191  190  189  187  185  183  180  177  173  170  166  162  158  153  149  144
  139  135  130  126  121  117  114  110  108  106  104  103  102  102  103  104
  105  107  109  110  112  113  115  116  116  117  117  117  117  117  116  116
  117  117  116  116  115  123  115  115  112                                   
    80.0-180.0 180.0   5.0 450.0                            LAT/LON1/LON2/DLON/H
   95  105  112  115  123  132  142  152  161  167  173  179  182  185  187  188
  188  187  185  183  181  178  175  171  168  164  160  155  151  146  140  135
  130  124  118  113  108  103   98   94   91   88   87   86   86   86   88   90
   92   95   98  101  104  107  109  110  111  112  112  111  110  109  107  106
  105  104  102  100   94   94   89   97   95                                   
    77.5-180.0 180.0   5.0 450.0                            LAT/LON1/LON2/DLON/H
   88   90   94   97  106  116  126  137  146  154  161  168  173  177  180  181
  181  180  179  177  175  173  171  168  166  163  159  155  151  147  142  136
  131  125  119  113  106  100   95   90   85   81   79   77   76   77   78   81
   84   88   92   96  100  104  106  108  110  110  110  108  107  104  102   99
   96   94   92   90   85   79   75   84   88                                   
    75.0-180.0 180.0   5.0 450.0                            LAT/LON1/LON2/DLON/H
   79   81   81   86   93  102  110  120  131  140  148  155  161  166  169  171
  173  173  173  173  173  173  173  172  171  170  168  166  163  159  155  150
  145  139  133  126  120  113  106   99   93   88   84   82   80   80   81   83
   86   90   95  100  104  108  111  113  115  115  115  113  111  109  106  103
   99   96   94   89   84   75   69   67   79                                   
    72.5-180.0 180.0   5.0 450.0                            LAT/LON1/LON2/DLON/H
   77   77   76   81   84   92  100  108  118  127  136  144  151  157  161  165
  167  170  172  175  177  180  182  185  186  187  186  185  183  181  178  174
  169  164  157  150  142  134  126  117  109  102   96   91   87   85   84   85
   87   90   94   98  103  107  110  112  114  115  115  114  113  111  109  106
  102   99   96   92   88   80   75   73   77                                   
    70.0-180.0 180.0   5.0 450.0                            LAT/LON1/LON2/DLON/H
   82   80   78   81   83   88   92   99  108  117  126  135  142  149  154  159
  164  169  174  180  186  193  198  204  207  210  211  211  210  208  206  203
  199  194  187  180  171  161  151  141  131  122  113  106  100   95   92   90
   90   91   93   96   99  102  105  107  108  109  110  111  111  111  110  109
  107  105  103   99   96   88   85   80   82                                   
    67.5-180.0 180.0   5.0 450.0                            LAT/LON1/LON2/DLON/H
   87   86   83   85   87   90   93   99  105  114  123  132  140  148  155  161
  168  175  183  193  202  212  221  228  234  238  239  239  239  237  235  232
  229  224  217  209  199  188  176  165  153  141  131  121  111  103   97   92
   89   87   87   88   89   91   93   94   96   98  100  102  105  107  109  111
  111  110  109  105  102   96   92   86   87                                   
    65.0-180.0 180.0   5.0 450.0                            LAT/LON1/LON2/DLON/H
   87   87   83   86   86   88   89   93   99  107  117  127  136  146  154  162
  171  181  192  205  217  230  241  251  257  261  263  263  262  261  260  258
  255  250  242  233  222  210  197  183  170  157  145  132  120  109   99   90
   83   78   75   73   72   72   72   73   74   77   80   84   88   93   97  101
  103  104  105  103  102   98   94   91   87                                   
    62.5-180.0 180.0   5.0 450.0                            LAT/LON1/LON2/DLON/H
   79   81   77   81   81   82   83   87   93  101  111  123  134  145  156  166
  177  190  203  218  233  247  259  269  275  279  280  279  279  279  278  277
  274  269  261  250  237  223  208  194  180  167  153  139  124  110   96   84
   73   65   59   55   53   51   51   51   52   54   58   63   69   74   80   85
   87   90   92   90   90   88   85   84   79                                   
    60.0-180.0 180.0   5.0 450.0                            LAT/LON1/LON2/DLON/H
   67   69   66   71   71   72   73   77   83   93  105  118  131  144  158  171
  185  199  214  230  246  260  272  282  287  290  290  290  291  292  293  293
  291  285  275  263  248  232  216  201  187  173  159  145  128  112   95   80
   67   56   49   43   39   37   36   35   36   39   42   47   53   59   64   68
   70   72   74   72   73   71   70   73   67                                   
    57.5-180.0 180.0   5.0 450.0                            LAT/LON1/LON2/DLON/H
   53   56   55   60   61   61   64   67   75   86   99  114  129  145  161  177
  194  210  227  243  258  271  283  291  295  297  298  299  301  304  307  308
  306  300  289  275  258  241  224  209  195  182  168  153  136  118   99   82
   67   56   47   41   37   34   32   32   32   34   38   42   47   51   55   58
   58   59   59   57   58   56   55   61   53                                   
    55.0-180.0 180.0   5.0 450.0                            LAT/LON1/LON2/DLON/H
   46   48   48   54   55   55   58   63   71   83   98  113  130  148  166  185
  204  223  240  255  269  281  291  298  302  304  306  308  312  317  321  323
  321  314  302  286  268  250  233  218  205  192  179  164  147  128  109   91
   76   65   56   50   46   44   42   41   42   43   46   49   52   55   57   58
   56   55   54   51   52   48   48   54   46                                   
    52.5-180.0 180.0   5.0 450.0                            LAT/LON1/LON2/DLON/H
   49   50   50   55   56   56   60   64   74   87  102  118  135  154  174  195
  216  236  253  268  281  291  300  307  311  314  317  320  325  331  336  338
  335  327  314  297  279  261  245  230  218  206  193  178  161  142  123  106
   92   81   74   69   66   63   62   61   62   63   64   67   69   70   70   69
   65   62   60   57   58   53   51   56   49                                   
    50.0-180.0 180.0   5.0 450.0                            LAT/LON1/LON2/DLON/H
   62   62   62   66   66   66   70   75   86   99  114  130  147  165  186  208
  230  251  268  282  293  303  311  319  324  328  332  336  342  347  350  350
  345  335  322  306  289  273  258  244  232  220  207  192  176  158  140  124
  111  102   96   92   89   87   86   86   86   87   88   90   91   92   91   88
   83   79   76   74   75   70   67   68   62                                   
    47.5-180.0 180.0   5.0 450.0                            LAT/LON1/LON2/DLON/H
   84   83   81   84   83   83   86   92  104  119  134  149  164  181  202  224
  246  266  282  295  305  315  325  333  341  346  350  354  357  359  358  354
  347  336  323  309  295  282  270  257  245  232  218  204  188  170  154  139
  128  121  115  112  108  106  105  104  105  106  108  110  112  113  112  109
  104  101   98   98  100   95   92   88   84                                   
    45.0-180.0 180.0   5.0 450.0                            LAT/LON1/LON2/DLON/H
  110  107  105  105  104  104  106  112  125  142  158  173  187  202  221  242
  264  282  296  307  317  328  339  349  358  364  367  368  367  364  358  350
  339  328  317  307  298  289  279  267  254  240  225  210  194  177  162  149
  138  131  125  120  116  112  109  109  110  112  114  118  121  124  126  124
  120  118  117  120  124  122  119  113  110                                   
    42.5-180.0 180.0   5.0 450.0                            LAT/LON1/LON2/DLON/H
  130  128  125  126  125  123  124  131  146  165  183  199  212  226  243  263
  281  297  309  318  328  339  351  363  372  377  378  375  369  360  350  339
  328  318  309  304  299  295  287  275  260  244  227  211  195  179  164  151
  141  132  125  117  110  103   99   98   99  102  106  111  117  123  127  128
  126  126  126  132  139  140  137  133  130                                   
    40.0-180.0 180.0   5.0 450.0                            LAT/LON1/LON2/DLON/H
  138  138  137  139  139  136  137  144  160  182  203  222  236  250  266  283
  299  311  320  328  337  348  361  373  380  383  381  374  364  353  341  331
  322  314  310  308  307  305  298  285  267  248  229  211  195  179  164  150
  139  128  118  107   96   87   80   78   79   83   88   95  104  112  118  121
  121  121  123  129  138  142  141  139  138                                   
    37.5-180.0 180.0   5.0 450.0                            LAT/LON1/LON2/DLON/H
  134  136  137  141  143  139  141  148  166  191  217  239  257  272  288  303
  316  324  330  336  344  356  368  377  382  382  377  368  359  350  342  336
  332  329  328  328  329  326  317  301  280  257  236  218  201  184  168  153
  140  128  115  101   87   74   65   61   62   66   72   80   89   98  106  110
  110  111  112  117  125  130  129  131  134                                   
    35.0-180.0 180.0   5.0 450.0                            LAT/LON1/LON2/DLON/H
  120  124  128  133  137  132  136  144  164  192  222  249  271  290  307  321
  331  337  340  344  351  362  371  378  380  377  372  367  362  360  361  364
  367  369  370  371  369  364  351  330  304  278  255  235  217  201  184  168
  154  140  126  110   93   78   66   61   61   65   70   77   85   94  101  105
  104  103  103  103  108  110  110  114  120                                   
    32.5-180.0 180.0   5.0 450.0                            LAT/LON1/LON2/DLON/H
  106  110  114  121  125  120  126  135  156  186  220  253  280  303  321  335
  344  348  349  352  359  367  374  377  376  374  373  375  380  390  404  419
  431  439  441  438  432  419  400  373  343  313  288  267  250  232  215  199
  185  172  158  142  124  107   94   88   87   89   93   97  102  107  112  114
  111  108  103   99  100   97   93   97  106                                   
    30.0-180.0 180.0   5.0 450.0                            LAT/LON1/LON2/DLON/H
   98  102  104  112  115  110  116  125  147  178  215  252  284  310  331  346
  354  357  358  361  367  373  376  377  376  378  385  398  417  442  471  501
  525  537  538  529  513  491  463  430  396  364  337  316  298  281  264  248
  236  226  215  202  186  168  154  145  143  144  145  145  145  145  145  143
  137  131  122  112  106   97   87   87   98                                   
    27.5-180.0 180.0   5.0 450.0                            LAT/LON1/LON2/DLON/H
  102  105  102  110  111  106  113  121  142  173  210  249  283  313  335  351
  360  364  366  371  376  380  381  381  383  392  410  437  473  515  562  607
  641  657  653  634  605  571  535  497  460  427  400  379  361  344  327  313
  305  300  296  289  276  260  245  234  228  226  223  219  212  205  199  192
  181  173  158  143  131  114   95   87  102                                   
    25.0-180.0 180.0   5.0 450.0                            LAT/LON1/LON2/DLON/H
  119  119  109  116  116  113  120  127  145  174  209  247  283  313  336  353
  364  370  374  380  386  389  389  390  398  417  449  493  545  605  667  724
  763  777  765  732  690  647  605  565  529  497  472  451  433  416  400  388
  384  387  392  394  387  373  356  342  333  326  318  306  292  277  263  250
  236  225  206  189  170  143  119  100  119                                   
    22.5-180.0 180.0   5.0 450.0                            LAT/LON1/LON2/DLON/H
  147  143  124  130  130  129  137  143  158  184  215  250  283  312  336  354
  366  375  383  391  397  400  401  406  422  454  502  562  628  699  768  828
  866  872  848  805  755  707  664  626  593  564  542  522  504  486  470  460
  460  469  482  492  491  479  462  444  430  418  405  388  368  346  326  307
  290  278  256  239  215  181  154  125  147                                   
    20.0-180.0 180.0   5.0 450.0                            LAT/LON1/LON2/DLON/H
  176  169  144  147  148  150  160  166  180  201  227  258  287  314  337  355
  370  382  394  404  411  414  418  429  456  503  565  636  709  780  846  898
  926  922  890  842  789  743  704  672  644  620  600  582  562  542  524  512
  513  524  541  554  557  546  528  507  489  474  458  439  417  394  372  352
  335  323  301  284  257  218  192  159  176                                   
    17.5-180.0 180.0   5.0 450.0                            LAT/LON1/LON2/DLON/H
  198  187  161  160  163  169  182  191  205  222  244  269  294  318  340  360
  377  394  408  420  428  433  440  459  498  557  629  704  773  834  885  922
  936  923  888  842  795  756  725  700  679  659  641  622  599  574  550  533
  529  538  553  566  568  558  540  518  498  480  464  448  429  409  392  374
  359  350  329  313  286  246  221  189  198                                   
    15.0-180.0 180.0   5.0 450.0                            LAT/LON1/LON2/DLON/H
  205  191  167  164  169  179  198  212  227  244  262  282  303  324  346  368
  389  409  427  440  449  456  468  496  544  611  686  755  811  853  883  900
  901  884  852  814  779  752  731  714  699  682  664  641  613  580  547  522
  509  511  520  529  530  520  503  482  462  445  430  418  406  394  383  371
  359  352  334  319  293  255  232  204  205                                   
    12.5-180.0 180.0   5.0 450.0                            LAT/LON1/LON2/DLON/H
  195  179  157  155  161  176  201  221  242  260  278  296  315  335  357  381
  405  429  449  463  473  482  500  535  590  660  730  787  822  840  847  846
  838  822  799  775  755  740  730  720  708  693  671  644  608  565  522  487
  464  456  458  461  461  453  439  421  403  387  375  368  363  360  357  349
  340  333  317  302  279  247  224  201  195                                   
    10.0-180.0 180.0   5.0 450.0                            LAT/LON1/LON2/DLON/H
  173  155  137  136  144  161  191  218  245  269  290  309  328  349  372  399
  426  451  473  488  499  512  534  575  633  701  759  796  809  805  795  784
  772  761  749  740  734  731  729  724  713  695  669  635  590  539  486  442
  411  395  390  390  390  386  377  363  348  333  323  320  321  324  326  321
  312  303  288  272  253  226  202  184  173                                   
     7.5-180.0 180.0   5.0 450.0                            LAT/LON1/LON2/DLON/H
  149  131  115  115  122  139  173  205  239  270  296  320  342  365  392  421
  450  476  498  514  527  543  571  616  673  731  773  790  784  767  748  733
