data/edconvlstm_nd/pred3280.15i
     1.0            IONOSPHERE MAPS     GNSS                IONEX VERSION / TYPE
pyspatialgeodesy        IME             05-JAN-18 20:20     PGM / RUN BY / DATE 
Map Name                                                    COMMENT             
Predicted global ionosphere maps (GIM).                     DESCRIPTION         
  2015    11    24     0     0     0                        EPOCH OF FIRST MAP  
  2015    11    25     0     0     0                        EPOCH OF LAST MAP   
  7200                                                      INTERVAL            
    13                                                      # OF MAPS IN FILE   
  NONE                                                      MAPPING FUNCTION    
10.0                                                        ELEVATION CUTOFF    
One-way carrier phase leveled to code                       OBSERVABLES USED    
  6371.0                                                    BASE RADIUS         
 2                                                          MAP DIMENSION       
   450.0 450.0   0.0                                        HGT1 / HGT2 / DHGT  
    87.5 -87.5  -2.5                                        LAT1 / LAT2 / DLAT  
  -180.0 180.0   5.0                                        LON1 / LON2 / DLON  
    -1                                                      EXPONENT            
                                                            END OF HEADER       
[from data line 4719]
    12                                                      START OF TEC MAP    
  2015    11    24    22     0     0                        EPOCH OF CURRENT MAP
    87.5-180.0 180.0   5.0 450.0                            LAT/LON1/LON2/DLON/H
   75   67   56   56   61   56   56   52   53   56   55   57   58   59   60   61
   62   63   63   64   64   64   64   64   64   63   63   63   63   63   62   62
   62   62   62   62   62   62   62   62   61   61   61   61   60   60   60   59
   59   59   58   58   57   57   56   56   55   54   53   53   52   51   50   49
   48   47   43   40   46   48   70   82   75                                   
    85.0-180.0 180.0   5.0 450.0                            LAT/LON1/LON2/DLON/H
   75   67   71   53   53   56   55   56   57   60   60   61   62   64   65   66
   67   67   68   68   68   68   67   67   67   66   66   65   65   65   64   64
   64   64   64   64   64   64   64   63   63   63   63   62   62   62   61   61
   60   60   60   59   59   58   58   57   56   56   55   54   53   52   51   50
   50   48   44   41   47   51   57   52   75                                   
    82.5-180.0 180.0   5.0 450.0                            LAT/LON1/LON2/DLON/H
   50   51   52   44   49   52   54   54   56   58   60   62   64   66   67   69
   70   70   70   70   70   69   68   67   66   65   64   63   62   61   61   60
   60   60   60   60   60   60   60   59   59   58   58   57   56   56   55   55
   54   54   54   54   53   53   53   52   52   51   50   49   48   46   45   44
   43   40   37   37   45   57   52   52   50                                   
    80.0-180.0 180.0   5.0 450.0                            LAT/LON1/LON2/DLON/H
   27   36   44   38   44   44   50   52   56   59   62   65   68   70   71   73
   73   73   73   72   71   69   67   65   63   61   59   57   56   55   55   55
   55   55   55   55   56   56   55   55   54   53   51   50   49   48   47   47
   46   46   46   46   46   46   46   46   45   45   43   42   40   39   37   35
   34   33   31   32   35   44   38   46   27                                   
    77.5-180.0 180.0   5.0 450.0                            LAT/LON1/LON2/DLON/H
   40   44   47   44   52   54   60   63   67   70   73   77   80   83   84   85
   85   85   84   83   81   78   76   73   70   67   64   62   60   59   58   58
   58   58   58   59   58   58   57   55   53   50   48   45   43   41   40   39
   39   39   40   41   42   43   44   44   44   43   42   40   38   36   34   32
   31   30   30   31   35   41   41   54   40                                   
    75.0-180.0 180.0   5.0 450.0                            LAT/LON1/LON2/DLON/H
   40   50   53   53   62   67   72   76   82   86   89   93   94   95   95   95
   94   92   90   87   84   81   78   74   70   67   63   61   59   57   56   56
   57   57   58   58   58   57   56   54   51   48   44   41   39   36   35   34
   34   35   36   37   39   41   42   43   43   43   42   41   39   37   35   34
   33   35   35   36   39   44   43   47   40                                   
    72.5-180.0 180.0   5.0 450.0                            LAT/LON1/LON2/DLON/H
   63   70   74   79   83   88   95   98  101  103  105  107  107  106  104  101
   98   95   92   89   85   81   77   73   69   64   60   57   54   53   51   51
   51   52   52   52   52   51   49   46   42   38   34   30   27   25   23   23
   23   24   26   28   30   33   35   36   37   37   37   36   34   32   31   30
   30   32   34   35   39   49   53   61   63                                   
    70.0-180.0 180.0   5.0 450.0                            LAT/LON1/LON2/DLON/H
   76   88   93   98  103  109  113  118  122  125  126  126  123  119  114  109
  104   99   95   91   87   83   79   75   70   65   61   57   54   52   50   49
   49   49   49   48   48   46   44   41   37   34   30   26   24   22   21   20
   21   22   24   26   28   31   33   35   36   36   36   35   34   33   32   33
   34   37   42   47   52   64   74   82   76                                   
    67.5-180.0 180.0   5.0 450.0                            LAT/LON1/LON2/DLON/H
  100  111  116  122  128  132  137  140  143  143  143  141  136  130  122  115
  108  102   96   92   87   83   79   74   69   65   60   56   52   49   47   45
   43   42   41   40   38   37   35   32   29   26   23   21   19   17   17   17
   18   19   21   23   25   27   29   31   32   32   32   32   31   31   31   33
   35   40   45   51   58   74   82   91  100                                   
    65.0-180.0 180.0   5.0 450.0                            LAT/LON1/LON2/DLON/H
  111  124  130  137  141  146  150  153  156  157  157  153  147  138  129  119
  111  104   98   93   88   83   79   74   69   64   59   55   51   47   44   40
   37   35   32   31   29   28   26   25   23   21   20   18   17   17   17   17
   18   19   20   22   23   24   26   27   28   29   29   30   30   30   32   35
   39   46   54   62   70   88   98  107  111                                   
    62.5-180.0 180.0   5.0 450.0                            LAT/LON1/LON2/DLON/H
  123  134  140  147  152  157  160  164  166  167  166  161  155  145  135  126
  117  109  103   97   91   85   79   73   67   62   58   54   50   46   41   37
   32   28   25   22   21   20   19   19   19   18   18   18   19   19   19   19
   20   20   21   21   22   22   23   24   25   25   26   27   29   30   33   37
   42   49   58   66   74   92  102  110  123                                   
    60.0-180.0 180.0   5.0 450.0                            LAT/LON1/LON2/DLON/H
  127  137  144  152  156  159  163  167  170  171  171  167  161  152  143  134
  126  118  111  103   96   88   80   72   66   61   57   54   51   47   42   37
   31   26   21   18   17   16   16   17   18   20   21   23   23   24   24   24
   23   23   23   23   22   22   22   22   23   24   25   27   29   32   36   41
   47   55   63   71   79   97  107  116  127                                   
    57.5-180.0 180.0   5.0 450.0                            LAT/LON1/LON2/DLON/H
  130  139  147  154  159  162  167  170  173  175  175  172  167  160  152  145
  137  130  122  112  102   91   81   72   66   61   59   57   55   52   48   42
   35   29   23   20   19   18   19   21   24   27   30   32   32   32   32   31
   30   29   28   27   26   25   25   25   25   27   28   31   33   37   42   48
   55   63   71   78   83   99  108  117  130                                   
    55.0-180.0 180.0   5.0 450.0                            LAT/LON1/LON2/DLON/H
  136  145  154  161  166  169  172  175  177  178  178  176  172  167  162  156
  150  143  133  122  109   95   83   73   67   63   62   63   63   61   57   51
   44   37   31   28   27   27   29   31   35   38   41   43   44   43   41   39
   37   36   35   34   33   32   31   31   32   33   35   37   41   45   51   58
   64   73   80   86   89  103  110  119  136                                   
    52.5-180.0 180.0   5.0 450.0                            LAT/LON1/LON2/DLON/H
  144  153  164  171  177  179  182  183  184  183  182  179  176  173  170  167
  162  154  143  130  114   99   86   76   70   68   70   72   74   73   69   63
   56   49   44   41   40   41   43   46   49   53   55   57   56   54   51   48
   46   45   45   44   43   42   42   42   42   43   44   47   50   54   61   68
   76   85   92   97   99  110  116  125  144                                   
    50.0-180.0 180.0   5.0 450.0                            LAT/LON1/LON2/DLON/H
  158  168  181  188  194  196  197  196  194  191  187  184  180  178  177  175
  171  163  151  136  120  105   92   83   78   78   80   84   86   85   82   75
   68   62   58   56   56   57   59   61   63   66   68   69   68   65   62   59
   57   57   57   57   57   57   56   56   55   55   56   57   59   63   70   79
   87   97  105  110  111  121  126  134  158                                   
    47.5-180.0 180.0   5.0 450.0                            LAT/LON1/LON2/DLON/H
  174  185  199  206  213  215  214  211  206  201  194  189  185  183  183  181
  177  169  157  142  126  113  102   95   91   92   94   97   97   95   90   84
   77   72   69   69   70   71   72   73   74   76   77   78   77   74   72   70
   69   70   71   72   73   73   72   71   70   68   66   66   67   71   78   87
   97  108  117  124  126  135  141  148  174                                   
    45.0-180.0 180.0   5.0 450.0                            LAT/LON1/LON2/DLON/H
  190  201  215  221  228  231  229  225  218  210  202  195  190  188  187  186
  181  173  161  148  135  124  116  111  108  108  108  107  105  100   93   85
   79   76   75   77   79   80   81   81   81   82   83   84   84   82   81   80
   81   83   86   88   89   89   88   86   83   80   76   73   73   76   83   93
  104  116  128  136  141  151  159  164  190                                   
    42.5-180.0 180.0   5.0 450.0                            LAT/LON1/LON2/DLON/H
  200  211  225  231  237  240  238  234  226  218  208  201  196  193  192  190
  184  176  166  155  147  140  134  130  127  123  119  113  106   97   88   80
   75   74   76   80   83   85   85   84   83   84   85   87   88   89   89   90
   92   95   98  101  102  102  100   97   93   88   83   79   77   80   88   98
  110  123  136  146  154  166  176  181  200                                   
    40.0-180.0 180.0   5.0 450.0                            LAT/LON1/LON2/DLON/H
  205  215  226  232  238  239  238  234  227  220  211  205  201  199  197  194
  188  181  173  167  162  158  155  149  142  134  124  113  101   90   80   73
   70   71   76   81   85   87   87   85   84   85   87   90   92   94   96   98
  101  104  107  109  110  110  108  104   99   93   87   82   80   84   92  103
  115  129  143  155  164  179  190  196  205                                   
    37.5-180.0 180.0   5.0 450.0                            LAT/LON1/LON2/DLON/H
  206  214  222  227  232  231  231  228  223  217  212  208  206  205  203  199
  194  188  183  181  179  177  173  164  152  139  124  109   94   82   73   69
   69   74   80   86   90   92   91   89   88   88   90   93   96   99  101  104
  106  109  111  113  113  113  110  106  101   95   88   83   82   86   96  108
  121  136  150  162  173  189  201  208  206                                   
    35.0-180.0 180.0   5.0 450.0                            LAT/LON1/LON2/DLON/H
  208  214  220  223  226  223  223  220  216  213  210  209  209  210  209  205
  200  197  195  196  196  193  185  172  155  137  120  104   90   81   76   76
   80   87   94   99  102  102  100   97   95   95   96   98  100  103  104  106
  107  109  110  112  112  111  109  106  101   94   88   84   84   90  101  115
  128  143  158  170  180  198  209  217  208                                   
    32.5-180.0 180.0   5.0 450.0                            LAT/LON1/LON2/DLON/H
  217  223  227  227  228  222  221  217  215  211  211  211  213  215  214  211
  207  206  208  210  210  203  190  172  152  133  117  104   96   92   93   98
  106  114  120  123  122  119  115  111  108  106  105  105  105  105  105  105
  105  105  106  107  108  108  107  104  100   94   88   85   87   94  107  122
  137  152  167  180  188  207  219  227  217                                   
    30.0-180.0 180.0   5.0 450.0                            LAT/LON1/LON2/DLON/H
  237  245  249  246  246  236  233  228  224  219  218  218  220  221  219  216
  214  215  218  220  216  206  188  167  147  132  121  116  115  119  127  138
  149  156  159  156  149  142  135  129  124  119  115  112  109  107  105  103
  101  100  100  101  103  104  104  103   99   94   89   87   90   99  114  131
  146  163  179  192  200  220  233  240  237                                   
    27.5-180.0 180.0   5.0 450.0                            LAT/LON1/LON2/DLON/H
  271  285  291  284  283  272  266  257  250  241  237  234  233  230  226  222
  220  221  224  224  216  201  182  162  148  140  139  143  151  163  177  192
  203  207  203  192  178  164  154  145  138  131  124  117  112  107  102   99
   95   94   93   95   98  101  102  101   98   94   90   89   93  104  120  139
  156  175  192  207  216  238  253  258  271                                   
    25.0-180.0 180.0   5.0 450.0                            LAT/LON1/LON2/DLON/H
  318  338  349  339  339  328  319  306  293  279  268  260  253  246  237  230
  226  226  226  223  212  195  178  164  159  162  171  185  201  219  237  252
  261  259  245  223  200  180  165  155  146  138  129  120  112  105   99   94
   91   88   88   91   95   98  100   99   96   93   90   90   95  106  124  144
  164  186  206  224  236  260  279  282  318                                   
    22.5-180.0 180.0   5.0 450.0                            LAT/LON1/LON2/DLON/H
  373  397  413  404  408  399  389  372  354  333  314  297  283  269  254  243
  235  232  228  221  208  193  182  179  185  200  219  240  261  280  298  310
  311  298  273  240  208  183  166  156  147  138  128  118  110  103   97   91
   87   85   85   88   92   96   97   96   93   90   88   90   95  107  125  148
  170  195  218  240  257  284  308  310  373                                   
    20.0-180.0 180.0   5.0 450.0                            LAT/LON1/LON2/DLON/H
  425  454  474  468  479  474  468  449  428  400  372  346  323  301  280  263
  250  241  233  223  210  201  200  210  229  253  278  301  320  335  346  348
  339  314  278  238  201  174  157  148  140  132  123  114  107  101   95   90
   87   85   85   87   90   93   94   92   89   86   85   88   94  107  126  149
  173  202  229  254  276  308  336  340  425                                   
    17.5-180.0 180.0   5.0 450.0                            LAT/LON1/LON2/DLON/H
  467  500  523  522  540  543  543  527  506  475  440  406  374  344  316  292
  274  260  247  234  225  224  235  257  286  316  341  358  368  371  368  357
  335  302  261  218  182  157  143  136  130  124  117  110  105  101   96   92
   89   86   86   87   89   91   90   88   84   82   82   86   94  108  127  151
  177  209  239  267  293  328  361  369  467                                   
    15.0-180.0 180.0   5.0 450.0                            LAT/LON1/LON2/DLON/H
  493  528  553  556  582  592  602  594  577  547  510  471  433  397  363  334
  309  289  272  260  255  263  286  318  352  381  397  401  394  379  359  335
  304  268  228  190  160  141  131  127  124  120  115  111  107  104  101   97
   94   91   89   88   89   89   87   83   79   77   79   85   96  111  132  157
  183  217  249  278  307  344  380  392  493                                   
    12.5-180.0 180.0   5.0 450.0                            LAT/LON1/LON2/DLON/H
  500  536  561  566  598  615  636  637  629  605  571  533  494  456  419  385
  356  332  312  300  301  318  349  387  420  438  436  419  391  358  324  290
  257  224  193  166  146  135  131  130  128  125  121  118  116  114  111  106
  101   97   94   92   91   89   85   81   76   75   78   86  100  118  140  166
  193  226  259  288  317  355  393  407  500                                   
    10.0-180.0 180.0   5.0 450.0                            LAT/LON1/LON2/DLON/H
  492  526  550  554  587  610  639  650  653  639  614  582  549  514  478  444
  413  385  364  354  360  383  419  455  478  476  452  412  365  319  277  240
  211  187  169  157  149  147  148  149  147  143  138  135  133  130  125  119
  113  107  102   99   95   91   87   81   76   75   79   90  107  128  152  178
  205  238  271  298  325  362  400  415  492                                   
     7.5-180.0 180.0   5.0 450.0                            LAT/LON1/LON2/DLON/H
  477  507  527  527  557  582  617  636  649  646  632  612  588  562  533  503
  473  446  426  417  426  452  486  512  516  490  442  384  327  276  234  202
