data/edconvlstm_nd/pred2190.15i
     1.0            IONOSPHERE MAPS     GNSS                IONEX VERSION / TYPE
pyspatialgeodesy        IME             05-JAN-18 20:20     PGM / RUN BY / DATE 
Map Name                                                    COMMENT             
Predicted global ionosphere maps (GIM).                     DESCRIPTION         
  2015     8     7     0     0     0                        EPOCH OF FIRST MAP  
  2015     8     8     0     0     0                        EPOCH OF LAST MAP   
  7200                                                      INTERVAL            
    13                                                      # OF MAPS IN FILE   
  NONE                                                      MAPPING FUNCTION    
10.0                                                        ELEVATION CUTOFF    
One-way carrier phase leveled to code                       OBSERVABLES USED    
  6371.0                                                    BASE RADIUS         
 2                                                          MAP DIMENSION       
   450.0 450.0   0.0                                        HGT1 / HGT2 / DHGT  
    87.5 -87.5  -2.5                                        LAT1 / LAT2 / DLAT  
  -180.0 180.0   5.0                                        LON1 / LON2 / DLON  
    -1                                                      EXPONENT            
                                                            END OF HEADER       
[from data line 3861]
    10                                                      START OF TEC MAP    
  2015     8     7    18     0     0                        EPOCH OF CURRENT MAP
    87.5-180.0 180.0   5.0 450.0                            LAT/LON1/LON2/DLON/H
  149  146  136  142  143  142  141  139  139  140  140  140  140  140  139  139
  139  139  139  139  138  138  137  137  136  135  135  134  133  133  132  131
  131  130  130  129  129  129  129  129  129  129  129  130  130  130  130  131
  131  132  132  132  133  133  134  134  134  135  135  135  136  136  136  136
  136  137  136  136  146  142  150  149  149                                   
    85.0-180.0 180.0   5.0 450.0                            LAT/LON1/LON2/DLON/H
  144  146  152  145  143  146  146  147  147  148  147  147  147  147  147  147
  147  147  147  147  146  146  145  145  144  143  142  141  140  139  138  138
  137  136  136  135  135  135  135  135  135  136  136  136  136  136  137  137
  137  138  138  138  139  139  140  140  140  141  141  142  142  142  143  143
  144  144  142  140  144  137  142  142  144                                   
    82.5-180.0 180.0   5.0 450.0                            LAT/LON1/LON2/DLON/H
  125  135  138  133  133  137  139  139  138  139  139  140  140  140  141  141
  142  142  142  142  142  142  142  141  140  139  138  137  135  134  133  131
  130  130  129  129  128  128  129  129  129  129  130  130  130  130  131  131
  131  131  132  132  132  133  133  133  133  134  134  134  134  134  135  135
  135  134  132  135  136  141  135  128  125                                   
    80.0-180.0 180.0   5.0 450.0                            LAT/LON1/LON2/DLON/H
  115  122  129  126  125  126  128  131  132  133  133  134  134  135  136  137
  138  138  139  139  140  140  139  139  137  136  134  132  130  128  125  124
  122  121  120  119  119  120  120  121  121  122  122  122  122  123  123  123
  123  123  124  124  124  124  125  125  125  125  125  125  125  125  126  126
  127  126  125  126  124  122  122  120  115                                   
    77.5-180.0 180.0   5.0 450.0                            LAT/LON1/LON2/DLON/H
  114  114  120  118  119  121  122  124  124  125  125  127  128  129  130  132
  133  135  136  138  139  139  140  139  138  136  134  132  129  126  123  121
  119  117  116  116  116  117  117  118  119  119  120  120  120  120  120  119
  119  119  119  120  119  119  119  119  119  118  118  117  117  116  116  116
  116  115  115  116  119  113  115  119  114                                   
    75.0-180.0 180.0   5.0 450.0                            LAT/LON1/LON2/DLON/H
  108  110  112  112  114  117  117  118  119  121  121  123  125  126  128  130
  132  134  136  138  140  141  142  142  141  139  137  134  130  126  123  120
  117  115  114  114  114  115  116  117  117  117  117  117  116  116  115  115
  114  114  114  114  114  113  113  112  112  111  111  110  109  109  109  109
  109  109  109  107  111  107  110  103  108                                   
    72.5-180.0 180.0   5.0 450.0                            LAT/LON1/LON2/DLON/H
  103  106  108  112  111  115  116  117  117  118  119  121  123  125  127  129
  132  134  136  139  141  143  145  145  145  143  140  137  132  128  123  120
  117  115  114  113  114  115  116  116  116  116  115  114  113  112  111  110
  109  109  108  108  107  106  106  105  104  103  103  102  101  101  101  101
  101  101  101   99  102  101  105  104  103                                   
    70.0-180.0 180.0   5.0 450.0                            LAT/LON1/LON2/DLON/H
  102  106  107  110  111  114  114  116  117  119  120  122  124  127  129  131
  134  136  138  141  143  146  148  150  150  148  146  142  137  132  127  123
  119  117  115  115  115  116  116  116  116  115  113  111  109  107  105  104
  103  102  101  100   99   98   97   97   96   95   95   95   94   94   95   95
   95   96   97   96  100  100  106  103  102                                   
    67.5-180.0 180.0   5.0 450.0                            LAT/LON1/LON2/DLON/H
  103  109  112  115  117  120  120  122  123  125  127  130  133  135  138  140
  142  143  145  147  150  153  155  157  158  157  154  150  145  140  134  130
  126  123  121  120  120  120  120  120  119  117  114  111  108  106  104  102
  101  100   98   97   96   94   93   92   92   92   92   92   92   92   93   94
   94   95   96   95   98   99  104  103  103                                   
    65.0-180.0 180.0   5.0 450.0                            LAT/LON1/LON2/DLON/H
  104  112  115  119  120  124  125  127  128  131  133  137  140  144  146  148
  149  150  151  152  154  157  160  163  164  164  162  159  154  149  144  139
  135  132  129  128  127  126  126  125  123  120  116  112  109  105  103  101
   99   98   96   93   91   89   88   87   87   87   88   89   89   90   91   92
   93   94   96   96  100  103  108  107  104                                   
    62.5-180.0 180.0   5.0 450.0                            LAT/LON1/LON2/DLON/H
  105  115  118  123  125  129  130  133  134  137  140  145  149  153  156  158
  158  158  157  157  159  162  165  168  170  171  169  167  163  159  155  151
  147  143  140  137  136  134  133  131  129  125  121  117  112  109  106  104
  102   99   96   93   90   87   85   84   84   85   87   88   88   89   90   91
   92   93   96   96  100  103  109  108  105                                   
    60.0-180.0 180.0   5.0 450.0                            LAT/LON1/LON2/DLON/H
  107  117  121  127  130  134  135  137  139  142  145  151  156  161  165  166
  166  164  162  161  162  164  168  172  175  176  176  175  173  171  168  165
  162  158  154  150  147  145  144  141  138  134  130  125  120  116  113  111
  108  105  101   97   92   89   86   85   85   86   88   89   89   89   89   90
   90   92   95   95  100  104  111  110  107                                   
    57.5-180.0 180.0   5.0 450.0                            LAT/LON1/LON2/DLON/H
  107  118  123  130  133  138  140  142  143  146  149  155  161  167  171  173
  173  170  167  165  164  166  170  174  178  180  182  182  182  182  182  180
  177  173  169  165  161  159  156  154  151  147  142  137  132  128  125  122
  119  115  110  105   99   94   91   90   90   91   91   91   91   89   89   89
   89   91   93   94  100  103  110  110  107                                   
    55.0-180.0 180.0   5.0 450.0                            LAT/LON1/LON2/DLON/H
  107  120  125  133  137  143  145  147  147  150  152  158  164  170  175  177
  177  174  170  167  166  168  172  176  180  183  185  187  189  192  193  194
  192  189  184  179  176  173  171  168  165  161  156  151  146  141  138  135
  132  127  122  116  109  104  100   98   98   97   97   96   93   91   89   88
   87   89   91   92   98  102  109  109  107                                   
    52.5-180.0 180.0   5.0 450.0                            LAT/LON1/LON2/DLON/H
  108  121  128  136  142  148  150  152  152  154  155  160  165  171  176  179
  180  177  174  170  169  170  173  178  182  185  188  191  194  199  202  205
  204  201  197  193  189  187  185  182  179  175  170  165  160  156  152  149
  145  141  135  128  121  115  111  109  107  106  104  101   97   93   90   88
   87   88   90   91   97  101  107  108  108                                   
    50.0-180.0 180.0   5.0 450.0                            LAT/LON1/LON2/DLON/H
  110  123  130  140  146  155  157  159  160  161  161  164  168  173  178  181
  182  181  178  175  173  174  177  181  184  187  190  193  198  204  209  213
  214  212  208  204  202  200  199  197  194  189  184  179  174  169  165  161
  157  153  147  141  134  128  124  121  118  116  112  107  102   96   93   90
   89   90   92   93   98  101  107  108  110                                   
    47.5-180.0 180.0   5.0 450.0                            LAT/LON1/LON2/DLON/H
  114  126  134  144  152  162  165  169  170  171  170  171  174  177  181  185
  187  186  184  182  181  181  183  186  189  191  193  197  202  208  215  219
  221  220  217  215  214  213  212  211  207  203  198  192  186  180  175  171
  167  163  158  152  146  140  136  132  129  125  120  114  108  103   99   96
   95   95   97   97  101  103  108  110  114                                   
    45.0-180.0 180.0   5.0 450.0                            LAT/LON1/LON2/DLON/H
  118  129  138  148  157  168  174  179  182  184  183  184  184  186  188  191
  194  194  194  193  192  192  193  195  196  198  200  203  208  215  221  226
  229  228  227  226  227  227  227  225  221  216  210  204  197  190  184  179
  174  170  166  161  155  150  146  142  138  134  128  122  116  111  109  107
  105  105  105  104  107  107  111  113  118                                   
    42.5-180.0 180.0   5.0 450.0                            LAT/LON1/LON2/DLON/H
  122  133  141  152  161  174  181  189  194  198  199  199  199  199  200  202
  204  206  207  207  206  206  206  206  207  208  210  213  218  225  232  237
  239  240  240  241  243  245  244  242  237  230  223  216  208  199  192  185
  180  176  172  168  163  158  153  149  145  140  135  130  126  123  122  121
  120  119  117  114  115  113  115  118  122                                   
    40.0-180.0 180.0   5.0 450.0                            LAT/LON1/LON2/DLON/H
  127  137  144  154  163  177  186  196  205  212  215  217  216  215  215  215
  217  220  222  223  223  222  221  221  221  222  225  229  234  241  248  253
  256  258  260  262  265  267  266  261  254  246  238  229  219  208  198  190
  184  180  176  172  167  162  157  153  149  145  141  138  136  136  137  137
  136  134  131  126  124  120  120  124  127                                   
    37.5-180.0 180.0   5.0 450.0                            LAT/LON1/LON2/DLON/H
  132  140  146  156  164  177  188  201  212  223  229  233  234  233  232  231
  232  235  238  240  241  240  238  238  238  241  244  250  256  264  271  277
  281  284  287  290  293  294  291  284  274  264  253  242  230  217  205  195
  187  183  179  175  169  164  159  154  150  147  145  144  146  149  152  153
  151  148  144  137  132  126  126  130  132                                   
    35.0-180.0 180.0   5.0 450.0                            LAT/LON1/LON2/DLON/H
  137  143  148  156  164  176  188  202  216  230  240  247  251  251  250  249
  249  251  254  257  258  258  256  256  258  262  268  276  284  293  302  309
  314  318  322  325  327  326  320  309  295  281  268  255  241  226  211  199
  191  185  181  176  170  164  158  153  149  147  147  149  153  159  164  166
  164  159  153  145  140  132  132  135  137                                   
    32.5-180.0 180.0   5.0 450.0                            LAT/LON1/LON2/DLON/H
  142  147  150  158  165  176  188  202  218  234  247  258  265  268  268  266
  266  267  270  273  275  275  275  275  279  286  294  304  315  326  337  346
  353  358  362  364  364  359  348  333  315  298  281  266  250  233  217  203
  193  187  182  176  169  162  155  150  147  146  147  151  158  165  171  173
  170  165  159  151  145  137  138  140  142                                   
    30.0-180.0 180.0   5.0 450.0                            LAT/LON1/LON2/DLON/H
  149  152  155  162  168  180  190  204  220  236  252  266  277  283  285  284
  283  283  286  289  291  292  292  295  301  310  322  334  347  361  373  385
  394  399  402  402  398  388  372  352  330  309  290  273  255  237  220  205
  195  188  181  174  166  158  152  147  144  143  145  150  157  165  171  173
  170  165  159  152  147  140  143  145  149                                   
    27.5-180.0 180.0   5.0 450.0                            LAT/LON1/LON2/DLON/H
  157  160  162  169  176  187  197  209  223  239  255  272  286  297  302  302
  301  301  302  305  307  308  310  314  322  334  348  362  377  393  407  421
  431  436  437  433  424  408  387  362  336  312  291  273  255  237  219  205
  195  187  179  171  162  154  148  143  140  139  141  145  152  159  164  166
  163  160  155  149  147  142  148  149  157                                   
    25.0-180.0 180.0   5.0 450.0                            LAT/LON1/LON2/DLON/H
  164  168  170  179  187  199  208  218  230  244  260  278  295  310  318  321
  320  319  319  321  323  324  327  333  342  356  371  387  403  419  435  448
  457  461  458  449  435  415  389  361  332  306  284  266  249  232  216  202
  192  183  175  167  158  150  144  139  136  134  134  136  141  146  151  153
  151  149  146  144  145  143  150  152  164                                   
    22.5-180.0 180.0   5.0 450.0                            LAT/LON1/LON2/DLON/H
  170  176  179  190  200  214  223  231  241  252  267  285  305  322  335  340
  341  339  338  338  339  341  344  350  361  376  391  407  422  438  452  464
  470  470  463  450  431  407  379  349  319  293  272  254  238  223  209  197
  187  179  170  162  153  146  140  136  131  127  125  125  127  130  133  135
  135  136  135  136  140  141  150  153  170                                   
    20.0-180.0 180.0   5.0 450.0                            LAT/LON1/LON2/DLON/H
  173  180  185  199  213  228  238  246  253  263  275  293  314  335  351  359
  361  360  358  357  356  357  360  367  378  392  407  421  435  447  458  466
  468  464  453  436  415  390  361  331  302  277  257  241  227  214  202  190
  181  173  165  157  149  143  138  133  127  121  115  112  111  112  115  117
  118  121  123  125  132  136  146  151  173                                   
    17.5-180.0 180.0   5.0 450.0                            LAT/LON1/LON2/DLON/H
  170  181  188  205  221  239  251  258  265  273  284  301  323  346  365  377
  381  381  378  375  373  373  375  382  393  406  419  431  441  449  455  458
  455  447  433  415  393  368  341  312  286  263  245  231  219  207  196  185
  175  167  159  152  146  140  136  131  124  116  107  101   98   96   98  100
  103  107  111  114  122  128  138  145  170                                   
    15.0-180.0 180.0   5.0 450.0                            LAT/LON1/LON2/DLON/H
  162  177  186  206  224  243  257  265  272  280  290  307  329  354  375  390
  398  399  397  393  389  387  389  395  405  416  427  436  442  446  448  445
  439  427  412  394  373  350  325  300  277  256  240  227  216  204  192  181
  171  162  154  148  142  138  135  130  122  112  102   93   88   85   86   88
   90   95   99  102  111  118  127  135  162                                   
    12.5-180.0 180.0   5.0 450.0                            LAT/LON1/LON2/DLON/H
  150  169  181  201  220  239  255  264  273  282  293  310  331  356  380  398
  408  412  411  407  403  400  400  405  414  424  433  439  441  442  439  433
  424  411  395  378  360  340  320  298  278  259  244  231  219  206  192  179
  167  157  149  143  139  136  133  128  120  110   99   89   83   79   79   80
   82   86   89   91   99  105  113  123  150                                   
    10.0-180.0 180.0   5.0 450.0                            LAT/LON1/LON2/DLON/H
  137  160  173  194  213  231  247  257  268  278  290  307  329  353  378  398
  412  419  420  417  413  409  409  413  421  430  436  440  441  439  434  426
  414  401  386  372  357  342  325  307  289  272  257  242  228  212  195  178
  163  151  143  137  133  132  130  126  118  108   98   89   83   79   78   78
   78   80   81   81   88   93   99  111  137                                   
     7.5-180.0 180.0   5.0 450.0                            LAT/LON1/LON2/DLON/H
  127  151  167  187  205  221  237  248  260  272  285  302  322  346  370  391
  407  418  422  422  419  416  416  420  426  434  439  441  440  438  432  423
