data/edconvlstm_nd/pred3280.15i
     1.0            IONOSPHERE MAPS     GNSS                IONEX VERSION / TYPE
pyspatialgeodesy        IME             05-JAN-18 20:20     PGM / RUN BY / DATE 
Map Name                                                    COMMENT             
Predicted global ionosphere maps (GIM).                     DESCRIPTION         
  2015    11    24     0     0     0                        EPOCH OF FIRST MAP  
  2015    11    25     0     0     0                        EPOCH OF LAST MAP   
  7200                                                      INTERVAL            
    13                                                      # OF MAPS IN FILE   
  NONE                                                      MAPPING FUNCTION    
10.0                                                        ELEVATION CUTOFF    
One-way carrier phase leveled to code                       OBSERVABLES USED    
  6371.0                                                    BASE RADIUS         
 2                                                          MAP DIMENSION       
   450.0 450.0   0.0                                        HGT1 / HGT2 / DHGT  
    87.5 -87.5  -2.5                                        LAT1 / LAT2 / DLAT  
  -180.0 180.0   5.0                                        LON1 / LON2 / DLON  
    -1                                                      EXPONENT            
                                                            END OF HEADER       
[from data line 2574]
     7                                                      START OF TEC MAP    
  2015    11    24    12     0     0                        EPOCH OF CURRENT MAP
    87.5-180.0 180.0   5.0 450.0                            LAT/LON1/LON2/DLON/H
   40   52   54   56   59   59   60   55   56   58   58   58   58   58   58   58
   58   57   57   56   56   55   55   54   53   53   53   52   52   51   51   51
   50   50   49   49   48   48   47   47   46   46   46   45   45   45   46   46
   46   46   47   47   47   48   48   48   49   49   49   49   49   49   49   49
   50   51   48   46   50   53   67   70   40                                   
    85.0-180.0 180.0   5.0 450.0                            LAT/LON1/LON2/DLON/H
   43   62   75   59   61   64   64   64   64   66   66   66   66   65   65   64
   64   63   63   62   62   61   60   60   60   59   59   59   59   59   58   58
   58   57   57   56   56   55   54   54   53   53   52   52   52   52   52   52
   53   53   54   54   55   56   56   57   58   58   58   59   59   59   59   60
   61   61   56   54   57   61   71   66   43                                   
    82.5-180.0 180.0   5.0 450.0                            LAT/LON1/LON2/DLON/H
   38   52   66   56   58   60   62   62   63   64   63   64   63   62   61   60
   59   58   57   56   55   54   53   53   52   52   52   52   52   52   52   52
   52   52   51   51   50   49   48   47   46   46   45   45   44   44   44   45
   45   46   46   47   48   49   50   51   52   52   53   53   54   54   54   54
   55   55   52   49   56   62   62   58   38                                   
    80.0-180.0 180.0   5.0 450.0                            LAT/LON1/LON2/DLON/H
   36   44   60   52   55   54   56   57   58   59   59   60   59   58   57   56
   54   53   52   51   49   48   48   47   47   47   48   49   50   51   51   52
   52   53   52   52   51   49   48   47   45   44   43   41   41   40   40   40
   40   41   42   43   44   45   47   48   48   49   49   49   49   49   49   49
   49   49   48   47   49   55   55   55   36                                   
    77.5-180.0 180.0   5.0 450.0                            LAT/LON1/LON2/DLON/H
   41   43   47   41   44   44   47   48   50   51   51   52   52   52   52   51
   50   49   48   47   46   45   45   45   45   46   48   49   51   54   56   57
   58   59   58   58   56   54   52   50   47   45   43   41   39   38   37   37
   37   38   39   40   42   43   45   45   46   46   46   45   44   43   42   41
   40   39   38   37   37   37   41   43   41                                   
    75.0-180.0 180.0   5.0 450.0                            LAT/LON1/LON2/DLON/H
   25   31   33   32   34   36   38   39   41   43   43   45   46   47   47   47
   47   47   47   46   46   45   45   46   47   48   51   53   57   60   63   65
   67   68   69   68   66   64   62   59   57   54   51   48   45   43   42   41
   40   40   41   42   43   44   45   45   45   45   44   43   41   40   38   37
   35   34   33   31   33   29   31   27   25                                   
    72.5-180.0 180.0   5.0 450.0                            LAT/LON1/LON2/DLON/H
   23   27   27   28   29   32   34   35   36   38   39   41   43   45   46   47
   48   49   49   49   49   49   49   50   51   53   56   60   64   68   72   75
   78   79   80   80   78   76   74   71   68   65   62   59   56   53   50   48
   46   46   45   45   45   46   45   45   44   43   41   40   38   36   34   33
   31   30   30   28   30   27   27   27   23                                   
    70.0-180.0 180.0   5.0 450.0                            LAT/LON1/LON2/DLON/H
   20   25   27   28   28   29   30   32   34   36   38   40   42   45   47   49
   51   53   55   55   56   57   57   58   59   62   65   68   73   78   83   87
   90   92   93   93   92   90   88   86   84   81   79   75   72   68   64   61
   58   55   53   51   50   48   47   45   43   41   38   37   35   34   33   33
   32   31   32   31   32   29   32   32   20                                   
    67.5-180.0 180.0   5.0 450.0                            LAT/LON1/LON2/DLON/H
   21   27   28   29   29   31   32   33   35   36   38   41   43   46   49   52
   55   58   60   61   62   63   64   65   66   68   71   75   80   85   91   96
   99  102  103  103  102  101  100   99   98   97   95   92   88   84   79   73
   68   63   59   55   51   48   44   41   38   35   33   32   31   31   31   32
   33   33   35   33   35   33   34   33   21                                   
    65.0-180.0 180.0   5.0 450.0                            LAT/LON1/LON2/DLON/H
   23   30   30   32   32   33   34   35   36   38   39   42   44   48   51   54
   57   60   63   65   66   67   68   69   71   73   76   80   86   92   98  103
  108  110  112  112  112  111  111  111  112  112  111  109  105  100   93   86
   79   71   64   58   51   46   41   36   32   29   27   27   27   28   30   32
   35   36   39   39   42   41   42   42   23                                   
    62.5-180.0 180.0   5.0 450.0                            LAT/LON1/LON2/DLON/H
   27   33   32   35   34   36   36   37   38   39   40   43   45   48   51   55
   58   60   63   64   66   67   69   70   72   74   77   82   88   95  102  109
  114  118  119  120  119  119  119  120  122  123  123  122  118  112  104   95
   85   75   66   57   49   41   35   30   26   23   22   22   22   24   27   31
   34   37   41   41   45   45   46   46   27                                   
    60.0-180.0 180.0   5.0 450.0                            LAT/LON1/LON2/DLON/H
   30   35   34   36   35   36   36   36   37   38   39   41   44   46   49   52
   54   56   57   58   60   62   64   66   69   72   76   81   88   97  106  114
  120  124  126  126  125  125  125  126  129  131  131  130  126  118  109   98
   87   75   64   54   44   36   29   24   20   18   18   18   19   21   24   28
   32   35   40   41   45   45   46   46   30                                   
    57.5-180.0 180.0   5.0 450.0                            LAT/LON1/LON2/DLON/H
   33   35   35   37   36   36   36   37   37   38   39   41   43   45   48   50
   51   51   52   52   54   56   59   63   67   71   76   83   92  102  113  122
  130  135  136  136  134  133  133  134  136  139  139  138  133  126  115  103
   91   78   66   55   45   36   30   25   22   21   20   21   22   23   26   29
   32   35   39   41   45   45   46   46   33                                   
    55.0-180.0 180.0   5.0 450.0                            LAT/LON1/LON2/DLON/H
   37   37   37   38   37   37   37   36   37   38   38   40   42   44   46   48
   48   47   46   47   48   52   57   62   68   73   80   88   98  109  122  133
  142  147  149  148  145  143  142  143  144  146  147  145  140  132  121  109
   96   83   71   59   50   42   36   32   30   30   29   30   30   31   31   33
   35   36   40   41   45   45   45   46   37                                   
    52.5-180.0 180.0   5.0 450.0                            LAT/LON1/LON2/DLON/H
   42   41   40   41   39   39   38   37   37   38   38   40   42   44   46   47
   47   46   44   44   47   51   58   66   73   80   87   96  107  120  134  146
  155  161  162  161  158  155  153  153  154  155  155  153  148  140  130  117
  105   92   80   69   60   53   48   46   45   45   45   45   45   44   43   42
   41   41   44   44   48   47   47   48   42                                   
    50.0-180.0 180.0   5.0 450.0                            LAT/LON1/LON2/DLON/H
   49   47   45   46   44   44   41   40   39   39   39   41   42   44   47   48
   48   47   46   46   50   56   65   74   83   91   99  108  119  132  145  157
  167  172  174  173  170  167  165  164  164  165  164  162  157  150  140  129
  117  105   93   82   74   67   63   62   62   63   65   65   64   62   59   56
   52   50   51   51   54   54   53   53   49                                   
    47.5-180.0 180.0   5.0 450.0                            LAT/LON1/LON2/DLON/H
   57   57   53   55   52   52   48   45   43   43   42   43   45   47   50   52
   53   52   52   53   57   65   75   86   97  105  113  122  132  143  154  165
  174  179  182  182  180  178  176  175  175  175  174  172  168  161  152  142
  130  119  107   96   87   81   77   76   78   80   81   82   82   79   75   70
   65   62   61   61   63   64   63   62   57                                   
    45.0-180.0 180.0   5.0 450.0                            LAT/LON1/LON2/DLON/H
   65   66   63   65   63   62   57   53   50   49   48   48   49   51   54   57
   59   60   60   63   69   78   89  101  112  120  127  134  142  150  158  167
  174  180  185  187  188  188  187  186  185  185  184  182  178  172  164  155
  144  132  120  108   98   91   87   85   86   88   91   92   92   90   87   82
   76   72   71   70   73   75   75   73   65                                   
    42.5-180.0 180.0   5.0 450.0                            LAT/LON1/LON2/DLON/H
   70   74   71   75   73   72   66   62   59   57   56   55   56   57   60   63
   66   68   71   75   82   92  103  115  125  133  139  144  148  153  158  164
  170  177  183  189  194  197  198  197  196  195  193  191  188  183  176  167
  156  143  129  116  104   95   89   87   87   88   90   92   93   93   91   87
   83   79   77   76   80   84   85   82   70                                   
    40.0-180.0 180.0   5.0 450.0                            LAT/LON1/LON2/DLON/H
   70   77   75   81   80   80   74   71   68   66   65   64   64   64   66   70
   73   77   81   87   95  105  116  127  136  143  148  151  152  153  154  158
  164  173  183  193  201  207  210  210  208  206  204  201  198  193  186  177
  165  151  136  121  107   96   88   83   82   82   83   85   87   89   88   87
   83   80   78   77   82   87   89   87   70                                   
    37.5-180.0 180.0   5.0 450.0                            LAT/LON1/LON2/DLON/H
   67   74   74   81   81   82   78   76   74   74   73   73   72   72   73   75
   79   83   89   96  105  115  126  135  144  150  154  156  155  153  153  156
  163  175  188  202  214  223  227  227  224  220  217  213  209  204  197  187
  175  160  144  127  111   98   88   82   78   76   77   78   80   83   84   83
   80   77   75   74   78   83   85   84   67                                   
    35.0-180.0 180.0   5.0 450.0                            LAT/LON1/LON2/DLON/H
   62   69   70   77   78   80   78   77   77   78   79   80   79   78   78   79
   82   88   95  104  114  124  133  141  149  155  159  161  160  158  158  163
  172  187  205  222  237  246  250  249  245  239  233  228  223  217  210  200
  188  173  157  140  123  109   98   90   84   81   80   80   82   83   84   83
   80   74   72   69   72   75   77   77   62                                   
    32.5-180.0 180.0   5.0 450.0                            LAT/LON1/LON2/DLON/H
   58   62   63   69   71   73   73   74   76   79   82   84   84   83   82   82
   85   91   99  109  120  130  138  145  153  160  166  169  170  170  172  180
  194  213  234  254  270  279  282  279  272  264  256  249  242  236  228  220
  209  195  180  164  149  135  124  115  109  105  103  101  100   99   97   94
   87   79   73   68   68   68   68   69   58                                   
    30.0-180.0 180.0   5.0 450.0                            LAT/LON1/LON2/DLON/H
   57   58   56   61   62   64   64   67   71   76   81   86   87   87   85   84
   86   92  102  113  125  134  142  149  157  166  175  182  186  190  196  209
  228  252  276  297  312  320  320  314  306  295  285  276  268  261  255  247
  239  228  216  203  190  178  168  159  154  150  148  145  141  136  129  121
  110   96   86   75   71   66   66   64   57                                   
    27.5-180.0 180.0   5.0 450.0                            LAT/LON1/LON2/DLON/H
   61   58   53   55   55   55   56   58   63   69   77   83   87   88   86   85
   87   94  104  116  128  137  146  154  164  175  187  197  206  215  228  247
  272  300  327  348  361  365  362  354  343  331  320  310  302  295  290  285
  279  271  263  255  246  237  228  221  217  215  214  210  203  192  180  165
  148  129  112   95   85   75   72   67   61                                   
    25.0-180.0 180.0   5.0 450.0                            LAT/LON1/LON2/DLON/H
   73   65   56   55   52   51   50   51   55   62   69   77   83   85   85   85
   88   94  105  117  130  141  150  160  171  185  200  215  229  245  265  291
  323  355  382  401  409  409  403  393  382  370  360  350  342  337  333  330
  328  325  322  318  313  306  299  293  291  291  291  287  277  261  242  222
  198  174  151  127  111   95   90   79   73                                   
    22.5-180.0 180.0   5.0 450.0                            LAT/LON1/LON2/DLON/H
   92   81   66   61   56   52   49   49   51   56   63   70   76   80   82   83
   87   94  105  118  131  144  155  167  180  196  214  234  254  277  304  337
  373  406  431  446  450  446  437  427  417  408  400  393  387  384  382  382
  383  384  384  384  381  375  368  363  362  364  366  362  350  330  305  279
  251  223  195  167  147  126  117  102   92                                   
    20.0-180.0 180.0   5.0 450.0                            LAT/LON1/LON2/DLON/H
  118  105   85   75   67   59   56   53   53   55   59   64   70   75   78   81
   86   94  105  119  133  147  160  173  189  208  229  253  278  307  341  378
  415  446  467  476  476  470  461  453  447  442  438  435  433  432  432  434
  437  439  440  439  435  427  418  410  408  411  415  413  401  379  352  324
  294  266  236  207  184  160  149  131  118                                   
    17.5-180.0 180.0   5.0 450.0                            LAT/LON1/LON2/DLON/H
  146  132  110   96   85   73   68   63   60   59   60   62   66   70   74   78
   85   94  106  120  135  150  164  180  198  220  245  272  302  335  371  408
  442  469  485  490  487  481  474  470  469  470  471  473  474  475  477  480
  481  480  477  472  464  451  437  424  418  420  425  425  415  395  369  343
  316  291  263  236  213  191  178  160  146                                   
    15.0-180.0 180.0   5.0 450.0                            LAT/LON1/LON2/DLON/H
  167  158  136  119  105   91   85   78   72   68   64   63   65   68   72   77
   85   95  108  123  139  154  170  188  210  235  262  292  323  357  391  425
  454  475  487  489  486  482  479  480  484  491  498  503  507  510  512  512
  509  503  494  484  469  451  429  409  397  395  398  399  392  375  353  331
  310  292  269  248  228  210  199  181  167                                   
    12.5-180.0 180.0   5.0 450.0                            LAT/LON1/LON2/DLON/H
  178  174  156  139  125  110  104   95   86   78   71   67   67   68   72   78
   87   98  112  128  144  161  179  199  224  252  282  313  343  373  403  431
  455  470  479  480  479  478  481  487  497  509  519  527  532  534  534  530
  522  511  497  481  462  437  408  380  360  351  350  350  343  329  312  296
  281  270  255  241  227  214  206  190  178                                   
    10.0-180.0 180.0   5.0 450.0                            LAT/LON1/LON2/DLON/H
  177  178  166  151  141  126  121  112  101   90   80   73   70   71   74   80
   90  103  119  136  153  171  191  214  242  273  304  334  362  387  410  431
  449  461  467  471  473  478  486  497  511  525  537  545  549  549  546  538
  526  511  493  474  451  422  387  352  324  307  300  296  288  276  262  251
  241  236  228  220  212  205  201  186  177                                   
     7.5-180.0 180.0   5.0 450.0                            LAT/LON1/LON2/DLON/H
  168  173  166  154  149  137  134  124  113  101   89   81   76   75   78   84
   94  109  128  147  166  186  208  234  264  297  329  357  380  399  415  430
