data/edconvlstm_nd/pred0300.15i
     1.0            IONOSPHERE MAPS     GNSS                IONEX VERSION / TYPE
pyspatialgeodesy        IME             05-JAN-18 20:20     PGM / RUN BY / DATE 
Map Name                                                    COMMENT             
Predicted global ionosphere maps (GIM).                     DESCRIPTION         
  2015     1    30     0     0     0                        EPOCH OF FIRST MAP  
  2015     1    31     0     0     0                        EPOCH OF LAST MAP   
  7200                                                      INTERVAL            
    13                                                      # OF MAPS IN FILE   
  NONE                                                      MAPPING FUNCTION    
10.0                                                        ELEVATION CUTOFF    
One-way carrier phase leveled to code                       OBSERVABLES USED    
  6371.0                                                    BASE RADIUS         
 2                                                          MAP DIMENSION       
   450.0 450.0   0.0                                        HGT1 / HGT2 / DHGT  
    87.5 -87.5  -2.5                                        LAT1 / LAT2 / DLAT  
  -180.0 180.0   5.0                                        LON1 / LON2 / DLON  
    -1                                                      EXPONENT            
                                                            END OF HEADER       
[from data line 4290]
    11                                                      START OF TEC MAP    
  2015     1    30    20     0     0                        EPOCH OF CURRENT MAP
    87.5-180.0 180.0   5.0 450.0                            LAT/LON1/LON2/DLON/H
  101   97   88   91   95   92   92   89   91   94   95   98  101  104  106  109
  112  115  117  119  121  123  125  126  127  127  128  128  128  127  126  125
  124  123  121  120  118  117  115  114  112  111  110  109  108  108  107  107
  107  106  106  106  106  105  105  104  104  103  102  102  101  100   99   97
   96   95   91   88   94   93  108  110  101                                   
    85.0-180.0 180.0   5.0 450.0                            LAT/LON1/LON2/DLON/H
  102   94  100   83   81   85   84   87   88   92   94   98  101  105  109  113
  117  121  125  128  131  133  136  138  139  140  141  141  141  140  139  138
  136  134  132  130  127  125  122  120  118  116  114  113  112  111  110  110
  109  109  109  109  109  109  108  108  107  107  106  105  104  103  102  100
   99   97   92   87   88   88   92   91  102                                   
    82.5-180.0 180.0   5.0 450.0                            LAT/LON1/LON2/DLON/H
   78   75   74   66   67   70   73   73   76   79   84   89   94  100  107  113
  119  125  130  135  140  144  148  151  154  156  157  158  158  157  155  153
  150  147  143  139  135  131  127  123  120  117  114  112  110  109  109  108
  108  108  108  109  109  109  109  109  108  108  107  106  104  103  101   98
   97   93   88   85   86   93   85   84   78                                   
    80.0-180.0 180.0   5.0 450.0                            LAT/LON1/LON2/DLON/H
   57   55   59   52   51   48   54   56   61   66   72   80   87   96  104  112
  120  127  133  139  145  149  154  158  161  163  165  166  166  166  164  161
  157  153  148  143  137  132  127  122  118  114  112  110  108  108  108  108
  109  110  111  112  112  113  113  113  112  111  110  109  107  105  102   99
   96   93   88   84   79   81   74   80   57                                   
    77.5-180.0 180.0   5.0 450.0                            LAT/LON1/LON2/DLON/H
   64   57   57   50   50   48   53   55   60   66   74   84   94  105  115  125
  134  142  149  155  160  165  169  174  177  181  183  185  185  185  184  181
  177  172  166  159  152  146  139  134  129  124  121  119  118  118  118  119
  121  122  124  126  127  128  128  128  127  126  124  122  120  117  114  111
  107  103   99   94   88   84   81   87   64                                   
    75.0-180.0 180.0   5.0 450.0                            LAT/LON1/LON2/DLON/H
   67   63   61   55   55   54   57   60   67   75   85   97  109  121  132  142
  150  157  162  165  168  171  173  175  178  180  182  184  185  185  184  181
  178  173  167  161  154  148  142  136  132  129  126  125  125  125  126  128
  130  132  134  136  137  137  137  136  135  133  131  129  127  124  122  119
  116  113  109  102   95   89   84   82   67                                   
    72.5-180.0 180.0   5.0 450.0                            LAT/LON1/LON2/DLON/H
   85   80   78   78   73   72   76   79   85   95  106  120  134  148  159  169
  175  180  181  181  180  179  177  176  176  176  177  178  179  179  178  176
  173  169  164  158  152  146  141  137  133  131  129  129  129  130  132  134
  136  139  141  142  143  143  142  141  139  137  135  132  130  128  126  124
  121  119  116  109  100   97   95   97   85                                   
    70.0-180.0 180.0   5.0 450.0                            LAT/LON1/LON2/DLON/H
   98   97   96   96   92   92   95  101  109  121  134  150  166  180  191  199
  204  204  202  197  190  183  177  171  166  163  161  160  159  159  158  157
  154  151  146  141  137  132  129  126  124  123  123  124  125  126  128  130
  132  134  136  137  138  137  136  135  132  130  128  126  124  122  121  120
  119  118  118  114  108  106  107  108   98                                   
    67.5-180.0 180.0   5.0 450.0                            LAT/LON1/LON2/DLON/H
  114  114  116  119  119  120  126  134  142  155  171  189  206  221  232  239
  241  238  231  221  209  196  183  171  161  153  148  144  142  140  139  138
  135  132  128  124  121  118  116  115  114  115  116  117  118  119  121  122
  124  126  127  129  129  129  128  127  125  122  120  118  117  116  116  115
  114  114  114  111  105  107  107  109  114                                   
    65.0-180.0 180.0   5.0 450.0                            LAT/LON1/LON2/DLON/H
  115  120  125  132  135  140  148  158  170  186  203  222  241  256  267  274
  274  269  259  245  228  209  190  172  156  142  132  124  119  116  114  112
  110  106  103   99   96   93   92   92   93   95   96   98   99   99  100  100
  101  102  103  105  106  106  106  106  105  103  102  101  100  100  100  100
   99  100  101  101   98  101  104  109  115                                   
    62.5-180.0 180.0   5.0 450.0                            LAT/LON1/LON2/DLON/H
  110  119  126  138  146  156  167  180  194  212  232  252  271  287  299  305
  306  300  288  272  252  229  205  181  160  141  125  114  106  101   97   94
   91   87   83   78   75   72   72   72   74   75   77   78   79   78   78   77
   77   78   79   81   82   84   86   87   87   86   86   85   85   84   84   84
   83   84   84   84   82   86   88   95  110                                   
    60.0-180.0 180.0   5.0 450.0                            LAT/LON1/LON2/DLON/H
   98  109  119  135  148  162  177  194  211  231  252  273  293  310  322  329
  330  325  313  297  275  250  223  195  169  145  126  111  101   94   89   85
   80   75   69   63   59   56   54   55   56   58   59   60   59   58   56   55
   54   53   55   57   59   62   65   68   69   70   70   70   69   68   68   67
   66   65   66   65   64   69   72   81   98                                   
    57.5-180.0 180.0   5.0 450.0                            LAT/LON1/LON2/DLON/H
   85   98  111  131  148  166  185  205  224  245  267  288  308  325  338  346
  348  344  333  317  296  271  243  214  186  160  138  121  109  100   94   88
   82   75   67   60   54   50   47   47   47   49   49   49   48   46   43   41
   39   38   39   42   45   49   53   57   60   61   62   61   60   59   58   56
   54   53   52   51   50   54   57   68   85                                   
    55.0-180.0 180.0   5.0 450.0                            LAT/LON1/LON2/DLON/H
   78   93  108  129  151  171  193  215  236  257  278  298  317  333  346  355
  359  356  347  333  313  289  263  234  206  180  158  140  127  117  110  102
   94   85   75   66   59   54   50   49   48   49   49   48   46   43   40   37
   35   34   35   37   40   45   50   54   57   59   59   59   57   55   53   51
   48   47   46   45   44   48   50   63   78                                   
    52.5-180.0 180.0   5.0 450.0                            LAT/LON1/LON2/DLON/H
   80   96  112  135  158  181  204  227  248  268  287  305  322  336  349  358
  363  362  355  342  324  303  279  254  228  204  182  165  151  141  131  122
  111  100   89   80   72   66   62   59   58   58   57   56   54   51   48   45
   43   41   41   43   46   51   55   59   62   63   63   62   60   58   56   54
   50   49   49   48   48   52   54   67   80                                   
    50.0-180.0 180.0   5.0 450.0                            LAT/LON1/LON2/DLON/H
   95  111  129  150  174  198  221  243  263  281  297  312  326  338  350  359
  363  363  357  346  331  313  293  272  250  229  209  192  178  165  152  140
  127  115  104   95   88   83   79   76   74   72   72   71   69   67   64   61
   59   58   57   58   61   64   67   70   72   72   71   69   67   65   63   62
   59   59   60   61   62   66   70   82   95                                   
    47.5-180.0 180.0   5.0 450.0                            LAT/LON1/LON2/DLON/H
  119  136  155  173  197  220  241  262  279  295  308  320  330  340  349  357
  362  362  357  347  335  320  304  287  270  251  233  216  199  182  166  150
  135  122  113  107  102   99   96   92   90   88   87   87   86   85   82   80
   79   78   77   78   79   81   83   84   84   83   81   78   76   75   74   73
   71   72   75   78   81   88   95  105  119                                   
    45.0-180.0 180.0   5.0 450.0                            LAT/LON1/LON2/DLON/H
  146  164  184  200  221  243  262  281  296  310  321  329  336  343  350  357
  361  360  356  347  337  326  313  300  286  270  252  233  212  190  168  148
  132  121  114  112  111  111  108  105  102  100   99   99   99   98   97   96
   95   95   95   95   95   96   96   96   95   93   90   87   85   85   85   85
   84   86   90   95  101  110  121  131  146                                   
    42.5-180.0 180.0   5.0 450.0                            LAT/LON1/LON2/DLON/H
  171  190  211  225  243  263  280  296  310  323  332  339  344  349  354  359
  362  360  355  348  340  331  322  311  298  282  263  241  215  187  161  138
  122  113  110  113  116  118  117  113  109  106  105  106  106  105  104  103
  103  104  105  105  105  105  105  104  102   99   96   93   92   93   94   95
   94   96  101  108  116  128  142  154  171                                   
    40.0-180.0 180.0   5.0 450.0                            LAT/LON1/LON2/DLON/H
  187  209  229  243  259  275  291  306  319  333  342  349  353  357  361  364
  365  363  358  351  345  337  329  319  306  289  268  242  212  181  152  130
  115  110  111  117  123  126  124  119  114  110  108  108  108  106  104  103
  103  104  106  106  107  107  107  107  105  102   99   97   97   99  101  102
  101  102  105  112  122  137  153  168  187                                   
    37.5-180.0 180.0   5.0 450.0                            LAT/LON1/LON2/DLON/H
  195  219  239  252  267  280  294  308  323  338  349  358  363  366  369  371
  371  368  364  358  352  345  336  324  309  291  268  241  211  180  153  134
  123  122  128  135  141  142  137  129  121  115  112  111  109  106  102   99
   98   99  101  102  103  105  106  106  105  102  100   99   99  102  104  105
  103  102  104  109  118  135  153  170  195                                   
    35.0-180.0 180.0   5.0 450.0                            LAT/LON1/LON2/DLON/H
  196  222  243  255  269  280  293  306  322  339  353  364  371  375  378  379
  378  375  372  367  362  354  343  328  310  290  269  245  219  194  174  162
  158  162  169  175  176  172  161  148  136  127  123  120  115  109  103   97
   94   94   95   97   99  101  103  104  104  102  100  100  101  103  105  105
  102   99   99  103  110  127  145  165  196                                   
    32.5-180.0 180.0   5.0 450.0                            LAT/LON1/LON2/DLON/H
  196  224  245  257  270  278  290  302  319  338  355  369  378  383  385  386
  385  382  380  377  372  362  347  329  310  292  276  261  245  231  222  221
  225  233  239  239  232  217  197  177  160  149  142  138  131  123  113  104
   98   96   95   96   98  100  102  104  104  103  102  101  102  104  105  105
  101   97   95   97  102  119  138  158  196                                   
    30.0-180.0 180.0   5.0 450.0                            LAT/LON1/LON2/DLON/H
  201  230  252  263  275  281  290  301  318  337  356  371  382  388  390  390
  389  388  387  385  379  368  350  330  313  301  295  292  292  294  301  312
  325  335  336  326  304  275  244  216  195  181  172  166  158  148  135  123
  114  109  106  104  104  105  106  108  108  108  107  106  105  106  107  106
  101   98   95   96  101  117  137  156  201                                   
    27.5-180.0 180.0   5.0 450.0                            LAT/LON1/LON2/DLON/H
  214  244  266  275  286  291  298  305  320  338  357  373  384  390  392  392
  392  391  391  390  384  371  353  334  322  320  327  342  360  382  407  432
  452  460  450  423  382  337  295  259  234  218  209  202  194  183  170  156
  144  135  128  123  120  118  117  117  116  115  114  112  111  110  110  109
  105  102  100  101  107  124  146  163  214                                   
    25.0-180.0 180.0   5.0 450.0                            LAT/LON1/LON2/DLON/H
  234  265  287  295  307  310  314  318  329  344  360  375  385  391  393  393
  393  393  394  393  387  374  356  342  339  350  374  407  445  487  528  564
  585  584  557  509  450  390  338  297  270  253  244  239  232  223  211  198
  185  173  162  153  146  139  134  130  127  125  123  121  118  116  115  114
  111  111  109  112  121  140  163  179  234                                   
    22.5-180.0 180.0   5.0 450.0                            LAT/LON1/LON2/DLON/H
  258  289  312  322  334  338  338  338  344  355  368  379  388  393  395  395
  395  396  397  395  389  377  364  357  365  390  431  481  536  592  641  677
  689  673  629  563  489  419  361  319  292  277  270  266  263  258  251  241
  229  215  202  188  176  165  155  146  140  136  132  129  125  121  119  119
  117  120  120  127  139  160  186  202  258                                   
    20.0-180.0 180.0   5.0 450.0                            LAT/LON1/LON2/DLON/H
  281  314  337  350  366  369  368  364  366  372  381  390  396  401  403  403
  403  403  403  401  394  385  378  381  402  441  495  556  619  675  719  742
  740  708  649  571  489  415  357  318  294  282  278  277  278  279  279  274
  266  254  238  222  206  190  174  161  152  145  141  136  131  125  122  121
  121  126  129  140  155  180  209  228  281                                   
    17.5-180.0 180.0   5.0 450.0                            LAT/LON1/LON2/DLON/H
  298  334  359  376  396  401  400  394  393  395  401  407  413  417  420  421
  421  420  418  414  407  400  401  415  447  497  559  622  678  721  746  750
  731  685  616  533  450  380  329  296  278  270  268  271  276  283  289  292
  289  279  264  247  229  210  191  175  162  153  147  142  135  128  123  121
  121  128  133  146  165  195  228  251  298                                   
    15.0-180.0 180.0   5.0 450.0                            LAT/LON1/LON2/DLON/H
  306  347  375  396  421  428  430  424  422  423  427  433  439  444  448  450
  451  449  445  438  431  427  435  458  500  556  616  668  705  723  724  708
  673  617  544  464  389  329  288  265  253  249  249  253  260  271  283  291
  293  287  275  260  242  223  203  185  171  161  153  146  138  129  122  119
  118  125  131  146  167  202  240  267  306                                   
    12.5-180.0 180.0   5.0 450.0                            LAT/LON1/LON2/DLON/H
  306  353  385  410  440  450  457  452  452  454  460  467  475  482  488  492
  493  491  485  476  468  467  480  510  556  610  658  689  700  692  670  635
  588  528  459  389  329  283  255  240  234  232  231  234  240  251  265  276
  281  279  271  259  245  229  211  193  178  167  158  150  140  130  122  116
  114  120  126  140  164  203  244  274  306                                   
    10.0-180.0 180.0   5.0 450.0                            LAT/LON1/LON2/DLON/H
  303  354  390  418  452  467  479  479  484  489  497  507  517  526  535  541
  545  543  536  526  517  517  533  565  609  653  682  688  673  643  604  558
  506  448  389  334  290  260  242  234  230  228  225  223  226  234  245  255
  261  261  257  250  241  229  215  200  186  174  164  154  143  132  123  116
  112  117  122  135  161  202  245  276  303                                   
     7.5-180.0 180.0   5.0 450.0                            LAT/LON1/LON2/DLON/H
  300  355  393  423  461  480  499  505  516  527  539  551  563  575  585  595
  601  601  595  584  574  574  588  617  653  681  689  673  640  597  550  500
