data/edconvlstm_nd/pred2800.15i
     1.0            IONOSPHERE MAPS     GNSS                IONEX VERSION / TYPE
pyspatialgeodesy        IME             05-JAN-18 20:20     PGM / RUN BY / DATE 
Map Name                                                    COMMENT             
Predicted global ionosphere maps (GIM).                     DESCRIPTION         
  2015    10     7     0     0     0                        EPOCH OF FIRST MAP  
  2015    10     8     0     0     0                        EPOCH OF LAST MAP   
  7200                                                      INTERVAL            
    13                                                      # OF MAPS IN FILE   
  NONE                                                      MAPPING FUNCTION    
10.0                                                        ELEVATION CUTOFF    
One-way carrier phase leveled to code                       OBSERVABLES USED    
  6371.0                                                    BASE RADIUS         
 2                                                          MAP DIMENSION       
   450.0 450.0   0.0                                        HGT1 / HGT2 / DHGT  
    87.5 -87.5  -2.5                                        LAT1 / LAT2 / DLAT  
  -180.0 180.0   5.0                                        LON1 / LON2 / DLON  
    -1                                                      EXPONENT            
                                                            END OF HEADER       
[from data line 1287]
     4                                                      START OF TEC MAP    
  2015    10     7     6     0     0                        EPOCH OF CURRENT MAP
    87.5-180.0 180.0   5.0 450.0                            LAT/LON1/LON2/DLON/H
   50   56   54   58   60   60   60   57   58   60   61   62   62   63   63   62
   62   61   60   60   59   58   57   56   55   54   53   52   52   51   51   50
   50   49   49   49   49   49   49   49   49   50   50   51   51   52   52   53
   53   53   53   53   53   53   53   52   52   51   50   50   49   48   48   48
   49   49   46   47   52   61   69   63   50                                   
    85.0-180.0 180.0   5.0 450.0                            LAT/LON1/LON2/DLON/H
   41   61   59   60   64   66   67   68   69   71   72   73   74   74   74   73
   73   72   71   70   69   67   66   65   64   63   62   61   61   60   60   59
   59   59   59   59   59   60   60   61   62   63   64   65   66   66   67   68
   68   68   68   68   67   67   66   65   64   64   63   62   61   60   58   58
   58   58   54   56   58   61   72   63   41                                   
    82.5-180.0 180.0   5.0 450.0                            LAT/LON1/LON2/DLON/H
   40   48   60   58   60   64   65   67   70   72   73   76   76   77   76   76
   74   72   71   69   67   65   63   61   59   58   57   56   55   54   54   54
   53   54   54   55   56   57   59   61   63   65   67   69   71   72   74   75
   76   76   76   76   76   75   74   72   71   69   68   66   64   62   60   59
   58   58   53   51   60   54   54   53   40                                   
    80.0-180.0 180.0   5.0 450.0                            LAT/LON1/LON2/DLON/H
   44   44   51   48   54   55   59   60   64   67   69   72   72   73   72   71
   69   67   64   62   59   57   55   53   51   50   49   48   47   47   46   46
   47   47   49   50   52   54   57   60   63   66   70   73   76   79   81   83
   84   85   85   85   84   83   82   80   78   76   74   71   69   66   63   61
   59   56   54   52   57   53   53   50   44                                   
    77.5-180.0 180.0   5.0 450.0                            LAT/LON1/LON2/DLON/H
   47   43   42   39   42   45   50   53   57   60   62   66   67   67   66   65
   63   60   57   54   52   49   46   44   42   41   39   38   38   37   37   38
   38   39   41   43   46   49   52   56   60   65   70   74   79   83   86   89
   91   92   93   93   93   91   90   88   86   83   81   78   75   71   68   65
   62   59   54   52   51   40   41   42   47                                   
    75.0-180.0 180.0   5.0 450.0                            LAT/LON1/LON2/DLON/H
   40   38   35   33   34   38   42   44   47   50   51   54   54   54   53   52
   49   47   45   42   40   38   36   35   34   33   32   32   32   32   32   33
   34   35   37   39   41   45   48   53   58   64   69   75   80   85   89   93
   95   97   97   98   97   96   95   93   90   88   85   82   79   76   73   70
   66   62   59   53   52   42   41   41   40                                   
    72.5-180.0 180.0   5.0 450.0                            LAT/LON1/LON2/DLON/H
   44   40   35   32   34   38   42   44   46   49   49   51   50   50   48   46
   44   42   40   38   36   35   34   33   32   32   31   31   32   32   33   34
   35   36   38   40   42   46   50   55   61   67   74   80   87   92   97  102
  104  107  108  108  108  107  105  103  101   98   96   93   90   87   84   82
   79   76   74   68   63   52   49   49   44                                   
    70.0-180.0 180.0   5.0 450.0                            LAT/LON1/LON2/DLON/H
   52   45   42   37   38   40   42   44   46   47   47   48   46   45   43   40
   38   37   35   34   34   33   33   33   33   33   34   34   35   35   36   37
   38   39   40   41   44   46   50   56   62   69   76   84   91   98  104  108
  112  114  116  116  116  116  114  112  110  107  104  101   98   96   93   92
   90   88   86   82   76   66   64   61   52                                   
    67.5-180.0 180.0   5.0 450.0                            LAT/LON1/LON2/DLON/H
   57   51   46   40   40   41   43   44   46   46   46   46   43   41   39   37
   35   34   33   33   34   34   34   35   35   35   36   36   37   37   37   38
   38   38   38   39   40   43   46   51   58   66   74   82   90   97  103  109
  113  116  118  120  121  121  120  118  115  111  108  104  101   98   96   95
   94   93   93   89   85   76   73   70   57                                   
    65.0-180.0 180.0   5.0 450.0                            LAT/LON1/LON2/DLON/H
   63   57   50   44   42   42   44   46   47   48   46   46   44   41   39   37
   36   35   35   36   37   37   38   39   39   39   39   39   39   39   39   38
   38   37   37   37   37   40   43   48   55   64   73   82   90   98  105  111
  116  120  124  126  129  129  129  127  123  119  114  110  105  102   99   98
   97   96   97   94   92   86   83   79   63                                   
    62.5-180.0 180.0   5.0 450.0                            LAT/LON1/LON2/DLON/H
   68   60   53   46   43   43   45   46   47   48   47   47   45   43   41   40
   39   39   39   40   40   41   42   42   42   42   42   41   40   39   38   37
   35   34   34   33   34   36   40   46   53   62   72   82   91  100  107  114
  120  126  131  136  139  141  141  139  135  130  123  117  112  107  103  101
   99   97   99   96   95   90   88   85   68                                   
    60.0-180.0 180.0   5.0 450.0                            LAT/LON1/LON2/DLON/H
   71   63   54   45   42   40   41   42   44   45   45   46   45   44   43   42
   42   41   42   42   42   43   43   43   42   41   40   39   37   35   33   31
   30   29   28   29   30   33   37   43   51   60   71   81   90   99  108  115
  123  131  138  145  151  154  155  152  148  141  133  126  119  112  107  103
  100   97   97   94   94   90   88   84   71                                   
    57.5-180.0 180.0   5.0 450.0                            LAT/LON1/LON2/DLON/H
   73   64   55   45   41   39   39   39   41   42   42   44   44   45   45   45
   44   44   43   43   43   42   42   41   40   39   37   35   33   30   28   26
   25   25   25   26   29   32   37   44   52   62   72   82   92  102  111  120
  130  140  150  159  166  170  172  169  163  156  147  139  131  124  117  111
  106  100   99   96   95   90   88   83   73                                   
    55.0-180.0 180.0   5.0 450.0                            LAT/LON1/LON2/DLON/H
   78   68   58   47   43   38   37   36   37   37   38   40   42   43   45   45
   45   44   43   42   41   40   39   38   37   35   33   31   29   26   24   22
   21   22   24   26   30   35   41   48   56   65   76   86   96  106  117  128
  139  151  163  174  183  188  189  186  179  171  162  153  146  138  131  125
  117  109  106  100   98   93   89   84   78                                   
    52.5-180.0 180.0   5.0 450.0                            LAT/LON1/LON2/DLON/H
   87   76   65   54   49   43   40   37   36   34   34   36   38   41   44   45
   44   43   41   39   37   36   35   34   34   33   31   29   27   24   22   20
   20   22   26   30   36   42   48   55   63   73   83   93  103  114  125  138
  151  165  179  191  199  204  205  201  194  184  175  167  161  155  149  142
  133  124  118  110  106   99   95   88   87                                   
    50.0-180.0 180.0   5.0 450.0                            LAT/LON1/LON2/DLON/H
   99   89   77   67   61   55   50   43   39   35   33   34   36   39   42   43
   42   40   38   36   34   34   33   33   33   32   31   30   28   25   23   22
   23   26   31   37   44   51   58   66   74   83   92  103  113  125  137  150
  165  180  194  206  214  218  217  212  204  194  185  178  173  170  165  160
  152  142  134  124  119  110  106   98   99                                   
    47.5-180.0 180.0   5.0 450.0                            LAT/LON1/LON2/DLON/H
  113  104   93   85   79   72   66   56   48   41   36   35   36   39   41   42
   40   38   35   34   33   33   33   34   34   35   35   34   32   30   27   26
   27   31   38   46   55   64   71   79   86   95  105  115  126  138  150  165
  179  194  207  218  225  227  225  219  209  199  190  184  181  180  178  175
  168  159  151  140  133  124  120  111  113                                   
    45.0-180.0 180.0   5.0 450.0                            LAT/LON1/LON2/DLON/H
  126  119  109  104   99   93   86   74   62   51   43   40   40   41   42   42
   39   37   35   34   34   35   36   37   38   39   40   40   38   36   33   32
   34   38   46   56   66   76   84   91   99  109  119  129  140  152  165  179
  193  207  218  227  232  233  229  221  210  199  190  185  183  184  185  184
  180  173  165  154  147  138  134  126  126                                   
    42.5-180.0 180.0   5.0 450.0                            LAT/LON1/LON2/DLON/H
  134  129  121  119  115  112  105   93   79   65   54   49   47   47   46   44
   41   38   37   37   39   41   43   44   45   46   46   46   44   42   39   38
   39   44   53   64   75   86   95  103  112  122  133  144  156  168  180  193
  206  218  227  234  237  236  231  222  211  200  190  185  184  185  186  187
  185  180  174  164  157  148  144  138  134                                   
    40.0-180.0 180.0   5.0 450.0                            LAT/LON1/LON2/DLON/H
  134  131  125  125  123  122  118  107   94   79   67   60   57   55   53   50
   46   44   43   45   48   50   52   52   52   52   52   51   50   47   44   43
   44   48   57   69   82   93  104  113  124  135  147  159  171  182  194  206
  217  227  234  239  241  240  235  227  216  205  195  189  186  186  187  188
  186  183  178  170  163  154  150  144  134                                   
    37.5-180.0 180.0   5.0 450.0                            LAT/LON1/LON2/DLON/H
  129  124  118  119  119  120  119  112  101   89   78   71   68   66   63   59
   55   52   53   55   59   61   61   60   58   57   56   55   53   50   47   46
   46   51   59   71   85   98  110  121  134  147  160  173  184  195  206  216
  226  235  241  246  248  248  245  239  230  220  210  202  197  194  192  191
  188  184  180  173  166  155  150  144  129                                   
    35.0-180.0 180.0   5.0 450.0                            LAT/LON1/LON2/DLON/H
  120  112  104  104  104  106  107  104   98   90   82   79   77   75   73   69
   65   63   64   67   70   71   69   66   62   60   58   56   54   52   49   47
   48   52   60   72   86  100  114  127  141  156  171  184  195  205  215  225
  234  243  250  257  262  265  265  262  256  247  238  229  221  214  207  202
  196  189  184  176  169  155  149  141  120                                   
    32.5-180.0 180.0   5.0 450.0                            LAT/LON1/LON2/DLON/H
  113   99   89   85   84   85   87   87   86   82   80   80   81   81   80   78
   75   74   75   78   79   78   74   69   65   62   60   58   56   54   51   50
   49   52   59   71   85  101  116  131  147  163  178  192  203  212  222  232
  243  253  263  273  282  290  295  296  293  287  279  270  260  249  237  226
  215  205  196  186  176  159  151  140  113                                   
    30.0-180.0 180.0   5.0 450.0                            LAT/LON1/LON2/DLON/H
  115   95   79   70   67   65   66   68   69   69   71   75   78   82   83   82
   81   81   82   83   83   81   76   71   68   65   63   61   59   57   55   53
   52   53   59   70   85  101  117  134  151  168  183  196  207  217  228  240
  253  266  281  295  310  322  331  336  337  335  329  321  310  296  280  264
  247  232  219  205  193  172  162  147  115                                   
    27.5-180.0 180.0   5.0 450.0                            LAT/LON1/LON2/DLON/H
  129  103   83   67   60   54   52   53   54   56   60   65   71   76   79   80
   81   81   82   83   81   79   76   74   73   72   70   68   65   63   60   58
   56   56   61   71   85  102  119  136  153  170  186  199  210  221  234  249
  265  283  302  322  341  358  371  379  384  385  382  376  367  352  334  314
  292  272  254  235  219  195  183  165  129                                   
    25.0-180.0 180.0   5.0 450.0                            LAT/LON1/LON2/DLON/H
  157  127  103   82   69   58   52   48   48   48   51   56   62   67   71   74
   75   77   77   77   76   75   75   78   81   82   81   78   74   70   67   64
   61   61   64   74   87  104  121  138  155  171  187  200  212  226  241  260
  281  303  327  351  373  393  408  418  426  430  432  429  423  410  392  370
  345  321  298  274  255  229  215  196  157                                   
    22.5-180.0 180.0   5.0 450.0                            LAT/LON1/LON2/DLON/H
  197  166  138  113   96   79   68   59   53   50   49   52   55   59   62   65
   67   68   68   68   68   71   77   85   92   96   95   90   84   79   76   72
   69   67   70   78   91  107  123  139  156  172  187  201  215  231  251  274
  298  324  351  378  402  422  438  449  458  465  470  473  470  462  448  427
  400  374  347  319  297  271  255  236  197                                   
    20.0-180.0 180.0   5.0 450.0                            LAT/LON1/LON2/DLON/H
  246  214  186  159  137  116  100   85   74   64   58   55   54   55   56   58
   59   60   60   60   63   70   81   95  106  111  109  103   95   89   84   80
   76   74   76   83   95  110  126  141  157  172  188  203  219  239  263  289
  317  345  374  401  425  444  457  468  477  486  494  500  503  501  492  476
  452  425  397  366  342  316  299  282  246                                   
    17.5-180.0 180.0   5.0 450.0                            LAT/LON1/LON2/DLON/H
  295  265  238  212  187  164  144  124  107   90   77   68   62   58   56   56
   56   56   55   56   62   73   90  107  120  126  123  115  105   98   92   88
   83   80   81   88   99  113  128  143  159  174  190  207  226  249  276  305
  335  364  392  418  440  456  467  475  484  493  503  512  519  523  521  511
  493  469  443  411  386  361  342  328  295                                   
    15.0-180.0 180.0   5.0 450.0                            LAT/LON1/LON2/DLON/H
  338  310  287  263  236  213  192  170  148  125  106   91   80   71   65   62
   60   59   59   61   68   83  103  122  136  140  135  125  113  104   98   93
   88   84   84   91  102  116  130  145  161  178  195  214  236  261  290  321
  351  379  406  429  447  460  467  474  481  491  501  512  521  530  534  531
  519  501  478  450  424  400  381  370  338                                   
    12.5-180.0 180.0   5.0 450.0                            LAT/LON1/LON2/DLON/H
  369  344  325  302  276  254  234  212  189  164  141  122  106   94   84   77
   74   72   71   74   83  100  120  139  151  152  144  131  118  108  102   96
   90   86   86   92  103  117  132  147  164  182  201  222  246  273  303  333
  362  389  413  433  449  458  463  468  476  485  495  505  516  527  535  538
  532  520  502  477  453  431  414  404  369                                   
    10.0-180.0 180.0   5.0 450.0                            LAT/LON1/LON2/DLON/H
  391  367  349  326  302  281  264  245  223  197  174  155  139  124  112  103
   97   94   93   97  106  122  141  156  163  160  149  134  120  110  103   97
   91   87   87   93  104  118  133  149  166  186  208  231  255  283  312  342
  369  394  415  433  446  454  458  464  472  481  491  500  509  520  530  536
  534  527  515  495  474  454  439  431  391                                   
     7.5-180.0 180.0   5.0 450.0                            LAT/LON1/LON2/DLON/H
  407  385  364  338  315  294  279  263  243  221  201  185  172  158  146  136
  129  124  123  126  133  146  160  170  170  162  148  132  119  109  102   97
