data/edconvlstm_nd/pred2640.15i
     1.0            IONOSPHERE MAPS     GNSS                IONEX VERSION / TYPE
pyspatialgeodesy        IME             05-JAN-18 20:20     PGM / RUN BY / DATE 
Map Name                                                    COMMENT             
Predicted global ionosphere maps (GIM).                     DESCRIPTION         
  2015     9    21     0     0     0                        EPOCH OF FIRST MAP  
  2015     9    22     0     0     0                        EPOCH OF LAST MAP   
  7200                                                      INTERVAL            
    13                                                      # OF MAPS IN FILE   
  NONE                                                      MAPPING FUNCTION    
10.0                                                        ELEVATION CUTOFF    
One-way carrier phase leveled to code                       OBSERVABLES USED    
  6371.0                                                    BASE RADIUS         
 2                                                          MAP DIMENSION       
   450.0 450.0   0.0                                        HGT1 / HGT2 / DHGT  
    87.5 -87.5  -2.5                                        LAT1 / LAT2 / DLAT  
  -180.0 180.0   5.0                                        LON1 / LON2 / DLON  
    -1                                                      EXPONENT            
                                                            END OF HEADER       
[from data line 2145]
     6                                                      START OF TEC MAP    
  2015     9    21    10     0     0                        EPOCH OF CURRENT MAP
    87.5-180.0 180.0   5.0 450.0                            LAT/LON1/LON2/DLON/H
   74   85   86   89   90   91   89   85   86   87   87   87   87   87   87   86
   86   86   86   86   85   85   85   85   85   85   84   84   84   84   83   83
   82   82   81   80   80   79   78   77   76   75   74   73   72   71   71   70
   70   70   70   70   71   71   71   72   73   73   74   75   75   76   77   78
   79   81   80   79   84   86   97   94   74                                   
    85.0-180.0 180.0   5.0 450.0                            LAT/LON1/LON2/DLON/H
   79   96  105   95   95   98   97   97   96   97   96   96   96   96   95   95
   95   94   94   94   94   94   94   95   95   95   95   95   96   96   96   96
   95   95   94   93   92   91   89   88   86   85   83   81   80   79   78   77
   77   76   76   77   77   78   79   80   81   82   83   84   85   87   87   89
   91   93   89   87   87   92  100  100   79                                   
    82.5-180.0 180.0   5.0 450.0                            LAT/LON1/LON2/DLON/H
   81   96  105   96   95   97   97   96   96   96   95   95   94   93   92   92
   91   91   90   90   91   91   91   92   93   94   95   96   97   98   99   99
  100  100  100   99   98   97   95   93   90   88   86   83   81   79   78   77
   76   76   76   77   77   78   80   81   83   84   86   87   89   90   91   92
   94   95   92   90   92   98   95   92   81                                   
    80.0-180.0 180.0   5.0 450.0                            LAT/LON1/LON2/DLON/H
   84   91   99   93   92   90   90   89   89   89   87   86   85   84   83   82
   81   80   80   81   81   82   83   85   86   88   90   92   95   97  100  102
  104  105  106  106  105  103  101   98   95   92   88   85   82   80   78   76
   75   75   75   75   76   77   79   81   82   84   86   88   89   90   91   92
   93   93   92   90   90   97  100   95   84                                   
    77.5-180.0 180.0   5.0 450.0                            LAT/LON1/LON2/DLON/H
   86   89   91   87   84   85   84   83   82   80   77   77   75   74   73   72
   71   71   71   72   73   74   76   78   80   83   86   90   93   97  102  106
  109  113  115  116  116  115  112  109  105  101   97   93   89   86   84   82
   81   80   80   81   81   82   84   85   87   89   90   92   93   93   93   93
   93   91   89   88   86   86   89   89   86                                   
    75.0-180.0 180.0   5.0 450.0                            LAT/LON1/LON2/DLON/H
   76   80   78   77   75   76   74   71   69   68   64   63   61   60   59   59
   58   58   59   59   61   63   65   68   71   74   78   82   87   93   98  104
  110  115  120  123  124  124  122  119  115  110  106  102   99   96   94   92
   91   90   89   89   89   89   89   90   91   92   94   95   95   95   93   92
   90   87   83   78   78   77   79   76   76                                   
    72.5-180.0 180.0   5.0 450.0                            LAT/LON1/LON2/DLON/H
   71   73   72   71   70   72   69   66   63   61   57   56   54   53   52   51
   51   51   51   52   54   56   59   62   65   69   73   77   82   88   95  103
  111  118  125  130  134  135  134  132  128  125  121  118  115  113  112  111
  109  108  106  103  101   99   98   97   98   98   99   99   99   98   96   93
   90   85   81   75   72   70   70   71   71                                   
    70.0-180.0 180.0   5.0 450.0                            LAT/LON1/LON2/DLON/H
   69   68   69   69   68   68   64   61   58   55   51   50   48   47   46   45
   45   44   45   46   47   50   53   56   60   63   67   70   75   81   88   97
  107  117  126  134  139  142  143  142  140  137  135  134  133  132  132  131
  129  126  122  118  113  108  105  102  101  101  102  102  102  100   98   94
   89   82   77   70   66   63   66   68   69                                   
    67.5-180.0 180.0   5.0 450.0                            LAT/LON1/LON2/DLON/H
   65   65   68   68   68   68   65   62   59   56   52   51   50   49   47   46
   45   44   44   44   46   48   51   55   58   61   63   66   69   74   81   90
  100  112  123  134  142  147  150  150  150  149  149  149  150  151  152  151
  149  144  138  131  123  116  110  106  103  103  103  103  103  102   99   95
   89   81   75   67   62   58   59   60   65                                   
    65.0-180.0 180.0   5.0 450.0                            LAT/LON1/LON2/DLON/H
   65   66   68   70   69   70   68   65   62   59   57   56   55   54   53   51
   49   47   45   45   47   49   53   56   59   62   63   64   66   70   76   85
   96  109  123  136  146  154  159  161  163  164  166  169  171  174  175  175
  171  165  156  146  135  125  117  111  108  106  107  107  108  106  103   99
   93   84   78   68   63   59   58   60   65                                   
    62.5-180.0 180.0   5.0 450.0                            LAT/LON1/LON2/DLON/H
   66   66   69   71   70   72   69   67   65   63   62   62   62   61   60   57
   54   51   49   48   49   52   55   59   62   64   64   64   65   67   73   81
   94  108  124  139  152  162  169  173  177  180  184  188  193  196  198  196
  192  185  174  161  148  135  125  118  114  112  113  113  114  112  109  104
   98   89   82   72   65   60   59   61   66                                   
    60.0-180.0 180.0   5.0 450.0                            LAT/LON1/LON2/DLON/H
   68   67   69   69   68   69   68   66   65   64   64   65   66   66   65   62
   58   54   51   50   50   53   56   60   63   65   66   65   65   67   72   81
   94  111  128  145  160  172  180  187  192  197  202  208  213  216  217  216
  210  202  190  176  161  147  136  128  123  122  121  122  121  119  116  111
  104   95   88   78   70   63   61   62   68                                   
    57.5-180.0 180.0   5.0 450.0                            LAT/LON1/LON2/DLON/H
   70   67   68   68   65   66   65   63   63   63   64   67   68   69   68   65
   61   57   53   51   52   54   58   62   65   67   68   68   68   71   77   87
  101  119  139  158  174  187  197  205  212  218  224  230  234  237  238  235
  230  221  209  194  180  166  154  146  142  139  138  138  136  133  128  122
  115  106   99   89   80   71   67   67   70                                   
    55.0-180.0 180.0   5.0 450.0                            LAT/LON1/LON2/DLON/H
   73   69   68   65   62   61   60   59   59   60   61   64   66   67   67   65
   62   58   54   52   52   54   57   61   65   68   69   71   73   77   85   97
  113  133  154  174  192  206  217  226  233  240  246  251  255  257  256  253
  247  239  228  215  201  188  177  169  165  162  160  158  155  150  143  136
  129  120  113  102   93   82   76   74   73                                   
    52.5-180.0 180.0   5.0 450.0                            LAT/LON1/LON2/DLON/H
   78   71   68   64   59   58   56   55   55   55   57   59   61   63   63   62
   60   57   54   52   52   54   57   60   64   67   70   74   79   86   96  111
  129  151  173  194  212  227  238  247  254  261  267  272  274  274  272  269
  264  256  247  235  223  211  201  194  190  187  184  181  176  169  162  154
  145  137  130  119  108   96   87   82   78                                   
    50.0-180.0 180.0   5.0 450.0                            LAT/LON1/LON2/DLON/H
   84   76   70   66   59   57   54   52   52   52   52   54   55   57   57   57
   56   55   53   52   52   53   56   59   62   66   71   76   84   95  109  126
  147  169  193  214  232  247  258  267  274  281  286  290  291  289  286  283
  278  272  264  254  243  232  223  217  213  210  206  202  197  189  180  172
  163  155  148  137  125  111  101   94   84                                   
    47.5-180.0 180.0   5.0 450.0                            LAT/LON1/LON2/DLON/H
   91   82   75   70   62   58   55   53   52   51   50   51   51   51   52   52
   52   52   52   51   52   53   55   57   61   65   71   79   89  103  120  140
  163  186  210  232  250  264  275  284  291  298  303  305  305  302  298  294
  290  285  278  269  258  247  239  233  229  226  223  219  213  206  197  188
  180  171  164  153  141  127  115  107   91                                   
    45.0-180.0 180.0   5.0 450.0                            LAT/LON1/LON2/DLON/H
   98   90   82   76   67   63   59   56   54   52   50   50   48   48   49   49
   50   50   50   51   52   53   54   56   60   64   71   81   94  111  130  152
  176  200  223  245  263  277  288  297  305  312  317  319  317  313  308  304
  300  296  289  279  267  256  247  241  237  235  232  229  224  218  210  202
  194  185  177  166  153  139  127  118   98                                   
    42.5-180.0 180.0   5.0 450.0                            LAT/LON1/LON2/DLON/H
  103   96   88   83   74   69   64   61   59   56   54   52   50   49   49   49
   49   50   50   51   52   53   54   57   60   65   73   84   99  117  138  161
  185  209  233  254  273  287  299  308  317  324  330  331  329  324  318  314
  310  305  297  286  273  261  251  244  241  239  237  235  231  226  219  211
  203  195  186  175  161  148  135  127  103                                   
    40.0-180.0 180.0   5.0 450.0                            LAT/LON1/LON2/DLON/H
  105  100   92   87   79   74   69   66   64   62   59   57   55   54   53   53
   52   51   51   52   52   54   55   58   62   68   77   89  104  123  145  167
  191  215  239  261  280  295  307  318  327  336  342  344  341  336  330  325
  321  316  307  295  280  267  256  249  246  244  242  240  236  231  224  217
  209  200  190  178  164  150  138  130  105                                   
    37.5-180.0 180.0   5.0 450.0                            LAT/LON1/LON2/DLON/H
  104  100   92   87   79   76   72   70   69   68   66   65   63   62   61   60
   58   56   54   54   54   55   57   60   65   73   82   95  111  130  151  173
  196  220  244  266  286  303  316  328  339  349  357  359  357  351  345  341
  337  332  323  310  295  281  271  263  259  255  252  248  243  236  229  221
  212  202  191  178  163  149  137  129  104                                   
    35.0-180.0 180.0   5.0 450.0                            LAT/LON1/LON2/DLON/H
   99   96   88   82   75   72   69   69   70   71   71   72   72   73   72   70
   66   62   59   58   57   58   60   64   70   78   89  102  118  137  158  180
  202  225  249  273  294  312  328  341  354  365  374  378  376  371  366  362
  359  355  347  336  322  310  300  292  286  280  272  264  255  245  235  225
  215  203  190  176  161  145  135  126   99                                   
    32.5-180.0 180.0   5.0 450.0                            LAT/LON1/LON2/DLON/H
   94   91   83   75   68   65   64   65   68   71   74   78   81   83   83   81
   76   70   66   63   62   61   63   67   74   84   96  110  126  145  165  187
  209  232  257  281  304  324  341  357  371  384  394  399  398  394  390  388
  388  387  382  375  365  355  346  338  329  318  305  291  275  260  245  232
  219  205  192  177  161  144  134  125   94                                   
    30.0-180.0 180.0   5.0 450.0                            LAT/LON1/LON2/DLON/H
   92   88   79   69   62   59   58   59   64   69   74   80   86   90   92   90
   85   79   73   69   67   66   66   70   78   89  102  117  134  152  173  195
  217  241  266  292  317  339  358  374  390  404  415  421  421  419  418  419
  422  425  426  424  419  413  406  396  384  368  349  327  304  281  261  243
  227  213  199  182  165  147  137  127   92                                   
    27.5-180.0 180.0   5.0 450.0                            LAT/LON1/LON2/DLON/H
   95   90   80   69   61   57   55   56   60   65   72   79   86   92   96   95
   91   85   79   75   72   69   69   72   81   93  107  122  139  158  180  202
  226  250  277  304  330  354  374  392  409  424  435  441  443  443  445  450
  457  466  473  478  480  478  472  461  444  423  397  369  339  309  282  260
  241  226  211  194  177  157  148  136   95                                   
    25.0-180.0 180.0   5.0 450.0                            LAT/LON1/LON2/DLON/H
  104   98   89   75   66   62   59   58   60   64   70   76   83   90   95   95
   92   87   83   79   75   72   70   73   81   93  108  124  142  162  184  208
  233  259  286  315  343  368  389  408  424  439  450  457  461  464  469  478
  490  504  518  529  537  538  532  519  499  473  443  410  375  340  308  282
  261  245  230  212  195  175  164  151  104                                   
    22.5-180.0 180.0   5.0 450.0                            LAT/LON1/LON2/DLON/H
  121  113  104   88   79   74   69   66   66   67   70   74   80   85   90   91
   89   86   82   79   76   72   69   72   79   92  107  124  142  163  187  212
  238  265  294  323  352  378  400  419  435  448  459  467  473  479  487  499
  515  533  552  568  579  582  576  561  538  510  478  444  408  371  336  308
  285  269  253  236  219  198  186  172  121                                   
    20.0-180.0 180.0   5.0 450.0                            LAT/LON1/LON2/DLON/H
  142  134  125  109   98   91   86   79   76   75   75   75   78   81   84   85
   84   81   79   76   73   69   67   69   77   90  105  122  141  163  187  213
  240  268  298  328  358  384  406  424  439  451  461  470  479  488  499  513
  530  549  569  587  599  602  595  578  555  528  499  468  434  398  363  334
  311  295  279  263  245  224  210  194  142                                   
    17.5-180.0 180.0   5.0 450.0                            LAT/LON1/LON2/DLON/H
  166  158  151  134  122  113  106   97   92   87   84   80   79   79   79   79
   78   76   74   72   68   65   63   66   75   88  104  122  141  162  186  213
  240  269  299  330  360  386  408  425  438  449  459  469  480  491  504  517
  533  550  569  585  595  597  589  572  551  528  504  480  451  418  385  357
  334  319  303  287  269  248  232  215  166                                   
    15.0-180.0 180.0   5.0 450.0                            LAT/LON1/LON2/DLON/H
  188  181  176  159  146  136  127  117  109  102   96   89   84   80   78   77
   74   72   69   67   64   61   61   66   76   90  106  123  142  162  186  211
  239  268  299  331  360  385  406  423  435  445  455  466  479  492  504  516
  527  540  553  565  572  572  564  549  531  514  498  481  459  431  401  375
  353  339  323  307  288  266  248  230  188                                   
    12.5-180.0 180.0   5.0 450.0                            LAT/LON1/LON2/DLON/H
  206  199  196  180  166  154  144  134  125  118  110  101   92   86   81   78
   74   70   67   64   61   60   62   68   80   95  112  128  146  166  187  212
  238  268  299  330  358  382  402  418  431  441  452  465  479  492  503  511
  516  522  529  535  539  537  530  518  505  495  486  475  460  436  410  385
  365  351  335  318  299  276  258  239  206                                   
    10.0-180.0 180.0   5.0 450.0                            LAT/LON1/LON2/DLON/H
  217  210  209  191  178  164  154  145  137  131  123  113  103   94   88   83
   78   73   68   64   61   61   65   74   88  104  121  138  154  173  192  215
  240  269  299  329  355  377  397  413  427  440  452  467  482  495  503  507
  507  506  506  507  507  505  499  491  483  477  473  468  455  435  410  387
  368  355  339  322  303  279  260  242  217                                   
     7.5-180.0 180.0   5.0 450.0                            LAT/LON1/LON2/DLON/H
  223  216  214  195  183  167  157  149  143  138  132  124  114  104   97   91
   85   78   72   67   65   66   72   83   98  115  132  149  166  182  200  220
