data/edconvlstm_nd/pred2190.15i
     1.0            IONOSPHERE MAPS     GNSS                IONEX VERSION / TYPE
pyspatialgeodesy        IME             05-JAN-18 20:20     PGM / RUN BY / DATE 
Map Name                                                    COMMENT             
Predicted global ionosphere maps (GIM).                     DESCRIPTION         
  2015     8     7     0     0     0                        EPOCH OF FIRST MAP  
  2015     8     8     0     0     0                        EPOCH OF LAST MAP   
  7200                                                      INTERVAL            
    13                                                      # OF MAPS IN FILE   
  NONE                                                      MAPPING FUNCTION    
10.0                                                        ELEVATION CUTOFF    
One-way carrier phase leveled to code                       OBSERVABLES USED    
  6371.0                                                    BASE RADIUS         
 2                                                          MAP DIMENSION       
   450.0 450.0   0.0                                        HGT1 / HGT2 / DHGT  
    87.5 -87.5  -2.5                                        LAT1 / LAT2 / DLAT  
  -180.0 180.0   5.0                                        LON1 / LON2 / DLON  
    -1                                                      EXPONENT            
                                                            END OF HEADER       
[from data line 1716]
     5                                                      START OF TEC MAP    
  2015     8     7     8     0     0                        EPOCH OF CURRENT MAP
    87.5-180.0 180.0   5.0 450.0                            LAT/LON1/LON2/DLON/H
  133  134  132  136  138  137  135  132  134  135  135  135  135  135  135  134
  134  133  132  132  131  130  129  129  128  127  127  126  126  125  125  125
  125  125  125  125  126  126  126  126  127  127  128  128  128  129  129  129
  130  130  130  130  130  130  130  129  129  129  128  128  128  127  127  127
  127  129  127  126  131  129  135  134  133                                   
    85.0-180.0 180.0   5.0 450.0                            LAT/LON1/LON2/DLON/H
  131  137  141  139  141  143  143  143  144  145  145  145  145  145  145  144
  144  143  142  141  141  140  139  138  137  137  136  136  136  136  136  136
  136  136  137  137  138  138  139  139  140  140  141  141  142  142  142  143
  143  143  143  143  143  142  142  142  141  140  140  139  139  138  137  137
  138  139  134  133  129  130  134  136  131                                   
    82.5-180.0 180.0   5.0 450.0                            LAT/LON1/LON2/DLON/H
  131  139  141  137  137  140  140  140  142  143  143  144  144  144  143  143
  142  141  140  139  138  137  135  135  134  133  133  133  134  134  135  136
  137  139  140  141  143  144  145  147  148  149  150  151  152  153  153  154
  154  154  154  154  153  152  151  150  149  148  146  145  143  142  140  139
  138  138  133  133  131  130  127  122  131                                   
    80.0-180.0 180.0   5.0 450.0                            LAT/LON1/LON2/DLON/H
  131  135  135  134  135  136  136  138  140  141  141  142  142  142  141  140
  139  138  136  135  133  131  130  128  128  127  127  127  128  129  131  133
  135  137  139  142  144  147  149  151  153  155  157  159  160  162  163  164
  164  164  164  164  163  162  161  159  157  155  153  151  148  146  144  142
  141  139  135  135  131  132  134  124  131                                   
    77.5-180.0 180.0   5.0 450.0                            LAT/LON1/LON2/DLON/H
  132  132  132  132  132  133  133  134  136  137  137  138  138  138  138  137
  136  134  133  131  129  127  125  123  122  122  122  122  124  126  128  131
  135  139  143  147  151  154  158  161  164  167  170  173  175  177  179  181
  182  182  182  182  181  179  178  175  173  170  167  164  161  157  154  151
  148  145  139  139  136  130  130  127  132                                   
    75.0-180.0 180.0   5.0 450.0                            LAT/LON1/LON2/DLON/H
  127  130  124  126  125  127  126  126  128  129  129  130  130  130  130  130
  129  128  126  124  122  120  117  116  114  114  114  114  116  119  122  126
  131  136  141  146  151  156  161  165  169  173  177  180  184  187  189  192
  193  194  194  194  193  191  189  187  184  181  178  175  171  167  164  160
  156  153  146  140  137  132  132  126  127                                   
    72.5-180.0 180.0   5.0 450.0                            LAT/LON1/LON2/DLON/H
  125  129  123  123  122  122  121  120  121  122  122  123  123  124  125  125
  124  124  122  121  118  116  114  112  110  110  110  110  112  116  120  125
  130  136  143  149  156  161  167  172  177  181  186  190  194  198  201  204
  206  207  207  206  205  203  200  198  195  192  189  186  182  179  176  173
  169  165  158  152  144  138  135  130  125                                   
    70.0-180.0 180.0   5.0 450.0                            LAT/LON1/LON2/DLON/H
  129  129  123  121  117  114  112  110  110  110  110  111  112  113  114  115
  115  115  115  113  111  109  107  105  104  103  103  104  107  110  115  120
  127  134  141  148  155  162  168  174  179  184  190  195  200  204  208  210
  212  212  212  211  208  206  203  199  196  193  191  189  187  185  182  180
  177  173  167  161  152  146  143  138  129                                   
    67.5-180.0 180.0   5.0 450.0                            LAT/LON1/LON2/DLON/H
  131  132  125  122  116  110  106  102  101  100  100  101  102  104  105  107
  108  108  108  107  105  103  101   99   98   98   98  100  103  107  112  117
  124  131  139  146  154  161  167  174  180  186  192  197  203  207  211  213
  214  214  212  210  207  203  199  195  192  189  187  186  185  185  184  183
  181  178  173  167  159  153  149  144  131                                   
    65.0-180.0 180.0   5.0 450.0                            LAT/LON1/LON2/DLON/H
  139  140  132  126  117  109  103   97   95   93   92   93   94   96   98   99
  100  101  100  100   98   97   95   94   94   94   96   98  102  106  111  117
  124  131  139  147  154  162  169  175  182  189  195  202  207  212  215  217
  218  216  214  210  206  201  196  191  188  185  184  183  184  184  185  185
  185  183  179  175  168  164  160  154  139                                   
    62.5-180.0 180.0   5.0 450.0                            LAT/LON1/LON2/DLON/H
  147  149  141  133  121  111  103   95   91   87   85   86   87   88   90   91
   92   92   91   91   89   88   87   87   87   89   93   97  101  106  112  118
  124  131  139  147  155  162  169  177  184  192  199  206  212  217  220  221
  220  218  215  210  205  199  193  188  184  181  180  180  181  182  183  185
  185  184  182  179  174  171  168  163  147                                   
    60.0-180.0 180.0   5.0 450.0                            LAT/LON1/LON2/DLON/H
  156  158  150  140  127  115  105   95   88   83   80   79   79   80   80   81
   81   81   80   79   78   77   76   77   80   83   88   94  100  107  113  119
  125  132  139  147  155  163  170  178  186  195  203  211  217  222  224  225
  224  221  218  213  207  201  194  188  184  180  179  179  180  180  181  183
  183  183  181  180  177  176  174  169  156                                   
    57.5-180.0 180.0   5.0 450.0                            LAT/LON1/LON2/DLON/H
  164  168  160  149  136  122  110   97   88   81   76   73   72   71   71   71
   70   70   69   67   66   65   66   68   72   77   85   92  100  108  114  120
  126  133  140  148  157  165  174  182  191  200  209  217  224  229  231  232
  230  228  224  220  214  208  201  195  190  186  184  183  183  182  182  182
  182  181  180  180  179  179  177  173  164                                   
    55.0-180.0 180.0   5.0 450.0                            LAT/LON1/LON2/DLON/H
  170  175  168  157  145  131  116  102   90   80   73   68   65   63   62   61
   60   59   58   56   55   55   56   59   65   72   81   91  100  108  116  122
  128  135  142  151  160  169  178  187  197  207  216  225  232  237  240  240
  239  236  233  229  224  218  212  206  200  196  193  191  189  187  185  183
  182  181  179  179  178  179  178  174  170                                   
    52.5-180.0 180.0   5.0 450.0                            LAT/LON1/LON2/DLON/H
  174  180  174  165  153  139  124  108   95   82   72   66   60   56   54   52
   51   50   49   49   48   48   50   54   61   69   79   90  100  109  117  124
  130  137  145  155  165  175  184  194  204  214  224  234  241  246  249  249
  248  246  243  240  235  230  224  218  213  208  205  202  198  195  190  187
  184  182  179  179  178  178  178  175  174                                   
    50.0-180.0 180.0   5.0 450.0                            LAT/LON1/LON2/DLON/H
  176  182  178  170  160  147  133  115  101   86   75   66   59   54   50   47
   46   46   46   45   46   47   50   54   61   69   80   91  101  111  119  125
  132  140  149  159  170  181  192  202  212  222  233  242  250  256  259  259
  258  256  254  250  246  240  234  229  224  220  216  212  208  202  197  192
  188  185  182  181  179  179  178  175  176                                   
    47.5-180.0 180.0   5.0 450.0                            LAT/LON1/LON2/DLON/H
  177  183  180  173  165  153  140  123  108   93   81   71   62   55   51   48
   46   46   47   47   49   51   54   59   65   73   82   93  103  112  120  127
  135  143  153  165  177  189  200  210  220  230  240  250  258  264  268  269
  268  266  263  258  253  247  241  236  232  228  225  220  215  209  203  198
  194  191  188  185  183  181  179  177  177                                   
    45.0-180.0 180.0   5.0 450.0                            LAT/LON1/LON2/DLON/H
  176  182  179  174  167  157  145  130  116  102   90   80   70   63   57   53
   51   51   52   54   56   59   63   68   73   80   87   96  105  114  122  129
  138  147  158  171  183  196  207  218  228  237  247  256  265  272  276  278
  277  275  271  265  259  252  246  240  236  233  230  226  220  214  209  205
  201  199  196  193  189  186  184  181  176                                   
    42.5-180.0 180.0   5.0 450.0                            LAT/LON1/LON2/DLON/H
  176  180  177  173  167  158  148  135  123  112  101   92   83   74   67   63
   60   60   61   63   66   70   75   79   83   88   94  100  108  116  124  132
  141  152  164  177  190  203  215  225  234  243  252  261  270  278  284  287
  287  284  280  273  265  258  251  246  242  238  235  230  225  219  214  211
  209  208  205  202  198  193  191  187  176                                   
    40.0-180.0 180.0   5.0 450.0                            LAT/LON1/LON2/DLON/H
  177  179  175  170  164  156  148  138  129  121  113  106   97   88   81   75
   72   71   71   73   77   81   86   90   94   97  100  105  111  119  127  136
  146  157  169  182  196  208  220  230  239  247  256  265  275  285  292  297
  298  296  292  285  278  270  263  257  253  249  244  238  232  226  221  220
  219  218  216  213  208  203  201  196  177                                   
    37.5-180.0 180.0   5.0 450.0                            LAT/LON1/LON2/DLON/H
  181  179  174  167  159  151  145  138  133  128  123  118  111  103   95   88
   83   81   80   82   85   90   96  100  103  104  106  109  115  122  131  141
  151  163  175  187  200  213  224  233  242  250  259  269  281  292  302  309
  312  313  310  306  300  293  287  282  277  271  264  256  247  239  234  232
  231  231  229  225  220  215  213  207  181                                   
    35.0-180.0 180.0   5.0 450.0                            LAT/LON1/LON2/DLON/H
  188  183  174  165  155  146  141  136  134  132  131  128  123  115  107   99
   93   89   87   88   91   97  103  108  110  111  111  114  119  126  135  146
  157  168  180  192  203  215  226  235  244  253  263  274  288  301  314  324
  331  335  336  335  333  330  326  321  315  308  297  285  273  262  254  251
  248  247  244  238  234  229  228  220  188                                   
    32.5-180.0 180.0   5.0 450.0                            LAT/LON1/LON2/DLON/H
  199  189  178  165  153  143  138  133  132  133  134  134  131  124  115  107
  100   95   92   92   95  101  108  113  116  116  116  118  123  130  140  150
  161  173  184  195  205  216  226  236  245  255  267  281  297  313  329  343
  354  362  368  373  377  378  378  375  368  358  344  327  311  295  284  276
  270  266  262  254  249  243  243  235  199                                   
    30.0-180.0 180.0   5.0 450.0                            LAT/LON1/LON2/DLON/H
  212  198  185  170  156  143  137  132  131  132  135  136  134  128  120  112
  104   99   95   95   98  104  112  118  121  121  121  123  127  134  143  153
  165  176  186  196  206  215  225  236  247  259  273  290  308  328  346  363
  378  392  404  415  425  433  437  436  429  417  400  379  358  338  322  309
  299  291  283  272  265  259  259  252  212                                   
    27.5-180.0 180.0   5.0 450.0                            LAT/LON1/LON2/DLON/H
  227  210  195  178  162  148  139  133  131  132  134  136  134  129  122  114
  107  102   98   98  101  108  116  123  126  127  126  127  130  136  144  154
  165  176  186  196  205  214  225  236  249  264  281  301  322  344  364  384
  402  420  437  455  471  485  493  495  488  475  456  433  408  385  364  346
  331  318  307  293  283  275  274  268  227                                   
    25.0-180.0 180.0   5.0 450.0                            LAT/LON1/LON2/DLON/H
  243  222  206  190  172  157  147  139  135  133  134  135  133  129  123  116
  110  106  102  102  105  112  121  128  132  132  131  130  132  136  143  152
  163  174  184  194  204  214  225  237  252  270  291  314  337  360  381  402
  422  442  463  485  505  523  535  538  533  519  500  477  452  428  404  383
  363  347  333  315  302  291  289  284  243                                   
    22.5-180.0 180.0   5.0 450.0                            LAT/LON1/LON2/DLON/H
  256  234  218  203  185  169  158  148  141  137  135  135  134  130  125  120
  115  111  108  108  112  119  127  134  138  137  134  132  131  134  139  147
  157  169  181  192  204  215  227  241  258  278  301  326  351  374  395  416
  436  457  478  500  522  540  553  558  553  541  524  504  482  459  436  413
  392  374  358  337  320  306  302  297  256                                   
    20.0-180.0 180.0   5.0 450.0                            LAT/LON1/LON2/DLON/H
  265  243  229  215  198  182  171  160  151  144  140  138  137  134  130  126
  122  119  117  116  120  126  134  140  141  139  134  130  127  128  132  140
  150  163  177  191  204  218  231  246  265  287  312  338  362  384  405  424
  443  461  480  499  517  533  545  549  546  537  525  510  494  476  455  434
  414  396  378  356  335  318  312  307  265                                   
    17.5-180.0 180.0   5.0 450.0                            LAT/LON1/LON2/DLON/H
  269  249  237  225  208  194  183  173  163  154  148  145  143  140  137  134
  131  128  126  126  128  132  138  142  142  138  131  125  121  120  124  132
  143  158  173  190  206  222  237  254  273  296  321  347  370  391  410  427
  443  458  471  484  496  507  516  519  518  513  506  499  490  478  462  445
  426  409  393  370  347  326  318  312  269                                   
    15.0-180.0 180.0   5.0 450.0                            LAT/LON1/LON2/DLON/H
  269  250  241  230  215  201  192  183  174  165  158  155  152  150  147  144
  141  138  136  134  134  137  140  142  139  133  124  117  112  111  115  124
  137  153  171  190  209  227  244  262  281  304  328  353  375  393  410  425
  439  449  457  462  467  472  476  479  479  479  478  477  476  470  460  446
  430  416  401  379  355  331  321  313  269                                   
    12.5-180.0 180.0   5.0 450.0                            LAT/LON1/LON2/DLON/H
  266  250  242  231  218  204  196  189  182  174  168  165  163  161  158  155
  152  148  145  141  138  138  138  137  132  124  115  107  102  103  109  119
  134  151  170  191  212  232  250  268  287  308  332  354  374  391  407  421
  433  440  443  442  440  439  440  441  443  446  450  454  458  457  451  441
  428  415  402  381  359  332  322  310  266                                   
    10.0-180.0 180.0   5.0 450.0                            LAT/LON1/LON2/DLON/H
  263  248  241  228  217  202  195  190  185  180  176  174  173  171  168  164
  161  156  151  145  140  136  133  129  122  114  104   97   94   96  104  117
  132  150  170  191  213  234  253  270  288  309  330  351  369  385  401  416
  429  436  436  432  426  421  419  419  421  426  432  439  444  446  442  433
  422  410  398  379  358  331  320  306  263                                   
     7.5-180.0 180.0   5.0 450.0                            LAT/LON1/LON2/DLON/H
  260  247  240  225  214  199  192  187  184  181  179  179  179  177  174  171
  166  161  155  146  138  131  125  119  111  102   94   88   87   92  102  116
