data/edconvlstm_nd/pred3580.15i
     1.0            IONOSPHERE MAPS     GNSS                IONEX VERSION / TYPE
pyspatialgeodesy        IME             05-JAN-18 20:20     PGM / RUN BY / DATE 
Map Name                                                    COMMENT             
Predicted global ionosphere maps (GIM).                     DESCRIPTION         
  2015    12    24     0     0     0                        EPOCH OF FIRST MAP  
  2015    12    25     0     0     0                        EPOCH OF LAST MAP   
  7200                                                      INTERVAL            
    13                                                      # OF MAPS IN FILE   
  NONE                                                      MAPPING FUNCTION    
10.0                                                        ELEVATION CUTOFF    
One-way carrier phase leveled to code                       OBSERVABLES USED    
  6371.0                                                    BASE RADIUS         
 2                                                          MAP DIMENSION       
   450.0 450.0   0.0                                        HGT1 / HGT2 / DHGT  
    87.5 -87.5  -2.5                                        LAT1 / LAT2 / DLAT  
  -180.0 180.0   5.0                                        LON1 / LON2 / DLON  
    -1                                                      EXPONENT            
                                                            END OF HEADER       
[from data line 1716]
     5                                                      START OF TEC MAP    
  2015    12    24     8     0     0                        EPOCH OF CURRENT MAP
    87.5-180.0 180.0   5.0 450.0                            LAT/LON1/LON2/DLON/H
   26   36   34   37   37   37   37   32   32   33   33   33   33   32   32   31
   31   31   30   30   30   29   29   29   29   30   30   30   30   31   31   31
   31   31   31   31   31   30   30   30   29   29   29   28   28   28   28   28
   27   27   27   27   27   27   27   27   26   26   26   26   26   26   26   27
   28   28   26   27   34   43   55   53   26                                   
    85.0-180.0 180.0   5.0 450.0                            LAT/LON1/LON2/DLON/H
   19   46   51   45   48   50   49   48   48   50   49   49   49   48   48   47
   46   46   45   45   45   44   44   44   44   44   44   45   45   45   45   45
   45   45   44   44   44   43   43   42   42   41   41   40   40   39   39   39
   39   38   38   38   38   38   38   38   38   38   38   39   39   39   39   40
   41   41   39   40   46   49   63   55   19                                   
    82.5-180.0 180.0   5.0 450.0                            LAT/LON1/LON2/DLON/H
   23   37   55   50   51   52   53   52   53   54   53   54   53   52   51   50
   49   47   46   45   44   43   43   43   42   42   43   43   43   44   44   44
   44   44   44   44   44   43   43   42   41   41   40   40   40   39   39   39
   39   39   38   38   38   38   38   38   38   38   38   38   38   38   38   39
   40   41   39   38   50   49   54   50   23                                   
    80.0-180.0 180.0   5.0 450.0                            LAT/LON1/LON2/DLON/H
   33   43   59   53   59   57   59   59   61   62   62   62   61   60   58   56
   53   51   49   47   46   44   43   43   42   43   43   44   44   45   45   46
   46   46   46   46   46   45   45   44   43   43   42   42   41   41   41   41
   41   41   41   41   41   41   41   40   40   40   40   40   40   40   40   41
   42   42   43   43   50   53   56   54   33                                   
    77.5-180.0 180.0   5.0 450.0                            LAT/LON1/LON2/DLON/H
   46   51   56   50   54   56   58   59   63   64   63   63   62   60   57   54
   51   48   45   43   40   39   38   37   37   37   38   39   40   41   42   43
   44   44   44   44   43   42   42   41   40   40   39   39   40   41   41   43
   44   44   45   45   46   45   45   44   44   43   42   42   41   41   41   41
   41   41   40   41   42   40   49   49   46                                   
    75.0-180.0 180.0   5.0 450.0                            LAT/LON1/LON2/DLON/H
   38   48   51   48   51   55   57   58   61   63   62   62   61   58   55   52
   48   45   42   39   37   35   34   34   34   35   36   37   39   40   42   43
   43   44   43   43   42   41   40   40   39   39   39   40   42   44   46   48
   51   53   54   55   55   55   54   53   51   50   49   48   47   46   45   44
   44   43   43   40   42   40   46   45   38                                   
    72.5-180.0 180.0   5.0 450.0                            LAT/LON1/LON2/DLON/H
   40   47   48   44   49   55   57   58   61   63   62   62   60   58   55   52
   48   45   42   39   36   35   34   34   34   35   36   38   39   41   42   43
   43   43   42   42   41   40   39   39   39   40   41   43   46   50   54   58
   62   65   67   68   68   67   65   63   60   58   56   54   52   51   50   49
   48   46   47   44   45   43   48   48   40                                   
    70.0-180.0 180.0   5.0 450.0                            LAT/LON1/LON2/DLON/H
   40   45   49   46   50   53   55   56   59   61   60   61   59   58   55   52
   49   46   43   40   38   37   36   36   37   38   39   41   42   43   43   44
   43   43   42   41   41   40   40   40   41   43   46   49   54   59   65   71
   76   80   83   84   83   81   77   74   70   66   63   60   58   56   54   53
   51   50   50   46   47   45   52   50   40                                   
    67.5-180.0 180.0   5.0 450.0                            LAT/LON1/LON2/DLON/H
   38   43   47   43   46   49   51   52   55   56   56   58   57   56   55   53
   50   47   45   42   40   39   39   39   39   40   41   42   43   43   42   42
   41   40   39   39   38   38   39   41   43   46   51   56   62   69   76   83
   89   94   97   97   95   91   86   80   75   70   66   62   59   57   54   52
   50   48   48   44   45   43   48   47   38                                   
    65.0-180.0 180.0   5.0 450.0                            LAT/LON1/LON2/DLON/H
   37   42   44   42   44   46   48   50   52   53   54   56   56   56   56   54
   53   50   48   46   44   43   43   43   44   44   45   45   44   43   42   40
   39   38   37   37   38   39   41   45   49   53   59   66   73   81   89   97
  104  110  112  112  108  102   95   88   80   74   69   65   62   58   55   52
   49   47   47   43   44   42   47   46   37                                   
    62.5-180.0 180.0   5.0 450.0                            LAT/LON1/LON2/DLON/H
   35   39   42   41   42   45   46   48   49   51   52   55   56   57   57   57
   56   54   52   50   48   47   47   47   47   47   47   46   44   42   40   38
   37   36   36   37   40   43   47   52   57   63   70   78   86   94  103  111
  119  124  126  125  120  113  105   96   87   80   74   70   65   61   56   53
   49   45   44   40   41   39   43   43   35                                   
    60.0-180.0 180.0   5.0 450.0                            LAT/LON1/LON2/DLON/H
   34   37   39   38   39   41   42   43   45   47   48   51   52   54   56   56
   56   55   53   51   49   47   47   46   46   45   44   43   41   39   36   35
   34   34   35   38   41   46   52   59   66   74   81   89   97  105  113  121
  129  134  136  135  130  122  112  103   94   87   81   76   70   65   59   53
   47   43   41   38   38   35   38   38   34                                   
    57.5-180.0 180.0   5.0 450.0                            LAT/LON1/LON2/DLON/H
   34   35   37   36   37   39   40   41   42   43   44   47   49   52   54   55
   55   54   53   50   48   46   45   45   44   43   42   40   38   36   34   32
   32   33   36   40   46   53   61   69   78   87   95  102  109  116  123  131
  138  143  145  144  140  132  123  114  106   99   94   88   82   75   67   59
   51   45   42   38   38   34   35   36   34                                   
    55.0-180.0 180.0   5.0 450.0                            LAT/LON1/LON2/DLON/H
   36   35   36   35   36   37   38   38   39   40   41   43   45   48   50   52
   53   52   51   48   46   44   43   42   41   40   38   37   35   33   32   31
   32   34   39   45   52   61   71   81   91  100  108  115  121  126  132  139
  145  150  153  153  150  143  136  128  122  116  111  105   98   89   79   70
   60   51   47   42   41   35   36   37   36                                   
    52.5-180.0 180.0   5.0 450.0                            LAT/LON1/LON2/DLON/H
   40   36   37   36   36   37   38   38   38   38   38   40   41   44   46   48
   50   49   48   46   44   42   40   39   38   37   36   35   33   32   31   31
   33   37   43   51   60   71   82   93  105  114  122  128  133  137  141  146
  152  157  161  162  160  156  150  144  139  135  130  125  117  107   95   84
   72   62   57   50   48   41   40   41   40                                   
    50.0-180.0 180.0   5.0 450.0                            LAT/LON1/LON2/DLON/H
   46   41   40   40   39   40   40   39   39   38   37   38   39   40   43   45
   46   46   46   44   42   40   39   37   37   36   35   34   33   32   32   33
   36   42   50   59   70   81   94  106  118  129  137  142  145  148  151  155
  160  165  169  171  170  167  164  159  156  152  148  143  134  124  111   99
   87   76   70   61   58   50   49   50   46                                   
    47.5-180.0 180.0   5.0 450.0                            LAT/LON1/LON2/DLON/H
   54   48   46   45   44   45   45   43   42   41   39   39   38   39   40   42
   43   44   43   42   41   39   38   37   37   36   36   35   34   34   34   35
   40   47   57   68   80   93  106  119  132  142  150  156  159  161  163  166
  170  174  178  180  180  178  174  171  168  165  161  155  146  135  123  111
   99   89   83   74   69   61   60   60   54                                   
    45.0-180.0 180.0   5.0 450.0                            LAT/LON1/LON2/DLON/H
   62   56   53   53   51   52   51   49   48   46   44   43   41   40   41   41
   42   42   42   42   41   40   39   39   39   39   39   38   37   36   36   38
   44   53   65   78   92  105  119  132  145  156  164  169  172  174  176  178
  181  184  186  188  187  185  181  178  174  170  165  159  151  140  128  118
  108   99   93   84   79   72   71   70   62                                   
    42.5-180.0 180.0   5.0 450.0                            LAT/LON1/LON2/DLON/H
   68   63   59   60   58   59   58   57   55   54   52   50   47   45   43   43
   42   42   42   43   43   43   43   42   42   42   42   42   40   38   38   40
   47   58   72   88  103  117  131  145  158  169  177  183  186  188  190  192
  194  195  196  195  194  190  186  180  175  170  164  158  149  139  129  120
  112  105  100   91   86   80   78   78   68                                   
    40.0-180.0 180.0   5.0 450.0                            LAT/LON1/LON2/DLON/H
   71   67   64   65   64   65   64   64   63   63   61   59   56   52   49   47
   46   45   45   46   47   48   48   48   47   47   47   45   43   40   39   42
   50   63   80   97  114  129  144  158  171  182  190  196  200  203  205  207
  208  207  206  204  201  196  190  183  176  169  162  155  147  138  129  122
  115  108  103   95   89   83   82   81   71                                   
    37.5-180.0 180.0   5.0 450.0                            LAT/LON1/LON2/DLON/H
   71   69   65   67   67   68   67   68   69   69   69   69   66   62   58   54
   52   51   51   52   53   54   54   53   53   52   51   49   45   42   40   43
   52   68   87  107  125  142  157  172  185  195  203  208  213  217  221  223
  223  221  219  216  212  206  199  191  182  174  166  159  152  144  136  129
  121  113  107   98   91   84   81   80   71                                   
    35.0-180.0 180.0   5.0 450.0                            LAT/LON1/LON2/DLON/H
   70   67   63   65   65   66   66   67   69   72   74   76   75   71   67   63
   60   59   59   60   61   61   60   59   57   56   54   51   48   44   42   46
   56   74   95  117  138  155  171  186  198  208  215  221  226  232  237  239
  240  238  236  233  230  226  219  211  202  192  184  178  171  164  156  147
  137  126  116  104   95   85   80   78   70                                   
    32.5-180.0 180.0   5.0 450.0                            LAT/LON1/LON2/DLON/H
   71   66   61   61   62   62   61   62   66   70   74   78   79   78   75   71
   69   68   68   68   68   67   66   64   62   60   58   55   51   47   46   51
   62   81  105  129  150  169  186  200  212  222  228  234  240  247  254  258
  260  259  258  258  257  256  252  245  237  229  221  215  210  203  194  182
  167  150  135  118  105   91   84   79   71                                   
    30.0-180.0 180.0   5.0 450.0                            LAT/LON1/LON2/DLON/H
   75   68   61   59   59   58   57   57   59   63   69   75   78   80   79   77
   76   75   75   75   74   72   70   68   66   64   61   58   55   52   52   57
   71   91  116  141  163  183  200  215  227  236  243  249  256  265  273  279
  283  284  286  290  293  296  297  294  288  282  276  272  268  261  250  234
  213  189  168  144  126  105   96   88   75                                   
    27.5-180.0 180.0   5.0 450.0                            LAT/LON1/LON2/DLON/H
   87   75   66   61   60   58   55   53   54   56   61   68   73   76   78   78
   79   80   80   79   78   76   74   72   71   69   66   63   60   58   60   66
   81  102  127  153  177  197  214  230  242  251  259  266  274  285  295  303
  308  313  319  327  336  345  350  352  350  346  343  340  337  331  318  298
  270  241  212  182  159  132  120  107   87                                   
    25.0-180.0 180.0   5.0 450.0                            LAT/LON1/LON2/DLON/H
  108   92   79   70   67   64   60   55   53   53   55   60   65   69   73   76
   78   81   81   81   79   78   77   77   76   74   72   69   66   66   68   77
   92  114  140  166  190  211  229  245  258  268  276  285  295  307  319  328
  336  344  354  367  382  396  408  414  416  415  413  412  409  402  387  364
  332  298  264  229  201  169  155  137  108                                   
    22.5-180.0 180.0   5.0 450.0                            LAT/LON1/LON2/DLON/H
  138  118  102   87   82   78   71   63   58   54   54   57   60   64   67   71
   75   78   79   79   79   79   80   82   82   80   77   74   72   73   77   87
  104  127  153  179  204  225  243  260  275  286  296  306  318  331  344  355
  365  375  389  407  427  446  462  473  478  479  478  477  473  465  448  423
  389  354  317  278  249  214  197  176  138                                   
    20.0-180.0 180.0   5.0 450.0                            LAT/LON1/LON2/DLON/H
  175  151  133  112  104   98   90   79   71   64   61   60   60   62   64   67
   71   74   75   76   77   79   83   86   88   86   83   79   78   79   86   97
  115  138  165  192  216  238  257  275  291  305  317  329  343  357  370  382
  393  406  422  443  466  489  508  521  528  530  528  525  520  510  492  467
  434  400  363  325  296  260  239  219  175                                   
    17.5-180.0 180.0   5.0 450.0                            LAT/LON1/LON2/DLON/H
  215  190  171  145  134  125  116  103   92   82   75   71   68   67   67   68
   70   72   73   74   75   79   85   90   93   92   88   84   82   85   93  106
  125  149  176  203  228  250  271  289  307  323  338  352  367  381  394  406
  417  431  449  471  494  517  537  551  558  559  556  551  544  532  515  491
  462  431  398  362  334  299  277  259  215                                   
    15.0-180.0 180.0   5.0 450.0                            LAT/LON1/LON2/DLON/H
  250  226  208  181  166  155  145  132  119  106   97   90   84   79   76   73
   73   73   73   74   76   80   87   93   96   96   91   87   85   89   98  113
  133  158  185  213  238  261  282  302  321  339  356  372  388  401  413  424
  435  448  465  485  506  528  546  559  565  565  561  553  544  532  515  495
  471  446  417  385  359  326  304  290  250                                   
    12.5-180.0 180.0   5.0 450.0                            LAT/LON1/LON2/DLON/H
  273  251  238  213  196  184  175  162  149  135  124  114  106   97   90   85
   81   79   78   77   79   83   89   96   99   98   94   89   87   91  101  117
  139  165  193  221  247  270  291  312  332  351  369  387  402  415  425  434
  444  455  469  485  503  521  537  548  554  553  547  538  527  514  500  483
  464  445  421  394  368  338  316  307  273                                   
    10.0-180.0 180.0   5.0 450.0                            LAT/LON1/LON2/DLON/H
  282  261  253  233  217  206  198  188  176  164  152  141  131  119  109  100
   93   89   86   85   85   88   94   99  102  100   96   91   89   92  103  121
  145  172  200  228  253  277  298  318  338  358  377  394  409  420  429  437
  445  454  465  478  491  506  520  530  535  534  527  517  504  491  477  463
  448  433  413  389  364  334  315  309  282                                   
     7.5-180.0 180.0   5.0 450.0                            LAT/LON1/LON2/DLON/H
  277  255  252  237  225  215  210  204  195  185  175  165  154  141  128  117
  108  102   98   96   95   97  100  103  104  102   97   92   89   93  105  124
