data/edconvlstm_nd/pred1270.15i
     1.0            IONOSPHERE MAPS     GNSS                IONEX VERSION / TYPE
pyspatialgeodesy        IME             05-JAN-18 20:20     PGM / RUN BY / DATE 
Map Name                                                    COMMENT             
Predicted global ionosphere maps (GIM).                     DESCRIPTION         
  2015     5     7     0     0     0                        EPOCH OF FIRST MAP  
  2015     5     8     0     0     0                        EPOCH OF LAST MAP   
  7200                                                      INTERVAL            
    13                                                      # OF MAPS IN FILE   
  NONE                                                      MAPPING FUNCTION    
10.0                                                        ELEVATION CUTOFF    
One-way carrier phase leveled to code                       OBSERVABLES USED    
  6371.0                                                    BASE RADIUS         
 2                                                          MAP DIMENSION       
   450.0 450.0   0.0                                        HGT1 / HGT2 / DHGT  
    87.5 -87.5  -2.5                                        LAT1 / LAT2 / DLAT  
  -180.0 180.0   5.0                                        LON1 / LON2 / DLON  
    -1                                                      EXPONENT            
                                                            END OF HEADER       
[from data line 2145]
     6                                                      START OF TEC MAP    
  2015     5     7    10     0     0                        EPOCH OF CURRENT MAP
    87.5-180.0 180.0   5.0 450.0                            LAT/LON1/LON2/DLON/H
  112  107  101  104  107  107  105  104  106  107  107  108  108  108  108  108
  108  108  108  108  108  108  107  107  107  107  107  107  108  108  108  109
  109  110  110  111  111  111  111  111  111  111  111  110  110  110  109  108
  108  107  106  105  104  103  101  100   99   98   97   96   95   94   93   93
   93   94   93   91   95   95  104  114  112                                   
    85.0-180.0 180.0   5.0 450.0                            LAT/LON1/LON2/DLON/H
   98  101  107  105  107  110  110  111  113  114  113  114  114  114  114  114
  114  114  114  114  113  113  113  112  112  112  112  113  113  114  114  115
  116  116  117  118  118  118  118  118  118  118  118  117  117  116  115  115
  114  113  112  111  110  109  107  106  105  103  102  101   99   98   97   97
   98   99   95   94   92   92   97  102   98                                   
    82.5-180.0 180.0   5.0 450.0                            LAT/LON1/LON2/DLON/H
   85   99  101  100  101  106  107  108  110  112  112  113  113  113  113  112
  112  112  111  111  111  110  110  110  110  110  111  112  113  114  116  118
  120  121  123  124  125  126  126  126  126  125  125  124  123  122  121  120
  119  118  117  116  114  113  111  109  107  105  103  101   99   97   95   94
   93   93   89   89   89   92   88   84   85                                   
    80.0-180.0 180.0   5.0 450.0                            LAT/LON1/LON2/DLON/H
   88   98  100  102  102  104  106  108  110  110  110  110  109  108  108  107
  106  105  104  103  102  101  101  100  100  101  102  104  106  109  113  116
  120  124  127  130  133  134  136  136  137  136  136  136  135  135  134  134
  133  132  132  131  130  128  127  125  122  120  117  114  112  109  105  103
  101   99   94   92   89   91   94   88   88                                   
    77.5-180.0 180.0   5.0 450.0                            LAT/LON1/LON2/DLON/H
  102  107  108  109  108  110  111  112  113  113  111  110  109  107  106  104
  103  101  100   99   97   96   96   95   95   96   98  101  105  110  116  122
  129  136  142  147  152  155  158  159  160  160  160  160  160  160  160  160
  160  160  160  160  159  159  157  156  154  151  148  145  141  137  132  128
  123  119  111  109  106  101  100   99  102                                   
    75.0-180.0 180.0   5.0 450.0                            LAT/LON1/LON2/DLON/H
  111  116  111  112  112  114  113  112  113  112  109  107  104  102  100   98
   96   94   93   91   90   88   87   87   87   88   90   94  100  107  115  125
  135  145  154  162  169  174  178  180  182  183  183  183  184  184  184  185
  186  187  187  188  188  188  187  186  185  183  180  177  173  168  163  158
  152  145  136  128  122  115  113  104  111                                   
    72.5-180.0 180.0   5.0 450.0                            LAT/LON1/LON2/DLON/H
  118  121  115  115  114  116  116  115  114  112  108  105  102   99   97   95
   93   92   91   89   88   86   85   84   83   84   87   92   99  108  119  132
  146  159  172  182  191  198  203  207  209  210  211  211  211  212  212  213
  214  214  215  216  216  216  215  214  213  211  209  206  203  199  194  188
  181  173  163  152  141  130  124  116  118                                   
    70.0-180.0 180.0   5.0 450.0                            LAT/LON1/LON2/DLON/H
  125  123  117  116  114  115  114  113  112  110  106  103   99   96   94   93
   92   91   90   89   88   86   85   83   83   83   86   92  100  111  125  141
  157  174  189  202  213  222  228  232  235  236  237  238  238  238  237  237
  237  236  235  234  233  232  231  229  228  226  225  223  221  218  214  209
  203  194  183  171  157  143  136  127  125                                   
    67.5-180.0 180.0   5.0 450.0                            LAT/LON1/LON2/DLON/H
  126  123  116  116  114  114  114  113  112  110  106  103  100   98   97   96
   96   96   96   95   93   92   90   88   87   87   89   95  104  116  132  150
  169  187  205  219  231  241  248  253  257  259  260  261  261  260  259  257
  254  251  248  245  241  238  235  232  230  229  228  227  226  225  223  220
  215  208  197  183  168  151  142  134  126                                   
    65.0-180.0 180.0   5.0 450.0                            LAT/LON1/LON2/DLON/H
  127  123  115  114  112  112  112  111  111  109  107  105  104  103  103  103
  103  103  103  102  101   99   97   95   93   93   96  102  111  125  142  162
  183  203  221  237  250  261  269  275  280  283  285  286  285  283  280  276
  270  264  258  251  244  238  233  229  226  224  224  224  224  224  224  223
  219  214  204  192  176  160  149  141  127                                   
    62.5-180.0 180.0   5.0 450.0                            LAT/LON1/LON2/DLON/H
  127  122  114  112  108  108  108  107  108  107  106  107  107  108  109  110
  111  111  110  109  107  105  103  101  100  100  103  109  119  134  152  174
  195  217  235  252  265  276  285  293  299  304  307  308  307  304  298  291
  283  274  264  254  244  236  229  224  220  218  218  218  219  220  220  220
  218  214  206  195  180  164  154  146  127                                   
    60.0-180.0 180.0   5.0 450.0                            LAT/LON1/LON2/DLON/H
  130  125  116  111  105  103  102  101  101  101  102  104  106  109  111  113
  114  114  112  110  108  106  105  104  103  105  108  115  126  142  162  184
  207  229  248  264  277  288  298  308  316  323  327  329  328  323  316  307
  296  285  273  261  249  239  231  225  221  219  218  218  218  218  218  219
  217  214  207  197  185  170  160  151  130                                   
    57.5-180.0 180.0   5.0 450.0                            LAT/LON1/LON2/DLON/H
  140  133  124  115  106  100   97   93   93   93   94   97  101  105  109  112
  113  112  110  107  105  103  103  103  105  108  113  122  134  152  173  196
  220  241  260  276  289  300  311  322  332  341  347  350  348  343  335  324
  313  300  287  275  263  253  244  238  233  230  229  228  227  226  224  223
  221  219  212  204  193  180  170  162  140                                   
    55.0-180.0 180.0   5.0 450.0                            LAT/LON1/LON2/DLON/H
  155  148  137  124  111  102   94   87   84   82   83   86   91   97  102  105
  106  105  102  100   98   97   99  101  105  111  118  129  143  162  185  209
  234  255  274  289  301  313  325  337  349  359  367  370  369  363  354  344
  332  320  308  296  285  275  267  261  256  252  249  247  245  242  238  236
  232  229  223  215  206  195  186  177  155                                   
    52.5-180.0 180.0   5.0 450.0                            LAT/LON1/LON2/DLON/H
  176  168  155  140  122  109   97   86   79   74   73   76   80   86   91   95
   96   95   93   90   89   91   94  100  107  115  125  137  154  174  198  224
  250  272  290  305  317  328  340  353  366  378  387  390  389  383  374  364
  353  342  332  322  313  304  296  290  284  280  276  273  269  264  258  254
  248  243  237  229  222  213  205  197  176                                   
    50.0-180.0 180.0   5.0 450.0                            LAT/LON1/LON2/DLON/H
  199  190  176  159  138  121  105   91   80   72   69   69   72   76   81   85
   86   86   84   83   83   86   92  101  111  122  134  148  166  188  214  241
  268  291  310  324  336  346  358  372  385  398  407  411  409  403  395  385
  375  366  358  349  341  333  325  318  312  307  302  297  292  286  279  273
  265  259  252  245  238  231  225  218  199                                   
    47.5-180.0 180.0   5.0 450.0                            LAT/LON1/LON2/DLON/H
  217  209  196  178  156  137  119  102   89   78   72   70   70   73   76   79
   80   80   79   79   81   86   95  106  119  132  146  162  181  204  230  259
  287  311  331  346  358  368  380  393  406  419  427  431  429  423  415  406
  397  389  382  374  366  358  349  340  332  324  318  312  307  301  294  287
  279  272  264  256  250  245  240  234  217                                   
    45.0-180.0 180.0   5.0 450.0                            LAT/LON1/LON2/DLON/H
  228  220  209  192  171  154  136  118  104   92   84   79   77   77   78   79
   79   79   79   80   83   90  101  115  130  145  161  177  196  219  245  275
  304  330  351  368  380  392  403  416  428  440  448  452  450  443  435  426
  418  411  403  395  386  376  364  353  341  331  322  316  311  306  300  293
  284  277  268  260  254  250  246  243  228                                   
    42.5-180.0 180.0   5.0 450.0                            LAT/LON1/LON2/DLON/H
  227  221  213  199  181  167  152  137  124  113  104   98   93   90   88   87
   86   85   85   86   90   98  110  125  142  159  175  192  210  232  258  287
  317  345  368  387  402  415  427  439  451  462  470  473  470  464  456  448
  440  433  425  415  404  391  377  361  346  332  321  312  307  303  298  291
  283  275  265  256  249  246  243  240  227                                   
    40.0-180.0 180.0   5.0 450.0                            LAT/LON1/LON2/DLON/H
  215  211  207  196  184  173  164  153  144  135  127  121  115  109  105  101
   99   97   96   97  100  108  120  136  154  172  189  205  222  242  267  295
  325  354  381  403  421  435  448  461  473  483  491  494  492  487  480  473
  465  458  450  440  428  413  396  378  358  340  324  313  306  301  296  289
  280  271  260  249  240  236  233  228  215                                   
    37.5-180.0 180.0   5.0 450.0                            LAT/LON1/LON2/DLON/H
  198  196  194  185  178  172  169  164  160  155  149  144  138  132  125  120
  115  112  110  109  111  118  130  146  164  183  200  216  232  250  272  299
  329  359  388  413  434  452  467  480  492  503  511  516  516  513  508  502
  497  491  484  475  464  450  432  412  389  367  346  331  320  312  305  297
  285  273  259  245  232  226  221  214  198                                   
    35.0-180.0 180.0   5.0 450.0                            LAT/LON1/LON2/DLON/H
  184  182  180  170  167  164  166  166  167  167  165  162  158  152  145  139
  133  128  124  122  123  128  139  155  173  192  210  225  239  255  276  300
  329  360  391  419  444  464  481  496  509  521  531  537  540  540  539  538
  536  534  531  525  517  507  492  472  448  421  396  375  359  346  335  322
  307  291  272  253  235  223  215  203  184                                   
    32.5-180.0 180.0   5.0 450.0                            LAT/LON1/LON2/DLON/H
  180  176  170  159  156  153  158  161  165  168  170  171  169  166  161  155
  149  144  138  135  134  138  148  163  181  200  217  232  245  260  278  301
  328  359  391  422  449  472  491  508  522  536  547  557  564  569  573  577
  581  585  588  590  589  585  575  559  536  507  477  450  427  407  389  370
  349  328  304  279  255  236  222  204  180                                   
    30.0-180.0 180.0   5.0 450.0                            LAT/LON1/LON2/DLON/H
  190  183  172  156  151  146  149  152  157  161  166  169  171  171  169  165
  160  155  150  146  145  148  158  172  190  208  224  238  250  264  281  303
  330  360  392  423  452  477  498  516  532  547  562  575  586  597  608  618
  630  642  654  665  673  679  678  668  648  619  585  551  520  492  464  437
  410  384  355  324  293  266  245  220  190                                   
    27.5-180.0 180.0   5.0 450.0                            LAT/LON1/LON2/DLON/H
  215  206  188  166  156  147  146  146  148  152  156  162  166  169  170  169
  167  164  160  157  156  160  169  183  199  216  231  244  256  271  288  310
  336  365  395  426  454  480  501  521  539  556  573  590  606  623  640  658
  678  698  720  741  760  776  786  784  769  741  705  666  627  588  551  515
  481  451  419  383  346  312  282  252  215                                   
    25.0-180.0 180.0   5.0 450.0                            LAT/LON1/LON2/DLON/H
  253  243  218  190  175  160  153  148  146  146  148  153  159  164  167  169
  169  169  167  166  167  172  181  194  209  223  237  250  263  279  298  320
  346  373  401  430  457  482  505  525  544  563  583  603  624  646  668  692
  718  746  775  804  832  856  873  878  868  844  809  768  723  676  632  589
  550  518  484  445  404  364  328  295  253                                   
    22.5-180.0 180.0   5.0 450.0                            LAT/LON1/LON2/DLON/H
  296  287  259  227  204  186  172  162  154  149  147  150  154  160  164  168
  170  172  173  175  178  184  194  205  218  230  242  255  269  287  309  333
  358  383  410  436  462  486  509  530  551  571  593  615  639  664  690  717
  746  776  807  839  869  895  915  925  921  902  870  830  784  735  686  640
  600  569  537  499  457  414  376  342  296                                   
    20.0-180.0 180.0   5.0 450.0                            LAT/LON1/LON2/DLON/H
  336  328  302  269  241  220  202  187  173  163  157  155  157  161  165  169
  172  176  179  182  188  195  204  214  224  234  244  257  274  295  319  344
  370  395  420  445  469  493  516  538  560  582  604  628  653  678  705  731
  758  785  812  838  864  887  905  916  916  902  875  839  796  749  702  657
  618  591  565  531  491  451  417  384  336                                   
    17.5-180.0 180.0   5.0 450.0                            LAT/LON1/LON2/DLON/H
  366  359  338  307  276  257  237  220  203  189  177  171  168  169  170  173
  176  180  184  188  195  202  211  219  226  234  244  257  276  299  326  354
  380  406  430  454  479  502  526  549  572  595  618  641  665  690  713  735
  755  773  791  807  823  837  850  858  859  850  829  799  762  721  679  637
  602  581  563  536  503  469  442  412  366                                   
    15.0-180.0 180.0   5.0 450.0                            LAT/LON1/LON2/DLON/H
  381  375  361  334  305  289  271  256  238  221  206  195  187  183  181  181
  182  185  188  192  198  205  212  218  223  230  240  255  276  302  331  360
  388  414  439  464  488  512  536  561  585  609  631  654  676  697  716  731
  742  750  755  759  762  765  768  771  771  765  751  729  700  665  628  590
  560  544  534  516  492  467  450  424  381                                   
    12.5-180.0 180.0   5.0 450.0                            LAT/LON1/LON2/DLON/H
  383  379  373  349  325  312  298  286  271  254  237  222  210  201  195  191
  189  188  189  191  196  201  207  212  217  224  236  253  276  303  333  363
  393  420  446  471  496  521  546  571  596  620  642  663  683  701  714  723
  726  724  719  712  703  694  687  682  679  674  666  653  631  602  569  534
  506  492  489  480  467  452  443  421  383                                   
    10.0-180.0 180.0   5.0 450.0                            LAT/LON1/LON2/DLON/H
  381  379  376  355  336  325  315  308  296  281  263  247  231  218  208  200
  194  190  188  187  189  193  197  202  208  217  232  252  277  305  334  365
  394  422  449  475  500  526  551  576  601  624  645  665  683  698  709  714
  712  706  695  681  664  647  632  620  613  607  601  592  576  551  520  485
  456  443  441  440  436  432  429  411  381                                   
     7.5-180.0 180.0   5.0 450.0                            LAT/LON1/LON2/DLON/H
  381  381  378  357  340  329  322  316  308  296  280  263  246  231  217  206
  196  189  183  179  179  181  185  191  199  212  230  253  279  306  335  364
