data/edconvlstm_nd/pred2130.15i
     1.0            IONOSPHERE MAPS     GNSS                IONEX VERSION / TYPE
pyspatialgeodesy        IME             05-JAN-18 20:20     PGM / RUN BY / DATE 
Map Name                                                    COMMENT             
Predicted global ionosphere maps (GIM).                     DESCRIPTION         
  2015     8     1     0     0     0                        EPOCH OF FIRST MAP  
  2015     8     2     0     0     0                        EPOCH OF LAST MAP   
  7200                                                      INTERVAL            
    13                                                      # OF MAPS IN FILE   
  NONE                                                      MAPPING FUNCTION    
10.0                                                        ELEVATION CUTOFF    
One-way carrier phase leveled to code                       OBSERVABLES USED    
  6371.0                                                    BASE RADIUS         
 2                                                          MAP DIMENSION       
   450.0 450.0   0.0                                        HGT1 / HGT2 / DHGT  
    87.5 -87.5  -2.5                                        LAT1 / LAT2 / DLAT  
  -180.0 180.0   5.0                                        LON1 / LON2 / DLON  
    -1                                                      EXPONENT            
                                                            END OF HEADER       
[from data line 1287]
     4                                                      START OF TEC MAP    
  2015     8     1     6     0     0                        EPOCH OF CURRENT MAP
    87.5-180.0 180.0   5.0 450.0                            LAT/LON1/LON2/DLON/H
  105  106  105  109  109  107  104  101  101  102  101  101  100  100   99   99
   98   97   97   96   96   96   96   95   96   96   96   96   97   97   98   98
   99  100  100  100  101  101  101  102  102  102  103  103  104  104  104  105
  105  105  106  106  106  106  106  106  106  105  105  105  104  104  103  103
  103  105  103  102  108  108  113  110  105                                   
    85.0-180.0 180.0   5.0 450.0                            LAT/LON1/LON2/DLON/H
  104  115  114  115  116  115  115  113  113  113  112  112  111  110  110  109
  108  107  106  106  105  105  105  104  104  105  105  106  106  107  108  109
  109  110  111  111  112  112  113  113  114  114  114  115  115  116  116  117
  117  118  118  119  119  119  119  119  119  119  118  118  117  117  116  116
  117  118  114  114  110  112  115  111  104                                   
    82.5-180.0 180.0   5.0 450.0                            LAT/LON1/LON2/DLON/H
  111  119  124  119  119  120  119  118  118  118  117  116  115  114  113  112
  111  109  108  107  106  105  105  104  104  105  105  106  107  108  109  111
  112  113  114  115  116  117  117  118  118  119  119  120  121  122  122  123
  124  125  126  126  127  127  127  127  126  126  125  125  124  124  123  123
  123  123  119  120  121  116  110  104  111                                   
    80.0-180.0 180.0   5.0 450.0                            LAT/LON1/LON2/DLON/H
  119  122  120  119  120  120  120  119  119  118  116  116  114  113  111  110
  108  106  105  103  101  100   99   98   98   98   99  100  102  104  106  108
  110  112  113  115  116  116  117  117  118  119  120  121  122  123  125  126
  128  129  130  131  132  132  132  132  131  131  130  129  129  128  127  127
  126  125  123  124  124  122  123  109  119                                   
    77.5-180.0 180.0   5.0 450.0                            LAT/LON1/LON2/DLON/H
  122  124  122  122  120  121  122  120  120  118  116  115  114  112  111  109
  107  105  103  101   99   97   96   95   94   94   95   96   98  101  104  107
  110  113  115  117  118  119  119  120  120  121  123  124  126  129  131  134
  136  138  139  140  141  141  141  140  139  139  138  137  136  135  134  134
  133  132  128  129  128  122  120  116  122                                   
    75.0-180.0 180.0   5.0 450.0                            LAT/LON1/LON2/DLON/H
  119  124  118  119  117  119  119  116  115  112  109  108  106  105  103  102
  101   99   97   95   92   90   88   86   85   85   85   87   89   93   96  100
  104  107  110  112  114  114  115  115  115  117  118  121  124  128  131  135
  138  140  142  143  143  142  142  141  140  139  138  138  137  137  137  137
  136  135  131  128  127  123  122  118  119                                   
    72.5-180.0 180.0   5.0 450.0                            LAT/LON1/LON2/DLON/H
  119  126  120  121  120  121  120  117  114  111  107  106  104  102  102  101
  100   99   98   96   93   90   88   85   84   83   83   85   88   91   96  101
  105  109  113  115  116  117  117  117  117  119  122  126  131  136  140  145
  148  150  151  151  151  149  148  146  145  144  143  143  143  144  144  146
  146  145  142  140  136  130  126  123  119                                   
    70.0-180.0 180.0   5.0 450.0                            LAT/LON1/LON2/DLON/H
  125  128  123  121  119  118  116  111  108  103   99   97   95   94   94   94
   95   95   94   93   90   87   84   81   79   78   78   80   82   87   91   97
  102  107  110  113  114  114  114  114  115  118  122  127  134  140  146  151
  154  155  155  153  151  149  147  144  143  142  141  142  143  144  146  149
  150  150  148  146  142  136  134  129  125                                   
    67.5-180.0 180.0   5.0 450.0                            LAT/LON1/LON2/DLON/H
  125  128  122  121  117  115  112  106  101   95   89   87   85   84   85   86
   88   89   89   88   86   83   79   76   74   73   73   75   77   82   87   92
   98  102  106  108  109  109  109  109  111  115  121  129  137  144  150  155
  157  157  155  152  149  145  142  139  137  136  136  137  139  141  144  148
  151  151  151  149  145  140  137  132  125                                   
    65.0-180.0 180.0   5.0 450.0                            LAT/LON1/LON2/DLON/H
  128  131  124  122  118  114  109  102   95   88   82   78   76   76   77   79
   82   83   84   83   81   78   75   73   71   70   70   72   75   79   84   90
   95  100  104  106  107  107  107  108  111  117  125  134  144  152  158  162
  162  161  157  153  148  144  140  137  135  134  134  135  137  140  144  149
  152  154  154  153  150  146  143  138  128                                   
    62.5-180.0 180.0   5.0 450.0                            LAT/LON1/LON2/DLON/H
  132  134  127  124  120  115  109  100   92   83   76   72   69   69   70   73
   75   77   78   77   75   72   70   68   67   67   68   71   74   78   83   88
   93   97  101  103  104  105  105  107  112  120  130  141  152  161  167  169
  168  164  159  154  149  144  141  138  136  135  135  136  138  141  145  150
  153  156  156  156  153  149  147  143  132                                   
    60.0-180.0 180.0   5.0 450.0                            LAT/LON1/LON2/DLON/H
  136  138  132  128  123  118  110   99   90   79   71   66   63   62   63   65
   67   69   69   68   66   64   62   61   61   63   66   69   73   77   81   86
   90   94   98  100  102  103  104  108  114  124  136  149  160  169  174  175
  172  167  162  156  152  148  145  144  142  141  141  141  142  144  147  151
  154  156  157  157  155  151  150  146  136                                   
    57.5-180.0 180.0   5.0 450.0                            LAT/LON1/LON2/DLON/H
  141  144  138  134  130  123  114  102   91   79   69   63   59   57   57   59
   60   61   61   59   57   55   54   54   56   60   64   69   74   78   82   86
   89   93   96   99  101  103  105  110  118  130  143  157  169  178  181  181
  178  173  167  163  160  157  156  155  154  153  152  152  152  152  153  155
  157  158  159  158  157  154  153  150  141                                   
    55.0-180.0 180.0   5.0 450.0                            LAT/LON1/LON2/DLON/H
  148  150  146  142  138  131  122  108   95   82   70   63   57   54   53   54
   55   55   54   52   50   48   47   49   53   58   64   70   76   80   84   87
   89   92   96   99  101  104  108  114  123  136  151  165  177  185  188  187
  184  179  175  173  171  170  170  170  169  168  167  165  164  162  162  162
  162  162  161  160  159  156  156  154  148                                   
    52.5-180.0 180.0   5.0 450.0                            LAT/LON1/LON2/DLON/H
  156  158  155  152  148  141  131  117  103   88   75   66   58   54   52   51
   52   51   50   48   46   45   45   47   52   59   66   73   80   84   87   89
   91   94   97  100  103  107  111  118  129  142  158  173  185  193  196  195
  192  189  187  186  186  186  186  186  186  185  183  180  178  175  173  172
  170  168  166  164  162  160  160  158  156                                   
    50.0-180.0 180.0   5.0 450.0                            LAT/LON1/LON2/DLON/H
  164  166  164  162  158  151  142  127  113   97   83   72   63   57   54   52
   52   51   50   49   47   47   48   51   56   63   71   78   85   89   92   93
   95   97   99  103  107  111  116  124  135  149  166  181  194  201  204  205
  203  202  202  202  203  203  203  202  201  199  197  194  192  188  185  183
  180  177  174  171  168  165  166  165  164                                   
    47.5-180.0 180.0   5.0 450.0                            LAT/LON1/LON2/DLON/H
  172  174  172  171  166  161  152  138  124  108   94   82   71   64   59   56
   56   55   55   54   54   54   55   59   64   70   78   85   91   96   98   99
   99  101  104  107  112  116  122  130  142  157  174  190  203  211  215  217
  218  219  220  221  220  219  218  216  213  211  209  206  204  200  197  195
  191  188  184  180  177  173  173  173  172                                   
    45.0-180.0 180.0   5.0 450.0                            LAT/LON1/LON2/DLON/H
  180  180  178  178  173  167  159  147  134  120  106   94   83   74   68   64
   63   63   63   63   64   65   68   71   76   81   87   93   99  102  104  105
  105  106  109  113  117  122  129  137  149  165  183  199  213  222  228  232
  235  238  239  239  238  235  231  228  224  221  219  217  214  212  209  207
  203  200  196  192  189  184  183  183  180                                   
    42.5-180.0 180.0   5.0 450.0                            LAT/LON1/LON2/DLON/H
  187  185  182  182  177  171  164  153  143  130  119  108   97   87   80   75
   73   72   73   75   77   79   83   86   90   94   98  102  106  109  111  112
  112  113  115  119  124  129  136  145  158  174  193  210  224  235  243  248
  253  257  259  258  255  250  245  240  237  233  231  228  226  223  221  219
  216  214  210  206  202  197  195  193  187                                   
    40.0-180.0 180.0   5.0 450.0                            LAT/LON1/LON2/DLON/H
  195  189  186  183  178  171  165  156  148  139  130  122  112  102   93   87
   84   83   84   86   90   94   99  102  105  107  109  111  113  116  117  118
  118  119  121  125  130  136  143  153  167  184  203  221  237  249  258  265
  271  275  277  275  272  267  262  258  254  251  248  244  241  237  234  233
  231  228  226  222  218  212  209  205  195                                   
    37.5-180.0 180.0   5.0 450.0                            LAT/LON1/LON2/DLON/H
  204  195  190  184  178  170  164  157  151  145  139  134  126  116  107  100
   95   93   94   97  102  108  114  119  121  121  120  120  120  122  123  123
  124  124  127  131  136  143  151  161  176  194  213  232  248  261  271  279
  286  290  292  292  290  287  284  283  281  278  274  268  263  257  252  250
  247  245  243  239  236  228  225  217  204                                   
    35.0-180.0 180.0   5.0 450.0                            LAT/LON1/LON2/DLON/H
  217  205  198  188  180  170  163  157  153  148  145  142  137  129  120  111
  105  102  102  106  112  120  128  134  136  134  130  128  126  126  127  127
  127  128  130  134  140  148  157  169  184  203  223  242  258  271  281  290
  297  303  306  309  310  312  314  317  318  315  310  302  293  283  276  271
  267  264  262  258  255  247  243  232  217                                   
    32.5-180.0 180.0   5.0 450.0                            LAT/LON1/LON2/DLON/H
  235  222  212  197  188  175  165  158  153  150  149  148  145  138  130  120
  113  109  109  113  122  133  143  149  150  146  140  135  131  129  129  129
  128  129  131  135  142  151  161  174  191  210  230  249  265  278  288  296
  304  311  318  325  332  341  350  358  362  360  354  343  329  316  305  297
  291  287  284  279  276  267  262  250  235                                   
    30.0-180.0 180.0   5.0 450.0                            LAT/LON1/LON2/DLON/H
  259  245  232  214  202  185  172  162  155  151  150  151  149  144  136  127
  119  115  115  121  132  145  157  163  163  157  149  140  134  130  128  126
  125  125  127  132  141  151  163  178  195  215  235  253  268  280  290  299
  308  317  328  341  356  373  389  402  408  408  399  386  369  353  338  327
  318  313  309  303  299  290  283  271  259                                   
    27.5-180.0 180.0   5.0 450.0                            LAT/LON1/LON2/DLON/H
  288  273  259  237  222  203  186  171  160  153  151  152  151  147  140  132
  124  120  122  130  143  159  171  177  175  167  155  144  134  127  123  119
  117  117  119  126  136  149  163  179  197  217  237  254  269  281  290  299
  309  321  337  356  379  403  425  442  450  449  440  424  406  388  372  359
  349  342  337  330  324  314  306  294  288                                   
    25.0-180.0 180.0   5.0 450.0                            LAT/LON1/LON2/DLON/H
  317  304  287  265  248  226  205  186  170  158  153  152  152  149  143  136
  129  126  130  140  156  173  186  190  185  174  159  144  131  121  114  108
  105  105  108  117  129  144  161  178  198  218  237  254  268  280  289  299
  311  326  346  371  400  429  454  473  481  479  468  453  435  418  402  390
  379  373  367  358  350  338  328  317  317                                   
    22.5-180.0 180.0   5.0 450.0                            LAT/LON1/LON2/DLON/H
  344  334  315  293  274  251  227  204  183  167  157  154  153  150  146  140
  135  134  139  151  169  187  198  200  192  177  159  142  126  112  102   95
   91   91   96  107  121  139  157  177  197  217  237  254  268  280  290  301
  314  332  356  384  416  447  472  489  495  492  481  467  452  438  426  416
  408  402  396  386  375  363  350  340  344                                   
    20.0-180.0 180.0   5.0 450.0                            LAT/LON1/LON2/DLON/H
  363  356  337  317  297  272  248  222  199  178  165  159  156  154  151  146
  142  142  149  162  180  197  207  206  194  177  156  137  118  102   90   81
   77   78   85   97  114  134  154  175  197  218  238  255  270  282  294  306
  321  340  366  395  427  455  478  491  494  489  479  468  458  449  442  436
  431  428  423  412  399  384  370  359  363                                   
    17.5-180.0 180.0   5.0 450.0                            LAT/LON1/LON2/DLON/H
  373  367  350  331  310  286  262  237  213  191  175  167  163  161  158  155
  152  152  159  171  188  203  209  205  191  171  150  129  110   92   79   70
   66   68   76   90  108  130  152  175  198  220  240  259  274  287  300  313
  329  350  375  403  431  456  473  482  482  476  468  461  455  452  451  450
  449  447  444  432  418  402  387  373  373                                   
    15.0-180.0 180.0   5.0 450.0                            LAT/LON1/LON2/DLON/H
  374  367  352  332  312  288  267  244  222  201  185  177  173  171  169  166
  164  163  167  176  189  201  204  197  182  162  141  121  102   85   71   63
   59   62   70   85  104  127  151  175  199  223  244  263  280  294  307  322
  339  360  383  408  432  451  463  468  467  461  455  451  451  452  455  458
  460  460  457  446  432  414  398  381  374                                   
    12.5-180.0 180.0   5.0 450.0                            LAT/LON1/LON2/DLON/H
  368  359  344  322  303  280  261  242  225  207  194  187  184  183  181  179
  176  173  173  177  184  190  190  182  167  149  131  113   95   80   68   60
   57   59   67   82  102  125  151  176  202  226  248  268  285  299  313  329
  347  367  389  411  430  445  455  458  456  452  448  447  450  454  458  463
  465  466  464  453  440  421  404  384  368                                   
    10.0-180.0 180.0   5.0 450.0                            LAT/LON1/LON2/DLON/H
  359  347  331  305  287  265  247  233  220  207  199  194  193  193  193  190
  186  179  174  172  173  173  170  161  148  134  120  105   91   78   68   61
   58   59   66   80   99  123  149  176  202  227  250  270  287  302  316  332
  351  371  392  412  429  443  452  457  457  454  453  453  455  459  462  465
  466  467  464  454  442  423  406  384  359                                   
     7.5-180.0 180.0   5.0 450.0                            LAT/LON1/LON2/DLON/H
  352  337  319  289  272  249  232  220  211  203  198  197  198  200  200  197
  191  182  172  163  157  153  147  139  129  119  110  100   90   80   71   64
