data/edconvlstm_nd/pred0950.15i
     1.0            IONOSPHERE MAPS     GNSS                IONEX VERSION / TYPE
pyspatialgeodesy        IME             05-JAN-18 20:20     PGM / RUN BY / DATE 
Map Name                                                    COMMENT             
Predicted global ionosphere maps (GIM).                     DESCRIPTION         
  2015     4     5     0     0     0                        EPOCH OF FIRST MAP  
  2015     4     6     0     0     0                        EPOCH OF LAST MAP   
  7200                                                      INTERVAL            
    13                                                      # OF MAPS IN FILE   
  NONE                                                      MAPPING FUNCTION    
10.0                                                        ELEVATION CUTOFF    
One-way carrier phase leveled to code                       OBSERVABLES USED    
  6371.0                                                    BASE RADIUS         
 2                                                          MAP DIMENSION       
   450.0 450.0   0.0                                        HGT1 / HGT2 / DHGT  
    87.5 -87.5  -2.5                                        LAT1 / LAT2 / DLAT  
  -180.0 180.0   5.0                                        LON1 / LON2 / DLON  
    -1                                                      EXPONENT            
                                                            END OF HEADER       
[from data line 1287]
     4                                                      START OF TEC MAP    
  2015     4     5     6     0     0                        EPOCH OF CURRENT MAP
    87.5-180.0 180.0   5.0 450.0                            LAT/LON1/LON2/DLON/H
  170  166  160  163  163  162  160  158  160  162  162  163  164  164  164  164
  164  163  162  162  161  160  160  159  159  158  158  158  158  159  159  159
  160  161  161  162  162  163  163  163  163  163  163  162  162  161  160  160
  159  158  157  156  155  155  154  154  154  154  153  153  153  153  153  153
  153  155  154  155  158  159  162  166  170                                   
    85.0-180.0 180.0   5.0 450.0                            LAT/LON1/LON2/DLON/H
  161  164  160  162  163  164  164  164  165  166  167  168  169  169  169  169
  168  167  167  166  165  164  163  162  161  161  161  161  161  161  162  163
  164  165  167  168  169  170  171  172  172  173  173  173  172  171  171  170
  169  168  167  166  165  164  164  164  164  163  164  164  164  164  164  164
  165  167  163  165  160  162  164  166  161                                   
    82.5-180.0 180.0   5.0 450.0                            LAT/LON1/LON2/DLON/H
  162  162  160  155  154  155  154  154  156  157  158  160  161  161  161  161
  160  159  157  156  154  152  150  149  148  147  146  146  146  147  148  150
  152  154  157  159  162  164  166  168  170  171  172  172  172  171  170  169
  168  167  167  166  165  165  164  165  165  165  166  166  167  167  167  168
  168  168  164  166  165  163  162  155  162                                   
    80.0-180.0 180.0   5.0 450.0                            LAT/LON1/LON2/DLON/H
  164  163  157  153  152  151  151  151  153  154  155  158  159  159  159  159
  157  155  153  150  147  144  141  139  136  135  134  133  134  135  137  140
  144  148  152  157  161  166  170  173  176  179  180  182  182  182  182  181
  180  179  178  178  177  177  177  178  179  180  181  182  183  184  185  186
  185  184  179  180  178  174  175  159  164                                   
    77.5-180.0 180.0   5.0 450.0                            LAT/LON1/LON2/DLON/H
  171  163  159  155  150  148  147  146  148  149  150  152  153  154  154  154
  152  150  147  144  140  136  132  129  125  123  121  121  121  123  127  131
  136  142  149  156  163  169  176  181  186  190  194  196  198  198  199  199
  198  197  197  196  196  196  197  198  200  202  204  206  207  208  209  210
  210  208  202  200  198  189  183  172  171                                   
    75.0-180.0 180.0   5.0 450.0                            LAT/LON1/LON2/DLON/H
  176  171  162  157  151  147  145  142  143  143  144  145  146  147  147  146
  144  141  138  134  131  126  122  118  114  111  109  109  109  111  115  120
  127  135  143  152  162  170  179  187  194  200  205  209  213  215  217  217
  218  217  217  217  216  217  217  219  220  223  225  228  230  232  233  235
  234  232  226  220  215  207  200  188  176                                   
    72.5-180.0 180.0   5.0 450.0                            LAT/LON1/LON2/DLON/H
  182  178  169  162  154  148  145  142  141  140  139  140  140  139  138  137
  135  133  130  127  124  120  116  112  109  106  103  102  102  104  108  114
  121  130  140  150  161  172  182  191  200  208  216  222  228  232  236  238
  240  240  239  239  238  237  236  237  238  239  241  243  246  247  249  251
  250  249  244  239  231  221  212  203  182                                   
    70.0-180.0 180.0   5.0 450.0                            LAT/LON1/LON2/DLON/H
  190  182  174  165  157  149  144  140  138  136  134  133  132  130  128  126
  124  122  120  118  116  113  111  108  104  101   99   97   97   98  101  107
  114  123  134  145  156  168  179  190  201  211  221  230  238  246  252  257
  259  260  260  258  256  253  250  248  247  247  248  249  250  251  252  253
  253  252  248  244  237  229  222  215  190                                   
    67.5-180.0 180.0   5.0 450.0                            LAT/LON1/LON2/DLON/H
  189  182  174  166  158  149  143  139  137  133  130  129  126  123  121  118
  116  115  114  113  112  111  109  107  105  102   99   96   95   95   97  101
  108  117  127  138  150  161  173  185  197  209  221  234  245  256  266  273
  277  279  279  276  271  266  261  256  252  249  247  246  246  245  244  245
  244  243  240  236  231  225  219  215  189                                   
    65.0-180.0 180.0   5.0 450.0                            LAT/LON1/LON2/DLON/H
  187  180  173  164  156  148  142  137  135  131  128  126  122  119  115  113
  111  109  109  109  109  109  108  107  105  103  100   96   93   92   93   96
  102  110  120  131  143  155  167  179  192  206  221  237  252  266  279  289
  296  299  299  295  289  281  272  264  258  252  248  244  241  238  235  233
  231  229  226  223  220  217  212  207  187                                   
    62.5-180.0 180.0   5.0 450.0                            LAT/LON1/LON2/DLON/H
  183  177  170  160  153  145  139  134  132  128  125  123  119  116  112  109
  107  106  105  105  105  105  106  105  104  102   98   94   91   88   87   90
   95  103  112  124  136  148  160  173  187  202  219  237  256  273  289  302
  312  317  317  314  306  297  286  276  266  259  252  246  241  236  230  226
  221  217  213  210  208  204  200  196  183                                   
    60.0-180.0 180.0   5.0 450.0                            LAT/LON1/LON2/DLON/H
  182  175  168  156  150  142  135  130  127  123  120  119  116  113  110  107
  105  103  101  100  100  100  100  100   99   97   94   90   85   82   80   81
   86   94  105  117  129  142  155  168  182  198  217  237  257  278  296  312
  325  332  334  332  325  315  304  292  282  272  265  258  251  243  236  228
  221  214  208  203  200  196  192  185  182                                   
    57.5-180.0 180.0   5.0 450.0                            LAT/LON1/LON2/DLON/H
  188  180  173  159  152  142  134  127  123  118  115  114  112  110  108  106
  104  102   99   97   95   94   94   93   93   92   89   84   80   75   73   74
   79   87   99  113  127  140  153  167  181  197  216  237  259  281  302  321
  336  347  352  352  347  338  327  316  305  296  288  281  273  264  255  245
  235  225  216  209  204  198  194  184  188                                   
    55.0-180.0 180.0   5.0 450.0                            LAT/LON1/LON2/DLON/H
  203  195  187  170  162  149  138  128  121  114  111  109  108  108  107  106
  104  102   99   95   92   90   89   89   88   87   85   81   76   72   69   70
   74   84   97  112  127  142  156  169  184  199  218  239  262  285  307  328
  346  360  369  372  370  364  355  345  335  327  319  312  305  296  285  275
  262  250  238  228  221  213  207  196  203                                   
    52.5-180.0 180.0   5.0 450.0                            LAT/LON1/LON2/DLON/H
  229  219  210  192  181  166  151  137  125  115  110  107  107  107  107  107
  106  105  101   97   93   90   89   89   89   88   86   83   78   73   70   70
   74   84   98  115  132  148  163  176  190  205  223  243  266  289  312  335
  356  373  386  393  395  391  385  377  369  361  354  348  340  331  321  310
  296  284  270  257  247  237  230  219  229                                   
    50.0-180.0 180.0   5.0 450.0                            LAT/LON1/LON2/DLON/H
  260  251  241  223  209  191  173  154  138  124  115  111  109  109  109  110
  111  110  107  104  100   97   96   96   96   96   94   90   85   80   76   75
   79   88  103  121  139  157  173  187  200  215  232  252  273  296  319  343
  365  385  401  412  417  418  414  407  401  394  387  380  372  363  353  342
  329  317  303  289  278  268  259  251  260                                   
    47.5-180.0 180.0   5.0 450.0                            LAT/LON1/LON2/DLON/H
  291  284  274  257  241  221  200  177  157  139  127  120  116  115  115  115
  117  117  117  115  113  111  111  111  111  110  108  104   98   92   87   85
   87   95  109  128  148  167  184  199  213  229  246  265  285  307  329  353
  376  398  416  429  437  439  437  432  425  418  410  401  392  381  370  360
  349  338  326  314  303  294  287  281  291                                   
    45.0-180.0 180.0   5.0 450.0                            LAT/LON1/LON2/DLON/H
  313  309  300  286  269  248  226  202  180  160  145  136  129  125  123  123
  125  127  129  130  131  131  131  132  131  129  125  120  114  107  101   97
   97  103  116  134  155  175  194  211  227  244  262  281  301  322  344  367
  390  411  430  444  452  455  454  449  442  433  422  411  398  384  371  360
  350  342  333  324  316  310  304  301  313                                   
    42.5-180.0 180.0   5.0 450.0                            LAT/LON1/LON2/DLON/H
  321  319  311  300  285  266  245  223  201  181  166  155  146  139  135  134
  135  139  144  148  151  153  155  155  153  149  144  137  129  121  114  108
  106  110  121  138  160  182  203  223  242  262  282  302  321  341  362  384
  406  427  445  459  467  470  469  464  456  445  432  416  399  382  365  351
  340  332  325  320  315  312  310  306  321                                   
    40.0-180.0 180.0   5.0 450.0                            LAT/LON1/LON2/DLON/H
  313  310  303  294  282  266  250  233  216  199  185  174  164  156  149  146
  148  153  160  167  172  176  177  177  173  167  159  150  142  133  125  118
  113  114  123  140  162  186  210  234  257  280  302  323  343  363  383  405
  426  447  464  477  486  490  490  487  479  467  452  434  413  391  369  350
  335  325  318  312  310  306  306  298  313                                   
    37.5-180.0 180.0   5.0 450.0                            LAT/LON1/LON2/DLON/H
  297  290  282  270  262  250  239  230  219  208  198  190  181  172  164  160
  161  167  176  184  191  195  197  195  190  181  171  160  150  141  132  124
  117  116  122  138  162  189  217  244  271  297  322  345  366  385  406  428
  450  471  490  504  515  522  525  525  520  510  496  478  455  429  402  377
  356  340  329  318  315  306  305  288  297                                   
    35.0-180.0 180.0   5.0 450.0                            LAT/LON1/LON2/DLON/H
  284  269  257  241  234  224  218  215  212  207  203  199  193  185  178  173
  174  181  191  200  207  210  211  208  202  192  179  167  155  146  136  126
  118  114  120  136  161  191  223  254  285  314  341  365  387  407  429  453
  478  502  523  541  557  569  579  584  584  580  570  553  531  503  472  442
  413  389  372  352  344  326  319  293  284                                   
    32.5-180.0 180.0   5.0 450.0                            LAT/LON1/LON2/DLON/H
  287  259  241  219  210  199  194  196  197  198  199  200  198  193  187  184
  186  193  203  212  218  220  220  217  210  199  186  172  159  148  138  127
  118  113  118  135  161  194  229  263  297  328  357  382  404  426  450  478
  508  538  565  590  612  633  650  663  671  673  669  658  640  613  581  545
  509  477  451  418  403  374  354  322  287                                   
    30.0-180.0 180.0   5.0 450.0                            LAT/LON1/LON2/DLON/H
  315  273  243  215  201  186  179  180  184  187  191  196  197  196  193  191
  194  202  212  220  224  226  226  223  217  206  192  177  164  152  141  130
  119  114  119  136  164  198  235  271  306  338  368  393  415  439  468  501
  538  575  611  645  677  707  734  756  773  783  786  782  769  747  717  680
  639  600  562  516  491  448  410  376  315                                   
    27.5-180.0 180.0   5.0 450.0                            LAT/LON1/LON2/DLON/H
  375  316  272  237  214  194  182  179  180  182  185  190  194  195  194  194
  198  207  216  224  228  230  230  229  224  214  200  185  171  158  147  135
  125  119  123  139  167  203  240  277  313  345  374  399  422  448  481  521
  566  612  657  700  741  782  819  851  877  895  905  907  900  885  860  826
  785  741  694  635  599  544  488  455  375                                   
    25.0-180.0 180.0   5.0 450.0                            LAT/LON1/LON2/DLON/H
  467  393  332  288  255  229  208  199  193  190  189  191  193  194  193  194
  199  208  217  225  230  233  236  236  233  223  209  193  179  167  156  144
  132  125  128  143  170  206  244  281  316  349  378  403  427  456  494  540
  591  644  697  747  797  845  890  929  962  987 1003 1011 1010 1001  983  954
  917  875  824  759  711  649  586  553  467                                   
    22.5-180.0 180.0   5.0 450.0                            LAT/LON1/LON2/DLON/H
  578  495  419  366  319  286  258  240  227  216  207  202  200  198  196  196
  200  208  217  226  233  239  244  246  242  232  216  200  186  175  164  151
  139  130  130  143  170  205  243  282  318  352  382  409  436  467  508  558
  614  671  727  782  835  885  932  974 1010 1039 1060 1072 1077 1074 1063 1041
 1011  976  929  867  812  748  692  660  578                                   
    20.0-180.0 180.0   5.0 450.0                            LAT/LON1/LON2/DLON/H
  683  602  520  460  399  360  324  300  279  260  243  229  220  213  207  203
  204  210  220  230  240  249  256  257  251  237  219  203  189  178  166  153
  139  128  127  139  165  201  240  279  318  354  388  418  448  483  526  577
  633  691  747  799  849  894  936  974 1008 1038 1062 1081 1092 1096 1092 1077
 1054 1028  992  939  885  823  784  759  683                                   
    17.5-180.0 180.0   5.0 450.0                            LAT/LON1/LON2/DLON/H
  760  687  611  549  480  436  397  368  344  319  295  273  256  241  229  219
  216  218  227  239  251  262  269  267  256  238  218  200  186  174  161  147
  132  121  120  132  158  194  234  275  316  356  395  430  465  503  547  596
  650  703  753  798  837  871  901  929  957  986 1013 1036 1054 1065 1068 1061
 1046 1028 1007  966  922  864  841  831  760                                   
    15.0-180.0 180.0   5.0 450.0                            LAT/LON1/LON2/DLON/H
  801  736  672  612  543  498  460  433  410  385  357  331  307  285  265  248
  237  235  241  252  266  277  282  276  259  236  212  193  178  165  152  138
  124  114  114  126  152  188  229  272  315  359  402  442  482  522  566  613
  661  706  746  779  804  823  838  854  874  899  927  954  978  994 1003 1003
  996  987  978  952  922  874  861  865  801                                   
    12.5-180.0 180.0   5.0 450.0                            LAT/LON1/LON2/DLON/H
  809  751  698  640  577  534  501  481  464  444  420  393  367  341  315  290
  271  261  262  270  282  292  294  283  260  232  205  184  169  156  144  131
  119  111  111  123  149  184  225  268  313  360  406  451  494  536  579  623
  664  701  731  751  762  767  768  773  786  807  835  865  891  911  923  926
  926  924  925  911  896  860  854  862  809                                   
    10.0-180.0 180.0   5.0 450.0                            LAT/LON1/LON2/DLON/H
  794  746  702  643  585  546  518  505  498  488  471  450  427  402  372  341
  314  295  288  290  297  303  301  286  259  228  200  178  163  152  141  130
  120  113  113  124  147  181  220  264  309  358  407  454  499  543  585  625
  662  693  715  727  729  725  719  716  723  742  768  797  824  844  856  860
  862  863  870  863  859  835  832  838  794                                   
     7.5-180.0 180.0   5.0 450.0                            LAT/LON1/LON2/DLON/H
  768  733  696  637  583  545  519  512  514  512  505  492  476  455  427  394
  359  332  315  308  307  307  301  284  256  225  197  176  162  151  141  132
