data/edconvlstm_nd/pred1660.15i
     1.0            IONOSPHERE MAPS     GNSS                IONEX VERSION / TYPE
pyspatialgeodesy        IME             05-JAN-18 20:20     PGM / RUN BY / DATE 
Map Name                                                    COMMENT             
Predicted global ionosphere maps (GIM).                     DESCRIPTION         
  2015     6    15     0     0     0                        EPOCH OF FIRST MAP  
  2015     6    16     0     0     0                        EPOCH OF LAST MAP   
  7200                                                      INTERVAL            
    13                                                      # OF MAPS IN FILE   
  NONE                                                      MAPPING FUNCTION    
10.0                                                        ELEVATION CUTOFF    
One-way carrier phase leveled to code                       OBSERVABLES USED    
  6371.0                                                    BASE RADIUS         
 2                                                          MAP DIMENSION       
   450.0 450.0   0.0                                        HGT1 / HGT2 / DHGT  
    87.5 -87.5  -2.5                                        LAT1 / LAT2 / DLAT  
  -180.0 180.0   5.0                                        LON1 / LON2 / DLON  
    -1                                                      EXPONENT            
                                                            END OF HEADER       
[from data line 858]
     3                                                      START OF TEC MAP    
  2015     6    15     4     0     0                        EPOCH OF CURRENT MAP
    87.5-180.0 180.0   5.0 450.0                            LAT/LON1/LON2/DLON/H
  187  184  183  184  184  180  177  174  174  174  173  173  173  172  172  171
  171  170  169  169  168  167  165  164  163  162  161  160  159  158  157  156
  156  156  155  155  155  156  156  157  158  159  160  161  162  164  165  167
  168  169  170  172  173  174  174  175  176  176  177  177  178  178  178  178
  179  181  181  182  185  183  181  182  187                                   
    85.0-180.0 180.0   5.0 450.0                            LAT/LON1/LON2/DLON/H
  189  193  189  191  193  189  188  186  186  185  184  183  183  183  182  182
  181  180  179  178  177  176  174  172  171  169  167  166  164  163  162  161
  160  160  159  159  159  160  160  161  162  163  164  166  168  170  171  173
  175  177  179  181  182  183  184  185  186  187  188  188  189  189  189  190
  191  193  191  195  190  187  188  185  189                                   
    82.5-180.0 180.0   5.0 450.0                            LAT/LON1/LON2/DLON/H
  194  201  199  194  195  192  190  188  188  187  186  186  186  186  185  185
  184  184  182  181  179  177  175  172  169  167  164  161  159  157  155  154
  153  152  151  151  151  152  152  153  155  156  158  160  163  166  169  172
  175  177  180  182  184  186  187  189  190  190  191  191  192  192  192  193
  194  195  193  197  199  191  191  181  194                                   
    80.0-180.0 180.0   5.0 450.0                            LAT/LON1/LON2/DLON/H
  197  206  197  194  194  192  191  189  189  187  186  186  186  186  186  186
  185  184  183  181  179  176  172  169  165  161  157  154  151  149  147  145
  144  144  143  144  144  145  146  147  149  152  155  158  162  166  170  174
  178  182  185  188  191  193  194  195  195  196  196  196  196  196  196  197
  197  198  196  199  202  197  202  184  197                                   
    77.5-180.0 180.0   5.0 450.0                            LAT/LON1/LON2/DLON/H
  201  207  201  198  196  193  193  190  189  186  185  185  185  185  185  185
  185  185  183  181  179  175  170  165  160  155  150  146  143  141  139  139
  139  139  140  141  142  143  145  147  149  152  156  160  165  170  176  181
  187  191  196  199  202  203  204  205  204  204  203  202  201  200  200  201
  200  202  199  201  204  198  199  190  201                                   
    75.0-180.0 180.0   5.0 450.0                            LAT/LON1/LON2/DLON/H
  202  208  200  199  196  193  192  188  187  184  182  181  180  180  180  181
  181  180  179  177  174  169  164  158  151  145  140  135  132  131  131  132
  134  136  138  140  142  144  146  148  151  154  158  163  169  175  182  188
  194  200  204  208  210  211  211  210  209  207  206  204  202  201  200  201
  200  201  200  198  200  196  197  193  202                                   
    72.5-180.0 180.0   5.0 450.0                            LAT/LON1/LON2/DLON/H
  201  209  203  201  199  195  194  190  187  184  181  179  178  177  177  177
  176  176  175  173  169  164  158  151  144  137  131  127  125  125  127  130
  135  140  144  148  151  153  155  157  160  163  168  173  179  186  193  200
  206  212  216  219  220  219  218  216  213  210  208  205  203  202  201  202
  201  203  202  202  201  196  196  193  201                                   
    70.0-180.0 180.0   5.0 450.0                            LAT/LON1/LON2/DLON/H
  205  208  204  201  199  195  193  188  186  181  178  175  173  171  169  168
  167  166  165  163  159  154  148  140  132  124  118  115  114  117  121  128
  135  142  149  154  158  161  163  165  168  171  175  181  187  194  202  208
  214  219  222  224  223  221  218  214  211  207  204  201  199  198  197  198
  198  200  201  201  201  197  200  197  205                                   
    67.5-180.0 180.0   5.0 450.0                            LAT/LON1/LON2/DLON/H
  205  208  204  201  200  195  193  188  185  180  176  173  170  166  163  161
  159  157  155  153  150  145  138  130  122  114  109  106  107  111  118  127
  136  145  153  160  165  168  171  173  176  179  184  190  197  204  211  217
  222  225  227  226  224  220  216  211  207  203  199  197  195  194  194  195
  195  198  198  199  200  197  200  200  205                                   
    65.0-180.0 180.0   5.0 450.0                            LAT/LON1/LON2/DLON/H
  205  208  204  201  199  194  192  187  184  180  176  173  169  165  160  156
  152  149  147  144  141  137  131  123  115  108  103  102  104  109  118  128
  139  149  158  165  171  175  178  181  185  190  195  202  209  215  222  227
  231  233  232  230  226  220  215  209  204  201  198  196  194  193  193  194
  194  197  198  199  201  199  203  204  205                                   
    62.5-180.0 180.0   5.0 450.0                            LAT/LON1/LON2/DLON/H
  207  210  206  203  200  195  192  187  184  180  177  174  171  166  160  154
  148  144  141  138  136  132  126  120  113  107  103  103  106  112  121  132
  142  153  161  168  174  179  184  189  195  202  209  216  224  230  235  239
  242  242  240  236  231  224  218  212  207  204  201  200  198  197  197  197
  197  199  200  201  203  202  207  210  207                                   
    60.0-180.0 180.0   5.0 450.0                            LAT/LON1/LON2/DLON/H
  210  213  209  205  202  196  191  186  183  180  177  175  172  167  161  153
  146  141  137  135  132  129  125  120  115  110  108  108  112  118  126  135
  145  153  161  167  174  180  187  195  204  214  224  232  240  246  250  254
  255  254  251  246  240  233  226  220  215  212  210  209  207  206  204  204
  203  205  205  206  207  207  212  216  210                                   
    57.5-180.0 180.0   5.0 450.0                            LAT/LON1/LON2/DLON/H
  216  219  215  211  207  199  193  186  183  179  177  176  173  169  162  154
  147  140  136  134  132  130  127  124  120  118  117  118  122  127  133  140
  146  152  158  163  170  178  188  200  214  227  239  249  257  263  267  269
  270  269  266  261  254  246  239  233  229  226  224  222  220  218  216  214
  213  213  213  213  214  215  220  225  216                                   
    55.0-180.0 180.0   5.0 450.0                            LAT/LON1/LON2/DLON/H
  225  228  224  220  215  205  198  189  184  179  177  176  174  169  163  155
  148  142  138  136  134  133  132  130  128  127  128  131  134  137  140  143
  146  149  152  158  165  175  189  205  223  240  254  266  274  280  283  286
  287  286  284  279  272  264  257  250  246  243  240  238  235  232  229  227
  224  224  224  224  224  224  230  235  225                                   
    52.5-180.0 180.0   5.0 450.0                            LAT/LON1/LON2/DLON/H
  237  240  236  232  226  216  207  197  189  183  179  177  174  170  164  156
  150  145  142  140  140  139  138  137  137  138  141  143  146  147  147  146
  145  145  147  152  161  173  190  210  231  251  268  280  289  295  299  302
  304  305  303  299  292  285  276  269  264  260  256  253  250  246  242  239
  237  237  237  236  236  236  241  247  237                                   
    50.0-180.0 180.0   5.0 450.0                            LAT/LON1/LON2/DLON/H
  251  253  250  247  241  231  222  210  200  191  185  180  176  170  164  158
  152  149  147  147  147  147  146  146  147  149  152  155  156  155  152  148
  144  143  144  150  159  174  193  216  240  262  279  292  301  307  312  317
  321  323  323  320  314  305  296  288  281  275  270  266  262  257  253  251
  250  251  251  251  250  249  254  259  251                                   
    47.5-180.0 180.0   5.0 450.0                            LAT/LON1/LON2/DLON/H
  267  267  264  263  258  249  240  227  216  204  194  187  179  172  165  159
  155  154  154  155  156  156  155  155  156  159  162  164  164  161  155  150
  145  144  146  151  161  177  198  222  247  270  288  301  310  317  323  330
  336  340  342  339  333  324  314  303  294  287  281  276  271  267  263  262
  262  264  266  266  265  264  268  272  267                                   
    45.0-180.0 180.0   5.0 450.0                            LAT/LON1/LON2/DLON/H
  282  281  278  277  274  267  259  247  235  221  208  196  185  175  167  161
  158  158  160  163  165  165  164  164  165  167  170  171  169  164  158  152
  149  149  152  158  168  183  204  229  254  277  294  307  316  324  332  341
  349  355  357  356  350  340  329  317  306  297  290  284  279  275  272  273
  274  278  281  281  280  279  282  286  282                                   
    42.5-180.0 180.0   5.0 450.0                            LAT/LON1/LON2/DLON/H
  298  294  290  289  288  283  277  266  254  239  223  208  193  180  169  163
  161  163  167  171  173  174  173  173  174  176  177  176  172  167  161  157
  156  158  162  169  178  192  212  235  260  282  299  311  320  329  339  349
  359  366  370  369  364  354  343  330  319  309  301  294  289  284  283  284
  287  293  297  298  296  295  298  301  298                                   
    40.0-180.0 180.0   5.0 450.0                            LAT/LON1/LON2/DLON/H
  313  308  302  300  300  296  291  283  272  256  239  221  203  187  174  167
  165  167  172  177  181  182  183  184  185  186  185  182  177  170  165  163
  166  171  176  183  191  203  220  242  265  285  301  313  322  332  343  355
  366  375  380  380  377  369  359  347  335  325  316  308  302  297  296  298
  302  309  314  315  313  312  315  317  313                                   
    37.5-180.0 180.0   5.0 450.0                            LAT/LON1/LON2/DLON/H
  331  324  316  312  311  307  303  296  286  271  254  235  215  196  181  172
  169  172  178  183  188  191  194  196  198  198  196  191  183  176  171  172
  178  185  192  197  203  213  228  248  269  288  302  313  323  333  346  358
  371  380  387  390  390  386  378  368  358  348  338  329  322  316  313  315
  319  327  333  334  332  331  334  337  331                                   
    35.0-180.0 180.0   5.0 450.0                            LAT/LON1/LON2/DLON/H
  353  346  334  328  326  321  316  309  299  285  268  249  228  208  191  180
  176  177  183  189  195  200  206  211  214  214  210  202  192  184  180  183
  190  199  206  211  214  221  233  251  270  288  302  312  322  333  346  359
  372  383  392  399  404  404  402  395  387  378  368  358  348  340  335  335
  339  347  353  354  351  351  355  359  353                                   
    32.5-180.0 180.0   5.0 450.0                            LAT/LON1/LON2/DLON/H
  379  372  358  351  346  339  332  324  313  299  282  264  244  223  204  191
  184  184  188  195  202  211  220  228  233  233  227  217  204  194  190  193
  201  210  217  219  221  225  235  251  269  285  298  308  318  330  343  357
  370  383  395  406  417  424  428  427  422  415  406  394  381  369  360  357
  360  367  374  375  372  373  378  385  379                                   
    30.0-180.0 180.0   5.0 450.0                            LAT/LON1/LON2/DLON/H
  410  404  389  383  375  367  357  346  333  317  301  283  263  241  221  205
  195  192  195  201  211  222  235  247  254  254  246  232  216  204  198  200
  208  216  220  221  220  223  231  246  263  279  292  302  312  324  337  352
  366  380  395  411  428  443  454  459  459  454  446  433  417  400  387  380
  380  387  394  396  392  395  402  411  410                                   
    27.5-180.0 180.0   5.0 450.0                            LAT/LON1/LON2/DLON/H
  442  438  425  422  413  406  393  378  362  344  326  308  287  265  242  223
  210  204  204  210  221  236  252  266  274  272  262  246  227  211  203  203
  207  212  215  213  211  212  220  234  251  267  280  292  303  315  329  344
  359  374  393  413  436  457  475  486  490  488  480  467  449  429  411  400
  399  404  412  415  411  416  425  437  442                                   
    25.0-180.0 180.0   5.0 450.0                            LAT/LON1/LON2/DLON/H
  473  470  462  465  458  452  438  421  400  379  359  339  318  294  269  247
  229  219  217  222  234  251  269  284  290  287  274  254  232  213  201  197
  197  198  198  195  192  194  201  215  232  249  265  279  291  305  319  334
  351  368  389  413  439  465  486  500  508  508  502  490  471  450  430  417
  414  419  428  432  429  435  446  459  473                                   
    22.5-180.0 180.0   5.0 450.0                            LAT/LON1/LON2/DLON/H
  497  497  495  506  503  502  489  470  446  421  398  376  353  327  301  275
  254  240  234  237  249  267  285  299  302  295  278  255  230  208  192  182
  178  175  172  169  167  168  176  190  208  227  246  263  278  293  308  324
  342  362  385  410  437  463  484  500  509  513  509  500  484  463  444  430
  427  432  441  446  444  451  463  476  497                                   
    20.0-180.0 180.0   5.0 450.0                            LAT/LON1/LON2/DLON/H
  512  514  518  537  541  546  536  518  493  465  439  415  390  363  335  307
  283  264  255  256  267  283  299  309  307  294  273  246  219  195  175  161
  152  146  142  139  138  140  148  162  180  202  224  245  263  280  297  315
  334  356  380  405  430  453  473  489  500  506  506  501  490  473  456  444
  441  447  455  461  458  465  476  488  512                                   
    17.5-180.0 180.0   5.0 450.0                            LAT/LON1/LON2/DLON/H
  517  519  528  552  565  575  570  555  530  502  474  449  423  396  368  340
  314  293  281  278  286  299  310  312  303  284  258  229  201  176  154  137
  125  118  114  111  111  114  121  134  153  177  203  228  249  268  286  306
  327  350  375  399  421  441  459  474  487  496  502  502  496  484  471  462
  459  464  472  476  473  478  487  496  517                                   
    15.0-180.0 180.0   5.0 450.0                            LAT/LON1/LON2/DLON/H
  516  518  527  550  569  584  583  571  548  521  493  469  445  420  394  369
  344  322  307  301  304  311  314  309  291  265  235  206  179  155  133  116
  102   94   90   89   89   92   99  111  130  156  185  213  237  258  277  298
  320  345  369  391  411  429  446  462  477  491  501  507  507  501  492  484
  483  487  493  495  490  493  500  503  516                                   
    12.5-180.0 180.0   5.0 450.0                            LAT/LON1/LON2/DLON/H
  515  516  521  537  558  574  573  563  542  516  491  468  448  428  408  388
  368  348  332  322  319  317  312  297  272  241  209  181  157  136  117  100
   86   78   74   73   74   76   82   93  112  139  170  201  227  249  269  290
  314  339  363  385  404  421  439  457  474  492  507  518  523  521  516  511
  510  513  517  518  511  511  515  514  515                                   
    10.0-180.0 180.0   5.0 450.0                            LAT/LON1/LON2/DLON/H
  522  521  519  524  541  552  547  535  514  490  466  447  430  416  405  393
  380  365  350  337  327  316  301  278  248  214  184  159  139  122  106   90
   78   69   65   64   64   66   70   81  100  127  159  191  219  241  262  283
  308  333  358  380  400  419  439  459  479  500  518  533  542  544  542  539
  539  541  544  543  535  532  535  532  522                                   
     7.5-180.0 180.0   5.0 450.0                            LAT/LON1/LON2/DLON/H
  539  539  529  522  530  531  518  500  475  449  426  409  396  388  385  383
  379  370  357  342  326  307  284  254  221  189  161  142  128  115  102   89
