data/edconvlstm_nd/pred3100.15i
     1.0            IONOSPHERE MAPS     GNSS                IONEX VERSION / TYPE
pyspatialgeodesy        IME             05-JAN-18 20:20     PGM / RUN BY / DATE 
Map Name                                                    COMMENT             
Predicted global ionosphere maps (GIM).                     DESCRIPTION         
  2015    11     6     0     0     0                        EPOCH OF FIRST MAP  
  2015    11     7     0     0     0                        EPOCH OF LAST MAP   
  7200                                                      INTERVAL            
    13                                                      # OF MAPS IN FILE   
  NONE                                                      MAPPING FUNCTION    
10.0                                                        ELEVATION CUTOFF    
One-way carrier phase leveled to code                       OBSERVABLES USED    
  6371.0                                                    BASE RADIUS         
 2                                                          MAP DIMENSION       
   450.0 450.0   0.0                                        HGT1 / HGT2 / DHGT  
    87.5 -87.5  -2.5                                        LAT1 / LAT2 / DLAT  
  -180.0 180.0   5.0                                        LON1 / LON2 / DLON  
    -1                                                      EXPONENT            
                                                            END OF HEADER       
     1                                                      START OF TEC MAP    
  2015    11     6     0     0     0                        EPOCH OF CURRENT MAP
    87.5-180.0 180.0   5.0 450.0                            LAT/LON1/LON2/DLON/H
   82   72   58   49   49   57   53   52   53   53   54   56   57   58   59   60
   61   61   61   61   60   60   59   58   57   56   55   53   52   51   50   48
   47   46   45   44   44   43   43   43   43   43   44   44   45   46   46   47
   48   49   49   50   50   51   51   51   51   51   51   50   50   50   49   49
   49   48   47   48   40   58   60   56   82                                   
    85.0-180.0 180.0   5.0 450.0                            LAT/LON1/LON2/DLON/H
   68   69   48   48   50   59   55   53   55   55   56   57   58   60   60   61
   61   61   61   60   59   58   57   55   53   51   49   47   45   44   42   41
   40   39   38   38   38   38   39   39   40   42   43   44   46   47   49   50
   52   53   54   55   56   57   57   57   57   57   57   57   56   56   56   55
   55   54   54   58   60   66   74   64   68                                   
    82.5-180.0 180.0   5.0 450.0                            LAT/LON1/LON2/DLON/H
   56   42   48   43   44   54   49   47   51   52   54   57   59   61   63   64
   64   63   62   61   58   56   53   49   46   43   40   37   35   33   31   29
   28   27   27   26   27   27   28   30   32   34   36   39   41   44   46   48
   51   52   54   55   56   57   57   58   58   57   57   57   56   55   55   54
   53   51   50   48   55   51   60   65   56                                   
    80.0-180.0 180.0   5.0 450.0                            LAT/LON1/LON2/DLON/H
   70   54   55   46   51   55   52   51   56   58   61   65   69   72   74   76
   76   76   74   71   68   65   60   56   52   48   44   41   38   35   33   31
   29   28   27   27   27   27   28   29   31   34   36   39   42   46   49   52
   54   57   59   60   62   62   63   63   63   63   62   62   61   60   59   59
   58   55   54   52   68   62   72   86   70                                   
    77.5-180.0 180.0   5.0 450.0                            LAT/LON1/LON2/DLON/H
   86   72   60   60   61   63   60   61   67   69   75   80   85   89   92   94
   95   94   91   88   83   78   72   67   62   57   53   49   46   43   41   39
   37   36   35   34   34   34   34   35   37   40   42   46   50   54   57   61
   63   66   68   69   70   70   70   70   70   69   69   68   67   66   66   65
   64   65   64   63   71   73   77   94   86                                   
    75.0-180.0 180.0   5.0 450.0                            LAT/LON1/LON2/DLON/H
  100   79   75   74   73   75   70   71   78   81   87   93   98  102  104  105
  105  102   99   94   89   83   77   71   66   61   58   55   52   51   49   48
   47   45   44   42   41   40   40   41   42   44   48   51   55   59   62   65
   68   69   70   71   71   71   71   71   71   70   70   70   69   69   69   69
   68   69   71   67   75   87   87   99  100                                   
    72.5-180.0 180.0   5.0 450.0                            LAT/LON1/LON2/DLON/H
  106   90   86   84   84   81   77   80   86   89   95  100  104  106  107  107
  104  101   97   92   87   81   76   71   66   63   61   59   58   58   57   57
   55   54   51   49   46   44   42   41   42   43   45   49   52   55   58   60
   61   61   61   61   60   60   60   60   61   61   62   62   63   63   65   66
   66   68   74   73   81   93   97  110  106                                   
    70.0-180.0 180.0   5.0 450.0                            LAT/LON1/LON2/DLON/H
  117  103   99  100   98   96   92   93  100  102  107  111  113  113  111  107
  103   98   92   87   82   77   72   68   65   63   62   62   63   64   65   65
   64   62   59   55   51   48   45   44   43   44   46   49   52   55   57   58
   58   57   56   55   54   54   54   55   57   58   60   62   64   65   67   69
   70   71   78   79   88  102  104  113  117                                   
    67.5-180.0 180.0   5.0 450.0                            LAT/LON1/LON2/DLON/H
  123  114  109  110  107  104   99  100  106  109  112  114  114  111  106  100
   93   87   81   76   71   67   63   60   58   56   56   58   60   62   64   64
   63   61   57   52   47   43   40   38   37   37   39   41   44   46   47   47
   47   45   43   41   40   40   41   44   47   50   54   57   60   62   64   66
   67   69   75   77   88  102  104  113  123                                   
    65.0-180.0 180.0   5.0 450.0                            LAT/LON1/LON2/DLON/H
  124  118  112  113  112  108  103  105  111  114  117  119  116  111  103   95
   87   80   73   69   64   61   57   54   52   50   50   51   53   55   57   58
   57   54   50   45   40   36   33   31   31   31   33   36   38   39   40   39
   38   35   33   31   29   30   32   35   40   46   52   57   61   64   66   67
   67   68   74   75   85  100  103  112  124                                   
    62.5-180.0 180.0   5.0 450.0                            LAT/LON1/LON2/DLON/H
  123  119  114  115  114  110  106  108  115  118  122  123  120  113  104   95
   86   79   73   68   64   61   57   53   49   46   44   44   45   47   48   49
   47   45   41   36   32   29   27   26   27   28   31   33   35   36   36   35
   33   30   27   24   23   23   26   31   38   47   55   62   68   72   74   74
   73   72   76   75   83   97  100  111  123                                   
    60.0-180.0 180.0   5.0 450.0                            LAT/LON1/LON2/DLON/H
  121  119  116  115  113  109  104  107  114  118  122  124  121  115  107   98
   90   83   78   74   69   65   59   54   48   43   39   37   37   38   38   38
   37   34   32   28   26   24   23   24   25   28   30   33   34   35   35   33
   31   27   24   21   19   20   23   29   38   49   60   70   77   82   85   85
   82   80   82   79   83   95  100  112  121                                   
    57.5-180.0 180.0   5.0 450.0                            LAT/LON1/LON2/DLON/H
  125  123  121  119  116  111  105  107  113  117  121  123  121  117  110  104
   98   92   88   83   78   71   64   57   49   42   36   33   31   31   30   30
   29   28   26   25   23   23   24   26   28   31   33   36   37   37   36   34
   31   28   24   21   19   20   24   31   41   54   67   79   89   96  100  101
   97   94   95   90   92  100  105  119  125                                   
    55.0-180.0 180.0   5.0 450.0                            LAT/LON1/LON2/DLON/H
  137  135  135  131  126  118  111  110  114  116  118  120  119  117  114  110
  106  102   98   92   85   78   69   60   51   43   37   33   30   29   28   28
   27   27   27   27   27   28   30   32   35   37   40   41   42   42   40   38
   36   32   29   26   24   24   28   35   46   60   75   88  100  109  116  118
  116  113  114  109  109  113  119  134  137                                   
    52.5-180.0 180.0   5.0 450.0                            LAT/LON1/LON2/DLON/H
  157  158  156  151  145  135  126  121  121  118  117  117  116  116  115  114
  112  109  104   97   89   81   73   64   56   48   42   38   35   33   32   32
   32   32   33   34   36   37   39   42   44   46   48   49   49   48   47   45
   42   40   37   34   33   33   37   44   55   68   83   97  111  122  130  136
  136  135  137  134  134  136  141  157  157                                   
    50.0-180.0 180.0   5.0 450.0                            LAT/LON1/LON2/DLON/H
  185  188  185  181  173  161  150  142  136  127  121  117  115  114  115  115
  114  110  104   96   89   82   75   68   62   56   51   47   44   43   41   41
   42   43   44   46   48   49   51   53   54   56   57   57   57   55   54   53
   52   51   49   48   46   47   50   57   67   79   93  107  120  133  144  152
  156  158  163  161  163  165  169  184  185                                   
    47.5-180.0 180.0   5.0 450.0                            LAT/LON1/LON2/DLON/H
  214  222  218  214  207  195  183  170  158  142  130  121  116  114  115  115
  112  107  100   93   87   82   77   73   70   66   62   59   57   55   53   53
   54   55   57   59   60   61   62   62   63   64   64   64   64   63   62   62
   63   63   63   63   63   64   67   74   82   93  106  118  131  143  155  167
  174  180  187  189  193  196  199  211  214                                   
    45.0-180.0 180.0   5.0 450.0                            LAT/LON1/LON2/DLON/H
  239  251  245  244  238  228  217  202  184  163  144  130  122  118  117  115
  111  105   97   90   85   83   81   80   78   76   74   72   69   67   65   64
   65   66   67   69   70   70   69   69   69   69   69   70   69   69   69   70
   72   75   77   78   80   82   86   92  100  110  121  131  142  154  166  179
  188  197  207  211  218  222  224  232  239                                   
    42.5-180.0 180.0   5.0 450.0                            LAT/LON1/LON2/DLON/H
  252  266  260  261  258  252  244  230  211  185  162  144  132  126  122  118
  112  105   97   91   88   87   87   87   87   86   84   81   78   75   72   71
   72   72   73   74   74   74   73   71   71   71   72   73   74   74   75   77
   80   84   88   91   94   98  103  110  118  127  137  146  155  165  177  189
  199  209  220  225  232  237  238  243  252                                   
    40.0-180.0 180.0   5.0 450.0                            LAT/LON1/LON2/DLON/H
  253  264  256  260  261  260  256  247  230  205  181  161  147  138  131  125
  118  110  103   98   96   96   97   97   96   94   90   86   81   77   75   74
   74   74   75   75   75   74   72   71   71   72   74   76   77   77   79   81
   85   90   95   99  104  109  116  125  134  143  152  161  170  178  188  199
  208  217  227  232  237  241  242  247  253                                   
    37.5-180.0 180.0   5.0 450.0                            LAT/LON1/LON2/DLON/H
  244  248  240  243  249  251  252  248  237  217  195  177  163  153  145  137
  129  121  116  112  111  111  110  108  103   97   91   85   79   75   73   73
   73   73   74   74   74   73   72   71   72   73   76   78   80   80   81   83
   87   92   97  102  107  115  123  133  144  155  166  176  185  193  202  210
  217  224  233  236  238  239  242  250  244                                   
    35.0-180.0 180.0   5.0 450.0                            LAT/LON1/LON2/DLON/H
  236  233  225  224  230  234  237  238  234  219  203  189  178  170  162  153
  145  139  135  133  132  130  124  116  107   97   88   81   76   73   72   73
   74   74   74   74   74   74   74   74   75   77   79   82   83   83   83   84
   87   90   94   99  105  113  124  136  150  164  177  190  201  211  219  226
  231  236  244  245  244  244  249  262  236                                   
    32.5-180.0 180.0   5.0 450.0                            LAT/LON1/LON2/DLON/H
  241  233  226  218  219  221  222  225  224  215  205  196  190  184  177  170
  164  160  159  157  154  147  135  121  107   95   85   79   76   75   76   78
   79   79   78   78   79   80   81   81   82   84   86   87   87   86   84   84
   85   86   89   93   98  107  120  134  151  168  186  203  219  231  240  248
  252  257  264  263  262  261  269  287  241                                   
    30.0-180.0 180.0   5.0 450.0                            LAT/LON1/LON2/DLON/H
  272  262  251  237  231  227  223  222  220  213  206  201  198  195  190  184
  181  179  179  177  170  157  140  121  105   94   87   83   83   85   87   90
   91   91   89   88   89   90   92   93   93   94   94   94   93   90   87   84
   83   83   83   85   90  100  113  130  150  171  193  216  236  253  266  275
  281  287  294  294  295  295  304  328  272                                   
    27.5-180.0 180.0   5.0 450.0                            LAT/LON1/LON2/DLON/H
  333  326  307  285  275  263  250  240  231  220  212  208  205  203  199  195
  193  192  191  186  174  156  136  118  105   98   96   97  100  104  108  111
  111  109  106  104  104  106  108  108  107  106  105  103  100   95   91   86
   83   81   79   80   84   94  109  127  149  174  201  228  254  276  294  308
  318  327  337  337  342  346  356  383  333                                   
    25.0-180.0 180.0   5.0 450.0                            LAT/LON1/LON2/DLON/H
  421  423  397  368  353  331  307  283  263  243  229  220  215  210  205  201
  199  197  193  182  166  146  128  115  110  111  115  121  127  132  136  138
  137  132  126  122  122  124  126  125  123  120  117  113  108  102   96   91
   86   82   80   79   83   93  109  130  153  180  210  242  273  301  324  344
  361  376  388  390  401  413  422  452  421                                   
    22.5-180.0 180.0   5.0 450.0                            LAT/LON1/LON2/DLON/H
  523  542  520  489  467  435  395  354  317  285  260  243  231  221  212  206
  200  194  185  169  150  132  121  118  123  134  145  155  163  168  171  170
  165  156  148  142  141  142  143  141  137  133  128  123  117  110  103   97
   92   87   83   83   87   98  116  138  163  191  222  257  291  324  352  379
  404  426  442  448  468  487  499  528  523                                   
    20.0-180.0 180.0   5.0 450.0                            LAT/LON1/LON2/DLON/H
  620  661  653  628  602  563  510  451  395  346  307  278  256  239  225  213
  202  190  174  155  136  124  123  132  149  168  184  196  203  205  204  200
  190  178  166  159  156  157  156  153  148  143  139  133  126  118  111  104
   98   92   88   88   94  107  127  151  177  205  236  271  308  343  375  407
  440  468  491  504  532  556  574  600  620                                   
    17.5-180.0 180.0   5.0 450.0                            LAT/LON1/LON2/DLON/H
  691  754  760  749  724  687  632  562  490  424  369  326  293  267  246  227
  210  192  172  151  136  132  142  162  187  211  228  237  239  237  232  223
  210  194  180  171  168  167  165  161  156  151  146  141  133  125  116  109
  102   96   93   93  101  118  141  167  193  220  249  283  319  355  390  425
  462  496  524  546  581  604  629  652  691                                   
    15.0-180.0 180.0   5.0 450.0                            LAT/LON1/LON2/DLON/H
  722  800  817  821  806  778  729  661  584  508  440  385  341  306  277  252
  228  205  183  164  155  159  178  206  235  257  269  271  266  258  248  237
  222  205  190  181  176  173  170  165  161  156  152  146  138  129  119  111
  103   97   94   97  107  127  153  181  208  232  259  290  324  359  394  430
  470  506  538  566  603  623  652  673  722                                   
    12.5-180.0 180.0   5.0 450.0                            LAT/LON1/LON2/DLON/H
  713  793  818  837  834  820  784  727  656  581  510  447  396  354  318  286
  258  231  209  194  192  204  230  260  286  300  301  293  280  267  255  244
  229  214  200  190  184  179  174  168  163  159  155  149  140  130  120  110
  102   96   94   98  111  133  162  192  217  240  263  291  323  356  390  426
  464  501  534  564  597  613  644  663  713                                   
    10.0-180.0 180.0   5.0 450.0                            LAT/LON1/LON2/DLON/H
  674  742  770  798  808  809  789  749  694  631  566  505  453  407  367  331
  299  271  250  240  245  263  290  317  333  333  321  302  283  268  257  248
  236  223  211  201  193  186  178  170  165  161  156  149  140  129  118  108
  100   94   93   98  112  136  166  196  220  240  260  285  316  349  382  416
  452  487  518  547  572  584  615  633  674                                   
     7.5-180.0 180.0   5.0 450.0                            LAT/LON1/LON2/DLON/H
  620  665  690  719  737  749  745  725  693  649  599  550  504  461  422  385
  351  323  305  300  308  328  350  366  367  352  327  300  279  266  259  254
