data/edconvlstm_nd/pred1270.15i
     1.0            IONOSPHERE MAPS     GNSS                IONEX VERSION / TYPE
pyspatialgeodesy        IME             05-JAN-18 20:20     PGM / RUN BY / DATE 
Map Name                                                    COMMENT             
Predicted global ionosphere maps (GIM).                     DESCRIPTION         
  2015     5     7     0     0     0                        EPOCH OF FIRST MAP  
  2015     5     8     0     0     0                        EPOCH OF LAST MAP   
  7200                                                      INTERVAL            
    13                                                      # OF MAPS IN FILE   
  NONE                                                      MAPPING FUNCTION    
10.0                                                        ELEVATION CUTOFF    
One-way carrier phase leveled to code                       OBSERVABLES USED    
  6371.0                                                    BASE RADIUS         
 2                                                          MAP DIMENSION       
   450.0 450.0   0.0                                        HGT1 / HGT2 / DHGT  
    87.5 -87.5  -2.5                                        LAT1 / LAT2 / DLAT  
  -180.0 180.0   5.0                                        LON1 / LON2 / DLON  
    -1                                                      EXPONENT            
                                                            END OF HEADER       
[from data line 1716]
     5                                                      START OF TEC MAP    
  2015     5     7     8     0     0                        EPOCH OF CURRENT MAP
    87.5-180.0 180.0   5.0 450.0                            LAT/LON1/LON2/DLON/H
  115  106   99  101  104  104  102  100  102  104  105  106  107  107  108  108
  109  109  109  109  109  109  109  109  109  109  109  109  110  110  110  111
  112  112  113  113  114  114  115  115  115  115  115  115  114  114  113  112
  111  109  108  106  105  103  101   99   98   96   94   93   92   90   89   89
   89   90   89   88   93   93  102  112  115                                   
    85.0-180.0 180.0   5.0 450.0                            LAT/LON1/LON2/DLON/H
  100   96   97   98  101  103  104  104  107  109  110  111  112  113  113  114
  114  114  114  115  115  115  115  115  115  115  115  116  116  117  117  118
  119  120  121  122  123  124  124  125  125  125  125  124  124  123  122  120
  119  117  115  113  111  109  106  104  102  100   98   96   95   93   92   91
   92   93   89   89   86   87   92   98  100                                   
    82.5-180.0 180.0   5.0 450.0                            LAT/LON1/LON2/DLON/H
   91   94   94   93   96   99  101  103  106  108  110  112  113  114  114  115
  115  115  115  114  114  114  114  114  114  114  114  115  116  117  119  120
  122  124  126  128  130  131  133  134  134  135  135  134  133  132  131  129
  127  125  123  120  117  114  112  109  106  103  101   99   96   94   92   91
   90   90   86   87   87   85   82   80   91                                   
    80.0-180.0 180.0   5.0 450.0                            LAT/LON1/LON2/DLON/H
   95   95   94   96   97   99  101  104  107  109  111  112  113  113  113  112
  111  110  109  108  107  106  106  105  105  105  106  107  108  110  113  116
  119  123  127  130  134  137  140  142  144  146  147  147  147  147  146  145
  144  142  140  137  134  131  129  126  123  120  117  114  111  109  106  104
  102  100   95   95   92   91   93   86   95                                   
    77.5-180.0 180.0   5.0 450.0                            LAT/LON1/LON2/DLON/H
  109  108  106  106  105  107  109  110  114  115  116  117  116  116  114  113
  111  109  107  105  104  102  101  100  100  100  101  102  104  107  112  116
  122  128  134  140  145  151  155  159  163  166  168  170  172  172  173  173
  172  171  169  167  165  162  160  157  154  152  149  146  143  140  137  135
  131  128  120  119  116  108  107  103  109                                   
    75.0-180.0 180.0   5.0 450.0                            LAT/LON1/LON2/DLON/H
  120  123  115  115  113  113  114  114  116  117  117  116  115  113  110  107
  104  102   99   97   95   94   93   92   91   91   91   93   95   99  105  111
  118  127  135  143  151  159  166  172  177  182  187  190  193  196  197  198
  198  198  197  195  194  192  189  187  185  183  181  179  176  174  171  169
  165  160  153  146  141  132  130  120  120                                   
    72.5-180.0 180.0   5.0 450.0                            LAT/LON1/LON2/DLON/H
  132  136  127  123  120  119  119  118  119  119  117  116  113  110  107  103
  100   97   95   93   92   91   90   89   88   87   88   89   92   97  103  111
  120  131  141  152  162  171  180  188  195  202  208  214  218  222  225  226
  227  227  226  224  222  220  218  215  213  211  209  208  206  204  202  201
  197  193  185  178  168  157  151  141  132                                   
    70.0-180.0 180.0   5.0 450.0                            LAT/LON1/LON2/DLON/H
  144  144  135  129  122  119  117  115  116  115  113  111  107  103   99   96
   93   91   90   89   89   89   88   87   86   86   86   87   90   95  102  111
  122  134  146  159  171  182  192  202  211  219  227  234  240  245  248  250
  250  249  248  245  241  238  234  231  227  225  223  222  221  220  219  218
  216  212  205  198  188  177  171  160  144                                   
    67.5-180.0 180.0   5.0 450.0                            LAT/LON1/LON2/DLON/H
  148  149  139  131  123  118  115  112  112  111  109  107  103   98   94   91
   89   88   88   89   90   90   90   90   89   88   88   89   92   97  104  114
  126  139  152  165  178  190  202  213  223  234  243  252  259  264  267  268
  268  265  261  257  251  245  240  234  230  227  224  223  222  222  221  221
  220  218  213  206  196  186  179  170  148                                   
    65.0-180.0 180.0   5.0 450.0                            LAT/LON1/LON2/DLON/H
  152  152  141  132  122  115  111  108  108  106  104  103   99   95   91   88
   87   87   88   90   92   94   94   94   93   92   92   93   96  102  110  121
  133  147  161  175  188  201  214  226  238  250  261  271  279  284  286  286
  283  279  272  265  257  249  241  234  228  223  220  218  216  216  215  215
  215  214  210  206  198  190  184  177  152                                   
    62.5-180.0 180.0   5.0 450.0                            LAT/LON1/LON2/DLON/H
  154  154  143  132  121  112  107  102  102  100   99   98   96   92   89   87
   86   87   89   91   93   95   95   95   94   94   94   96  100  107  116  127
  140  155  170  184  198  211  225  238  252  265  278  289  297  302  303  301
  296  289  280  271  261  251  241  233  225  219  215  212  209  207  205  205
  204  203  201  198  193  188  183  178  154                                   
    60.0-180.0 180.0   5.0 450.0                            LAT/LON1/LON2/DLON/H
  158  159  147  135  122  111  103   97   95   93   92   92   90   88   86   85
   84   85   87   89   90   91   91   91   91   92   94   97  103  111  121  133
  147  163  178  193  207  220  234  249  264  279  294  306  314  318  318  314
  307  299  289  279  269  258  247  238  229  222  217  212  208  204  200  198
  195  194  192  191  189  186  183  178  158                                   
    57.5-180.0 180.0   5.0 450.0                            LAT/LON1/LON2/DLON/H
  168  168  158  143  128  114  104   94   90   86   85   85   84   83   82   81
   81   82   83   84   84   84   84   84   85   87   92   97  105  115  127  140
  155  171  187  203  217  231  245  260  277  294  309  323  331  335  334  329
  321  313  303  294  284  273  263  253  244  237  230  225  219  213  206  201
  196  194  191  191  190  189  187  184  168                                   
    55.0-180.0 180.0   5.0 450.0                            LAT/LON1/LON2/DLON/H
  183  184  174  158  142  125  110   96   88   81   78   77   77   76   76   77
   77   78   78   77   76   75   74   75   78   82   89   98  108  120  133  149
  165  182  199  214  228  242  256  272  289  307  324  339  348  352  351  346
  338  330  322  314  306  297  287  278  269  261  254  248  241  232  224  215
  208  204  201  200  200  200  199  196  183                                   
    52.5-180.0 180.0   5.0 450.0                            LAT/LON1/LON2/DLON/H
  204  204  194  178  161  142  124  105   92   81   74   71   70   70   71   72
   73   74   73   72   70   68   67   69   73   80   90  101  113  127  143  159
  177  196  213  229  243  256  269  284  302  321  339  355  365  369  368  364
  357  351  345  339  333  325  317  308  299  291  284  277  270  260  250  240
  230  224  220  218  218  218  217  215  204                                   
    50.0-180.0 180.0   5.0 450.0                            LAT/LON1/LON2/DLON/H
  226  225  216  202  185  165  143  120  102   86   76   70   68   67   68   70
   71   72   72   70   67   65   65   68   74   83   95  108  123  138  155  173
  193  212  230  246  259  271  284  299  316  335  354  370  382  387  387  384
  379  374  369  365  360  353  345  336  327  319  312  306  298  289  278  267
  257  250  244  241  240  240  239  237  226                                   
    47.5-180.0 180.0   5.0 450.0                            LAT/LON1/LON2/DLON/H
  244  241  235  223  207  187  165  139  117   98   84   76   71   69   70   71
   74   75   75   73   71   69   70   74   82   93  106  120  136  152  170  190
  211  231  250  265  278  289  301  314  331  350  369  386  398  405  406  404
  400  396  392  389  384  377  368  358  348  340  333  326  319  310  300  290
  280  273  267  263  260  260  258  256  244                                   
    45.0-180.0 180.0   5.0 450.0                            LAT/LON1/LON2/DLON/H
  254  250  246  237  223  206  185  159  135  113   97   87   80   77   77   78
   81   83   83   82   80   79   81   86   95  107  120  135  151  168  187  208
  229  250  269  285  297  307  318  331  346  365  384  401  414  422  425  424
  421  417  413  408  401  393  382  371  360  351  343  336  329  322  313  304
  295  289  283  278  274  273  270  269  254                                   
    42.5-180.0 180.0   5.0 450.0                            LAT/LON1/LON2/DLON/H
  253  247  247  241  231  217  198  175  152  131  114  103   95   91   90   91
   93   96   96   95   94   93   96  102  111  123  136  150  165  183  203  225
  247  268  287  302  314  324  334  347  362  380  399  417  431  439  443  443
  440  436  431  424  416  406  394  381  370  359  350  342  334  326  318  309
  301  295  289  283  278  276  273  271  253                                   
    40.0-180.0 180.0   5.0 450.0                            LAT/LON1/LON2/DLON/H
  244  236  237  233  226  216  203  184  165  146  131  121  113  109  107  107
  109  111  112  111  110  110  113  119  128  138  150  163  178  196  217  240
  262  283  301  316  328  339  349  362  377  395  414  432  447  457  462  463
  460  456  450  442  433  423  411  399  388  376  365  355  345  334  324  314
  304  297  289  282  275  272  269  265  244                                   
    37.5-180.0 180.0   5.0 450.0                            LAT/LON1/LON2/DLON/H
  231  221  221  216  212  205  197  185  171  157  146  137  131  127  125  125
  126  128  128  126  125  125  127  133  141  150  160  173  188  207  229  252
  274  294  312  327  339  350  362  375  391  410  429  447  462  474  480  483
  482  479  474  468  460  452  444  435  425  415  403  389  375  360  345  330
  316  304  292  281  272  267  264  256  231                                   
    35.0-180.0 180.0   5.0 450.0                            LAT/LON1/LON2/DLON/H
  223  210  207  196  193  187  184  177  169  161  154  149  145  143  141  141
  142  143  142  139  137  137  139  144  151  159  168  180  196  216  238  261
  282  302  318  333  346  359  372  387  404  423  443  462  478  491  499  505
  507  507  506  504  501  499  496  493  489  481  469  453  433  412  390  368
  346  327  308  291  278  269  264  252  223                                   
    32.5-180.0 180.0   5.0 450.0                            LAT/LON1/LON2/DLON/H
  228  212  201  183  177  170  168  165  162  158  156  155  154  153  153  153
  154  154  152  149  146  146  148  153  158  165  173  185  201  222  244  267
  288  305  321  336  350  364  379  396  414  434  455  474  492  507  518  528
  535  541  547  552  558  564  570  576  578  575  565  548  524  495  464  432
  401  373  346  322  303  289  279  262  228                                   
    30.0-180.0 180.0   5.0 450.0                            LAT/LON1/LON2/DLON/H
  251  231  210  183  171  160  156  154  153  152  153  155  157  158  159  160
  160  160  158  155  153  154  156  161  166  171  179  190  206  227  250  271
  290  307  322  337  352  368  385  403  423  443  465  485  504  521  537  551
  565  579  594  610  626  643  661  677  689  693  687  669  640  604  564  522
  481  443  408  375  350  328  311  290  251                                   
    27.5-180.0 180.0   5.0 450.0                            LAT/LON1/LON2/DLON/H
  291  268  237  201  181  164  156  151  149  148  149  152  155  158  160  162
  163  162  161  160  160  162  165  170  175  179  186  197  213  233  254  274
  291  307  321  336  352  370  388  407  428  449  471  493  514  534  554  574
  596  620  645  672  700  728  756  782  803  815  813  796  766  724  676  626
  577  533  490  448  416  386  359  335  291                                   
    25.0-180.0 180.0   5.0 450.0                            LAT/LON1/LON2/DLON/H
  343  318  278  237  209  186  170  161  154  150  149  151  154  158  160  162
  163  163  163  164  167  171  177  182  186  190  195  205  219  237  256  274
  289  303  318  334  351  370  389  409  431  453  475  498  521  545  569  596
  625  658  693  729  765  801  837  869  895  912  914  901  872  831  781  727
  675  628  582  532  492  453  418  392  343                                   
    22.5-180.0 180.0   5.0 450.0                            LAT/LON1/LON2/DLON/H
  400  371  327  285  250  224  201  186  173  163  157  156  158  160  162  163
  164  165  167  170  176  183  191  197  201  202  206  212  224  239  254  270
  283  297  312  330  349  369  389  410  432  455  478  503  528  554  583  614
  649  688  728  769  808  845  880  913  941  959  965  957  933  898  854  804
  756  712  667  614  566  518  478  451  400                                   
    20.0-180.0 180.0   5.0 450.0                            LAT/LON1/LON2/DLON/H
  449  416  372  335  296  270  242  222  203  187  176  170  168  168  168  168
  168  170  173  179  187  197  206  213  215  214  213  216  223  234  246  259
  273  288  306  325  346  367  388  410  432  456  481  506  533  562  593  628
  666  706  747  785  820  851  879  906  930  947  956  952  937  912  880  841
  803  768  730  678  624  569  530  502  449                                   
    17.5-180.0 180.0   5.0 450.0                            LAT/LON1/LON2/DLON/H
  482  443  405  375  336  314  286  264  241  220  203  193  186  183  181  179
  178  179  183  190  199  211  220  226  225  220  215  213  215  222  232  245
  260  278  299  321  343  365  387  409  432  457  484  510  538  568  601  636
  674  712  747  778  803  822  838  854  870  884  893  895  890  877  859  834
  809  786  759  713  658  598  562  534  482                                   
    15.0-180.0 180.0   5.0 450.0                            LAT/LON1/LON2/DLON/H
  494  450  419  399  365  347  324  304  280  257  236  222  212  205  200  196
  193  193  196  202  211  222  230  233  229  219  209  202  200  204  214  228
  247  269  292  317  340  363  385  407  432  459  486  514  542  573  605  639
  674  706  734  754  766  770  772  775  781  789  798  805  809  808  804  793
  781  771  755  716  665  604  572  544  494                                   
    12.5-180.0 180.0   5.0 450.0                            LAT/LON1/LON2/DLON/H
  488  442  421  407  381  369  351  335  314  292  271  254  242  232  224  217
  212  209  209  213  220  228  234  233  224  210  196  185  181  184  195  212
  235  261  288  313  338  360  382  405  430  458  486  515  543  573  605  637
  668  694  713  723  723  715  704  695  691  693  700  710  721  730  736  736
  734  732  725  695  649  592  562  537  488                                   
    10.0-180.0 180.0   5.0 450.0                            LAT/LON1/LON2/DLON/H
  477  433  418  409  391  381  368  356  339  320  300  284  271  259  249  240
  232  225  221  221  224  228  230  225  213  195  178  166  161  165  178  199
  226  256  285  311  334  356  377  399  425  454  482  511  539  569  600  631
  659  680  693  696  688  673  655  639  627  623  627  638  652  666  676  681
  683  685  683  660  621  570  542  520  477                                   
     7.5-180.0 180.0   5.0 450.0                            LAT/LON1/LON2/DLON/H
  469  432  421  412  399  390  377  367  354  338  322  308  294  282  271  260
  248  238  229  224  222  222  220  211  196  178  161  149  144  149  165  190
