data/edconvlstm_nd/pred0050.15i
     1.0            IONOSPHERE MAPS     GNSS                IONEX VERSION / TYPE
pyspatialgeodesy        IME             05-JAN-18 20:20     PGM / RUN BY / DATE 
Map Name                                                    COMMENT             
Predicted global ionosphere maps (GIM).                     DESCRIPTION         
  2015     1     5     0     0     0                        EPOCH OF FIRST MAP  
  2015     1     6     0     0     0                        EPOCH OF LAST MAP   
  7200                                                      INTERVAL            
    13                                                      # OF MAPS IN FILE   
  NONE                                                      MAPPING FUNCTION    
10.0                                                        ELEVATION CUTOFF    
One-way carrier phase leveled to code                       OBSERVABLES USED    
  6371.0                                                    BASE RADIUS         
 2                                                          MAP DIMENSION       
   450.0 450.0   0.0                                        HGT1 / HGT2 / DHGT  
    87.5 -87.5  -2.5                                        LAT1 / LAT2 / DLAT  
  -180.0 180.0   5.0                                        LON1 / LON2 / DLON  
    -1                                                      EXPONENT            
                                                            END OF HEADER       
[from data line 429]
     2                                                      START OF TEC MAP    
  2015     1     5     2     0     0                        EPOCH OF CURRENT MAP
    87.5-180.0 180.0   5.0 450.0                            LAT/LON1/LON2/DLON/H
   71   72   68   72   73   76   75   76   80   83   86   90   93   95   98   99
  100  101  101  101  100   99   98   97   95   93   92   90   88   86   85   83
   82   80   79   77   76   75   74   73   72   70   69   68   67   66   65   64
   62   61   60   59   58   57   56   55   55   54   54   53   53   53   53   53
   55   54   53   53   52   67   69   57   71                                   
    85.0-180.0 180.0   5.0 450.0                            LAT/LON1/LON2/DLON/H
   61   67   58   66   70   73   73   75   79   82   85   88   91   93   95   96
   96   96   95   94   92   90   88   86   83   81   79   77   75   73   72   71
   70   69   68   68   68   68   67   67   67   67   67   66   66   65   64   63
   62   60   59   58   57   55   54   54   53   52   52   52   51   51   51   52
   54   54   52   54   60   60   70   58   61                                   
    82.5-180.0 180.0   5.0 450.0                            LAT/LON1/LON2/DLON/H
   49   50   70   68   69   74   76   79   85   89   93   97  100  103  104  105
  104  103  101   98   94   91   87   83   79   76   73   70   67   65   64   63
   62   61   62   62   63   63   64   65   66   67   67   67   66   66   64   63
   62   60   58   56   55   53   52   51   50   49   49   49   49   49   50   51
   52   53   50   48   60   51   57   61   49                                   
    80.0-180.0 180.0   5.0 450.0                            LAT/LON1/LON2/DLON/H
   61   63   71   67   71   72   78   81   89   94   98  103  107  109  111  111
  110  107  104  100   95   90   85   80   76   71   67   64   61   59   58   57
   57   57   58   60   62   64   66   68   70   71   72   72   72   71   70   68
   66   64   62   59   57   55   53   52   51   51   51   52   52   54   55   57
   59   58   59   58   73   66   68   72   61                                   
    77.5-180.0 180.0   5.0 450.0                            LAT/LON1/LON2/DLON/H
   72   76   75   73   70   74   81   88   95  101  106  111  116  118  120  119
  117  113  109  104   98   92   87   81   76   71   67   63   60   58   57   56
   57   58   60   62   65   68   72   75   78   80   81   82   82   81   79   77
   74   71   68   65   63   60   59   57   57   57   58   59   61   63   65   68
   70   72   71   72   81   73   74   75   72                                   
    75.0-180.0 180.0   5.0 450.0                            LAT/LON1/LON2/DLON/H
   79   80   80   79   72   76   81   86   94   99  104  109  112  114  113  112
  108  104  100   94   89   84   79   75   71   67   64   61   58   56   55   55
   56   57   60   63   67   71   75   78   82   84   85   86   85   84   82   79
   76   72   69   66   63   61   59   59   59   60   62   64   67   71   75   79
   81   84   85   81   90   87   85   87   79                                   
    72.5-180.0 180.0   5.0 450.0                            LAT/LON1/LON2/DLON/H
   89   89   89   86   80   80   85   90   96  101  104  108  110  109  107  103
   99   94   90   85   81   78   75   72   70   68   65   63   62   60   59   59
   59   61   64   67   71   75   79   83   86   88   89   89   88   86   83   80
   77   74   70   68   66   65   64   65   66   69   72   76   80   85   91   97
  100  103  107  104  109  104  103  105   89                                   
    70.0-180.0 180.0   5.0 450.0                            LAT/LON1/LON2/DLON/H
  108  103  103  100   90   88   91   95  100  103  105  107  106  102   98   92
   87   82   78   75   73   71   70   69   69   69   68   67   66   65   64   63
   63   64   66   69   72   76   79   82   85   86   87   86   85   83   81   78
   75   72   70   69   68   69   71   73   77   81   86   91   97  103  109  116
  120  124  128  126  130  126  126  125  108                                   
    67.5-180.0 180.0   5.0 450.0                            LAT/LON1/LON2/DLON/H
  124  118  114  112   99   95   96   97  100  101  101  100   96   90   83   76
   71   66   63   61   61   61   62   63   65   66   67   67   66   64   63   61
   60   59   60   62   64   67   69   72   73   74   74   73   72   70   68   66
   64   63   63   63   65   69   73   78   84   89   95  102  108  114  121  128
  133  136  141  140  145  142  142  142  124                                   
    65.0-180.0 180.0   5.0 450.0                            LAT/LON1/LON2/DLON/H
  141  133  126  124  111  105  103  104  104  103  101   97   91   83   74   67
   61   57   54   54   54   56   58   60   62   64   66   66   65   63   60   58
   55   53   53   53   55   56   58   59   60   61   60   60   59   58   56   55
   54   54   56   59   64   70   77   85   93  100  108  114  121  127  133  140
  144  147  152  151  157  156  157  157  141                                   
    62.5-180.0 180.0   5.0 450.0                            LAT/LON1/LON2/DLON/H
  155  147  139  136  124  117  114  112  112  108  104   99   92   82   73   65
   59   55   53   53   54   55   57   60   62   64   65   65   64   61   58   54
   50   48   46   46   46   47   48   49   50   50   50   49   48   48   47   46
   46   48   51   56   64   73   84   94  104  113  121  128  134  140  145  151
  155  156  160  160  165  166  167  167  155                                   
    60.0-180.0 180.0   5.0 450.0                            LAT/LON1/LON2/DLON/H
  167  159  150  145  134  126  121  119  117  112  107  101   94   85   76   68
   62   59   57   57   57   57   58   59   61   62   63   62   61   58   53   49
   45   42   40   39   40   41   42   42   42   42   42   42   42   41   40   40
   40   42   47   54   64   76   89  102  114  124  133  140  146  151  156  160
  162  163  166  166  171  171  173  173  167                                   
    57.5-180.0 180.0   5.0 450.0                            LAT/LON1/LON2/DLON/H
  177  169  160  153  143  134  128  124  121  115  110  105   98   90   82   76
   71   68   66   64   63   61   60   59   59   59   59   59   57   54   50   45
   41   38   37   37   38   39   40   41   41   41   41   41   41   40   40   39
   39   41   46   54   66   81   96  111  125  136  145  153  158  163  167  171
  172  172  175  174  178  177  180  179  177                                   
    55.0-180.0 180.0   5.0 450.0                            LAT/LON1/LON2/DLON/H
  188  180  170  162  152  143  135  128  124  117  111  107  101   95   89   85
   81   78   75   72   69   65   61   58   56   56   56   56   54   51   48   43
   40   38   37   38   40   43   44   46   46   46   46   45   45   44   43   42
   42   44   49   58   71   87  104  120  134  146  156  164  170  175  179  182
  183  183  186  185  189  187  190  189  188                                   
    52.5-180.0 180.0   5.0 450.0                            LAT/LON1/LON2/DLON/H
  202  195  183  174  164  153  143  135  128  120  113  109  104   99   96   93
   90   87   84   80   75   69   64   60   57   56   56   56   55   52   49   45
   43   42   43   45   48   51   54   55   55   55   55   54   54   53   51   50
   49   50   55   65   79   96  113  130  144  156  166  174  181  186  190  194
  196  196  200  200  204  200  203  201  202                                   
    50.0-180.0 180.0   5.0 450.0                            LAT/LON1/LON2/DLON/H
  220  212  199  190  181  169  157  146  136  126  118  112  108  104  101   99
   97   94   91   87   81   75   69   65   62   61   61   61   59   57   54   52
   50   50   53   57   61   64   67   68   68   68   67   66   65   64   63   61
   59   60   65   75   89  107  124  140  154  165  175  184  191  196  201  206
  209  211  216  217  222  217  220  217  220                                   
    47.5-180.0 180.0   5.0 450.0                            LAT/LON1/LON2/DLON/H
  240  233  218  210  202  189  175  161  149  136  126  119  114  109  106  103
  101   98   96   92   88   84   79   75   72   71   70   70   68   66   63   61
   60   62   65   70   75   79   81   81   81   80   79   78   77   76   75   73
   72   73   78   88  103  120  137  151  164  175  184  192  199  205  210  215
  219  224  230  232  238  235  237  234  240                                   
    45.0-180.0 180.0   5.0 450.0                            LAT/LON1/LON2/DLON/H
  259  253  237  232  225  211  197  182  166  151  138  130  124  118  112  108
  104  101  100   99   97   95   93   90   88   86   84   82   80   76   73   70
   71   73   78   83   88   91   92   92   92   91   90   89   88   87   86   85
   85   87   93  103  118  134  150  163  174  184  193  201  207  212  216  221
  226  232  239  243  251  249  251  247  259                                   
    42.5-180.0 180.0   5.0 450.0                            LAT/LON1/LON2/DLON/H
  274  270  255  253  247  234  220  204  186  169  155  145  137  130  122  115
  109  106  106  108  110  112  112  110  107  103  100   95   91   86   82   79
   80   83   88   93   97  100  100  100   99   99   98   97   96   95   95   95
   96   99  106  118  133  149  163  175  185  194  203  210  215  218  221  225
  229  235  243  248  256  256  258  253  274                                   
    40.0-180.0 180.0   5.0 450.0                            LAT/LON1/LON2/DLON/H
  284  281  268  267  263  251  239  224  206  188  173  163  154  145  136  126
  119  115  117  122  128  133  134  131  126  119  113  106  100   94   89   86
   87   90   95   99  102  103  103  102  103  103  103  102  101  100  101  102
  105  110  118  131  146  162  176  187  197  206  215  222  226  227  227  230
  233  238  244  248  256  257  259  254  284                                   
    37.5-180.0 180.0   5.0 450.0                            LAT/LON1/LON2/DLON/H
  289  287  274  273  271  261  250  237  221  203  189  180  172  163  152  142
  134  131  133  141  149  154  154  149  140  130  121  113  106   99   94   92
   92   95   99  102  104  104  103  103  104  106  107  106  105  104  104  106
  110  116  126  139  156  172  187  199  210  220  230  237  241  241  240  241
  243  245  250  251  257  257  258  253  289                                   
    35.0-180.0 180.0   5.0 450.0                            LAT/LON1/LON2/DLON/H
  294  290  276  271  271  262  253  241  227  211  199  192  186  178  169  159
  151  149  152  160  168  172  168  158  146  134  125  117  110  104  100   98
   98  100  102  105  105  104  103  103  106  109  110  110  108  106  106  108
  112  119  129  144  161  179  196  210  223  236  248  257  261  262  261  263
  264  265  266  264  266  264  263  257  294                                   
    32.5-180.0 180.0   5.0 450.0                            LAT/LON1/LON2/DLON/H
  302  295  279  269  268  260  250  239  227  213  202  197  193  188  182  174
  168  166  169  175  180  179  171  158  144  132  124  118  114  110  108  106
  106  107  109  109  109  107  105  106  109  112  114  113  110  107  105  106
  110  117  128  144  163  184  203  221  238  255  270  281  287  290  292  297
  300  300  299  293  291  286  282  272  302                                   
    30.0-180.0 180.0   5.0 450.0                            LAT/LON1/LON2/DLON/H
  319  309  288  272  269  260  248  236  223  209  200  195  193  191  187  182
  179  177  179  181  181  175  163  149  136  128  124  122  121  120  118  118
  118  118  119  118  116  113  111  111  114  117  119  116  111  107  104  103
  107  114  126  143  165  188  210  233  255  276  294  308  317  325  333  343
  350  352  350  339  334  326  319  303  319                                   
    27.5-180.0 180.0   5.0 450.0                            LAT/LON1/LON2/DLON/H
  349  337  310  287  280  268  252  236  221  206  195  190  187  186  184  182
  180  178  177  175  170  160  148  136  129  126  127  129  132  133  134  134
  135  135  134  132  129  125  121  120  121  123  122  118  111  105  101  100
  103  110  124  144  168  194  221  249  276  301  323  340  353  366  382  399
  412  418  415  401  394  384  372  350  349                                   
    25.0-180.0 180.0   5.0 450.0                            LAT/LON1/LON2/DLON/H
  393  379  345  317  305  288  268  247  227  209  194  185  180  177  175  174
  172  169  166  160  152  142  133  127  127  132  138  144  149  152  155  157
  158  157  155  151  146  140  134  131  128  127  123  117  109  102   97   96
   99  108  125  147  175  206  237  270  302  331  355  375  393  412  435  461
  481  492  491  476  468  457  438  410  393                                   
    22.5-180.0 180.0   5.0 450.0                            LAT/LON1/LON2/DLON/H
  448  434  394  362  345  324  298  272  246  222  202  188  177  169  165  163
  160  155  149  141  134  128  125  128  136  148  159  168  173  178  181  184
  185  182  178  172  165  157  148  141  134  128  121  113  104   97   92   91
   96  108  127  153  185  220  257  294  330  362  388  410  431  456  486  519
  547  563  566  552  545  535  511  479  448                                   
    20.0-180.0 180.0   5.0 450.0                            LAT/LON1/LON2/DLON/H
  508  498  458  423  399  374  343  311  280  251  224  203  184  171  162  156
  151  145  137  130  126  126  133  144  160  176  190  198  203  206  209  211
  210  205  198  190  181  171  160  148  137  126  116  107   98   91   87   87
   93  108  131  161  197  236  276  318  357  390  416  438  461  490  525  564
  597  619  627  619  613  607  583  549  508                                   
    17.5-180.0 180.0   5.0 450.0                            LAT/LON1/LON2/DLON/H
  565  563  528  494  464  434  399  361  326  293  262  233  208  188  173  163
  155  147  139  135  137  145  160  179  199  216  227  232  233  233  233  232
  227  220  212  203  193  181  167  151  135  121  109   98   90   84   81   83
   91  109  135  170  209  251  294  338  378  410  435  456  479  509  546  586
  623  649  663  664  662  662  643  610  565                                   
    15.0-180.0 180.0   5.0 450.0                            LAT/LON1/LON2/DLON/H
  613  621  593  561  528  496  457  417  380  345  312  279  249  223  204  190
  178  169  163  163  171  187  209  232  251  264  268  264  258  251  246  242
  236  228  219  209  199  185  169  150  131  115  101   90   83   78   77   80
   91  112  142  180  221  265  309  352  391  422  444  463  484  513  549  587
  624  652  672  682  685  692  683  653  613                                   
    12.5-180.0 180.0   5.0 450.0                            LAT/LON1/LON2/DLON/H
  645  662  642  615  581  549  509  469  433  400  368  336  305  278  255  239
  225  216  212  217  231  253  277  298  310  312  303  288  271  258  249  244
  238  230  221  212  200  185  167  147  127  109   95   85   78   75   75   80
   93  117  151  191  234  277  320  361  398  425  445  461  481  507  539  573
  606  634  658  676  685  697  698  674  645                                   
    10.0-180.0 180.0   5.0 450.0                            LAT/LON1/LON2/DLON/H
  662  685  671  648  617  587  548  511  479  450  423  396  369  345  324  307
  294  286  285  294  312  336  357  368  365  349  324  296  272  255  246  241
  236  229  220  211  199  183  165  144  124  107   93   84   78   75   75   82
   98  125  161  203  246  289  329  367  400  424  441  456  474  497  525  553
  580  606  632  656  669  685  692  675  662                                   
     7.5-180.0 180.0   5.0 450.0                            LAT/LON1/LON2/DLON/H
  668  693  683  661  636  609  573  540  513  489  468  449  431  414  399  385
  374  368  370  381  400  419  430  424  401  365  325  290  264  249  242  238
