data/edconvlstm_nd/pred1100.15i
     1.0            IONOSPHERE MAPS     GNSS                IONEX VERSION / TYPE
pyspatialgeodesy        IME             05-JAN-18 20:20     PGM / RUN BY / DATE 
Map Name                                                    COMMENT             
Predicted global ionosphere maps (GIM).                     DESCRIPTION         
  2015     4    20     0     0     0                        EPOCH OF FIRST MAP  
  2015     4    21     0     0     0                        EPOCH OF LAST MAP   
  7200                                                      INTERVAL            
    13                                                      # OF MAPS IN FILE   
  NONE                                                      MAPPING FUNCTION    
10.0                                                        ELEVATION CUTOFF    
One-way carrier phase leveled to code                       OBSERVABLES USED    
  6371.0                                                    BASE RADIUS         
 2                                                          MAP DIMENSION       
   450.0 450.0   0.0                                        HGT1 / HGT2 / DHGT  
    87.5 -87.5  -2.5                                        LAT1 / LAT2 / DLAT  
  -180.0 180.0   5.0                                        LON1 / LON2 / DLON  
    -1                                                      EXPONENT            
                                                            END OF HEADER       
[from data line 1716]
     5                                                      START OF TEC MAP    
  2015     4    20     8     0     0                        EPOCH OF CURRENT MAP
    87.5-180.0 180.0   5.0 450.0                            LAT/LON1/LON2/DLON/H
  196  193  187  194  196  198  198  198  201  204  205  207  208  208  208  208
  208  208  207  207  206  205  205  204  203  203  202  201  201  201  200  200
  200  200  200  200  200  200  200  200  200  200  200  200  199  199  198  198
  197  196  195  194  193  192  191  189  188  187  185  184  183  181  180  179
  178  180  178  178  180  182  185  190  196                                   
    85.0-180.0 180.0   5.0 450.0                            LAT/LON1/LON2/DLON/H
  184  183  186  190  192  197  200  203  207  210  211  213  214  215  215  215
  214  214  213  212  211  209  208  207  207  206  205  205  205  205  205  205
  206  206  207  207  208  209  209  210  210  210  210  210  210  210  209  208
  208  207  205  204  203  201  199  198  196  194  192  190  188  186  184  182
  182  182  177  177  174  176  180  187  184                                   
    82.5-180.0 180.0   5.0 450.0                            LAT/LON1/LON2/DLON/H
  174  177  177  176  178  185  189  193  198  202  205  208  210  211  211  210
  209  208  206  204  202  199  197  196  194  193  193  193  193  193  194  196
  197  199  201  202  204  205  207  208  209  210  211  211  212  212  211  211
  210  209  208  207  206  204  202  200  198  195  193  190  187  184  181  178
  175  173  166  167  165  166  169  165  174                                   
    80.0-180.0 180.0   5.0 450.0                            LAT/LON1/LON2/DLON/H
  167  167  165  167  170  176  182  189  196  201  204  208  210  211  211  209
  207  204  200  196  192  188  184  181  179  177  176  176  177  179  181  184
  187  190  193  197  200  203  206  209  211  214  216  217  219  220  221  221
  222  222  222  221  221  220  218  217  215  213  210  207  204  200  196  192
  187  181  173  172  166  162  166  156  167                                   
    77.5-180.0 180.0   5.0 450.0                            LAT/LON1/LON2/DLON/H
  164  156  156  157  159  165  172  179  187  193  198  202  204  205  205  202
  199  194  189  183  178  172  167  163  160  158  157  158  160  163  167  171
  177  182  188  193  199  204  209  213  217  221  224  227  230  232  235  236
  238  239  240  241  242  242  241  241  240  239  237  234  231  227  222  217
  209  202  189  185  178  167  162  156  164                                   
    75.0-180.0 180.0   5.0 450.0                            LAT/LON1/LON2/DLON/H
  160  154  149  150  150  157  163  170  180  187  192  197  199  200  198  195
  191  185  179  172  165  158  152  146  142  140  139  140  143  147  153  160
  167  174  182  189  196  203  210  217  223  228  233  238  242  246  249  252
  255  258  260  262  264  265  266  267  267  267  267  265  263  260  255  249
  241  231  217  205  193  179  171  162  160                                   
    72.5-180.0 180.0   5.0 450.0                            LAT/LON1/LON2/DLON/H
  159  152  146  144  143  147  154  161  170  178  184  189  191  192  190  187
  182  176  170  163  155  148  141  136  131  128  128  129  133  138  145  153
  161  170  179  187  196  204  212  220  228  235  241  247  252  257  261  266
  270  273  276  279  281  283  284  285  287  288  288  288  287  285  281  276
  268  258  243  230  212  194  183  176  159                                   
    70.0-180.0 180.0   5.0 450.0                            LAT/LON1/LON2/DLON/H
  163  152  144  140  135  137  143  150  159  167  174  180  182  183  181  178
  173  168  163  156  150  143  137  131  126  123  122  124  128  134  141  150
  159  168  177  186  195  205  214  223  232  241  248  255  261  266  272  276
  281  285  288  291  292  293  294  295  295  296  297  298  298  296  294  290
  283  274  261  247  228  209  199  192  163                                   
    67.5-180.0 180.0   5.0 450.0                            LAT/LON1/LON2/DLON/H
  164  152  143  137  129  128  133  139  148  156  164  170  174  175  174  171
  168  164  160  155  150  144  138  132  127  124  123  124  128  134  142  151
  160  168  177  186  195  205  215  226  236  246  254  261  267  273  278  283
  288  291  294  296  296  296  294  293  293  293  293  294  294  293  291  289
  284  276  265  253  236  218  207  203  164                                   
    65.0-180.0 180.0   5.0 450.0                            LAT/LON1/LON2/DLON/H
  168  155  144  134  122  118  120  125  134  143  151  159  163  165  164  163
  161  159  156  153  150  145  139  134  128  125  123  125  129  135  143  152
  161  169  177  186  195  206  218  230  243  254  262  269  275  280  284  288
  292  296  298  298  296  293  290  287  284  283  282  282  282  280  279  276
  273  268  260  250  238  225  216  212  168                                   
    62.5-180.0 180.0   5.0 450.0                            LAT/LON1/LON2/DLON/H
  173  160  147  132  117  108  107  110  117  126  135  144  150  153  154  153
  153  152  151  149  146  142  137  131  126  123  121  123  127  134  142  151
  160  168  176  184  194  207  221  236  250  263  272  278  283  286  289  292
  296  298  300  299  296  291  286  280  276  273  271  270  268  266  263  260
  257  253  248  242  235  227  219  216  173                                   
    60.0-180.0 180.0   5.0 450.0                            LAT/LON1/LON2/DLON/H
  182  169  154  134  114  100   94   94   99  107  117  126  133  137  140  140
  141  141  141  139  137  133  128  122  118  115  114  116  121  128  137  147
  156  165  173  182  194  208  226  244  261  275  284  290  293  294  296  298
  300  303  304  304  300  295  288  282  276  272  269  266  263  258  253  250
  246  242  239  236  234  229  224  218  182                                   
    57.5-180.0 180.0   5.0 450.0                            LAT/LON1/LON2/DLON/H
  198  187  170  142  119   99   87   82   84   90   99  109  116  121  124  126
  127  127  127  126  123  119  114  110  106  104  104  107  113  121  131  142
  153  162  172  182  196  213  234  256  276  291  301  306  307  307  307  308
  310  313  316  316  314  309  303  296  290  286  282  277  271  265  258  252
  246  242  240  238  240  237  232  224  198                                   
    55.0-180.0 180.0   5.0 450.0                            LAT/LON1/LON2/DLON/H
  222  211  193  161  134  107   89   77   75   77   84   93  100  106  109  112
  113  113  113  110  107  103   99   96   94   93   95   98  105  114  126  138
  150  161  172  185  201  221  245  270  293  311  322  326  326  324  323  323
  326  330  334  337  337  333  328  322  317  312  308  302  295  286  277  268
  260  255  253  251  253  251  246  235  222                                   
    52.5-180.0 180.0   5.0 450.0                            LAT/LON1/LON2/DLON/H
  250  241  222  188  159  128  104   85   76   74   77   83   89   94   98  100
  102  102  101   98   94   90   87   86   86   87   90   94  101  111  123  137
  151  164  176  190  208  231  257  286  312  332  344  349  349  346  343  343
  346  352  359  364  365  363  360  355  351  347  343  337  329  318  307  296
  286  279  275  271  272  271  265  251  250                                   
    50.0-180.0 180.0   5.0 450.0                            LAT/LON1/LON2/DLON/H
  277  271  252  220  191  158  130  105   90   82   80   82   86   89   92   94
   96   96   95   93   89   85   83   83   85   88   92   97  103  113  125  140
  155  170  184  199  218  242  270  301  330  353  367  374  374  371  368  367
  371  378  386  392  395  395  392  388  385  382  378  372  363  352  340  328
  317  309  302  296  293  292  284  270  277                                   
    47.5-180.0 180.0   5.0 450.0                            LAT/LON1/LON2/DLON/H
  298  294  278  250  224  192  162  133  113  100   93   91   91   92   93   95
   96   97   97   95   92   89   88   89   92   97  101  105  111  120  132  147
  163  179  194  210  229  253  283  315  345  371  388  397  399  396  394  394
  398  405  413  419  422  421  417  414  411  407  403  396  387  376  365  354
  343  335  326  318  311  308  300  287  298                                   
    45.0-180.0 180.0   5.0 450.0                            LAT/LON1/LON2/DLON/H
  306  304  293  272  249  222  194  165  142  125  114  108  104  102  101  102
  103  105  105  105  103  101  101  102  106  110  114  118  123  130  142  156
  173  189  205  221  240  264  293  325  357  385  405  417  422  421  420  421
  425  431  438  442  442  439  433  428  424  419  413  404  394  383  373  364
  356  350  340  330  320  316  307  295  306                                   
    42.5-180.0 180.0   5.0 450.0                            LAT/LON1/LON2/DLON/H
  299  298  292  279  262  241  217  192  169  151  138  129  122  118  115  114
  115  117  119  120  120  119  118  119  122  125  127  130  133  140  151  166
  182  199  215  231  250  273  300  332  365  394  418  434  442  445  446  448
  452  458  462  462  459  452  443  436  429  422  413  402  389  377  368  361
  356  351  342  332  319  313  304  293  299                                   
    40.0-180.0 180.0   5.0 450.0                            LAT/LON1/LON2/DLON/H
  280  276  274  266  256  242  226  207  188  172  159  150  142  136  132  130
  130  133  136  139  140  139  137  135  135  135  136  137  140  147  158  173
  191  208  224  240  258  280  307  338  370  401  428  447  460  468  473  478
  483  488  490  487  480  469  459  450  441  432  420  404  389  374  364  356
  351  347  339  328  314  303  294  281  280                                   
    37.5-180.0 180.0   5.0 450.0                            LAT/LON1/LON2/DLON/H
  258  248  246  238  234  226  219  209  196  184  174  166  160  154  150  147
  146  149  154  158  160  158  153  148  143  141  140  140  144  152  164  180
  198  215  231  248  266  287  313  343  376  408  437  461  479  492  503  512
  521  527  529  525  516  505  494  485  476  465  450  431  410  392  378  368
  360  354  344  331  315  298  286  269  258                                   
    35.0-180.0 180.0   5.0 450.0                            LAT/LON1/LON2/DLON/H
  244  227  220  207  204  199  198  196  191  186  181  177  173  170  166  163
  162  164  169  174  176  173  165  156  148  142  140  141  146  155  169  186
  204  222  238  255  274  296  322  351  384  417  448  476  499  519  537  554
  569  580  586  585  578  568  559  552  545  533  516  493  468  444  424  409
  397  386  373  355  336  311  295  270  244                                   
    32.5-180.0 180.0   5.0 450.0                            LAT/LON1/LON2/DLON/H
  251  225  209  187  180  173  173  176  177  179  179  181  182  181  180  178
  176  178  183  188  189  184  174  162  151  143  140  142  148  159  174  192
  210  228  245  264  284  308  334  363  395  428  462  493  522  550  577  604
  628  649  662  667  665  661  657  654  650  640  622  596  566  536  511  489
  470  454  435  410  387  353  328  296  251                                   
    30.0-180.0 180.0   5.0 450.0                            LAT/LON1/LON2/DLON/H
  285  251  222  189  173  160  157  160  164  169  175  181  186  190  191  190
  189  190  194  198  199  193  182  168  156  147  143  144  151  163  179  197
  216  234  253  274  297  322  349  378  409  442  476  511  546  582  620  658
  695  727  750  765  772  775  778  782  783  777  760  733  700  666  634  605
  580  556  531  497  469  426  388  350  285                                   
    27.5-180.0 180.0   5.0 450.0                            LAT/LON1/LON2/DLON/H
  348  305  262  218  192  171  161  160  162  167  174  182  190  197  201  201
  200  200  203  206  207  202  191  177  164  155  150  150  157  169  186  204
  223  242  263  286  311  339  367  395  425  456  490  527  568  613  661  711
  759  803  838  864  880  892  903  914  921  919  905  880  848  812  777  743
  712  684  652  608  574  522  468  426  348                                   
    25.0-180.0 180.0   5.0 450.0                            LAT/LON1/LON2/DLON/H
  437  385  327  273  236  208  189  180  177  179  184  191  198  205  210  212
  210  209  210  213  213  209  200  188  176  166  160  160  165  177  193  211
  230  251  273  299  327  357  386  414  442  472  505  544  588  639  696  754
  812  865  909  943  968  987 1004 1021 1034 1037 1028 1007  979  946  912  878
  844  814  778  729  687  627  561  516  437                                   
    22.5-180.0 180.0   5.0 450.0                            LAT/LON1/LON2/DLON/H
  537  480  411  350  302  267  238  222  213  209  208  210  213  218  222  222
  220  218  217  218  218  216  210  200  189  179  173  171  175  185  200  217
  237  259  284  313  344  376  406  434  462  491  523  562  608  662  721  784
  846  903  951  989 1017 1039 1060 1081 1098 1106 1102 1088 1066 1041 1013  983
  952  925  889  835  787  723  653  607  537                                   
    20.0-180.0 180.0   5.0 450.0                            LAT/LON1/LON2/DLON/H
  630  570  499  436  380  340  305  281  265  254  245  240  236  236  236  235
  231  226  223  221  221  220  217  210  201  192  184  179  181  189  202  219
  241  266  295  327  362  395  426  455  483  512  544  583  628  681  739  800
  859  914  959  993 1020 1041 1063 1085 1105 1117 1119 1111 1097 1081 1063 1041
 1017  995  964  909  857  791  727  685  630                                   
    17.5-180.0 180.0   5.0 450.0                            LAT/LON1/LON2/DLON/H
  695  637  572  514  457  416  380  351  329  311  295  281  269  260  255  250
  243  235  228  224  222  221  220  216  209  199  189  181  179  184  197  216
  242  272  306  341  378  413  445  475  504  534  568  606  649  697  749  802
  852  897  933  959  978  995 1014 1036 1058 1074 1083 1082 1077 1070 1062 1050
 1034 1018  992  939  886  819  765  735  695                                   
    15.0-180.0 180.0   5.0 450.0                            LAT/LON1/LON2/DLON/H
  726  666  613  566  517  482  450  422  397  375  353  331  309  292  279  269
  257  245  233  225  221  220  220  218  211  199  185  173  168  173  187  211
  242  277  315  354  391  427  460  491  522  554  589  627  667  709  751  792
  829  859  880  895  904  914  929  950  973  993 1007 1016 1021 1024 1025 1022
 1013 1000  978  924  872  807  762  748  726                                   
    12.5-180.0 180.0   5.0 450.0                            LAT/LON1/LON2/DLON/H
  724  660  620  585  551  527  502  479  457  435  411  384  355  329  309  291
  274  256  238  225  218  216  217  215  206  190  173  159  154  161  178  206
  242  282  323  363  401  438  472  504  536  570  606  643  679  715  748  776
  797  812  818  820  820  824  835  854  877  900  920  937  951  963  972  975
  969  957  933  878  827  764  727  731  724                                   
    10.0-180.0 180.0   5.0 450.0                            LAT/LON1/LON2/DLON/H
  700  635  608  584  564  549  532  515  499  481  459  431  399  367  340  315
  292  267  243  225  215  212  212  207  194  176  159  147  144  152  173  204
  243  285  328  369  408  444  478  511  544  578  614  650  684  715  741  759
  770  772  768  760  753  754  763  781  804  827  850  871  891  908  920  925
  920  906  877  819  769  710  680  699  700                                   
     7.5-180.0 180.0   5.0 450.0                            LAT/LON1/LON2/DLON/H
  675  617  601  582  570  562  548  533  521  508  490  464  432  398  366  337
  308  277  248  225  212  207  203  195  180  164  149  140  139  149  170  203
