data/edconvlstm_nd/pred2300.15i
     1.0            IONOSPHERE MAPS     GNSS                IONEX VERSION / TYPE
pyspatialgeodesy        IME             05-JAN-18 20:20     PGM / RUN BY / DATE 
Map Name                                                    COMMENT             
Predicted global ionosphere maps (GIM).                     DESCRIPTION         
  2015     8    18     0     0     0                        EPOCH OF FIRST MAP  
  2015     8    19     0     0     0                        EPOCH OF LAST MAP   
  7200                                                      INTERVAL            
    13                                                      # OF MAPS IN FILE   
  NONE                                                      MAPPING FUNCTION    
10.0                                                        ELEVATION CUTOFF    
One-way carrier phase leveled to code                       OBSERVABLES USED    
  6371.0                                                    BASE RADIUS         
 2                                                          MAP DIMENSION       
   450.0 450.0   0.0                                        HGT1 / HGT2 / DHGT  
    87.5 -87.5  -2.5                                        LAT1 / LAT2 / DLAT  
  -180.0 180.0   5.0                                        LON1 / LON2 / DLON  
    -1                                                      EXPONENT            
                                                            END OF HEADER       
[from data line 5148]
    13                                                      START OF TEC MAP    
  2015     8    19     0     0     0                        EPOCH OF CURRENT MAP
    87.5-180.0 180.0   5.0 450.0                            LAT/LON1/LON2/DLON/H
  105  104  106   99   98  101   99   97   99   98   99  100  100  101  101  101
  101  100  100   99   98   98   97   95   94   93   92   90   89   88   87   86
   85   85   84   84   83   83   83   82   82   82   82   82   82   82   82   82
   82   81   81   81   81   81   81   82   82   82   82   82   82   83   83   84
   85   86   85   86   82   90   99   97  105                                   
    85.0-180.0 180.0   5.0 450.0                            LAT/LON1/LON2/DLON/H
  107  108   91   97  101  106  103  102  103  104  104  105  105  106  106  106
  106  105  105  104  103  102  100   99   97   96   94   93   91   90   89   88
   87   86   85   85   84   84   84   84   84   83   83   83   83   83   82   82
   82   81   81   81   81   81   81   81   81   82   82   83   83   83   84   85
   86   87   88   92   92  100  108  105  107                                   
    82.5-180.0 180.0   5.0 450.0                            LAT/LON1/LON2/DLON/H
  105   97  107  104  105  112  110  110  113  112  113  114  115  115  115  115
  114  114  113  112  110  108  106  104  102   99   97   94   92   90   88   87
   86   85   84   84   84   84   84   84   83   83   83   83   82   82   81   81
   80   80   80   80   80   80   80   80   81   81   82   83   83   84   85   87
   88   88   89   89   94   87   95   99  105                                   
    80.0-180.0 180.0   5.0 450.0                            LAT/LON1/LON2/DLON/H
  116  104  102  100  105  109  111  113  116  116  117  118  118  118  118  117
  117  116  115  114  112  110  108  105  101   98   94   91   87   85   83   81
   80   79   79   79   79   79   79   79   79   79   79   78   78   77   77   76
   76   75   75   74   74   74   74   75   75   76   77   77   78   79   80   82
   82   82   83   83   99   92  102  112  116                                   
    77.5-180.0 180.0   5.0 450.0                            LAT/LON1/LON2/DLON/H
  124  111  102  111  109  113  116  121  124  123  125  125  125  125  124  123
  122  121  121  119  118  115  112  108  104  100   95   90   87   83   81   80
   79   79   79   80   80   81   81   82   81   81   81   80   80   79   79   78
   78   77   77   77   77   77   77   78   78   79   79   80   81   82   83   84
   85   86   86   87   96   98  102  118  124                                   
    75.0-180.0 180.0   5.0 450.0                            LAT/LON1/LON2/DLON/H
  125  107  104  114  112  117  118  122  126  125  126  125  124  122  120  119
  118  117  117  116  115  112  109  105  100   94   89   84   80   77   75   74
   75   75   76   78   79   80   80   80   80   79   79   78   78   77   77   77
   77   77   77   77   77   77   78   78   79   80   81   82   82   83   84   85
   84   86   87   82   90  100  101  114  125                                   
    72.5-180.0 180.0   5.0 450.0                            LAT/LON1/LON2/DLON/H
  113  101  101  108  109  112  114  119  124  123  123  121  119  116  113  111
  109  109  109  109  109  107  104  100   94   88   82   76   72   69   68   68
   68   70   72   73   74   75   75   75   74   73   72   71   71   70   70   70
   71   71   72   72   73   73   74   75   76   77   78   79   80   81   83   84
   83   84   87   84   86   95  100  115  113                                   
    70.0-180.0 180.0   5.0 450.0                            LAT/LON1/LON2/DLON/H
  109   97   98  107  107  112  114  119  125  124  123  121  117  112  108  105
  103  103  104  105  105  104  102   97   91   84   78   72   68   66   65   65
   67   69   71   72   73   73   73   71   70   68   67   66   66   66   67   68
   69   70   71   72   73   75   76   78   79   81   83   84   85   86   88   89
   88   88   91   89   90   98  101  113  109                                   
    67.5-180.0 180.0   5.0 450.0                            LAT/LON1/LON2/DLON/H
  106   96   96  103  103  107  109  114  120  120  119  116  111  105  100   97
   95   95   97   98  100   99   96   92   85   78   71   66   62   60   59   60
   61   63   65   66   66   65   63   61   59   57   56   55   55   56   57   59
   60   62   64   65   67   69   71   73   76   78   81   83   85   86   88   90
   89   89   91   90   92   98  100  113  106                                   
    65.0-180.0 180.0   5.0 450.0                            LAT/LON1/LON2/DLON/H
  105   94   94   99   99  102  103  109  116  116  116  113  108  101   96   91
   89   90   92   94   96   96   93   88   81   74   68   62   59   57   56   57
   58   59   59   59   59   57   55   52   49   48   46   46   47   48   49   51
   53   55   57   59   61   63   66   69   73   76   80   83   86   88   90   91
   91   91   95   93   96  102  104  117  105                                   
    62.5-180.0 180.0   5.0 450.0                            LAT/LON1/LON2/DLON/H
  108   97   95   99   97   99   99  105  112  113  113  111  107  101   95   90
   88   89   91   94   96   95   93   87   80   73   67   62   59   58   57   57
   57   57   57   56   54   52   49   46   44   42   41   41   42   43   44   46
   48   49   51   53   56   59   62   66   71   75   80   84   88   90   93   95
   95   95   99   98  101  108  109  122  108                                   
    60.0-180.0 180.0   5.0 450.0                            LAT/LON1/LON2/DLON/H
  112  101   99  101   97   97   96  101  107  109  110  109  106  101   95   91
   89   90   92   95   96   95   92   86   79   73   68   64   61   60   59   58
   57   55   54   52   50   48   45   43   41   40   40   40   41   41   42   43
   44   45   46   48   50   53   57   62   68   73   79   84   88   92   95   97
   97   98  102  102  106  113  115  127  112                                   
    57.5-180.0 180.0   5.0 450.0                            LAT/LON1/LON2/DLON/H
  118  109  107  107  101   98   96   99  104  105  107  108  106  102   98   94
   92   93   95   97   97   96   91   85   79   73   69   66   65   63   62   60
   57   55   52   50   49   47   45   44   43   43   43   43   44   44   43   42
   42   42   42   44   46   50   54   60   66   72   79   84   89   93   96   99
   99  101  105  105  110  119  121  134  118                                   
    55.0-180.0 180.0   5.0 450.0                            LAT/LON1/LON2/DLON/H
  126  119  117  117  109  104  100  101  104  104  105  106  105  103  100   97
   96   96   97   98   98   95   90   84   78   74   71   70   69   67   65   61
   58   55   52   51   49   49   48   48   48   48   49   50   50   49   47   45
   43   42   42   43   45   49   54   59   66   73   79   86   91   95   98  101
  101  103  108  108  113  124  125  138  126                                   
    52.5-180.0 180.0   5.0 450.0                            LAT/LON1/LON2/DLON/H
  135  129  128  129  121  114  109  107  108  105  105  106  106  104  102  100
   99   99   99  100   98   94   89   83   78   75   74   73   73   71   68   63
   59   56   54   53   53   53   54   55   56   57   58   58   58   56   53   50
   46   44   44   45   47   51   56   62   68   75   82   88   93   97  100  103
  103  105  110  110  115  127  128  142  135                                   
    50.0-180.0 180.0   5.0 450.0                            LAT/LON1/LON2/DLON/H
  142  139  140  142  134  127  122  119  116  111  108  108  107  106  104  102
  101  101  101  100   98   94   88   83   79   77   77   77   76   74   70   65
   61   58   57   58   59   61   62   63   65   66   67   67   66   64   60   56
   52   50   49   50   53   57   62   68   74   80   86   92   97  100  104  107
  107  108  113  112  118  129  130  144  142                                   
    47.5-180.0 180.0   5.0 450.0                            LAT/LON1/LON2/DLON/H
  149  147  149  154  148  142  138  134  128  120  115  112  110  108  106  104
  103  102  102  102   99   95   90   85   82   80   80   81   79   76   72   67
   64   62   62   64   66   69   70   72   73   74   75   75   74   71   67   63
   59   57   56   57   61   65   70   76   82   87   93   98  102  106  110  112
  113  114  118  117  121  131  131  145  149                                   
    45.0-180.0 180.0   5.0 450.0                            LAT/LON1/LON2/DLON/H
  153  152  154  162  159  156  153  149  143  133  125  120  115  112  109  106
  105  104  104  104  102   99   94   90   87   86   85   84   82   78   74   70
   67   67   69   71   74   76   78   79   80   82   82   82   80   77   74   70
   67   65   65   67   70   75   80   86   91   96  100  105  109  112  117  120
  121  123  127  124  127  134  134  147  153                                   
    42.5-180.0 180.0   5.0 450.0                            LAT/LON1/LON2/DLON/H
  157  156  156  166  167  166  166  163  157  146  136  129  123  117  113  110
  108  107  108  108  107  104  101   98   95   93   92   89   85   81   76   73
   72   72   75   78   80   82   84   85   86   87   87   87   85   82   79   76
   74   73   73   75   79   84   89   95  100  104  108  112  116  121  125  130
  132  134  138  135  136  140  139  152  157                                   
    40.0-180.0 180.0   5.0 450.0                            LAT/LON1/LON2/DLON/H
  162  159  158  167  171  173  173  173  169  158  148  139  132  125  119  115
  112  112  113  114  114  112  110  108  105  103  100   95   89   83   79   77
   76   78   80   83   85   87   88   89   90   91   91   90   88   85   83   81
   79   78   79   81   85   90   96  102  107  112  116  120  125  129  135  141
  144  148  153  149  149  151  149  162  162                                   
    37.5-180.0 180.0   5.0 450.0                            LAT/LON1/LON2/DLON/H
  170  165  162  169  173  176  177  178  177  168  159  150  141  133  127  122
  119  119  120  121  121  121  120  119  117  114  109  102   94   87   83   80
   81   83   85   87   88   89   89   90   92   93   94   93   91   88   86   84
   83   82   82   84   88   94  100  106  112  118  123  128  133  139  145  152
  157  163  169  165  166  166  164  177  170                                   
    35.0-180.0 180.0   5.0 450.0                            LAT/LON1/LON2/DLON/H
  183  176  171  173  177  178  179  182  182  175  168  160  151  143  136  131
  128  128  128  129  130  130  131  131  129  125  118  109  100   92   87   85
   85   87   88   89   89   88   89   91   93   96   97   96   93   90   88   86
   84   83   82   84   88   94  101  109  116  122  128  134  141  148  156  164
  170  177  185  182  184  185  185  199  183                                   
    32.5-180.0 180.0   5.0 450.0                            LAT/LON1/LON2/DLON/H
  203  195  188  185  186  185  184  186  187  182  176  169  162  154  147  142
  138  137  137  137  138  139  141  142  141  136  128  117  106   97   92   89
   89   90   90   89   88   87   88   90   94   97   99   98   96   92   88   86
   83   81   80   81   86   92  101  109  117  124  132  139  148  156  166  175
  182  191  199  199  203  207  210  225  203                                   
    30.0-180.0 180.0   5.0 450.0                            LAT/LON1/LON2/DLON/H
  227  221  213  207  204  199  196  195  195  191  185  179  172  165  158  153
  149  146  145  144  145  147  151  153  152  146  137  125  113  103   96   93
   92   91   90   87   85   84   86   89   94   98  100  100   96   92   87   84
   80   78   76   77   82   90  100  109  118  126  134  144  154  165  176  186
  195  204  213  214  221  229  236  254  227                                   
    27.5-180.0 180.0   5.0 450.0                            LAT/LON1/LON2/DLON/H
  253  250  244  237  230  222  217  213  210  204  198  192  186  178  172  166
  160  156  152  151  152  156  160  163  161  154  143  130  118  107  100   96
   94   92   89   86   84   83   84   88   93   97   99   98   95   89   84   80
   76   73   72   73   79   89  100  110  119  128  137  148  161  174  187  198
  207  216  227  229  238  249  260  282  253                                   
    25.0-180.0 180.0   5.0 450.0                            LAT/LON1/LON2/DLON/H
  279  279  276  273  264  255  247  238  232  224  217  210  203  195  187  180
  173  166  161  159  161  166  171  172  169  160  148  134  121  111  104   99
   96   93   90   86   84   83   84   87   90   94   96   94   90   85   79   75
   71   68   67   70   78   89  101  113  123  132  142  155  169  184  198  210
  220  229  240  242  253  267  281  308  279                                   
    22.5-180.0 180.0   5.0 450.0                            LAT/LON1/LON2/DLON/H
  301  302  306  309  300  293  284  271  261  250  241  233  225  216  207  198
  188  180  173  171  173  179  183  183  176  164  150  136  123  113  106  102
   98   95   92   89   87   86   86   87   88   90   90   88   84   78   73   69
   65   63   64   68   77   90  105  118  130  139  150  163  179  195  210  223
  233  243  254  256  267  282  299  330  301                                   
    20.0-180.0 180.0   5.0 450.0                            LAT/LON1/LON2/DLON/H
  318  320  331  341  335  330  322  307  294  281  271  262  252  242  232  220
  208  197  190  188  191  196  198  194  182  166  150  135  124  115  109  105
  102  100   97   95   93   92   90   88   87   86   84   81   77   72   67   63
   61   59   61   66   76   91  108  124  137  147  158  172  189  206  223  237
  247  257  269  271  282  295  314  348  318                                   
    17.5-180.0 180.0   5.0 450.0                            LAT/LON1/LON2/DLON/H
  330  334  349  366  365  363  356  342  328  314  302  293  283  272  260  247
  233  221  213  212  214  218  216  206  188  167  148  134  124  117  113  110
  108  107  105  104  103  100   97   92   87   83   80   76   71   67   63   60
   57   56   58   64   75   91  110  128  143  155  167  181  199  217  235  250
  262  273  285  288  298  308  328  363  330                                   
    15.0-180.0 180.0   5.0 450.0                            LAT/LON1/LON2/DLON/H
  339  345  362  385  388  390  385  372  358  344  333  324  314  304  291  278
  263  251  243  241  243  243  235  218  193  167  147  133  124  120  117  116
  116  116  117  116  115  111  105   97   89   83   77   73   68   64   60   57
   55   54   56   61   72   89  109  129  146  160  174  189  207  227  246  262
  276  289  302  306  316  324  343  378  339                                   
    12.5-180.0 180.0   5.0 450.0                            LAT/LON1/LON2/DLON/H
  350  356  372  397  405  410  406  395  382  368  358  350  342  332  321  309
  295  283  276  273  272  268  253  228  197  168  145  132  125  123  122  123
  125  128  130  130  128  123  115  104   94   85   78   73   68   63   60   57
   54   53   53   58   68   84  105  126  145  162  177  193  213  234  254  273
  289  305  320  326  335  342  360  394  350                                   
    10.0-180.0 180.0   5.0 450.0                            LAT/LON1/LON2/DLON/H
  364  370  383  406  417  423  420  410  398  385  375  368  362  355  346  336
  325  315  307  303  298  288  267  235  200  168  145  132  127  126  127  131
  135  139  142  143  140  134  124  112  100   90   82   76   70   65   61   57
   53   51   50   54   63   77   97  118  139  158  175  194  215  237  260  281
  299  318  335  344  355  362  379  411  364                                   
     7.5-180.0 180.0   5.0 450.0                            LAT/LON1/LON2/DLON/H
  382  389  397  415  426  432  429  418  406  393  383  376  372  368  363  356
  348  339  331  324  315  299  273  237  200  167  145  133  129  129  132  137
