data/edconvlstm_nd/pred2220.15i
     1.0            IONOSPHERE MAPS     GNSS                IONEX VERSION / TYPE
pyspatialgeodesy        IME             05-JAN-18 20:20     PGM / RUN BY / DATE 
Map Name                                                    COMMENT             
Predicted global ionosphere maps (GIM).                     DESCRIPTION         
  2015     8    10     0     0     0                        EPOCH OF FIRST MAP  
  2015     8    11     0     0     0                        EPOCH OF LAST MAP   
  7200                                                      INTERVAL            
    13                                                      # OF MAPS IN FILE   
  NONE                                                      MAPPING FUNCTION    
10.0                                                        ELEVATION CUTOFF    
One-way carrier phase leveled to code                       OBSERVABLES USED    
  6371.0                                                    BASE RADIUS         
 2                                                          MAP DIMENSION       
   450.0 450.0   0.0                                        HGT1 / HGT2 / DHGT  
    87.5 -87.5  -2.5                                        LAT1 / LAT2 / DLAT  
  -180.0 180.0   5.0                                        LON1 / LON2 / DLON  
    -1                                                      EXPONENT            
                                                            END OF HEADER       
[from data line 2145]
     6                                                      START OF TEC MAP    
  2015     8    10    10     0     0                        EPOCH OF CURRENT MAP
    87.5-180.0 180.0   5.0 450.0                            LAT/LON1/LON2/DLON/H
  117  122  121  128  130  130  128  125  127  128  127  128  127  127  127  127
  126  126  126  126  126  126  126  126  126  126  126  126  126  126  125  125
  125  124  124  123  123  122  122  121  121  120  120  120  119  119  119  119
  118  118  118  118  117  117  117  117  116  116  116  115  115  115  115  115
  116  118  116  115  121  120  129  125  117                                   
    85.0-180.0 180.0   5.0 450.0                            LAT/LON1/LON2/DLON/H
  118  126  135  130  131  134  134  134  134  135  134  134  134  133  133  132
  132  132  131  131  132  132  132  132  132  133  133  133  133  133  133  132
  132  131  131  130  130  129  128  128  127  127  126  126  126  125  125  125
  125  125  124  124  124  124  123  123  123  122  122  122  121  121  121  121
  122  124  120  118  117  120  127  130  118                                   
    82.5-180.0 180.0   5.0 450.0                            LAT/LON1/LON2/DLON/H
  117  128  134  129  129  132  133  133  133  133  131  131  129  128  127  127
  126  126  126  126  127  127  128  129  129  130  131  131  132  132  132  132
  132  131  131  130  130  129  128  128  127  127  126  126  126  125  125  125
  125  125  125  125  125  124  124  123  122  121  120  119  118  117  116  116
  116  117  113  113  115  122  121  118  117                                   
    80.0-180.0 180.0   5.0 450.0                            LAT/LON1/LON2/DLON/H
  116  123  129  129  129  129  129  130  130  129  126  124  122  120  119  117
  117  117  117  117  118  119  121  122  123  124  126  126  127  128  128  128
  128  128  128  128  128  127  127  126  126  126  125  125  125  126  126  126
  126  127  127  127  127  126  126  124  123  121  119  118  116  114  112  111
  110  110  108  109  109  118  124  117  116                                   
    77.5-180.0 180.0   5.0 450.0                            LAT/LON1/LON2/DLON/H
  117  122  127  129  128  131  130  130  129  126  121  119  115  113  110  109
  108  108  109  110  111  113  115  117  119  121  123  124  125  126  127  128
  129  129  130  130  131  131  131  131  131  131  132  132  132  133  133  134
  135  136  136  137  137  136  135  134  132  129  127  123  120  117  114  111
  109  108  104  106  108  111  117  117  117                                   
    75.0-180.0 180.0   5.0 450.0                            LAT/LON1/LON2/DLON/H
  110  118  119  124  124  128  126  125  123  119  113  110  105  102   99   98
   97   97   98  100  102  105  107  110  112  114  116  118  119  121  123  124
  126  127  129  130  132  133  134  135  135  136  136  137  137  138  139  140
  141  142  143  144  144  144  143  141  139  136  132  129  125  121  117  114
  110  107  103  100  103  107  112  107  110                                   
    72.5-180.0 180.0   5.0 450.0                            LAT/LON1/LON2/DLON/H
  105  113  114  119  121  125  124  122  118  114  108  103   99   95   93   91
   91   91   93   95   97  100  103  106  108  111  113  114  116  118  120  123
  125  128  131  134  136  139  141  142  144  145  145  146  146  147  148  149
  150  151  152  152  152  151  150  148  146  143  140  136  132  128  124  120
  116  112  108  104  103  105  107  106  105                                   
    70.0-180.0 180.0   5.0 450.0                            LAT/LON1/LON2/DLON/H
  104  107  108  112  113  115  114  112  109  105   99   95   90   87   85   84
   84   85   86   88   91   94   96   99  101  104  106  107  109  112  114  118
  121  125  130  134  138  142  145  148  150  151  152  152  152  153  153  153
  153  153  153  153  152  151  149  148  145  143  141  138  135  132  128  125
  121  116  112  107  103  104  107  105  104                                   
    67.5-180.0 180.0   5.0 450.0                            LAT/LON1/LON2/DLON/H
   99  101  102  105  106  107  106  105  102   98   93   90   87   85   84   83
   83   84   85   86   88   90   92   95   97   99  101  103  105  108  111  115
  120  125  131  137  142  147  152  155  158  159  160  160  160  159  158  157
  156  155  153  152  150  148  146  144  142  141  139  138  137  135  133  132
  129  124  119  112  106  105  104  101   99                                   
    65.0-180.0 180.0   5.0 450.0                            LAT/LON1/LON2/DLON/H
   97   98   96   98   98   98   97   95   93   91   88   87   85   85   84   84
   84   84   84   85   86   87   89   91   93   96   98  101  104  107  111  116
  122  128  135  143  150  156  161  165  168  170  171  171  170  168  166  163
  160  157  154  151  148  146  143  141  139  138  138  138  139  139  139  139
  138  134  129  122  115  111  109  105   97                                   
    62.5-180.0 180.0   5.0 450.0                            LAT/LON1/LON2/DLON/H
   97   95   92   92   90   90   87   86   84   83   82   82   83   84   85   85
   85   84   83   82   82   83   84   87   90   93   96  100  104  108  113  119
  126  133  142  150  158  165  171  176  179  181  182  182  180  177  174  169
  165  160  155  151  147  144  141  138  137  136  136  138  140  142  144  146
  146  143  138  131  123  117  114  110   97                                   
    60.0-180.0 180.0   5.0 450.0                            LAT/LON1/LON2/DLON/H
   99   95   90   88   83   81   78   76   74   73   73   76   78   80   82   83
   82   81   78   76   76   76   78   81   86   90   95  100  105  111  117  124
  131  140  149  158  166  174  180  186  190  192  193  192  190  187  182  176
  170  164  158  153  148  144  141  138  136  136  136  138  141  144  146  149
  150  149  145  138  130  124  120  115   99                                   
    57.5-180.0 180.0   5.0 450.0                            LAT/LON1/LON2/DLON/H
  103   97   91   87   80   76   71   68   65   64   65   68   71   74   77   78
   77   75   72   69   68   69   72   77   83   89   96  102  109  116  123  131
  140  149  159  168  177  185  192  198  202  205  206  205  203  198  193  186
  178  171  165  159  154  150  147  144  142  141  142  143  145  148  150  153
  155  154  151  145  137  131  126  121  103                                   
    55.0-180.0 180.0   5.0 450.0                            LAT/LON1/LON2/DLON/H
  108  101   94   89   81   74   68   62   58   56   56   59   62   65   68   69
   68   66   63   61   60   62   67   73   81   89   97  105  113  121  129  138
  148  159  169  180  189  197  204  210  214  217  218  218  215  211  204  196
  188  180  173  167  163  159  156  153  151  150  150  150  152  153  154  156
  157  156  154  148  142  137  132  126  108                                   
    52.5-180.0 180.0   5.0 450.0                            LAT/LON1/LON2/DLON/H
  115  107  100   95   85   77   69   61   55   51   49   51   53   56   58   59
   59   57   55   54   54   58   64   71   80   89   98  107  115  124  134  144
  156  168  180  191  201  210  217  223  227  230  231  231  229  224  217  208
  198  189  182  176  172  168  166  163  162  161  160  160  160  160  160  160
  160  158  155  150  145  140  136  130  115                                   
    50.0-180.0 180.0   5.0 450.0                            LAT/LON1/LON2/DLON/H
  120  114  107  102   92   83   74   65   57   51   47   46   47   49   50   51
   51   50   49   49   51   56   63   72   82   91  100  108  117  126  136  148
  161  175  189  202  213  223  230  236  240  243  245  245  243  238  230  220
  209  198  190  183  179  176  174  172  171  170  169  169  168  167  165  164
  163  160  157  151  146  143  138  133  120                                   
    47.5-180.0 180.0   5.0 450.0                            LAT/LON1/LON2/DLON/H
  124  119  114  109  101   92   82   73   63   56   50   47   45   45   46   47
   47   47   47   49   52   58   66   75   84   93  101  109  117  126  137  150
  164  180  196  211  224  234  243  249  253  257  259  259  257  252  244  232
  220  208  197  189  184  181  178  177  176  176  176  176  175  173  171  169
  167  163  159  153  147  144  140  135  124                                   
    45.0-180.0 180.0   5.0 450.0                            LAT/LON1/LON2/DLON/H
  126  122  118  115  108  101   92   83   74   65   58   53   50   48   47   47
   48   49   50   53   57   63   71   80   89   96  103  109  116  125  136  149
  166  183  201  218  233  245  254  261  267  270  273  274  272  267  259  247
  232  218  205  195  188  183  180  179  178  178  179  179  179  178  176  174
  171  166  161  155  148  144  140  136  126                                   
    42.5-180.0 180.0   5.0 450.0                            LAT/LON1/LON2/DLON/H
  126  123  120  118  114  108  102   94   86   78   71   65   60   57   55   54
   54   56   57   60   64   70   77   85   93  100  105  110  116  124  134  149
  166  185  205  224  240  254  265  273  279  284  287  289  288  284  276  263
  248  231  216  203  194  188  183  180  179  179  180  181  182  181  180  178
  175  171  165  157  149  144  140  135  126                                   
    40.0-180.0 180.0   5.0 450.0                            LAT/LON1/LON2/DLON/H
  125  122  119  118  116  112  108  104   98   92   86   81   75   70   67   65
   65   66   67   69   72   77   83   90   98  104  108  113  118  125  135  149
  167  187  208  229  247  262  275  285  292  297  301  304  304  302  295  284
  268  250  233  219  207  199  192  187  184  183  183  183  184  184  183  182
  180  175  169  160  151  145  140  135  125                                   
    37.5-180.0 180.0   5.0 450.0                            LAT/LON1/LON2/DLON/H
  124  121  116  116  115  113  111  110  108  104  100   96   91   86   82   79
   78   77   78   78   80   83   88   95  102  108  113  118  122  129  139  153
  170  190  212  233  253  270  284  295  304  310  315  319  322  322  318  308
  294  277  259  244  232  222  213  205  199  194  192  190  189  189  188  187
  185  180  173  164  153  146  141  134  124                                   
    35.0-180.0 180.0   5.0 450.0                            LAT/LON1/LON2/DLON/H
  124  120  114  112  112  110  111  111  112  112  111  109  105  100   96   92
   90   88   87   86   86   88   92   99  106  114  120  125  130  137  146  159
  176  195  217  239  259  277  293  306  316  323  330  335  340  343  342  337
  325  311  296  282  270  259  248  237  227  218  210  205  201  197  195  193
  190  185  177  167  156  147  142  134  124                                   
    32.5-180.0 180.0   5.0 450.0                            LAT/LON1/LON2/DLON/H
  128  121  113  109  109  107  108  110  113  115  117  117  115  111  107  103
   99   96   94   91   90   91   95  103  112  121  129  135  141  147  156  168
  184  203  224  245  266  285  302  316  328  337  344  351  358  365  369  368
  362  352  341  330  320  310  297  283  268  253  240  229  220  213  207  203
  197  191  181  171  159  149  144  136  128                                   
    30.0-180.0 180.0   5.0 450.0                            LAT/LON1/LON2/DLON/H
  135  126  117  110  109  106  106  107  111  114  118  120  120  117  114  109
  105  101   98   95   93   94   99  107  118  129  138  146  152  159  168  179
  194  212  232  253  274  293  311  327  341  351  359  368  378  388  396  400
  400  396  390  384  378  369  356  339  320  299  280  263  248  235  225  217
  207  198  186  175  163  153  148  138  135                                   
    27.5-180.0 180.0   5.0 450.0                            LAT/LON1/LON2/DLON/H
  144  134  125  116  113  108  107  106  109  112  116  119  121  119  116  112
  108  104  100   97   96   98  104  113  125  137  147  155  162  169  178  190
  205  222  242  262  283  303  322  340  354  366  375  385  397  410  422  431
  435  437  437  436  434  428  415  397  374  349  325  302  282  264  249  235
  221  208  193  181  168  158  153  143  144                                   
    25.0-180.0 180.0   5.0 450.0                            LAT/LON1/LON2/DLON/H
  155  145  136  126  122  116  113  110  110  111  115  117  119  118  116  112
  108  104  101   99  100  103  110  121  133  145  155  163  170  177  187  199
  214  232  252  272  293  314  334  353  369  382  392  403  416  431  445  457
  465  471  475  479  480  476  465  446  421  394  367  342  319  297  277  258
  239  222  204  189  174  164  159  149  155                                   
    22.5-180.0 180.0   5.0 450.0                            LAT/LON1/LON2/DLON/H
  166  157  150  139  134  127  123  118  116  114  115  117  117  116  114  111
  107  104  102  101  104  109  117  128  140  152  160  167  173  182  193  206
  222  241  262  283  305  327  347  367  384  397  409  421  435  450  464  477
  486  494  501  506  509  507  496  478  454  428  402  377  354  331  307  284
  261  239  217  200  183  172  166  156  166                                   
    20.0-180.0 180.0   5.0 450.0                            LAT/LON1/LON2/DLON/H
  175  167  163  153  146  139  136  129  125  121  120  119  118  116  113  110
  107  104  103  104  107  114  123  134  146  155  162  168  174  183  195  211
  229  250  272  295  318  340  361  381  398  412  425  438  451  466  479  490
  499  506  512  517  520  517  507  490  469  446  424  404  383  361  337  312
  284  259  234  213  195  181  174  164  175                                   
    17.5-180.0 180.0   5.0 450.0                            LAT/LON1/LON2/DLON/H
  181  175  173  164  157  151  148  141  137  131  127  124  121  118  114  111
  107  105  104  105  110  117  127  138  148  156  161  166  172  182  197  215
  235  258  282  307  331  353  374  393  410  425  439  453  466  479  490  498
  504  509  512  514  514  510  500  485  468  450  435  420  405  386  363  337
  307  279  251  228  207  191  183  172  181                                   
    15.0-180.0 180.0   5.0 450.0                            LAT/LON1/LON2/DLON/H
  185  180  180  171  163  158  158  152  148  141  136  131  126  121  117  113
  109  106  105  106  111  118  128  138  147  154  159  162  169  181  199  219
  242  267  293  318  342  364  383  401  419  435  450  464  477  488  496  502
  505  506  505  502  499  492  483  471  458  446  437  429  419  404  383  357
  326  297  268  243  221  201  192  181  185                                   
    12.5-180.0 180.0   5.0 450.0                            LAT/LON1/LON2/DLON/H
  188  184  183  174  166  161  162  158  155  149  144  138  132  126  120  115
  111  107  106  106  110  116  125  134  143  150  155  160  169  183  203  226
  250  276  302  327  350  370  388  405  422  438  455  470  482  492  498  502
  502  500  495  489  481  473  464  455  446  440  437  433  427  415  396  371
  341  312  283  258  234  212  202  191  188                                   
    10.0-180.0 180.0   5.0 450.0                            LAT/LON1/LON2/DLON/H
  193  187  185  174  166  161  162  159  157  153  149  143  136  129  123  118
  113  109  106  106  108  112  119  128  137  146  153  160  171  188  210  234
  258  283  308  332  353  371  387  402  418  435  452  467  480  489  495  498
  498  494  487  478  468  459  452  445  441  439  438  436  431  419  401  377
  348  321  295  270  248  223  212  201  193                                   
     7.5-180.0 180.0   5.0 450.0                            LAT/LON1/LON2/DLON/H
  199  191  186  175  165  158  158  156  155  152  149  144  138  131  125  120
  115  111  107  105  105  107  112  120  131  141  151  162  177  196  218  242
