data/edconvlstm_nd/pred1320.15i
     1.0            IONOSPHERE MAPS     GNSS                IONEX VERSION / TYPE
pyspatialgeodesy        IME             05-JAN-18 20:20     PGM / RUN BY / DATE 
Map Name                                                    COMMENT             
Predicted global ionosphere maps (GIM).                     DESCRIPTION         
  2015     5    12     0     0     0                        EPOCH OF FIRST MAP  
  2015     5    13     0     0     0                        EPOCH OF LAST MAP   
  7200                                                      INTERVAL            
    13                                                      # OF MAPS IN FILE   
  NONE                                                      MAPPING FUNCTION    
10.0                                                        ELEVATION CUTOFF    
One-way carrier phase leveled to code                       OBSERVABLES USED    
  6371.0                                                    BASE RADIUS         
 2                                                          MAP DIMENSION       
   450.0 450.0   0.0                                        HGT1 / HGT2 / DHGT  
    87.5 -87.5  -2.5                                        LAT1 / LAT2 / DLAT  
  -180.0 180.0   5.0                                        LON1 / LON2 / DLON  
    -1                                                      EXPONENT            
                                                            END OF HEADER       
[from data line 429]
     2                                                      START OF TEC MAP    
  2015     5    12     2     0     0                        EPOCH OF CURRENT MAP
    87.5-180.0 180.0   5.0 450.0                            LAT/LON1/LON2/DLON/H
  191  188  191  190  194  190  187  187  188  189  190  191  191  192  192  193
  193  193  192  192  191  189  188  186  184  181  179  176  174  171  169  166
  164  161  159  157  156  154  153  152  152  151  151  151  152  152  153  153
  154  155  156  157  158  159  160  162  163  164  165  166  167  168  169  171
  173  176  177  178  180  178  176  181  191                                   
    85.0-180.0 180.0   5.0 450.0                            LAT/LON1/LON2/DLON/H
  198  197  189  193  200  195  193  193  194  194  195  196  197  198  198  199
  200  200  199  199  198  196  194  192  189  186  183  180  176  173  169  166
  163  160  157  155  153  152  150  150  149  149  149  149  150  151  152  153
  154  155  157  158  160  161  163  164  166  167  169  171  172  174  175  177
  180  183  184  189  183  181  182  180  198                                   
    82.5-180.0 180.0   5.0 450.0                            LAT/LON1/LON2/DLON/H
  196  196  194  195  199  195  192  192  193  193  194  195  196  198  199  201
  202  203  203  202  201  199  196  193  189  185  180  174  169  164  159  155
  150  147  143  141  139  137  136  136  136  136  136  137  138  140  141  143
  145  147  149  151  153  155  157  159  162  164  167  169  172  174  176  180
  182  186  187  189  192  181  181  174  196                                   
    80.0-180.0 180.0   5.0 450.0                            LAT/LON1/LON2/DLON/H
  188  192  183  184  185  182  181  180  181  180  181  182  184  186  189  192
  194  196  197  197  197  195  192  188  183  177  171  164  157  150  144  139
  134  130  127  124  123  121  121  121  121  121  122  123  125  126  129  131
  133  136  138  141  143  146  149  151  154  157  159  162  165  168  171  176
  178  181  182  183  188  181  186  174  188                                   
    77.5-180.0 180.0   5.0 450.0                            LAT/LON1/LON2/DLON/H
  186  187  178  177  175  170  170  168  168  166  167  168  170  173  176  180
  184  187  189  191  191  189  186  182  176  169  161  153  145  137  131  125
  121  118  115  114  113  112  112  113  113  114  115  116  118  119  122  124
  127  130  133  136  138  141  143  146  149  151  154  158  161  164  168  173
  175  180  180  182  186  180  183  177  186                                   
    75.0-180.0 180.0   5.0 450.0                            LAT/LON1/LON2/DLON/H
  184  184  174  173  169  162  160  157  156  154  153  154  155  158  161  165
  169  173  177  179  181  180  178  173  167  159  150  141  132  125  119  114
  110  108  107  107  107  108  109  109  110  111  111  112  113  115  117  120
  123  127  130  133  136  139  141  144  146  149  152  155  158  161  165  171
  174  179  180  178  182  180  184  182  184                                   
    72.5-180.0 180.0   5.0 450.0                            LAT/LON1/LON2/DLON/H
  179  183  175  173  167  160  157  153  151  148  146  146  146  147  149  152
  156  160  164  168  170  170  168  164  157  149  140  130  122  115  110  106
  105  104  105  106  108  110  111  112  113  113  113  114  115  117  119  123
  127  131  135  139  142  145  147  149  151  154  156  159  162  165  169  174
  177  182  185  184  185  182  186  188  179                                   
    70.0-180.0 180.0   5.0 450.0                            LAT/LON1/LON2/DLON/H
  181  184  177  175  168  161  158  153  151  147  145  143  141  140  139  140
  142  145  150  154  156  157  156  152  145  136  127  118  110  104  100   98
   98   99  101  104  107  109  111  112  113  113  112  112  114  116  120  124
  129  135  140  145  148  151  154  156  158  160  162  164  166  169  172  177
  180  184  187  188  190  188  193  196  181                                   
    67.5-180.0 180.0   5.0 450.0                            LAT/LON1/LON2/DLON/H
  184  188  181  179  172  165  163  158  156  153  150  146  143  139  135  133
  133  135  138  141  144  145  143  139  132  123  114  105   98   94   92   91
   92   94   97  101  104  107  109  110  110  109  109  109  110  114  119  125
  132  140  146  152  156  159  162  164  167  169  171  173  174  176  178  182
  184  187  189  189  191  190  196  202  184                                   
    65.0-180.0 180.0   5.0 450.0                            LAT/LON1/LON2/DLON/H
  186  191  184  184  178  171  170  167  166  162  159  156  150  144  138  132
  129  128  129  131  133  134  132  127  120  111  103   95   90   87   86   86
   88   91   94   97  100  103  106  107  106  106  105  106  108  113  120  128
  137  146  153  159  164  168  171  174  177  180  182  184  186  186  187  189
  189  191  192  191  193  192  198  206  186                                   
    62.5-180.0 180.0   5.0 450.0                            LAT/LON1/LON2/DLON/H
  190  194  189  190  186  179  178  176  176  174  172  168  162  154  146  138
  132  128  126  126  126  126  123  117  110  102   95   89   86   84   85   86
   87   89   91   94   97  100  102  103  104  103  103  105  108  115  123  133
  144  153  161  167  172  176  179  183  188  191  195  197  199  199  198  198
  196  196  195  194  194  193  199  208  190                                   
    60.0-180.0 180.0   5.0 450.0                            LAT/LON1/LON2/DLON/H
  193  198  195  197  194  186  186  184  185  183  181  179  173  166  157  147
  139  132  128  125  123  120  116  110  103   96   91   87   86   87   88   89
   89   90   90   92   94   97  100  102  103  103  104  107  112  119  129  140
  151  160  168  173  178  182  186  191  197  202  206  209  210  210  209  207
  203  201  199  196  195  194  199  209  193                                   
    57.5-180.0 180.0   5.0 450.0                            LAT/LON1/LON2/DLON/H
  200  206  204  206  203  195  193  190  190  188  186  185  181  175  168  158
  149  140  133  127  123  118  113  107  100   95   92   91   92   94   96   96
   96   94   93   93   95   98  101  104  106  107  109  113  119  127  138  149
  160  169  175  180  183  188  193  199  205  211  216  219  221  220  219  217
  212  209  206  201  199  197  202  212  200                                   
    55.0-180.0 180.0   5.0 450.0                            LAT/LON1/LON2/DLON/H
  212  218  217  218  215  205  201  196  193  189  187  186  184  181  176  168
  159  149  140  132  126  120  114  108  103  100   99  101  104  107  109  109
  107  104  101  100  100  103  107  110  113  116  118  123  130  139  150  162
  171  179  183  187  190  194  200  207  214  220  225  229  230  229  228  227
  223  220  217  210  207  205  210  221  212                                   
    52.5-180.0 180.0   5.0 450.0                            LAT/LON1/LON2/DLON/H
  230  235  234  234  230  219  212  204  198  191  187  185  185  184  181  176
  168  159  149  140  132  126  121  116  112  111  112  116  121  125  127  127
  123  118  114  111  112  114  117  121  124  127  131  136  144  154  166  176
  185  190  194  196  199  204  210  218  225  231  236  238  238  238  237  237
  235  233  231  225  221  218  224  237  230                                   
    50.0-180.0 180.0   5.0 450.0                            LAT/LON1/LON2/DLON/H
  252  256  255  254  248  237  228  216  206  196  190  187  186  186  186  183
  176  167  157  149  142  137  133  129  127  127  130  135  141  146  148  146
  142  136  131  128  128  130  132  135  138  141  145  151  160  171  183  193
  201  205  207  209  213  219  227  235  242  246  249  249  248  246  247  249
  249  251  251  245  241  238  245  261  252                                   
    47.5-180.0 180.0   5.0 450.0                            LAT/LON1/LON2/DLON/H
  278  279  276  276  268  258  247  233  221  208  199  193  192  192  192  189
  184  176  167  160  154  151  150  148  147  148  151  156  161  165  166  164
  160  155  151  148  148  148  149  151  152  155  159  165  176  188  201  211
  218  222  224  227  233  241  250  259  265  268  267  263  260  257  258  262
  266  271  275  270  266  263  271  290  278                                   
    45.0-180.0 180.0   5.0 450.0                            LAT/LON1/LON2/DLON/H
  305  301  297  297  288  279  268  255  242  227  216  208  204  202  201  198
  193  185  178  172  170  170  170  170  170  170  172  174  177  179  179  177
  175  172  170  169  168  167  166  165  165  166  170  178  189  203  217  229
  236  241  245  250  258  269  280  290  295  296  291  284  277  272  273  279
  286  295  301  298  295  292  301  321  305                                   
    42.5-180.0 180.0   5.0 450.0                            LAT/LON1/LON2/DLON/H
  330  323  317  316  307  300  291  279  267  253  240  230  224  219  215  210
  203  196  190  187  187  189  192  192  191  190  189  188  188  188  187  185
  185  186  188  189  188  185  181  177  175  175  179  188  201  217  232  246
  255  262  269  277  289  303  316  326  331  330  322  312  301  294  293  300
  309  321  330  329  325  323  333  351  330                                   
    40.0-180.0 180.0   5.0 450.0                            LAT/LON1/LON2/DLON/H
  355  343  334  333  325  320  313  305  295  282  269  259  250  242  234  225
  217  209  203  202  204  208  212  212  209  205  201  198  195  192  191  191
  193  198  204  207  206  201  194  187  183  183  187  196  210  228  246  262
  274  284  294  306  321  338  353  365  370  368  359  347  333  324  322  327
  338  351  360  361  357  356  365  380  355                                   
    37.5-180.0 180.0   5.0 450.0                            LAT/LON1/LON2/DLON/H
  382  367  354  350  344  341  336  331  323  312  300  289  279  267  255  243
  232  223  218  217  220  225  228  227  222  216  211  206  201  197  195  196
  201  210  218  223  221  215  205  196  191  190  194  204  219  237  258  277
  293  307  320  336  354  373  391  403  410  409  401  388  374  363  359  363
  373  385  395  394  390  391  399  411  382                                   
    35.0-180.0 180.0   5.0 450.0                            LAT/LON1/LON2/DLON/H
  415  399  381  373  369  366  362  358  351  341  330  319  307  293  277  261
  247  237  231  230  233  237  239  237  232  225  219  214  209  205  203  205
  212  222  232  237  234  225  214  204  198  198  202  212  226  246  268  290
  310  327  344  363  384  405  425  440  449  451  446  435  422  410  404  406
  414  425  433  431  427  431  437  445  415                                   
    32.5-180.0 180.0   5.0 450.0                            LAT/LON1/LON2/DLON/H
  458  445  423  411  407  403  396  390  381  369  357  346  333  317  298  279
  263  250  243  241  242  245  246  243  239  234  231  227  223  219  217  219
  227  237  246  249  245  234  222  212  207  208  212  221  234  253  276  300
  323  344  364  384  407  430  452  471  483  490  489  483  472  461  455  455
  461  470  476  472  469  476  480  486  458                                   
    30.0-180.0 180.0   5.0 450.0                            LAT/LON1/LON2/DLON/H
  514  507  483  468  463  458  445  432  416  399  383  370  355  338  317  296
  277  262  252  247  246  248  249  248  247  246  246  245  243  240  238  240
  247  255  261  261  254  242  230  221  218  219  224  231  242  258  280  306
  331  355  376  398  420  444  468  489  506  518  523  522  516  508  502  502
  507  515  519  515  514  525  529  536  514                                   
    27.5-180.0 180.0   5.0 450.0                            LAT/LON1/LON2/DLON/H
  579  582  560  548  542  536  516  493  465  438  414  395  378  358  335  312
  290  272  259  251  248  249  251  254  258  262  266  269  270  268  266  266
  270  275  276  271  261  248  236  229  228  231  235  240  248  261  281  306
  333  358  380  402  424  448  472  495  516  532  543  548  547  544  541  541
  547  556  561  558  561  576  584  594  579                                   
    25.0-180.0 180.0   5.0 450.0                            LAT/LON1/LON2/DLON/H
  650  661  649  645  639  634  607  572  531  490  454  427  404  380  355  329
  304  283  266  254  249  251  256  264  272  281  290  297  300  298  296  294
  293  292  288  278  264  250  240  235  236  240  244  247  251  260  277  301
  328  354  378  399  421  444  468  493  516  535  551  561  566  568  569  571
  580  590  598  601  609  628  642  657  650                                   
    22.5-180.0 180.0   5.0 450.0                            LAT/LON1/LON2/DLON/H
  719  734  738  746  743  740  709  664  609  554  506  468  437  409  379  350
  322  298  276  261  255  257  266  277  290  302  314  322  326  324  319  314
  309  303  293  278  262  248  239  237  240  246  249  250  251  256  269  291
  318  345  369  392  413  437  462  487  510  532  551  566  576  583  588  593
  606  619  631  642  656  677  699  720  719                                   
    20.0-180.0 180.0   5.0 450.0                            LAT/LON1/LON2/DLON/H
  779  794  814  834  836  837  806  756  692  626  566  518  479  443  410  377
  346  318  293  275  268  270  281  295  310  323  333  340  340  336  329  321
  313  302  287  270  253  240  233  233  238  245  250  250  248  249  259  278
  304  332  358  382  405  430  456  482  506  529  549  568  582  593  601  610
  626  641  658  678  696  716  746  771  779                                   
    17.5-180.0 180.0   5.0 450.0                            LAT/LON1/LON2/DLON/H
  820  833  867  894  901  909  882  833  768  697  629  573  526  484  446  410
  376  346  319  299  290  292  303  317  329  337  342  341  337  329  320  311
  300  287  270  253  237  226  221  224  232  241  246  246  243  241  247  263
  287  315  343  370  397  425  454  480  505  528  550  571  588  603  614  626
  643  660  681  706  727  742  776  802  820                                   
    15.0-180.0 180.0   5.0 450.0                            LAT/LON1/LON2/DLON/H
  835  849  889  918  929  943  923  882  822  755  686  626  573  527  485  447
  412  381  353  332  321  321  329  338  343  342  335  325  314  304  294  285
  275  261  245  230  217  211  210  215  224  234  241  241  236  231  233  245
  267  296  326  357  388  420  453  482  508  532  555  577  598  615  629  642
  659  676  697  724  745  755  789  812  835                                   
    12.5-180.0 180.0   5.0 450.0                            LAT/LON1/LON2/DLON/H
  829  842  880  904  916  932  922  892  846  788  726  667  613  564  521  483
  450  420  393  372  359  355  355  354  347  332  314  295  279  267  259  252
  244  233  220  209  202  200  202  208  218  227  234  234  227  219  216  225
  245  274  307  342  377  414  451  484  512  537  561  586  609  629  643  656
  673  688  709  734  752  759  789  807  829                                   
    10.0-180.0 180.0   5.0 450.0                            LAT/LON1/LON2/DLON/H
  811  823  851  864  871  885  880  864  834  792  742  689  637  589  547  512
  483  457  433  412  396  385  375  360  338  310  282  257  240  230  225  222
  217  211  203  198  197  198  201  207  214  221  226  224  215  203  197  202
  220  250  286  324  364  405  446  483  514  541  567  594  619  640  656  669
  684  698  718  740  755  761  784  797  811                                   
     7.5-180.0 180.0   5.0 450.0                            LAT/LON1/LON2/DLON/H
  795  805  818  815  812  818  815  809  795  769  732  688  642  597  558  527
  503  484  465  445  425  405  382  352  317  279  246  222  208  203  203  205
