data/edconvlstm_nd/pred1100.15i
     1.0            IONOSPHERE MAPS     GNSS                IONEX VERSION / TYPE
pyspatialgeodesy        IME             05-JAN-18 20:20     PGM / RUN BY / DATE 
Map Name                                                    COMMENT             
Predicted global ionosphere maps (GIM).                     DESCRIPTION         
  2015     4    20     0     0     0                        EPOCH OF FIRST MAP  
  2015     4    21     0     0     0                        EPOCH OF LAST MAP   
  7200                                                      INTERVAL            
    13                                                      # OF MAPS IN FILE   
  NONE                                                      MAPPING FUNCTION    
10.0                                                        ELEVATION CUTOFF    
One-way carrier phase leveled to code                       OBSERVABLES USED    
  6371.0                                                    BASE RADIUS         
 2                                                          MAP DIMENSION       
   450.0 450.0   0.0                                        HGT1 / HGT2 / DHGT  
    87.5 -87.5  -2.5                                        LAT1 / LAT2 / DLAT  
  -180.0 180.0   5.0                                        LON1 / LON2 / DLON  
    -1                                                      EXPONENT            
                                                            END OF HEADER       
[from data line 3003]
     8                                                      START OF TEC MAP    
  2015     4    20    14     0     0                        EPOCH OF CURRENT MAP
    87.5-180.0 180.0   5.0 450.0                            LAT/LON1/LON2/DLON/H
  207  207  201  210  212  215  215  216  218  220  220  222  222  223  224  224
  225  225  225  225  225  225  225  225  225  224  224  223  222  221  220  219
  218  216  215  213  212  210  209  208  206  205  204  203  203  202  202  201
  201  201  200  200  200  200  200  199  199  198  198  198  197  197  197  197
  196  197  196  197  202  204  206  207  207                                   
    85.0-180.0 180.0   5.0 450.0                            LAT/LON1/LON2/DLON/H
  191  196  206  206  206  213  216  219  221  223  223  224  225  226  226  227
  227  228  228  228  229  229  229  229  229  228  228  227  227  226  224  223
  221  219  217  215  213  211  209  207  205  204  203  202  201  201  201  201
  201  201  201  201  201  201  200  200  199  199  198  198  197  196  196  195
  196  197  194  194  195  193  197  204  191                                   
    82.5-180.0 180.0   5.0 450.0                            LAT/LON1/LON2/DLON/H
  170  186  191  191  194  201  205  209  211  213  214  216  216  218  219  219
  221  222  223  223  224  225  226  227  228  229  229  229  229  228  226  225
  222  220  217  213  210  206  203  200  198  195  194  193  192  191  192  192
  192  193  193  194  194  194  193  192  192  190  189  188  186  184  183  182
  181  180  177  179  177  184  184  177  170                                   
    80.0-180.0 180.0   5.0 450.0                            LAT/LON1/LON2/DLON/H
  160  173  179  182  184  189  194  200  203  205  206  208  209  210  211  211
  212  213  214  215  217  218  219  221  223  224  225  226  227  227  226  224
  222  219  215  211  207  203  199  196  193  191  189  189  189  189  190  192
  193  195  196  197  198  198  198  197  195  193  191  188  185  182  180  177
  175  172  169  170  166  164  166  159  160                                   
    77.5-180.0 180.0   5.0 450.0                            LAT/LON1/LON2/DLON/H
  155  159  166  169  172  178  181  186  189  191  192  193  194  195  196  197
  198  199  201  203  205  207  210  213  216  219  221  224  226  227  228  228
  226  224  221  217  213  208  204  200  197  195  193  193  193  195  197  199
  201  203  205  206  207  207  207  205  203  200  197  193  188  184  179  175
  170  166  160  160  159  153  152  150  155                                   
    75.0-180.0 180.0   5.0 450.0                            LAT/LON1/LON2/DLON/H
  147  153  156  161  164  170  174  177  180  182  182  183  183  184  185  186
  187  188  190  192  195  198  202  206  210  214  218  222  225  228  230  232
  232  231  229  226  222  218  213  210  207  204  204  204  205  207  209  212
  215  217  219  220  221  220  219  217  214  210  206  201  195  190  184  178
  172  166  160  155  153  148  146  137  147                                   
    72.5-180.0 180.0   5.0 450.0                            LAT/LON1/LON2/DLON/H
  140  146  149  155  157  164  167  170  172  173  173  174  174  174  175  176
  178  180  182  185  189  193  197  202  206  211  215  220  224  228  231  234
  236  237  237  235  232  229  225  222  219  217  216  216  217  219  221  224
  226  228  229  229  229  228  226  223  219  215  210  204  198  191  185  178
  170  163  156  151  146  142  140  135  140                                   
    70.0-180.0 180.0   5.0 450.0                            LAT/LON1/LON2/DLON/H
  134  140  143  149  152  159  162  165  168  169  169  169  169  170  171  172
  174  177  180  184  188  192  197  202  206  210  214  219  223  227  231  236
  239  242  244  244  243  241  238  235  232  230  229  229  229  231  232  233
  234  235  234  233  231  229  226  222  218  213  207  202  195  188  181  174
  166  159  152  147  141  138  137  133  134                                   
    67.5-180.0 180.0   5.0 450.0                            LAT/LON1/LON2/DLON/H
  124  132  137  145  149  157  161  165  168  169  170  171  172  174  175  177
  180  183  187  191  196  201  205  209  213  215  218  220  223  227  231  237
  242  247  251  253  254  253  251  249  246  244  242  241  241  240  240  240
  239  237  235  232  229  225  220  216  212  207  202  196  189  182  176  169
  161  154  146  140  134  131  130  128  124                                   
    65.0-180.0 180.0   5.0 450.0                            LAT/LON1/LON2/DLON/H
  111  120  124  133  139  147  153  159  163  167  169  172  174  177  180  183
  186  190  194  199  204  208  213  216  218  219  219  219  221  223  228  235
  242  249  255  260  262  263  262  260  258  255  252  249  247  244  242  240
  236  233  228  223  218  212  207  203  198  194  189  183  177  170  163  156
  148  141  135  129  123  122  121  121  111                                   
    62.5-180.0 180.0   5.0 450.0                            LAT/LON1/LON2/DLON/H
   93  103  107  117  123  133  141  148  155  161  165  170  175  180  184  188
  193  197  201  206  211  216  220  223  223  222  219  217  217  219  224  232
  241  250  258  265  269  271  271  270  267  263  259  254  249  245  240  236
  231  225  218  212  205  200  195  190  186  182  177  172  165  158  150  143
  134  127  120  114  108  106  105  107   93                                   
    60.0-180.0 180.0   5.0 450.0                            LAT/LON1/LON2/DLON/H
   77   84   87   96  102  113  123  132  141  149  157  164  171  177  184  190
  195  200  204  209  215  220  224  226  225  222  218  215  213  215  221  230
  241  253  263  272  277  280  281  279  276  271  265  259  252  246  240  233
  227  220  213  206  199  193  188  184  181  177  172  166  159  150  141  133
  124  115  108  101   95   90   89   92   77                                   
    57.5-180.0 180.0   5.0 450.0                            LAT/LON1/LON2/DLON/H
   66   68   70   77   82   93  103  113  124  135  144  154  163  171  179  186
  193  198  203  208  213  219  224  226  226  223  218  214  212  215  223  234
  247  260  272  281  288  292  293  291  288  282  275  267  259  251  244  237
  231  224  217  210  203  198  194  190  187  184  179  172  163  153  142  132
  122  112  105   96   88   80   78   81   66                                   
    55.0-180.0 180.0   5.0 450.0                            LAT/LON1/LON2/DLON/H
   64   61   61   65   68   77   88   98  109  120  131  141  151  161  171  180
  187  193  198  203  209  216  222  226  227  224  220  216  216  220  230  243
  258  272  285  295  302  306  307  306  302  296  288  279  270  262  255  249
  244  238  232  226  220  214  210  207  204  201  195  187  177  165  154  142
  131  121  112  102   92   82   78   78   64                                   
    52.5-180.0 180.0   5.0 450.0                            LAT/LON1/LON2/DLON/H
   73   66   63   63   64   72   80   89   99  109  120  130  140  151  161  172
  181  188  193  199  206  214  222  229  231  231  227  225  226  232  243  257
  273  288  301  311  318  323  325  324  320  314  305  295  286  278  272  267
  264  260  256  250  243  238  233  230  227  223  217  209  198  186  174  162
  150  140  130  120  108   96   89   86   73                                   
    50.0-180.0 180.0   5.0 450.0                            LAT/LON1/LON2/DLON/H
   93   83   77   74   72   78   84   90   98  107  115  123  132  142  154  165
  176  185  192  198  207  217  228  237  242  243  242  240  242  249  261  276
  292  307  319  328  335  340  343  343  341  334  325  315  305  297  292  289
  288  286  282  276  269  262  256  252  249  245  239  231  221  209  197  186
  175  166  156  147  134  121  112  106   93                                   
    47.5-180.0 180.0   5.0 450.0                            LAT/LON1/LON2/DLON/H
  120  109  101   95   90   94   97  101  107  113  118  124  131  139  151  163
  176  187  196  204  214  226  240  251  259  262  262  261  263  271  282  296
  311  324  335  344  351  358  362  363  361  355  346  334  323  315  311  310
  310  309  305  298  289  280  272  265  261  257  251  245  236  227  218  210
  200  193  184  176  163  151  142  132  120                                   
    45.0-180.0 180.0   5.0 450.0                            LAT/LON1/LON2/DLON/H
  147  139  130  122  115  116  117  118  122  126  129  132  136  143  153  167
  181  194  206  216  228  242  257  271  281  285  285  284  286  292  302  315
  327  339  349  359  367  375  381  385  383  377  366  352  340  331  326  325
  325  324  319  310  298  286  275  267  260  255  250  245  239  233  229  225
  220  215  208  201  189  180  170  160  147                                   
    42.5-180.0 180.0   5.0 450.0                            LAT/LON1/LON2/DLON/H
  169  166  157  148  141  139  138  138  140  143  144  145  147  152  162  176
  192  207  221  233  246  261  278  293  303  308  308  306  307  311  320  330
  341  353  364  375  386  397  405  409  408  400  387  370  355  344  338  336
  335  332  325  314  300  285  271  259  249  242  237  233  230  228  229  229
  229  228  223  218  207  201  192  180  169                                   
    40.0-180.0 180.0   5.0 450.0                            LAT/LON1/LON2/DLON/H
  182  184  177  169  162  158  156  155  157  159  160  161  161  165  174  188
  206  224  239  253  267  282  298  313  323  326  326  324  324  328  335  346
  357  370  384  398  413  426  437  442  440  430  413  393  374  360  352  347
  344  340  331  318  303  286  269  254  240  230  222  218  216  217  221  225
  228  231  227  224  213  210  202  189  182                                   
    37.5-180.0 180.0   5.0 450.0                            LAT/LON1/LON2/DLON/H
  184  192  187  180  175  168  167  165  167  171  173  175  176  180  189  204
  222  241  258  273  287  301  315  328  337  341  340  339  341  346  355  367
  381  398  416  435  453  470  482  488  484  471  450  425  403  385  374  367
  362  356  347  335  320  303  284  264  246  231  219  212  209  210  214  219
  223  226  224  220  210  207  202  186  184                                   
    35.0-180.0 180.0   5.0 450.0                            LAT/LON1/LON2/DLON/H
  181  193  189  182  179  170  170  167  170  176  181  186  190  195  205  221
  240  259  277  292  305  317  329  340  348  352  354  356  361  370  383  400
  420  442  465  489  511  530  544  550  544  528  503  474  447  426  412  403
  397  391  384  374  362  345  325  301  277  256  238  226  219  216  218  221
  222  224  220  214  204  199  195  176  181                                   
    32.5-180.0 180.0   5.0 450.0                            LAT/LON1/LON2/DLON/H
  179  191  187  180  176  167  166  163  166  174  183  193  201  210  221  238
  257  277  295  310  322  332  342  351  360  366  372  380  390  405  425  448
  475  504  534  563  589  610  624  628  621  602  574  542  511  487  470  461
  455  451  448  442  433  419  397  370  339  310  285  266  253  245  241  239
  236  233  225  215  203  194  190  167  179                                   
    30.0-180.0 180.0   5.0 450.0                            LAT/LON1/LON2/DLON/H
  181  191  184  178  173  162  160  155  159  168  181  195  209  222  237  254
  274  294  313  327  337  346  355  365  375  386  398  413  431  453  480  512
  547  585  622  655  682  702  714  716  707  687  658  624  592  566  549  540
  536  536  537  536  531  519  497  465  428  392  360  334  314  299  288  280
  270  261  247  231  215  201  194  165  181                                   
    27.5-180.0 180.0   5.0 450.0                            LAT/LON1/LON2/DLON/H
  192  197  185  180  173  161  157  151  152  161  176  195  214  232  251  270
  291  311  329  344  354  363  372  384  398  415  434  457  484  514  550  589
  633  678  719  752  777  793  800  798  788  768  740  709  678  654  638  631
  630  633  637  640  638  626  603  568  527  486  450  419  394  373  356  340
  323  308  287  266  245  224  211  176  192                                   
    25.0-180.0 180.0   5.0 450.0                            LAT/LON1/LON2/DLON/H
  212  212  193  187  180  167  160  151  150  158  173  194  217  241  263  284
  306  326  345  361  373  383  394  409  429  453  481  513  548  586  628  674
  722  769  810  840  858  865  865  858  846  828  805  780  754  734  721  717
  718  722  726  728  723  710  684  648  607  566  530  499  474  451  430  410
  388  369  342  315  288  262  241  200  212                                   
    22.5-180.0 180.0   5.0 450.0                            LAT/LON1/LON2/DLON/H
  240  236  210  200  192  177  168  157  153  158  171  193  220  247  273  296
  319  340  361  379  393  406  421  441  468  500  538  577  619  662  707  753
  801  846  880  901  909  907  899  888  876  861  845  826  808  794  786  783
  784  785  783  776  764  745  717  682  645  609  578  553  531  512  494  474
  452  431  402  371  339  309  280  234  240                                   
    20.0-180.0 180.0   5.0 450.0                            LAT/LON1/LON2/DLON/H
  270  262  233  218  207  191  180  166  159  160  171  192  220  250  279  305
  329  353  376  397  415  433  453  479  513  554  599  645  689  732  774  816
  858  894  918  927  925  915  903  890  880  870  860  849  838  829  824  821
  818  810  797  778  754  727  697  667  638  612  591  574  560  547  535  519
  500  482  453  421  387  352  318  271  270                                   
    17.5-180.0 180.0   5.0 450.0                            LAT/LON1/LON2/DLON/H
  296  285  256  235  221  204  191  175  165  163  171  190  217  250  281  310
  336  362  389  414  438  460  486  518  559  607  657  705  748  785  819  852
  882  906  919  919  910  897  885  875  867  862  857  852  845  839  833  827
  817  799  772  738  701  666  636  612  595  582  574  568  563  558  552  541
  527  512  486  454  421  382  346  301  296                                   
    15.0-180.0 180.0   5.0 450.0                            LAT/LON1/LON2/DLON/H
  311  296  270  246  229  211  199  183  171  166  170  186  212  245  280  311
  340  370  400  430  459  486  517  555  602  654  706  751  787  814  837  857
  875  888  893  889  879  868  858  851  847  845  844  840  834  827  819  808
  790  761  720  671  623  583  555  540  535  536  541  546  549  550  550  544
  534  521  499  467  435  393  356  315  311                                   
    12.5-180.0 180.0   5.0 450.0                            LAT/LON1/LON2/DLON/H
  314  293  270  246  228  211  200  185  173  167  168  181  206  239  275  310
  342  375  409  443  476  508  543  585  636  689  738  777  803  819  830  840
  848  854  856  853  847  841  836  834  832  831  828  822  813  802  790  774
  749  711  659  601  546  506  482  476  481  494  508  519  527  532  535  532
  524  513  492  461  429  386  348  312  314                                   
    10.0-180.0 180.0   5.0 450.0                            LAT/LON1/LON2/DLON/H
  305  278  257  235  216  200  193  180  170  164  164  175  198  232  270  308
  343  379  416  453  488  523  562  608  659  711  755  786  803  811  814  817
  820  824  826  827  828  828  829  829  828  823  816  805  791  775  758  738
  709  667  611  549  495  457  439  440  453  471  487  499  505  509  511  509
  501  490  471  441  410  366  329  297  305                                   
     7.5-180.0 180.0   5.0 450.0                            LAT/LON1/LON2/DLON/H
  290  258  237  217  198  183  178  169  161  157  158  169  191  225  265  306
  345  383  422  461  497  534  575  622  672  721  760  785  797  802  802  802
