data/edconvlstm_nd/pred0730.15i
     1.0            IONOSPHERE MAPS     GNSS                IONEX VERSION / TYPE
pyspatialgeodesy        IME             05-JAN-18 20:20     PGM / RUN BY / DATE 
Map Name                                                    COMMENT             
Predicted global ionosphere maps (GIM).                     DESCRIPTION         
  2015     3    14     0     0     0                        EPOCH OF FIRST MAP  
  2015     3    15     0     0     0                        EPOCH OF LAST MAP   
  7200                                                      INTERVAL            
    13                                                      # OF MAPS IN FILE   
  NONE                                                      MAPPING FUNCTION    
10.0                                                        ELEVATION CUTOFF    
One-way carrier phase leveled to code                       OBSERVABLES USED    
  6371.0                                                    BASE RADIUS         
 2                                                          MAP DIMENSION       
   450.0 450.0   0.0                                        HGT1 / HGT2 / DHGT  
    87.5 -87.5  -2.5                                        LAT1 / LAT2 / DLAT  
  -180.0 180.0   5.0                                        LON1 / LON2 / DLON  
    -1                                                      EXPONENT            
                                                            END OF HEADER       
[from data line 5148]
    13                                                      START OF TEC MAP    
  2015     3    15     0     0     0                        EPOCH OF CURRENT MAP
    87.5-180.0 180.0   5.0 450.0                            LAT/LON1/LON2/DLON/H
  145  150  155  145  145  147  145  145  147  147  149  151  152  152  153  153
  152  152  151  149  147  145  143  140  138  135  133  131  128  126  125  123
  122  121  120  120  119  120  120  121  122  123  124  125  127  128  130  132
  133  134  136  137  138  139  140  140  141  141  142  142  142  141  141  142
  141  141  141  140  137  137  142  151  145                                   
    85.0-180.0 180.0   5.0 450.0                            LAT/LON1/LON2/DLON/H
  154  159  142  144  150  152  149  149  151  151  153  155  156  157  158  158
  157  156  154  152  149  145  142  138  134  130  126  122  119  116  114  111
  110  109  109  109  109  111  112  114  116  119  121  124  127  130  132  135
  137  139  141  143  145  146  148  149  150  151  151  152  152  152  152  153
  153  153  153  155  148  152  157  160  154                                   
    82.5-180.0 180.0   5.0 450.0                            LAT/LON1/LON2/DLON/H
  153  151  152  149  153  157  153  153  157  158  160  163  165  167  168  168
  167  165  162  158  153  147  141  135  129  123  117  112  107  103   99   97
   95   94   94   95   96   99  101  105  108  112  116  120  124  128  131  135
  138  141  143  146  148  150  152  154  156  158  160  161  162  163  164  165
  165  165  165  162  159  149  154  157  153                                   
    80.0-180.0 180.0   5.0 450.0                            LAT/LON1/LON2/DLON/H
  153  150  147  143  147  151  152  155  160  163  168  173  178  181  183  183
  182  179  174  168  160  151  142  132  123  114  105   98   91   86   82   79
   77   76   77   79   81   84   88   92   97  102  106  111  116  120  123  127
  130  133  135  138  141  143  146  149  151  154  157  160  162  165  167  169
  169  168  167  164  168  157  166  175  153                                   
    77.5-180.0 180.0   5.0 450.0                            LAT/LON1/LON2/DLON/H
  159  151  146  147  147  149  153  159  166  171  178  186  193  198  201  201
  199  194  187  178  167  155  143  131  119  108   98   90   82   77   72   70
   69   69   70   71   74   78   82   87   92   96  101  105  108  112  114  116
  118  120  122  124  126  129  132  135  139  143  147  152  156  160  164  168
  170  171  170  169  171  168  174  192  159                                   
    75.0-180.0 180.0   5.0 450.0                            LAT/LON1/LON2/DLON/H
  170  159  156  157  155  156  159  165  173  180  188  197  205  210  213  212
  208  201  192  180  167  153  138  125  112  101   91   83   76   71   67   66
   65   66   67   70   73   76   80   84   89   93   96   99  101  103  103  104
  104  105  105  106  108  110  113  116  120  125  131  137  143  149  155  162
  165  169  171  167  172  177  183  202  170                                   
    72.5-180.0 180.0   5.0 450.0                            LAT/LON1/LON2/DLON/H
  175  173  173  171  167  167  170  176  184  190  198  207  214  218  219  216
  210  200  188  175  160  145  131  118  106   95   87   80   74   70   68   67
   67   68   70   71   74   76   79   82   85   88   90   91   92   92   91   90
   89   88   87   88   89   91   93   97  102  107  114  121  129  137  145  154
  159  165  171  170  175  182  191  214  175                                   
    70.0-180.0 180.0   5.0 450.0                            LAT/LON1/LON2/DLON/H
  192  191  190  192  186  185  186  191  198  203  210  217  222  223  221  215
  206  194  180  166  151  138  125  113  103   94   87   81   77   75   74   74
   74   75   76   76   77   78   80   81   83   84   85   85   85   83   82   80
   78   76   76   76   77   79   82   86   91   97  104  112  121  130  140  150
  157  164  172  174  182  194  202  224  192                                   
    67.5-180.0 180.0   5.0 450.0                            LAT/LON1/LON2/DLON/H
  207  210  209  212  206  203  203  206  211  214  219  224  226  224  219  210
  198  185  171  157  144  132  122  112  103   96   90   85   82   80   79   79
   79   78   77   76   75   75   74   75   75   76   77   76   75   73   71   68
   66   65   65   66   67   70   74   78   84   91   98  107  116  126  137  147
  156  164  173  175  186  200  209  233  207                                   
    65.0-180.0 180.0   5.0 450.0                            LAT/LON1/LON2/DLON/H
  220  224  224  229  225  221  218  220  223  224  227  229  228  224  216  205
  192  178  166  154  143  134  125  116  109  102   96   92   88   86   85   84
   82   80   77   74   71   69   68   68   68   69   70   70   68   67   64   62
   61   60   61   62   65   68   73   78   84   91   99  108  117  128  138  149
  158  166  176  179  189  205  216  240  220                                   
    62.5-180.0 180.0   5.0 450.0                            LAT/LON1/LON2/DLON/H
  230  235  237  244  242  236  232  231  232  231  232  232  230  224  214  202
  190  178  167  158  149  142  134  126  118  110  104   98   94   92   90   87
   84   80   75   70   65   62   61   61   63   64   66   66   66   64   62   60
   59   60   61   63   67   72   77   83   89   96  105  114  124  135  146  157
  165  174  183  187  194  208  220  244  230                                   
    60.0-180.0 180.0   5.0 450.0                            LAT/LON1/LON2/DLON/H
  238  244  248  254  254  248  241  238  238  235  234  233  229  222  213  202
  192  182  174  167  161  154  145  136  126  117  109  103   99   95   92   88
   83   78   71   65   60   58   57   58   61   64   66   67   67   66   64   62
   61   62   64   67   72   78   84   91   98  105  114  124  135  146  159  171
  179  187  196  199  203  213  225  249  238                                   
    57.5-180.0 180.0   5.0 450.0                            LAT/LON1/LON2/DLON/H
  248  255  259  264  266  260  251  246  243  238  234  232  227  221  213  204
  196  190  185  180  174  166  156  145  133  123  114  108  103   99   95   90
   84   77   70   64   59   57   58   60   64   67   71   72   72   71   69   67
   66   67   69   73   79   85   93  100  107  116  125  136  148  162  176  190
  200  208  218  219  221  224  234  259  248                                   
    55.0-180.0 180.0   5.0 450.0                            LAT/LON1/LON2/DLON/H
  263  270  274  278  281  275  265  258  251  242  236  231  226  220  213  207
  202  198  195  191  184  175  164  151  139  128  120  114  109  105  100   94
   87   79   72   67   64   63   64   68   72   76   79   81   81   79   77   75
   74   74   76   81   87   93  101  109  117  126  136  148  162  178  196  212
  224  234  244  245  245  242  250  274  263                                   
    52.5-180.0 180.0   5.0 450.0                            LAT/LON1/LON2/DLON/H
  282  290  291  295  300  296  286  276  265  252  242  234  227  221  215  210
  207  205  202  197  190  180  168  155  144  135  128  123  119  114  109  102
   94   86   80   75   73   74   76   80   84   87   90   91   91   90   88   86
   85   85   87   90   95  101  108  116  125  135  146  159  174  193  213  233
  249  262  273  274  273  267  272  295  282                                   
    50.0-180.0 180.0   5.0 450.0                            LAT/LON1/LON2/DLON/H
  304  312  312  317  324  322  314  301  287  270  255  243  233  225  218  214
  210  208  204  199  191  182  171  160  151  145  140  137  133  128  120  112
  103   95   89   87   86   88   91   93   96   99  100  102  102  102  101  100
   99   98   98  100  103  108  115  123  132  141  152  166  182  202  225  249
  269  287  300  302  302  295  299  320  304                                   
    47.5-180.0 180.0   5.0 450.0                            LAT/LON1/LON2/DLON/H
  323  333  334  341  349  351  345  332  316  295  275  259  245  234  225  219
  214  209  204  198  191  183  175  167  162  159  156  154  150  142  132  121
  111  103   99   98   99  101  104  105  107  108  109  110  112  113  114  115
  114  112  110  109  110  113  119  127  136  146  157  170  186  206  230  257
  280  302  318  322  326  321  326  345  323                                   
    45.0-180.0 180.0   5.0 450.0                            LAT/LON1/LON2/DLON/H
  336  348  352  362  371  376  375  364  348  325  302  282  264  250  237  227
  219  211  205  199  193  188  183  180  178  177  175  171  164  152  138  125
  113  106  104  105  108  111  113  114  113  113  114  116  120  123  126  128
  127  125  121  118  116  118  123  131  140  151  162  174  190  208  231  258
  283  307  326  333  340  339  347  365  336                                   
    42.5-180.0 180.0   5.0 450.0                            LAT/LON1/LON2/DLON/H
  342  356  363  375  385  393  396  389  375  353  331  309  289  271  255  241
  228  219  211  206  203  201  200  199  199  197  193  184  171  154  136  121
  110  105  105  108  113  117  119  118  117  117  119  122  127  132  136  139
  138  135  130  125  122  122  127  136  146  158  169  181  195  212  233  257
  281  305  325  335  343  347  359  377  342                                   
    40.0-180.0 180.0   5.0 450.0                            LAT/LON1/LON2/DLON/H
  345  359  367  379  390  399  404  401  392  374  354  335  316  297  278  261
  245  234  227  225  224  225  225  224  220  214  203  187  168  146  127  113
  104  102  105  111  117  122  123  123  122  122  124  128  133  139  144  146
  145  141  135  129  125  125  131  140  153  166  179  191  204  219  238  259
  280  302  321  333  342  348  365  384  345                                   
    37.5-180.0 180.0   5.0 450.0                            LAT/LON1/LON2/DLON/H
  351  362  370  379  390  398  402  402  396  383  369  355  340  323  305  286
  270  260  255  255  257  257  255  248  238  223  205  183  159  136  119  108
  104  106  111  118  125  129  130  130  129  130  132  135  140  144  148  149
  147  142  135  128  124  125  131  142  157  173  188  202  216  231  249  267
  285  303  322  333  341  349  370  393  351                                   
    35.0-180.0 180.0   5.0 450.0                            LAT/LON1/LON2/DLON/H
  368  375  380  384  393  398  398  398  394  384  375  367  359  346  331  314
  301  293  292  294  295  292  282  267  248  225  201  176  153  133  121  116
  117  122  128  134  139  142  143  142  142  142  143  145  147  148  148  147
  143  137  130  123  120  121  128  141  159  178  197  214  231  248  266  283
  299  314  331  340  349  358  380  410  368                                   
    32.5-180.0 180.0   5.0 450.0                            LAT/LON1/LON2/DLON/H
  405  408  409  406  411  409  403  398  392  384  378  374  371  364  353  340
  332  329  331  333  330  319  300  276  250  225  201  179  160  148  143  144
  150  155  160  162  163  163  163  161  160  159  159  157  154  150  146  141
  135  129  122  117  114  116  124  138  158  180  203  225  246  267  287  306
  322  337  352  359  370  379  401  438  405                                   
    30.0-180.0 180.0   5.0 450.0                            LAT/LON1/LON2/DLON/H
  466  466  462  453  452  444  428  413  400  389  382  380  380  377  370  362
  358  360  363  362  352  332  304  276  251  230  213  199  190  186  190  197
  205  208  206  202  196  192  188  185  183  180  176  170  162  152  143  135
  128  121  116  112  112  115  123  137  157  181  207  233  259  283  307  330
  350  368  383  389  405  417  438  480  466                                   
    27.5-180.0 180.0   5.0 450.0                            LAT/LON1/LON2/DLON/H
  547  544  538  526  521  507  482  455  430  409  396  392  391  389  384  379
  378  381  382  375  355  327  297  273  257  250  246  245  248  254  265  276
  282  278  266  250  235  225  218  212  206  200  192  181  168  155  142  132
  124  119  115  113  114  117  125  139  159  185  213  243  273  301  328  354
  379  403  421  429  453  472  494  540  547                                   
    25.0-180.0 180.0   5.0 450.0                            LAT/LON1/LON2/DLON/H
  640  635  633  624  615  598  564  525  486  453  430  417  410  405  398  393
  391  391  385  368  341  310  287  277  279  290  305  320  334  349  363  373
  371  354  327  297  273  256  245  235  226  216  204  189  174  158  144  133
  125  121  119  118  119  123  131  145  166  194  226  260  293  324  354  382
  411  439  461  476  508  539  570  616  640                                   
    22.5-180.0 180.0   5.0 450.0                            LAT/LON1/LON2/DLON/H
  734  727  734  736  725  707  668  619  567  521  485  461  445  431  419  409
  402  394  378  353  322  298  290  299  324  356  389  417  438  455  466  467
  452  420  377  334  300  278  264  251  238  224  209  193  177  161  148  137
  131  127  125  124  125  128  136  151  173  203  239  278  316  351  383  414
  445  476  502  525  564  605  648  697  734                                   
    20.0-180.0 180.0   5.0 450.0                            LAT/LON1/LON2/DLON/H
  812  804  821  837  829  815  778  726  666  608  559  523  496  474  453  435
  420  402  378  348  320  307  316  347  392  443  487  520  540  549  548  535
  505  458  402  350  311  287  271  257  241  224  209  194  179  165  154  145
  138  134  131  129  128  131  140  156  181  214  253  295  337  375  409  441
  474  507  536  567  610  655  710  764  812                                   
    17.5-180.0 180.0   5.0 450.0                            LAT/LON1/LON2/DLON/H
  857  849  874  901  903  900  874  827  767  703  646  600  564  533  504  478
  455  430  400  368  346  345  371  421  482  539  582  605  610  602  584  555
  513  457  395  340  302  280  265  251  234  218  204  191  180  170  161  153
  146  141  136  131  129  133  144  163  191  226  267  311  355  395  430  462
  495  527  560  596  639  682  743  801  857                                   
    15.0-180.0 180.0   5.0 450.0                            LAT/LON1/LON2/DLON/H
  859  851  885  920  934  946  936  902  851  791  732  682  641  604  570  539
  509  479  446  417  402  414  456  516  577  625  649  648  628  596  559  518
  471  414  356  308  278  262  251  239  224  210  199  190  183  176  168  161
  153  146  138  132  130  134  149  172  204  241  283  326  369  409  444  476
  509  540  575  612  652  688  748  806  859                                   
    12.5-180.0 180.0   5.0 450.0                            LAT/LON1/LON2/DLON/H
  827  822  862  899  922  947  954  938  903  856  805  760  720  683  647  613
  581  549  517  493  488  511  559  615  659  678  667  632  581  527  477  433
  391  345  301  268  251  243  238  229  218  207  199  193  189  183  176  167
  158  148  138  130  128  135  153  181  217  255  296  337  379  418  453  485
  518  549  584  620  654  684  735  787  827                                   
    10.0-180.0 180.0   5.0 450.0                            LAT/LON1/LON2/DLON/H
  783  781  820  853  879  912  933  934  918  888  853  820  790  759  728  696
  666  636  609  592  596  623  665  699  707  683  630  558  482  414  364  329
  303  277  254  240  235  235  235  230  221  213  207  202  198  191  182  170
  158  146  134  125  123  132  154  187  224  262  300  340  381  421  457  490
  524  555  589  623  653  677  717  760  783                                   
     7.5-180.0 180.0   5.0 450.0                            LAT/LON1/LON2/DLON/H
  746  745  779  801  824  859  887  901  902  890  873  857  841  823  801  778
  755  732  712  702  709  730  749  746  708  636  542  444  358  296  260  244
