data/edconvlstm_nd/pred3220.15i
     1.0            IONOSPHERE MAPS     GNSS                IONEX VERSION / TYPE
pyspatialgeodesy        IME             05-JAN-18 20:20     PGM / RUN BY / DATE 
Map Name                                                    COMMENT             
Predicted global ionosphere maps (GIM).                     DESCRIPTION         
  2015    11    18     0     0     0                        EPOCH OF FIRST MAP  
  2015    11    19     0     0     0                        EPOCH OF LAST MAP   
  7200                                                      INTERVAL            
    13                                                      # OF MAPS IN FILE   
  NONE                                                      MAPPING FUNCTION    
10.0                                                        ELEVATION CUTOFF    
One-way carrier phase leveled to code                       OBSERVABLES USED    
  6371.0                                                    BASE RADIUS         
 2                                                          MAP DIMENSION       
   450.0 450.0   0.0                                        HGT1 / HGT2 / DHGT  
    87.5 -87.5  -2.5                                        LAT1 / LAT2 / DLAT  
  -180.0 180.0   5.0                                        LON1 / LON2 / DLON  
    -1                                                      EXPONENT            
                                                            END OF HEADER       
[from data line 3003]
     8                                                      START OF TEC MAP    
  2015    11    18    14     0     0                        EPOCH OF CURRENT MAP
    87.5-180.0 180.0   5.0 450.0                            LAT/LON1/LON2/DLON/H
   70   80   81   87   92   92   93   90   92   95   95   96   96   96   96   96
   95   95   94   93   91   90   89   87   86   84   83   81   80   79   77   76
   75   73   72   71   70   69   68   67   66   65   64   64   64   64   64   64
   64   64   64   65   65   66   66   67   68   68   69   69   70   71   71   72
   74   75   73   70   75   75   89   90   70                                   
    85.0-180.0 180.0   5.0 450.0                            LAT/LON1/LON2/DLON/H
   72   83   97   84   87   92   93   95   97   99   99  100  100  100  100   99
   99   98   97   96   94   93   92   91   89   88   87   85   84   82   81   79
   78   76   75   73   72   70   69   68   66   65   65   64   63   63   63   63
   63   63   64   64   65   66   67   67   68   69   70   70   71   72   73   74
   75   76   72   70   73   77   84   82   72                                   
    82.5-180.0 180.0   5.0 450.0                            LAT/LON1/LON2/DLON/H
   57   71   79   74   77   82   85   88   90   92   93   94   94   94   93   92
   92   90   89   88   87   85   84   83   82   81   79   78   77   76   74   73
   71   69   68   66   64   62   60   58   57   55   53   52   51   51   50   50
   50   51   51   52   53   54   54   55   56   57   58   59   59   60   60   61
   63   63   61   59   65   75   72   71   57                                   
    80.0-180.0 180.0   5.0 450.0                            LAT/LON1/LON2/DLON/H
   45   56   66   62   66   67   72   76   80   82   83   85   84   84   83   82
   81   80   79   78   77   76   75   74   74   73   73   72   71   70   69   68
   67   65   63   62   60   57   55   52   50   47   45   43   42   41   40   40
   41   41   42   43   45   46   47   48   49   50   50   51   51   51   51   51
   52   52   51   51   53   61   61   64   45                                   
    77.5-180.0 180.0   5.0 450.0                            LAT/LON1/LON2/DLON/H
   46   51   53   49   54   56   61   65   70   71   73   74   75   74   74   73
   73   72   71   71   71   71   71   71   71   71   71   71   71   70   70   69
   68   67   65   64   61   59   56   52   49   45   42   38   36   34   34   34
   34   35   37   39   41   43   44   46   47   47   47   47   47   46   45   45
   44   43   42   43   43   45   48   53   46                                   
    75.0-180.0 180.0   5.0 450.0                            LAT/LON1/LON2/DLON/H
   34   41   40   41   45   47   51   54   59   62   63   64   65   65   64   64
   64   64   65   66   68   69   71   73   75   76   77   77   77   77   77   76
   76   75   74   73   71   69   66   62   57   52   48   43   40   37   36   35
   36   37   39   41   44   46   47   49   49   49   49   48   47   46   45   44
   42   41   40   39   40   39   39   36   34                                   
    72.5-180.0 180.0   5.0 450.0                            LAT/LON1/LON2/DLON/H
   33   37   35   37   39   42   46   48   51   53   54   55   56   56   57   57
   58   60   62   65   68   72   76   79   82   84   86   86   86   86   85   85
   85   85   85   84   83   81   78   74   69   63   57   51   46   42   40   39
   39   40   41   44   46   48   49   50   50   50   49   48   47   46   45   44
   42   41   41   39   39   38   38   38   33                                   
    70.0-180.0 180.0   5.0 450.0                            LAT/LON1/LON2/DLON/H
   33   36   35   37   38   39   41   44   47   49   49   51   51   51   52   53
   55   58   63   68   74   80   87   92   97  100  102  102  102  100   99   98
   98   99   99  100  100   99   96   92   86   79   72   64   58   53   49   47
   46   46   47   48   50   51   52   52   52   51   50   49   48   47   47   46
   45   45   45   43   43   41   44   43   33                                   
    67.5-180.0 180.0   5.0 450.0                            LAT/LON1/LON2/DLON/H
   34   37   35   38   39   40   42   44   46   47   48   49   50   50   52   54
   57   62   68   75   83   92  100  108  114  117  119  118  116  114  111  109
  109  109  110  112  113  113  111  107  101   93   85   77   69   62   58   54
   52   50   50   50   50   50   50   50   49   48   48   47   47   47   47   48
   49   49   50   47   47   45   45   43   34                                   
    65.0-180.0 180.0   5.0 450.0                            LAT/LON1/LON2/DLON/H
   33   37   35   39   39   41   42   44   45   46   47   48   49   50   51   54
   58   64   72   81   91  102  113  122  129  133  134  133  130  127  123  121
  120  120  122  124  126  126  124  121  115  107   98   88   79   71   65   60
   56   52   50   48   47   45   44   43   42   42   41   41   42   43   44   47
   49   50   53   51   51   49   50   48   33                                   
    62.5-180.0 180.0   5.0 450.0                            LAT/LON1/LON2/DLON/H
   31   35   33   38   39   40   41   43   44   45   46   47   49   50   52   56
   61   67   76   86   98  110  122  132  139  144  146  144  141  138  134  131
  130  130  132  134  135  136  134  130  124  116  106   96   86   77   69   62
   56   51   46   43   40   37   36   35   34   33   33   34   35   36   39   42
   45   47   51   49   50   48   48   46   31                                   
    60.0-180.0 180.0   5.0 450.0                            LAT/LON1/LON2/DLON/H
   28   32   30   35   35   36   37   38   40   41   43   45   46   49   52   55
   61   68   77   88  100  112  124  135  144  149  151  151  150  147  144  142
  140  140  141  143  144  144  141  137  130  121  111  100   89   79   70   61
   54   47   41   36   32   29   27   26   26   26   26   27   28   30   32   35
   38   41   44   44   45   43   42   42   28                                   
    57.5-180.0 180.0   5.0 450.0                            LAT/LON1/LON2/DLON/H
   25   29   28   33   33   34   34   35   36   38   40   42   45   48   51   56
   62   69   78   89  101  113  125  136  145  152  156  158  159  158  157  156
  155  155  155  155  155  154  151  146  139  129  119  107   96   85   74   64
   56   48   41   35   30   27   26   25   25   25   26   26   27   28   29   32
   34   36   40   40   41   38   37   39   25                                   
    55.0-180.0 180.0   5.0 450.0                            LAT/LON1/LON2/DLON/H
   26   30   30   34   33   33   33   33   34   35   37   40   43   47   51   56
   62   70   79   90  102  113  125  136  145  153  159  164  168  170  171  172
  171  170  169  168  167  165  161  156  148  139  128  116  104   92   81   70
   61   52   45   39   35   32   31   31   31   32   32   32   32   32   32   33
   34   36   39   39   40   37   35   37   26                                   
    52.5-180.0 180.0   5.0 450.0                            LAT/LON1/LON2/DLON/H
   33   36   36   38   37   36   35   34   34   35   36   39   43   47   52   57
   64   73   82   93  104  115  126  137  147  156  164  171  177  183  186  187
  187  186  183  181  179  176  172  167  160  151  140  128  116  104   92   81
   71   63   56   51   47   45   44   44   45   45   46   46   44   43   42   41
   41   41   44   44   45   41   39   41   33                                   
    50.0-180.0 180.0   5.0 450.0                            LAT/LON1/LON2/DLON/H
   46   48   48   49   47   46   43   40   39   38   39   42   45   49   54   60
   68   77   87   98  110  120  131  141  151  161  170  179  188  194  199  201
  200  198  194  191  189  186  183  178  172  164  153  142  130  117  105   94
   85   78   72   67   64   62   61   61   62   63   64   63   62   59   57   55
   53   53   55   55   56   53   50   51   46                                   
    47.5-180.0 180.0   5.0 450.0                            LAT/LON1/LON2/DLON/H
   63   65   64   65   62   61   57   52   49   48   47   48   51   54   59   66
   74   85   96  107  119  129  140  149  159  168  178  188  197  204  208  209
  207  204  200  197  195  194  192  189  184  176  167  155  143  131  119  108
  100   93   88   84   81   79   78   77   78   79   80   80   79   77   73   70
   67   67   69   70   72   69   68   65   63                                   
    45.0-180.0 180.0   5.0 450.0                            LAT/LON1/LON2/DLON/H
   80   82   81   82   79   79   73   68   64   62   60   60   61   64   69   75
   84   95  107  119  131  141  151  160  169  178  187  196  204  209  211  210
  207  204  201  199  199  199  199  197  193  186  177  166  154  142  130  120
  112  106  101   98   94   91   89   88   88   89   91   92   91   89   87   84
   81   80   82   83   87   87   86   82   80                                   
    42.5-180.0 180.0   5.0 450.0                            LAT/LON1/LON2/DLON/H
   92   95   93   95   93   93   88   84   80   78   75   75   76   78   82   89
   98  108  121  133  145  155  164  173  180  188  196  203  207  209  209  206
  203  200  199  200  203  205  206  205  201  194  185  174  161  149  137  126
  119  113  109  105  101   96   92   90   89   90   92   94   95   95   93   91
   89   88   90   92   98  100  100   96   92                                   
    40.0-180.0 180.0   5.0 450.0                            LAT/LON1/LON2/DLON/H
   95   99   97  102  101  102   99   97   94   93   91   91   92   94   99  105
  114  124  136  148  160  170  178  185  191  197  203  207  208  207  205  202
  200  200  203  207  212  216  217  215  209  201  191  179  166  152  140  129
  121  115  111  106  101   95   90   86   85   85   87   90   92   93   93   92
   90   90   91   93  100  104  104  101   95                                   
    37.5-180.0 180.0   5.0 450.0                            LAT/LON1/LON2/DLON/H
   88   93   92   99  101  103  102  103  102  103  103  104  107  111  117  124
  132  142  153  164  174  183  190  196  200  205  208  210  209  207  204  203
  205  210  218  227  235  238  237  232  223  211  198  184  170  155  142  131
  123  116  111  106  100   93   87   82   80   80   82   84   86   88   88   89
   87   86   87   89   93   97   98   96   88                                   
    35.0-180.0 180.0   5.0 450.0                            LAT/LON1/LON2/DLON/H
   76   80   81   89   92   95   97  101  104  107  109  113  119  126  134  142
  151  160  170  180  189  196  201  205  208  211  213  214  213  212  212  215
  223  236  251  265  274  277  271  259  244  228  211  194  178  163  149  137
  128  121  116  111  105   98   91   86   83   83   83   84   85   85   86   87
   86   84   83   82   84   85   84   85   76                                   
    32.5-180.0 180.0   5.0 450.0                            LAT/LON1/LON2/DLON/H
   64   67   68   75   78   81   86   92   98  103  109  117  126  137  148  159
  169  178  187  195  203  209  212  214  215  217  220  222  223  226  231  242
  259  280  303  323  333  332  320  300  278  255  233  213  195  179  164  152
  143  136  131  127  121  115  109  104  101   99   98   96   94   93   93   93
   91   88   85   80   79   75   73   75   64                                   
    30.0-180.0 180.0   5.0 450.0                            LAT/LON1/LON2/DLON/H
   57   59   59   63   65   67   73   79   86   94  102  114  128  143  159  172
  184  193  202  211  218  222  223  222  222  224  228  234  240  249  263  283
  310  342  374  398  407  401  381  353  322  293  266  243  223  206  192  180
  172  166  161  158  154  149  144  139  136  133  129  124  118  114  112  111
  108  104   99   90   84   75   70   70   57                                   
    27.5-180.0 180.0   5.0 450.0                            LAT/LON1/LON2/DLON/H
   59   61   59   59   58   58   62   66   74   82   92  106  124  144  164  181
  195  206  216  225  232  235  234  231  230  232  239  250  264  281  305  336
  376  418  455  481  487  474  447  411  374  340  310  284  264  247  233  223
  215  210  206  204  202  199  195  191  188  183  177  168  158  150  146  144
  139  134  127  113  103   88   79   74   59                                   
    25.0-180.0 180.0   5.0 450.0                            LAT/LON1/LON2/DLON/H
   73   75   68   65   61   58   59   60   65   71   81   96  116  140  164  185
  202  216  228  238  245  247  245  241  239  242  253  270  293  321  356  398
  447  495  534  555  556  537  505  466  427  391  359  334  314  298  286  277
  271  266  264  263  262  260  256  253  249  243  234  222  208  197  190  187
  182  177  166  151  136  116  101   89   73                                   
    22.5-180.0 180.0   5.0 450.0                            LAT/LON1/LON2/DLON/H
   99   99   88   80   73   67   64   62   63   67   75   89  109  134  161  185
  205  221  236  248  256  259  256  251  249  254  270  294  326  365  409  459
  511  558  591  606  600  579  546  509  472  439  410  387  369  356  346  339
  333  329  327  325  324  322  318  314  308  301  291  276  260  246  238  233
  228  225  212  198  180  154  133  115   99                                   
    20.0-180.0 180.0   5.0 450.0                            LAT/LON1/LON2/DLON/H
  132  130  113  101   90   80   75   69   68   69   74   86  106  131  158  184
  206  225  242  256  266  270  267  262  261  269  290  322  362  407  456  507
  555  594  619  628  620  599  570  538  507  480  456  438  423  413  406  400
  395  389  384  379  375  371  366  360  353  346  335  320  304  288  279  273
  269  268  254  244  223  195  172  149  132                                   
    17.5-180.0 180.0   5.0 450.0                            LAT/LON1/LON2/DLON/H
  164  161  139  124  108   95   88   80   76   76   79   90  108  132  159  186
  210  231  249  265  276  280  278  273  275  287  314  351  396  443  490  536
  575  604  621  626  618  601  579  555  532  512  495  482  471  464  458  452
  444  434  423  413  404  396  388  380  373  367  358  346  331  316  305  299
  295  296  283  278  257  231  208  184  164                                   
    15.0-180.0 180.0   5.0 450.0                            LAT/LON1/LON2/DLON/H
  187  184  161  142  122  108  100   90   85   84   88   98  115  139  166  193
  219  241  260  276  287  291  289  287  292  310  341  382  426  470  511  546
  573  593  605  608  603  592  577  562  548  537  526  517  510  504  498  489
  476  459  440  422  407  394  383  375  369  365  361  353  340  325  313  305
  301  303  293  291  274  252  234  211  187                                   
    12.5-180.0 180.0   5.0 450.0                            LAT/LON1/LON2/DLON/H
  195  193  172  153  132  117  108   97   92   92   96  108  126  150  179  207
  233  256  276  291  299  302  301  303  313  336  371  412  453  489  520  543
  560  572  579  582  581  577  571  566  561  556  551  544  538  532  523  510
  491  465  437  411  391  375  362  354  349  348  348  344  334  319  306  294
  288  289  282  282  271  256  242  221  195                                   
    10.0-180.0 180.0   5.0 450.0                            LAT/LON1/LON2/DLON/H
  191  190  172  153  134  119  111  101   96   98  105  119  139  165  195  225
  253  276  295  307  314  316  317  323  340  367  404  442  476  503  523  536
  544  550  555  559  562  565  568  571  573  573  570  565  558  549  537  519
  492  459  423  392  367  350  338  329  326  328  331  330  321  305  288  273
  263  262  257  258  252  243  233  214  191                                   
     7.5-180.0 180.0   5.0 450.0                            LAT/LON1/LON2/DLON/H
  179  181  165  147  130  115  109  100   98  101  111  128  152  181  214  246
  275  298  315  326  330  332  337  348  370  401  437  471  498  516  526  530
