data/edconvlstm_nd/pred1160.15i
     1.0            IONOSPHERE MAPS     GNSS                IONEX VERSION / TYPE
pyspatialgeodesy        IME             05-JAN-18 20:20     PGM / RUN BY / DATE 
Map Name                                                    COMMENT             
Predicted global ionosphere maps (GIM).                     DESCRIPTION         
  2015     4    26     0     0     0                        EPOCH OF FIRST MAP  
  2015     4    27     0     0     0                        EPOCH OF LAST MAP   
  7200                                                      INTERVAL            
    13                                                      # OF MAPS IN FILE   
  NONE                                                      MAPPING FUNCTION    
10.0                                                        ELEVATION CUTOFF    
One-way carrier phase leveled to code                       OBSERVABLES USED    
  6371.0                                                    BASE RADIUS         
 2                                                          MAP DIMENSION       
   450.0 450.0   0.0                                        HGT1 / HGT2 / DHGT  
    87.5 -87.5  -2.5                                        LAT1 / LAT2 / DLAT  
  -180.0 180.0   5.0                                        LON1 / LON2 / DLON  
    -1                                                      EXPONENT            
                                                            END OF HEADER       
[from data line 1287]
     4                                                      START OF TEC MAP    
  2015     4    26     6     0     0                        EPOCH OF CURRENT MAP
    87.5-180.0 180.0   5.0 450.0                            LAT/LON1/LON2/DLON/H
  239  228  220  221  222  221  219  219  220  221  222  224  225  226  227  229
  230  231  233  234  235  237  238  238  239  239  239  239  239  239  238  238
  237  237  236  236  235  235  234  234  233  233  232  232  231  231  230  230
  229  229  228  227  227  226  225  224  223  222  221  220  219  217  216  216
  215  216  215  217  220  222  221  229  239                                   
    85.0-180.0 180.0   5.0 450.0                            LAT/LON1/LON2/DLON/H
  227  218  216  216  218  218  219  219  221  222  223  225  227  229  231  233
  235  238  240  242  244  245  247  248  248  249  249  248  248  248  247  246
  246  245  245  244  244  243  243  243  242  242  241  241  240  239  239  238
  238  237  236  235  234  233  232  230  229  228  226  225  223  222  220  219
  219  219  215  219  216  219  223  229  227                                   
    82.5-180.0 180.0   5.0 450.0                            LAT/LON1/LON2/DLON/H
  223  219  215  210  212  212  212  213  215  216  218  221  223  225  228  231
  234  237  240  243  245  247  248  249  249  249  248  247  247  246  245  244
  244  244  244  244  244  244  245  245  245  245  245  245  245  245  245  245
  245  244  244  243  242  241  240  239  237  236  234  232  230  227  225  223
  220  219  214  216  217  219  223  214  223                                   
    80.0-180.0 180.0   5.0 450.0                            LAT/LON1/LON2/DLON/H
  223  221  214  209  210  210  211  212  214  215  216  219  221  223  226  230
  233  236  240  243  245  247  247  247  247  245  244  242  241  240  239  239
  239  240  242  243  245  247  248  249  251  252  253  254  255  257  258  259
  260  261  262  262  263  262  262  261  259  258  256  253  250  247  244  241
  238  234  227  226  226  223  229  213  223                                   
    77.5-180.0 180.0   5.0 450.0                            LAT/LON1/LON2/DLON/H
  229  224  219  214  213  212  212  212  213  213  213  214  216  218  221  224
  227  231  235  238  241  242  243  242  240  238  235  232  230  229  229  230
  232  235  238  242  245  249  252  255  257  259  262  264  267  270  273  276
  279  282  284  286  287  288  288  288  287  285  283  281  278  274  270  266
  261  257  247  244  243  240  235  225  229                                   
    75.0-180.0 180.0   5.0 450.0                            LAT/LON1/LON2/DLON/H
  235  233  226  221  218  216  215  213  212  211  209  208  208  208  210  212
  215  219  223  227  230  232  233  231  229  225  221  218  215  214  214  217
  220  225  231  237  243  248  253  257  261  265  268  272  277  282  287  292
  297  302  306  310  312  314  315  315  315  313  311  308  305  301  297  293
  288  282  273  265  260  257  252  242  235                                   
    72.5-180.0 180.0   5.0 450.0                            LAT/LON1/LON2/DLON/H
  242  242  236  229  224  220  218  215  212  208  203  200  197  194  194  194
  197  201  205  210  215  217  218  217  214  210  205  201  198  198  199  203
  209  216  224  232  239  246  252  257  261  266  270  276  282  289  296  304
  311  318  324  329  332  334  335  335  334  332  330  327  324  320  315  311
  306  301  293  285  278  273  267  261  242                                   
    70.0-180.0 180.0   5.0 450.0                            LAT/LON1/LON2/DLON/H
  249  247  242  234  228  222  219  214  210  204  197  191  184  179  175  174
  175  178  184  190  196  200  202  202  199  194  189  185  182  182  184  189
  197  206  215  225  234  241  248  253  258  263  269  276  284  293  303  313
  323  331  338  343  346  347  347  347  345  342  339  336  331  327  322  318
  314  309  302  296  289  285  281  277  249                                   
    67.5-180.0 180.0   5.0 450.0                            LAT/LON1/LON2/DLON/H
  250  249  245  236  229  222  219  213  207  200  192  183  175  166  160  156
  156  159  164  171  178  183  187  187  185  181  176  172  169  169  173  179
  188  198  209  219  228  236  242  248  253  259  266  274  284  295  307  319
  330  339  346  351  353  353  352  350  347  343  338  334  328  323  317  313
  308  305  300  295  290  288  285  284  250                                   
    65.0-180.0 180.0   5.0 450.0                            LAT/LON1/LON2/DLON/H
  249  247  242  232  225  217  213  207  202  194  185  176  166  156  148  142
  140  141  146  153  160  167  171  172  170  166  162  159  157  158  162  169
  179  190  201  212  221  229  236  242  248  255  263  273  285  298  311  325
  336  346  352  356  357  355  352  349  344  339  334  327  321  313  306  300
  295  292  288  286  284  285  284  283  249                                   
    62.5-180.0 180.0   5.0 450.0                            LAT/LON1/LON2/DLON/H
  246  244  238  226  219  210  205  199  194  187  179  170  160  150  140  133
  129  129  133  139  146  152  156  157  155  153  149  147  147  149  154  162
  172  183  194  205  215  223  230  237  244  253  262  274  287  302  317  331
  343  352  358  360  360  358  354  349  344  339  332  325  317  307  298  290
  283  279  276  275  275  278  277  277  246                                   
    60.0-180.0 180.0   5.0 450.0                            LAT/LON1/LON2/DLON/H
  247  242  236  220  213  202  195  189  183  176  170  163  154  145  135  128
  123  122  124  128  133  138  141  142  140  139  137  137  138  142  148  155
  165  176  187  198  208  217  226  234  243  253  265  278  293  308  324  338
  350  359  365  367  366  364  360  356  351  346  340  333  323  312  300  289
  280  273  269  268  270  272  273  269  247                                   
    57.5-180.0 180.0   5.0 450.0                            LAT/LON1/LON2/DLON/H
  253  248  239  221  213  200  190  181  174  166  160  155  148  140  132  125
  120  118  118  121  124  127  129  128  128  127  127  129  132  137  143  151
  159  170  181  192  203  214  224  235  246  258  272  286  302  318  334  348
  360  369  374  377  377  375  373  370  367  363  359  351  341  329  315  301
  289  280  274  271  272  274  273  266  253                                   
    55.0-180.0 180.0   5.0 450.0                            LAT/LON1/LON2/DLON/H
  267  261  250  231  222  206  192  179  169  159  152  147  141  135  129  123
  119  117  117  118  120  121  120  120  119  119  121  125  130  135  141  147
  155  164  176  188  201  213  226  238  252  266  281  298  314  331  347  361
  372  381  387  391  392  392  391  391  389  388  384  378  369  356  341  325
  310  299  291  285  284  283  281  272  267                                   
    52.5-180.0 180.0   5.0 450.0                            LAT/LON1/LON2/DLON/H
  286  280  269  250  240  221  205  186  172  158  148  142  136  131  126  122
  119  118  118  119  120  119  118  117  117  118  122  127  132  137  141  145
  152  160  172  186  200  215  229  244  260  276  294  311  329  346  361  375
  387  396  403  407  410  411  412  413  414  413  411  406  398  386  371  355
  339  326  316  307  302  299  295  286  286                                   
    50.0-180.0 180.0   5.0 450.0                            LAT/LON1/LON2/DLON/H
  308  303  293  276  265  245  226  203  183  165  151  142  135  129  124  121
  120  121  122  124  124  123  122  121  121  124  128  134  139  142  144  146
  150  158  170  185  202  218  235  252  270  288  307  326  344  361  377  391
  403  412  420  425  428  430  432  433  433  433  431  427  420  409  396  382
  367  355  345  333  324  319  312  304  308                                   
    47.5-180.0 180.0   5.0 450.0                            LAT/LON1/LON2/DLON/H
  328  325  317  304  292  273  252  225  201  178  161  148  138  131  126  123
  123  125  128  130  132  132  131  131  132  135  140  145  149  150  148  148
  150  157  170  186  204  223  241  259  278  298  319  339  359  377  394  408
  420  430  437  442  445  447  447  447  445  442  439  434  427  419  409  398
  387  377  367  354  343  335  328  322  328                                   
    45.0-180.0 180.0   5.0 450.0                            LAT/LON1/LON2/DLON/H
  344  341  337  328  315  298  277  249  222  196  176  160  147  137  130  127
  127  130  134  139  142  143  143  144  146  150  154  158  160  158  154  150
  151  157  170  188  207  226  245  264  285  306  329  351  372  392  410  425
  438  448  454  459  461  461  458  454  449  443  437  430  424  417  409  402
  395  388  380  367  354  345  339  335  344                                   
    42.5-180.0 180.0   5.0 450.0                            LAT/LON1/LON2/DLON/H
  352  347  345  340  327  313  293  266  240  214  192  175  160  148  139  134
  133  137  142  148  152  155  156  158  160  164  168  171  170  166  159  153
  152  158  171  189  208  228  247  267  288  312  336  361  384  406  425  442
  455  465  472  476  477  475  470  463  454  444  435  427  420  414  408  403
  398  393  385  373  360  348  344  342  352                                   
    40.0-180.0 180.0   5.0 450.0                            LAT/LON1/LON2/DLON/H
  353  344  341  337  325  312  294  272  249  225  205  189  174  162  151  145
  143  145  151  157  163  166  169  171  174  177  181  182  179  172  163  156
  154  159  172  190  209  228  246  267  290  315  342  369  394  418  439  458
  472  484  491  496  497  495  489  480  469  457  446  437  430  423  418  413
  408  402  393  379  366  353  348  345  353                                   
    37.5-180.0 180.0   5.0 450.0                            LAT/LON1/LON2/DLON/H
  352  337  330  321  310  296  281  263  245  227  212  199  187  175  165  157
  153  155  160  166  172  176  179  182  185  188  191  191  187  179  169  160
  157  162  174  190  208  226  245  266  290  318  346  375  403  429  452  472
  489  502  513  520  524  524  520  511  501  490  479  470  462  455  450  444
  437  429  418  399  384  368  360  354  352                                   
    35.0-180.0 180.0   5.0 450.0                            LAT/LON1/LON2/DLON/H
  357  336  320  303  290  273  257  243  230  219  209  202  195  186  177  169
  165  165  169  176  182  186  190  193  196  199  201  199  194  185  174  165
  161  164  175  190  207  225  243  265  291  320  350  380  409  437  461  483
  503  520  536  550  560  566  566  562  555  547  538  530  523  517  510  503
  494  482  467  442  424  405  389  378  357                                   
    32.5-180.0 180.0   5.0 450.0                            LAT/LON1/LON2/DLON/H
  377  351  324  296  278  254  235  222  212  205  200  199  196  192  185  179
  175  175  179  185  191  196  201  205  209  212  213  210  203  192  179  169
  163  165  174  188  205  222  242  264  291  321  353  383  413  441  467  491
  514  537  561  583  603  618  627  631  631  628  624  619  614  609  603  594
  582  566  546  512  490  464  438  423  377                                   
    30.0-180.0 180.0   5.0 450.0                            LAT/LON1/LON2/DLON/H
  419  388  348  310  284  254  228  212  201  194  192  193  194  193  190  186
  183  183  188  195  202  208  214  220  226  229  229  223  213  199  184  171
  164  164  172  186  202  220  241  264  292  322  354  384  414  442  469  495
  523  553  585  619  650  676  696  710  720  726  728  728  727  723  717  707
  693  675  651  608  579  545  506  489  419                                   
    27.5-180.0 180.0   5.0 450.0                            LAT/LON1/LON2/DLON/H
  485  449  398  351  316  281  248  226  209  198  193  192  194  194  193  190
  189  191  196  204  213  222  231  241  248  252  249  240  225  208  189  174
  164  163  170  183  200  219  240  265  293  323  354  384  413  441  469  498
  531  568  609  653  695  732  763  789  810  826  836  841  843  841  834  821
  805  786  761  715  678  635  591  569  485                                   
    25.0-180.0 180.0   5.0 450.0                            LAT/LON1/LON2/DLON/H
  568  532  474  419  377  339  298  268  244  225  212  205  203  201  200  197
  196  198  204  213  224  237  251  265  275  278  272  258  239  217  195  177
  166  162  168  180  197  217  240  266  294  324  354  384  413  442  471  503
  539  582  631  683  732  777  816  851  881  906  924  934  938  937  929  914
  896  879  856  813  771  722  684  656  568                                   
    22.5-180.0 180.0   5.0 450.0                            LAT/LON1/LON2/DLON/H
  654  622  563  506  457  419  375  337  304  277  254  238  228  221  216  211
  208  209  214  224  237  253  272  290  302  304  294  275  251  225  201  180
  166  161  165  176  194  215  240  266  294  324  354  385  415  445  476  510
  549  596  650  705  758  805  847  886  922  952  973  986  990  988  979  964
  947  933  918  884  843  793  769  735  654                                   
    20.0-180.0 180.0   5.0 450.0                            LAT/LON1/LON2/DLON/H
  726  700  647  590  539  505  462  421  383  348  316  290  271  257  245  236
  230  227  229  237  251  270  292  313  325  323  308  284  257  229  202  180
  164  156  159  170  188  211  237  264  292  322  353  385  417  449  482  518
  560  609  663  717  768  813  854  892  927  957  979  991  994  990  980  966
  952  943  936  913  881  834  829  792  726                                   
    17.5-180.0 180.0   5.0 450.0                            LAT/LON1/LON2/DLON/H
  772  744  700  649  602  576  539  501  463  426  389  357  330  308  290  275
  262  253  250  254  266  285  308  328  338  331  311  283  253  224  197  173
  155  147  148  160  180  205  231  259  288  318  351  385  420  455  490  528
  571  619  670  719  763  801  835  868  899  925  945  956  959  955  947  935
  924  920  920  907  885  845  852  822  772                                   
    15.0-180.0 180.0   5.0 450.0                            LAT/LON1/LON2/DLON/H
  787  746  710  669  629  611  584  553  523  491  458  426  397  370  347  324
  304  288  278  275  282  298  318  335  338  325  300  270  240  212  185  161
  144  135  137  150  171  197  224  252  282  314  348  385  423  460  498  537
  580  625  669  709  743  771  796  821  845  865  882  894  900  902  898  892
  886  884  888  881  870  837  845  827  787                                   
    12.5-180.0 180.0   5.0 450.0                            LAT/LON1/LON2/DLON/H
  777  719  686  651  620  606  586  565  547  528  506  482  457  431  406  379
  353  328  309  299  298  308  322  331  326  306  278  249  223  198  174  151
  133  125  128  142  163  189  217  245  275  309  346  385  425  465  505  545
  587  627  663  693  716  734  751  767  783  799  813  826  837  845  848  847
  846  847  852  849  846  822  823  817  777                                   
    10.0-180.0 180.0   5.0 450.0                            LAT/LON1/LON2/DLON/H
  756  687  652  616  587  571  555  542  536  531  523  512  497  479  456  429
  399  369  342  322  314  315  319  317  303  279  252  227  205  185  163  143
  127  119  123  137  158  183  210  238  269  304  342  384  426  468  509  551
  591  628  658  680  694  706  717  728  739  750  763  777  791  803  811  812
  812  814  820  819  820  804  800  803  756                                   
     7.5-180.0 180.0   5.0 450.0                            LAT/LON1/LON2/DLON/H
  735  665  625  582  549  527  508  499  501  508  513  515  512  503  487  463
  434  400  368  342  325  316  309  298  277  252  227  206  189  172  154  136
