data/edconvlstm_nd/pred3020.15i
     1.0            IONOSPHERE MAPS     GNSS                IONEX VERSION / TYPE
pyspatialgeodesy        IME             05-JAN-18 20:20     PGM / RUN BY / DATE 
Map Name                                                    COMMENT             
Predicted global ionosphere maps (GIM).                     DESCRIPTION         
  2015    10    29     0     0     0                        EPOCH OF FIRST MAP  
  2015    10    30     0     0     0                        EPOCH OF LAST MAP   
  7200                                                      INTERVAL            
    13                                                      # OF MAPS IN FILE   
  NONE                                                      MAPPING FUNCTION    
10.0                                                        ELEVATION CUTOFF    
One-way carrier phase leveled to code                       OBSERVABLES USED    
  6371.0                                                    BASE RADIUS         
 2                                                          MAP DIMENSION       
   450.0 450.0   0.0                                        HGT1 / HGT2 / DHGT  
    87.5 -87.5  -2.5                                        LAT1 / LAT2 / DLAT  
  -180.0 180.0   5.0                                        LON1 / LON2 / DLON  
    -1                                                      EXPONENT            
                                                            END OF HEADER       
[from data line 3432]
     9                                                      START OF TEC MAP    
  2015    10    29    16     0     0                        EPOCH OF CURRENT MAP
    87.5-180.0 180.0   5.0 450.0                            LAT/LON1/LON2/DLON/H
   75   83   83   88   93   92   91   89   90   93   93   94   95   96   97   98
  100  101  101  102  103  103  104  104  103  103  103  102  101  100   98   97
   95   94   92   90   88   86   84   83   81   80   79   78   78   77   77   77
   77   78   78   79   79   80   80   81   82   82   83   83   84   84   84   85
   85   86   83   79   82   80   92   94   75                                   
    85.0-180.0 180.0   5.0 450.0                            LAT/LON1/LON2/DLON/H
   77   84   95   82   85   89   89   91   93   95   96   98   99  101  103  105
  107  108  110  111  112  113  114  114  114  114  114  113  112  110  108  106
  104  102   99   96   94   91   89   86   84   82   81   80   79   78   78   78
   79   79   80   80   81   82   83   83   84   85   85   86   86   87   87   88
   89   89   85   80   81   83   85   82   77                                   
    82.5-180.0 180.0   5.0 450.0                            LAT/LON1/LON2/DLON/H
   55   67   71   65   69   72   74   76   78   81   83   87   89   92   95   99
  102  105  108  110  112  114  116  117  117  117  117  116  115  113  111  108
  105  102   98   94   90   87   83   79   76   74   71   70   68   68   67   67
   68   68   69   70   71   72   72   73   74   74   75   75   75   76   76   76
   77   76   73   69   71   80   72   72   55                                   
    80.0-180.0 180.0   5.0 450.0                            LAT/LON1/LON2/DLON/H
   38   46   54   49   52   52   55   58   62   66   70   75   79   83   88   92
   97  101  105  108  112  114  116  117  118  118  118  117  115  113  110  107
  103   99   94   89   84   79   74   70   66   62   59   57   56   55   55   56
   57   58   60   61   62   63   64   65   65   66   66   66   66   66   66   66
   66   66   64   62   58   65   59   65   38                                   
    77.5-180.0 180.0   5.0 450.0                            LAT/LON1/LON2/DLON/H
   38   40   39   35   38   38   41   44   49   53   58   64   70   77   83   90
   96  101  107  112  116  119  122  124  125  125  124  123  121  118  115  111
  107  102   97   91   85   78   72   66   61   56   53   50   49   48   48   49
   51   52   54   56   57   58   58   58   58   58   57   57   56   56   55   55
   54   54   54   53   50   49   48   57   38                                   
    75.0-180.0 180.0   5.0 450.0                            LAT/LON1/LON2/DLON/H
   24   29   26   26   28   28   30   33   39   44   50   58   66   74   82   90
   98  105  112  118  123  127  130  132  133  133  132  130  128  125  122  118
  113  108  103   97   90   83   77   70   64   58   54   51   49   49   49   50
   52   54   55   56   57   57   57   56   54   53   52   50   49   48   48   47
   47   47   47   46   45   42   40   38   24                                   
    72.5-180.0 180.0   5.0 450.0                            LAT/LON1/LON2/DLON/H
   23   26   22   24   22   23   26   29   34   40   48   57   67   77   86   96
  105  114  122  129  135  139  143  144  145  144  142  139  136  133  129  126
  121  117  111  106   99   92   85   77   70   64   59   55   53   52   52   53
   54   56   56   57   56   55   54   51   49   47   44   43   41   40   40   40
   39   39   40   39   40   39   37   39   23                                   
    70.0-180.0 180.0   5.0 450.0                            LAT/LON1/LON2/DLON/H
   22   25   23   25   23   23   25   29   35   43   52   62   73   84   95  106
  116  126  135  144  150  156  159  161  160  159  156  152  148  144  140  136
  132  128  123  117  111  104   97   89   81   74   68   63   60   59   58   59
   59   59   59   58   57   54   51   48   45   42   40   39   38   37   37   38
   37   38   40   39   40   39   43   43   22                                   
    67.5-180.0 180.0   5.0 450.0                            LAT/LON1/LON2/DLON/H
   27   30   27   29   28   27   30   34   41   49   59   70   82   94  105  117
  128  139  149  158  166  171  175  176  174  171  167  162  157  152  148  144
  140  135  131  125  119  112  105   97   89   81   74   69   65   63   61   61
   60   59   58   56   53   50   47   44   41   38   37   36   36   36   37   38
   39   39   40   39   40   40   42   42   27                                   
    65.0-180.0 180.0   5.0 450.0                            LAT/LON1/LON2/DLON/H
   29   33   29   33   31   31   33   38   45   54   65   77   89  101  113  125
  137  148  159  169  177  183  187  188  186  182  177  171  166  160  155  151
  147  142  137  131  125  118  111  102   94   86   78   71   66   63   60   58
   56   54   51   48   45   41   38   36   34   32   32   32   33   35   37   38
   39   40   41   40   42   43   45   46   29                                   
    62.5-180.0 180.0   5.0 450.0                            LAT/LON1/LON2/DLON/H
   33   35   32   36   35   34   36   41   49   58   70   82   95  107  119  131
  142  154  165  175  184  191  194  195  193  189  183  177  171  166  161  156
  151  145  140  133  126  119  111  103   94   85   77   69   63   58   54   51
   47   44   41   37   34   31   29   28   28   28   29   30   32   34   37   39
   40   40   41   40   40   41   42   43   33                                   
    60.0-180.0 180.0   5.0 450.0                            LAT/LON1/LON2/DLON/H
   35   37   34   38   36   36   38   43   51   61   73   85   98  110  121  133
  144  156  167  177  185  192  196  196  194  190  186  180  176  171  167  162
  156  149  142  134  127  118  110  101   92   83   74   66   59   53   47   43
   39   34   31   27   25   23   23   24   25   26   28   30   33   35   38   39
   40   40   40   38   39   38   38   41   35                                   
    57.5-180.0 180.0   5.0 450.0                            LAT/LON1/LON2/DLON/H
   38   39   37   41   39   39   41   46   54   64   76   89  101  113  124  135
  146  156  167  176  184  190  193  194  193  190  187  184  181  179  176  171
  165  157  148  139  130  121  112  103   94   84   75   67   59   52   46   41
   36   32   28   25   23   23   24   26   29   32   34   37   39   41   43   44
   44   43   42   40   39   37   36   40   38                                   
    55.0-180.0 180.0   5.0 450.0                            LAT/LON1/LON2/DLON/H
   44   44   43   47   45   45   47   53   61   70   82   94  106  117  128  139
  149  158  167  174  181  186  190  191  191  190  189  188  188  188  187  183
  176  168  158  148  138  128  119  109  100   90   81   72   65   58   51   46
   41   36   33   30   29   30   33   37   40   44   46   48   50   51   52   52
   51   50   48   45   43   40   38   41   44                                   
    52.5-180.0 180.0   5.0 450.0                            LAT/LON1/LON2/DLON/H
   52   52   52   56   55   56   58   63   71   80   90  101  113  124  135  145
  154  162  169  174  179  183  186  188  189  190  192  194  197  199  199  196
  190  181  170  160  149  139  129  120  110  101   92   84   76   70   64   59
   54   50   46   44   44   45   49   53   58   62   64   65   64   64   64   64
   63   61   59   56   53   48   45   47   52                                   
    50.0-180.0 180.0   5.0 450.0                            LAT/LON1/LON2/DLON/H
   64   65   65   68   68   70   73   78   85   93  102  112  123  134  145  155
  163  169  173  177  180  183  186  189  191  194  197  202  207  211  212  209
  203  194  184  174  164  154  144  134  124  115  107   99   93   87   81   77
   72   69   65   63   63   64   68   73   78   82   83   82   81   79   78   77
   76   75   73   70   67   62   59   58   64                                   
    47.5-180.0 180.0   5.0 450.0                            LAT/LON1/LON2/DLON/H
   76   78   79   82   83   86   89   95  101  109  116  125  135  146  157  166
  174  178  181  183  185  187  190  193  197  201  205  211  216  220  221  218
  213  205  197  188  179  170  160  150  139  130  121  115  109  104   99   95
   91   87   84   81   80   81   85   90   95   99   99   98   95   92   91   90
   89   89   88   86   84   80   77   73   76                                   
    45.0-180.0 180.0   5.0 450.0                            LAT/LON1/LON2/DLON/H
   87   89   90   93   95  100  104  111  117  125  131  139  148  159  169  178
  185  188  190  191  192  195  198  202  206  210  215  220  224  226  225  222
  218  213  207  201  194  185  175  163  152  141  132  125  120  115  111  107
  103  100   96   93   91   91   94   99  105  109  110  108  105  102  101  101
  100  101  101  100   99   97   96   89   87                                   
    42.5-180.0 180.0   5.0 450.0                            LAT/LON1/LON2/DLON/H
   93   96   95  100  103  109  114  122  129  138  144  152  161  171  181  190
  195  198  199  199  201  205  209  213  217  221  224  227  228  228  226  223
  220  218  216  213  208  200  188  174  160  147  137  129  123  118  113  109
  105  102   98   95   92   91   93   98  105  110  112  112  110  108  107  107
  107  108  109  109  110  109  108  103   93                                   
    40.0-180.0 180.0   5.0 450.0                            LAT/LON1/LON2/DLON/H
   93   95   93  100  104  111  117  127  136  146  154  163  172  182  192  200
  204  206  207  208  211  216  220  225  228  230  232  232  230  228  225  223
  223  225  227  227  224  215  201  184  166  150  138  128  120  114  108  103
  100   96   93   89   85   83   85   91   98  105  109  110  110  109  109  109
  108  109  111  111  112  112  111  108   93                                   
    37.5-180.0 180.0   5.0 450.0                            LAT/LON1/LON2/DLON/H
   87   87   85   93   97  104  113  125  137  150  160  171  182  193  202  209
  212  214  214  217  221  226  231  234  236  237  237  235  233  230  228  229
  233  240  246  248  245  234  217  196  174  154  138  125  116  108  101   96
   93   90   87   84   79   77   78   83   91   99  104  107  108  108  107  107
  106  105  106  106  106  106  105  103   87                                   
    35.0-180.0 180.0   5.0 450.0                            LAT/LON1/LON2/DLON/H
   78   76   73   81   85   92  103  118  133  150  164  178  191  203  212  218
  220  221  223  226  230  235  239  240  241  241  241  240  239  238  240  247
  257  268  277  280  275  261  239  214  187  164  144  129  117  108  101   96
   94   92   91   87   83   80   80   84   91   99  104  107  108  108  107  105
  103  100  100   98   96   94   92   93   78                                   
    32.5-180.0 180.0   5.0 450.0                            LAT/LON1/LON2/DLON/H
   70   65   61   68   72   77   90  107  127  147  166  184  199  213  222  228
  230  230  232  236  240  243  244  243  243  243  245  248  252  257  266  279
  295  312  323  325  316  297  271  241  211  184  161  144  131  122  115  112
  111  111  111  108  103   99   97   99  104  110  113  114  114  113  112  109
  103   99   96   92   88   84   81   83   70                                   
    30.0-180.0 180.0   5.0 450.0                            LAT/LON1/LON2/DLON/H
   65   60   55   59   62   65   78   96  119  143  166  188  207  222  233  239
  241  241  243  247  249  250  247  245  244  247  254  264  275  289  306  327
  350  370  382  381  367  342  312  278  246  216  192  173  161  153  149  148
  149  151  152  150  144  137  132  131  132  133  132  130  128  126  123  119
  112  105  100   93   87   79   75   76   65                                   
    27.5-180.0 180.0   5.0 450.0                            LAT/LON1/LON2/DLON/H
   66   61   55   56   57   59   71   89  114  140  166  191  213  231  243  250
  253  254  256  259  259  256  251  247  248  256  270  288  308  332  358  388
  417  440  450  445  424  394  359  324  291  261  236  218  207  202  202  205
  208  211  212  209  202  192  183  176  171  166  161  154  149  145  142  137
  129  121  113  103   95   84   77   74   66                                   
    25.0-180.0 180.0   5.0 450.0                            LAT/LON1/LON2/DLON/H
   74   68   60   60   60   61   72   89  113  140  167  193  216  236  251  259
  264  267  270  271  269  263  257  254  258  272  294  321  351  383  419  456
  490  514  520  508  480  445  409  374  342  313  289  272  264  264  268  274
  280  283  283  278  268  254  239  226  214  203  191  181  173  168  165  161
  153  146  134  123  112   97   87   78   74                                   
    22.5-180.0 180.0   5.0 450.0                            LAT/LON1/LON2/DLON/H
   85   79   69   68   68   69   81   96  118  143  169  194  218  239  256  267
  274  279  282  283  279  272  267  267  277  297  326  361  398  439  481  523
  558  579  579  560  527  488  452  419  390  364  342  327  321  325  334  342
  348  349  345  337  323  305  286  267  249  233  217  203  194  189  187  185
  180  174  160  148  135  115  101   89   85                                   
    20.0-180.0 180.0   5.0 450.0                            LAT/LON1/LON2/DLON/H
   99   91   78   77   77   80   92  106  127  150  172  195  218  240  259  273
  283  290  294  294  291  285  283  288  304  332  367  406  448  492  536  576
  608  622  616  591  555  517  483  454  429  406  385  371  367  372  381  389
  391  387  379  366  349  329  307  286  266  247  230  215  206  203  204  205
  203  200  185  174  157  134  116  103   99                                   
    17.5-180.0 180.0   5.0 450.0                            LAT/LON1/LON2/DLON/H
  111  100   85   84   84   88  103  117  137  158  178  198  220  242  262  279
  292  301  306  307  305  303  305  318  341  374  413  454  495  536  574  608
  631  638  626  599  564  530  500  477  455  434  413  396  389  391  398  401
  397  387  372  355  337  318  297  278  260  243  227  215  208  207  212  216
  218  217  204  192  173  148  128  116  111                                   
    15.0-180.0 180.0   5.0 450.0                            LAT/LON1/LON2/DLON/H
  117  104   88   86   87   93  110  125  146  166  184  204  225  247  269  287
  302  314  321  324  324  326  336  355  385  422  462  499  534  565  593  615
  629  630  616  591  561  533  509  489  470  448  424  402  388  383  381  377
  366  348  329  312  295  279  264  249  236  224  213  205  201  204  211  218
  221  223  211  199  179  153  133  123  117                                   
    12.5-180.0 180.0   5.0 450.0                            LAT/LON1/LON2/DLON/H
  115  101   85   83   85   93  113  131  153  174  193  213  234  257  280  301
  318  331  340  345  349  356  372  399  434  473  508  538  561  579  593  604
  610  608  596  577  555  533  514  497  477  452  423  393  369  354  343  330
  311  289  268  252  240  230  221  213  207  201  195  191  191  195  203  210
  214  216  206  194  174  149  129  121  115                                   
    10.0-180.0 180.0   5.0 450.0                            LAT/LON1/LON2/DLON/H
  108   92   78   78   80   91  113  134  159  182  204  225  249  273  298  320
  339  354  365  373  380  392  413  445  483  519  548  566  576  580  583  586
  588  586  579  568  554  539  524  507  485  454  418  379  345  319  298  277
  254  229  209  197  191  188  186  185  185  185  183  182  182  186  193  198
  200  201  192  179  161  138  120  113  108                                   
     7.5-180.0 180.0   5.0 450.0                            LAT/LON1/LON2/DLON/H
   99   83   70   71   76   88  112  136  164  192  217  242  268  294  320  344
  365  382  395  405  415  431  456  490  527  558  577  583  581  576  571  571
