data/edconvlstm_nd/pred2860.15i
     1.0            IONOSPHERE MAPS     GNSS                IONEX VERSION / TYPE
pyspatialgeodesy        IME             05-JAN-18 20:20     PGM / RUN BY / DATE 
Map Name                                                    COMMENT             
Predicted global ionosphere maps (GIM).                     DESCRIPTION         
  2015    10    13     0     0     0                        EPOCH OF FIRST MAP  
  2015    10    14     0     0     0                        EPOCH OF LAST MAP   
  7200                                                      INTERVAL            
    13                                                      # OF MAPS IN FILE   
  NONE                                                      MAPPING FUNCTION    
10.0                                                        ELEVATION CUTOFF    
One-way carrier phase leveled to code                       OBSERVABLES USED    
  6371.0                                                    BASE RADIUS         
 2                                                          MAP DIMENSION       
   450.0 450.0   0.0                                        HGT1 / HGT2 / DHGT  
    87.5 -87.5  -2.5                                        LAT1 / LAT2 / DLAT  
  -180.0 180.0   5.0                                        LON1 / LON2 / DLON  
    -1                                                      EXPONENT            
                                                            END OF HEADER       
[from data line 3432]
     9                                                      START OF TEC MAP    
  2015    10    13    16     0     0                        EPOCH OF CURRENT MAP
    87.5-180.0 180.0   5.0 450.0                            LAT/LON1/LON2/DLON/H
   66   72   73   76   81   80   81   78   79   82   82   84   85   86   87   87
   88   89   89   89   90   89   89   89   88   88   87   86   85   83   82   81
   80   78   77   76   75   73   73   72   71   71   70   70   69   69   69   69
   69   68   68   68   68   68   68   68   68   68   67   67   67   67   67   67
   68   68   65   62   67   67   82   84   66                                   
    85.0-180.0 180.0   5.0 450.0                            LAT/LON1/LON2/DLON/H
   69   73   86   70   72   77   77   79   80   83   83   85   86   88   89   90
   91   92   93   94   94   94   94   94   93   93   92   90   89   88   86   85
   83   82   80   78   77   76   74   73   72   72   71   70   70   70   69   69
   69   69   68   68   68   68   67   67   66   66   66   65   65   65   65   65
   66   66   62   58   62   64   72   71   69                                   
    82.5-180.0 180.0   5.0 450.0                            LAT/LON1/LON2/DLON/H
   54   59   67   60   64   67   70   71   73   76   78   80   81   83   85   86
   88   89   90   91   92   92   92   92   92   91   90   89   87   85   84   82
   80   78   76   74   72   70   69   67   66   65   64   63   63   62   62   62
   62   62   62   62   61   61   61   60   59   59   58   57   56   56   55   55
   56   55   52   50   56   65   61   61   54                                   
    80.0-180.0 180.0   5.0 450.0                            LAT/LON1/LON2/DLON/H
   41   45   57   52   56   57   61   64   67   70   71   74   76   78   79   81
   83   84   86   87   88   88   89   88   88   87   85   84   82   79   77   75
   73   71   68   67   65   63   61   60   58   57   56   55   55   55   55   55
   56   56   57   57   57   57   56   55   54   53   51   50   49   48   48   47
   47   47   46   46   47   54   52   57   41                                   
    77.5-180.0 180.0   5.0 450.0                            LAT/LON1/LON2/DLON/H
   48   47   49   46   51   53   58   61   64   66   67   70   72   74   76   78
   80   81   83   85   86   87   87   87   87   85   83   81   78   75   73   70
   67   65   63   61   59   57   55   53   51   49   48   47   47   47   48   49
   50   51   52   53   54   53   53   52   50   49   47   45   44   43   42   41
   41   41   41   42   42   44   45   52   48                                   
    75.0-180.0 180.0   5.0 450.0                            LAT/LON1/LON2/DLON/H
   38   41   43   43   48   50   53   56   60   62   64   66   68   69   71   73
   75   77   79   81   83   85   86   86   86   85   82   80   77   73   70   67
   65   63   61   60   58   57   55   53   50   48   47   46   45   46   47   48
   50   52   54   55   55   55   54   53   51   49   47   45   43   42   41   41
   41   42   42   42   43   42   41   38   38                                   
    72.5-180.0 180.0   5.0 450.0                            LAT/LON1/LON2/DLON/H
   41   42   41   43   45   48   51   53   55   57   58   60   61   63   64   66
   68   71   73   76   79   82   84   85   85   84   81   78   74   71   67   64
   62   60   59   58   57   56   54   51   48   46   43   41   41   41   42   44
   46   48   50   52   52   52   51   49   47   44   42   40   39   38   37   37
   37   38   39   39   40   40   40   42   41                                   
    70.0-180.0 180.0   5.0 450.0                            LAT/LON1/LON2/DLON/H
   38   40   41   42   44   46   48   51   54   56   57   59   60   61   62   63
   65   68   72   76   80   84   88   91   92   91   89   85   81   76   71   68
   66   64   64   63   63   62   59   56   53   49   46   44   42   42   43   45
   47   49   51   52   52   51   50   48   45   43   41   39   38   37   37   38
   38   39   41   41   42   42   46   46   38                                   
    67.5-180.0 180.0   5.0 450.0                            LAT/LON1/LON2/DLON/H
   38   39   39   41   43   44   48   51   54   56   57   59   60   61   62   64
   66   69   73   79   84   90   95   99  101  101   98   94   89   83   77   73
   70   68   68   68   68   67   64   61   56   52   48   44   42   41   42   43
   45   46   48   49   49   48   46   44   42   40   38   37   36   36   36   37
   38   39   41   40   41   42   43   42   38                                   
    65.0-180.0 180.0   5.0 450.0                            LAT/LON1/LON2/DLON/H
   34   35   35   38   39   41   44   48   53   56   58   60   62   63   64   65
   68   72   77   83   90   98  104  110  113  114  112  108  101   94   87   81
   77   75   74   74   74   72   70   66   61   55   50   46   43   41   41   41
   42   43   43   43   43   42   40   39   37   36   34   33   33   33   34   36
   37   39   40   40   41   42   43   43   34                                   
    62.5-180.0 180.0   5.0 450.0                            LAT/LON1/LON2/DLON/H
   30   31   30   33   35   37   41   46   51   55   59   62   65   66   68   70
   72   77   83   90   98  106  115  122  126  128  127  122  115  107   98   91
   85   82   80   80   79   77   73   69   63   57   51   46   43   40   39   38
   37   37   37   36   35   35   34   33   32   32   31   31   31   31   32   33
   34   36   38   37   38   38   39   38   30                                   
    60.0-180.0 180.0   5.0 450.0                            LAT/LON1/LON2/DLON/H
   26   26   26   29   29   30   35   40   47   53   58   63   67   69   71   74
   77   82   88   95  104  113  123  131  137  140  139  135  128  118  109  100
   94   89   86   84   82   79   75   70   64   57   51   46   42   39   36   34
   32   30   29   28   27   27   27   28   28   28   28   29   29   29   30   30
   31   32   33   33   35   35   35   35   26                                   
    57.5-180.0 180.0   5.0 450.0                            LAT/LON1/LON2/DLON/H
   24   24   23   27   27   27   32   38   45   52   59   66   70   74   77   79
   83   88   95  102  111  121  130  139  145  149  150  146  140  131  121  112
  105   99   95   92   89   85   80   74   68   61   55   50   45   41   37   34
   30   27   25   24   23   24   25   26   28   29   30   31   31   31   31   31
   31   31   32   32   33   33   32   33   24                                   
    55.0-180.0 180.0   5.0 450.0                            LAT/LON1/LON2/DLON/H
   26   27   26   28   28   27   32   37   45   53   61   68   74   78   82   85
   89   95  101  109  117  126  135  143  150  155  156  154  149  141  133  124
  116  110  105  101   97   92   87   81   74   67   61   56   51   46   41   36
   31   27   24   23   23   24   26   28   31   33   35   36   36   36   35   35
   33   33   34   33   34   33   33   34   26                                   
    52.5-180.0 180.0   5.0 450.0                            LAT/LON1/LON2/DLON/H
   32   32   32   33   32   32   35   40   48   56   64   72   78   83   87   91
   95  101  107  114  122  129  137  145  152  157  160  159  155  149  142  135
  128  122  117  112  107  102   97   90   83   77   71   65   59   54   48   42
   36   32   28   27   27   28   31   34   38   41   43   45   45   44   44   42
   40   39   39   38   39   38   37   38   32                                   
    50.0-180.0 180.0   5.0 450.0                            LAT/LON1/LON2/DLON/H
   40   41   41   42   40   41   43   48   54   62   70   77   84   88   92   96
  101  107  113  120  126  133  139  146  152  158  161  161  159  155  150  144
  139  134  129  125  120  115  110  103   96   89   83   76   70   64   58   51
   45   40   37   35   35   36   39   43   47   51   54   55   56   56   55   53
   51   49   49   47   47   46   45   45   40                                   
    47.5-180.0 180.0   5.0 450.0                            LAT/LON1/LON2/DLON/H
   50   52   52   54   52   53   54   59   64   71   78   85   91   95   98  102
  107  113  120  126  132  137  142  148  154  159  162  163  162  159  156  152
  148  145  142  139  135  130  125  118  111  103   96   89   82   75   69   62
   56   52   48   46   46   47   49   53   57   61   64   67   68   68   67   65
   63   61   60   58   58   56   55   54   50                                   
    45.0-180.0 180.0   5.0 450.0                            LAT/LON1/LON2/DLON/H
   60   62   63   65   63   65   67   72   76   83   89   96  100  104  107  110
  115  120  127  133  138  143  147  152  157  162  165  166  164  162  160  157
  156  154  153  151  149  146  141  134  126  117  109  101   93   86   80   73
   68   64   60   58   57   57   59   62   66   70   74   77   78   79   79   77
   75   73   72   69   68   67   66   64   60                                   
    42.5-180.0 180.0   5.0 450.0                            LAT/LON1/LON2/DLON/H
   66   69   70   73   72   76   79   84   89   97  103  109  113  116  118  120
  124  129  135  141  146  150  154  159  164  168  170  170  168  165  163  161
  161  161  161  162  162  160  156  149  140  130  120  110  102   95   88   83
   78   74   71   68   66   65   65   68   72   76   81   85   87   88   88   88
   85   83   81   78   77   75   74   72   66                                   
    40.0-180.0 180.0   5.0 450.0                            LAT/LON1/LON2/DLON/H
   69   71   72   76   77   82   87   94  101  109  117  124  128  131  132  134
  136  140  145  150  155  159  163  168  173  177  178  177  173  169  166  165
  165  167  169  172  174  174  169  162  151  139  127  117  108  101   94   89
   85   81   77   73   70   68   68   70   74   80   85   90   93   94   95   95
   93   90   88   84   82   80   78   77   69                                   
    37.5-180.0 180.0   5.0 450.0                            LAT/LON1/LON2/DLON/H
   68   68   69   75   76   82   90  100  109  120  130  138  144  148  149  149
  150  152  156  160  164  169  173  179  183  187  187  185  181  176  173  171
  172  174  178  182  186  186  181  172  160  146  133  121  112  104   98   92
   88   83   79   74   70   67   67   70   75   81   88   93   96   98   99   99
   97   94   91   87   83   80   78   78   68                                   
    35.0-180.0 180.0   5.0 450.0                            LAT/LON1/LON2/DLON/H
   65   64   63   70   72   79   89  101  114  128  141  152  160  165  167  166
  165  166  167  170  174  178  183  188  193  196  197  195  191  187  184  182
  183  187  191  196  199  199  193  182  168  152  138  125  115  107  100   94
   88   83   77   72   67   65   65   69   75   83   91   96   99  101  101  101
   98   95   92   88   83   79   75   76   65                                   
    32.5-180.0 180.0   5.0 450.0                            LAT/LON1/LON2/DLON/H
   62   60   58   64   66   72   84   99  115  132  148  162  174  181  184  184
  182  180  180  181  184  187  191  196  200  204  206  206  205  202  201  201
  203  207  211  215  217  215  207  194  177  159  144  131  120  111  103   96
   89   82   75   69   65   63   65   70   78   87   95  101  103  104  104  103
  101   97   94   89   83   78   74   75   62                                   
    30.0-180.0 180.0   5.0 450.0                            LAT/LON1/LON2/DLON/H
   62   59   56   60   62   67   79   95  114  133  152  169  184  194  199  199
  197  194  193  193  194  196  198  201  205  209  214  218  221  223  226  229
  232  236  239  242  241  236  224  208  189  170  155  142  130  120  110  101
   93   84   77   71   67   67   70   76   85   95  103  108  110  110  109  108
  105  102   98   93   86   80   75   75   62                                   
    27.5-180.0 180.0   5.0 450.0                            LAT/LON1/LON2/DLON/H
   65   61   58   60   61   65   76   92  112  132  153  173  190  203  211  213
  211  208  206  205  205  205  204  205  208  213  221  231  240  249  257  264
  270  274  275  274  270  260  245  226  206  187  172  158  146  134  123  112
  102   93   85   80   77   78   82   88   97  106  114  119  120  119  118  117
  114  111  107  100   93   85   80   78   65                                   
    25.0-180.0 180.0   5.0 450.0                            LAT/LON1/LON2/DLON/H
   72   67   63   63   64   67   78   93  111  131  152  173  193  208  218  223
  223  221  220  218  216  214  211  210  212  219  230  246  263  279  294  306
  314  318  317  312  302  288  270  249  228  210  195  182  169  155  142  129
  118  109  101   97   96   98  101  107  114  121  127  131  131  131  130  129
  126  124  119  112  104   94   88   83   72                                   
    22.5-180.0 180.0   5.0 450.0                            LAT/LON1/LON2/DLON/H
   80   75   71   70   71   74   84   97  114  133  152  173  193  210  223  230
  233  234  233  232  229  225  220  217  219  227  243  265  289  312  333  349
  360  363  359  349  334  317  296  275  256  240  225  212  197  181  166  152
  141  132  126  124  124  126  129  131  134  138  141  142  143  142  142  142
  140  138  132  125  116  103   97   90   80                                   
    20.0-180.0 180.0   5.0 450.0                            LAT/LON1/LON2/DLON/H
   89   82   78   78   80   84   94  106  122  138  155  174  194  212  226  236
  242  246  247  246  243  238  232  229  231  242  262  288  318  346  371  390
  401  403  395  381  363  344  324  305  287  273  259  244  228  210  193  179
  168  161  158  157  159  160  160  158  155  153  152  152  151  151  152  154
  153  151  145  137  126  112  103   96   89                                   
    17.5-180.0 180.0   5.0 450.0                            LAT/LON1/LON2/DLON/H
   95   87   83   84   88   94  106  118  132  146  161  179  197  215  231  244
  253  259  263  263  260  255  250  247  251  264  287  316  349  379  405  424
  433  432  421  405  386  367  350  335  320  307  293  277  258  237  219  205
  196  192  191  193  195  195  191  183  174  166  161  158  157  157  159  162
  161  160  152  145  133  117  106   99   95                                   
    15.0-180.0 180.0   5.0 450.0                            LAT/LON1/LON2/DLON/H
   96   87   85   87   93  101  116  129  144  157  171  187  204  222  239  254
  267  276  281  282  280  276  271  271  277  293  317  348  380  408  432  447
  453  449  436  420  403  388  375  364  353  340  325  306  283  260  241  228
  221  220  222  225  227  225  216  203  189  177  167  162  159  159  162  165
  164  163  155  146  134  116  104   99   96                                   
    12.5-180.0 180.0   5.0 450.0                            LAT/LON1/LON2/DLON/H
   93   84   82   85   93  104  122  138  154  169  183  198  215  234  252  269
  283  295  302  304  302  299  297  299  309  327  352  381  409  433  451  460
  462  456  444  429  416  406  398  391  382  369  351  328  302  276  256  244
  239  240  244  248  249  245  234  218  200  184  172  164  160  159  161  163
  162  160  152  143  130  112   99   95   93                                   
    10.0-180.0 180.0   5.0 450.0                            LAT/LON1/LON2/DLON/H
   87   78   76   80   89  102  124  142  161  178  194  211  229  248  267  286
  302  316  324  326  325  323  324  331  344  364  388  414  436  453  463  467
  465  458  448  437  428  423  420  416  408  393  370  343  312  285  265  253
  249  251  255  259  259  254  242  225  207  190  176  166  160  157  158  159
  156  153  144  135  122  106   92   89   87                                   
     7.5-180.0 180.0   5.0 450.0                            LAT/LON1/LON2/DLON/H
   81   71   70   73   82   97  120  141  164  184  203  222  242  262  283  303
  321  335  344  346  346  346  351  362  379  400  423  443  459  468  472  471
