data/edconvlstm_nd/pred2600.15i
     1.0            IONOSPHERE MAPS     GNSS                IONEX VERSION / TYPE
pyspatialgeodesy        IME             05-JAN-18 20:20     PGM / RUN BY / DATE 
Map Name                                                    COMMENT             
Predicted global ionosphere maps (GIM).                     DESCRIPTION         
  2015     9    17     0     0     0                        EPOCH OF FIRST MAP  
  2015     9    18     0     0     0                        EPOCH OF LAST MAP   
  7200                                                      INTERVAL            
    13                                                      # OF MAPS IN FILE   
  NONE                                                      MAPPING FUNCTION    
10.0                                                        ELEVATION CUTOFF    
One-way carrier phase leveled to code                       OBSERVABLES USED    
  6371.0                                                    BASE RADIUS         
 2                                                          MAP DIMENSION       
   450.0 450.0   0.0                                        HGT1 / HGT2 / DHGT  
    87.5 -87.5  -2.5                                        LAT1 / LAT2 / DLAT  
  -180.0 180.0   5.0                                        LON1 / LON2 / DLON  
    -1                                                      EXPONENT            
                                                            END OF HEADER       
[from data line 3003]
     8                                                      START OF TEC MAP    
  2015     9    17    14     0     0                        EPOCH OF CURRENT MAP
    87.5-180.0 180.0   5.0 450.0                            LAT/LON1/LON2/DLON/H
   88   99  100  106  110  110  110  108  110  113  113  114  115  116  117  117
  118  118  119  119  119  118  118  118  117  116  116  115  114  113  112  111
  110  109  108  107  106  105  105  104  103  103  102  101  101  101  100  100
  100   99   99   99   99   99   98   98   98   98   97   97   97   97   97   97
   98   98   96   93   97   97  109  106   88                                   
    85.0-180.0 180.0   5.0 450.0                            LAT/LON1/LON2/DLON/H
   92  102  116  103  104  110  110  113  114  117  117  119  120  121  122  123
  124  124  124  125  125  125  124  124  124  123  122  122  121  120  119  117
  116  115  114  113  112  111  110  109  108  107  106  106  105  104  104  103
  103  102  102  101  101  101  100  100  100   99   99   99   99   99   99   99
  100  100   96   92   93   96  104  104   92                                   
    82.5-180.0 180.0   5.0 450.0                            LAT/LON1/LON2/DLON/H
   79   91   99   93   95  100  103  106  108  110  112  114  115  117  118  119
  120  121  122  122  123  123  123  123  123  122  122  121  120  119  118  116
  115  113  112  111  109  108  107  106  104  103  102  101  100   99   98   98
   97   96   95   95   94   93   93   92   91   90   90   89   88   88   87   87
   88   88   84   82   85   96   93   92   79                                   
    80.0-180.0 180.0   5.0 450.0                            LAT/LON1/LON2/DLON/H
   65   73   83   80   82   84   88   92   95   98  100  103  105  107  109  110
  112  113  114  115  116  116  117  117  117  117  117  116  115  114  112  110
  108  107  105  103  102  100   99   97   96   95   93   92   91   89   88   87
   86   85   84   83   82   81   80   78   77   76   75   73   72   72   71   71
   71   71   70   69   70   79   81   84   65                                   
    77.5-180.0 180.0   5.0 450.0                            LAT/LON1/LON2/DLON/H
   61   65   69   67   70   74   78   82   85   88   90   94   96   99  101  103
  105  107  109  111  112  114  115  116  117  117  117  117  116  114  112  110
  107  105  103  101   99   98   96   95   93   92   90   88   87   85   83   81
   80   79   77   76   74   73   71   69   67   65   63   61   60   58   57   57
   57   57   56   56   58   62   67   71   61                                   
    75.0-180.0 180.0   5.0 450.0                            LAT/LON1/LON2/DLON/H
   46   53   55   57   61   64   67   70   74   77   79   83   86   89   91   94
   97   99  101  104  106  109  111  113  115  117  117  117  116  114  112  109
  106  103  101   99   98   96   95   94   93   92   90   88   85   83   81   79
   77   75   74   72   70   68   65   62   60   57   55   53   51   50   49   48
   48   48   48   47   51   53   56   53   46                                   
    72.5-180.0 180.0   5.0 450.0                            LAT/LON1/LON2/DLON/H
   41   47   48   51   53   57   60   62   65   68   70   74   77   80   84   87
   90   93   96   99  102  106  109  113  115  118  119  119  118  116  113  109
  106  103  101   99   98   97   96   96   95   93   91   89   86   83   81   78
   76   74   72   70   67   64   61   58   54   51   48   46   44   43   42   42
   41   41   42   41   44   47   50   52   41                                   
    70.0-180.0 180.0   5.0 450.0                            LAT/LON1/LON2/DLON/H
   37   42   44   46   48   49   51   53   57   60   62   66   69   73   77   81
   84   88   91   95   99  103  107  112  116  119  120  121  120  118  114  111
  107  104  101   99   99   98   99   99   98   97   95   92   89   86   83   80
   78   76   73   71   68   64   60   56   52   49   46   44   42   41   41   41
   41   41   41   41   43   46   51   52   37                                   
    67.5-180.0 180.0   5.0 450.0                            LAT/LON1/LON2/DLON/H
   35   40   41   43   44   45   47   49   52   54   57   61   65   70   75   79
   83   87   91   94   98  103  108  113  117  121  123  123  122  119  116  112
  108  104  101  100   99  100  100  101  101  100   98   95   91   88   85   82
   80   78   76   73   70   66   62   57   53   49   47   45   44   43   43   43
   43   43   43   41   43   45   48   48   35                                   
    65.0-180.0 180.0   5.0 450.0                            LAT/LON1/LON2/DLON/H
   33   38   37   39   39   39   41   43   46   48   51   56   61   67   72   77
   82   86   89   93   97  102  108  113  118  121  123  124  123  121  117  113
  109  106  103  101  100  101  102  103  103  103  101   98   94   90   87   85
   83   81   79   77   74   70   65   60   56   53   50   49   48   48   48   48
   48   47   47   45   46   47   49   50   33                                   
    62.5-180.0 180.0   5.0 450.0                            LAT/LON1/LON2/DLON/H
   32   34   34   35   35   35   36   38   41   44   47   53   58   65   71   77
   82   86   89   93   97  102  107  112  117  120  123  124  123  122  119  115
  111  108  104  102  101  101  102  103  104  103  101   98   94   91   88   86
   84   83   82   80   77   73   68   63   60   57   55   54   53   53   53   52
   51   50   50   47   46   46   47   48   32                                   
    60.0-180.0 180.0   5.0 450.0                            LAT/LON1/LON2/DLON/H
   31   31   30   30   29   29   31   32   35   38   42   48   54   61   69   75
   80   84   87   91   94   99  104  109  113  117  120  122  122  122  121  118
  115  111  107  104  102  101  102  103  103  102  100   97   94   90   87   86
   85   85   84   82   79   75   71   67   63   61   60   59   59   58   57   55
   53   51   50   46   46   44   45   45   31                                   
    57.5-180.0 180.0   5.0 450.0                            LAT/LON1/LON2/DLON/H
   30   29   27   28   26   26   27   29   32   35   38   44   51   59   67   74
   79   83   86   89   93   97  102  107  111  115  118  121  123  125  126  125
  123  119  114  110  107  105  105  105  105  104  102   99   96   93   91   89
   89   89   89   87   84   80   76   72   70   68   67   67   66   64   62   59
   56   52   51   47   46   43   44   44   30                                   
    55.0-180.0 180.0   5.0 450.0                            LAT/LON1/LON2/DLON/H
   32   29   28   28   26   25   27   28   30   33   36   42   49   56   64   71
   77   81   84   87   91   96  101  106  110  114  118  122  126  130  133  134
  132  128  123  118  113  111  109  109  109  108  106  104  101   98   96   95
   95   95   95   93   90   86   82   79   77   76   76   75   73   70   66   62
   57   53   52   48   47   44   45   45   32                                   
    52.5-180.0 180.0   5.0 450.0                            LAT/LON1/LON2/DLON/H
   38   33   32   31   29   28   30   31   32   34   37   41   47   55   62   69
   74   79   83   87   91   96  102  107  111  115  120  125  130  136  141  143
  143  139  133  127  122  118  117  116  116  115  113  111  109  106  105  104
  104  104  103  101   97   93   90   87   86   86   85   84   81   77   71   65
   60   55   54   50   50   48   49   48   38                                   
    50.0-180.0 180.0   5.0 450.0                            LAT/LON1/LON2/DLON/H
   46   42   40   40   36   36   37   37   38   38   40   43   48   54   61   67
   73   78   83   88   93   99  106  111  116  120  125  130  137  143  149  152
  151  147  142  136  131  127  126  126  125  125  123  121  119  117  117  116
  116  115  113  110  106  102   98   96   95   95   95   94   90   84   77   70
   64   60   58   55   56   55   56   55   46                                   
    47.5-180.0 180.0   5.0 450.0                            LAT/LON1/LON2/DLON/H
   56   53   51   51   47   48   48   48   47   47   47   49   52   57   62   67
   73   79   85   91   98  106  113  119  124  128  132  137  143  150  155  157
  156  153  148  142  139  137  137  137  137  136  134  133  131  130  130  130
  129  128  125  120  115  110  106  104  104  104  104  103   99   92   84   77
   70   66   65   62   63   64   66   63   56                                   
    45.0-180.0 180.0   5.0 450.0                            LAT/LON1/LON2/DLON/H
   66   65   63   64   60   61   60   60   59   58   57   58   59   62   66   71
   76   83   90   98  107  115  123  129  134  138  141  145  150  154  158  159
  158  155  151  148  147  148  149  150  150  148  146  145  144  143  143  143
  142  140  135  129  123  117  112  110  110  111  112  111  107  100   92   85
   78   73   72   70   71   73   75   72   66                                   
    42.5-180.0 180.0   5.0 450.0                            LAT/LON1/LON2/DLON/H
   73   75   73   75   72   72   71   71   70   70   69   69   70   71   74   77
   83   90   98  108  117  126  134  140  145  148  151  153  155  157  158  159
  157  156  154  155  157  160  163  165  164  161  158  156  155  156  156  156
  154  150  144  136  128  121  117  114  115  116  117  117  113  108  100   93
   86   82   80   77   78   80   82   78   73                                   
    40.0-180.0 180.0   5.0 450.0                            LAT/LON1/LON2/DLON/H
   76   79   78   81   78   79   78   79   79   80   80   82   82   83   85   88
   93  101  110  120  129  138  145  151  155  157  159  159  159  159  159  159
  160  160  162  166  172  177  181  182  179  175  171  168  167  167  168  167
  164  159  151  141  132  124  118  115  116  117  119  120  118  113  107  101
   94   89   86   83   82   84   85   81   76                                   
    37.5-180.0 180.0   5.0 450.0                            LAT/LON1/LON2/DLON/H
   74   78   78   81   79   80   80   83   84   87   90   93   95   96   98  101
  106  113  122  132  140  147  153  158  162  164  165  165  164  164  165  167
  170  174  179  186  194  200  203  202  197  191  185  181  179  180  180  178
  173  166  156  145  134  124  118  115  115  116  119  120  119  116  111  106
  100   95   91   87   84   85   85   81   74                                   
    35.0-180.0 180.0   5.0 450.0                            LAT/LON1/LON2/DLON/H
   69   74   74   76   76   77   79   82   86   91   97  103  107  110  112  115
  120  126  135  143  149  155  159  163  167  170  171  172  172  174  178  184
  192  200  208  217  225  230  231  227  219  210  202  197  195  194  193  190
  183  173  161  148  136  125  117  113  113  114  116  118  118  116  113  108
  103   97   93   88   85   83   82   78   69                                   
    32.5-180.0 180.0   5.0 450.0                            LAT/LON1/LON2/DLON/H
   63   68   68   70   70   72   75   79   85   92  101  109  117  121  125  128
  133  139  146  152  156  160  162  166  170  174  178  182  186  192  202  214
  227  240  250  259  265  267  265  257  246  234  225  218  215  213  210  205
  196  184  169  154  140  128  119  114  112  112  113  115  115  114  111  108
  103   97   93   87   84   81   79   75   63                                   
    30.0-180.0 180.0   5.0 450.0                            LAT/LON1/LON2/DLON/H
   59   64   64   64   65   68   71   75   82   91  101  113  123  131  136  139
  144  149  155  159  161  163  165  168  174  181  188  197  207  220  237  256
  275  290  301  307  310  308  301  290  277  263  253  246  242  238  233  224
  212  198  181  164  148  134  124  118  114  112  112  112  112  110  108  105
  100   96   92   87   84   81   79   75   59                                   
    27.5-180.0 180.0   5.0 450.0                            LAT/LON1/LON2/DLON/H
   59   63   63   61   62   65   69   72   79   88  100  113  126  136  143  148
  152  157  161  164  165  166  168  172  180  191  203  218  235  256  280  305
  328  345  355  358  355  348  338  324  310  297  287  280  275  269  261  249
  234  217  198  180  162  147  136  127  122  118  114  112  110  107  104  101
   97   94   91   87   87   84   82   78   59                                   
    25.0-180.0 180.0   5.0 450.0                            LAT/LON1/LON2/DLON/H
   63   66   65   62   62   66   68   71   76   85   96  110  125  137  146  152
  157  162  165  168  169  170  173  179  190  205  223  244  269  297  327  356
  381  398  405  403  395  383  370  356  343  332  323  317  311  304  293  278
  260  241  221  201  182  166  153  143  136  129  122  116  111  106  102   99
   95   93   92   89   92   90   90   85   63                                   
    22.5-180.0 180.0   5.0 450.0                            LAT/LON1/LON2/DLON/H
   71   74   71   66   66   69   71   72   75   82   92  105  121  135  146  154
  159  164  168  171  173  176  181  191  206  225  248  275  305  337  371  403
  427  441  443  436  423  410  396  384  374  366  360  355  349  340  326  309
  289  268  246  225  205  189  175  165  155  146  136  126  117  110  104  100
   96   95   95   94   99   99   99   95   71                                   
    20.0-180.0 180.0   5.0 450.0                            LAT/LON1/LON2/DLON/H
   80   84   78   73   71   73   75   74   76   80   88  100  115  130  143  153
  160  166  170  175  179  184  193  207  225  248  276  306  339  374  409  438
  459  468  465  453  438  425  414  406  400  396  393  390  384  373  358  339
  317  294  272  250  229  213  200  189  179  167  154  141  128  118  110  105
  101  100  101  101  107  108  109  105   80                                   
    17.5-180.0 180.0   5.0 450.0                            LAT/LON1/LON2/DLON/H
   90   93   86   80   77   77   79   77   77   80   85   95  109  125  139  151
  160  167  173  179  186  195  208  225  248  274  304  336  369  403  435  460
  476  478  470  455  441  430  424  421  420  420  420  418  412  401  384  364
  341  317  293  271  251  235  223  213  203  191  176  159  144  131  121  114
  109  108  108  109  115  115  116  112   90                                   
    15.0-180.0 180.0   5.0 450.0                            LAT/LON1/LON2/DLON/H
   97  100   90   85   80   80   81   79   78   79   82   91  104  120  136  149
  160  169  177  185  195  207  224  245  271  299  330  361  393  423  450  468
  477  474  462  447  436  430  429  431  434  437  438  436  430  419  402  381
  357  333  309  287  268  253  243  235  226  214  198  180  163  148  136  128
  121  119  116  116  120  119  119  115   97                                   
    12.5-180.0 180.0   5.0 450.0                            LAT/LON1/LON2/DLON/H
  101  102   92   87   81   80   81   79   78   79   80   88  101  117  133  148
  160  171  181  192  204  220  240  264  292  322  352  382  410  434  454  466
  468  461  449  436  429  429  433  439  444  447  448  445  438  426  410  389
  366  342  318  297  279  266  258  252  244  234  218  200  182  166  153  143
  135  130  125  123  123  120  118  114  101                                   
    10.0-180.0 180.0   5.0 450.0                            LAT/LON1/LON2/DLON/H
  102  101   90   86   80   77   79   77   77   77   79   86   99  115  132  148
  162  175  187  199  214  232  255  282  311  341  370  396  420  438  452  458
  456  448  438  430  428  432  439  445  450  451  449  445  436  424  408  388
  365  343  320  301  284  273  266  261  256  247  233  217  199  183  169  158
  148  141  134  129  125  120  115  110  102                                   
     7.5-180.0 180.0   5.0 450.0                            LAT/LON1/LON2/DLON/H
  103   99   88   84   77   74   75   74   75   75   78   85   98  115  133  150
  165  179  192  206  223  243  268  296  326  356  383  406  425  438  447  450
