data/edconvlstm_nd/pred0800.15i
     1.0            IONOSPHERE MAPS     GNSS                IONEX VERSION / TYPE
pyspatialgeodesy        IME             05-JAN-18 20:20     PGM / RUN BY / DATE 
Map Name                                                    COMMENT             
Predicted global ionosphere maps (GIM).                     DESCRIPTION         
  2015     3    21     0     0     0                        EPOCH OF FIRST MAP  
  2015     3    22     0     0     0                        EPOCH OF LAST MAP   
  7200                                                      INTERVAL            
    13                                                      # OF MAPS IN FILE   
  NONE                                                      MAPPING FUNCTION    
10.0                                                        ELEVATION CUTOFF    
One-way carrier phase leveled to code                       OBSERVABLES USED    
  6371.0                                                    BASE RADIUS         
 2                                                          MAP DIMENSION       
   450.0 450.0   0.0                                        HGT1 / HGT2 / DHGT  
    87.5 -87.5  -2.5                                        LAT1 / LAT2 / DLAT  
  -180.0 180.0   5.0                                        LON1 / LON2 / DLON  
    -1                                                      EXPONENT            
                                                            END OF HEADER       
[from data line 4290]
    11                                                      START OF TEC MAP    
  2015     3    21    20     0     0                        EPOCH OF CURRENT MAP
    87.5-180.0 180.0   5.0 450.0                            LAT/LON1/LON2/DLON/H
  129  122  110  117  120  117  116  114  114  116  115  116  116  117  118  119
  119  120  120  121  121  121  121  121  120  120  119  119  118  117  117  116
  115  115  114  114  114  114  114  114  114  114  114  114  114  115  115  115
  116  116  116  117  117  117  117  118  118  118  118  118  118  118  117  117
  116  116  114  113  122  118  130  129  129                                   
    85.0-180.0 180.0   5.0 450.0                            LAT/LON1/LON2/DLON/H
  127  118  122  112  109  112  112  113  113  115  114  115  116  117  118  119
  120  121  121  122  122  122  122  122  122  121  121  120  119  118  118  117
  116  115  115  114  114  114  114  114  114  114  114  114  115  115  116  116
  117  117  118  118  119  119  119  120  120  120  120  120  120  120  119  119
  119  118  115  112  113  112  113  115  127                                   
    82.5-180.0 180.0   5.0 450.0                            LAT/LON1/LON2/DLON/H
  106  102  101   97   96   98  101  100  100  101  101  103  104  106  108  110
  111  113  114  115  116  117  117  117  117  116  116  115  114  113  112  111
  110  109  109  108  108  108  108  108  108  108  108  109  109  110  110  111
  112  112  113  113  114  114  114  115  115  115  115  114  114  114  113  112
  112  110  107  108  108  114  104  104  106                                   
    80.0-180.0 180.0   5.0 450.0                            LAT/LON1/LON2/DLON/H
   91   89   93   88   87   84   90   92   95   97   99  103  105  108  111  114
  117  119  121  122  124  124  124  124  123  122  121  119  117  115  113  112
  110  109  108  107  106  106  105  105  105  105  105  105  106  106  107  108
  109  110  110  111  111  112  112  112  112  111  111  110  110  109  109  108
  108  107  105  105  100   99   93  101   91                                   
    77.5-180.0 180.0   5.0 450.0                            LAT/LON1/LON2/DLON/H
   95   87   90   85   85   84   88   90   93   96   99  104  108  112  116  120
  124  127  130  132  134  135  136  136  135  134  132  129  127  125  122  120
  119  117  116  115  114  113  112  111  110  110  109  109  109  109  110  111
  111  112  113  113  113  113  113  112  111  110  110  109  108  107  106  105
  105  104  103  104  101   97   97  104   95                                   
    75.0-180.0 180.0   5.0 450.0                            LAT/LON1/LON2/DLON/H
   93   90   90   84   86   86   89   92   97  102  107  113  118  124  129  133
  137  141  144  147  149  150  151  151  150  148  145  142  139  136  133  130
  128  126  124  123  121  120  118  116  115  113  112  111  111  110  111  111
  112  112  112  112  112  111  110  109  108  106  105  104  103  102  102  102
  102  102  103  101   98   95   96   92   93                                   
    72.5-180.0 180.0   5.0 450.0                            LAT/LON1/LON2/DLON/H
   95   93   92   92   89   90   93   95   99  105  110  117  124  130  135  140
  144  148  151  154  156  158  158  158  156  153  149  145  141  136  132  129
  126  124  122  120  119  117  115  113  111  109  108  106  106  105  105  106
  106  107  107  107  106  105  103  101   99   98   96   95   94   93   93   94
   94   95   97   94   93   93   98   99   95                                   
    70.0-180.0 180.0   5.0 450.0                            LAT/LON1/LON2/DLON/H
   99   99   98   97   95   96   97  102  107  114  120  128  134  140  145  149
  153  156  159  161  163  164  164  163  161  157  152  146  140  135  129  125
  122  119  117  114  112  110  108  106  104  102  100   98   97   96   96   97
   97   98   98   97   97   95   93   91   89   87   85   83   83   83   83   84
   85   87   91   91   92   95  103  103   99                                   
    67.5-180.0 180.0   5.0 450.0                            LAT/LON1/LON2/DLON/H
  104  106  106  108  108  109  112  117  122  129  136  144  150  156  160  163
  165  167  169  171  173  173  173  171  167  161  154  146  138  130  123  118
  114  110  108  106  104  102  100   98   96   94   92   91   89   89   89   89
   89   90   90   90   90   88   87   85   82   80   78   77   76   76   77   79
   80   83   86   87   89   95  103  104  104                                   
    65.0-180.0 180.0   5.0 450.0                            LAT/LON1/LON2/DLON/H
  102  108  108  113  114  118  121  127  134  142  149  157  163  167  170  172
  173  174  175  176  178  178  177  173  167  159  150  140  130  121  113  107
  102   98   95   93   91   88   86   85   83   81   79   78   77   76   75   75
   75   76   77   77   77   76   75   73   71   70   68   67   66   66   67   68
   70   73   78   80   84   94  103  107  102                                   
    62.5-180.0 180.0   5.0 450.0                            LAT/LON1/LON2/DLON/H
   99  107  108  114  119  125  130  137  144  153  160  168  173  177  180  181
  181  182  182  184  184  184  181  176  168  158  147  135  124  114  106   99
   94   89   86   83   80   77   75   73   72   70   69   67   66   64   63   62
   63   63   64   65   66   66   66   65   64   63   61   61   60   60   60   61
   62   65   69   72   76   87   96  100   99                                   
    60.0-180.0 180.0   5.0 450.0                            LAT/LON1/LON2/DLON/H
   92  101  104  112  118  126  134  142  151  160  168  175  181  185  187  188
  188  189  190  191  191  190  186  179  170  158  146  134  123  113  106   99
   94   89   84   80   76   72   69   66   65   63   61   60   57   55   53   52
   51   52   53   55   57   58   59   59   58   58   57   57   56   56   56   56
   56   59   62   64   68   80   89   96   92                                   
    57.5-180.0 180.0   5.0 450.0                            LAT/LON1/LON2/DLON/H
   85   95  100  109  116  126  136  146  155  164  173  180  186  190  193  194
  195  196  198  199  200  198  193  185  174  162  150  140  131  123  117  111
  105   99   93   87   81   75   71   67   64   62   60   58   54   51   48   45
   44   45   47   49   52   54   56   57   57   57   57   57   57   57   57   56
   56   57   60   62   65   75   82   91   85                                   
    55.0-180.0 180.0   5.0 450.0                            LAT/LON1/LON2/DLON/H
   84   94  100  109  117  128  139  149  159  168  176  183  190  194  198  200
  202  204  206  208  208  206  201  192  182  170  161  153  147  142  138  132
  126  119  111  103   94   86   79   74   70   67   64   61   57   52   48   44
   43   43   45   48   51   54   57   59   60   60   61   61   61   61   61   61
   60   61   64   65   67   75   81   90   84                                   
    52.5-180.0 180.0   5.0 450.0                            LAT/LON1/LON2/DLON/H
   89   99  107  115  124  135  147  157  166  174  181  188  194  199  203  206
  209  211  214  215  216  214  208  200  191  182  175  172  170  168  164  159
  152  142  132  122  111  101   92   85   80   76   72   69   64   59   53   49
   47   46   48   51   54   58   61   64   66   67   68   68   69   69   70   70
   69   70   73   75   76   82   86   95   89                                   
    50.0-180.0 180.0   5.0 450.0                            LAT/LON1/LON2/DLON/H
  102  113  122  130  140  151  162  171  179  185  191  196  201  206  211  214
  217  219  220  222  222  220  216  209  201  196  193  193  194  194  191  184
  174  163  151  139  127  116  105   97   91   86   83   79   75   69   64   59
   56   55   55   57   60   64   67   70   73   75   77   78   79   80   80   81
   81   83   87   90   92   96   99  106  102                                   
    47.5-180.0 180.0   5.0 450.0                            LAT/LON1/LON2/DLON/H
  123  135  145  153  163  176  185  193  200  205  209  212  215  219  222  225
  226  226  227  228  228  226  223  218  213  210  211  214  216  215  209  200
  187  173  160  148  137  126  116  107  100   96   93   91   87   82   76   72
   68   66   65   65   67   69   73   77   81   84   87   88   90   91   92   93
   93   97  102  108  111  115  119  125  123                                   
    45.0-180.0 180.0   5.0 450.0                            LAT/LON1/LON2/DLON/H
  148  162  172  181  192  205  214  222  228  232  234  236  237  239  240  240
  239  237  235  234  234  233  230  227  224  224  226  229  230  225  216  201
  186  171  159  149  140  131  122  114  108  104  102  100   98   94   89   84
   80   77   74   72   71   73   76   81   87   92   96   99  100  101  102  103
  104  109  116  125  131  136  142  148  148                                   
    42.5-180.0 180.0   5.0 450.0                            LAT/LON1/LON2/DLON/H
  174  191  201  212  224  236  244  253  259  265  266  267  266  265  263  260
  256  251  247  245  243  242  240  238  236  236  238  238  234  224  209  191
  174  159  149  143  138  133  126  119  113  110  109  108  107  104  100   95
   90   85   80   75   73   73   76   82   90   98  104  107  109  109  110  110
  111  117  126  137  147  156  164  173  174                                   
    40.0-180.0 180.0   5.0 450.0                            LAT/LON1/LON2/DLON/H
  196  217  230  241  253  264  273  282  290  297  300  300  298  295  291  286
  279  271  265  260  258  256  253  251  249  247  246  241  232  216  197  177
  160  148  142  140  139  137  131  125  119  115  114  113  113  110  106  101
   95   89   82   75   71   70   74   82   92  101  109  114  116  116  114  113
  113  119  129  142  155  169  181  194  196                                   
    37.5-180.0 180.0   5.0 450.0                            LAT/LON1/LON2/DLON/H
  213  239  255  266  278  287  296  306  317  326  331  333  330  326  321  314
  306  296  288  281  277  273  269  265  262  258  253  243  228  210  189  171
  157  149  147  149  150  149  143  135  127  121  119  117  116  113  109  103
   96   89   81   74   69   68   72   81   93  105  114  120  121  120  117  113
  111  117  128  142  157  175  191  208  213                                   
    35.0-180.0 180.0   5.0 450.0                            LAT/LON1/LON2/DLON/H
  226  256  277  286  298  306  315  325  338  349  357  360  359  355  350  343
  335  325  315  307  300  293  287  282  277  271  262  250  232  214  196  183
  176  174  176  178  179  175  165  153  140  131  125  122  119  114  109  102
   96   89   81   75   70   70   74   84   97  110  119  125  126  123  118  113
  109  113  124  139  154  177  197  217  226                                   
    32.5-180.0 180.0   5.0 450.0                            LAT/LON1/LON2/DLON/H
  238  271  297  304  317  323  332  341  355  368  377  381  381  379  375  370
  363  354  344  334  324  315  306  299  293  287  278  265  250  235  226  222
  224  228  231  231  226  215  197  177  158  144  134  128  123  117  110  104
   98   92   87   82   78   79   83   92  105  117  126  130  130  125  119  113
  108  111  122  137  152  177  201  224  238                                   
    30.0-180.0 180.0   5.0 450.0                            LAT/LON1/LON2/DLON/H
  253  288  318  323  337  341  351  359  372  384  394  399  400  399  397  394
  389  381  371  360  347  335  325  317  312  308  302  293  283  278  280  288
  300  309  311  304  287  263  234  204  178  159  147  139  131  123  116  111
  106  103  101   98   97   97  101  108  118  128  135  137  135  129  123  116
  110  114  124  139  155  182  208  232  253                                   
    27.5-180.0 180.0   5.0 450.0                            LAT/LON1/LON2/DLON/H
  272  308  339  345  361  365  375  381  393  404  412  417  419  419  418  417
  413  407  396  383  368  354  342  335  332  332  333  332  333  340  356  379
  400  411  406  384  350  310  267  228  198  176  163  154  146  138  131  127
  126  126  127  127  127  126  127  130  136  142  146  145  142  135  129  123
  118  123  132  148  164  191  219  243  272                                   
    25.0-180.0 180.0   5.0 450.0                            LAT/LON1/LON2/DLON/H
  296  331  360  370  390  394  405  410  421  430  437  441  442  442  442  441
  438  432  421  406  389  372  359  352  354  361  370  381  394  416  448  483
  509  515  496  454  400  342  288  244  213  194  183  176  169  163  158  156
  158  162  165  168  168  165  161  158  157  157  157  154  149  143  138  133
  130  137  145  162  178  205  232  254  296                                   
    22.5-180.0 180.0   5.0 450.0                            LAT/LON1/LON2/DLON/H
  321  352  380  398  423  430  441  447  456  464  470  474  475  475  474  472
  468  461  448  432  412  393  379  374  380  395  414  437  464  499  542  582
  606  598  558  495  422  352  293  251  225  213  209  207  203  199  197  199
  203  209  214  217  215  208  198  188  180  174  168  162  155  149  146  143
  142  151  160  177  194  219  245  265  321                                   
    20.0-180.0 180.0   5.0 450.0                            LAT/LON1/LON2/DLON/H
  342  369  397  423  455  467  481  489  499  506  512  515  517  517  516  513
  507  498  485  466  445  424  409  404  414  435  464  497  535  578  624  659
  668  641  580  499  414  340  285  251  238  237  243  247  248  247  248  251
  256  262  267  267  262  250  234  218  203  190  179  169  161  155  152  151
  152  163  171  189  207  231  255  276  342                                   
    17.5-180.0 180.0   5.0 450.0                            LAT/LON1/LON2/DLON/H
  352  378  408  442  481  501  520  532  544  552  559  565  568  570  569  565
  557  547  533  514  492  469  453  448  460  485  520  559  601  643  680  699
  688  640  562  470  384  316  273  255  257  271  286  296  301  303  304  306
  310  313  314  311  302  285  264  242  221  204  188  175  165  158  156  156
  157  169  177  195  214  237  262  286  352                                   
    15.0-180.0 180.0   5.0 450.0                            LAT/LON1/LON2/DLON/H
  353  380  412  452  498  526  551  569  586  598  608  617  624  628  629  625
  618  608  594  577  555  531  513  507  517  544  580  619  656  688  707  705
  672  607  519  427  349  296  271  272  289  315  338  352  358  358  357  355
  354  351  347  339  325  304  280  254  231  211  193  177  166  158  156  156
  158  169  177  195  215  239  264  293  353                                   
    12.5-180.0 180.0   5.0 450.0                            LAT/LON1/LON2/DLON/H
  348  379  412  455  506  541  573  597  620  638  653  666  677  686  689  688
  684  676  666  651  630  607  587  578  585  608  639  672  697  712  711  688
  637  560  471  389  328  296  291  307  337  369  394  408  410  405  397  389
  380  370  358  345  327  305  280  255  232  211  192  175  163  155  153  152
  153  164  172  190  211  238  265  297  348                                   
    10.0-180.0 180.0   5.0 450.0                            LAT/LON1/LON2/DLON/H
  343  379  412  457  510  549  585  615  644  668  688  705  721  733  742  746
  746  744  738  728  710  688  667  654  656  672  695  715  727  724  705  664
  601  522  442  377  338  327  337  363  396  427  449  455  449  436  419  402
  384  367  349  331  312  291  269  247  226  206  187  171  158  151  148  146
  146  157  166  183  206  238  266  300  343                                   
     7.5-180.0 180.0   5.0 450.0                            LAT/LON1/LON2/DLON/H
  340  382  417  462  514  554  594  626  659  687  710  730  749  765  779  789
  796  800  801  796  783  763  742  727  724  731  743  751  749  732  700  650
