data/edconvlstm_nd/pred0400.15i
     1.0            IONOSPHERE MAPS     GNSS                IONEX VERSION / TYPE
pyspatialgeodesy        IME             05-JAN-18 20:20     PGM / RUN BY / DATE 
Map Name                                                    COMMENT             
Predicted global ionosphere maps (GIM).                     DESCRIPTION         
  2015     2     9     0     0     0                        EPOCH OF FIRST MAP  
  2015     2    10     0     0     0                        EPOCH OF LAST MAP   
  7200                                                      INTERVAL            
    13                                                      # OF MAPS IN FILE   
  NONE                                                      MAPPING FUNCTION    
10.0                                                        ELEVATION CUTOFF    
One-way carrier phase leveled to code                       OBSERVABLES USED    
  6371.0                                                    BASE RADIUS         
 2                                                          MAP DIMENSION       
   450.0 450.0   0.0                                        HGT1 / HGT2 / DHGT  
    87.5 -87.5  -2.5                                        LAT1 / LAT2 / DLAT  
  -180.0 180.0   5.0                                        LON1 / LON2 / DLON  
    -1                                                      EXPONENT            
                                                            END OF HEADER       
[from data line 2145]
     6                                                      START OF TEC MAP    
  2015     2     9    10     0     0                        EPOCH OF CURRENT MAP
    87.5-180.0 180.0   5.0 450.0                            LAT/LON1/LON2/DLON/H
  115  117  115  124  127  128  128  128  130  133  133  135  135  136  136  136
  136  135  135  134  134  133  133  133  132  132  131  131  131  130  130  129
  129  128  127  126  125  124  123  121  120  119  117  115  114  112  110  108
  106  103  101   99   97   95   94   92   91   90   90   90   90   90   91   92
   94   97   98   99  104  107  118  121  115                                   
    85.0-180.0 180.0   5.0 450.0                            LAT/LON1/LON2/DLON/H
  102  115  122  123  124  129  132  134  136  138  139  140  141  141  141  141
  140  140  140  139  139  138  138  138  137  137  137  137  137  137  137  136
  136  135  135  134  133  132  131  129  127  126  124  121  119  116  114  111
  108  104  101   98   96   93   91   89   88   87   87   87   88   89   90   92
   95   99   97   98  100  107  112  117  102                                   
    82.5-180.0 180.0   5.0 450.0                            LAT/LON1/LON2/DLON/H
   89  106  111  110  110  116  119  122  125  128  129  130  130  131  130  130
  129  128  127  126  126  125  125  125  125  125  126  126  127  128  129  130
  130  131  131  131  131  131  130  129  128  127  125  122  120  116  113  109
  104   99   95   90   86   81   78   75   73   72   71   71   71   72   73   76
   78   81   80   83   88   98   99  100   89                                   
    80.0-180.0 180.0   5.0 450.0                            LAT/LON1/LON2/DLON/H
   83   97  101  102  104  108  112  116  120  122  123  125  124  124  123  122
  120  119  117  116  114  113  113  113  113  114  116  118  120  122  125  127
  130  132  134  136  137  138  139  139  139  139  137  136  133  130  126  122
  116  110  104   97   91   85   79   75   72   70   68   68   68   68   69   71
   73   75   75   77   80   90   96   94   83                                   
    77.5-180.0 180.0   5.0 450.0                            LAT/LON1/LON2/DLON/H
   84   91   95   95   96  101  105  108  112  114  115  116  116  115  113  111
  109  107  104  103  101  100  100  100  101  103  106  109  113  117  122  127
  132  137  142  147  151  154  157  160  162  164  164  164  163  161  158  153
  147  140  132  124  115  107  100   94   89   85   82   81   80   79   79   80
   80   80   78   80   82   84   90   90   84                                   
    75.0-180.0 180.0   5.0 450.0                            LAT/LON1/LON2/DLON/H
   79   87   85   87   89   95   97  100  104  105  106  107  106  105  103  100
   98   95   93   91   89   89   89   90   92   95   98  103  108  115  121  129
  136  144  152  160  167  173  179  185  189  194  197  199  201  200  198  194
  188  181  172  162  151  141  132  123  116  110  106  103  100   99   97   96
   94   91   89   85   86   85   88   82   79                                   
    72.5-180.0 180.0   5.0 450.0                            LAT/LON1/LON2/DLON/H
   77   83   80   82   84   90   93   95   98   99   99   99   98   97   95   92
   90   87   85   83   82   82   83   84   86   90   94   99  105  113  121  131
  141  152  163  173  183  193  202  210  218  225  232  237  241  243  244  241
  236  229  219  208  196  184  172  161  151  143  136  131  126  122  118  114
  110  105  101   95   91   88   88   85   77                                   
    70.0-180.0 180.0   5.0 450.0                            LAT/LON1/LON2/DLON/H
   79   81   79   81   83   88   90   92   95   95   95   96   94   93   91   88
   86   84   82   80   80   80   81   83   86   89   93   98  104  112  122  133
  145  159  172  186  199  211  223  234  245  255  265  273  280  285  287  286
  282  275  265  253  239  224  209  195  182  171  161  153  145  138  131  125
  119  112  106   98   92   87   89   88   79                                   
    67.5-180.0 180.0   5.0 450.0                            LAT/LON1/LON2/DLON/H
   76   79   78   81   85   91   94   96   98   98   98   98   97   96   94   92
   90   87   86   84   84   84   85   87   89   91   94   98  104  112  122  134
  148  164  180  196  211  226  240  253  266  279  290  301  310  317  321  321
  318  311  301  287  271  254  237  219  203  189  176  164  153  143  134  126
  117  109  102   93   88   82   83   84   76                                   
    65.0-180.0 180.0   5.0 450.0                            LAT/LON1/LON2/DLON/H
   72   76   77   82   86   93   97   99  102  102  102  102  101  100   99   97
   95   93   92   90   90   90   91   91   92   94   95   99  104  111  122  135
  151  169  188  206  224  241  256  271  286  300  314  326  337  345  350  351
  348  341  330  315  297  278  257  236  217  199  182  167  153  140  128  117
  107   98   92   83   79   75   77   81   72                                   
    62.5-180.0 180.0   5.0 450.0                            LAT/LON1/LON2/DLON/H
   65   69   72   78   83   91   97  100  102  103  103  104  104  103  103  102
  100   99   97   96   95   94   94   93   92   92   93   95  100  107  119  134
  153  173  195  216  236  254  271  287  302  317  332  345  356  365  369  371
  368  360  349  333  314  292  268  245  223  202  183  165  147  131  116  103
   92   82   76   68   65   62   66   74   65                                   
    60.0-180.0 180.0   5.0 450.0                            LAT/LON1/LON2/DLON/H
   58   61   64   71   76   85   91   95   98   99  100  101  102  102  103  103
  102  101   99   97   95   93   92   89   87   86   86   88   93  102  116  133
  155  178  203  227  248  268  286  302  317  333  347  360  371  379  383  384
  381  374  362  346  326  303  278  254  230  208  186  166  146  127  109   93
   79   68   62   54   54   49   56   65   58                                   
    57.5-180.0 180.0   5.0 450.0                            LAT/LON1/LON2/DLON/H
   54   54   57   63   68   76   82   86   89   91   92   94   96   98  100  101
  101   99   97   95   92   89   86   83   80   78   78   81   88  100  116  137
  161  188  216  242  266  286  304  320  335  350  364  376  386  392  396  396
  392  386  374  359  339  317  292  267  244  221  200  178  156  135  114   95
   79   66   60   51   51   45   52   62   54                                   
    55.0-180.0 180.0   5.0 450.0                            LAT/LON1/LON2/DLON/H
   55   51   53   57   61   67   73   76   78   80   82   85   87   90   93   95
   96   95   93   89   86   82   78   74   71   70   71   77   86  101  121  145
  173  203  233  262  287  308  325  340  355  368  381  392  400  404  406  406
  403  396  387  373  354  333  309  286  264  243  222  201  179  156  133  112
   94   79   71   61   60   52   57   66   55                                   
    52.5-180.0 180.0   5.0 450.0                            LAT/LON1/LON2/DLON/H
   63   55   55   56   58   63   67   69   70   71   73   76   79   83   86   89
   90   90   87   84   80   75   71   67   65   65   68   77   90  109  132  159
  190  222  254  284  309  330  347  361  374  386  398  407  413  416  416  415
  412  407  399  386  369  349  328  307  287  269  250  230  209  186  162  141
  120  105   96   85   82   71   73   77   63                                   
    50.0-180.0 180.0   5.0 450.0                            LAT/LON1/LON2/DLON/H
   78   68   64   61   62   64   67   67   67   68   69   71   74   77   81   85
   87   87   84   80   76   71   67   63   62   64   70   82  100  122  148  177
  209  242  275  305  330  351  366  379  391  403  413  420  425  426  425  423
  421  417  410  399  383  364  344  325  308  292  276  258  238  215  192  171
  151  136  125  115  111   99   97   97   78                                   
    47.5-180.0 180.0   5.0 450.0                            LAT/LON1/LON2/DLON/H
   98   87   80   74   72   73   74   72   71   71   71   72   74   77   81   84
   87   87   85   81   76   71   66   63   63   67   77   92  112  137  164  194
  226  259  292  322  347  367  382  394  406  416  426  432  435  434  432  430
  427  424  417  406  390  371  351  334  318  304  290  274  255  234  212  192
  173  160  150  141  138  128  123  120   98                                   
    45.0-180.0 180.0   5.0 450.0                            LAT/LON1/LON2/DLON/H
  117  108  100   92   90   87   86   84   82   80   79   79   80   82   85   88
   91   91   89   85   80   74   70   67   68   74   86  103  126  151  178  207
  238  270  302  331  356  376  392  405  417  427  436  441  442  440  437  433
  430  426  419  406  389  368  347  329  314  301  287  271  253  233  213  195
  179  168  159  154  154  147  142  139  117                                   
    42.5-180.0 180.0   5.0 450.0                            LAT/LON1/LON2/DLON/H
  130  125  120  112  109  105  103   99   96   94   92   91   91   92   94   97
  100  100   98   93   87   81   77   74   76   83   95  114  137  162  188  214
  243  274  305  335  360  381  398  413  425  437  445  450  449  446  440  435
  431  425  416  402  382  358  335  316  299  285  270  253  234  214  195  179
  166  157  150  148  152  150  147  145  130                                   
    40.0-180.0 180.0   5.0 450.0                            LAT/LON1/LON2/DLON/H
  133  134  132  127  126  120  118  115  112  110  107  106  104  104  106  108
  111  112  110  104   97   90   85   83   85   92  104  123  145  168  192  217
  244  273  304  335  362  385  405  422  436  449  458  461  460  455  447  441
  435  428  418  401  379  353  328  305  286  268  250  230  209  188  170  155
  143  135  129  129  134  136  136  137  133                                   
    37.5-180.0 180.0   5.0 450.0                            LAT/LON1/LON2/DLON/H
  127  132  135  132  134  130  129  127  125  123  121  119  117  116  118  121
  124  125  122  116  108  100   94   92   93  100  112  130  151  173  194  217
  242  271  303  336  367  393  416  436  454  468  477  481  479  473  464  456
  450  443  432  415  392  365  337  312  289  267  244  220  195  172  152  137
  124  115  109  107  111  113  117  118  127                                   
    35.0-180.0 180.0   5.0 450.0                            LAT/LON1/LON2/DLON/H
  117  124  129  128  133  130  132  132  132  131  130  128  127  126  128  132
  136  137  134  127  118  109  103  100  101  108  120  136  155  175  195  216
  241  271  306  343  378  410  437  461  482  498  509  513  511  504  496  488
  482  476  467  452  430  402  373  345  318  292  265  236  208  182  160  143
  127  116  107   99   99   96  100  101  117                                   
    32.5-180.0 180.0   5.0 450.0                            LAT/LON1/LON2/DLON/H
  110  116  120  120  125  124  127  130  132  132  132  132  132  132  135  139
  144  146  144  136  126  116  110  107  109  115  126  142  160  178  197  218
  244  277  316  359  399  436  469  497  521  541  553  559  558  552  544  538
  534  531  526  514  495  468  438  408  379  349  319  287  257  229  205  185
  166  150  137  121  113   99   99   94  110                                   
    30.0-180.0 180.0   5.0 450.0                            LAT/LON1/LON2/DLON/H
  113  116  116  114  116  115  119  122  125  126  127  129  131  133  137  142
  148  151  149  141  131  122  116  114  116  122  133  148  167  185  205  227
  255  291  335  382  429  472  509  542  570  593  609  617  619  615  610  606
  605  607  607  601  586  562  533  502  470  439  407  375  344  315  290  267
  245  225  205  180  161  132  123  106  113                                   
    27.5-180.0 180.0   5.0 450.0                            LAT/LON1/LON2/DLON/H
  131  130  123  116  115  110  114  115  117  118  119  122  125  129  134  141
  147  152  150  144  134  126  122  121  123  129  140  157  178  199  220  244
  275  315  363  415  466  512  553  590  622  649  669  681  687  688  687  687
  692  699  705  705  695  676  649  619  588  556  525  494  465  436  410  384
  357  334  307  273  241  197  172  140  131                                   
    25.0-180.0 180.0   5.0 450.0                            LAT/LON1/LON2/DLON/H
  168  162  145  132  124  116  116  114  113  112  112  115  119  123  128  135
  142  147  147  142  136  130  127  127  129  135  149  169  193  217  242  268
  302  345  396  450  502  549  592  632  668  699  724  742  754  761  766  772
  782  794  806  812  808  793  771  744  714  684  655  626  599  571  545  517
  488  462  428  388  343  285  244  198  168                                   
    22.5-180.0 180.0   5.0 450.0                            LAT/LON1/LON2/DLON/H
  224  212  185  162  148  133  128  123  117  113  111  112  115  118  122  127
  134  139  141  139  135  133  131  131  134  142  158  182  211  239  267  297
  334  378  429  481  531  578  622  663  701  736  766  791  809  823  834  845
  858  873  888  897  897  887  869  847  822  795  767  741  715  689  664  636
  608  586  548  505  453  388  333  274  224                                   
    20.0-180.0 180.0   5.0 450.0                            LAT/LON1/LON2/DLON/H
  293  275  240  208  183  164  153  142  132  123  117  115  115  116  118  121
  126  132  135  135  134  134  135  135  138  148  167  195  228  261  294  328
  367  411  458  505  552  597  640  682  721  759  793  822  845  864  880  893
  906  920  934  943  944  937  924  906  885  862  839  814  790  766  742  716
  692  676  643  603  551  486  426  360  293                                   
    17.5-180.0 180.0   5.0 450.0                            LAT/LON1/LON2/DLON/H
  364  341  305  263  228  205  187  172  156  142  130  124  121  119  117  118
  122  127  131  132  134  135  137  139  143  153  174  205  242  280  317  355
  395  436  479  522  565  607  648  688  728  767  804  835  862  883  898  910
  920  930  940  946  946  940  929  915  898  880  860  839  816  791  768  742
  722  713  692  660  616  556  500  437  364                                   
    15.0-180.0 180.0   5.0 450.0                            LAT/LON1/LON2/DLON/H
  423  399  366  321  278  251  229  210  189  169  152  141  132  126  121  119
  121  125  129  131  133  137  140  143  147  157  179  212  252  294  334  374
  413  452  490  529  568  607  646  686  726  766  803  835  861  881  894  902
  906  910  913  914  911  903  893  881  869  855  839  819  796  769  742  716
  698  695  686  666  635  586  537  487  423                                   
    12.5-180.0 180.0   5.0 450.0                            LAT/LON1/LON2/DLON/H
  461  437  412  368  323  294  271  251  227  203  181  164  150  139  129  124
  124  127  129  132  135  139  143  146  150  161  183  217  258  301  344  385
  424  460  495  531  566  603  640  679  719  759  795  827  851  867  876  878
  876  872  868  863  856  847  836  826  816  805  790  770  743  712  680  651
  634  634  635  626  610  576  537  502  461                                   
    10.0-180.0 180.0   5.0 450.0                            LAT/LON1/LON2/DLON/H
  473  452  433  395  353  325  303  286  264  240  215  193  173  157  143  135
  132  132  133  134  136  141  145  148  153  165  187  221  263  308  351  392
  430  465  498  530  562  595  630  668  708  748  785  814  836  848  852  849
  841  831  822  812  802  792  782  774  764  753  737  714  683  645  607  574
  555  553  559  558  555  537  509  486  473                                   
     7.5-180.0 180.0   5.0 450.0                            LAT/LON1/LON2/DLON/H
  463  445  431  399  364  337  319  306  291  270  246  223  200  180  163  151
  144  140  138  137  138  141  145  149  156  170  195  230  272  316  358  398
