data/edconvlstm_nd/pred2970.15i
     1.0            IONOSPHERE MAPS     GNSS                IONEX VERSION / TYPE
pyspatialgeodesy        IME             05-JAN-18 20:20     PGM / RUN BY / DATE 
Map Name                                                    COMMENT             
Predicted global ionosphere maps (GIM).                     DESCRIPTION         
  2015    10    24     0     0     0                        EPOCH OF FIRST MAP  
  2015    10    25     0     0     0                        EPOCH OF LAST MAP   
  7200                                                      INTERVAL            
    13                                                      # OF MAPS IN FILE   
  NONE                                                      MAPPING FUNCTION    
10.0                                                        ELEVATION CUTOFF    
One-way carrier phase leveled to code                       OBSERVABLES USED    
  6371.0                                                    BASE RADIUS         
 2                                                          MAP DIMENSION       
   450.0 450.0   0.0                                        HGT1 / HGT2 / DHGT  
    87.5 -87.5  -2.5                                        LAT1 / LAT2 / DLAT  
  -180.0 180.0   5.0                                        LON1 / LON2 / DLON  
    -1                                                      EXPONENT            
                                                            END OF HEADER       
[from data line 5148]
    13                                                      START OF TEC MAP    
  2015    10    25     0     0     0                        EPOCH OF CURRENT MAP
    87.5-180.0 180.0   5.0 450.0                            LAT/LON1/LON2/DLON/H
  111  114  118  109  107  111  108  107  108  108  109  109  109  109  109  108
  107  106  104  102  100   99   97   95   92   90   88   86   84   82   81   79
   77   76   75   74   74   73   73   74   74   75   76   78   79   81   82   84
   86   88   90   91   93   94   96   97   98   98   99   99  100  100  100  100
  101  101  100  100   95  102  111  112  111                                   
    85.0-180.0 180.0   5.0 450.0                            LAT/LON1/LON2/DLON/H
  119  128  111  116  119  124  121  121  121  121  121  121  121  121  120  118
  116  114  112  109  106  102   99   95   92   88   85   81   78   75   72   69
   67   66   65   64   64   65   66   67   69   71   74   76   79   82   85   88
   91   94   96   99  101  103  105  107  109  110  112  113  113  114  114  115
  116  116  117  119  117  122  130  128  119                                   
    82.5-180.0 180.0   5.0 450.0                            LAT/LON1/LON2/DLON/H
  124  126  136  132  134  141  137  137  140  139  140  140  140  139  138  136
  133  130  126  122  117  112  106  100   94   88   83   77   72   67   63   60
   57   55   54   54   54   56   58   60   63   67   70   74   78   82   87   91
   95   98  102  106  109  112  115  118  121  123  125  126  128  128  129  131
  131  130  130  128  130  122  128  129  124                                   
    80.0-180.0 180.0   5.0 450.0                            LAT/LON1/LON2/DLON/H
  139  139  140  135  139  143  144  146  149  149  150  152  152  152  151  149
  146  142  137  131  125  118  111  103   95   87   80   74   68   63   58   55
   52   50   49   49   50   51   53   55   59   62   66   71   76   80   85   89
   94   98  102  106  110  113  117  120  123  126  128  130  132  133  134  136
  135  133  133  132  143  133  144  150  139                                   
    77.5-180.0 180.0   5.0 450.0                            LAT/LON1/LON2/DLON/H
  150  148  143  146  144  147  149  154  158  159  162  164  165  166  165  163
  160  156  151  145  138  130  122  113  104   96   87   80   74   69   64   61
   58   57   56   55   56   57   59   61   64   68   72   76   80   84   88   92
   96   99  103  106  110  113  116  120  123  126  128  131  133  135  137  139
  139  140  139  140  146  144  150  166  150                                   
    75.0-180.0 180.0   5.0 450.0                            LAT/LON1/LON2/DLON/H
  159  154  152  155  151  155  154  159  163  164  167  169  170  170  169  167
  164  160  155  149  142  135  127  119  111  103   96   89   84   79   75   72
   70   69   68   67   67   68   69   71   73   75   77   80   83   85   88   90
   93   95   97  100  102  105  108  111  114  117  120  124  127  130  133  136
  136  139  142  139  146  154  158  172  159                                   
    72.5-180.0 180.0   5.0 450.0                            LAT/LON1/LON2/DLON/H
  160  164  164  165  162  163  163  168  172  172  173  175  174  173  171  167
  163  159  154  148  143  137  131  125  118  112  106  100   96   92   89   86
   84   83   81   80   79   78   78   77   78   78   79   80   81   82   83   84
   85   86   87   88   90   92   94   97  101  104  108  112  116  121  125  130
  133  137  143  144  150  158  166  184  160                                   
    70.0-180.0 180.0   5.0 450.0                            LAT/LON1/LON2/DLON/H
  175  178  178  181  177  178  177  179  183  181  181  180  177  172  167  161
  155  149  144  139  135  130  126  122  117  113  109  105  102   99   97   96
   94   92   91   88   86   84   82   80   79   78   78   78   78   79   79   79
   79   79   79   79   80   82   85   88   92   97  101  107  112  118  124  131
  135  140  148  152  160  170  177  194  175                                   
    67.5-180.0 180.0   5.0 450.0                            LAT/LON1/LON2/DLON/H
  187  194  193  195  192  191  188  189  190  187  185  181  175  168  159  150
  142  134  129  124  120  117  114  111  108  105  102   99   97   96   95   93
   92   90   87   85   81   78   75   72   70   69   68   68   68   68   68   67
   66   66   65   65   66   68   71   76   81   87   93  100  107  114  121  130
  135  142  151  157  167  178  186  203  187                                   
    65.0-180.0 180.0   5.0 450.0                            LAT/LON1/LON2/DLON/H
  199  206  205  208  205  203  198  198  198  194  190  184  176  165  153  142
  131  123  116  111  108  105  102   99   97   94   91   89   88   86   85   84
   82   80   77   74   70   67   63   61   59   58   58   59   59   59   59   58
   57   56   55   55   55   58   61   67   73   81   89   98  107  115  124  133
  140  148  158  163  173  186  195  212  199                                   
    62.5-180.0 180.0   5.0 450.0                            LAT/LON1/LON2/DLON/H
  209  218  218  219  216  212  206  205  205  200  195  188  178  166  152  139
  127  118  110  105  100   96   93   89   86   82   79   77   76   74   73   72
   70   68   65   62   59   55   53   51   50   50   51   53   54   55   54   54
   52   50   49   48   48   51   55   62   70   80   90  101  112  122  132  142
  149  157  167  172  180  192  201  219  209                                   
    60.0-180.0 180.0   5.0 450.0                            LAT/LON1/LON2/DLON/H
  218  228  228  227  223  218  210  208  208  203  197  190  180  168  154  141
  129  119  111  104   98   92   86   81   76   72   69   66   65   64   62   61
   59   57   55   52   50   47   45   45   45   47   49   51   53   54   53   52
   50   47   45   44   44   47   53   61   71   83   95  108  120  132  143  154
  161  168  178  183  188  197  207  225  218                                   
    57.5-180.0 180.0   5.0 450.0                            LAT/LON1/LON2/DLON/H
  229  240  239  235  230  223  213  210  208  202  197  191  182  171  159  147
  137  127  118  109  100   92   84   77   71   65   62   59   58   57   56   55
   53   51   49   48   46   45   45   45   46   49   52   55   57   57   56   54
   51   48   45   44   44   48   54   64   76   89  103  117  131  143  156  168
  175  182  192  196  201  206  215  235  229                                   
    55.0-180.0 180.0   5.0 450.0                            LAT/LON1/LON2/DLON/H
  243  255  252  245  240  230  218  212  208  201  195  189  182  174  165  156
  148  138  128  117  105   94   84   76   69   64   61   58   57   57   56   54
   53   52   51   50   50   50   51   52   55   58   61   64   66   66   64   61
   57   53   51   49   50   54   61   72   85  100  114  128  142  156  170  182
  191  199  209  214  218  220  228  248  243                                   
    52.5-180.0 180.0   5.0 450.0                            LAT/LON1/LON2/DLON/H
  263  275  269  260  254  243  228  218  211  202  195  189  183  177  172  166
  159  150  138  125  111   99   88   80   73   68   65   64   63   62   61   60
   59   58   58   58   60   61   63   65   68   72   75   78   79   78   75   71
   67   63   61   60   62   66   75   86   99  113  127  140  154  168  182  196
  207  216  227  232  238  239  245  266  263                                   
    50.0-180.0 180.0   5.0 450.0                            LAT/LON1/LON2/DLON/H
  286  300  290  282  276  263  246  232  220  208  198  191  186  182  179  175
  169  160  147  132  117  104   94   87   81   78   76   74   73   72   70   68
   67   66   67   69   72   75   78   81   84   88   91   93   94   92   89   85
   81   78   77   77   80   86   94  105  117  129  141  153  165  178  194  209
  221  233  245  251  259  262  268  287  286                                   
    47.5-180.0 180.0   5.0 450.0                            LAT/LON1/LON2/DLON/H
  308  325  315  309  303  290  272  254  238  221  208  198  192  188  186  183
  177  166  152  137  122  111  102   96   93   90   88   87   85   82   78   75
   73   73   75   79   83   88   92   96   99  103  106  109  109  107  104  100
   97   96   97   99  103  109  117  127  137  146  155  164  175  188  203  219
  233  247  260  268  279  285  292  308  308                                   
    45.0-180.0 180.0   5.0 450.0                            LAT/LON1/LON2/DLON/H
  324  344  338  336  330  319  302  283  263  242  225  211  202  197  194  190
  182  170  156  141  128  119  112  108  106  104  101   97   92   87   81   76
   73   74   77   83   90   96  102  106  110  114  118  121  121  120  117  114
  113  114  116  120  126  132  140  149  156  163  169  176  185  196  211  228
  242  257  271  280  293  303  312  325  324                                   
    42.5-180.0 180.0   5.0 450.0                            LAT/LON1/LON2/DLON/H
  330  352  350  353  350  342  329  311  291  267  247  230  218  210  204  198
  188  174  160  146  136  129  125  122  119  114  109  101   92   83   75   69
   67   68   74   82   91  100  106  112  116  121  125  128  130  129  127  125
  126  128  133  138  145  152  160  167  173  178  182  187  195  205  220  235
  250  264  279  288  301  313  323  334  330                                   
    40.0-180.0 180.0   5.0 450.0                            LAT/LON1/LON2/DLON/H
  328  349  349  355  355  352  343  330  313  291  269  251  237  227  217  207
  195  180  167  155  147  142  138  133  127  119  109   97   85   74   65   59
   58   62   70   80   91  101  108  113  118  123  129  133  135  135  134  133
  134  137  142  149  156  164  172  179  185  189  193  198  205  216  230  245
  258  271  284  293  303  314  326  335  328                                   
    37.5-180.0 180.0   5.0 450.0                            LAT/LON1/LON2/DLON/H
  321  337  337  343  348  347  343  336  324  306  287  270  256  244  232  219
  205  190  178  168  161  156  149  140  129  116  102   88   76   65   58   54
   55   61   70   82   94  103  110  116  120  125  131  135  138  138  137  136
  137  140  144  150  158  167  176  185  192  197  202  208  217  230  244  258
  269  280  291  298  304  313  325  335  321                                   
    35.0-180.0 180.0   5.0 450.0                            LAT/LON1/LON2/DLON/H
  316  327  325  326  333  334  331  329  323  311  298  284  272  260  247  233
  218  204  193  184  176  167  155  140  124  109   95   83   73   66   61   59
   62   70   81   92  103  111  117  121  124  128  133  137  139  139  137  135
  134  135  137  142  150  161  173  184  194  202  209  218  230  245  261  276
  286  294  303  307  310  316  329  342  316                                   
    32.5-180.0 180.0   5.0 450.0                            LAT/LON1/LON2/DLON/H
  323  331  324  318  321  320  317  316  316  309  301  292  283  273  261  247
  233  219  208  199  187  171  153  133  116  103   94   88   84   80   79   80
   85   93  103  114  122  127  130  131  132  134  137  139  140  138  135  130
  126  124  124  127  136  148  163  179  193  204  214  227  243  262  282  299
  309  316  324  325  327  332  345  361  323                                   
    30.0-180.0 180.0   5.0 450.0                            LAT/LON1/LON2/DLON/H
  352  358  346  330  326  319  311  309  309  306  301  295  289  282  272  259
  246  233  220  207  189  167  144  125  112  106  106  108  111  113  115  118
  123  131  139  146  150  150  149  146  143  142  142  143  141  137  131  124
  116  110  107  109  118  133  152  172  189  204  218  235  256  281  306  327
  341  349  356  357  360  363  375  396  352                                   
    27.5-180.0 180.0   5.0 450.0                            LAT/LON1/LON2/DLON/H
  407  414  394  368  356  341  326  318  314  309  304  299  294  288  279  268
  254  240  224  205  180  154  133  120  117  122  133  146  157  165  170  173
  177  181  185  186  183  178  170  163  156  152  149  147  143  137  128  118
  107   97   92   92  101  119  142  165  186  204  222  243  270  300  332  359
  379  392  401  403  410  414  424  447  407                                   
    25.0-180.0 180.0   5.0 450.0                            LAT/LON1/LON2/DLON/H
  485  496  469  435  414  390  366  349  338  327  318  309  302  294  285  273
  257  239  218  192  164  140  125  124  134  153  176  200  219  231  236  237
  235  234  231  224  214  202  189  178  169  162  157  152  146  138  127  114
  100   88   80   80   90  110  136  163  186  207  228  252  283  320  358  393
  421  442  455  460  472  481  491  515  485                                   
    22.5-180.0 180.0   5.0 450.0                            LAT/LON1/LON2/DLON/H
  575  592  567  528  497  466  432  405  384  364  346  330  317  305  292  276
  256  232  204  174  147  130  128  142  166  197  230  261  284  297  299  294
  286  276  265  251  234  217  201  188  177  169  163  157  149  139  126  111
   97   84   76   75   86  107  135  164  189  212  234  261  296  337  381  424
  461  489  509  520  539  556  572  594  575                                   
    20.0-180.0 180.0   5.0 450.0                            LAT/LON1/LON2/DLON/H
  659  685  667  631  594  558  518  482  450  420  391  365  342  323  304  282
  256  224  190  160  139  133  146  173  209  248  285  317  340  349  346  332
  315  297  278  258  237  218  202  190  180  173  166  160  151  139  126  111
   96   83   75   75   87  109  138  168  194  217  240  270  307  351  399  448
  493  529  555  574  600  623  647  668  659                                   
    17.5-180.0 180.0   5.0 450.0                            LAT/LON1/LON2/DLON/H
  721  756  746  720  683  649  609  568  530  490  450  413  380  352  326  296
  261  223  186  158  146  153  179  217  259  299  333  360  375  376  363  340
  314  288  264  242  222  206  194  186  179  174  169  162  152  140  125  111
   96   84   77   79   92  115  144  174  199  222  246  276  315  361  412  464
  514  555  587  613  642  667  700  721  721                                   
    15.0-180.0 180.0   5.0 450.0                            LAT/LON1/LON2/DLON/H
  750  790  789  776  746  720  686  649  609  564  516  469  428  391  357  319
  277  234  197  174  171  189  225  269  312  345  368  381  383  371  347  315
  282  252  228  209  196  187  183  181  178  175  171  164  154  140  125  111
   98   87   82   85   99  122  151  180  204  226  251  282  321  368  420  473
  525  568  603  633  661  682  719  744  750                                   
    12.5-180.0 180.0   5.0 450.0                            LAT/LON1/LON2/DLON/H
  746  785  792  792  775  761  738  708  673  629  578  527  480  438  398  354
  307  261  225  208  212  240  282  327  362  381  385  377  360  334  301  264
  229  202  185  176  173  174  177  180  181  178  174  166  154  139  124  110
   99   90   87   91  104  129  157  184  207  229  254  286  327  373  424  476
  526  569  605  634  658  674  709  737  746                                   
    10.0-180.0 180.0   5.0 450.0                            LAT/LON1/LON2/DLON/H
  721  753  767  777  773  772  760  742  714  676  629  579  532  488  445  399
  349  303  270  258  270  303  346  383  402  399  377  345  311  277  242  207
  179  162  156  157  163  172  181  186  187  184  178  168  154  137  121  108
   99   92   89   94  109  132  159  185  208  231  257  290  331  377  426  475
  522  562  595  620  640  650  681  712  721                                   
     7.5-180.0 180.0   5.0 450.0                            LAT/LON1/LON2/DLON/H
  690  712  728  743  750  759  758  750  733  703  664  620  577  536  495  450
  401  358  329  323  339  371  406  427  423  392  343  293  250  217  190  167
