data/edconvlstm_nd/pred3110.15i
     1.0            IONOSPHERE MAPS     GNSS                IONEX VERSION / TYPE
pyspatialgeodesy        IME             05-JAN-18 20:20     PGM / RUN BY / DATE 
Map Name                                                    COMMENT             
Predicted global ionosphere maps (GIM).                     DESCRIPTION         
  2015    11     7     0     0     0                        EPOCH OF FIRST MAP  
  2015    11     8     0     0     0                        EPOCH OF LAST MAP   
  7200                                                      INTERVAL            
    13                                                      # OF MAPS IN FILE   
  NONE                                                      MAPPING FUNCTION    
10.0                                                        ELEVATION CUTOFF    
One-way carrier phase leveled to code                       OBSERVABLES USED    
  6371.0                                                    BASE RADIUS         
 2                                                          MAP DIMENSION       
   450.0 450.0   0.0                                        HGT1 / HGT2 / DHGT  
    87.5 -87.5  -2.5                                        LAT1 / LAT2 / DLAT  
  -180.0 180.0   5.0                                        LON1 / LON2 / DLON  
    -1                                                      EXPONENT            
                                                            END OF HEADER       
[from data line 4719]
    12                                                      START OF TEC MAP    
  2015    11     7    22     0     0                        EPOCH OF CURRENT MAP
    87.5-180.0 180.0   5.0 450.0                            LAT/LON1/LON2/DLON/H
   99   89   77   78   81   76   74   70   70   72   71   72   72   72   73   73
   73   72   72   72   71   70   69   68   66   65   64   62   61   60   59   58
   57   56   56   55   55   55   56   56   57   57   58   59   60   61   62   63
   64   65   66   67   68   69   70   71   72   72   73   73   73   73   73   73
   73   73   69   66   72   73   91   99   99                                   
    85.0-180.0 180.0   5.0 450.0                            LAT/LON1/LON2/DLON/H
  101   88   93   76   73   75   73   74   74   75   75   75   76   76   77   77
   77   77   76   76   75   74   73   71   70   68   66   65   63   62   61   59
   59   58   57   57   57   57   58   58   59   60   61   62   63   64   65   66
   67   68   69   71   72   73   75   76   77   78   79   79   79   79   79   79
   79   77   73   69   72   76   79   78  101                                   
    82.5-180.0 180.0   5.0 450.0                            LAT/LON1/LON2/DLON/H
   81   72   72   66   67   68   69   69   70   71   71   73   73   74   75   75
   76   76   75   75   74   73   71   69   67   65   63   61   59   56   55   53
   52   51   50   50   49   50   50   51   52   53   54   56   57   59   60   62
   63   65   67   69   70   72   74   76   77   78   79   80   80   80   79   78
   77   74   70   68   72   82   73   76   81                                   
    80.0-180.0 180.0   5.0 450.0                            LAT/LON1/LON2/DLON/H
   55   53   58   52   55   52   57   58   60   62   63   65   66   67   68   68
   69   68   68   67   66   65   63   61   59   56   54   51   48   46   44   42
   40   39   38   38   39   39   40   42   43   45   47   49   51   53   56   58
   60   62   64   67   69   71   73   75   77   78   79   80   79   79   77   75
   74   72   68   66   62   67   58   68   55                                   
    77.5-180.0 180.0   5.0 450.0                            LAT/LON1/LON2/DLON/H
   64   56   57   53   58   58   63   64   67   67   69   71   72   72   72   72
   72   71   71   71   70   69   67   66   63   61   58   55   53   50   47   45
   43   42   41   41   41   42   43   44   46   48   50   52   54   56   59   61
   63   65   68   70   73   75   78   80   82   83   84   84   84   82   81   78
   76   73   70   68   63   63   58   71   64                                   
    75.0-180.0 180.0   5.0 450.0                            LAT/LON1/LON2/DLON/H
   57   56   58   55   63   65   71   74   78   80   81   82   82   80   78   76
   75   73   72   71   70   70   69   68   67   65   63   61   59   57   55   53
   52   51   50   50   50   50   51   53   55   56   58   60   62   64   66   68
   69   71   73   75   77   79   81   83   85   87   87   87   86   85   83   80
   78   77   74   70   64   62   56   59   57                                   
    72.5-180.0 180.0   5.0 450.0                            LAT/LON1/LON2/DLON/H
   73   72   74   78   82   87   95   98  101  102  102  101   98   93   88   83
   78   75   72   70   69   69   69   68   68   67   67   65   64   63   61   60
   59   58   57   56   56   57   57   59   60   61   63   65   66   68   69   70
   71   72   73   74   75   77   79   81   82   84   84   84   83   81   79   77
   74   73   70   65   61   63   61   68   73                                   
    70.0-180.0 180.0   5.0 450.0                            LAT/LON1/LON2/DLON/H
   80   87   93   98  106  115  123  129  134  136  136  132  125  117  107   97
   88   81   76   72   70   70   70   71   72   72   73   73   73   73   72   71
   70   68   67   66   65   64   64   65   66   67   69   70   71   72   73   73
   74   73   73   73   74   75   76   78   80   81   82   81   80   79   77   75
   73   73   73   72   71   75   79   83   80                                   
    67.5-180.0 180.0   5.0 450.0                            LAT/LON1/LON2/DLON/H
  100  109  116  126  137  148  159  167  173  174  173  167  157  144  130  115
  101   90   81   75   72   70   70   70   71   73   74   75   76   76   76   75
   73   71   68   66   64   63   62   62   63   64   65   67   68   69   69   69
   69   68   67   66   66   67   68   70   72   74   75   74   73   72   70   70
   69   70   71   71   71   82   85   90  100                                   
    65.0-180.0 180.0   5.0 450.0                            LAT/LON1/LON2/DLON/H
  108  122  133  146  160  174  188  199  207  211  210  203  192  176  157  138
  120  105   93   84   78   74   73   72   73   73   75   76   78   78   78   77
   75   71   68   64   60   58   56   56   56   57   58   60   61   62   62   62
   61   59   58   56   56   57   58   61   63   65   66   66   65   63   63   63
   64   67   71   74   78   92   99  104  108                                   
    62.5-180.0 180.0   5.0 450.0                            LAT/LON1/LON2/DLON/H
  119  134  146  161  178  195  211  224  234  238  239  233  222  205  184  163
  142  123  108   96   87   81   76   73   72   71   72   73   74   75   75   73
   70   66   61   56   51   48   46   45   46   47   48   49   51   51   52   51
   50   48   46   45   45   46   48   51   53   56   57   57   56   55   55   56
   58   64   69   74   79   95  102  107  119                                   
    60.0-180.0 180.0   5.0 450.0                            LAT/LON1/LON2/DLON/H
  125  140  153  169  187  204  222  237  249  256  259  255  245  230  210  188
  167  147  129  114  102   92   84   77   73   70   69   70   71   72   72   70
   66   61   54   48   43   40   38   37   38   39   40   41   42   42   42   41
   40   38   36   35   35   36   38   42   45   47   48   48   48   47   48   50
   55   62   69   76   82  100  108  114  125                                   
    57.5-180.0 180.0   5.0 450.0                            LAT/LON1/LON2/DLON/H
  131  146  160  176  193  210  228  243  256  264  269  267  260  247  230  211
  191  171  153  136  121  107   94   84   76   70   68   67   68   69   69   67
   63   57   50   44   39   35   34   33   34   36   37   37   38   37   36   35
   33   31   30   29   29   30   33   36   40   42   43   43   43   43   45   49
   56   65   74   82   88  106  114  121  131                                   
    55.0-180.0 180.0   5.0 450.0                            LAT/LON1/LON2/DLON/H
  143  159  172  186  201  216  233  246  259  267  273  272  268  259  246  230
  212  195  177  159  141  124  108   94   82   74   70   68   69   70   70   68
   64   58   51   44   40   37   36   36   37   39   40   39   39   37   35   34
   32   30   28   27   28   29   32   36   38   40   41   41   41   43   47   54
   62   74   86   95  100  118  126  132  143                                   
    52.5-180.0 180.0   5.0 450.0                            LAT/LON1/LON2/DLON/H
  161  177  192  201  215  226  240  251  261  267  272  273  271  264  255  243
  228  213  196  179  160  141  123  106   92   82   76   74   73   74   74   72
   68   62   55   50   46   44   43   45   46   48   48   47   45   43   40   37
   35   33   32   32   32   34   37   40   42   42   42   42   43   47   54   64
   75   90  104  115  120  138  146  151  161                                   
    50.0-180.0 180.0   5.0 450.0                            LAT/LON1/LON2/DLON/H
  187  205  219  225  236  244  254  261  267  271  274  274  272  267  260  251
  240  226  211  195  177  158  139  121  106   95   87   83   82   81   80   78
   74   69   63   58   55   54   54   56   58   59   59   58   55   52   49   46
   44   42   41   41   42   43   46   47   48   47   46   46   48   54   64   78
   93  110  127  140  146  164  174  175  187                                   
    47.5-180.0 180.0   5.0 450.0                            LAT/LON1/LON2/DLON/H
  217  235  250  252  260  267  272  276  277  278  278  277  275  270  264  256
  246  234  221  205  189  171  154  137  122  110  101   95   92   89   87   83
   79   75   71   67   65   65   65   67   69   70   70   69   66   63   59   57
   55   54   53   53   54   56   57   58   57   54   52   52   55   63   76   93
  111  132  150  165  173  193  206  205  217                                   
    45.0-180.0 180.0   5.0 450.0                            LAT/LON1/LON2/DLON/H
  245  263  276  276  282  288  290  292  290  289  287  284  280  275  268  260
  249  238  225  212  197  182  167  152  139  127  116  108  101   96   91   86
   82   78   75   73   72   72   73   74   76   77   77   77   75   72   69   67
   66   66   66   66   67   69   70   69   66   62   59   59   63   73   89  109
  128  150  170  186  197  219  235  234  245                                   
    42.5-180.0 180.0   5.0 450.0                            LAT/LON1/LON2/DLON/H
  265  281  293  292  297  302  304  305  302  300  296  293  288  282  274  264
  252  240  228  215  203  191  178  166  154  141  129  118  108   99   91   85
   80   77   76   76   76   76   76   77   78   79   80   81   80   78   77   75
   75   75   76   77   79   80   81   79   75   70   66   66   72   84  101  122
  142  164  183  199  213  237  256  256  265                                   
    40.0-180.0 180.0   5.0 450.0                            LAT/LON1/LON2/DLON/H
  273  287  296  296  302  306  308  310  308  308  304  301  297  290  281  269
  256  243  230  218  207  197  187  176  165  152  138  124  110   98   88   81
   77   75   75   76   78   78   77   76   77   78   80   81   82   81   80   80
   80   81   83   85   87   88   88   86   82   77   73   74   80   93  111  132
  152  172  191  206  220  245  264  269  273                                   
    37.5-180.0 180.0   5.0 450.0                            LAT/LON1/LON2/DLON/H
  271  283  289  290  296  300  304  307  308  309  308  307  304  298  289  277
  263  248  235  223  212  203  193  183  172  158  143  126  110   96   86   79
   76   76   77   80   81   81   79   77   76   77   78   81   82   82   82   82
   82   83   85   87   90   92   92   90   86   82   79   81   88  102  120  139
  158  176  193  207  219  245  263  271  271                                   
    35.0-180.0 180.0   5.0 450.0                            LAT/LON1/LON2/DLON/H
  266  275  280  280  287  289  295  299  302  305  307  309  309  305  296  285
  271  256  243  230  219  209  198  188  175  161  145  127  111   98   88   84
   82   83   86   89   90   89   86   82   79   79   80   82   83   84   83   82
   82   83   84   87   90   92   93   92   89   85   84   87   96  109  127  145
  162  179  194  206  216  241  258  267  266                                   
    32.5-180.0 180.0   5.0 450.0                            LAT/LON1/LON2/DLON/H
  266  275  280  279  285  285  291  293  297  300  305  309  311  308  302  292
  279  266  253  240  228  215  203  190  177  163  147  132  117  107  101   99
  100  102  105  107  107  104   99   93   88   86   86   87   88   88   86   84
   83   82   83   85   88   91   93   93   91   88   88   93  103  117  134  151
  166  183  197  209  216  240  256  266  266                                   
    30.0-180.0 180.0   5.0 450.0                            LAT/LON1/LON2/DLON/H
  281  294  300  296  302  297  301  299  301  302  306  309  312  310  305  297
  286  275  263  250  237  222  207  193  179  167  154  143  133  128  126  127
  130  132  133  133  130  125  118  110  103   99   98   98   98   96   93   89
   86   83   83   84   87   91   93   94   92   91   92   98  109  124  141  158
  173  190  205  217  223  247  264  273  281                                   
    27.5-180.0 180.0   5.0 450.0                            LAT/LON1/LON2/DLON/H
  315  334  345  337  343  335  334  326  322  318  317  316  316  312  306  299
  290  281  270  259  245  229  212  197  185  176  168  163  160  160  163  167
  170  170  168  163  157  149  139  130  121  116  114  112  111  109  104   99
   93   88   86   86   88   92   95   95   94   93   96  103  116  131  149  167
  183  202  218  232  240  265  284  291  315                                   
    25.0-180.0 180.0   5.0 450.0                            LAT/LON1/LON2/DLON/H
  367  394  411  401  408  398  392  377  365  353  343  335  327  317  307  298
  290  282  273  263  250  235  219  206  197  192  191  193  196  200  207  213
  214  211  202  191  180  168  158  148  139  134  131  129  128  125  119  112
  104   97   92   91   92   95   98   98   97   96   98  107  120  138  157  176
  194  216  235  254  265  293  316  320  367                                   
    22.5-180.0 180.0   5.0 450.0                            LAT/LON1/LON2/DLON/H
  430  463  486  477  488  479  471  449  429  407  387  367  348  329  311  297
  287  279  272  263  253  240  228  219  214  216  222  229  237  244  252  256
  254  244  228  210  194  181  169  160  153  148  146  145  145  142  136  128
  118  109  102   99   99  101  102  102  100   98  100  109  123  142  163  185
  206  232  255  278  294  325  354  358  430                                   
    20.0-180.0 180.0   5.0 450.0                            LAT/LON1/LON2/DLON/H
  492  531  557  554  571  566  558  533  509  478  447  414  381  349  321  299
  285  275  268  262  255  247  240  237  238  246  257  268  277  284  288  287
  279  262  240  217  198  183  173  166  162  159  159  159  160  158  153  144
  133  122  113  108  106  107  107  106  102   99  101  109  124  144  167  191
  216  247  274  301  322  357  391  398  492                                   
    17.5-180.0 180.0   5.0 450.0                            LAT/LON1/LON2/DLON/H
  542  585  613  616  641  643  641  618  592  557  517  472  425  379  339  308
  287  275  267  263  260  258  257  259  266  278  292  303  310  312  309  300
  285  264  238  213  193  180  172  168  166  166  167  169  171  171  166  157
  146  134  124  117  114  112  111  109  104   99   99  107  122  143  167  194
  222  257  288  318  343  381  420  432  542                                   
    15.0-180.0 180.0   5.0 450.0                            LAT/LON1/LON2/DLON/H
  570  615  645  654  686  696  702  686  665  631  587  534  476  418  367  327
  299  282  273  269  270  273  279  286  297  310  322  330  331  324  311  295
  276  252  227  204  187  176  171  170  171  172  174  176  178  178  174  165
  154  143  132  124  119  116  114  110  104   99   98  105  120  141  166  194
  224  260  294  326  354  395  438  454  570                                   
    12.5-180.0 180.0   5.0 450.0                            LAT/LON1/LON2/DLON/H
  574  617  648  660  697  715  730  724  713  686  646  591  528  463  404  356
  322  301  289  285  288  295  305  315  326  337  346  347  339  322  300  279
  257  236  216  198  186  179  176  177  179  180  181  181  181  180  175  167
  157  147  137  128  122  118  115  111  104   98   96  103  118  138  164  192
  222  259  294  325  355  397  441  461  574                                   
    10.0-180.0 180.0   5.0 450.0                            LAT/LON1/LON2/DLON/H
  555  593  624  635  673  697  719  726  729  713  682  634  574  509  447  396
  359  333  319  313  316  324  335  346  354  360  361  354  336  311  284  260
  241  226  214  204  197  194  193  194  194  192  189  185  182  177  171  163
  155  146  137  129  123  118  115  110  103   97   95  102  117  138  163  190
  219  254  289  319  350  393  435  457  555                                   
     7.5-180.0 180.0   5.0 450.0                            LAT/LON1/LON2/DLON/H
  522  552  579  587  621  646  674  692  708  707  689  654  604  548  492  444
  406  379  361  352  352  359  368  375  379  377  370  355  330  300  272  250
