data/edconvlstm_nd/pred0840.15i
     1.0            IONOSPHERE MAPS     GNSS                IONEX VERSION / TYPE
pyspatialgeodesy        IME             05-JAN-18 20:20     PGM / RUN BY / DATE 
Map Name                                                    COMMENT             
Predicted global ionosphere maps (GIM).                     DESCRIPTION         
  2015     3    25     0     0     0                        EPOCH OF FIRST MAP  
  2015     3    26     0     0     0                        EPOCH OF LAST MAP   
  7200                                                      INTERVAL            
    13                                                      # OF MAPS IN FILE   
  NONE                                                      MAPPING FUNCTION    
10.0                                                        ELEVATION CUTOFF    
One-way carrier phase leveled to code                       OBSERVABLES USED    
  6371.0                                                    BASE RADIUS         
 2                                                          MAP DIMENSION       
   450.0 450.0   0.0                                        HGT1 / HGT2 / DHGT  
    87.5 -87.5  -2.5                                        LAT1 / LAT2 / DLAT  
  -180.0 180.0   5.0                                        LON1 / LON2 / DLON  
    -1                                                      EXPONENT            
                                                            END OF HEADER       
[from data line 429]
     2                                                      START OF TEC MAP    
  2015     3    25     2     0     0                        EPOCH OF CURRENT MAP
    87.5-180.0 180.0   5.0 450.0                            LAT/LON1/LON2/DLON/H
  139  143  142  140  140  138  134  133  135  135  136  137  137  137  137  137
  136  136  135  133  132  130  128  127  125  123  122  120  119  118  117  117
  116  116  116  117  117  118  118  119  119  120  121  122  123  124  125  126
  127  128  129  129  130  130  131  131  131  131  131  131  130  129  128  128
  129  130  128  127  128  131  132  131  139                                   
    85.0-180.0 180.0   5.0 450.0                            LAT/LON1/LON2/DLON/H
  142  148  130  137  140  139  136  135  137  137  138  138  139  138  138  137
  136  135  133  130  128  125  122  119  116  112  110  107  105  103  102  101
  100  101  101  102  103  104  106  107  109  111  113  115  117  119  121  123
  125  127  129  131  132  134  135  135  136  136  136  136  136  135  134  134
  135  135  133  135  129  129  130  127  142                                   
    82.5-180.0 180.0   5.0 450.0                            LAT/LON1/LON2/DLON/H
  142  138  137  135  135  135  133  133  136  137  137  138  139  139  138  137
  135  133  130  126  122  118  113  108  103   98   94   90   87   85   83   82
   82   82   83   85   86   89   91   94   97  100  103  106  109  112  115  118
  121  124  127  130  132  134  136  138  139  140  140  140  140  139  138  138
  138  137  134  132  134  123  122  124  142                                   
    80.0-180.0 180.0   5.0 450.0                            LAT/LON1/LON2/DLON/H
  141  136  129  128  130  130  132  134  138  140  142  144  145  145  145  143
  140  137  132  127  121  114  107  100   93   87   81   76   72   69   67   66
   67   68   70   72   75   79   82   85   89   92   96   99  102  106  109  113
  116  120  124  128  131  134  137  139  141  143  144  144  144  143  143  143
  142  139  136  133  140  130  130  129  141                                   
    77.5-180.0 180.0   5.0 450.0                            LAT/LON1/LON2/DLON/H
  146  138  130  130  129  130  134  139  144  147  149  153  155  155  154  152
  148  143  137  130  123  115  107   99   91   83   76   71   66   63   62   62
   63   65   68   71   75   79   83   87   90   93   96   99  101  104  107  111
  114  118  123  127  132  136  140  143  146  148  149  150  151  151  151  152
  152  150  145  145  150  141  140  139  146                                   
    75.0-180.0 180.0   5.0 450.0                            LAT/LON1/LON2/DLON/H
  153  147  139  138  134  136  139  143  149  153  156  160  161  161  159  155
  150  143  136  128  120  112  104   96   87   80   73   67   62   59   58   58
   60   62   66   70   74   78   82   85   88   90   91   93   94   96   99  102
  106  111  116  122  127  133  138  142  145  148  150  152  153  154  155  157
  157  157  155  152  158  156  155  152  153                                   
    72.5-180.0 180.0   5.0 450.0                            LAT/LON1/LON2/DLON/H
  161  158  150  147  143  142  145  150  156  159  162  166  166  164  160  154
  147  139  131  124  117  110  103   96   89   82   75   69   65   62   61   61
   63   66   69   73   77   81   84   86   88   89   89   89   90   91   94   97
  102  108  114  121  128  135  141  146  150  152  154  155  156  157  158  161
  162  164  165  164  170  169  168  166  161                                   
    70.0-180.0 180.0   5.0 450.0                            LAT/LON1/LON2/DLON/H
  175  169  161  158  151  149  151  155  161  164  167  169  168  163  156  147
  137  129  121  115  110  105  101   96   91   85   79   73   69   66   64   64
   65   68   70   74   77   79   81   83   83   83   82   82   82   84   86   91
   96  103  111  120  129  136  143  149  153  155  157  157  157  158  159  162
  164  167  170  172  179  182  183  181  175                                   
    67.5-180.0 180.0   5.0 450.0                            LAT/LON1/LON2/DLON/H
  183  179  170  166  156  152  153  156  162  165  168  169  166  159  149  138
  127  117  111  106  104  102  101   98   94   89   84   78   73   69   67   65
   65   66   67   69   70   72   73   73   72   72   71   70   70   72   75   81
   88   96  106  116  127  136  144  150  154  157  158  158  157  157  157  159
  162  165  170  173  182  187  190  193  183                                   
    65.0-180.0 180.0   5.0 450.0                            LAT/LON1/LON2/DLON/H
  190  186  176  171  160  154  153  156  162  165  167  168  164  155  144  131
  119  110  104  102  102  103  103  102  100   95   90   84   78   73   70   67
   65   65   64   64   64   64   64   64   63   62   61   61   62   64   68   74
   83   93  104  116  128  139  148  155  160  163  164  164  162  160  160  161
  163  165  170  174  183  192  197  201  190                                   
    62.5-180.0 180.0   5.0 450.0                            LAT/LON1/LON2/DLON/H
  195  192  182  175  162  154  152  154  159  163  165  166  161  153  141  129
  117  109  104  103  105  107  108  108  105  100   94   88   82   77   72   69
   66   63   61   59   58   57   56   56   56   55   55   55   56   59   63   70
   80   92  105  118  131  144  154  162  169  172  174  174  172  169  168  167
  167  168  173  176  185  194  200  205  195                                   
    60.0-180.0 180.0   5.0 450.0                            LAT/LON1/LON2/DLON/H
  200  197  187  177  163  152  148  150  154  156  159  160  156  150  140  130
  121  114  110  109  111  112  113  111  107  102   95   89   84   79   75   71
   68   64   60   57   55   54   53   53   53   53   53   54   55   58   62   70
   80   92  106  121  136  150  162  172  179  184  187  187  186  184  181  180
  177  176  179  181  188  197  203  206  200                                   
    57.5-180.0 180.0   5.0 450.0                            LAT/LON1/LON2/DLON/H
  209  207  197  184  169  155  148  147  150  150  151  152  150  146  141  134
  128  123  120  119  118  118  116  112  107  101   95   90   86   82   79   76
   72   68   64   61   58   57   56   56   57   57   57   58   59   61   65   73
   83   96  111  127  143  159  172  184  193  200  204  205  205  203  201  199
  195  191  192  193  199  205  210  212  209                                   
    55.0-180.0 180.0   5.0 450.0                            LAT/LON1/LON2/DLON/H
  226  224  214  198  183  167  157  152  150  146  144  144  143  142  141  139
  136  133  130  127  124  121  117  112  106  101   96   92   90   88   86   84
   81   77   73   70   68   66   66   66   67   67   67   67   67   68   72   78
   89  102  118  135  153  170  185  198  209  217  222  225  226  225  224  222
  218  214  214  213  218  220  225  224  226                                   
    52.5-180.0 180.0   5.0 450.0                            LAT/LON1/LON2/DLON/H
  252  251  240  223  208  190  177  167  159  149  143  139  138  138  140  142
  142  140  136  131  126  121  116  112  107  103  100   98   97   97   96   95
   93   90   87   84   82   82   81   81   81   80   79   78   77   78   81   87
   97  110  127  145  164  183  200  215  227  236  242  245  247  248  248  247
  243  240  239  237  241  242  246  244  252                                   
    50.0-180.0 180.0   5.0 450.0                            LAT/LON1/LON2/DLON/H
  284  284  272  255  243  225  209  193  179  162  149  141  136  137  140  143
  144  142  137  131  125  121  118  115  113  111  110  109  110  110  109  108
  106  104  102  100  100   99   99   98   97   95   93   91   89   89   91   97
  107  122  139  159  179  199  218  233  246  255  261  265  267  269  270  271
  269  267  267  263  268  268  273  270  284                                   
    47.5-180.0 180.0   5.0 450.0                            LAT/LON1/LON2/DLON/H
  316  318  305  292  281  266  248  229  208  184  164  149  141  139  141  143
  143  140  133  128  124  122  122  123  124  125  125  125  125  123  121  119
  116  115  114  114  115  116  115  114  112  109  106  103  101  100  103  109
  120  135  154  175  196  217  236  252  264  272  278  281  284  286  288  290
  290  290  291  287  293  295  301  299  316                                   
    45.0-180.0 180.0   5.0 450.0                            LAT/LON1/LON2/DLON/H
  343  347  335  326  317  305  288  266  242  213  186  165  152  146  145  144
  141  136  129  125  124  127  131  136  140  143  143  142  138  133  128  123
  120  119  120  122  125  127  127  126  123  120  116  114  112  112  114  122
  134  150  170  192  214  235  254  269  280  287  291  294  297  300  302  305
  306  308  310  308  314  318  325  326  343                                   
    42.5-180.0 180.0   5.0 450.0                            LAT/LON1/LON2/DLON/H
  359  365  357  352  345  334  319  299  274  243  212  187  169  158  152  148
  141  133  127  125  129  136  145  152  158  160  159  154  145  136  127  120
  117  118  121  126  131  134  135  134  131  128  126  123  122  123  127  135
  148  165  185  207  229  249  267  281  290  296  300  304  307  311  315  318
  320  323  326  325  331  336  343  346  359                                   
    40.0-180.0 180.0   5.0 450.0                            LAT/LON1/LON2/DLON/H
  367  374  368  364  358  349  335  319  295  266  235  209  188  174  164  154
  144  136  131  132  139  150  160  169  173  172  167  157  145  132  121  115
  114  117  122  128  134  139  141  140  138  136  134  133  133  134  138  147
  160  177  196  218  238  258  275  287  296  302  306  312  318  324  329  334
  336  338  342  343  346  350  357  360  367                                   
    37.5-180.0 180.0   5.0 450.0                            LAT/LON1/LON2/DLON/H
  373  378  370  364  359  349  336  322  303  278  251  227  206  190  177  164
  153  144  141  145  155  167  176  181  180  176  167  154  140  128  119  116
  118  122  128  135  141  145  147  147  146  144  144  143  143  144  148  155
  167  183  201  221  241  259  275  288  298  305  312  321  332  342  351  357
  360  361  364  364  364  368  373  372  373                                   
    35.0-180.0 180.0   5.0 450.0                            LAT/LON1/LON2/DLON/H
  383  386  372  360  354  341  326  314  298  277  256  237  219  204  189  176
  165  158  158  164  175  184  188  186  180  171  162  150  139  131  127  128
  132  138  143  148  153  156  157  156  155  155  154  154  153  152  154  159
  169  183  200  218  237  255  271  286  297  308  319  334  351  369  383  393
  396  397  397  395  393  396  399  392  383                                   
    32.5-180.0 180.0   5.0 450.0                            LAT/LON1/LON2/DLON/H
  407  408  387  367  357  339  319  303  288  271  255  241  227  213  200  188
  179  175  178  186  194  197  193  184  174  166  159  153  148  146  148  154
  161  167  171  172  173  173  172  170  168  167  166  163  160  157  156  158
  165  177  193  211  229  247  265  281  295  310  326  348  374  401  424  440
  447  448  447  441  436  440  439  426  407                                   
    30.0-180.0 180.0   5.0 450.0                            LAT/LON1/LON2/DLON/H
  451  453  426  398  383  358  329  306  287  270  256  244  232  219  207  198
  192  193  198  204  207  202  191  178  169  166  166  169  172  177  187  198
  208  213  213  209  203  197  191  186  182  179  176  171  164  158  153  153
  158  169  184  202  221  240  259  278  295  312  333  361  395  432  465  491
  506  512  512  502  497  502  496  477  451                                   
    27.5-180.0 180.0   5.0 450.0                            LAT/LON1/LON2/DLON/H
  520  527  494  461  440  409  369  335  307  285  268  255  241  226  214  206
  203  206  210  213  209  199  185  175  173  178  188  200  213  227  244  261
  273  275  267  253  237  223  212  202  195  189  182  174  164  155  148  145
  150  161  176  195  216  237  259  280  301  321  345  377  416  459  502  537
  563  579  584  574  571  580  568  546  520                                   
    25.0-180.0 180.0   5.0 450.0                            LAT/LON1/LON2/DLON/H
  608  622  591  557  531  494  443  397  358  327  303  282  260  240  223  214
  212  213  214  211  202  191  182  182  190  207  228  250  273  297  321  341
  350  343  323  296  270  247  229  214  202  192  182  171  159  148  140  137
  142  154  172  194  217  242  268  294  318  341  367  400  440  487  533  576
  611  637  649  645  647  663  651  627  608                                   
    22.5-180.0 180.0   5.0 450.0                            LAT/LON1/LON2/DLON/H
  704  726  705  678  649  610  548  490  439  399  364  332  298  267  242  228
  221  218  213  204  195  189  191  203  225  255  287  319  350  379  404  420
  420  401  368  329  293  263  239  219  202  188  175  162  149  138  131  130
  138  153  174  199  227  257  288  319  348  374  400  432  471  516  563  608
  649  682  701  704  713  740  735  714  704                                   
    20.0-180.0 180.0   5.0 450.0                            LAT/LON1/LON2/DLON/H
  793  821  817  801  773  735  668  603  546  497  453  407  358  312  275  251
  237  226  215  203  196  200  215  242  279  321  361  396  426  452  471  477
  465  435  392  345  303  268  239  215  195  178  163  150  138  129  124  126
  137  156  181  210  243  278  316  353  387  415  441  471  506  547  591  634
  677  714  737  749  762  798  806  792  793                                   
    17.5-180.0 180.0   5.0 450.0                            LAT/LON1/LON2/DLON/H
  861  889  904  899  874  841  777  714  657  607  557  501  438  376  325  290
  266  247  230  218  216  230  259  301  349  395  433  460  480  494  501  495
  473  436  388  340  297  261  231  205  182  164  150  138  128  122  120  125
  140  162  192  225  262  303  346  389  426  457  483  510  541  577  615  655
  696  732  758  775  792  830  850  847  861                                   
    15.0-180.0 180.0   5.0 450.0                            LAT/LON1/LON2/DLON/H
  896  924  950  954  935  909  854  798  750  707  658  599  527  453  390  344
  311  285  265  254  258  282  324  376  426  463  484  492  493  492  486  472
  444  404  358  314  277  246  219  194  171  153  139  129  121  117  119  127
  145  171  204  241  282  326  373  420  460  493  519  544  572  603  637  671
  708  741  767  787  804  837  863  873  896                                   
    12.5-180.0 180.0   5.0 450.0                            LAT/LON1/LON2/DLON/H
  900  927  957  966  953  935  891  846  809  777  738  683  611  534  464  411
  371  342  322  314  325  358  407  458  495  508  501  484  467  453  440  421
  391  353  313  280  254  232  210  188  166  148  135  126  120  117  120  130
  150  179  214  254  298  345  394  442  484  517  544  570  597  626  656  687
  720  748  771  791  804  827  854  873  900                                   
    10.0-180.0 180.0   5.0 450.0                            LAT/LON1/LON2/DLON/H
  887  910  935  945  937  926  893  859  833  812  784  739  676  603  535  481
  442  414  398  396  414  451  497  531  538  517  481  445  418  401  385  364
  334  301  271  250  237  226  210  191  170  152  139  129  123  120  123  133
  153  183  220  262  307  354  404  453  494  528  556  584  613  644  674  704
  734  757  778  794  801  815  838  861  887                                   
     7.5-180.0 180.0   5.0 450.0                            LAT/LON1/LON2/DLON/H
  872  888  904  908  903  895  870  844  827  815  796  762  711  650  591  544
  511  491  483  490  513  545  572  573  542  491  437  396  369  353  338  318
