data/edconvlstm_nd/pred0580.15i
     1.0            IONOSPHERE MAPS     GNSS                IONEX VERSION / TYPE
pyspatialgeodesy        IME             05-JAN-18 20:20     PGM / RUN BY / DATE 
Map Name                                                    COMMENT             
Predicted global ionosphere maps (GIM).                     DESCRIPTION         
  2015     2    27     0     0     0                        EPOCH OF FIRST MAP  
  2015     2    28     0     0     0                        EPOCH OF LAST MAP   
  7200                                                      INTERVAL            
    13                                                      # OF MAPS IN FILE   
  NONE                                                      MAPPING FUNCTION    
10.0                                                        ELEVATION CUTOFF    
One-way carrier phase leveled to code                       OBSERVABLES USED    
  6371.0                                                    BASE RADIUS         
 2                                                          MAP DIMENSION       
   450.0 450.0   0.0                                        HGT1 / HGT2 / DHGT  
    87.5 -87.5  -2.5                                        LAT1 / LAT2 / DLAT  
  -180.0 180.0   5.0                                        LON1 / LON2 / DLON  
    -1                                                      EXPONENT            
                                                            END OF HEADER       
[from data line 2145]
     6                                                      START OF TEC MAP    
  2015     2    27    10     0     0                        EPOCH OF CURRENT MAP
    87.5-180.0 180.0   5.0 450.0                            LAT/LON1/LON2/DLON/H
   86   91   90   98  101  103  104  103  106  109  111  113  114  116  117  118
  119  119  120  120  120  120  120  120  120  120  120  120  120  120  120  120
  119  119  118  117  115  114  112  110  108  105  103  100   98   95   93   90
   88   85   83   81   78   77   75   73   72   71   70   70   70   70   70   71
   73   75   75   75   81   83   96   98   86                                   
    85.0-180.0 180.0   5.0 450.0                            LAT/LON1/LON2/DLON/H
   79   92   99   96   99  105  107  109  112  115  117  119  120  122  123  125
  126  127  127  128  129  129  130  130  131  131  132  133  133  134  134  134
  134  134  133  132  130  128  126  123  120  117  114  110  107  103  100   96
   93   89   86   83   80   77   75   73   71   70   69   68   68   68   69   70
   73   75   73   74   76   83   90   93   79                                   
    82.5-180.0 180.0   5.0 450.0                            LAT/LON1/LON2/DLON/H
   69   82   90   87   88   93   97   99  103  106  107  110  111  113  114  116
  117  118  119  120  121  122  123  124  126  127  129  131  133  135  137  139
  141  142  142  142  141  139  137  134  131  127  123  119  114  110  105  100
   96   91   87   82   78   74   71   67   64   62   60   58   58   57   57   58
   60   62   61   63   69   77   76   78   69                                   
    80.0-180.0 180.0   5.0 450.0                            LAT/LON1/LON2/DLON/H
   66   74   82   80   81   83   86   89   92   94   95   97   98   99  100  101
  101  103  104  105  106  107  108  109  111  114  117  120  124  128  133  137
  141  144  146  148  148  147  146  144  141  138  134  130  126  121  117  113
  108  103   98   93   88   83   78   74   69   65   62   59   57   56   55   55
   56   56   57   58   63   70   74   75   66                                   
    77.5-180.0 180.0   5.0 450.0                            LAT/LON1/LON2/DLON/H
   70   74   79   76   75   78   80   82   84   84   83   84   83   83   84   84
   85   86   87   88   89   90   91   93   95   98  101  106  112  118  125  133
  140  146  151  155  158  159  159  159  157  155  152  150  147  144  142  139
  136  132  128  123  118  112  106   99   93   88   82   78   74   70   68   66
   65   64   62   64   66   65   70   72   70                                   
    75.0-180.0 180.0   5.0 450.0                            LAT/LON1/LON2/DLON/H
   67   73   74   73   72   75   75   74   74   73   71   69   67   66   66   65
   66   67   68   69   71   72   73   75   77   80   84   90   97  105  115  125
  135  144  152  158  163  166  168  169  169  169  169  169  169  170  170  170
  169  168  165  161  155  149  141  133  125  117  110  103   97   92   87   83
   79   76   73   70   70   67   69   65   67                                   
    72.5-180.0 180.0   5.0 450.0                            LAT/LON1/LON2/DLON/H
   66   71   71   71   71   75   75   73   72   69   65   62   59   57   56   56
   56   57   59   61   62   63   64   66   67   70   74   80   88   97  108  120
  133  145  155  164  170  175  178  181  182  184  187  190  193  197  201  205
  207  207  206  203  197  190  181  171  160  150  140  131  123  115  108  102
   96   91   86   81   78   72   72   70   66                                   
    70.0-180.0 180.0   5.0 450.0                            LAT/LON1/LON2/DLON/H
   65   67   69   69   69   72   72   71   69   66   61   57   53   51   49   49
   50   51   54   56   58   59   61   62   63   65   69   74   82   92  104  117
  131  144  156  166  174  179  184  187  190  194  199  205  211  219  226  232
  237  240  239  236  229  220  209  197  184  171  159  148  137  128  119  111
  103   95   90   83   77   72   73   72   65                                   
    67.5-180.0 180.0   5.0 450.0                            LAT/LON1/LON2/DLON/H
   57   60   62   65   67   71   72   72   71   67   63   59   55   52   50   50
   51   53   56   59   61   63   64   65   66   67   69   73   80   89  101  115
  129  143  155  166  174  180  184  188  192  197  204  212  221  230  239  247
  253  256  256  252  244  233  220  206  191  177  163  151  139  128  118  109
  100   92   85   77   72   67   67   67   57                                   
    65.0-180.0 180.0   5.0 450.0                            LAT/LON1/LON2/DLON/H
   50   52   54   59   61   67   69   71   71   69   65   62   58   55   54   54
   55   57   60   63   67   69   70   71   71   72   73   76   82   90  102  115
  130  144  157  167  175  181  186  190  195  201  209  218  229  239  249  257
  263  265  264  258  249  236  221  205  189  174  159  146  134  122  111  101
   91   82   75   67   63   59   60   63   50                                   
    62.5-180.0 180.0   5.0 450.0                            LAT/LON1/LON2/DLON/H
   43   44   45   50   53   59   63   67   68   68   66   64   61   58   57   58
   59   62   65   68   71   73   75   75   75   75   75   78   83   90  101  115
  129  144  157  167  175  181  186  191  197  204  213  222  232  242  251  258
  262  263  260  253  243  229  213  196  180  165  151  139  126  114  101   90
   79   69   63   55   52   50   52   57   43                                   
    60.0-180.0 180.0   5.0 450.0                            LAT/LON1/LON2/DLON/H
   40   38   38   43   44   49   54   58   61   63   63   62   61   59   59   59
   61   63   65   68   70   72   73   74   74   74   74   77   81   89   99  113
  128  143  156  167  176  182  188  194  200  208  217  226  234  242  249  254
  256  256  252  244  233  219  204  189  174  161  150  138  126  113   99   86
   73   62   55   48   47   44   46   52   40                                   
    57.5-180.0 180.0   5.0 450.0                            LAT/LON1/LON2/DLON/H
   44   38   38   39   38   41   46   50   54   57   58   59   59   59   59   59
   60   62   63   64   65   67   68   69   69   70   71   74   79   87   98  112
  128  143  158  170  179  187  193  200  208  216  225  233  240  245  250  252
  253  251  246  239  229  217  204  192  180  171  162  152  141  127  112   96
   81   68   60   53   52   48   49   54   44                                   
    55.0-180.0 180.0   5.0 450.0                            LAT/LON1/LON2/DLON/H
   57   48   45   42   38   38   40   43   47   50   53   54   55   55   56   57
   58   58   58   58   58   59   59   60   62   64   66   69   75   84   96  111
  128  145  161  174  184  193  201  209  218  227  236  243  248  252  253  254
  253  251  247  241  233  224  214  205  198  191  185  178  168  154  137  119
  101   86   77   69   67   61   61   64   57                                   
    52.5-180.0 180.0   5.0 450.0                            LAT/LON1/LON2/DLON/H
   77   67   62   54   47   43   42   41   43   46   48   50   51   52   53   54
   55   55   54   53   52   51   52   53   55   58   61   66   73   83   96  113
  131  149  166  180  192  202  211  221  230  240  249  256  260  262  262  262
  261  259  256  252  247  240  233  227  222  218  215  209  200  186  168  148
  128  111  101   93   90   83   81   79   77                                   
    50.0-180.0 180.0   5.0 450.0                            LAT/LON1/LON2/DLON/H
   99   92   86   75   65   57   51   47   46   46   47   49   49   50   51   52
   53   53   53   51   49   48   48   48   51   54   59   65   74   85  100  117
  136  155  172  187  200  211  222  233  244  255  264  271  275  276  276  275
  274  273  272  270  266  261  256  251  247  243  240  234  225  211  193  172
  151  134  124  115  112  105  102   97   99                                   
    47.5-180.0 180.0   5.0 450.0                            LAT/LON1/LON2/DLON/H
  118  115  111  100   90   78   69   60   55   53   52   51   51   51   52   53
   54   55   55   53   51   49   48   49   51   55   61   68   78   90  106  123
  143  161  179  195  209  221  233  246  258  269  279  286  290  291  291  291
  291  291  290  288  285  281  276  269  263  257  251  245  235  221  203  183
  163  147  136  127  125  119  116  110  118                                   
    45.0-180.0 180.0   5.0 450.0                            LAT/LON1/LON2/DLON/H
  127  130  129  122  115  103   91   79   71   65   62   59   57   56   56   58
   59   61   61   60   58   55   54   54   56   60   66   75   85   98  113  131
  149  167  185  201  216  230  244  257  270  282  292  300  304  305  305  305
  305  305  304  302  298  293  285  276  265  255  246  237  226  212  195  177
  158  144  133  126  124  119  118  113  127                                   
    42.5-180.0 180.0   5.0 450.0                            LAT/LON1/LON2/DLON/H
  122  130  134  133  132  123  111   98   88   81   75   71   68   66   65   66
   68   69   70   70   68   65   62   61   63   67   74   83   94  107  121  137
  154  172  189  206  222  238  254  268  282  294  304  311  315  317  317  316
  316  314  311  307  301  293  283  270  255  240  226  214  203  190  174  158
  142  130  120  113  111  107  107  105  122                                   
    40.0-180.0 180.0   5.0 450.0                            LAT/LON1/LON2/DLON/H
  105  116  124  130  135  131  123  113  103   96   90   85   81   79   77   77
   79   80   82   81   79   75   71   69   70   75   82   91  103  115  129  144
  159  175  192  210  228  246  264  280  294  307  317  324  327  328  327  325
  323  320  315  308  300  291  278  263  244  224  207  192  180  167  153  139
  125  114  105   97   93   88   88   89  105                                   
    37.5-180.0 180.0   5.0 450.0                            LAT/LON1/LON2/DLON/H
   84   95  105  114  124  125  122  117  111  105  101   97   94   92   90   90
   91   92   93   92   89   84   79   76   76   81   89  100  111  124  137  150
  164  179  197  216  236  257  276  294  310  323  333  340  343  343  340  337
  334  329  322  314  306  297  285  268  248  226  206  189  176  164  151  137
  124  113  102   91   83   74   71   74   84                                   
    35.0-180.0 180.0   5.0 450.0                            LAT/LON1/LON2/DLON/H
   68   76   84   93  103  108  111  110  109  107  106  106  105  103  102  102
  102  102  102  101   97   90   84   80   81   86   96  108  120  133  145  157
  170  186  204  225  248  271  293  312  330  345  356  364  366  365  362  358
  353  348  342  336  329  323  314  299  280  259  239  223  211  198  184  169
  153  139  125  109   94   77   69   70   68                                   
    32.5-180.0 180.0   5.0 450.0                            LAT/LON1/LON2/DLON/H
   65   66   69   74   81   87   94   97  101  103  106  109  111  112  112  111
  111  111  110  107  102   94   87   83   85   92  103  116  129  142  154  166
  179  195  215  239  264  290  314  336  356  373  387  396  400  398  394  390
  386  383  379  376  374  372  368  359  345  327  311  299  288  276  259  240
  219  201  181  159  136  108   92   85   65                                   
    30.0-180.0 180.0   5.0 450.0                            LAT/LON1/LON2/DLON/H
   83   73   69   65   67   71   79   83   89   95  101  107  112  116  117  118
  117  116  115  111  105   97   91   88   90   98  110  124  139  152  164  177
  192  210  233  259  287  314  341  365  388  407  424  436  441  440  437  434
  432  432  432  434  437  442  446  444  436  426  416  410  403  391  372  347
  319  294  268  241  210  172  145  125   83                                   
    27.5-180.0 180.0   5.0 450.0                            LAT/LON1/LON2/DLON/H
  123  102   87   71   65   64   71   75   81   88   96  104  111  116  119  120
  120  119  117  113  108  101   96   94   97  106  118  134  149  164  178  193
  210  231  257  285  314  343  371  397  421  445  465  480  488  490  488  487
  489  492  497  504  514  526  537  543  544  542  541  542  541  530  508  476
  440  407  374  342  307  261  224  188  123                                   
    25.0-180.0 180.0   5.0 450.0                            LAT/LON1/LON2/DLON/H
  182  154  125   95   79   72   74   75   79   86   93  101  108  114  118  120
  121  120  118  115  111  106  103  102  106  114  128  144  162  179  195  213
  233  257  285  315  345  375  403  429  455  481  505  523  535  540  542  544
  549  557  568  581  597  615  633  645  653  659  667  675  678  668  643  604
  560  521  482  447  409  360  316  270  182                                   
    22.5-180.0 180.0   5.0 450.0                            LAT/LON1/LON2/DLON/H
  250  218  178  136  110   95   89   86   85   89   95  101  107  113  117  119
  120  120  119  117  115  112  111  111  115  123  138  156  176  195  215  235
  258  285  315  346  377  406  432  458  485  512  538  560  576  586  592  599
  609  623  638  656  675  696  716  732  744  755  767  780  784  773  744  700
  650  608  568  533  498  450  405  356  250                                   
    20.0-180.0 180.0   5.0 450.0                            LAT/LON1/LON2/DLON/H
  312  281  237  189  154  133  117  108  100  100  101  104  108  112  115  118
  119  120  120  119  119  118  118  119  123  132  147  167  189  212  233  256
  282  312  344  375  405  432  457  483  509  536  564  588  608  623  635  648
  664  682  700  717  735  753  769  783  795  807  821  833  836  823  791  743
  692  651  613  581  551  511  475  432  312                                   
    17.5-180.0 180.0   5.0 450.0                            LAT/LON1/LON2/DLON/H
  358  331  290  245  206  180  156  139  125  117  113  112  111  113  115  117
  119  120  121  121  122  123  123  125  130  139  155  176  201  226  250  276
  305  336  368  398  426  452  476  501  527  554  582  609  633  653  670  688
  707  726  742  755  765  775  784  793  802  811  823  832  831  814  780  732
  681  643  611  583  560  531  509  479  358                                   
    15.0-180.0 180.0   5.0 450.0                            LAT/LON1/LON2/DLON/H
  384  365  332  297  256  229  199  177  156  142  131  123  118  116  116  118
  119  121  122  122  123  124  126  128  133  143  159  182  209  237  264  292
  321  352  383  411  438  463  488  514  541  568  597  625  651  674  695  716
  735  750  760  764  764  765  766  769  773  779  785  788  782  759  723  674
  625  591  565  543  528  512  504  486  384                                   
    12.5-180.0 180.0   5.0 450.0                            LAT/LON1/LON2/DLON/H
  394  387  365  341  303  275  242  215  189  170  154  140  128  122  119  120
  120  121  122  122  123  124  126  128  133  143  161  187  216  246  274  303
  332  361  390  416  441  467  494  522  551  580  609  637  663  688  710  729
  744  753  755  750  743  736  732  730  730  731  731  726  711  681  640  591
  544  513  492  477  471  467  468  459  394                                   
    10.0-180.0 180.0   5.0 450.0                            LAT/LON1/LON2/DLON/H
  394  397  387  375  345  316  281  251  222  199  178  159  142  130  125  123
  123  122  122  122  123  123  124  126  131  143  163  191  222  253  282  309
  337  364  390  414  439  465  495  526  558  590  619  646  672  695  715  731
  741  744  739  730  719  710  704  700  696  691  683  670  645  607  561  509
  464  436  419  409  410  415  420  413  394                                   
     7.5-180.0 180.0   5.0 450.0                            LAT/LON1/LON2/DLON/H
  387  398  399  397  378  349  313  280  249  223  199  177  156  141  133  128
  126  125  124  124  123  122  121  122  128  143  166  197  229  260  288  314
