data/edconvlstm_nd/pred0300.15i
     1.0            IONOSPHERE MAPS     GNSS                IONEX VERSION / TYPE
pyspatialgeodesy        IME             05-JAN-18 20:20     PGM / RUN BY / DATE 
Map Name                                                    COMMENT             
Predicted global ionosphere maps (GIM).                     DESCRIPTION         
  2015     1    30     0     0     0                        EPOCH OF FIRST MAP  
  2015     1    31     0     0     0                        EPOCH OF LAST MAP   
  7200                                                      INTERVAL            
    13                                                      # OF MAPS IN FILE   
  NONE                                                      MAPPING FUNCTION    
10.0                                                        ELEVATION CUTOFF    
One-way carrier phase leveled to code                       OBSERVABLES USED    
  6371.0                                                    BASE RADIUS         
 2                                                          MAP DIMENSION       
   450.0 450.0   0.0                                        HGT1 / HGT2 / DHGT  
    87.5 -87.5  -2.5                                        LAT1 / LAT2 / DLAT  
  -180.0 180.0   5.0                                        LON1 / LON2 / DLON  
    -1                                                      EXPONENT            
                                                            END OF HEADER       
[from data line 429]
     2                                                      START OF TEC MAP    
  2015     1    30     2     0     0                        EPOCH OF CURRENT MAP
    87.5-180.0 180.0   5.0 450.0                            LAT/LON1/LON2/DLON/H
   77   81   76   78   76   77   73   71   72   73   73   73   74   73   73   73
   72   71   70   70   69   68   67   66   66   65   64   64   63   63   63   63
   63   63   63   63   63   64   64   65   65   66   67   68   68   69   70   71
   72   73   74   74   75   75   76   76   76   76   76   75   75   74   74   74
   75   74   72   70   70   81   84   73   77                                   
    85.0-180.0 180.0   5.0 450.0                            LAT/LON1/LON2/DLON/H
   75   86   74   81   82   82   80   79   80   80   80   80   79   79   78   77
   75   73   71   69   67   65   63   61   59   57   56   55   54   53   53   53
   53   54   54   55   56   58   59   61   62   64   66   67   69   71   72   74
   75   77   78   79   80   81   81   82   82   83   83   83   83   83   83   84
   85   85   82   83   84   85   92   80   75                                   
    82.5-180.0 180.0   5.0 450.0                            LAT/LON1/LON2/DLON/H
   76   78   95   91   88   90   88   88   90   90   90   91   90   90   89   87
   84   82   79   75   72   68   64   61   58   55   53   51   49   48   48   48
   48   49   51   52   54   56   59   61   64   67   69   72   75   77   79   81
   83   85   86   87   88   89   90   91   91   92   92   93   93   93   94   95
   95   94   91   88   97   86   88   88   76                                   
    80.0-180.0 180.0   5.0 450.0                            LAT/LON1/LON2/DLON/H
   99   97  101   95   96   93   95   95   97   98   97   98   98   97   96   94
   91   88   84   80   75   71   67   63   59   56   54   52   51   50   51   51
   52   54   56   58   60   63   66   69   72   75   78   81   83   85   87   89
   91   92   93   94   95   96   96   97   98   99  100  101  102  103  104  106
  107  105  104  103  117  108  108  105   99                                   
    77.5-180.0 180.0   5.0 450.0                            LAT/LON1/LON2/DLON/H
  117  115  110  107  101  101  104  105  107  107  107  108  107  107  105  103
  100   96   92   88   83   79   74   71   67   65   63   62   61   61   62   64
   66   68   71   73   76   79   83   86   89   91   94   96   98  100  102  103
  103  104  104  104  104  104  105  106  107  109  110  112  114  116  118  121
  122  123  120  122  130  122  121  117  117                                   
    75.0-180.0 180.0   5.0 450.0                            LAT/LON1/LON2/DLON/H
  130  127  122  120  111  110  110  111  112  111  110  110  109  108  105  103
   99   96   92   88   84   81   78   75   73   72   71   71   71   73   74   76
   79   81   84   87   89   91   93   96   98   99  101  103  104  104  105  105
  104  104  103  102  101  102  102  104  106  109  112  116  120  123  127  130
  132  133  134  131  140  138  136  134  130                                   
    72.5-180.0 180.0   5.0 450.0                            LAT/LON1/LON2/DLON/H
  145  142  138  134  127  123  123  123  124  122  119  118  115  111  108  103
   99   96   92   89   87   85   84   83   83   83   84   85   86   87   89   92
   94   96   98  100  102  103  103  104  105  105  106  106  107  107  106  105
  103  102  100   99   99   99  101  104  108  113  118  124  129  134  140  145
  147  149  152  150  157  153  153  151  145                                   
    70.0-180.0 180.0   5.0 450.0                            LAT/LON1/LON2/DLON/H
  169  163  158  154  146  141  140  138  138  134  130  126  120  114  108  102
   97   93   90   88   88   88   89   90   91   93   94   95   97   98  100  101
  103  104  105  106  106  105  105  104  103  103  103  102  102  102  100   99
   97   96   94   93   94   96   99  104  110  118  126  134  141  148  154  160
  163  165  168  168  174  173  175  170  169                                   
    67.5-180.0 180.0   5.0 450.0                            LAT/LON1/LON2/DLON/H
  185  181  174  170  162  156  154  152  150  145  139  132  123  113  104   96
   90   85   83   82   83   85   87   89   91   93   94   95   95   95   96   97
   97   97   97   96   95   93   91   89   88   87   86   86   86   85   84   83
   81   80   80   80   82   86   92  100  109  119  130  140  149  157  163  169
  172  173  177  177  184  184  186  184  185                                   
    65.0-180.0 180.0   5.0 450.0                            LAT/LON1/LON2/DLON/H
  198  196  188  184  177  172  169  167  166  160  152  142  130  117  105   95
   87   82   80   79   81   83   85   88   89   90   90   89   88   87   86   85
   84   83   82   80   78   75   73   71   69   69   68   68   69   68   68   67
   66   66   67   69   73   79   88   99  111  124  138  150  160  169  175  180
  181  181  183  183  190  191  195  194  198                                   
    62.5-180.0 180.0   5.0 450.0                            LAT/LON1/LON2/DLON/H
  206  207  200  196  191  186  183  183  182  176  167  155  141  125  110   98
   89   84   81   80   81   82   84   85   85   85   83   81   78   75   73   71
   70   68   66   64   61   59   56   55   54   54   54   55   55   56   56   55
   55   55   57   61   67   76   88  102  117  133  148  162  173  181  187  190
  190  188  189  187  192  194  199  199  206                                   
    60.0-180.0 180.0   5.0 450.0                            LAT/LON1/LON2/DLON/H
  209  213  206  201  197  192  191  191  192  186  177  165  149  132  116  104
   94   88   84   81   81   80   80   79   78   75   72   69   65   62   59   57
   56   54   52   50   48   45   44   43   42   43   44   46   47   47   47   47
   47   49   52   57   65   77   91  107  124  142  158  172  183  191  196  199
  197  193  192  189  192  193  199  200  209                                   
    57.5-180.0 180.0   5.0 450.0                            LAT/LON1/LON2/DLON/H
  212  217  211  204  201  196  194  195  197  192  183  171  155  139  123  111
  102   95   89   84   81   77   75   72   69   66   62   59   55   52   50   48
   47   45   44   43   41   39   38   38   38   40   42   44   45   45   46   46
   46   48   52   59   69   82   98  116  134  152  168  181  192  200  204  207
  205  201  199  195  197  196  201  201  212                                   
    55.0-180.0 180.0   5.0 450.0                            LAT/LON1/LON2/DLON/H
  217  222  216  207  203  197  195  196  197  192  183  172  157  142  128  118
  109  101   94   87   80   74   69   64   61   58   55   52   50   47   45   44
   43   43   43   42   41   40   40   40   41   43   45   47   49   49   49   49
   50   53   58   66   77   92  109  127  145  162  177  189  199  206  212  216
  215  212  211  206  207  203  207  207  217                                   
    52.5-180.0 180.0   5.0 450.0                            LAT/LON1/LON2/DLON/H
  228  232  225  214  209  201  198  197  196  190  180  168  155  142  131  122
  114  106   97   87   78   70   64   60   56   54   52   51   49   48   47   46
   46   47   48   49   49   48   48   48   49   51   54   56   57   58   58   58
   60   63   69   78   91  106  124  142  158  173  185  195  204  212  219  225
  227  226  226  222  222  215  219  218  228                                   
    50.0-180.0 180.0   5.0 450.0                            LAT/LON1/LON2/DLON/H
  244  246  237  226  220  211  205  201  197  188  177  164  152  140  131  124
  117  108   98   87   77   69   63   60   58   56   56   55   55   54   53   53
   54   55   57   59   60   60   60   60   61   63   65   67   69   70   70   71
   73   77   84   94  108  124  141  158  172  183  193  201  209  217  226  235
  240  243  245  241  241  233  235  234  244                                   
    47.5-180.0 180.0   5.0 450.0                            LAT/LON1/LON2/DLON/H
  262  263  252  243  236  225  218  210  202  190  177  163  150  140  131  124
  116  107   96   86   77   71   68   66   65   65   65   65   64   63   62   61
   62   64   67   70   72   73   73   72   73   75   77   79   81   83   84   86
   89   93  101  112  127  143  159  174  185  194  200  206  212  220  231  243
  252  259  263  260  260  252  254  252  262                                   
    45.0-180.0 180.0   5.0 450.0                            LAT/LON1/LON2/DLON/H
  278  278  267  261  254  243  234  224  213  198  182  168  154  142  133  125
  116  106   96   87   82   79   78   78   78   78   78   76   74   71   68   66
   67   69   74   78   81   82   82   82   82   84   87   90   93   95   98  100
  103  108  117  129  143  160  175  188  198  203  207  210  215  223  235  249
  261  271  278  277  277  269  270  269  278                                   
    42.5-180.0 180.0   5.0 450.0                            LAT/LON1/LON2/DLON/H
  287  288  278  277  271  260  251  239  226  210  193  178  163  151  139  129
  118  107   99   94   92   93   95   97   97   95   91   87   82   76   71   67
   67   70   75   80   85   86   87   87   88   90   94   98  102  105  108  111
  114  120  128  141  156  173  188  200  208  212  213  215  219  227  238  253
  267  279  288  288  288  281  281  280  287                                   
    40.0-180.0 180.0   5.0 450.0                            LAT/LON1/LON2/DLON/H
  289  289  282  283  280  272  262  252  239  222  206  191  177  164  150  137
  125  115  109  108  110  114  118  118  116  110  103   94   86   77   70   65
   64   68   74   80   85   87   88   89   91   94   99  104  108  112  115  118
  121  126  134  148  164  182  198  210  217  220  221  222  225  232  244  259
  272  284  293  295  295  288  288  285  289                                   
    37.5-180.0 180.0   5.0 450.0                            LAT/LON1/LON2/DLON/H
  285  284  278  279  281  274  266  257  246  231  217  205  192  179  165  151
  138  130  126  128  133  138  141  138  131  121  110   98   88   79   71   66
   65   69   76   83   88   90   90   91   93   98  103  108  113  116  118  120
  122  126  136  150  169  189  207  219  227  230  231  232  235  242  253  268
  281  291  300  302  301  295  295  289  285                                   
    35.0-180.0 180.0   5.0 450.0                            LAT/LON1/LON2/DLON/H
  281  277  271  270  274  269  261  254  246  234  223  214  204  193  179  166
  155  148  148  152  157  160  159  152  140  127  114  102   93   84   77   73
   73   78   85   91   95   96   96   96   98  103  108  113  116  118  118  118
  119  123  134  151  173  196  215  230  238  242  244  245  250  258  269  284
  296  305  314  315  315  310  310  300  281                                   
    32.5-180.0 180.0   5.0 450.0                            LAT/LON1/LON2/DLON/H
  284  279  269  263  267  262  254  248  240  231  222  217  210  201  190  179
  171  167  169  173  176  175  169  158  144  131  119  111  104   99   94   91
   92   97  103  109  111  109  106  105  106  110  114  117  119  118  117  115
  114  119  131  151  176  202  225  241  251  256  259  262  268  278  292  307
  320  330  340  340  340  338  337  323  284                                   
    30.0-180.0 180.0   5.0 450.0                            LAT/LON1/LON2/DLON/H
  302  296  281  268  268  261  252  244  236  226  219  215  210  203  195  187
  182  182  184  187  186  180  169  157  145  136  130  127  126  124  122  121
  123  127  133  136  134  128  122  118  118  120  122  122  121  118  114  111
  110  115  129  152  182  211  237  255  267  273  278  283  291  304  320  339
  355  367  378  377  380  379  377  361  302                                   
    27.5-180.0 180.0   5.0 450.0                            LAT/LON1/LON2/DLON/H
  340  332  310  290  284  274  263  252  240  228  218  212  207  201  194  189
  187  187  189  189  184  174  162  153  147  147  150  155  160  163  164  165
  168  171  174  172  165  153  142  134  131  130  130  128  123  118  112  108
  107  114  131  158  191  223  251  272  286  295  301  308  318  334  355  378
  399  415  428  427  433  432  428  412  340                                   
    25.0-180.0 180.0   5.0 450.0                            LAT/LON1/LON2/DLON/H
  397  387  358  332  318  306  292  275  259  241  226  215  206  198  191  185
  183  184  183  179  170  160  152  151  156  168  181  195  206  214  219  221
  222  222  218  210  197  179  163  151  144  140  136  131  125  117  111  107
  108  118  138  168  204  239  269  293  310  322  330  338  351  369  395  423
  450  472  488  488  495  496  490  477  397                                   
    22.5-180.0 180.0   5.0 450.0                            LAT/LON1/LON2/DLON/H
  470  459  426  396  374  358  340  317  294  270  248  231  215  201  190  182
  177  173  169  161  152  146  147  157  176  200  223  244  261  272  277  277
  273  267  258  244  224  202  180  164  153  146  140  132  124  116  110  107
  111  125  149  182  219  256  289  315  336  352  363  373  387  408  438  472
  504  532  551  553  561  564  560  552  470                                   
    20.0-180.0 180.0   5.0 450.0                            LAT/LON1/LON2/DLON/H
  550  541  511  478  450  431  408  379  348  316  287  261  238  217  199  185
  174  165  156  147  142  143  156  179  210  243  272  296  312  320  321  316
  307  297  284  266  242  215  190  170  156  146  138  129  121  114  110  109
  116  133  160  195  234  271  306  336  362  382  397  409  425  449  482  519
  556  588  609  617  623  630  633  630  550                                   
    17.5-180.0 180.0   5.0 450.0                            LAT/LON1/LON2/DLON/H
  623  621  598  568  535  516  491  456  419  380  342  308  277  249  223  201
  183  168  156  149  150  161  185  219  257  293  321  339  347  348  342  332
  321  308  293  271  244  215  189  168  153  142  133  124  117  112  110  112
  122  141  171  207  245  283  319  353  383  408  428  444  462  488  522  561
  599  632  656  668  672  683  694  698  623                                   
    15.0-180.0 180.0   5.0 450.0                            LAT/LON1/LON2/DLON/H
  680  684  670  647  616  600  574  538  497  453  409  369  332  297  265  236
  211  191  178  175  184  206  238  276  313  342  359  364  359  349  337  324
  311  297  279  256  231  204  180  161  147  137  128  120  114  111  110  115
  127  149  179  215  253  290  327  364  399  429  452  473  494  522  556  593
  630  661  685  701  703  713  731  742  680                                   
    12.5-180.0 180.0   5.0 450.0                            LAT/LON1/LON2/DLON/H
  716  725  718  703  679  667  645  612  571  526  481  438  398  359  322  288
  259  237  227  230  247  275  310  344  369  382  380  368  349  329  312  297
  282  266  248  229  209  188  171  156  145  136  127  120  114  112  112  118
  131  154  185  220  256  293  332  372  409  442  470  494  518  547  580  613
  646  672  694  711  712  720  742  760  716                                   
    10.0-180.0 180.0   5.0 450.0                            LAT/LON1/LON2/DLON/H
  733  745  743  733  718  711  693  666  630  589  546  506  467  428  390  354
  325  306  300  309  331  361  390  409  414  404  381  352  321  295  275  260
  245  230  216  202  190  178  167  158  150  142  133  124  118  115  115  121
  135  158  188  222  257  294  334  376  415  450  480  506  533  563  594  623
  650  671  689  705  704  710  732  755  733                                   
     7.5-180.0 180.0   5.0 450.0                            LAT/LON1/LON2/DLON/H
  736  749  748  741  733  731  718  696  668  633  597  563  529  494  460  427
  402  387  387  402  426  450  463  459  437  403  363  322  286  260  241  228
