data/edconvlstm_nd/pred2160.15i
     1.0            IONOSPHERE MAPS     GNSS                IONEX VERSION / TYPE
pyspatialgeodesy        IME             05-JAN-18 20:20     PGM / RUN BY / DATE 
Map Name                                                    COMMENT             
Predicted global ionosphere maps (GIM).                     DESCRIPTION         
  2015     8     4     0     0     0                        EPOCH OF FIRST MAP  
  2015     8     5     0     0     0                        EPOCH OF LAST MAP   
  7200                                                      INTERVAL            
    13                                                      # OF MAPS IN FILE   
  NONE                                                      MAPPING FUNCTION    
10.0                                                        ELEVATION CUTOFF    
One-way carrier phase leveled to code                       OBSERVABLES USED    
  6371.0                                                    BASE RADIUS         
 2                                                          MAP DIMENSION       
   450.0 450.0   0.0                                        HGT1 / HGT2 / DHGT  
    87.5 -87.5  -2.5                                        LAT1 / LAT2 / DLAT  
  -180.0 180.0   5.0                                        LON1 / LON2 / DLON  
    -1                                                      EXPONENT            
                                                            END OF HEADER       
     1                                                      START OF TEC MAP    
  2015     8     4     0     0     0                        EPOCH OF CURRENT MAP
    87.5-180.0 180.0   5.0 450.0                            LAT/LON1/LON2/DLON/H
  134  137  144  135  133  133  130  129  129  128  128  128  128  128  127  127
  126  126  125  124  123  123  122  121  120  119  118  117  116  115  115  114
  114  113  113  113  113  113  114  114  114  115  116  116  117  117  118  118
  119  119  120  120  120  120  121  121  121  121  121  122  122  122  122  123
  124  125  125  125  123  124  131  136  134                                   
    85.0-180.0 180.0   5.0 450.0                            LAT/LON1/LON2/DLON/H
  145  144  129  133  137  138  135  134  134  133  133  132  132  131  130  130
  129  128  127  126  125  124  122  121  120  118  117  116  115  113  113  112
  112  111  111  111  112  112  113  114  114  115  116  116  117  117  118  118
  119  119  119  120  120  120  120  120  121  121  121  122  122  123  123  124
  126  127  129  131  127  134  139  143  145                                   
    82.5-180.0 180.0   5.0 450.0                            LAT/LON1/LON2/DLON/H
  145  138  145  142  144  145  143  142  144  142  142  141  141  140  139  138
  137  136  134  133  131  130  128  126  124  122  120  118  116  114  113  112
  112  112  112  113  113  114  115  116  117  118  119  120  120  121  121  121
  122  122  122  122  122  122  123  123  123  124  124  125  126  126  128  129
  130  132  133  133  134  125  132  136  145                                   
    80.0-180.0 180.0   5.0 450.0                            LAT/LON1/LON2/DLON/H
  153  147  145  143  146  148  151  151  153  151  151  150  149  148  147  145
  144  142  140  139  137  135  132  129  126  123  120  117  115  113  111  111
  110  111  112  113  115  116  118  119  121  122  123  124  124  125  125  126
  126  126  126  127  127  127  127  127  127  127  128  129  130  130  132  134
  134  135  136  136  147  138  146  154  153                                   
    77.5-180.0 180.0   5.0 450.0                            LAT/LON1/LON2/DLON/H
  164  155  151  155  151  153  158  161  162  161  160  160  159  157  155  153
  152  150  148  146  144  142  139  136  132  128  124  121  117  115  114  113
  113  115  116  119  121  123  125  127  128  129  130  131  131  132  132  133
  133  134  134  134  134  134  134  134  134  134  135  136  136  137  139  141
  142  144  144  145  153  154  156  167  164                                   
    75.0-180.0 180.0   5.0 450.0                            LAT/LON1/LON2/DLON/H
  170  158  155  160  156  158  161  163  166  165  165  164  163  161  158  156
  154  152  150  149  147  145  142  139  134  130  125  121  117  114  113  113
  114  116  119  122  125  127  129  131  131  132  132  132  132  133  133  134
  135  136  137  137  138  138  138  137  137  138  138  139  139  141  142  144
  145  148  150  145  152  159  159  169  170                                   
    72.5-180.0 180.0   5.0 450.0                            LAT/LON1/LON2/DLON/H
  161  156  156  158  154  155  159  162  166  166  166  166  164  161  158  155
  152  150  149  148  147  145  143  139  135  129  124  119  115  112  111  111
  113  116  119  122  125  127  129  129  128  128  127  127  127  127  128  130
  132  133  135  136  137  137  137  137  137  137  137  138  139  141  143  145
  146  149  152  149  150  155  159  172  161                                   
    70.0-180.0 180.0   5.0 450.0                            LAT/LON1/LON2/DLON/H
  160  152  152  156  153  154  158  162  167  167  168  168  166  162  158  154
  151  149  147  147  147  146  144  140  135  130  124  118  114  111  110  111
  113  116  119  122  125  126  125  124  122  120  119  118  118  119  121  123
  126  129  131  133  135  136  136  137  137  138  138  139  141  142  145  148
  149  151  155  153  154  157  159  171  160                                   
    67.5-180.0 180.0   5.0 450.0                            LAT/LON1/LON2/DLON/H
  160  153  151  154  150  151  154  159  164  166  167  167  164  160  155  151
  147  145  144  144  144  144  142  139  134  128  121  116  111  108  108  108
  110  113  115  117  118  117  115  112  108  105  103  102  103  105  108  112
  116  120  123  126  128  130  131  132  133  135  136  138  140  142  144  147
  149  151  155  152  154  157  158  171  160                                   
    65.0-180.0 180.0   5.0 450.0                            LAT/LON1/LON2/DLON/H
  161  153  151  153  149  148  151  156  162  164  166  166  163  159  154  149
  145  143  142  142  143  143  142  139  134  128  121  116  112  109  108  108
  109  110  111  111  110  107  103   98   94   90   88   88   89   92   96  101
  106  110  114  118  121  123  125  128  130  132  135  138  140  143  146  149
  150  152  156  154  157  160  161  174  161                                   
    62.5-180.0 180.0   5.0 450.0                            LAT/LON1/LON2/DLON/H
  166  157  156  156  150  148  150  154  160  162  164  165  163  159  154  149
  145  143  142  143  144  144  143  140  136  130  124  119  116  113  112  111
  110  109  108  105  102   97   92   86   81   78   76   77   79   83   88   93
   98  102  106  110  114  117  120  124  127  131  136  140  143  147  150  153
  154  156  159  157  160  164  166  178  166                                   
    60.0-180.0 180.0   5.0 450.0                            LAT/LON1/LON2/DLON/H
  172  164  163  161  154  150  151  154  159  160  162  162  161  157  153  149
  145  143  143  144  145  146  145  142  138  133  129  125  122  120  118  115
  112  109  104  100   94   88   83   77   73   70   69   71   74   78   83   88
   92   96  100  103  107  111  116  121  126  132  138  144  148  152  156  158
  159  161  164  161  165  169  172  184  172                                   
    57.5-180.0 180.0   5.0 450.0                            LAT/LON1/LON2/DLON/H
  179  173  173  170  161  156  156  156  159  159  159  159  158  155  152  149
  146  145  145  146  147  148  147  145  141  138  134  132  130  128  125  121
  116  109  102   96   89   83   78   73   70   68   69   71   75   79   84   87
   90   92   95   98  103  108  114  120  128  135  143  150  155  160  163  166
  166  167  170  167  170  175  179  191  179                                   
    55.0-180.0 180.0   5.0 450.0                            LAT/LON1/LON2/DLON/H
  188  183  184  180  171  165  163  162  162  159  158  156  155  152  150  148
  146  146  146  147  149  150  149  148  145  143  141  140  139  137  134  128
  120  111  102   94   88   83   79   75   73   73   75   78   82   86   88   90
   91   92   93   97  101  108  115  123  132  141  149  157  164  168  171  173
  173  174  176  173  176  181  185  198  188                                   
    52.5-180.0 180.0   5.0 450.0                            LAT/LON1/LON2/DLON/H
  195  193  194  191  182  176  174  170  168  162  158  155  152  150  148  147
  147  147  148  149  151  152  153  152  150  148  148  148  148  146  142  134
  124  113  104   96   90   87   84   82   82   83   86   89   92   95   96   95
   94   93   95   98  104  111  119  128  138  148  157  166  172  176  179  181
  180  180  183  180  182  186  191  205  195                                   
    50.0-180.0 180.0   5.0 450.0                            LAT/LON1/LON2/DLON/H
  202  201  202  200  192  187  186  181  177  168  162  156  152  149  148  148
  148  149  150  152  154  156  156  156  155  154  154  155  155  153  148  139
  128  117  107  100   96   94   93   93   94   96   99  102  104  105  104  102
   99   98   99  102  109  117  126  135  145  155  165  173  179  183  185  187
  186  187  190  187  188  192  197  211  202                                   
    47.5-180.0 180.0   5.0 450.0                            LAT/LON1/LON2/DLON/H
  206  206  208  207  201  198  197  193  188  178  169  161  155  152  150  150
  150  152  153  156  158  160  161  161  160  159  160  160  160  157  152  142
  131  120  111  106  103  103  104  105  107  109  112  114  116  115  112  108
  105  103  104  109  116  124  133  142  152  162  171  179  184  187  189  191
  191  193  196  194  195  197  202  216  206                                   
    45.0-180.0 180.0   5.0 450.0                            LAT/LON1/LON2/DLON/H
  209  209  211  212  209  207  208  205  200  190  180  170  163  158  155  155
  155  156  158  160  163  165  166  166  165  164  164  163  162  159  152  143
  133  123  116  112  111  112  114  116  118  121  123  125  125  123  119  114
  111  109  110  115  122  131  139  148  157  166  175  183  187  190  191  193
  195  199  204  202  203  204  208  223  209                                   
    42.5-180.0 180.0   5.0 450.0                            LAT/LON1/LON2/DLON/H
  212  212  214  215  214  214  217  216  213  204  193  183  174  167  164  162
  162  163  165  167  169  171  172  172  171  169  167  165  162  157  151  142
  134  126  121  118  118  120  122  125  127  130  132  133  132  129  125  120
  116  114  116  121  128  135  143  152  160  169  178  185  190  192  193  196
  199  206  214  213  214  214  217  231  212                                   
    40.0-180.0 180.0   5.0 450.0                            LAT/LON1/LON2/DLON/H
  218  218  219  219  219  220  224  226  225  218  208  198  188  180  175  172
  171  172  173  175  177  178  179  179  177  175  171  166  161  155  148  141
  134  129  126  124  125  126  128  131  133  136  139  140  139  135  131  125
  121  119  120  125  131  138  145  153  162  172  181  189  193  196  198  202
  207  216  227  228  228  228  230  243  218                                   
    37.5-180.0 180.0   5.0 450.0                            LAT/LON1/LON2/DLON/H
  228  228  228  226  226  226  232  235  237  232  224  214  204  195  189  185
  183  183  183  185  186  187  188  188  185  181  175  169  161  153  146  140
  135  132  131  130  130  131  132  135  138  142  145  146  145  141  136  131
  126  123  123  126  132  138  146  154  164  175  186  195  200  204  207  212
  220  231  244  246  247  247  248  259  228                                   
    35.0-180.0 180.0   5.0 450.0                            LAT/LON1/LON2/DLON/H
  244  244  243  239  237  236  242  246  250  246  240  231  222  212  204  199
  196  195  196  196  197  198  198  197  195  189  182  173  163  154  146  141
  138  137  137  136  135  134  135  138  142  148  152  154  152  148  142  136
  130  126  125  126  130  137  145  155  166  179  192  203  211  215  220  227
  236  249  264  266  268  269  270  281  244                                   
    32.5-180.0 180.0   5.0 450.0                            LAT/LON1/LON2/DLON/H
  266  267  264  257  253  251  256  261  265  263  258  250  240  230  221  215
  211  210  209  209  210  210  210  209  206  200  191  180  168  157  149  144
  142  142  142  141  139  137  137  141  147  154  159  161  159  154  147  140
  133  127  123  123  126  134  143  155  169  184  199  212  222  229  235  243
  253  267  283  286  289  290  293  307  266                                   
    30.0-180.0 180.0   5.0 450.0                            LAT/LON1/LON2/DLON/H
  293  293  290  281  275  272  277  280  285  284  279  272  262  252  242  234
  229  226  225  224  224  224  225  224  220  213  202  190  176  164  154  148
  147  147  146  144  141  139  140  144  152  160  166  167  164  157  149  140
  132  124  119  117  120  128  140  154  170  187  204  219  232  241  249  258
  269  283  299  302  308  310  316  334  293                                   
    27.5-180.0 180.0   5.0 450.0                            LAT/LON1/LON2/DLON/H
  321  320  316  308  300  299  303  306  310  309  305  298  289  278  267  258
  251  247  243  241  240  241  241  240  235  227  215  201  186  172  161  154
  151  150  149  145  142  140  142  148  156  165  170  170  165  156  147  137
  128  119  112  110  113  123  137  153  171  189  207  224  238  249  259  269
  280  295  310  314  323  327  337  362  321                                   
    25.0-180.0 180.0   5.0 450.0                            LAT/LON1/LON2/DLON/H
  347  343  340  335  327  328  334  337  342  341  338  331  322  311  299  288
  279  272  266  262  260  260  261  258  252  241  228  212  196  180  167  158
  153  150  147  144  141  140  143  150  158  166  170  168  160  150  139  129
  120  111  104  102  107  118  134  153  172  191  209  227  242  255  266  277
  289  303  319  323  335  341  355  389  347                                   
    22.5-180.0 180.0   5.0 450.0                            LAT/LON1/LON2/DLON/H
  368  361  360  359  353  357  365  371  377  378  376  371  363  352  339  326
  315  304  295  288  284  283  282  278  268  254  238  221  203  186  170  159
  151  146  142  139  138  140  145  151  158  163  164  160  150  138  127  118
  110  102   97   96  102  116  134  155  175  194  211  228  244  259  272  284
  296  310  326  331  345  352  372  412  368                                   
    20.0-180.0 180.0   5.0 450.0                            LAT/LON1/LON2/DLON/H
  382  374  374  379  375  381  392  401  411  415  416  414  408  398  386  372
  358  343  329  319  312  309  305  297  282  263  243  224  205  186  169  155
  145  139  136  135  137  141  145  150  154  156  154  147  136  124  113  105
   99   94   91   92  100  116  136  157  178  196  213  229  246  262  277  290
  302  317  332  339  354  362  386  430  382                                   
    17.5-180.0 180.0   5.0 450.0                            LAT/LON1/LON2/DLON/H
  392  383  384  393  391  399  412  425  439  447  453  455  453  447  437  423
  406  388  370  354  344  337  328  313  292  267  243  221  201  181  163  148
  138  132  131  132  136  142  146  148  149  146  141  132  121  109  100   94
   90   88   87   90  100  116  137  159  179  197  213  230  247  265  282  297
  310  325  340  348  363  371  398  443  392                                   
    15.0-180.0 180.0   5.0 450.0                            LAT/LON1/LON2/DLON/H
  400  391  393  402  402  410  424  440  456  469  480  488  492  491  485  473
  456  435  413  393  377  364  348  326  296  264  236  212  191  172  154  140
  132  128  128  132  138  143  146  146  142  136  129  119  108   97   89   85
   83   83   84   88   99  116  137  158  178  195  212  229  248  268  287  304
  318  333  349  358  372  380  408  450  400                                   
    12.5-180.0 180.0   5.0 450.0                            LAT/LON1/LON2/DLON/H
  409  401  403  410  410  416  428  443  461  478  493  507  517  523  522  515
  500  479  454  430  408  387  362  331  293  255  222  197  177  160  146  136
  130  128  130  134  140  145  146  143  135  127  119  109   99   89   82   79
   79   79   81   86   96  112  132  153  173  191  209  228  249  271  293  312
  328  344  359  370  383  390  417  455  409                                   
    10.0-180.0 180.0   5.0 450.0                            LAT/LON1/LON2/DLON/H
  421  416  416  419  417  420  428  440  456  473  490  508  524  536  542  541
  531  512  487  459  431  401  367  327  281  238  204  180  164  151  142  135
  132  132  134  139  144  148  146  140  130  121  113  104   95   86   79   75
   75   75   77   81   90  105  124  145  165  185  204  226  250  276  300  322
  339  356  372  383  396  402  428  460  421                                   
     7.5-180.0 180.0   5.0 450.0                            LAT/LON1/LON2/DLON/H
  437  436  433  432  428  426  428  434  445  459  475  494  513  529  541  546
  541  527  503  473  440  403  361  313  263  220  187  167  155  147  142  139
