data/edconvlstm_nd/pred2280.15i
     1.0            IONOSPHERE MAPS     GNSS                IONEX VERSION / TYPE
pyspatialgeodesy        IME             05-JAN-18 20:20     PGM / RUN BY / DATE 
Map Name                                                    COMMENT             
Predicted global ionosphere maps (GIM).                     DESCRIPTION         
  2015     8    16     0     0     0                        EPOCH OF FIRST MAP  
  2015     8    17     0     0     0                        EPOCH OF LAST MAP   
  7200                                                      INTERVAL            
    13                                                      # OF MAPS IN FILE   
  NONE                                                      MAPPING FUNCTION    
10.0                                                        ELEVATION CUTOFF    
One-way carrier phase leveled to code                       OBSERVABLES USED    
  6371.0                                                    BASE RADIUS         
 2                                                          MAP DIMENSION       
   450.0 450.0   0.0                                        HGT1 / HGT2 / DHGT  
    87.5 -87.5  -2.5                                        LAT1 / LAT2 / DLAT  
  -180.0 180.0   5.0                                        LON1 / LON2 / DLON  
    -1                                                      EXPONENT            
                                                            END OF HEADER       
[from data line 2574]
     7                                                      START OF TEC MAP    
  2015     8    16    12     0     0                        EPOCH OF CURRENT MAP
    87.5-180.0 180.0   5.0 450.0                            LAT/LON1/LON2/DLON/H
   95  107  107  111  113  114  112  109  110  112  111  112  112  112  112  112
  113  113  113  113  113  113  113  113  113  113  113  113  113  113  112  112
  111  110  109  108  107  106  105  104  103  102  101  101  100  100  100  100
  100  100  100  100  100  100  100  101  101  101  101  101  101  101  101  101
  102  104  102   99  103  100  111  110   95                                   
    85.0-180.0 180.0   5.0 450.0                            LAT/LON1/LON2/DLON/H
  102  114  126  116  116  120  120  121  121  123  122  123  123  123  124  124
  124  125  125  125  126  126  126  126  127  127  127  127  127  127  126  126
  125  124  122  120  119  117  115  113  112  110  109  108  107  107  106  106
  106  106  107  107  107  107  107  107  107  107  107  108  108  108  108  109
  111  112  107  104  102  103  110  111  102                                   
    82.5-180.0 180.0   5.0 450.0                            LAT/LON1/LON2/DLON/H
  101  117  124  116  116  120  121  122  122  123  123  124  124  124  124  124
  125  125  126  127  127  128  129  130  131  132  133  134  135  135  135  135
  134  133  131  128  126  123  120  117  115  112  110  109  108  108  108  108
  108  109  109  110  110  110  110  110  109  109  108  108  107  107  107  107
  109  109  106  104  103  109  105  101  101                                   
    80.0-180.0 180.0   5.0 450.0                            LAT/LON1/LON2/DLON/H
  101  110  118  114  113  113  114  116  116  116  115  116  115  116  116  116
  116  117  118  119  120  122  123  125  127  130  132  134  136  138  139  140
  139  138  136  132  129  125  121  117  113  110  108  107  106  106  107  107
  108  109  110  111  111  111  111  110  109  107  106  105  103  102  102  102
  103  103  102  101   99  105  107  104  101                                   
    77.5-180.0 180.0   5.0 450.0                            LAT/LON1/LON2/DLON/H
  105  110  113  111  109  111  110  111  110  109  107  107  106  106  106  106
  107  108  109  110  112  114  117  120  123  127  131  135  139  143  147  149
  150  149  147  143  139  133  128  122  118  114  111  110  110  111  112  114
  116  118  120  120  121  120  119  118  116  113  110  107  105  102  101  100
   99   99   98   99   99   99  101  103  105                                   
    75.0-180.0 180.0   5.0 450.0                            LAT/LON1/LON2/DLON/H
   99  105  103  103  102  104  102  101  100  100   97   96   95   95   94   95
   95   96   98   99  101  104  107  110  114  119  125  131  138  144  150  155
  157  158  157  154  148  142  135  129  123  119  116  115  115  117  119  122
  125  127  129  130  130  129  128  125  122  119  115  111  107  104  101   99
   97   96   95   92   95   95   98   93   99                                   
    72.5-180.0 180.0   5.0 450.0                            LAT/LON1/LON2/DLON/H
   94   99   97   98   96   98   97   95   93   92   89   89   87   87   87   88
   88   89   91   92   94   96   98  101  106  111  117  125  134  143  152  160
  166  169  170  167  162  156  148  141  134  129  126  125  125  127  130  133
  136  138  140  140  140  139  137  134  131  127  122  117  112  108  104  100
   98   95   94   91   91   92   93   93   94                                   
    70.0-180.0 180.0   5.0 450.0                            LAT/LON1/LON2/DLON/H
   92   93   92   91   89   90   88   87   86   85   83   83   82   82   83   83
   84   85   86   87   88   89   91   93   97  102  109  118  129  141  153  164
  173  180  182  181  177  171  163  155  148  142  139  137  137  139  141  143
  145  146  147  147  146  144  142  139  136  132  127  123  118  113  108  104
  100   96   94   91   89   89   92   92   92                                   
    67.5-180.0 180.0   5.0 450.0                            LAT/LON1/LON2/DLON/H
   87   87   87   87   84   84   83   83   82   82   81   82   82   83   83   84
   85   86   87   87   87   87   88   89   91   95  101  111  123  137  152  167
  179  188  193  194  191  185  178  170  163  157  153  151  150  150  150  151
  151  150  149  148  147  145  144  141  139  136  132  128  124  119  114  109
  104   99   95   90   87   86   86   85   87                                   
    65.0-180.0 180.0   5.0 450.0                            LAT/LON1/LON2/DLON/H
   84   83   82   82   79   80   79   79   80   81   81   83   84   86   87   89
   89   90   90   90   89   88   87   87   88   91   97  106  119  135  153  170
  186  198  206  208  207  202  196  188  181  176  171  168  166  164  162  159
  157  154  152  150  148  147  145  144  143  141  139  136  132  128  122  117
  111  105  100   94   89   86   85   84   84                                   
    62.5-180.0 180.0   5.0 450.0                            LAT/LON1/LON2/DLON/H
   81   79   78   78   75   75   75   76   77   79   80   84   86   89   91   92
   93   93   93   92   91   89   87   86   86   88   94  103  117  134  153  173
  190  205  214  219  219  216  210  204  198  193  189  184  180  176  171  166
  161  157  153  150  149  148  148  148  148  147  146  144  141  136  131  125
  118  110  103   96   89   83   81   80   81                                   
    60.0-180.0 180.0   5.0 450.0                            LAT/LON1/LON2/DLON/H
   79   75   73   73   70   70   70   71   72   75   77   81   85   88   91   93
   93   93   92   91   89   88   86   85   85   88   93  102  116  134  154  175
  194  209  220  225  227  225  222  218  213  209  204  199  193  187  180  173
  166  160  156  153  152  152  153  154  155  155  155  153  150  145  139  132
  124  115  106   97   89   81   77   75   79                                   
    57.5-180.0 180.0   5.0 450.0                            LAT/LON1/LON2/DLON/H
   78   73   70   70   66   66   66   66   67   70   72   77   81   85   88   90
   91   90   89   88   86   85   85   85   87   90   96  106  120  138  158  179
  198  213  224  230  233  233  231  229  227  224  219  214  207  199  190  182
  174  168  164  162  162  163  165  167  168  168  168  166  162  157  150  142
  132  121  111  100   90   79   74   72   78                                   
    55.0-180.0 180.0   5.0 450.0                            LAT/LON1/LON2/DLON/H
   78   71   68   68   64   63   62   62   62   63   65   69   73   78   81   83
   84   84   83   82   81   81   83   85   89   94  102  113  128  145  165  184
  202  216  226  232  236  237  238  238  237  235  232  226  219  210  200  191
  184  178  176  175  176  178  180  182  183  183  181  179  175  168  160  151
  140  128  116  103   91   79   72   69   78                                   
    52.5-180.0 180.0   5.0 450.0                            LAT/LON1/LON2/DLON/H
   79   72   68   67   63   62   59   58   57   56   57   60   64   68   72   75
   76   77   76   76   76   77   81   86   93  101  111  123  137  154  172  189
  205  217  226  232  236  239  242  244  245  244  241  236  228  219  210  201
  194  190  189  189  191  194  196  197  197  196  194  191  186  179  171  161
  149  136  123  108   95   80   72   69   79                                   
    50.0-180.0 180.0   5.0 450.0                            LAT/LON1/LON2/DLON/H
   81   74   70   69   64   62   59   56   53   52   51   53   55   59   63   66
   68   70   70   70   72   75   80   88   97  108  120  133  148  163  179  194
  208  218  226  231  236  240  245  248  251  251  248  243  236  227  219  211
  204  201  200  201  204  206  207  208  207  205  202  199  194  188  179  170
  158  145  131  116  101   85   76   72   81                                   
    47.5-180.0 180.0   5.0 450.0                            LAT/LON1/LON2/DLON/H
   83   77   74   73   67   64   60   57   53   50   48   48   49   52   56   60
   63   65   66   68   71   76   83   92  104  116  130  143  157  171  185  198
  209  218  225  231  236  241  247  252  256  256  254  249  242  234  226  219
  213  209  208  208  210  212  212  212  210  208  205  202  198  193  185  177
  166  154  140  125  109   92   82   78   83                                   
    45.0-180.0 180.0   5.0 450.0                            LAT/LON1/LON2/DLON/H
   86   81   78   77   70   68   64   60   55   52   48   47   47   49   52   56
   60   63   66   69   73   79   87   98  111  124  138  152  164  177  189  200
  210  219  225  231  237  244  251  257  260  261  259  254  248  241  233  225
  218  213  210  210  210  211  210  208  206  204  202  200  198  194  188  181
  173  162  149  134  118  101   91   86   86                                   
    42.5-180.0 180.0   5.0 450.0                            LAT/LON1/LON2/DLON/H
   88   85   83   81   74   72   68   64   60   56   52   50   49   50   53   56
   61   65   69   74   79   86   95  105  118  131  145  157  169  180  190  201
  211  219  227  234  241  249  257  263  266  267  264  260  255  249  241  232
  223  216  211  208  206  205  203  201  199  197  196  196  194  192  188  183
  177  168  157  143  128  111  101   95   88                                   
    40.0-180.0 180.0   5.0 450.0                            LAT/LON1/LON2/DLON/H
   91   89   87   84   77   75   72   69   66   63   59   56   54   55   57   60
   64   69   74   80   87   94  103  113  125  137  150  161  171  180  190  201
  211  222  231  240  248  257  264  270  273  274  272  269  265  260  252  241
  230  220  212  206  203  200  197  195  192  191  191  191  190  189  186  182
  178  171  163  150  136  120  110  104   91                                   
    37.5-180.0 180.0   5.0 450.0                            LAT/LON1/LON2/DLON/H
   93   93   90   86   79   77   75   74   72   70   66   64   62   62   63   65
   69   74   80   87   95  103  111  120  131  142  153  162  171  179  189  200
  213  226  238  248  258  267  274  280  283  283  283  281  279  274  266  255
  242  229  219  211  206  202  199  195  192  191  190  190  189  187  184  180
  176  172  165  155  142  128  119  111   93                                   
    35.0-180.0 180.0   5.0 450.0                            LAT/LON1/LON2/DLON/H
   97   97   93   87   79   77   76   75   75   75   73   71   70   69   70   71
   74   79   86   94  102  110  118  126  136  145  155  163  171  179  188  201
  216  232  246  259  269  278  285  290  293  295  296  297  297  293  286  274
  260  247  235  227  221  217  212  207  203  200  198  196  193  188  183  178
  174  170  165  156  146  133  126  117   97                                   
    32.5-180.0 180.0   5.0 450.0                            LAT/LON1/LON2/DLON/H
  103  101   96   88   79   76   75   75   76   77   77   77   77   77   76   77
   79   83   90   99  107  115  123  130  139  148  157  165  172  179  189  204
  221  240  257  271  281  290  296  300  304  307  311  315  317  316  310  299
  286  274  263  256  250  245  240  233  228  222  217  211  204  195  186  178
  172  167  163  156  147  136  131  121  103                                   
    30.0-180.0 180.0   5.0 450.0                            LAT/LON1/LON2/DLON/H
  110  107  100   90   81   77   74   73   75   76   78   80   81   82   82   82
   83   86   93  102  111  119  126  133  141  150  159  167  174  181  193  208
  228  249  267  282  293  300  306  311  316  321  327  334  339  340  336  328
  317  308  300  295  291  285  279  271  263  254  245  234  222  208  193  181
  171  165  160  154  147  138  134  125  110                                   
    27.5-180.0 180.0   5.0 450.0                            LAT/LON1/LON2/DLON/H
  118  114  105   95   85   79   75   73   73   75   77   81   84   86   86   86
   86   90   97  105  114  122  128  135  143  152  162  170  177  186  198  215
  236  258  278  294  304  310  316  321  327  335  343  352  360  363  362  357
  350  345  341  339  336  332  325  315  304  291  277  262  244  224  204  186
  173  164  158  151  146  138  136  128  118                                   
    25.0-180.0 180.0   5.0 450.0                            LAT/LON1/LON2/DLON/H
  125  122  113  102   92   86   80   76   75   75   77   81   85   88   89   89
   89   93  100  109  117  124  130  137  145  155  165  174  182  192  205  223
  245  268  289  304  314  320  325  332  339  349  359  370  379  384  385  383
  380  379  379  380  379  375  368  357  343  326  308  288  265  241  216  194
  176  165  157  149  145  138  138  130  125                                   
    22.5-180.0 180.0   5.0 450.0                            LAT/LON1/LON2/DLON/H
  131  129  120  111  102   96   89   83   79   78   79   82   86   90   91   91
   92   96  103  112  121  127  133  140  148  158  168  178  188  199  213  232
  254  278  299  314  324  331  337  344  353  364  375  385  395  400  403  403
  403  405  409  411  412  408  400  387  371  351  330  307  282  255  227  202
  182  168  158  149  145  138  138  132  131                                   
    20.0-180.0 180.0   5.0 450.0                            LAT/LON1/LON2/DLON/H
  135  134  127  120  112  106   99   92   87   84   83   85   88   90   91   92
   93   98  106  115  124  131  137  144  153  163  173  183  194  207  222  241
  264  288  309  324  335  343  351  360  369  380  390  399  407  412  414  415
  417  420  425  427  427  423  414  401  383  363  341  317  292  264  236  210
  188  173  161  151  145  137  138  133  135                                   
    17.5-180.0 180.0   5.0 450.0                            LAT/LON1/LON2/DLON/H
  135  136  131  126  119  114  109  102   96   91   88   88   89   90   91   91
   93   99  108  118  127  134  141  149  158  168  179  189  201  215  232  252
  274  298  319  336  348  358  368  378  388  397  405  411  416  418  419  419
  421  423  426  427  425  420  412  399  382  362  340  318  295  269  241  216
  194  178  166  154  146  138  137  133  135                                   
    15.0-180.0 180.0   5.0 450.0                            LAT/LON1/LON2/DLON/H
  133  135  132  127  123  119  115  109  103   98   94   91   89   89   88   88
   91   97  107  118  128  136  144  154  164  175  185  196  209  225  243  263
  286  309  331  349  364  376  388  399  409  416  420  422  423  422  421  419
  418  418  418  416  412  407  399  387  372  353  333  313  292  269  244  220
  199  184  171  158  148  138  136  132  133                                   
    12.5-180.0 180.0   5.0 450.0                            LAT/LON1/LON2/DLON/H
  130  132  129  125  123  119  117  112  108  102   97   92   88   85   83   83
   86   93  104  116  127  137  147  159  171  182  193  204  218  236  255  276
  299  322  344  363  380  395  409  421  430  434  434  432  429  425  421  417
  413  409  405  400  395  389  383  373  359  342  324  306  287  267  244  223
  204  189  177  164  151  139  136  130  130                                   
    10.0-180.0 180.0   5.0 450.0                            LAT/LON1/LON2/DLON/H
  128  128  124  120  119  115  115  111  108  102   96   90   84   80   77   77
   80   87   99  111  124  136  149  163  178  191  202  215  230  249  270  291
  313  335  357  378  396  413  428  441  448  450  446  440  434  429  423  417
  410  403  395  388  381  377  371  363  351  335  317  300  283  264  243  224
  207  194  182  170  155  142  137  129  128                                   
     7.5-180.0 180.0   5.0 450.0                            LAT/LON1/LON2/DLON/H
  127  124  119  114  113  109  110  107  104   99   93   86   79   74   71   70
   73   81   92  105  119  134  150  168  185  200  213  227  244  264  286  306
