data/edconvlstm_nd/pred2000.15i
     1.0            IONOSPHERE MAPS     GNSS                IONEX VERSION / TYPE
pyspatialgeodesy        IME             05-JAN-18 20:20     PGM / RUN BY / DATE 
Map Name                                                    COMMENT             
Predicted global ionosphere maps (GIM).                     DESCRIPTION         
  2015     7    19     0     0     0                        EPOCH OF FIRST MAP  
  2015     7    20     0     0     0                        EPOCH OF LAST MAP   
  7200                                                      INTERVAL            
    13                                                      # OF MAPS IN FILE   
  NONE                                                      MAPPING FUNCTION    
10.0                                                        ELEVATION CUTOFF    
One-way carrier phase leveled to code                       OBSERVABLES USED    
  6371.0                                                    BASE RADIUS         
 2                                                          MAP DIMENSION       
   450.0 450.0   0.0                                        HGT1 / HGT2 / DHGT  
    87.5 -87.5  -2.5                                        LAT1 / LAT2 / DLAT  
  -180.0 180.0   5.0                                        LON1 / LON2 / DLON  
    -1                                                      EXPONENT            
                                                            END OF HEADER       
[from data line 858]
     3                                                      START OF TEC MAP    
  2015     7    19     4     0     0                        EPOCH OF CURRENT MAP
    87.5-180.0 180.0   5.0 450.0                            LAT/LON1/LON2/DLON/H
  143  143  144  147  147  144  142  140  141  142  142  143  143  144  144  144
  144  144  144  143  143  142  141  141  140  139  138  137  136  134  133  132
  131  131  130  129  128  127  127  127  126  126  127  127  127  128  128  129
  130  130  131  132  132  133  133  134  134  135  135  135  135  135  135  135
  136  138  137  137  142  142  143  137  143                                   
    85.0-180.0 180.0   5.0 450.0                            LAT/LON1/LON2/DLON/H
  145  152  145  149  152  150  150  150  150  151  151  152  152  153  153  154
  154  154  154  153  153  152  151  150  149  148  147  146  144  143  142  141
  139  138  137  136  135  134  133  133  133  133  133  134  134  135  136  137
  138  140  141  142  143  143  144  145  146  146  146  147  147  147  146  147
  148  150  147  149  145  145  146  140  145                                   
    82.5-180.0 180.0   5.0 450.0                            LAT/LON1/LON2/DLON/H
  150  152  153  150  150  150  150  150  151  152  152  153  153  154  155  155
  155  155  155  155  154  153  152  151  149  148  146  145  143  142  140  138
  137  135  134  133  131  130  129  129  129  129  130  131  132  134  136  138
  139  141  143  145  146  147  149  150  151  151  152  152  152  152  152  152
  152  152  149  150  153  146  143  136  150                                   
    80.0-180.0 180.0   5.0 450.0                            LAT/LON1/LON2/DLON/H
  150  151  144  144  145  145  147  148  148  149  148  150  150  151  152  152
  152  152  152  151  150  149  147  145  143  141  139  138  136  134  133  131
  130  129  127  126  125  124  123  123  123  124  126  128  130  133  136  139
  142  144  147  149  151  152  154  155  155  156  156  157  157  156  155  156
  155  153  150  151  155  151  153  138  150                                   
    77.5-180.0 180.0   5.0 450.0                            LAT/LON1/LON2/DLON/H
  148  148  143  144  141  143  146  146  147  146  146  147  148  148  149  149
  149  149  148  147  145  143  141  138  136  134  132  130  129  128  127  126
  126  125  124  123  122  122  121  122  123  124  127  130  134  138  143  147
  151  154  157  159  161  163  164  165  165  165  165  165  165  164  163  162
  160  159  153  155  157  150  149  142  148                                   
    75.0-180.0 180.0   5.0 450.0                            LAT/LON1/LON2/DLON/H
  144  147  139  142  139  142  143  143  143  143  141  142  143  143  144  144
  143  142  141  139  137  133  130  127  124  121  119  117  116  116  117  118
  119  119  119  119  119  119  119  119  121  124  127  132  137  143  149  154
  158  162  164  166  167  168  168  169  169  169  168  168  168  166  165  165
  162  160  155  151  152  148  147  143  144                                   
    72.5-180.0 180.0   5.0 450.0                            LAT/LON1/LON2/DLON/H
  141  147  141  142  142  144  146  146  145  144  143  144  144  144  144  143
  142  141  139  136  133  129  125  120  116  113  111  110  110  111  113  116
  118  121  122  123  124  124  124  126  128  132  136  143  149  156  163  168
  173  175  177  177  177  177  176  175  175  174  174  174  173  172  171  171
  168  166  162  158  156  150  146  143  141                                   
    70.0-180.0 180.0   5.0 450.0                            LAT/LON1/LON2/DLON/H
  144  146  141  142  141  142  144  144  144  143  141  142  142  141  141  140
  138  136  134  130  126  121  116  111  106  102  100   99   99  102  105  110
  114  119  122  124  125  126  127  128  131  136  142  149  157  165  172  177
  181  182  182  181  179  177  175  173  172  172  172  172  172  171  170  170
  168  166  162  159  157  151  149  145  144                                   
    67.5-180.0 180.0   5.0 450.0                            LAT/LON1/LON2/DLON/H
  142  145  139  140  139  140  142  141  141  140  139  140  140  139  138  137
  135  132  129  125  120  115  109  104   98   94   91   90   91   94   98  104
  110  115  120  122  124  125  126  129  132  138  145  153  162  170  177  182
  184  183  181  178  174  171  168  166  165  164  165  165  165  165  165  165
  163  161  158  155  153  148  147  144  142                                   
    65.0-180.0 180.0   5.0 450.0                            LAT/LON1/LON2/DLON/H
  142  143  137  138  137  138  140  140  140  139  138  139  139  139  138  136
  133  130  126  122  117  112  106  100   94   90   86   85   86   90   95  101
  107  113  118  121  124  125  127  130  134  141  149  158  167  176  182  185
  186  184  180  175  170  166  162  160  159  159  160  160  161  160  160  160
  159  158  155  153  152  147  148  146  142                                   
    62.5-180.0 180.0   5.0 450.0                            LAT/LON1/LON2/DLON/H
  144  145  139  139  137  138  139  138  138  137  137  138  139  139  137  135
  132  128  123  119  114  110  105   99   94   89   86   85   86   89   93   99
  105  111  116  119  121  123  126  130  135  143  152  162  171  179  185  187
  186  183  178  173  167  163  160  159  158  158  158  158  158  158  157  158
  156  155  153  151  151  147  149  148  144                                   
    60.0-180.0 180.0   5.0 450.0                            LAT/LON1/LON2/DLON/H
  147  148  143  142  139  139  139  137  136  135  134  136  137  136  135  133
  129  125  120  115  111  107  103   99   95   91   88   87   87   89   93   98
  103  107  111  114  116  119  123  128  135  143  153  163  173  180  185  187
  186  182  178  173  169  165  163  162  161  161  160  160  158  157  156  156
  155  154  152  151  151  149  151  151  147                                   
    57.5-180.0 180.0   5.0 450.0                            LAT/LON1/LON2/DLON/H
  154  155  150  149  146  144  142  139  137  134  132  133  134  133  132  130
  126  121  116  112  108  105  103  100   97   95   92   91   91   93   95   98
  101  103  106  108  111  114  120  126  135  145  155  165  174  181  186  187
  187  185  182  179  176  175  174  173  172  170  168  166  163  160  158  157
  156  155  154  154  154  153  155  156  154                                   
    55.0-180.0 180.0   5.0 450.0                            LAT/LON1/LON2/DLON/H
  163  165  161  159  156  153  150  144  139  134  131  130  130  130  128  126
  121  116  112  108  105  103  102  101  100   98   97   97   97   97   98   99
   99   99  100  102  105  110  117  125  135  146  157  166  175  182  187  190
  191  191  190  190  190  190  190  189  187  184  180  175  170  166  162  161
  159  158  158  158  159  158  162  162  163                                   
    52.5-180.0 180.0   5.0 450.0                            LAT/LON1/LON2/DLON/H
  173  178  175  173  170  165  161  153  146  138  132  129  128  126  125  122
  118  113  108  104  102  102  102  103  103  103  103  102  102  102  101  100
   98   96   96   97  101  107  115  126  137  148  159  168  177  184  189  194
  198  201  203  205  207  209  209  207  204  199  192  186  179  173  168  165
  163  162  162  163  165  165  168  168  173                                   
    50.0-180.0 180.0   5.0 450.0                            LAT/LON1/LON2/DLON/H
  182  189  187  187  184  179  174  164  155  145  137  132  128  125  123  120
  116  111  107  104  102  103  104  105  107  107  108  108  108  107  105  102
   98   95   93   94   99  106  116  127  139  151  162  171  180  187  195  201
  208  214  219  223  226  228  227  225  219  212  204  195  187  179  174  171
  168  168  168  169  171  171  175  174  182                                   
    47.5-180.0 180.0   5.0 450.0                            LAT/LON1/LON2/DLON/H
  189  198  197  197  196  192  186  176  166  155  145  138  132  128  124  120
  116  112  108  106  105  106  107  109  111  112  113  113  113  112  109  104
   99   95   93   94   99  107  117  130  142  154  165  175  184  192  201  211
  220  228  234  239  243  243  242  237  230  221  211  202  193  186  180  177
  174  173  173  174  176  176  180  179  189                                   
    45.0-180.0 180.0   5.0 450.0                            LAT/LON1/LON2/DLON/H
  191  201  200  202  202  198  194  185  176  165  154  147  139  133  128  124
  119  115  112  110  109  110  112  114  116  117  117  117  117  115  111  106
  101   96   95   96  101  109  120  132  145  157  169  179  188  198  209  221
  232  241  248  252  254  253  250  244  236  226  217  207  199  192  186  183
  180  179  179  179  181  180  183  181  191                                   
    42.5-180.0 180.0   5.0 450.0                            LAT/LON1/LON2/DLON/H
  191  199  198  200  202  198  196  190  183  174  165  157  149  142  135  129
  124  120  116  115  114  116  118  120  121  122  121  121  119  117  113  108
  102   99   98  100  105  112  122  134  147  160  171  182  193  204  217  230
  242  251  257  260  260  258  253  247  239  230  221  213  206  200  195  192
  189  188  186  185  186  183  186  184  191                                   
    40.0-180.0 180.0   5.0 450.0                            LAT/LON1/LON2/DLON/H
  190  195  192  194  195  192  192  189  185  180  174  168  160  152  144  136
  130  125  121  119  119  121  123  126  127  127  126  124  121  118  113  108
  104  102  102  104  109  115  124  135  148  161  173  185  197  210  224  238
  250  258  262  263  262  259  254  249  242  235  228  222  216  211  207  205
  202  200  198  195  193  188  191  188  190                                   
    37.5-180.0 180.0   5.0 450.0                            LAT/LON1/LON2/DLON/H
  192  192  188  186  187  183  184  184  185  183  181  178  171  162  152  143
  135  129  125  123  123  125  129  132  134  134  132  128  123  118  113  109
  106  105  106  109  113  118  125  135  147  161  174  187  200  214  229  243
  254  261  264  265  263  261  258  254  249  245  240  236  232  228  225  223
  220  217  214  209  204  198  200  197  192                                   
    35.0-180.0 180.0   5.0 450.0                            LAT/LON1/LON2/DLON/H
  201  197  191  185  182  177  178  179  183  185  187  186  181  172  160  149
  139  132  127  125  126  129  133  138  141  141  138  133  126  119  113  109
  107  107  109  112  115  119  125  134  146  160  174  188  201  216  231  245
  255  262  265  267  267  267  267  266  264  262  259  257  254  251  248  246
  243  240  236  229  223  214  216  212  201                                   
    32.5-180.0 180.0   5.0 450.0                            LAT/LON1/LON2/DLON/H
  221  212  205  193  188  180  179  180  185  189  193  195  190  181  168  154
  143  135  129  127  128  132  138  144  148  149  145  138  130  121  114  109
  107  109  111  114  117  119  124  132  144  158  173  187  200  214  229  243
  254  262  267  271  276  280  283  284  285  285  284  282  280  277  275  273
  270  268  263  255  247  238  239  236  221                                   
    30.0-180.0 180.0   5.0 450.0                            LAT/LON1/LON2/DLON/H
  252  240  230  216  207  196  192  191  195  199  203  204  200  189  175  160
  147  137  131  128  130  135  143  151  156  158  153  145  135  124  115  110
  109  110  113  115  117  118  121  129  141  155  170  184  197  210  225  239
  252  262  271  280  289  297  304  308  310  311  311  310  307  305  302  301
  298  296  292  285  275  267  268  267  252                                   
    27.5-180.0 180.0   5.0 450.0                            LAT/LON1/LON2/DLON/H
  289  277  266  250  239  226  220  215  215  216  217  216  210  198  182  165
  151  140  133  131  133  139  148  158  164  166  161  152  140  128  118  112
  110  110  112  114  114  115  118  125  136  150  165  178  190  203  218  234
  249  263  277  291  305  318  328  333  336  337  337  335  333  330  327  326
  324  323  320  314  305  298  300  301  289                                   
    25.0-180.0 180.0   5.0 450.0                            LAT/LON1/LON2/DLON/H
  329  318  305  291  280  268  259  250  246  241  237  232  222  208  190  172
  156  145  138  135  137  144  154  164  171  172  167  157  144  131  121  114
  110  109  109  109  109  110  112  119  130  144  157  170  182  195  211  228
  247  266  285  305  323  338  349  354  357  357  357  355  353  350  348  347
  346  346  345  340  331  327  331  334  329                                   
    22.5-180.0 180.0   5.0 450.0                            LAT/LON1/LON2/DLON/H
  362  355  342  332  323  313  303  292  283  272  262  251  237  219  199  180
  164  152  144  141  144  151  161  170  176  176  169  158  145  132  121  113
  107  104  103  102  102  103  106  112  123  135  149  161  174  187  204  224
  246  270  294  317  337  352  361  366  368  369  369  368  366  364  362  362
  362  362  363  360  352  351  356  363  362                                   
    20.0-180.0 180.0   5.0 450.0                            LAT/LON1/LON2/DLON/H
  383  380  370  366  360  354  345  333  320  305  289  272  253  232  210  189
  173  160  152  149  151  158  166  173  177  174  166  154  141  128  117  108
  102   97   94   93   93   95   98  105  114  126  140  153  166  181  199  221
  246  274  301  326  345  358  365  368  370  371  373  373  373  373  372  372
  372  373  374  372  366  367  373  382  383                                   
    17.5-180.0 180.0   5.0 450.0                            LAT/LON1/LON2/DLON/H
  389  391  384  387  385  382  375  364  350  331  310  289  267  243  220  199
  182  169  161  157  159  163  169  173  173  167  157  144  131  119  109  101
   94   88   84   83   84   87   91   98  106  118  131  146  161  177  197  220
  248  277  305  329  346  356  360  362  364  368  372  375  378  379  379  379
  378  378  379  379  372  374  382  390  389                                   
    15.0-180.0 180.0   5.0 450.0                            LAT/LON1/LON2/DLON/H
  385  389  387  392  395  394  389  380  366  346  324  300  276  251  228  207
  189  177  169  164  164  166  169  169  164  155  143  129  117  106   98   91
   85   79   75   74   76   80   85   91   99  110  124  140  158  176  196  221
  249  279  306  328  342  348  350  353  357  364  371  377  382  385  386  386
  383  382  382  381  374  374  383  390  385                                   
    12.5-180.0 180.0   5.0 450.0                            LAT/LON1/LON2/DLON/H
  374  379  380  386  390  390  386  379  366  347  324  301  277  253  230  210
  194  182  174  169  167  166  164  160  151  138  125  111  101   92   86   81
   76   70   66   66   69   75   81   86   93  104  119  137  156  175  197  221
  249  278  304  323  334  339  341  345  353  364  374  383  390  394  395  393
  388  385  383  381  374  372  381  386  374                                   
    10.0-180.0 180.0   5.0 450.0                            LAT/LON1/LON2/DLON/H
  365  368  370  373  377  374  370  364  353  335  314  291  269  247  227  209
  195  184  176  170  166  161  156  146  134  120  105   94   85   79   75   72
   68   63   61   61   65   71   77   82   89   99  115  134  154  175  196  220
  247  275  300  317  327  332  336  344  356  371  384  395  403  406  406  402
  395  390  386  383  374  371  378  381  365                                   
     7.5-180.0 180.0   5.0 450.0                            LAT/LON1/LON2/DLON/H
  360  362  363  360  361  356  350  342  331  315  295  274  254  235  218  203
  191  181  174  167  161  153  143  130  116  101   88   78   72   69   67   65
