data/edconvlstm_nd/pred2460.15i
     1.0            IONOSPHERE MAPS     GNSS                IONEX VERSION / TYPE
pyspatialgeodesy        IME             05-JAN-18 20:20     PGM / RUN BY / DATE 
Map Name                                                    COMMENT             
Predicted global ionosphere maps (GIM).                     DESCRIPTION         
  2015     9     3     0     0     0                        EPOCH OF FIRST MAP  
  2015     9     4     0     0     0                        EPOCH OF LAST MAP   
  7200                                                      INTERVAL            
    13                                                      # OF MAPS IN FILE   
  NONE                                                      MAPPING FUNCTION    
10.0                                                        ELEVATION CUTOFF    
One-way carrier phase leveled to code                       OBSERVABLES USED    
  6371.0                                                    BASE RADIUS         
 2                                                          MAP DIMENSION       
   450.0 450.0   0.0                                        HGT1 / HGT2 / DHGT  
    87.5 -87.5  -2.5                                        LAT1 / LAT2 / DLAT  
  -180.0 180.0   5.0                                        LON1 / LON2 / DLON  
    -1                                                      EXPONENT            
                                                            END OF HEADER       
[from data line 3432]
     9                                                      START OF TEC MAP    
  2015     9     3    16     0     0                        EPOCH OF CURRENT MAP
    87.5-180.0 180.0   5.0 450.0                            LAT/LON1/LON2/DLON/H
  128  132  128  135  139  138  138  138  139  142  142  143  144  144  145  145
  146  146  146  146  145  145  144  144  143  142  142  141  140  139  138  137
  137  136  135  134  133  132  132  131  130  130  129  129  129  129  129  129
  129  129  129  130  130  130  130  130  131  131  131  131  131  131  130  130
  130  130  128  127  135  131  141  135  128                                   
    85.0-180.0 180.0   5.0 450.0                            LAT/LON1/LON2/DLON/H
  129  132  143  134  135  140  140  143  145  147  148  149  150  151  152  152
  153  153  152  152  152  151  150  150  149  148  147  146  145  144  143  142
  141  140  138  137  136  135  134  133  132  132  131  131  130  130  130  130
  130  131  131  132  132  133  133  134  134  134  134  134  134  134  134  133
  134  133  129  127  128  126  131  131  129                                   
    82.5-180.0 180.0   5.0 450.0                            LAT/LON1/LON2/DLON/H
  111  123  127  123  125  131  136  139  140  144  146  148  149  151  152  152
  152  152  152  151  150  149  148  147  146  146  145  144  142  141  140  139
  137  136  134  132  131  129  127  126  124  123  122  121  121  121  121  121
  122  123  123  124  125  126  127  128  128  129  129  128  128  127  126  126
  125  124  120  120  120  127  122  116  111                                   
    80.0-180.0 180.0   5.0 450.0                            LAT/LON1/LON2/DLON/H
   95  104  112  111  113  117  123  130  134  139  142  146  148  151  152  153
  153  152  152  151  149  148  147  146  145  144  143  142  141  139  138  136
  134  132  130  127  125  122  120  117  115  113  111  110  109  109  109  109
  110  111  112  114  115  116  117  118  118  119  118  118  117  116  114  113
  112  111  108  107  104  107  108  106   95                                   
    77.5-180.0 180.0   5.0 450.0                            LAT/LON1/LON2/DLON/H
   89   94   99  100  104  110  117  124  130  136  140  146  149  152  154  154
  154  154  153  152  151  150  149  148  147  147  146  145  144  143  142  140
  138  135  132  129  126  123  119  115  112  109  106  104  102  101  101  101
  102  103  105  106  108  109  110  111  112  111  111  110  109  107  105  104
  102  100   97   96   96   95   97   98   89                                   
    75.0-180.0 180.0   5.0 450.0                            LAT/LON1/LON2/DLON/H
   76   83   86   89   95  103  110  117  125  133  139  145  149  153  155  156
  155  155  153  152  151  150  150  150  150  150  150  150  149  148  147  145
  143  140  137  134  130  126  121  117  113  108  105  101   99   97   96   96
   97   97   99  100  101  102  103  103  103  103  102  101  100   98   97   95
   93   91   89   85   85   85   87   80   76                                   
    72.5-180.0 180.0   5.0 450.0                            LAT/LON1/LON2/DLON/H
   68   75   77   83   87   96  105  113  121  130  136  144  149  153  155  155
  155  154  153  152  151  151  151  151  152  152  153  153  153  152  151  149
  146  143  140  136  132  128  123  118  113  108  103   99   96   93   92   91
   91   91   92   92   93   93   93   93   93   92   92   91   90   89   87   86
   85   83   81   77   76   77   79   78   68                                   
    70.0-180.0 180.0   5.0 450.0                            LAT/LON1/LON2/DLON/H
   64   69   72   77   81   89   96  105  114  124  132  140  145  150  152  152
  152  151  150  149  149  149  150  151  153  154  154  155  154  153  152  150
  147  145  141  137  133  129  124  119  113  108  103   98   94   91   89   88
   87   86   85   84   83   82   81   80   80   79   79   78   78   78   78   78
   77   75   75   72   72   72   76   76   64                                   
    67.5-180.0 180.0   5.0 450.0                            LAT/LON1/LON2/DLON/H
   62   67   69   75   78   86   94  103  111  121  129  138  144  149  151  152
  152  151  151  150  150  151  153  154  156  157  157  157  156  155  153  151
  148  145  141  138  134  129  125  120  115  110  105  101   97   93   91   88
   87   85   83   80   78   75   73   71   70   69   69   70   71   72   73   74
   74   73   72   69   68   69   71   71   62                                   
    65.0-180.0 180.0   5.0 450.0                            LAT/LON1/LON2/DLON/H
   60   65   66   72   74   81   88   96  105  115  123  132  139  144  147  148
  148  148  148  148  149  151  152  154  156  156  157  156  155  154  152  150
  147  143  140  136  132  128  124  120  116  112  107  103   99   95   92   89
   86   83   79   75   71   67   63   61   59   59   59   61   62   64   66   68
   69   69   70   68   67   68   71   71   60                                   
    62.5-180.0 180.0   5.0 450.0                            LAT/LON1/LON2/DLON/H
   58   62   64   70   72   78   85   92  100  109  118  126  134  139  143  144
  145  145  145  146  148  150  152  153  154  155  155  154  154  153  151  148
  145  141  137  133  129  126  122  119  116  112  109  105  101   97   94   90
   87   82   77   72   66   61   57   53   52   52   53   55   57   60   62   65
   66   66   67   65   64   65   67   67   58                                   
    60.0-180.0 180.0   5.0 450.0                            LAT/LON1/LON2/DLON/H
   56   60   62   68   70   76   82   88   95  103  111  119  126  132  136  139
  140  141  141  143  145  147  149  150  151  152  152  152  152  152  151  149
  146  142  137  132  128  124  121  119  116  113  110  107  104  100   96   92
   87   82   76   70   63   57   52   49   48   48   49   51   54   57   59   62
   63   63   64   62   61   61   64   64   56                                   
    57.5-180.0 180.0   5.0 450.0                            LAT/LON1/LON2/DLON/H
   54   58   60   67   70   76   81   87   92   99  106  114  120  126  131  134
  136  137  138  139  141  144  146  147  148  149  150  152  153  155  155  154
  151  146  141  135  130  126  123  121  119  117  115  112  108  104  100   95
   90   84   78   71   64   58   54   51   49   50   51   53   55   57   59   61
   62   62   62   60   59   59   61   62   54                                   
    55.0-180.0 180.0   5.0 450.0                            LAT/LON1/LON2/DLON/H
   55   58   61   69   72   78   84   89   93   98  104  110  116  121  126  129
  132  133  135  136  138  140  142  144  146  147  150  153  156  160  162  162
  159  154  147  141  135  131  128  126  124  122  120  117  113  109  104   99
   93   87   81   75   69   64   60   57   56   56   57   58   59   60   62   62
   63   62   62   60   59   59   61   61   55                                   
    52.5-180.0 180.0   5.0 450.0                            LAT/LON1/LON2/DLON/H
   58   61   65   73   76   84   89   94   97  101  105  110  114  119  123  126
  129  130  132  134  136  138  140  142  145  147  151  155  161  166  169  170
  168  162  155  148  142  138  135  133  131  129  127  124  119  114  109  103
   98   92   87   82   77   73   70   69   68   68   67   67   67   66   66   66
   66   66   66   64   63   62   64   64   58                                   
    50.0-180.0 180.0   5.0 450.0                            LAT/LON1/LON2/DLON/H
   64   66   71   79   83   91   97  102  105  109  111  113  116  119  122  125
  127  130  132  133  136  138  141  143  146  150  154  159  165  172  176  178
  175  170  163  155  150  146  143  141  139  137  134  131  126  121  115  110
  104   99   95   91   88   86   84   83   83   82   81   79   77   75   73   72
   72   72   73   71   70   70   71   70   64                                   
    47.5-180.0 180.0   5.0 450.0                            LAT/LON1/LON2/DLON/H
   72   74   78   86   90   99  106  112  116  119  120  122  122  123  124  126
  129  131  134  136  138  141  144  148  151  154  158  163  169  175  180  181
  179  174  167  161  157  154  152  150  148  146  143  139  134  128  122  117
  112  108  105  102  101  100  100   99   99   97   95   92   88   84   82   80
   80   80   82   81   80   80   81   79   72                                   
    45.0-180.0 180.0   5.0 450.0                            LAT/LON1/LON2/DLON/H
   81   82   84   92   96  105  113  122  127  132  133  133  132  131  130  131
  133  136  139  141  144  148  151  155  158  161  163  167  171  176  180  181
  179  174  169  165  163  162  161  160  157  154  151  147  142  136  131  125
  121  117  115  114  113  113  114  114  113  111  108  104   99   94   91   89
   88   89   92   92   91   91   92   90   81                                   
    42.5-180.0 180.0   5.0 450.0                            LAT/LON1/LON2/DLON/H
   87   88   89   96  100  109  119  130  137  144  146  146  144  141  139  139
  140  143  146  149  153  157  160  164  167  168  169  170  172  176  179  179
  178  174  172  171  172  173  173  171  168  164  160  155  151  145  140  134
  130  126  124  123  123  123  124  124  124  121  118  113  108  103  100   98
   97   98  100  101  101  101  102   99   87                                   
    40.0-180.0 180.0   5.0 450.0                            LAT/LON1/LON2/DLON/H
   90   90   89   96   99  109  121  134  145  154  159  160  157  153  150  148
  149  151  155  159  163  167  171  174  176  176  175  175  175  178  180  181
  181  179  179  181  185  188  188  185  180  175  170  165  160  155  150  144
  139  135  132  130  130  130  130  130  130  128  124  120  115  111  107  105
  104  104  107  107  107  107  108  104   90                                   
    37.5-180.0 180.0   5.0 450.0                            LAT/LON1/LON2/DLON/H
   89   89   86   92   95  104  118  134  149  161  168  171  170  166  162  159
  159  161  165  169  174  178  181  184  185  185  183  182  183  186  190  192
  193  194  196  200  206  209  209  204  196  189  182  177  172  167  160  154
  148  142  138  135  133  133  133  132  131  130  127  124  120  116  113  111
  109  108  110  110  108  108  109  105   89                                   
    35.0-180.0 180.0   5.0 450.0                            LAT/LON1/LON2/DLON/H
   86   85   81   86   89   97  112  130  147  163  174  180  180  177  173  169
  168  170  174  179  184  188  191  193  194  195  195  196  199  205  212  217
  221  223  226  232  237  239  236  228  217  206  198  192  186  180  173  165
  157  149  143  138  135  133  132  131  130  129  127  125  123  120  117  115
  112  110  110  108  106  106  106  102   86                                   
    32.5-180.0 180.0   5.0 450.0                            LAT/LON1/LON2/DLON/H
   81   80   76   79   82   90  105  123  142  160  174  183  187  186  183  179
  177  179  183  188  193  197  199  202  204  207  211  217  225  237  248  257
  263  267  270  274  278  277  270  257  242  229  219  211  204  196  187  177
  167  157  148  141  136  133  131  130  129  127  126  125  124  122  120  118
  114  111  109  106  103  101  100   97   81                                   
    30.0-180.0 180.0   5.0 450.0                            LAT/LON1/LON2/DLON/H
   79   76   73   75   78   85   99  116  135  154  170  182  189  192  190  187
  185  186  190  196  202  205  208  211  215  223  232  246  262  280  297  310
  318  322  324  325  324  318  306  289  271  256  244  235  226  215  204  191
  178  166  154  145  139  135  132  130  128  127  125  125  125  124  123  121
  116  113  109  104  100   98   96   92   79                                   
    27.5-180.0 180.0   5.0 450.0                            LAT/LON1/LON2/DLON/H
   79   76   73   74   77   84   95  110  128  145  162  177  188  194  195  193
  191  192  197  204  210  215  218  223  231  243  260  281  305  329  352  368
  378  381  380  377  370  358  341  320  300  284  272  261  250  237  223  208
  192  177  164  153  145  140  137  134  131  128  126  126  126  126  126  124
  120  116  112  106  101   98   94   91   79                                   
    25.0-180.0 180.0   5.0 450.0                            LAT/LON1/LON2/DLON/H
   84   80   77   77   80   86   96  108  122  138  154  170  184  193  196  196
  195  197  203  211  219  225  231  238  250  269  292  320  350  380  406  425
  435  436  431  421  408  390  369  347  328  312  300  289  276  260  243  225
  208  191  175  163  155  149  146  142  138  133  130  128  128  128  129  128
  125  121  117  111  106  102   97   93   84                                   
    22.5-180.0 180.0   5.0 450.0                            LAT/LON1/LON2/DLON/H
   91   86   82   83   86   92  101  109  120  133  147  163  178  190  196  198
  199  203  210  220  230  239  248  259  275  298  326  359  392  424  451  469
  478  476  466  450  432  410  388  367  350  337  326  314  299  282  262  243
  223  205  189  176  167  161  157  153  148  141  135  131  130  131  132  132
  130  128  124  119  115  109  103   99   91                                   
    20.0-180.0 180.0   5.0 450.0                            LAT/LON1/LON2/DLON/H
   98   93   89   89   93  100  108  114  122  131  143  158  174  188  196  201
  204  209  218  230  243  255  268  282  302  328  359  393  426  456  480  495
  500  494  480  461  440  417  396  379  366  357  348  336  319  299  278  257
  238  219  203  189  179  173  169  165  159  151  143  137  134  133  135  136
  135  134  131  127  124  117  110  107   98                                   
    17.5-180.0 180.0   5.0 450.0                            LAT/LON1/LON2/DLON/H
  103   98   93   95   98  106  115  120  126  134  144  157  173  187  198  205
  210  218  229  243  258  274  290  308  331  358  388  418  447  471  489  500
  500  491  475  455  434  414  397  384  377  371  363  350  332  310  288  267
  248  230  214  200  190  184  180  176  170  161  151  143  138  137  138  140
  139  140  137  134  131  124  116  113  103                                   
    15.0-180.0 180.0   5.0 450.0                            LAT/LON1/LON2/DLON/H
  104   99   94   96  100  109  119  126  133  140  148  161  175  190  202  211
  219  229  241  257  274  293  312  333  357  383  409  434  456  472  482  486
  483  473  457  439  421  405  394  387  383  380  373  358  338  314  292  271
  253  236  221  207  197  191  188  184  179  170  159  149  143  140  141  143
  142  143  140  138  135  127  118  116  104                                   
    12.5-180.0 180.0   5.0 450.0                            LAT/LON1/LON2/DLON/H
  100   95   90   93   97  107  120  129  138  147  156  167  181  196  209  220
  231  242  256  272  290  310  332  355  379  402  423  441  454  462  465  464
  458  448  436  422  409  398  392  389  389  386  376  359  336  311  288  269
  252  236  222  208  198  193  190  188  183  175  165  154  147  144  144  145
  144  144  141  138  133  125  116  114  100                                   
    10.0-180.0 180.0   5.0 450.0                            LAT/LON1/LON2/DLON/H
   93   88   83   86   89  101  116  129  142  153  164  176  190  204  218  232
  244  257  271  286  304  325  348  372  394  414  430  441  447  448  446  442
  436  428  419  410  403  397  395  395  393  388  375  353  327  301  279  260
  244  230  216  203  194  188  186  185  182  176  167  157  150  146  146  146
  144  143  138  134  128  118  109  107   93                                   
     7.5-180.0 180.0   5.0 450.0                            LAT/LON1/LON2/DLON/H
   85   79   75   77   80   92  109  125  143  158  172  185  199  214  229  244
  258  272  286  300  316  336  359  382  403  421  432  438  440  437  434  429
