data/edconvlstm_nd/pred1660.15i
     1.0            IONOSPHERE MAPS     GNSS                IONEX VERSION / TYPE
pyspatialgeodesy        IME             05-JAN-18 20:20     PGM / RUN BY / DATE 
Map Name                                                    COMMENT             
Predicted global ionosphere maps (GIM).                     DESCRIPTION         
  2015     6    15     0     0     0                        EPOCH OF FIRST MAP  
  2015     6    16     0     0     0                        EPOCH OF LAST MAP   
  7200                                                      INTERVAL            
    13                                                      # OF MAPS IN FILE   
  NONE                                                      MAPPING FUNCTION    
10.0                                                        ELEVATION CUTOFF    
One-way carrier phase leveled to code                       OBSERVABLES USED    
  6371.0                                                    BASE RADIUS         
 2                                                          MAP DIMENSION       
   450.0 450.0   0.0                                        HGT1 / HGT2 / DHGT  
    87.5 -87.5  -2.5                                        LAT1 / LAT2 / DLAT  
  -180.0 180.0   5.0                                        LON1 / LON2 / DLON  
    -1                                                      EXPONENT            
                                                            END OF HEADER       
[from data line 4719]
    12                                                      START OF TEC MAP    
  2015     6    15    22     0     0                        EPOCH OF CURRENT MAP
    87.5-180.0 180.0   5.0 450.0                            LAT/LON1/LON2/DLON/H
  199  182  163  169  169  169  168  167  167  167  167  167  167  167  166  166
  166  165  164  164  163  162  161  160  159  158  156  155  154  153  152  152
  151  150  150  149  149  149  149  149  149  150  150  151  152  152  153  154
  155  156  157  158  159  160  161  162  162  163  164  164  164  165  165  165
  165  165  164  166  177  178  178  188  199                                   
    85.0-180.0 180.0   5.0 450.0                            LAT/LON1/LON2/DLON/H
  187  184  183  177  173  177  177  178  178  179  179  179  179  179  179  179
  178  178  177  176  175  173  172  170  169  167  165  164  162  161  159  158
  157  156  155  154  153  153  153  153  153  153  153  154  155  156  157  158
  159  160  161  163  164  165  166  167  168  169  170  170  171  171  172  172
  173  172  173  173  179  169  170  178  187                                   
    82.5-180.0 180.0   5.0 450.0                            LAT/LON1/LON2/DLON/H
  165  169  168  166  165  172  173  174  174  176  177  178  179  180  180  180
  180  179  178  176  175  173  170  168  166  163  161  158  156  153  151  149
  147  146  145  144  143  142  142  141  141  142  142  142  143  144  146  147
  149  151  153  155  157  158  160  161  163  163  164  164  164  164  164  164
  163  162  162  167  171  175  170  166  165                                   
    80.0-180.0 180.0   5.0 450.0                            LAT/LON1/LON2/DLON/H
  157  162  163  161  159  164  167  171  173  176  178  180  182  183  183  184
  183  182  181  179  176  174  171  167  164  161  157  154  151  148  146  144
  142  140  139  138  137  137  136  136  136  136  136  137  138  139  141  143
  145  148  151  153  156  158  160  161  162  163  163  163  163  162  161  161
  160  159  159  160  162  156  156  162  157                                   
    77.5-180.0 180.0   5.0 450.0                            LAT/LON1/LON2/DLON/H
  157  154  159  158  160  166  168  174  177  181  184  187  190  192  193  194
  194  193  191  189  186  183  179  176  172  168  164  160  157  153  151  148
  147  145  144  143  143  142  142  141  141  140  140  140  140  141  143  145
  148  151  154  158  160  163  165  166  166  166  165  164  163  161  160  159
  157  155  155  155  162  153  157  170  157                                   
    75.0-180.0 180.0   5.0 450.0                            LAT/LON1/LON2/DLON/H
  154  152  154  153  154  162  164  170  174  180  183  188  191  193  195  196
  195  194  192  190  187  183  179  175  171  167  163  159  156  153  150  149
  147  146  146  146  146  145  145  144  143  141  140  139  139  139  141  143
  146  150  154  157  160  162  164  164  164  163  162  160  159  157  156  154
  152  151  151  148  153  145  151  157  154                                   
    72.5-180.0 180.0   5.0 450.0                            LAT/LON1/LON2/DLON/H
  152  151  154  157  156  164  167  173  177  183  187  192  195  198  200  201
  200  199  197  194  191  187  183  179  175  170  166  162  158  155  153  152
  151  151  151  152  152  152  151  150  148  145  143  141  140  140  141  143
  147  151  155  159  162  164  165  165  164  162  160  158  156  155  154  152
  150  149  149  146  151  145  152  165  152                                   
    70.0-180.0 180.0   5.0 450.0                            LAT/LON1/LON2/DLON/H
  156  155  156  157  156  163  166  172  176  182  186  191  195  198  199  200
  199  198  196  193  189  186  182  177  173  168  164  160  157  155  153  152
  152  152  153  154  155  154  153  151  149  146  142  139  137  137  138  140
  144  149  153  157  160  162  162  162  160  158  156  154  152  151  151  151
  150  150  150  147  153  148  157  168  156                                   
    67.5-180.0 180.0   5.0 450.0                            LAT/LON1/LON2/DLON/H
  166  165  167  168  167  173  175  180  183  189  193  198  201  204  205  205
  204  203  201  198  195  191  187  183  179  175  170  167  164  162  160  160
  160  160  161  162  162  162  161  159  156  152  148  144  142  141  142  144
  148  153  158  162  165  167  167  165  163  161  159  158  158  158  159  160
  159  159  159  157  160  156  164  176  166                                   
    65.0-180.0 180.0   5.0 450.0                            LAT/LON1/LON2/DLON/H
  176  174  175  176  173  178  178  182  186  191  194  198  202  204  205  205
  204  203  201  198  196  193  189  185  181  178  174  171  169  167  166  165
  165  164  165  165  165  164  163  160  157  152  148  145  142  141  141  144
  148  152  157  161  164  165  165  163  162  160  159  159  160  162  164  166
  166  168  168  166  171  166  175  186  176                                   
    62.5-180.0 180.0   5.0 450.0                            LAT/LON1/LON2/DLON/H
  189  186  187  187  183  187  186  188  190  194  197  201  204  206  207  207
  206  205  203  201  199  197  194  191  188  185  182  180  179  178  177  175
  174  172  171  169  168  167  165  163  159  155  151  148  145  144  144  146
  149  153  157  160  163  164  164  164  163  163  163  165  168  171  174  177
  178  179  179  177  180  174  183  195  189                                   
    60.0-180.0 180.0   5.0 450.0                            LAT/LON1/LON2/DLON/H
  200  197  197  198  193  195  193  194  195  198  200  203  205  207  207  207
  207  206  205  203  202  200  198  196  194  192  191  191  191  191  190  188
  184  181  177  174  172  170  168  165  162  158  155  152  149  147  147  148
  150  152  155  158  160  162  163  163  165  166  169  172  176  181  185  189
  189  190  190  186  189  183  192  204  200                                   
    57.5-180.0 180.0   5.0 450.0                            LAT/LON1/LON2/DLON/H
  211  208  208  208  203  205  202  201  201  202  203  204  206  207  207  207
  207  206  205  205  204  204  202  201  200  200  201  203  205  206  205  202
  196  190  184  179  175  173  170  168  165  163  160  157  154  152  151  150
  150  150  152  154  156  158  161  164  167  171  176  181  187  192  197  200
  200  200  199  195  197  189  199  211  211                                   
    55.0-180.0 180.0   5.0 450.0                            LAT/LON1/LON2/DLON/H
  222  219  219  219  215  217  213  212  210  209  208  208  207  207  207  207
  206  206  206  206  206  206  205  205  205  206  209  214  218  220  219  215
  208  199  191  185  180  177  175  173  171  169  166  164  161  158  155  152
  150  148  148  149  151  154  159  165  171  178  185  193  199  205  209  212
  211  210  208  203  203  196  206  218  222                                   
    52.5-180.0 180.0   5.0 450.0                            LAT/LON1/LON2/DLON/H
  233  229  230  231  228  230  227  225  222  219  215  212  210  209  208  207
  206  205  206  206  207  207  207  207  207  210  215  222  228  231  231  225
  216  206  197  189  185  182  181  179  177  175  173  170  167  164  159  154
  149  145  143  143  146  150  158  166  176  186  196  204  211  217  221  223
  221  220  217  211  211  204  213  225  233                                   
    50.0-180.0 180.0   5.0 450.0                            LAT/LON1/LON2/DLON/H
  245  242  243  245  244  247  245  243  238  233  226  221  216  212  210  208
  206  206  206  207  208  209  209  208  209  213  219  227  234  238  237  231
  221  210  200  194  191  190  190  188  186  184  181  178  174  169  163  156
  149  143  140  139  142  148  158  169  182  195  207  217  225  230  233  235
  233  231  228  221  221  213  223  234  245                                   
    47.5-180.0 180.0   5.0 450.0                            LAT/LON1/LON2/DLON/H
  259  256  257  260  261  266  265  263  258  251  241  233  225  219  214  211
  208  208  208  210  211  212  212  211  211  215  221  229  236  240  238  231
  221  211  203  199  199  200  201  200  197  193  189  185  180  175  168  159
  151  143  139  138  141  148  160  174  189  205  218  229  237  243  246  247
  245  244  241  235  233  226  235  246  259                                   
    45.0-180.0 180.0   5.0 450.0                            LAT/LON1/LON2/DLON/H
  274  272  272  276  278  286  287  286  281  273  260  249  237  228  222  217
  214  212  213  215  217  218  217  216  216  218  223  230  236  238  235  228
  218  210  206  206  210  215  218  216  212  205  199  193  188  181  173  164
  155  147  142  140  144  151  164  179  196  213  228  241  249  255  258  260
  259  258  256  251  249  242  250  260  274                                   
    42.5-180.0 180.0   5.0 450.0                            LAT/LON1/LON2/DLON/H
  290  287  286  291  295  304  308  308  305  296  282  268  254  242  233  226
  222  221  222  224  227  228  227  225  224  224  228  232  236  235  230  223
  215  210  211  217  226  234  238  237  230  221  212  204  197  190  181  172
  162  154  148  147  150  157  169  184  202  219  235  249  258  265  269  272
  272  273  273  268  266  259  266  275  290                                   
    40.0-180.0 180.0   5.0 450.0                            LAT/LON1/LON2/DLON/H
  304  302  300  305  310  321  326  329  327  319  306  290  275  261  249  240
  235  233  234  237  241  242  241  239  236  235  236  238  238  235  228  220
  215  215  221  233  247  259  264  261  252  240  228  218  209  201  192  182
  172  164  159  157  158  164  174  188  204  221  238  252  263  272  278  282
  284  287  288  285  283  275  282  290  304                                   
    37.5-180.0 180.0   5.0 450.0                            LAT/LON1/LON2/DLON/H
  317  314  312  317  324  335  342  347  348  343  331  316  299  283  269  259
  252  249  250  254  258  260  259  256  253  251  250  249  245  239  231  223
  221  225  237  254  272  286  292  288  277  262  247  234  224  215  205  195
  185  177  171  168  168  171  178  189  202  219  235  250  264  274  282  288
  292  298  301  299  298  290  296  303  317                                   
    35.0-180.0 180.0   5.0 450.0                            LAT/LON1/LON2/DLON/H
  328  325  324  328  336  348  356  364  368  367  358  345  328  311  294  281
  272  267  268  272  277  279  279  276  273  270  268  265  258  249  240  233
  233  241  257  278  299  314  319  313  300  283  267  252  240  229  218  207
  197  189  183  178  176  176  179  186  197  210  226  243  258  270  281  289
  295  304  308  309  308  302  308  315  328                                   
    32.5-180.0 180.0   5.0 450.0                            LAT/LON1/LON2/DLON/H
  336  333  335  339  349  362  372  381  390  392  387  377  362  343  325  308
  296  289  288  291  296  299  299  297  294  291  289  284  276  265  254  248
  250  261  279  301  321  335  338  332  318  301  284  268  254  242  230  218
  207  198  191  185  181  178  177  180  187  198  213  230  247  262  275  285
  294  304  311  314  315  310  318  326  336                                   
    30.0-180.0 180.0   5.0 450.0                            LAT/LON1/LON2/DLON/H
  344  342  346  353  365  379  391  403  414  421  420  414  400  381  360  340
  324  313  309  311  315  318  319  317  314  312  310  305  296  284  272  266
  268  279  296  316  333  343  345  338  325  309  293  278  263  250  236  224
  212  202  194  186  180  175  172  171  174  183  197  214  233  249  264  277
  287  301  310  315  318  316  326  336  344                                   
    27.5-180.0 180.0   5.0 450.0                            LAT/LON1/LON2/DLON/H
  352  351  359  369  385  400  415  429  444  454  458  455  443  425  401  377
  356  340  333  332  334  336  336  334  332  330  328  323  314  301  288  280
  281  289  303  318  329  334  334  327  317  305  292  278  264  250  235  222
  210  199  189  181  174  167  162  160  161  167  180  197  217  235  251  266
  279  295  308  315  320  321  333  346  352                                   
    25.0-180.0 180.0   5.0 450.0                            LAT/LON1/LON2/DLON/H
  361  362  373  387  407  426  443  461  478  492  498  499  489  472  447  419
  393  373  360  355  355  355  353  349  346  343  341  336  326  312  298  288
  285  288  295  302  306  307  304  299  293  286  278  267  254  240  226  212
  200  188  178  169  161  155  150  147  148  153  164  182  202  221  239  255
  270  289  305  315  322  327  340  356  361                                   
    22.5-180.0 180.0   5.0 450.0                            LAT/LON1/LON2/DLON/H
  373  375  388  406  431  452  474  494  514  530  540  544  537  521  496  466
  436  410  393  383  379  375  369  362  356  351  347  341  330  315  299  285
  276  273  272  271  268  263  259  256  256  255  253  247  236  223  209  196
  183  171  161  152  145  140  137  135  136  141  152  169  190  210  229  246
  263  285  304  316  326  334  349  367  373                                   
    20.0-180.0 180.0   5.0 450.0                            LAT/LON1/LON2/DLON/H
  386  389  404  423  452  477  502  525  547  566  578  585  581  568  545  515
  483  454  432  417  407  397  386  374  362  353  345  337  325  309  290  272
  258  247  238  229  220  213  208  208  213  219  222  220  212  200  187  175
  163  152  141  133  127  125  124  124  127  133  144  161  182  203  223  241
  260  284  306  320  332  342  358  378  386                                   
    17.5-180.0 180.0   5.0 450.0                            LAT/LON1/LON2/DLON/H
  400  404  418  437  468  496  524  548  573  593  608  617  617  608  590  564
  533  502  476  456  439  423  404  384  365  350  339  327  314  296  275  253
  233  216  200  186  174  165  161  164  173  185  193  194  187  177  165  153
  142  132  122  115  111  110  112  115  120  127  140  157  178  200  221  242
  262  288  311  327  339  352  368  388  400                                   
    15.0-180.0 180.0   5.0 450.0                            LAT/LON1/LON2/DLON/H
  414  418  431  447  479  508  537  561  586  607  624  635  640  637  625  604
  578  549  521  496  473  449  422  394  368  346  330  315  300  280  258  234
  210  188  169  152  139  130  128  134  146  160  170  172  166  156  145  135
  125  115  107  100   97   98  102  108  114  124  137  155  178  201  224  246
  268  295  319  336  348  362  379  398  414                                   
    12.5-180.0 180.0   5.0 450.0                            LAT/LON1/LON2/DLON/H
  426  432  444  455  486  513  541  563  588  608  625  638  646  648  644  631
  612  587  561  533  504  472  438  403  370  343  321  304  287  268  245  220
  194  171  151  134  122  115  115  122  134  148  158  159  153  142  131  121
  112  103   95   90   87   89   95  102  110  120  134  154  178  203  228  251
  275  303  328  346  357  372  390  407  426                                   
    10.0-180.0 180.0   5.0 450.0                            LAT/LON1/LON2/DLON/H
  440  448  458  464  492  514  539  557  579  598  614  627  637  643  644  640
  629  611  588  560  528  490  450  409  372  341  316  297  279  261  240  216
  192  169  150  136  126  122  123  130  141  152  158  156  147  135  123  113
  104   96   89   84   82   84   90   97  106  116  130  151  176  204  231  257
  282  311  336  355  366  383  402  417  440                                   
     7.5-180.0 180.0   5.0 450.0                            LAT/LON1/LON2/DLON/H
  455  466  475  477  501  517  537  549  567  582  595  607  616  623  629  631
  627  617  599  573  539  499  455  412  373  341  315  295  279  264  246  225
