data/edconvlstm_nd/pred0650.15i
     1.0            IONOSPHERE MAPS     GNSS                IONEX VERSION / TYPE
pyspatialgeodesy        IME             05-JAN-18 20:20     PGM / RUN BY / DATE 
Map Name                                                    COMMENT             
Predicted global ionosphere maps (GIM).                     DESCRIPTION         
  2015     3     6     0     0     0                        EPOCH OF FIRST MAP  
  2015     3     7     0     0     0                        EPOCH OF LAST MAP   
  7200                                                      INTERVAL            
    13                                                      # OF MAPS IN FILE   
  NONE                                                      MAPPING FUNCTION    
10.0                                                        ELEVATION CUTOFF    
One-way carrier phase leveled to code                       OBSERVABLES USED    
  6371.0                                                    BASE RADIUS         
 2                                                          MAP DIMENSION       
   450.0 450.0   0.0                                        HGT1 / HGT2 / DHGT  
    87.5 -87.5  -2.5                                        LAT1 / LAT2 / DLAT  
  -180.0 180.0   5.0                                        LON1 / LON2 / DLON  
    -1                                                      EXPONENT            
                                                            END OF HEADER       
[from data line 4719]
    12                                                      START OF TEC MAP    
  2015     3     6    22     0     0                        EPOCH OF CURRENT MAP
    87.5-180.0 180.0   5.0 450.0                            LAT/LON1/LON2/DLON/H
  183  170  156  164  166  164  164  164  163  165  165  166  167  167  168  168
  168  168  167  166  165  164  163  161  160  158  156  154  152  151  149  147
  146  144  143  141  140  139  138  138  137  137  137  137  137  138  138  139
  140  141  142  143  145  146  147  148  150  151  152  153  154  154  155  155
  156  156  156  157  168  166  171  172  183                                   
    85.0-180.0 180.0   5.0 450.0                            LAT/LON1/LON2/DLON/H
  180  176  180  173  170  173  174  175  176  177  178  179  179  180  181  181
  180  180  179  178  176  174  172  170  168  165  163  161  158  156  153  151
  149  147  145  143  142  141  140  139  138  138  138  139  139  140  142  143
  144  146  148  149  151  153  155  157  158  160  162  163  164  166  167  167
  169  169  169  167  171  165  164  169  180                                   
    82.5-180.0 180.0   5.0 450.0                            LAT/LON1/LON2/DLON/H
  162  165  167  165  166  169  175  175  176  179  181  184  185  187  188  189
  188  187  186  183  180  177  174  170  166  163  159  156  152  149  145  142
  139  136  133  131  129  127  125  124  123  122  122  122  123  124  125  127
  129  131  134  136  139  141  144  146  149  151  153  155  157  159  160  161
  163  163  163  167  167  175  165  165  162                                   
    80.0-180.0 180.0   5.0 450.0                            LAT/LON1/LON2/DLON/H
  153  160  166  163  164  164  172  178  182  187  192  196  200  203  204  205
  204  202  199  194  190  185  179  174  169  164  159  154  149  145  141  136
  132  129  125  122  119  116  114  112  110  109  109  109  110  111  113  115
  117  120  123  126  129  132  135  138  141  144  146  149  151  153  155  157
  159  160  161  164  160  162  158  165  153                                   
    77.5-180.0 180.0   5.0 450.0                            LAT/LON1/LON2/DLON/H
  157  158  168  164  169  172  180  187  193  200  208  215  221  225  228  228
  226  222  217  210  203  196  189  182  175  170  164  159  154  149  145  140
  136  132  128  124  120  117  114  111  108  106  105  104  104  105  106  107
  109  112  114  117  120  122  125  127  130  132  135  137  140  142  145  148
  150  153  156  159  161  161  167  178  157                                   
    75.0-180.0 180.0   5.0 450.0                            LAT/LON1/LON2/DLON/H
  162  167  173  168  173  178  185  193  203  214  223  232  239  244  246  245
  241  235  227  217  208  198  189  181  174  168  162  157  153  148  143  139
  135  131  127  123  120  117  113  110  108  105  103  102  101  101  101  102
  103  104  106  107  109  110  111  113  114  116  117  120  122  125  129  134
  137  143  148  151  154  157  165  166  162                                   
    72.5-180.0 180.0   5.0 450.0                            LAT/LON1/LON2/DLON/H
  171  177  183  185  187  192  201  209  219  231  242  253  261  267  268  265
  259  250  239  226  214  202  191  182  174  167  161  155  150  145  140  135
  131  127  124  121  118  115  112  110  107  104  102  100   98   97   96   96
   96   97   97   97   97   97   97   96   96   97   98  100  102  106  111  116
  121  129  138  143  149  157  169  178  171                                   
    70.0-180.0 180.0   5.0 450.0                            LAT/LON1/LON2/DLON/H
  184  191  197  196  199  204  211  221  232  245  257  268  276  280  280  275
  266  254  240  225  210  197  185  175  166  159  152  145  139  134  128  123
  119  115  112  109  107  105  104  102  101   99   97   95   93   91   90   89
   88   88   87   86   85   83   81   80   78   77   78   79   81   85   91   98
  105  115  127  136  147  160  176  184  184                                   
    67.5-180.0 180.0   5.0 450.0                            LAT/LON1/LON2/DLON/H
  201  208  215  217  221  227  234  244  255  268  280  291  299  302  300  294
  283  269  254  237  221  206  193  181  171  162  154  145  137  129  122  116
  110  105  102   99   98   97   96   96   95   95   93   92   90   88   86   85
   84   83   82   81   79   77   75   72   70   69   69   70   72   76   82   90
   99  110  123  134  147  164  181  192  201                                   
    65.0-180.0 180.0   5.0 450.0                            LAT/LON1/LON2/DLON/H
  209  218  226  230  235  241  248  257  267  280  291  302  309  312  310  303
  292  278  261  244  228  212  198  185  173  162  151  141  130  120  111  102
   95   89   85   82   81   80   81   82   83   83   83   82   80   78   76   75
   73   72   71   70   69   67   65   63   61   60   60   61   63   67   74   82
   91  104  118  130  146  166  186  198  209                                   
    62.5-180.0 180.0   5.0 450.0                            LAT/LON1/LON2/DLON/H
  213  224  235  240  248  255  263  272  281  291  301  311  317  320  319  314
  305  292  278  262  245  229  213  199  184  170  157  143  130  118  106   96
   86   79   73   69   67   66   67   69   71   72   73   73   71   69   67   65
   64   63   63   63   63   62   61   60   59   58   59   60   63   68   74   83
   91  104  117  129  143  165  183  196  213                                   
    60.0-180.0 180.0   5.0 450.0                            LAT/LON1/LON2/DLON/H
  213  226  239  247  258  265  274  282  290  299  307  314  319  323  324  322
  316  307  295  281  265  249  232  215  198  182  166  151  136  122  109   96
   85   75   68   62   59   57   58   60   62   64   66   66   65   62   60   57
   56   56   56   57   59   60   60   61   61   61   62   64   68   73   80   88
   97  109  121  131  143  164  182  195  213                                   
    57.5-180.0 180.0   5.0 450.0                            LAT/LON1/LON2/DLON/H
  214  229  244  253  267  276  286  293  300  305  310  314  319  323  326  328
  327  323  314  302  286  269  251  232  213  196  179  163  148  134  119  105
   92   81   71   64   59   56   56   57   60   62   64   64   63   60   57   54
   52   52   53   56   59   62   64   66   67   68   70   73   77   83   91  101
  110  121  132  140  148  166  182  194  214                                   
    55.0-180.0 180.0   5.0 450.0                            LAT/LON1/LON2/DLON/H
  221  239  256  265  282  292  303  309  313  314  315  316  318  322  328  333
  336  336  330  319  304  286  266  246  228  210  194  179  165  151  136  121
  107   94   82   73   67   63   62   62   64   66   68   69   67   64   60   57
   54   54   56   60   64   69   73   76   78   79   81   84   89   96  106  117
  128  140  152  158  162  178  191  200  221                                   
    52.5-180.0 180.0   5.0 450.0                            LAT/LON1/LON2/DLON/H
  237  257  275  284  303  314  326  330  331  328  324  320  320  322  328  336
  342  344  339  329  314  295  276  256  239  223  208  195  182  168  154  138
  123  109   97   87   80   76   73   73   74   76   77   78   77   74   70   66
   63   63   65   69   75   81   86   89   91   92   93   95  101  109  121  135
  148  163  175  182  185  199  211  216  237                                   
    50.0-180.0 180.0   5.0 450.0                            LAT/LON1/LON2/DLON/H
  263  282  302  309  330  344  355  358  356  349  340  331  326  326  331  338
  345  347  342  332  317  299  281  263  247  234  221  209  196  182  166  149
  133  119  108  100   94   90   87   86   86   87   89   90   90   88   84   80
   78   77   79   84   90   97  102  105  105  104  104  105  109  118  132  149
  166  185  200  210  215  228  240  243  263                                   
    47.5-180.0 180.0   5.0 450.0                            LAT/LON1/LON2/DLON/H
  295  313  331  338  360  375  386  388  385  375  361  348  339  335  337  342
  346  346  340  329  314  299  283  268  255  243  230  217  202  185  167  150
  133  120  111  106  102  100   98   96   96   97   99  102  103  102  100   97
   95   95   97  102  108  114  119  120  119  116  113  112  115  124  140  159
  179  202  221  236  245  260  274  276  295                                   
    45.0-180.0 180.0   5.0 450.0                            LAT/LON1/LON2/DLON/H
  327  343  359  365  386  402  413  416  413  402  386  370  357  350  348  348
  347  343  335  324  311  299  286  275  263  250  235  218  198  178  157  138
  122  112  106  105  105  105  104  103  102  103  106  110  113  114  114  113
  112  113  115  119  125  131  134  135  132  126  120  117  119  128  144  165
  187  213  236  256  271  289  308  313  327                                   
    42.5-180.0 180.0   5.0 450.0                            LAT/LON1/LON2/DLON/H
  352  368  383  387  405  420  432  435  434  424  409  393  378  369  362  357
  351  343  333  322  312  302  293  283  271  255  235  211  187  162  140  121
  108  101   99  102  106  108  109  107  106  106  109  114  118  122  124  125
  125  126  129  133  139  144  147  147  142  135  127  122  123  131  147  168
  191  219  244  267  287  310  333  344  352                                   
    40.0-180.0 180.0   5.0 450.0                            LAT/LON1/LON2/DLON/H
  369  386  399  400  416  428  439  443  444  439  427  414  400  389  380  371
  360  348  337  327  319  312  304  293  278  257  231  202  174  149  129  113
  104  100  102  107  112  116  115  113  110  110  112  117  121  125  128  131
  133  135  138  142  147  152  155  154  149  141  132  126  127  134  149  170
  192  219  245  269  292  321  348  364  369                                   
    37.5-180.0 180.0   5.0 450.0                            LAT/LON1/LON2/DLON/H
  378  398  411  408  422  429  439  442  446  444  438  429  419  410  399  387
  373  359  348  340  333  327  317  303  283  257  227  197  170  149  136  127
  123  122  125  129  133  134  131  125  120  118  119  121  124  127  130  133
  135  138  141  145  150  156  159  158  153  145  136  130  131  138  153  173
  193  217  242  266  289  322  353  371  378                                   
    35.0-180.0 180.0   5.0 450.0                            LAT/LON1/LON2/DLON/H
  386  407  421  416  427  430  438  439  444  446  444  440  435  428  418  405
  390  376  366  359  353  344  330  311  287  259  229  202  183  173  171  173
  174  175  175  175  173  168  159  149  140  134  132  132  131  131  132  134
  136  139  141  145  149  154  158  158  153  146  138  134  135  143  158  177
  196  218  241  264  285  321  354  372  386                                   
    32.5-180.0 180.0   5.0 450.0                            LAT/LON1/LON2/DLON/H
  399  423  439  430  441  439  445  444  448  450  451  451  449  444  435  423
  409  397  388  381  372  358  339  316  291  265  240  223  218  224  238  252
  260  259  253  243  231  217  200  183  170  160  154  149  145  140  138  137
  138  139  141  143  146  150  154  154  151  145  138  135  138  148  165  185
  203  225  246  267  288  324  359  374  399                                   
    30.0-180.0 180.0   5.0 450.0                            LAT/LON1/LON2/DLON/H
  424  450  469  459  470  465  470  464  466  466  466  466  464  461  453  441
  429  418  409  401  387  367  343  318  296  277  265  263  276  302  335  362
  374  368  350  326  300  275  249  226  207  194  184  175  165  157  150  147
  145  144  143  142  143  146  149  149  146  141  137  136  141  154  173  195
  214  237  258  280  300  338  373  386  424                                   
    27.5-180.0 180.0   5.0 450.0                            LAT/LON1/LON2/DLON/H
  463  492  513  506  519  513  516  506  504  499  495  490  486  481  472  460
  447  436  427  414  395  370  343  321  307  301  305  321  354  401  451  488
  500  484  450  408  367  330  296  267  245  229  217  205  192  179  170  163
  159  155  150  146  143  143  144  143  140  136  134  135  142  158  181  207
  229  255  278  302  323  362  399  409  463                                   
    25.0-180.0 180.0   5.0 450.0                            LAT/LON1/LON2/DLON/H
  513  546  569  569  587  583  584  571  564  552  540  528  518  507  495  480
  466  453  439  422  398  369  344  330  329  340  361  397  447  509  570  609
  614  584  530  471  416  369  330  299  276  260  247  235  220  206  195  187
  180  172  163  154  147  144  142  139  136  132  130  132  142  160  187  217
  244  275  302  330  354  393  434  442  513                                   
    22.5-180.0 180.0   5.0 450.0                            LAT/LON1/LON2/DLON/H
  568  605  630  640  665  665  667  654  643  624  603  582  562  543  524  505
  486  469  450  428  400  372  354  353  368  396  436  485  545  611  669  700
  691  643  572  497  432  381  342  312  292  279  269  258  246  234  223  215
  206  195  181  167  155  147  142  137  132  128  126  130  141  162  191  225
  258  295  327  359  386  427  473  482  568                                   
    20.0-180.0 180.0   5.0 450.0                            LAT/LON1/LON2/DLON/H
  618  659  688  706  741  747  752  742  731  708  679  648  618  591  564  537
  512  489  465  439  410  388  381  395  427  471  520  573  629  684  725  736
  707  642  559  477  411  363  328  305  290  282  277  271  264  257  249  243
  234  220  202  182  165  153  144  137  131  126  124  128  140  162  194  231
  269  311  348  384  414  457  508  520  618                                   
    17.5-180.0 180.0   5.0 450.0                            LAT/LON1/LON2/DLON/H
  653  698  730  754  796  810  822  818  811  790  758  721  683  648  613  580
  548  519  491  463  438  425  431  459  505  556  603  643  678  707  720  705
  655  578  491  414  357  320  297  283  275  272  272  273  272  271  269  265
  256  241  220  196  175  158  147  138  130  124  121  125  139  162  196  235
  276  322  363  401  432  479  533  548  653                                   
    15.0-180.0 180.0   5.0 450.0                            LAT/LON1/LON2/DLON/H
  669  714  750  775  821  843  862  867  868  852  825  788  749  710  671  632
  596  562  532  506  488  486  504  542  590  635  666  679  680  672  650  607
  541  463  387  327  289  269  261  258  257  259  262  266  271  275  277  276
  269  253  230  205  181  162  148  138  129  121  118  123  137  161  197  238
  280  327  370  408  441  491  544  563  669                                   
    12.5-180.0 180.0   5.0 450.0                            LAT/LON1/LON2/DLON/H
  666  708  746  770  818  845  870  882  892  886  867  839  804  768  731  692
  654  620  591  570  561  568  593  631  669  695  697  674  635  587  533  469
  399  333  279  245  231  232  239  245  249  250  253  258  264  271  276  276
  269  254  232  207  183  164  150  139  129  120  116  120  135  161  197  239
  281  328  371  407  442  492  543  565  666                                   
    10.0-180.0 180.0   5.0 450.0                            LAT/LON1/LON2/DLON/H
  650  692  728  749  794  823  851  868  886  890  882  865  842  816  785  751
  717  687  663  648  647  658  681  708  727  725  693  634  559  481  405  335
  276  230  204  198  208  226  244  255  258  257  254  255  259  264  267  266
  259  246  227  205  183  166  153  142  132  122  117  121  136  163  200  241
  282  328  369  404  438  488  537  561  650                                   
     7.5-180.0 180.0   5.0 450.0                            LAT/LON1/LON2/DLON/H
  632  674  707  722  761  788  817  837  859  871  873  869  860  846  827  802
  776  752  735  726  728  739  752  761  755  723  661  575  479  387  309  249
