data/edconvlstm_nd/pred2900.15i
     1.0            IONOSPHERE MAPS     GNSS                IONEX VERSION / TYPE
pyspatialgeodesy        IME             05-JAN-18 20:20     PGM / RUN BY / DATE 
Map Name                                                    COMMENT             
Predicted global ionosphere maps (GIM).                     DESCRIPTION         
  2015    10    17     0     0     0                        EPOCH OF FIRST MAP  
  2015    10    18     0     0     0                        EPOCH OF LAST MAP   
  7200                                                      INTERVAL            
    13                                                      # OF MAPS IN FILE   
  NONE                                                      MAPPING FUNCTION    
10.0                                                        ELEVATION CUTOFF    
One-way carrier phase leveled to code                       OBSERVABLES USED    
  6371.0                                                    BASE RADIUS         
 2                                                          MAP DIMENSION       
   450.0 450.0   0.0                                        HGT1 / HGT2 / DHGT  
    87.5 -87.5  -2.5                                        LAT1 / LAT2 / DLAT  
  -180.0 180.0   5.0                                        LON1 / LON2 / DLON  
    -1                                                      EXPONENT            
                                                            END OF HEADER       
[from data line 3003]
     8                                                      START OF TEC MAP    
  2015    10    17    14     0     0                        EPOCH OF CURRENT MAP
    87.5-180.0 180.0   5.0 450.0                            LAT/LON1/LON2/DLON/H
   66   79   83   87   92   92   93   90   91   94   94   95   96   96   97   97
   97   98   98   98   98   98   98   97   97   97   96   95   95   94   92   91
   89   88   86   84   82   81   79   77   76   74   73   72   72   71   71   71
   71   71   71   71   72   72   73   73   74   74   74   75   75   76   76   77
   78   79   76   73   76   77   90   90   66                                   
    85.0-180.0 180.0   5.0 450.0                            LAT/LON1/LON2/DLON/H
   72   87  102   87   90   94   94   96   97   99   99  100  100  100  101  101
  102  102  103  103  104  104  105  105  106  106  106  105  105  104  103  101
   99   97   95   92   90   87   85   82   80   78   77   75   74   74   73   73
   73   73   74   74   75   75   76   77   78   78   79   80   81   81   82   83
   84   84   80   77   79   82   89   86   72                                   
    82.5-180.0 180.0   5.0 450.0                            LAT/LON1/LON2/DLON/H
   64   77   87   78   81   85   87   88   89   91   91   93   92   93   93   94
   94   95   96   97   99  100  102  103  105  106  107  107  107  107  105  104
  101   99   96   92   89   85   82   78   75   72   70   68   67   65   65   65
   65   65   65   66   67   68   68   69   70   71   71   72   72   72   73   73
   75   75   71   68   73   83   82   80   64                                   
    80.0-180.0 180.0   5.0 450.0                            LAT/LON1/LON2/DLON/H
   54   64   75   67   70   70   73   73   76   77   77   78   78   78   78   79
   79   80   82   84   86   89   92   95   98  100  102  104  105  105  104  102
   99   96   93   89   85   81   76   72   69   65   62   60   58   57   56   56
   56   57   58   59   61   62   63   64   65   65   66   66   66   66   66   66
   66   66   65   63   64   73   72   76   54                                   
    77.5-180.0 180.0   5.0 450.0                            LAT/LON1/LON2/DLON/H
   59   62   63   56   58   58   59   60   61   61   61   62   62   63   63   64
   65   66   68   71   74   78   82   87   91   95   99  102  103  103  103  101
   99   95   92   87   83   78   74   69   65   61   57   54   52   51   51   51
   52   53   55   56   58   60   61   62   63   63   63   63   62   61   60   59
   59   58   57   57   56   59   62   66   59                                   
    75.0-180.0 180.0   5.0 450.0                            LAT/LON1/LON2/DLON/H
   44   51   50   47   48   47   47   46   47   48   48   49   49   49   50   50
   52   53   56   60   64   69   75   81   87   93   98  101  104  105  104  103
  100   97   94   90   86   82   77   73   69   65   61   58   56   54   54   54
   54   55   57   58   59   60   61   62   62   62   62   61   60   58   57   56
   54   54   53   51   52   52   53   49   44                                   
    72.5-180.0 180.0   5.0 450.0                            LAT/LON1/LON2/DLON/H
   43   47   46   43   41   40   39   38   38   38   38   39   40   41   42   43
   44   46   49   54   59   65   72   79   86   92   98  101  104  104  104  103
  100   98   95   92   89   86   82   79   75   71   67   64   61   59   58   58
   58   58   59   59   59   59   59   59   59   58   58   57   56   55   53   51
   49   48   48   46   47   48   50   51   43                                   
    70.0-180.0 180.0   5.0 450.0                            LAT/LON1/LON2/DLON/H
   39   44   44   41   39   36   34   33   34   35   35   37   37   39   40   41
   43   45   49   54   60   68   76   84   92   98  103  107  108  108  107  106
  104  102  100   98   96   94   92   90   87   83   79   76   73   70   68   66
   65   64   63   61   60   58   57   56   55   55   55   55   55   54   52   51
   49   47   47   45   47   47   53   53   39                                   
    67.5-180.0 180.0   5.0 450.0                            LAT/LON1/LON2/DLON/H
   37   43   42   40   37   35   34   34   34   35   36   38   40   42   44   46
   48   51   56   61   69   77   85   93  100  106  110  112  112  110  108  106
  104  102  101  100  100  100   99   98   96   93   89   85   82   78   75   73
   70   67   64   61   58   54   52   50   50   50   51   52   53   53   52   51
   48   46   45   42   44   46   50   49   37                                   
    65.0-180.0 180.0   5.0 450.0                            LAT/LON1/LON2/DLON/H
   34   41   39   39   35   33   32   33   34   36   38   41   44   47   49   52
   55   59   65   72   80   89   97  106  112  117  119  119  118  115  112  109
  107  105  105  105  105  106  107  106  105  102   99   94   90   86   81   77
   73   69   64   58   53   49   45   43   42   43   45   48   50   51   51   50
   48   45   44   41   44   46   50   50   34                                   
    62.5-180.0 180.0   5.0 450.0                            LAT/LON1/LON2/DLON/H
   32   38   36   36   34   32   32   33   35   38   40   44   48   52   56   59
   64   69   76   84   92  102  111  118  124  127  128  126  124  121  117  114
  111  110  109  109  109  110  111  111  110  107  103   99   94   89   83   78
   73   67   61   55   48   42   38   36   36   37   40   44   47   49   50   49
   46   43   41   39   40   42   46   46   32                                   
    60.0-180.0 180.0   5.0 450.0                            LAT/LON1/LON2/DLON/H
   31   35   33   33   30   28   29   30   33   36   40   45   49   54   59   64
   70   76   84   93  102  112  120  127  132  134  134  133  130  127  124  121
  118  116  115  114  114  114  114  114  112  109  105  100   94   89   83   78
   72   66   59   52   45   39   34   32   31   33   37   41   45   47   48   47
   43   40   38   35   37   38   41   41   31                                   
    57.5-180.0 180.0   5.0 450.0                            LAT/LON1/LON2/DLON/H
   30   33   31   31   29   27   28   30   33   36   40   44   49   55   61   67
   74   82   91  101  111  120  129  135  139  141  141  140  139  138  136  134
  131  128  125  123  122  121  120  119  116  113  108  103   98   92   87   81
   76   69   63   56   49   43   38   36   35   37   40   44   48   50   50   49
   45   41   38   36   37   37   38   39   30                                   
    55.0-180.0 180.0   5.0 450.0                            LAT/LON1/LON2/DLON/H
   33   35   33   32   30   29   30   31   33   35   38   43   48   54   61   69
   77   87   96  107  117  126  134  140  143  145  147  148  148  149  149  148
  146  142  138  135  132  129  127  125  122  118  113  109  103   98   93   89
   83   78   72   65   59   54   49   47   46   47   49   52   55   56   56   54
   50   45   43   40   40   39   39   40   33                                   
    52.5-180.0 180.0   5.0 450.0                            LAT/LON1/LON2/DLON/H
   39   39   38   38   35   35   35   35   35   36   38   41   46   53   61   70
   80   90  101  112  122  131  139  144  147  150  152  155  158  161  163  163
  161  157  152  147  143  140  137  134  131  127  123  118  114  109  105  101
   96   91   86   80   75   70   66   64   63   63   63   65   66   66   65   63
   59   54   52   49   49   47   46   46   39                                   
    50.0-180.0 180.0   5.0 450.0                            LAT/LON1/LON2/DLON/H
   49   48   48   48   45   46   45   43   41   40   40   42   46   53   62   72
   83   95  106  118  128  137  144  148  152  155  158  163  167  172  174  175
  172  168  163  157  153  150  148  146  142  139  135  132  128  124  120  116
  112  107  102   97   92   88   85   83   81   80   80   80   79   79   77   75
   71   67   65   62   62   60   59   57   49                                   
    47.5-180.0 180.0   5.0 450.0                            LAT/LON1/LON2/DLON/H
   60   60   60   61   59   61   59   55   51   47   45   46   50   57   66   77
   89  102  114  126  136  144  151  155  159  162  166  170  175  179  182  181
  179  174  169  165  163  161  160  158  156  153  150  147  144  141  136  132
  127  121  116  110  106  102   99   98   97   96   94   93   92   91   89   87
   84   82   80   77   77   76   76   72   60                                   
    45.0-180.0 180.0   5.0 450.0                            LAT/LON1/LON2/DLON/H
   71   72   72   75   73   76   73   69   63   58   53   53   57   64   74   86
   99  112  124  136  146  154  160  165  169  172  175  178  181  183  184  182
  179  176  172  170  171  172  172  172  171  168  166  163  160  156  151  145
  138  131  125  118  113  109  106  105  105  105  104  103  101  100   99   98
   96   94   93   91   92   92   92   87   71                                   
    42.5-180.0 180.0   5.0 450.0                            LAT/LON1/LON2/DLON/H
   79   82   81   86   85   88   85   81   74   69   64   64   67   75   85   98
  111  124  136  147  157  166  172  177  181  183  185  185  185  183  182  179
  177  175  174  176  179  183  186  187  185  183  180  177  173  168  161  153
  144  136  128  120  113  108  105  104  105  106  107  107  106  106  106  105
  104  103  102  100  101  102  102   98   79                                   
    40.0-180.0 180.0   5.0 450.0                            LAT/LON1/LON2/DLON/H
   82   86   85   92   92   95   93   89   83   79   75   76   80   88  100  112
  125  138  149  160  169  178  184  190  193  195  194  191  187  183  179  176
  175  176  179  185  192  198  202  202  200  196  192  187  183  176  167  157
  147  137  127  118  110  104  100   99  100  103  106  107  108  108  108  108
  107  106  105  103  103  104  104  100   82                                   
    37.5-180.0 180.0   5.0 450.0                            LAT/LON1/LON2/DLON/H
   81   84   84   91   93   95   94   92   88   86   84   87   93  103  115  128
  140  151  162  172  181  189  196  201  205  206  203  198  190  184  180  180
  182  187  195  204  213  219  222  221  215  209  203  197  191  182  172  161
  150  139  130  120  111  102   97   95   96  100  104  107  108  108  108  108
  106  104  103   99   98   98   97   95   81                                   
    35.0-180.0 180.0   5.0 450.0                            LAT/LON1/LON2/DLON/H
   77   80   79   86   88   90   90   90   88   89   90   96  104  116  129  142
  154  164  174  183  192  200  206  211  215  215  212  205  197  191  190  194
  203  213  225  236  245  250  249  244  235  225  216  209  201  191  180  169
  158  149  141  132  122  112  104   99  100  103  107  110  111  109  108  107
  104  100   98   93   90   88   86   85   77                                   
    32.5-180.0 180.0   5.0 450.0                            LAT/LON1/LON2/DLON/H
   73   76   74   79   80   80   81   82   84   87   92  101  112  127  142  155
  166  175  184  193  201  208  214  219  222  223  220  214  208  207  212  224
  240  256  270  282  289  290  284  273  260  246  235  226  217  207  196  186
  177  171  166  160  150  139  127  119  117  118  121  122  120  116  113  109
  104   99   95   88   85   79   77   77   73                                   
    30.0-180.0 180.0   5.0 450.0                            LAT/LON1/LON2/DLON/H
   73   74   72   74   73   71   72   73   77   82   90  102  117  134  151  165
  175  184  192  201  209  215  220  224  227  229  228  226  226  232  247  268
  291  313  329  339  342  337  326  309  291  275  262  252  243  234  224  216
  210  208  207  205  196  184  169  157  150  148  147  145  139  132  125  118
  111  105  100   90   86   78   75   74   73                                   
    27.5-180.0 180.0   5.0 450.0                            LAT/LON1/LON2/DLON/H
   79   79   76   74   71   67   66   66   70   75   85   99  117  137  156  171
  182  191  199  208  215  220  224  227  231  235  239  243  251  266  291  322
  353  379  395  402  400  389  372  351  330  312  299  289  281  273  265  258
  256  258  262  263  257  244  227  211  198  191  185  178  168  157  146  136
  127  120  113  103   98   87   82   78   79                                   
    25.0-180.0 180.0   5.0 450.0                            LAT/LON1/LON2/DLON/H
   91   90   85   81   76   70   67   65   66   71   80   95  115  137  157  174
  186  195  204  213  220  225  227  230  235  243  252  263  281  307  342  382
  420  448  462  465  457  441  419  396  374  357  345  337  330  323  316  311
  310  315  322  327  324  311  293  273  256  242  231  219  205  189  174  162
  151  144  135  125  119  107   97   90   91                                   
    22.5-180.0 180.0   5.0 450.0                            LAT/LON1/LON2/DLON/H
  108  107   98   93   86   79   75   70   69   71   78   91  111  134  155  173
  186  197  208  218  225  229  231  234  241  253  268  288  315  351  395  441
  483  511  523  520  507  487  464  441  421  406  397  390  385  379  372  367
  367  371  379  385  384  373  354  332  312  294  278  261  243  225  208  193
  181  175  164  156  148  133  119  109  108                                   
    20.0-180.0 180.0   5.0 450.0                            LAT/LON1/LON2/DLON/H
  128  126  114  107   99   91   87   80   76   76   79   91  109  131  153  171
  185  198  211  223  231  235  237  241  251  267  290  318  352  394  444  493
  535  560  568  561  544  523  501  481  466  455  449  446  441  435  428  420
  416  416  420  424  423  414  397  376  356  336  318  299  279  259  241  225
  213  206  194  189  178  162  144  131  128                                   
    17.5-180.0 180.0   5.0 450.0                            LAT/LON1/LON2/DLON/H
  147  144  130  120  110  102   99   91   86   83   84   94  110  131  151  169
  185  200  215  229  239  244  246  252  266  288  316  350  390  435  485  533
  570  591  594  584  567  547  529  515  505  500  498  495  491  484  473  461
  450  442  439  439  436  428  415  398  380  363  346  327  308  288  270  254
  241  235  221  219  205  187  167  152  147                                   
    15.0-180.0 180.0   5.0 450.0                            LAT/LON1/LON2/DLON/H
  160  156  142  129  118  111  108  101   95   91   91   99  114  133  153  171
  188  205  223  239  250  256  260  269  286  313  347  385  427  471  516  557
  586  600  600  589  574  560  548  541  538  537  536  534  528  518  504  485
  466  449  438  430  424  417  407  396  384  372  359  344  327  309  293  277
  263  256  242  239  225  206  185  168  160                                   
    12.5-180.0 180.0   5.0 450.0                            LAT/LON1/LON2/DLON/H
  166  162  149  134  121  115  113  107  101   97   98  105  119  138  158  177
  196  215  235  253  265  273  279  291  312  343  381  421  460  499  536  566
  586  593  591  582  573  565  561  561  562  564  563  559  550  537  519  495
  468  443  422  408  398  390  384  378  374  368  361  351  338  323  308  293
  278  270  256  251  236  217  196  179  166                                   
    10.0-180.0 180.0   5.0 450.0                            LAT/LON1/LON2/DLON/H
  168  163  150  134  121  114  114  108  104  101  103  111  126  145  166  187
  208  230  252  271  284  293  301  316  341  376  415  454  489  520  546  565
  576  579  576  572  569  568  571  576  580  582  579  571  559  543  521  494
  462  430  403  383  369  361  356  355  356  357  356  351  342  331  318  302
  287  276  262  256  241  222  201  183  168                                   
     7.5-180.0 180.0   5.0 450.0                            LAT/LON1/LON2/DLON/H
  169  161  148  131  117  110  111  106  104  103  107  117  133  153  176  200
  224  248  272  292  306  316  326  343  371  407  446  481  510  533  549  560
