data/edconvlstm_nd/pred1570.15i
     1.0            IONOSPHERE MAPS     GNSS                IONEX VERSION / TYPE
pyspatialgeodesy        IME             05-JAN-18 20:20     PGM / RUN BY / DATE 
Map Name                                                    COMMENT             
Predicted global ionosphere maps (GIM).                     DESCRIPTION         
  2015     6     6     0     0     0                        EPOCH OF FIRST MAP  
  2015     6     7     0     0     0                        EPOCH OF LAST MAP   
  7200                                                      INTERVAL            
    13                                                      # OF MAPS IN FILE   
  NONE                                                      MAPPING FUNCTION    
10.0                                                        ELEVATION CUTOFF    
One-way carrier phase leveled to code                       OBSERVABLES USED    
  6371.0                                                    BASE RADIUS         
 2                                                          MAP DIMENSION       
   450.0 450.0   0.0                                        HGT1 / HGT2 / DHGT  
    87.5 -87.5  -2.5                                        LAT1 / LAT2 / DLAT  
  -180.0 180.0   5.0                                        LON1 / LON2 / DLON  
    -1                                                      EXPONENT            
                                                            END OF HEADER       
[from data line 4719]
    12                                                      START OF TEC MAP    
  2015     6     6    22     0     0                        EPOCH OF CURRENT MAP
    87.5-180.0 180.0   5.0 450.0                            LAT/LON1/LON2/DLON/H
  232  216  200  206  206  206  206  204  204  204  203  203  202  202  201  200
  199  198  197  195  193  192  190  188  186  184  183  181  179  178  177  176
  175  174  173  173  172  172  173  173  173  174  175  176  177  178  179  180
  181  183  184  185  186  187  188  189  190  191  192  193  194  195  196  196
  197  197  197  200  209  214  210  220  232                                   
    85.0-180.0 180.0   5.0 450.0                            LAT/LON1/LON2/DLON/H
  223  222  224  218  213  217  217  217  217  217  216  216  215  215  214  213
  212  210  208  206  204  202  200  197  195  192  190  187  185  183  181  180
  178  177  176  175  175  175  175  176  176  177  178  180  181  183  184  186
  187  189  191  192  194  196  197  198  200  201  202  203  204  205  206  207
  209  209  211  211  215  207  208  220  223                                   
    82.5-180.0 180.0   5.0 450.0                            LAT/LON1/LON2/DLON/H
  210  217  218  216  214  219  221  221  219  220  220  220  219  219  218  217
  215  214  211  209  206  202  199  195  191  187  183  180  176  173  170  167
  165  164  162  162  161  161  162  163  164  165  167  169  172  174  176  179
  182  184  187  189  191  193  195  196  197  199  200  201  202  203  204  205
  206  206  207  213  213  218  215  214  210                                   
    80.0-180.0 180.0   5.0 450.0                            LAT/LON1/LON2/DLON/H
  210  218  222  218  213  217  219  222  222  224  224  225  225  224  224  223
  222  220  218  215  212  208  204  199  194  189  184  179  175  171  167  164
  162  160  159  158  158  158  159  160  162  164  166  169  171  174  177  180
  184  186  189  192  194  195  197  198  199  200  200  201  202  202  204  205
  206  206  208  212  212  204  206  212  210                                   
    77.5-180.0 180.0   5.0 450.0                            LAT/LON1/LON2/DLON/H
  212  208  216  214  213  217  219  222  223  225  225  226  227  228  228  228
  228  227  225  223  220  216  212  207  201  195  189  183  178  173  170  167
  165  163  162  161  161  161  162  163  164  166  169  171  174  178  181  184
  188  190  193  195  197  198  199  200  200  200  200  200  200  200  201  202
  201  202  204  207  211  200  207  219  212                                   
    75.0-180.0 180.0   5.0 450.0                            LAT/LON1/LON2/DLON/H
  208  205  210  207  204  210  211  214  217  219  220  222  223  224  225  226
  226  226  226  225  222  219  215  210  204  198  192  186  181  177  174  171
  170  169  168  168  168  168  168  168  169  170  172  174  176  179  182  185
  188  191  193  194  196  197  197  197  197  197  196  196  196  195  196  197
  196  197  199  200  202  191  196  203  208                                   
    72.5-180.0 180.0   5.0 450.0                            LAT/LON1/LON2/DLON/H
  204  199  205  207  202  208  211  213  214  217  217  219  221  222  224  225
  226  227  228  228  226  224  220  215  209  203  197  191  186  182  180  179
  178  178  178  177  177  176  175  174  174  174  175  176  178  180  183  185
  188  190  191  193  194  195  195  195  195  195  195  194  194  194  194  195
  193  194  196  196  197  188  192  206  204                                   
    70.0-180.0 180.0   5.0 450.0                            LAT/LON1/LON2/DLON/H
  203  198  202  201  196  202  204  207  209  211  212  213  214  216  217  218
  220  221  222  223  223  221  218  214  208  202  197  191  188  185  184  184
  185  185  185  185  183  181  179  177  175  174  173  173  174  176  177  179
  181  182  183  185  186  187  188  189  189  190  190  191  191  191  192  193
  192  193  195  196  197  188  193  205  203                                   
    67.5-180.0 180.0   5.0 450.0                            LAT/LON1/LON2/DLON/H
  209  204  209  210  205  210  212  215  216  217  217  219  219  219  220  221
  222  224  226  227  228  227  224  220  215  209  204  199  196  195  195  197
  198  199  199  198  195  192  188  184  181  179  177  177  176  177  178  178
  179  180  181  182  184  186  188  190  193  195  197  199  200  201  202  203
  202  203  205  205  204  195  199  213  209                                   
    65.0-180.0 180.0   5.0 450.0                            LAT/LON1/LON2/DLON/H
  215  211  215  215  209  214  215  217  218  219  218  219  218  218  218  218
  219  220  222  223  224  224  222  219  214  209  204  200  199  199  200  203
  205  205  205  202  198  193  188  183  179  176  174  172  171  171  170  170
  170  170  170  171  174  177  181  185  190  195  198  202  204  206  208  209
  209  210  212  213  214  204  210  222  215                                   
    62.5-180.0 180.0   5.0 450.0                            LAT/LON1/LON2/DLON/H
  226  222  225  226  220  225  224  225  225  225  224  223  223  222  221  220
  220  221  222  223  224  224  223  220  215  211  207  204  204  205  208  210
  212  212  209  205  200  194  188  183  178  175  172  170  168  167  165  164
  162  161  161  163  166  170  177  183  191  197  203  208  211  214  217  218
  218  220  222  223  224  214  219  232  226                                   
    60.0-180.0 180.0   5.0 450.0                            LAT/LON1/LON2/DLON/H
  236  233  236  236  230  233  232  232  231  230  228  227  226  224  223  221
  221  220  221  222  222  223  222  219  216  212  210  208  209  211  214  216
  217  215  211  206  199  192  186  181  176  173  170  167  165  162  160  157
  154  152  152  153  157  163  170  180  189  198  206  212  216  220  222  224
  224  227  229  230  232  223  230  243  236                                   
    57.5-180.0 180.0   5.0 450.0                            LAT/LON1/LON2/DLON/H
  246  243  246  246  241  244  242  240  238  236  233  231  229  227  226  224
  222  221  221  221  222  222  222  221  218  216  214  214  216  219  221  223
  221  218  212  205  197  190  184  179  176  172  169  166  163  159  156  152
  148  145  144  145  148  155  165  175  187  198  207  214  219  223  226  228
  228  231  234  236  239  231  238  251  246                                   
    55.0-180.0 180.0   5.0 450.0                            LAT/LON1/LON2/DLON/H
  255  253  256  256  252  254  252  250  246  242  238  235  233  231  229  227
  225  224  223  222  223  223  224  223  222  221  221  222  225  227  229  229
  226  221  213  204  196  189  184  180  177  174  170  167  162  158  153  148
  143  140  138  138  142  149  159  171  183  195  206  214  219  223  226  229
  230  233  237  239  243  237  244  257  255                                   
    52.5-180.0 180.0   5.0 450.0                            LAT/LON1/LON2/DLON/H
  263  261  265  266  262  266  264  260  255  250  244  240  237  235  233  231
  229  226  225  224  225  226  227  227  227  228  229  231  234  236  237  235
  230  223  214  205  197  190  186  182  179  176  172  167  162  156  151  145
  140  136  134  134  137  144  154  165  178  191  202  211  217  222  225  228
  230  234  239  242  245  241  249  262  263                                   
    50.0-180.0 180.0   5.0 450.0                            LAT/LON1/LON2/DLON/H
  270  269  274  276  274  278  277  273  267  261  254  249  244  241  238  236
  233  231  229  229  229  230  232  233  235  236  238  241  243  244  244  241
  235  227  218  208  200  194  190  186  183  179  173  168  161  156  150  145
  140  135  133  132  135  141  150  161  174  187  198  208  215  221  225  229
  232  237  242  245  248  245  253  266  270                                   
    47.5-180.0 180.0   5.0 450.0                            LAT/LON1/LON2/DLON/H
  278  277  283  285  286  291  291  288  283  276  268  262  256  251  246  243
  240  237  235  235  236  237  239  242  243  245  248  250  251  251  249  245
  239  232  223  214  206  200  196  192  187  182  175  168  161  155  150  145
  141  137  135  134  135  140  147  157  169  182  195  206  215  222  228  233
  237  242  248  251  253  251  258  271  278                                   
    45.0-180.0 180.0   5.0 450.0                            LAT/LON1/LON2/DLON/H
  287  286  292  295  298  305  306  304  300  295  287  279  272  264  258  253
  249  246  244  244  245  247  250  252  254  256  257  258  258  257  254  249
  244  237  230  222  215  208  203  198  193  186  178  170  163  158  153  149
  145  141  139  137  138  141  146  155  166  179  193  205  216  225  234  241
  245  252  257  260  261  259  265  278  287                                   
    42.5-180.0 180.0   5.0 450.0                            LAT/LON1/LON2/DLON/H
  296  296  303  306  311  318  321  321  319  316  309  302  292  283  274  266
  260  257  255  256  257  260  263  265  267  267  268  267  265  261  257  253
  249  245  239  233  225  218  212  206  199  192  184  175  168  163  159  155
  152  148  145  143  142  143  147  154  164  178  192  207  220  232  242  251
  257  264  269  271  271  268  274  287  296                                   
    40.0-180.0 180.0   5.0 450.0                            LAT/LON1/LON2/DLON/H
  308  308  315  317  323  330  335  337  338  338  334  328  318  306  294  284
  276  271  269  270  272  275  278  280  281  281  279  276  272  266  261  258
  256  254  250  245  237  229  221  214  208  200  192  185  178  173  168  165
  161  156  152  149  147  146  148  154  163  177  193  210  226  240  253  263
  269  276  281  283  282  279  284  298  308                                   
    37.5-180.0 180.0   5.0 450.0                            LAT/LON1/LON2/DLON/H
  321  322  328  329  336  343  348  352  357  360  360  356  347  333  318  305
  296  289  287  287  290  293  297  298  298  297  293  287  280  273  267  264
  264  264  263  258  250  240  232  224  218  212  205  198  192  187  182  176
  171  165  160  155  151  149  149  153  162  176  193  212  231  248  262  274
  281  288  292  294  292  290  296  310  321                                   
    35.0-180.0 180.0   5.0 450.0                            LAT/LON1/LON2/DLON/H
  335  336  343  343  350  356  361  367  375  382  386  386  378  364  347  332
  319  311  307  307  309  313  317  318  318  314  309  301  292  282  276  273
  274  275  275  270  261  250  241  235  230  225  220  215  209  203  196  189
  181  173  166  159  154  150  149  152  160  174  192  213  234  253  269  281
  288  296  300  303  301  300  307  322  335                                   
    32.5-180.0 180.0   5.0 450.0                            LAT/LON1/LON2/DLON/H
  350  352  359  359  366  371  377  383  393  404  412  415  410  397  380  363
  348  337  331  329  330  334  337  339  338  334  327  317  306  294  286  283
  284  286  285  279  268  258  249  244  241  239  236  231  225  217  209  199
  189  178  169  161  154  149  147  149  156  170  188  210  233  254  271  284
  291  300  304  308  307  308  318  333  350                                   
    30.0-180.0 180.0   5.0 450.0                            LAT/LON1/LON2/DLON/H
  364  367  375  376  385  390  396  402  414  428  439  445  443  433  416  398
  380  366  357  352  352  355  358  360  358  353  345  334  321  308  298  294
  293  293  289  281  270  259  252  249  249  249  247  243  236  227  216  204
  191  179  168  158  150  145  142  143  150  163  181  203  227  249  268  281
  289  299  304  309  310  315  326  343  364                                   
    27.5-180.0 180.0   5.0 450.0                            LAT/LON1/LON2/DLON/H
  376  380  390  393  404  411  418  426  439  453  467  476  477  469  455  436
  417  399  386  378  375  376  378  378  376  370  362  350  335  321  309  301
  297  293  286  276  264  254  249  249  251  252  250  246  238  227  215  201
  187  174  162  152  144  138  135  136  142  153  170  192  217  240  259  274
  283  294  302  309  312  319  334  352  376                                   
    25.0-180.0 180.0   5.0 450.0                            LAT/LON1/LON2/DLON/H
  385  390  402  407  422  433  443  452  466  481  495  506  510  506  494  477
  456  435  417  404  398  396  396  395  391  385  375  362  346  330  315  303
  294  284  273  260  248  241  239  240  244  245  243  237  228  217  204  190
  176  164  152  142  134  129  126  127  132  142  157  178  202  226  247  263
  275  288  299  308  314  323  339  358  385                                   
    22.5-180.0 180.0   5.0 450.0                            LAT/LON1/LON2/DLON/H
  390  396  408  417  436  452  465  478  493  508  523  535  542  542  533  518
  496  472  449  431  420  414  411  408  402  394  383  368  351  332  313  296
  281  266  250  237  226  221  222  225  229  229  226  218  208  197  184  172
  160  149  139  130  123  118  116  117  121  129  143  163  186  211  233  252
  266  283  296  307  316  327  344  364  390                                   
    20.0-180.0 180.0   5.0 450.0                            LAT/LON1/LON2/DLON/H
  391  397  409  420  442  462  481  496  514  531  546  559  569  573  569  556
  534  508  481  458  441  431  423  417  408  397  383  367  347  324  302  280
  259  240  223  209  201  199  202  206  209  207  202  193  182  171  160  150
  141  133  125  117  111  107  106  108  111  118  129  147  170  195  220  241
  259  279  296  309  319  331  348  368  391                                   
    17.5-180.0 180.0   5.0 450.0                            LAT/LON1/LON2/DLON/H
  388  395  405  416  438  462  484  503  524  542  559  574  586  594  595  586
  567  540  510  483  461  445  432  421  408  393  376  357  334  308  282  257
  234  213  195  182  177  178  183  187  188  184  177  167  156  145  136  128
  122  117  111  106  101   98   98  100  103  108  118  134  156  182  208  232
  254  277  297  312  323  336  353  371  388                                   
    15.0-180.0 180.0   5.0 450.0                            LAT/LON1/LON2/DLON/H
  384  391  398  407  427  450  474  496  519  540  558  576  591  603  608  604
  589  564  533  502  476  454  437  420  403  384  363  340  314  286  259  233
  209  189  172  162  160  163  169  172  171  165  156  146  135  126  118  112
  108  104  100   96   92   90   91   93   96  100  108  123  144  171  199  226
  251  278  301  317  328  341  358  375  384                                   
    12.5-180.0 180.0   5.0 450.0                            LAT/LON1/LON2/DLON/H
  382  388  393  396  412  432  455  476  501  523  543  562  580  596  606  607
  596  575  546  514  485  459  436  415  394  371  346  319  291  262  236  212
  190  173  159  152  151  156  162  164  162  154  144  134  124  115  108  102
   99   95   92   88   85   84   86   88   90   93  100  114  135  163  193  222
  250  280  305  322  333  347  363  378  382                                   
    10.0-180.0 180.0   5.0 450.0                            LAT/LON1/LON2/DLON/H
  383  390  392  390  401  414  433  451  474  496  517  537  556  573  587  592
  587  571  546  516  485  457  431  406  381  355  326  297  268  241  217  197
  180  166  156  152  152  157  162  164  160  152  142  132  123  114  106  100
   95   90   86   82   79   79   81   84   86   88   94  107  129  157  188  220
  250  282  309  326  337  352  369  382  383                                   
     7.5-180.0 180.0   5.0 450.0                            LAT/LON1/LON2/DLON/H
  390  398  399  391  397  403  415  428  447  466  486  505  523  540  555  563
  562  552  532  506  477  448  421  394  367  338  308  278  249  224  204  189
