data/edconvlstm_nd/pred1220.15i
     1.0            IONOSPHERE MAPS     GNSS                IONEX VERSION / TYPE
pyspatialgeodesy        IME             05-JAN-18 20:20     PGM / RUN BY / DATE 
Map Name                                                    COMMENT             
Predicted global ionosphere maps (GIM).                     DESCRIPTION         
  2015     5     2     0     0     0                        EPOCH OF FIRST MAP  
  2015     5     3     0     0     0                        EPOCH OF LAST MAP   
  7200                                                      INTERVAL            
    13                                                      # OF MAPS IN FILE   
  NONE                                                      MAPPING FUNCTION    
10.0                                                        ELEVATION CUTOFF    
One-way carrier phase leveled to code                       OBSERVABLES USED    
  6371.0                                                    BASE RADIUS         
 2                                                          MAP DIMENSION       
   450.0 450.0   0.0                                        HGT1 / HGT2 / DHGT  
    87.5 -87.5  -2.5                                        LAT1 / LAT2 / DLAT  
  -180.0 180.0   5.0                                        LON1 / LON2 / DLON  
    -1                                                      EXPONENT            
                                                            END OF HEADER       
[from data line 429]
     2                                                      START OF TEC MAP    
  2015     5     2     2     0     0                        EPOCH OF CURRENT MAP
    87.5-180.0 180.0   5.0 450.0                            LAT/LON1/LON2/DLON/H
  168  172  175  174  175  173  171  170  172  172  173  174  175  175  175  175
  175  175  174  173  172  171  169  168  166  164  162  161  159  158  157  156
  155  154  154  153  153  154  154  155  155  156  157  158  159  161  162  163
  164  165  166  167  168  168  169  169  170  170  170  170  169  168  168  168
  168  169  168  167  168  167  166  169  168                                   
    85.0-180.0 180.0   5.0 450.0                            LAT/LON1/LON2/DLON/H
  172  177  167  173  179  177  176  177  179  180  181  182  183  183  183  183
  183  182  181  180  178  176  174  172  170  168  165  163  161  159  158  156
  155  155  154  154  155  155  156  157  158  160  161  163  164  166  167  168
  170  171  173  174  175  176  177  178  178  178  178  178  177  176  175  175
  176  176  174  175  168  168  168  167  172                                   
    82.5-180.0 180.0   5.0 450.0                            LAT/LON1/LON2/DLON/H
  169  170  172  172  176  175  175  177  180  181  183  185  186  187  187  187
  187  186  184  183  180  177  174  171  167  164  160  157  154  151  149  147
  146  146  146  146  147  148  150  151  153  155  157  159  161  163  165  167
  169  171  173  175  177  178  180  181  181  182  182  182  181  180  179  178
  177  177  174  173  174  163  164  159  169                                   
    80.0-180.0 180.0   5.0 450.0                            LAT/LON1/LON2/DLON/H
  166  169  164  166  170  171  176  179  183  185  188  190  193  194  195  196
  195  194  192  189  186  182  178  173  167  162  157  153  148  145  142  141
  140  140  140  141  143  145  147  149  152  154  156  158  161  163  165  168
  170  173  175  177  180  182  184  185  186  186  186  186  185  183  182  181
  179  177  173  171  175  166  171  162  166                                   
    77.5-180.0 180.0   5.0 450.0                            LAT/LON1/LON2/DLON/H
  168  167  163  166  167  169  175  179  183  186  190  193  196  198  200  200
  200  198  196  193  189  184  178  172  165  158  152  146  141  137  135  133
  133  134  136  138  141  143  146  149  151  153  156  158  160  162  165  167
  170  173  176  179  182  185  187  189  190  190  191  190  189  187  186  185
  182  180  175  173  176  168  169  166  168                                   
    75.0-180.0 180.0   5.0 450.0                            LAT/LON1/LON2/DLON/H
  170  169  165  169  168  170  176  179  185  188  191  195  197  199  200  200
  199  198  195  192  188  183  177  169  162  154  146  140  134  130  128  127
  128  129  132  135  139  142  145  147  150  152  153  155  157  160  163  166
  169  173  176  180  183  186  188  190  191  192  192  191  190  188  186  185
  182  181  177  170  172  169  171  172  170                                   
    72.5-180.0 180.0   5.0 450.0                            LAT/LON1/LON2/DLON/H
  170  173  171  173  173  173  179  182  187  190  192  195  196  197  196  195
  194  192  190  188  184  179  173  166  157  149  141  134  128  124  123  123
  124  127  130  134  138  141  144  146  148  150  151  153  156  159  163  167
  171  175  179  183  186  189  191  192  193  194  193  193  191  189  187  186
  183  183  181  176  175  171  173  178  170                                   
    70.0-180.0 180.0   5.0 450.0                            LAT/LON1/LON2/DLON/H
  177  177  176  179  176  176  181  184  188  190  191  193  192  191  189  186
  184  182  180  178  175  171  165  158  150  141  133  125  120  117  115  116
  118  121  125  129  132  135  137  139  140  142  144  147  150  155  160  166
  171  176  181  185  188  190  192  193  194  194  193  192  190  188  186  185
  183  183  182  179  180  178  182  187  177                                   
    67.5-180.0 180.0   5.0 450.0                            LAT/LON1/LON2/DLON/H
  183  184  182  183  179  178  181  183  187  189  190  190  188  185  181  177
  174  171  170  168  166  163  158  151  142  133  125  118  112  109  108  109
  110  113  116  119  122  124  126  127  129  131  134  138  144  150  158  165
  172  179  184  187  190  192  193  194  195  195  194  193  191  188  185  184
  183  183  183  181  184  183  187  196  183                                   
    65.0-180.0 180.0   5.0 450.0                            LAT/LON1/LON2/DLON/H
  190  188  186  186  181  177  180  182  185  186  187  187  184  180  175  170
  166  163  161  160  159  156  151  144  135  126  118  111  106  103  102  103
  104  105  107  109  110  112  113  114  116  119  123  130  138  147  157  167
  175  182  188  191  193  195  196  197  198  198  198  197  195  192  189  187
  185  185  186  186  189  190  196  205  190                                   
    62.5-180.0 180.0   5.0 450.0                            LAT/LON1/LON2/DLON/H
  197  194  191  189  182  177  178  179  182  183  184  184  181  177  172  167
  163  160  159  158  156  153  147  139  131  121  113  107  102  100   99   98
   98   98   99   99   99  100  101  103  105  110  116  125  135  147  159  170
  180  187  192  195  197  198  200  201  203  205  206  205  204  201  197  195
  192  191  192  192  195  197  203  212  197                                   
    60.0-180.0 180.0   5.0 450.0                            LAT/LON1/LON2/DLON/H
  205  200  196  192  185  177  175  175  178  178  179  180  179  176  173  169
  165  163  161  159  157  152  146  137  128  118  111  105  101   99   98   97
   95   94   92   91   91   91   93   95   99  105  112  123  135  148  161  173
  183  191  195  198  200  201  203  206  209  213  216  217  217  214  210  207
  203  202  201  201  203  205  210  218  205                                   
    57.5-180.0 180.0   5.0 450.0                            LAT/LON1/LON2/DLON/H
  215  210  205  199  191  181  177  174  175  174  175  176  176  176  174  172
  170  168  166  164  160  155  147  138  128  118  111  106  103  102  100   98
   95   92   90   88   87   88   90   94   98  104  113  124  136  150  163  175
  184  191  196  199  201  203  206  211  217  222  227  231  232  230  227  224
  219  216  215  213  214  214  219  225  215                                   
    55.0-180.0 180.0   5.0 450.0                            LAT/LON1/LON2/DLON/H
  227  224  218  211  203  191  185  179  176  173  171  172  174  175  176  176
  176  175  173  170  165  159  150  140  130  121  115  111  109  108  106  103
   99   95   92   90   90   91   94   98  102  109  116  126  138  150  162  173
  182  189  193  197  200  204  209  216  224  232  239  245  247  247  245  243
  238  234  231  227  226  226  229  234  227                                   
    52.5-180.0 180.0   5.0 450.0                            LAT/LON1/LON2/DLON/H
  243  242  237  230  222  211  202  192  185  177  172  171  172  174  177  179
  180  180  178  175  170  163  155  145  136  128  123  120  118  117  114  111
  106  101   98   96   97   99  103  106  111  115  122  129  139  149  160  169
  177  184  189  194  199  205  212  222  232  242  251  258  262  263  263  262
  257  254  251  244  242  240  243  247  243                                   
    50.0-180.0 180.0   5.0 450.0                            LAT/LON1/LON2/DLON/H
  263  264  260  255  248  238  228  214  202  189  179  174  173  175  178  181
  183  183  182  179  175  169  161  153  145  138  134  131  129  128  125  120
  115  110  107  107  108  111  115  118  121  124  128  133  139  147  155  164
  172  179  186  193  200  208  218  229  240  252  262  269  274  277  278  279
  276  274  271  263  260  256  259  264  263                                   
    47.5-180.0 180.0   5.0 450.0                            LAT/LON1/LON2/DLON/H
  284  288  286  284  278  270  259  244  227  209  194  185  180  180  182  184
  185  185  185  183  180  175  169  162  155  150  146  144  141  139  135  130
  124  120  118  118  121  124  128  130  131  132  134  136  139  144  151  159
  167  176  185  195  205  215  226  238  250  260  270  277  282  286  289  292
  292  292  290  282  278  274  277  284  284                                   
    45.0-180.0 180.0   5.0 450.0                            LAT/LON1/LON2/DLON/H
  306  310  311  312  308  302  292  275  256  234  216  202  194  190  189  188
  188  188  188  187  185  182  177  172  167  162  159  156  153  149  144  138
  133  129  129  130  133  137  140  141  141  140  139  139  140  143  149  157
  166  177  189  201  213  225  236  248  259  268  276  283  288  292  297  302
  305  308  308  302  298  293  297  304  306                                   
    42.5-180.0 180.0   5.0 450.0                            LAT/LON1/LON2/DLON/H
  326  329  331  334  332  327  319  303  284  261  240  224  213  206  201  197
  195  194  194  194  193  190  186  182  178  174  170  167  162  157  151  145
  141  138  139  141  145  148  150  151  150  148  145  143  143  145  150  158
  169  182  196  210  223  236  248  258  268  276  283  289  295  300  306  313
  319  324  326  322  318  314  319  326  326                                   
    40.0-180.0 180.0   5.0 450.0                            LAT/LON1/LON2/DLON/H
  344  344  344  347  346  343  335  322  305  284  264  249  236  227  219  212
  207  204  204  204  203  200  196  192  188  184  180  176  171  165  159  153
  149  148  149  152  156  159  160  160  158  156  153  150  148  149  154  163
  175  190  205  220  235  247  258  268  276  284  291  298  305  312  320  328
  336  343  346  344  341  337  343  349  344                                   
    37.5-180.0 180.0   5.0 450.0                            LAT/LON1/LON2/DLON/H
  363  358  354  353  353  348  341  331  318  301  285  272  261  250  240  230
  223  219  218  218  216  212  207  201  197  193  190  186  181  175  169  164
  160  159  161  164  167  169  170  169  168  166  162  158  155  155  160  170
  183  198  214  229  243  256  267  276  285  293  302  311  320  330  340  350
  359  367  372  370  366  365  372  375  363                                   
    35.0-180.0 180.0   5.0 450.0                            LAT/LON1/LON2/DLON/H
  387  378  369  359  357  349  340  333  324  313  301  292  284  274  263  251
  242  236  234  233  230  224  217  210  206  203  201  199  195  190  184  179
  176  176  177  179  181  182  181  180  179  176  172  167  163  162  166  175
  188  203  218  233  248  261  273  284  294  305  316  328  341  355  368  381
  392  400  405  403  399  400  405  408  387                                   
    32.5-180.0 180.0   5.0 450.0                            LAT/LON1/LON2/DLON/H
  422  411  395  377  369  357  344  337  331  323  316  311  305  296  285  272
  260  254  250  248  243  235  226  220  217  217  217  217  215  212  207  202
  198  197  197  198  197  196  194  193  191  187  182  174  168  165  168  177
  189  203  218  233  248  263  278  291  305  319  334  350  368  387  406  423
  436  446  451  446  441  443  446  449  422                                   
    30.0-180.0 180.0   5.0 450.0                            LAT/LON1/LON2/DLON/H
  472  460  439  414  400  384  366  356  348  341  335  331  326  318  305  290
  277  268  263  258  251  243  236  232  233  236  239  242  242  240  236  230
  226  223  221  219  215  211  208  205  201  196  188  178  169  164  166  173
  185  198  212  227  244  262  281  299  317  334  353  374  398  423  448  470
  487  499  505  497  492  493  493  500  472                                   
    27.5-180.0 180.0   5.0 450.0                            LAT/LON1/LON2/DLON/H
  535  526  503  475  456  437  414  398  385  375  366  359  352  341  326  307
  290  278  270  263  256  250  247  248  254  261  268  273  275  274  269  263
  256  250  244  238  232  225  219  213  208  200  189  176  164  158  158  165
  176  190  205  221  240  262  285  308  330  351  373  397  425  456  486  512
  533  547  554  547  543  545  547  558  535                                   
    25.0-180.0 180.0   5.0 450.0                            LAT/LON1/LON2/DLON/H
  606  600  583  558  534  514  487  464  445  428  413  399  386  370  349  325
  303  285  273  265  259  257  260  270  282  293  302  308  310  308  302  293
  282  271  262  252  242  232  223  216  207  196  182  167  154  147  147  155
  167  182  198  217  240  265  293  320  346  369  393  419  450  483  516  544
  567  584  591  588  587  592  603  620  606                                   
    22.5-180.0 180.0   5.0 450.0                            LAT/LON1/LON2/DLON/H
  675  674  666  649  625  606  577  549  524  499  475  453  432  407  379  347
  318  294  277  267  263  267  279  296  314  328  337  341  341  336  326  312
  296  281  267  254  241  230  219  209  198  185  170  154  141  134  135  143
  157  175  195  218  244  273  304  334  361  386  409  436  466  501  535  564
  589  606  616  618  620  628  653  678  675                                   
    20.0-180.0 180.0   5.0 450.0                            LAT/LON1/LON2/DLON/H
  730  734  738  732  711  697  671  642  612  581  550  519  488  455  418  378
  341  310  288  276  274  284  303  327  349  362  367  366  359  348  332  312
  292  274  258  244  230  218  206  195  183  169  154  139  127  121  123  133
  150  172  196  223  253  285  318  348  375  398  421  445  475  508  541  570
  595  613  625  633  638  649  686  718  730                                   
    17.5-180.0 180.0   5.0 450.0                            LAT/LON1/LON2/DLON/H
  760  768  785  791  778  772  752  726  695  662  625  588  550  509  465  419
  374  337  310  296  296  310  334  360  381  389  386  374  357  338  316  293
  271  252  237  224  212  200  188  177  164  151  138  125  115  111  114  126
  146  171  200  231  264  298  331  361  386  408  429  452  479  510  541  568
  591  609  622  634  643  655  700  736  760                                   
    15.0-180.0 180.0   5.0 450.0                            LAT/LON1/LON2/DLON/H
  763  773  800  818  815  818  807  786  760  727  690  651  609  565  516  465
  416  375  345  330  330  344  368  391  404  401  384  360  334  308  283  260
  240  225  212  202  191  180  169  158  147  135  125  115  108  105  109  122
  144  172  204  238  273  307  340  369  394  415  436  458  484  512  540  564
  586  601  614  631  642  655  698  735  763                                   
    12.5-180.0 180.0   5.0 450.0                            LAT/LON1/LON2/DLON/H
  751  760  791  815  822  832  828  814  793  765  732  696  656  612  563  512
  463  421  391  375  373  384  400  412  410  392  362  328  296  269  246  226
  211  199  190  182  173  163  153  143  132  123  116  110  104  102  106  119
  142  172  206  241  276  310  342  371  396  419  441  465  490  516  541  563
  582  595  609  628  640  653  691  725  751                                   
    10.0-180.0 180.0   5.0 450.0                            LAT/LON1/LON2/DLON/H
  734  740  768  792  806  819  818  808  792  770  744  713  678  638  594  548
  503  466  439  423  418  420  422  416  397  364  324  285  254  230  213  199
  188  180  174  167  159  150  141  131  122  115  110  107  103  101  104  116
  138  168  202  236  270  304  336  365  392  417  442  468  494  520  543  563
  580  593  608  628  642  654  687  716  734                                   
     7.5-180.0 180.0   5.0 450.0                            LAT/LON1/LON2/DLON/H
  720  721  741  759  773  787  785  776  763  746  725  700  671  638  600  562
  527  498  477  464  454  443  427  401  364  321  278  242  217  201  190  181
