data/edconvlstm_nd/pred2910.15i
     1.0            IONOSPHERE MAPS     GNSS                IONEX VERSION / TYPE
pyspatialgeodesy        IME             05-JAN-18 20:20     PGM / RUN BY / DATE 
Map Name                                                    COMMENT             
Predicted global ionosphere maps (GIM).                     DESCRIPTION         
  2015    10    18     0     0     0                        EPOCH OF FIRST MAP  
  2015    10    19     0     0     0                        EPOCH OF LAST MAP   
  7200                                                      INTERVAL            
    13                                                      # OF MAPS IN FILE   
  NONE                                                      MAPPING FUNCTION    
10.0                                                        ELEVATION CUTOFF    
One-way carrier phase leveled to code                       OBSERVABLES USED    
  6371.0                                                    BASE RADIUS         
 2                                                          MAP DIMENSION       
   450.0 450.0   0.0                                        HGT1 / HGT2 / DHGT  
    87.5 -87.5  -2.5                                        LAT1 / LAT2 / DLAT  
  -180.0 180.0   5.0                                        LON1 / LON2 / DLON  
    -1                                                      EXPONENT            
                                                            END OF HEADER       
[from data line 1716]
     5                                                      START OF TEC MAP    
  2015    10    18     8     0     0                        EPOCH OF CURRENT MAP
    87.5-180.0 180.0   5.0 450.0                            LAT/LON1/LON2/DLON/H
   64   72   70   76   77   78   79   76   77   80   80   81   81   81   81   80
   79   79   78   77   76   75   75   74   73   73   72   72   71   71   71   71
   70   70   70   70   71   71   71   71   71   72   72   72   72   72   72   71
   71   71   70   69   68   67   66   65   64   63   62   61   60   59   58   58
   59   59   58   58   64   71   82   80   64                                   
    85.0-180.0 180.0   5.0 450.0                            LAT/LON1/LON2/DLON/H
   59   76   79   77   79   84   85   86   87   89   89   89   89   89   88   87
   86   85   84   83   82   81   81   81   80   80   80   80   80   80   80   81
   81   82   82   83   83   84   85   86   86   87   87   87   87   87   87   86
   86   85   83   82   81   79   77   75   73   71   69   67   66   64   63   62
   63   63   60   60   64   70   81   81   59                                   
    82.5-180.0 180.0   5.0 450.0                            LAT/LON1/LON2/DLON/H
   59   66   79   74   76   80   83   83   85   87   87   87   86   85   83   81
   79   78   76   75   73   73   72   72   72   72   72   72   73   74   75   76
   77   79   81   83   85   87   89   91   93   94   96   97   98   98   98   98
   97   96   94   93   90   88   85   82   78   75   71   68   64   61   58   57
   56   55   52   51   60   63   65   67   59                                   
    80.0-180.0 180.0   5.0 450.0                            LAT/LON1/LON2/DLON/H
   61   62   73   68   74   75   79   80   83   84   82   82   80   78   75   71
   68   66   64   62   61   60   60   60   60   61   62   63   64   66   67   70
   72   75   78   82   85   89   93   97  100  103  106  109  110  112  113  113
  113  112  111  109  106  103   99   95   90   85   79   74   68   63   58   55
   52   49   48   47   53   56   61   61   61                                   
    77.5-180.0 180.0   5.0 450.0                            LAT/LON1/LON2/DLON/H
   64   60   66   65   68   72   76   78   80   81   79   78   75   71   67   63
   59   56   53   51   50   50   50   50   51   52   53   54   56   58   60   63
   66   70   75   79   85   90   96  102  107  112  117  121  125  128  131  133
  134  135  134  133  131  128  123  118  112  105   98   90   83   75   68   62
   56   51   47   46   47   42   47   51   64                                   
    75.0-180.0 180.0   5.0 450.0                            LAT/LON1/LON2/DLON/H
   58   57   60   60   63   69   71   72   74   74   71   69   65   61   56   52
   48   44   42   40   40   40   40   42   43   45   46   48   50   52   55   58
   61   66   71   76   83   89   96  104  111  117  124  130  135  140  144  148
  152  154  155  156  155  152  148  143  136  129  121  112  102   93   84   76
   67   60   55   49   48   41   43   43   58                                   
    72.5-180.0 180.0   5.0 450.0                            LAT/LON1/LON2/DLON/H
   58   55   57   57   59   66   69   70   70   70   67   64   60   56   51   46
   42   39   37   36   35   36   37   39   41   43   45   47   49   51   54   56
   60   64   69   75   83   90   99  107  115  123  131  138  145  151  158  163
  168  173  176  178  178  177  174  169  163  155  147  137  127  116  106   96
   86   77   71   63   58   48   47   49   58                                   
    70.0-180.0 180.0   5.0 450.0                            LAT/LON1/LON2/DLON/H
   61   54   57   56   57   61   63   64   64   63   60   58   54   50   46   42
   39   36   34   33   34   35   37   40   42   45   47   49   51   52   54   56
   59   63   67   74   81   89   98  107  116  125  133  141  148  156  163  170
  177  183  188  191  193  193  191  187  181  174  165  156  146  135  124  114
  103   93   85   75   67   57   57   59   61                                   
    67.5-180.0 180.0   5.0 450.0                            LAT/LON1/LON2/DLON/H
   59   52   54   53   53   56   58   59   59   59   57   55   52   49   46   42
   39   37   35   35   36   38   40   43   46   49   51   52   53   53   54   55
   57   60   64   70   77   85   94  104  113  121  130  137  144  152  159  167
  175  183  190  195  198  199  197  194  189  182  175  166  157  147  137  127
  116  105   97   85   76   66   62   65   59                                   
    65.0-180.0 180.0   5.0 450.0                            LAT/LON1/LON2/DLON/H
   61   53   53   51   50   52   54   56   56   56   55   55   53   50   48   45
   43   41   40   40   41   44   46   49   52   54   55   56   55   55   55   56
   57   60   64   70   77   85   94  103  112  121  128  135  141  148  156  164
  173  182  190  196  201  202  201  198  193  187  180  173  165  156  147  137
  127  115  107   95   86   75   71   74   61                                   
    62.5-180.0 180.0   5.0 450.0                            LAT/LON1/LON2/DLON/H
   62   53   51   49   47   49   50   52   53   54   54   55   54   53   51   50
   48   47   46   46   47   49   52   54   56   57   57   57   56   55   55   56
   57   60   65   71   78   86   96  105  113  121  127  133  138  144  151  160
  169  179  189  196  201  203  202  199  194  188  182  176  169  161  152  143
  133  121  113  101   92   81   76   79   62                                   
    60.0-180.0 180.0   5.0 450.0                            LAT/LON1/LON2/DLON/H
   65   54   51   47   44   44   45   46   48   50   51   53   53   53   53   53
   52   51   50   50   50   51   53   54   55   55   54   53   52   51   51   53
   56   60   66   72   80   89   98  107  115  122  127  131  135  140  147  156
  166  177  188  196  202  204  203  199  194  188  182  176  170  162  154  145
  134  123  115  103   95   83   77   78   65                                   
    57.5-180.0 180.0   5.0 450.0                            LAT/LON1/LON2/DLON/H
   69   56   51   46   43   41   42   43   45   47   49   51   53   54   55   55
   55   54   53   52   51   51   52   52   52   51   49   47   46   46   48   51
   56   62   69   77   85   94  104  113  121  127  132  135  138  143  150  159
  170  182  193  202  209  211  210  205  200  194  188  182  176  168  160  150
  139  127  119  108   99   86   78   77   69                                   
    55.0-180.0 180.0   5.0 450.0                            LAT/LON1/LON2/DLON/H
   75   61   55   48   44   42   41   41   42   44   46   49   51   52   54   55
   55   55   53   51   50   49   48   48   48   46   44   42   40   41   44   50
   57   66   75   84   93  102  112  121  129  135  139  143  146  151  158  167
  179  191  203  213  219  222  220  216  209  203  197  191  185  177  168  158
  146  133  125  113  104   89   81   78   75                                   
    52.5-180.0 180.0   5.0 450.0                            LAT/LON1/LON2/DLON/H
   83   69   62   54   49   46   44   43   43   43   44   47   49   51   53   54
   55   54   52   50   48   47   46   46   45   43   41   38   37   38   42   50
   60   71   82   92  102  112  122  131  139  146  151  155  159  164  172  181
  193  205  217  226  233  235  232  227  221  215  209  203  197  189  180  169
  156  143  134  121  111   95   87   82   83                                   
    50.0-180.0 180.0   5.0 450.0                            LAT/LON1/LON2/DLON/H
   94   80   73   65   58   55   52   48   46   45   45   47   48   50   52   53
   54   53   52   50   48   47   47   47   46   45   42   39   37   38   44   53
   65   78   91  102  113  123  133  143  151  159  165  171  176  182  190  198
  209  220  231  240  245  246  243  238  231  225  219  214  208  201  191  181
  168  154  144  130  120  105   97   91   94                                   
    47.5-180.0 180.0   5.0 450.0                            LAT/LON1/LON2/DLON/H
  105   93   86   80   72   69   64   58   54   51   49   49   49   50   52   53
   54   54   52   51   50   50   51   52   52   50   47   43   41   42   47   57
   71   86  100  114  125  136  146  155  165  174  182  189  196  202  209  217
  225  234  243  250  254  254  250  244  237  230  225  220  215  209  200  190
  177  164  153  139  129  115  109  105  105                                   
    45.0-180.0 180.0   5.0 450.0                            LAT/LON1/LON2/DLON/H
  114  105   99   95   87   84   79   71   65   60   56   55   53   54   54   55
   56   56   55   55   56   57   59   61   61   60   56   51   48   48   53   63
   77   93  110  124  137  148  159  169  179  189  199  208  216  222  228  234
  240  246  252  257  259  257  252  244  237  230  225  221  217  211  204  194
  183  170  158  145  136  124  119  118  114                                   
    42.5-180.0 180.0   5.0 450.0                            LAT/LON1/LON2/DLON/H
  117  111  107  105   99   98   93   85   78   72   67   64   61   60   60   60
   60   60   61   62   64   67   69   72   72   70   65   59   55   54   58   68
   82  100  118  134  148  161  172  183  194  205  216  226  234  241  246  249
  252  256  260  263  263  259  252  243  235  228  223  219  215  209  202  194
  183  171  159  146  138  128  125  126  117                                   
    40.0-180.0 180.0   5.0 450.0                            LAT/LON1/LON2/DLON/H
  114  109  107  108  104  104  101   96   89   83   77   74   71   69   68   67
   66   67   68   70   74   77   80   82   81   77   72   66   61   59   63   72
   86  105  124  143  159  173  186  198  209  221  232  242  251  257  261  263
  264  266  269  271  270  265  257  247  238  230  225  220  214  207  199  190
  180  168  156  144  135  126  123  126  114                                   
    37.5-180.0 180.0   5.0 450.0                            LAT/LON1/LON2/DLON/H
  105  100   98  101   99  102  102   99   95   90   86   83   81   79   77   76
   74   75   77   80   84   87   88   88   85   81   75   69   64   63   67   76
   90  109  130  150  169  186  200  213  224  236  247  257  266  272  275  277
  279  282  287  290  289  284  274  263  253  245  237  230  221  210  199  188
  177  163  152  139  131  119  118  119  105                                   
    35.0-180.0 180.0   5.0 450.0                            LAT/LON1/LON2/DLON/H
   95   88   84   86   86   90   93   94   93   91   89   89   88   88   86   84
   83   83   85   89   92   94   93   90   85   79   73   68   65   65   70   79
   94  113  135  158  179  198  214  228  239  250  261  271  280  287  292  296
  301  308  317  323  325  320  311  299  288  278  268  257  243  227  210  195
  180  164  152  137  128  112  112  110   95                                   
    32.5-180.0 180.0   5.0 450.0                            LAT/LON1/LON2/DLON/H
   88   77   70   70   71   75   79   83   85   85   87   89   91   93   93   92
   91   91   94   97   99   98   94   88   81   74   68   65   64   67   73   84
   99  119  142  166  190  211  228  243  255  265  275  285  295  304  312  321
  332  346  361  372  378  376  367  355  343  331  318  302  282  260  236  215
  195  175  161  144  133  112  112  106   88                                   
    30.0-180.0 180.0   5.0 450.0                            LAT/LON1/LON2/DLON/H
   89   72   61   58   58   61   65   70   73   76   80   85   90   95   97   97
   97   98  100  103  102   98   92   83   75   68   63   61   63   69   77   89
  105  125  149  175  200  223  243  258  270  281  291  302  313  325  338  353
  372  393  416  434  445  446  439  428  415  401  385  365  339  309  278  250
  223  200  183  162  150  124  123  112   89                                   
    27.5-180.0 180.0   5.0 450.0                            LAT/LON1/LON2/DLON/H
  101   78   63   56   53   53   57   60   64   68   73   79   86   92   97   99
  100  102  104  105  103   97   89   80   72   65   61   60   64   72   83   97
  113  134  159  185  212  237  258  274  288  299  310  322  336  352  370  392
  418  448  478  503  519  524  519  509  497  482  464  439  408  372  333  298
  264  237  217  192  180  149  147  132  101                                   
    25.0-180.0 180.0   5.0 450.0                            LAT/LON1/LON2/DLON/H
  128   98   79   67   60   57   57   58   60   63   68   74   81   88   94   98
  101  103  105  105  102   96   87   79   72   66   62   62   67   77   90  106
  124  145  170  197  225  251  273  291  306  319  331  346  363  384  407  435
  467  504  540  570  590  599  597  589  578  563  543  516  481  440  395  353
  314  284  260  231  218  187  182  166  128                                   
    22.5-180.0 180.0   5.0 450.0                            LAT/LON1/LON2/DLON/H
  168  135  111   95   83   74   69   66   65   67   69   73   79   85   91   96
   99  102  104  104  100   95   88   82   77   72   69   68   74   85  100  117
  135  157  182  210  238  265  288  309  326  340  356  374  395  419  447  479
  515  554  592  624  646  656  658  652  642  628  609  581  545  502  455  408
  366  333  305  275  261  233  225  211  168                                   
    20.0-180.0 180.0   5.0 450.0                            LAT/LON1/LON2/DLON/H
  219  184  159  138  119  104   94   87   82   80   79   79   81   85   89   93
   97  100  102  102   99   95   91   88   86   83   80   79   84   95  110  127
  146  168  193  221  250  277  303  325  345  363  382  403  428  456  486  519
  555  591  626  655  674  684  687  684  677  666  649  623  590  548  502  454
  411  377  346  319  302  280  271  261  219                                   
    17.5-180.0 180.0   5.0 450.0                            LAT/LON1/LON2/DLON/H
  271  239  214  191  164  145  129  118  109  103   98   93   90   89   90   92
   94   97   99  100   99   96   96   97   98   97   94   92   96  106  120  137
  156  178  204  232  261  289  315  339  362  383  406  431  459  489  519  549
  580  609  635  656  671  680  684  684  681  673  660  639  610  574  531  485
  443  409  378  355  337  322  314  307  271                                   
    15.0-180.0 180.0   5.0 450.0                            LAT/LON1/LON2/DLON/H
  316  291  268  243  211  188  168  154  143  133  123  113  104   98   94   93
   93   95   97   98   98   98  101  106  110  111  109  106  107  115  128  145
  164  187  213  241  270  297  324  350  375  401  427  455  485  514  542  567
  589  607  623  635  645  653  658  662  662  658  649  634  611  581  544  502
  462  429  400  380  364  353  348  343  316                                   
    12.5-180.0 180.0   5.0 450.0                            LAT/LON1/LON2/DLON/H
  349  330  312  286  253  227  205  190  176  165  152  137  123  111  103   97
   94   94   95   97   99  101  107  115  122  125  122  117  116  122  134  150
  170  194  220  248  276  303  330  357  384  412  441  471  501  529  552  571
  584  593  599  604  610  618  625  631  634  633  628  618  602  578  547  509
  471  440  412  395  381  372  370  367  349                                   
    10.0-180.0 180.0   5.0 450.0                            LAT/LON1/LON2/DLON/H
  369  357  341  315  284  258  236  221  206  194  179  162  144  128  115  105
   99   97   97   99  102  106  114  124  133  136  132  125  122  126  137  154
  175  198  224  251  278  304  331  358  387  416  447  477  506  531  551  565
  572  575  575  576  580  588  598  606  611  612  609  603  591  572  545  511
  476  445  420  404  393  383  381  378  369                                   
     7.5-180.0 180.0   5.0 450.0                            LAT/LON1/LON2/DLON/H
  379  372  356  330  303  278  258  244  230  217  203  185  165  146  130  118
  109  104  103  105  109  115  123  133  141  143  138  130  125  129  139  156
