data/edconvlstm_nd/pred0840.15i
     1.0            IONOSPHERE MAPS     GNSS                IONEX VERSION / TYPE
pyspatialgeodesy        IME             05-JAN-18 20:20     PGM / RUN BY / DATE 
Map Name                                                    COMMENT             
Predicted global ionosphere maps (GIM).                     DESCRIPTION         
  2015     3    25     0     0     0                        EPOCH OF FIRST MAP  
  2015     3    26     0     0     0                        EPOCH OF LAST MAP   
  7200                                                      INTERVAL            
    13                                                      # OF MAPS IN FILE   
  NONE                                                      MAPPING FUNCTION    
10.0                                                        ELEVATION CUTOFF    
One-way carrier phase leveled to code                       OBSERVABLES USED    
  6371.0                                                    BASE RADIUS         
 2                                                          MAP DIMENSION       
   450.0 450.0   0.0                                        HGT1 / HGT2 / DHGT  
    87.5 -87.5  -2.5                                        LAT1 / LAT2 / DLAT  
  -180.0 180.0   5.0                                        LON1 / LON2 / DLON  
    -1                                                      EXPONENT            
                                                            END OF HEADER       
[from data line 3003]
     8                                                      START OF TEC MAP    
  2015     3    25    14     0     0                        EPOCH OF CURRENT MAP
    87.5-180.0 180.0   5.0 450.0                            LAT/LON1/LON2/DLON/H
  138  147  147  158  164  167  168  169  172  175  176  179  180  182  183  184
  185  186  186  187  188  188  188  189  189  189  189  189  188  188  187  186
  185  184  182  181  179  177  175  173  170  168  166  164  162  160  159  157
  156  155  154  153  152  151  150  150  149  148  148  147  146  146  145  145
  144  145  144  142  146  145  152  150  138                                   
    85.0-180.0 180.0   5.0 450.0                            LAT/LON1/LON2/DLON/H
  133  146  161  159  163  171  174  179  182  186  187  190  191  192  193  194
  195  195  196  197  197  198  198  199  199  200  200  200  200  200  199  198
  197  196  194  192  189  187  184  181  179  176  173  171  169  167  165  164
  162  162  161  160  160  159  159  158  158  157  156  156  155  154  153  152
  152  152  148  145  145  146  147  150  133                                   
    82.5-180.0 180.0   5.0 450.0                            LAT/LON1/LON2/DLON/H
  113  135  141  144  151  162  169  176  180  185  188  192  193  195  196  197
  198  198  199  200  201  202  203  204  205  206  207  208  209  209  208  207
  206  204  201  198  195  191  187  182  178  174  170  166  163  160  158  156
  155  155  154  154  154  154  154  154  154  153  152  150  148  146  143  141
  140  138  133  131  129  139  133  132  113                                   
    80.0-180.0 180.0   5.0 450.0                            LAT/LON1/LON2/DLON/H
   95  112  120  126  134  142  150  160  167  173  176  180  182  184  184  185
  185  185  186  187  188  190  192  194  197  199  201  203  205  206  206  205
  204  202  199  195  190  185  180  174  169  163  158  153  150  147  145  144
  144  144  145  147  148  149  150  151  151  150  149  147  144  140  136  132
  129  125  119  116  110  116  115  117   95                                   
    77.5-180.0 180.0   5.0 450.0                            LAT/LON1/LON2/DLON/H
   90   97  102  107  115  124  133  142  150  156  160  164  166  167  167  167
  167  168  169  171  173  177  181  185  190  194  198  202  205  207  209  209
  209  207  204  200  196  190  184  177  170  164  157  151  146  143  140  140
  140  142  144  147  149  152  154  156  156  156  154  151  147  142  137  131
  125  118  111  106  101   99  100  104   90                                   
    75.0-180.0 180.0   5.0 450.0                            LAT/LON1/LON2/DLON/H
   81   88   88   94  101  110  117  125  134  140  144  147  148  149  148  148
  148  149  151  154  159  165  171  178  185  192  198  204  208  211  214  215
  215  214  212  208  204  198  192  185  177  169  162  155  149  145  142  141
  142  144  146  150  153  156  159  161  162  161  160  157  152  147  141  134
  126  119  111  103   97   94   95   88   81                                   
    72.5-180.0 180.0   5.0 450.0                            LAT/LON1/LON2/DLON/H
   79   84   84   90   93  101  109  115  122  127  130  133  133  133  133  132
  133  134  138  144  151  160  169  179  188  196  203  209  214  218  221  223
  224  224  223  221  218  213  208  201  194  185  177  169  162  157  153  151
  150  151  153  156  159  161  163  165  165  165  163  160  156  151  145  139
  131  123  115  107  100   97   98   94   79                                   
    70.0-180.0 180.0   5.0 450.0                            LAT/LON1/LON2/DLON/H
   83   86   86   89   91   97  102  108  113  117  120  121  121  121  120  119
  120  124  129  138  148  159  171  183  193  203  210  216  221  225  228  230
  231  232  232  231  229  226  223  217  211  204  195  187  179  171  166  162
  159  158  158  158  159  159  159  159  158  157  156  154  151  147  143  138
  132  125  119  112  106  103  107  101   83                                   
    67.5-180.0 180.0   5.0 450.0                            LAT/LON1/LON2/DLON/H
   85   90   89   92   93   97  101  105  109  112  114  115  115  115  114  114
  117  122  129  140  152  166  180  192  203  212  218  223  227  230  233  235
  236  238  239  239  240  239  238  235  230  224  216  207  198  189  181  174
  169  165  161  158  155  152  150  147  145  143  142  140  138  136  134  131
  127  123  119  112  107  107  110  105   85                                   
    65.0-180.0 180.0   5.0 450.0                            LAT/LON1/LON2/DLON/H
   83   89   88   90   89   93   95   99  102  105  107  109  109  109  109  111
  115  121  131  143  157  173  187  200  210  218  223  227  231  233  236  239
  241  243  245  247  249  250  251  251  249  244  237  228  217  207  197  187
  179  171  164  156  149  141  135  130  126  123  121  119  119  118  116  115
  113  111  109  105  103  106  110  108   83                                   
    62.5-180.0 180.0   5.0 450.0                            LAT/LON1/LON2/DLON/H
   75   82   81   83   81   84   86   90   93   96   99  102  104  105  107  110
  115  123  134  148  163  178  193  205  214  220  224  228  232  235  239  243
  246  249  251  253  256  259  262  263  263  260  254  245  233  221  209  198
  187  176  165  154  142  131  122  114  108  104  102  100   99   98   97   96
   95   93   93   91   90   94   98   98   75                                   
    60.0-180.0 180.0   5.0 450.0                            LAT/LON1/LON2/DLON/H
   64   69   68   70   68   70   72   76   80   84   88   93   97  101  104  109
  116  125  137  151  166  181  195  205  213  219  223  227  232  238  244  250
  255  258  260  262  265  268  272  275  276  274  268  259  248  235  223  210
  198  185  172  157  142  129  117  107  100   95   92   90   88   86   84   82
   79   76   76   73   73   78   82   83   64                                   
    57.5-180.0 180.0   5.0 450.0                            LAT/LON1/LON2/DLON/H
   53   56   55   56   54   55   58   61   66   71   77   83   89   95  102  109
  117  127  139  153  168  182  195  205  212  218  223  229  236  245  255  263
  270  273  275  276  277  280  284  287  289  288  282  273  262  250  238  226
  214  201  186  170  153  138  124  114  106  101   98   95   92   88   83   79
   73   68   66   62   61   64   67   69   53                                   
    55.0-180.0 180.0   5.0 450.0                            LAT/LON1/LON2/DLON/H
   47   46   46   45   42   43   45   48   53   58   65   73   81   90   99  109
  119  130  142  156  170  184  196  206  214  221  227  235  246  258  270  281
  289  293  294  293  293  295  298  301  302  301  296  287  276  265  255  245
  234  222  207  191  173  157  143  133  125  120  117  114  109  104   97   89
   81   72   68   62   59   58   59   61   47                                   
    52.5-180.0 180.0   5.0 450.0                            LAT/LON1/LON2/DLON/H
   49   45   43   42   38   38   40   41   45   50   56   65   74   85   97  109
  122  134  147  161  175  189  202  213  222  230  239  249  261  275  289  301
  309  313  314  313  311  312  313  315  316  314  309  300  291  281  273  265
  257  246  232  216  198  182  168  158  151  147  144  141  137  131  123  113
  101   90   83   74   69   65   65   63   49                                   
    50.0-180.0 180.0   5.0 450.0                            LAT/LON1/LON2/DLON/H
   62   54   51   47   42   42   42   43   45   48   53   61   71   83   97  112
  127  141  155  169  183  198  212  226  237  247  257  268  281  295  308  320
  328  332  332  331  330  329  330  331  330  327  322  314  305  298  292  287
  280  270  257  240  222  204  190  180  174  171  170  169  166  161  153  143
  130  118  108   98   91   85   83   76   62                                   
    47.5-180.0 180.0   5.0 450.0                            LAT/LON1/LON2/DLON/H
   83   74   68   61   55   54   54   52   52   54   57   64   73   86  101  118
  134  150  165  180  195  211  228  244  258  270  281  291  302  312  323  332
  339  344  346  347  347  347  347  347  345  341  335  327  320  315  311  306
  300  290  275  256  236  217  202  191  185  184  184  185  185  183  178  170
  159  147  137  127  120  114  110  100   83                                   
    45.0-180.0 180.0   5.0 450.0                            LAT/LON1/LON2/DLON/H
  109  100   92   84   76   74   71   68   66   66   68   73   81   94  109  127
  145  161  176  192  209  227  245  264  280  293  304  312  318  324  330  336
  343  349  355  360  363  365  366  364  361  356  349  342  336  331  328  323
  315  303  285  263  240  218  199  186  180  178  181  185  188  190  190  186
  178  170  160  153  147  143  140  128  109                                   
    42.5-180.0 180.0   5.0 450.0                            LAT/LON1/LON2/DLON/H
  133  127  117  109  101   97   93   87   84   83   83   87   94  106  122  139
  157  173  188  204  221  240  261  281  299  312  321  326  328  329  331  335
  343  353  365  376  384  388  389  386  381  374  367  360  354  349  344  337
  326  310  288  263  236  209  187  171  162  160  163  169  176  181  185  186
  183  179  172  168  166  165  163  153  133                                   
    40.0-180.0 180.0   5.0 450.0                            LAT/LON1/LON2/DLON/H
  147  146  136  130  124  118  113  106  102  100   99  103  110  121  136  153
  170  185  199  214  231  251  272  293  311  324  331  333  332  330  331  337
  349  365  384  401  413  419  419  414  406  398  390  382  375  369  362  352
  337  317  292  264  233  204  178  158  147  143  145  151  158  164  169  173
  174  173  170  169  170  173  172  164  147                                   
    37.5-180.0 180.0   5.0 450.0                            LAT/LON1/LON2/DLON/H
  149  153  144  141  138  131  126  120  116  114  114  118  125  137  152  168
  183  196  209  223  240  259  279  299  316  328  335  337  336  335  340  350
  369  393  419  442  457  463  460  451  441  430  420  411  403  394  384  371
  354  332  306  277  246  215  187  164  149  143  143  145  149  152  155  158
  159  160  159  159  161  166  167  160  149                                   
    35.0-180.0 180.0   5.0 450.0                            LAT/LON1/LON2/DLON/H
  141  148  142  141  140  134  131  125  122  122  124  130  139  151  166  182
  195  208  219  233  248  266  285  303  318  330  337  341  345  351  363  383
  411  443  476  503  519  522  514  500  484  470  458  447  437  427  416  401
  384  363  340  314  286  255  226  201  183  174  169  167  163  159  156  154
  151  150  148  147  147  151  153  146  141                                   
    32.5-180.0 180.0   5.0 450.0                            LAT/LON1/LON2/DLON/H
  128  136  133  132  134  127  126  122  121  123  128  136  148  163  179  195
  208  219  231  244  259  276  292  308  322  334  344  354  366  383  407  439
  478  519  558  585  598  594  579  558  537  519  504  491  480  469  458  446
  431  416  399  380  357  330  301  274  254  241  232  221  208  194  180  170
  161  155  149  143  139  139  140  130  128                                   
    30.0-180.0 180.0   5.0 450.0                            LAT/LON1/LON2/DLON/H
  118  126  123  122  122  116  117  113  114  118  125  136  152  170  189  206
  220  232  244  259  274  290  305  319  332  345  360  379  403  434  473  520
  571  619  658  682  687  675  650  621  594  572  555  541  530  521  513  505
  498  491  483  473  458  435  408  381  359  342  326  307  283  256  232  211
  194  181  169  156  145  137  135  121  118                                   
    27.5-180.0 180.0   5.0 450.0                            LAT/LON1/LON2/DLON/H
  116  122  117  114  113  106  107  104  105  109  118  132  150  172  195  215
  231  245  260  277  294  311  325  338  351  367  389  417  455  503  559  620
  679  728  763  778  772  749  715  680  650  626  608  596  587  581  579  578
  579  581  584  583  575  558  533  506  482  461  440  413  379  340  305  275
  249  230  211  191  171  153  144  123  116                                   
    25.0-180.0 180.0   5.0 450.0                            LAT/LON1/LON2/DLON/H
  125  129  120  114  110  102  103   98   99  102  110  124  145  171  197  221
  241  259  278  298  318  336  350  363  378  399  429  469  522  585  654  723
  783  827  851  854  836  804  765  728  697  676  661  651  646  645  648  655
  664  674  683  688  684  669  645  619  594  572  547  516  476  431  388  351
  319  295  269  244  215  187  169  139  125                                   
    22.5-180.0 180.0   5.0 450.0                            LAT/LON1/LON2/DLON/H
  146  147  132  122  114  106  105   99   97   98  104  117  139  167  198  226
  250  273  296  320  343  362  378  393  412  439  478  530  593  665  739  808
  862  895  906  895  868  832  793  760  735  719  709  704  703  707  714  725
  738  750  760  763  755  737  711  684  660  640  618  589  551  507  464  425
  391  365  334  306  269  233  208  170  146                                   
    20.0-180.0 180.0   5.0 450.0                            LAT/LON1/LON2/DLON/H
  174  172  153  137  125  116  113  105  100   98  101  112  134  164  197  230
  259  285  312  340  365  386  404  423  447  482  529  588  655  728  799  860
  902  922  919  898  867  834  803  779  763  755  752  751  754  760  769  780
  791  799  800  792  773  746  714  684  661  645  631  612  585  550  514  479
  448  424  394  365  325  284  253  211  174                                   
    17.5-180.0 180.0   5.0 450.0                            LAT/LON1/LON2/DLON/H
  205  199  177  156  141  131  125  116  108  103  102  110  131  161  198  234
  267  298  328  357  384  406  426  448  478  520  572  632  698  763  824  871
  898  905  892  868  841  816  798  788  784  785  788  791  796  802  809  816
  819  815  800  774  737  695  655  622  601  591  587  583  572  554  530  504
  479  461  435  409  370  328  296  253  205                                   
    15.0-180.0 180.0   5.0 450.0                            LAT/LON1/LON2/DLON/H
  232  222  199  176  157  146  139  129  119  110  106  112  130  161  200  239
  275  309  341  371  397  419  440  466  502  548  602  659  716  769  812  843
  857  854  839  819  802  792  790  794  801  809  817  822  827  831  834  833
  824  802  766  716  659  603  554  520  501  498  505  517  526  526  518  502
  483  469  450  428  395  356  326  286  232                                   
    12.5-180.0 180.0   5.0 450.0                            LAT/LON1/LON2/DLON/H
  251  239  215  191  170  159  152  141  130  120  113  117  134  164  203  244
  283  320  353  382  407  427  448  477  517  566  619  671  716  753  781  797
  801  794  782  772  769  775  787  802  816  829  838  844  848  849  845  834
  810  768  709  638  563  497  445  412  398  401  418  443  468  485  489  481
  466  454  440  423  398  364  338  302  251                                   
    10.0-180.0 180.0   5.0 450.0                            LAT/LON1/LON2/DLON/H
  262  247  224  201  180  167  160  150  139  129  122  125  140  169  208  250
  291  329  363  391  413  432  454  485  528  579  630  674  708  732  747  754
  753  748  743  745  755  773  794  815  832  845  854  859  860  856  845  822
  784  725  648  562  480  411  362  333  324  332  355  388  423  449  461  454
  439  426  414  401  384  357  333  301  262                                   
     7.5-180.0 180.0   5.0 450.0                            LAT/LON1/LON2/DLON/H
  264  248  225  204  184  170  164  154  145  136  131  134  148  176  214  257
  299  337  371  398  419  437  461  495  540  591  639  677  703  719  727  730
