data/edconvlstm_nd/pred1580.15i
     1.0            IONOSPHERE MAPS     GNSS                IONEX VERSION / TYPE
pyspatialgeodesy        IME             05-JAN-18 20:20     PGM / RUN BY / DATE 
Map Name                                                    COMMENT             
Predicted global ionosphere maps (GIM).                     DESCRIPTION         
  2015     6     7     0     0     0                        EPOCH OF FIRST MAP  
  2015     6     8     0     0     0                        EPOCH OF LAST MAP   
  7200                                                      INTERVAL            
    13                                                      # OF MAPS IN FILE   
  NONE                                                      MAPPING FUNCTION    
10.0                                                        ELEVATION CUTOFF    
One-way carrier phase leveled to code                       OBSERVABLES USED    
  6371.0                                                    BASE RADIUS         
 2                                                          MAP DIMENSION       
   450.0 450.0   0.0                                        HGT1 / HGT2 / DHGT  
    87.5 -87.5  -2.5                                        LAT1 / LAT2 / DLAT  
  -180.0 180.0   5.0                                        LON1 / LON2 / DLON  
    -1                                                      EXPONENT            
                                                            END OF HEADER       
[from data line 2574]
     7                                                      START OF TEC MAP    
  2015     6     7    12     0     0                        EPOCH OF CURRENT MAP
    87.5-180.0 180.0   5.0 450.0                            LAT/LON1/LON2/DLON/H
  198  189  181  185  188  189  189  188  190  191  192  192  193  193  193  193
  193  193  193  193  192  192  192  192  191  191  191  191  191  191  191  191
  191  191  192  192  192  192  192  192  192  192  193  193  193  193  193  193
  193  193  192  192  192  191  191  190  189  189  188  187  186  185  184  184
  183  183  181  181  184  186  188  194  198                                   
    85.0-180.0 180.0   5.0 450.0                            LAT/LON1/LON2/DLON/H
  181  178  186  184  185  190  192  193  195  197  197  198  199  199  199  199
  199  199  199  199  198  198  198  197  197  197  197  197  197  197  197  197
  197  197  197  197  197  197  197  197  198  198  198  198  198  198  198  198
  198  198  197  197  196  196  195  194  193  192  191  189  188  187  185  184
  184  184  180  180  179  177  183  192  181                                   
    82.5-180.0 180.0   5.0 450.0                            LAT/LON1/LON2/DLON/H
  164  175  177  176  178  185  188  191  193  196  197  198  199  200  200  200
  200  199  199  198  198  198  197  197  197  197  197  197  198  198  198  198
  198  198  198  198  198  198  198  198  198  198  199  199  200  200  200  200
  200  200  200  200  199  198  197  195  194  192  190  188  186  184  181  179
  177  175  170  173  170  176  178  169  164                                   
    80.0-180.0 180.0   5.0 450.0                            LAT/LON1/LON2/DLON/H
  163  172  175  177  178  183  188  193  197  199  201  203  204  204  204  204
  203  203  202  201  201  200  200  200  200  201  201  202  203  203  204  204
  204  204  204  204  204  204  204  204  205  205  206  207  208  208  209  209
  210  210  209  209  208  207  206  204  202  200  198  195  192  188  185  182
  179  176  170  171  167  166  172  163  163                                   
    77.5-180.0 180.0   5.0 450.0                            LAT/LON1/LON2/DLON/H
  168  171  175  177  179  185  189  193  198  201  202  204  205  205  205  205
  204  204  203  202  202  202  203  204  205  206  208  210  211  213  214  214
  215  215  215  215  215  215  215  215  216  216  217  218  219  220  220  221
  222  222  222  221  221  220  218  217  215  212  209  206  202  198  194  190
  185  181  174  173  173  167  168  165  168                                   
    75.0-180.0 180.0   5.0 450.0                            LAT/LON1/LON2/DLON/H
  169  173  173  177  179  184  188  192  197  200  201  202  203  203  203  202
  202  201  201  201  201  202  203  205  208  210  213  216  219  222  224  226
  226  227  227  227  227  226  226  226  226  226  227  228  228  229  230  230
  231  231  231  230  230  229  228  226  225  223  220  218  214  210  205  201
  195  190  183  178  176  172  171  164  169                                   
    72.5-180.0 180.0   5.0 450.0                            LAT/LON1/LON2/DLON/H
  171  175  174  177  176  181  185  188  191  193  194  195  195  195  195  194
  194  193  194  194  196  198  200  203  207  211  216  220  224  228  232  234
  236  236  237  236  236  235  235  234  234  234  234  234  234  234  234  234
  234  234  233  232  232  231  230  230  229  228  227  225  223  219  215  211
  205  200  193  188  183  177  176  172  171                                   
    70.0-180.0 180.0   5.0 450.0                            LAT/LON1/LON2/DLON/H
  176  177  175  176  174  176  178  180  183  184  184  185  185  185  184  184
  184  184  185  186  189  192  195  199  204  209  215  221  226  232  236  239
  242  243  243  242  242  241  240  239  238  237  237  236  235  235  234  233
  232  231  230  229  228  227  227  227  228  229  229  229  228  226  223  220
  215  210  203  198  192  187  187  181  176                                   
    67.5-180.0 180.0   5.0 450.0                            LAT/LON1/LON2/DLON/H
  182  183  180  179  174  174  174  174  175  176  176  176  176  176  176  176
  177  178  180  182  185  188  192  197  202  208  215  221  228  234  240  244
  246  248  248  248  247  246  245  244  243  242  240  239  237  236  235  233
  231  229  227  225  224  223  224  225  227  230  232  234  234  234  232  230
  226  222  216  210  204  199  197  192  182                                   
    65.0-180.0 180.0   5.0 450.0                            LAT/LON1/LON2/DLON/H
  190  190  184  180  172  170  168  166  166  166  166  167  168  169  169  170
  171  173  175  178  181  185  189  194  199  205  212  220  227  234  240  245
  248  250  250  250  249  249  248  247  246  244  242  240  238  236  234  231
  229  226  223  221  219  219  220  222  226  230  233  236  238  239  239  238
  235  232  227  222  217  213  212  206  190                                   
    62.5-180.0 180.0   5.0 450.0                            LAT/LON1/LON2/DLON/H
  196  195  188  182  171  166  162  159  158  158  158  160  162  163  165  167
  168  171  173  176  179  183  187  191  196  202  209  217  225  233  240  245
  249  250  251  251  251  250  250  250  249  247  245  243  240  237  235  232
  229  225  222  219  218  217  219  222  227  232  236  240  243  244  244  243
  241  240  236  232  227  224  223  218  196                                   
    60.0-180.0 180.0   5.0 450.0                            LAT/LON1/LON2/DLON/H
  202  199  191  182  169  163  157  152  150  150  151  153  156  159  162  164
  167  170  172  175  178  181  184  188  193  199  206  214  223  232  239  245
  249  251  252  252  252  252  253  253  252  251  249  246  243  240  237  234
  231  227  224  221  219  220  222  226  231  236  241  245  247  248  248  247
  245  244  240  237  234  232  232  226  202                                   
    57.5-180.0 180.0   5.0 450.0                            LAT/LON1/LON2/DLON/H
  206  201  193  183  169  161  154  148  145  144  144  147  151  155  159  163
  167  170  173  175  177  180  183  186  191  197  204  213  222  232  240  247
  251  253  254  255  256  256  257  258  258  257  255  252  249  246  242  239
  236  232  229  226  224  225  228  232  237  243  247  251  252  253  252  250
  248  246  243  240  237  237  236  231  206                                   
    55.0-180.0 180.0   5.0 450.0                            LAT/LON1/LON2/DLON/H
  208  202  194  183  170  162  154  147  143  140  139  141  145  150  155  161
  166  170  173  175  177  179  181  185  190  196  204  213  223  233  243  250
  255  258  260  261  261  263  264  265  265  264  262  259  256  252  249  245
  242  238  235  232  231  231  235  239  245  250  254  256  257  257  255  253
  249  247  243  240  237  237  237  232  208                                   
    52.5-180.0 180.0   5.0 450.0                            LAT/LON1/LON2/DLON/H
  209  201  194  184  172  165  157  149  143  139  136  137  140  144  151  157
  164  170  174  176  177  179  181  185  190  197  205  215  225  236  247  255
  261  265  268  269  270  272  273  273  273  272  270  267  264  260  256  252
  248  244  240  237  236  237  240  245  250  254  258  260  261  260  258  256
  251  248  243  239  236  235  235  230  209                                   
    50.0-180.0 180.0   5.0 450.0                            LAT/LON1/LON2/DLON/H
  208  199  193  186  176  170  163  154  147  140  135  134  135  139  145  153
  162  170  175  178  180  181  184  188  193  200  208  218  229  241  252  261
  269  274  278  280  282  283  284  284  284  283  280  277  273  268  263  258
  253  248  243  240  238  239  242  247  252  256  259  262  263  264  262  260
  255  250  244  239  234  232  231  226  208                                   
    47.5-180.0 180.0   5.0 450.0                            LAT/LON1/LON2/DLON/H
  205  197  191  186  179  176  170  162  154  145  138  133  132  134  141  150
  161  171  178  182  184  186  189  193  199  206  214  223  234  245  257  268
  277  284  289  293  295  297  297  297  296  295  293  289  284  278  271  264
  258  251  246  241  239  239  242  246  250  254  258  262  265  267  267  265
  260  255  247  240  233  229  226  221  205                                   
    45.0-180.0 180.0   5.0 450.0                            LAT/LON1/LON2/DLON/H
  202  193  189  186  182  180  177  169  161  152  143  136  132  132  138  148
  161  173  183  189  192  194  197  201  207  213  220  229  238  249  261  273
  284  294  301  307  311  313  313  313  312  310  308  304  297  289  281  272
  263  255  249  243  240  239  241  244  248  252  257  262  267  272  274  273
  268  261  252  243  233  228  223  217  202                                   
    42.5-180.0 180.0   5.0 450.0                            LAT/LON1/LON2/DLON/H
  198  190  186  184  182  183  181  175  169  160  150  142  136  134  138  148
  163  178  190  198  202  205  207  211  216  222  228  234  242  252  264  277
  290  303  313  322  327  331  332  332  331  330  327  322  314  304  293  282
  272  263  255  249  245  243  244  246  249  253  258  265  272  278  282  282
  277  270  259  248  236  228  222  214  198                                   
    40.0-180.0 180.0   5.0 450.0                            LAT/LON1/LON2/DLON/H
  194  188  183  181  180  182  182  179  174  168  159  151  143  139  142  151
  166  183  198  208  214  217  219  223  227  231  235  240  246  256  267  281
  296  312  326  337  345  351  353  354  354  353  350  344  335  323  310  298
  287  278  270  263  258  255  255  256  258  261  266  273  281  288  292  293
  287  280  267  255  240  231  223  213  194                                   
    37.5-180.0 180.0   5.0 450.0                            LAT/LON1/LON2/DLON/H
  194  188  182  179  176  178  180  178  177  174  169  162  154  148  147  155
  170  188  204  217  224  228  230  233  236  239  242  246  251  260  271  286
  303  321  338  353  364  372  376  379  380  380  377  370  359  346  332  320
  310  301  294  288  283  279  277  276  276  278  282  288  295  301  305  304
  298  290  277  264  247  236  226  215  194                                   
    35.0-180.0 180.0   5.0 450.0                            LAT/LON1/LON2/DLON/H
  197  192  185  179  174  174  176  175  177  178  177  172  164  157  154  159
  173  191  209  223  232  236  239  241  243  245  248  252  257  266  278  293
  312  332  351  369  384  394  401  405  408  408  405  398  387  373  360  348
  340  334  328  323  318  313  310  307  305  305  307  311  316  319  320  316
  309  300  287  274  255  243  233  220  197                                   
    32.5-180.0 180.0   5.0 450.0                            LAT/LON1/LON2/DLON/H
  206  201  194  184  176  173  173  172  176  180  182  180  174  165  160  162
  173  191  209  225  235  241  244  246  248  250  253  258  264  274  286  303
  322  344  366  385  402  414  424  430  434  435  432  425  414  401  390  381
  376  373  369  365  361  356  351  346  342  339  338  339  339  338  334  328
  319  310  297  285  265  253  242  229  206                                   
    30.0-180.0 180.0   5.0 450.0                            LAT/LON1/LON2/DLON/H
  221  216  208  195  183  177  174  172  175  180  185  186  180  171  164  163
  172  187  206  222  234  242  245  247  250  253  257  264  273  284  298  315
  335  357  380  400  417  431  442  450  455  457  454  448  438  429  421  416
  414  414  413  410  406  401  394  387  380  375  370  367  362  355  347  337
  326  318  307  296  277  265  254  241  221                                   
    27.5-180.0 180.0   5.0 450.0                            LAT/LON1/LON2/DLON/H
  239  236  227  211  197  188  181  176  176  181  185  187  183  174  165  162
  168  181  199  216  230  239  243  246  249  253  261  270  282  296  311  330
  350  371  393  412  428  442  453  462  468  470  469  464  457  452  448  448
  450  452  452  450  446  440  432  423  413  404  396  388  379  367  354  342
  331  324  315  305  287  277  266  254  239                                   
    25.0-180.0 180.0   5.0 450.0                            LAT/LON1/LON2/DLON/H
  256  257  248  232  216  205  194  185  181  182  185  186  182  173  164  159
  162  174  191  208  223  233  238  242  246  253  263  276  291  307  325  344
  364  384  403  420  434  446  457  466  472  475  474  472  469  468  470  473
  478  481  482  479  475  468  458  447  434  422  411  399  385  369  354  341
  330  326  319  311  295  286  276  267  256                                   
    22.5-180.0 180.0   5.0 450.0                            LAT/LON1/LON2/DLON/H
  269  274  267  252  237  224  211  198  190  186  184  183  178  169  160  155
  157  167  183  200  215  225  232  236  242  251  264  280  298  317  336  356
  375  393  409  423  434  445  454  462  468  471  472  472  474  478  483  490
  495  497  496  493  487  478  468  455  440  425  411  396  380  362  346  333
  324  322  317  312  297  289  282  274  269                                   
    20.0-180.0 180.0   5.0 450.0                            LAT/LON1/LON2/DLON/H
  274  282  278  266  253  241  227  213  200  191  184  179  173  165  156  151
  152  161  176  192  207  217  224  230  238  250  265  283  303  324  344  364
  383  399  412  423  431  439  447  454  459  463  466  469  474  482  490  497
  500  500  497  491  483  474  462  448  432  416  399  382  365  346  330  319
  312  312  309  305  293  286  280  275  274                                   
    17.5-180.0 180.0   5.0 450.0                            LAT/LON1/LON2/DLON/H
  267  279  277  269  259  249  238  224  209  195  184  176  167  159  152  148
  149  157  170  186  199  210  217  225  235  248  266  285  307  328  349  369
  387  402  414  422  428  434  440  446  452  456  460  466  473  482  491  496
  497  493  486  477  468  459  447  433  416  399  381  363  344  325  310  300
  295  296  294  291  281  275  271  266  267                                   
    15.0-180.0 180.0   5.0 450.0                            LAT/LON1/LON2/DLON/H
  251  264  264  257  252  245  238  226  212  197  183  172  163  155  149  146
  148  155  167  180  193  203  211  220  233  248  267  287  309  331  353  373
  390  405  415  422  427  432  438  444  449  454  459  465  474  482  489  490
  487  479  468  458  449  440  429  415  399  381  362  342  322  303  288  279
  274  275  275  273  264  259  255  250  251                                   
    12.5-180.0 180.0   5.0 450.0                            LAT/LON1/LON2/DLON/H
  229  241  241  234  233  228  225  218  207  194  179  168  158  151  146  144
  146  153  164  176  187  197  206  217  232  249  269  290  312  334  355  376
  394  409  419  427  432  437  442  448  454  459  464  470  477  483  485  482
  474  463  451  441  432  424  414  402  386  367  347  325  304  284  269  259
  254  254  253  251  244  239  237  229  229                                   
    10.0-180.0 180.0   5.0 450.0                            LAT/LON1/LON2/DLON/H
  207  216  214  206  205  201  202  200  194  184  172  162  153  146  142  141
  144  151  161  172  183  193  203  216  233  252  273  295  316  338  360  380
  399  414  426  435  441  447  454  460  465  470  474  478  482  483  481  473
  462  449  437  428  420  414  406  395  380  362  340  316  293  272  255  244
  237  235  232  230  224  220  218  209  207                                   
     7.5-180.0 180.0   5.0 450.0                            LAT/LON1/LON2/DLON/H
  189  195  190  179  177  172  175  175  174  169  161  153  146  141  137  137
  139  146  156  168  179  190  202  217  236  257  279  301  323  344  365  386
