data/edconvlstm_nd/pred1080.15i
     1.0            IONOSPHERE MAPS     GNSS                IONEX VERSION / TYPE
pyspatialgeodesy        IME             05-JAN-18 20:20     PGM / RUN BY / DATE 
Map Name                                                    COMMENT             
Predicted global ionosphere maps (GIM).                     DESCRIPTION         
  2015     4    18     0     0     0                        EPOCH OF FIRST MAP  
  2015     4    19     0     0     0                        EPOCH OF LAST MAP   
  7200                                                      INTERVAL            
    13                                                      # OF MAPS IN FILE   
  NONE                                                      MAPPING FUNCTION    
10.0                                                        ELEVATION CUTOFF    
One-way carrier phase leveled to code                       OBSERVABLES USED    
  6371.0                                                    BASE RADIUS         
 2                                                          MAP DIMENSION       
   450.0 450.0   0.0                                        HGT1 / HGT2 / DHGT  
    87.5 -87.5  -2.5                                        LAT1 / LAT2 / DLAT  
  -180.0 180.0   5.0                                        LON1 / LON2 / DLON  
    -1                                                      EXPONENT            
                                                            END OF HEADER       
[from data line 3861]
    10                                                      START OF TEC MAP    
  2015     4    18    18     0     0                        EPOCH OF CURRENT MAP
    87.5-180.0 180.0   5.0 450.0                            LAT/LON1/LON2/DLON/H
  177  173  162  169  172  172  172  172  172  174  174  176  176  177  178  179
  180  180  181  181  181  182  181  181  181  180  179  178  177  176  175  173
  172  171  170  169  168  167  166  165  165  164  164  163  163  163  163  163
  164  164  165  165  166  166  167  167  168  168  169  169  169  169  169  169
  169  169  168  168  177  175  177  174  177                                   
    85.0-180.0 180.0   5.0 450.0                            LAT/LON1/LON2/DLON/H
  167  166  172  167  167  171  172  174  175  177  178  179  180  182  183  184
  186  187  187  188  189  189  189  188  188  187  186  184  183  181  180  178
  176  175  173  172  171  170  169  168  167  167  166  166  165  165  165  165
  166  166  167  167  168  169  170  170  171  172  172  173  173  173  173  173
  174  173  171  170  172  164  165  168  167                                   
    82.5-180.0 180.0   5.0 450.0                            LAT/LON1/LON2/DLON/H
  143  149  150  148  150  155  158  161  162  165  166  169  171  174  176  178
  181  182  184  185  187  187  188  188  187  186  185  183  180  178  175  173
  170  168  166  164  163  161  160  159  158  157  157  156  155  155  155  155
  155  156  157  157  158  159  160  161  162  163  164  165  165  165  165  164
  164  162  159  162  159  162  153  146  143                                   
    80.0-180.0 180.0   5.0 450.0                            LAT/LON1/LON2/DLON/H
  129  132  135  135  134  137  141  147  150  154  156  160  163  166  169  172
  174  176  178  180  182  183  184  184  183  182  180  178  175  171  168  165
  162  159  157  155  154  152  151  151  150  149  148  147  146  146  146  146
  146  147  149  150  152  153  155  156  158  159  160  161  162  162  161  161
  160  157  154  154  147  140  136  135  129                                   
    77.5-180.0 180.0   5.0 450.0                            LAT/LON1/LON2/DLON/H
  128  123  126  125  126  128  132  137  141  145  149  153  157  161  164  166
  169  172  174  176  179  181  183  184  184  183  182  179  176  172  168  164
  161  158  156  155  155  154  154  154  153  152  150  149  148  147  146  146
  147  148  149  151  152  154  156  157  159  160  161  162  162  162  161  160
  158  155  152  150  146  135  134  135  128                                   
    75.0-180.0 180.0   5.0 450.0                            LAT/LON1/LON2/DLON/H
  127  125  124  123  123  127  129  134  139  145  149  153  157  160  162  164
  166  168  170  173  176  179  182  184  185  185  184  181  177  173  168  164
  160  158  157  157  157  158  158  158  157  156  154  152  150  148  147  147
  147  148  149  150  152  154  155  156  157  159  159  160  160  160  160  159
  157  155  152  147  144  134  135  126  127                                   
    72.5-180.0 180.0   5.0 450.0                            LAT/LON1/LON2/DLON/H
  130  129  129  130  127  131  134  139  143  148  153  157  160  163  164  165
  165  166  168  171  174  179  183  186  189  189  188  185  181  176  170  166
  162  160  159  160  161  163  165  165  165  163  161  158  154  152  150  149
  149  150  151  152  153  154  155  155  155  155  156  156  156  156  156  155
  153  152  150  146  143  136  139  135  130                                   
    70.0-180.0 180.0   5.0 450.0                            LAT/LON1/LON2/DLON/H
  138  138  137  137  135  138  140  145  150  156  161  165  168  169  169  168
  167  166  167  170  174  179  184  188  191  192  191  188  183  177  171  165
  161  159  158  160  162  164  166  167  167  164  161  157  153  150  147  146
  146  147  148  148  149  148  147  146  145  144  143  143  143  142  143  143
  142  142  142  140  141  138  143  139  138                                   
    67.5-180.0 180.0   5.0 450.0                            LAT/LON1/LON2/DLON/H
  144  147  147  148  148  150  153  158  162  169  174  179  181  182  181  179
  176  175  175  177  181  186  191  196  199  199  198  194  188  181  175  169
  164  161  161  163  165  168  170  171  170  167  163  158  153  149  147  146
  146  146  147  147  147  145  143  140  137  134  132  130  129  129  129  130
  130  131  132  132  135  137  142  140  144                                   
    65.0-180.0 180.0   5.0 450.0                            LAT/LON1/LON2/DLON/H
  144  149  150  152  152  154  157  162  167  175  181  187  190  192  190  188
  185  182  182  183  186  190  195  198  200  199  197  192  187  180  174  168
  164  161  160  161  163  166  167  167  166  162  157  151  146  141  138  137
  137  137  138  137  135  132  128  123  119  114  111  108  106  105  105  105
  106  108  112  115  121  129  136  136  144                                   
    62.5-180.0 180.0   5.0 450.0                            LAT/LON1/LON2/DLON/H
  137  145  147  151  153  155  157  163  169  177  185  192  198  200  201  199
  196  194  192  192  194  197  199  200  199  197  194  189  184  179  174  169
  166  163  162  162  163  164  165  164  162  157  152  145  139  134  130  129
  128  128  127  126  123  119  114  108  102   96   91   87   84   82   81   81
   82   84   89   93  102  112  121  124  137                                   
    60.0-180.0 180.0   5.0 450.0                            LAT/LON1/LON2/DLON/H
  124  135  139  144  147  149  152  158  165  174  183  193  200  206  208  208
  207  204  202  201  201  200  199  197  194  190  186  183  180  178  175  173
  171  169  168  167  166  166  165  163  160  156  149  143  135  129  124  121
  120  118  117  115  111  107  101   94   88   81   75   71   67   64   62   61
   61   63   67   72   81   94  104  108  124                                   
    57.5-180.0 180.0   5.0 450.0                            LAT/LON1/LON2/DLON/H
  110  124  130  137  142  144  148  153  160  170  180  191  201  209  215  217
  217  215  212  209  206  203  199  193  187  182  178  177  177  179  181  182
  182  181  179  177  175  173  171  168  165  160  154  147  139  131  125  120
  116  113  111  108  104  100   95   89   82   76   70   64   60   56   54   51
   50   51   54   57   66   78   88   94  110                                   
    55.0-180.0 180.0   5.0 450.0                            LAT/LON1/LON2/DLON/H
  101  118  127  135  141  145  148  153  159  168  179  191  202  213  221  226
  227  225  220  215  210  203  196  189  181  175  173  174  179  185  190  194
  196  196  195  192  189  186  182  179  176  172  166  159  150  141  132  125
  119  114  111  108  104  101   98   93   87   81   75   69   65   60   57   54
   51   50   52   54   61   71   81   86  101                                   
    52.5-180.0 180.0   5.0 450.0                            LAT/LON1/LON2/DLON/H
   99  120  132  141  150  155  158  162  167  174  184  195  207  219  229  235
  236  233  227  219  211  203  194  186  178  173  173  177  185  194  203  209
  212  213  212  210  206  202  197  194  191  187  182  175  166  156  145  136
  128  122  117  114  112  110  108  106  101   96   90   84   79   75   71   68
   64   63   63   63   68   75   83   86   99                                   
    50.0-180.0 180.0   5.0 450.0                            LAT/LON1/LON2/DLON/H
  108  131  147  157  168  176  179  182  186  191  198  208  220  232  242  247
  247  241  232  221  211  203  195  187  181  178  180  186  196  206  215  222
  226  227  227  225  222  218  213  209  206  203  199  192  183  172  161  150
  141  134  129  126  125  125  125  124  121  117  112  106  102   97   94   91
   87   85   84   83   85   89   96   96  108                                   
    47.5-180.0 180.0   5.0 450.0                            LAT/LON1/LON2/DLON/H
  127  151  169  181  195  205  210  213  216  219  224  231  240  251  260  264
  261  251  237  223  212  204  198  193  190  189  193  200  210  219  226  230
  233  236  237  237  235  231  226  221  217  214  210  204  196  185  174  163
  154  147  143  140  140  142  143  144  142  139  134  130  126  122  120  117
  113  111  110  108  109  110  115  113  127                                   
    45.0-180.0 180.0   5.0 450.0                            LAT/LON1/LON2/DLON/H
  151  175  194  208  225  238  244  248  252  255  258  263  270  278  285  286
  279  264  245  229  217  210  206  204  204  206  210  217  223  229  232  234
  236  239  242  245  244  240  235  228  223  219  214  209  201  192  182  173
  165  159  155  153  154  155  158  159  159  157  153  150  148  146  144  141
  137  136  135  134  134  133  135  133  151                                   
    42.5-180.0 180.0   5.0 450.0                            LAT/LON1/LON2/DLON/H
  175  198  216  234  252  267  277  283  289  294  297  300  305  312  316  314
  303  283  260  240  227  221  219  220  221  225  229  233  236  237  236  236
  237  242  248  252  253  249  242  233  225  218  212  206  199  191  184  177
  172  168  164  163  162  164  166  168  168  168  167  166  165  164  163  160
  156  155  153  153  154  152  152  153  175                                   
    40.0-180.0 180.0   5.0 450.0                            LAT/LON1/LON2/DLON/H
  195  216  234  254  274  290  302  312  322  329  334  338  343  349  352  348
  333  310  283  261  246  239  237  238  240  243  246  248  248  245  243  243
  247  254  262  268  268  263  253  240  228  218  210  202  194  188  182  178
  175  173  170  168  167  168  169  171  173  174  175  176  177  176  175  171
  166  164  162  163  165  163  163  168  195                                   
    37.5-180.0 180.0   5.0 450.0                            LAT/LON1/LON2/DLON/H
  207  227  245  266  287  303  319  332  346  358  367  373  379  385  389  384
  369  345  317  292  276  266  262  260  260  262  264  264  263  261  261  265
  273  283  293  298  297  288  273  256  239  224  212  202  193  186  182  180
  179  177  175  173  172  172  173  175  178  181  184  186  187  185  181  176
  168  165  162  164  166  166  166  175  207                                   
    35.0-180.0 180.0   5.0 450.0                            LAT/LON1/LON2/DLON/H
  214  233  251  272  293  309  328  344  363  380  392  402  410  418  424  422
  408  386  359  334  315  302  292  285  282  282  284  286  288  291  298  310
  324  338  347  349  343  328  308  284  262  242  225  212  201  193  189  187
  186  185  183  182  181  181  182  185  189  194  199  201  200  196  189  179
  168  163  159  159  162  164  164  175  214                                   
    32.5-180.0 180.0   5.0 450.0                            LAT/LON1/LON2/DLON/H
  218  236  255  276  297  312  333  351  375  395  412  425  436  447  456  457
  448  429  406  383  363  345  329  317  311  310  314  320  329  341  359  380
  401  418  425  422  408  385  356  326  298  273  252  235  222  212  206  202
  201  200  199  199  200  202  204  208  214  220  224  225  222  213  202  188
  173  165  158  156  158  160  160  173  218                                   
    30.0-180.0 180.0   5.0 450.0                            LAT/LON1/LON2/DLON/H
  223  242  261  282  303  317  339  359  385  409  428  445  459  473  485  489
  485  473  455  435  414  392  372  357  350  351  360  373  390  414  442  473
  501  520  524  512  487  453  416  379  344  315  290  270  254  243  234  229
  226  225  226  228  232  237  242  247  253  258  261  260  252  239  222  204
  187  176  165  160  159  159  159  172  223                                   
    27.5-180.0 180.0   5.0 450.0                            LAT/LON1/LON2/DLON/H
  232  251  270  291  313  326  350  371  398  423  445  465  482  498  512  520
  520  514  502  486  466  444  423  408  404  411  426  447  474  508  546  586
  618  636  634  611  572  526  479  435  395  361  334  313  296  283  273  266
  261  260  263  270  278  286  293  298  303  305  305  299  286  268  248  227
  208  195  181  173  167  164  162  175  232                                   
    25.0-180.0 180.0   5.0 450.0                            LAT/LON1/LON2/DLON/H
  247  265  283  306  330  343  367  388  416  442  466  487  507  525  540  549
  553  551  545  534  518  499  482  474  477  492  515  543  577  618  664  708
  741  753  740  702  649  590  533  482  438  402  374  353  338  325  315  307
  302  301  307  317  329  341  349  353  355  353  348  336  318  296  274  252
  233  220  203  192  181  173  168  181  247                                   
    22.5-180.0 180.0   5.0 450.0                            LAT/LON1/LON2/DLON/H
  263  280  297  323  350  365  390  411  438  464  489  513  534  554  569  580
  585  586  584  578  567  555  549  552  567  591  621  655  692  735  781  824
  850  851  822  768  700  630  566  509  462  425  398  381  369  360  352  345
  341  342  349  362  378  391  399  401  398  391  380  363  341  317  295  274
  256  243  226  211  196  183  175  189  263                                   
    20.0-180.0 180.0   5.0 450.0                            LAT/LON1/LON2/DLON/H
  276  292  310  339  371  389  414  435  462  488  514  540  564  585  600  610
  616  620  621  619  614  613  620  638  666  700  735  770  805  842  881  913
  926  911  865  796  717  639  569  509  459  422  399  388  383  381  379  376
  375  378  387  402  418  430  435  433  425  412  395  374  350  326  305  287
  273  261  244  227  208  191  178  194  276                                   
    17.5-180.0 180.0   5.0 450.0                            LAT/LON1/LON2/DLON/H
  281  295  316  350  387  410  436  458  484  511  538  566  592  615  631  641
  648  653  656  658  661  670  691  723  764  807  844  874  897  919  942  957
  954  923  865  787  703  623  550  486  435  399  381  378  383  391  397  401
  404  410  420  433  446  454  455  447  433  415  392  368  343  320  303  289
  278  268  252  234  213  193  176  195  281                                   
    15.0-180.0 180.0   5.0 450.0                            LAT/LON1/LON2/DLON/H
  275  287  313  352  394  423  453  476  503  531  559  589  617  642  659  671
  679  686  692  697  706  724  755  799  850  898  931  947  950  952  955  954
  936  895  831  754  672  593  519  454  402  369  357  362  378  396  411  422
  430  437  445  453  460  462  456  443  424  400  374  347  323  303  289  279
  271  264  249  231  210  189  168  190  275                                   
    12.5-180.0 180.0   5.0 450.0                            LAT/LON1/LON2/DLON/H
  259  272  303  346  393  428  462  488  518  547  577  608  638  665  685  699
  709  719  728  736  749  772  810  862  918  963  983  978  960  942  929  914
  888  844  783  713  640  567  495  430  379  349  343  355  379  405  427  443
  454  460  463  464  462  455  442  424  400  373  343  316  294  278  268  261
  255  249  236  219  200  179  157  180  259                                   
    10.0-180.0 180.0   5.0 450.0                            LAT/LON1/LON2/DLON/H
  238  254  289  337  387  428  467  497  530  561  592  624  655  684  707  724
  738  751  762  774  789  815  855  908  961  993  994  970  936  905  881  859
  831  790  738  681  621  558  492  429  380  353  351  368  396  424  449  467
  476  479  474  465  453  437  418  395  368  338  308  282  262  250  244  239
  233  228  216  201  185  167  146  170  238                                   
     7.5-180.0 180.0   5.0 450.0                            LAT/LON1/LON2/DLON/H
  217  238  277  328  381  426  470  505  542  575  607  638  669  699  724  745
  763  779  794  807  824  850  889  937  977  991  974  936  894  858  831  809
