data/edconvlstm_nd/pred0140.15i
     1.0            IONOSPHERE MAPS     GNSS                IONEX VERSION / TYPE
pyspatialgeodesy        IME             05-JAN-18 20:20     PGM / RUN BY / DATE 
Map Name                                                    COMMENT             
Predicted global ionosphere maps (GIM).                     DESCRIPTION         
  2015     1    14     0     0     0                        EPOCH OF FIRST MAP  
  2015     1    15     0     0     0                        EPOCH OF LAST MAP   
  7200                                                      INTERVAL            
    13                                                      # OF MAPS IN FILE   
  NONE                                                      MAPPING FUNCTION    
10.0                                                        ELEVATION CUTOFF    
One-way carrier phase leveled to code                       OBSERVABLES USED    
  6371.0                                                    BASE RADIUS         
 2                                                          MAP DIMENSION       
   450.0 450.0   0.0                                        HGT1 / HGT2 / DHGT  
    87.5 -87.5  -2.5                                        LAT1 / LAT2 / DLAT  
  -180.0 180.0   5.0                                        LON1 / LON2 / DLON  
    -1                                                      EXPONENT            
                                                            END OF HEADER       
[from data line 858]
     3                                                      START OF TEC MAP    
  2015     1    14     4     0     0                        EPOCH OF CURRENT MAP
    87.5-180.0 180.0   5.0 450.0                            LAT/LON1/LON2/DLON/H
   67   71   65   67   67   66   65   62   64   65   66   67   68   69   70   71
   71   71   71   71   71   71   70   70   69   69   68   68   67   67   67   66
   66   66   65   65   65   65   65   64   64   64   64   63   63   63   63   62
   62   62   62   62   63   63   63   63   64   64   64   64   64   63   63   63
   64   64   62   62   65   75   80   72   67                                   
    85.0-180.0 180.0   5.0 450.0                            LAT/LON1/LON2/DLON/H
   58   71   57   61   62   62   61   60   61   62   62   63   64   65   66   67
   67   68   68   68   68   68   68   67   67   67   67   66   66   66   66   66
   66   66   66   67   67   68   68   68   68   68   67   67   67   66   66   65
   65   65   65   66   66   67   67   68   69   70   70   71   71   71   71   71
   72   72   69   71   72   73   80   72   58                                   
    82.5-180.0 180.0   5.0 450.0                            LAT/LON1/LON2/DLON/H
   62   60   65   58   56   56   55   54   55   56   57   59   60   62   63   64
   64   65   65   65   65   64   64   63   63   63   62   62   62   62   62   62
   63   64   65   66   67   68   69   70   70   70   70   69   69   68   67   66
   65   65   65   66   67   68   69   71   73   75   76   78   79   79   79   80
   80   79   76   74   82   72   71   70   62                                   
    80.0-180.0 180.0   5.0 450.0                            LAT/LON1/LON2/DLON/H
   77   69   65   55   56   52   53   51   52   53   53   56   58   60   61   62
   63   63   63   63   63   62   62   61   60   60   59   59   59   59   60   61
   63   64   66   69   71   73   74   76   76   76   75   74   72   71   69   67
   66   65   66   67   68   71   73   77   80   83   87   89   92   93   94   95
   95   93   91   89   96   86   83   79   77                                   
    77.5-180.0 180.0   5.0 450.0                            LAT/LON1/LON2/DLON/H
   93   81   72   63   57   55   56   55   56   56   57   61   64   66   68   70
   70   71   70   70   69   67   66   65   64   63   62   62   62   62   63   65
   67   69   72   76   79   82   85   87   88   87   86   85   82   79   76   74
   72   72   72   74   77   80   85   90   95  100  105  110  113  116  117  118
  118  116  112  111  111   95   91   87   93                                   
    75.0-180.0 180.0   5.0 450.0                            LAT/LON1/LON2/DLON/H
  101   90   79   70   61   59   59   56   57   57   58   62   65   67   70   71
   71   71   71   70   69   68   67   66   66   65   65   64   64   65   66   67
   69   72   75   79   83   87   90   93   94   94   92   90   86   83   79   76
   74   73   74   77   81   86   92   99  106  113  119  125  129  132  134  135
  134  132  129  124  124  111  104   96  101                                   
    72.5-180.0 180.0   5.0 450.0                            LAT/LON1/LON2/DLON/H
  112   99   89   78   69   66   65   62   62   62   63   66   68   70   72   72
   72   71   70   69   68   68   67   67   67   68   68   68   68   69   69   71
   73   75   78   82   86   90   94   97   98   98   96   93   89   85   81   78
   77   77   79   83   89   96  103  112  120  128  136  142  147  150  152  152
  151  148  146  142  140  125  116  110  112                                   
    70.0-180.0 180.0   5.0 450.0                            LAT/LON1/LON2/DLON/H
  127  110  101   89   77   72   69   66   66   65   65   67   68   68   68   67
   66   64   62   61   61   61   62   63   64   66   67   68   68   69   69   70
   71   72   74   77   81   85   88   91   93   93   91   88   84   80   77   75
   75   77   82   88   96  105  114  124  134  143  151  157  161  164  164  164
  161  157  154  150  148  135  130  123  127                                   
    67.5-180.0 180.0   5.0 450.0                            LAT/LON1/LON2/DLON/H
  135  118  107   96   83   77   72   68   67   65   65   66   66   64   62   60
   57   54   52   50   50   51   53   55   58   60   62   64   64   65   64   64
   64   64   65   66   69   72   75   77   79   79   77   75   72   69   68   68
   71   76   83   93  103  114  125  136  146  155  163  169  173  174  173  170
  165  159  156  151  149  138  134  130  135                                   
    65.0-180.0 180.0   5.0 450.0                            LAT/LON1/LON2/DLON/H
  144  127  114  103   90   81   75   71   70   68   67   68   66   63   60   56
   52   48   45   44   44   46   48   52   55   58   61   62   63   63   62   61
   59   58   57   57   58   59   62   64   65   66   65   64   62   61   62   65
   71   81   92  105  118  131  144  155  166  176  183  189  192  191  188  183
  176  167  162  155  153  144  141  139  144                                   
    62.5-180.0 180.0   5.0 450.0                            LAT/LON1/LON2/DLON/H
  154  136  123  111   97   86   78   73   71   70   69   70   68   64   60   55
   51   47   44   43   43   45   48   51   54   58   60   62   63   63   61   59
   56   53   51   50   49   50   51   53   55   55   55   55   55   56   59   66
   76   90  105  121  137  152  166  178  189  199  207  213  216  214  209  202
  192  181  173  164  162  152  150  148  154                                   
    60.0-180.0 180.0   5.0 450.0                            LAT/LON1/LON2/DLON/H
  164  145  131  116  100   87   77   71   69   68   68   69   68   65   61   56
   52   49   46   45   45   46   48   51   53   56   58   60   60   60   59   56
   53   50   47   44   43   43   44   46   47   48   48   48   49   52   59   68
   82  100  119  138  157  173  187  200  211  221  230  237  240  238  232  224
  212  198  189  178  175  164  163  158  164                                   
    57.5-180.0 180.0   5.0 450.0                            LAT/LON1/LON2/DLON/H
  177  157  142  122  105   89   76   69   67   65   66   68   68   67   64   60
   56   53   51   50   49   50   50   51   52   54   55   56   56   56   55   54
   51   48   46   44   42   42   43   44   45   46   46   46   48   53   61   74
   91  112  134  156  176  193  207  220  231  242  252  259  263  262  256  247
  234  220  210  199  195  182  180  173  177                                   
    55.0-180.0 180.0   5.0 450.0                            LAT/LON1/LON2/DLON/H
  192  172  155  131  113   93   77   67   63   61   61   64   66   66   65   63
   60   58   56   55   54   53   52   51   50   50   50   51   51   51   51   51
   50   49   48   47   47   47   48   49   49   49   48   49   52   57   67   82
  102  125  150  173  193  210  224  236  248  259  269  276  280  280  275  266
  253  240  231  220  217  202  199  190  192                                   
    52.5-180.0 180.0   5.0 450.0                            LAT/LON1/LON2/DLON/H
  210  190  172  145  125  102   83   69   62   57   57   59   62   63   64   64
   63   61   60   59   57   55   54   52   50   49   48   47   47   48   49   50
   51   52   54   55   56   57   58   59   58   57   56   57   60   66   77   94
  115  140  165  189  209  225  238  249  260  270  279  286  290  289  284  276
  265  254  247  237  236  221  217  207  210                                   
    50.0-180.0 180.0   5.0 450.0                            LAT/LON1/LON2/DLON/H
  226  208  190  163  143  119   96   78   66   58   55   56   59   61   63   63
   63   62   62   61   60   58   56   54   52   50   49   47   47   47   49   51
   54   58   62   65   69   71   73   73   72   71   69   69   72   79   92  109
  131  156  181  204  223  238  250  260  269  278  284  289  290  287  282  275
  266  258  254  247  248  234  231  222  226                                   
    47.5-180.0 180.0   5.0 450.0                            LAT/LON1/LON2/DLON/H
  237  222  205  182  165  141  117   95   77   65   58   57   58   60   62   62
   62   61   61   61   62   62   61   60   59   57   54   52   51   51   52   54
   59   64   70   76   81   85   88   89   88   87   85   85   88   96  109  127
  149  174  198  219  236  250  260  269  276  281  284  284  281  276  269  263
  257  252  251  248  251  239  236  229  237                                   
    45.0-180.0 180.0   5.0 450.0                            LAT/LON1/LON2/DLON/H
  238  227  214  198  185  165  142  118   96   79   68   64   63   63   63   62
   61   60   61   63   66   68   70   70   70   68   65   62   59   57   57   59
   63   69   77   84   90   96  100  103  103  102  101  101  105  114  127  146
  168  192  214  233  249  261  270  277  282  284  283  278  270  262  253  247
  242  240  241  241  245  235  232  228  238                                   
    42.5-180.0 180.0   5.0 450.0                            LAT/LON1/LON2/DLON/H
  232  223  215  207  199  184  165  143  120   99   84   77   74   72   70   67
   64   63   64   68   73   79   82   84   84   82   79   74   69   65   63   64
   67   73   80   88   95  102  108  112  115  115  115  116  121  131  146  165
  186  208  228  246  260  271  279  286  290  291  287  278  267  255  245  238
  234  232  233  233  235  225  223  220  232                                   
    40.0-180.0 180.0   5.0 450.0                            LAT/LON1/LON2/DLON/H
  220  212  207  204  201  192  179  162  141  120  104   95   90   87   83   78
   73   72   74   80   87   94   99  101  100   97   92   86   79   73   69   68
   71   76   82   89   96  103  110  116  121  124  126  128  135  146  162  181
  202  223  241  257  270  281  291  300  306  307  303  293  281  268  256  249
  243  239  237  233  231  218  215  211  220                                   
    37.5-180.0 180.0   5.0 450.0                            LAT/LON1/LON2/DLON/H
  211  199  193  191  190  186  179  169  154  136  121  113  108  104  100   94
   89   87   91   98  107  114  117  117  113  108  102   95   87   81   76   74
   75   79   84   89   94  101  108  116  123  128  132  137  145  158  175  195
  215  234  251  266  280  294  307  320  330  335  333  327  317  306  296  289
  280  271  263  251  243  223  219  210  211                                   
    35.0-180.0 180.0   5.0 450.0                            LAT/LON1/LON2/DLON/H
  211  191  181  173  171  168  166  162  154  141  130  125  123  121  117  112
  108  108  113  121  129  134  134  129  121  114  106  100   93   88   83   81
   82   84   87   90   92   97  103  112  120  128  135  143  153  167  184  204
  223  241  258  273  290  308  327  346  362  373  377  377  374  369  364  358
  347  332  317  296  280  252  244  227  211                                   
    32.5-180.0 180.0   5.0 450.0                            LAT/LON1/LON2/DLON/H
  229  199  180  162  154  146  144  145  142  135  130  129  130  132  131  128
  126  128  135  144  150  151  145  134  123  113  106  101   98   95   92   91
   91   92   93   92   92   93   98  106  116  126  135  145  157  172  191  210
  228  246  262  279  299  323  349  376  400  419  432  441  447  451  454  451
  438  418  396  365  342  307  293  268  229                                   
    30.0-180.0 180.0   5.0 450.0                            LAT/LON1/LON2/DLON/H
  272  233  202  167  148  131  124  124  124  121  120  124  129  134  136  137
  138  143  151  159  163  159  148  133  119  109  103  102  102  103  103  103
  104  104  102   98   94   92   93   99  109  120  132  144  158  175  194  213
  231  248  265  285  309  340  375  411  445  473  495  515  532  548  559  561
  547  523  493  453  425  384  362  331  272                                   
    27.5-180.0 180.0   5.0 450.0                            LAT/LON1/LON2/DLON/H
  342  296  251  196  162  132  114  109  106  105  106  112  120  128  133  137
  141  148  156  163  164  157  143  127  113  104  102  104  109  114  118  120
  121  120  116  108  100   93   90   94  102  113  126  140  156  175  195  215
  234  251  270  294  324  362  406  451  493  530  562  592  621  648  668  674
  662  634  599  553  521  478  446  412  342                                   
    25.0-180.0 180.0   5.0 450.0                            LAT/LON1/LON2/DLON/H
  436  384  323  253  202  158  126  110  100   95   94  100  108  117  124  129
  135  142  149  154  153  145  133  119  109  103  105  112  122  131  138  142
  142  139  132  121  108   96   90   89   95  105  118  135  154  175  198  219
  239  259  282  310  347  392  442  494  542  585  625  662  699  734  760  772
  762  736  699  653  621  580  540  508  436                                   
    22.5-180.0 180.0   5.0 450.0                            LAT/LON1/LON2/DLON/H
  540  487  412  331  266  212  165  137  115  101   94   95  101  109  115  120
  124  130  134  137  136  130  123  116  111  111  118  129  142  155  163  167
  165  158  147  132  115  101   90   86   89   97  111  129  151  176  202  226
  250  274  301  335  376  425  479  534  584  630  671  712  752  790  821  836
  830  808  776  737  708  678  641  614  540                                   
    20.0-180.0 180.0   5.0 450.0                            LAT/LON1/LON2/DLON/H
  639  589  507  425  348  289  231  190  156  131  114  107  107  111  114  116
  118  120  121  121  120  120  120  121  124  131  142  156  171  183  190  191
  184  173  158  140  122  105   92   85   84   90  104  124  149  178  208  237
  265  294  326  364  409  459  512  564  612  655  694  731  770  808  840  857
  857  841  819  792  770  757  734  713  639                                   
    17.5-180.0 180.0   5.0 450.0                            LAT/LON1/LON2/DLON/H
  717  678  599  526  443  380  315  266  221  185  158  141  134  131  129  127
  125  121  118  116  117  121  129  140  152  165  179  192  204  212  215  210
  199  184  165  146  127  110   95   85   82   86  100  121  150  182  216  250
  283  316  353  394  439  487  536  581  623  659  690  720  752  785  815  834
  838  830  820  809  796  799  795  783  717                                   
    15.0-180.0 180.0   5.0 450.0                            LAT/LON1/LON2/DLON/H
  763  743  677  620  539  476  410  355  303  259  223  198  183  174  167  160
  152  144  137  132  133  141  156  175  195  211  223  231  236  238  235  225
  209  189  168  148  130  113   99   88   82   85   98  121  152  188  225  263
  300  337  376  418  461  504  546  583  616  642  664  684  707  733  757  775
  783  782  784  787  784  799  811  809  763                                   
    12.5-180.0 180.0   5.0 450.0                            LAT/LON1/LON2/DLON/H
  772  772  730  689  618  560  497  443  390  342  300  271  252  238  227  216
  204  192  181  174  174  185  204  228  249  262  267  267  263  258  248  232
  212  189  167  147  131  116  102   91   85   87   99  122  155  192  233  273
  312  352  392  432  472  509  543  573  596  614  626  637  651  669  687  701
  711  716  726  739  744  764  784  789  772                                   
    10.0-180.0 180.0   5.0 450.0                            LAT/LON1/LON2/DLON/H
  751  766  744  720  668  620  564  514  464  418  378  348  328  314  303  291
  278  264  251  243  242  252  270  290  305  310  305  295  282  267  251  231
  208  184  162  144  130  117  105   95   89   90  102  125  158  196  237  278
  319  359  399  436  472  504  532  555  571  582  589  595  603  614  626  638
  648  657  671  687  694  713  732  740  751                                   
     7.5-180.0 180.0   5.0 450.0                            LAT/LON1/LON2/DLON/H
  711  729  720  706  675  642  599  557  514  473  437  412  395  386  379  370
  360  349  338  331  329  333  341  349  352  346  331  311  288  266  244  222
