data/edconvlstm_nd/pred3540.15i
     1.0            IONOSPHERE MAPS     GNSS                IONEX VERSION / TYPE
pyspatialgeodesy        IME             05-JAN-18 20:20     PGM / RUN BY / DATE 
Map Name                                                    COMMENT             
Predicted global ionosphere maps (GIM).                     DESCRIPTION         
  2015    12    20     0     0     0                        EPOCH OF FIRST MAP  
  2015    12    21     0     0     0                        EPOCH OF LAST MAP   
  7200                                                      INTERVAL            
    13                                                      # OF MAPS IN FILE   
  NONE                                                      MAPPING FUNCTION    
10.0                                                        ELEVATION CUTOFF    
One-way carrier phase leveled to code                       OBSERVABLES USED    
  6371.0                                                    BASE RADIUS         
 2                                                          MAP DIMENSION       
   450.0 450.0   0.0                                        HGT1 / HGT2 / DHGT  
    87.5 -87.5  -2.5                                        LAT1 / LAT2 / DLAT  
  -180.0 180.0   5.0                                        LON1 / LON2 / DLON  
    -1                                                      EXPONENT            
                                                            END OF HEADER       
[from data line 2145]
     6                                                      START OF TEC MAP    
  2015    12    20    10     0     0                        EPOCH OF CURRENT MAP
    87.5-180.0 180.0   5.0 450.0                            LAT/LON1/LON2/DLON/H
   39   49   48   51   52   51   51   46   46   48   47   47   46   46   45   44
   44   43   43   42   42   42   41   41   41   41   41   40   40   40   40   40
   39   39   38   38   38   37   37   36   36   35   35   35   34   34   34   34
   34   34   34   34   34   34   34   34   34   34   35   35   35   35   36   37
   38   39   37   38   44   50   64   63   39                                   
    85.0-180.0 180.0   5.0 450.0                            LAT/LON1/LON2/DLON/H
   37   57   66   55   57   59   58   58   57   58   57   56   56   55   54   54
   53   53   53   53   53   52   53   53   53   53   53   53   53   52   52   52
   52   51   51   51   50   50   49   48   48   47   47   46   45   45   44   44
   44   44   43   43   43   43   43   43   43   44   44   44   44   45   45   46
   47   48   46   46   52   55   68   65   37                                   
    82.5-180.0 180.0   5.0 450.0                            LAT/LON1/LON2/DLON/H
   36   45   62   55   56   56   56   55   55   55   53   53   51   50   49   48
   47   47   46   46   46   46   46   47   47   47   48   48   48   48   48   48
   48   47   47   47   47   46   46   45   44   44   43   42   41   41   40   39
   39   38   38   38   37   37   37   37   37   37   37   37   37   38   38   39
   40   42   40   40   52   56   59   58   36                                   
    80.0-180.0 180.0   5.0 450.0                            LAT/LON1/LON2/DLON/H
   38   43   60   54   58   55   56   55   55   54   51   50   48   46   44   42
   41   40   40   40   41   41   42   43   44   44   45   45   46   46   46   46
   46   46   46   46   46   46   46   45   45   44   43   42   41   40   39   38
   37   36   36   35   35   35   34   34   34   34   33   33   33   33   33   34
   35   36   38   38   46   52   56   59   38                                   
    77.5-180.0 180.0   5.0 450.0                            LAT/LON1/LON2/DLON/H
   46   46   52   48   51   50   51   50   50   48   44   43   40   38   35   34
   33   32   32   33   34   36   37   39   40   41   42   42   43   43   43   43
   43   44   44   44   45   45   45   45   44   43   42   41   39   38   37   36
   35   34   34   34   33   33   33   32   32   31   30   29   28   27   27   26
   27   27   28   30   34   36   45   49   46                                   
    75.0-180.0 180.0   5.0 450.0                            LAT/LON1/LON2/DLON/H
   32   39   44   43   46   46   46   45   44   42   38   36   33   30   28   27
   26   26   26   28   30   32   35   37   39   40   41   41   41   41   40   40
   41   41   42   43   44   45   46   47   47   46   46   45   44   43   41   40
   40   39   38   38   37   37   36   36   35   34   32   30   29   27   25   25
   24   24   25   25   30   30   36   36   32                                   
    72.5-180.0 180.0   5.0 450.0                            LAT/LON1/LON2/DLON/H
   30   36   40   38   41   43   43   42   40   38   34   32   28   26   23   22
   21   21   22   24   27   30   33   36   38   40   40   39   38   37   36   36
   36   37   39   41   43   46   48   50   51   52   52   51   51   50   49   48
   47   46   45   44   43   42   41   39   38   36   34   32   29   27   24   23
   22   21   23   24   28   28   35   37   30                                   
    70.0-180.0 180.0   5.0 450.0                            LAT/LON1/LON2/DLON/H
   27   33   39   38   40   40   40   39   38   36   33   31   28   25   23   22
   21   21   22   24   28   32   36   39   42   43   43   41   39   37   35   34
   35   36   38   41   45   49   53   57   59   61   62   63   63   63   63   62
   60   59   57   54   52   50   48   46   44   42   39   37   34   31   28   26
   24   24   25   26   29   30   38   38   27                                   
    67.5-180.0 180.0   5.0 450.0                            LAT/LON1/LON2/DLON/H
   24   32   36   35   37   37   38   37   37   35   33   32   29   27   25   23
   22   22   24   26   30   34   38   42   44   45   44   42   39   36   34   33
   33   35   38   42   47   53   58   63   68   71   74   76   77   78   78   78
   76   72   69   64   60   56   52   49   47   45   42   40   37   34   31   29
   27   26   27   27   30   31   37   36   24                                   
    65.0-180.0 180.0   5.0 450.0                            LAT/LON1/LON2/DLON/H
   25   32   35   35   35   36   36   36   36   36   34   34   32   30   28   27
   26   25   26   28   32   36   40   43   46   46   45   42   39   36   34   33
   34   36   40   45   52   59   65   72   77   82   86   89   93   95   96   95
   92   87   81   74   67   60   55   51   48   46   44   42   39   37   34   33
   31   30   31   31   35   35   40   40   25                                   
    62.5-180.0 180.0   5.0 450.0                            LAT/LON1/LON2/DLON/H
   27   33   35   35   35   35   35   35   36   36   36   36   35   34   33   31
   29   29   29   30   33   36   40   43   45   45   44   42   39   37   36   36
   37   41   45   52   59   66   74   81   87   92   98  103  107  110  111  110
  107  101   92   83   73   64   57   52   48   46   44   43   41   39   37   35
   34   33   34   34   37   38   42   43   27                                   
    60.0-180.0 180.0   5.0 450.0                            LAT/LON1/LON2/DLON/H
   31   35   36   36   34   34   34   33   34   34   35   36   36   36   34   33
   31   29   28   29   30   32   35   38   39   40   39   39   38   37   38   39
   42   46   52   59   67   74   82   88   95  100  106  111  117  120  122  122
  118  110  100   89   77   66   58   51   47   45   44   42   41   39   37   36
   34   33   35   34   38   38   42   43   31                                   
    57.5-180.0 180.0   5.0 450.0                            LAT/LON1/LON2/DLON/H
   35   38   38   38   37   36   35   34   34   34   35   36   37   37   36   35
   32   30   28   27   28   29   31   32   34   34   35   36   37   39   42   46
   50   56   62   70   77   85   92   99  104  109  115  120  125  130  133  132
  128  121  110   98   85   73   63   56   52   49   48   46   45   43   40   39
   37   35   36   36   39   39   42   43   35                                   
    55.0-180.0 180.0   5.0 450.0                            LAT/LON1/LON2/DLON/H
   40   42   42   42   41   40   38   36   35   35   35   36   37   38   37   36
   34   31   28   26   26   26   27   28   29   30   31   34   37   42   47   53
   60   67   74   82   90   97  104  109  114  118  122  127  132  137  140  140
  137  130  120  109   96   84   74   66   61   58   56   55   53   50   47   44
   41   39   40   39   42   41   43   44   40                                   
    52.5-180.0 180.0   5.0 450.0                            LAT/LON1/LON2/DLON/H
   46   48   48   48   47   46   43   40   38   36   36   37   37   38   39   38
   35   33   30   27   26   25   25   26   26   27   29   33   39   46   54   62
   70   78   86   94  102  109  115  120  123  126  129  133  138  143  146  147
  145  140  132  121  110   99   89   81   75   72   69   67   65   61   57   53
   49   46   46   44   46   45   47   47   46                                   
    50.0-180.0 180.0   5.0 450.0                            LAT/LON1/LON2/DLON/H
   52   55   54   56   55   54   50   46   43   40   39   39   39   40   41   40
   38   36   33   30   29   28   27   27   27   28   30   35   42   50   60   70
   79   88   96  105  113  120  126  130  133  135  137  140  144  148  152  153
  152  148  142  134  125  115  105   97   91   87   84   82   79   75   70   65
   60   56   55   52   53   52   53   53   52                                   
    47.5-180.0 180.0   5.0 450.0                            LAT/LON1/LON2/DLON/H
   58   62   61   64   63   64   59   54   50   46   43   43   43   44   44   44
   43   40   38   36   34   34   33   32   31   32   34   39   47   56   67   77
   86   95  104  113  121  129  136  140  142  143  145  147  150  154  156  158
  157  155  151  145  138  129  119  111  104  100   96   94   90   87   82   77
   72   68   66   61   62   61   62   61   58                                   
    45.0-180.0 180.0   5.0 450.0                            LAT/LON1/LON2/DLON/H
   63   68   67   71   70   73   68   63   58   54   51   50   49   50   50   50
   49   48   46   44   44   43   43   41   40   40   42   46   54   63   72   82
   91  100  109  118  128  137  144  149  152  153  153  155  157  160  161  162
  161  159  157  153  146  138  128  119  112  106  103  100   97   94   90   87
   82   78   76   71   70   71   72   71   63                                   
    42.5-180.0 180.0   5.0 450.0                            LAT/LON1/LON2/DLON/H
   65   71   71   76   75   79   76   72   68   64   61   60   58   58   58   58
   58   57   56   56   56   56   55   53   51   50   52   56   63   70   78   86
   94  103  113  123  133  143  152  158  161  162  163  164  165  167  167  166
  165  163  161  157  151  142  131  121  113  107  103  100   98   95   93   91
   88   84   82   77   77   78   80   79   65                                   
    40.0-180.0 180.0   5.0 450.0                            LAT/LON1/LON2/DLON/H
   66   71   71   77   77   82   80   78   75   73   71   71   69   69   69   68
   68   68   68   68   69   69   67   65   63   62   63   67   73   79   85   91
   99  108  118  129  140  151  160  166  170  172  173  174  175  175  175  173
  170  168  166  162  155  145  133  121  111  104  100   97   94   92   91   90
   88   85   83   79   79   81   82   84   66                                   
    37.5-180.0 180.0   5.0 450.0                            LAT/LON1/LON2/DLON/H
   64   69   68   74   75   80   81   81   80   80   80   81   80   80   79   79
   78   78   79   79   80   79   78   75   73   72   75   79   84   89   94  100
  107  116  127  139  150  160  169  176  180  183  184  185  187  187  186  183
  180  177  175  171  164  152  139  125  114  106  100   95   92   89   88   87
   85   82   80   76   76   77   80   82   64                                   
    35.0-180.0 180.0   5.0 450.0                            LAT/LON1/LON2/DLON/H
   61   64   63   68   70   75   77   79   81   84   86   88   89   89   88   88
   87   87   88   88   88   87   85   82   80   81   85   91   97  102  107  113
  121  131  143  155  165  174  182  189  193  196  198  200  202  203  202  198
  195  193  191  189  182  170  156  141  129  119  111  103   97   92   89   87
   84   79   77   72   71   71   74   77   61                                   
    32.5-180.0 180.0   5.0 450.0                            LAT/LON1/LON2/DLON/H
   59   60   58   62   63   68   71   74   78   83   88   92   94   95   94   94
   94   94   94   94   94   92   89   86   85   88   94  102  109  116  122  130
  140  153  166  177  187  194  200  206  210  213  216  220  223  224  223  221
  219  218  219  218  213  203  190  175  162  150  139  127  116  107  100   96
   90   82   77   70   68   65   68   71   59                                   
    30.0-180.0 180.0   5.0 450.0                            LAT/LON1/LON2/DLON/H
   60   59   55   57   58   61   64   67   72   78   85   91   95   96   97   97
   97   98   98   98   96   94   91   88   89   93  101  111  121  130  139  150
  164  179  194  206  215  220  225  228  232  236  240  244  249  252  252  251
  251  253  257  260  259  252  240  227  214  201  186  170  154  139  127  118
  107   95   87   76   71   65   68   69   60                                   
    27.5-180.0 180.0   5.0 450.0                            LAT/LON1/LON2/DLON/H
   65   62   56   55   55   57   58   61   66   72   79   86   91   94   96   97
   98   98   98   98   96   93   90   89   91   97  107  119  131  143  155  171
  189  209  227  240  247  252  254  257  260  264  269  275  280  285  287  288
  291  297  305  312  315  311  303  292  280  266  249  228  207  186  169  154
  138  122  109   92   83   73   75   73   65                                   
    25.0-180.0 180.0   5.0 450.0                            LAT/LON1/LON2/DLON/H
   75   70   61   59   57   57   56   57   61   66   72   79   84   88   91   93
   94   95   95   95   93   91   89   89   93  100  112  125  139  154  171  191
  215  239  259  274  282  286  288  290  293  298  303  310  317  322  326  330
  336  346  358  369  376  377  373  364  353  338  319  295  270  245  223  203
  182  161  143  120  106   90   91   86   75                                   
    22.5-180.0 180.0   5.0 450.0                            LAT/LON1/LON2/DLON/H
   91   84   73   67   64   63   60   58   60   63   68   73   77   81   84   87
   88   89   90   89   88   88   88   90   95  103  115  130  145  163  185  210
  238  266  289  305  314  319  322  324  328  333  340  347  355  361  366  372
  381  395  410  426  437  441  440  434  423  408  387  361  333  305  280  257
  232  207  184  155  137  117  114  106   91                                   
    20.0-180.0 180.0   5.0 450.0                            LAT/LON1/LON2/DLON/H
  110  102   88   81   76   73   69   65   65   66   68   70   72   75   78   80
   82   83   83   83   84   84   87   91   97  107  119  134  151  171  196  225
  256  286  312  329  341  347  351  355  360  367  375  383  391  397  404  411
  423  438  456  473  486  493  493  488  477  461  439  412  384  356  330  305
  278  252  225  194  172  148  142  132  110                                   
    17.5-180.0 180.0   5.0 450.0                            LAT/LON1/LON2/DLON/H
  131  122  107   97   91   87   83   78   76   75   74   73   72   73   74   76
   77   78   78   78   80   82   86   92  100  111  124  138  157  179  206  237
  270  301  326  345  358  367  373  379  386  394  403  412  421  427  434  443
  455  470  487  503  515  521  520  513  501  484  463  438  411  385  361  337
  312  287  259  229  204  179  169  158  131                                   
    15.0-180.0 180.0   5.0 450.0                            LAT/LON1/LON2/DLON/H
  150  140  125  114  106  101   98   94   91   89   85   81   77   75   75   76
   76   75   75   76   78   81   87   94  104  116  130  145  164  187  215  246
  279  309  334  353  367  378  386  394  403  413  424  434  442  448  455  463
  475  488  501  512  520  521  517  508  495  479  459  437  414  391  370  349
  328  306  280  253  228  203  191  180  150                                   
    12.5-180.0 180.0   5.0 450.0                            LAT/LON1/LON2/DLON/H
  163  153  139  127  119  114  113  110  107  104   99   92   86   82   80   79
   79   77   77   78   80   83   89   98  110  123  138  154  174  198  225  255
  285  312  336  355  369  382  392  402  413  425  436  446  454  460  466  473
  482  492  499  504  505  502  494  483  470  455  438  419  399  380  362  344
  325  307  285  263  240  215  203  194  163                                   
    10.0-180.0 180.0   5.0 450.0                            LAT/LON1/LON2/DLON/H
  169  159  148  135  129  124  125  124  122  118  112  104   96   91   88   86
   85   83   82   82   84   87   93  103  116  131  148  167  187  211  236  263
  289  313  334  352  367  381  393  405  417  430  442  453  459  464  469  475
  482  487  489  488  484  477  467  455  442  428  414  398  380  363  346  329
  312  297  277  259  240  216  205  197  169                                   
     7.5-180.0 180.0   5.0 450.0                            LAT/LON1/LON2/DLON/H
  170  160  151  139  134  130  133  133  132  129  123  114  106  100   96   94
   92   91   90   90   91   94   99  109  124  141  160  181  203  225  248  271
