data/edconvlstm_nd/pred2550.15i
     1.0            IONOSPHERE MAPS     GNSS                IONEX VERSION / TYPE
pyspatialgeodesy        IME             05-JAN-18 20:20     PGM / RUN BY / DATE 
Map Name                                                    COMMENT             
Predicted global ionosphere maps (GIM).                     DESCRIPTION         
  2015     9    12     0     0     0                        EPOCH OF FIRST MAP  
  2015     9    13     0     0     0                        EPOCH OF LAST MAP   
  7200                                                      INTERVAL            
    13                                                      # OF MAPS IN FILE   
  NONE                                                      MAPPING FUNCTION    
10.0                                                        ELEVATION CUTOFF    
One-way carrier phase leveled to code                       OBSERVABLES USED    
  6371.0                                                    BASE RADIUS         
 2                                                          MAP DIMENSION       
   450.0 450.0   0.0                                        HGT1 / HGT2 / DHGT  
    87.5 -87.5  -2.5                                        LAT1 / LAT2 / DLAT  
  -180.0 180.0   5.0                                        LON1 / LON2 / DLON  
    -1                                                      EXPONENT            
                                                            END OF HEADER       
[from data line 2145]
     6                                                      START OF TEC MAP    
  2015     9    12    10     0     0                        EPOCH OF CURRENT MAP
    87.5-180.0 180.0   5.0 450.0                            LAT/LON1/LON2/DLON/H
   76   88   89   91   91   91   89   84   84   86   85   85   85   85   84   84
   84   84   84   84   84   84   84   84   84   83   83   83   83   83   83   83
   83   83   83   83   83   83   83   83   82   82   82   81   81   81   81   80
   80   80   80   80   80   80   80   80   80   81   81   82   82   82   83   84
   85   86   85   83   88   88   99   96   76                                   
    85.0-180.0 180.0   5.0 450.0                            LAT/LON1/LON2/DLON/H
   81   98  107   96   95   98   96   95   94   95   93   93   93   92   92   92
   91   91   91   92   92   92   92   93   93   94   94   94   94   95   95   95
   95   95   96   96   96   96   96   95   95   95   94   94   93   92   92   91
   91   90   90   90   89   89   90   90   90   91   91   92   93   93   94   95
   97   98   94   91   91   94  102  101   81                                   
    82.5-180.0 180.0   5.0 450.0                            LAT/LON1/LON2/DLON/H
   83   97  106   96   94   95   94   93   92   91   90   89   88   87   87   86
   86   86   87   87   88   89   89   90   91   92   93   93   94   95   95   96
   97   98   98   99   99  100  100  100  100  100  100   99   99   98   97   96
   95   94   93   93   92   92   92   92   92   92   93   93   94   95   95   96
   98   99   95   93   95  100   96   92   83                                   
    80.0-180.0 180.0   5.0 450.0                            LAT/LON1/LON2/DLON/H
   84   91   99   93   90   88   86   84   83   81   79   78   75   74   73   73
   73   74   74   76   77   79   80   82   83   84   86   87   88   89   91   92
   93   95   96   97   99  100  101  102  103  103  103  103  102  101  100   99
   97   96   94   93   92   91   91   90   90   91   91   91   92   92   93   94
   95   95   94   93   92   99  101   96   84                                   
    77.5-180.0 180.0   5.0 450.0                            LAT/LON1/LON2/DLON/H
   87   91   94   89   85   85   81   79   76   72   68   66   63   61   60   60
   61   62   63   65   68   70   72   75   76   78   80   81   82   84   86   87
   89   92   94   96   99  101  104  106  108  109  110  110  110  110  108  107
  105  102  100   98   96   95   94   93   92   92   92   92   92   92   92   93
   93   93   91   91   90   90   92   92   87                                   
    75.0-180.0 180.0   5.0 450.0                            LAT/LON1/LON2/DLON/H
   79   85   83   82   79   79   75   70   66   62   56   53   49   47   46   46
   46   48   50   52   55   58   61   64   66   68   69   71   73   74   77   79
   82   85   88   91   95   99  102  106  109  112  114  115  115  115  114  112
  110  107  104  101   99   97   95   94   93   92   92   91   91   90   90   90
   89   88   86   83   84   83   85   81   79                                   
    72.5-180.0 180.0   5.0 450.0                            LAT/LON1/LON2/DLON/H
   75   80   79   78   76   78   74   69   64   59   52   48   44   42   40   40
   41   42   45   48   51   55   58   60   62   64   65   66   68   70   72   75
   79   83   87   91   96  101  106  110  115  118  121  123  124  124  123  121
  118  114  111  108  105  102  100   98   97   96   95   94   93   91   90   89
   87   85   83   80   79   79   79   78   75                                   
    70.0-180.0 180.0   5.0 450.0                            LAT/LON1/LON2/DLON/H
   73   75   76   75   74   75   71   67   62   57   50   46   41   39   37   37
   37   39   42   45   49   52   55   57   59   60   61   62   63   65   68   72
   76   81   86   91   96  102  108  113  119  123  127  129  131  131  129  126
  123  119  115  111  108  105  103  102  100   99   97   95   93   91   88   86
   83   80   78   74   73   72   75   75   73                                   
    67.5-180.0 180.0   5.0 450.0                            LAT/LON1/LON2/DLON/H
   68   70   72   72   72   74   72   69   64   59   53   48   44   41   39   39
   40   41   44   47   51   54   57   58   59   59   59   59   60   62   65   69
   74   79   85   91   97  103  109  115  120  125  129  132  133  133  131  127
  124  120  116  112  109  107  105  103  102  100   99   96   94   90   87   84
   81   77   74   69   67   67   68   67   68                                   
    65.0-180.0 180.0   5.0 450.0                            LAT/LON1/LON2/DLON/H
   64   67   68   69   70   73   72   70   67   63   58   54   50   48   46   45
   45   47   49   52   55   58   60   61   61   60   59   59   59   61   64   69
   75   81   87   93   99  106  112  118  124  129  133  136  137  136  133  130
  126  122  119  116  114  112  110  109  107  106  103  101   97   93   89   85
   81   77   74   69   67   66   68   67   64                                   
    62.5-180.0 180.0   5.0 450.0                            LAT/LON1/LON2/DLON/H
   61   63   64   65   66   70   70   70   68   65   61   59   56   54   53   52
   52   53   55   57   60   62   63   64   63   61   59   58   58   60   64   70
   76   83   90   96  102  108  115  121  127  132  136  138  138  137  135  131
  128  125  122  121  119  118  117  116  114  112  109  106  102   97   92   87
   83   79   77   71   69   68   68   68   61                                   
    60.0-180.0 180.0   5.0 450.0                            LAT/LON1/LON2/DLON/H
   60   59   60   59   60   64   64   64   64   63   61   60   59   58   58   57
   57   57   57   59   61   62   63   64   62   60   58   56   57   59   64   70
   77   85   91   98  104  110  116  122  128  133  136  139  139  138  136  133
  131  129  128  128  128  128  127  126  123  120  116  112  107  102   96   91
   87   83   81   76   74   72   71   69   60                                   
    57.5-180.0 180.0   5.0 450.0                            LAT/LON1/LON2/DLON/H
   61   58   57   55   55   57   58   58   58   58   58   59   59   60   60   60
   59   58   58   58   59   61   62   62   61   59   57   55   56   59   65   72
   80   88   95  102  108  114  120  126  131  136  139  142  143  143  142  140
  139  139  141  142  144  144  143  141  137  133  128  123  118  112  106  101
   97   93   91   86   83   80   78   75   61                                   
    55.0-180.0 180.0   5.0 450.0                            LAT/LON1/LON2/DLON/H
   65   58   55   52   50   51   51   51   51   51   52   54   56   58   59   59
   58   56   55   55   55   56   58   58   58   57   55   55   56   61   67   75
   84   92  100  106  112  118  123  129  134  139  143  146  148  149  149  150
  151  153  156  159  161  162  161  157  153  147  142  137  131  126  119  114
  109  105  103   98   94   90   86   82   65                                   
    52.5-180.0 180.0   5.0 450.0                            LAT/LON1/LON2/DLON/H
   71   62   56   52   48   47   46   45   44   44   45   48   51   53   55   55
   54   53   51   50   51   52   53   55   55   55   55   56   59   64   72   80
   90   98  105  112  117  123  128  133  138  143  147  151  154  157  159  162
  164  168  172  176  179  179  177  173  167  161  156  151  147  141  135  130
  124  120  117  111  107  101   95   90   71                                   
    50.0-180.0 180.0   5.0 450.0                            LAT/LON1/LON2/DLON/H
   79   67   60   55   49   46   43   41   39   39   39   42   45   48   49   50
   49   48   47   46   46   47   49   52   54   56   57   60   64   71   79   88
   98  106  113  119  124  129  134  138  143  147  152  156  161  165  169  173
  177  180  185  188  191  191  188  183  177  172  167  164  161  157  152  146
  140  134  131  124  118  111  104   98   79                                   
    47.5-180.0 180.0   5.0 450.0                            LAT/LON1/LON2/DLON/H
   87   74   66   61   53   49   44   40   37   36   35   38   40   43   44   45
   45   44   43   43   43   45   47   51   55   58   62   67   73   80   89   99
  108  115  122  127  131  136  140  144  148  152  157  162  168  173  178  182
  186  189  192  194  196  195  191  186  181  177  174  174  173  170  166  161
  154  147  142  133  126  118  110  104   87                                   
    45.0-180.0 180.0   5.0 450.0                            LAT/LON1/LON2/DLON/H
   92   79   72   68   59   54   48   43   38   36   35   36   38   39   41   41
   41   41   40   40   41   43   47   52   57   64   70   76   83   92  101  110
  118  125  131  136  140  143  147  150  154  158  163  168  174  180  185  188
  190  191  192  193  193  191  187  182  178  176  177  179  181  180  177  172
  165  157  150  139  130  121  113  107   92                                   
    42.5-180.0 180.0   5.0 450.0                            LAT/LON1/LON2/DLON/H
   93   83   77   73   65   60   53   48   43   39   37   38   38   39   39   39
   39   39   39   39   41   43   47   54   62   70   78   87   95  104  113  122
  129  135  140  145  149  152  155  158  162  166  171  177  182  188  191  193
  192  191  189  188  186  183  179  175  173  174  178  182  186  187  185  181
  174  165  155  143  132  121  113  107   93                                   
    40.0-180.0 180.0   5.0 450.0                            LAT/LON1/LON2/DLON/H
   92   83   79   76   68   64   58   53   48   45   42   42   41   40   40   39
   38   38   39   39   41   44   49   57   66   76   87   97  106  116  124  132
  138  144  149  154  158  162  165  169  173  178  183  188  194  198  199  199
  196  192  188  185  181  178  174  171  171  174  180  186  191  193  191  187
  181  171  160  145  132  120  110  104   92                                   
    37.5-180.0 180.0   5.0 450.0                            LAT/LON1/LON2/DLON/H
   88   82   78   74   68   64   61   57   54   51   49   48   47   45   43   41
   40   39   40   40   42   45   51   60   70   82   94  105  115  125  133  139
  145  151  157  163  168  173  178  183  189  195  201  206  210  213  213  211
  206  201  196  191  187  182  178  176  177  182  189  195  199  200  198  195
  188  178  167  150  134  119  108  101   88                                   
    35.0-180.0 180.0   5.0 450.0                            LAT/LON1/LON2/DLON/H
   85   80   75   71   65   62   60   59   58   57   56   56   54   52   49   46
   43   42   42   42   44   47   53   62   73   86   99  111  122  131  138  144
  150  156  164  172  179  186  194  201  210  218  226  231  235  236  235  233
  228  223  218  213  209  203  199  196  197  202  209  214  215  213  209  205
  199  190  177  159  140  121  108  100   85                                   
    32.5-180.0 180.0   5.0 450.0                            LAT/LON1/LON2/DLON/H
   85   79   73   67   60   58   58   59   60   61   62   63   63   60   57   53
   49   46   45   44   46   49   54   63   75   88  102  114  125  134  141  147
  153  161  170  181  192  202  212  224  236  247  257  263  267  268  267  266
  263  260  257  254  249  243  237  233  233  236  241  242  240  234  227  221
  214  206  193  174  153  129  114  103   85                                   
    30.0-180.0 180.0   5.0 450.0                            LAT/LON1/LON2/DLON/H
   90   82   74   65   58   57   57   59   61   64   67   69   70   69   65   60
   55   51   49   48   48   51   56   65   76   89  103  116  127  136  143  150
  157  166  178  191  205  219  233  249  265  280  292  300  304  306  307  308
  309  310  310  310  306  299  291  284  282  283  284  281  274  263  252  243
  235  226  214  194  171  144  126  111   90                                   
    27.5-180.0 180.0   5.0 450.0                            LAT/LON1/LON2/DLON/H
  101   89   80   68   60   58   59   59   62   65   69   73   75   75   72   68
   62   57   53   51   51   53   58   67   77   90  103  116  128  138  145  153
  161  172  187  204  221  238  256  276  296  314  328  338  343  347  351  355
  360  366  371  374  372  365  355  345  339  336  333  326  314  298  282  270
  259  250  237  218  194  164  144  126  101                                   
    25.0-180.0 180.0   5.0 450.0                            LAT/LON1/LON2/DLON/H
  118  101   91   76   67   65   64   63   64   66   70   74   77   78   77   73
   67   61   57   55   55   57   61   69   79   91  104  117  129  140  149  158
  168  181  198  218  238  258  279  302  325  346  362  372  380  386  393  401
  411  421  431  437  437  430  418  406  396  390  383  372  356  335  315  298
  284  273  260  241  219  187  165  147  118                                   
    22.5-180.0 180.0   5.0 450.0                            LAT/LON1/LON2/DLON/H
  139  118  108   90   80   76   73   70   68   68   70   74   77   79   78   75
   70   65   61   59   59   60   64   71   80   92  105  118  131  143  154  165
  178  193  212  233  255  277  300  325  350  372  388  400  409  418  428  440
  453  467  480  488  490  484  471  457  445  436  427  414  395  371  346  324
  306  292  278  261  242  211  188  170  139                                   
    20.0-180.0 180.0   5.0 450.0                            LAT/LON1/LON2/DLON/H
  163  140  130  110   98   91   85   79   75   72   72   74   76   78   78   75
   71   67   64   62   62   64   67   73   82   93  106  119  133  147  161  175
  190  207  227  249  272  295  319  344  369  390  407  420  430  441  453  466
  481  497  511  521  524  518  506  492  480  470  460  447  427  401  373  346
  323  306  291  276  260  232  210  194  163                                   
    17.5-180.0 180.0   5.0 450.0                            LAT/LON1/LON2/DLON/H
  186  165  156  135  120  109  100   90   82   77   75   75   76   77   76   74
   71   68   65   64   64   65   68   74   82   93  106  121  136  152  169  186
  203  222  243  264  287  310  334  358  382  403  419  431  442  453  466  480
  494  508  521  531  535  530  520  509  499  491  482  469  450  423  393  362
  333  313  298  285  274  250  230  217  186                                   
    15.0-180.0 180.0   5.0 450.0                            LAT/LON1/LON2/DLON/H
  208  190  183  161  144  128  116  103   91   83   79   77   77   76   75   73
   70   68   66   65   65   65   68   73   82   93  107  122  139  157  176  196
  216  236  257  278  300  322  345  368  390  409  424  436  447  458  470  482
  493  505  516  524  528  526  519  512  505  499  492  481  463  437  404  370
  337  314  300  291  283  265  250  238  208                                   
    12.5-180.0 180.0   5.0 450.0                            LAT/LON1/LON2/DLON/H
  228  216  210  188  169  149  133  116  102   92   86   82   80   78   76   73
   71   68   67   65   64   64   66   72   81   93  107  123  141  161  183  205
  227  248  269  290  311  332  353  374  394  411  425  436  446  457  467  476
  485  493  502  509  513  512  509  506  503  500  495  484  467  441  408  371
  336  312  298  294  290  278  268  258  228                                   
    10.0-180.0 180.0   5.0 450.0                            LAT/LON1/LON2/DLON/H
  247  242  236  214  193  169  150  130  114  103   95   91   87   83   79   75
   72   70   68   66   64   63   64   70   79   92  107  123  142  164  188  212
  235  257  278  298  318  337  356  375  394  410  423  435  445  454  462  470
  476  481  488  494  498  499  499  499  499  497  492  481  462  436  403  366
  330  307  296  296  296  291  285  276  247                                   
     7.5-180.0 180.0   5.0 450.0                            LAT/LON1/LON2/DLON/H
  266  266  259  236  214  187  166  144  128  116  108  102   96   90   84   79
   76   73   70   66   63   61   62   67   78   91  106  123  143  166  191  217
