data/edconvlstm_nd/pred1170.15i
     1.0            IONOSPHERE MAPS     GNSS                IONEX VERSION / TYPE
pyspatialgeodesy        IME             05-JAN-18 20:20     PGM / RUN BY / DATE 
Map Name                                                    COMMENT             
Predicted global ionosphere maps (GIM).                     DESCRIPTION         
  2015     4    27     0     0     0                        EPOCH OF FIRST MAP  
  2015     4    28     0     0     0                        EPOCH OF LAST MAP   
  7200                                                      INTERVAL            
    13                                                      # OF MAPS IN FILE   
  NONE                                                      MAPPING FUNCTION    
10.0                                                        ELEVATION CUTOFF    
One-way carrier phase leveled to code                       OBSERVABLES USED    
  6371.0                                                    BASE RADIUS         
 2                                                          MAP DIMENSION       
   450.0 450.0   0.0                                        HGT1 / HGT2 / DHGT  
    87.5 -87.5  -2.5                                        LAT1 / LAT2 / DLAT  
  -180.0 180.0   5.0                                        LON1 / LON2 / DLON  
    -1                                                      EXPONENT            
                                                            END OF HEADER       
[from data line 429]
     2                                                      START OF TEC MAP    
  2015     4    27     2     0     0                        EPOCH OF CURRENT MAP
    87.5-180.0 180.0   5.0 450.0                            LAT/LON1/LON2/DLON/H
  251  253  251  246  247  246  243  243  243  243  244  245  245  246  246  246
  246  246  246  245  244  244  243  241  240  239  238  237  236  235  235  235
  235  235  235  235  236  237  237  238  239  240  241  241  242  243  243  244
  244  245  245  246  246  247  247  248  248  248  248  248  248  248  248  247
  247  249  249  252  255  253  245  260  251                                   
    85.0-180.0 180.0   5.0 450.0                            LAT/LON1/LON2/DLON/H
  261  253  246  247  251  249  248  248  249  249  250  251  252  253  253  254
  254  254  253  252  251  250  248  246  244  242  240  239  237  236  236  235
  236  236  237  238  239  240  242  243  245  246  247  249  250  251  252  253
  254  255  256  256  257  258  258  259  260  260  260  260  260  260  259  259
  259  259  258  263  258  257  255  265  261                                   
    82.5-180.0 180.0   5.0 450.0                            LAT/LON1/LON2/DLON/H
  262  254  248  247  251  249  248  249  252  254  256  259  261  263  264  265
  265  265  264  262  259  256  252  248  244  240  237  234  231  229  228  228
  228  228  229  231  233  235  237  240  242  244  247  249  251  252  254  256
  257  259  260  262  263  265  266  267  268  269  270  270  270  269  269  268
  267  267  264  266  265  257  259  253  262                                   
    80.0-180.0 180.0   5.0 450.0                            LAT/LON1/LON2/DLON/H
  249  249  240  238  241  241  244  247  252  255  259  264  268  271  274  276
  276  276  274  271  267  261  256  250  244  238  232  228  224  221  219  219
  219  220  221  224  226  229  232  235  238  241  243  245  248  249  251  253
  255  257  259  260  262  264  266  268  269  271  272  272  272  272  271  271
  270  268  263  261  261  254  260  249  249                                   
    77.5-180.0 180.0   5.0 450.0                            LAT/LON1/LON2/DLON/H
  245  241  236  234  235  236  241  246  252  257  263  270  276  281  284  287
  287  286  284  279  274  267  259  252  243  236  229  223  218  214  212  211
  211  212  215  217  221  224  227  231  234  237  239  241  243  245  247  249
  251  253  256  258  260  263  265  267  269  271  273  274  274  274  274  274
  272  271  264  261  261  256  254  250  245                                   
    75.0-180.0 180.0   5.0 450.0                            LAT/LON1/LON2/DLON/H
  245  241  235  234  234  235  240  245  252  259  267  275  282  287  291  292
  292  291  288  283  277  269  261  252  243  234  226  218  213  209  206  205
  206  207  210  213  216  220  223  226  229  231  233  235  237  239  241  243
  246  248  251  254  257  260  263  265  268  270  272  273  274  275  275  275
  274  273  268  261  259  256  255  257  245                                   
    72.5-180.0 180.0   5.0 450.0                            LAT/LON1/LON2/DLON/H
  243  244  239  237  235  235  239  245  253  260  268  277  283  287  289  290
  288  286  282  277  271  264  256  247  238  229  220  213  207  203  200  199
  200  201  203  206  208  211  213  216  218  220  222  224  226  228  231  234
  238  241  245  249  252  256  259  262  264  266  268  270  271  272  272  273
  272  272  269  265  262  257  258  264  243                                   
    70.0-180.0 180.0   5.0 450.0                            LAT/LON1/LON2/DLON/H
  250  248  245  242  238  236  239  244  253  260  269  276  282  284  284  282
  279  275  271  267  262  256  249  240  231  222  213  205  200  196  193  192
  192  193  194  195  196  198  199  201  202  204  206  208  211  215  219  224
  229  234  240  244  249  253  256  259  262  265  267  268  269  270  270  271
  271  271  270  268  267  263  266  273  250                                   
    67.5-180.0 180.0   5.0 450.0                            LAT/LON1/LON2/DLON/H
  258  257  252  248  242  239  240  244  252  259  268  275  278  278  276  271
  266  262  258  255  252  247  241  233  224  215  206  199  194  190  187  186
  185  184  183  182  181  181  181  182  183  185  188  191  196  201  208  215
  222  230  236  242  247  252  256  260  263  266  268  270  270  270  270  270
  270  270  269  269  269  266  271  280  258                                   
    65.0-180.0 180.0   5.0 450.0                            LAT/LON1/LON2/DLON/H
  264  263  258  252  244  238  237  240  248  255  263  269  272  270  265  259
  253  248  245  243  241  238  233  226  217  207  199  192  187  184  181  179
  176  173  170  166  164  162  161  162  163  165  169  174  181  189  198  208
  217  226  234  241  247  253  258  262  266  270  272  274  275  274  273  272
  270  269  268  268  268  268  274  283  264                                   
    62.5-180.0 180.0   5.0 450.0                            LAT/LON1/LON2/DLON/H
  270  268  263  256  247  237  234  236  242  249  257  263  264  262  256  249
  243  239  236  236  235  232  228  220  211  201  193  187  182  180  177  174
  170  164  158  152  148  145  144  144  147  150  155  162  170  181  192  204
  215  226  235  243  250  256  262  268  273  278  281  283  284  283  281  278
  275  272  270  269  268  268  274  284  270                                   
    60.0-180.0 180.0   5.0 450.0                            LAT/LON1/LON2/DLON/H
  276  274  268  260  249  237  231  230  236  241  248  254  256  254  249  243
  238  235  233  233  232  230  225  216  206  196  188  183  180  178  175  172
  165  157  149  141  135  132  131  133  136  140  146  154  164  176  189  203
  216  227  237  245  253  260  267  275  282  288  292  295  296  295  292  289
  284  279  275  271  269  268  274  282  276                                   
    57.5-180.0 180.0   5.0 450.0                            LAT/LON1/LON2/DLON/H
  284  282  276  266  255  241  231  228  230  233  238  243  246  246  243  240
  237  235  234  234  233  230  223  214  203  193  186  181  179  178  176  171
  163  153  143  134  128  125  125  127  131  136  143  151  162  175  189  203
  217  229  239  248  256  264  273  282  291  298  304  308  310  309  307  303
  297  290  284  278  273  271  276  283  284                                   
    55.0-180.0 180.0   5.0 450.0                            LAT/LON1/LON2/DLON/H
  295  294  287  277  267  251  239  231  229  228  230  234  237  238  239  239
  239  238  238  237  234  230  223  213  202  193  186  183  182  181  179  173
  164  152  141  131  126  124  125  128  132  138  144  152  162  175  190  205
  219  231  241  250  259  268  279  290  300  310  317  322  325  325  323  320
  314  307  299  290  282  279  283  290  295                                   
    52.5-180.0 180.0   5.0 450.0                            LAT/LON1/LON2/DLON/H
  311  310  304  295  287  271  257  245  237  230  227  227  229  233  236  239
  241  241  240  238  234  229  222  213  203  195  190  187  186  186  182  176
  165  153  141  133  128  128  130  133  138  142  147  154  164  177  192  207
  222  234  244  254  263  274  286  299  310  320  328  333  337  338  338  337
  332  326  318  307  298  293  297  304  311                                   
    50.0-180.0 180.0   5.0 450.0                            LAT/LON1/LON2/DLON/H
  331  331  326  320  314  300  285  269  256  242  232  227  227  230  235  240
  243  242  240  237  232  227  221  214  207  200  196  193  192  190  186  178
  167  154  144  137  134  134  137  141  145  148  151  157  166  179  194  211
  226  239  250  260  271  283  296  309  321  330  337  341  345  347  349  351
  349  345  339  328  319  313  318  326  331                                   
    47.5-180.0 180.0   5.0 450.0                            LAT/LON1/LON2/DLON/H
  355  355  351  349  345  335  320  302  283  262  246  235  231  232  237  241
  243  241  237  232  228  225  221  217  212  207  203  200  197  193  187  178
  167  156  147  142  141  142  146  149  151  153  155  160  168  181  198  215
  232  246  259  270  282  296  309  322  332  339  343  346  349  351  355  359
  362  362  359  351  343  338  343  354  355                                   
    45.0-180.0 180.0   5.0 450.0                            LAT/LON1/LON2/DLON/H
  380  379  377  378  376  370  356  338  316  291  268  252  243  241  243  245
  244  240  234  228  225  224  223  221  218  214  209  205  200  194  187  177
  167  157  151  148  148  150  153  156  157  158  159  162  170  184  201  221
  239  255  270  283  297  311  324  336  343  347  349  349  351  354  359  365
  371  375  377  373  368  365  372  383  380                                   
    42.5-180.0 180.0   5.0 450.0                            LAT/LON1/LON2/DLON/H
  405  404  402  402  402  398  387  372  350  323  296  276  263  257  255  252
  247  240  232  227  226  227  228  228  225  220  214  207  201  194  186  177
  168  161  156  155  156  158  161  163  163  163  163  165  173  187  205  226
  246  265  281  297  312  326  339  349  354  356  355  354  354  357  363  371
  379  387  393  394  393  392  401  413  405                                   
    40.0-180.0 180.0   5.0 450.0                            LAT/LON1/LON2/DLON/H
  429  428  423  421  420  417  409  397  379  353  327  305  290  279  272  264
  254  244  236  232  233  235  237  236  232  225  217  209  202  195  188  182
  175  170  166  165  166  167  169  170  170  169  168  170  177  190  208  230
  252  272  290  307  324  339  351  359  363  363  362  360  361  365  371  380
  390  400  409  414  416  420  430  441  429                                   
    37.5-180.0 180.0   5.0 450.0                            LAT/LON1/LON2/DLON/H
  456  453  444  436  432  428  420  413  400  380  357  337  320  306  293  280
  266  254  247  245  247  249  250  246  239  229  220  212  207  202  198  194
  189  185  181  180  179  180  181  181  180  178  176  177  182  193  210  231
  254  275  294  312  330  346  359  367  370  370  370  370  372  377  385  395
  406  418  429  436  440  449  459  469  456                                   
    35.0-180.0 180.0   5.0 450.0                            LAT/LON1/LON2/DLON/H
  488  485  469  455  446  438  429  423  415  402  385  367  350  333  316  298
  281  269  263  263  265  267  263  256  246  235  227  222  220  219  219  216
  212  208  204  200  198  197  196  195  193  190  187  185  187  195  209  229
  250  271  291  310  329  346  360  369  374  377  379  383  389  397  407  419
  432  445  456  464  470  484  492  500  488                                   
    32.5-180.0 180.0   5.0 450.0                            LAT/LON1/LON2/DLON/H
  526  524  504  485  470  458  444  438  433  424  411  396  379  359  337  316
  297  286  282  283  285  283  276  266  255  247  242  242  244  248  250  250
  246  240  233  226  221  217  214  212  209  204  198  192  190  194  205  221
  240  259  278  298  317  336  352  365  374  381  389  398  410  423  438  453
  469  484  495  502  509  526  531  537  526                                   
    30.0-180.0 180.0   5.0 450.0                            LAT/LON1/LON2/DLON/H
  573  572  553  532  513  496  477  468  462  454  442  427  407  383  358  333
  313  302  299  300  300  296  287  278  270  266  268  273  282  289  294  293
  287  278  267  256  247  240  235  230  224  216  206  197  190  189  195  207
  224  241  260  279  298  318  337  354  368  381  396  412  431  452  473  494
  516  534  546  552  561  578  580  584  573                                   
    27.5-180.0 180.0   5.0 450.0                            LAT/LON1/LON2/DLON/H
  626  629  619  601  580  560  536  521  510  498  482  463  437  408  377  349
  328  317  312  311  308  303  296  291  291  296  306  318  330  340  344  341
  331  317  301  286  272  261  252  244  235  223  209  195  184  180  182  191
  205  222  240  258  279  300  322  344  364  384  405  427  453  480  508  536
  564  588  602  610  621  637  638  643  626                                   
    25.0-180.0 180.0   5.0 450.0                            LAT/LON1/LON2/DLON/H
  686  692  699  690  671  652  623  601  582  562  537  509  474  437  400  368
  344  330  322  317  312  307  305  310  321  336  354  371  384  392  392  384
  369  349  327  307  289  275  262  250  236  220  203  186  173  166  167  175
  189  206  224  243  265  289  316  342  368  393  419  447  477  509  542  575
  608  637  655  668  680  695  701  710  686                                   
    22.5-180.0 180.0   5.0 450.0                            LAT/LON1/LON2/DLON/H
  747  753  785  788  777  762  731  703  674  643  607  567  521  474  430  394
  366  347  333  323  315  313  319  335  359  384  406  423  432  433  425  410
  388  363  337  313  293  275  259  243  225  206  186  169  156  150  152  162
  177  196  217  239  263  291  320  351  381  410  439  470  502  537  573  609
  646  677  698  716  729  741  758  776  747                                   
    20.0-180.0 180.0   5.0 450.0                            LAT/LON1/LON2/DLON/H
  800  804  857  874  875  869  842  811  774  733  686  634  579  523  472  430
  398  372  352  335  325  327  342  369  401  431  452  461  460  450  433  410
  382  353  325  300  280  261  243  224  203  182  163  148  138  136  140  153
  172  194  219  244  273  304  337  370  402  433  463  494  527  562  599  636
  674  706  729  750  764  771  799  826  800                                   
    17.5-180.0 180.0   5.0 450.0                            LAT/LON1/LON2/DLON/H
  830  831  897  925  939  947  929  900  861  816  762  704  642  580  525  479
  441  410  382  361  350  355  376  409  444  469  479  474  459  436  410  381
  351  322  295  273  254  236  218  197  175  154  138  127  122  124  132  148
  170  197  226  257  290  325  362  396  428  458  488  518  550  584  620  656
  692  723  747  768  781  785  819  854  830                                   
    15.0-180.0 180.0   5.0 450.0                            LAT/LON1/LON2/DLON/H
  832  830  897  931  956  977  970  948  914  871  820  762  700  639  583  535
  495  459  427  403  392  399  421  451  477  487  479  457  427  395  363  332
  304  278  256  239  223  207  189  168  147  129  117  111  112  116  127  144
  170  200  234  270  308  347  386  422  454  482  510  540  572  604  637  670
  704  731  754  774  784  785  821  859  832                                   
    12.5-180.0 180.0   5.0 450.0                            LAT/LON1/LON2/DLON/H
  814  813  868  901  931  958  960  945  921  888  846  797  743  687  636  590
  550  514  483  460  449  454  470  486  491  478  449  410  370  334  303  276
  253  234  219  207  195  182  164  145  126  112  105  104  107  113  123  141
  167  201  238  278  320  363  404  440  471  497  525  556  588  620  650  680
  709  733  754  772  779  779  812  849  814                                   
    10.0-180.0 180.0   5.0 450.0                            LAT/LON1/LON2/DLON/H
  795  797  832  855  882  908  912  902  886  864  836  800  759  714  670  631
  596  566  540  521  512  511  511  503  479  439  391  343  302  270  246  227
  211  200  191  184  175  163  147  130  114  104  101  103  107  112  120  136
  161  196  235  278  323  367  409  445  473  499  528  561  596  630  659  686
  712  733  752  768  773  775  804  838  795                                   
     7.5-180.0 180.0   5.0 450.0                            LAT/LON1/LON2/DLON/H
  790  795  809  817  835  853  850  839  826  812  796  774  744  710  676  645
  619  598  582  571  563  552  530  492  438  376  318  270  238  217  204  195
