data/edconvlstm_nd/pred2920.15i
     1.0            IONOSPHERE MAPS     GNSS                IONEX VERSION / TYPE
pyspatialgeodesy        IME             05-JAN-18 20:20     PGM / RUN BY / DATE 
Map Name                                                    COMMENT             
Predicted global ionosphere maps (GIM).                     DESCRIPTION         
  2015    10    19     0     0     0                        EPOCH OF FIRST MAP  
  2015    10    20     0     0     0                        EPOCH OF LAST MAP   
  7200                                                      INTERVAL            
    13                                                      # OF MAPS IN FILE   
  NONE                                                      MAPPING FUNCTION    
10.0                                                        ELEVATION CUTOFF    
One-way carrier phase leveled to code                       OBSERVABLES USED    
  6371.0                                                    BASE RADIUS         
 2                                                          MAP DIMENSION       
   450.0 450.0   0.0                                        HGT1 / HGT2 / DHGT  
    87.5 -87.5  -2.5                                        LAT1 / LAT2 / DLAT  
  -180.0 180.0   5.0                                        LON1 / LON2 / DLON  
    -1                                                      EXPONENT            
                                                            END OF HEADER       
[from data line 4719]
    12                                                      START OF TEC MAP    
  2015    10    19    22     0     0                        EPOCH OF CURRENT MAP
    87.5-180.0 180.0   5.0 450.0                            LAT/LON1/LON2/DLON/H
  108   98   84   89   93   90   90   88   89   92   92   93   94   95   96   96
   96   96   96   95   93   92   91   89   88   86   85   83   82   80   79   78
   78   77   77   76   76   76   76   76   77   77   78   79   79   80   81   81
   82   82   82   83   83   83   83   83   83   83   83   82   82   82   81   80
   80   80   77   76   85   85  103  112  108                                   
    85.0-180.0 180.0   5.0 450.0                            LAT/LON1/LON2/DLON/H
  105   98  101   89   88   93   94   97   99  102  103  105  106  108  108  109
  109  108  107  106  104  102   99   97   94   92   90   88   86   84   83   82
   81   80   80   80   80   80   80   81   82   83   84   84   85   86   87   88
   89   89   89   90   90   90   90   90   89   89   88   88   87   87   86   85
   85   84   81   78   82   85   88   88  105                                   
    82.5-180.0 180.0   5.0 450.0                            LAT/LON1/LON2/DLON/H
   79   80   80   76   79   85   90   92   95   99  102  105  108  110  112  112
  112  111  109  106  103  100   96   92   89   85   82   79   77   75   73   72
   71   70   70   70   70   70   71   71   72   73   74   76   77   78   79   80
   81   82   82   83   83   83   83   83   82   82   81   80   79   78   77   76
   75   74   71   73   78   89   82   85   79                                   
    80.0-180.0 180.0   5.0 450.0                            LAT/LON1/LON2/DLON/H
   62   66   73   69   73   75   85   91   98  104  109  115  119  122  124  124
  123  121  117  113  107  102   96   90   84   79   75   71   68   65   63   61
   60   60   59   59   60   60   61   62   64   65   67   69   71   72   74   75
   77   78   78   79   79   79   79   79   78   77   77   76   74   73   72   71
   70   69   67   68   67   72   65   79   62                                   
    77.5-180.0 180.0   5.0 450.0                            LAT/LON1/LON2/DLON/H
   70   68   74   70   77   80   91   97  105  112  119  127  133  137  139  139
  137  133  128  121  114  106   98   90   83   77   72   68   65   63   61   60
   59   59   59   58   58   58   59   59   60   61   63   64   66   68   70   71
   72   73   74   74   74   74   74   74   73   73   72   71   70   69   69   68
   68   68   68   70   71   71   70   86   70                                   
    75.0-180.0 180.0   5.0 450.0                            LAT/LON1/LON2/DLON/H
   73   74   77   74   81   86   95  102  113  123  131  140  146  150  152  151
  147  142  135  126  117  108   98   90   82   76   71   67   65   63   62   62
   62   62   62   61   61   60   60   60   61   61   63   64   66   67   68   69
   70   70   70   70   70   69   69   69   68   68   68   67   67   67   68   69
   69   71   73   72   72   71   68   75   73                                   
    72.5-180.0 180.0   5.0 450.0                            LAT/LON1/LON2/DLON/H
   85   84   88   89   90   94  103  109  117  127  136  145  152  156  157  155
  150  143  134  124  114  103   92   83   75   68   63   60   58   58   59   60
   60   61   61   60   59   57   56   55   55   55   56   57   58   59   59   60
   60   59   58   58   57   56   56   56   56   56   57   57   58   59   61   63
   65   68   71   72   73   75   76   87   85                                   
    70.0-180.0 180.0   5.0 450.0                            LAT/LON1/LON2/DLON/H
   96   97   99   98   99  102  107  114  123  133  142  150  156  159  158  155
  149  141  132  121  111  100   89   79   71   64   59   57   56   57   59   60
   62   63   62   61   59   57   55   53   53   52   53   54   54   55   55   55
   54   52   51   49   48   48   48   48   49   50   51   52   53   55   58   62
   65   70   76   79   82   85   90   98   96                                   
    67.5-180.0 180.0   5.0 450.0                            LAT/LON1/LON2/DLON/H
  109  110  112  113  112  114  118  123  130  138  146  154  159  161  159  155
  149  142  133  123  113  102   90   80   70   62   57   54   53   54   57   59
   61   62   61   59   57   54   51   49   48   48   48   48   49   50   50   49
   47   45   43   41   40   40   41   42   44   45   47   49   51   54   58   62
   66   72   78   81   85   92   96  104  109                                   
    65.0-180.0 180.0   5.0 450.0                            LAT/LON1/LON2/DLON/H
  113  117  119  120  118  119  121  126  132  139  147  153  157  158  156  152
  146  140  133  126  117  107   96   84   72   63   56   51   50   51   53   56
   58   58   57   55   51   48   45   43   42   42   43   43   44   45   44   43
   41   38   35   33   33   33   35   37   39   41   43   46   48   52   56   61
   66   72   79   84   88   97  104  112  113                                   
    62.5-180.0 180.0   5.0 450.0                            LAT/LON1/LON2/DLON/H
  116  120  121  123  122  122  123  127  132  138  145  151  154  155  153  150
  147  143  140  135  128  119  107   93   79   66   56   50   48   48   50   52
   53   53   51   48   45   41   39   37   37   37   38   39   40   40   39   38
   35   32   29   27   27   28   31   34   37   40   42   45   48   51   56   61
   66   72   77   81   85   94  100  108  116                                   
    60.0-180.0 180.0   5.0 450.0                            LAT/LON1/LON2/DLON/H
  114  118  120  123  122  120  122  125  130  136  143  148  151  152  151  150
  149  150  150  148  144  135  122  106   89   74   61   53   49   48   49   51
   51   50   48   45   41   38   36   35   35   36   37   38   39   39   38   36
   33   29   26   25   25   27   30   34   38   41   44   46   49   53   58   63
   68   73   77   78   81   90   96  105  114                                   
    57.5-180.0 180.0   5.0 450.0                            LAT/LON1/LON2/DLON/H
  112  117  120  123  123  121  122  125  130  136  142  147  150  151  151  152
  155  158  162  163  160  152  139  122  102   85   70   60   55   53   54   54
   54   52   49   45   42   39   38   38   38   39   40   41   42   41   40   37
   34   30   27   25   26   29   33   38   42   45   48   50   53   58   63   69
   74   78   80   80   80   88   92  102  112                                   
    55.0-180.0 180.0   5.0 450.0                            LAT/LON1/LON2/DLON/H
  115  121  126  129  129  126  127  129  134  139  144  149  152  153  155  158
  162  168  174  177  175  168  155  137  117   98   83   73   67   65   64   64
   62   59   55   51   48   46   46   46   47   49   49   49   49   48   46   43
   39   35   32   30   31   34   39   44   49   52   54   57   60   65   72   79
   84   88   90   89   87   92   95  105  115                                   
    52.5-180.0 180.0   5.0 450.0                            LAT/LON1/LON2/DLON/H
  126  133  139  141  141  138  138  140  143  147  151  154  157  158  161  164
  170  176  182  186  185  178  165  149  131  114  100   90   84   81   80   77
   74   69   65   61   59   58   59   60   62   63   63   62   60   58   56   53
   49   45   41   39   40   43   48   53   57   59   61   64   68   75   83   92
   99  105  108  106  103  107  108  117  126                                   
    50.0-180.0 180.0   5.0 450.0                            LAT/LON1/LON2/DLON/H
  147  154  162  162  162  160  158  158  159  161  163  165  166  168  170  173
  177  183  188  190  189  183  173  159  144  130  118  110  104  100   96   92
   87   81   77   74   72   73   75   77   79   79   79   77   75   72   69   66
   62   58   54   52   52   54   58   63   66   68   69   72   77   85   96  107
  116  125  130  130  127  131  132  139  147                                   
    47.5-180.0 180.0   5.0 450.0                            LAT/LON1/LON2/DLON/H
  175  182  191  189  189  187  184  183  181  181  180  180  180  180  181  183
  186  188  191  192  190  185  177  167  156  145  136  128  122  116  110  103
   96   90   86   85   85   88   91   93   95   96   95   93   90   87   84   81
   77   73   69   66   66   67   70   73   75   76   77   81   87   97  109  123
  134  145  154  158  157  162  165  168  175                                   
    45.0-180.0 180.0   5.0 450.0                            LAT/LON1/LON2/DLON/H
  206  213  221  219  219  218  214  212  208  205  201  199  198  197  196  196
  196  195  195  194  192  188  183  176  168  160  151  142  134  124  115  106
   98   93   91   92   95   99  104  107  109  110  110  108  105  102   99   96
   93   89   85   82   80   80   82   83   84   84   85   89   97  108  122  137
  150  164  175  184  187  194  199  201  206                                   
    42.5-180.0 180.0   5.0 450.0                            LAT/LON1/LON2/DLON/H
  235  242  249  247  247  247  244  241  235  231  225  221  218  217  215  213
  209  206  203  201  198  195  191  186  179  171  160  149  136  124  112  101
   93   89   90   95  101  108  113  116  119  120  120  119  116  114  111  109
  107  103   99   96   93   92   93   93   92   92   93   98  106  119  134  149
  162  178  192  204  212  222  230  232  235                                   
    40.0-180.0 180.0   5.0 450.0                            LAT/LON1/LON2/DLON/H
  259  264  271  270  271  271  269  265  260  255  249  244  241  239  236  232
  227  221  217  214  211  207  203  196  188  177  163  147  131  116  103   92
   86   84   88   96  106  114  120  122  124  125  126  126  124  122  120  118
  116  113  109  106  103  101  101  100   99   98   99  105  115  128  144  159
  172  187  203  216  228  241  251  255  259                                   
    37.5-180.0 180.0   5.0 450.0                            LAT/LON1/LON2/DLON/H
  276  281  287  287  289  289  288  284  280  275  270  266  264  262  260  255
  248  242  237  233  229  224  216  206  194  178  160  141  123  108   96   87
   83   84   91  101  113  121  126  127  128  128  129  130  129  127  125  123
  121  118  115  111  108  107  106  104  102  101  103  110  122  136  152  166
  178  193  209  223  236  250  261  269  276                                   
    35.0-180.0 180.0   5.0 450.0                            LAT/LON1/LON2/DLON/H
  291  295  301  300  303  301  301  297  294  291  287  286  285  285  283  278
  271  265  260  255  250  241  229  214  196  176  156  136  120  108  100   95
   93   95  103  114  125  133  135  134  132  131  132  133  132  129  127  124
  122  119  115  112  110  108  107  105  103  102  105  113  126  142  159  173
  184  198  213  227  239  255  266  276  291                                   
    32.5-180.0 180.0   5.0 450.0                            LAT/LON1/LON2/DLON/H
  308  312  317  314  317  311  310  306  304  302  301  302  303  304  303  299
  292  286  281  276  268  255  237  217  195  174  155  139  129  124  123  122
  122  124  130  138  146  150  148  143  138  136  136  136  135  131  127  123
  120  116  112  109  108  107  106  105  102  101  104  114  129  147  166  181
  193  206  221  234  244  259  270  281  308                                   
    30.0-180.0 180.0   5.0 450.0                            LAT/LON1/LON2/DLON/H
  333  337  341  335  335  323  319  313  312  312  313  315  318  320  319  315
  309  303  298  290  279  261  239  216  194  176  163  157  157  163  170  173
  173  171  171  173  174  171  164  155  149  145  144  143  140  135  129  123
  118  113  109  106  104  104  104  102  100   99  103  113  131  152  173  192
  205  220  235  247  256  271  282  292  333                                   
    27.5-180.0 180.0   5.0 450.0                            LAT/LON1/LON2/DLON/H
  368  374  378  366  362  344  334  324  322  322  325  328  332  334  333  328
  321  314  307  297  282  261  238  216  198  187  185  192  207  225  241  247
  244  234  223  213  204  193  181  170  162  158  156  153  149  141  133  125
  118  112  106  102  101  101  101   99   97   97  102  113  133  157  183  205
  221  239  255  268  277  293  306  314  368                                   
    25.0-180.0 180.0   5.0 450.0                            LAT/LON1/LON2/DLON/H
  412  422  425  408  400  375  358  343  339  338  340  343  347  347  345  339
  330  321  311  298  280  260  239  222  212  212  223  245  275  306  330  337
  327  304  276  250  229  211  196  184  177  173  171  168  161  151  141  131
  121  113  105  100   98   97   97   96   95   95  100  114  135  163  193  220
  241  263  282  298  307  325  341  346  412                                   
    22.5-180.0 180.0   5.0 450.0                            LAT/LON1/LON2/DLON/H
  460  474  477  458  447  419  396  376  368  364  364  365  366  365  360  352
  341  329  315  300  282  264  249  240  241  253  277  312  354  394  421  425
  403  362  316  274  243  220  205  196  192  190  188  184  175  163  151  139
  127  117  107  100   96   94   94   93   92   94  100  114  138  169  203  236
  262  289  311  331  342  364  384  388  460                                   
    20.0-180.0 180.0   5.0 450.0                            LAT/LON1/LON2/DLON/H
  504  524  528  509  500  471  445  421  410  403  399  397  394  391  384  373
  359  343  327  310  295  282  275  277  288  309  341  383  430  472  495  489
  451  393  332  280  243  221  209  205  205  206  205  200  189  176  161  148
  135  122  111  102   96   92   91   90   91   93  101  117  142  176  213  250
  281  313  339  363  377  403  428  431  504                                   
    17.5-180.0 180.0   5.0 450.0                            LAT/LON1/LON2/DLON/H
  539  564  570  554  550  524  501  477  464  454  446  440  434  427  418  405
  389  371  353  337  326  320  323  334  352  377  410  449  489  521  531  511
  460  391  324  270  235  217  212  213  217  221  220  213  201  186  170  156
  142  128  116  105   97   92   90   90   91   94  103  120  147  183  223  262
  296  333  362  390  406  436  465  470  539                                   
    15.0-180.0 180.0   5.0 450.0                            LAT/LON1/LON2/DLON/H
  560  590  599  588  591  573  556  536  524  513  503  494  485  476  465  450
  433  415  397  384  378  381  392  408  427  448  471  496  518  531  523  489
  431  363  300  253  225  215  215  222  228  232  230  221  207  190  175  161
  147  134  121  109  100   94   91   91   93   97  107  125  153  190  232  272
  308  347  379  408  426  459  492  500  560                                   
    12.5-180.0 180.0   5.0 450.0                            LAT/LON1/LON2/DLON/H
  570  601  615  608  620  611  604  591  584  574  564  553  543  533  522  508
  491  474  460  451  451  461  476  493  506  513  516  516  513  502  478  436
  381  324  274  241  224  220  225  232  238  239  234  222  206  189  174  161
  149  137  124  112  102   96   93   93   96  100  110  129  158  196  239  280
  316  356  389  418  436  471  507  516  570                                   
    10.0-180.0 180.0   5.0 450.0                            LAT/LON1/LON2/DLON/H
  571  603  620  617  638  639  643  638  638  631  622  612  602  593  584  572
  558  544  534  531  536  549  564  574  574  560  537  509  480  450  415  374
  331  291  260  242  235  237  242  246  246  242  232  217  199  182  168  157
  147  137  125  114  105   98   96   96   99  103  113  131  162  201  244  284
  321  360  393  421  440  475  513  523  571                                   
     7.5-180.0 180.0   5.0 450.0                            LAT/LON1/LON2/DLON/H
  569  602  621  620  649  659  672  675  681  678  672  663  656  649  642  633
  623  614  609  611  619  631  640  638  619  582  533  481  434  393  357  325
