data/edconvlstm_nd/pred2310.15i
     1.0            IONOSPHERE MAPS     GNSS                IONEX VERSION / TYPE
pyspatialgeodesy        IME             05-JAN-18 20:20     PGM / RUN BY / DATE 
Map Name                                                    COMMENT             
Predicted global ionosphere maps (GIM).                     DESCRIPTION         
  2015     8    19     0     0     0                        EPOCH OF FIRST MAP  
  2015     8    20     0     0     0                        EPOCH OF LAST MAP   
  7200                                                      INTERVAL            
    13                                                      # OF MAPS IN FILE   
  NONE                                                      MAPPING FUNCTION    
10.0                                                        ELEVATION CUTOFF    
One-way carrier phase leveled to code                       OBSERVABLES USED    
  6371.0                                                    BASE RADIUS         
 2                                                          MAP DIMENSION       
   450.0 450.0   0.0                                        HGT1 / HGT2 / DHGT  
    87.5 -87.5  -2.5                                        LAT1 / LAT2 / DLAT  
  -180.0 180.0   5.0                                        LON1 / LON2 / DLON  
    -1                                                      EXPONENT            
                                                            END OF HEADER       
[from data line 5148]
    13                                                      START OF TEC MAP    
  2015     8    20     0     0     0                        EPOCH OF CURRENT MAP
    87.5-180.0 180.0   5.0 450.0                            LAT/LON1/LON2/DLON/H
  100   98   99   92   91   94   92   91   92   92   93   93   94   94   94   94
   94   93   93   92   91   90   89   88   87   86   85   84   83   82   81   80
   79   78   77   76   76   75   74   74   73   73   72   72   71   71   70   70
   69   69   69   68   68   68   68   68   68   68   68   68   69   69   70   72
   73   74   74   76   73   83   92   96  100                                   
    85.0-180.0 180.0   5.0 450.0                            LAT/LON1/LON2/DLON/H
  100  105   89   95   98  104  101  100  101  102  102  103  103  103  103  102
  102  101  100   99   97   96   95   93   92   90   89   88   86   85   84   83
   81   80   80   79   78   78   77   76   76   75   75   74   74   73   73   72
   72   71   71   71   70   70   70   70   71   71   72   72   73   74   75   76
   78   79   81   86   86   95  105  102  100                                   
    82.5-180.0 180.0   5.0 450.0                            LAT/LON1/LON2/DLON/H
  100   96  106  104  106  113  110  111  113  113  114  115  115  115  114  113
  112  111  109  108  106  104  102   99   97   95   93   91   89   87   85   83
   82   81   80   79   79   78   78   77   77   76   76   75   75   74   73   73
   72   71   71   70   70   70   70   70   70   71   72   73   74   76   78   80
   81   83   84   85   90   85   94   98  100                                   
    80.0-180.0 180.0   5.0 450.0                            LAT/LON1/LON2/DLON/H
  113  106  106  104  108  113  115  117  120  120  121  122  121  121  120  119
  117  115  113  111  108  106  103  100   97   94   91   88   86   83   81   79
   78   77   76   76   76   76   76   76   76   76   76   75   75   74   73   72
   72   71   70   69   68   68   68   68   68   69   70   71   73   75   77   79
   81   82   83   83   99   93  103  114  113                                   
    77.5-180.0 180.0   5.0 450.0                            LAT/LON1/LON2/DLON/H
  121  112  106  113  111  115  118  122  125  125  127  127  127  126  124  123
  120  118  116  113  110  107  104  101   98   94   91   87   84   81   79   78
   77   76   76   77   77   78   79   80   80   80   80   80   80   79   79   78
   77   76   75   74   73   72   71   71   71   72   73   75   76   79   81   84
   85   88   88   90   99  101  105  121  121                                   
    75.0-180.0 180.0   5.0 450.0                            LAT/LON1/LON2/DLON/H
  123  109  107  115  112  117  117  121  125  125  126  126  125  123  121  118
  115  113  110  107  104  102   99   95   92   88   84   80   77   74   73   72
   72   72   73   75   76   78   79   80   81   81   82   82   82   82   82   81
   80   79   78   77   76   74   74   73   73   74   76   78   80   82   85   88
   89   91   92   88   96  106  107  119  123                                   
    72.5-180.0 180.0   5.0 450.0                            LAT/LON1/LON2/DLON/H
  111  103  104  109  106  109  111  116  120  120  121  121  120  117  114  110
  107  104  101   98   95   93   90   86   83   79   74   71   68   65   64   64
   64   65   67   69   71   73   74   75   76   77   77   78   78   78   79   79
   78   78   76   75   74   72   71   71   71   72   74   77   79   82   86   88
   89   91   94   91   94  102  108  122  111                                   
    70.0-180.0 180.0   5.0 450.0                            LAT/LON1/LON2/DLON/H
  108   97   99  107  103  107  108  113  119  119  120  120  118  114  110  106
  102   98   95   92   90   88   85   81   77   73   69   65   62   60   59   59
   60   62   64   66   68   69   70   71   71   72   73   73   74   76   77   78
   78   78   77   76   75   74   73   73   74   76   78   81   84   87   91   94
   95   95   98   96   97  104  107  120  108                                   
    67.5-180.0 180.0   5.0 450.0                            LAT/LON1/LON2/DLON/H
  104   94   95  101   97  100  102  107  113  114  116  116  114  110  105  100
   95   91   88   85   83   81   78   74   70   65   61   57   54   52   51   52
   53   54   56   58   59   59   59   59   59   59   60   61   63   65   67   68
   69   70   70   70   69   68   68   69   70   73   76   79   83   86   90   93
   94   95   97   95   97  102  105  119  104                                   
    65.0-180.0 180.0   5.0 450.0                            LAT/LON1/LON2/DLON/H
  103   91   92   98   93   94   96  102  109  110  113  113  112  108  103   98
   92   88   84   82   79   77   74   70   66   61   56   52   49   47   47   47
   48   49   49   50   50   50   49   48   48   48   49   50   52   55   57   59
   61   62   62   63   63   63   64   65   68   71   74   79   83   86   90   93
   94   95   98   96   98  103  107  121  103                                   
    62.5-180.0 180.0   5.0 450.0                            LAT/LON1/LON2/DLON/H
  106   94   94   98   92   92   93   98  105  107  111  113  112  109  104   99
   93   88   85   82   80   77   74   70   65   60   55   51   49   47   46   45
   45   45   45   45   44   43   42   41   41   41   41   43   45   47   50   52
   54   55   56   57   57   59   61   63   67   71   75   80   84   87   91   94
   95   96  100   99  101  107  110  125  106                                   
    60.0-180.0 180.0   5.0 450.0                            LAT/LON1/LON2/DLON/H
  111  100  100  102   94   92   90   95  101  103  107  110  111  110  106  101
   95   91   87   84   82   79   76   71   66   61   56   53   50   48   47   45
   44   43   42   41   40   39   38   37   37   37   38   40   41   43   45   47
   48   49   50   51   53   55   58   62   66   71   76   81   85   88   92   94
   95   96  102  102  105  112  115  130  111                                   
    57.5-180.0 180.0   5.0 450.0                            LAT/LON1/LON2/DLON/H
  120  110  110  110  100   95   92   94   99  100  104  108  110  109  107  103
   98   94   90   88   85   82   78   73   68   63   59   56   53   51   49   47
   44   42   40   39   38   37   37   37   37   38   39   41   42   44   45   45
   46   46   47   48   50   53   58   62   68   74   79   84   87   90   93   95
   96   98  104  105  111  118  122  137  120                                   
    55.0-180.0 180.0   5.0 450.0                            LAT/LON1/LON2/DLON/H
  130  123  122  122  111  104   98   97   99   99  101  105  107  108  107  104
  100   96   93   91   88   85   81   76   71   66   63   60   58   55   52   49
   46   43   41   40   40   40   40   41   42   43   45   46   47   48   48   48
   47   46   46   47   50   54   60   66   72   79   84   89   92   94   96   98
   98  100  107  110  116  125  130  144  130                                   
    52.5-180.0 180.0   5.0 450.0                            LAT/LON1/LON2/DLON/H
  141  136  136  136  125  116  109  105  103  100  100  102  104  105  105  103
  100   98   96   94   91   88   84   79   74   70   67   65   62   60   56   52
   48   45   44   44   44   46   47   48   50   51   53   54   55   55   54   52
   50   49   48   50   53   58   65   72   79   85   91   95   98   99  100  101
  101  103  110  113  121  131  136  152  141                                   
    50.0-180.0 180.0   5.0 450.0                            LAT/LON1/LON2/DLON/H
  149  147  149  150  139  131  123  117  112  105  102  102  103  103  103  102
  100   99   97   96   94   91   87   82   78   74   72   70   67   64   60   55
   52   49   49   50   52   54   56   58   59   61   62   63   64   63   61   59
   56   53   53   54   58   64   72   79   87   93   99  102  105  105  106  106
  105  107  113  116  125  136  142  157  149                                   
    47.5-180.0 180.0   5.0 450.0                            LAT/LON1/LON2/DLON/H
  153  154  157  161  152  146  139  131  123  113  107  104  103  102  101  100
   99   99   99   99   98   95   90   86   82   79   77   75   72   68   64   59
   56   55   55   58   60   63   65   67   69   71   72   72   72   71   69   66
   62   60   58   60   64   71   79   87   95  101  106  109  111  112  112  112
  111  112  117  119  127  138  145  161  153                                   
    45.0-180.0 180.0   5.0 450.0                            LAT/LON1/LON2/DLON/H
  155  155  160  167  161  157  153  145  136  124  115  109  106  103  101  100
   99  100  102  102  101   98   94   90   86   84   82   79   76   72   67   63
   61   61   63   66   69   72   74   75   77   78   79   79   79   77   75   72
   69   66   65   66   70   77   86   94  101  107  112  115  117  118  119  119
  117  118  122  123  129  139  145  162  155                                   
    42.5-180.0 180.0   5.0 450.0                            LAT/LON1/LON2/DLON/H
  153  153  158  168  164  164  162  156  147  134  124  116  110  106  102  101
  101  102  105  106  105  103   99   95   92   89   87   84   81   76   71   68
   66   67   70   73   76   78   80   81   83   84   85   85   84   82   80   78
   75   72   71   71   76   82   90   98  105  111  116  119  122  124  125  126
  125  125  128  127  131  140  146  162  153                                   
    40.0-180.0 180.0   5.0 450.0                            LAT/LON1/LON2/DLON/H
  151  148  153  164  163  165  166  162  155  143  132  124  116  110  106  104
  104  106  108  110  110  107  104  100   97   95   93   89   85   80   75   72
   71   73   75   78   80   81   82   84   86   88   90   89   88   86   84   83
   80   77   75   75   79   85   93  101  108  113  119  123  127  130  132  133
  133  133  136  134  135  142  147  164  151                                   
    37.5-180.0 180.0   5.0 450.0                            LAT/LON1/LON2/DLON/H
  151  145  148  159  159  163  164  163  159  148  139  131  123  116  111  108
  108  110  113  115  114  112  109  106  104  102   99   95   89   83   78   76
   75   77   79   81   82   82   82   85   88   92   94   94   92   90   88   87
   84   81   78   78   81   87   94  102  109  116  122  127  132  136  139  141
  141  142  145  142  143  148  152  169  151                                   
    35.0-180.0 180.0   5.0 450.0                            LAT/LON1/LON2/DLON/H
  156  147  149  156  157  159  161  162  160  152  145  138  131  123  118  114
  114  115  118  119  119  117  115  113  111  108  105  100   93   87   82   79
   79   80   81   81   80   80   81   85   90   95   98   98   96   93   91   90
   87   83   80   79   81   87   95  104  112  119  126  133  138  142  146  149
  150  152  156  153  153  157  161  178  156                                   
    32.5-180.0 180.0   5.0 450.0                            LAT/LON1/LON2/DLON/H
  166  156  157  160  160  161  162  163  163  157  151  146  139  132  126  122
  120  121  123  123  123  122  120  119  117  115  110  104   97   90   85   82
   81   81   80   79   77   77   79   85   92   99  103  103  100   96   94   92
   89   84   80   78   81   87   96  105  115  123  131  138  144  149  153  157
  159  163  168  166  167  171  176  194  166                                   
    30.0-180.0 180.0   5.0 450.0                            LAT/LON1/LON2/DLON/H
  184  175  176  174  173  171  171  171  171  166  161  156  150  143  136  131
  128  128  128  128  127  127  126  125  124  120  114  107   99   92   87   84
   82   81   79   76   74   75   79   86   95  103  107  107  103   98   95   92
   88   83   79   77   80   87   97  108  118  128  136  144  151  156  161  166
  169  174  182  180  184  190  196  215  184                                   
    27.5-180.0 180.0   5.0 450.0                            LAT/LON1/LON2/DLON/H
  208  202  202  199  197  194  192  191  189  184  178  173  166  158  150  143
  139  136  135  134  133  133  132  132  129  124  117  108  100   92   87   84
   82   79   76   74   73   75   80   88   97  105  109  109  104   98   94   90
   86   81   77   76   80   88   99  110  121  132  142  150  157  164  170  176
  181  188  197  196  203  211  218  240  208                                   
    25.0-180.0 180.0   5.0 450.0                            LAT/LON1/LON2/DLON/H
  237  236  236  232  231  229  227  223  219  212  204  196  188  178  168  160
  153  148  144  142  141  140  140  138  133  126  117  108   99   91   86   82
   80   78   75   73   74   77   83   91   99  106  109  107  102   96   91   87
   83   78   74   74   79   88  100  113  125  136  147  156  165  173  181  189
  195  204  214  214  223  233  242  266  237                                   
    22.5-180.0 180.0   5.0 450.0                            LAT/LON1/LON2/DLON/H
  268  272  271  270  271  271  271  266  260  249  239  228  217  205  193  182
  172  164  158  154  152  150  148  143  136  127  116  106   96   89   84   81
   79   77   76   76   78   83   88   95  101  105  106  104   98   91   86   82
   78   75   72   73   79   89  102  115  128  140  152  163  173  183  194  204
  213  222  233  233  243  255  266  293  268                                   
    20.0-180.0 180.0   5.0 450.0                            LAT/LON1/LON2/DLON/H
  297  305  306  307  312  316  319  314  306  294  280  266  252  238  224  210
  197  186  177  171  166  162  157  149  138  125  113  103   94   87   83   81
   80   80   80   82   86   91   96   99  102  103  102   99   93   87   82   78
   75   72   70   72   79   90  103  116  130  144  157  170  182  195  209  223
  233  244  254  255  265  277  288  317  297                                   
    17.5-180.0 180.0   5.0 450.0                            LAT/LON1/LON2/DLON/H
  321  333  334  340  348  356  362  359  352  339  323  307  291  275  259  243
  228  214  202  192  184  177  167  153  138  123  110  100   92   86   83   83
   83   85   88   91   97  102  105  105  103  101   99   94   89   83   78   75
   72   70   69   72   79   90  103  117  132  147  162  176  192  208  226  243
  256  267  277  278  287  297  310  339  321                                   
    15.0-180.0 180.0   5.0 450.0                            LAT/LON1/LON2/DLON/H
  340  353  355  364  375  385  394  393  387  376  361  345  328  312  295  279
  262  246  231  217  205  191  175  157  138  121  108   98   92   88   86   87
   90   94   98  103  109  113  114  111  106  101   96   92   86   81   76   74
   71   69   68   72   79   90  103  117  132  148  164  182  200  221  243  263
  279  291  300  301  308  316  329  358  340                                   
    12.5-180.0 180.0   5.0 450.0                            LAT/LON1/LON2/DLON/H
  354  368  369  379  392  400  409  410  407  398  386  372  358  343  329  314
  297  279  261  243  225  205  182  159  137  119  106   98   94   92   93   95
  100  105  110  116  121  124  123  117  110  103   97   91   86   80   76   73
   71   69   68   71   78   89  101  115  130  147  165  185  208  232  259  282
  300  313  322  323  329  334  347  375  354                                   
    10.0-180.0 180.0   5.0 450.0                            LAT/LON1/LON2/DLON/H
  367  381  380  389  400  405  411  412  411  404  396  386  376  366  355  343
  327  309  289  266  242  214  186  158  135  117  106  100   98   99  101  105
  111  117  122  126  130  132  129  122  114  106   99   93   87   81   77   73
   70   68   67   69   75   85   97  110  126  144  164  187  213  242  272  298
  318  332  341  342  347  350  363  388  367                                   
     7.5-180.0 180.0   5.0 450.0                            LAT/LON1/LON2/DLON/H
  379  394  390  395  403  402  403  402  401  398  393  387  382  377  371  363
  350  332  310  284  253  220  187  156  132  115  107  104  105  107  111  116
