data/edconvlstm_nd/pred1340.15i
     1.0            IONOSPHERE MAPS     GNSS                IONEX VERSION / TYPE
pyspatialgeodesy        IME             05-JAN-18 20:20     PGM / RUN BY / DATE 
Map Name                                                    COMMENT             
Predicted global ionosphere maps (GIM).                     DESCRIPTION         
  2015     5    14     0     0     0                        EPOCH OF FIRST MAP  
  2015     5    15     0     0     0                        EPOCH OF LAST MAP   
  7200                                                      INTERVAL            
    13                                                      # OF MAPS IN FILE   
  NONE                                                      MAPPING FUNCTION    
10.0                                                        ELEVATION CUTOFF    
One-way carrier phase leveled to code                       OBSERVABLES USED    
  6371.0                                                    BASE RADIUS         
 2                                                          MAP DIMENSION       
   450.0 450.0   0.0                                        HGT1 / HGT2 / DHGT  
    87.5 -87.5  -2.5                                        LAT1 / LAT2 / DLAT  
  -180.0 180.0   5.0                                        LON1 / LON2 / DLON  
    -1                                                      EXPONENT            
                                                            END OF HEADER       
[from data line 4290]
    11                                                      START OF TEC MAP    
  2015     5    14    20     0     0                        EPOCH OF CURRENT MAP
    87.5-180.0 180.0   5.0 450.0                            LAT/LON1/LON2/DLON/H
  160  151  138  143  146  146  145  144  145  148  149  151  153  156  158  160
  162  163  165  166  167  167  167  167  167  166  165  164  163  162  161  160
  158  157  156  155  154  154  153  152  152  151  151  150  150  150  149  149
  149  149  148  148  148  148  148  148  148  147  147  147  147  147  146  145
  145  144  142  142  153  149  154  156  160                                   
    85.0-180.0 180.0   5.0 450.0                            LAT/LON1/LON2/DLON/H
  152  147  151  144  142  147  147  149  151  154  156  159  163  166  169  172
  175  178  180  181  183  183  183  183  183  182  180  179  177  176  174  172
  170  169  167  166  165  164  163  162  161  161  160  159  159  158  158  157
  157  156  156  156  155  155  155  155  154  154  154  153  153  153  152  152
  152  151  149  146  150  141  141  144  152                                   
    82.5-180.0 180.0   5.0 450.0                            LAT/LON1/LON2/DLON/H
  126  126  125  123  124  129  133  135  137  142  146  152  157  163  169  174
  179  184  187  190  192  193  194  193  192  191  189  186  183  181  178  175
  172  170  168  166  164  163  162  161  161  160  159  158  157  157  156  155
  154  153  152  152  151  150  149  149  148  147  147  146  145  144  143  142
  141  139  137  140  139  142  131  127  126                                   
    80.0-180.0 180.0   5.0 450.0                            LAT/LON1/LON2/DLON/H
  110  108  111  109  107  109  113  119  124  130  137  146  154  162  171  178
  185  191  195  199  201  202  202  201  199  197  194  191  187  183  179  175
  172  169  166  165  163  162  162  162  161  161  160  160  159  158  157  156
  155  154  152  151  150  149  148  147  146  145  144  143  142  141  140  138
  137  135  133  133  128  121  114  119  110                                   
    77.5-180.0 180.0   5.0 450.0                            LAT/LON1/LON2/DLON/H
  112  103  107  103  103  104  107  113  118  126  134  145  156  167  177  187
  195  201  206  210  212  213  212  211  209  206  203  199  195  190  186  182
  178  175  172  171  170  170  170  170  170  170  170  169  168  166  165  163
  161  160  158  156  155  153  151  149  148  146  145  143  142  140  139  137
  135  133  132  132  132  120  118  128  112                                   
    75.0-180.0 180.0   5.0 450.0                            LAT/LON1/LON2/DLON/H
  116  108  108  103  101  102  103  108  115  125  134  146  158  171  182  191
  199  205  209  211  212  212  211  210  208  205  202  198  194  190  186  182
  178  175  174  173  173  173  174  175  176  176  175  174  172  170  168  166
  164  162  160  158  156  154  152  150  148  146  144  143  141  140  139  138
  136  135  134  132  131  121  119  120  116                                   
    72.5-180.0 180.0   5.0 450.0                            LAT/LON1/LON2/DLON/H
  125  117  117  115  110  110  111  115  121  130  141  154  167  179  190  199
  206  210  212  212  212  210  208  206  204  202  199  196  192  188  184  180
  177  174  173  173  173  174  176  177  177  177  176  174  172  169  166  164
  162  160  159  157  155  153  151  149  147  145  143  142  140  139  138  137
  135  135  135  134  134  127  129  134  125                                   
    70.0-180.0 180.0   5.0 450.0                            LAT/LON1/LON2/DLON/H
  138  132  130  126  120  120  120  124  130  140  151  164  177  189  198  205
  209  210  210  207  203  200  197  194  191  189  187  185  182  179  175  172
  168  166  165  165  166  168  169  170  170  169  167  164  161  158  155  153
  152  152  151  150  149  148  146  144  142  140  139  138  137  136  136  136
  134  134  135  135  138  134  140  142  138                                   
    67.5-180.0 180.0   5.0 450.0                            LAT/LON1/LON2/DLON/H
  152  147  147  145  140  139  139  143  149  159  170  183  196  206  214  219
  221  219  215  210  203  197  192  188  185  183  181  179  177  174  170  167
  164  161  160  159  160  162  163  163  163  161  157  153  149  146  144  143
  143  144  145  146  146  145  144  143  141  140  140  140  140  140  140  140
  138  138  139  138  142  140  147  150  152                                   
    65.0-180.0 180.0   5.0 450.0                            LAT/LON1/LON2/DLON/H
  158  156  155  156  151  150  151  156  163  173  185  197  209  218  225  228
  227  224  217  209  200  192  185  179  175  173  170  169  166  164  161  157
  154  151  149  148  148  149  149  149  148  145  140  135  130  126  125  125
  127  130  133  135  137  137  137  136  135  135  135  136  137  138  138  138
  137  137  138  138  143  144  151  154  158                                   
    62.5-180.0 180.0   5.0 450.0                            LAT/LON1/LON2/DLON/H
  161  159  160  161  159  159  161  166  174  185  197  209  220  229  235  237
  236  232  225  215  205  195  186  178  173  169  166  164  161  159  156  152
  148  145  142  140  139  139  139  138  135  131  125  119  113  109  108  109
  113  117  122  126  129  130  130  130  129  130  131  133  135  137  139  139
  138  138  138  137  141  142  148  151  161                                   
    60.0-180.0 180.0   5.0 450.0                            LAT/LON1/LON2/DLON/H
  158  157  158  161  160  161  164  171  180  191  203  215  225  233  239  243
  243  239  233  223  213  202  191  182  175  169  165  163  160  158  156  152
  148  144  140  136  134  133  132  131  127  122  115  108  102   97   96   98
  102  108  114  119  122  124  124  124  124  124  127  130  133  136  139  140
  139  139  139  137  140  141  145  148  158                                   
    57.5-180.0 180.0   5.0 450.0                            LAT/LON1/LON2/DLON/H
  154  153  155  158  158  161  165  172  181  193  203  215  224  233  239  244
  246  246  241  234  224  213  201  191  183  176  171  168  166  165  163  160
  156  151  146  142  138  136  134  132  128  123  115  107   99   94   92   94
   98  104  110  115  119  121  121  120  120  121  124  128  133  137  140  142
  142  143  143  140  142  141  144  147  154                                   
    55.0-180.0 180.0   5.0 450.0                            LAT/LON1/LON2/DLON/H
  154  153  157  158  160  163  167  174  183  194  203  213  221  229  236  243
  248  250  249  244  236  225  214  204  195  188  183  180  179  179  178  176
  173  167  161  155  150  147  145  143  139  132  124  115  106  100   97   97
  100  105  111  116  119  121  121  120  120  120  123  128  133  138  143  147
  148  150  151  149  149  148  149  152  154                                   
    52.5-180.0 180.0   5.0 450.0                            LAT/LON1/LON2/DLON/H
  160  161  166  166  168  171  175  182  190  198  205  212  218  224  232  240
  247  253  254  252  246  237  227  217  209  203  199  197  197  197  198  197
  194  188  181  174  168  164  162  159  155  149  140  130  120  112  108  106
  108  111  115  119  122  124  124  123  122  123  125  129  135  141  147  152
  156  160  163  162  162  161  163  165  160                                   
    50.0-180.0 180.0   5.0 450.0                            LAT/LON1/LON2/DLON/H
  174  177  183  183  185  189  192  198  204  210  214  217  220  224  230  238
  247  255  258  258  254  247  239  231  225  220  217  216  217  219  220  220
  217  211  204  196  189  185  182  180  176  169  160  149  138  129  122  119
  119  120  122  126  129  131  131  130  129  128  130  134  140  146  153  160
  165  172  178  180  181  180  183  185  174                                   
    47.5-180.0 180.0   5.0 450.0                            LAT/LON1/LON2/DLON/H
  194  200  206  208  211  216  218  223  227  231  231  230  229  229  233  240
  249  257  262  263  260  255  250  245  241  238  236  236  237  239  241  240
  237  231  224  216  210  205  202  199  195  188  179  167  156  146  138  133
  130  130  131  134  137  140  141  140  138  137  138  141  146  153  160  168
  175  185  193  198  201  202  206  209  194                                   
    45.0-180.0 180.0   5.0 450.0                            LAT/LON1/LON2/DLON/H
  217  226  232  236  240  246  249  253  257  259  257  252  246  243  243  248
  255  263  267  269  267  264  260  258  256  255  254  254  254  255  256  255
  252  246  240  233  227  224  221  218  213  205  195  183  171  160  152  146
  142  140  140  142  146  150  152  152  150  148  148  150  155  161  168  176
  184  196  207  215  219  222  228  233  217                                   
    42.5-180.0 180.0   5.0 450.0                            LAT/LON1/LON2/DLON/H
  236  248  254  261  267  275  279  285  289  291  287  279  270  263  260  262
  267  273  277  278  277  274  272  271  271  270  270  268  267  266  266  264
  261  257  251  247  243  241  238  234  228  219  208  195  183  172  163  157
  152  149  149  152  156  161  164  164  162  160  159  161  164  169  175  183
  191  205  217  227  232  237  244  252  236                                   
    40.0-180.0 180.0   5.0 450.0                            LAT/LON1/LON2/DLON/H
  249  262  268  278  286  296  303  311  318  321  317  309  298  288  282  281
  284  289  292  293  291  288  286  285  285  284  282  280  277  274  272  270
  268  265  263  262  261  261  258  253  244  233  220  206  194  183  174  167
  162  159  159  161  166  172  175  176  173  170  169  170  173  177  182  189
  196  211  223  234  240  245  253  263  249                                   
    37.5-180.0 180.0   5.0 450.0                            LAT/LON1/LON2/DLON/H
  256  266  274  285  296  308  318  330  341  347  345  338  327  316  309  306
  307  311  314  314  311  307  302  300  298  296  294  290  286  283  281  279
  278  278  279  282  285  286  283  276  265  251  235  220  206  194  185  178
  173  170  170  172  177  182  185  185  182  178  177  177  179  182  186  192
  199  213  226  237  243  248  254  267  256                                   
    35.0-180.0 180.0   5.0 450.0                            LAT/LON1/LON2/DLON/H
  257  264  273  286  298  312  327  342  357  367  369  365  356  345  337  333
  334  339  342  342  337  330  322  316  312  309  306  302  299  297  296  296
  297  299  304  310  316  318  315  305  291  274  256  238  222  209  199  191
  185  182  182  184  188  193  194  193  189  184  182  181  183  185  189  194
  201  215  227  239  244  248  253  267  257                                   
    32.5-180.0 180.0   5.0 450.0                            LAT/LON1/LON2/DLON/H
  258  260  271  284  299  315  334  352  371  384  390  389  383  375  367  363
  365  370  375  374  367  356  344  334  328  324  322  320  319  320  322  325
  328  333  339  348  355  357  352  340  322  302  281  261  243  228  216  206
  200  196  195  197  200  203  203  200  194  189  185  184  185  186  189  194
  202  216  229  243  247  250  254  270  258                                   
    30.0-180.0 180.0   5.0 450.0                            LAT/LON1/LON2/DLON/H
  264  262  273  288  306  323  346  367  389  405  413  416  413  406  399  396
  398  404  409  409  400  384  367  354  347  344  344  346  350  356  362  367
  372  377  383  391  396  396  389  373  354  331  309  287  267  249  235  224
  216  211  210  211  213  214  212  207  200  193  189  186  185  186  189  194
  203  219  233  249  254  257  261  280  264                                   
    27.5-180.0 180.0   5.0 450.0                            LAT/LON1/LON2/DLON/H
  278  275  285  305  325  344  369  393  416  433  443  448  447  442  435  431
  433  440  446  445  433  414  394  378  370  370  374  382  393  404  414  421
  425  428  430  432  432  428  417  399  378  355  333  311  290  271  254  241
  232  227  225  226  227  226  222  216  207  200  193  189  186  185  188  194
  204  223  240  259  266  270  277  298  278                                   
    25.0-180.0 180.0   5.0 450.0                            LAT/LON1/LON2/DLON/H
  304  301  312  337  361  381  408  433  457  474  484  490  490  485  478  472
  473  479  484  482  468  447  424  408  402  404  414  429  445  461  474  480
  481  476  469  462  453  442  427  408  388  367  347  327  308  289  271  257
  247  242  240  240  240  238  233  226  217  208  200  193  188  185  187  193
  206  228  248  270  280  289  300  325  304                                   
    22.5-180.0 180.0   5.0 450.0                            LAT/LON1/LON2/DLON/H
  337  337  350  383  412  434  462  488  511  527  536  541  541  537  528  520
  519  522  526  522  507  485  462  447  442  449  464  483  504  522  534  536
  528  512  492  471  451  432  414  395  378  362  348  333  317  300  284  270
  260  255  252  252  251  248  243  235  226  216  206  198  190  185  186  193
  206  232  255  280  294  310  328  356  337                                   
    20.0-180.0 180.0   5.0 450.0                            LAT/LON1/LON2/DLON/H
  373  377  394  433  469  494  523  550  572  587  595  599  599  594  585  576
  571  572  574  569  553  531  510  496  494  503  520  542  563  580  586  580
  559  528  491  455  424  398  377  361  350  341  334  326  316  304  292  280
  271  265  262  261  259  256  250  242  233  223  212  201  192  186  186  192
  206  233  259  287  305  328  353  386  373                                   
    17.5-180.0 180.0   5.0 450.0                            LAT/LON1/LON2/DLON/H
  405  413  434  477  520  549  581  609  631  644  651  656  657  653  644  635
  629  629  629  622  607  587  568  556  555  564  580  600  617  626  623  604
  569  522  469  420  379  349  328  316  311  310  311  311  309  304  296  288
  280  274  270  267  264  258  251  243  234  224  213  203  193  186  185  190
  204  232  260  289  312  342  373  408  405                                   
    15.0-180.0 180.0   5.0 450.0                            LAT/LON1/LON2/DLON/H
  429  443  466  510  558  591  624  653  675  688  695  701  705  705  699  692
  688  688  687  681  668  651  635  624  621  627  638  651  659  658  643  610
  562  501  437  379  332  299  280  272  273  279  287  295  300  303  301  297
  290  283  277  271  265  257  248  239  230  220  210  200  191  184  183  186
  199  227  256  286  313  349  384  420  429                                   
    12.5-180.0 180.0   5.0 450.0                            LAT/LON1/LON2/DLON/H
  443  464  490  533  583  616  649  676  699  711  720  728  736  741  742  741
  741  744  745  741  731  717  704  694  687  686  688  690  688  676  649  606
  548  479  409  347  300  268  251  246  250  260  273  285  297  306  310  309
  302  294  284  274  264  252  241  231  222  212  202  193  185  180  179  182
  194  220  249  280  311  351  386  423  443                                   
    10.0-180.0 180.0   5.0 450.0                            LAT/LON1/LON2/DLON/H
  448  478  506  546  595  626  658  683  704  716  725  735  747  759  767  774
  781  789  794  793  787  778  768  757  745  735  726  718  706  684  650  602
  540  470  401  340  295  264  249  245  250  260  273  288  303  317  324  324
  317  306  292  277  262  247  234  222  211  200  190  183  177  174  174  177
  188  214  242  273  307  350  385  422  448                                   
     7.5-180.0 180.0   5.0 450.0                            LAT/LON1/LON2/DLON/H
  448  487  517  554  599  627  657  678  698  708  716  727  742  759  775  789
  804  817  827  831  829  824  817  805  788  769  751  735  716  691  655  607
