data/edconvlstm_nd/pred1480.15i
     1.0            IONOSPHERE MAPS     GNSS                IONEX VERSION / TYPE
pyspatialgeodesy        IME             05-JAN-18 20:20     PGM / RUN BY / DATE 
Map Name                                                    COMMENT             
Predicted global ionosphere maps (GIM).                     DESCRIPTION         
  2015     5    28     0     0     0                        EPOCH OF FIRST MAP  
  2015     5    29     0     0     0                        EPOCH OF LAST MAP   
  7200                                                      INTERVAL            
    13                                                      # OF MAPS IN FILE   
  NONE                                                      MAPPING FUNCTION    
10.0                                                        ELEVATION CUTOFF    
One-way carrier phase leveled to code                       OBSERVABLES USED    
  6371.0                                                    BASE RADIUS         
 2                                                          MAP DIMENSION       
   450.0 450.0   0.0                                        HGT1 / HGT2 / DHGT  
    87.5 -87.5  -2.5                                        LAT1 / LAT2 / DLAT  
  -180.0 180.0   5.0                                        LON1 / LON2 / DLON  
    -1                                                      EXPONENT            
                                                            END OF HEADER       
[from data line 2574]
     7                                                      START OF TEC MAP    
  2015     5    28    12     0     0                        EPOCH OF CURRENT MAP
    87.5-180.0 180.0   5.0 450.0                            LAT/LON1/LON2/DLON/H
  144  144  140  144  148  148  148  147  149  151  151  152  153  154  155  155
  156  157  157  157  158  158  158  158  158  159  158  158  158  158  158  157
  157  156  155  154  153  152  151  150  149  147  146  145  144  143  143  142
  141  140  140  139  139  138  138  137  137  136  136  135  135  135  135  135
  135  136  135  134  140  137  144  144  144                                   
    85.0-180.0 180.0   5.0 450.0                            LAT/LON1/LON2/DLON/H
  138  142  152  148  149  153  154  155  157  158  159  160  160  161  162  162
  163  163  164  164  164  165  165  165  166  166  166  166  166  166  165  165
  164  163  162  161  159  158  156  155  153  152  150  149  148  147  146  145
  145  144  144  144  143  143  143  142  142  142  141  141  141  141  141  141
  142  143  139  138  137  134  140  142  138                                   
    82.5-180.0 180.0   5.0 450.0                            LAT/LON1/LON2/DLON/H
  125  142  145  142  144  149  151  153  155  156  157  158  159  159  160  160
  160  161  161  162  162  163  163  164  164  165  166  166  167  167  167  167
  166  165  164  162  160  158  156  154  152  150  148  146  145  144  144  143
  143  143  143  143  143  143  142  142  142  141  140  140  139  138  137  137
  137  137  133  134  134  139  136  126  125                                   
    80.0-180.0 180.0   5.0 450.0                            LAT/LON1/LON2/DLON/H
  123  135  141  142  142  144  147  151  153  154  155  156  157  157  157  157
  158  158  158  158  159  159  160  161  162  163  164  165  166  167  168  168
  167  167  165  163  161  158  156  153  150  148  146  145  144  144  144  144
  145  146  146  147  147  147  147  147  146  145  144  143  141  140  138  137
  136  135  132  131  128  132  137  126  123                                   
    77.5-180.0 180.0   5.0 450.0                            LAT/LON1/LON2/DLON/H
  129  136  140  141  142  145  147  150  153  154  154  155  155  155  155  155
  155  155  155  156  156  157  158  159  160  162  164  166  168  170  172  173
  173  173  172  170  167  165  161  158  156  153  152  151  151  151  153  154
  156  158  160  161  162  162  162  162  161  160  158  156  154  152  149  146
  144  141  136  135  135  133  136  133  129                                   
    75.0-180.0 180.0   5.0 450.0                            LAT/LON1/LON2/DLON/H
  126  134  133  137  138  141  143  146  148  150  150  151  151  151  150  150
  150  150  150  151  151  152  153  154  156  158  161  164  167  170  173  175
  177  177  177  175  172  169  166  163  160  158  156  156  157  158  161  163
  166  169  171  173  175  175  176  175  174  173  172  170  167  164  161  157
  153  149  143  137  136  135  138  129  126                                   
    72.5-180.0 180.0   5.0 450.0                            LAT/LON1/LON2/DLON/H
  125  130  128  132  132  136  139  141  143  144  144  145  145  145  145  145
  145  146  146  147  148  149  150  151  153  155  158  162  166  170  174  178
  180  181  181  180  178  175  171  168  165  163  162  163  164  167  170  173
  177  180  183  185  186  187  187  187  186  185  184  183  180  178  174  170
  165  159  152  145  140  137  138  133  125                                   
    70.0-180.0 180.0   5.0 450.0                            LAT/LON1/LON2/DLON/H
  126  126  123  125  124  126  128  131  133  135  136  137  137  138  138  138
  139  140  141  142  143  144  145  146  148  151  154  158  163  168  173  178
  181  183  184  182  180  177  173  170  168  166  166  167  169  172  175  179
  182  185  186  188  188  189  189  189  189  189  189  189  188  186  184  180
  175  168  160  152  145  140  141  137  126                                   
    67.5-180.0 180.0   5.0 450.0                            LAT/LON1/LON2/DLON/H
  126  124  120  121  119  120  121  122  125  127  129  131  132  133  134  135
  137  138  139  141  142  144  145  146  147  150  153  157  163  169  174  179
  183  185  186  185  183  180  177  174  172  171  171  173  175  178  181  184
  186  187  187  187  187  186  186  186  187  188  190  192  193  193  192  190
  185  179  170  160  151  144  143  139  126                                   
    65.0-180.0 180.0   5.0 450.0                            LAT/LON1/LON2/DLON/H
  128  125  119  118  113  112  112  113  115  118  121  124  127  129  130  132
  134  136  138  140  141  143  144  145  147  149  153  158  164  171  177  182
  186  188  189  188  186  183  180  178  177  177  178  180  182  185  187  188
  188  186  185  183  181  179  179  179  181  184  188  191  195  198  199  198
  194  188  179  169  159  152  150  146  128                                   
    62.5-180.0 180.0   5.0 450.0                            LAT/LON1/LON2/DLON/H
  133  128  121  118  110  107  105  105  106  109  113  117  121  124  127  129
  132  134  136  138  140  142  143  144  147  150  155  161  168  175  181  186
  190  191  191  190  188  186  184  183  183  184  186  188  190  192  192  191
  188  185  181  177  174  172  172  173  175  179  185  190  196  200  202  203
  200  195  187  177  167  159  156  153  133                                   
    60.0-180.0 180.0   5.0 450.0                            LAT/LON1/LON2/DLON/H
  140  134  126  120  110  104  100   97   98  101  105  110  114  118  122  125
  128  130  133  135  137  138  139  142  145  150  156  164  172  180  186  191
  194  195  194  192  190  188  187  187  188  190  193  196  198  198  197  194
  190  185  179  174  171  169  168  170  173  178  184  191  197  202  205  206
  205  200  193  184  174  166  164  159  140                                   
    57.5-180.0 180.0   5.0 450.0                            LAT/LON1/LON2/DLON/H
  150  142  134  126  113  105   98   94   93   94   98  103  108  112  116  120
  124  127  129  131  132  133  135  138  143  150  158  168  177  186  193  197
  199  199  198  196  194  192  192  192  194  197  201  204  206  206  204  200
  194  188  182  177  173  172  172  174  178  183  189  195  201  205  208  210
  208  204  197  189  180  173  171  166  150                                   
    55.0-180.0 180.0   5.0 450.0                            LAT/LON1/LON2/DLON/H
  159  151  143  135  119  110  101   94   91   90   92   96  101  105  110  115
  119  123  126  127  128  128  130  134  140  149  159  171  182  191  198  202
  204  204  203  201  199  197  197  198  200  204  207  211  213  213  210  206
  200  194  189  185  182  181  182  185  189  194  199  204  208  211  212  213
  211  207  201  193  185  178  176  172  159                                   
    52.5-180.0 180.0   5.0 450.0                            LAT/LON1/LON2/DLON/H
  167  159  152  144  128  118  108   99   93   90   90   92   95   99  105  111
  116  121  124  125  125  125  127  131  138  148  160  173  185  195  202  207
  209  210  209  208  206  204  203  204  206  209  213  217  219  219  217  213
  208  204  199  196  195  195  197  200  204  208  212  215  217  217  217  216
  213  209  203  196  189  181  180  175  167                                   
    50.0-180.0 180.0   5.0 450.0                            LAT/LON1/LON2/DLON/H
  172  165  159  153  138  129  118  108  100   95   92   91   92   96  101  108
  116  122  125  127  126  126  127  131  139  149  162  175  187  198  205  211
  214  216  217  216  215  213  212  211  212  214  218  222  224  225  224  221
  218  215  212  210  210  211  213  216  220  223  225  226  226  224  221  219
  215  211  205  199  191  183  181  176  172                                   
    47.5-180.0 180.0   5.0 450.0                            LAT/LON1/LON2/DLON/H
  171  166  162  158  147  139  130  120  111  104   98   95   94   96  101  109
  118  126  131  133  133  132  133  136  144  154  165  178  189  199  207  214
  219  223  226  228  227  225  222  220  219  221  224  227  230  231  231  230
  228  226  225  224  224  224  226  228  231  234  236  236  234  230  226  222
  218  214  208  201  193  184  180  175  171                                   
    45.0-180.0 180.0   5.0 450.0                            LAT/LON1/LON2/DLON/H
  167  162  160  159  151  147  141  132  124  116  109  103  100  100  105  114
  124  134  141  144  144  144  144  147  153  162  171  181  191  200  209  217
  225  232  238  241  241  239  236  232  230  231  233  236  238  240  240  240
  239  239  238  236  235  234  234  236  239  241  243  242  240  235  230  226
  221  217  210  203  194  184  179  173  167                                   
    42.5-180.0 180.0   5.0 450.0                            LAT/LON1/LON2/DLON/H
  158  155  154  154  151  150  147  142  136  129  122  115  109  108  112  121
  133  144  153  158  160  160  161  163  168  173  180  187  195  203  212  221
  231  242  250  256  258  256  253  248  246  245  247  250  252  254  254  254
  254  253  251  248  245  242  240  241  243  246  247  247  245  240  235  230
  225  221  214  206  196  184  178  171  158                                   
    40.0-180.0 180.0   5.0 450.0                            LAT/LON1/LON2/DLON/H
  150  147  146  146  146  147  149  148  145  141  135  128  122  119  121  130
  142  154  165  172  176  178  180  182  185  188  191  196  201  207  216  227
  240  252  264  272  276  275  272  268  266  265  267  270  272  274  274  274
  273  271  268  263  257  252  248  247  249  251  253  253  251  247  242  237
  232  227  220  211  199  186  179  170  150                                   
    37.5-180.0 180.0   5.0 450.0                            LAT/LON1/LON2/DLON/H
  143  141  138  137  138  141  145  147  149  149  145  140  134  130  131  138
  150  163  175  184  191  195  199  201  203  204  205  206  209  215  223  235
  249  264  277  288  294  296  294  292  290  291  294  297  300  301  301  300
  299  296  291  284  276  268  263  260  261  262  264  263  261  256  251  246
  240  235  227  217  204  191  183  172  143                                   
    35.0-180.0 180.0   5.0 450.0                            LAT/LON1/LON2/DLON/H
  143  139  134  130  130  133  138  143  148  152  152  149  144  140  139  145
  155  168  181  193  202  210  215  219  220  219  218  218  220  224  233  245
  260  276  291  303  311  316  317  317  318  321  325  329  332  334  334  333
  331  327  322  314  304  295  289  285  283  283  282  280  276  270  264  258
  251  245  236  226  212  199  191  178  143                                   
    32.5-180.0 180.0   5.0 450.0                            LAT/LON1/LON2/DLON/H
  149  144  136  129  125  127  131  136  143  150  155  155  151  146  145  148
  157  169  183  197  209  220  227  232  234  233  231  230  231  236  244  256
  271  287  303  317  328  335  340  344  347  352  358  363  368  370  372  371
  369  366  360  353  344  335  328  322  318  314  310  303  296  287  279  272
  263  256  247  236  222  210  202  189  149                                   
    30.0-180.0 180.0   5.0 450.0                            LAT/LON1/LON2/DLON/H
  162  155  145  134  127  126  128  131  139  147  154  156  154  150  147  149
  156  168  182  197  212  225  236  242  244  244  242  242  244  249  257  268
  282  298  315  330  343  353  362  368  375  382  389  395  401  406  409  410
  410  408  405  399  393  386  379  372  364  355  344  332  319  307  296  285
  275  267  257  246  232  222  215  203  162                                   
    27.5-180.0 180.0   5.0 450.0                            LAT/LON1/LON2/DLON/H
  180  173  160  147  137  133  131  131  136  144  151  155  154  151  148  148
  154  165  179  196  213  228  240  248  251  252  251  252  255  261  269  279
  293  309  326  343  358  370  381  391  399  407  415  422  430  436  442  446
  449  450  449  447  445  441  436  428  416  400  381  360  341  323  308  296
  284  275  265  255  242  234  229  218  180                                   
    25.0-180.0 180.0   5.0 450.0                            LAT/LON1/LON2/DLON/H
  199  193  180  166  153  146  141  137  138  144  150  153  153  150  147  147
  151  162  177  194  212  228  241  250  255  257  258  261  265  272  280  290
  303  319  337  355  372  386  399  410  419  427  434  442  450  458  467  474
  480  484  487  489  491  492  488  479  463  439  411  382  355  332  315  300
  288  279  269  260  248  243  240  233  199                                   
    22.5-180.0 180.0   5.0 450.0                            LAT/LON1/LON2/DLON/H
  216  213  201  188  174  165  156  149  146  147  150  152  152  149  146  146
  150  160  175  193  211  227  241  250  256  260  263  268  274  282  290  301
  314  331  350  368  386  401  414  425  433  440  446  452  461  470  481  491
  499  506  512  518  524  527  526  515  495  464  428  391  359  332  312  298
  285  277  268  261  251  248  247  243  216                                   
    20.0-180.0 180.0   5.0 450.0                            LAT/LON1/LON2/DLON/H
  226  227  217  207  193  185  174  164  157  155  154  153  151  148  146  146
  151  160  175  192  209  225  238  249  256  262  267  274  282  291  301  313
  327  344  364  383  400  415  427  436  443  448  451  456  464  474  485  496
  505  514  522  530  537  542  541  530  506  471  429  387  350  322  302  288
  277  270  263  257  249  248  249  247  226                                   
    17.5-180.0 180.0   5.0 450.0                            LAT/LON1/LON2/DLON/H
  228  233  227  219  208  201  191  179  170  163  159  155  152  149  147  147
  152  161  175  190  206  221  234  246  256  264  271  280  290  301  313  326
  342  360  379  398  414  427  437  445  449  452  454  457  462  471  481  491
  501  509  516  524  531  536  535  522  497  459  414  370  332  304  285  272
  264  259  255  250  244  243  244  244  228                                   
    15.0-180.0 180.0   5.0 450.0                            LAT/LON1/LON2/DLON/H
  221  229  227  221  214  208  201  190  180  171  164  158  153  150  148  148
  153  162  174  188  202  216  229  243  255  266  276  286  299  313  327  342
  359  377  396  413  427  437  445  451  454  455  455  456  459  465  473  481
  489  495  500  506  511  514  512  499  473  435  390  345  309  282  265  255
  248  246  244  241  236  234  235  234  221                                   
    12.5-180.0 180.0   5.0 450.0                            LAT/LON1/LON2/DLON/H
  210  220  219  213  209  205  201  193  184  175  167  159  154  149  148  149
  153  161  172  185  197  210  224  239  255  269  281  295  310  326  343  360
  377  395  412  426  436  444  449  454  456  457  457  457  458  461  465  470
  473  476  479  482  485  486  482  469  443  407  363  321  285  260  245  237
  233  233  233  231  226  222  223  219  210                                   
    10.0-180.0 180.0   5.0 450.0                            LAT/LON1/LON2/DLON/H
  197  207  207  199  197  193  192  187  181  174  166  158  152  148  146  146
  150  158  168  179  190  203  218  236  254  272  288  304  322  341  360  378
  395  411  424  433  440  444  448  452  456  458  458  458  458  458  459  459
  459  458  458  458  459  458  454  441  417  383  341  301  267  244  230  223
  220  221  222  221  216  210  210  204  197                                   
     7.5-180.0 180.0   5.0 450.0                            LAT/LON1/LON2/DLON/H
  187  197  195  184  181  176  176  174  171  166  160  153  147  143  141  141
  144  151  161  171  182  195  212  232  254  275  294  314  334  356  376  395
