data/edconvlstm_nd/pred1070.15i
     1.0            IONOSPHERE MAPS     GNSS                IONEX VERSION / TYPE
pyspatialgeodesy        IME             05-JAN-18 20:20     PGM / RUN BY / DATE 
Map Name                                                    COMMENT             
Predicted global ionosphere maps (GIM).                     DESCRIPTION         
  2015     4    17     0     0     0                        EPOCH OF FIRST MAP  
  2015     4    18     0     0     0                        EPOCH OF LAST MAP   
  7200                                                      INTERVAL            
    13                                                      # OF MAPS IN FILE   
  NONE                                                      MAPPING FUNCTION    
10.0                                                        ELEVATION CUTOFF    
One-way carrier phase leveled to code                       OBSERVABLES USED    
  6371.0                                                    BASE RADIUS         
 2                                                          MAP DIMENSION       
   450.0 450.0   0.0                                        HGT1 / HGT2 / DHGT  
    87.5 -87.5  -2.5                                        LAT1 / LAT2 / DLAT  
  -180.0 180.0   5.0                                        LON1 / LON2 / DLON  
    -1                                                      EXPONENT            
                                                            END OF HEADER       
     1                                                      START OF TEC MAP    
  2015     4    17     0     0     0                        EPOCH OF CURRENT MAP
    87.5-180.0 180.0   5.0 450.0                            LAT/LON1/LON2/DLON/H
  159  157  164  156  157  157  155  156  157  157  158  159  160  160  160  160
  160  160  160  159  158  157  156  155  153  151  150  148  146  144  142  140
  139  137  135  134  133  132  131  131  130  130  130  130  130  130  131  131
  132  133  133  134  135  136  137  138  139  140  140  141  142  142  143  144
  144  145  147  148  147  147  151  168  159                                   
    85.0-180.0 180.0   5.0 450.0                            LAT/LON1/LON2/DLON/H
  168  161  151  153  160  160  159  159  161  162  163  164  165  165  166  165
  165  165  164  163  162  161  159  157  155  152  150  147  144  141  139  136
  134  132  130  128  127  126  126  125  125  125  125  125  125  126  127  128
  129  130  131  132  133  134  136  137  138  139  140  141  142  142  143  144
  145  146  149  152  147  153  159  169  168                                   
    82.5-180.0 180.0   5.0 450.0                            LAT/LON1/LON2/DLON/H
  163  154  157  158  164  166  164  166  169  170  172  173  174  174  175  174
  174  173  171  170  168  166  163  160  157  153  149  145  141  138  134  131
  128  125  123  121  120  119  119  118  118  119  119  119  120  121  122  123
  124  126  127  129  131  133  135  136  138  140  141  143  144  144  145  147
  147  149  152  152  151  143  151  158  163                                   
    80.0-180.0 180.0   5.0 450.0                            LAT/LON1/LON2/DLON/H
  159  155  153  154  160  164  167  170  174  176  178  181  182  182  182  181
  180  179  177  175  172  169  166  162  158  153  148  144  139  134  130  126
  122  120  118  116  115  114  114  114  114  114  115  115  116  116  117  118
  120  121  123  125  127  130  132  135  137  139  141  142  144  145  146  147
  147  148  150  148  153  146  156  169  159                                   
    77.5-180.0 180.0   5.0 450.0                            LAT/LON1/LON2/DLON/H
  164  156  153  156  159  162  168  173  178  181  184  187  188  189  188  186
  184  181  178  175  172  169  166  162  158  153  147  142  137  132  127  123
  120  118  116  115  114  114  114  114  115  115  115  116  116  117  117  118
  119  120  122  124  126  129  132  135  137  140  142  144  145  146  147  148
  148  150  150  149  153  152  159  178  164                                   
    75.0-180.0 180.0   5.0 450.0                            LAT/LON1/LON2/DLON/H
  173  162  158  161  163  165  170  176  182  186  190  193  194  193  190  186
  182  178  174  171  168  166  163  160  157  152  148  142  137  132  128  124
  121  119  118  117  117  117  118  119  119  120  120  121  121  121  121  122
  122  123  124  126  128  130  133  136  139  142  144  146  147  147  148  149
  148  150  152  146  151  157  163  184  173                                   
    72.5-180.0 180.0   5.0 450.0                            LAT/LON1/LON2/DLON/H
  174  170  168  168  168  169  175  182  190  195  200  203  202  198  192  185
  178  171  166  163  161  160  159  157  155  152  147  142  137  132  128  125
  122  120  119  119  119  119  120  122  123  124  125  126  126  127  127  127
  127  128  129  130  131  133  136  138  141  143  146  147  147  147  147  148
  147  148  152  149  153  159  170  193  174                                   
    70.0-180.0 180.0   5.0 450.0                            LAT/LON1/LON2/DLON/H
  182  178  176  176  174  174  180  188  198  204  210  213  210  203  193  181
  170  161  155  151  150  150  151  151  150  148  144  139  134  130  126  123
  120  118  117  117  117  118  119  121  123  125  127  129  130  131  132  133
  133  133  134  134  135  136  138  140  143  145  147  148  148  147  147  147
  145  147  151  152  159  168  178  199  182                                   
    67.5-180.0 180.0   5.0 450.0                            LAT/LON1/LON2/DLON/H
  189  187  183  182  178  176  182  191  203  212  219  221  217  207  192  176
  162  150  142  138  138  139  141  142  142  140  136  131  127  122  118  115
  113  111  109  108  107  108  109  112  114  118  121  124  127  129  130  132
  133  133  134  134  134  135  137  139  141  143  145  147  147  146  144  144
  142  144  149  150  159  171  182  204  189                                   
    65.0-180.0 180.0   5.0 450.0                            LAT/LON1/LON2/DLON/H
  194  190  185  184  178  175  181  192  205  216  225  228  222  209  192  172
  155  141  132  128  128  130  132  134  133  130  125  120  115  111  108  105
  103  100   98   95   94   94   95   98  102  106  110  114  118  121  124  126
  127  129  130  130  131  131  133  134  137  140  142  145  146  145  144  143
  141  143  148  150  159  173  186  207  194                                   
    62.5-180.0 180.0   5.0 450.0                            LAT/LON1/LON2/DLON/H
  196  190  185  183  176  171  177  188  204  216  227  231  225  212  192  171
  152  137  128  124  123  125  126  126  124  119  113  107  103   99   97   95
   93   90   86   83   81   80   81   84   88   93   97  102  105  109  112  115
  117  120  122  123  124  125  126  128  131  134  139  142  145  146  146  145
  143  144  149  151  158  173  186  207  196                                   
    60.0-180.0 180.0   5.0 450.0                            LAT/LON1/LON2/DLON/H
  196  189  185  181  173  167  172  183  199  212  223  228  224  212  194  174
  155  140  131  126  124  124  123  120  115  108  100   94   91   89   88   87
   85   82   78   74   71   70   71   73   77   81   86   89   92   95   97  100
  103  106  109  112  114  115  117  119  123  128  134  140  145  148  150  151
  149  149  154  155  160  172  185  208  196                                   
    57.5-180.0 180.0   5.0 450.0                            LAT/LON1/LON2/DLON/H
  200  192  189  182  175  168  171  179  193  205  216  221  220  211  197  180
  164  151  141  135  131  128  123  117  108   99   91   86   83   83   84   84
   84   81   76   72   68   67   67   69   72   76   78   80   82   82   84   86
   89   92   96  100  103  106  108  111  116  122  130  139  147  154  158  161
  160  161  165  164  166  175  188  213  200                                   
    55.0-180.0 180.0   5.0 450.0                            LAT/LON1/LON2/DLON/H
  212  204  200  193  185  178  178  182  192  199  207  212  212  209  201  190
  179  168  158  151  144  136  128  118  108   97   90   85   84   85   88   89
   89   86   82   77   74   72   71   73   75   77   78   77   76   75   75   75
   78   81   86   91   96  100  104  108  114  122  132  143  154  165  173  179
  180  181  184  181  181  186  198  226  212                                   
    52.5-180.0 180.0   5.0 450.0                            LAT/LON1/LON2/DLON/H
  235  227  221  214  207  200  197  196  198  198  200  203  205  207  206  204
  198  191  182  172  162  151  140  128  116  106   98   94   94   96   99  101
  101   98   94   89   85   83   83   83   84   84   83   80   77   74   72   71
   73   76   81   88   94  101  107  112  119  129  140  154  168  182  194  203
  207  209  212  206  206  207  218  249  235                                   
    50.0-180.0 180.0   5.0 450.0                            LAT/LON1/LON2/DLON/H
  268  261  253  248  242  235  229  221  214  206  200  198  201  207  213  219
  220  216  209  198  186  173  160  148  136  126  118  114  113  115  117  118
  117  113  109  105  101   99   98   97   96   94   92   88   84   80   76   75
   75   78   84   91  100  108  116  124  132  143  156  171  188  204  220  232
  239  243  245  238  238  239  249  283  268                                   
    47.5-180.0 180.0   5.0 450.0                            LAT/LON1/LON2/DLON/H
  309  300  294  291  285  280  271  256  241  222  208  201  202  210  223  234
  241  242  235  225  213  201  189  178  167  157  149  143  141  140  139  137
  134  129  125  121  118  116  113  111  109  106  103   99   95   91   87   85
   84   87   92  101  111  121  131  140  150  161  175  192  210  228  246  261
  271  277  280  274  276  277  290  323  309                                   
    45.0-180.0 180.0   5.0 450.0                            LAT/LON1/LON2/DLON/H
  350  341  338  339  333  329  319  299  275  248  225  212  211  219  234  250
  261  264  260  251  241  232  223  215  206  196  186  177  170  165  159  154
  148  143  138  135  132  130  126  123  119  117  114  111  108  105  102  100
   98  100  104  113  124  136  147  158  169  182  196  214  233  252  270  286
  299  309  313  310  315  318  335  366  350                                   
    42.5-180.0 180.0   5.0 450.0                            LAT/LON1/LON2/DLON/H
  386  379  379  384  378  375  364  343  314  280  251  232  228  235  250  266
  278  282  280  275  269  264  260  255  247  236  222  209  196  185  175  167
  159  154  150  147  145  141  137  132  128  125  124  124  123  122  119  116
  114  113  116  124  135  149  162  174  187  201  217  235  254  273  292  309
  324  336  344  345  353  358  380  407  386                                   
    40.0-180.0 180.0   5.0 450.0                            LAT/LON1/LON2/DLON/H
  417  415  416  421  414  411  401  381  351  315  282  261  253  258  270  284
  294  299  299  297  296  296  295  291  282  268  250  231  214  199  187  178
  172  167  164  161  158  153  147  140  135  133  134  135  137  137  135  132
  127  124  125  131  143  157  171  185  199  214  232  251  271  291  310  328
  344  359  371  377  390  398  422  443  417                                   
    37.5-180.0 180.0   5.0 450.0                            LAT/LON1/LON2/DLON/H
  449  452  451  451  441  436  427  410  383  348  317  295  286  287  295  305
  312  316  318  320  322  323  323  317  305  286  265  243  225  211  202  195
  191  188  185  181  176  169  160  152  146  144  144  147  150  150  148  143
  136  130  129  134  145  159  174  189  204  221  240  260  282  303  324  344
  363  381  397  408  425  438  462  475  449                                   
    35.0-180.0 180.0   5.0 450.0                            LAT/LON1/LON2/DLON/H
  487  497  491  479  464  456  445  430  408  379  352  333  323  322  326  331
  335  337  340  342  345  345  341  330  313  292  270  250  236  228  225  224
  223  221  216  210  201  191  180  169  162  159  159  161  162  161  157  149
  140  133  130  134  144  158  173  188  204  221  241  263  287  312  337  361
  384  405  425  442  464  481  502  509  487                                   
    32.5-180.0 180.0   5.0 450.0                            LAT/LON1/LON2/DLON/H
  537  556  545  518  496  481  465  449  431  408  387  373  365  363  363  363
  363  363  365  366  366  361  350  334  313  292  273  260  256  258  264  270
  273  270  261  249  235  221  207  195  185  180  178  177  175  171  163  154
  143  135  131  135  144  157  172  186  201  218  238  263  290  319  350  380
  408  434  459  479  507  529  546  550  537                                   
    30.0-180.0 180.0   5.0 450.0                            LAT/LON1/LON2/DLON/H
  600  632  619  580  548  525  501  480  462  443  427  416  411  409  405  401
  396  394  393  391  385  373  355  334  312  295  284  283  292  306  323  335
  339  332  316  297  276  257  240  226  215  207  202  196  190  181  170  158
  146  138  134  137  145  157  171  185  200  217  238  265  295  330  365  401
  435  466  493  517  555  582  597  599  600                                   
    27.5-180.0 180.0   5.0 450.0                            LAT/LON1/LON2/DLON/H
  674  722  713  668  629  599  565  537  512  491  476  467  463  459  452  444
  435  429  423  416  403  384  361  339  321  312  313  325  347  373  398  413
  414  401  376  346  318  294  274  258  246  236  227  217  206  192  178  164
  152  144  140  142  150  162  176  190  206  224  247  275  309  347  387  426
  462  495  522  550  598  636  652  658  674                                   
    25.0-180.0 180.0   5.0 450.0                            LAT/LON1/LON2/DLON/H
  755  819  816  774  732  699  659  621  588  561  540  528  521  514  503  490
  476  464  453  439  420  398  374  356  347  349  363  388  420  453  479  492
  487  464  428  389  353  324  303  286  273  261  249  236  220  204  187  172
  160  152  148  150  157  168  184  200  218  239  264  295  331  372  414  455
  491  521  547  577  634  684  710  724  755                                   
    22.5-180.0 180.0   5.0 450.0                            LAT/LON1/LON2/DLON/H
  835  907  910  877  839  808  769  726  686  650  621  601  587  574  557  537
  516  497  479  459  438  416  399  390  394  409  434  467  501  532  552  556
  541  507  460  412  371  340  318  303  289  277  264  249  232  215  197  182
  169  160  156  157  163  175  192  212  233  257  285  319  358  401  444  485
  520  548  572  604  664  721  761  788  835                                   
    20.0-180.0 180.0   5.0 450.0                            LAT/LON1/LON2/DLON/H
  907  974  978  959  931  909  878  838  795  752  714  685  661  638  613  584
  554  526  501  478  458  444  438  444  462  487  517  547  573  592  597  587
  559  514  460  407  363  334  315  303  292  281  268  255  241  225  208  192
  179  169  164  163  168  180  199  222  248  276  308  344  386  430  474  514
  548  573  597  631  687  743  795  835  907                                   
    17.5-180.0 180.0   5.0 450.0                            LAT/LON1/LON2/DLON/H
  953 1005 1011 1005  993  986  969  938  899  855  811  772  738  705  669  630
  590  553  522  499  485  482  493  514  542  570  593  608  615  612  598  572
  532  481  424  371  332  308  296  289  281  273  264  255  246  234  220  204
  189  178  169  166  168  180  199  226  257  291  327  368  412  458  503  542
  574  596  621  655  701  749  808  857  953                                   
    15.0-180.0 180.0   5.0 450.0                            LAT/LON1/LON2/DLON/H
  957  989 1004 1013 1017 1026 1024 1008  979  940  896  852  811  769  723  674
  624  580  545  525  520  532  557  588  616  633  637  629  609  582  549  510
  464  412  360  316  287  274  270  268  263  258  253  251  249  243  231  215
  198  183  171  163  162  172  193  224  262  302  344  389  438  486  531  569
  599  620  645  675  708  746  804  856  957                                   
    12.5-180.0 180.0   5.0 450.0                            LAT/LON1/LON2/DLON/H
  925  939  966  989 1004 1025 1037 1036 1021  993  956  915  871  825  773  716
  659  609  574  559  565  588  620  648  662  658  637  601  557  510  463  417
  372  328  289  261  248  247  250  250  247  243  243  246  250  249  240  222
  202  182  166  154  151  160  183  219  262  308  356  407  459  510  555  593
  624  644  669  695  716  744  795  841  925                                   
    10.0-180.0 180.0   5.0 450.0                            LAT/LON1/LON2/DLON/H
  878  879  915  943  962  990 1013 1025 1025 1011  985  952  913  868  815  754
  694  642  610  600  614  641  667  679  670  639  592  534  472  413  360  317
  283  256  238  230  231  237  242  242  237  233  234  242  250  252  242  223
  199  175  156  142  139  149  173  211  257  306  358  412  469  523  571  611
  644  668  694  717  730  748  787  824  878                                   
     7.5-180.0 180.0   5.0 450.0                            LAT/LON1/LON2/DLON/H
  837  833  868  892  908  937  965  986  998  997  985  963  934  895  846  788
  728  679  650  645  660  680  689  676  639  582  515  443  372  312  267  240
