data/edconvlstm_nd/pred1720.15i
     1.0            IONOSPHERE MAPS     GNSS                IONEX VERSION / TYPE
pyspatialgeodesy        IME             05-JAN-18 20:20     PGM / RUN BY / DATE 
Map Name                                                    COMMENT             
Predicted global ionosphere maps (GIM).                     DESCRIPTION         
  2015     6    21     0     0     0                        EPOCH OF FIRST MAP  
  2015     6    22     0     0     0                        EPOCH OF LAST MAP   
  7200                                                      INTERVAL            
    13                                                      # OF MAPS IN FILE   
  NONE                                                      MAPPING FUNCTION    
10.0                                                        ELEVATION CUTOFF    
One-way carrier phase leveled to code                       OBSERVABLES USED    
  6371.0                                                    BASE RADIUS         
 2                                                          MAP DIMENSION       
   450.0 450.0   0.0                                        HGT1 / HGT2 / DHGT  
    87.5 -87.5  -2.5                                        LAT1 / LAT2 / DLAT  
  -180.0 180.0   5.0                                        LON1 / LON2 / DLON  
    -1                                                      EXPONENT            
                                                            END OF HEADER       
[from data line 1716]
     5                                                      START OF TEC MAP    
  2015     6    21     8     0     0                        EPOCH OF CURRENT MAP
    87.5-180.0 180.0   5.0 450.0                            LAT/LON1/LON2/DLON/H
  178  172  168  171  172  171  169  167  168  169  169  170  170  170  171  171
  171  172  172  172  172  172  172  172  171  171  171  170  170  170  169  169
  169  169  169  169  169  169  169  169  169  169  169  169  169  170  169  169
  169  169  169  169  168  168  167  167  166  166  166  165  165  165  165  165
  165  167  166  166  171  171  174  172  178                                   
    85.0-180.0 180.0   5.0 450.0                            LAT/LON1/LON2/DLON/H
  173  172  174  174  174  175  175  175  176  176  176  177  178  178  179  179
  180  180  180  181  181  181  181  181  180  180  180  180  180  179  179  179
  179  179  179  179  179  180  180  180  180  180  181  181  181  181  181  180
  180  180  179  179  178  177  177  176  175  174  174  173  173  173  172  172
  173  175  171  172  170  171  175  178  173                                   
    82.5-180.0 180.0   5.0 450.0                            LAT/LON1/LON2/DLON/H
  170  174  174  169  168  170  170  169  170  171  171  172  173  174  174  175
  176  177  177  177  178  178  178  177  177  177  176  176  176  175  175  176
  176  176  176  177  178  178  179  179  180  180  181  181  182  182  182  182
  182  181  181  180  179  178  177  175  174  173  172  171  170  169  168  168
  168  169  165  168  169  173  174  166  170                                   
    80.0-180.0 180.0   5.0 450.0                            LAT/LON1/LON2/DLON/H
  170  173  171  169  168  167  167  168  168  168  168  169  170  171  172  173
  174  175  176  176  176  176  176  175  174  173  173  172  172  172  172  172
  173  174  175  176  178  179  180  181  182  184  185  186  187  188  189  189
  189  189  188  187  186  185  183  181  179  177  176  174  173  172  170  170
  170  170  166  169  170  173  180  167  170                                   
    77.5-180.0 180.0   5.0 450.0                            LAT/LON1/LON2/DLON/H
  174  172  172  171  168  167  166  165  165  164  163  163  164  165  167  168
  170  171  173  173  174  173  172  171  170  168  167  167  166  167  168  169
  171  173  176  178  180  183  185  187  189  191  193  195  196  198  199  200
  201  201  200  199  198  196  194  191  189  186  184  182  180  178  176  175
  174  173  169  171  175  176  178  174  174                                   
    75.0-180.0 180.0   5.0 450.0                            LAT/LON1/LON2/DLON/H
  173  174  170  171  167  166  164  161  160  158  156  156  156  158  159  162
  164  166  168  168  169  168  167  165  163  161  160  159  159  160  162  165
  169  173  177  181  184  187  190  193  195  198  201  203  206  208  209  211
  211  211  210  209  207  205  202  199  197  194  192  189  187  185  183  182
  180  179  175  173  175  178  181  176  173                                   
    72.5-180.0 180.0   5.0 450.0                            LAT/LON1/LON2/DLON/H
  174  176  172  171  168  166  164  160  157  153  150  149  149  149  151  154
  157  159  162  163  163  163  161  159  156  154  153  152  153  155  159  164
  170  175  181  186  191  194  198  201  204  207  210  213  215  217  219  220
  220  219  218  216  213  210  207  205  202  200  198  196  195  193  191  190
  187  186  182  180  179  182  183  182  174                                   
    70.0-180.0 180.0   5.0 450.0                            LAT/LON1/LON2/DLON/H
  177  176  173  171  167  164  160  155  151  146  142  140  139  139  141  143
  146  150  152  154  155  154  152  150  147  145  144  144  146  150  156  163
  170  178  185  191  197  201  205  208  211  214  217  220  222  224  225  224
  223  221  218  214  211  207  204  202  200  199  198  197  197  196  194  194
  192  189  186  183  182  185  189  188  177                                   
    67.5-180.0 180.0   5.0 450.0                            LAT/LON1/LON2/DLON/H
  177  176  174  172  168  164  159  153  147  141  136  133  131  131  132  134
  137  140  143  145  146  146  145  143  141  139  139  140  143  149  156  165
  174  183  191  198  204  209  213  216  219  222  225  228  229  230  229  227
  223  219  214  209  204  200  196  195  194  194  194  195  196  196  196  196
  194  192  189  186  184  188  191  191  177                                   
    65.0-180.0 180.0   5.0 450.0                            LAT/LON1/LON2/DLON/H
  179  179  176  174  169  165  159  152  145  138  132  128  125  124  125  126
  128  131  133  135  137  137  137  136  135  135  136  139  145  152  161  171
  182  192  201  208  214  219  223  226  230  233  236  238  239  238  235  230
  224  217  209  202  196  191  188  186  187  188  190  192  194  196  196  197
  197  195  192  189  188  193  197  197  179                                   
    62.5-180.0 180.0   5.0 450.0                            LAT/LON1/LON2/DLON/H
  181  183  179  177  171  166  159  151  143  135  128  123  120  118  118  118
  119  121  122  124  126  127  128  129  130  132  136  141  148  157  168  179
  190  201  210  217  223  228  232  236  240  244  247  249  249  247  242  235
  226  216  206  197  189  184  181  180  181  183  186  189  192  194  195  197
  197  197  195  193  192  197  202  203  181                                   
    60.0-180.0 180.0   5.0 450.0                            LAT/LON1/LON2/DLON/H
  184  187  183  179  174  167  159  149  140  131  124  119  115  112  110  109
  109  109  110  111  113  115  118  121  125  130  136  143  153  163  175  186
  198  208  217  224  230  236  241  246  251  255  259  261  260  257  250  241
  230  218  206  195  187  181  178  177  178  181  184  187  189  191  193  195
  196  197  196  196  197  202  208  207  184                                   
    57.5-180.0 180.0   5.0 450.0                            LAT/LON1/LON2/DLON/H
  190  194  189  184  177  169  159  148  137  128  120  114  110  106  103  101
   99   98   98   99  101  104  108  113  120  127  136  146  157  169  181  193
  204  214  223  230  237  243  249  255  261  267  271  273  273  269  261  251
  238  225  212  200  191  185  182  181  182  184  186  187  189  190  191  193
  195  197  198  200  202  208  214  213  190                                   
    55.0-180.0 180.0   5.0 450.0                            LAT/LON1/LON2/DLON/H
  197  201  195  189  181  172  160  147  135  124  115  109  104  100   97   93
   91   89   88   88   90   94   99  106  115  125  136  148  160  173  186  197
  208  217  226  234  241  248  255  263  270  276  282  285  284  281  273  263
  250  237  223  212  202  196  192  190  190  191  191  191  191  190  190  192
  194  197  200  203  206  214  219  217  197                                   
    52.5-180.0 180.0   5.0 450.0                            LAT/LON1/LON2/DLON/H
  205  207  202  195  186  175  162  147  134  122  112  106  100   96   92   88
   85   83   82   82   84   88   94  102  112  124  136  149  162  175  187  199
  209  219  227  236  244  253  261  269  277  284  290  294  295  292  285  276
  264  252  239  227  217  210  206  204  202  201  199  197  194  192  191  192
  194  199  202  206  211  219  223  220  205                                   
    50.0-180.0 180.0   5.0 450.0                            LAT/LON1/LON2/DLON/H
  211  212  207  200  190  179  166  150  135  122  112  105   98   93   89   85
   83   81   80   81   83   86   93  101  112  124  136  149  162  175  187  198
  209  218  228  237  247  257  266  275  283  290  297  301  303  302  297  289
  280  268  256  245  235  227  221  217  215  212  208  203  199  196  194  195
  197  202  206  211  216  223  227  222  211                                   
    47.5-180.0 180.0   5.0 450.0                            LAT/LON1/LON2/DLON/H
  214  213  209  202  193  181  169  153  138  124  114  106   99   93   89   86
   84   83   84   84   87   90   96  104  114  125  137  149  161  173  185  196
  207  217  227  238  249  260  270  279  287  294  300  305  308  309  306  301
  294  284  273  262  251  241  235  230  225  221  216  211  206  202  200  201
  203  208  212  216  221  227  229  223  214                                   
    45.0-180.0 180.0   5.0 450.0                            LAT/LON1/LON2/DLON/H
  214  210  206  200  192  181  170  155  141  128  117  109  102   96   92   89
   89   89   90   92   94   98  104  111  120  129  139  150  161  172  184  195
  205  215  227  239  251  263  274  282  289  295  301  306  311  314  314  312
  307  299  288  277  264  254  246  239  235  230  224  219  214  210  209  210
  213  217  221  224  227  230  231  224  214                                   
    42.5-180.0 180.0   5.0 450.0                            LAT/LON1/LON2/DLON/H
  209  203  199  193  186  177  168  155  144  132  122  114  107  101   97   94
   95   97   99  102  104  108  113  120  127  135  143  151  161  172  183  194
  204  215  226  239  253  265  276  283  289  294  300  306  312  317  320  320
  318  312  302  290  277  265  256  249  244  239  234  229  224  222  221  224
  227  230  232  234  234  235  234  226  209                                   
    40.0-180.0 180.0   5.0 450.0                            LAT/LON1/LON2/DLON/H
  204  195  190  183  177  169  162  152  144  134  126  119  113  106  102  101
  102  105  108  111  114  118  122  129  135  142  148  154  163  173  184  194
  204  214  226  239  253  266  277  284  289  293  299  306  313  320  325  328
  328  324  316  305  292  280  271  264  258  253  248  243  239  237  238  241
  244  247  248  247  244  242  238  229  204                                   
    37.5-180.0 180.0   5.0 450.0                            LAT/LON1/LON2/DLON/H
  200  188  182  172  166  158  153  147  141  135  129  124  118  112  108  107
  108  111  115  119  122  125  130  136  143  148  153  158  166  175  186  196
  205  214  225  238  252  266  276  283  287  292  298  306  315  324  331  337
  340  339  334  325  314  303  293  286  281  275  270  264  260  258  258  262
  265  268  267  263  257  252  246  235  200                                   
    35.0-180.0 180.0   5.0 450.0                            LAT/LON1/LON2/DLON/H
  201  186  177  165  157  149  145  140  137  134  130  127  123  118  114  112
  113  116  120  123  126  130  136  142  149  154  158  163  170  179  189  199
  207  215  224  236  250  263  274  281  285  290  298  307  318  328  338  346
  353  356  355  351  343  335  327  320  314  308  300  293  286  283  282  285
  288  290  288  282  274  265  257  244  201                                   
    32.5-180.0 180.0   5.0 450.0                            LAT/LON1/LON2/DLON/H
  210  193  181  165  155  144  140  136  135  133  131  130  127  123  119  117
  118  120  123  125  129  133  139  146  153  158  162  167  173  182  192  201
  208  215  223  234  247  260  270  277  283  289  298  309  321  333  345  357
  368  376  381  383  380  376  371  365  358  350  340  329  319  312  309  310
  311  313  311  303  293  281  272  257  210                                   
    30.0-180.0 180.0   5.0 450.0                            LAT/LON1/LON2/DLON/H
  226  207  193  175  161  149  143  138  136  134  134  133  131  128  125  122
  121  122  124  127  130  135  142  149  156  161  165  169  176  184  194  202
  208  214  221  230  242  255  265  273  280  288  298  311  324  338  353  368
  383  398  409  417  421  422  420  415  408  398  384  369  355  343  336  334
  334  335  333  324  313  299  288  273  226                                   
    27.5-180.0 180.0   5.0 450.0                            LAT/LON1/LON2/DLON/H
  249  229  212  193  178  164  155  148  144  142  140  139  137  134  131  128
  126  125  126  128  132  137  144  152  158  163  166  170  175  183  192  200
  206  212  218  227  238  250  260  268  277  287  299  313  328  343  359  378
  398  418  436  451  461  466  467  464  456  444  427  408  389  372  361  355
  354  355  353  344  332  317  304  290  249                                   
    25.0-180.0 180.0   5.0 450.0                            LAT/LON1/LON2/DLON/H
  273  253  235  218  202  187  176  167  160  155  151  149  146  143  139  135
  131  130  130  132  136  142  148  154  159  163  165  167  172  179  187  195
  202  208  215  224  235  246  256  266  277  289  302  317  332  348  366  387
  410  435  458  478  492  501  504  502  493  480  461  439  417  396  381  374
  371  372  370  360  348  331  316  305  273                                   
    22.5-180.0 180.0   5.0 450.0                            LAT/LON1/LON2/DLON/H
  294  274  258  244  228  214  202  191  182  173  167  162  158  153  148  143
  139  136  136  138  142  148  153  157  160  161  161  162  165  171  179  187
  195  203  212  222  234  246  257  268  280  294  308  323  337  353  372  394
  420  447  472  494  510  520  524  521  513  499  481  458  435  413  397  388
  385  386  383  373  360  341  325  315  294                                   
    20.0-180.0 180.0   5.0 450.0                            LAT/LON1/LON2/DLON/H
  308  288  274  264  251  238  227  215  204  193  184  177  171  165  159  153
  148  144  144  146  150  155  158  160  159  157  154  153  154  159  167  176
  186  197  209  222  236  249  262  275  288  303  318  332  346  361  379  401
  427  453  477  497  512  520  523  520  513  501  485  465  444  424  408  399
  396  396  394  382  367  346  328  319  308                                   
    17.5-180.0 180.0   5.0 450.0                            LAT/LON1/LON2/DLON/H
  312  293  283  276  265  254  244  233  222  210  199  190  182  175  169  163
  157  153  152  154  158  161  163  161  156  150  145  141  141  145  153  164
  177  191  206  223  239  255  270  286  301  316  331  344  357  371  387  408
  431  454  474  489  499  504  505  503  498  490  478  462  445  428  415  408
  405  405  401  388  371  346  328  318  312                                   
    15.0-180.0 180.0   5.0 450.0                            LAT/LON1/LON2/DLON/H
  309  290  283  277  269  259  250  241  230  219  207  198  190  183  177  170
  165  160  159  161  163  165  164  159  151  141  133  128  127  131  139  151
  167  184  204  224  244  263  281  299  316  332  347  359  371  383  397  415
  434  452  466  474  478  479  479  478  476  472  465  455  443  430  420  414
  412  411  406  391  371  343  324  313  309                                   
    12.5-180.0 180.0   5.0 450.0                            LAT/LON1/LON2/DLON/H
  302  283  278  271  264  254  246  237  229  218  208  199  191  185  180  175
  169  165  163  164  165  165  160  152  142  131  121  115  113  117  126  140
  158  178  201  225  249  271  292  312  331  348  362  374  384  395  408  423
  438  451  458  459  457  455  454  455  456  455  452  446  439  430  423  419
  416  415  408  391  369  339  319  308  302                                   
    10.0-180.0 180.0   5.0 450.0                            LAT/LON1/LON2/DLON/H
  294  277  271  261  254  242  233  225  218  209  201  193  187  182  178  174
  170  166  164  163  162  159  153  143  131  119  109  103  101  105  115  130
  150  173  198  225  252  277  301  322  342  360  374  386  396  405  417  430
  444  453  455  452  446  442  440  442  444  445  443  440  435  430  424  421
  418  416  408  389  367  335  316  304  294                                   
     7.5-180.0 180.0   5.0 450.0                            LAT/LON1/LON2/DLON/H
  291  275  267  253  243  228  218  209  202  195  188  182  177  173  171  169
  166  163  160  157  154  149  141  130  118  108   99   93   92   96  107  123
