data/edconvlstm_nd/pred3400.15i
     1.0            IONOSPHERE MAPS     GNSS                IONEX VERSION / TYPE
pyspatialgeodesy        IME             05-JAN-18 20:20     PGM / RUN BY / DATE 
Map Name                                                    COMMENT             
Predicted global ionosphere maps (GIM).                     DESCRIPTION         
  2015    12     6     0     0     0                        EPOCH OF FIRST MAP  
  2015    12     7     0     0     0                        EPOCH OF LAST MAP   
  7200                                                      INTERVAL            
    13                                                      # OF MAPS IN FILE   
  NONE                                                      MAPPING FUNCTION    
10.0                                                        ELEVATION CUTOFF    
One-way carrier phase leveled to code                       OBSERVABLES USED    
  6371.0                                                    BASE RADIUS         
 2                                                          MAP DIMENSION       
   450.0 450.0   0.0                                        HGT1 / HGT2 / DHGT  
    87.5 -87.5  -2.5                                        LAT1 / LAT2 / DLAT  
  -180.0 180.0   5.0                                        LON1 / LON2 / DLON  
    -1                                                      EXPONENT            
                                                            END OF HEADER       
     1                                                      START OF TEC MAP    
  2015    12     6     0     0     0                        EPOCH OF CURRENT MAP
    87.5-180.0 180.0   5.0 450.0                            LAT/LON1/LON2/DLON/H
   82   75   60   52   49   58   53   51   51   51   50   51   51   50   50   50
   49   49   48   48   47   46   45   44   43   43   42   41   40   39   39   38
   37   37   36   36   36   36   35   35   35   36   36   36   37   37   38   39
   39   40   41   42   42   43   44   44   45   45   46   46   46   46   47   47
   47   47   47   48   40   59   64   60   82                                   
    85.0-180.0 180.0   5.0 450.0                            LAT/LON1/LON2/DLON/H
   70   71   52   53   53   63   59   56   57   56   56   56   56   56   56   55
   54   54   53   51   50   49   47   46   45   43   42   41   40   39   39   38
   38   37   37   37   37   37   38   38   39   40   40   42   43   44   45   46
   47   49   50   51   52   53   53   54   54   55   55   55   55   55   55   55
   55   55   56   59   64   70   82   70   70                                   
    82.5-180.0 180.0   5.0 450.0                            LAT/LON1/LON2/DLON/H
   59   45   55   49   47   56   51   47   50   49   49   50   50   50   49   48
   46   45   42   40   38   35   32   30   28   26   24   23   22   22   21   21
   21   21   21   22   22   23   24   25   26   28   29   31   33   35   37   39
   41   42   44   45   46   47   48   49   49   50   50   50   50   49   49   49
   49   48   48   48   57   54   65   67   59                                   
    80.0-180.0 180.0   5.0 450.0                            LAT/LON1/LON2/DLON/H
   67   53   56   47   49   51   48   45   49   49   50   52   52   53   52   51
   49   47   45   42   39   36   33   30   27   25   24   22   21   21   20   20
   20   20   20   21   21   21   22   22   24   25   26   28   30   32   34   36
   38   40   41   43   44   44   45   46   46   46   46   46   46   45   45   45
   44   43   44   44   61   54   67   80   67                                   
    77.5-180.0 180.0   5.0 450.0                            LAT/LON1/LON2/DLON/H
   74   61   52   52   49   50   46   47   51   51   54   56   57   58   58   57
   55   52   49   45   41   37   33   30   27   24   22   21   21   21   21   21
   21   21   21   21   21   21   21   21   22   23   24   26   28   30   32   34
   36   37   39   40   41   41   42   42   42   42   42   41   41   41   41   40
   40   41   42   45   50   54   60   79   74                                   
    75.0-180.0 180.0   5.0 450.0                            LAT/LON1/LON2/DLON/H
   78   59   60   59   53   55   51   51   57   57   59   62   63   63   63   61
   58   54   50   46   41   37   33   29   27   25   24   24   25   26   27   28
   28   28   28   27   26   25   24   24   24   24   25   27   28   30   32   33
   35   36   37   37   38   38   38   38   38   38   38   38   38   38   38   38
   37   39   42   42   48   60   65   78   78                                   
    72.5-180.0 180.0   5.0 450.0                            LAT/LON1/LON2/DLON/H
   79   64   68   64   60   59   56   57   63   63   65   67   68   68   66   63
   60   55   51   46   42   37   33   30   28   27   27   28   30   32   34   35
   35   35   34   32   30   28   27   25   25   25   26   28   29   31   32   33
   34   34   35   35   35   35   35   34   34   34   34   34   34   35   36   36
   37   38   46   47   52   64   72   87   79                                   
    70.0-180.0 180.0   5.0 450.0                            LAT/LON1/LON2/DLON/H
   88   75   80   78   71   70   67   67   72   72   73   75   74   72   69   65
   60   55   50   45   40   36   33   30   29   29   30   32   35   38   40   42
   42   41   39   37   34   31   29   27   27   28   29   30   32   33   34   35
   35   35   35   34   34   33   33   33   33   33   34   34   35   36   38   39
   40   42   50   54   61   74   81   92   88                                   
    67.5-180.0 180.0   5.0 450.0                            LAT/LON1/LON2/DLON/H
   97   88   92   90   81   79   75   75   79   78   78   78   75   71   66   61
   55   49   44   40   36   33   30   28   27   27   28   31   34   38   40   42
   41   39   36   32   29   26   24   23   24   25   27   29   31   32   32   32
   32   31   30   29   28   27   27   27   28   29   30   32   33   35   38   40
   42   45   55   59   69   82   88   98   97                                   
    65.0-180.0 180.0   5.0 450.0                            LAT/LON1/LON2/DLON/H
  107   98  101   99   90   87   81   82   85   84   83   82   78   72   65   58
   52   46   42   38   34   31   28   25   24   24   26   28   32   35   37   37
   36   33   29   25   21   19   18   18   20   23   25   28   30   31   31   30
   29   28   26   25   24   23   23   23   25   27   29   33   36   39   43   46
   48   52   62   67   78   90   97  108  107                                   
    62.5-180.0 180.0   5.0 450.0                            LAT/LON1/LON2/DLON/H
  116  109  110  107   99   95   89   89   93   91   90   88   82   75   67   60
   53   47   43   39   36   32   28   26   24   23   24   26   28   31   32   31
   29   26   22   18   16   14   14   16   19   23   27   30   32   33   32   31
   29   27   25   23   22   22   22   23   26   29   34   40   45   49   54   57
   59   63   73   77   87   99  105  117  116                                   
    60.0-180.0 180.0   5.0 450.0                            LAT/LON1/LON2/DLON/H
  124  117  118  114  106  102   95   95   99   97   96   93   87   79   71   63
   56   51   47   43   39   34   29   25   23   21   21   22   24   25   26   25
   22   19   16   13   11   11   13   16   20   25   30   33   35   35   34   32
   29   27   25   23   22   22   23   25   29   35   42   49   55   61   66   70
   71   75   84   88   97  107  113  124  124                                   
    57.5-180.0 180.0   5.0 450.0                            LAT/LON1/LON2/DLON/H
  132  126  127  122  115  109  102  102  105  103  102   98   92   85   77   69
   63   57   53   48   42   36   30   25   22   20   19   20   21   22   22   20
   18   15   13   12   12   13   16   20   25   30   35   39   40   39   37   34
   31   29   27   26   25   25   26   29   35   43   51   59   67   73   78   82
   84   87   96   99  107  115  121  132  132                                   
    55.0-180.0 180.0   5.0 450.0                            LAT/LON1/LON2/DLON/H
  141  137  137  132  125  118  111  110  111  109  107  103   97   90   83   76
   70   65   59   52   45   38   31   25   21   19   19   20   21   21   21   19
   18   16   16   16   18   20   24   29   34   39   44   46   46   44   41   38
   35   33   32   31   31   31   33   37   43   51   60   69   76   82   88   92
   94   98  107  111  118  124  130  141  141                                   
    52.5-180.0 180.0   5.0 450.0                            LAT/LON1/LON2/DLON/H
  152  151  150  146  139  131  123  120  120  115  112  108  102   96   89   84
   78   71   64   56   47   38   31   26   23   21   22   23   24   24   24   23
   22   22   24   26   29   33   37   42   47   51   54   55   54   51   47   44
   41   40   40   39   40   40   42   46   51   59   67   75   82   87   93   98
  101  106  116  121  129  135  140  152  152                                   
    50.0-180.0 180.0   5.0 450.0                            LAT/LON1/LON2/DLON/H
  166  168  166  163  157  149  140  135  131  124  118  113  107  102   96   90
   84   76   67   57   48   39   33   29   27   27   28   30   31   32   31   30
   31   33   36   40   45   50   54   58   62   65   66   66   63   59   55   52
   50   49   50   51   52   52   53   55   60   66   73   79   85   89   94  100
  104  111  123  130  140  146  152  163  166                                   
    47.5-180.0 180.0   5.0 450.0                            LAT/LON1/LON2/DLON/H
  181  186  183  183  177  169  160  152  146  135  127  120  114  108  103   97
   89   79   69   58   49   41   37   35   35   37   39   41   42   42   41   40
   41   44   50   56   62   67   71   74   76   77   77   76   72   68   64   61
   61   62   63   65   65   65   65   66   69   73   78   83   86   89   93   99
  105  114  128  137  149  157  163  174  181                                   
    45.0-180.0 180.0   5.0 450.0                            LAT/LON1/LON2/DLON/H
  193  202  198  200  196  188  179  171  162  149  138  130  122  116  110  102
   93   82   70   60   52   47   45   46   48   50   53   54   53   52   50   49
   51   55   61   68   75   80   83   85   86   86   86   84   81   77   74   73
   73   74   76   78   78   77   76   76   78   80   84   87   88   90   93   98
  105  115  131  141  155  166  172  182  193                                   
    42.5-180.0 180.0   5.0 450.0                            LAT/LON1/LON2/DLON/H
  201  211  206  211  209  203  195  188  178  163  151  142  134  126  119  109
   97   85   74   65   59   57   58   61   63   66   66   66   63   60   57   55
   56   61   67   75   81   86   89   90   91   92   92   91   89   86   84   83
   84   86   88   88   88   87   85   85   86   87   90   91   92   92   95  100
  106  117  133  145  159  171  178  186  201                                   
    40.0-180.0 180.0   5.0 450.0                            LAT/LON1/LON2/DLON/H
  201  211  205  212  213  209  203  198  189  176  164  155  147  139  130  118
  105   92   82   76   74   74   76   79   80   80   78   74   69   64   60   58
   59   63   68   75   81   86   88   90   92   94   95   96   95   94   93   93
   93   94   95   95   94   92   91   91   92   94   96   97   98   98  100  105
  111  122  137  148  161  174  179  187  201                                   
    37.5-180.0 180.0   5.0 450.0                            LAT/LON1/LON2/DLON/H
  197  203  196  202  206  204  201  199  195  184  174  166  160  152  142  130
  116  104   96   93   93   95   97   97   95   90   84   77   71   65   61   59
   59   63   67   73   77   81   84   87   90   94   97  100  100  100   99   99
   99   98   97   95   94   93   93   94   96   99  102  105  106  108  110  115
  121  130  144  153  164  175  180  188  197                                   
    35.0-180.0 180.0   5.0 450.0                            LAT/LON1/LON2/DLON/H
  190  192  184  186  190  191  190  193  194  186  180  175  171  164  155  143
  131  121  115  115  117  118  116  111  103   94   85   77   71   66   63   62
   63   66   69   72   75   78   81   84   89   94  100  103  104  104  103  102
  100   97   93   90   88   88   90   93   97  102  107  112  116  119  124  130
  135  142  155  162  170  179  184  192  190                                   
    32.5-180.0 180.0   5.0 450.0                            LAT/LON1/LON2/DLON/H
  188  186  177  174  174  176  178  184  189  186  183  181  179  174  167  156
  145  138  135  136  137  134  127  116  103   91   82   76   72   70   70   72
   73   75   76   77   78   79   81   85   90   97  103  106  108  107  105  102
   98   92   86   81   79   80   83   89   96  103  111  119  126  132  139  147
  152  158  169  175  182  190  195  204  188                                   
    30.0-180.0 180.0   5.0 450.0                            LAT/LON1/LON2/DLON/H
  196  190  181  172  168  168  170  177  184  184  184  184  184  181  175  166
  158  152  151  151  148  140  127  111   96   86   80   78   79   82   86   90
   93   94   92   90   88   87   88   90   95  102  107  110  110  108  105  100
   93   85   77   71   69   71   77   84   94  104  115  125  135  145  155  164
  170  176  187  193  201  209  214  224  196                                   
    27.5-180.0 180.0   5.0 450.0                            LAT/LON1/LON2/DLON/H
  217  210  200  186  178  175  175  181  186  187  187  188  188  186  181  173
  166  162  159  155  147  134  116  100   88   82   82   86   94  102  111  119
  122  122  117  111  105  101   99  100  104  109  113  114  113  109  104   98
   89   80   70   64   62   66   73   83   94  106  119  132  145  157  169  181
  188  195  206  212  225  235  240  253  217                                   
    25.0-180.0 180.0   5.0 450.0                            LAT/LON1/LON2/DLON/H
  252  248  233  216  205  198  195  197  199  197  194  193  192  189  184  177
  170  164  158  149  135  118  101   88   82   84   92  104  119  133  147  156
  159  155  147  136  126  119  114  113  114  117  119  118  115  110  104   97
   88   77   68   62   61   66   74   85   97  111  126  141  155  168  182  195
  204  213  226  232  252  266  272  288  252                                   
    22.5-180.0 180.0   5.0 450.0                            LAT/LON1/LON2/DLON/H
  299  299  279  261  248  238  231  227  223  216  209  204  199  193  187  179
  170  161  149  134  116  100   87   83   86   97  113  133  153  171  186  194
  194  187  174  159  146  135  129  125  124  124  124  122  118  113  106   98
   89   79   70   64   64   69   78   89  103  118  134  150  165  179  193  208
  219  231  245  253  279  300  307  327  299                                   
    20.0-180.0 180.0   5.0 450.0                            LAT/LON1/LON2/DLON/H
  350  356  335  318  304  291  279  268  258  245  232  221  210  201  191  181
  169  155  138  119  101   89   85   90  103  122  144  168  190  208  221  225
  220  207  190  172  158  147  139  134  131  129  127  125  120  115  108  100
   91   81   72   68   68   73   82   94  108  124  142  160  175  189  204  220
  233  248  265  275  305  332  343  368  350                                   
    17.5-180.0 180.0   5.0 450.0                            LAT/LON1/LON2/DLON/H
  395  409  394  380  368  354  337  320  304  284  264  245  229  214  200  187
  172  154  133  113   99   95  100  114  134  158  181  204  222  236  242  239
  228  211  192  174  161  151  144  139  135  132  129  126  121  115  109  101
   92   82   74   70   70   76   85   97  112  129  149  168  185  200  215  232
  248  265  284  296  327  357  374  403  395                                   
    15.0-180.0 180.0   5.0 450.0                            LAT/LON1/LON2/DLON/H
  428  451  445  439  431  416  397  377  356  331  304  278  254  234  217  200
  182  162  141  124  117  120  135  156  178  200  218  232  242  245  243  233
  218  199  181  166  156  150  146  141  136  132  129  125  121  115  108  100
   91   83   75   72   73   79   88  100  115  134  155  176  194  210  227  245
  263  282  301  314  343  372  395  426  428                                   
    12.5-180.0 180.0   5.0 450.0                            LAT/LON1/LON2/DLON/H
  446  474  478  483  481  469  450  431  409  381  349  316  287  261  240  221
  203  184  166  155  154  166  187  209  228  241  246  246  241  234  224  211
  194  177  163  154  150  148  146  141  136  132  128  124  120  114  107   99
   92   84   78   75   77   83   92  104  119  138  161  183  203  221  239  258
  277  297  316  328  352  377  404  437  446                                   
    10.0-180.0 180.0   5.0 450.0                            LAT/LON1/LON2/DLON/H
  450  477  490  502  509  502  488  473  453  425  391  356  323  294  270  251
  233  218  206  202  209  227  249  267  275  271  258  240  223  208  195  182
  168  157  149  146  147  149  147  143  138  132  128  124  120  114  108  101
   94   88   83   81   83   89   97  109  124  143  166  189  211  230  250  270
  289  309  327  338  356  374  401  435  450                                   
     7.5-180.0 180.0   5.0 450.0                            LAT/LON1/LON2/DLON/H
  442  467  483  500  515  515  508  499  484  459  426  391  358  329  305  286
  272  261  256  260  273  293  311  318  309  283  250  219  194  178  167  158
