data/edconvlstm_nd/pred0750.15i
     1.0            IONOSPHERE MAPS     GNSS                IONEX VERSION / TYPE
pyspatialgeodesy        IME             05-JAN-18 20:20     PGM / RUN BY / DATE 
Map Name                                                    COMMENT             
Predicted global ionosphere maps (GIM).                     DESCRIPTION         
  2015     3    16     0     0     0                        EPOCH OF FIRST MAP  
  2015     3    17     0     0     0                        EPOCH OF LAST MAP   
  7200                                                      INTERVAL            
    13                                                      # OF MAPS IN FILE   
  NONE                                                      MAPPING FUNCTION    
10.0                                                        ELEVATION CUTOFF    
One-way carrier phase leveled to code                       OBSERVABLES USED    
  6371.0                                                    BASE RADIUS         
 2                                                          MAP DIMENSION       
   450.0 450.0   0.0                                        HGT1 / HGT2 / DHGT  
    87.5 -87.5  -2.5                                        LAT1 / LAT2 / DLAT  
  -180.0 180.0   5.0                                        LON1 / LON2 / DLON  
    -1                                                      EXPONENT            
                                                            END OF HEADER       
[from data line 429]
     2                                                      START OF TEC MAP    
  2015     3    16     2     0     0                        EPOCH OF CURRENT MAP
    87.5-180.0 180.0   5.0 450.0                            LAT/LON1/LON2/DLON/H
  153  161  164  162  159  156  152  150  150  149  148  148  147  146  145  144
  143  142  140  139  137  135  134  132  130  128  127  126  125  124  123  122
  122  121  121  121  121  121  121  122  122  123  124  124  125  126  128  129
  130  131  133  134  136  137  138  140  141  142  143  144  145  146  146  148
  150  152  152  153  155  157  160  160  153                                   
    85.0-180.0 180.0   5.0 450.0                            LAT/LON1/LON2/DLON/H
  159  165  151  157  158  156  153  150  150  148  147  146  145  143  142  140
  139  137  135  133  131  129  126  124  122  119  117  116  114  113  112  111
  110  110  110  111  112  113  114  115  117  118  120  122  124  126  127  129
  131  133  135  137  139  141  143  144  146  148  149  151  152  153  154  155
  158  159  159  162  157  160  162  163  159                                   
    82.5-180.0 180.0   5.0 450.0                            LAT/LON1/LON2/DLON/H
  164  162  164  160  158  155  151  149  149  147  145  144  143  141  140  138
  136  134  132  129  126  123  120  117  113  110  107  104  101   99   98   97
   96   96   97   98   99  101  103  105  107  110  112  115  118  120  123  125
  128  130  133  136  139  141  144  147  150  153  156  158  161  162  164  167
  168  169  168  169  171  164  166  162  164                                   
    80.0-180.0 180.0   5.0 450.0                            LAT/LON1/LON2/DLON/H
  173  174  168  164  163  161  160  159  158  156  154  153  152  150  148  146
  143  140  137  134  130  125  121  116  110  105  101   96   93   90   87   86
   86   86   87   88   90   93   95   98  101  103  106  109  112  114  117  119
  122  125  128  131  135  139  143  148  152  156  161  165  169  172  176  179
  181  181  180  180  186  181  188  177  173                                   
    77.5-180.0 180.0   5.0 450.0                            LAT/LON1/LON2/DLON/H
  185  184  180  178  173  172  172  171  170  167  165  163  162  159  157  154
  150  147  143  138  134  128  123  117  110  104   98   93   88   85   82   81
   81   81   83   85   88   90   93   96   98  101  103  105  107  108  110  112
  114  117  120  124  129  134  139  145  151  158  164  171  177  182  187  193
  195  198  196  197  202  198  201  196  185                                   
    75.0-180.0 180.0   5.0 450.0                            LAT/LON1/LON2/DLON/H
  199  202  196  194  189  188  186  184  183  179  176  173  170  166  162  157
  153  148  144  139  134  129  123  117  110  103   97   91   85   81   79   78
   78   79   80   83   85   88   90   93   95   96   98   98   99  100  100  101
  103  105  109  113  118  124  131  139  146  155  163  171  179  186  194  201
  205  209  211  208  213  213  217  213  199                                   
    72.5-180.0 180.0   5.0 450.0                            LAT/LON1/LON2/DLON/H
  208  217  213  209  205  203  202  199  197  192  187  183  177  171  164  157
  151  145  141  136  132  128  123  117  111  104   97   91   85   81   79   78
   78   79   80   82   84   87   89   90   92   93   93   93   93   93   93   94
   95   98  102  107  113  120  128  137  146  155  165  174  183  191  199  208
  213  219  223  222  225  224  227  225  208                                   
    70.0-180.0 180.0   5.0 450.0                            LAT/LON1/LON2/DLON/H
  223  230  227  223  218  216  214  210  208  202  195  188  179  169  159  149
  141  135  130  126  124  121  118  113  108  101   94   88   83   79   77   76
   75   76   77   78   79   80   82   83   83   84   84   83   82   82   82   83
   85   89   94  100  108  116  125  135  145  155  166  175  185  193  202  211
  217  223  228  229  234  234  238  237  223                                   
    67.5-180.0 180.0   5.0 450.0                            LAT/LON1/LON2/DLON/H
  228  237  234  231  227  225  222  218  214  207  199  190  178  165  152  140
  131  124  119  117  116  115  113  110  105   99   92   85   80   76   74   72
   71   71   70   70   70   70   70   71   71   71   71   71   70   70   71   73
   76   81   88   96  105  115  125  136  147  158  169  179  188  195  203  210
  216  222  227  228  234  235  240  244  228                                   
    65.0-180.0 180.0   5.0 450.0                            LAT/LON1/LON2/DLON/H
  232  240  238  236  232  229  225  221  217  210  201  190  177  162  147  133
  123  116  112  111  112  112  112  109  104   97   90   84   78   74   72   70
   68   67   65   63   62   60   60   60   61   62   62   62   62   63   64   67
   72   79   87   97  107  119  131  142  154  166  177  187  195  203  209  215
  219  223  228  228  233  236  243  249  232                                   
    62.5-180.0 180.0   5.0 450.0                            LAT/LON1/LON2/DLON/H
  235  242  241  238  234  230  225  221  217  209  200  189  176  161  145  132
  121  114  111  111  112  113  113  109  103   96   88   81   76   72   70   68
   67   64   61   58   55   53   53   54   55   57   58   59   60   61   64   67
   73   81   91  103  115  127  140  153  165  178  190  200  209  216  221  225
  227  229  233  232  236  239  247  255  235                                   
    60.0-180.0 180.0   5.0 450.0                            LAT/LON1/LON2/DLON/H
  241  246  245  239  235  228  222  217  212  204  195  186  174  160  147  134
  124  118  115  115  116  115  113  108  101   93   84   78   73   70   69   67
   66   63   59   55   52   50   50   52   54   57   60   61   63   64   67   72
   78   88   99  111  124  137  151  164  178  191  204  216  226  233  238  242
  242  242  244  243  245  246  255  263  241                                   
    57.5-180.0 180.0   5.0 450.0                            LAT/LON1/LON2/DLON/H
  254  257  253  244  239  230  220  212  206  197  188  181  171  161  150  140
  131  125  122  121  119  117  113  106   97   89   80   74   71   69   69   68
   67   65   61   57   54   53   53   56   60   63   67   69   70   72   75   80
   87   97  109  121  135  148  162  176  190  205  219  233  245  254  260  264
  264  263  264  261  262  261  269  276  254                                   
    55.0-180.0 180.0   5.0 450.0                            LAT/LON1/LON2/DLON/H
  275  277  269  257  251  239  226  214  203  192  183  176  169  161  154  146
  138  133  128  124  121  116  110  103   94   86   79   74   72   71   72   72
   72   70   67   64   62   61   63   66   70   74   77   80   81   82   85   90
   98  108  120  132  145  158  172  186  201  216  233  249  263  274  283  288
  289  288  289  286  286  282  289  295  275                                   
    52.5-180.0 180.0   5.0 450.0                            LAT/LON1/LON2/DLON/H
  302  303  291  278  272  258  242  225  209  194  182  174  168  162  157  150
  143  137  130  125  119  114  107  101   94   87   82   79   78   78   79   80
   80   79   77   75   74   74   77   80   84   87   90   91   92   94   97  102
  110  120  132  144  156  168  181  195  209  226  244  261  278  292  304  312
  314  315  317  314  314  309  314  318  302                                   
    50.0-180.0 180.0   5.0 450.0                            LAT/LON1/LON2/DLON/H
  332  332  317  306  300  286  267  245  225  204  188  178  171  165  160  153
  145  137  129  122  116  112  107  103   99   95   92   90   89   89   89   89
   89   88   88   88   88   90   92   95   98  100  101  102  103  105  109  115
  124  134  145  156  168  179  191  204  218  234  252  270  289  305  319  330
  336  340  343  341  341  337  340  343  332                                   
    47.5-180.0 180.0   5.0 450.0                            LAT/LON1/LON2/DLON/H
  356  358  343  337  331  317  298  274  248  223  203  189  179  171  164  155
  144  134  125  119  115  113  112  112  111  110  108  106  104  102   99   98
   97   96   97   99  101  104  106  108  109  110  111  111  112  115  120  128
  138  148  159  170  181  192  204  215  228  243  259  276  294  311  327  340
  349  356  362  361  363  362  365  366  356                                   
    45.0-180.0 180.0   5.0 450.0                            LAT/LON1/LON2/DLON/H
  371  374  363  362  357  347  330  305  277  249  225  207  193  182  170  157
  144  132  123  119  118  121  125  128  130  130  129  125  119  113  107  102
  100  101  103  107  111  115  117  118  118  117  117  118  120  125  132  141
  152  163  174  186  197  208  219  230  241  253  266  281  296  312  327  341
  352  362  370  372  376  379  382  381  371                                   
    42.5-180.0 180.0   5.0 450.0                            LAT/LON1/LON2/DLON/H
  374  378  371  374  372  366  353  333  307  278  251  230  213  197  181  164
  147  134  127  126  130  137  145  151  154  153  148  140  130  119  110  104
  101  102  106  112  119  124  126  126  124  123  122  124  127  134  142  153
  165  177  189  201  213  225  237  247  257  266  276  287  299  312  325  339
  350  362  372  377  383  388  392  388  374                                   
    40.0-180.0 180.0   5.0 450.0                            LAT/LON1/LON2/DLON/H
  371  373  369  372  373  370  363  351  330  303  278  256  236  217  197  176
  157  144  139  142  150  160  170  176  177  173  163  150  135  121  110  104
  102  105  110  118  126  131  133  132  130  128  128  130  135  142  151  163
  175  188  201  215  229  242  255  265  274  282  289  297  306  315  326  338
  350  362  374  381  388  395  399  392  371                                   
    37.5-180.0 180.0   5.0 450.0                            LAT/LON1/LON2/DLON/H
  370  368  363  362  364  363  360  355  342  321  300  280  260  240  217  194
  175  162  159  165  176  188  197  199  195  185  170  153  136  122  113  109
  109  113  119  127  134  140  141  139  137  135  135  137  142  149  158  169
  181  194  209  224  240  256  270  282  292  300  307  313  320  328  336  347
  358  369  383  391  399  407  411  399  370                                   
    35.0-180.0 180.0   5.0 450.0                            LAT/LON1/LON2/DLON/H
  380  375  365  354  354  353  351  350  344  331  315  298  281  262  240  216
  197  186  185  192  204  214  218  215  204  188  170  153  139  130  126  125
  127  131  136  142  148  152  152  149  145  143  143  145  149  154  161  169
  180  193  209  227  245  263  280  295  308  319  328  336  344  352  361  371
  380  391  405  412  421  429  431  417  380                                   
    32.5-180.0 180.0   5.0 450.0                            LAT/LON1/LON2/DLON/H
  409  401  384  362  355  349  345  345  343  335  324  313  299  281  261  239
  221  211  211  218  226  231  228  218  203  186  171  158  151  150  153  157
  161  164  166  167  169  168  166  161  156  152  151  152  153  155  159  164
  173  185  202  222  243  264  284  303  322  340  356  370  382  393  404  414
  423  433  446  450  459  465  464  450  409                                   
    30.0-180.0 180.0   5.0 450.0                            LAT/LON1/LON2/DLON/H
  462  453  427  392  377  365  355  351  347  341  333  324  313  298  279  259
  243  233  231  233  235  232  223  210  197  185  177  175  179  188  200  211
  217  215  210  203  197  190  183  174  166  161  158  156  154  152  151  154
  160  173  190  212  236  259  283  307  333  360  386  409  429  447  461  474
  486  497  508  509  517  519  512  500  462                                   
    27.5-180.0 180.0   5.0 450.0                            LAT/LON1/LON2/DLON/H
  537  530  494  449  425  407  388  376  366  356  347  338  327  313  295  276
  259  247  239  233  226  217  206  197  192  192  197  209  227  249  272  288
  291  282  265  246  229  214  200  186  175  166  160  155  150  145  141  141
  146  159  178  202  228  254  281  310  343  378  413  445  473  497  517  535
  552  570  583  583  590  591  579  572  537                                   
    25.0-180.0 180.0   5.0 450.0                            LAT/LON1/LON2/DLON/H
  629  629  586  533  500  475  446  422  403  386  371  358  345  329  310  288
  268  250  234  219  204  192  186  187  197  213  235  262  295  329  360  377
  374  351  319  285  257  233  212  193  177  165  157  149  142  134  129  128
  134  148  170  196  225  254  284  318  357  398  440  479  512  540  565  588
  612  635  653  657  663  672  664  661  629                                   
    22.5-180.0 180.0   5.0 450.0                            LAT/LON1/LON2/DLON/H
  727  735  693  637  595  563  524  488  458  432  409  389  370  350  326  299
  273  247  221  197  179  171  175  191  218  251  289  331  375  416  446  455
  440  403  356  309  271  241  214  191  172  158  147  139  131  123  118  118
  126  143  167  196  227  259  292  330  374  420  466  508  544  575  604  631
  659  687  709  718  724  744  752  754  727                                   
    20.0-180.0 180.0   5.0 450.0                            LAT/LON1/LON2/DLON/H
  815  827  792  742  695  659  612  567  527  491  459  431  405  377  346  313
  280  246  213  185  169  169  185  216  258  305  355  404  449  484  502  497
  467  418  361  309  267  234  205  180  160  144  134  126  120  114  111  112
  123  142  169  201  234  268  306  347  393  441  486  528  564  596  627  657
  689  719  744  759  765  791  817  828  815                                   
    17.5-180.0 180.0   5.0 450.0                            LAT/LON1/LON2/DLON/H
  873  884  864  826  781  746  698  648  601  558  518  483  450  414  376  336
  297  259  224  197  187  196  224  266  317  371  421  463  495  511  510  488
  446  391  334  284  245  213  187  164  145  131  122  116  112  109  108  112
  124  145  174  208  244  281  321  366  413  459  502  539  572  604  635  666
  699  729  755  774  782  805  843  865  873                                   
    15.0-180.0 180.0   5.0 450.0                            LAT/LON1/LON2/DLON/H
  892  898  896  875  840  812  769  720  671  624  580  540  501  460  416  372
  332  295  264  243  241  257  292  338  388  435  471  492  498  490  468  433
  387  335  284  244  213  189  168  150  134  123  116  113  111  110  110  115
  128  151  182  217  254  293  336  382  430  473  511  544  573  603  633  664
  696  722  748  769  776  794  834  866  892                                   
    12.5-180.0 180.0   5.0 450.0                            LAT/LON1/LON2/DLON/H
  880  884  897  890  868  849  816  774  729  683  638  597  555  510  464  421
  384  354  332  321  326  348  383  423  459  483  491  482  460  430  395  356
  313  270  233  205  186  171  158  145  133  125  120  117  116  116  116  121
  134  157  188  223  260  301  345  391  437  478  513  542  569  597  626  655
  684  707  730  751  757  769  805  844  880                                   
    10.0-180.0 180.0   5.0 450.0                            LAT/LON1/LON2/DLON/H
  854  860  880  881  871  862  839  806  768  727  686  646  605  561  516  477
  448  429  420  421  433  456  483  505  513  502  475  437  396  356  320  284
  250  220  196  181  172  166  159  151  143  135  130  127  125  124  123  127
  139  161  191  226  263  302  346  392  435  473  505  534  560  587  615  642
  668  688  709  729  735  744  775  816  854                                   
     7.5-180.0 180.0   5.0 450.0                            LAT/LON1/LON2/DLON/H
  829  837  860  863  861  860  845  822  792  757  722  686  648  606  565  532
  513  508  512  523  540  559  569  562  533  485  427  372  326  290  261  236
