data/edconvlstm_nd/pred2450.15i
     1.0            IONOSPHERE MAPS     GNSS                IONEX VERSION / TYPE
pyspatialgeodesy        IME             05-JAN-18 20:20     PGM / RUN BY / DATE 
Map Name                                                    COMMENT             
Predicted global ionosphere maps (GIM).                     DESCRIPTION         
  2015     9     2     0     0     0                        EPOCH OF FIRST MAP  
  2015     9     3     0     0     0                        EPOCH OF LAST MAP   
  7200                                                      INTERVAL            
    13                                                      # OF MAPS IN FILE   
  NONE                                                      MAPPING FUNCTION    
10.0                                                        ELEVATION CUTOFF    
One-way carrier phase leveled to code                       OBSERVABLES USED    
  6371.0                                                    BASE RADIUS         
 2                                                          MAP DIMENSION       
   450.0 450.0   0.0                                        HGT1 / HGT2 / DHGT  
    87.5 -87.5  -2.5                                        LAT1 / LAT2 / DLAT  
  -180.0 180.0   5.0                                        LON1 / LON2 / DLON  
    -1                                                      EXPONENT            
                                                            END OF HEADER       
[from data line 5148]
    13                                                      START OF TEC MAP    
  2015     9     3     0     0     0                        EPOCH OF CURRENT MAP
    87.5-180.0 180.0   5.0 450.0                            LAT/LON1/LON2/DLON/H
  117  116  121  115  114  116  114  114  115  115  117  118  119  119  120  120
  120  120  119  119  118  117  116  115  114  113  112  111  110  109  109  108
  107  106  106  105  105  104  104  104  104  103  103  103  103  104  104  103
  103  103  103  103  103  103  102  102  102  102  101  101  101  100  100  101
  101  101  101  101   97  102  110  113  117                                   
    85.0-180.0 180.0   5.0 450.0                            LAT/LON1/LON2/DLON/H
  121  122  106  113  118  121  118  118  119  119  120  121  122  122  122  122
  122  121  120  119  118  117  116  114  113  111  110  109  108  107  106  105
  104  104  103  103  103  103  103  103  103  103  104  104  104  104  105  105
  105  105  105  105  105  104  104  104  104  103  103  103  103  102  102  103
  104  104  104  107  103  111  117  117  121                                   
    82.5-180.0 180.0   5.0 450.0                            LAT/LON1/LON2/DLON/H
  117  112  119  119  121  126  124  125  127  128  129  130  130  130  130  130
  129  128  127  125  123  121  119  116  114  112  110  108  106  105  104  103
  102  102  102  102  102  102  103  103  104  105  105  106  106  107  107  108
  108  108  108  108  108  108  107  107  107  107  107  106  106  106  106  107
  107  107  107  105  107  100  106  111  117                                   
    80.0-180.0 180.0   5.0 450.0                            LAT/LON1/LON2/DLON/H
  125  118  117  117  123  127  130  132  135  136  137  138  138  138  137  136
  135  133  130  127  124  121  117  113  110  107  104  101   99   97   96   95
   95   95   95   96   96   97   98   99  100  101  102  103  104  105  105  106
  106  107  107  107  108  108  108  108  108  108  108  108  107  107  107  108
  107  106  105  103  116  109  117  127  125                                   
    77.5-180.0 180.0   5.0 450.0                            LAT/LON1/LON2/DLON/H
  135  129  123  130  130  135  140  144  148  148  150  151  151  150  148  146
  144  141  137  133  129  124  119  114  110  105  101   98   95   94   92   92
   92   92   93   94   95   96   97   98   99  100  101  103  104  105  106  107
  108  109  110  111  112  113  113  114  115  115  116  116  116  116  116  116
  115  116  114  113  121  123  125  138  135                                   
    75.0-180.0 180.0   5.0 450.0                            LAT/LON1/LON2/DLON/H
  144  133  130  138  137  143  145  150  154  155  156  157  156  154  152  149
  146  142  137  132  127  121  115  109  103   98   94   90   87   86   85   85
   86   87   88   89   89   90   91   92   93   94   95   96   98   99  101  102
  104  105  107  108  110  111  113  115  117  118  119  120  121  121  122  122
  120  120  120  114  121  129  129  142  144                                   
    72.5-180.0 180.0   5.0 450.0                            LAT/LON1/LON2/DLON/H
  139  134  133  139  139  142  145  150  155  156  156  157  156  153  150  147
  143  139  134  129  123  117  110  104   97   91   86   82   79   78   77   78
   79   80   81   81   82   82   82   82   82   83   84   85   86   88   89   91
   93   95   97   99  101  104  107  110  113  116  118  120  122  123  124  125
  123  122  124  120  121  128  133  150  139                                   
    70.0-180.0 180.0   5.0 450.0                            LAT/LON1/LON2/DLON/H
  143  135  135  144  143  146  148  153  158  158  159  159  157  154  150  146
  143  138  134  129  123  116  109  101   93   86   80   76   73   72   72   73
   75   76   76   76   76   75   74   73   73   73   74   75   76   78   80   82
   84   86   88   91   94   98  102  106  111  116  120  124  127  129  131  132
  130  129  131  128  128  134  138  154  143                                   
    67.5-180.0 180.0   5.0 450.0                            LAT/LON1/LON2/DLON/H
  147  140  139  146  145  146  146  151  155  155  156  155  153  150  146  142
  139  135  132  127  121  114  106   97   89   81   74   70   67   66   66   67
   69   69   69   68   66   64   63   61   60   60   61   62   63   64   66   68
   70   72   74   77   81   85   90   96  102  109  115  121  126  129  132  134
  133  132  134  131  132  137  141  157  147                                   
    65.0-180.0 180.0   5.0 450.0                            LAT/LON1/LON2/DLON/H
  152  144  144  150  147  146  146  149  153  153  153  152  150  146  143  140
  137  135  132  128  122  115  106   97   87   79   72   67   64   64   64   65
   65   65   64   62   59   56   53   52   50   50   51   52   53   54   56   57
   58   59   61   64   67   72   78   85   92  101  109  117  123  129  133  136
  135  135  137  134  136  141  145  162  152                                   
    62.5-180.0 180.0   5.0 450.0                            LAT/LON1/LON2/DLON/H
  159  153  152  157  153  150  148  150  153  151  150  149  147  144  141  139
  137  136  134  131  126  119  109   99   89   80   73   69   66   66   66   66
   66   64   62   59   55   52   49   47   46   46   47   48   49   50   50   50
   50   51   52   54   57   62   68   76   84   94  104  113  122  128  134  137
  138  138  140  138  140  147  150  166  159                                   
    60.0-180.0 180.0   5.0 450.0                            LAT/LON1/LON2/DLON/H
  167  163  163  166  160  155  151  151  152  149  147  145  143  140  139  137
  137  137  136  134  129  122  113  102   92   84   78   74   72   71   70   70
   68   66   63   59   55   51   49   47   47   48   49   50   50   50   49   48
   47   46   46   48   50   55   61   69   78   88   99  110  119  127  134  139
  140  141  144  142  144  151  155  169  167                                   
    57.5-180.0 180.0   5.0 450.0                            LAT/LON1/LON2/DLON/H
  176  175  175  177  171  164  158  156  154  149  145  142  139  137  136  136
  136  137  137  135  131  124  115  106   97   90   85   82   80   79   78   76
   74   71   67   62   59   55   53   52   53   54   55   56   55   54   52   50
   48   46   45   46   48   52   58   66   75   86   97  109  119  128  136  141
  143  145  148  148  150  158  160  173  176                                   
    55.0-180.0 180.0   5.0 450.0                            LAT/LON1/LON2/DLON/H
  185  186  187  189  183  175  168  163  159  150  144  140  136  134  133  133
  135  136  136  135  131  125  118  110  104   99   96   94   92   91   89   86
   82   78   74   70   66   64   62   62   62   63   65   65   64   62   59   56
   52   50   48   48   50   54   60   68   77   88  100  111  121  131  139  146
  149  151  155  155  158  165  167  179  185                                   
    52.5-180.0 180.0   5.0 450.0                            LAT/LON1/LON2/DLON/H
  192  196  197  201  196  188  181  173  166  154  146  139  134  132  131  131
  133  134  135  134  130  126  121  116  112  110  108  108  107  105  102   97
   93   88   84   80   77   75   74   74   74   75   76   76   75   72   68   64
   60   57   55   55   56   60   67   75   84   95  106  116  126  136  144  151
  155  158  163  163  166  172  174  184  192                                   
    50.0-180.0 180.0   5.0 450.0                            LAT/LON1/LON2/DLON/H
  197  201  203  209  206  201  194  186  176  162  151  142  136  132  131  131
  132  133  133  133  131  128  125  123  122  122  123  124  123  120  115  110
  105  100   96   93   90   89   87   87   87   88   88   87   85   81   77   73
   69   66   65   65   67   71   78   86   95  105  115  125  134  143  151  158
  163  167  172  172  175  179  180  189  197                                   
    47.5-180.0 180.0   5.0 450.0                            LAT/LON1/LON2/DLON/H
  197  200  203  212  212  210  206  198  188  173  160  150  142  137  134  133
  133  134  134  134  133  132  131  132  134  137  139  139  138  134  128  122
  116  112  108  106  104  102  100   99   98   98   98   96   94   90   86   82
   79   77   76   77   79   84   91  100  109  118  127  135  143  150  158  166
  171  176  182  181  182  185  185  194  197                                   
    45.0-180.0 180.0   5.0 450.0                            LAT/LON1/LON2/DLON/H
  194  195  198  210  214  215  215  210  200  185  172  161  153  146  142  140
  139  138  138  138  138  139  141  144  148  151  154  154  151  146  139  132
  126  122  118  116  114  112  109  107  106  105  104  103  100   96   93   90
   88   87   87   88   92   97  105  114  123  131  139  146  152  158  165  172
  178  184  190  189  189  190  189  197  194                                   
    42.5-180.0 180.0   5.0 450.0                            LAT/LON1/LON2/DLON/H
  189  188  191  205  211  216  219  218  212  199  187  176  168  160  155  151
  148  146  146  147  148  150  153  157  161  165  166  164  160  154  146  139
  133  129  126  123  120  117  114  111  110  109  108  107  104  101   98   96
   95   95   95   97  101  108  116  125  134  143  149  155  160  165  171  179
  185  191  198  196  195  194  192  200  189                                   
    40.0-180.0 180.0   5.0 450.0                            LAT/LON1/LON2/DLON/H
  187  184  187  200  208  215  221  223  221  211  202  193  185  178  171  166
  161  159  158  159  161  164  168  171  174  176  175  171  166  158  151  144
  138  133  129  126  123  119  115  112  111  110  110  109  107  104  102  100
  100  100  100  102  107  114  123  132  142  150  157  162  167  171  177  185
  191  199  205  204  201  200  198  205  187                                   
    37.5-180.0 180.0   5.0 450.0                            LAT/LON1/LON2/DLON/H
  191  188  190  200  208  215  222  228  229  223  217  211  204  197  190  183
  178  175  174  176  178  180  183  185  186  184  181  175  168  160  152  146
  140  135  131  126  122  117  113  111  110  111  112  112  110  107  105  103
  102  101  102  103  108  115  125  136  146  155  162  168  173  178  184  192
  199  207  214  213  210  209  207  213  191                                   
    35.0-180.0 180.0   5.0 450.0                            LAT/LON1/LON2/DLON/H
  205  204  204  209  215  220  227  234  238  235  232  227  223  216  209  203
  197  194  193  194  195  197  198  197  195  191  185  177  168  160  153  147
  141  136  131  125  120  115  111  110  111  113  115  115  113  110  106  104
  102  100  100  101  106  114  124  136  147  156  164  171  177  183  191  200
  208  216  225  224  223  223  222  229  205                                   
    32.5-180.0 180.0   5.0 450.0                            LAT/LON1/LON2/DLON/H
  231  234  233  232  233  235  239  245  251  249  247  245  241  235  229  223
  217  213  212  212  213  213  211  208  203  196  187  178  169  161  154  148
  142  137  130  124  118  113  111  110  113  116  119  119  116  111  106  103
  100   97   96   97  101  110  121  134  145  155  164  172  180  189  198  209
  218  227  237  238  240  243  245  251  231                                   
    30.0-180.0 180.0   5.0 450.0                            LAT/LON1/LON2/DLON/H
  268  276  273  266  263  261  261  264  269  268  266  264  261  256  250  244
  238  234  232  231  230  228  224  218  210  200  190  180  170  162  156  150
  144  138  131  124  118  113  111  112  116  120  122  122  117  111  105  100
   96   92   90   91   96  105  117  130  141  151  161  171  182  193  206  218
  229  241  252  255  260  267  273  280  268                                   
    27.5-180.0 180.0   5.0 450.0                            LAT/LON1/LON2/DLON/H
  312  326  320  311  304  297  293  292  295  293  291  288  284  280  274  269
  263  257  253  249  245  241  236  228  218  206  194  183  173  165  158  153
  147  141  133  126  120  115  114  115  118  122  124  122  117  109  102   96
   91   87   85   86   91  100  113  126  137  147  157  169  182  198  214  229
  242  255  269  274  282  293  303  313  312                                   
    25.0-180.0 180.0   5.0 450.0                            LAT/LON1/LON2/DLON/H
  355  373  368  358  350  340  333  329  329  326  323  319  315  310  305  299
  292  284  276  269  262  256  248  239  227  213  200  188  177  168  162  156
  151  144  136  129  123  119  117  118  120  122  122  119  113  105   97   91
   86   83   81   82   87   97  111  124  135  145  155  168  184  203  222  241
  256  271  286  293  304  318  332  345  355                                   
    22.5-180.0 180.0   5.0 450.0                            LAT/LON1/LON2/DLON/H
  390  408  407  402  393  384  376  370  369  367  363  359  354  349  343  337
  328  316  304  292  281  272  263  252  238  222  207  193  181  172  164  158
  153  146  139  132  126  122  120  119  119  119  117  113  107   99   92   86
   82   79   78   79   85   96  109  123  135  145  156  170  188  209  232  253
  271  288  304  311  324  338  356  373  390                                   
    20.0-180.0 180.0   5.0 450.0                            LAT/LON1/LON2/DLON/H
  409  426  431  433  427  421  415  412  413  412  409  406  401  396  390  382
  370  355  337  319  304  292  281  267  251  232  214  197  184  173  165  159
  154  148  141  135  130  125  122  119  116  113  110  106   99   93   86   82
   79   76   75   77   83   93  108  123  136  147  159  174  194  218  243  266
  286  304  320  328  340  353  373  394  409                                   
    17.5-180.0 180.0   5.0 450.0                            LAT/LON1/LON2/DLON/H
  413  426  437  448  446  445  446  448  454  457  457  455  452  447  442  433
  418  398  374  351  331  315  301  284  263  240  218  199  183  171  163  158
  153  148  142  137  132  128  123  118  113  108  104   99   93   88   83   79
   76   74   73   74   79   90  105  122  137  150  163  180  202  228  254  279
  300  319  335  343  353  362  384  408  413                                   
    15.0-180.0 180.0   5.0 450.0                            LAT/LON1/LON2/DLON/H
  405  415  429  447  451  456  463  473  485  493  498  500  499  496  492  482
  465  441  413  384  360  340  321  299  273  245  219  197  180  168  160  156
  152  148  144  139  135  130  124  117  110  104   99   94   89   84   80   77
   74   72   71   71   76   86  102  120  137  153  168  187  211  237  265  291
  312  332  348  356  364  368  390  416  405                                   
    12.5-180.0 180.0   5.0 450.0                            LAT/LON1/LON2/DLON/H
  395  400  417  437  444  454  466  483  501  514  524  530  533  534  531  522
  505  479  448  416  387  362  337  309  277  245  216  192  175  165  158  155
  153  149  145  141  137  133  126  118  110  103   98   93   89   84   79   75
   72   70   68   67   71   80   97  116  136  154  172  193  219  247  275  302
  324  344  361  368  374  375  395  421  395                                   
    10.0-180.0 180.0   5.0 450.0                            LAT/LON1/LON2/DLON/H
  390  393  408  427  435  446  461  480  501  518  530  540  547  551  551  544
  529  505  473  440  407  376  345  311  274  239  209  186  171  162  158  156
  153  150  147  143  140  135  129  121  113  106  100   96   91   85   80   74
   70   66   63   62   65   74   90  111  133  153  174  198  225  254  284  311
  334  354  372  380  385  384  403  428  390                                   
     7.5-180.0 180.0   5.0 450.0                            LAT/LON1/LON2/DLON/H
  398  401  413  426  431  439  452  469  489  505  517  528  537  544  547  544
  533  513  484  450  415  380  343  304  265  230  201  181  169  162  158  157
