data/edconvlstm_nd/pred1510.15i
     1.0            IONOSPHERE MAPS     GNSS                IONEX VERSION / TYPE
pyspatialgeodesy        IME             05-JAN-18 20:20     PGM / RUN BY / DATE 
Map Name                                                    COMMENT             
Predicted global ionosphere maps (GIM).                     DESCRIPTION         
  2015     5    31     0     0     0                        EPOCH OF FIRST MAP  
  2015     6     1     0     0     0                        EPOCH OF LAST MAP   
  7200                                                      INTERVAL            
    13                                                      # OF MAPS IN FILE   
  NONE                                                      MAPPING FUNCTION    
10.0                                                        ELEVATION CUTOFF    
One-way carrier phase leveled to code                       OBSERVABLES USED    
  6371.0                                                    BASE RADIUS         
 2                                                          MAP DIMENSION       
   450.0 450.0   0.0                                        HGT1 / HGT2 / DHGT  
    87.5 -87.5  -2.5                                        LAT1 / LAT2 / DLAT  
  -180.0 180.0   5.0                                        LON1 / LON2 / DLON  
    -1                                                      EXPONENT            
                                                            END OF HEADER       
[from data line 429]
     2                                                      START OF TEC MAP    
  2015     5    31     2     0     0                        EPOCH OF CURRENT MAP
    87.5-180.0 180.0   5.0 450.0                            LAT/LON1/LON2/DLON/H
  166  171  175  175  175  172  169  168  169  168  168  168  167  167  166  165
  164  163  162  161  160  158  157  156  154  153  152  150  149  148  147  146
  146  145  144  144  144  143  143  143  143  144  144  144  144  145  145  146
  146  146  146  147  147  147  147  147  148  148  148  149  149  150  150  152
  154  156  157  158  161  162  162  160  166                                   
    85.0-180.0 180.0   5.0 450.0                            LAT/LON1/LON2/DLON/H
  177  183  173  180  185  182  181  180  180  180  179  179  178  177  176  175
  173  172  170  169  167  165  164  162  160  159  157  155  154  153  151  150
  150  149  148  148  148  148  148  148  148  149  149  149  150  150  151  151
  151  152  152  152  152  153  153  153  153  154  154  155  155  156  156  158
  161  163  163  167  163  165  165  162  177                                   
    82.5-180.0 180.0   5.0 450.0                            LAT/LON1/LON2/DLON/H
  183  182  186  186  188  187  186  187  188  187  186  185  184  182  181  179
  177  175  173  171  168  166  164  161  159  157  154  152  150  148  147  146
  145  144  144  144  144  144  145  145  146  146  147  148  148  149  149  150
  150  151  151  151  151  151  151  151  152  152  152  153  153  154  155  157
  159  161  161  164  169  161  161  157  183                                   
    80.0-180.0 180.0   5.0 450.0                            LAT/LON1/LON2/DLON/H
  181  183  179  182  184  185  188  189  190  189  187  186  185  183  180  178
  176  173  171  168  165  163  160  157  154  151  148  146  143  141  140  139
  138  138  138  138  139  140  141  143  144  145  146  147  148  149  150  150
  151  151  152  152  151  151  151  150  150  149  149  149  149  150  151  153
  154  155  155  157  167  162  167  158  181                                   
    77.5-180.0 180.0   5.0 450.0                            LAT/LON1/LON2/DLON/H
  176  176  175  181  180  182  187  189  190  188  186  185  182  180  177  174
  171  169  166  163  161  158  155  152  149  146  143  140  137  135  133  133
  133  133  135  136  138  140  142  144  145  147  148  149  151  152  153  154
  155  156  156  156  156  155  154  153  151  150  149  148  147  147  148  149
  150  152  149  153  160  157  159  156  176                                   
    75.0-180.0 180.0   5.0 450.0                            LAT/LON1/LON2/DLON/H
  168  168  168  177  175  179  183  185  186  184  182  180  177  173  170  167
  164  161  159  157  155  153  150  147  144  140  136  133  130  127  126  126
  127  128  130  133  136  139  141  143  145  147  148  150  151  153  155  157
  159  160  161  161  161  160  158  156  153  151  148  147  146  145  145  147
  147  148  146  143  149  149  149  151  168                                   
    72.5-180.0 180.0   5.0 450.0                            LAT/LON1/LON2/DLON/H
  156  161  163  170  171  174  178  181  183  181  178  176  173  169  165  161
  159  157  155  154  153  151  149  146  142  138  134  130  127  124  124  124
  125  128  131  135  139  142  145  147  149  150  152  153  155  158  161  164
  167  169  171  172  171  169  166  163  159  156  153  151  149  148  148  150
  149  150  149  146  147  143  143  145  156                                   
    70.0-180.0 180.0   5.0 450.0                            LAT/LON1/LON2/DLON/H
  153  153  156  164  164  167  172  175  178  176  174  172  168  164  159  156
  153  151  150  150  149  148  146  143  139  134  129  125  122  119  119  120
  122  125  129  133  138  141  144  146  148  149  150  151  154  157  161  166
  171  175  177  178  178  176  172  167  163  158  155  152  151  150  151  152
  152  152  150  147  148  142  142  143  153                                   
    67.5-180.0 180.0   5.0 450.0                            LAT/LON1/LON2/DLON/H
  149  149  151  157  158  161  165  168  171  171  169  167  164  159  155  151
  148  147  146  146  146  146  144  141  136  131  125  120  116  114  114  115
  117  120  124  129  133  136  139  140  141  142  143  145  148  153  158  164
  171  176  180  181  181  178  173  168  163  158  154  152  151  151  152  154
  154  153  152  148  148  142  141  143  149                                   
    65.0-180.0 180.0   5.0 450.0                            LAT/LON1/LON2/DLON/H
  150  148  149  154  154  155  159  162  166  166  165  164  162  158  154  150
  147  145  145  145  145  145  143  139  134  128  122  117  114  112  111  112
  113  116  120  123  127  130  132  133  133  134  135  138  142  148  155  163
  170  177  181  183  183  179  174  169  163  158  155  153  153  153  155  157
  158  157  155  151  151  146  146  148  150                                   
    62.5-180.0 180.0   5.0 450.0                            LAT/LON1/LON2/DLON/H
  155  153  153  156  154  154  157  159  162  163  163  163  161  159  155  152
  149  147  146  146  145  144  142  138  133  127  122  117  114  112  112  111
  112  113  115  118  121  123  124  125  125  126  128  131  137  144  153  162
  170  178  183  185  184  181  175  170  164  159  157  156  156  157  159  162
  162  162  160  156  156  152  153  156  155                                   
    60.0-180.0 180.0   5.0 450.0                            LAT/LON1/LON2/DLON/H
  164  162  161  162  158  156  157  158  160  160  160  161  161  159  157  154
  151  149  147  146  145  143  141  136  131  126  122  119  117  116  114  113
  111  111  111  112  113  115  116  117  118  119  122  127  134  142  152  162
  171  178  183  185  185  182  177  171  166  162  160  159  160  161  163  165
  165  165  163  160  162  159  161  165  164                                   
    57.5-180.0 180.0   5.0 450.0                            LAT/LON1/LON2/DLON/H
  176  176  174  174  168  164  163  161  161  159  159  159  160  159  158  156
  153  150  148  147  145  142  139  134  130  126  123  122  122  121  119  116
  112  109  107  106  107  109  111  112  113  115  119  125  133  142  153  163
  172  180  184  187  186  184  180  175  171  168  166  165  165  165  166  168
  167  167  166  164  168  166  170  175  176                                   
    55.0-180.0 180.0   5.0 450.0                            LAT/LON1/LON2/DLON/H
  188  191  190  189  183  177  174  169  166  161  158  158  158  158  158  156
  154  151  149  147  144  141  137  133  129  126  126  127  128  128  125  120
  114  108  104  103  104  106  108  109  111  114  119  126  135  145  156  166
  175  182  187  189  189  188  185  181  178  175  173  172  171  170  169  169
  168  168  168  167  172  173  178  183  188                                   
    52.5-180.0 180.0   5.0 450.0                            LAT/LON1/LON2/DLON/H
  201  207  206  207  201  195  190  182  175  167  161  159  157  157  157  156
  155  152  150  147  145  141  137  133  129  128  129  132  134  135  132  125
  116  109  103  102  103  105  108  110  112  116  121  128  138  149  160  170
  179  186  190  193  194  193  191  189  187  185  182  180  177  174  172  170
  169  168  169  170  176  179  185  190  201                                   
    50.0-180.0 180.0   5.0 450.0                            LAT/LON1/LON2/DLON/H
  211  220  221  224  220  214  209  200  190  178  169  163  159  158  158  157
  156  154  152  149  147  143  139  135  132  131  133  137  140  141  137  129
  119  110  105  104  105  108  111  113  115  119  124  132  142  153  165  175
  184  190  195  199  200  201  201  200  198  195  192  189  184  179  175  173
  170  171  172  174  181  185  191  196  211                                   
    47.5-180.0 180.0   5.0 450.0                            LAT/LON1/LON2/DLON/H
  218  229  232  237  236  233  229  219  209  194  181  172  166  162  161  160
  159  158  156  153  151  147  143  139  135  135  137  141  145  145  141  132
  122  113  109  108  111  114  117  118  120  123  128  136  146  158  170  180
  189  196  202  206  209  211  212  211  210  207  203  198  192  186  180  177
  175  176  178  181  187  191  197  201  218                                   
    45.0-180.0 180.0   5.0 450.0                            LAT/LON1/LON2/DLON/H
  223  233  238  246  248  247  245  237  227  212  197  185  177  172  169  167
  165  163  161  159  157  153  149  144  140  139  141  145  148  148  143  134
  125  118  115  115  118  121  123  124  125  127  132  140  150  162  174  185
  195  203  209  215  219  222  224  225  223  220  215  208  201  194  189  186
  184  185  188  190  196  198  204  208  223                                   
    42.5-180.0 180.0   5.0 450.0                            LAT/LON1/LON2/DLON/H
  228  235  241  250  255  255  256  251  243  229  215  202  193  185  181  177
  174  171  168  166  163  160  155  150  146  144  146  149  151  150  145  137
  129  124  122  124  127  129  130  130  130  132  136  143  153  165  177  189
  200  209  217  224  230  235  238  239  237  233  228  221  214  207  202  199
  198  200  203  204  208  209  214  217  228                                   
    40.0-180.0 180.0   5.0 450.0                            LAT/LON1/LON2/DLON/H
  233  238  243  251  257  258  260  258  253  242  231  220  211  203  196  190
  185  180  176  173  170  166  162  157  152  151  151  153  154  152  147  141
  135  132  132  134  136  138  138  137  136  137  141  147  156  168  180  193
  204  215  225  233  241  248  252  253  252  248  243  236  229  223  219  217
  217  219  222  222  224  223  227  230  233                                   
    37.5-180.0 180.0   5.0 450.0                            LAT/LON1/LON2/DLON/H
  243  245  248  252  258  257  260  261  259  252  245  237  230  222  214  206
  197  190  184  180  176  173  168  164  160  158  159  159  159  156  151  146
  142  141  142  144  145  146  145  144  143  144  147  152  160  170  182  195
  208  219  230  241  251  259  265  267  267  263  259  253  248  243  240  240
  240  242  245  243  243  240  245  247  243                                   
    35.0-180.0 180.0   5.0 450.0                            LAT/LON1/LON2/DLON/H
  260  259  258  259  262  259  261  262  263  260  256  252  247  240  232  222
  210  200  192  186  182  178  175  172  170  169  169  168  167  163  158  153
  150  150  151  152  153  152  151  151  151  151  153  157  163  172  183  196
  208  221  233  245  257  268  276  280  280  278  275  272  269  266  264  264
  265  267  269  267  265  262  266  268  260                                   
    32.5-180.0 180.0   5.0 450.0                            LAT/LON1/LON2/DLON/H
  284  282  278  274  274  269  267  268  270  269  268  266  263  258  249  237
  223  210  199  192  187  185  183  182  182  182  182  180  177  172  166  161
  158  158  158  158  157  157  157  157  159  159  160  162  165  172  182  193
  206  218  231  244  258  272  282  289  292  292  292  291  290  289  289  289
  290  292  293  290  288  285  290  292  284                                   
    30.0-180.0 180.0   5.0 450.0                            LAT/LON1/LON2/DLON/H
  314  313  307  300  298  290  286  285  285  284  283  282  280  275  265  252
  236  220  208  199  194  193  194  195  197  197  197  194  189  182  174  168
  165  163  162  160  159  159  160  163  165  166  165  165  166  170  177  188
  199  211  224  238  254  271  285  294  300  304  307  309  311  311  311  312
  312  314  315  313  311  310  315  317  314                                   
    27.5-180.0 180.0   5.0 450.0                            LAT/LON1/LON2/DLON/H
  347  349  343  336  333  325  320  315  313  308  304  302  299  293  282  267
  249  232  217  207  203  203  206  210  213  214  213  208  200  191  181  173
  167  164  161  158  157  158  162  166  169  169  167  164  162  164  170  179
  189  200  212  228  246  265  283  296  305  313  319  325  329  330  330  331
  331  333  335  334  333  333  339  342  347                                   
    25.0-180.0 180.0   5.0 450.0                            LAT/LON1/LON2/DLON/H
  379  386  382  377  376  372  366  360  353  344  335  328  322  313  301  284
  265  245  228  218  214  215  221  226  230  230  227  219  209  197  184  173
  165  159  155  152  152  155  160  165  167  167  163  158  155  155  159  167
  176  187  199  215  236  258  278  295  307  318  328  336  342  345  345  345
  346  349  352  353  352  354  360  366  379                                   
    22.5-180.0 180.0   5.0 450.0                            LAT/LON1/LON2/DLON/H
  406  416  417  418  421  422  420  413  404  389  374  361  350  338  323  304
  282  261  242  231  227  229  236  242  244  242  236  225  212  197  182  168
  158  151  146  144  145  149  155  159  161  159  154  148  143  142  146  154
  164  175  188  205  227  251  273  292  307  320  333  344  351  355  355  356
  358  362  367  369  369  372  378  386  406                                   
    20.0-180.0 180.0   5.0 450.0                            LAT/LON1/LON2/DLON/H
  424  436  442  450  460  468  471  467  457  439  418  398  381  365  348  327
  303  279  258  245  240  243  249  254  253  247  237  223  207  190  174  160
  148  140  136  135  137  142  147  150  150  147  141  135  130  129  133  142
  153  166  180  199  222  247  270  290  306  320  334  347  357  361  363  365
  368  375  382  385  385  386  393  402  424                                   
    17.5-180.0 180.0   5.0 450.0                            LAT/LON1/LON2/DLON/H
  434  445  455  469  484  499  508  509  501  482  458  434  413  393  373  350
  324  298  275  260  253  254  258  259  254  243  228  211  194  178  163  149
  138  131  127  127  130  135  138  139  138  133  128  122  118  117  122  132
  145  160  178  198  222  247  270  290  306  321  335  350  361  367  371  374
  380  388  397  401  399  399  406  415  434                                   
    15.0-180.0 180.0   5.0 450.0                            LAT/LON1/LON2/DLON/H
  436  444  455  473  491  509  524  530  527  510  486  461  438  416  394  370
  342  315  290  273  263  260  260  256  246  230  211  192  177  163  151  140
  131  125  122  123  126  129  131  130  126  121  117  112  109  109  114  125
  140  159  179  201  226  251  275  295  310  324  339  353  366  374  379  385
  392  402  412  416  412  410  417  427  436                                   
    12.5-180.0 180.0   5.0 450.0                            LAT/LON1/LON2/DLON/H
  435  439  450  466  483  500  516  527  528  516  496  473  451  430  408  383
  355  327  301  281  268  260  254  244  229  208  187  170  158  149  142  135
  128  124  122  122  124  126  125  122  118  113  109  106  104  103  109  120
  138  158  181  205  232  259  284  304  319  332  346  360  373  382  389  397
  406  417  428  431  425  421  428  437  435                                   
    10.0-180.0 180.0   5.0 450.0                            LAT/LON1/LON2/DLON/H
  437  438  445  455  466  478  492  503  508  502  487  469  450  431  410  386
  359  331  304  282  265  252  240  225  206  183  164  150  142  139  136  133
  130  127  125  125  126  125  122  117  113  109  107  104  102  101  105  117
  135  157  182  208  237  266  293  315  331  343  356  369  381  392  401  410
  420  431  442  444  437  431  439  448  437                                   
     7.5-180.0 180.0   5.0 450.0                            LAT/LON1/LON2/DLON/H
  446  444  446  448  451  454  461  470  476  473  463  450  436  419  400  377
  352  325  299  276  256  238  221  203  181  160  144  134  132  133  134  135
