data/edconvlstm_nd/pred3600.15i
     1.0            IONOSPHERE MAPS     GNSS                IONEX VERSION / TYPE
pyspatialgeodesy        IME             05-JAN-18 20:20     PGM / RUN BY / DATE 
Map Name                                                    COMMENT             
Predicted global ionosphere maps (GIM).                     DESCRIPTION         
  2015    12    26     0     0     0                        EPOCH OF FIRST MAP  
  2015    12    27     0     0     0                        EPOCH OF LAST MAP   
  7200                                                      INTERVAL            
    13                                                      # OF MAPS IN FILE   
  NONE                                                      MAPPING FUNCTION    
10.0                                                        ELEVATION CUTOFF    
One-way carrier phase leveled to code                       OBSERVABLES USED    
  6371.0                                                    BASE RADIUS         
 2                                                          MAP DIMENSION       
   450.0 450.0   0.0                                        HGT1 / HGT2 / DHGT  
    87.5 -87.5  -2.5                                        LAT1 / LAT2 / DLAT  
  -180.0 180.0   5.0                                        LON1 / LON2 / DLON  
    -1                                                      EXPONENT            
                                                            END OF HEADER       
[from data line 3432]
     9                                                      START OF TEC MAP    
  2015    12    26    16     0     0                        EPOCH OF CURRENT MAP
    87.5-180.0 180.0   5.0 450.0                            LAT/LON1/LON2/DLON/H
   51   57   57   59   63   60   60   55   55   57   56   57   56   57   57   57
   57   57   57   57   57   57   57   57   57   57   57   58   58   58   59   59
   60   60   60   61   61   62   62   63   64   64   65   66   67   67   68   69
   70   70   71   71   71   71   71   71   70   70   69   68   67   66   65   64
   64   63   58   54   57   56   72   75   51                                   
    85.0-180.0 180.0   5.0 450.0                            LAT/LON1/LON2/DLON/H
   53   60   73   54   55   58   57   57   57   59   58   59   59   59   59   59
   60   60   60   60   61   61   61   61   62   62   62   63   63   64   64   64
   65   65   66   66   67   67   68   68   69   69   70   71   72   73   73   74
   75   76   76   77   77   77   76   76   75   75   74   73   72   71   69   68
   67   65   60   55   57   58   67   62   53                                   
    82.5-180.0 180.0   5.0 450.0                            LAT/LON1/LON2/DLON/H
   38   46   54   45   47   48   50   49   50   51   51   52   52   52   52   52
   52   52   52   52   52   53   53   53   53   54   55   55   56   57   57   58
   59   59   60   60   60   60   61   61   62   62   63   64   65   67   68   69
   71   72   73   73   73   73   73   72   72   70   69   68   66   64   62   61
   60   57   52   48   53   60   58   55   38                                   
    80.0-180.0 180.0   5.0 450.0                            LAT/LON1/LON2/DLON/H
   26   32   45   39   41   39   42   43   44   46   47   48   49   49   49   49
   49   49   48   48   48   48   48   48   48   49   49   50   51   52   53   54
   54   55   55   55   55   54   54   54   54   55   56   57   59   61   63   65
   67   69   71   72   73   73   72   72   70   69   67   64   62   60   58   55
   54   52   48   46   46   50   49   53   26                                   
    77.5-180.0 180.0   5.0 450.0                            LAT/LON1/LON2/DLON/H
   35   34   36   31   34   34   37   39   41   43   44   46   47   47   48   48
   47   47   47   46   46   45   45   46   46   47   48   49   50   52   53   54
   54   54   53   52   51   49   48   46   45   45   46   47   49   52   55   59
   62   65   68   70   71   72   72   71   69   67   64   61   59   56   53   50
   48   45   42   40   39   39   42   45   35                                   
    75.0-180.0 180.0   5.0 450.0                            LAT/LON1/LON2/DLON/H
   27   29   30   29   32   33   36   38   42   45   46   49   51   52   52   53
   52   52   52   51   51   50   50   50   50   51   51   52   54   55   56   56
   56   55   54   51   49   46   43   40   39   38   38   39   42   45   49   53
   58   62   65   68   69   70   70   69   68   66   63   60   58   55   53   50
   48   47   44   41   40   37   36   32   27                                   
    72.5-180.0 180.0   5.0 450.0                            LAT/LON1/LON2/DLON/H
   32   32   31   31   33   34   38   40   43   46   48   52   54   56   57   57
   58   58   58   58   58   58   58   57   57   57   57   58   59   59   59   59
   58   57   54   50   46   41   37   33   30   28   28   29   31   34   38   43
   48   52   56   58   60   61   61   60   59   57   55   53   51   49   47   45
   44   43   41   38   37   36   37   37   32                                   
    70.0-180.0 180.0   5.0 450.0                            LAT/LON1/LON2/DLON/H
   33   33   34   34   36   36   39   42   47   51   54   58   61   64   66   68
   69   71   73   74   75   76   76   76   75   74   73   73   72   72   71   70
   68   64   60   55   49   43   37   32   28   26   25   25   27   31   35   39
   43   47   50   53   54   55   55   55   54   53   52   51   50   49   48   48
   47   47   46   43   43   41   45   44   33                                   
    67.5-180.0 180.0   5.0 450.0                            LAT/LON1/LON2/DLON/H
   36   36   36   36   39   39   43   46   50   54   57   62   65   69   72   76
   79   83   86   89   92   94   95   95   94   92   90   88   86   84   82   79
   75   71   65   59   52   44   38   32   27   24   23   23   25   27   30   34
   37   40   42   43   44   44   45   45   45   45   45   45   45   45   45   46
   47   47   47   44   44   43   44   43   36                                   
    65.0-180.0 180.0   5.0 450.0                            LAT/LON1/LON2/DLON/H
   35   37   36   38   39   40   43   46   49   53   57   62   66   71   76   81
   86   92   98  104  109  113  115  115  113  111  107  104  101   97   94   90
   85   78   71   63   55   47   40   34   29   26   25   24   25   26   28   30
   32   33   34   34   34   34   35   36   37   38   40   41   42   42   43   45
   46   48   49   48   47   48   48   47   35                                   
    62.5-180.0 180.0   5.0 450.0                            LAT/LON1/LON2/DLON/H
   34   37   35   37   39   39   41   44   47   50   53   59   64   70   77   83
   91   99  107  116  123  128  131  131  130  127  123  119  115  110  105  100
   93   86   77   68   58   50   43   37   32   29   28   27   26   27   27   27
   27   27   26   25   25   25   25   27   29   32   34   36   37   38   39   40
   42   44   47   46   46   46   45   45   34                                   
    60.0-180.0 180.0   5.0 450.0                            LAT/LON1/LON2/DLON/H
   33   35   33   36   36   36   37   38   40   43   47   52   59   66   74   82
   91  101  112  122  131  138  141  143  142  139  135  131  127  122  117  110
  102   92   82   72   62   53   46   41   37   34   32   30   29   28   26   25
   24   22   20   18   17   17   18   21   24   27   30   32   33   34   34   35
   36   38   41   42   42   42   42   43   33                                   
    57.5-180.0 180.0   5.0 450.0                            LAT/LON1/LON2/DLON/H
   31   33   33   36   36   35   36   36   37   39   43   49   56   64   73   82
   93  104  116  128  138  145  150  152  152  150  148  145  141  137  131  123
  113  103   91   80   69   60   54   49   46   43   41   38   35   33   30   27
   24   22   19   17   15   15   17   19   23   27   31   33   34   34   33   33
   33   35   38   39   40   40   39   41   31                                   
    55.0-180.0 180.0   5.0 450.0                            LAT/LON1/LON2/DLON/H
   34   35   35   38   38   37   36   35   36   37   41   47   55   64   73   84
   95  107  120  132  143  151  156  158  159  159  158  157  155  151  145  136
  125  113  101   89   78   69   63   59   57   54   52   48   44   39   35   32
   29   26   23   20   18   18   19   22   27   31   35   37   38   36   35   34
   33   35   38   39   40   40   39   41   34                                   
    52.5-180.0 180.0   5.0 450.0                            LAT/LON1/LON2/DLON/H
   39   40   40   44   44   42   41   39   38   39   43   50   58   67   77   87
   99  112  125  137  147  155  160  164  166  168  169  169  168  164  157  148
  136  123  110   98   88   80   75   72   70   67   64   59   54   48   43   40
   37   34   31   28   26   26   27   30   35   39   43   45   44   42   40   38
   38   39   42   43   44   44   43   43   39                                   
    50.0-180.0 180.0   5.0 450.0                            LAT/LON1/LON2/DLON/H
   47   48   48   52   52   51   48   46   45   46   50   57   65   74   83   94
  106  118  131  142  152  160  166  170  173  176  179  180  179  175  167  156
  144  131  118  107   98   91   87   85   83   81   77   71   64   58   53   50
   47   45   43   40   38   38   39   42   46   50   53   54   53   50   48   46
   46   47   50   52   52   52   51   50   47                                   
    47.5-180.0 180.0   5.0 450.0                            LAT/LON1/LON2/DLON/H
   57   58   58   62   62   61   58   56   54   56   60   67   75   83   92  103
  114  126  138  149  159  166  172  177  181  185  188  189  187  181  171  159
  146  134  123  113  106  101   99   97   95   93   88   81   74   67   62   60
   58   57   55   53   51   51   52   54   57   60   62   62   60   58   56   55
   55   57   61   62   63   63   62   59   57                                   
    45.0-180.0 180.0   5.0 450.0                            LAT/LON1/LON2/DLON/H
   66   67   67   72   71   71   67   66   66   69   73   80   87   95  103  113
  123  135  146  157  166  173  179  184  189  192  194  193  188  179  167  154
  142  132  124  117  113  110  108  107  106  103   97   90   82   75   70   68
   67   66   65   63   62   61   62   64   66   68   68   67   65   64   63   64
   65   67   71   73   74   74   73   69   66                                   
    42.5-180.0 180.0   5.0 450.0                            LAT/LON1/LON2/DLON/H
   72   73   73   78   77   77   74   75   76   81   87   94  101  107  114  123
  133  144  154  164  173  180  186  192  195  198  197  193  184  172  158  145
  135  127  123  120  119  118  117  117  115  111  104   96   88   81   77   74
   73   72   70   69   67   67   68   70   71   71   70   69   67   66   67   69
   71   74   78   80   81   82   81   77   72                                   
    40.0-180.0 180.0   5.0 450.0                            LAT/LON1/LON2/DLON/H
   74   74   73   79   78   78   77   80   84   92   99  107  114  120  126  134
  143  153  162  171  179  186  193  197  200  199  195  187  175  160  146  135
  128  125  125  126  128  128  128  126  123  118  110  101   93   86   82   79
   77   75   72   70   68   68   70   71   72   71   69   67   65   65   67   70
   74   77   81   82   82   83   82   80   74                                   
    37.5-180.0 180.0   5.0 450.0                            LAT/LON1/LON2/DLON/H
   71   70   69   75   74   75   76   81   89   99  109  118  125  131  138  145
  153  162  170  178  185  192  197  200  201  198  190  179  165  151  139  132
  130  133  137  141  143  144  142  139  133  126  117  107   99   92   88   84
   81   77   73   69   67   68   69   70   71   69   66   63   62   62   65   69
   72   75   78   79   79   79   78   78   71                                   
    35.0-180.0 180.0   5.0 450.0                            LAT/LON1/LON2/DLON/H
   66   64   62   68   68   68   71   78   89  103  116  128  136  143  150  157
  164  171  178  184  190  196  200  201  200  194  185  173  160  150  143  143
  147  155  162  168  170  168  163  156  148  138  127  116  108  102   97   93
   87   82   76   71   68   68   69   70   70   67   64   60   59   59   62   65
   68   71   73   73   72   71   69   71   66                                   
    32.5-180.0 180.0   5.0 450.0                            LAT/LON1/LON2/DLON/H
   60   57   55   61   60   61   64   74   88  104  120  135  146  155  163  170
  176  182  186  191  195  199  201  201  197  190  181  172  165  161  163  171
  182  194  204  208  208  202  192  180  168  154  141  130  122  116  112  107
  101   93   85   79   75   73   73   73   71   68   65   61   59   59   61   64
   66   67   68   67   65   63   61   64   60                                   
    30.0-180.0 180.0   5.0 450.0                            LAT/LON1/LON2/DLON/H
   57   53   51   56   55   55   59   69   85  103  123  141  155  167  176  184
  189  193  196  198  200  202  202  200  196  190  184  181  182  189  201  217
  234  249  259  260  255  243  227  210  193  176  161  149  142  138  134  129
  122  113  104   97   90   86   83   81   78   74   70   67   65   64   65   67
   67   67   67   66   63   59   56   59   57                                   
    27.5-180.0 180.0   5.0 450.0                            LAT/LON1/LON2/DLON/H
   57   53   51   55   54   53   56   66   83  103  125  146  163  177  189  197
  203  206  207  207  207  206  204  202  198  196  196  202  213  232  255  279
  301  317  324  320  307  288  266  244  222  202  186  174  168  165  162  158
  151  143  133  124  115  108  101   95   90   85   80   77   75   74   74   74
   73   72   71   69   66   61   58   59   57                                   
    25.0-180.0 180.0   5.0 450.0                            LAT/LON1/LON2/DLON/H
   62   58   55   57   57   56   58   67   83  103  127  149  170  187  200  209
  215  217  217  216  214  212  209  207  206  209  218  234  257  287  320  352
  377  392  393  381  360  333  305  277  252  230  213  202  197  195  194  191
  185  177  168  158  147  135  124  114  105   99   94   91   90   89   87   85
   82   81   79   77   75   70   66   63   62                                   
    22.5-180.0 180.0   5.0 450.0                            LAT/LON1/LON2/DLON/H
   70   65   61   63   64   63   65   72   87  107  130  153  175  193  208  219
  225  228  228  226  223  220  217  217  221  231  249  274  308  348  389  426
  450  460  452  432  403  369  337  307  281  259  242  232  228  227  226  224
  219  213  204  194  181  165  149  134  122  114  109  107  106  104  102   99
   94   92   90   87   86   81   77   71   70                                   
    20.0-180.0 180.0   5.0 450.0                            LAT/LON1/LON2/DLON/H
   79   73   68   70   72   72   75   82   96  115  136  158  180  199  214  226
  233  237  238  236  233  230  229  232  242  260  285  319  361  407  451  486
  505  507  491  463  429  393  359  330  305  285  270  261  256  255  254  251
  247  242  235  225  210  192  172  153  138  128  123  120  119  117  115  111
  105  102   99   97   97   93   88   80   79                                   
    17.5-180.0 180.0   5.0 450.0                            LAT/LON1/LON2/DLON/H
   87   79   72   75   79   81   86   95  109  127  146  167  187  205  221  233
  241  246  248  248  246  244  246  254  269  293  325  364  409  454  493  520
  531  524  502  472  437  402  371  345  324  307  294  285  279  276  272  268
  264  260  255  245  231  211  188  168  151  140  133  130  129  127  124  119
  113  109  105  103  103  100   95   88   87                                   
    15.0-180.0 180.0   5.0 450.0                            LAT/LON1/LON2/DLON/H
   89   81   73   77   82   87   97  109  125  143  161  180  198  215  230  242
  252  258  261  262  261  262  267  279  300  329  363  403  443  481  510  526
  526  514  491  462  431  401  376  355  339  326  315  304  295  288  280  273
  268  264  260  253  239  220  198  177  160  148  141  137  134  132  128  123
  116  112  106  104  104  102   97   92   89                                   
    12.5-180.0 180.0   5.0 450.0                            LAT/LON1/LON2/DLON/H
   85   77   69   75   82   90  106  122  141  161  179  196  213  229  244  257
  267  274  279  281  282  284  292  309  333  364  397  432  463  489  504  509
  503  488  467  443  418  396  377  363  353  343  331  318  304  291  278  268
  261  257  254  249  238  221  202  183  168  156  147  141  137  134  129  123
  116  111  103  100   99   97   92   90   85                                   
    10.0-180.0 180.0   5.0 450.0                            LAT/LON1/LON2/DLON/H
   76   69   62   69   79   90  112  133  157  179  198  216  232  248  263  276
  287  296  302  304  306  310  321  341  366  396  425  450  471  483  487  482
  472  458  442  424  407  391  380  372  365  357  344  327  308  289  271  257
  248  244  242  238  231  218  204  189  176  164  154  146  141  135  130  123
  115  108   99   93   92   88   84   83   76                                   
     7.5-180.0 180.0   5.0 450.0                            LAT/LON1/LON2/DLON/H
   65   60   54   63   74   88  115  141  170  196  217  236  254  270  286  300
  312  322  329  332  334  340  353  373  398  423  445  461  470  472  467  458
