data/edconvlstm_nd/pred2140.15i
     1.0            IONOSPHERE MAPS     GNSS                IONEX VERSION / TYPE
pyspatialgeodesy        IME             05-JAN-18 20:20     PGM / RUN BY / DATE 
Map Name                                                    COMMENT             
Predicted global ionosphere maps (GIM).                     DESCRIPTION         
  2015     8     2     0     0     0                        EPOCH OF FIRST MAP  
  2015     8     3     0     0     0                        EPOCH OF LAST MAP   
  7200                                                      INTERVAL            
    13                                                      # OF MAPS IN FILE   
  NONE                                                      MAPPING FUNCTION    
10.0                                                        ELEVATION CUTOFF    
One-way carrier phase leveled to code                       OBSERVABLES USED    
  6371.0                                                    BASE RADIUS         
 2                                                          MAP DIMENSION       
   450.0 450.0   0.0                                        HGT1 / HGT2 / DHGT  
    87.5 -87.5  -2.5                                        LAT1 / LAT2 / DLAT  
  -180.0 180.0   5.0                                        LON1 / LON2 / DLON  
    -1                                                      EXPONENT            
                                                            END OF HEADER       
[from data line 2574]
     7                                                      START OF TEC MAP    
  2015     8     2    12     0     0                        EPOCH OF CURRENT MAP
    87.5-180.0 180.0   5.0 450.0                            LAT/LON1/LON2/DLON/H
  123  128  127  132  134  133  132  129  130  132  131  132  132  132  132  132
  133  133  133  133  133  134  134  134  134  134  134  135  135  135  135  135
  134  134  134  134  134  134  133  133  133  133  133  134  134  134  134  135
  135  135  136  136  136  136  136  136  136  136  136  136  135  135  135  134
  134  134  132  130  136  132  140  133  123                                   
    85.0-180.0 180.0   5.0 450.0                            LAT/LON1/LON2/DLON/H
  126  129  139  131  130  133  133  134  134  135  135  136  136  136  136  137
  137  137  137  138  138  138  139  139  139  140  140  140  140  140  140  140
  140  140  140  139  139  139  138  138  138  138  138  138  138  139  139  140
  140  141  141  142  142  142  143  143  143  143  142  142  141  141  140  139
  140  139  134  130  128  127  134  135  126                                   
    82.5-180.0 180.0   5.0 450.0                            LAT/LON1/LON2/DLON/H
  119  126  130  123  122  125  126  127  128  129  130  131  131  131  132  132
  133  134  134  135  136  136  137  138  139  140  141  141  142  142  143  143
  143  142  142  141  141  140  139  139  138  138  138  138  139  139  140  141
  142  142  143  144  145  145  145  145  145  145  144  144  143  141  140  138
  137  136  130  128  125  129  126  120  119                                   
    80.0-180.0 180.0   5.0 450.0                            LAT/LON1/LON2/DLON/H
  115  114  119  117  115  115  116  119  121  123  123  124  125  125  126  127
  127  128  129  129  130  131  132  134  135  136  137  139  140  140  141  141
  141  140  139  138  137  136  134  133  133  132  132  133  134  135  136  137
  139  140  141  143  143  144  145  145  145  144  143  142  141  139  136  134
  133  130  125  124  118  120  122  115  115                                   
    77.5-180.0 180.0   5.0 450.0                            LAT/LON1/LON2/DLON/H
  114  109  112  112  110  112  114  117  118  120  120  122  123  124  124  125
  126  127  127  128  130  131  133  134  136  138  140  142  144  145  146  146
  146  146  144  143  141  139  137  136  134  134  134  135  136  138  140  142
  144  146  148  149  150  151  152  152  151  151  150  148  146  143  140  137
  134  130  124  122  119  114  115  113  114                                   
    75.0-180.0 180.0   5.0 450.0                            LAT/LON1/LON2/DLON/H
  107  103  102  105  104  107  108  111  113  115  115  117  118  119  120  121
  122  122  123  124  126  127  129  131  134  136  139  141  143  145  146  147
  147  146  145  143  141  138  136  134  133  133  133  135  137  139  142  144
  146  148  150  151  152  153  153  154  154  153  152  151  149  146  142  139
  134  129  123  117  115  111  111  104  107                                   
    72.5-180.0 180.0   5.0 450.0                            LAT/LON1/LON2/DLON/H
  103  100   98  102  101  104  106  108  109  111  112  114  116  117  118  119
  120  121  122  123  125  127  129  132  134  137  140  142  144  146  148  149
  149  149  148  146  144  141  138  136  135  135  136  138  141  144  147  150
  152  153  154  155  155  155  155  156  156  156  156  155  153  151  148  144
  139  134  128  120  115  111  109  107  103                                   
    70.0-180.0 180.0   5.0 450.0                            LAT/LON1/LON2/DLON/H
  103   97   95   98   96   97   97   99  100  103  104  107  109  111  112  114
  114  115  116  118  120  122  125  128  131  133  136  138  140  142  144  145
  146  147  146  144  142  139  136  134  134  134  136  139  142  146  149  151
  153  153  153  152  151  150  150  151  151  152  153  153  153  152  149  147
  142  136  130  123  117  113  112  110  103                                   
    67.5-180.0 180.0   5.0 450.0                            LAT/LON1/LON2/DLON/H
  103   97   95   96   93   93   93   94   94   96   98  101  104  107  109  111
  112  113  114  116  118  121  124  127  130  132  134  136  137  139  140  142
  143  144  144  143  141  138  136  134  134  135  138  142  146  150  153  154
  154  153  152  149  147  146  145  146  147  149  151  153  154  155  154  152
  149  144  138  130  122  117  115  112  103                                   
    65.0-180.0 180.0   5.0 450.0                            LAT/LON1/LON2/DLON/H
  105   98   94   95   89   88   86   86   86   87   89   93   97  101  104  106
  107  108  110  112  115  118  122  126  129  132  133  134  135  136  137  139
  141  142  143  142  140  138  136  135  136  138  142  147  151  155  157  157
  156  153  150  146  143  141  141  141  143  146  149  152  155  157  158  158
  156  152  146  139  131  126  123  120  105                                   
    62.5-180.0 180.0   5.0 450.0                            LAT/LON1/LON2/DLON/H
  107  100   94   93   86   83   80   78   77   78   80   85   89   94   98  100
  102  103  105  108  112  116  121  126  130  132  133  134  134  135  136  138
  139  141  142  142  141  139  138  138  139  143  147  153  157  160  161  160
  157  153  149  144  141  139  138  139  141  145  149  153  156  159  161  162
  161  159  154  147  139  132  129  125  107                                   
    60.0-180.0 180.0   5.0 450.0                            LAT/LON1/LON2/DLON/H
  109  100   94   91   82   77   72   69   67   67   69   74   79   84   89   92
   94   96   99  102  107  112  119  124  129  132  134  134  135  135  136  138
  140  141  142  143  142  141  141  141  144  148  153  159  163  165  164  162
  158  153  149  145  142  140  140  141  143  147  151  154  158  160  162  164
  164  162  158  152  144  137  133  128  109                                   
    57.5-180.0 180.0   5.0 450.0                            LAT/LON1/LON2/DLON/H
  111  101   94   90   81   75   68   63   60   59   60   64   69   74   79   84
   87   89   93   97  102  109  117  124  130  134  136  138  139  139  140  142
  143  145  146  146  146  146  146  148  151  156  162  167  170  171  170  166
  162  157  153  151  149  148  148  149  151  154  157  160  162  163  164  165
  165  163  161  155  147  139  135  129  111                                   
    55.0-180.0 180.0   5.0 450.0                            LAT/LON1/LON2/DLON/H
  113  101   95   91   82   75   68   61   56   54   53   55   59   64   70   75
   79   82   87   92   98  106  115  123  130  135  139  142  144  145  147  148
  149  150  151  151  151  151  152  155  159  165  171  176  178  178  175  171
  166  163  161  160  159  160  160  161  163  165  167  168  168  167  166  165
  164  163  160  155  148  140  135  129  113                                   
    52.5-180.0 180.0   5.0 450.0                            LAT/LON1/LON2/DLON/H
  115  103   97   94   85   79   71   64   58   53   50   51   53   56   61   66
   72   77   82   88   95  104  113  122  130  136  142  146  149  152  154  155
  156  156  156  156  156  157  159  162  168  174  180  184  186  184  181  177
  173  171  171  171  173  173  174  175  176  177  178  178  176  172  168  165
  163  161  159  155  147  139  134  128  115                                   
    50.0-180.0 180.0   5.0 450.0                            LAT/LON1/LON2/DLON/H
  117  106  101   99   92   86   79   72   64   58   53   51   50   52   55   61
   67   73   79   86   94  102  111  121  129  136  143  149  153  157  160  162
  162  162  162  161  161  162  165  170  176  182  188  192  193  191  188  184
  181  181  182  184  185  186  187  187  188  189  189  187  184  179  172  167
  163  160  158  154  147  140  135  128  117                                   
    47.5-180.0 180.0   5.0 450.0                            LAT/LON1/LON2/DLON/H
  119  110  106  105  100   95   89   83   75   68   61   56   53   52   54   58
   64   71   78   86   94  102  111  120  128  136  144  150  156  161  165  167
  168  167  166  166  166  168  171  177  183  190  196  200  201  199  196  193
  191  191  193  194  195  196  196  195  196  197  198  196  192  186  178  171
  165  161  158  154  147  141  136  130  119                                   
    45.0-180.0 180.0   5.0 450.0                            LAT/LON1/LON2/DLON/H
  120  114  112  111  107  105  100   95   89   82   74   67   60   57   56   59
   65   73   80   88   96  104  112  120  128  136  144  151  157  163  167  171
  172  172  172  171  172  174  178  184  191  198  205  208  210  208  206  203
  202  201  202  202  202  200  199  199  200  202  204  203  200  193  185  177
  170  165  160  156  149  144  140  133  120                                   
    42.5-180.0 180.0   5.0 450.0                            LAT/LON1/LON2/DLON/H
  121  118  116  115  112  112  109  106  102   96   89   81   72   66   63   65
   70   76   84   92   99  107  114  122  129  137  144  151  157  163  169  174
  177  178  179  180  181  184  188  194  201  208  214  218  220  220  218  216
  214  212  210  208  205  201  199  199  201  204  207  209  207  201  193  184
  176  169  164  159  152  147  144  137  121                                   
    40.0-180.0 180.0   5.0 450.0                            LAT/LON1/LON2/DLON/H
  120  120  118  117  114  115  115  114  112  109  103   95   86   78   74   73
   76   82   89   96  103  110  117  124  132  139  145  151  158  164  171  177
  183  188  191  193  195  198  203  208  214  220  226  230  233  234  233  231
  228  223  219  213  208  203  200  200  202  206  211  213  212  208  200  192
  183  175  168  163  155  151  148  141  120                                   
    37.5-180.0 180.0   5.0 450.0                            LAT/LON1/LON2/DLON/H
  120  121  119  116  113  114  116  117  118  118  115  109  100   92   86   83
   84   88   94  100  107  114  121  128  135  142  148  154  159  166  174  184
  193  202  208  212  215  219  223  227  232  237  241  246  250  252  251  249
  244  237  229  221  214  209  206  206  209  212  216  218  218  214  207  199
  189  181  173  166  157  153  150  143  120                                   
    35.0-180.0 180.0   5.0 450.0                            LAT/LON1/LON2/DLON/H
  120  122  118  114  111  111  113  116  119  122  122  118  112  104   97   92
   91   94   98  104  111  117  124  131  138  145  152  157  163  171  182  195
  208  221  230  237  241  245  248  251  254  257  261  265  270  273  273  270
  264  255  245  236  228  223  221  221  223  225  226  226  224  219  213  205
  194  185  175  167  158  153  152  144  120                                   
    32.5-180.0 180.0   5.0 450.0                            LAT/LON1/LON2/DLON/H
  122  124  119  113  109  108  110  112  117  121  123  123  119  113  106  100
   98   98  102  107  113  120  127  134  141  149  156  162  169  179  192  209
  228  244  257  266  271  274  277  278  280  281  284  288  293  297  297  294
  286  277  266  257  251  248  247  247  247  245  241  237  231  225  217  209
  198  187  177  167  158  153  152  143  122                                   
    30.0-180.0 180.0   5.0 450.0                            LAT/LON1/LON2/DLON/H
  126  128  122  115  110  108  108  109  113  117  121  123  121  117  111  105
  102  101  104  109  116  122  129  135  143  151  160  168  177  189  206  227
  249  270  285  296  302  305  307  307  307  308  310  314  319  323  323  320
  312  302  293  287  283  283  283  283  279  272  262  251  240  231  221  212
  200  189  177  167  157  152  152  143  126                                   
    27.5-180.0 180.0   5.0 450.0                            LAT/LON1/LON2/DLON/H
  133  135  129  121  116  113  111  110  111  113  116  119  119  117  112  107
  103  103  106  111  118  124  130  136  143  152  162  172  184  200  221  246
  272  295  313  324  331  334  335  335  334  334  336  339  344  348  349  346
  339  331  324  321  321  324  326  324  317  303  285  267  250  236  225  214
  202  190  177  166  157  152  152  144  133                                   
    25.0-180.0 180.0   5.0 450.0                            LAT/LON1/LON2/DLON/H
  141  143  138  131  126  123  120  115  112  111  112  114  115  114  110  106
  103  103  107  113  121  127  131  135  142  151  162  176  192  212  236  264
  293  317  336  348  354  357  358  358  358  358  360  364  368  372  373  370
  365  359  356  356  359  364  366  363  351  332  307  282  259  241  228  216
  203  191  178  167  158  154  154  146  141                                   
    22.5-180.0 180.0   5.0 450.0                            LAT/LON1/LON2/DLON/H
  149  151  147  142  139  136  132  124  118  113  111  110  110  109  106  103
  101  102  107  115  123  129  132  135  140  149  162  179  199  223  251  281
  310  335  353  365  371  374  375  377  378  379  381  385  390  394  395  392
  389  385  384  387  392  396  397  391  376  353  323  292  266  245  230  219
  206  194  182  171  162  158  156  150  149                                   
    20.0-180.0 180.0   5.0 450.0                            LAT/LON1/LON2/DLON/H
  155  157  155  151  150  148  144  135  126  118  112  109  107  105  102  100
   99  101  107  116  125  130  133  134  138  148  162  182  205  233  263  295
  324  347  364  375  381  385  388  391  394  397  401  405  410  414  415  413
  410  407  407  410  413  415  413  405  388  363  331  298  270  248  232  221
  210  199  187  176  167  162  159  154  155                                   
    17.5-180.0 180.0   5.0 450.0                            LAT/LON1/LON2/DLON/H
  157  158  158  155  155  155  152  144  134  124  115  110  106  102   99   97
   96   99  107  117  126  132  135  136  139  148  164  186  213  243  275  306
  333  356  371  382  389  394  399  405  410  415  420  425  431  434  434  431
  428  425  423  423  422  420  414  404  387  362  332  300  271  249  234  224
  214  205  194  184  173  167  162  157  157                                   
    15.0-180.0 180.0   5.0 450.0                            LAT/LON1/LON2/DLON/H
  154  154  155  152  153  153  154  147  139  129  120  113  107  102   98   95
   94   98  106  116  127  134  137  139  143  153  170  193  221  253  285  315
  341  362  377  388  396  404  411  419  426  433  440  446  450  453  451  447
  441  436  431  427  421  414  405  393  378  356  328  298  271  250  236  227
  218  211  201  191  179  170  164  158  154                                   
    12.5-180.0 180.0   5.0 450.0                            LAT/LON1/LON2/DLON/H
  149  146  146  142  143  144  147  143  138  131  124  117  109  103   97   94
   94   97  105  116  127  136  142  146  151  162  180  203  232  263  294  323
  348  367  383  395  405  415  424  434  443  452  459  465  468  469  465  458
  450  441  433  423  413  402  391  379  366  347  323  296  270  250  237  228
  221  215  207  197  183  172  164  158  149                                   
    10.0-180.0 180.0   5.0 450.0                            LAT/LON1/LON2/DLON/H
  142  136  133  128  127  128  133  133  132  129  124  119  112  104   98   94
   93   96  104  115  127  138  147  154  163  175  193  216  244  274  303  330
  354  374  390  404  416  427  438  449  459  468  475  480  482  479  472  463
  451  440  428  415  402  389  377  367  356  340  319  293  268  248  235  227
  221  216  209  200  185  171  162  155  142                                   
     7.5-180.0 180.0   5.0 450.0                            LAT/LON1/LON2/DLON/H
  137  126  121  114  112  112  117  119  121  123  122  118  112  105   99   95
   94   96  103  114  128  142  154  165  177  191  208  230  256  284  311  337
