data/edconvlstm_nd/pred3350.15i
     1.0            IONOSPHERE MAPS     GNSS                IONEX VERSION / TYPE
pyspatialgeodesy        IME             05-JAN-18 20:20     PGM / RUN BY / DATE 
Map Name                                                    COMMENT             
Predicted global ionosphere maps (GIM).                     DESCRIPTION         
  2015    12     1     0     0     0                        EPOCH OF FIRST MAP  
  2015    12     2     0     0     0                        EPOCH OF LAST MAP   
  7200                                                      INTERVAL            
    13                                                      # OF MAPS IN FILE   
  NONE                                                      MAPPING FUNCTION    
10.0                                                        ELEVATION CUTOFF    
One-way carrier phase leveled to code                       OBSERVABLES USED    
  6371.0                                                    BASE RADIUS         
 2                                                          MAP DIMENSION       
   450.0 450.0   0.0                                        HGT1 / HGT2 / DHGT  
    87.5 -87.5  -2.5                                        LAT1 / LAT2 / DLAT  
  -180.0 180.0   5.0                                        LON1 / LON2 / DLON  
    -1                                                      EXPONENT            
                                                            END OF HEADER       
     1                                                      START OF TEC MAP    
  2015    12     1     0     0     0                        EPOCH OF CURRENT MAP
    87.5-180.0 180.0   5.0 450.0                            LAT/LON1/LON2/DLON/H
   86   80   70   63   61   68   63   61   62   61   61   61   60   60   59   58
   57   56   55   54   53   52   51   50   49   48   46   45   45   44   43   42
   42   41   41   40   40   40   40   40   40   40   40   40   41   41   41   41
   42   42   42   43   43   44   44   45   45   46   46   47   47   48   49   50
   51   51   51   53   48   66   73   70   86                                   
    85.0-180.0 180.0   5.0 450.0                            LAT/LON1/LON2/DLON/H
   81   85   67   71   73   82   78   76   76   75   74   74   73   72   70   69
   68   66   64   63   61   59   57   56   54   52   51   49   48   47   46   46
   45   45   45   45   45   46   46   47   47   48   48   49   49   50   50   51
   51   52   52   53   54   54   55   55   56   56   57   58   58   59   60   61
   62   63   65   70   74   83   93   83   81                                   
    82.5-180.0 180.0   5.0 450.0                            LAT/LON1/LON2/DLON/H
   78   71   84   81   81   91   86   83   85   84   84   83   82   80   78   76
   73   70   67   64   61   57   54   51   47   44   42   39   38   36   35   35
   35   35   36   36   37   38   39   40   42   43   44   45   46   46   47   48
   49   49   50   51   51   52   53   54   54   55   56   57   57   58   59   61
   62   62   64   65   75   71   81   82   78                                   
    80.0-180.0 180.0   5.0 450.0                            LAT/LON1/LON2/DLON/H
   94   88   92   85   89   92   91   89   91   89   88   88   86   84   81   78
   74   71   67   63   59   54   50   46   42   39   37   34   33   32   31   31
   31   32   33   34   35   37   38   40   41   42   44   45   46   46   47   48
   48   49   49   50   51   52   52   53   54   54   55   55   56   56   57   58
   60   60   62   63   82   77   89   99   94                                   
    77.5-180.0 180.0   5.0 450.0                            LAT/LON1/LON2/DLON/H
  105  102   93   95   92   94   93   95   96   93   93   92   89   86   83   79
   76   72   67   63   59   54   49   45   41   37   35   32   31   30   30   30
   31   32   34   36   38   39   41   43   44   46   47   48   48   49   49   49
   49   50   50   51   51   52   53   53   53   54   54   54   54   54   54   55
   55   58   61   64   74   78   84  100  105                                   
    75.0-180.0 180.0   5.0 450.0                            LAT/LON1/LON2/DLON/H
  111  100  101  103   96  100   97   97   99   96   94   91   88   83   78   74
   69   65   61   57   53   50   46   43   39   37   35   34   33   33   33   34
   35   37   39   41   43   45   47   48   50   51   51   52   52   51   51   51
   51   50   51   51   52   52   53   53   53   53   53   52   51   51   51   51
   51   54   58   58   68   80   85   98  111                                   
    72.5-180.0 180.0   5.0 450.0                            LAT/LON1/LON2/DLON/H
  106   99  103  102   97   96   95   96   98   94   92   89   84   79   73   68
   64   60   57   54   51   49   47   45   43   41   39   38   37   37   37   38
   39   41   43   45   46   48   49   50   51   51   52   52   51   51   50   49
   48   48   48   49   49   50   51   51   52   51   50   49   48   47   47   47
   46   49   57   59   66   78   88  105  106                                   
    70.0-180.0 180.0   5.0 450.0                            LAT/LON1/LON2/DLON/H
  109  103  106  108  101  101   99   99  101   98   94   90   84   76   69   63
   57   53   51   49   48   48   48   47   46   46   45   44   43   43   44   44
   45   46   48   48   49   50   50   51   51   52   52   52   52   51   50   50
   49   49   49   49   50   52   53   53   54   53   52   51   49   48   48   48
   47   49   58   62   69   83   92  109  109                                   
    67.5-180.0 180.0   5.0 450.0                            LAT/LON1/LON2/DLON/H
  113  108  111  112  103  101   98   99  101   98   95   90   82   73   64   56
   50   46   44   44   44   46   47   48   48   47   47   46   45   45   45   44
   44   44   44   43   42   41   41   42   42   43   44   45   45   45   44   44
   43   43   43   45   46   48   49   50   51   51   50   50   48   47   47   48
   48   50   58   63   73   87   96  113  113                                   
    65.0-180.0 180.0   5.0 450.0                            LAT/LON1/LON2/DLON/H
  118  112  114  114  105  102   98  101  104  102   99   94   85   74   64   55
   48   43   42   42   44   46   48   49   49   48   47   46   45   44   43   42
   40   39   37   35   33   32   32   33   34   36   38   40   41   41   40   40
   39   39   40   41   43   45   47   49   50   50   51   51   50   50   51   53
   53   56   64   69   80   94  104  122  118                                   
    62.5-180.0 180.0   5.0 450.0                            LAT/LON1/LON2/DLON/H
  126  119  120  119  109  105  101  104  108  107  106  101   92   81   69   59
   51   47   45   45   46   47   48   49   48   48   47   45   44   42   41   39
   36   34   31   28   26   25   25   27   29   33   36   38   40   40   40   40
   39   39   40   41   43   46   48   50   51   53   54   55   56   58   60   63
   64   67   76   79   90  105  113  130  126                                   
    60.0-180.0 180.0   5.0 450.0                            LAT/LON1/LON2/DLON/H
  133  127  128  125  114  108  103  106  112  112  111  108   99   88   77   67
   59   54   51   49   48   47   46   45   44   43   42   41   40   39   37   34
   31   29   26   23   21   21   21   24   27   32   36   39   41   42   42   41
   40   40   41   43   45   47   49   51   53   55   57   59   62   66   71   75
   77   81   89   92  101  114  122  139  133                                   
    57.5-180.0 180.0   5.0 450.0                            LAT/LON1/LON2/DLON/H
  144  139  139  133  121  114  108  110  116  117  117  114  106   96   86   77
   69   63   58   53   49   44   41   38   37   36   36   37   36   35   34   32
   29   26   24   22   21   21   23   26   30   35   40   44   46   47   46   45
   44   44   45   47   49   51   53   55   57   59   62   66   70   76   83   89
   93   97  105  108  115  125  132  149  144                                   
    55.0-180.0 180.0   5.0 450.0                            LAT/LON1/LON2/DLON/H
  157  154  152  146  133  124  117  117  121  122  121  119  112  104   95   87
   80   73   65   57   48   41   36   33   31   32   33   34   35   35   33   31
   29   27   26   25   26   27   29   33   38   44   49   52   54   55   53   52
   51   51   52   54   56   59   61   62   64   66   69   73   79   86   95  103
  108  113  122  124  129  137  144  161  157                                   
    52.5-180.0 180.0   5.0 450.0                            LAT/LON1/LON2/DLON/H
  172  172  169  163  150  140  130  129  130  129  127  124  118  111  104   97
   90   82   72   61   50   41   35   31   30   31   34   36   37   37   35   34
   32   32   32   33   35   38   41   45   50   55   60   63   65   65   63   62
   61   61   63   65   67   69   71   72   73   74   77   81   87   95  104  114
  120  127  136  138  143  149  156  174  172                                   
    50.0-180.0 180.0   5.0 450.0                            LAT/LON1/LON2/DLON/H
  188  192  187  182  171  160  149  145  143  139  135  130  124  118  113  107
  100   90   78   65   53   43   37   34   33   36   39   41   42   42   40   38
   38   39   41   45   49   52   56   60   64   68   72   75   76   76   75   74
   74   75   77   79   81   83   84   84   84   85   86   90   95  102  111  121
  129  137  146  150  155  160  168  187  188                                   
    47.5-180.0 180.0   5.0 450.0                            LAT/LON1/LON2/DLON/H
  202  209  205  203  194  184  172  164  159  151  144  138  131  126  121  116
  108   97   84   69   57   48   42   40   41   44   47   50   50   48   46   44
   44   47   51   57   62   67   70   73   76   80   83   86   88   88   88   88
   89   91   92   94   96   96   96   96   95   95   96   99  102  108  116  126
  134  142  153  158  164  170  179  198  202                                   
    45.0-180.0 180.0   5.0 450.0                            LAT/LON1/LON2/DLON/H
  211  221  218  220  214  205  194  185  177  166  156  147  140  134  129  124
  115  102   88   74   63   56   52   52   54   57   59   60   58   54   51   49
   50   54   60   66   73   77   80   82   84   87   91   94   96   98  100  101
  103  105  107  107  107  107  106  105  105  105  106  108  110  114  120  128
  136  144  156  162  170  177  187  205  211                                   
    42.5-180.0 180.0   5.0 450.0                            LAT/LON1/LON2/DLON/H
  213  225  223  229  226  220  210  202  193  181  169  159  150  144  138  131
  121  107   93   81   73   68   67   69   71   73   72   69   64   59   54   52
   53   57   64   71   77   81   83   85   87   90   93   97  101  105  108  111
  114  115  116  116  114  112  111  111  112  114  116  117  119  121  125  131
  137  145  157  164  173  182  192  209  213                                   
    40.0-180.0 180.0   5.0 450.0                            LAT/LON1/LON2/DLON/H
  210  221  221  228  228  223  216  211  204  192  182  172  163  156  149  140
  128  115  102   93   89   88   88   89   88   86   81   74   67   60   56   54
   55   59   65   72   77   80   81   82   84   88   93   99  104  108  112  116
  119  120  119  117  114  112  111  112  116  120  123  126  127  128  131  135
  140  147  158  166  175  184  194  211  210                                   
    37.5-180.0 180.0   5.0 450.0                            LAT/LON1/LON2/DLON/H
  204  213  213  218  219  216  210  209  206  198  190  182  176  169  162  151
  138  125  115  110  108  109  108  105  100   92   84   75   67   61   58   56
   58   61   66   71   74   76   77   78   81   86   93   99  105  110  114  117
  119  119  117  113  109  106  107  110  116  123  129  134  136  137  140  143
  146  152  162  170  178  188  197  214  204                                   
    35.0-180.0 180.0   5.0 450.0                            LAT/LON1/LON2/DLON/H
  201  207  206  207  205  202  198  199  200  196  192  189  185  181  174  163
  150  138  130  127  127  126  122  113  102   90   80   72   66   63   62   62
   64   66   69   72   73   74   75   76   80   87   94  101  107  111  114  116
  116  114  110  105  100   99  100  106  115  124  133  139  144  147  150  154
  156  161  171  177  185  195  203  221  201                                   
    32.5-180.0 180.0   5.0 450.0                            LAT/LON1/LON2/DLON/H
  207  211  207  201  195  191  186  188  191  190  189  189  190  188  183  174
  162  151  145  143  142  137  126  111   95   83   75   70   69   70   72   74
   76   77   78   78   77   77   77   80   84   91   99  105  110  112  113  112
  110  106  101   95   91   90   94  102  113  125  135  144  150  156  162  167
  170  174  184  190  198  207  218  237  207                                   
    30.0-180.0 180.0   5.0 450.0                            LAT/LON1/LON2/DLON/H
  227  230  222  209  199  191  184  184  186  184  185  187  190  191  188  181
  171  163  157  154  149  138  121  101   85   75   72   73   78   84   90   94
   96   96   94   91   88   86   86   88   93   99  106  111  114  113  111  108
  103   98   92   86   83   84   89   99  112  126  138  148  156  164  173  181
  185  190  200  206  216  227  241  263  227                                   
    27.5-180.0 180.0   5.0 450.0                            LAT/LON1/LON2/DLON/H
  265  268  254  235  223  211  200  195  192  187  184  185  187  190  189  185
  177  170  165  159  148  131  109   90   77   73   77   85   96  107  116  122
  123  120  115  109  104  101  100  101  105  111  115  118  118  114  109  103
   97   91   84   80   78   81   88  100  115  130  142  153  163  173  185  195
  201  207  218  225  239  254  271  297  265                                   
    25.0-180.0 180.0   5.0 450.0                            LAT/LON1/LON2/DLON/H
  319  325  304  283  270  255  238  225  214  201  192  187  186  187  187  185
  179  173  166  155  139  118   97   81   76   81   93  109  124  138  148  153
  153  147  139  130  123  119  117  117  119  122  124  124  121  115  108  101
   93   86   81   77   77   82   92  106  122  137  150  162  173  184  198  211
  219  227  238  246  265  286  308  338  319                                   
    22.5-180.0 180.0   5.0 450.0                            LAT/LON1/LON2/DLON/H
  384  397  373  352  340  323  299  277  255  231  212  198  190  186  185  183
  178  171  160  145  125  105   89   82   87  102  122  143  160  174  182  184
  179  170  159  149  141  136  133  131  131  131  130  128  123  115  107   99
   92   86   81   79   80   88  100  116  133  149  162  174  185  198  213  228
  239  249  262  270  295  323  350  382  384                                   
    20.0-180.0 180.0   5.0 450.0                            LAT/LON1/LON2/DLON/H
  451  471  453  437  428  411  382  350  316  279  245  219  201  191  186  182
  175  166  151  133  114   98   92   97  114  138  163  184  198  206  209  206
  197  185  172  161  153  147  144  141  138  135  132  128  122  114  106   99
   93   87   84   83   86   96  110  129  147  164  177  189  201  214  230  246
  259  273  288  298  329  361  394  426  451                                   
    17.5-180.0 180.0   5.0 450.0                            LAT/LON1/LON2/DLON/H
  505  534  530  525  520  505  476  437  393  343  294  253  223  204  193  185
  176  162  145  126  111  104  110  129  156  185  209  223  229  228  223  214
  202  187  174  163  156  152  149  145  140  135  129  124  118  112  105  100
   95   91   88   88   93  103  120  140  160  178  193  205  217  231  247  263
  279  296  314  329  362  396  434  465  505                                   
    15.0-180.0 180.0   5.0 450.0                            LAT/LON1/LON2/DLON/H
  538  574  585  593  592  584  560  524  476  417  354  298  255  227  209  196
  182  165  147  130  122  126  144  173  207  234  250  252  245  234  222  209
  195  179  166  158  154  152  149  144  138  131  124  119  113  109  104  101
   98   95   93   93   98  109  127  148  170  189  205  218  232  246  262  280
  297  317  339  359  393  426  466  493  538                                   
    12.5-180.0 180.0   5.0 450.0                            LAT/LON1/LON2/DLON/H
  548  588  608  624  629  627  614  587  545  486  417  351  298  260  235  216
  198  179  160  148  147  162  190  225  256  275  275  262  243  224  208  194
  178  164  155  150  150  150  148  142  135  127  120  115  110  107  105  103
  102  100   98   98  102  113  131  154  176  196  213  228  243  259  277  295
  314  336  362  386  418  448  486  510  548                                   
    10.0-180.0 180.0   5.0 450.0                            LAT/LON1/LON2/DLON/H
  540  579  602  618  626  630  627  614  585  535  471  403  346  303  272  247
  225  203  186  178  185  206  239  273  295  298  281  253  225  203  187  173
  161  151  145  144  147  149  148  142  134  126  119  113  110  109  108  108
  107  105  103  102  106  116  134  156  179  199  216  233  251  270  289  308
  328  353  381  408  437  462  495  515  540                                   
     7.5-180.0 180.0   5.0 450.0                            LAT/LON1/LON2/DLON/H
  523  556  574  586  592  599  604  604  591  557  504  445  392  349  315  288
  262  238  222  218  230  254  285  309  316  300  267  230  199  179  167  158
