data/edconvlstm_nd/pred0520.15i
     1.0            IONOSPHERE MAPS     GNSS                IONEX VERSION / TYPE
pyspatialgeodesy        IME             05-JAN-18 20:20     PGM / RUN BY / DATE 
Map Name                                                    COMMENT             
Predicted global ionosphere maps (GIM).                     DESCRIPTION         
  2015     2    21     0     0     0                        EPOCH OF FIRST MAP  
  2015     2    22     0     0     0                        EPOCH OF LAST MAP   
  7200                                                      INTERVAL            
    13                                                      # OF MAPS IN FILE   
  NONE                                                      MAPPING FUNCTION    
10.0                                                        ELEVATION CUTOFF    
One-way carrier phase leveled to code                       OBSERVABLES USED    
  6371.0                                                    BASE RADIUS         
 2                                                          MAP DIMENSION       
   450.0 450.0   0.0                                        HGT1 / HGT2 / DHGT  
    87.5 -87.5  -2.5                                        LAT1 / LAT2 / DLAT  
  -180.0 180.0   5.0                                        LON1 / LON2 / DLON  
    -1                                                      EXPONENT            
                                                            END OF HEADER       
[from data line 5148]
    13                                                      START OF TEC MAP    
  2015     2    22     0     0     0                        EPOCH OF CURRENT MAP
    87.5-180.0 180.0   5.0 450.0                            LAT/LON1/LON2/DLON/H
  100   93   89   82   82   85   82   81   83   84   86   88   90   91   93   94
   95   96   96   96   96   96   95   94   93   92   91   90   88   87   86   85
   83   82   81   80   80   79   79   79   80   80   81   81   82   83   84   85
   86   87   88   89   89   90   90   90   90   90   90   89   89   88   87   87
   86   85   83   82   77   84   89   91  100                                   
    85.0-180.0 180.0   5.0 450.0                            LAT/LON1/LON2/DLON/H
   94   93   72   77   81   85   82   81   83   84   86   88   91   93   95   97
   98   99   99   99   98   97   96   95   93   91   88   86   83   80   78   75
   73   71   70   69   68   68   68   69   70   71   73   75   77   79   81   83
   85   87   89   90   92   93   94   95   95   95   95   95   94   93   92   92
   91   90   89   91   87   93   98   96   94                                   
    82.5-180.0 180.0   5.0 450.0                            LAT/LON1/LON2/DLON/H
   85   74   80   80   81   87   83   84   88   90   94   98  101  105  107  110
  111  112  113  113  112  110  107  104  101   96   92   87   83   78   74   70
   67   64   62   61   61   61   62   64   66   68   71   74   77   81   84   87
   91   94   97   99  102  104  105  107  108  108  109  108  108  106  105  104
  102  100   97   92   92   83   89   95   85                                   
    80.0-180.0 180.0   5.0 450.0                            LAT/LON1/LON2/DLON/H
   98   83   82   80   86   89   90   93   99  102  107  112  116  120  123  125
  126  127  127  126  124  121  118  113  108  103   97   91   85   80   75   71
   68   66   64   64   64   65   66   68   70   73   76   79   83   86   90   94
   99  102  106  110  113  116  118  120  122  123  123  123  122  121  119  118
  115  110  107  101  110   99  107  120   98                                   
    77.5-180.0 180.0   5.0 450.0                            LAT/LON1/LON2/DLON/H
  119  106  100  102  101  104  108  112  119  122  127  132  136  139  141  142
  143  142  141  140  138  135  131  127  122  117  110  104   98   92   87   83
   80   78   77   77   77   79   81   83   85   87   90   93   96   99  103  106
  110  114  118  121  125  128  130  133  134  136  136  136  136  135  134  133
  130  128  124  120  123  122  125  142  119                                   
    75.0-180.0 180.0   5.0 450.0                            LAT/LON1/LON2/DLON/H
  146  133  131  132  128  132  133  137  143  145  147  150  151  150  149  146
  144  141  139  137  135  133  131  129  126  122  118  112  107  103   98   95
   93   92   92   93   94   96   98   99  101  102  104  105  106  108  110  112
  115  118  121  124  126  129  131  133  134  136  137  137  138  138  138  138
  136  136  136  130  136  144  145  160  146                                   
    72.5-180.0 180.0   5.0 450.0                            LAT/LON1/LON2/DLON/H
  168  168  168  166  162  162  165  168  172  171  171  169  166  160  154  147
  141  135  131  129  128  128  128  129  128  126  123  120  116  112  109  107
  105  105  105  106  108  109  110  111  111  111  110  109  109  109  109  111
  112  114  116  118  119  121  122  123  124  125  126  128  129  131  133  135
  136  139  144  143  151  161  168  187  168                                   
    70.0-180.0 180.0   5.0 450.0                            LAT/LON1/LON2/DLON/H
  202  208  208  209  205  205  206  207  208  205  200  194  184  172  159  147
  136  127  121  118  117  118  120  122  123  123  122  120  117  114  112  110
  109  110  110  112  113  114  114  114  113  111  109  107  105  104  104  105
  106  107  109  111  112  113  113  114  114  115  117  119  121  125  129  134
  137  142  152  157  169  184  193  210  202                                   
    67.5-180.0 180.0   5.0 450.0                            LAT/LON1/LON2/DLON/H
  234  249  246  249  246  244  243  242  241  234  226  215  200  183  164  146
  130  118  110  105  104  106  108  111  113  114  113  111  108  106  103  102
  101  101  102  103  103  104  103  102  100   98   95   93   91   89   89   90
   92   94   96   98   99   99   99   99  100  101  103  106  110  115  121  128
  134  142  154  163  181  199  211  230  234                                   
    65.0-180.0 180.0   5.0 450.0                            LAT/LON1/LON2/DLON/H
  259  276  275  278  278  276  272  271  269  262  252  238  219  197  173  151
  131  116  106  100   98   99  102  104  105  105  103  100   96   93   90   88
   87   86   86   86   86   86   85   84   82   80   78   75   74   73   74   75
   78   80   83   85   87   87   88   88   89   91   94   99  104  111  118  126
  133  143  157  167  187  209  224  245  259                                   
    62.5-180.0 180.0   5.0 450.0                            LAT/LON1/LON2/DLON/H
  275  294  295  298  300  297  292  291  290  284  274  260  239  214  188  163
  141  124  112  105  102  102  103  103  101   98   94   89   84   80   77   74
   72   70   69   68   67   66   66   65   65   64   63   62   61   61   62   64
   67   71   74   76   78   80   81   82   84   88   92   99  106  114  122  131
  138  148  162  172  191  213  230  253  275                                   
    60.0-180.0 180.0   5.0 450.0                            LAT/LON1/LON2/DLON/H
  280  301  305  306  309  307  300  300  300  295  287  274  255  231  205  180
  159  141  129  121  115  112  109  105  100   93   86   79   74   69   66   63
   60   57   54   51   50   49   50   50   51   51   52   52   52   53   55   57
   60   64   68   71   74   76   78   81   85   90   97  106  115  124  134  143
  150  158  171  180  196  214  231  256  280                                   
    57.5-180.0 180.0   5.0 450.0                            LAT/LON1/LON2/DLON/H
  284  305  309  309  313  310  303  302  303  299  293  282  266  245  223  201
  182  166  153  143  134  126  119  110  101   91   82   75   69   65   61   57
   54   50   46   43   41   41   41   43   45   46   48   49   50   51   52   54
   57   61   65   69   73   76   81   85   91   99  108  119  130  141  152  162
  169  176  187  194  206  219  234  260  284                                   
    55.0-180.0 180.0   5.0 450.0                            LAT/LON1/LON2/DLON/H
  289  309  313  312  317  314  306  304  303  298  292  283  270  254  237  221
  206  192  179  166  153  141  129  117  105   93   84   76   71   67   64   60
   56   51   47   43   42   41   43   45   47   50   52   53   54   55   56   57
   59   62   66   71   76   81   87   93  101  111  122  135  148  161  174  185
  192  199  210  215  223  231  242  269  289                                   
    52.5-180.0 180.0   5.0 450.0                            LAT/LON1/LON2/DLON/H
  298  317  320  319  326  323  315  310  306  299  290  280  269  258  247  236
  226  214  200  184  168  152  137  124  112  100   91   85   80   77   74   70
   65   60   55   52   51   51   53   55   58   60   62   64   64   64   64   65
   66   69   72   77   82   89   96  104  113  123  136  150  166  181  196  209
  218  226  235  239  246  250  258  283  298                                   
    50.0-180.0 180.0   5.0 450.0                            LAT/LON1/LON2/DLON/H
  311  331  331  333  342  340  332  324  315  303  291  279  268  258  251  245
  238  227  212  195  176  160  145  133  122  112  104   99   95   92   88   84
   79   73   69   66   66   68   70   72   74   75   77   78   78   78   77   77
   77   79   82   87   93  100  107  115  125  136  149  164  181  198  216  231
  242  252  262  266  272  276  281  304  311                                   
    47.5-180.0 180.0   5.0 450.0                            LAT/LON1/LON2/DLON/H
  326  347  348  355  365  365  356  345  332  315  298  282  268  259  254  250
  244  233  217  198  180  165  153  144  135  128  121  115  111  107  102   96
   90   85   81   81   82   85   87   89   90   91   92   93   94   94   93   92
   92   93   96  100  106  113  120  128  137  148  161  176  193  211  230  248
  262  274  285  290  298  302  308  326  326                                   
    45.0-180.0 180.0   5.0 450.0                            LAT/LON1/LON2/DLON/H
  340  363  368  380  391  393  386  373  356  334  311  290  274  263  257  252
  244  232  216  198  183  171  164  158  152  145  138  131  124  117  108  100
   94   89   88   90   94   98  101  102  103  103  104  106  107  107  107  106
  106  107  110  114  119  125  132  140  149  160  172  187  203  220  239  257
  272  286  299  307  317  323  332  347  340                                   
    42.5-180.0 180.0   5.0 450.0                            LAT/LON1/LON2/DLON/H
  350  374  384  400  411  416  412  400  381  356  329  304  285  272  263  255
  245  231  215  200  188  182  178  175  170  162  152  140  128  116  105   96
   89   87   89   94  101  106  109  109  109  110  112  114  117  119  119  119
  120  120  123  126  130  136  144  152  162  173  184  197  211  227  244  261
  275  290  304  314  326  335  348  361  350                                   
    40.0-180.0 180.0   5.0 450.0                            LAT/LON1/LON2/DLON/H
  356  381  392  409  422  427  426  416  399  374  346  321  300  285  274  263
  249  234  219  207  201  199  198  194  186  173  157  140  124  110   98   89
   85   85   91   98  106  110  112  112  111  113  116  120  123  126  127  128
  128  129  131  134  138  145  153  163  174  185  196  207  220  234  248  263
  275  288  302  314  326  338  356  370  356                                   
    37.5-180.0 180.0   5.0 450.0                            LAT/LON1/LON2/DLON/H
  363  387  396  409  423  429  427  420  405  383  358  335  316  301  288  274
  259  243  231  224  222  223  220  211  196  176  154  135  119  106   96   90
   88   91   99  107  113  116  116  115  114  116  120  124  128  130  131  131
  131  132  133  136  141  149  159  171  183  195  207  218  229  242  255  268
  277  287  300  312  324  339  362  379  363                                   
    35.0-180.0 180.0   5.0 450.0                            LAT/LON1/LON2/DLON/H
  377  399  405  411  425  427  422  414  402  382  362  344  329  316  303  288
  272  258  250  247  249  248  240  222  198  172  149  132  120  112  107  104
  106  110  117  124  128  128  125  122  121  123  126  130  132  133  132  130
  129  128  128  131  137  146  159  173  189  203  216  228  240  253  266  279
  286  294  306  316  329  347  374  396  377                                   
    32.5-180.0 180.0   5.0 450.0                            LAT/LON1/LON2/DLON/H
  409  430  430  426  436  433  422  410  396  378  360  347  337  327  316  301
  287  275  271  272  273  267  251  224  194  167  148  139  136  136  137  139
  142  146  151  153  152  148  142  137  135  136  138  139  138  135  131  127
  123  120  119  121  127  137  152  170  188  206  222  236  251  266  283  297
  305  312  323  332  349  370  398  425  409                                   
    30.0-180.0 180.0   5.0 450.0                            LAT/LON1/LON2/DLON/H
  466  488  481  467  469  459  438  419  400  379  361  349  341  334  323  310
  297  288  287  288  287  275  251  220  189  168  159  161  170  181  190  196
  200  202  201  197  189  178  168  160  156  155  154  152  147  140  132  124
  117  111  108  108  113  124  140  159  180  202  222  241  260  281  303  322
  334  343  354  363  386  410  438  469  466                                   
    27.5-180.0 180.0   5.0 450.0                            LAT/LON1/LON2/DLON/H
  549  572  562  539  532  513  481  451  423  394  371  356  346  338  327  313
  301  293  291  291  286  269  243  214  191  180  185  202  226  248  265  273
  274  269  259  247  231  215  201  190  183  179  174  167  158  147  135  124
  114  105   99   98  102  112  127  146  168  192  216  241  266  294  324  351
  371  385  398  409  439  470  496  530  549                                   
    25.0-180.0 180.0   5.0 450.0                            LAT/LON1/LON2/DLON/H
  648  674  668  643  626  597  554  512  471  432  399  375  359  345  329  313
  298  289  283  279  269  253  232  214  205  210  231  263  300  332  351  355
  347  333  315  295  273  252  234  220  210  202  194  183  170  156  141  127
  114  103   95   93   96  105  119  138  160  186  213  242  273  308  346  382
  412  434  450  464  503  545  573  608  648                                   
    22.5-180.0 180.0   5.0 450.0                            LAT/LON1/LON2/DLON/H
  746  778  785  769  743  707  654  601  548  496  450  413  384  360  337  314
  294  279  268  258  247  237  229  228  237  260  296  340  383  414  427  421
  404  381  357  331  305  280  259  243  231  221  209  195  180  164  148  131
  115  102   94   91   94  102  116  135  158  186  216  248  284  325  370  415
  455  484  505  525  569  622  659  694  746                                   
    20.0-180.0 180.0   5.0 450.0                            LAT/LON1/LON2/DLON/H
  823  862  886  887  860  823  768  709  648  585  525  472  428  389  354  322
  295  272  254  240  233  233  243  261  289  328  374  420  456  475  474  457
  432  403  373  344  316  291  270  254  241  229  215  201  185  169  152  134
  116  103   94   91   94  102  116  135  160  190  223  259  299  345  395  447
  494  529  554  580  625  683  730  770  823                                   
    17.5-180.0 180.0   5.0 450.0                            LAT/LON1/LON2/DLON/H
  864  907  943  963  945  918  873  818  757  690  620  552  490  435  387  344
  309  278  255  240  238  250  276  314  359  406  449  482  499  498  481  454
  422  389  357  328  301  279  262  249  238  226  213  199  185  170  153  135
  119  105   97   95   99  107  120  139  165  197  233  273  316  364  418  474
  525  563  592  621  662  714  768  815  864                                   
    15.0-180.0 180.0   5.0 450.0                            LAT/LON1/LON2/DLON/H
  858  905  947  978  975  967  941  902  852  790  719  643  568  499  438  386
  342  306  278  263  266  289  331  383  436  478  505  512  502  479  447  412
  376  343  312  286  266  251  243  236  229  219  207  195  182  169  154  137
  122  110  103  102  105  113  126  144  171  205  244  286  331  381  436  493
  546  586  616  645  678  716  768  821  858                                   
    12.5-180.0 180.0   5.0 450.0                            LAT/LON1/LON2/DLON/H
  814  861  906  942  952  963  960  942  911  864  802  728  650  575  507  449
  400  359  328  313  319  350  401  457  503  527  526  503  466  424  383  345
  311  281  256  239  231  229  229  227  222  213  201  190  179  168  155  140
  126  116  110  109  112  118  130  150  178  214  254  298  344  395  450  507
  560  599  629  654  677  699  741  792  814                                   
    10.0-180.0 180.0   5.0 450.0                            LAT/LON1/LON2/DLON/H
  750  791  834  871  891  916  932  936  927  900  854  793  722  651  586  529
  480  438  405  388  395  427  475  521  546  542  509  459  404  353  311  279
  253  234  222  218  220  225  228  227  220  210  199  188  178  168  156  143
  131  122  117  115  116  122  135  155  183  219  260  304  352  403  457  514
  566  604  633  654  666  675  704  747  750                                   
     7.5-180.0 180.0   5.0 450.0                            LAT/LON1/LON2/DLON/H
  687  717  755  788  814  845  873  895  905  898  872  827  773  715  662  615
  573  534  501  481  484  506  537  559  555  521  463  398  338  292  262  244
