data/edconvlstm_nd/pred2700.15i
     1.0            IONOSPHERE MAPS     GNSS                IONEX VERSION / TYPE
pyspatialgeodesy        IME             05-JAN-18 20:20     PGM / RUN BY / DATE 
Map Name                                                    COMMENT             
Predicted global ionosphere maps (GIM).                     DESCRIPTION         
  2015     9    27     0     0     0                        EPOCH OF FIRST MAP  
  2015     9    28     0     0     0                        EPOCH OF LAST MAP   
  7200                                                      INTERVAL            
    13                                                      # OF MAPS IN FILE   
  NONE                                                      MAPPING FUNCTION    
10.0                                                        ELEVATION CUTOFF    
One-way carrier phase leveled to code                       OBSERVABLES USED    
  6371.0                                                    BASE RADIUS         
 2                                                          MAP DIMENSION       
   450.0 450.0   0.0                                        HGT1 / HGT2 / DHGT  
    87.5 -87.5  -2.5                                        LAT1 / LAT2 / DLAT  
  -180.0 180.0   5.0                                        LON1 / LON2 / DLON  
    -1                                                      EXPONENT            
                                                            END OF HEADER       
[from data line 1287]
     4                                                      START OF TEC MAP    
  2015     9    27     6     0     0                        EPOCH OF CURRENT MAP
    87.5-180.0 180.0   5.0 450.0                            LAT/LON1/LON2/DLON/H
   85   92   90   94   94   94   92   88   88   89   89   89   89   89   89   89
   89   88   88   87   87   86   85   85   84   84   83   83   83   83   83   84
   84   85   85   86   87   87   88   89   90   91   92   92   93   94   95   95
   96   96   97   97   97   96   96   96   95   95   94   94   93   92   91   91
   92   93   91   90   94   98  104   97   85                                   
    85.0-180.0 180.0   5.0 450.0                            LAT/LON1/LON2/DLON/H
   84  104  102  101  102  103  102  101  100  100   99  100   99   99   98   98
   97   96   95   94   93   92   91   90   89   89   88   88   88   88   89   90
   91   92   93   94   96   97   98  100  101  103  104  105  107  108  109  110
  110  111  111  111  112  111  111  111  110  110  110  109  109  108  107  107
  108  109  104  104  102  105  110  103   84                                   
    82.5-180.0 180.0   5.0 450.0                            LAT/LON1/LON2/DLON/H
   93  104  112  104  102  104  102  100   99   99   97   97   96   96   95   94
   92   91   90   88   86   84   83   81   80   79   78   78   78   78   80   81
   83   86   88   91   94   96   99  102  105  108  110  112  115  117  119  120
  122  123  123  124  124  124  124  123  123  122  121  121  120  119  117  117
  117  117  113  111  113  109  103   98   93                                   
    80.0-180.0 180.0   5.0 450.0                            LAT/LON1/LON2/DLON/H
  103  106  106  100  100   98   96   93   93   91   89   89   88   87   86   85
   83   82   80   78   76   73   71   69   67   66   65   65   65   66   68   70
   73   77   81   85   89   93   97  101  105  109  112  116  119  122  125  127
  129  130  131  132  132  132  132  131  130  129  128  127  126  125  123  123
  122  119  118  117  118  116  113  101  103                                   
    77.5-180.0 180.0   5.0 450.0                            LAT/LON1/LON2/DLON/H
  108  105  103   96   92   91   89   87   86   83   81   81   80   79   79   78
   77   76   74   72   70   67   64   61   59   57   56   55   56   58   60   64
   68   72   78   83   88   93   98  103  108  113  117  122  127  131  135  138
  141  143  145  146  146  146  146  145  143  142  140  139  137  135  133  131
  129  127  123  124  122  113  108  102  108                                   
    75.0-180.0 180.0   5.0 450.0                            LAT/LON1/LON2/DLON/H
  104  102   95   89   82   81   78   74   72   69   66   67   66   66   66   66
   67   66   65   64   62   59   56   53   50   48   47   46   47   49   51   55
   60   65   71   77   83   88   94   99  105  110  116  121  127  132  137  142
  146  148  151  152  152  152  152  151  149  148  146  144  142  140  138  136
  133  130  127  122  121  114  109  103  104                                   
    72.5-180.0 180.0   5.0 450.0                            LAT/LON1/LON2/DLON/H
  104  101   93   85   79   77   73   68   65   62   59   59   59   60   61   62
   63   64   64   63   62   59   56   52   49   47   45   44   45   46   49   53
   58   64   70   76   83   89   95  101  107  113  120  127  134  141  147  153
  157  161  163  164  165  165  164  163  161  160  158  156  154  152  150  148
  146  143  141  136  131  121  114  109  104                                   
    70.0-180.0 180.0   5.0 450.0                            LAT/LON1/LON2/DLON/H
  111  102   94   84   76   71   66   61   57   54   51   52   51   53   55   57
   59   61   62   62   60   58   55   52   49   46   44   43   43   45   47   50
   55   60   66   72   78   84   91   97  104  111  119  127  136  144  151  158
  163  166  169  170  170  170  170  169  168  166  165  163  161  159  157  156
  154  151  150  146  141  130  125  120  111                                   
    67.5-180.0 180.0   5.0 450.0                            LAT/LON1/LON2/DLON/H
  111  102   93   82   74   67   61   55   51   47   45   45   45   47   49   52
   55   57   59   60   59   57   55   52   49   46   44   43   42   42   44   46
   49   54   59   64   70   76   83   89   97  105  114  123  133  142  150  157
  162  166  168  169  169  169  169  168  167  166  165  163  162  160  158  158
  156  154  154  149  145  136  129  124  111                                   
    65.0-180.0 180.0   5.0 450.0                            LAT/LON1/LON2/DLON/H
  114  105   94   83   73   66   59   53   48   45   42   43   43   44   47   49
   52   55   58   59   58   57   55   53   50   48   46   44   43   42   42   43
   45   48   53   58   64   70   77   84   92  102  112  122  133  143  151  158
  163  166  168  169  169  169  169  169  169  168  167  166  164  162  161  160
  158  156  157  153  150  142  135  131  114                                   
    62.5-180.0 180.0   5.0 450.0                            LAT/LON1/LON2/DLON/H
  117  107   96   85   74   66   58   52   47   44   42   42   42   43   45   48
   50   53   55   56   56   55   53   52   50   49   48   46   44   43   41   40
   41   43   47   52   58   65   73   81   90  101  112  123  134  145  153  160
  164  167  169  170  170  171  171  171  171  171  170  169  167  165  163  162
  160  158  158  154  152  145  139  135  117                                   
    60.0-180.0 180.0   5.0 450.0                            LAT/LON1/LON2/DLON/H
  119  108   97   86   75   66   58   51   46   43   41   41   41   41   43   45
   47   49   50   51   50   49   49   48   48   48   48   47   45   42   39   37
   37   39   42   48   55   62   70   80   90  101  113  125  136  146  155  161
  165  168  170  171  172  174  174  175  175  175  174  173  171  168  165  163
  160  157  157  154  152  146  140  135  119                                   
    57.5-180.0 180.0   5.0 450.0                            LAT/LON1/LON2/DLON/H
  123  111  100   88   78   68   59   52   47   43   41   41   40   40   41   42
   43   44   45   45   44   43   43   44   45   46   47   47   45   42   39   36
   35   37   41   47   54   63   72   82   93  105  117  130  141  151  160  166
  171  174  176  178  180  182  183  184  185  184  183  182  179  176  172  169
  165  161  160  157  155  148  141  136  123                                   
    55.0-180.0 180.0   5.0 450.0                            LAT/LON1/LON2/DLON/H
  128  116  105   93   83   72   63   54   48   44   41   40   39   39   39   39
   40   40   40   39   38   38   38   40   42   45   47   48   46   43   40   37
   36   38   43   49   58   67   77   88   99  111  123  136  147  158  167  174
  179  184  187  190  193  195  196  197  197  197  195  194  191  188  183  179
  174  168  166  162  159  152  145  138  128                                   
    52.5-180.0 180.0   5.0 450.0                            LAT/LON1/LON2/DLON/H
  136  124  114  103   93   82   71   60   53   46   42   41   39   39   38   37
   37   37   36   35   35   35   36   39   42   46   49   50   49   46   43   40
   40   43   48   56   65   74   84   95  106  118  130  143  155  166  176  184
  191  197  201  205  208  210  211  212  211  210  209  207  205  202  197  192
  186  179  176  171  167  158  151  144  136                                   
    50.0-180.0 180.0   5.0 450.0                            LAT/LON1/LON2/DLON/H
  146  135  127  116  107   96   84   71   61   52   46   43   41   39   38   37
   36   35   35   34   34   35   37   41   46   50   53   55   53   51   48   46
   47   51   57   65   74   83   93  103  113  125  137  150  162  174  186  196
  205  212  218  222  224  226  226  225  224  222  221  220  218  215  211  206
  199  193  189  182  178  168  161  153  146                                   
    47.5-180.0 180.0   5.0 450.0                            LAT/LON1/LON2/DLON/H
  157  148  140  132  123  113  100   85   72   60   53   48   45   42   40   39
   37   36   36   36   37   40   43   48   53   57   60   61   59   57   54   53
   55   60   67   75   84   93  102  111  121  132  144  157  171  184  197  209
  219  227  233  237  238  239  237  235  233  231  229  228  228  225  222  218
  212  205  201  194  189  178  172  164  157                                   
    45.0-180.0 180.0   5.0 450.0                            LAT/LON1/LON2/DLON/H
  165  159  152  145  138  129  117  101   86   72   62   56   52   48   45   43
   41   40   40   42   44   48   53   58   63   66   68   67   65   62   60   60
   63   68   75   84   92  101  109  118  128  140  152  166  179  193  207  220
  231  240  245  248  248  247  244  241  237  235  234  233  233  232  229  226
  220  215  211  204  199  188  183  175  165                                   
    42.5-180.0 180.0   5.0 450.0                            LAT/LON1/LON2/DLON/H
  169  164  158  153  148  141  129  114   99   85   74   67   62   58   54   51
   48   47   48   51   55   60   66   71   74   76   75   73   70   67   65   65
   69   74   82   90   99  107  116  125  136  148  161  175  189  203  217  231
  242  249  253  255  254  251  248  244  241  238  236  236  236  235  233  230
  226  221  218  211  206  196  191  184  169                                   
    40.0-180.0 180.0   5.0 450.0                            LAT/LON1/LON2/DLON/H
  169  164  157  153  149  143  133  120  107   95   85   79   75   70   66   62
   59   58   59   62   67   73   79   83   84   84   81   77   73   70   68   69
   72   78   85   94  103  112  122  132  144  157  171  185  199  213  227  239
  250  256  259  260  259  257  255  251  248  245  243  242  240  238  235  232
  228  225  221  216  211  201  196  189  169                                   
    37.5-180.0 180.0   5.0 450.0                            LAT/LON1/LON2/DLON/H
  167  158  150  145  141  135  128  119  110  100   93   90   87   84   81   77
   73   71   72   75   80   85   90   92   92   89   85   80   75   72   71   72
   75   80   86   95  105  115  127  139  153  168  182  197  210  223  236  247
  257  263  267  268  269  269  269  267  265  261  258  254  251  246  240  236
  231  228  225  219  215  205  200  191  167                                   
    35.0-180.0 180.0   5.0 450.0                            LAT/LON1/LON2/DLON/H
  166  151  140  131  125  119  114  109  105  100   97   97   97   97   95   91
   88   85   85   87   91   95   98   98   96   93   88   82   78   75   73   74
   76   80   86   95  106  118  132  147  162  178  194  208  221  233  244  256
  265  273  278  282  287  292  295  296  295  291  285  279  271  262  253  246
  239  235  231  225  221  210  205  194  166                                   
    32.5-180.0 180.0   5.0 450.0                            LAT/LON1/LON2/DLON/H
  171  148  133  118  109  100   97   95   95   94   95   99  103  105  106  104
  101   98   97   98  100  102  103  102   99   95   91   86   82   78   76   76
   77   80   85   94  106  121  137  154  172  189  205  219  231  242  253  265
  276  287  296  305  316  326  334  338  338  334  326  315  303  289  276  265
  256  250  244  237  233  221  215  203  171                                   
    30.0-180.0 180.0   5.0 450.0                            LAT/LON1/LON2/DLON/H
  186  156  137  115  100   88   84   83   85   87   91   97  104  109  112  112
  111  108  106  106  105  105  105  104  102   99   95   91   87   83   79   77
   77   79   84   93  107  123  142  161  179  197  214  228  240  251  263  276
  291  306  321  337  354  371  384  391  392  387  376  362  345  327  309  296
  284  275  268  258  254  240  235  221  186                                   
    27.5-180.0 180.0   5.0 450.0                            LAT/LON1/LON2/DLON/H
  216  182  159  130  108   90   82   79   80   82   86   93  101  108  113  115
  115  113  111  109  108  107  107  107  106  105  102   98   93   87   83   80
   79   80   84   93  107  125  145  165  184  202  220  234  247  259  273  290
  310  331  353  377  401  423  441  451  452  445  432  415  394  372  352  336
  322  312  302  290  285  270  264  249  216                                   
    25.0-180.0 180.0   5.0 450.0                            LAT/LON1/LON2/DLON/H
  260  226  201  166  138  113   99   91   87   85   86   90   96  103  109  112
  113  113  111  109  107  107  109  111  113  113  111  106  100   93   87   83
   81   81   84   92  107  125  145  165  185  204  222  238  253  268  285  307
  333  361  390  421  451  478  499  509  509  500  485  465  443  420  399  382
  368  356  345  330  324  308  301  288  260                                   
    22.5-180.0 180.0   5.0 450.0                            LAT/LON1/LON2/DLON/H
  315  286  260  223  190  159  137  121  109  100   94   92   94   98  103  107
  109  109  108  106  106  109  114  119  123  123  121  115  107   99   92   87
   83   81   83   91  105  123  143  163  183  203  222  241  259  278  300  326
  358  392  427  462  496  524  544  553  550  540  523  504  484  463  445  430
  417  405  393  377  369  353  343  334  315                                   
    20.0-180.0 180.0   5.0 450.0                            LAT/LON1/LON2/DLON/H
  372  353  327  293  258  224  194  169  148  129  114  103   98   98  100  102
  104  104  104  104  107  113  121  129  134  135  131  123  113  103   95   89
   84   81   82   89  102  119  139  159  179  200  222  244  266  289  316  347
  382  419  457  493  525  551  567  571  566  555  541  526  511  496  483  472
  462  453  442  425  415  400  388  384  372                                   
    17.5-180.0 180.0   5.0 450.0                            LAT/LON1/LON2/DLON/H
  424  417  394  366  332  297  260  229  199  171  145  124  111  105  103  103
  103  103  103  105  111  120  131  141  146  146  140  130  117  106   96   89
   83   80   80   86   98  115  135  154  175  198  223  249  275  302  332  366
  402  439  475  508  535  554  563  563  556  547  538  530  522  515  509  504
  499  494  485  470  457  444  432  430  424                                   
    15.0-180.0 180.0   5.0 450.0                            LAT/LON1/LON2/DLON/H
  464  468  449  429  398  364  324  290  255  220  185  156  135  123  116  112
  109  108  109  112  119  131  143  154  158  155  147  134  119  106   96   89
   83   79   78   83   95  112  132  152  174  199  227  256  286  316  348  381
  416  450  480  506  525  536  539  535  527  521  519  519  520  522  524  525
  525  523  518  506  492  480  469  468  464                                   
    12.5-180.0 180.0   5.0 450.0                            LAT/LON1/LON2/DLON/H
  490  501  486  472  446  414  375  341  304  267  229  195  169  152  140  132
  127  123  123  126  134  145  158  167  169  163  150  135  119  106   96   89
   83   79   78   82   94  111  131  152  175  203  233  266  298  329  361  393
  424  452  475  493  504  507  504  498  492  490  494  502  511  520  528  534
  538  540  539  530  517  506  496  494  490                                   
    10.0-180.0 180.0   5.0 450.0                            LAT/LON1/LON2/DLON/H
  503  515  504  492  470  440  404  373  340  305  268  235  208  189  175  164
  156  149  146  147  153  163  173  178  176  166  150  134  118  106   98   91
   85   80   78   83   95  112  132  154  179  208  241  276  309  341  371  399
  425  447  464  475  479  478  473  467  464  466  475  488  502  515  526  534
  541  546  547  542  531  521  511  507  503                                   
     7.5-180.0 180.0   5.0 450.0                            LAT/LON1/LON2/DLON/H
  507  516  505  491  470  442  409  383  357  328  298  269  246  229  216  204
  192  183  176  173  175  180  185  186  179  164  148  132  118  108  100   93
