data/edconvlstm_nd/pred1220.15i
     1.0            IONOSPHERE MAPS     GNSS                IONEX VERSION / TYPE
pyspatialgeodesy        IME             05-JAN-18 20:20     PGM / RUN BY / DATE 
Map Name                                                    COMMENT             
Predicted global ionosphere maps (GIM).                     DESCRIPTION         
  2015     5     2     0     0     0                        EPOCH OF FIRST MAP  
  2015     5     3     0     0     0                        EPOCH OF LAST MAP   
  7200                                                      INTERVAL            
    13                                                      # OF MAPS IN FILE   
  NONE                                                      MAPPING FUNCTION    
10.0                                                        ELEVATION CUTOFF    
One-way carrier phase leveled to code                       OBSERVABLES USED    
  6371.0                                                    BASE RADIUS         
 2                                                          MAP DIMENSION       
   450.0 450.0   0.0                                        HGT1 / HGT2 / DHGT  
    87.5 -87.5  -2.5                                        LAT1 / LAT2 / DLAT  
  -180.0 180.0   5.0                                        LON1 / LON2 / DLON  
    -1                                                      EXPONENT            
                                                            END OF HEADER       
[from data line 3432]
     9                                                      START OF TEC MAP    
  2015     5     2    16     0     0                        EPOCH OF CURRENT MAP
    87.5-180.0 180.0   5.0 450.0                            LAT/LON1/LON2/DLON/H
  178  178  171  178  182  183  182  182  183  185  185  186  187  187  188  188
  189  189  189  189  189  189  189  188  188  188  187  187  186  185  184  184
  183  182  181  180  179  178  178  177  176  175  175  174  173  173  173  172
  172  172  172  172  172  172  172  172  172  172  172  173  173  173  173  173
  173  174  173  173  180  179  181  178  178                                   
    85.0-180.0 180.0   5.0 450.0                            LAT/LON1/LON2/DLON/H
  171  177  186  182  182  187  188  191  192  193  193  194  195  196  196  197
  197  198  198  198  198  198  198  198  198  197  197  197  196  195  194  193
  192  191  190  189  188  186  185  184  183  182  181  180  180  179  178  178
  177  177  177  177  177  177  177  178  178  178  178  179  179  179  179  179
  180  180  178  177  179  174  176  178  171                                   
    82.5-180.0 180.0   5.0 450.0                            LAT/LON1/LON2/DLON/H
  155  171  173  172  175  182  185  187  188  191  192  194  195  196  197  198
  199  199  200  200  201  201  202  202  202  203  203  203  202  202  201  200
  198  197  195  193  192  190  188  186  185  183  181  179  178  176  175  174
  173  172  172  171  171  171  171  171  172  172  172  172  172  172  171  171
  171  170  168  170  169  174  168  158  155                                   
    80.0-180.0 180.0   5.0 450.0                            LAT/LON1/LON2/DLON/H
  147  160  165  165  168  172  175  181  184  187  188  191  192  194  195  196
  196  197  197  198  198  198  199  200  200  201  201  202  202  201  200  199
  197  196  194  192  190  188  187  185  183  181  180  178  176  175  173  172
  171  171  170  170  170  170  170  171  171  171  171  171  170  169  169  168
  167  166  163  163  158  156  154  148  147                                   
    77.5-180.0 180.0   5.0 450.0                            LAT/LON1/LON2/DLON/H
  148  153  157  158  161  166  168  173  177  180  182  185  187  189  190  191
  192  192  193  193  194  195  196  197  199  201  202  203  204  204  204  203
  202  200  199  197  195  194  192  191  189  188  186  184  182  180  179  177
  176  175  174  174  174  174  174  174  174  174  174  173  172  170  169  167
  164  162  158  157  156  148  148  145  148                                   
    75.0-180.0 180.0   5.0 450.0                            LAT/LON1/LON2/DLON/H
  143  150  151  152  156  161  163  167  172  176  178  181  184  186  187  188
  188  188  188  188  189  190  191  193  196  198  201  202  204  205  205  204
  203  202  201  200  199  198  197  196  195  193  192  190  188  186  184  182
  181  179  179  178  178  178  179  179  179  178  178  176  175  172  170  167
  164  160  157  152  151  145  146  134  143                                   
    72.5-180.0 180.0   5.0 450.0                            LAT/LON1/LON2/DLON/H
  140  147  149  152  153  159  162  165  168  172  175  178  181  183  185  185
  185  185  185  185  185  187  189  191  194  197  200  202  204  205  206  206
  205  205  204  203  203  202  202  201  201  200  199  197  195  193  190  188
  186  184  183  182  182  182  182  182  182  181  180  178  176  173  170  167
  162  158  154  149  147  143  145  139  140                                   
    70.0-180.0 180.0   5.0 450.0                            LAT/LON1/LON2/DLON/H
  139  147  149  152  152  158  160  163  166  170  174  177  180  182  183  184
  184  183  183  183  183  184  186  189  191  195  197  200  202  203  204  205
  205  204  204  203  203  203  203  203  203  202  202  200  198  195  193  190
  187  185  183  182  181  181  180  180  179  178  177  175  172  169  166  163
  158  154  150  146  144  142  147  141  139                                   
    67.5-180.0 180.0   5.0 450.0                            LAT/LON1/LON2/DLON/H
  138  148  151  155  156  161  163  166  169  173  176  180  183  186  187  188
  188  187  187  186  187  187  189  191  193  195  198  200  202  204  205  205
  206  206  205  205  205  205  205  206  206  206  205  204  202  199  195  192
  188  186  183  182  180  179  178  178  176  175  174  171  169  166  163  159
  155  151  147  142  140  138  143  141  138                                   
    65.0-180.0 180.0   5.0 450.0                            LAT/LON1/LON2/DLON/H
  134  145  149  154  155  160  162  165  168  172  176  181  185  187  189  190
  190  189  189  189  189  189  189  190  192  193  195  197  199  201  203  205
  205  206  206  205  205  205  205  205  206  206  205  203  201  197  193  189
  185  181  178  176  173  172  170  168  167  165  163  161  158  155  152  149
  145  141  138  134  133  133  139  138  134                                   
    62.5-180.0 180.0   5.0 450.0                            LAT/LON1/LON2/DLON/H
  129  140  144  150  153  158  160  163  166  171  176  181  186  189  191  192
  193  193  192  192  192  191  191  190  190  191  192  194  197  200  203  205
  206  207  207  206  206  205  205  205  205  205  205  203  200  196  191  186
  182  177  173  169  166  164  161  159  157  155  153  151  148  145  142  139
  135  131  129  124  123  123  128  130  129                                   
    60.0-180.0 180.0   5.0 450.0                            LAT/LON1/LON2/DLON/H
  121  132  137  144  148  154  156  159  163  168  173  179  185  189  192  193
  194  195  195  194  193  192  190  189  187  187  188  191  195  199  203  207
  209  210  210  210  209  208  207  207  207  207  207  205  202  197  192  186
  181  175  170  166  162  158  155  152  150  148  146  143  140  137  134  130
  126  122  119  115  113  112  117  119  121                                   
    57.5-180.0 180.0   5.0 450.0                            LAT/LON1/LON2/DLON/H
  114  124  129  138  143  149  153  156  159  165  171  177  183  188  192  194
  196  197  197  196  195  192  190  187  185  184  186  189  194  200  206  211
  214  216  216  216  215  214  213  213  213  213  213  211  208  203  198  191
  185  178  172  167  162  157  154  151  149  147  144  142  139  135  131  128
  123  119  115  110  106  104  108  109  114                                   
    55.0-180.0 180.0   5.0 450.0                            LAT/LON1/LON2/DLON/H
  110  119  125  134  140  148  151  154  158  163  169  176  183  188  193  196
  199  200  200  199  197  194  191  187  185  184  186  190  196  203  210  216
  220  223  224  224  224  224  223  223  223  223  223  222  219  214  208  201
  194  187  179  173  167  162  158  155  154  152  150  148  144  140  136  132
  127  122  118  111  106  102  104  104  110                                   
    52.5-180.0 180.0   5.0 450.0                            LAT/LON1/LON2/DLON/H
  111  118  125  134  141  150  154  157  161  166  171  178  184  190  195  199
  203  205  205  204  202  199  195  192  189  189  190  195  201  209  216  223
  227  231  233  234  235  236  236  236  236  236  236  235  232  228  222  215
  207  198  190  182  175  170  167  165  164  163  161  159  156  151  147  143
  137  132  127  120  114  108  109  107  111                                   
    50.0-180.0 180.0   5.0 450.0                            LAT/LON1/LON2/DLON/H
  118  123  130  139  147  158  162  166  169  174  179  184  190  195  201  206
  210  212  213  212  210  208  205  203  201  200  201  204  210  217  224  230
  235  239  242  246  249  251  252  252  251  251  251  249  247  242  236  228
  220  210  201  193  185  180  177  176  176  176  175  173  170  165  161  157
  152  147  142  135  128  122  121  118  118                                   
    47.5-180.0 180.0   5.0 450.0                            LAT/LON1/LON2/DLON/H
  130  133  139  148  157  168  174  178  182  187  191  196  200  205  210  215
  219  222  223  223  223  222  221  220  219  217  217  219  223  229  234  239
  243  248  253  259  264  268  269  269  268  266  265  262  259  254  247  239
  229  219  209  200  193  188  185  185  186  186  186  184  181  178  174  171
  167  163  159  153  146  140  138  134  130                                   
    45.0-180.0 180.0   5.0 450.0                            LAT/LON1/LON2/DLON/H
  142  145  149  159  168  180  187  193  198  203  208  212  215  219  223  227
  231  234  235  236  238  240  242  243  242  240  238  238  240  243  247  251
  255  260  268  276  284  288  290  288  284  280  277  273  268  262  254  245
  235  224  213  203  196  191  189  189  189  190  189  188  186  184  182  180
  178  176  173  169  163  157  155  151  142                                   
    42.5-180.0 180.0   5.0 450.0                            LAT/LON1/LON2/DLON/H
  152  155  157  167  177  190  200  207  214  221  226  230  233  235  238  241
  244  246  248  250  254  259  264  268  267  265  261  259  259  262  265  268
  273  280  289  300  309  314  313  309  302  295  289  282  275  267  257  247
  235  224  213  203  195  191  189  188  188  187  186  184  183  182  183  183
  182  183  181  179  174  170  168  164  152                                   
    40.0-180.0 180.0   5.0 450.0                            LAT/LON1/LON2/DLON/H
  157  159  159  170  182  196  208  218  228  237  243  248  251  253  255  256
  257  258  260  264  270  278  286  291  292  288  284  282  282  285  290  295
  301  310  321  333  342  346  343  334  323  312  302  292  283  272  261  248
  236  223  212  202  195  190  188  186  184  181  179  176  175  176  178  180
  181  183  182  181  177  174  172  167  157                                   
    37.5-180.0 180.0   5.0 450.0                            LAT/LON1/LON2/DLON/H
  154  156  155  167  181  194  211  224  237  249  258  264  268  270  270  270
  270  270  271  276  285  296  306  312  313  310  307  306  310  317  324  333
  342  353  365  378  386  387  379  366  350  334  321  308  295  282  268  254
  240  227  215  205  198  194  191  188  184  179  174  170  169  170  173  176
  178  179  178  176  172  169  167  161  154                                   
    35.0-180.0 180.0   5.0 450.0                            LAT/LON1/LON2/DLON/H
  148  148  145  157  172  187  207  223  241  256  268  277  282  284  285  284
  282  281  283  289  299  311  322  329  331  330  331  335  344  357  371  384
  396  409  423  434  439  436  423  404  383  364  347  331  316  300  285  269
  253  238  226  216  210  206  203  198  192  185  178  173  170  171  175  178
  178  178  175  171  165  160  159  150  148                                   
    32.5-180.0 180.0   5.0 450.0                            LAT/LON1/LON2/DLON/H
  140  139  134  145  160  175  197  217  239  258  273  285  292  296  297  296
  294  293  296  303  314  326  337  344  348  351  358  370  387  408  429  447
  464  478  491  500  500  491  471  447  423  401  382  365  347  330  312  294
  277  261  248  238  233  229  226  221  213  204  196  190  187  187  189  190
  189  186  178  170  162  152  150  139  140                                   
    30.0-180.0 180.0   5.0 450.0                            LAT/LON1/LON2/DLON/H
  135  132  124  135  149  163  187  209  233  255  273  287  297  304  306  306
  306  307  311  319  329  341  351  360  368  377  392  413  440  470  498  521
  540  555  565  569  563  546  521  493  466  444  425  407  389  370  350  330
  311  294  281  272  267  265  262  258  250  241  232  225  221  219  219  217
  212  205  192  178  166  152  147  134  135                                   
    27.5-180.0 180.0   5.0 450.0                            LAT/LON1/LON2/DLON/H
  137  131  120  130  143  157  181  202  227  250  269  286  298  307  313  316
  318  322  328  337  348  359  369  380  392  410  434  465  502  539  572  598
  617  629  634  631  617  594  564  534  508  488  471  453  435  415  394  373
  352  335  322  314  310  310  309  305  299  291  283  277  272  268  264  257
  246  234  216  197  180  161  153  138  137                                   
    25.0-180.0 180.0   5.0 450.0                            LAT/LON1/LON2/DLON/H
  145  138  123  132  143  156  179  200  223  246  265  282  296  308  317  324
  330  338  348  359  370  380  391  405  425  451  484  524  567  608  642  667
  681  687  685  675  654  626  595  566  543  526  512  496  478  457  435  412
  391  374  361  354  352  353  354  353  350  346  341  336  332  325  316  303
  287  271  248  225  201  178  167  151  145                                   
    22.5-180.0 180.0   5.0 450.0                            LAT/LON1/LON2/DLON/H
  159  152  133  141  151  162  182  201  222  243  261  278  293  306  319  331
  342  355  369  382  393  404  418  437  464  499  540  584  628  666  696  714
  721  719  710  693  668  639  609  584  566  554  542  527  508  485  462  438
  417  400  389  383  382  383  385  387  388  388  388  386  382  374  362  344
  325  307  282  255  226  201  187  171  159                                   
    20.0-180.0 180.0   5.0 450.0                            LAT/LON1/LON2/DLON/H
  177  169  148  153  161  170  188  204  223  242  259  275  290  305  321  337
  354  372  390  405  418  431  448  473  507  548  593  636  675  705  725  733
  731  721  705  685  661  633  608  589  576  567  557  541  520  495  469  445
  425  410  400  395  393  394  397  400  404  408  412  414  412  403  389  369
  348  330  307  280  249  222  207  193  177                                   
    17.5-180.0 180.0   5.0 450.0                            LAT/LON1/LON2/DLON/H
  191  184  162  164  170  177  192  207  225  242  258  273  288  305  323  343
  365  387  409  427  442  458  480  511  551  595  637  674  702  720  728  725
  714  698  680  660  639  617  598  585  577  569  559  541  516  488  459  435
  417  404  397  392  390  389  391  395  400  407  414  419  419  411  396  375
  355  338  319  295  265  236  221  209  191                                   
    15.0-180.0 180.0   5.0 450.0                            LAT/LON1/LON2/DLON/H
  198  190  170  170  173  180  194  207  224  242  257  273  289  307  327  350
  375  401  425  446  464  484  511  546  589  632  668  694  709  714  710  698
  681  663  645  629  614  600  588  579  573  566  552  531  502  470  440  417
  402  393  388  384  381  378  376  378  383  390  398  404  405  398  384  365
  346  332  317  296  269  241  225  215  198                                   
    12.5-180.0 180.0   5.0 450.0                            LAT/LON1/LON2/DLON/H
  194  186  169  167  169  175  190  204  222  241  258  275  293  312  333  357
  384  412  438  461  483  507  538  576  619  657  684  698  700  695  683  666
  647  629  615  604  596  589  582  577  571  562  544  518  485  451  422  401
  389  384  382  379  374  367  362  359  360  365  371  376  377  371  358  340
  324  312  301  284  261  234  218  210  194                                   
    10.0-180.0 180.0   5.0 450.0                            LAT/LON1/LON2/DLON/H
  182  172  158  156  158  165  181  197  218  239  259  280  300  320  342  366
  393  421  449  474  498  525  559  599  639  670  687  689  682  670  656  639
  622  607  598  593  591  589  587  582  575  562  540  510  475  440  412  394
  387  386  386  382  374  364  354  346  342  341  342  344  343  336  323  307
  292  283  274  261  241  216  201  194  182                                   
     7.5-180.0 180.0   5.0 450.0                            LAT/LON1/LON2/DLON/H
  163  153  141  140  143  151  170  189  213  238  262  286  309  331  353  377
  403  430  457  484  510  540  575  613  648  671  678  672  660  648  636  624
