data/edconvlstm_nd/pred3340.15i
     1.0            IONOSPHERE MAPS     GNSS                IONEX VERSION / TYPE
pyspatialgeodesy        IME             05-JAN-18 20:20     PGM / RUN BY / DATE 
Map Name                                                    COMMENT             
Predicted global ionosphere maps (GIM).                     DESCRIPTION         
  2015    11    30     0     0     0                        EPOCH OF FIRST MAP  
  2015    12     1     0     0     0                        EPOCH OF LAST MAP   
  7200                                                      INTERVAL            
    13                                                      # OF MAPS IN FILE   
  NONE                                                      MAPPING FUNCTION    
10.0                                                        ELEVATION CUTOFF    
One-way carrier phase leveled to code                       OBSERVABLES USED    
  6371.0                                                    BASE RADIUS         
 2                                                          MAP DIMENSION       
   450.0 450.0   0.0                                        HGT1 / HGT2 / DHGT  
    87.5 -87.5  -2.5                                        LAT1 / LAT2 / DLAT  
  -180.0 180.0   5.0                                        LON1 / LON2 / DLON  
    -1                                                      EXPONENT            
                                                            END OF HEADER       
[from data line 3003]
     8                                                      START OF TEC MAP    
  2015    11    30    14     0     0                        EPOCH OF CURRENT MAP
    87.5-180.0 180.0   5.0 450.0                            LAT/LON1/LON2/DLON/H
   50   60   59   59   61   58   58   53   53   55   54   55   55   56   57   57
   58   59   59   60   61   62   62   63   64   65   66   67   68   69   70   71
   72   72   73   74   75   76   77   77   78   79   80   81   82   83   84   85
   85   86   86   87   87   87   86   86   85   84   83   82   80   79   77   75
   74   72   67   62   64   62   76   78   50                                   
    85.0-180.0 180.0   5.0 450.0                            LAT/LON1/LON2/DLON/H
   53   60   72   52   51   52   51   51   50   52   51   52   53   54   55   56
   57   58   60   61   62   64   65   66   68   69   70   72   73   74   75   76
   77   78   79   79   80   81   82   83   84   85   86   88   89   90   91   93
   94   95   95   96   96   96   96   96   95   94   92   90   88   86   84   82
   80   77   69   62   63   62   72   69   53                                   
    82.5-180.0 180.0   5.0 450.0                            LAT/LON1/LON2/DLON/H
   43   48   57   44   44   44   45   44   43   44   44   45   45   46   47   48
   49   50   51   53   54   56   58   60   61   63   65   67   69   71   72   74
   75   76   77   78   79   79   80   81   82   83   84   86   88   89   91   93
   95   96   98   99   99  100  100   99   98   97   95   93   90   87   84   81
   79   75   67   60   62   65   62   58   43                                   
    80.0-180.0 180.0   5.0 450.0                            LAT/LON1/LON2/DLON/H
   36   35   48   39   38   34   36   35   36   37   37   39   39   40   41   42
   43   44   46   48   49   52   54   56   59   61   64   66   69   71   73   75
   76   77   77   77   77   77   77   77   77   77   78   80   81   83   86   88
   90   93   95   97   98   99   99   99   98   97   95   93   90   86   83   79
   76   72   66   60   56   59   58   59   36                                   
    77.5-180.0 180.0   5.0 450.0                            LAT/LON1/LON2/DLON/H
   44   38   41   34   34   32   33   34   34   35   34   36   37   38   40   41
   43   44   46   48   51   53   56   59   62   66   69   72   75   78   80   82
   83   83   83   82   80   79   77   75   74   73   73   74   75   77   79   82
   85   88   91   93   95   97   97   97   97   95   93   91   87   84   80   76
   72   67   62   56   52   48   50   52   44                                   
    75.0-180.0 180.0   5.0 450.0                            LAT/LON1/LON2/DLON/H
   37   37   38   36   37   36   37   38   39   40   40   41   42   44   45   47
   49   51   53   55   58   61   64   67   70   73   77   80   83   86   89   90
   91   91   90   88   85   81   78   75   72   69   68   68   68   70   72   75
   78   81   84   86   88   90   91   91   91   90   88   86   84   81   77   74
   70   67   62   55   53   48   48   44   37                                   
    72.5-180.0 180.0   5.0 450.0                            LAT/LON1/LON2/DLON/H
   45   44   44   43   44   45   47   47   48   49   48   50   51   53   54   56
   58   60   62   64   67   70   73   76   79   83   87   90   94   97   99  101
  102  101   99   96   92   87   81   76   72   68   65   63   63   63   64   66
   69   71   74   76   78   80   81   81   81   81   80   79   77   75   72   70
   68   64   61   56   53   50   50   50   45                                   
    70.0-180.0 180.0   5.0 450.0                            LAT/LON1/LON2/DLON/H
   49   50   51   51   53   54   54   56   58   59   59   61   62   64   65   67
   70   72   74   77   80   82   85   89   92   96   99  103  107  110  112  114
  115  114  111  107  102   96   89   83   76   71   67   64   62   61   62   62
   64   65   67   68   69   70   71   72   73   73   73   73   72   71   71   70
   68   66   65   60   58   55   57   57   49                                   
    67.5-180.0 180.0   5.0 450.0                            LAT/LON1/LON2/DLON/H
   53   55   56   57   59   61   63   65   66   67   68   70   71   73   75   77
   79   82   84   86   89   92   95   98  101  105  109  113  117  120  123  125
  125  125  122  118  112  105   97   90   82   76   71   67   64   62   61   60
   60   60   59   60   60   60   61   62   63   63   64   65   65   66   66   67
   67   65   64   60   57   56   56   55   53                                   
    65.0-180.0 180.0   5.0 450.0                            LAT/LON1/LON2/DLON/H
   52   56   56   58   60   62   64   66   69   70   72   74   76   78   80   83
   85   88   90   93   95   98  101  105  108  112  117  121  125  129  132  134
  135  134  132  127  121  113  105   97   89   83   77   72   68   65   62   60
   57   55   53   52   51   51   52   53   54   55   56   58   60   61   63   64
   64   64   64   60   59   58   58   56   52                                   
    62.5-180.0 180.0   5.0 450.0                            LAT/LON1/LON2/DLON/H
   49   52   52   54   56   59   60   63   65   68   70   73   76   78   81   83
   86   88   91   94   97  100  103  107  111  116  121  126  131  135  138  141
  142  141  138  133  127  119  111  103   95   88   82   77   72   68   64   59
   55   50   47   44   43   42   43   44   46   48   50   51   53   55   57   59
   59   59   59   56   54   53   53   51   49                                   
    60.0-180.0 180.0   5.0 450.0                            LAT/LON1/LON2/DLON/H
   42   45   45   47   48   50   51   53   56   59   62   66   69   72   75   77
   80   83   86   89   92   96  100  105  110  115  121  127  133  138  142  145
  146  144  141  137  130  123  115  107   99   93   87   81   76   70   64   57
   51   45   40   37   35   35   36   38   40   42   44   46   47   49   50   52
   52   51   51   48   48   46   46   44   42                                   
    57.5-180.0 180.0   5.0 450.0                            LAT/LON1/LON2/DLON/H
   36   38   38   41   41   42   43   45   48   51   54   58   61   64   67   70
   73   77   80   84   88   92   97  102  109  115  123  130  137  143  147  150
  151  149  146  142  136  129  121  114  107  101   94   88   82   74   67   58
   50   43   38   34   32   33   34   37   39   42   44   45   46   47   47   47
   47   46   45   42   42   40   40   39   36                                   
    55.0-180.0 180.0   5.0 450.0                            LAT/LON1/LON2/DLON/H
   33   35   35   38   38   38   38   40   42   44   47   51   54   57   60   63
   67   71   75   79   84   89   95  101  108  116  125  134  141  148  153  155
  156  154  152  148  142  136  130  123  117  110  104   97   89   80   71   61
   52   44   39   35   34   35   37   41   44   46   47   48   48   48   47   46
   44   42   41   38   39   37   37   37   33                                   
    52.5-180.0 180.0   5.0 450.0                            LAT/LON1/LON2/DLON/H
   34   36   37   39   38   39   39   39   40   42   44   47   49   52   55   58
   63   67   73   78   83   89   95  102  111  120  129  139  147  154  158  161
  161  160  158  155  151  147  142  136  130  123  116  108   99   89   78   67
   58   50   44   41   41   42   46   49   52   55   55   55   55   53   51   49
   46   43   42   40   41   39   39   40   34                                   
    50.0-180.0 180.0   5.0 450.0                            LAT/LON1/LON2/DLON/H
   41   43   44   46   45   46   45   44   44   45   46   48   49   51   54   58
   63   69   75   81   87   94  101  108  117  127  137  146  154  160  164  165
  165  164  163  163  161  159  156  151  145  138  131  122  111  100   88   77
   67   60   55   52   52   54   57   61   64   66   66   65   64   62   60   56
   52   49   47   45   47   47   47   48   41                                   
    47.5-180.0 180.0   5.0 450.0                            LAT/LON1/LON2/DLON/H
   52   55   56   58   56   58   56   55   54   54   53   53   53   55   58   62
   69   76   83   90   97  104  111  119  127  136  145  154  161  165  167  167
  166  166  167  169  171  172  170  166  161  154  145  135  124  112  100   89
   80   73   68   66   66   67   70   74   76   77   77   76   75   73   70   66
   62   58   56   55   56   58   59   59   52                                   
    45.0-180.0 180.0   5.0 450.0                            LAT/LON1/LON2/DLON/H
   64   68   68   71   70   72   69   68   66   65   63   63   62   63   66   71
   79   87   96  104  111  118  125  132  139  147  154  161  165  167  166  165
  164  165  169  174  180  183  183  180  175  167  158  148  136  124  112  102
   93   86   82   79   78   79   82   84   85   86   86   86   85   83   81   77
   72   68   66   65   67   70   72   71   64                                   
    42.5-180.0 180.0   5.0 450.0                            LAT/LON1/LON2/DLON/H
   72   77   78   82   82   84   81   81   78   77   75   74   73   74   78   84
   93  103  112  121  128  135  141  146  152  158  163  166  168  166  163  161
  160  163  170  179  187  193  194  191  185  177  167  157  146  134  123  113
  105   98   93   90   88   87   88   89   90   90   91   91   91   91   89   86
   81   76   74   73   76   80   82   80   72                                   
    40.0-180.0 180.0   5.0 450.0                            LAT/LON1/LON2/DLON/H
   75   80   81   87   88   91   89   89   87   87   85   85   84   86   91   99
  109  120  130  138  146  152  157  161  165  168  170  171  169  165  161  158
  159  165  174  186  196  203  204  200  193  184  174  163  153  141  131  121
  113  106  100   95   92   90   89   89   89   89   90   91   93   95   94   91
   86   81   79   77   80   84   85   83   75                                   
    37.5-180.0 180.0   5.0 450.0                            LAT/LON1/LON2/DLON/H
   72   76   77   84   87   90   90   91   91   92   92   93   94   97  104  113
  125  136  146  155  162  167  171  174  176  177  178  176  172  167  163  163
  166  175  187  200  210  216  215  209  199  189  178  167  157  146  135  125
  116  109  102   95   90   87   85   85   84   85   86   88   91   94   94   92
   87   81   79   77   79   82   82   81   72                                   
    35.0-180.0 180.0   5.0 450.0                            LAT/LON1/LON2/DLON/H
   64   68   68   76   80   83   84   86   88   91   93   97  100  106  114  126
  138  150  161  169  175  181  184  186  186  186  185  183  179  176  175  178
  186  198  212  225  233  235  230  220  208  195  183  172  161  149  138  127
  118  108  100   92   86   82   80   79   79   80   81   84   88   91   92   90
   85   79   76   74   74   75   75   74   64                                   
    32.5-180.0 180.0   5.0 450.0                            LAT/LON1/LON2/DLON/H
   56   58   59   65   69   72   74   77   81   85   90   96  102  111  122  135
  149  161  171  180  187  192  195  195  195  195  194  193  193  194  199  208
  222  237  251  261  265  262  252  237  222  206  192  180  167  155  143  131
  120  109   99   90   84   80   78   78   78   79   80   83   87   90   91   89
   84   78   74   71   70   68   67   67   56                                   
    30.0-180.0 180.0   5.0 450.0                            LAT/LON1/LON2/DLON/H
   51   52   52   56   59   61   62   65   70   76   83   92  101  112  125  140
  155  168  179  188  195  200  203  203  203  203  205  208  213  221  234  251
  270  289  303  309  306  296  280  261  242  225  209  195  181  167  153  140
  127  114  103   94   88   85   83   84   85   86   87   89   91   93   94   92
   86   80   77   72   70   66   63   63   51                                   
    27.5-180.0 180.0   5.0 450.0                            LAT/LON1/LON2/DLON/H
   51   52   50   52   53   54   54   55   59   65   74   84   96  109  125  142
  158  172  184  193  201  207  209  210  210  212  218  227  239  256  278  303
  328  349  361  362  353  336  314  292  271  252  235  219  203  188  173  158
  143  129  117  108  103  100  100  101  102  102  103  103  103  103  103  101
   95   90   86   80   76   70   67   64   51                                   
    25.0-180.0 180.0   5.0 450.0                            LAT/LON1/LON2/DLON/H
   58   59   55   55   53   52   51   50   52   57   65   76   89  104  122  141
  158  174  187  197  206  212  215  216  217  223  233  249  270  295  326  359
  390  412  421  416  399  376  351  326  305  286  268  252  235  218  202  186
  170  155  143  134  129  127  127  128  129  129  128  126  123  121  119  117
  112  107  102   95   90   82   77   72   58                                   
    22.5-180.0 180.0   5.0 450.0                            LAT/LON1/LON2/DLON/H
   72   72   66   62   59   57   54   51   50   53   59   69   82   99  118  139
  158  175  189  201  211  217  221  222  226  236  251  274  302  335  374  413
  446  466  471  460  438  410  384  360  341  324  308  291  274  257  240  223
  207  191  178  169  164  163  163  163  163  162  159  154  149  144  141  138
  133  129  124  116  110  100   93   84   72                                   
    20.0-180.0 180.0   5.0 450.0                            LAT/LON1/LON2/DLON/H
   89   87   80   73   69   66   62   56   54   54   58   66   79   95  116  138
  159  178  193  206  216  223  228  231  238  251  272  300  333  372  413  453
  484  502  502  486  461  433  409  389  374  361  347  332  316  300  283  267
  249  233  219  210  205  202  201  200  198  195  190  183  175  168  163  160
  156  153  147  139  132  119  111  100   89                                   
    17.5-180.0 180.0   5.0 450.0                            LAT/LON1/LON2/DLON/H
  104  102   92   84   78   74   71   65   61   59   61   67   79   96  117  141
  163  183  199  212  223  231  236  242  252  270  295  327  362  400  438  474
  501  513  509  491  467  443  423  410  401  393  383  370  356  341  326  309
  292  274  260  249  242  238  235  231  227  222  216  207  197  188  182  178
  175  172  166  158  150  136  126  115  104                                   
    15.0-180.0 180.0   5.0 450.0                            LAT/LON1/LON2/DLON/H
  115  111  100   92   85   81   78   72   68   66   66   72   84  101  124  149
  173  193  209  221  232  240  247  256  271  293  321  352  385  417  448  476
  495  502  496  480  459  442  430  423  420  417  411  401  389  376  361  345
  327  309  293  280  272  265  258  252  246  239  232  222  211  201  193  189
  186  184  177  169  159  145  134  124  115                                   
    12.5-180.0 180.0   5.0 450.0                            LAT/LON1/LON2/DLON/H
  117  113  102   94   87   83   83   77   74   72   73   80   93  112  136  162
  187  207  222  234  244  252  261  274  293  318  347  376  402  426  447  465
  476  479  473  460  447  437  433  433  435  435  430  423  412  400  386  370
  352  332  314  300  289  279  270  261  253  245  237  227  216  206  198  193
  189  186  178  169  159  145  134  126  117                                   
    10.0-180.0 180.0   5.0 450.0                            LAT/LON1/LON2/DLON/H
  113  108   98   91   85   81   83   79   76   76   79   88  103  125  151  179
  205  225  239  250  258  267  278  294  317  344  372  397  416  430  441  449
  454  455  451  444  439  437  439  443  447  448  444  437  427  415  401  384
  365  344  324  308  294  283  271  260  250  242  233  225  215  205  197  191
  185  180  172  162  151  138  127  121  113                                   
     7.5-180.0 180.0   5.0 450.0                            LAT/LON1/LON2/DLON/H
  105  100   91   86   80   77   80   78   77   78   83   95  114  139  167  197
  224  244  258  267  274  283  297  317  342  370  396  416  427  433  435  437
