data/edconvlstm_nd/pred0560.15i
     1.0            IONOSPHERE MAPS     GNSS                IONEX VERSION / TYPE
pyspatialgeodesy        IME             05-JAN-18 20:20     PGM / RUN BY / DATE 
Map Name                                                    COMMENT             
Predicted global ionosphere maps (GIM).                     DESCRIPTION         
  2015     2    25     0     0     0                        EPOCH OF FIRST MAP  
  2015     2    26     0     0     0                        EPOCH OF LAST MAP   
  7200                                                      INTERVAL            
    13                                                      # OF MAPS IN FILE   
  NONE                                                      MAPPING FUNCTION    
10.0                                                        ELEVATION CUTOFF    
One-way carrier phase leveled to code                       OBSERVABLES USED    
  6371.0                                                    BASE RADIUS         
 2                                                          MAP DIMENSION       
   450.0 450.0   0.0                                        HGT1 / HGT2 / DHGT  
    87.5 -87.5  -2.5                                        LAT1 / LAT2 / DLAT  
  -180.0 180.0   5.0                                        LON1 / LON2 / DLON  
    -1                                                      EXPONENT            
                                                            END OF HEADER       
[from data line 4719]
    12                                                      START OF TEC MAP    
  2015     2    25    22     0     0                        EPOCH OF CURRENT MAP
    87.5-180.0 180.0   5.0 450.0                            LAT/LON1/LON2/DLON/H
  148  141  129  135  139  136  136  135  135  137  137  138  139  139  139  139
  139  138  137  135  134  132  129  127  125  123  120  118  116  114  112  111
  110  109  108  108  108  108  108  109  109  110  112  113  114  115  117  118
  119  120  121  122  123  124  125  125  126  126  126  126  127  127  126  126
  126  126  125  125  136  134  144  147  148                                   
    85.0-180.0 180.0   5.0 450.0                            LAT/LON1/LON2/DLON/H
  149  147  154  144  144  148  149  152  153  155  155  157  158  158  158  158
  157  155  153  151  148  145  142  138  135  131  128  125  122  119  117  115
  113  112  111  111  111  112  113  114  116  117  119  121  123  124  126  128
  129  131  132  133  134  135  136  136  137  137  137  137  137  137  137  137
  137  137  136  133  137  136  136  136  149                                   
    82.5-180.0 180.0   5.0 450.0                            LAT/LON1/LON2/DLON/H
  126  133  135  132  137  143  149  150  153  156  159  162  164  165  165  165
  163  160  157  153  148  143  138  133  128  122  117  113  108  104  101   98
   96   95   94   94   95   96   98  100  102  104  106  109  111  113  116  118
  120  122  123  124  126  127  127  128  128  128  128  128  127  127  126  125
  125  125  124  127  130  141  131  130  126                                   
    80.0-180.0 180.0   5.0 450.0                            LAT/LON1/LON2/DLON/H
  107  116  122  121  126  129  139  146  152  158  163  167  170  171  171  170
  166  162  157  151  145  138  131  125  118  111  105   99   94   89   85   81
   79   77   77   78   79   81   83   86   89   92   95   98  101  104  106  108
  111  113  114  116  117  117  118  118  118  117  117  116  115  114  113  112
  112  112  111  113  112  117  111  122  107                                   
    77.5-180.0 180.0   5.0 450.0                            LAT/LON1/LON2/DLON/H
  108  110  117  115  125  130  140  148  156  163  170  176  180  181  181  178
  172  166  158  150  142  134  127  120  113  106  100   94   88   83   79   75
   73   72   72   74   76   78   81   84   87   89   92   94   96   98   99  101
  103  104  105  106  106  107  106  106  105  104  103  101  100   99   98   97
   97   98   99  102  103  106  107  124  108                                   
    75.0-180.0 180.0   5.0 450.0                            LAT/LON1/LON2/DLON/H
  108  111  114  113  123  130  138  147  158  168  176  183  187  187  185  179
  172  162  152  143  134  126  119  113  108  102   97   92   86   82   78   75
   73   72   73   75   78   81   84   87   89   91   92   93   94   94   95   95
   96   97   97   97   96   96   95   93   92   90   88   87   85   85   84   85
   86   88   91   92   94   98  101  107  108                                   
    72.5-180.0 180.0   5.0 450.0                            LAT/LON1/LON2/DLON/H
  118  121  125  129  133  139  148  157  166  177  186  194  197  197  193  185
  174  161  148  137  127  119  113  108  104   99   95   90   85   80   76   74
   72   73   74   77   81   84   87   89   91   91   91   90   89   87   87   86
   86   86   86   85   84   83   81   80   78   76   74   73   72   72   73   74
   76   81   86   89   93  100  108  120  118                                   
    70.0-180.0 180.0   5.0 450.0                            LAT/LON1/LON2/DLON/H
  134  138  141  142  145  149  155  165  175  186  196  203  206  204  198  186
  172  157  142  130  120  113  108  105  102   99   95   91   85   80   76   73
   72   72   75   78   81   85   88   90   90   89   87   84   81   79   77   76
   76   75   75   75   74   72   70   68   67   65   64   63   63   63   65   68
   71   78   86   94  101  111  124  133  134                                   
    67.5-180.0 180.0   5.0 450.0                            LAT/LON1/LON2/DLON/H
  154  159  163  164  166  169  174  182  191  201  211  219  222  220  212  199
  183  165  149  136  126  119  115  112  109  105  100   94   87   81   75   72
   70   71   73   76   80   83   86   87   86   84   81   77   73   70   68   67
   67   67   68   68   67   66   65   64   62   61   61   61   62   63   65   69
   74   82   91   99  109  124  138  147  154                                   
    65.0-180.0 180.0   5.0 450.0                            LAT/LON1/LON2/DLON/H
  165  173  178  179  180  182  185  192  201  212  221  229  233  230  222  209
  192  174  158  145  135  129  124  121  116  111  103   95   86   78   71   67
   64   64   66   68   71   74   76   76   75   72   68   63   59   56   54   54
   55   56   57   58   59   58   58   57   56   56   57   58   59   61   64   68
   73   82   92  103  115  134  151  161  165                                   
    62.5-180.0 180.0   5.0 450.0                            LAT/LON1/LON2/DLON/H
  172  182  188  191  194  196  199  204  211  221  231  239  244  243  236  225
  209  193  178  165  156  148  142  136  128  118  107   96   85   75   67   62
   58   57   57   58   60   62   63   63   61   58   54   50   46   43   42   43
   45   47   50   52   53   54   54   54   54   55   56   58   60   63   66   70
   74   82   92  102  115  134  151  162  172                                   
    60.0-180.0 180.0   5.0 450.0                            LAT/LON1/LON2/DLON/H
  171  183  192  198  203  205  209  214  221  229  238  247  253  254  250  242
  230  216  203  191  181  172  163  152  140  126  112   98   86   75   67   61
   57   54   52   51   51   51   51   50   49   47   44   40   37   35   34   36
   38   42   45   48   50   51   52   52   53   54   56   59   62   65   69   73
   77   83   92  100  111  131  148  161  171                                   
    57.5-180.0 180.0   5.0 450.0                            LAT/LON1/LON2/DLON/H
  167  181  193  201  211  215  221  224  230  236  244  252  259  263  262  258
  250  240  229  219  208  196  183  168  152  134  118  103   91   82   74   68
   63   58   53   49   46   45   44   44   43   42   41   38   36   34   34   35
   38   41   45   48   51   52   53   54   55   56   59   62   66   69   74   78
   81   87   94   99  107  124  139  154  167                                   
    55.0-180.0 180.0   5.0 450.0                            LAT/LON1/LON2/DLON/H
  166  181  197  208  222  228  235  238  242  246  252  259  266  271  274  273
  269  262  253  243  231  217  200  182  162  143  126  113  103   95   89   83
   76   69   61   55   49   46   45   45   46   46   46   45   43   42   41   42
   44   47   50   53   56   58   59   59   60   61   63   66   71   76   81   86
   90   96  102  105  110  124  135  151  166                                   
    52.5-180.0 180.0   5.0 450.0                            LAT/LON1/LON2/DLON/H
  171  188  206  220  237  245  253  255  257  259  261  266  272  277  282  284
  282  278  270  260  247  230  212  191  171  152  137  126  119  114  109  103
   94   85   75   66   59   55   53   54   56   58   60   60   59   57   56   55
   56   58   61   63   66   68   69   69   68   68   69   72   77   83   90   98
  104  112  118  120  122  132  141  156  171                                   
    50.0-180.0 180.0   5.0 450.0                            LAT/LON1/LON2/DLON/H
  188  204  224  238  258  268  275  277  277  276  276  277  281  286  290  292
  291  288  280  270  256  239  219  199  179  163  151  143  139  135  130  123
  112  101   89   80   73   68   67   68   71   75   79   80   80   78   76   75
   75   75   76   78   80   82   83   82   80   78   78   80   84   91  101  112
  122  133  141  144  146  153  159  173  188                                   
    47.5-180.0 180.0   5.0 450.0                            LAT/LON1/LON2/DLON/H
  214  228  249  262  282  294  300  301  300  297  294  293  294  296  298  299
  297  293  285  274  261  244  226  207  189  175  165  160  156  152  145  135
  123  110   99   91   85   82   82   84   88   93   97  100  101  100   98   96
   95   95   95   96   98   99   99   98   94   90   87   88   92  100  112  127
  140  156  167  174  178  184  190  203  214                                   
    45.0-180.0 180.0   5.0 450.0                            LAT/LON1/LON2/DLON/H
  245  258  278  289  307  319  325  326  325  321  316  313  311  310  309  306
  302  296  288  278  266  251  235  218  202  189  180  173  167  159  149  135
  122  109  100   95   93   93   94   96  100  106  111  115  117  117  117  116
  115  114  113  114  115  117  117  114  109  103   97   96   99  108  122  140
  157  177  192  203  211  219  227  241  245                                   
    42.5-180.0 180.0   5.0 450.0                            LAT/LON1/LON2/DLON/H
  275  288  305  313  329  340  346  348  348  345  340  336  331  327  322  316
  309  301  294  285  275  263  248  232  217  203  191  180  168  155  140  124
  110  100   95   94   96   99  102  104  108  113  119  124  127  129  130  130
  130  130  129  130  131  132  131  128  121  113  106  103  105  114  130  149
  169  191  210  225  237  249  261  278  275                                   
    40.0-180.0 180.0   5.0 450.0                            LAT/LON1/LON2/DLON/H
  300  314  328  332  345  354  361  364  366  367  364  360  354  347  339  329
  320  311  305  299  292  281  267  250  233  215  198  180  162  143  125  109
   96   89   89   93   99  105  108  110  113  117  122  127  132  135  137  140
  141  141  141  141  142  143  141  137  129  120  112  107  109  118  133  154
  174  198  218  236  250  267  284  305  300                                   
    37.5-180.0 180.0   5.0 450.0                            LAT/LON1/LON2/DLON/H
  318  333  346  346  356  362  369  374  380  384  384  382  376  368  357  345
  334  327  323  319  314  304  288  269  247  224  201  177  154  133  115  101
   92   89   92   99  108  114  117  117  118  121  125  130  134  138  141  145
  147  148  148  147  148  147  145  140  132  123  114  109  110  118  133  153
  173  196  217  234  249  271  293  317  318                                   
    35.0-180.0 180.0   5.0 450.0                            LAT/LON1/LON2/DLON/H
  332  347  360  357  365  368  376  382  391  398  401  401  396  387  375  362
  352  346  345  344  339  328  309  286  260  233  205  178  154  136  123  115
  111  110  114  121  128  132  132  130  128  129  133  137  140  142  145  148
  150  151  150  150  149  148  144  139  131  122  114  109  110  118  132  151
  170  191  210  226  240  266  292  317  332                                   
    32.5-180.0 180.0   5.0 450.0                            LAT/LON1/LON2/DLON/H
  345  361  374  369  376  377  385  391  402  411  416  418  414  405  392  379
  370  366  367  367  362  348  326  299  272  244  217  193  174  163  159  159
  160  160  161  163  164  162  157  150  146  145  147  150  151  151  152  153
  153  153  152  150  148  145  141  135  127  119  113  109  111  118  133  151
  168  187  204  218  232  259  287  312  345                                   
    30.0-180.0 180.0   5.0 450.0                            LAT/LON1/LON2/DLON/H
  362  378  392  386  395  394  401  407  417  426  433  434  430  421  409  396
  388  385  386  386  379  361  337  311  286  264  244  227  219  220  229  239
  244  241  233  223  213  202  190  178  171  169  171  172  170  167  163  160
  159  156  153  150  147  143  137  130  124  117  113  111  113  122  137  156
  173  191  205  218  230  258  288  312  362                                   
    27.5-180.0 180.0   5.0 450.0                            LAT/LON1/LON2/DLON/H
  386  403  417  414  424  422  428  431  440  448  453  454  449  440  427  414
  406  402  402  399  388  368  345  323  307  296  288  285  291  308  332  352
  359  347  324  296  270  247  227  211  202  199  200  200  195  187  179  172
  167  162  157  153  148  142  136  128  121  116  113  113  117  128  145  166
  184  203  216  228  240  269  298  321  386                                   
    25.0-180.0 180.0   5.0 450.0                            LAT/LON1/LON2/DLON/H
  418  435  452  453  466  465  468  468  474  479  481  481  475  464  450  437
  427  421  416  409  394  374  354  342  339  343  351  364  386  419  456  484
  487  461  416  367  323  288  261  242  233  230  231  229  222  210  197  186
  177  170  164  158  152  145  137  128  121  117  115  116  121  134  155  179
  200  222  235  248  262  291  320  342  418                                   
    22.5-180.0 180.0   5.0 450.0                            LAT/LON1/LON2/DLON/H
  455  474  493  501  520  519  520  517  520  521  521  517  509  498  483  468
  455  445  435  421  404  386  373  372  385  406  430  457  490  533  576  603
  597  554  488  418  360  317  287  268  258  256  257  255  246  231  215  200
  188  179  172  165  159  151  141  132  124  119  117  118  125  139  163  191
  216  242  259  275  292  321  351  373  455                                   
    20.0-180.0 180.0   5.0 450.0                            LAT/LON1/LON2/DLON/H
  492  514  536  552  577  579  580  575  575  574  571  566  556  544  528  512
  495  480  463  445  426  411  408  420  447  481  516  549  583  623  661  678
  658  600  519  439  374  330  301  284  275  272  272  270  260  245  228  212
  198  188  179  172  165  156  146  136  127  121  119  120  128  144  170  202
  231  262  282  303  324  356  387  411  492                                   
    17.5-180.0 180.0   5.0 450.0                            LAT/LON1/LON2/DLON/H
  524  551  577  599  630  634  636  633  634  633  630  624  614  602  586  569
  550  529  507  485  467  458  463  486  522  562  597  622  644  668  689  690
  657  590  506  427  367  329  305  290  281  277  275  272  263  250  234  218
  204  193  184  176  169  161  150  139  130  124  121  122  130  148  177  211
  243  278  303  328  352  389  423  450  524                                   
    15.0-180.0 180.0   5.0 450.0                            LAT/LON1/LON2/DLON/H
  547  579  609  634  668  676  681  681  686  688  688  685  678  667  654  637
  617  594  568  545  529  526  538  565  602  637  658  664  661  659  655  638
  597  532  457  392  347  321  306  293  282  274  268  263  256  245  232  219
  206  195  186  179  172  164  154  143  133  126  122  124  133  152  183  218
  253  291  320  348  375  417  454  483  547                                   
    12.5-180.0 180.0   5.0 450.0                            LAT/LON1/LON2/DLON/H
  562  598  632  657  693  704  711  715  725  733  738  740  738  733  724  711
  693  669  643  621  609  610  624  649  677  694  691  668  634  601  573  542
  501  449  396  354  330  320  312  301  285  270  258  250  243  236  227  217
  206  196  187  180  173  166  156  145  135  127  123  125  135  156  188  225
  261  301  333  363  391  437  476  505  562                                   
    10.0-180.0 180.0   5.0 450.0                            LAT/LON1/LON2/DLON/H
  572  610  646  670  708  720  731  738  752  765  776  784  788  789  787  780
  767  747  723  704  695  698  710  725  734  726  693  637  573  514  469  434
  402  371  345  331  330  335  334  321  299  275  256  243  235  230  225  218
  209  199  190  181  174  166  156  146  135  127  122  124  136  158  192  229
  266  307  341  372  401  449  490  518  572                                   
     7.5-180.0 180.0   5.0 450.0                            LAT/LON1/LON2/DLON/H
  581  620  658  680  719  733  746  755  772  788  802  814  823  830  835  836
  830  815  796  781  774  776  781  781  767  729  666  583  498  427  376  346
