data/edconvlstm_nd/pred0130.15i
     1.0            IONOSPHERE MAPS     GNSS                IONEX VERSION / TYPE
pyspatialgeodesy        IME             05-JAN-18 20:20     PGM / RUN BY / DATE 
Map Name                                                    COMMENT             
Predicted global ionosphere maps (GIM).                     DESCRIPTION         
  2015     1    13     0     0     0                        EPOCH OF FIRST MAP  
  2015     1    14     0     0     0                        EPOCH OF LAST MAP   
  7200                                                      INTERVAL            
    13                                                      # OF MAPS IN FILE   
  NONE                                                      MAPPING FUNCTION    
10.0                                                        ELEVATION CUTOFF    
One-way carrier phase leveled to code                       OBSERVABLES USED    
  6371.0                                                    BASE RADIUS         
 2                                                          MAP DIMENSION       
   450.0 450.0   0.0                                        HGT1 / HGT2 / DHGT  
    87.5 -87.5  -2.5                                        LAT1 / LAT2 / DLAT  
  -180.0 180.0   5.0                                        LON1 / LON2 / DLON  
    -1                                                      EXPONENT            
                                                            END OF HEADER       
     1                                                      START OF TEC MAP    
  2015     1    13     0     0     0                        EPOCH OF CURRENT MAP
    87.5-180.0 180.0   5.0 450.0                            LAT/LON1/LON2/DLON/H
   93   88   81   73   74   80   77   77   80   81   83   85   86   88   89   90
   90   91   90   90   90   89   88   86   85   83   81   80   78   76   74   73
   71   70   69   68   67   66   66   66   66   66   66   67   67   68   68   69
   69   70   70   70   70   71   71   71   70   70   70   69   69   68   67   67
   67   66   65   66   59   73   75   75   93                                   
    85.0-180.0 180.0   5.0 450.0                            LAT/LON1/LON2/DLON/H
   86   88   69   72   75   83   80   80   82   83   85   87   88   90   91   91
   92   92   92   91   91   89   88   87   85   83   81   79   77   75   73   72
   71   70   69   68   68   68   68   69   70   71   72   73   74   75   76   77
   77   78   78   79   79   78   78   78   77   76   76   75   74   73   72   71
   71   70   70   75   74   80   88   81   86                                   
    82.5-180.0 180.0   5.0 450.0                            LAT/LON1/LON2/DLON/H
   79   69   75   73   76   85   82   82   87   88   91   93   95   96   96   97
   96   96   95   93   91   89   87   84   81   78   75   72   69   67   65   63
   62   61   61   61   62   63   64   65   67   69   71   73   75   77   78   79
   80   81   81   82   82   81   81   80   79   78   77   75   74   72   71   71
   70   68   68   66   70   65   74   80   79                                   
    80.0-180.0 180.0   5.0 450.0                            LAT/LON1/LON2/DLON/H
   93   79   80   76   84   90   90   92   97   99  101  104  105  105  105  104
  103  101   99   96   93   90   87   84   80   77   73   70   67   64   62   60
   59   58   58   58   59   61   63   66   68   71   74   77   79   81   83   85
   86   86   87   87   87   86   85   84   83   82   80   78   76   74   73   72
   71   69   69   67   80   74   84  101   93                                   
    77.5-180.0 180.0   5.0 450.0                            LAT/LON1/LON2/DLON/H
  111   98   91   96   99  104  106  111  117  118  122  124  124  123  121  118
  114  111  107  103   99   95   91   87   83   80   76   72   69   66   63   61
   60   60   60   61   63   65   68   71   75   78   81   84   87   89   91   92
   93   94   94   94   93   93   92   90   89   87   85   82   80   79   77   77
   76   77   77   77   85   88   93  114  111                                   
    75.0-180.0 180.0   5.0 450.0                            LAT/LON1/LON2/DLON/H
  131  113  112  118  121  126  127  132  138  139  141  142  139  135  130  123
  116  109  103   98   94   90   86   83   80   77   74   71   68   66   64   63
   63   63   64   66   68   71   74   78   81   85   88   90   92   94   95   96
   96   96   96   95   95   94   93   92   90   88   85   83   81   79   79   79
   78   81   84   82   92  103  107  122  131                                   
    72.5-180.0 180.0   5.0 450.0                            LAT/LON1/LON2/DLON/H
  142  133  134  138  142  146  149  155  162  163  164  162  156  148  137  125
  114  103   95   88   83   79   77   75   73   72   70   68   66   65   64   63
   63   64   66   68   70   74   77   80   83   86   88   89   90   91   91   90
   90   89   88   88   87   86   85   84   82   80   78   76   74   74   75   76
   77   81   89   92  102  113  122  139  142                                   
    70.0-180.0 180.0   5.0 450.0                            LAT/LON1/LON2/DLON/H
  162  156  157  165  169  174  177  184  190  191  189  185  175  161  145  127
  110   96   84   76   70   67   66   66   66   66   65   65   64   63   63   63
   64   65   67   69   71   74   77   80   82   83   84   84   84   83   82   81
   80   80   79   79   79   79   78   78   77   75   74   72   72   72   74   78
   81   87   97  104  115  129  136  151  162                                   
    67.5-180.0 180.0   5.0 450.0                            LAT/LON1/LON2/DLON/H
  179  180  180  188  192  197  200  206  213  213  211  204  191  173  151  128
  107   88   74   64   58   56   55   55   56   56   56   56   56   55   55   55
   56   57   59   61   63   65   67   69   70   70   70   70   69   67   65   64
   63   62   63   63   64   65   66   66   66   66   65   65   65   67   71   77
   82   90  103  111  125  140  148  165  179                                   
    65.0-180.0 180.0   5.0 450.0                            LAT/LON1/LON2/DLON/H
  194  199  199  207  212  217  220  227  234  234  232  224  210  189  163  136
  111   90   73   63   56   53   52   52   52   51   50   49   48   47   47   47
   47   48   49   50   52   54   55   56   57   58   57   57   55   54   52   51
   50   50   50   51   53   55   57   58   60   61   62   63   65   69   74   81
   89   98  112  121  135  152  162  179  194                                   
    62.5-180.0 180.0   5.0 450.0                            LAT/LON1/LON2/DLON/H
  207  217  218  226  232  236  238  244  251  252  250  244  230  208  182  153
  126  102   85   73   65   61   58   56   54   51   48   45   43   41   40   39
   39   39   40   41   42   43   45   46   47   47   48   47   46   45   44   43
   42   43   44   45   48   51   53   56   59   62   65   68   72   78   85   94
  102  112  126  134  148  165  175  193  207                                   
    60.0-180.0 180.0   5.0 450.0                            LAT/LON1/LON2/DLON/H
  218  232  235  242  247  250  249  254  259  260  260  256  245  226  202  174
  147  124  105   91   82   75   70   65   59   53   48   43   39   37   35   33
   32   32   32   33   34   36   37   38   40   41   42   42   42   41   41   40
   39   40   41   43   46   49   53   57   62   66   72   77   84   91  101  111
  119  129  143  150  162  177  187  206  218                                   
    57.5-180.0 180.0   5.0 450.0                            LAT/LON1/LON2/DLON/H
  231  249  253  258  263  263  259  259  262  261  261  259  252  239  219  196
  172  150  131  115  103   93   84   74   65   56   48   42   37   34   32   30
   29   28   28   29   31   33   35   37   38   40   42   43   43   43   43   42
   41   41   43   45   47   51   55   60   66   73   81   89   99  109  120  131
  141  150  163  169  180  191  201  222  231                                   
    55.0-180.0 180.0   5.0 450.0                            LAT/LON1/LON2/DLON/H
  248  269  273  276  280  277  268  264  261  257  255  253  250  242  230  213
  193  174  155  138  123  109   96   84   72   60   51   43   38   35   32   30
   29   29   29   31   34   37   39   42   44   46   48   50   51   51   51   50
   49   48   49   50   53   56   60   66   73   81   91  102  114  127  140  153
  163  173  185  192  201  208  218  240  248                                   
    52.5-180.0 180.0   5.0 450.0                            LAT/LON1/LON2/DLON/H
  268  291  293  295  299  294  280  270  261  252  246  243  241  237  231  220
  206  189  172  154  137  122  107   92   78   65   55   47   42   39   37   35
   34   34   36   39   43   48   51   54   57   59   62   64   65   65   64   62
   60   59   58   59   61   63   67   73   80   90  101  114  128  143  158  172
  183  193  206  213  223  227  236  259  268                                   
    50.0-180.0 180.0   5.0 450.0                            LAT/LON1/LON2/DLON/H
  289  312  312  312  318  312  295  281  266  251  240  233  230  228  225  219
  209  195  179  162  145  129  114   99   85   72   62   54   50   47   45   43
   42   43   47   52   58   64   68   72   74   77   80   82   82   82   80   77
   75   73   71   71   72   74   77   82   89   98  111  125  140  156  172  187
  200  211  224  232  242  245  253  276  289                                   
    47.5-180.0 180.0   5.0 450.0                            LAT/LON1/LON2/DLON/H
  305  327  325  326  334  329  312  295  276  256  240  229  223  220  218  213
  205  193  178  162  147  133  120  106   93   81   72   65   60   58   55   53
   52   55   60   67   75   82   87   90   93   96   99  100  101   99   97   94
   91   88   87   86   86   86   88   92   98  107  119  134  149  166  182  198
  211  222  235  245  255  259  268  289  305                                   
    45.0-180.0 180.0   5.0 450.0                            LAT/LON1/LON2/DLON/H
  311  332  328  332  342  340  327  312  292  268  248  233  223  217  213  207
  199  187  173  160  148  136  125  114  103   92   83   76   72   68   65   62
   61   64   71   80   89   96  101  105  108  112  115  117  117  115  112  109
  107  104  102  100   99   99  100  102  107  115  127  141  157  173  190  206
  218  230  243  253  264  269  279  297  311                                   
    42.5-180.0 180.0   5.0 450.0                            LAT/LON1/LON2/DLON/H
  308  325  321  328  339  342  336  326  309  286  264  245  232  223  215  206
  196  183  171  160  151  142  134  124  113  103   94   87   81   75   70   67
   66   69   77   87   97  104  109  114  118  123  127  129  129  128  125  122
  119  116  114  112  111  110  110  112  116  123  135  150  166  183  199  215
  228  240  253  262  271  279  288  302  308                                   
    40.0-180.0 180.0   5.0 450.0                            LAT/LON1/LON2/DLON/H
  299  312  309  314  325  332  333  332  323  304  283  264  249  236  225  213
  200  187  177  168  162  155  147  137  125  113  102   93   85   78   72   68
   67   71   79   89   99  106  111  116  122  129  134  138  138  136  132  130
  127  124  122  120  119  118  118  120  124  132  145  161  179  197  215  232
  245  256  268  275  282  290  299  309  299                                   
    37.5-180.0 180.0   5.0 450.0                            LAT/LON1/LON2/DLON/H
  294  304  299  300  308  315  322  329  328  317  301  285  270  256  242  227
  213  201  192  187  182  175  164  150  134  118  104   94   85   77   71   67
   67   72   80   90   99  105  111  116  124  133  140  144  143  140  136  133
  130  128  125  123  122  123  124  126  131  141  156  176  197  218  239  257
  271  281  291  294  299  307  314  322  294                                   
    35.0-180.0 180.0   5.0 450.0                            LAT/LON1/LON2/DLON/H
  305  313  305  298  299  303  310  320  326  322  313  302  290  277  262  246
  231  222  217  214  209  198  181  160  138  118  102   91   83   76   71   69
   70   76   85   94  101  106  111  118  127  138  146  149  147  142  137  133
  129  126  123  121  121  123  126  130  137  150  169  192  218  244  269  290
  305  314  321  320  324  331  337  345  305                                   
    32.5-180.0 180.0   5.0 450.0                            LAT/LON1/LON2/DLON/H
  342  352  337  320  312  308  310  316  323  323  319  313  305  293  279  263
  251  245  243  242  235  218  193  164  135  114   98   89   83   80   77   78
   81   88   97  105  110  113  118  124  134  145  153  154  150  142  135  129
  125  121  117  116  117  121  125  131  141  157  181  210  241  273  302  328
  344  353  358  353  360  365  370  383  342                                   
    30.0-180.0 180.0   5.0 450.0                            LAT/LON1/LON2/DLON/H
  412  428  406  375  358  342  332  329  330  328  325  321  314  304  290  276
  266  263  264  263  251  227  194  159  129  109   97   93   92   93   95   99
  105  113  121  126  128  129  131  137  146  155  160  159  151  140  131  124
  118  114  110  109  111  116  122  130  142  163  191  227  265  303  339  369
  390  400  402  397  407  415  419  438  412                                   
    27.5-180.0 180.0   5.0 450.0                            LAT/LON1/LON2/DLON/H
  512  541  515  470  443  414  386  368  356  346  338  332  324  312  297  283
  274  272  274  269  252  221  183  148  122  109  105  108  114  121  127  135
  142  150  156  157  155  153  152  156  162  167  168  162  151  138  126  118
  112  107  103  103  106  112  119  128  143  167  202  245  291  336  379  416
  441  454  456  451  466  482  488  511  512                                   
    25.0-180.0 180.0   5.0 450.0                            LAT/LON1/LON2/DLON/H
  625  676  655  602  567  524  477  438  409  386  368  354  340  323  304  287
  277  274  271  261  237  203  167  139  124  120  126  138  151  163  174  182
  189  195  196  193  187  180  177  177  178  177  172  162  148  133  121  113
  107  102   99   99  103  108  115  125  143  172  213  263  317  370  421  465
  496  513  516  513  533  561  573  597  625                                   
    22.5-180.0 180.0   5.0 450.0                            LAT/LON1/LON2/DLON/H
  733  808  803  754  714  662  598  540  492  453  422  395  370  344  318  296
  281  272  262  243  214  182  155  140  139  148  165  184  202  217  227  234
  237  237  234  226  216  206  198  193  188  181  171  156  141  126  115  107
  102   98   96   97  101  106  113  124  144  177  223  280  340  401  459  510
  548  569  575  577  601  640  662  682  733                                   
    20.0-180.0 180.0   5.0 450.0                            LAT/LON1/LON2/DLON/H
  817  912  927  895  856  803  733  662  600  547  501  460  422  384  347  316
  293  275  254  227  196  170  157  159  173  195  219  242  261  274  280  280
  276  270  262  251  238  224  212  201  190  177  161  145  130  118  109  103
   99   96   95   97  101  106  112  124  146  183  234  294  359  424  487  545
  589  614  624  632  659  704  735  750  817                                   
    17.5-180.0 180.0   5.0 450.0                            LAT/LON1/LON2/DLON/H
  864  968 1003  993  964  918  853  784  719  658  602  549  496  444  396  354
  320  290  259  225  195  178  180  199  228  258  284  305  319  325  323  314
  303  291  279  265  249  232  216  200  183  165  148  132  119  110  103   99
   97   95   96   99  102  107  114  126  151  191  244  306  371  437  503  564
  611  640  654  669  698  740  774  785  864                                   
    15.0-180.0 180.0   5.0 450.0                            LAT/LON1/LON2/DLON/H
  866  968 1017 1028 1014  983  935  880  823  766  709  649  587  524  465  413
  368  326  284  245  218  212  229  262  299  330  351  362  364  360  348  332
  314  299  284  268  250  231  211  191  170  150  133  120  110  104   99   97
   96   97   99  102  106  111  118  133  159  200  253  313  376  440  505  566
  615  644  664  683  712  744  777  786  866                                   
    12.5-180.0 180.0   5.0 450.0                            LAT/LON1/LON2/DLON/H
  824  914  970  996  998  985  959  926  888  846  798  742  680  613  548  489
  437  387  337  296  272  276  304  344  381  402  407  401  389  374  355  334
  314  296  280  264  245  224  202  180  158  138  122  111  105  101   99   98
   99  101  104  108  112  117  126  142  170  210  261  316  375  435  497  554
  602  632  654  677  702  722  752  758  824                                   
    10.0-180.0 180.0   5.0 450.0                            LAT/LON1/LON2/DLON/H
  751  822  877  908  920  925  920  911  898  877  847  806  753  692  631  574
  521  469  418  377  358  368  399  435  458  459  441  415  390  369  348  328
  307  289  273  257  239  218  195  172  150  131  118  110  106  105  104  104
  105  108  112  115  119  125  135  153  182  220  266  316  369  425  482  536
  580  609  631  655  675  685  711  715  751                                   
     7.5-180.0 180.0   5.0 450.0                            LAT/LON1/LON2/DLON/H
  672  719  764  790  805  820  832  844  853  854  845  823  787  742  693  648
  604  559  515  480  466  475  498  517  515  488  446  405  374  353  336  318
