data/edconvlstm_nd/pred2550.15i
     1.0            IONOSPHERE MAPS     GNSS                IONEX VERSION / TYPE
pyspatialgeodesy        IME             05-JAN-18 20:20     PGM / RUN BY / DATE 
Map Name                                                    COMMENT             
Predicted global ionosphere maps (GIM).                     DESCRIPTION         
  2015     9    12     0     0     0                        EPOCH OF FIRST MAP  
  2015     9    13     0     0     0                        EPOCH OF LAST MAP   
  7200                                                      INTERVAL            
    13                                                      # OF MAPS IN FILE   
  NONE                                                      MAPPING FUNCTION    
10.0                                                        ELEVATION CUTOFF    
One-way carrier phase leveled to code                       OBSERVABLES USED    
  6371.0                                                    BASE RADIUS         
 2                                                          MAP DIMENSION       
   450.0 450.0   0.0                                        HGT1 / HGT2 / DHGT  
    87.5 -87.5  -2.5                                        LAT1 / LAT2 / DLAT  
  -180.0 180.0   5.0                                        LON1 / LON2 / DLON  
    -1                                                      EXPONENT            
                                                            END OF HEADER       
[from data line 1287]
     4                                                      START OF TEC MAP    
  2015     9    12     6     0     0                        EPOCH OF CURRENT MAP
    87.5-180.0 180.0   5.0 450.0                            LAT/LON1/LON2/DLON/H
   74   81   79   82   81   81   79   75   75   76   75   76   75   75   75   74
   74   73   72   72   71   70   70   69   68   68   67   67   67   66   66   66
   66   67   67   67   67   67   68   68   68   68   69   69   69   69   70   70
   70   71   71   71   71   72   72   72   72   72   73   73   73   73   73   73
   74   76   74   75   81   86   93   88   74                                   
    85.0-180.0 180.0   5.0 450.0                            LAT/LON1/LON2/DLON/H
   72   92   89   88   90   91   90   89   88   89   88   88   88   88   87   86
   85   85   84   83   82   81   80   79   78   78   78   77   77   77   77   78
   78   78   79   79   80   80   81   81   81   81   82   82   82   82   83   83
   84   84   84   85   85   86   86   86   86   86   87   87   87   86   86   87
   88   89   85   87   87   91   98   91   72                                   
    82.5-180.0 180.0   5.0 450.0                            LAT/LON1/LON2/DLON/H
   81   91  100   92   91   94   93   92   92   92   91   91   90   90   89   87
   86   85   83   82   80   79   77   76   75   74   74   74   74   74   75   76
   77   78   79   80   81   82   82   83   84   84   85   85   86   87   87   88
   89   90   91   91   92   93   93   93   94   94   94   93   93   92   92   92
   92   92   89   90   95   92   88   83   81                                   
    80.0-180.0 180.0   5.0 450.0                            LAT/LON1/LON2/DLON/H
   90   93   95   89   91   91   91   89   89   88   86   86   85   84   83   82
   80   79   77   75   73   71   69   68   67   66   65   65   66   67   68   70
   72   74   76   77   79   80   81   82   83   84   85   86   87   88   89   90
   92   93   94   95   97   97   98   99   99   99   98   97   97   95   94   94
   93   92   91   91   96   96   95   86   90                                   
    77.5-180.0 180.0   5.0 450.0                            LAT/LON1/LON2/DLON/H
   92   93   92   88   86   88   87   86   85   83   80   80   78   77   76   75
   73   72   70   68   66   64   62   60   59   58   57   57   58   60   62   64
   67   70   72   75   77   79   80   81   83   84   85   87   88   90   92   94
   97   99  100  102  104  105  106  107  107  107  106  105  103  101   99   98
   96   95   92   94   94   88   87   85   92                                   
    75.0-180.0 180.0   5.0 450.0                            LAT/LON1/LON2/DLON/H
   85   91   86   83   80   83   81   78   76   73   70   68   66   65   64   63
   62   61   60   58   56   54   52   50   48   47   47   47   48   50   53   56
   59   62   66   68   70   72   74   75   77   78   80   82   85   87   90   93
   96   99  102  104  106  108  109  111  111  111  110  109  107  105  103  101
   98   96   93   90   91   87   86   82   85                                   
    72.5-180.0 180.0   5.0 450.0                            LAT/LON1/LON2/DLON/H
   85   91   86   82   81   83   82   78   74   71   67   65   63   62   61   60
   60   59   59   58   56   54   51   49   47   45   45   45   46   48   51   55
   59   62   65   68   70   72   74   75   77   79   82   85   89   93   96  100
  103  107  110  112  115  117  119  120  121  121  121  120  118  116  113  111
  109  106  104  100   98   93   89   85   85                                   
    70.0-180.0 180.0   5.0 450.0                            LAT/LON1/LON2/DLON/H
   90   91   87   82   80   80   77   73   70   66   62   60   57   56   55   55
   55   55   55   55   54   52   50   47   45   43   42   43   44   46   49   53
   56   60   62   65   67   68   70   72   74   77   81   86   90   95  100  104
  108  111  114  116  119  121  123  125  126  127  127  126  124  122  120  118
  116  112  110  106  103   98   95   90   90                                   
    67.5-180.0 180.0   5.0 450.0                            LAT/LON1/LON2/DLON/H
   87   88   83   78   76   75   72   68   65   61   57   56   53   52   51   51
   52   52   53   53   53   52   50   47   45   43   42   42   43   45   47   50
   53   55   57   59   60   62   64   66   69   73   79   84   90   96  101  105
  109  112  114  116  118  121  123  125  126  127  128  127  126  124  122  121
  119  116  115  110  107  101   97   90   87                                   
    65.0-180.0 180.0   5.0 450.0                            LAT/LON1/LON2/DLON/H
   87   85   80   74   71   70   67   63   61   58   55   54   52   51   50   50
   50   51   52   53   53   53   51   50   48   46   45   44   45   46   47   49
   50   52   53   54   56   57   59   63   67   73   79   87   94  101  106  110
  113  115  117  119  120  123  125  127  129  130  130  130  129  128  126  126
  124  122  120  115  112  106  102   95   87                                   
    62.5-180.0 180.0   5.0 450.0                            LAT/LON1/LON2/DLON/H
   86   82   76   70   66   64   62   59   57   56   54   53   52   50   49   49
   49   49   50   51   52   52   52   51   49   48   47   46   46   46   47   47
   47   48   48   49   51   53   56   60   66   73   81   90   98  106  111  115
  118  119  120  122  123  125  127  130  131  132  132  132  132  131  130  129
  128  126  125  120  116  110  105   99   86                                   
    60.0-180.0 180.0   5.0 450.0                            LAT/LON1/LON2/DLON/H
   85   80   73   66   61   59   56   53   52   51   50   51   50   48   47   46
   45   45   46   47   48   49   49   48   48   47   47   46   46   45   44   43
   42   42   43   44   46   49   53   58   65   74   83   92  102  109  115  119
  121  123  124  125  126  129  131  133  134  135  135  134  133  132  131  131
  130  128  128  123  119  113  108  101   85                                   
    57.5-180.0 180.0   5.0 450.0                            LAT/LON1/LON2/DLON/H
   87   81   74   66   60   57   53   50   49   48   48   49   48   47   45   43
   41   41   41   42   43   44   44   45   45   46   46   45   45   43   41   39
   38   38   39   41   44   48   53   59   67   76   86   96  106  114  120  124
  127  128  130  131  133  136  138  140  141  141  140  139  138  137  136  135
  134  132  132  127  124  118  112  106   87                                   
    55.0-180.0 180.0   5.0 450.0                            LAT/LON1/LON2/DLON/H
   93   87   80   72   65   61   55   51   48   46   45   46   45   44   42   40
   38   36   36   36   37   38   39   40   41   42   43   43   42   40   38   36
   34   34   36   39   44   49   55   62   71   80   90  100  110  118  125  129
  132  134  137  139  142  145  148  149  150  149  148  147  145  144  142  141
  139  137  137  132  129  124  118  113   93                                   
    52.5-180.0 180.0   5.0 450.0                            LAT/LON1/LON2/DLON/H
  103   98   92   84   78   72   64   56   50   46   44   44   43   42   40   37
   35   33   33   33   33   34   35   36   38   39   40   41   40   38   35   33
   32   33   36   41   47   53   60   67   75   84   94  104  114  122  129  134
  138  142  145  148  152  155  157  158  158  158  156  155  154  152  151  149
  147  144  143  139  136  132  126  121  103                                   
    50.0-180.0 180.0   5.0 450.0                            LAT/LON1/LON2/DLON/H
  115  113  109  102   96   89   80   68   58   50   45   43   42   40   38   36
   34   32   32   31   31   32   33   34   36   37   39   39   39   37   34   33
   32   34   38   44   51   59   66   73   80   89   98  107  117  126  134  140
  145  150  154  158  161  164  165  166  165  164  164  163  163  161  160  158
  155  151  150  146  143  140  136  130  115                                   
    47.5-180.0 180.0   5.0 450.0                            LAT/LON1/LON2/DLON/H
  128  128  126  121  116  111  100   85   71   59   50   46   43   40   39   37
   35   34   33   33   33   33   33   34   36   37   39   39   38   37   35   34
   34   37   43   49   57   65   72   79   86   94  102  112  121  131  139  146
  152  157  162  166  168  170  170  169  168  168  168  169  169  169  168  166
  163  159  157  152  150  148  144  139  128                                   
    45.0-180.0 180.0   5.0 450.0                            LAT/LON1/LON2/DLON/H
  137  139  138  136  134  130  119  103   86   70   58   51   46   43   41   39
   38   37   37   37   36   36   37   37   39   40   40   40   39   38   36   36
   37   41   47   55   63   72   79   86   92   99  108  117  127  136  145  153
  160  165  169  172  174  173  171  169  168  168  169  172  174  175  174  173
  169  165  162  158  156  155  151  146  137                                   
    42.5-180.0 180.0   5.0 450.0                            LAT/LON1/LON2/DLON/H
  141  143  143  143  144  142  132  117  100   83   68   59   52   47   45   43
   42   42   42   42   42   42   42   43   43   43   43   42   41   39   38   39
   41   45   52   60   69   78   85   93   99  107  115  124  133  143  153  161
  167  173  176  178  178  176  172  169  167  167  170  174  178  180  180  179
  176  171  168  163  161  159  155  149  141                                   
    40.0-180.0 180.0   5.0 450.0                            LAT/LON1/LON2/DLON/H
  140  140  139  139  141  142  135  123  108   92   78   67   59   53   50   48
   48   48   48   48   48   48   49   49   49   48   46   44   42   41   41   41
   44   49   56   64   74   83   92  100  108  115  123  132  142  151  161  169
  176  181  184  186  185  181  176  172  170  171  175  180  184  187  187  186
  183  178  174  168  166  162  157  151  140                                   
    37.5-180.0 180.0   5.0 450.0                            LAT/LON1/LON2/DLON/H
  136  132  129  127  128  129  125  118  107   95   84   75   67   60   56   54
   54   54   54   54   54   54   55   55   54   52   50   47   45   43   43   44
   47   51   59   68   78   89  100  109  118  126  134  142  151  161  170  179
  186  192  196  198  197  194  189  184  182  183  187  192  197  199  198  197
  193  188  183  176  173  167  160  152  136                                   
    35.0-180.0 180.0   5.0 450.0                            LAT/LON1/LON2/DLON/H
  135  125  117  111  109  108  106  102   98   91   85   80   73   67   63   61
   60   60   59   59   58   59   59   60   59   57   53   50   47   46   45   46
   49   54   61   70   82   95  108  119  129  137  145  152  161  170  180  190
  199  206  213  217  219  218  214  209  206  207  211  215  218  218  217  214
  210  204  197  190  184  175  167  156  135                                   
    32.5-180.0 180.0   5.0 450.0                            LAT/LON1/LON2/DLON/H
  143  126  112   99   92   86   84   82   82   81   81   80   77   72   69   67
   66   65   63   62   61   61   63   64   63   61   58   54   51   49   48   49
   51   55   63   73   86  101  116  130  141  149  156  162  170  179  190  202
  214  225  236  245  250  252  250  247  244  244  246  248  249  247  244  240
  234  228  220  210  203  192  182  168  143                                   
    30.0-180.0 180.0   5.0 450.0                            LAT/LON1/LON2/DLON/H
  162  141  121   99   85   72   66   64   66   69   73   76   76   75   73   72
   71   69   66   64   63   64   66   67   68   66   62   59   56   53   52   52
   53   57   65   76   90  107  124  139  151  159  165  171  179  189  201  216
  232  248  264  278  289  295  297  295  292  290  290  290  288  284  279  274
  267  260  251  238  230  217  207  190  162                                   
    27.5-180.0 180.0   5.0 450.0                            LAT/LON1/LON2/DLON/H
  197  174  150  118   95   73   60   54   55   59   65   71   73   74   75   75
   75   72   69   66   65   66   69   72   72   71   68   64   61   58   56   55
   55   59   66   78   94  112  130  146  158  167  173  179  186  198  213  231
  252  273  295  315  332  343  347  347  343  340  338  336  332  326  319  313
  306  298  288  273  264  251  241  222  197                                   
    25.0-180.0 180.0   5.0 450.0                            LAT/LON1/LON2/DLON/H
  244  223  197  157  125   94   72   58   54   55   59   65   69   72   75   77
   77   75   71   68   67   70   73   76   77   76   74   70   67   63   60   58
   57   60   67   79   95  114  133  150  162  172  178  185  194  207  225  248
  273  300  326  351  373  388  396  396  392  387  383  380  375  369  361  355
  347  340  329  313  304  290  280  262  244                                   
    22.5-180.0 180.0   5.0 450.0                            LAT/LON1/LON2/DLON/H
  299  281  254  209  173  133  102   78   65   60   60   63   66   69   73   76
   78   76   73   71   71   75   79   82   83   82   79   76   72   67   63   60
   59   61   67   78   94  113  132  149  163  174  182  191  202  218  239  266
  295  325  355  383  407  425  435  436  432  426  421  417  413  407  400  394
  387  381  370  354  344  332  321  305  299                                   
    20.0-180.0 180.0   5.0 450.0                            LAT/LON1/LON2/DLON/H
  351  338  312  267  229  185  146  114   90   75   68   66   66   68   71   75
   77   77   75   74   76   80   85   88   88   87   84   80   75   70   65   61
   58   59   65   75   90  109  128  146  162  175  186  198  212  231  255  285
  316  348  379  407  431  449  459  461  457  452  447  445  442  438  433  429
  423  418  409  393  383  373  361  347  351                                   
    17.5-180.0 180.0   5.0 450.0                            LAT/LON1/LON2/DLON/H
  394  385  362  320  283  240  198  159  126  101   84   75   70   69   71   74
   77   77   76   77   81   86   90   93   93   90   87   82   77   71   65   60
   57   56   61   70   85  103  123  142  160  177  192  207  225  246  273  304
  336  367  395  421  442  458  467  469  467  464  462  462  462  461  459  456
  453  449  442  429  419  408  395  384  394                                   
    15.0-180.0 180.0   5.0 450.0                            LAT/LON1/LON2/DLON/H
  422  416  396  360  327  288  246  205  166  133  107   90   80   75   74   75
   76   77   78   81   86   92   96   97   96   93   88   83   76   70   64   58
   54   53   56   64   79   97  118  139  160  180  200  219  240  263  291  321
  352  381  406  426  443  455  463  466  466  466  467  471  474  476  476  476
  475  474  470  459  448  438  424  415  422                                   
    12.5-180.0 180.0   5.0 450.0                            LAT/LON1/LON2/DLON/H
  435  430  413  383  355  321  283  244  204  167  135  112   95   85   80   79
   79   80   82   86   92   98  101  101   98   94   89   82   75   68   62   56
   51   49   51   60   74   93  114  137  161  184  208  231  254  279  306  336
  365  390  410  426  437  446  452  456  458  462  467  473  479  483  485  486
  487  489  489  482  472  461  446  438  435                                   
    10.0-180.0 180.0   5.0 450.0                            LAT/LON1/LON2/DLON/H
  436  431  415  390  366  338  305  271  235  198  164  138  117  102   93   87
   85   85   88   93   99  105  107  105  101   95   89   82   74   67   61   55
   50   47   49   57   71   90  113  137  162  188  215  241  265  291  317  345
  372  395  411  423  430  437  442  447  452  458  465  472  479  483  485  487
  490  495  498  496  486  476  460  453  436                                   
     7.5-180.0 180.0   5.0 450.0                            LAT/LON1/LON2/DLON/H
  431  424  408  386  364  339  313  285  255  222  191  165  142  124  111  102
   97   96   98  102  108  112  112  108  103   97   90   82   75   68   61   55
