data/edconvlstm_nd/pred2740.15i
     1.0            IONOSPHERE MAPS     GNSS                IONEX VERSION / TYPE
pyspatialgeodesy        IME             05-JAN-18 20:20     PGM / RUN BY / DATE 
Map Name                                                    COMMENT             
Predicted global ionosphere maps (GIM).                     DESCRIPTION         
  2015    10     1     0     0     0                        EPOCH OF FIRST MAP  
  2015    10     2     0     0     0                        EPOCH OF LAST MAP   
  7200                                                      INTERVAL            
    13                                                      # OF MAPS IN FILE   
  NONE                                                      MAPPING FUNCTION    
10.0                                                        ELEVATION CUTOFF    
One-way carrier phase leveled to code                       OBSERVABLES USED    
  6371.0                                                    BASE RADIUS         
 2                                                          MAP DIMENSION       
   450.0 450.0   0.0                                        HGT1 / HGT2 / DHGT  
    87.5 -87.5  -2.5                                        LAT1 / LAT2 / DLAT  
  -180.0 180.0   5.0                                        LON1 / LON2 / DLON  
    -1                                                      EXPONENT            
                                                            END OF HEADER       
[from data line 5148]
    13                                                      START OF TEC MAP    
  2015    10     2     0     0     0                        EPOCH OF CURRENT MAP
    87.5-180.0 180.0   5.0 450.0                            LAT/LON1/LON2/DLON/H
  124  128  132  123  120  123  122  120  121  121  121  122  122  121  121  120
  119  118  117  116  115  114  113  112  111  110  109  108  107  106  105  104
  103  102  101  101  100  100   99   99   99   99   99   99   99   99  100  100
  101  101  102  102  103  103  104  104  105  105  106  106  106  107  107  108
  109  110  109  110  106  110  122  124  124                                   
    85.0-180.0 180.0   5.0 450.0                            LAT/LON1/LON2/DLON/H
  128  130  111  118  121  125  123  122  123  123  123  123  123  122  121  120
  118  117  115  114  112  110  108  106  105  103  102  100   98   97   96   94
   93   92   92   91   91   91   91   91   92   93   94   95   96   97   98   99
  100  101  102  103  104  105  106  107  108  109  110  110  111  111  112  113
  114  114  115  117  114  121  130  132  128                                   
    82.5-180.0 180.0   5.0 450.0                            LAT/LON1/LON2/DLON/H
  124  120  127  125  125  130  127  127  130  129  129  130  129  129  127  126
  124  122  119  117  114  111  109  106  103  101   98   96   93   91   89   87
   86   84   84   83   83   83   84   85   86   88   89   91   92   94   96   97
   99  100  102  103  105  107  108  110  111  113  114  116  117  118  119  120
  121  120  120  119  120  112  121  124  124                                   
    80.0-180.0 180.0   5.0 450.0                            LAT/LON1/LON2/DLON/H
  132  124  122  121  123  126  129  130  134  133  134  135  134  133  132  129
  126  123  119  115  111  107  103   99   95   92   88   85   82   79   77   75
   74   73   72   72   72   72   73   75   76   78   80   81   83   85   87   89
   91   92   94   96   98  100  103  105  108  110  112  114  116  118  119  121
  122  120  120  120  131  122  132  139  132                                   
    77.5-180.0 180.0   5.0 450.0                            LAT/LON1/LON2/DLON/H
  142  132  126  131  126  128  131  136  139  139  141  142  141  140  137  134
  130  125  120  114  109  104   99   95   90   86   83   79   76   74   72   71
   70   69   69   69   69   70   71   72   73   75   77   79   81   82   84   86
   87   89   91   93   95   98  101  105  108  112  116  119  122  124  126  128
  129  130  129  130  135  136  139  152  142                                   
    75.0-180.0 180.0   5.0 450.0                            LAT/LON1/LON2/DLON/H
  151  138  134  138  131  134  133  137  141  141  142  143  142  140  136  130
  124  118  111  105   99   94   89   84   80   77   74   71   69   68   67   66
   66   66   66   66   67   67   68   68   69   71   72   74   75   77   78   80
   81   82   84   86   89   93   97  102  107  112  117  122  126  129  133  135
  135  137  139  135  140  147  147  160  151                                   
    72.5-180.0 180.0   5.0 450.0                            LAT/LON1/LON2/DLON/H
  151  144  142  143  137  136  136  140  145  145  146  146  144  140  134  127
  119  111  103   96   89   84   79   75   72   69   67   65   65   65   65   65
   65   66   66   65   65   64   64   64   64   65   66   66   67   68   69   70
   70   71   72   74   77   81   86   92   99  106  113  120  126  130  135  138
  139  141  145  143  147  152  155  172  151                                   
    70.0-180.0 180.0   5.0 450.0                            LAT/LON1/LON2/DLON/H
  160  152  149  152  145  144  143  146  151  151  151  150  146  140  132  123
  113  103   94   86   80   74   70   66   64   62   61   61   62   63   64   65
   66   66   66   66   65   64   63   62   62   62   62   63   64   64   64   64
   64   64   65   67   70   74   80   88   97  106  115  124  131  137  142  146
  146  147  152  152  156  163  165  180  160                                   
    67.5-180.0 180.0   5.0 450.0                            LAT/LON1/LON2/DLON/H
  167  160  157  159  152  150  148  151  155  155  155  153  148  140  130  119
  107   96   86   78   72   66   62   59   57   56   56   57   58   59   61   62
   63   63   63   62   60   58   56   55   55   55   55   56   57   57   57   57
   56   56   55   56   59   63   71   80   91  102  113  123  131  138  143  147
  148  149  154  154  160  168  170  187  167                                   
    65.0-180.0 180.0   5.0 450.0                            LAT/LON1/LON2/DLON/H
  173  166  162  164  159  156  153  156  160  160  159  157  150  141  130  118
  105   94   84   76   69   64   60   58   56   55   55   55   56   57   59   60
   61   60   59   57   55   52   50   49   49   49   50   52   53   54   54   54
   53   51   50   50   52   57   64   75   87  100  113  124  133  140  145  148
  149  150  154  154  160  169  174  191  173                                   
    62.5-180.0 180.0   5.0 450.0                            LAT/LON1/LON2/DLON/H
  179  174  170  172  167  164  160  162  166  165  164  161  154  145  133  121
  109   98   88   80   74   69   65   62   59   58   57   56   57   57   58   59
   58   57   55   53   50   48   46   46   46   47   49   51   54   55   55   55
   53   51   49   48   50   55   63   74   87  101  115  127  136  143  148  150
  150  151  155  154  159  168  174  193  179                                   
    60.0-180.0 180.0   5.0 450.0                            LAT/LON1/LON2/DLON/H
  185  182  180  181  176  172  167  168  171  169  167  164  157  148  138  127
  117  107   98   90   84   79   74   70   66   63   61   60   59   59   58   58
   56   55   52   50   47   45   44   44   46   48   51   54   57   59   59   58
   56   53   51   50   51   56   64   76   90  105  119  130  139  146  151  153
  153  153  157  156  159  167  174  193  185                                   
    57.5-180.0 180.0   5.0 450.0                            LAT/LON1/LON2/DLON/H
  193  194  193  192  188  183  176  176  177  173  170  166  160  152  144  136
  128  120  112  105   98   91   85   80   75   71   67   65   64   62   61   59
   56   54   51   49   47   47   46   47   50   53   56   60   63   65   66   65
   62   59   56   55   56   61   70   83   97  111  124  135  143  149  155  158
  159  159  163  163  164  169  176  195  193                                   
    55.0-180.0 180.0   5.0 450.0                            LAT/LON1/LON2/DLON/H
  205  210  209  208  204  197  189  186  184  178  173  168  162  156  150  145
  140  134  127  119  112  104   97   91   85   80   77   74   71   69   66   63
   59   56   54   53   52   52   53   55   58   61   65   69   72   73   74   72
   70   67   64   64   66   71   81   93  106  119  131  140  147  154  160  165
  167  169  174  174  175  177  184  202  205                                   
    52.5-180.0 180.0   5.0 450.0                            LAT/LON1/LON2/DLON/H
  220  229  228  227  224  216  207  201  195  186  178  171  165  160  156  154
  151  146  140  132  124  116  109  102   97   92   88   85   82   79   75   70
   66   63   61   60   61   63   65   67   69   73   76   79   81   83   83   82
   80   77   75   75   78   84   94  106  118  130  138  145  151  157  165  172
  177  181  188  188  189  190  196  213  220                                   
    50.0-180.0 180.0   5.0 450.0                            LAT/LON1/LON2/DLON/H
  236  248  247  248  246  238  229  220  211  198  187  177  170  166  163  162
  160  156  150  142  134  126  120  114  109  106  103   99   96   92   86   81
   76   72   71   72   74   76   79   81   83   85   88   90   92   93   92   92
   90   88   87   88   92  100  110  121  132  141  147  151  155  161  169  179
  186  194  201  202  205  207  211  227  236                                   
    47.5-180.0 180.0   5.0 450.0                            LAT/LON1/LON2/DLON/H
  250  265  264  268  267  261  253  243  232  216  202  190  181  175  172  170
  168  163  157  149  142  135  130  126  123  120  118  115  111  105   99   92
   86   83   82   84   88   91   94   95   97   98   99  100  101  101  101  100
  100   99   99  101  106  114  125  136  146  153  156  158  160  165  173  184
  194  204  213  215  220  223  228  241  250                                   
    45.0-180.0 180.0   5.0 450.0                            LAT/LON1/LON2/DLON/H
  259  275  277  283  284  280  276  267  255  238  222  208  197  189  184  180
  176  170  163  156  149  144  141  138  136  135  132  128  123  117  109  101
   95   92   92   95  100  104  106  107  107  107  108  109  109  109  109  109
  108  108  109  112  118  127  137  148  157  163  165  165  166  170  178  189
  200  211  221  225  231  237  241  251  259                                   
    42.5-180.0 180.0   5.0 450.0                            LAT/LON1/LON2/DLON/H
  263  279  282  290  294  294  293  288  278  263  247  232  220  209  201  194
  186  178  171  164  159  156  154  152  150  147  143  138  131  122  114  106
  100   97   99  103  109  113  115  116  115  115  115  116  116  117  116  116
  116  116  117  120  125  134  144  155  164  170  173  173  174  176  183  193
  204  216  227  231  239  245  250  257  263                                   
    40.0-180.0 180.0   5.0 450.0                            LAT/LON1/LON2/DLON/H
  264  277  280  289  296  299  303  302  297  285  272  259  246  234  223  212
  201  191  182  176  172  170  168  165  161  156  149  141  132  122  113  105
  101  100  103  108  114  119  121  121  120  119  120  121  122  122  122  122
  121  120  120  122  127  135  145  156  167  174  178  180  181  184  189  198
  207  219  230  236  243  250  255  260  264                                   
    37.5-180.0 180.0   5.0 450.0                            LAT/LON1/LON2/DLON/H
  263  273  275  284  293  299  305  308  309  302  294  284  272  260  246  233
  219  208  199  193  189  186  181  175  167  158  149  139  129  119  110  104
  101  102  106  112  118  123  125  124  123  122  123  124  126  127  126  125
  122  120  118  119  122  129  140  152  164  174  181  185  189  192  197  204
  212  223  235  242  247  254  259  264  263                                   
    35.0-180.0 180.0   5.0 450.0                            LAT/LON1/LON2/DLON/H
  266  273  274  280  291  297  304  310  314  313  309  304  295  283  269  255
  240  228  219  213  207  200  191  180  168  156  145  135  125  115  109  105
  104  107  112  119  125  129  130  129  127  126  126  127  128  129  127  125
  120  116  112  111  113  119  130  143  157  171  181  189  195  200  206  213
  220  230  244  251  256  262  268  273  266                                   
    32.5-180.0 180.0   5.0 450.0                            LAT/LON1/LON2/DLON/H
  278  284  283  285  294  299  304  310  317  319  320  318  312  302  290  275
  261  249  239  230  221  209  195  179  165  152  142  133  125  118  114  113
  115  119  125  131  135  138  137  135  133  131  130  130  130  129  126  121
  115  108  103  100  101  108  119  133  150  166  181  192  202  209  217  225
  233  244  259  267  272  278  284  291  278                                   
    30.0-180.0 180.0   5.0 450.0                            LAT/LON1/LON2/DLON/H
  303  309  306  303  309  311  312  317  323  325  327  328  324  316  305  292
  279  266  255  243  228  211  192  174  160  151  145  140  135  132  130  132
  136  140  145  149  150  150  147  144  140  137  134  133  131  128  123  116
  108  100   93   90   91   98  110  127  145  164  181  197  210  220  230  240
  251  265  282  291  297  303  310  319  303                                   
    27.5-180.0 180.0   5.0 450.0                            LAT/LON1/LON2/DLON/H
  341  349  342  336  338  336  334  334  336  337  338  337  334  327  318  306
  293  279  264  247  226  204  183  168  160  157  157  157  157  156  157  160
  164  169  171  171  168  164  158  153  148  143  139  135  131  126  118  110
  100   91   85   83   86   95  108  126  146  166  186  204  220  234  247  260
  275  293  312  322  331  337  344  356  341                                   
    25.0-180.0 180.0   5.0 450.0                            LAT/LON1/LON2/DLON/H
  388  399  389  380  380  375  369  364  362  358  355  352  347  339  329  317
  303  286  266  242  217  193  175  166  166  172  180  186  188  189  191  194
  198  200  198  193  184  176  168  160  154  149  143  138  131  124  114  104
   94   86   81   81   86   97  113  131  152  173  194  215  233  250  266  283
  302  325  347  358  370  377  383  400  388                                   
    22.5-180.0 180.0   5.0 450.0                            LAT/LON1/LON2/DLON/H
  436  451  441  432  430  424  415  406  399  391  383  375  366  356  344  330
  312  290  264  234  206  184  173  174  184  199  213  222  226  227  228  230
  231  228  220  208  195  183  172  165  158  152  146  140  132  122  112  101
   91   84   81   82   90  103  121  141  162  183  205  226  247  266  286  307
  330  356  380  393  408  417  426  444  436                                   
    20.0-180.0 180.0   5.0 450.0                            LAT/LON1/LON2/DLON/H
  478  496  489  482  480  475  466  455  445  433  421  408  394  380  364  346
  324  296  264  231  203  186  183  194  213  234  250  260  263  261  259  257
  253  245  231  214  197  182  172  165  159  154  149  142  133  123  111  100
   91   85   83   86   96  110  129  150  172  193  215  237  260  283  305  328
  354  382  408  422  439  450  464  484  478                                   
    17.5-180.0 180.0   5.0 450.0                            LAT/LON1/LON2/DLON/H
  507  526  524  522  522  521  515  505  494  481  466  449  431  413  393  371
  343  309  273  239  214  203  209  228  252  273  287  292  290  284  276  268
  259  246  229  209  191  176  166  161  157  154  150  144  136  126  114  103
   94   89   88   91  101  117  137  160  182  203  225  249  274  299  323  348
  374  402  427  442  460  471  491  513  507                                   
    15.0-180.0 180.0   5.0 450.0                            LAT/LON1/LON2/DLON/H
  522  538  540  546  550  554  554  548  540  528  513  495  475  453  430  403
  371  333  295  262  241  237  250  272  295  311  316  312  301  287  274  262
  249  235  217  197  179  166  158  155  153  152  150  146  139  129  118  107
   98   94   93   97  107  122  144  167  190  213  236  260  288  315  341  365
  390  415  438  453  469  481  506  529  522                                   
    12.5-180.0 180.0   5.0 450.0                            LAT/LON1/LON2/DLON/H
  523  535  541  553  562  572  578  579  576  568  555  539  520  498  472  443
  408  369  330  300  284  286  301  321  336  339  330  313  291  271  255  241
  229  215  199  182  167  157  151  149  149  149  149  147  141  132  121  111
  103   99   98  101  110  125  147  172  196  220  243  270  299  329  356  380
  402  423  443  457  472  482  510  534  523                                   
    10.0-180.0 180.0   5.0 450.0                            LAT/LON1/LON2/DLON/H
  519  526  534  550  564  579  589  595  597  595  588  576  560  540  515  485
  450  413  377  351  339  342  354  365  365  350  324  292  263  241  226  215
  206  194  181  169  158  151  147  145  145  146  146  145  141  133  123  114
  107  102  101  102  109  124  146  171  197  221  246  275  308  340  368  391
  410  427  444  457  470  481  509  533  519                                   
     7.5-180.0 180.0   5.0 450.0                            LAT/LON1/LON2/DLON/H
  516  520  528  545  562  578  590  599  605  607  606  601  590  574  552  525
  494  460  428  406  396  396  399  394  374  339  296  256  226  209  199  194
