data/edconvlstm_nd/pred0740.15i
     1.0            IONOSPHERE MAPS     GNSS                IONEX VERSION / TYPE
pyspatialgeodesy        IME             05-JAN-18 20:20     PGM / RUN BY / DATE 
Map Name                                                    COMMENT             
Predicted global ionosphere maps (GIM).                     DESCRIPTION         
  2015     3    15     0     0     0                        EPOCH OF FIRST MAP  
  2015     3    16     0     0     0                        EPOCH OF LAST MAP   
  7200                                                      INTERVAL            
    13                                                      # OF MAPS IN FILE   
  NONE                                                      MAPPING FUNCTION    
10.0                                                        ELEVATION CUTOFF    
One-way carrier phase leveled to code                       OBSERVABLES USED    
  6371.0                                                    BASE RADIUS         
 2                                                          MAP DIMENSION       
   450.0 450.0   0.0                                        HGT1 / HGT2 / DHGT  
    87.5 -87.5  -2.5                                        LAT1 / LAT2 / DLAT  
  -180.0 180.0   5.0                                        LON1 / LON2 / DLON  
    -1                                                      EXPONENT            
                                                            END OF HEADER       
[from data line 4290]
    11                                                      START OF TEC MAP    
  2015     3    15    20     0     0                        EPOCH OF CURRENT MAP
    87.5-180.0 180.0   5.0 450.0                            LAT/LON1/LON2/DLON/H
  183  180  170  178  181  180  179  178  178  180  180  182  183  184  184  185
  185  185  184  184  182  181  179  177  175  172  170  167  164  162  160  158
  156  154  153  152  151  151  151  151  151  152  153  154  155  157  158  160
  162  164  165  167  169  171  172  174  175  176  177  178  179  179  179  179
  179  179  178  177  186  183  184  178  183                                   
    85.0-180.0 180.0   5.0 450.0                            LAT/LON1/LON2/DLON/H
  183  179  187  181  180  184  184  187  188  190  191  193  194  196  197  198
  199  199  199  198  196  194  191  188  185  181  178  174  170  167  164  161
  158  156  155  153  153  152  152  153  154  155  156  158  160  163  165  168
  171  173  176  179  181  183  185  187  188  190  191  191  192  192  192  191
  192  191  189  186  187  179  176  178  183                                   
    82.5-180.0 180.0   5.0 450.0                            LAT/LON1/LON2/DLON/H
  162  162  163  164  168  173  177  180  181  185  188  193  196  200  203  206
  208  208  208  207  204  201  196  191  186  180  173  167  161  155  150  146
  142  138  136  134  132  132  132  132  133  135  137  139  142  145  149  153
  157  161  164  168  172  175  178  180  182  183  184  185  185  185  184  183
  182  180  178  179  173  177  161  160  162                                   
    80.0-180.0 180.0   5.0 450.0                            LAT/LON1/LON2/DLON/H
  140  138  141  143  148  150  156  164  170  176  182  189  195  201  206  210
  213  214  214  212  208  203  197  189  181  172  164  155  146  139  132  126
  120  116  113  110  109  108  107  108  109  111  113  116  120  124  129  134
  139  144  149  154  159  163  166  169  171  173  173  174  173  172  171  170
  169  167  164  163  152  146  135  141  140                                   
    77.5-180.0 180.0   5.0 450.0                            LAT/LON1/LON2/DLON/H
  131  120  125  126  133  136  144  152  160  169  177  187  196  205  212  218
  223  225  225  223  219  213  205  196  186  175  164  153  143  134  125  118
  112  107  103  100   98   96   95   95   95   95   97   99  102  106  110  115
  120  126  131  137  141  145  148  151  152  153  153  153  152  151  150  148
  146  145  144  143  136  127  123  133  131                                   
    75.0-180.0 180.0   5.0 450.0                            LAT/LON1/LON2/DLON/H
  120  114  115  117  124  129  136  145  156  166  176  187  198  207  216  223
  229  232  232  231  227  221  213  203  192  180  168  157  146  135  127  119
  113  108  104  100   98   95   93   91   90   90   90   91   93   95   99  103
  107  112  117  122  125  128  131  132  132  132  131  130  129  127  127  126
  125  126  127  125  121  115  114  113  120                                   
    72.5-180.0 180.0   5.0 450.0                            LAT/LON1/LON2/DLON/H
  119  116  119  123  127  133  141  150  160  171  182  193  204  214  223  231
  237  241  243  242  239  234  226  216  205  192  179  167  155  144  135  127
  121  115  111  107  103   99   96   93   90   88   87   86   87   88   90   93
   96  100  103  106  109  110  111  111  110  108  106  105  103  103  103  104
  104  107  110  112  112  112  116  120  119                                   
    70.0-180.0 180.0   5.0 450.0                            LAT/LON1/LON2/DLON/H
  125  126  129  132  137  143  149  159  169  179  189  199  208  217  225  232
  237  242  244  245  243  239  233  225  214  203  191  179  167  157  148  140
  134  128  123  118  112  107  102   98   94   90   88   86   85   85   86   87
   89   91   93   95   95   95   94   92   89   87   84   82   81   80   82   84
   86   91   97  102  108  113  122  125  125                                   
    67.5-180.0 180.0   5.0 450.0                            LAT/LON1/LON2/DLON/H
  135  139  144  149  155  162  169  179  188  197  206  214  220  227  232  238
  243  248  251  253  253  251  247  240  231  220  209  197  185  175  166  158
  151  144  137  130  122  115  108  103   98   94   91   89   88   87   86   86
   86   87   88   88   87   85   83   80   76   73   70   68   67   67   69   72
   76   82   89   96  105  114  126  131  135                                   
    65.0-180.0 180.0   5.0 450.0                            LAT/LON1/LON2/DLON/H
  137  146  153  160  167  175  184  194  203  212  218  224  227  230  233  237
  241  246  250  254  255  255  253  248  241  232  222  212  202  192  183  175
  167  158  148  138  128  119  110  104   98   95   92   90   88   86   84   82
   81   80   80   79   77   75   72   68   64   60   58   56   55   56   57   60
   64   71   79   87   99  113  127  135  137                                   
    62.5-180.0 180.0   5.0 450.0                            LAT/LON1/LON2/DLON/H
  136  149  157  166  177  187  198  210  220  228  233  235  236  235  236  238
  241  246  251  256  259  260  258  255  249  242  234  225  216  208  199  190
  180  169  156  143  130  118  108  100   95   92   91   89   87   85   82   79
   76   74   73   72   70   68   65   61   58   55   53   52   51   52   53   55
   57   63   70   77   89  105  119  129  136                                   
    60.0-180.0 180.0   5.0 450.0                            LAT/LON1/LON2/DLON/H
  130  145  157  168  181  194  208  221  233  241  245  246  243  240  238  239
  242  247  252  257  260  261  260  257  253  248  241  235  229  222  215  206
  194  180  164  147  131  117  105   98   93   92   91   90   88   84   80   75
   71   69   68   67   66   64   62   59   56   54   53   53   53   53   53   54
   55   58   64   69   80   95  109  122  130                                   
    57.5-180.0 180.0   5.0 450.0                            LAT/LON1/LON2/DLON/H
  125  142  156  170  186  200  217  232  245  254  258  257  252  247  243  243
  245  250  254  258  260  260  259  256  253  250  247  244  240  236  230  221
  208  191  172  152  134  118  106   98   94   93   94   93   90   85   79   73
   69   66   65   65   66   65   64   63   61   60   60   60   61   61   60   59
   57   58   62   65   74   88  101  115  125                                   
    55.0-180.0 180.0   5.0 450.0                            LAT/LON1/LON2/DLON/H
  127  146  163  177  194  211  229  245  259  269  272  270  264  257  252  250
  252  255  258  261  261  259  257  255  253  252  252  253  253  251  246  237
  222  204  182  160  140  123  111  103  100  100  100   99   96   90   82   75
   70   67   67   69   70   71   72   71   70   70   71   72   73   73   72   69
   66   66   67   69   76   88  101  115  127                                   
    52.5-180.0 180.0   5.0 450.0                            LAT/LON1/LON2/DLON/H
  138  160  179  192  211  228  246  263  277  286  289  286  279  270  263  260
  260  261  263  263  261  259  256  255  255  256  259  263  266  266  262  251
  235  215  192  169  148  132  120  113  110  110  110  108  104   97   89   81
   76   74   74   77   80   82   83   82   82   82   83   85   86   86   85   83
   79   79   80   83   89  100  112  125  138                                   
    50.0-180.0 180.0   5.0 450.0                            LAT/LON1/LON2/DLON/H
  160  183  204  216  235  252  270  285  299  308  310  306  297  287  278  272
  270  269  268  266  263  260  259  259  261  265  271  277  282  282  276  263
  244  222  198  176  157  142  132  125  122  120  120  119  114  108  100   92
   87   85   86   89   92   94   95   95   94   94   94   96   97   98   98   97
   94   96   98  103  111  122  135  145  160                                   
    47.5-180.0 180.0   5.0 450.0                            LAT/LON1/LON2/DLON/H
  189  213  235  246  264  281  296  310  322  331  333  328  318  306  295  286
  280  276  273  270  267  266  266  269  273  279  287  293  297  294  285  268
  245  221  198  178  162  150  141  135  131  129  128  127  124  119  112  106
  102  100  101  102  104  105  105  104  103  102  102  103  104  106  107  108
  108  112  118  127  137  150  164  173  189                                   
    45.0-180.0 180.0   5.0 450.0                            LAT/LON1/LON2/DLON/H
  219  244  264  276  293  309  321  333  345  354  356  352  342  329  315  302
  292  284  279  276  275  276  279  284  291  298  305  309  309  302  286  264
  238  213  191  174  162  153  146  140  135  133  132  132  131  128  124  120
  116  114  113  113  112  111  110  108  107  106  105  106  107  109  112  115
  117  125  134  148  163  177  193  204  219                                   
    42.5-180.0 180.0   5.0 450.0                            LAT/LON1/LON2/DLON/H
  242  268  288  301  317  331  341  352  363  373  377  375  366  353  336  320
  306  295  288  286  287  292  298  305  312  318  322  322  316  302  281  254
  227  202  182  169  161  154  148  142  136  133  133  134  135  135  133  131
  127  124  120  117  113  110  107  106  105  104  104  105  107  109  113  117
  121  131  143  161  179  196  214  229  242                                   
    40.0-180.0 180.0   5.0 450.0                            LAT/LON1/LON2/DLON/H
  254  280  301  315  332  344  354  363  374  387  394  395  389  377  359  341
  323  310  303  301  305  312  320  327  332  335  335  330  318  299  274  246
  219  196  181  171  165  159  152  144  137  133  132  134  137  139  139  136
  132  127  120  113  107  102   99   98   99  100  101  102  104  107  111  115
  119  129  143  161  181  202  221  239  254                                   
    37.5-180.0 180.0   5.0 450.0                            LAT/LON1/LON2/DLON/H
  254  279  303  317  336  347  357  366  379  394  405  411  409  399  383  363
  344  330  323  323  328  336  343  348  350  349  344  335  319  299  274  249
  226  209  197  189  183  175  164  153  143  137  135  136  139  141  140  137
  132  124  115  105   97   92   90   91   94   97  100  102  104  106  109  112
  114  122  134  152  171  193  213  234  254                                   
    35.0-180.0 180.0   5.0 450.0                            LAT/LON1/LON2/DLON/H
  245  270  296  310  330  340  353  363  379  396  411  421  424  419  405  387
  368  355  349  350  355  360  364  365  363  359  352  342  328  310  290  272
  257  247  239  231  220  206  190  173  159  150  146  144  144  144  141  137
  129  119  109   98   90   86   87   90   96  101  104  107  108  109  110  110
  109  113  122  137  154  176  197  219  245                                   
    32.5-180.0 180.0   5.0 450.0                            LAT/LON1/LON2/DLON/H
  235  259  286  300  321  331  346  358  376  395  414  428  436  435  425  410
  394  383  379  379  382  383  381  377  374  371  366  359  350  339  329  322
  318  315  310  298  280  256  230  207  188  175  166  160  156  151  145  137
  128  118  107   98   92   91   93   99  107  113  117  119  119  118  116  113
  108  109  114  125  140  160  182  205  235                                   
    30.0-180.0 180.0   5.0 450.0                            LAT/LON1/LON2/DLON/H
  230  253  280  295  316  326  343  357  376  397  417  434  446  449  443  432
  420  412  409  408  407  401  395  390  388  389  391  392  392  391  394  400
  408  413  407  388  357  319  281  250  227  209  196  185  175  165  155  144
  134  124  116  110  108  109  114  121  128  135  138  138  136  133  129  123
  115  113  114  122  136  154  176  199  230                                   
    27.5-180.0 180.0   5.0 450.0                            LAT/LON1/LON2/DLON/H
  237  259  284  300  322  332  352  367  386  406  425  442  454  460  458  451
  443  438  436  434  427  417  408  406  411  421  433  444  455  467  483  504
  523  531  520  487  438  383  334  296  269  248  232  216  200  186  172  160
  150  143  139  138  139  143  148  154  159  162  163  161  156  151  145  138
  129  126  125  132  144  162  183  206  237                                   
    25.0-180.0 180.0   5.0 450.0                            LAT/LON1/LON2/DLON/H
  256  276  298  317  341  353  375  390  410  426  441  455  465  471  470  466
  461  459  458  453  444  432  426  431  447  470  494  517  538  561  589  618
  642  647  624  572  503  433  374  332  304  284  266  248  230  212  198  186
  178  175  176  179  184  189  193  194  194  192  188  182  174  166  159  153
  145  144  143  152  164  180  202  225  256                                   
    22.5-180.0 180.0   5.0 450.0                            LAT/LON1/LON2/DLON/H
  285  303  322  344  370  385  410  427  446  460  469  477  482  484  482  478
  476  475  474  469  460  451  453  470  500  537  574  606  633  661  691  720
  737  730  689  618  533  451  388  347  323  307  292  276  259  244  231  221
  217  218  223  231  237  241  241  236  228  219  209  199  188  178  170  164
  159  161  163  176  189  205  229  254  285                                   
    20.0-180.0 180.0   5.0 450.0                            LAT/LON1/LON2/DLON/H
  318  334  352  377  406  424  451  472  492  503  508  509  507  504  498  492
  489  490  490  486  480  479  493  525  570  620  664  698  724  745  766  782
  784  759  701  615  519  433  373  338  322  314  306  296  286  276  268  264
  263  267  275  284  290  289  282  269  253  236  221  207  195  184  175  170
  168  174  180  197  212  231  257  287  318                                   
    17.5-180.0 180.0   5.0 450.0                            LAT/LON1/LON2/DLON/H
  345  362  381  409  442  462  492  516  538  549  551  548  541  532  521  512
  508  508  510  510  510  520  548  594  651  707  751  777  790  795  798  794
  775  731  658  563  465  385  333  309  304  306  308  308  308  308  307  308
  310  314  321  327  329  323  309  287  263  240  220  204  191  180  173  170
  170  180  191  211  229  251  279  314  345                                   
    15.0-180.0 180.0   5.0 450.0                            LAT/LON1/LON2/DLON/H
  359  378  402  434  470  493  525  551  576  590  593  589  580  567  553  541
  536  537  540  544  553  575  616  672  733  785  818  827  820  804  784  758
  719  659  577  482  391  322  284  273  279  292  304  315  326  335  342  346
  348  349  351  352  347  335  315  288  259  231  209  192  180  171  165  163
  166  179  193  215  235  261  291  328  359                                   
    12.5-180.0 180.0   5.0 450.0                            LAT/LON1/LON2/DLON/H
  359  383  414  449  488  515  548  576  604  620  627  626  619  608  593  581
  575  577  583  593  610  641  689  747  803  842  854  841  812  776  738  693
  638  568  485  398  321  269  246  246  262  282  303  322  341  358  368  372
  371  366  361  353  342  326  302  273  242  214  191  175  165  158  156  155
  159  173  188  209  231  260  290  327  359                                   
    10.0-180.0 180.0   5.0 450.0                            LAT/LON1/LON2/DLON/H
  350  380  419  456  499  529  563  591  620  640  651  656  655  648  637  628
  624  628  637  651  675  711  759  811  853  871  857  821  775  726  677  622
  558  486  409  336  278  243  233  242  263  287  311  334  357  375  385  385
  376  364  351  336  319  300  276  249  220  193  173  159  152  149  148  148
  152  164  178  197  221  252  282  317  350                                   
     7.5-180.0 180.0   5.0 450.0                            LAT/LON1/LON2/DLON/H
  339  377  422  461  506  538  572  600  630  652  668  678  684  684  680  676
  677  685  697  715  740  775  818  857  877  868  830  777  723  672  621  564
