data/edconvlstm_nd/pred0440.15i
     1.0            IONOSPHERE MAPS     GNSS                IONEX VERSION / TYPE
pyspatialgeodesy        IME             05-JAN-18 20:20     PGM / RUN BY / DATE 
Map Name                                                    COMMENT             
Predicted global ionosphere maps (GIM).                     DESCRIPTION         
  2015     2    13     0     0     0                        EPOCH OF FIRST MAP  
  2015     2    14     0     0     0                        EPOCH OF LAST MAP   
  7200                                                      INTERVAL            
    13                                                      # OF MAPS IN FILE   
  NONE                                                      MAPPING FUNCTION    
10.0                                                        ELEVATION CUTOFF    
One-way carrier phase leveled to code                       OBSERVABLES USED    
  6371.0                                                    BASE RADIUS         
 2                                                          MAP DIMENSION       
   450.0 450.0   0.0                                        HGT1 / HGT2 / DHGT  
    87.5 -87.5  -2.5                                        LAT1 / LAT2 / DLAT  
  -180.0 180.0   5.0                                        LON1 / LON2 / DLON  
    -1                                                      EXPONENT            
                                                            END OF HEADER       
[from data line 1716]
     5                                                      START OF TEC MAP    
  2015     2    13     8     0     0                        EPOCH OF CURRENT MAP
    87.5-180.0 180.0   5.0 450.0                            LAT/LON1/LON2/DLON/H
   83   77   71   76   78   78   77   76   78   81   83   85   86   87   89   90
   91   92   93   94   95   95   96   96   97   97   97   98   98   98   98   98
   98   98   98   97   97   97   97   96   96   96   96   95   95   95   95   94
   94   93   92   91   90   88   87   85   83   81   80   78   76   74   71   70
   69   69   68   67   71   72   84   89   83                                   
    85.0-180.0 180.0   5.0 450.0                            LAT/LON1/LON2/DLON/H
   63   66   62   65   67   69   71   73   75   78   79   82   84   86   87   89
   90   92   93   94   95   96   97   98   98   99  100  100  101  101  102  102
  102  103  103  103  104  104  104  105  105  106  106  106  107  107  107  106
  106  105  104  103  101   99   97   94   91   88   85   82   79   75   72   69
   68   67   62   61   59   62   67   73   63                                   
    82.5-180.0 180.0   5.0 450.0                            LAT/LON1/LON2/DLON/H
   49   48   49   51   51   54   57   59   62   66   68   71   74   76   78   80
   81   83   84   85   86   87   88   89   90   91   92   93   94   95   96   97
   98   99  100  102  103  105  107  109  111  113  115  116  118  120  121  122
  122  122  122  120  119  116  113  109  105  101   96   91   85   80   73   69
   64   60   54   52   53   49   47   51   49                                   
    80.0-180.0 180.0   5.0 450.0                            LAT/LON1/LON2/DLON/H
   45   37   37   40   42   44   48   52   56   60   63   67   70   72   74   76
   77   79   80   81   81   82   83   84   85   85   86   87   88   90   91   92
   94   96   99  101  104  107  111  115  119  123  128  132  136  140  144  147
  149  151  152  152  150  148  145  141  136  130  123  116  108  100   91   84
   75   66   58   52   49   43   44   46   45                                   
    77.5-180.0 180.0   5.0 450.0                            LAT/LON1/LON2/DLON/H
   48   34   33   36   36   40   45   49   55   59   63   67   71   73   75   77
   78   79   80   80   81   82   82   83   84   84   85   86   87   89   90   92
   95   98  101  105  110  115  121  127  133  140  147  154  161  168  175  181
  186  190  193  195  196  194  192  188  182  176  168  159  150  139  128  116
  104   92   78   68   60   44   44   50   48                                   
    75.0-180.0 180.0   5.0 450.0                            LAT/LON1/LON2/DLON/H
   48   36   30   34   34   39   43   47   52   56   60   64   67   69   71   73
   74   75   76   76   77   78   79   80   81   82   82   83   84   85   86   88
   91   95   99  104  110  117  125  133  142  152  162  172  182  192  202  210
  219  225  231  234  236  236  234  231  225  219  211  201  191  180  168  155
  140  125  109   91   78   60   56   57   48                                   
    72.5-180.0 180.0   5.0 450.0                            LAT/LON1/LON2/DLON/H
   54   41   34   36   35   41   45   48   53   56   60   63   65   67   69   70
   71   72   74   76   77   79   81   82   83   83   83   83   83   84   85   87
   90   94   99  105  112  121  131  141  152  164  176  189  202  214  227  238
  249  258  265  271  274  275  273  270  264  257  249  240  230  218  206  193
  178  162  144  123  105   83   76   75   54                                   
    70.0-180.0 180.0   5.0 450.0                            LAT/LON1/LON2/DLON/H
   64   47   40   41   39   42   46   49   52   55   57   59   60   61   62   63
   65   67   69   72   74   77   79   81   82   82   81   80   79   78   79   80
   83   87   93  100  109  119  130  143  156  170  185  200  214  229  243  257
  269  280  289  296  299  301  299  295  288  280  271  262  251  240  229  217
  202  186  168  146  126  102   96   94   64                                   
    67.5-180.0 180.0   5.0 450.0                            LAT/LON1/LON2/DLON/H
   69   53   45   44   43   46   49   51   54   56   57   59   59   59   60   61
   62   64   67   70   74   77   80   82   82   81   79   77   74   72   71   72
   74   79   85   93  103  115  128  142  157  173  189  206  222  237  252  267
  280  291  301  308  311  312  309  303  295  286  275  265  255  244  233  222
  209  193  177  154  135  112  105  104   69                                   
    65.0-180.0 180.0   5.0 450.0                            LAT/LON1/LON2/DLON/H
   75   58   48   47   46   48   51   53   56   57   58   59   59   58   58   59
   60   62   65   69   73   77   80   81   81   79   76   72   68   65   63   64
   66   72   79   89  100  114  129  145  162  179  197  214  230  246  261  275
  288  299  308  314  317  316  311  303  293  282  271  260  249  238  227  217
  204  189  174  153  136  114  109  109   75                                   
    62.5-180.0 180.0   5.0 450.0                            LAT/LON1/LON2/DLON/H
   77   59   49   48   46   48   51   53   55   57   58   59   59   59   59   59
   60   62   64   67   71   74   77   79   78   75   71   65   60   57   55   55
   59   65   74   86   99  115  132  150  169  187  206  223  239  254  267  280
  292  302  310  314  316  313  306  297  286  273  261  249  238  227  216  205
  191  176  162  141  127  106  103  106   77                                   
    60.0-180.0 180.0   5.0 450.0                            LAT/LON1/LON2/DLON/H
   79   59   48   46   44   45   48   50   53   55   57   58   59   59   59   59
   60   61   62   65   67   70   72   73   72   69   63   58   52   48   47   48
   53   61   72   85  101  119  138  158  178  197  216  232  248  261  273  284
  294  302  309  312  312  308  301  291  279  267  255  244  232  220  208  194
  179  163  148  128  116   95   94   98   79                                   
    57.5-180.0 180.0   5.0 450.0                            LAT/LON1/LON2/DLON/H
   83   60   49   45   43   43   45   47   50   53   55   57   58   59   60   61
   61   61   61   62   63   65   67   68   66   63   57   52   46   43   42   45
   51   61   74   90  108  128  148  170  190  210  229  245  259  271  282  291
  299  306  311  313  312  308  301  292  281  271  261  250  239  226  211  195
  177  158  143  122  111   89   88   93   83                                   
    55.0-180.0 180.0   5.0 450.0                            LAT/LON1/LON2/DLON/H
   91   66   54   48   45   43   44   45   47   50   53   56   58   60   61   62
   62   61   60   60   60   61   63   64   62   59   54   49   43   40   41   45
   53   65   80   99  119  140  162  183  205  225  243  259  273  284  293  300
  307  312  316  318  317  313  306  299  291  284  276  268  257  244  227  209
  188  166  149  127  115   93   91   95   91                                   
    52.5-180.0 180.0   5.0 450.0                            LAT/LON1/LON2/DLON/H
  104   79   65   56   52   48   47   47   48   50   52   55   58   61   63   64
   64   62   60   59   59   60   62   63   62   60   55   50   45   42   43   48
   58   73   90  111  132  154  176  198  220  240  258  274  287  297  306  312
  318  322  325  326  324  321  316  311  306  302  298  292  283  269  251  231
  207  184  165  142  130  107  104  106  104                                   
    50.0-180.0 180.0   5.0 450.0                            LAT/LON1/LON2/DLON/H
  120   96   83   72   66   60   56   53   53   53   55   58   60   63   66   67
   66   64   62   60   60   62   65   67   67   65   60   55   50   48   49   55
   66   82  102  124  146  169  191  213  233  253  271  287  301  311  320  326
  331  334  336  336  334  330  326  322  320  319  317  314  306  293  275  253
  229  206  185  162  150  129  124  124  120                                   
    47.5-180.0 180.0   5.0 450.0                            LAT/LON1/LON2/DLON/H
  137  116  104   93   85   77   71   66   63   61   62   63   65   68   70   70
   69   67   65   64   66   69   72   75   75   73   69   64   58   55   56   62
   74   92  113  136  160  183  204  225  246  265  283  299  313  324  333  339
  343  346  346  344  341  336  331  328  327  327  326  324  317  304  286  265
  242  221  200  179  168  150  146  144  137                                   
    45.0-180.0 180.0   5.0 450.0                            LAT/LON1/LON2/DLON/H
  149  134  124  115  106   98   91   83   78   74   73   73   74   76   77   76
   74   72   71   71   74   79   83   86   86   84   79   73   67   63   63   69
   81   99  122  146  171  194  215  236  255  274  292  308  322  334  343  349
  353  354  353  349  344  338  332  328  325  324  322  318  310  297  280  261
  241  222  204  186  178  162  160  158  149                                   
    42.5-180.0 180.0   5.0 450.0                            LAT/LON1/LON2/DLON/H
  154  143  137  131  124  116  109  101   95   90   87   87   87   87   86   84
   82   80   79   81   86   91   95   98   97   94   88   81   74   69   67   73
   85  104  128  154  179  202  224  244  263  282  299  315  329  341  350  356
  359  360  358  353  347  340  333  326  321  316  311  304  293  279  262  245
  227  211  196  181  174  161  162  159  154                                   
    40.0-180.0 180.0   5.0 450.0                            LAT/LON1/LON2/DLON/H
  149  141  139  135  132  126  121  114  109  104  102  101  100   99   97   94
   92   90   90   94   99  104  107  108  106  101   94   86   78   72   70   74
   87  107  132  158  185  209  231  251  270  289  306  321  335  346  355  361
  365  367  366  363  358  351  343  335  326  317  307  296  282  266  248  231
  213  196  182  167  161  147  151  148  149                                   
    37.5-180.0 180.0   5.0 450.0                            LAT/LON1/LON2/DLON/H
  137  130  129  127  128  124  122  119  115  113  112  113  113  111  109  105
  103  102  103  107  112  116  117  116  111  105   98   89   81   74   72   76
   89  109  135  162  189  214  237  258  278  296  313  327  340  351  360  368
  375  380  383  385  384  380  373  364  352  339  325  310  293  275  255  237
  216  196  178  158  149  130  136  131  137                                   
    35.0-180.0 180.0   5.0 450.0                            LAT/LON1/LON2/DLON/H
  125  116  112  110  113  111  112  112  112  113  116  119  121  121  119  116
  114  114  116  120  123  125  124  120  114  107   99   92   84   77   74   79
   92  112  138  167  194  220  244  266  286  304  321  336  348  359  369  380
  392  403  414  423  428  429  425  417  404  389  373  355  338  319  298  276
  251  223  198  168  153  125  128  120  125                                   
    32.5-180.0 180.0   5.0 450.0                            LAT/LON1/LON2/DLON/H
  122  106   98   94   96   93   94   97  101  105  111  118  122  124  125  124
  124  126  129  132  133  132  129  123  115  109  102   95   88   82   79   84
   96  117  143  172  200  227  252  274  295  315  332  347  359  371  384  400
  418  439  459  477  491  499  499  493  482  468  452  436  419  401  380  355
  322  285  249  205  183  144  141  127  122                                   
    30.0-180.0 180.0   5.0 450.0                            LAT/LON1/LON2/DLON/H
  134  111   96   88   86   80   79   81   86   92  101  110  117  122  125  128
  131  135  139  141  140  137  131  124  118  112  106  100   94   88   86   90
  102  123  149  178  207  235  261  285  308  329  348  363  377  391  407  428
  455  486  517  546  570  585  592  590  582  570  557  545  532  517  497  468
  428  380  331  273  241  192  178  158  134                                   
    27.5-180.0 180.0   5.0 450.0                            LAT/LON1/LON2/DLON/H
  167  139  115  101   93   82   77   75   77   82   90   99  107  114  120  126
  133  140  145  145  143  138  133  127  121  115  110  105  100   95   93   98
  110  130  156  186  216  245  272  298  323  347  368  387  403  419  440  467
  503  544  586  626  660  683  695  696  692  684  675  667  659  648  630  600
  555  500  437  365  324  267  240  216  167                                   
    25.0-180.0 180.0   5.0 450.0                            LAT/LON1/LON2/DLON/H
  225  192  161  139  124  106   94   86   82   82   85   91   98  104  111  120
  130  139  145  145  142  138  134  129  124  120  115  110  106  102  101  106
  118  138  164  195  226  257  286  314  342  368  394  416  437  457  482  515
  557  607  659  708  748  776  792  798  797  793  790  787  783  776  759  729
  683  625  553  475  423  363  322  296  225                                   
    22.5-180.0 180.0   5.0 450.0                            LAT/LON1/LON2/DLON/H
  306  271  234  204  180  155  135  118  105   97   92   92   94   98  104  113
  125  135  141  142  140  137  135  132  128  123  118  114  111  109  109  113
  125  145  172  204  237  271  302  332  362  393  423  450  475  500  528  565
  613  667  723  773  813  842  860  869  874  877  879  881  882  878  863  833
  789  734  661  585  524  463  418  386  306                                   
    20.0-180.0 180.0   5.0 450.0                            LAT/LON1/LON2/DLON/H
  400  368  328  292  257  227  198  172  149  129  115  106  101  100  103  110
  121  131  136  138  136  136  135  134  131  126  121  117  114  112  112  117
  129  151  180  214  250  285  319  351  384  418  451  484  513  542  574  612
  660  712  763  807  840  864  881  894  904  914  922  930  936  936  924  896
  855  806  740  671  607  548  511  474  400                                   
    17.5-180.0 180.0   5.0 450.0                            LAT/LON1/LON2/DLON/H
  487  463  429  390  346  314  278  243  210  179  153  133  120  112  110  113
  121  129  134  135  134  134  136  136  133  128  122  117  113  110  111  118
  133  158  189  225  263  301  336  370  404  440  477  513  547  579  612  649
  691  735  775  806  827  841  854  868  882  897  912  925  935  938  929  904
  867  825  772  713  654  600  577  543  487                                   
    15.0-180.0 180.0   5.0 450.0                            LAT/LON1/LON2/DLON/H
  543  526  506  475  430  400  363  323  281  240  204  174  152  136  127  125
  129  134  136  136  135  135  137  137  135  128  121  113  108  105  108  118
  138  166  200  238  277  315  352  387  423  460  499  537  574  607  639  672
  706  738  764  778  784  787  793  804  819  837  855  872  885  891  884  862
  829  793  752  704  658  612  602  580  543                                   
    12.5-180.0 180.0   5.0 450.0                            LAT/LON1/LON2/DLON/H
  561  543  536  518  484  462  431  393  349  304  261  224  193  170  153  145
  144  144  143  141  138  138  139  140  136  129  118  108  100   99  105  120
  145  176  212  250  289  328  366  402  438  475  515  555  592  626  655  682
  707  726  737  736  729  722  721  729  742  759  777  795  807  813  807  787
  758  727  696  658  626  591  585  577  561                                   
    10.0-180.0 180.0   5.0 450.0                            LAT/LON1/LON2/DLON/H
  544  522  522  513  495  484  463  434  397  354  312  273  239  209  187  172
  164  160  155  149  144  143  143  143  139  129  115  103   95   96  106  126
  154  187  223  260  299  337  375  411  447  485  525  565  602  634  660  681
  697  706  705  695  683  673  670  675  685  697  710  723  732  735  729  711
  686  658  631  600  577  548  543  544  544                                   
     7.5-180.0 180.0   5.0 450.0                            LAT/LON1/LON2/DLON/H
  508  481  480  474  469  467  457  440  414  381  345  311  278  248  221  201
  188  178  169  160  153  150  149  147  141  129  114  102   97  100  113  135
