data/edconvlstm_nd/pred0670.15i
     1.0            IONOSPHERE MAPS     GNSS                IONEX VERSION / TYPE
pyspatialgeodesy        IME             05-JAN-18 20:20     PGM / RUN BY / DATE 
Map Name                                                    COMMENT             
Predicted global ionosphere maps (GIM).                     DESCRIPTION         
  2015     3     8     0     0     0                        EPOCH OF FIRST MAP  
  2015     3     9     0     0     0                        EPOCH OF LAST MAP   
  7200                                                      INTERVAL            
    13                                                      # OF MAPS IN FILE   
  NONE                                                      MAPPING FUNCTION    
10.0                                                        ELEVATION CUTOFF    
One-way carrier phase leveled to code                       OBSERVABLES USED    
  6371.0                                                    BASE RADIUS         
 2                                                          MAP DIMENSION       
   450.0 450.0   0.0                                        HGT1 / HGT2 / DHGT  
    87.5 -87.5  -2.5                                        LAT1 / LAT2 / DLAT  
  -180.0 180.0   5.0                                        LON1 / LON2 / DLON  
    -1                                                      EXPONENT            
                                                            END OF HEADER       
[from data line 3432]
     9                                                      START OF TEC MAP    
  2015     3     8    16     0     0                        EPOCH OF CURRENT MAP
    87.5-180.0 180.0   5.0 450.0                            LAT/LON1/LON2/DLON/H
  160  166  163  171  176  178  179  179  181  184  184  186  187  187  188  189
  189  189  189  188  188  187  186  185  184  182  181  179  178  176  174  172
  170  168  166  165  163  161  159  157  156  155  153  152  151  151  150  150
  150  150  150  150  150  151  151  151  152  152  153  153  154  154  155  155
  156  158  158  157  165  163  168  161  160                                   
    85.0-180.0 180.0   5.0 450.0                            LAT/LON1/LON2/DLON/H
  158  163  176  171  173  180  183  187  189  192  192  194  195  197  197  198
  198  198  198  198  197  196  195  194  192  190  188  186  183  181  179  176
  174  171  169  167  165  162  160  159  157  155  154  153  152  151  151  151
  151  151  151  151  151  151  151  152  152  152  152  152  153  153  153  154
  156  157  156  154  157  154  155  157  158                                   
    82.5-180.0 180.0   5.0 450.0                            LAT/LON1/LON2/DLON/H
  136  148  153  153  158  166  172  176  179  183  185  188  190  192  194  196
  197  198  198  199  198  197  196  194  192  189  187  183  180  176  173  169
  166  163  159  156  153  150  148  145  143  141  139  138  136  136  135  135
  135  135  135  135  136  136  136  136  135  135  135  134  134  133  133  133
  134  134  133  136  136  144  136  132  136                                   
    80.0-180.0 180.0   5.0 450.0                            LAT/LON1/LON2/DLON/H
  115  122  130  133  137  142  150  158  163  168  172  176  180  183  186  188
  191  192  194  194  194  194  192  190  187  183  179  175  170  165  160  156
  151  147  143  139  135  131  128  125  123  121  119  117  116  116  116  116
  117  118  119  120  121  122  122  122  122  121  120  119  117  116  114  114
  114  113  113  114  110  112  110  112  115                                   
    77.5-180.0 180.0   5.0 450.0                            LAT/LON1/LON2/DLON/H
  103  102  108  111  116  122  129  137  143  148  153  159  164  169  174  179
  183  187  190  193  195  196  195  194  191  187  182  176  170  165  159  153
  148  143  138  134  129  125  122  118  115  112  110  108  107  107  107  108
  109  110  112  114  116  117  117  118  117  116  114  112  109  106  104  101
  100   98   97   98   96   93   95   98  103                                   
    75.0-180.0 180.0   5.0 450.0                            LAT/LON1/LON2/DLON/H
   89   91   93   97  101  107  112  118  126  132  138  144  151  157  163  170
  176  183  189  195  199  202  203  203  200  196  190  184  177  169  162  156
  150  144  139  134  129  125  121  117  114  111  109  107  106  105  105  106
  107  109  111  113  115  117  118  118  118  116  114  111  108  104  101   98
   95   92   91   88   88   85   87   81   89                                   
    72.5-180.0 180.0   5.0 450.0                            LAT/LON1/LON2/DLON/H
   82   83   84   89   90   96  101  106  112  119  125  132  139  147  155  164
  174  184  194  203  211  218  222  223  221  217  210  202  194  185  177  169
  162  156  150  145  139  135  130  125  121  118  115  112  110  109  109  109
  109  110  112  114  116  118  119  120  120  119  117  114  110  106  102   98
   94   91   89   86   85   85   88   85   82                                   
    70.0-180.0 180.0   5.0 450.0                            LAT/LON1/LON2/DLON/H
   81   82   83   86   86   90   93   98  104  110  117  124  132  140  149  160
  172  185  198  212  224  234  241  244  244  240  233  224  214  203  194  185
  177  170  164  158  152  146  141  136  131  127  124  121  118  115  113  111
  110  109  110  110  112  114  115  117  117  117  115  112  109  105  101   98
   94   91   90   88   88   88   93   89   81                                   
    67.5-180.0 180.0   5.0 450.0                            LAT/LON1/LON2/DLON/H
   81   84   84   88   88   92   95  100  104  111  117  125  134  143  152  164
  177  193  209  227  243  256  266  272  273  269  262  252  241  229  219  209
  201  193  185  178  171  164  157  151  146  141  137  133  128  124  119  115
  111  108  106  105  106  107  109  111  112  113  112  110  108  104  101   99
   96   94   93   90   90   91   95   92   81                                   
    65.0-180.0 180.0   5.0 450.0                            LAT/LON1/LON2/DLON/H
   79   82   81   86   86   90   93   97  103  110  117  126  134  143  153  165
  179  196  215  235  254  271  284  292  295  292  285  275  264  253  242  233
  224  216  207  198  189  180  172  165  159  154  149  144  138  131  123  115
  108  101   96   93   92   92   94   96   98   99   99   99   97   94   92   90
   88   88   89   87   88   90   94   94   79                                   
    62.5-180.0 180.0   5.0 450.0                            LAT/LON1/LON2/DLON/H
   72   76   74   80   81   85   89   95  101  110  118  128  137  146  156  168
  182  200  220  242  263  282  297  307  311  309  304  295  285  275  266  257
  248  239  229  218  207  196  186  178  171  166  160  154  146  137  126  114
  103   94   86   81   79   78   79   82   84   85   86   85   84   82   80   79
   78   78   80   78   80   82   85   87   72                                   
    60.0-180.0 180.0   5.0 450.0                            LAT/LON1/LON2/DLON/H
   63   66   64   70   71   76   82   88   97  107  117  128  138  148  157  169
  183  200  221  243  265  285  301  312  317  318  315  309  302  295  287  280
  272  262  250  238  224  212  201  192  185  179  173  165  156  144  130  116
  103   91   81   75   71   70   70   72   74   75   76   75   73   70   68   67
   66   67   69   68   69   70   74   77   63                                   
    57.5-180.0 180.0   5.0 450.0                            LAT/LON1/LON2/DLON/H
   54   56   54   60   62   67   74   81   91  102  114  126  137  148  158  170
  184  201  221  243  265  284  300  312  319  322  321  320  317  313  309  303
  296  285  273  258  243  229  218  208  201  195  188  180  169  155  140  124
  110   97   87   79   75   72   72   73   74   75   74   73   70   67   64   63
   61   62   64   62   63   62   64   68   54                                   
    55.0-180.0 180.0   5.0 450.0                            LAT/LON1/LON2/DLON/H
   51   51   49   54   57   62   69   77   87   99  111  124  136  148  159  171
  186  204  224  245  265  284  299  310  319  324  327  330  331  332  330  326
  319  308  294  279  263  248  236  227  220  214  206  197  185  170  154  139
  125  113  103   95   90   87   86   85   85   85   83   80   76   72   69   67
   66   66   67   65   65   62   62   65   51                                   
    52.5-180.0 180.0   5.0 450.0                            LAT/LON1/LON2/DLON/H
   56   55   52   56   59   65   71   78   88   99  111  123  136  148  161  175
  192  210  231  251  270  287  301  312  321  329  336  342  347  351  351  347
  339  328  313  297  282  268  256  247  239  232  225  214  201  187  172  158
  146  136  127  120  115  111  108  106  105  103  101   97   92   87   84   81
   79   80   80   78   77   72   70   70   56                                   
    50.0-180.0 180.0   5.0 450.0                            LAT/LON1/LON2/DLON/H
   70   67   64   67   70   76   81   87   96  106  116  128  139  152  166  183
  202  223  244  264  282  297  310  321  330  340  349  358  365  369  369  364
  355  342  328  313  298  285  274  265  257  249  239  228  215  201  188  176
  167  160  153  147  141  136  132  129  127  124  121  117  112  107  104  102
  100  101  101  100   99   93   88   84   70                                   
    47.5-180.0 180.0   5.0 450.0                            LAT/LON1/LON2/DLON/H
   91   87   84   85   87   93   99  104  111  120  129  138  149  161  176  195
  217  240  263  283  300  314  326  336  346  357  367  376  382  384  381  374
  363  350  336  323  311  299  289  279  269  259  248  235  222  209  198  190
  184  178  173  167  160  154  149  146  143  141  138  134  129  125  123  123
  122  123  124  125  124  119  112  106   91                                   
    45.0-180.0 180.0   5.0 450.0                            LAT/LON1/LON2/DLON/H
  114  110  106  106  108  114  120  125  132  141  148  157  166  177  193  212
  236  260  284  305  322  335  346  356  367  377  386  393  395  392  386  375
  364  352  340  331  321  311  301  289  276  263  249  235  221  210  201  195
  190  186  181  174  166  159  153  150  148  147  145  142  139  137  137  138
  138  141  143  146  147  143  136  131  114                                   
    42.5-180.0 180.0   5.0 450.0                            LAT/LON1/LON2/DLON/H
  134  130  125  126  129  134  141  147  155  165  173  181  189  200  215  234
  258  282  306  327  343  357  368  378  389  398  404  406  403  396  386  374
  363  354  347  342  335  327  315  300  283  265  247  231  216  205  198  193
  189  184  177  168  158  150  145  142  141  141  140  139  138  138  140  143
  144  149  152  157  160  158  153  148  134                                   
    40.0-180.0 180.0   5.0 450.0                            LAT/LON1/LON2/DLON/H
  145  141  137  139  143  148  157  165  176  189  200  210  218  229  242  260
  281  304  327  346  363  376  387  398  408  415  418  415  408  398  388  379
  372  369  367  366  362  353  338  318  295  271  249  229  214  203  196  191
  186  178  168  156  145  136  130  128  129  129  129  129  129  130  134  138
  140  145  148  154  158  159  156  153  145                                   
    37.5-180.0 180.0   5.0 450.0                            LAT/LON1/LON2/DLON/H
  143  141  137  141  147  152  164  176  192  210  225  239  250  260  272  287
  306  325  345  363  378  392  404  414  423  428  428  423  415  406  400  398
  399  404  409  411  408  396  376  349  318  288  261  238  221  209  202  196
  189  178  165  150  137  127  121  120  120  121  120  119  119  121  125  129
  131  134  136  140  144  145  145  143  143                                   
    35.0-180.0 180.0   5.0 450.0                            LAT/LON1/LON2/DLON/H
  133  130  127  133  139  144  160  177  199  224  246  266  280  292  304  316
  330  346  362  377  392  404  416  426  434  438  438  433  428  426  429  438
  451  465  476  481  476  460  432  397  358  321  289  263  243  231  223  216
  207  194  178  160  145  135  129  126  125  124  122  119  117  118  121  124
  125  126  125  125  127  126  128  126  133                                   
    32.5-180.0 180.0   5.0 450.0                            LAT/LON1/LON2/DLON/H
  120  117  113  120  125  129  148  169  198  230  260  287  307  322  334  345
  355  367  379  392  404  416  427  436  443  448  449  450  453  462  479  502
  529  553  570  575  566  542  505  461  414  371  334  304  284  271  263  257
  247  233  214  196  180  168  161  156  152  147  141  135  131  130  132  134
  132  130  125  120  119  113  114  110  120                                   
    30.0-180.0 180.0   5.0 450.0                            LAT/LON1/LON2/DLON/H
  111  107  101  108  111  114  134  157  191  229  266  299  326  346  360  371
  379  388  397  408  419  429  438  446  453  460  467  477  492  516  551  591
  632  665  684  686  669  635  588  535  481  432  391  360  339  327  321  317
  309  296  279  260  244  231  221  212  203  193  182  172  165  161  162  162
  158  153  143  133  126  114  110  101  111                                   
    27.5-180.0 180.0   5.0 450.0                            LAT/LON1/LON2/DLON/H
  111  105   96  103  104  106  125  148  183  225  266  305  336  361  379  392
  401  408  417  427  437  446  452  459  467  478  494  515  546  588  640  697
  749  786  803  796  769  724  668  608  550  497  454  422  402  392  390  391
  389  380  366  350  334  320  306  291  275  259  243  228  217  210  208  207
  201  194  179  164  151  131  120  103  111                                   
    25.0-180.0 180.0   5.0 450.0                            LAT/LON1/LON2/DLON/H
  123  115  102  109  108  108  125  147  181  222  265  306  340  369  391  407
  418  428  438  449  459  466  471  477  487  504  530  566  613  671  738  804
  860  896  904  885  846  792  731  668  608  556  513  481  461  454  457  465
  470  470  462  450  435  419  401  381  359  337  316  298  283  273  267  263
  254  246  226  208  190  162  144  118  123                                   
    22.5-180.0 180.0   5.0 450.0                            LAT/LON1/LON2/DLON/H
  144  135  118  123  122  121  136  154  185  225  266  306  341  371  397  416
  432  445  458  471  483  490  494  499  512  537  575  625  685  754  826  894
  945  970  965  934  885  827  766  706  650  601  559  528  508  502  508  522
  535  542  541  533  519  501  479  455  429  404  382  363  347  335  328  321
  311  301  278  258  232  199  175  144  144                                   
    20.0-180.0 180.0   5.0 450.0                            LAT/LON1/LON2/DLON/H
  170  159  138  142  142  141  154  169  197  233  271  309  343  373  401  424
  443  460  478  495  509  516  519  525  543  576  624  683  750  821  890  949
  987  996  976  934  881  825  771  720  673  630  592  560  539  531  537  552
  570  582  585  579  565  545  521  494  468  445  424  407  393  381  373  365
  356  346  323  302  271  234  208  174  170                                   
    17.5-180.0 180.0   5.0 450.0                            LAT/LON1/LON2/DLON/H
  190  178  156  159  158  159  172  187  213  246  281  315  348  379  408  434
  457  478  499  519  535  544  547  554  576  615  670  734  800  864  919  960
  979  970  937  891  841  794  753  715  679  645  612  580  554  540  540  552
  569  582  587  582  567  546  522  496  474  455  441  429  417  406  397  388
  378  369  349  329  297  258  231  200  190                                   
    15.0-180.0 180.0   5.0 450.0                            LAT/LON1/LON2/DLON/H
  198  185  165  165  165  170  185  201  228  260  293  326  358  389  420  448
  475  499  523  545  562  571  575  584  609  652  710  772  829  877  912  930
  927  904  866  824  784  751  723  700  677  652  622  589  557  534  524  527
  539  550  554  548  534  514  492  472  456  445  437  430  422  411  400  389
  378  369  352  333  303  267  239  213  198                                   
    12.5-180.0 180.0   5.0 450.0                            LAT/LON1/LON2/DLON/H
  194  179  162  162  162  170  188  208  238  271  306  339  372  404  437  469
  498  524  549  572  588  596  600  611  640  686  743  797  839  865  877  874
  856  827  792  759  732  712  698  686  673  655  629  595  556  521  499  491
  493  499  501  496  484  468  451  438  430  426  425  422  414  402  388  373
  360  349  334  316  292  259  232  212  194                                   
    10.0-180.0 180.0   5.0 450.0                            LAT/LON1/LON2/DLON/H
  182  165  150  150  151  160  183  208  242  280  318  354  389  424  459  493
  524  551  576  597  612  619  624  638  670  718  770  812  836  842  835  819
  795  767  739  716  701  694  690  686  679  665  641  605  559  515  480  460
  453  453  453  449  440  429  419  413  411  413  414  412  402  387  369  349
  332  319  304  287  267  240  213  199  182                                   
     7.5-180.0 180.0   5.0 450.0                            LAT/LON1/LON2/DLON/H
  166  150  137  136  136  147  172  202  241  285  328  368  406  443  482  518
  551  578  600  619  631  638  647  666  701  747  792  822  831  823  807  786
