data/edconvlstm_nd/pred1620.15i
     1.0            IONOSPHERE MAPS     GNSS                IONEX VERSION / TYPE
pyspatialgeodesy        IME             05-JAN-18 20:20     PGM / RUN BY / DATE 
Map Name                                                    COMMENT             
Predicted global ionosphere maps (GIM).                     DESCRIPTION         
  2015     6    11     0     0     0                        EPOCH OF FIRST MAP  
  2015     6    12     0     0     0                        EPOCH OF LAST MAP   
  7200                                                      INTERVAL            
    13                                                      # OF MAPS IN FILE   
  NONE                                                      MAPPING FUNCTION    
10.0                                                        ELEVATION CUTOFF    
One-way carrier phase leveled to code                       OBSERVABLES USED    
  6371.0                                                    BASE RADIUS         
 2                                                          MAP DIMENSION       
   450.0 450.0   0.0                                        HGT1 / HGT2 / DHGT  
    87.5 -87.5  -2.5                                        LAT1 / LAT2 / DLAT  
  -180.0 180.0   5.0                                        LON1 / LON2 / DLON  
    -1                                                      EXPONENT            
                                                            END OF HEADER       
[from data line 3432]
     9                                                      START OF TEC MAP    
  2015     6    11    16     0     0                        EPOCH OF CURRENT MAP
    87.5-180.0 180.0   5.0 450.0                            LAT/LON1/LON2/DLON/H
  191  190  183  189  189  190  189  188  189  190  190  190  190  190  190  190
  190  189  189  188  187  187  186  185  183  182  181  180  179  178  177  176
  175  175  174  174  174  174  174  174  174  175  175  176  177  177  178  179
  180  181  182  183  184  184  185  186  187  187  188  188  188  189  189  189
  188  188  187  187  194  194  196  191  191                                   
    85.0-180.0 180.0   5.0 450.0                            LAT/LON1/LON2/DLON/H
  186  189  197  191  188  192  193  195  195  196  196  197  197  198  198  198
  197  197  196  195  194  193  191  190  188  187  185  184  182  181  180  178
  177  176  176  175  175  175  175  175  175  176  177  178  179  180  181  182
  183  185  186  187  188  189  191  192  193  193  194  195  195  196  196  196
  196  196  193  192  192  186  189  191  186                                   
    82.5-180.0 180.0   5.0 450.0                            LAT/LON1/LON2/DLON/H
  170  181  183  178  177  183  185  187  188  190  191  192  193  194  195  195
  195  194  194  193  192  190  188  187  185  183  181  179  177  175  173  172
  170  169  168  167  166  166  166  166  167  167  168  170  171  172  174  175
  177  178  180  182  183  184  186  187  188  189  190  190  191  191  191  190
  190  188  185  187  183  187  182  172  170                                   
    80.0-180.0 180.0   5.0 450.0                            LAT/LON1/LON2/DLON/H
  161  168  173  170  169  172  175  180  183  186  188  190  192  194  195  196
  196  196  196  195  194  192  190  188  186  184  182  179  177  175  172  170
  168  166  164  163  162  162  161  162  162  163  164  165  167  168  170  172
  174  175  177  179  180  182  183  184  185  186  187  187  187  187  187  187
  186  184  181  182  175  170  169  162  161                                   
    77.5-180.0 180.0   5.0 450.0                            LAT/LON1/LON2/DLON/H
  155  154  160  160  160  164  167  172  175  179  182  185  188  190  192  194
  195  195  196  195  195  194  193  192  190  188  186  184  181  179  176  174
  171  169  167  165  164  163  163  163  163  164  165  166  167  169  170  172
  173  175  177  178  179  180  181  182  182  183  183  183  183  182  181  180
  179  177  173  173  171  161  161  158  155                                   
    75.0-180.0 180.0   5.0 450.0                            LAT/LON1/LON2/DLON/H
  147  148  150  152  152  158  161  166  170  175  178  182  185  188  190  192
  194  195  196  197  198  198  197  197  196  194  193  191  189  186  184  181
  179  176  173  171  170  168  168  167  168  168  169  170  171  172  173  174
  175  176  177  178  179  180  180  180  180  180  179  179  178  178  177  177
  175  173  170  166  164  156  155  145  147                                   
    72.5-180.0 180.0   5.0 450.0                            LAT/LON1/LON2/DLON/H
  141  144  145  150  149  154  158  163  167  171  174  178  181  184  186  188
  190  192  194  195  197  198  199  199  199  198  197  195  194  192  189  187
  184  181  178  176  174  172  171  170  170  170  171  172  172  173  173  174
  175  175  176  177  177  177  177  177  176  175  174  173  172  171  171  170
  168  167  165  161  158  152  150  146  141                                   
    70.0-180.0 180.0   5.0 450.0                            LAT/LON1/LON2/DLON/H
  143  145  147  150  149  153  157  162  166  170  173  176  178  180  182  184
  186  188  191  193  195  197  199  200  200  199  198  197  195  194  192  190
  187  184  181  178  175  173  172  171  171  171  172  172  172  172  172  172
  173  173  174  174  175  175  174  173  172  170  169  167  166  165  165  165
  164  163  162  159  156  152  153  148  143                                   
    67.5-180.0 180.0   5.0 450.0                            LAT/LON1/LON2/DLON/H
  151  155  157  161  161  164  167  172  175  178  180  182  184  185  186  188
  189  191  194  196  199  201  203  204  204  203  202  201  199  198  197  195
  193  190  187  183  180  177  175  175  175  175  176  176  176  176  176  175
  176  176  177  178  179  179  179  177  175  173  171  169  168  167  167  167
  166  165  164  162  159  156  156  152  151                                   
    65.0-180.0 180.0   5.0 450.0                            LAT/LON1/LON2/DLON/H
  159  165  167  171  171  174  176  179  182  185  186  188  189  190  190  190
  191  193  195  198  200  202  204  204  203  202  201  200  199  199  199  198
  196  194  190  186  182  178  176  176  176  177  178  179  179  178  177  177
  177  178  180  181  183  183  183  182  180  177  174  172  170  168  168  167
  167  166  166  165  164  162  164  160  159                                   
    62.5-180.0 180.0   5.0 450.0                            LAT/LON1/LON2/DLON/H
  167  175  178  183  182  186  187  189  191  193  195  196  197  197  197  196
  196  197  199  201  202  204  204  203  202  201  199  199  200  201  202  202
  201  198  194  189  185  181  178  178  178  180  182  183  183  182  181  181
  181  182  184  187  190  191  191  190  188  185  181  178  175  173  171  170
  169  168  167  166  166  164  169  165  167                                   
    60.0-180.0 180.0   5.0 450.0                            LAT/LON1/LON2/DLON/H
  171  181  185  190  190  194  194  196  197  199  201  202  203  203  203  202
  201  201  201  202  203  204  203  202  200  198  198  198  200  203  205  207
  206  204  199  194  188  184  182  181  183  185  187  189  189  188  187  186
  187  188  191  195  198  201  202  201  198  195  190  186  182  178  175  173
  170  168  167  165  165  165  171  167  171                                   
    57.5-180.0 180.0   5.0 450.0                            LAT/LON1/LON2/DLON/H
  170  181  187  192  193  198  199  200  201  203  204  206  208  208  207  206
  205  204  203  203  203  203  202  200  198  197  198  200  204  208  212  214
  214  211  207  201  195  190  188  188  190  193  196  198  198  197  196  195
  195  196  199  204  208  211  213  212  210  206  201  195  190  184  180  176
  172  168  166  163  162  162  168  165  170                                   
    55.0-180.0 180.0   5.0 450.0                            LAT/LON1/LON2/DLON/H
  164  177  184  190  193  199  200  202  203  205  206  208  210  210  210  208
  207  205  203  202  202  201  200  199  198  198  200  205  210  216  221  224
  223  220  215  209  203  199  197  197  199  203  206  208  208  207  206  204
  204  205  208  212  217  221  223  223  220  216  210  203  197  190  184  179
  173  169  165  161  158  158  164  162  164                                   
    52.5-180.0 180.0   5.0 450.0                            LAT/LON1/LON2/DLON/H
  157  169  177  185  189  197  200  202  203  205  206  208  210  210  209  208
  205  203  201  200  200  199  199  199  199  201  205  212  219  226  231  233
  232  228  223  217  212  208  206  207  209  213  216  218  218  217  215  214
  213  214  216  220  224  228  230  231  228  224  217  210  202  194  188  182
  176  170  165  160  156  154  159  158  157                                   
    50.0-180.0 180.0   5.0 450.0                            LAT/LON1/LON2/DLON/H
  149  161  169  178  184  194  199  202  205  207  208  209  209  209  207  205
  203  200  198  198  198  199  200  201  203  207  213  221  229  236  240  241
  239  235  230  225  221  218  217  217  219  222  225  226  227  226  224  223
  222  222  223  226  229  233  235  235  233  228  221  213  205  198  191  186
  180  175  169  163  157  153  156  155  149                                   
    47.5-180.0 180.0   5.0 450.0                            LAT/LON1/LON2/DLON/H
  145  155  162  172  180  192  200  205  208  211  211  211  210  208  205  202
  200  198  197  197  198  201  203  206  210  215  222  231  239  245  249  248
  245  241  237  233  230  229  228  228  229  231  232  233  233  233  232  231
  230  229  229  230  232  235  237  237  235  231  224  216  208  201  196  192
  187  183  177  170  163  157  158  156  145                                   
    45.0-180.0 180.0   5.0 450.0                            LAT/LON1/LON2/DLON/H
  144  152  158  168  177  192  202  209  214  218  218  217  214  210  206  202
  200  198  198  199  202  206  210  214  219  225  232  241  249  254  256  255
  252  248  245  244  242  242  241  240  240  239  239  240  240  240  241  240
  238  236  235  234  234  236  237  238  236  232  226  219  212  206  202  200
  197  194  189  182  173  165  164  161  144                                   
    42.5-180.0 180.0   5.0 450.0                            LAT/LON1/LON2/DLON/H
  148  153  157  167  177  193  205  214  222  227  227  225  221  215  210  206
  204  203  204  207  211  216  221  226  230  236  243  251  259  264  265  265
  262  260  259  259  260  259  258  256  253  251  249  248  249  250  250  250
  248  245  241  238  237  237  238  238  237  234  229  224  218  214  212  212
  210  208  204  196  186  177  173  170  148                                   
    40.0-180.0 180.0   5.0 450.0                            LAT/LON1/LON2/DLON/H
  155  158  159  168  179  194  208  220  230  236  238  236  231  225  220  216
  215  215  217  220  225  230  235  239  244  249  255  263  270  276  279  280
  281  281  282  284  285  284  281  277  271  267  263  261  261  262  263  263
  260  255  249  244  241  240  240  241  241  239  236  233  229  227  227  227
  225  224  219  212  200  190  185  180  155                                   
    37.5-180.0 180.0   5.0 450.0                            LAT/LON1/LON2/DLON/H
  164  164  164  171  181  196  211  223  236  244  248  247  243  238  234  232
  232  234  236  239  243  248  252  255  258  263  269  277  286  293  300  305
  309  313  316  318  319  316  311  304  296  289  284  281  280  280  280  279
  274  268  260  253  248  246  245  246  246  246  246  245  244  244  244  245
  242  240  233  226  213  202  197  190  164                                   
    35.0-180.0 180.0   5.0 450.0                            LAT/LON1/LON2/DLON/H
  173  172  170  175  184  197  212  225  239  250  256  258  256  253  252  253
  255  258  260  262  265  268  271  273  275  279  286  295  306  317  328  339
  348  356  361  363  361  355  347  337  327  319  312  308  305  304  302  298
  292  282  273  264  258  254  253  253  254  255  258  260  261  263  264  263
  259  254  245  237  223  212  206  200  173                                   
    32.5-180.0 180.0   5.0 450.0                            LAT/LON1/LON2/DLON/H
  182  181  178  181  188  198  213  225  241  253  262  266  268  269  272  277
  282  285  287  288  289  291  292  293  295  299  307  318  332  348  365  381
  396  407  414  414  409  400  388  375  364  354  346  340  336  332  327  320
  311  299  287  277  269  264  261  260  262  265  269  274  279  282  283  281
  273  265  253  243  229  219  213  206  182                                   
    30.0-180.0 180.0   5.0 450.0                            LAT/LON1/LON2/DLON/H
  191  189  186  187  193  201  214  225  241  255  265  273  279  285  293  302
  310  315  316  316  316  316  316  316  317  322  332  346  363  384  406  428
  448  462  469  467  459  445  430  415  402  392  383  376  370  363  354  343
  330  316  302  291  281  274  270  267  268  272  279  286  293  297  298  294
  283  272  257  246  231  222  217  211  191                                   
    27.5-180.0 180.0   5.0 450.0                            LAT/LON1/LON2/DLON/H
  198  197  195  196  200  205  216  226  242  256  269  280  289  300  313  327
  338  344  346  346  344  343  342  342  344  350  361  377  398  422  448  475
  498  514  520  515  502  485  467  451  438  428  420  412  403  392  379  365
  348  332  316  303  292  283  276  272  272  276  283  292  300  304  305  299
  286  273  256  244  230  223  219  214  198                                   
    25.0-180.0 180.0   5.0 450.0                            LAT/LON1/LON2/DLON/H
  203  203  204  205  209  212  221  230  244  259  274  287  300  316  333  350
  364  373  376  375  374  372  370  370  373  380  392  410  432  458  486  514
  539  554  558  550  534  515  496  479  467  458  450  441  430  416  399  380
  361  342  325  310  297  287  278  272  270  274  281  290  297  302  302  296
  283  269  252  240  227  221  218  214  203                                   
    22.5-180.0 180.0   5.0 450.0                            LAT/LON1/LON2/DLON/H
  206  208  210  212  217  220  227  235  249  265  280  296  312  331  351  372
  389  399  404  405  404  402  401  400  403  410  423  441  462  487  514  541
  564  578  579  569  551  531  513  497  486  478  470  460  447  429  409  388
  366  345  326  309  294  282  271  264  262  264  270  278  285  288  289  283
  271  259  243  232  222  216  215  212  206                                   
    20.0-180.0 180.0   5.0 450.0                            LAT/LON1/LON2/DLON/H
  205  208  211  215  222  225  233  241  255  272  288  306  324  345  368  391
  410  423  430  433  433  432  430  429  431  438  450  466  485  506  529  553
  572  583  582  571  554  536  519  506  496  488  480  468  453  433  410  387
  364  341  320  300  283  268  257  250  247  249  254  260  265  267  267  263
  254  245  232  223  214  210  209  207  205                                   
    17.5-180.0 180.0   5.0 450.0                            LAT/LON1/LON2/DLON/H
  199  202  206  212  220  225  235  245  260  278  296  315  335  357  382  406
  427  443  453  459  461  459  457  454  455  460  470  484  499  515  534  552
  567  574  572  563  549  534  521  509  499  491  482  469  452  430  406  381
  357  332  308  286  266  250  239  232  231  233  236  240  242  242  242  239
  233  227  219  212  206  201  200  199  199                                   
    15.0-180.0 180.0   5.0 450.0                            LAT/LON1/LON2/DLON/H
  188  191  194  200  210  217  230  243  261  281  301  322  343  366  391  416
  439  457  471  479  483  482  478  473  472  476  484  495  507  519  532  545
  556  560  559  552  542  532  522  512  502  493  482  468  449  426  401  375
  349  323  297  271  249  233  222  216  216  218  220  222  221  219  218  216
  212  209  205  200  195  190  189  187  188                                   
    12.5-180.0 180.0   5.0 450.0                            LAT/LON1/LON2/DLON/H
  174  175  176  182  191  201  217  234  256  278  301  324  347  370  395  421
  445  465  482  493  498  497  493  487  484  487  494  504  514  523  531  539
  546  549  549  545  541  535  527  518  508  498  485  470  449  425  399  372
  346  318  289  261  237  219  209  205  205  207  209  209  206  203  200  197
  194  193  190  188  184  178  176  172  174                                   
    10.0-180.0 180.0   5.0 450.0                            LAT/LON1/LON2/DLON/H
  158  156  155  160  169  180  199  219  244  271  296  321  345  369  394  420
  445  467  486  500  507  507  502  496  493  496  504  514  523  530  536  540
  544  546  547  547  546  543  537  529  519  507  493  475  453  428  401  374
  346  317  287  257  231  212  202  198  199  201  203  202  199  195  190  185
  181  180  177  176  172  165  161  157  158                                   
     7.5-180.0 180.0   5.0 450.0                            LAT/LON1/LON2/DLON/H
  143  139  135  139  146  157  179  201  230  260  288  315  340  364  389  415
  440  464  485  500  509  511  508  504  502  506  515  527  537  545  549  551
