data/edconvlstm_nd/pred0590.15i
     1.0            IONOSPHERE MAPS     GNSS                IONEX VERSION / TYPE
pyspatialgeodesy        IME             05-JAN-18 20:20     PGM / RUN BY / DATE 
Map Name                                                    COMMENT             
Predicted global ionosphere maps (GIM).                     DESCRIPTION         
  2015     2    28     0     0     0                        EPOCH OF FIRST MAP  
  2015     3     1     0     0     0                        EPOCH OF LAST MAP   
  7200                                                      INTERVAL            
    13                                                      # OF MAPS IN FILE   
  NONE                                                      MAPPING FUNCTION    
10.0                                                        ELEVATION CUTOFF    
One-way carrier phase leveled to code                       OBSERVABLES USED    
  6371.0                                                    BASE RADIUS         
 2                                                          MAP DIMENSION       
   450.0 450.0   0.0                                        HGT1 / HGT2 / DHGT  
    87.5 -87.5  -2.5                                        LAT1 / LAT2 / DLAT  
  -180.0 180.0   5.0                                        LON1 / LON2 / DLON  
    -1                                                      EXPONENT            
                                                            END OF HEADER       
[from data line 4290]
    11                                                      START OF TEC MAP    
  2015     2    28    20     0     0                        EPOCH OF CURRENT MAP
    87.5-180.0 180.0   5.0 450.0                            LAT/LON1/LON2/DLON/H
  157  156  148  155  161  160  159  158  159  162  162  164  165  167  168  169
  171  171  172  172  172  172  172  171  170  169  168  167  165  164  163  162
  161  159  158  157  156  156  155  154  154  154  154  154  154  154  154  155
  155  155  156  156  156  157  157  157  157  157  157  156  156  156  155  155
  154  154  152  150  157  153  158  153  157                                   
    85.0-180.0 180.0   5.0 450.0                            LAT/LON1/LON2/DLON/H
  159  150  159  152  154  159  160  163  165  168  169  172  174  177  179  181
  182  183  184  184  184  183  182  181  180  178  177  175  173  172  170  169
  167  166  165  164  163  162  161  161  160  160  160  160  160  161  161  162
  163  163  164  164  165  165  165  165  165  165  164  164  163  162  161  160
  159  158  155  151  150  147  142  144  159                                   
    82.5-180.0 180.0   5.0 450.0                            LAT/LON1/LON2/DLON/H
  133  130  130  132  139  146  151  155  158  163  167  172  176  180  184  187
  189  191  192  192  191  189  187  185  182  179  176  173  170  168  165  163
  161  159  158  156  155  153  152  151  150  150  150  150  150  150  151  152
  153  154  154  155  156  156  156  156  155  154  153  152  150  148  146  144
  143  141  138  137  132  138  122  124  133                                   
    80.0-180.0 180.0   5.0 450.0                            LAT/LON1/LON2/DLON/H
  105  103  108  111  118  121  130  138  145  152  158  166  172  178  183  187
  190  191  191  190  187  184  180  176  171  166  162  157  154  150  147  144
  142  139  137  135  134  132  131  129  129  128  128  128  129  130  132  134
  135  137  139  140  141  142  142  142  141  140  139  137  135  132  130  127
  124  122  119  117  106  105   94  105  105                                   
    77.5-180.0 180.0   5.0 450.0                            LAT/LON1/LON2/DLON/H
   97   92   97   99  109  115  125  133  142  151  160  169  178  186  193  198
  201  202  201  199  195  189  183  177  170  163  157  152  147  143  139  136
  133  131  129  126  124  121  119  117  115  113  112  112  113  114  115  117
  120  122  123  125  126  126  126  125  124  123  121  119  116  114  111  108
  105  103  101  100   93   89   85  100   97                                   
    75.0-180.0 180.0   5.0 450.0                            LAT/LON1/LON2/DLON/H
   87   90   93   97  107  115  124  133  144  155  165  176  186  195  203  208
  211  211  210  205  199  192  184  176  168  160  153  146  141  137  133  130
  127  125  122  119  116  113  110  106  104  102  100  100  100  102  104  106
  108  110  112  112  113  112  111  110  108  106  104  102  100   98   96   94
   92   91   90   88   83   81   80   83   87                                   
    72.5-180.0 180.0   5.0 450.0                            LAT/LON1/LON2/DLON/H
   91   98  104  113  120  129  139  149  159  170  181  193  205  215  222  228
  231  230  227  221  214  205  195  185  175  166  157  150  144  139  134  131
  128  124  121  117  113  109  104  100   96   93   91   90   91   92   94   97
   99  100  101  101  100   98   96   94   91   89   88   86   85   84   84   83
   81   82   83   81   80   82   85   93   91                                   
    70.0-180.0 180.0   5.0 450.0                            LAT/LON1/LON2/DLON/H
  100  111  119  129  137  146  154  165  175  186  197  209  220  230  237  242
  243  242  237  230  221  211  200  190  179  170  161  153  146  140  135  131
  126  122  117  112  107  101   95   90   86   83   81   81   82   83   86   88
   90   91   91   89   87   84   80   77   74   72   71   70   71   71   73   74
   74   76   79   80   82   87   95  100  100                                   
    67.5-180.0 180.0   5.0 450.0                            LAT/LON1/LON2/DLON/H
  114  128  139  151  161  171  180  190  199  210  221  233  244  253  259  263
  264  261  255  247  237  227  216  205  195  185  176  167  159  152  145  139
  132  126  119  111  104   96   89   83   79   76   74   75   76   78   81   83
   84   85   84   81   78   74   70   66   63   61   60   61   63   65   68   71
   73   76   79   80   83   91   99  106  114                                   
    65.0-180.0 180.0   5.0 450.0                            LAT/LON1/LON2/DLON/H
  120  137  149  164  176  187  196  206  215  226  237  249  259  267  273  276
  275  271  264  255  245  235  224  214  204  195  186  177  169  160  152  143
  134  124  114  104   95   85   78   71   67   64   64   65   67   69   71   73
   73   72   71   67   63   59   54   50   48   47   47   50   53   56   60   64
   67   70   74   77   82   92  102  111  120                                   
    62.5-180.0 180.0   5.0 450.0                            LAT/LON1/LON2/DLON/H
  123  141  155  172  186  199  209  220  230  241  252  263  273  281  285  287
  285  280  273  264  254  244  234  224  216  207  199  190  181  172  162  150
  138  125  112   99   87   76   67   61   57   56   56   58   60   61   63   63
   62   61   59   55   51   47   43   40   39   38   40   43   47   52   56   60
   62   65   69   71   76   86   96  107  123                                   
    60.0-180.0 180.0   5.0 450.0                            LAT/LON1/LON2/DLON/H
  120  139  155  174  189  203  215  227  238  249  261  272  281  288  292  293
  290  285  277  267  257  248  238  230  222  215  208  200  192  183  172  159
  144  128  111   96   81   69   60   54   51   51   52   54   56   56   56   55
   53   51   48   45   42   39   37   35   34   35   37   41   46   50   54   57
   59   61   63   65   69   79   89  102  120                                   
    57.5-180.0 180.0   5.0 450.0                            LAT/LON1/LON2/DLON/H
  119  138  156  174  191  206  220  232  244  255  267  277  286  292  295  296
  293  287  278  269  259  249  240  233  226  221  215  210  203  195  184  170
  153  135  116   98   82   69   60   55   53   54   56   57   58   57   54   51
   48   45   43   41   39   38   37   37   38   40   42   46   50   54   57   59
   59   60   62   63   65   74   84   98  119                                   
    55.0-180.0 180.0   5.0 450.0                            LAT/LON1/LON2/DLON/H
  123  144  163  180  197  212  226  239  251  262  273  282  290  295  297  297
  294  287  279  269  258  249  240  234  229  225  222  219  215  208  198  184
  166  145  124  105   89   76   68   64   63   64   66   67   66   63   58   53
   49   46   44   43   44   44   45   47   49   51   55   58   62   64   66   67
   66   66   67   67   69   77   87  101  123                                   
    52.5-180.0 180.0   5.0 450.0                            LAT/LON1/LON2/DLON/H
  135  157  178  193  210  224  238  249  260  271  280  287  293  296  298  297
  294  287  279  268  258  248  240  235  231  229  228  228  226  221  211  197
  178  157  136  116  101   89   82   79   79   81   83   83   80   75   69   62
   57   54   53   54   55   58   60   63   65   68   71   74   77   78   79   79
   77   77   78   80   82   90  101  113  135                                   
    50.0-180.0 180.0   5.0 450.0                            LAT/LON1/LON2/DLON/H
  155  179  201  213  229  243  255  265  275  283  290  295  298  300  301  299
  296  289  280  270  259  250  243  238  236  235  236  237  236  232  222  207
  188  167  146  128  114  105  100   98   98  100  101  101   97   91   84   77
   72   69   69   70   72   75   78   80   83   85   88   90   91   93   93   93
   91   92   95   98  102  111  123  134  155                                   
    47.5-180.0 180.0   5.0 450.0                            LAT/LON1/LON2/DLON/H
  180  205  226  237  252  266  276  285  292  299  303  305  306  306  306  304
  300  293  284  274  263  255  249  245  243  244  245  246  244  238  227  211
  191  170  151  136  125  118  115  114  115  116  117  117  113  108  101   95
   91   89   88   89   91   92   94   96   98   99  100  102  103  104  105  105
  104  107  111  118  125  137  151  160  180                                   
    45.0-180.0 180.0   5.0 450.0                            LAT/LON1/LON2/DLON/H
  204  229  249  260  274  287  296  304  311  316  318  318  317  315  313  311
  307  299  290  280  270  263  258  255  254  254  254  252  247  238  223  205
  184  164  148  137  130  127  125  125  125  126  127  127  124  120  116  112
  109  108  107  107  106  106  106  106  107  107  108  108  109  111  112  113
  114  118  124  134  145  159  175  186  204                                   
    42.5-180.0 180.0   5.0 450.0                            LAT/LON1/LON2/DLON/H
  220  246  265  276  291  303  313  321  327  332  333  331  328  326  323  320
  316  308  298  288  280  274  270  267  265  263  260  254  245  231  213  192
  171  153  141  134  131  131  131  131  130  130  131  131  130  128  126  124
  123  122  120  118  115  112  111  110  109  110  110  110  112  113  115  117
  118  123  130  142  155  172  190  204  220                                   
    40.0-180.0 180.0   5.0 450.0                            LAT/LON1/LON2/DLON/H
  225  251  270  283  299  311  322  331  338  344  345  343  340  337  334  331
  326  318  309  299  292  286  283  280  276  271  264  254  239  221  200  179
  160  145  137  134  135  137  137  136  134  132  132  132  132  132  131  131
  130  129  126  122  117  113  110  108  108  108  109  110  111  113  115  117
  117  121  127  139  153  172  191  209  225                                   
    37.5-180.0 180.0   5.0 450.0                            LAT/LON1/LON2/DLON/H
  221  246  266  281  298  311  324  336  346  353  355  354  351  348  346  343
  338  330  321  312  305  300  296  291  285  277  266  252  236  216  196  176
  161  151  146  147  149  151  150  146  141  138  137  136  136  135  135  134
  133  130  126  120  114  110  108  107  108  109  109  110  111  112  114  114
  113  115  119  129  140  160  180  200  221                                   
    35.0-180.0 180.0   5.0 450.0                            LAT/LON1/LON2/DLON/H
  213  238  259  274  293  306  323  337  351  360  364  364  361  358  357  354
  349  342  334  326  319  314  308  300  291  281  269  256  241  224  208  194
  184  179  178  180  181  180  175  167  159  154  150  148  146  144  140  137
  134  129  123  117  112  109  110  111  113  115  115  116  116  116  116  115
  111  109  110  117  126  144  165  185  213                                   
    32.5-180.0 180.0   5.0 450.0                            LAT/LON1/LON2/DLON/H
  208  232  255  269  289  304  324  341  358  370  375  375  372  370  368  365
  361  355  347  340  334  327  318  308  298  288  278  270  261  252  245  239
  236  235  236  235  232  225  214  201  190  181  175  171  166  160  153  145
  138  131  123  117  115  116  119  124  127  129  129  129  128  126  124  120
  113  109  107  110  117  133  155  172  208                                   
    30.0-180.0 180.0   5.0 450.0                            LAT/LON1/LON2/DLON/H
  211  233  258  272  294  309  332  352  371  385  392  391  387  383  380  377
  373  368  361  355  349  340  329  318  308  301  299  299  301  304  307  312
  316  318  316  310  298  282  263  245  230  219  211  204  196  185  173  161
  150  139  131  126  127  132  139  145  149  150  149  147  144  140  136  131
  122  116  111  113  119  133  155  169  211                                   
    27.5-180.0 180.0   5.0 450.0                            LAT/LON1/LON2/DLON/H
  222  244  270  285  308  326  351  372  395  410  416  414  408  401  396  391
  386  381  376  370  363  354  342  332  326  326  333  345  360  377  394  408
  418  420  412  395  370  342  315  291  273  260  251  243  232  217  201  185
  170  157  148  146  149  157  167  174  177  175  172  167  162  156  150  144
  134  128  123  124  132  145  167  179  222                                   
    25.0-180.0 180.0   5.0 450.0                            LAT/LON1/LON2/DLON/H
  241  262  289  305  333  352  380  403  428  444  450  446  436  425  416  409
  402  396  391  385  378  369  359  352  353  363  382  408  438  469  497  520
  531  527  506  472  432  391  356  327  307  295  287  278  267  251  233  214
  197  183  175  173  179  189  199  204  203  198  191  183  175  168  161  155
  147  142  138  142  151  165  187  198  241                                   
    22.5-180.0 180.0   5.0 450.0                            LAT/LON1/LON2/DLON/H
  265  285  312  332  363  384  416  441  468  486  492  486  473  457  444  432
  422  414  407  401  394  386  380  380  391  413  445  485  527  568  603  626
  631  612  573  521  466  415  373  343  324  314  308  302  292  278  261  244
  228  214  206  206  212  221  229  229  223  213  202  191  182  174  167  162
  156  155  154  161  172  188  211  225  265                                   
    20.0-180.0 180.0   5.0 450.0                            LAT/LON1/LON2/DLON/H
  288  308  335  359  395  418  452  480  510  530  538  532  517  498  479  463
  448  436  427  418  411  406  407  417  440  475  519  568  617  659  690  702
  690  652  594  526  460  403  361  333  317  311  310  308  304  295  283  270
  257  246  239  239  243  249  250  245  232  217  202  189  179  172  167  164
  161  164  167  177  189  209  233  252  288                                   
    17.5-180.0 180.0   5.0 450.0                            LAT/LON1/LON2/DLON/H
  305  329  356  384  423  447  483  513  546  570  582  580  566  545  523  502
  482  466  452  441  433  432  441  464  499  545  597  648  691  723  737  729
  696  638  564  487  417  362  323  300  291  290  293  298  300  298  293  287
  280  273  267  265  265  265  260  247  229  208  191  177  167  162  159  159
  160  166  173  186  200  222  248  274  305                                   
    15.0-180.0 180.0   5.0 450.0                            LAT/LON1/LON2/DLON/H
  312  342  370  403  445  471  508  538  572  599  616  620  611  594  572  548
  525  503  485  470  462  466  484  517  563  616  667  709  736  748  740  710
  655  581  497  418  353  305  275  260  256  260  268  277  285  290  293  294
  292  288  283  278  274  268  257  239  216  193  174  160  152  148  148  150
  153  161  170  185  202  226  254  284  312                                   
    12.5-180.0 180.0   5.0 450.0                            LAT/LON1/LON2/DLON/H
  310  345  378  415  460  488  525  555  588  618  639  650  648  637  619  598
  574  549  526  509  502  509  534  575  625  676  717  741  748  737  709  659
  588  503  418  345  290  255  236  229  229  235  245  257  268  277  285  290
  292  290  285  277  269  259  245  225  202  179  159  146  139  137  138  140
  143  152  161  176  195  221  249  283  310                                   
    10.0-180.0 180.0   5.0 450.0                            LAT/LON1/LON2/DLON/H
  301  340  379  419  467  500  536  564  597  627  651  668  674  671  660  644
  623  599  576  557  550  560  587  629  676  717  742  747  734  706  662  598
  518  431  353  292  253  231  222  221  224  231  239  250  260  270  277  283
  285  282  276  267  257  245  231  213  193  172  154  141  134  133  135  136
  137  143  151  163  185  212  240  274  301                                   
     7.5-180.0 180.0   5.0 450.0                            LAT/LON1/LON2/DLON/H
  291  334  377  419  470  507  544  570  600  628  653  674  687  692  690  682
  667  648  626  609  602  611  636  673  711  738  746  735  708  669  616  547
