data/edconvlstm_nd/pred0760.15i
     1.0            IONOSPHERE MAPS     GNSS                IONEX VERSION / TYPE
pyspatialgeodesy        IME             05-JAN-18 20:20     PGM / RUN BY / DATE 
Map Name                                                    COMMENT             
Predicted global ionosphere maps (GIM).                     DESCRIPTION         
  2015     3    17     0     0     0                        EPOCH OF FIRST MAP  
  2015     3    18     0     0     0                        EPOCH OF LAST MAP   
  7200                                                      INTERVAL            
    13                                                      # OF MAPS IN FILE   
  NONE                                                      MAPPING FUNCTION    
10.0                                                        ELEVATION CUTOFF    
One-way carrier phase leveled to code                       OBSERVABLES USED    
  6371.0                                                    BASE RADIUS         
 2                                                          MAP DIMENSION       
   450.0 450.0   0.0                                        HGT1 / HGT2 / DHGT  
    87.5 -87.5  -2.5                                        LAT1 / LAT2 / DLAT  
  -180.0 180.0   5.0                                        LON1 / LON2 / DLON  
    -1                                                      EXPONENT            
                                                            END OF HEADER       
[from data line 1287]
     4                                                      START OF TEC MAP    
  2015     3    17     6     0     0                        EPOCH OF CURRENT MAP
    87.5-180.0 180.0   5.0 450.0                            LAT/LON1/LON2/DLON/H
  160  160  157  161  162  161  159  156  158  158  158  159  158  158  157  156
  155  154  152  151  150  149  148  147  146  145  144  143  143  142  142  142
  142  141  141  142  142  142  142  143  143  144  144  145  146  147  148  149
  150  151  152  153  153  154  154  154  154  154  153  153  152  152  151  151
  151  153  152  152  155  154  156  152  160                                   
    85.0-180.0 180.0   5.0 450.0                            LAT/LON1/LON2/DLON/H
  160  166  163  165  166  168  168  168  169  171  171  171  171  171  170  169
  168  166  165  163  162  161  159  158  156  155  154  153  152  151  150  150
  150  149  149  150  150  150  151  152  153  154  155  157  158  160  162  164
  165  167  169  170  171  172  172  173  173  172  172  171  170  169  167  167
  167  168  163  163  157  158  157  155  160                                   
    82.5-180.0 180.0   5.0 450.0                            LAT/LON1/LON2/DLON/H
  161  164  163  159  159  161  162  164  167  169  170  172  172  172  171  170
  169  167  165  163  160  158  156  153  151  149  147  145  144  143  142  142
  142  142  142  143  144  145  146  148  150  152  154  157  160  163  166  169
  173  176  179  181  184  185  187  188  188  188  187  186  184  182  179  177
  175  173  167  166  164  159  151  142  161                                   
    80.0-180.0 180.0   5.0 450.0                            LAT/LON1/LON2/DLON/H
  156  154  147  145  147  148  151  154  158  161  162  165  166  166  165  163
  161  158  156  153  149  146  143  140  137  134  132  130  129  128  128  129
  130  131  132  133  135  137  139  141  144  146  150  154  158  163  168  174
  179  184  189  194  197  201  203  205  206  206  205  204  202  199  195  192
  188  181  174  170  166  159  155  138  156                                   
    77.5-180.0 180.0   5.0 450.0                            LAT/LON1/LON2/DLON/H
  152  141  136  135  133  135  139  142  147  150  152  155  156  156  155  153
  150  147  143  140  136  132  129  125  122  119  117  116  115  116  117  119
  121  123  126  129  131  133  136  139  142  145  150  155  161  167  174  182
  189  197  204  210  216  220  224  227  229  230  230  229  227  224  220  216
  210  202  190  185  179  163  154  141  152                                   
    75.0-180.0 180.0   5.0 450.0                            LAT/LON1/LON2/DLON/H
  151  140  128  127  124  125  127  129  133  136  138  140  140  139  137  134
  131  128  125  121  118  115  111  108  105  103  101  100  101  102  105  108
  111  115  119  122  125  128  130  133  136  140  146  152  159  168  177  186
  196  206  215  224  231  237  243  247  250  252  253  253  252  250  246  243
  235  227  215  203  193  176  164  151  151                                   
    72.5-180.0 180.0   5.0 450.0                            LAT/LON1/LON2/DLON/H
  153  141  130  125  122  121  122  123  126  127  128  129  127  125  122  119
  116  113  111  108  106  104  102  100   98   96   95   94   95   98  101  105
  109  114  118  122  125  127  130  133  136  141  147  154  162  172  183  195
  206  218  229  238  247  254  260  265  268  271  272  273  273  272  269  266
  260  252  242  230  216  197  182  168  153                                   
    70.0-180.0 180.0   5.0 450.0                            LAT/LON1/LON2/DLON/H
  166  149  137  128  123  119  118  117  119  118  117  116  113  109  105  102
   98   96   95   95   95   95   95   94   93   91   90   90   91   94   97  101
  106  110  114  117  120  122  125  127  131  137  143  152  162  174  186  199
  213  225  238  248  258  265  271  276  279  282  284  285  286  285  284  282
  278  271  263  251  238  218  204  191  166                                   
    67.5-180.0 180.0   5.0 450.0                            LAT/LON1/LON2/DLON/H
  172  156  143  132  125  119  116  114  114  112  110  107  103   98   93   89
   86   85   85   87   90   92   93   93   93   92   90   90   90   91   94   97
  100  104  107  109  111  113  115  119  124  130  139  149  161  174  187  201
  215  229  241  252  261  268  273  277  280  282  283  285  286  286  285  284
  282  277  271  260  249  231  218  207  172                                   
    65.0-180.0 180.0   5.0 450.0                            LAT/LON1/LON2/DLON/H
  181  165  150  136  126  118  113  110  109  107  104  101   96   90   85   81
   79   79   81   84   88   92   95   96   96   94   93   91   90   91   91   93
   95   97   99  100  102  104  107  112  118  127  138  151  164  178  193  207
  221  235  247  257  265  271  274  276  277  278  279  280  280  281  280  280
  278  275  271  262  254  240  229  220  181                                   
    62.5-180.0 180.0   5.0 450.0                            LAT/LON1/LON2/DLON/H
  187  171  155  139  126  116  109  105  103  100   97   95   90   86   81   78
   77   77   80   84   89   94   97   98   97   96   93   91   89   88   87   87
   87   88   88   89   91   94   99  106  116  128  142  156  171  186  201  215
  229  242  253  263  269  273  275  275  274  273  273  273  273  272  271  271
  269  266  263  256  252  241  233  225  187                                   
    60.0-180.0 180.0   5.0 450.0                            LAT/LON1/LON2/DLON/H
  191  175  158  139  124  111  103   97   94   91   88   87   84   81   79   77
   77   78   81   85   89   93   95   96   95   93   90   88   85   83   81   80
   79   78   78   79   82   87   94  104  117  132  149  166  182  198  212  226
  239  251  262  270  276  278  278  276  274  272  271  270  269  268  266  264
  260  257  255  249  247  238  232  224  191                                   
    57.5-180.0 180.0   5.0 450.0                            LAT/LON1/LON2/DLON/H
  197  180  163  141  125  109   97   89   84   80   79   78   78   77   77   77
   77   79   81   84   87   89   90   90   89   87   85   83   81   78   76   74
   72   71   71   73   78   85   95  108  123  141  161  179  197  213  227  241
  253  265  275  283  287  289  288  285  281  279  277  276  275  272  269  265
  260  254  251  246  245  236  231  222  197                                   
    55.0-180.0 180.0   5.0 450.0                            LAT/LON1/LON2/DLON/H
  205  187  170  146  129  110   96   85   77   71   69   69   71   72   74   76
   77   78   79   81   82   83   83   82   81   80   79   78   77   75   73   70
   68   67   68   72   79   88  101  116  134  154  175  195  213  230  244  257
  270  281  291  299  303  304  302  298  295  292  290  289  288  286  281  276
  268  261  256  249  248  238  233  223  205                                   
    52.5-180.0 180.0   5.0 450.0                            LAT/LON1/LON2/DLON/H
  218  200  183  159  141  120  103   87   75   66   62   62   64   68   71   74
   75   76   76   76   77   77   77   77   76   76   76   77   77   76   74   71
   69   69   71   77   86   98  112  129  148  169  190  211  230  247  262  276
  288  300  310  317  321  321  319  315  311  308  307  307  306  304  299  292
  283  274  268  258  255  244  239  228  218                                   
    50.0-180.0 180.0   5.0 450.0                            LAT/LON1/LON2/DLON/H
  233  215  200  177  160  139  119   99   82   68   61   59   60   64   68   71
   73   72   72   72   73   74   75   76   76   77   79   80   82   81   79   76
   74   74   79   87   98  112  128  145  164  184  205  226  246  263  279  294
  307  319  328  335  339  338  336  331  327  325  324  324  324  322  316  309
  299  290  282  271  266  255  249  240  233                                   
    47.5-180.0 180.0   5.0 450.0                            LAT/LON1/LON2/DLON/H
  248  232  220  199  184  163  142  118   96   78   65   60   60   62   66   69
   70   69   68   69   72   76   79   82   83   85   87   89   90   89   86   83
   81   82   88   98  112  128  145  162  179  199  219  240  260  278  295  310
  324  335  345  350  353  352  348  344  340  337  336  336  336  333  327  320
  310  302  293  282  276  265  260  253  248                                   
    45.0-180.0 180.0   5.0 450.0                            LAT/LON1/LON2/DLON/H
  258  245  236  219  206  188  168  143  117   94   77   67   64   65   68   69
   69   68   68   71   77   84   90   95   97   99  100  101  101   98   94   90
   88   89   96  108  124  142  159  176  193  211  231  251  272  291  308  324
  338  349  356  360  361  359  355  351  347  344  343  342  340  336  329  322
  313  306  298  288  282  272  267  263  258                                   
    42.5-180.0 180.0   5.0 450.0                            LAT/LON1/LON2/DLON/H
  261  249  243  231  221  206  188  164  138  112   92   80   74   73   74   74
   72   71   73   79   88   99  107  113  116  116  116  114  111  106  100   95
   92   94  101  114  131  151  169  187  204  222  241  262  282  302  319  335
  348  357  364  366  365  362  359  355  352  349  346  343  339  332  325  317
  310  304  297  289  283  273  269  267  261                                   
    40.0-180.0 180.0   5.0 450.0                            LAT/LON1/LON2/DLON/H
  255  244  239  228  221  209  195  176  153  128  108   95   88   85   84   83
   81   81   84   92  104  117  127  134  135  134  131  126  119  112  104   98
   94   96  103  116  134  155  175  194  212  231  250  271  292  311  328  343
  355  364  369  370  369  367  365  363  361  358  353  347  339  330  320  312
  305  300  295  288  282  271  267  264  255                                   
    37.5-180.0 180.0   5.0 450.0                            LAT/LON1/LON2/DLON/H
  245  231  224  212  206  195  185  172  155  136  120  109  103  100   99   97
   95   95   99  109  122  136  147  152  152  149  143  135  126  116  107  100
   96   97  103  116  134  156  178  199  219  239  260  281  302  320  336  350
  362  370  376  378  379  380  381  382  381  378  372  363  352  339  327  317
  310  304  299  291  285  271  267  259  245                                   
    35.0-180.0 180.0   5.0 450.0                            LAT/LON1/LON2/DLON/H
  237  219  207  190  181  169  161  153  144  133  124  118  115  114  114  113
  112  113  118  127  139  152  161  165  164  159  151  142  131  120  110  102
   98   98  103  114  133  155  180  204  226  248  271  292  312  330  345  358
  371  381  389  395  400  405  411  415  417  415  408  397  383  368  353  342
  332  325  320  309  302  284  276  261  237                                   
    32.5-180.0 180.0   5.0 450.0                            LAT/LON1/LON2/DLON/H
  242  218  198  172  158  141  132  128  125  121  120  121  123  125  127  128
  129  131  135  143  153  162  168  170  169  164  157  148  137  125  115  107
  102  100  104  114  131  154  181  208  233  258  282  304  323  340  354  369
  384  398  412  425  436  446  456  464  469  468  461  450  436  420  404  391
  379  370  362  347  337  313  302  279  242                                   
    30.0-180.0 180.0   5.0 450.0                            LAT/LON1/LON2/DLON/H
  265  237  208  172  149  124  111  106  106  108  113  119  126  131  136  140
  143  146  149  153  158  163  167  169  169  167  164  157  147  136  125  116
  109  106  107  115  131  155  182  211  239  266  291  314  334  350  365  382
  402  424  447  468  486  503  518  529  536  537  532  522  510  495  480  467
  454  442  430  408  393  363  344  317  265                                   
    27.5-180.0 180.0   5.0 450.0                            LAT/LON1/LON2/DLON/H
  311  280  243  197  164  130  110  100   98  101  108  118  126  133  140  146
  150  153  155  155  155  157  160  164  168  172  173  170  163  152  141  131
  123  117  115  120  134  156  184  214  243  271  298  322  342  360  378  399
  427  459  492  522  549  572  590  604  613  616  614  607  598  588  577  565
  553  540  524  493  471  432  404  375  311                                   
    25.0-180.0 180.0   5.0 450.0                            LAT/LON1/LON2/DLON/H
  381  350  305  252  210  167  136  117  109  109  114  122  129  135  141  146
  151  153  152  149  147  148  153  161  171  181  188  190  186  176  164  152
  140  130  124  126  137  157  184  214  243  272  300  326  349  369  392  421
  457  500  543  583  617  644  666  681  691  696  697  694  690  685  679  670
  659  647  628  592  562  517  481  451  381                                   
    22.5-180.0 180.0   5.0 450.0                            LAT/LON1/LON2/DLON/H
  470  442  390  334  285  237  192  162  144  136  134  137  139  140  142  145
  147  147  144  139  137  141  151  165  181  197  210  216  214  204  189  172
  156  141  132  131  139  158  182  211  240  270  300  328  355  380  409  445
  490  541  593  640  678  706  728  744  755  763  768  770  771  770  767  761
  753  744  726  689  653  606  569  539  470                                   
    20.0-180.0 180.0   5.0 450.0                            LAT/LON1/LON2/DLON/H
  567  543  488  434  381  331  276  232  201  182  171  165  159  153  149  146
  145  143  138  134  135  143  159  180  202  222  238  245  242  228  208  187
  166  149  137  134  140  156  179  206  235  265  297  330  361  392  427  469
  520  577  633  681  719  745  764  778  790  801  811  819  824  827  826  821
  816  812  799  768  730  688  657  625  567                                   
    17.5-180.0 180.0   5.0 450.0                            LAT/LON1/LON2/DLON/H
  656  633  581  534  482  434  372  318  275  243  221  205  191  177  165  156
  150  145  140  138  143  157  179  205  231  253  267  270  262  242  218  192
  169  150  137  132  138  154  175  201  229  261  296  332  369  405  444  490
  543  600  655  700  732  752  765  775  788  803  818  832  843  849  851  849
  846  846  841  819  785  749  730  699  656                                   
    15.0-180.0 180.0   5.0 450.0                            LAT/LON1/LON2/DLON/H
  719  697  651  615  567  524  463  403  350  308  277  254  233  212  193  178
  168  160  155  156  164  183  210  240  265  283  291  287  270  245  216  188
  163  143  130  127  134  151  172  197  225  258  295  335  375  415  457  504
  556  608  656  693  716  727  733  740  752  770  791  812  829  840  846  846
  847  851  853  841  816  787  775  750  719                                   
    12.5-180.0 180.0   5.0 450.0                            LAT/LON1/LON2/DLON/H
  752  729  690  662  622  585  527  468  411  365  330  303  279  255  232  213
  199  190  185  187  198  220  248  276  298  309  307  293  269  238  207  177
  152  132  122  122  132  149  171  195  223  256  294  336  379  421  463  508
  554  599  638  665  678  682  684  689  702  721  745  770  792  808  817  821
  826  833  842  838  825  801  792  775  752                                   
    10.0-180.0 180.0   5.0 450.0                            LAT/LON1/LON2/DLON/H
  759  733  700  678  643  611  558  502  448  403  369  345  324  302  279  258
  242  232  227  229  240  260  286  309  324  326  314  291  261  228  196  167
  142  124  116  119  131  149  170  194  221  253  292  333  376  418  459  500
  541  577  606  624  633  635  637  645  658  679  703  729  752  770  780  786
  793  802  815  818  814  797  789  781  759                                   
     7.5-180.0 180.0   5.0 450.0                            LAT/LON1/LON2/DLON/H
  752  722  691  670  639  609  561  509  460  419  391  374  361  345  326  307
  291  281  275  275  282  297  316  331  338  331  311  281  249  217  186  159
