data/edconvlstm_nd/pred0680.15i
     1.0            IONOSPHERE MAPS     GNSS                IONEX VERSION / TYPE
pyspatialgeodesy        IME             05-JAN-18 20:20     PGM / RUN BY / DATE 
Map Name                                                    COMMENT             
Predicted global ionosphere maps (GIM).                     DESCRIPTION         
  2015     3     9     0     0     0                        EPOCH OF FIRST MAP  
  2015     3    10     0     0     0                        EPOCH OF LAST MAP   
  7200                                                      INTERVAL            
    13                                                      # OF MAPS IN FILE   
  NONE                                                      MAPPING FUNCTION    
10.0                                                        ELEVATION CUTOFF    
One-way carrier phase leveled to code                       OBSERVABLES USED    
  6371.0                                                    BASE RADIUS         
 2                                                          MAP DIMENSION       
   450.0 450.0   0.0                                        HGT1 / HGT2 / DHGT  
    87.5 -87.5  -2.5                                        LAT1 / LAT2 / DLAT  
  -180.0 180.0   5.0                                        LON1 / LON2 / DLON  
    -1                                                      EXPONENT            
                                                            END OF HEADER       
[from data line 858]
     3                                                      START OF TEC MAP    
  2015     3     9     4     0     0                        EPOCH OF CURRENT MAP
    87.5-180.0 180.0   5.0 450.0                            LAT/LON1/LON2/DLON/H
  128  127  125  128  129  127  126  125  128  131  133  135  137  139  140  141
  142  142  142  142  141  140  139  138  137  136  134  133  132  131  130  129
  129  129  129  129  129  129  130  130  131  132  132  133  133  134  134  135
  135  135  135  135  135  134  133  133  132  130  129  128  126  124  122  122
  122  122  120  119  122  124  127  124  128                                   
    85.0-180.0 180.0   5.0 450.0                            LAT/LON1/LON2/DLON/H
  123  131  120  125  128  128  129  130  132  135  137  139  141  143  144  145
  146  146  146  145  144  143  141  139  137  135  133  131  130  128  127  127
  126  126  127  127  128  130  131  132  134  135  137  138  140  141  142  143
  144  145  146  146  147  147  146  146  145  144  142  140  138  136  134  133
  133  133  128  129  123  124  125  121  123                                   
    82.5-180.0 180.0   5.0 450.0                            LAT/LON1/LON2/DLON/H
  125  124  123  119  120  121  122  123  127  129  131  135  137  139  140  141
  141  141  140  138  136  134  131  128  124  121  118  115  113  111  110  109
  109  109  111  113  115  118  120  123  126  129  132  135  137  140  142  145
  147  149  151  153  155  156  157  157  157  156  154  153  151  148  145  144
  142  139  134  133  133  122  118  113  125                                   
    80.0-180.0 180.0   5.0 450.0                            LAT/LON1/LON2/DLON/H
  128  122  113  110  111  110  113  116  119  122  124  128  130  132  134  135
  135  134  133  130  127  124  120  115  111  106  102   98   95   93   92   91
   92   94   97  100  104  108  113  117  121  126  129  133  137  140  144  148
  152  156  160  164  168  170  172  174  174  174  173  171  169  166  163  160
  157  151  146  143  143  133  130  118  128                                   
    77.5-180.0 180.0   5.0 450.0                            LAT/LON1/LON2/DLON/H
  135  126  116  111  107  106  109  111  113  115  117  120  123  124  126  126
  126  124  122  120  116  112  108  103   98   92   87   83   80   77   76   77
   79   82   86   92   97  103  109  115  120  125  130  134  138  143  148  153
  159  166  172  178  184  189  193  196  197  197  197  195  193  190  187  185
  180  175  167  164  161  147  140  132  135                                   
    75.0-180.0 180.0   5.0 450.0                            LAT/LON1/LON2/DLON/H
  145  138  124  117  110  108  108  107  108  108  108  110  111  111  111  110
  109  108  106  104  101   98   94   90   84   79   74   70   66   64   63   64
   66   70   76   82   89   96  103  109  115  119  124  128  133  138  144  151
  159  169  178  188  196  204  210  214  217  218  217  216  215  212  210  208
  203  199  192  184  180  168  161  152  145                                   
    72.5-180.0 180.0   5.0 450.0                            LAT/LON1/LON2/DLON/H
  159  154  140  130  122  116  114  111  110  108  106  105  104  101   99   97
   95   94   93   92   91   90   88   85   81   76   72   67   63   61   60   61
   64   68   74   81   88   96  103  109  114  118  122  126  130  136  144  154
  165  178  191  204  216  226  233  238  241  242  241  239  236  234  231  229
  226  222  217  211  204  191  183  175  159                                   
    70.0-180.0 180.0   5.0 450.0                            LAT/LON1/LON2/DLON/H
  180  172  159  146  135  126  121  116  113  108  103   99   94   89   84   80
   77   76   76   77   79   81   82   81   79   76   72   67   63   60   58   59
   61   65   70   77   83   90   96  101  105  108  111  115  120  127  136  149
  163  180  197  214  230  242  251  257  260  259  257  254  251  247  244  242
  239  235  232  227  222  212  207  198  180                                   
    67.5-180.0 180.0   5.0 450.0                            LAT/LON1/LON2/DLON/H
  192  186  172  158  146  135  128  121  115  108  101   95   87   79   71   66
   62   61   63   66   71   76   80   82   82   80   76   72   67   63   61   60
   61   63   67   72   77   82   86   89   92   95   97  101  106  114  125  140
  158  178  200  220  239  253  264  270  272  270  267  262  257  252  248  245
  242  238  236  232  229  221  218  213  192                                   
    65.0-180.0 180.0   5.0 450.0                            LAT/LON1/LON2/DLON/H
  201  196  182  168  154  142  134  126  120  112  103   95   84   74   64   57
   53   53   55   60   67   74   80   84   86   85   82   78   73   69   65   63
   62   62   64   67   70   73   76   78   80   82   84   88   94  103  116  133
  154  178  202  226  247  263  275  281  283  281  277  271  265  259  253  248
  244  239  237  232  230  224  224  221  201                                   
    62.5-180.0 180.0   5.0 450.0                            LAT/LON1/LON2/DLON/H
  206  201  188  173  160  147  138  130  123  115  106   96   85   73   63   55
   51   51   53   59   67   74   81   86   88   87   85   81   77   73   69   66
   63   62   62   62   63   65   66   68   70   72   74   79   86   96  110  128
  151  177  204  230  253  271  284  291  293  292  289  283  277  270  263  257
  249  243  239  232  229  224  225  224  206                                   
    60.0-180.0 180.0   5.0 450.0                            LAT/LON1/LON2/DLON/H
  209  203  191  174  162  147  138  129  123  115  106   97   86   75   65   58
   54   53   55   60   67   73   79   82   84   84   83   80   77   74   70   67
   64   61   59   58   58   58   59   61   62   65   68   74   81   92  106  125
  149  176  205  232  257  277  291  300  304  305  304  301  296  289  282  273
  263  253  246  237  233  225  227  225  209                                   
    57.5-180.0 180.0   5.0 450.0                            LAT/LON1/LON2/DLON/H
  216  209  196  177  164  148  138  128  121  113  104   96   87   78   70   64
   60   59   61   63   67   70   73   75   77   77   76   76   74   73   71   68
   65   62   60   58   57   57   57   58   60   63   68   74   83   94  108  127
  150  177  206  235  261  283  299  311  318  322  324  324  322  318  310  301
  288  275  265  252  245  233  233  229  216                                   
    55.0-180.0 180.0   5.0 450.0                            LAT/LON1/LON2/DLON/H
  230  220  206  186  172  154  141  129  120  110  101   94   86   79   74   71
   68   67   67   66   66   66   66   67   67   68   69   71   72   72   71   70
   68   65   63   61   60   60   60   61   63   67   72   80   89  101  115  133
  155  181  209  239  266  290  308  322  333  341  347  351  353  351  345  336
  321  306  294  277  267  250  248  241  230                                   
    52.5-180.0 180.0   5.0 450.0                            LAT/LON1/LON2/DLON/H
  254  241  225  203  188  168  152  136  123  110  100   91   85   80   78   77
   76   75   72   68   65   62   61   61   62   64   66   69   72   74   75   75
   73   72   70   69   68   68   68   68   70   74   81   90  100  112  126  143
  163  188  215  244  272  297  318  334  348  359  369  377  382  383  380  372
  358  343  328  309  296  275  270  261  254                                   
    50.0-180.0 180.0   5.0 450.0                            LAT/LON1/LON2/DLON/H
  284  269  251  230  213  191  173  152  134  117  103   92   85   82   82   83
   83   81   76   70   65   61   60   61   64   67   71   75   78   81   82   83
   82   81   80   80   80   80   79   79   81   85   92  102  114  127  141  157
  176  199  225  253  281  306  327  345  359  372  384  395  403  407  406  400
  389  376  362  342  328  305  297  288  284                                   
    47.5-180.0 180.0   5.0 450.0                            LAT/LON1/LON2/DLON/H
  315  299  281  261  245  222  201  176  154  131  113   99   90   87   87   89
   89   86   80   73   68   66   68   71   76   80   84   88   91   93   93   93
   92   92   92   93   93   93   92   91   92   96  104  116  129  143  158  174
  193  214  238  264  290  314  335  351  366  378  391  401  410  415  416  413
  406  397  386  368  355  333  324  316  315                                   
    45.0-180.0 180.0   5.0 450.0                            LAT/LON1/LON2/DLON/H
  341  325  308  293  276  255  233  206  179  152  129  113  102   96   96   96
   95   91   85   79   77   79   84   91   97  102  105  107  107  106  105  103
  102  102  103  104  105  105  104  102  102  106  115  128  144  161  177  194
  212  231  253  277  299  320  339  353  366  377  388  397  405  410  411  411
  407  403  396  384  373  354  346  339  341                                   
    42.5-180.0 180.0   5.0 450.0                            LAT/LON1/LON2/DLON/H
  356  340  326  315  300  281  260  234  206  176  151  132  118  111  108  107
  104   99   94   91   93   99  108  117  124  128  128  127  123  119  115  112
  110  110  112  114  115  114  112  110  110  115  125  140  158  177  195  213
  231  249  268  288  307  325  340  353  363  373  382  390  396  400  401  402
  402  402  399  392  384  368  361  355  356                                   
    40.0-180.0 180.0   5.0 450.0                            LAT/LON1/LON2/DLON/H
  359  342  329  320  309  293  276  254  227  199  173  153  138  129  124  121
  117  112  108  108  114  124  136  145  151  152  149  143  136  129  123  120
  118  118  120  121  121  120  118  115  116  122  133  150  170  191  211  230
  247  264  281  298  314  329  342  353  363  372  380  388  394  398  400  402
  403  405  405  400  395  380  373  365  359                                   
    37.5-180.0 180.0   5.0 450.0                            LAT/LON1/LON2/DLON/H
  357  336  322  311  302  290  275  259  238  214  191  172  158  148  141  136
  132  128  127  130  139  151  162  170  171  168  162  154  146  138  132  129
  127  127  127  127  126  123  121  119  120  127  140  158  180  201  222  242
  260  276  292  307  321  335  347  359  371  382  392  402  410  416  420  422
  424  424  425  420  415  401  391  376  357                                   
    35.0-180.0 180.0   5.0 450.0                            LAT/LON1/LON2/DLON/H
  359  334  315  295  287  274  262  251  236  219  201  186  173  164  157  152
  148  146  147  153  163  174  182  184  182  177  170  163  155  149  144  140
  138  137  135  132  129  126  123  122  124  132  146  165  186  208  230  250
  268  285  301  315  330  345  360  375  391  407  423  437  450  460  467  470
  470  469  468  460  454  438  422  399  359                                   
    32.5-180.0 180.0   5.0 450.0                            LAT/LON1/LON2/DLON/H
  378  348  321  289  276  259  245  236  226  215  203  192  183  175  169  165
  162  163  166  174  182  188  191  188  184  179  175  172  168  163  159  155
  152  149  144  138  133  128  125  125  128  137  151  170  191  212  233  254
  274  293  310  326  343  361  381  403  426  450  474  497  517  533  544  548
  547  542  537  523  515  496  471  439  378                                   
    30.0-180.0 180.0   5.0 450.0                            LAT/LON1/LON2/DLON/H
  422  388  348  304  282  260  240  228  219  209  201  194  188  182  177  173
  173  175  181  187  191  192  189  185  182  182  184  186  187  184  180  176
  171  165  157  148  139  133  129  128  132  140  154  173  193  214  236  257
  279  300  320  340  361  385  411  441  474  508  543  576  607  632  650  658
  655  647  635  614  601  577  537  500  422                                   
    27.5-180.0 180.0   5.0 450.0                            LAT/LON1/LON2/DLON/H
  495  456  401  345  314  285  257  239  224  213  203  197  191  186  181  178
  178  182  187  191  191  187  182  179  182  190  201  210  215  215  210  204
  197  187  174  160  147  138  133  132  134  142  155  174  194  216  238  261
  285  310  334  358  385  416  450  489  530  574  620  663  704  740  766  779
  779  770  754  726  708  678  624  582  495                                   
    25.0-180.0 180.0   5.0 450.0                            LAT/LON1/LON2/DLON/H
  595  555  482  415  374  339  301  273  250  232  217  208  200  193  186  182
  181  183  186  186  182  177  174  178  191  209  230  247  255  256  250  240
  227  211  191  171  155  143  136  132  133  139  152  171  193  217  241  266
  294  323  352  383  417  455  497  543  592  644  695  745  793  835  867  884
  889  884  869  840  817  788  728  682  595                                   
    22.5-180.0 180.0   5.0 450.0                            LAT/LON1/LON2/DLON/H
  710  675  589  515  462  419  371  332  298  270  247  231  219  208  198  189
  185  183  181  177  172  169  174  188  213  243  273  295  305  303  291  275
  255  231  204  178  158  144  134  128  126  131  144  165  190  217  245  274
  307  341  377  414  454  499  548  600  653  706  759  811  860  903  936  955
  963  964  956  933  908  885  837  787  710                                   
    20.0-180.0 180.0   5.0 450.0                            LAT/LON1/LON2/DLON/H
  820  794  705  631  568  520  463  412  367  328  295  271  253  236  220  206
  195  187  180  173  169  172  186  213  250  291  327  349  354  344  324  298
  270  240  208  179  157  141  129  120  115  118  132  156  185  217  250  285
  322  362  404  448  493  543  595  649  701  752  802  850  896  935  965  984
  994 1000 1000  987  966  951  923  878  820                                   
    17.5-180.0 180.0   5.0 450.0                            LAT/LON1/LON2/DLON/H
  903  886  808  743  677  628  566  507  452  401  358  326  302  280  257  236
  217  201  189  180  178  188  214  254  303  349  382  396  389  367  336  302
  269  235  202  173  151  134  121  109  102  104  119  146  180  218  256  296
  339  385  432  479  528  579  630  680  727  771  813  854  893  927  953  970
  983  992 1002 1000  986  974  966  936  903                                   
    15.0-180.0 180.0   5.0 450.0                            LAT/LON1/LON2/DLON/H
  942  931  876  826  767  723  664  602  539  480  430  393  365  339  310  281
  254  232  214  204  205  223  259  310  364  408  429  425  402  365  325  287
  253  220  189  163  144  128  114  100   91   93  109  138  177  219  263  308
  355  405  455  504  553  601  648  692  730  764  796  828  858  885  907  923
  937  950  968  976  970  961  964  953  942                                   
    12.5-180.0 180.0   5.0 450.0                            LAT/LON1/LON2/DLON/H
  943  935  903  870  824  789  737  677  614  552  499  462  434  407  376  341
  307  279  258  247  251  275  318  374  425  455  456  432  390  342  298  261
  230  201  176  156  140  127  112   98   87   88  104  135  176  222  269  317
  368  420  471  519  564  608  650  687  718  743  765  787  808  828  846  862
  878  893  915  930  931  924  933  937  943                                   
    10.0-180.0 180.0   5.0 450.0                            LAT/LON1/LON2/DLON/H
  920  914  900  878  845  819  775  720  660  601  553  521  499  476  445  408
  371  339  317  306  313  340  386  437  474  483  460  416  362  311  269  236
  209  187  169  154  143  131  117  101   90   90  106  137  178  225  272  322
  373  425  475  520  561  602  640  673  700  720  737  752  767  782  797  813
  830  845  867  883  887  883  893  905  920                                   
     7.5-180.0 180.0   5.0 450.0                            LAT/LON1/LON2/DLON/H
  890  888  886  868  844  823  781  731  676  622  581  558  546  533  507  472
  436  405  384  376  385  411  451  487  501  485  443  386  329  281  244  217
