data/edconvlstm_nd/pred0730.15i
     1.0            IONOSPHERE MAPS     GNSS                IONEX VERSION / TYPE
pyspatialgeodesy        IME             05-JAN-18 20:20     PGM / RUN BY / DATE 
Map Name                                                    COMMENT             
Predicted global ionosphere maps (GIM).                     DESCRIPTION         
  2015     3    14     0     0     0                        EPOCH OF FIRST MAP  
  2015     3    15     0     0     0                        EPOCH OF LAST MAP   
  7200                                                      INTERVAL            
    13                                                      # OF MAPS IN FILE   
  NONE                                                      MAPPING FUNCTION    
10.0                                                        ELEVATION CUTOFF    
One-way carrier phase leveled to code                       OBSERVABLES USED    
  6371.0                                                    BASE RADIUS         
 2                                                          MAP DIMENSION       
   450.0 450.0   0.0                                        HGT1 / HGT2 / DHGT  
    87.5 -87.5  -2.5                                        LAT1 / LAT2 / DLAT  
  -180.0 180.0   5.0                                        LON1 / LON2 / DLON  
    -1                                                      EXPONENT            
                                                            END OF HEADER       
[from data line 4719]
    12                                                      START OF TEC MAP    
  2015     3    14    22     0     0                        EPOCH OF CURRENT MAP
    87.5-180.0 180.0   5.0 450.0                            LAT/LON1/LON2/DLON/H
  187  174  158  164  165  162  161  159  158  160  159  160  161  161  161  161
  161  161  160  159  157  155  154  152  149  147  145  143  141  139  138  136
  135  135  134  134  134  134  135  136  137  138  139  141  143  145  147  148
  150  152  154  156  158  159  161  162  163  164  165  166  167  167  167  167
  167  167  166  166  176  173  175  177  187                                   
    85.0-180.0 180.0   5.0 450.0                            LAT/LON1/LON2/DLON/H
  182  174  177  168  164  166  165  166  165  167  167  168  169  170  170  171
  170  170  169  167  165  163  160  157  154  150  147  144  141  138  136  134
  132  131  131  131  131  131  133  134  136  138  140  143  146  148  151  154
  156  159  162  164  166  168  170  172  174  175  176  178  178  179  179  179
  180  179  178  175  178  170  166  172  182                                   
    82.5-180.0 180.0   5.0 450.0                            LAT/LON1/LON2/DLON/H
  161  158  156  154  154  156  159  159  158  161  164  167  169  172  174  175
  176  175  174  171  168  164  159  153  148  142  136  131  126  121  117  114
  112  110  109  109  109  110  112  114  116  119  122  125  129  132  136  139
  143  146  150  153  156  158  161  163  165  167  169  171  172  173  174  174
  174  173  172  175  172  177  164  164  161                                   
    80.0-180.0 180.0   5.0 450.0                            LAT/LON1/LON2/DLON/H
  145  144  145  142  141  139  145  150  154  159  164  170  176  181  185  188
  189  188  186  182  177  170  163  155  146  138  130  122  115  108  103   99
   95   93   92   91   92   93   95   97  101  104  108  112  116  120  124  128
  131  135  139  142  145  148  150  153  155  158  160  162  163  165  166  167
  168  167  167  167  161  158  150  158  145                                   
    77.5-180.0 180.0   5.0 450.0                            LAT/LON1/LON2/DLON/H
  145  137  142  137  140  140  146  152  158  165  174  183  192  201  207  212
  214  214  212  207  200  191  181  171  159  148  137  127  118  110  103   98
   94   91   90   89   90   91   93   95   97  100  103  107  110  113  116  118
  121  124  126  128  131  133  134  136  138  141  143  145  148  150  153  155
  156  157  158  160  158  154  154  167  145                                   
    75.0-180.0 180.0   5.0 450.0                            LAT/LON1/LON2/DLON/H
  145  141  142  136  138  140  145  151  160  170  181  193  204  214  222  228
  231  231  227  221  213  203  192  180  167  155  143  132  122  114  107  101
   97   94   93   92   92   92   94   95   97   99  101  103  105  106  108  109
  111  112  112  113  114  114  115  115  116  118  120  122  125  129  133  138
  140  145  148  149  148  147  149  153  145                                   
    72.5-180.0 180.0   5.0 450.0                            LAT/LON1/LON2/DLON/H
  152  149  152  151  149  150  155  160  168  179  192  205  219  231  240  247
  250  249  246  239  230  219  207  193  180  166  153  141  131  122  114  108
  104  101   99   98   97   97   97   98   98   99  100  100  100  101  100  100
  100   99   98   97   96   95   94   93   93   94   96   98  102  107  113  119
  124  131  138  142  144  148  154  165  152                                   
    70.0-180.0 180.0   5.0 450.0                            LAT/LON1/LON2/DLON/H
  166  165  167  163  161  160  162  167  175  186  198  212  225  237  246  251
  254  252  248  241  232  221  209  196  183  170  157  146  136  127  120  114
  109  106  103  101   99   98   97   96   96   96   95   95   94   93   92   91
   89   87   85   83   81   78   76   74   72   72   73   76   80   85   93  101
  108  117  127  135  142  150  162  170  166                                   
    67.5-180.0 180.0   5.0 450.0                            LAT/LON1/LON2/DLON/H
  183  184  187  186  184  182  182  185  190  199  211  224  237  248  257  262
  263  262  258  251  243  233  221  209  195  182  170  158  148  139  132  125
  119  114  110  106  103  100   98   97   96   95   94   93   92   91   89   87
   85   83   80   78   75   72   68   65   63   62   63   65   70   76   84   93
  102  113  124  133  143  155  169  179  183                                   
    65.0-180.0 180.0   5.0 450.0                            LAT/LON1/LON2/DLON/H
  193  198  202  202  200  196  194  194  198  205  215  227  238  248  255  259
  260  259  255  250  243  234  224  212  200  188  176  165  155  146  138  130
  123  116  109  103   98   94   91   89   88   87   87   86   85   84   82   80
   78   75   73   71   68   65   61   58   55   53   54   56   60   67   75   85
   94  106  118  129  142  158  174  185  193                                   
    62.5-180.0 180.0   5.0 450.0                            LAT/LON1/LON2/DLON/H
  199  207  213  214  214  211  207  205  206  212  219  229  240  248  255  258
  260  259  257  253  248  241  232  221  209  196  185  174  165  156  147  137
  127  117  107   99   91   86   82   80   80   80   81   81   81   79   78   76
   74   72   70   68   66   64   60   57   54   53   53   55   60   66   75   85
   94  106  118  127  140  157  173  184  199                                   
    60.0-180.0 180.0   5.0 450.0                            LAT/LON1/LON2/DLON/H
  200  211  219  223  224  221  217  214  213  216  222  230  238  245  251  255
  257  257  257  255  252  246  238  228  216  205  194  185  176  168  158  146
  133  120  107   96   87   80   76   74   75   76   78   79   79   78   76   73
   71   70   69   68   67   65   62   60   57   55   55   58   63   70   78   88
   98  109  120  128  139  157  172  183  200                                   
    57.5-180.0 180.0   5.0 450.0                            LAT/LON1/LON2/DLON/H
  201  215  226  230  235  232  229  225  222  223  226  231  237  243  248  252
  255  257  258  258  257  252  245  235  225  215  206  198  191  182  172  158
  142  126  110   96   86   79   75   74   75   77   79   81   81   80   77   75
   72   71   70   70   70   69   67   65   63   61   61   64   70   77   87   97
  107  118  128  135  143  159  173  183  201                                   
    55.0-180.0 180.0   5.0 450.0                            LAT/LON1/LON2/DLON/H
  208  225  238  243  249  248  246  241  237  235  235  237  241  244  248  252
  255  258  260  262  261  257  251  243  234  226  219  214  208  200  189  173
  154  135  117  102   91   84   80   80   81   84   86   88   88   86   83   79
   77   75   74   74   75   75   74   72   70   69   70   73   79   87   98  110
  120  132  143  149  155  170  182  190  208                                   
    52.5-180.0 180.0   5.0 450.0                            LAT/LON1/LON2/DLON/H
  225  242  256  261  270  271  270  265  260  254  251  249  248  249  250  252
  255  258  261  263  263  261  256  250  243  238  234  231  226  218  205  187
  166  145  126  111  100   94   91   90   92   94   97   99   98   96   92   88
   85   83   82   82   82   83   82   81   79   78   78   82   88   98  111  124
  137  152  165  172  178  191  201  207  225                                   
    50.0-180.0 180.0   5.0 450.0                            LAT/LON1/LON2/DLON/H
  251  266  281  285  296  301  301  296  290  282  275  268  263  259  256  256
  256  258  261  263  264  264  262  258  254  251  250  247  243  233  217  196
  173  151  133  120  111  106  103  103  104  107  109  111  110  108  104  100
   96   94   92   92   92   92   92   90   88   87   87   90   97  108  122  138
  154  172  189  201  208  221  232  235  251                                   
    47.5-180.0 180.0   5.0 450.0                            LAT/LON1/LON2/DLON/H
  283  295  308  312  324  331  333  330  324  316  305  294  283  274  267  262
  259  259  260  262  265  267  268  268  267  265  264  260  253  239  220  196
  171  150  135  125  119  116  114  114  115  117  120  122  121  119  116  112
  109  107  105  104  103  103  102  100   98   95   94   97  104  116  132  150
  169  192  213  230  242  256  269  271  283                                   
    45.0-180.0 180.0   5.0 450.0                            LAT/LON1/LON2/DLON/H
  314  323  332  336  348  357  360  360  357  350  338  324  309  294  281  272
  265  262  261  264  268  273  277  280  280  279  274  266  253  234  210  183
  160  142  130  125  123  123  122  122  123  124  127  129  130  129  127  125
  123  121  119  116  114  113  111  109  106  103  101  103  110  122  139  160
  182  208  232  254  272  289  305  309  314                                   
    42.5-180.0 180.0   5.0 450.0                            LAT/LON1/LON2/DLON/H
  338  345  351  353  364  373  378  382  382  378  368  354  336  317  300  286
  275  269  268  271  277  284  291  295  294  289  279  264  244  218  190  163
  142  129  123  123  125  127  127  127  127  129  132  134  136  136  136  135
  134  132  130  127  123  121  118  116  112  108  105  107  114  127  146  168
  191  219  246  271  292  314  334  341  338                                   
    40.0-180.0 180.0   5.0 450.0                            LAT/LON1/LON2/DLON/H
  352  360  364  362  371  379  386  391  396  397  392  380  362  342  322  305
  292  284  282  285  293  302  309  311  307  296  279  256  228  198  169  145
  129  122  121  125  130  133  134  133  132  133  136  139  140  141  142  142
  142  140  137  133  129  125  123  119  115  110  106  107  115  130  150  173
  197  225  253  278  301  326  350  361  352                                   
    37.5-180.0 180.0   5.0 450.0                            LAT/LON1/LON2/DLON/H
  358  366  371  366  374  378  386  393  402  408  407  400  386  367  347  329
  315  306  304  309  317  325  329  327  317  299  275  246  215  185  159  141
  130  129  133  139  145  148  147  144  142  141  143  145  146  146  146  146
  145  143  140  135  131  127  124  120  115  109  105  105  114  130  153  178
  202  229  255  279  300  328  353  367  358                                   
    35.0-180.0 180.0   5.0 450.0                            LAT/LON1/LON2/DLON/H
  359  370  377  369  378  378  387  394  405  414  418  416  406  390  372  355
  342  335  334  338  344  349  348  339  323  300  273  244  216  190  171  159
  155  158  164  171  175  174  170  164  159  156  155  155  154  152  150  148
  146  143  139  135  130  126  123  119  113  106  101  102  112  130  155  182
  206  232  256  276  294  322  349  364  359                                   
    32.5-180.0 180.0   5.0 450.0                            LAT/LON1/LON2/DLON/H
  364  377  389  378  388  385  396  400  412  422  429  430  425  413  398  383
  372  366  366  369  371  369  361  346  327  304  280  257  237  221  211  208
  209  214  218  221  220  214  205  194  185  178  173  169  166  161  156  151
  147  142  138  133  129  126  123  119  113  105  100  100  111  131  159  188
  213  238  259  276  290  317  345  360  364                                   
    30.0-180.0 180.0   5.0 450.0                            LAT/LON1/LON2/DLON/H
  378  395  410  399  412  407  418  420  431  439  446  449  446  437  424  411
  401  396  395  395  392  383  368  350  331  313  299  289  283  281  283  287
  292  295  294  289  278  264  248  231  216  204  195  188  181  174  165  157
  150  143  138  134  131  129  127  122  116  108  102  103  114  135  165  197
  223  249  268  282  293  320  347  362  378                                   
    27.5-180.0 180.0   5.0 450.0                            LAT/LON1/LON2/DLON/H
  406  426  443  436  452  448  459  458  464  468  473  475  472  464  451  438
  428  422  419  415  405  389  370  352  338  332  333  341  353  367  382  393
  398  395  383  364  341  316  291  267  247  230  218  208  198  189  178  167
  156  148  142  138  137  135  133  128  122  114  108  109  121  143  175  208
  236  264  282  296  306  332  360  375  406                                   
    25.0-180.0 180.0   5.0 450.0                            LAT/LON1/LON2/DLON/H
  445  467  486  487  508  509  519  516  517  515  513  511  505  495  480  465
  452  444  437  427  411  391  371  357  354  362  382  410  441  472  496  509
  507  491  462  427  391  356  324  295  270  250  235  224  215  205  194  180
  167  156  149  145  144  143  140  135  129  121  117  118  130  153  185  220
  251  281  300  316  328  353  384  399  445                                   
    22.5-180.0 180.0   5.0 450.0                            LAT/LON1/LON2/DLON/H
  492  513  534  546  576  583  595  591  587  578  569  560  549  534  515  495
  478  465  452  437  416  394  377  372  381  406  444  490  536  574  599  604
  588  555  509  460  414  373  337  306  280  259  245  235  229  221  210  196
  180  166  157  153  151  150  147  141  135  129  126  129  140  163  194  230
  262  296  319  338  353  380  413  430  492                                   
    20.0-180.0 180.0   5.0 450.0                            LAT/LON1/LON2/DLON/H
  537  557  581  604  643  659  674  672  667  652  637  621  604  583  558  532
  510  491  473  453  430  409  398  402  425  464  515  568  616  650  662  651
  617  567  510  454  404  362  328  299  275  257  246  241  238  235  226  211
  194  177  166  160  157  155  151  146  140  136  135  140  152  174  204  239
  271  307  333  357  376  406  442  464  537                                   
    17.5-180.0 180.0   5.0 450.0                            LAT/LON1/LON2/DLON/H
  572  592  619  649  697  721  741  744  741  727  709  690  668  642  612  581
  553  530  508  484  461  443  439  454  486  531  582  629  663  678  669  637
  586  526  466  411  365  329  300  278  261  250  244  244  246  246  239  224
  205  187  173  165  160  156  152  147  143  141  143  150  164  186  215  247
  278  314  342  369  392  426  465  491  572                                   
    15.0-180.0 180.0   5.0 450.0                            LAT/LON1/LON2/DLON/H
  589  608  639  673  726  757  783  793  795  786  772  755  735  708  676  643
  612  585  561  536  514  501  504  524  557  597  633  658  665  652  618  567
  508  447  392  346  311  286  269  257  250  246  247  251  255  256  248  232
  212  191  175  165  158  153  149  144  142  142  147  157  174  197  225  254
  283  318  346  374  400  439  479  507  589                                   
    12.5-180.0 180.0   5.0 450.0                            LAT/LON1/LON2/DLON/H
  587  606  639  674  728  764  794  810  819  819  815  807  794  773  744  713
  683  657  633  609  590  581  586  604  629  650  659  652  625  583  528  467
  407  355  314  284  265  254  249  249  252  256  260  265  267  264  253  234
  212  190  173  160  152  146  141  138  137  139  146  160  180  205  233  260
  287  318  346  373  400  442  482  512  587                                   
    10.0-180.0 180.0   5.0 450.0                            LAT/LON1/LON2/DLON/H
  573  592  627  660  712  748  781  799  815  825  833  838  836  826  806  782
  758  736  716  695  678  669  670  679  685  680  657  615  559  495  429  368
  317  280  258  248  245  247  253  263  273  282  288  288  283  271  253  230
  207  185  167  153  143  137  133  131  131  134  143  158  181  208  238  265
  289  318  343  369  397  440  480  510  573                                   
     7.5-180.0 180.0   5.0 450.0                            LAT/LON1/LON2/DLON/H
  555  579  614  643  690  724  755  772  792  810  828  846  858  860  852  838
  823  809  793  776  760  748  740  733  717  685  633  566  491  417  352  300
