data/edconvlstm_nd/pred2530.15i
     1.0            IONOSPHERE MAPS     GNSS                IONEX VERSION / TYPE
pyspatialgeodesy        IME             05-JAN-18 20:20     PGM / RUN BY / DATE 
Map Name                                                    COMMENT             
Predicted global ionosphere maps (GIM).                     DESCRIPTION         
  2015     9    10     0     0     0                        EPOCH OF FIRST MAP  
  2015     9    11     0     0     0                        EPOCH OF LAST MAP   
  7200                                                      INTERVAL            
    13                                                      # OF MAPS IN FILE   
  NONE                                                      MAPPING FUNCTION    
10.0                                                        ELEVATION CUTOFF    
One-way carrier phase leveled to code                       OBSERVABLES USED    
  6371.0                                                    BASE RADIUS         
 2                                                          MAP DIMENSION       
   450.0 450.0   0.0                                        HGT1 / HGT2 / DHGT  
    87.5 -87.5  -2.5                                        LAT1 / LAT2 / DLAT  
  -180.0 180.0   5.0                                        LON1 / LON2 / DLON  
    -1                                                      EXPONENT            
                                                            END OF HEADER       
[from data line 1716]
     5                                                      START OF TEC MAP    
  2015     9    10     8     0     0                        EPOCH OF CURRENT MAP
    87.5-180.0 180.0   5.0 450.0                            LAT/LON1/LON2/DLON/H
   78   90   93   97   98   98   99   95   96   98   99  100  100  101  102  102
  102  103  103  103  103  103  103  102  102  102  101  101  100  100   99   99
   98   98   97   96   96   95   95   94   93   93   92   92   91   90   90   89
   88   87   86   85   84   83   82   81   80   80   79   78   78   77   77   77
   79   80   80   80   88   92  102   95   78                                   
    85.0-180.0 180.0   5.0 450.0                            LAT/LON1/LON2/DLON/H
   82  104  111  105  107  110  110  110  111  112  112  112  112  112  112  112
  112  112  111  111  111  111  111  111  111  111  111  110  110  110  110  110
  109  109  109  108  108  108  108  107  107  107  106  106  105  104  104  103
  102  101   99   98   96   95   93   92   90   89   88   87   86   85   85   85
   87   89   86   86   89   95  105  102   82                                   
    82.5-180.0 180.0   5.0 450.0                            LAT/LON1/LON2/DLON/H
   86  103  118  110  111  115  116  116  117  117  116  116  114  113  112  111
  110  109  108  107  107  107  107  107  107  107  107  107  108  108  109  109
  110  110  111  111  112  112  113  113  114  114  114  114  114  114  114  113
  112  110  109  107  105  102  100   97   94   92   89   87   85   84   83   83
   84   85   83   83   91   96   97   93   86                                   
    80.0-180.0 180.0   5.0 450.0                            LAT/LON1/LON2/DLON/H
   89  102  114  111  114  115  117  117  117  116  113  112  109  106  103  100
   98   96   95   94   94   93   94   94   95   95   96   97   98   99  100  101
  103  104  105  107  109  110  112  113  115  116  118  119  120  121  121  120
  120  118  116  114  111  108  104  100   96   92   88   85   81   79   76   75
   75   75   76   77   83   93  100   92   89                                   
    77.5-180.0 180.0   5.0 450.0                            LAT/LON1/LON2/DLON/H
   88  102  110  110  111  117  118  118  117  115  110  106  102   97   92   88
   85   82   81   80   79   80   80   81   82   83   85   86   87   89   90   92
   94   97   99  101  104  107  109  112  115  118  121  123  126  127  129  129
  129  128  127  125  122  118  114  109  104   98   93   88   83   79   75   72
   70   70   69   71   75   80   88   88   88                                   
    75.0-180.0 180.0   5.0 450.0                            LAT/LON1/LON2/DLON/H
   77   94  100  103  105  113  114  113  111  108  101   96   89   83   77   71
   67   65   63   62   63   64   65   66   68   70   71   73   74   76   78   80
   82   85   88   91   94   97  101  105  109  113  117  121  124  128  130  132
  133  133  132  130  127  124  120  115  109  104   98   92   86   80   75   71
   67   65   63   61   66   72   80   81   77                                   
    72.5-180.0 180.0   5.0 450.0                            LAT/LON1/LON2/DLON/H
   75   89   94   98  101  110  112  112  109  105   97   91   83   75   68   62
   57   54   53   53   54   56   58   60   62   63   65   67   68   70   71   73
   76   78   81   84   88   92   96  100  105  110  115  121  125  130  133  136
  138  139  139  138  136  133  130  125  121  116  110  104   98   92   86   81
   75   71   69   66   67   70   75   79   75                                   
    70.0-180.0 180.0   5.0 450.0                            LAT/LON1/LON2/DLON/H
   77   83   89   91   93  100  102  103  101   97   90   83   75   66   59   53
   48   46   45   45   47   49   52   54   56   58   60   61   62   63   65   66
   68   70   73   76   80   84   88   93   99  104  110  116  122  127  131  135
  137  139  139  139  138  137  134  131  128  124  120  115  110  104   98   92
   85   79   75   70   68   69   74   79   77                                   
    67.5-180.0 180.0   5.0 450.0                            LAT/LON1/LON2/DLON/H
   74   77   81   82   82   89   92   93   92   90   84   79   71   63   56   50
   45   43   43   44   46   48   51   53   55   57   58   59   59   59   60   61
   62   64   66   69   72   76   80   86   91   97  104  110  116  121  125  129
  131  133  134  135  135  134  133  132  130  128  126  123  120  115  109  104
   97   89   84   77   72   69   70   75   74                                   
    65.0-180.0 180.0   5.0 450.0                            LAT/LON1/LON2/DLON/H
   75   72   74   73   71   76   80   82   84   83   80   76   70   63   57   51
   48   46   45   47   49   51   54   56   58   59   59   59   59   59   59   59
   60   61   63   65   68   72   77   82   88   94  100  106  112  117  121  125
  127  129  131  132  133  133  134  134  134  134  133  133  131  129  124  119
  112  104   97   90   83   76   74   78   75                                   
    62.5-180.0 180.0   5.0 450.0                            LAT/LON1/LON2/DLON/H
   78   71   69   65   61   65   68   71   74   75   74   73   69   65   59   55
   52   50   50   51   53   55   57   59   60   60   60   60   59   59   58   58
   59   60   61   64   67   70   75   80   86   92   98  104  110  114  118  121
  123  125  128  130  131  133  134  135  136  138  139  141  141  140  137  133
  127  119  112  104   95   85   81   84   78                                   
    60.0-180.0 180.0   5.0 450.0                            LAT/LON1/LON2/DLON/H
   84   72   67   60   53   54   56   59   62   64   66   67   65   63   60   56
   54   52   52   53   54   56   57   58   58   58   58   58   57   56   56   56
   57   58   60   62   66   69   74   78   84   90   96  102  107  112  115  118
  120  123  125  128  131  133  135  136  138  140  143  146  148  149  147  144
  139  131  125  117  109   97   91   91   84                                   
    57.5-180.0 180.0   5.0 450.0                            LAT/LON1/LON2/DLON/H
   93   79   71   60   50   48   48   50   52   55   57   59   60   59   58   56
   54   53   53   53   54   54   55   55   55   55   55   54   54   53   53   54
   56   58   61   64   67   71   75   80   85   91   97  103  108  112  116  119
  121  125  128  132  136  139  141  142  144  146  149  152  156  158  158  156
  151  144  139  131  124  113  105  103   93                                   
    55.0-180.0 180.0   5.0 450.0                            LAT/LON1/LON2/DLON/H
  105   90   80   67   54   49   45   44   44   45   47   50   52   53   53   53
   52   51   51   50   50   50   50   50   49   49   49   48   48   49   50   52
   55   58   62   66   69   73   77   82   87   92   98  104  110  114  118  122
  125  130  134  139  144  147  149  150  151  152  155  159  163  167  167  166
  162  156  151  144  139  128  120  116  105                                   
    52.5-180.0 180.0   5.0 450.0                            LAT/LON1/LON2/DLON/H
  119  106   95   80   65   56   49   43   40   38   39   41   43   45   47   47
   47   47   46   46   46   45   44   44   43   43   43   43   43   44   47   50
   54   59   64   68   72   76   80   84   89   95  101  107  113  118  123  128
  132  137  143  148  153  157  158  159  158  159  161  166  170  174  176  176
  172  166  163  156  152  142  134  129  119                                   
    50.0-180.0 180.0   5.0 450.0                            LAT/LON1/LON2/DLON/H
  132  121  111   96   82   70   59   49   41   36   33   34   36   38   40   41
   42   42   42   41   40   40   39   38   38   37   37   38   39   41   44   49
   54   60   66   71   75   79   83   87   92   97  104  111  117  124  130  135
  140  146  152  157  162  165  166  165  164  164  166  170  176  181  183  183
  181  175  172  165  161  152  145  139  132                                   
    47.5-180.0 180.0   5.0 450.0                            LAT/LON1/LON2/DLON/H
  141  132  124  112  100   88   74   60   48   38   32   31   31   33   35   36
   36   37   37   36   36   35   34   34   33   33   34   34   36   38   42   48
   55   62   69   74   79   82   86   90   95  101  109  116  124  131  137  143
  149  154  159  164  168  170  169  168  166  166  168  172  178  184  188  189
  187  182  177  170  166  157  149  144  141                                   
    45.0-180.0 180.0   5.0 450.0                            LAT/LON1/LON2/DLON/H
  143  136  130  122  113  104   90   74   58   45   36   32   31   31   32   32
   33   33   33   33   32   32   31   31   31   31   32   33   34   37   42   49
   56   64   72   78   82   86   90   94  100  107  115  124  132  139  146  153
  158  163  166  169  171  171  169  167  165  164  167  172  179  185  190  192
  190  185  180  172  166  155  148  144  143                                   
    42.5-180.0 180.0   5.0 450.0                            LAT/LON1/LON2/DLON/H
  136  130  127  123  118  112  100   85   69   55   44   38   35   33   32   32
   31   31   31   30   30   30   30   30   30   31   31   32   34   37   43   50
   59   67   75   81   86   90   95  100  108  116  125  134  142  150  157  163
  168  172  174  175  174  172  169  165  163  163  166  172  179  185  190  193
  192  187  181  170  162  149  141  138  136                                   
    40.0-180.0 180.0   5.0 450.0                            LAT/LON1/LON2/DLON/H
  122  116  115  113  111  109  101   90   77   64   54   47   42   38   36   34
   32   31   30   30   29   29   30   30   31   31   32   33   35   39   44   52
   61   71   79   86   91   96  102  109  117  127  137  146  155  163  170  176
  181  184  185  184  182  178  172  168  165  166  169  175  181  187  192  195
  194  189  181  169  157  142  133  131  122                                   
    37.5-180.0 180.0   5.0 450.0                            LAT/LON1/LON2/DLON/H
  107   99   97   96   95   96   92   86   79   70   62   57   51   46   42   39
   36   34   32   31   30   30   31   31   32   33   34   35   37   41   47   56
   65   74   83   90   97  103  111  119  130  141  151  161  170  178  185  192
  197  201  203  202  199  193  186  181  178  178  181  185  189  193  197  199
  198  192  183  169  154  136  127  124  107                                   
    35.0-180.0 180.0   5.0 450.0                            LAT/LON1/LON2/DLON/H
   96   85   81   77   75   77   76   75   73   70   67   64   60   55   50   45
   41   38   35   33   33   32   33   34   34   35   36   37   40   44   51   60
   69   79   88   96  105  113  122  132  144  156  168  178  187  195  204  212
  219  225  230  231  229  223  215  208  203  203  204  206  207  208  208  208
  206  200  190  173  157  136  126  123   96                                   
    32.5-180.0 180.0   5.0 450.0                            LAT/LON1/LON2/DLON/H
   94   79   72   64   58   59   59   60   62   64   66   67   66   62   57   52
   48   43   40   37   36   35   36   36   37   37   38   40   43   48   56   64
   74   84   94  104  113  123  134  146  159  173  185  196  205  215  225  236
  247  257  266  271  272  267  259  250  244  241  240  239  236  232  228  225
  221  214  202  184  167  144  135  130   94                                   
    30.0-180.0 180.0   5.0 450.0                            LAT/LON1/LON2/DLON/H
  106   88   76   62   51   48   47   47   51   56   61   66   67   66   63   59
   54   49   45   41   39   39   39   39   39   39   40   42   46   52   60   70
   79   90  100  112  124  136  148  161  176  190  203  214  225  236  249  264
  279  294  309  320  325  323  314  304  296  291  288  283  275  266  257  250
  243  235  223  203  186  163  154  148  106                                   
    27.5-180.0 180.0   5.0 450.0                            LAT/LON1/LON2/DLON/H
  133  113   99   78   60   51   45   42   43   48   55   61   65   67   66   63
   59   54   49   45   43   42   42   42   41   41   42   45   50   56   65   75
   85   96  108  121  135  148  162  177  192  207  221  233  245  259  275  293
  313  334  354  372  382  383  375  364  354  347  341  334  322  308  294  282
  272  263  250  230  213  191  182  174  133                                   
    25.0-180.0 180.0   5.0 450.0                            LAT/LON1/LON2/DLON/H
  173  154  138  112   87   71   57   48   44   45   50   57   62   65   66   65
   63   58   53   49   47   46   46   45   44   44   45   48   53   60   70   80
   91  103  115  130  145  161  176  191  207  223  238  251  266  282  301  323
  347  372  398  421  436  441  435  423  412  403  396  386  371  353  335  320
  307  295  281  261  245  225  216  207  173                                   
    22.5-180.0 180.0   5.0 450.0                            LAT/LON1/LON2/DLON/H
  222  205  191  161  133  109   88   69   56   51   52   56   60   64   66   67
   65   61   57   53   51   50   49   49   48   47   48   50   55   63   73   85
   96  108  122  138  155  171  187  203  221  238  254  269  285  305  327  351
  378  406  435  462  481  487  483  472  460  451  443  433  418  398  377  358
  343  329  314  293  277  258  248  240  222                                   
    20.0-180.0 180.0   5.0 450.0                            LAT/LON1/LON2/DLON/H
  268  256  246  218  190  163  133  105   82   68   61   61   63   66   68   69
   68   64   60   57   55   54   54   52   51   50   51   53   57   65   76   88
  100  113  128  145  162  180  196  214  232  251  268  285  304  326  351  377
  405  434  464  491  510  517  513  504  493  486  480  471  457  437  415  395
  377  361  344  322  305  287  275  268  268                                   
    17.5-180.0 180.0   5.0 450.0                            LAT/LON1/LON2/DLON/H
  304  298  292  270  247  219  185  151  118   95   80   74   72   72   72   72
   71   68   65   62   60   59   58   57   55   54   54   55   59   67   78   90
  103  117  132  150  168  186  203  222  242  262  281  300  321  345  372  400
  427  455  481  505  522  529  526  518  511  507  504  498  487  469  448  427
  407  390  370  346  327  306  293  288  304                                   
    15.0-180.0 180.0   5.0 450.0                            LAT/LON1/LON2/DLON/H
  324  323  322  307  291  267  234  197  159  128  106   93   87   83   81   79
   77   74   71   68   65   64   62   61   59   58   57   58   61   68   79   92
  106  120  136  153  172  190  209  229  250  272  292  313  335  361  389  418
  444  468  490  508  521  526  524  519  516  516  517  515  507  492  473  452
  432  413  391  366  342  317  302  298  324                                   
    12.5-180.0 180.0   5.0 450.0                            LAT/LON1/LON2/DLON/H
  328  329  331  322  313  296  267  234  195  161  135  118  106   99   93   89
   85   82   78   75   72   70   67   65   63   61   61   61   63   69   79   93
  107  123  139  157  175  193  212  234  257  280  301  322  346  373  403  431
  455  475  491  504  512  516  515  514  515  519  523  525  520  508  491  471
  451  432  408  381  353  322  304  300  328                                   
    10.0-180.0 180.0   5.0 450.0                            LAT/LON1/LON2/DLON/H
  320  321  323  316  313  300  279  253  220  188  161  143  129  118  108  101
   95   91   87   83   79   76   73   70   67   66   64   63   65   70   80   94
  109  126  142  160  177  196  215  237  261  285  307  329  353  380  410  438
  461  478  490  497  502  505  507  509  514  521  527  530  527  517  502  484
  465  446  422  394  362  324  305  300  320                                   
     7.5-180.0 180.0   5.0 450.0                            LAT/LON1/LON2/DLON/H
  309  306  304  295  292  284  270  253  229  204  181  164  150  137  125  115
  107  101   96   91   87   83   79   75   72   70   68   67   67   71   81   96
