data/edconvlstm_nd/pred3240.15i
     1.0            IONOSPHERE MAPS     GNSS                IONEX VERSION / TYPE
pyspatialgeodesy        IME             05-JAN-18 20:20     PGM / RUN BY / DATE 
Map Name                                                    COMMENT             
Predicted global ionosphere maps (GIM).                     DESCRIPTION         
  2015    11    20     0     0     0                        EPOCH OF FIRST MAP  
  2015    11    21     0     0     0                        EPOCH OF LAST MAP   
  7200                                                      INTERVAL            
    13                                                      # OF MAPS IN FILE   
  NONE                                                      MAPPING FUNCTION    
10.0                                                        ELEVATION CUTOFF    
One-way carrier phase leveled to code                       OBSERVABLES USED    
  6371.0                                                    BASE RADIUS         
 2                                                          MAP DIMENSION       
   450.0 450.0   0.0                                        HGT1 / HGT2 / DHGT  
    87.5 -87.5  -2.5                                        LAT1 / LAT2 / DLAT  
  -180.0 180.0   5.0                                        LON1 / LON2 / DLON  
    -1                                                      EXPONENT            
                                                            END OF HEADER       
[from data line 3861]
    10                                                      START OF TEC MAP    
  2015    11    20    18     0     0                        EPOCH OF CURRENT MAP
    87.5-180.0 180.0   5.0 450.0                            LAT/LON1/LON2/DLON/H
   69   75   74   77   82   81   81   78   78   81   81   82   83   84   85   86
   87   88   88   89   89   89   89   88   88   87   86   85   85   84   82   81
   80   79   78   76   75   74   73   72   71   70   70   69   69   69   68   68
   68   69   69   69   69   70   70   70   71   71   71   71   72   72   72   72
   73   73   70   65   69   66   82   88   69                                   
    85.0-180.0 180.0   5.0 450.0                            LAT/LON1/LON2/DLON/H
   75   76   88   71   74   79   78   80   80   83   83   85   86   88   89   91
   92   93   94   95   96   96   96   95   95   94   93   92   91   90   88   87
   85   83   81   79   77   76   74   73   72   70   70   69   68   68   68   68
   68   68   68   68   69   69   70   70   71   72   72   73   73   73   74   74
   75   75   70   65   68   69   74   70   75                                   
    82.5-180.0 180.0   5.0 450.0                            LAT/LON1/LON2/DLON/H
   57   65   71   62   67   71   74   75   76   78   80   83   84   87   89   91
   93   95   97   98   99   99   99   99   98   98   96   95   94   92   90   88
   85   83   80   78   75   72   69   67   65   63   61   60   59   59   58   58
   59   59   60   60   61   62   63   64   65   66   67   68   68   69   69   69
   70   69   66   62   66   75   69   67   57                                   
    80.0-180.0 180.0   5.0 450.0                            LAT/LON1/LON2/DLON/H
   43   50   60   54   57   57   62   65   67   71   73   77   80   83   86   89
   92   95   97   99   99  100   99   99   97   96   94   93   91   89   86   84
   81   79   76   72   69   65   62   59   56   54   52   51   50   50   50   51
   51   53   54   55   57   58   60   61   62   63   64   65   65   65   66   65
   66   65   63   61   58   63   58   65   43                                   
    77.5-180.0 180.0   5.0 450.0                            LAT/LON1/LON2/DLON/H
   51   52   54   49   52   54   59   62   65   68   71   76   81   86   91   95
   99  103  105  107  108  108  107  105  103  100   98   95   93   90   88   85
   83   80   76   73   68   64   60   56   52   49   47   45   44   44   45   46
   48   50   53   55   57   59   61   63   64   65   66   67   67   67   66   66
   65   64   64   62   58   57   54   65   51                                   
    75.0-180.0 180.0   5.0 450.0                            LAT/LON1/LON2/DLON/H
   46   47   47   45   48   50   53   57   61   67   71   78   84   91   97  104
  109  113  116  118  118  116  114  110  107  103   99   95   92   89   86   84
   82   79   76   72   68   63   58   54   50   47   45   44   43   44   45   47
   50   53   55   58   60   62   63   65   66   67   68   68   68   68   68   67
   66   66   65   62   58   54   49   50   46                                   
    72.5-180.0 180.0   5.0 450.0                            LAT/LON1/LON2/DLON/H
   49   48   47   49   48   51   56   59   64   70   76   84   93  102  110  118
  124  129  133  134  133  130  125  120  113  107  101   95   91   87   84   82
   80   77   74   70   66   61   56   52   47   44   42   41   41   42   44   47
   50   53   56   58   60   61   62   63   64   65   65   66   66   66   65   65
   63   63   62   58   55   52   49   52   49                                   
    70.0-180.0 180.0   5.0 450.0                            LAT/LON1/LON2/DLON/H
   48   48   48   50   51   54   57   63   70   78   87   97  107  118  128  138
  145  151  154  155  153  149  143  134  126  116  108  100   94   90   86   84
   81   78   75   71   67   62   57   52   48   45   43   43   43   45   48   51
   53   56   58   59   60   60   60   60   60   61   62   62   63   64   64   64
   63   62   62   60   57   53   53   55   48                                   
    67.5-180.0 180.0   5.0 450.0                            LAT/LON1/LON2/DLON/H
   49   49   49   54   55   60   66   73   80   90  100  112  125  137  149  159
  167  173  176  177  174  169  160  150  138  127  116  106   98   92   87   84
   81   78   74   70   65   59   54   49   45   43   42   42   43   46   48   51
   53   55   56   56   55   54   53   53   52   53   54   55   57   58   59   59
   59   59   58   56   53   51   49   51   49                                   
    65.0-180.0 180.0   5.0 450.0                            LAT/LON1/LON2/DLON/H
   44   46   47   53   56   63   70   79   89  101  114  128  142  156  168  178
  187  193  196  197  194  187  178  166  153  139  126  114  105   97   91   86
   82   77   72   67   61   55   49   45   41   39   39   40   42   44   46   48
   50   50   49   48   46   43   41   40   40   40   42   44   46   49   51   52
   53   54   55   53   52   51   49   52   44                                   
    62.5-180.0 180.0   5.0 450.0                            LAT/LON1/LON2/DLON/H
   41   43   44   52   57   65   74   86   98  112  126  142  158  172  185  195
  203  209  212  212  209  202  192  180  165  150  136  123  112  103   96   89
   83   76   70   62   55   49   43   39   36   35   35   36   38   40   42   43
   43   42   40   37   34   31   29   28   27   29   31   33   36   39   41   43
   45   46   48   47   47   46   44   48   41                                   
    60.0-180.0 180.0   5.0 450.0                            LAT/LON1/LON2/DLON/H
   38   40   42   52   57   66   77   90  105  120  137  155  171  185  198  208
  215  221  223  223  219  212  202  190  176  161  147  134  122  113  104   95
   87   78   69   60   51   44   38   34   32   32   33   34   36   37   37   37
   36   33   30   27   24   21   19   18   18   20   22   25   28   31   34   36
   38   40   43   43   43   42   41   46   38                                   
    57.5-180.0 180.0   5.0 450.0                            LAT/LON1/LON2/DLON/H
   39   40   43   54   61   71   83   97  113  130  148  166  182  196  208  217
  224  229  230  229  225  218  208  197  184  170  157  146  135  125  115  105
   95   84   72   62   52   45   39   35   34   34   35   36   37   37   36   35
   32   29   25   22   19   17   15   15   16   18   20   23   26   29   32   34
   36   39   42   42   42   41   40   46   39                                   
    55.0-180.0 180.0   5.0 450.0                            LAT/LON1/LON2/DLON/H
   45   47   51   62   70   80   93  107  123  140  158  175  191  205  216  225
  230  234  235  232  228  220  211  200  189  178  168  158  148  139  129  117
  105   92   80   68   58   50   45   41   40   40   41   42   42   41   39   36
   32   29   26   23   20   19   18   18   20   22   25   28   31   33   35   38
   40   43   46   47   47   45   43   49   45                                   
    52.5-180.0 180.0   5.0 450.0                            LAT/LON1/LON2/DLON/H
   56   58   63   75   85   96  108  122  136  151  168  184  199  212  222  230
  235  237  237  234  228  220  212  203  194  186  178  170  162  153  142  130
  117  103   89   77   67   60   55   51   50   50   51   51   50   48   45   41
   37   34   32   30   29   28   28   30   32   34   37   39   41   43   45   47
   49   52   56   57   56   54   52   56   56                                   
    50.0-180.0 180.0   5.0 450.0                            LAT/LON1/LON2/DLON/H
   71   73   80   93  105  117  128  141  153  166  180  194  207  219  228  235
  240  242  240  235  229  221  213  206  200  194  189  183  176  167  155  142
  127  113   99   88   79   72   67   64   62   62   62   62   61   58   54   50
   47   45   43   43   43   43   45   46   49   51   54   55   56   56   57   59
   61   64   69   71   70   68   64   66   71                                   
    47.5-180.0 180.0   5.0 450.0                            LAT/LON1/LON2/DLON/H
   86   89   98  112  126  140  150  162  172  184  195  206  217  226  234  241
  246  247  245  239  232  224  217  212  208  205  201  196  188  177  165  150
  135  120  107   97   89   83   78   75   73   73   73   72   71   68   65   61
   58   57   57   58   59   61   63   65   68   69   71   71   71   70   70   71
   73   77   82   84   84   82   79   78   86                                   
    45.0-180.0 180.0   5.0 450.0                            LAT/LON1/LON2/DLON/H
   99  102  112  128  144  160  170  182  191  201  210  219  228  235  243  249
  253  254  252  246  238  231  225  222  220  217  213  207  197  184  169  153
  137  123  111  102   96   91   87   84   82   81   80   80   79   76   74   71
   69   69   70   72   74   77   79   81   83   84   84   84   83   82   81   82
   83   87   91   95   95   93   91   89   99                                   
    42.5-180.0 180.0   5.0 450.0                            LAT/LON1/LON2/DLON/H
  104  107  119  137  156  173  185  197  207  218  225  233  240  246  252  258
  263  264  261  255  248  241  237  234  232  230  224  215  201  185  168  151
  136  122  112  105  101   97   93   90   87   85   84   84   83   82   80   78
   77   77   79   81   84   86   89   91   92   93   92   91   90   89   88   89
   89   92   96   99  100   99   97   97  104                                   
    40.0-180.0 180.0   5.0 450.0                            LAT/LON1/LON2/DLON/H
  101  105  117  139  159  179  193  207  218  230  239  246  252  257  263  269
  273  275  273  267  261  255  250  248  245  241  233  220  203  184  166  149
  135  123  115  109  106  102   99   95   91   88   87   86   86   85   84   83
   81   81   82   83   86   89   92   93   94   94   94   92   91   91   90   91
   91   93   96   97   98   97   95   98  101                                   
    37.5-180.0 180.0   5.0 450.0                            LAT/LON1/LON2/DLON/H
   92   95  109  132  155  176  194  211  225  240  250  258  264  269  275  280
  285  286  285  281  275  269  264  261  257  250  239  223  204  185  168  153
  142  133  125  120  116  112  108  102   98   94   91   90   89   88   87   85
   83   81   80   81   84   87   89   91   92   92   90   90   89   89   89   89
   88   89   91   91   90   87   85   92   92                                   
    35.0-180.0 180.0   5.0 450.0                            LAT/LON1/LON2/DLON/H
   80   82   96  121  145  167  189  210  228  246  259  269  275  281  287  292
  295  297  296  293  288  283  277  272  266  257  245  229  211  194  181  171
  163  157  150  144  138  131  124  116  110  104  101   98   96   94   92   88
   84   80   77   77   79   83   86   88   89   88   87   86   86   86   87   86
   85   84   84   83   79   75   72   82   80                                   
    32.5-180.0 180.0   5.0 450.0                            LAT/LON1/LON2/DLON/H
   71   73   85  111  135  156  181  206  228  249  265  278  286  292  297  302
  305  306  306  304  300  294  287  280  273  264  253  240  227  216  209  206
  203  200  193  184  173  161  150  139  130  123  118  113  109  105  101   95
   88   81   77   75   77   81   86   89   89   89   87   86   86   86   87   87
   84   82   81   78   72   66   61   73   71                                   
    30.0-180.0 180.0   5.0 450.0                            LAT/LON1/LON2/DLON/H
   68   71   82  105  129  148  175  201  227  251  270  285  295  302  307  310
  312  313  313  312  308  302  295  287  280  274  268  262  256  254  256  261
  264  263  255  240  222  203  186  171  160  151  143  136  129  123  116  108
   98   88   81   79   81   86   91   95   96   95   93   92   92   92   92   92
   89   86   83   79   71   64   59   69   68                                   
    27.5-180.0 180.0   5.0 450.0                            LAT/LON1/LON2/DLON/H
   75   79   90  110  132  149  175  200  227  252  273  290  302  310  315  317
  318  318  317  317  314  308  300  294  290  290  292  295  300  309  321  334
  343  343  331  309  280  252  228  209  195  184  174  165  156  147  138  127
  115  102   93   90   92   97  103  107  108  107  105  104  103  103  103  102
   98   96   92   87   79   70   65   72   75                                   
    25.0-180.0 180.0   5.0 450.0                            LAT/LON1/LON2/DLON/H
   90   95  106  124  145  161  185  207  233  257  277  294  307  316  321  323
  323  321  320  320  317  312  306  303  306  313  325  340  357  377  399  420
  433  432  413  379  339  301  270  247  232  220  208  197  185  175  164  152
  138  124  113  109  110  116  122  126  126  125  122  120  119  118  117  116
  112  109  105  100   93   84   78   80   90                                   
    22.5-180.0 180.0   5.0 450.0                            LAT/LON1/LON2/DLON/H
  111  117  128  146  167  183  204  224  246  267  285  300  313  322  327  329
  327  325  323  322  319  316  314  318  328  346  370  396  424  453  482  507
  518  511  483  439  388  341  304  279  263  251  239  226  213  201  191  179
  166  151  140  135  135  140  145  148  148  145  142  138  135  133  131  130
  125  124  118  115  110  101   95   94  111                                   
    20.0-180.0 180.0   5.0 450.0                            LAT/LON1/LON2/DLON/H
  134  140  152  171  194  210  231  248  267  285  299  312  322  330  335  336
  333  329  327  325  323  323  327  338  359  388  422  458  494  527  556  576
  581  565  528  476  418  365  325  299  284  273  260  247  233  222  214  205
  194  182  170  164  163  166  168  169  168  164  159  154  150  146  143  140
  136  135  129  128  124  116  112  111  134                                   
    17.5-180.0 180.0   5.0 450.0                            LAT/LON1/LON2/DLON/H
  153  159  172  194  221  239  261  277  294  309  320  329  337  343  347  347
  343  338  333  331  330  334  344  365  397  437  479  520  556  585  606  616
  610  586  544  488  427  373  332  307  293  283  271  257  244  235  231  227
  221  211  201  194  190  188  188  186  183  178  172  166  160  154  150  146
  141  141  135  135  132  127  124  128  153                                   
    15.0-180.0 180.0   5.0 450.0                            LAT/LON1/LON2/DLON/H
  166  173  187  212  243  264  289  306  324  337  347  354  360  364  366  365
  359  352  346  342  342  349  368  399  441  488  534  573  601  619  626  623
  608  579  536  481  422  370  331  307  295  285  272  258  246  240  240  243
  244  239  230  220  212  206  200  196  191  185  179  172  165  158  153  147
  141  140  134  134  133  131  130  140  166                                   
    12.5-180.0 180.0   5.0 450.0                            LAT/LON1/LON2/DLON/H
  169  178  196  223  259  284  313  333  353  368  378  385  389  392  393  390
  383  374  366  360  361  372  397  437  487  538  581  610  624  627  620  607
  586  555  515  465  412  364  329  307  295  284  270  254  243  240  246  255
  263  262  255  242  229  218  208  200  193  187  180  173  165  158  151  145
  137  135  129  127  126  127  128  143  169                                   
    10.0-180.0 180.0   5.0 450.0                            LAT/LON1/LON2/DLON/H
  164  176  198  228  267  297  331  356  379  398  410  418  423  426  426  422
  415  404  394  386  387  400  431  477  530  579  613  628  627  616  600  579
  556  528  493  451  406  364  333  313  300  287  270  253  241  241  251  267
  280  283  276  262  244  227  213  202  194  187  179  171  163  155  148  140
  131  127  120  116  115  118  121  139  164                                   
     7.5-180.0 180.0   5.0 450.0                            LAT/LON1/LON2/DLON/H
  155  171  197  228  270  303  342  371  400  423  440  451  458  462  463  459
  452  441  429  420  419  434  467  515  566  607  628  629  616  596  575  554
