data/edconvlstm_nd/pred0590.15i
     1.0            IONOSPHERE MAPS     GNSS                IONEX VERSION / TYPE
pyspatialgeodesy        IME             05-JAN-18 20:20     PGM / RUN BY / DATE 
Map Name                                                    COMMENT             
Predicted global ionosphere maps (GIM).                     DESCRIPTION         
  2015     2    28     0     0     0                        EPOCH OF FIRST MAP  
  2015     3     1     0     0     0                        EPOCH OF LAST MAP   
  7200                                                      INTERVAL            
    13                                                      # OF MAPS IN FILE   
  NONE                                                      MAPPING FUNCTION    
10.0                                                        ELEVATION CUTOFF    
One-way carrier phase leveled to code                       OBSERVABLES USED    
  6371.0                                                    BASE RADIUS         
 2                                                          MAP DIMENSION       
   450.0 450.0   0.0                                        HGT1 / HGT2 / DHGT  
    87.5 -87.5  -2.5                                        LAT1 / LAT2 / DLAT  
  -180.0 180.0   5.0                                        LON1 / LON2 / DLON  
    -1                                                      EXPONENT            
                                                            END OF HEADER       
[from data line 858]
     3                                                      START OF TEC MAP    
  2015     2    28     4     0     0                        EPOCH OF CURRENT MAP
    87.5-180.0 180.0   5.0 450.0                            LAT/LON1/LON2/DLON/H
   93   94   89   89   88   86   83   80   82   83   84   86   87   89   90   91
   92   93   94   95   96   96   96   96   96   96   95   95   95   94   93   93
   92   92   91   91   90   90   90   90   90   90   90   91   92   92   93   94
   95   96   97   98   99  100  100  100  100  100  100   99   98   97   95   95
   95   95   92   91   92   98  103  100   93                                   
    85.0-180.0 180.0   5.0 450.0                            LAT/LON1/LON2/DLON/H
   87   98   81   84   85   83   81   79   80   81   81   83   85   86   88   89
   91   92   93   94   94   94   94   94   93   93   92   91   90   90   89   88
   88   87   87   87   87   87   88   88   89   90   92   93   95   97   99  101
  103  105  107  109  111  112  114  115  115  115  115  115  114  113  111  110
  110  109  104  105  100  100  104  100   87                                   
    82.5-180.0 180.0   5.0 450.0                            LAT/LON1/LON2/DLON/H
   95   90   89   79   77   75   72   70   72   73   74   77   79   82   84   86
   88   89   91   91   91   91   90   89   88   86   85   83   82   81   80   79
   78   78   78   78   79   80   81   82   84   86   88   91   94   97  101  105
  108  112  116  119  123  126  128  131  132  134  134  134  133  132  130  128
  126  124  119  116  117  105  100   97   95                                   
    80.0-180.0 180.0   5.0 450.0                            LAT/LON1/LON2/DLON/H
  109   99   87   75   73   68   67   65   66   67   68   72   75   78   82   84
   87   88   89   90   89   88   87   85   82   80   78   76   74   73   72   71
   71   71   71   71   72   73   74   76   78   81   84   87   92   97  102  107
  113  119  125  131  136  141  146  151  154  157  159  160  160  158  157  155
  151  145  140  136  138  125  121  111  109                                   
    77.5-180.0 180.0   5.0 450.0                            LAT/LON1/LON2/DLON/H
  128  115  101   89   80   76   74   72   73   73   74   78   81   85   88   91
   94   95   96   96   95   93   90   87   84   81   78   75   73   72   71   71
   71   71   71   72   73   74   75   76   78   81   84   88   93   99  106  113
  121  129  137  145  153  161  169  175  181  186  190  192  193  193  192  190
  186  181  174  170  167  150  142  132  128                                   
    75.0-180.0 180.0   5.0 450.0                            LAT/LON1/LON2/DLON/H
  145  135  119  106   95   89   86   81   80   79   79   82   84   87   89   91
   93   94   94   93   92   90   87   83   80   76   73   71   69   68   67   68
   68   68   69   69   69   69   69   70   71   73   77   81   86   93  101  109
  119  129  139  149  160  170  180  189  197  204  209  213  215  216  216  216
  212  208  203  195  192  178  170  157  145                                   
    72.5-180.0 180.0   5.0 450.0                            LAT/LON1/LON2/DLON/H
  162  153  138  124  113  105  101   95   93   90   88   89   89   89   89   89
   89   89   89   88   87   85   82   79   76   73   70   68   67   66   67   67
   68   69   69   69   68   68   67   67   67   69   72   77   83   90  100  110
  121  132  144  157  169  181  192  202  211  218  224  228  231  232  232  233
  230  228  225  219  215  199  190  180  162                                   
    70.0-180.0 180.0   5.0 450.0                            LAT/LON1/LON2/DLON/H
  182  171  157  142  129  120  113  107  103   99   95   92   89   86   83   80
   79   78   77   77   76   75   74   72   69   67   65   63   63   63   64   65
   66   66   66   65   64   62   60   58   58   59   62   67   74   83   93  105
  118  131  144  158  171  184  196  207  216  223  228  232  233  234  234  235
  234  232  232  228  226  213  208  199  182                                   
    67.5-180.0 180.0   5.0 450.0                            LAT/LON1/LON2/DLON/H
  190  180  166  151  139  129  121  115  110  104   98   94   87   80   74   70
   67   65   65   65   66   66   65   64   62   60   58   57   57   57   58   59
   60   60   59   57   54   51   48   46   46   47   51   56   64   75   87  100
  114  128  143  157  172  185  197  208  216  222  226  228  228  227  226  226
  225  224  225  223  224  214  211  206  190                                   
    65.0-180.0 180.0   5.0 450.0                            LAT/LON1/LON2/DLON/H
  196  185  172  157  146  135  127  121  116  110  103   96   87   78   70   63
   59   57   57   58   59   61   61   60   59   57   55   54   54   54   54   55
   55   55   53   50   46   43   40   38   38   40   44   51   61   72   86  101
  116  132  147  162  176  189  201  211  218  224  226  226  224  221  218  217
  216  215  217  216  218  211  210  207  196                                   
    62.5-180.0 180.0   5.0 450.0                            LAT/LON1/LON2/DLON/H
  198  188  175  159  148  137  129  123  118  112  105   98   88   77   68   61
   56   54   55   56   58   60   61   60   58   56   53   52   50   50   50   51
   50   49   47   44   40   36   34   33   34   37   43   51   62   75   90  106
  123  139  154  169  183  195  206  216  223  227  229  228  225  221  217  214
  212  210  211  210  213  207  207  204  198                                   
    60.0-180.0 180.0   5.0 450.0                            LAT/LON1/LON2/DLON/H
  199  188  176  158  147  134  124  118  114  108  101   95   86   76   67   61
   57   56   57   59   61   62   62   60   58   54   51   48   46   46   46   46
   45   44   41   38   35   33   31   32   34   38   45   55   67   81   97  114
  132  148  164  178  191  203  213  222  229  234  236  236  233  229  224  221
  217  213  214  211  214  207  206  202  199                                   
    57.5-180.0 180.0   5.0 450.0                            LAT/LON1/LON2/DLON/H
  205  193  180  160  147  132  120  112  107  100   94   89   82   74   68   64
   62   62   63   64   65   65   64   61   57   53   48   45   43   42   42   42
   42   41   39   37   35   34   34   36   39   45   53   63   76   91  108  126
  144  161  177  191  203  213  223  232  240  246  249  251  249  246  243  239
  235  230  228  224  224  215  212  205  205                                   
    55.0-180.0 180.0   5.0 450.0                            LAT/LON1/LON2/DLON/H
  216  203  189  167  152  135  120  108   99   91   85   80   75   71   68   67
   67   68   69   69   69   67   65   61   56   52   47   44   41   41   41   41
   41   41   40   39   39   39   41   44   49   55   63   74   87  102  120  139
  158  175  191  205  216  226  235  244  253  260  267  270  272  271  268  266
  260  255  252  244  242  229  223  216  216                                   
    52.5-180.0 180.0   5.0 450.0                            LAT/LON1/LON2/DLON/H
  232  219  204  182  166  146  128  111   97   85   77   72   68   66   66   68
   70   72   73   72   71   68   65   61   57   52   48   45   43   43   43   44
   45   46   46   46   47   49   52   56   61   68   76   86   99  114  133  152
  172  191  207  220  230  239  248  257  267  276  285  292  296  297  296  294
  289  283  279  268  263  246  239  231  232                                   
    50.0-180.0 180.0   5.0 450.0                            LAT/LON1/LON2/DLON/H
  250  237  223  203  186  166  145  123  104   87   75   67   63   62   64   68
   71   73   73   72   70   67   64   62   59   56   53   50   49   49   50   51
   53   55   56   58   60   63   66   70   75   81   88   98  111  127  146  167
  187  207  223  236  246  254  262  270  281  292  302  311  317  320  320  319
  315  309  303  290  283  263  255  249  250                                   
    47.5-180.0 180.0   5.0 450.0                            LAT/LON1/LON2/DLON/H
  264  253  239  225  209  190  168  144  120   98   81   70   64   62   64   67
   70   71   71   69   67   66   65   65   64   63   61   59   57   57   58   60
   63   65   68   70   74   77   80   84   88   93   99  109  122  139  160  182
  204  224  240  253  262  269  275  283  292  303  314  323  330  333  334  333
  329  324  317  303  295  274  268  263  264                                   
    45.0-180.0 180.0   5.0 450.0                            LAT/LON1/LON2/DLON/H
  271  261  250  241  229  213  193  169  143  117   95   80   71   67   67   68
   69   70   68   67   66   66   68   70   72   72   71   69   67   66   67   69
   72   75   78   82   86   89   93   95   98  103  109  119  134  153  174  198
  221  241  257  269  278  283  288  293  301  310  319  327  333  336  336  335
  331  326  319  306  297  277  272  268  271                                   
    42.5-180.0 180.0   5.0 450.0                            LAT/LON1/LON2/DLON/H
  270  259  250  246  239  228  212  190  165  138  114   97   85   78   75   73
   72   71   70   69   70   72   75   79   81   82   81   78   75   73   73   74
   78   81   86   90   95   98  101  104  106  111  118  130  146  167  190  215
  237  257  273  284  292  296  299  302  307  313  320  326  330  332  332  331
  327  321  314  301  293  273  270  265  270                                   
    40.0-180.0 180.0   5.0 450.0                            LAT/LON1/LON2/DLON/H
  263  248  240  236  235  228  217  201  180  155  133  115  102   93   87   83
   80   78   77   78   81   84   87   89   91   91   88   84   79   76   75   77
   80   84   89   95  100  104  107  109  112  118  126  140  159  181  206  231
  253  272  286  297  304  308  310  311  314  318  322  326  329  331  332  331
  327  321  314  302  294  274  272  261  263                                   
    37.5-180.0 180.0   5.0 450.0                            LAT/LON1/LON2/DLON/H
  256  235  225  217  219  213  206  196  181  162  144  130  119  110  103   97
   93   91   92   95   99  101  102  101   99   96   92   86   81   77   76   77
   81   86   91   96  102  106  110  113  117  123  134  150  171  195  220  244
  265  282  296  307  315  320  323  324  326  329  332  336  340  343  346  347
  345  339  333  320  313  294  288  269  256                                   
    35.0-180.0 180.0   5.0 450.0                            LAT/LON1/LON2/DLON/H
  261  234  217  201  200  192  185  179  169  157  145  137  129  123  116  111
  108  109  112  117  121  121  116  110  104   98   93   87   82   79   78   80
   84   88   93   97  102  107  111  114  119  127  140  158  181  206  230  253
  272  288  302  314  324  332  339  343  347  350  354  360  367  374  381  386
  385  381  376  362  356  338  327  298  261                                   
    32.5-180.0 180.0   5.0 450.0                            LAT/LON1/LON2/DLON/H
  290  256  231  203  193  177  164  156  149  142  136  134  131  129  125  122
  121  125  132  139  142  137  127  115  105   98   94   91   88   87   87   88
   91   93   96   99  102  106  110  114  120  129  143  163  186  211  236  257
  275  291  306  321  335  348  359  368  375  381  389  398  411  424  437  447
  450  448  443  427  423  405  384  349  290                                   
    30.0-180.0 180.0   5.0 450.0                            LAT/LON1/LON2/DLON/H
  352  313  275  236  211  182  158  142  131  125  123  125  127  127  127  126
  129  136  146  153  154  146  131  116  104   99   99  100  101  102  103  103
  104  104  103  103  104  106  109  113  119  128  143  163  187  213  237  258
  276  294  312  331  350  368  385  399  410  421  434  450  470  492  513  529
  537  537  532  512  508  488  454  419  352                                   
    27.5-180.0 180.0   5.0 450.0                            LAT/LON1/LON2/DLON/H
  446  406  355  304  265  221  181  150  130  118  115  116  119  121  123  125
  130  138  148  155  154  143  128  113  106  106  111  119  125  128  129  128
  125  121  116  111  108  107  109  111  116  125  140  160  185  211  236  259
  280  300  322  346  370  394  416  435  451  467  486  508  536  567  597  620
  634  639  633  610  605  583  536  504  446                                   
    25.0-180.0 180.0   5.0 450.0                            LAT/LON1/LON2/DLON/H
  564  531  468  408  354  298  240  191  156  134  122  118  117  117  118  120
  124  132  140  144  142  132  121  113  112  120  133  147  158  164  165  161
  154  144  133  122  115  111  109  110  113  121  135  156  181  209  237  262
  286  311  338  366  396  425  452  476  497  519  542  570  604  642  677  706
  724  734  730  708  698  678  628  599  564                                   
    22.5-180.0 180.0   5.0 450.0                            LAT/LON1/LON2/DLON/H
  683  667  598  536  470  406  334  269  217  181  156  140  129  123  120  118
  119  122  126  127  125  120  116  118  128  144  165  185  201  208  208  199
  186  168  150  134  122  114  109  108  109  115  129  150  177  208  238  267
  296  326  358  391  425  459  490  519  545  569  596  626  662  702  740  770
  791  805  805  789  773  758  719  694  683                                   
    20.0-180.0 180.0   5.0 450.0                            LAT/LON1/LON2/DLON/H
  777  785  722  669  594  528  449  374  310  259  218  187  163  147  136  129
  123  119  116  114  113  115  122  135  154  179  205  230  246  252  246  231
  210  186  163  142  126  116  109  105  104  109  122  144  174  207  241  274
  308  343  380  418  456  493  526  557  584  609  635  664  699  737  773  801
  824  839  845  838  819  808  791  774  777                                   
    17.5-180.0 180.0   5.0 450.0                            LAT/LON1/LON2/DLON/H
  832  861  815  776  702  642  567  493  423  360  305  258  219  191  171  156
  143  130  121  116  117  126  142  165  192  223  251  273  285  283  269  247
  221  193  168  145  128  117  108  102   99  102  115  138  170  207  245  282
  320  360  401  443  482  519  552  581  608  631  655  681  711  745  776  801
  822  837  848  847  833  824  828  823  832                                   
    15.0-180.0 180.0   5.0 450.0                            LAT/LON1/LON2/DLON/H
  849  889  863  839  775  729  666  602  535  468  403  343  292  253  225  203
  182  163  147  139  143  157  180  210  242  272  295  307  306  294  272  245
  217  190  166  145  129  118  109  101   96   98  110  134  168  207  248  289
  331  374  417  459  497  531  562  589  614  636  657  680  706  734  759  778
  794  807  818  824  816  810  827  834  849                                   
    12.5-180.0 180.0   5.0 450.0                            LAT/LON1/LON2/DLON/H
  837  873  862  850  804  776  731  681  624  561  493  426  368  324  291  265
  239  215  195  186  190  208  235  268  299  320  329  324  308  286  259  231
  205  182  161  145  132  122  112  103   97   96  107  131  166  208  250  293
  336  380  423  464  499  531  559  585  608  629  647  666  687  710  729  742
  754  762  773  781  779  776  797  812  837                                   
    10.0-180.0 180.0   5.0 450.0                            LAT/LON1/LON2/DLON/H
  805  826  820  814  788  777  750  716  672  617  554  490  433  389  358  332
  305  280  260  251  256  275  304  332  352  356  345  324  296  267  238  212
  190  172  157  146  137  128  119  109  100   98  107  131  166  207  251  293
  336  378  420  459  493  522  550  576  599  617  633  648  666  684  699  710
  717  722  732  739  740  739  757  774  805                                   
     7.5-180.0 180.0   5.0 450.0                            LAT/LON1/LON2/DLON/H
  765  767  760  751  740  741  726  705  674  630  577  521  473  437  413  393
  371  349  332  325  332  350  371  387  388  373  345  311  277  246  219  195
