data/edconvlstm_nd/pred3650.15i
     1.0            IONOSPHERE MAPS     GNSS                IONEX VERSION / TYPE
pyspatialgeodesy        IME             05-JAN-18 20:20     PGM / RUN BY / DATE 
Map Name                                                    COMMENT             
Predicted global ionosphere maps (GIM).                     DESCRIPTION         
  2015    12    31     0     0     0                        EPOCH OF FIRST MAP  
  2015    12    31    22     0     0                        EPOCH OF LAST MAP   
  7200                                                      INTERVAL            
    12                                                      # OF MAPS IN FILE   
  NONE                                                      MAPPING FUNCTION    
10.0                                                        ELEVATION CUTOFF    
One-way carrier phase leveled to code                       OBSERVABLES USED    
  6371.0                                                    BASE RADIUS         
 2                                                          MAP DIMENSION       
   450.0 450.0   0.0                                        HGT1 / HGT2 / DHGT  
    87.5 -87.5  -2.5                                        LAT1 / LAT2 / DLAT  
  -180.0 180.0   5.0                                        LON1 / LON2 / DLON  
    -1                                                      EXPONENT            
                                                            END OF HEADER       
[from data line 4290]
    11                                                      START OF TEC MAP    
  2015    12    31    20     0     0                        EPOCH OF CURRENT MAP
    87.5-180.0 180.0   5.0 450.0                            LAT/LON1/LON2/DLON/H
   81   78   74   75   79   74   73   69   70   71   70   71   71   71   70   70
   69   68   67   66   64   63   62   60   59   58   57   55   55   54   53   53
   52   52   52   52   52   53   53   54   55   55   56   57   58   59   60   62
   63   64   64   65   66   66   67   67   68   68   68   68   68   67   67   67
   67   66   62   59   63   66   82   89   81                                   
    85.0-180.0 180.0   5.0 450.0                            LAT/LON1/LON2/DLON/H
   86   82   91   72   72   74   72   73   73   75   74   75   75   75   75   74
   73   72   71   70   69   67   66   64   62   61   60   59   58   57   56   55
   55   54   54   54   54   54   55   55   56   57   58   59   60   62   63   64
   65   67   68   69   70   70   71   71   72   72   72   72   72   72   72   71
   71   70   66   62   66   70   74   69   86                                   
    82.5-180.0 180.0   5.0 450.0                            LAT/LON1/LON2/DLON/H
   69   66   69   60   64   66   67   67   68   69   71   72   72   73   72   72
   71   69   67   65   63   60   58   55   53   51   49   48   46   45   45   44
   43   43   42   42   42   42   43   43   44   45   47   48   50   51   53   55
   57   59   60   62   63   64   65   65   66   66   66   66   66   65   65   64
   64   61   57   55   61   72   67   65   69                                   
    80.0-180.0 180.0   5.0 450.0                            LAT/LON1/LON2/DLON/H
   45   47   55   49   55   54   59   60   64   66   69   71   73   73   73   72
   71   68   65   61   57   53   49   46   43   40   38   37   36   35   34   34
   33   33   33   32   32   33   33   34   35   36   38   40   42   44   47   49
   52   54   56   58   59   60   61   61   61   61   61   60   59   58   57   56
   55   55   52   51   51   58   51   58   45                                   
    77.5-180.0 180.0   5.0 450.0                            LAT/LON1/LON2/DLON/H
   49   43   43   41   46   47   53   55   60   63   66   71   73   75   76   76
   74   71   67   62   56   50   45   40   35   32   29   28   26   26   25   25
   24   24   23   23   22   22   22   22   23   24   26   28   31   34   37   40
   44   47   49   52   53   54   55   55   55   55   54   53   52   51   49   48
   47   45   43   42   41   44   43   49   49                                   
    75.0-180.0 180.0   5.0 450.0                            LAT/LON1/LON2/DLON/H
   30   32   33   32   39   41   46   51   57   62   67   73   76   79   81   80
   78   75   70   64   57   50   43   37   32   28   26   24   24   24   24   24
   24   24   24   23   22   21   20   20   21   22   23   26   29   32   35   38
   42   44   47   48   49   50   50   50   49   49   48   47   46   45   44   43
   42   42   40   39   37   36   32   30   30                                   
    72.5-180.0 180.0   5.0 450.0                            LAT/LON1/LON2/DLON/H
   34   32   32   35   37   38   45   49   54   59   65   71   76   79   81   81
   79   75   70   62   54   46   38   31   25   21   19   18   18   18   19   20
   21   21   20   18   16   15   13   12   12   13   14   16   19   22   25   28
   31   33   35   36   36   36   36   35   35   34   34   33   33   32   32   32
   31   31   29   27   26   28   27   29   34                                   
    70.0-180.0 180.0   5.0 450.0                            LAT/LON1/LON2/DLON/H
   30   32   34   37   40   42   48   53   61   66   73   80   85   90   92   93
   91   87   81   73   64   55   46   37   31   26   23   22   23   24   25   26
   27   26   25   23   20   18   15   14   14   14   15   16   19   22   25   27
   30   31   32   32   32   31   30   29   29   29   29   29   30   30   31   31
   31   31   30   30   30   32   34   36   30                                   
    67.5-180.0 180.0   5.0 450.0                            LAT/LON1/LON2/DLON/H
   37   39   40   44   48   51   58   62   69   73   80   87   93   98  101  102
  100   96   90   82   72   62   52   43   35   30   26   25   25   26   27   28
   28   28   26   23   19   16   14   12   12   12   12   14   16   19   21   23
   24   25   25   24   23   22   21   21   21   21   22   23   25   26   28   29
   29   29   28   27   27   31   31   34   37                                   
    65.0-180.0 180.0   5.0 450.0                            LAT/LON1/LON2/DLON/H
   38   43   45   51   56   59   66   70   77   82   89   96  102  107  111  113
  112  109  103   95   86   75   64   54   45   38   33   30   29   30   30   31
   30   28   26   22   19   15   13   12   11   11   12   13   15   17   19   20
   20   20   20   19   17   17   16   16   16   17   19   21   24   26   28   29
   30   32   31   31   32   36   37   40   38                                   
    62.5-180.0 180.0   5.0 450.0                            LAT/LON1/LON2/DLON/H
   44   50   52   59   65   70   76   80   86   91   97  103  110  115  120  122
  123  120  115  108   98   87   75   64   54   45   39   35   32   31   31   30
   29   26   23   20   16   13   12   11   11   11   12   13   15   16   17   18
   17   17   15   14   13   13   12   13   14   16   18   21   24   26   29   30
   31   32   31   31   31   35   35   39   44                                   
    60.0-180.0 180.0   5.0 450.0                            LAT/LON1/LON2/DLON/H
   46   53   57   65   71   76   83   87   93   97  103  109  115  121  126  130
  131  130  126  119  109   98   86   74   63   53   45   39   35   33   31   29
   26   23   20   17   14   12   11   11   11   12   13   15   16   17   17   16
   15   14   13   12   11   11   12   13   14   16   19   22   25   28   30   32
   32   32   31   30   30   35   36   40   46                                   
    57.5-180.0 180.0   5.0 450.0                            LAT/LON1/LON2/DLON/H
   47   56   61   71   79   85   92   96  100  104  109  114  120  126  131  135
  138  137  134  128  119  108   97   84   73   62   53   46   40   36   33   30
   26   23   20   17   15   14   14   15   16   18   20   21   22   22   21   20
   18   16   15   14   14   14   15   17   19   22   25   28   31   33   35   35
   34   33   32   30   30   34   35   40   47                                   
    55.0-180.0 180.0   5.0 450.0                            LAT/LON1/LON2/DLON/H
   50   59   67   77   86   94  101  105  108  111  114  119  123  129  134  138
  141  141  138  133  125  115  105   93   82   71   61   53   47   42   37   33
   29   25   22   20   19   19   20   22   25   28   30   32   32   31   29   26
   24   22   20   20   20   21   22   25   27   30   33   36   39   40   41   40
   38   36   33   31   31   34   35   40   50                                   
    52.5-180.0 180.0   5.0 450.0                            LAT/LON1/LON2/DLON/H
   52   63   73   84   95  104  111  115  118  119  121  124  127  131  135  139
  141  142  139  134  127  119  110  100   90   80   71   63   55   49   44   38
   34   30   27   27   27   29   31   35   38   42   44   45   45   43   41   38
   35   32   31   30   30   31   33   36   39   41   44   46   47   48   48   46
   43   41   38   35   34   36   37   44   52                                   
    50.0-180.0 180.0   5.0 450.0                            LAT/LON1/LON2/DLON/H
   58   69   81   94  106  116  124  129  131  131  131  132  133  135  137  140
  141  141  138  134  128  122  115  107   98   89   81   73   65   58   52   45
   40   37   35   35   37   41   44   49   53   56   59   60   59   57   55   52
   49   47   45   44   44   45   47   49   51   52   54   55   56   56   55   53
   50   47   44   41   39   42   43   50   58                                   
    47.5-180.0 180.0   5.0 450.0                            LAT/LON1/LON2/DLON/H
   65   77   91  104  118  130  139  144  146  146  145  143  142  142  142  142
  142  140  138  134  129  125  119  114  107   99   91   83   75   66   59   52
   47   43   43   45   48   52   57   61   65   69   71   72   72   71   69   67
   64   62   60   59   58   59   60   61   62   62   62   62   62   62   61   59
   56   53   51   48   47   49   51   58   65                                   
    45.0-180.0 180.0   5.0 450.0                            LAT/LON1/LON2/DLON/H
   74   86  100  115  129  143  153  160  162  163  161  158  155  152  150  148
  145  143  139  136  132  129  126  121  116  108  100   91   82   73   64   56
   51   48   49   52   57   61   66   70   73   77   79   81   82   82   82   81
   79   77   75   73   71   71   71   71   70   69   68   67   67   66   66   64
   61   59   58   56   55   58   61   69   74                                   
    42.5-180.0 180.0   5.0 450.0                            LAT/LON1/LON2/DLON/H
   83   94  107  123  138  153  164  173  177  180  179  176  171  166  161  157
  153  148  144  141  139  137  135  131  125  117  107   97   87   76   65   57
   52   50   52   57   62   67   71   74   77   80   83   86   89   90   91   91
   90   89   86   84   81   80   79   77   76   73   71   69   69   69   68   67
   65   63   63   62   62   67   71   78   83                                   
    40.0-180.0 180.0   5.0 450.0                            LAT/LON1/LON2/DLON/H
   89   99  111  128  143  158  171  183  189  194  195  193  188  182  175  169
  163  157  153  150  149  148  145  141  133  124  113  101   89   76   65   57
   52   52   55   61   67   71   74   76   78   81   85   89   93   95   97   98
   97   96   93   90   87   85   83   81   78   75   71   69   69   69   69   68
   66   65   65   65   66   72   77   85   89                                   
    37.5-180.0 180.0   5.0 450.0                            LAT/LON1/LON2/DLON/H
   93  102  113  129  144  158  173  186  196  204  207  207  203  197  190  182
  175  169  165  163  162  161  158  151  141  129  116  104   90   78   67   59
   55   56   61   67   73   77   78   78   79   82   86   91   95   98   99  100
  100   98   96   93   90   87   85   82   78   74   70   68   67   67   68   67
   66   65   64   65   66   74   79   89   93                                   
    35.0-180.0 180.0   5.0 450.0                            LAT/LON1/LON2/DLON/H
   95  104  114  128  142  155  171  185  197  207  213  215  213  209  202  194
  187  182  179  178  177  175  169  160  147  134  120  108   95   83   73   67
   65   68   73   79   84   86   86   84   84   86   90   95   98  100  100  100
   99   97   95   92   90   88   86   83   78   74   69   66   65   65   66   65
   64   63   63   63   65   74   80   92   95                                   
    32.5-180.0 180.0   5.0 450.0                            LAT/LON1/LON2/DLON/H
   98  108  117  129  141  152  166  180  194  205  214  218  219  216  210  203
  197  192  191  191  190  187  179  167  153  139  126  116  106   97   89   85
   85   89   94   99  102  102   99   96   94   95   98  101  103  102  100   98
   96   94   92   90   89   88   87   84   79   74   69   66   65   64   64   64
   62   61   61   62   63   73   80   94   98                                   
    30.0-180.0 180.0   5.0 450.0                            LAT/LON1/LON2/DLON/H
  103  115  125  134  143  151  164  176  190  201  211  217  219  218  214  208
  203  200  200  201  200  195  185  172  158  146  137  130  125  120  116  114
  116  120  124  127  126  123  117  112  108  107  109  110  109  106  101   97
   94   92   90   89   89   89   89   86   82   77   72   68   66   65   64   64
   61   60   60   62   63   74   82   99  103                                   
    27.5-180.0 180.0   5.0 450.0                            LAT/LON1/LON2/DLON/H
  113  128  139  145  153  158  167  177  188  199  208  215  218  218  215  210
  206  205  205  207  206  199  188  175  164  156  153  153  153  152  152  153
  155  158  159  158  153  146  138  130  125  122  121  120  116  111  104   98
   93   91   89   89   90   92   92   90   86   81   76   72   69   67   67   66
   63   63   63   65   67   78   88  106  113                                   
    25.0-180.0 180.0   5.0 450.0                            LAT/LON1/LON2/DLON/H
  128  146  160  164  171  173  178  185  193  201  209  215  219  219  217  212
  208  207  208  209  207  200  189  179  172  172  176  182  188  192  194  197
  198  198  195  188  178  167  156  147  140  135  132  128  123  116  107  100
   95   92   90   90   92   94   95   93   90   85   80   77   74   71   70   70
   68   68   68   71   74   87   98  117  128                                   
    22.5-180.0 180.0   5.0 450.0                            LAT/LON1/LON2/DLON/H
  148  169  185  189  196  196  199  202  207  212  217  222  225  225  222  217
  212  209  209  208  205  198  190  185  185  193  205  217  227  234  237  238
  237  232  223  210  195  181  168  157  149  142  138  133  127  119  110  102
   97   94   92   92   93   95   96   95   92   88   84   81   78   75   75   75
   74   76   77   80   85   98  111  130  148                                   
    20.0-180.0 180.0   5.0 450.0                            LAT/LON1/LON2/DLON/H
  170  192  211  216  225  225  227  228  231  233  235  238  240  239  234  227
  219  214  211  209  204  198  194  195  204  219  237  254  266  272  273  271
  265  254  238  219  200  184  171  159  150  143  138  133  127  119  111  105
  100   96   94   93   93   94   95   94   92   89   86   83   80   78   78   79
   79   83   86   91   97  111  125  144  170                                   
    17.5-180.0 180.0   5.0 450.0                            LAT/LON1/LON2/DLON/H
  190  213  233  242  254  257  261  262  264  265  264  265  264  261  255  245
  234  225  218  213  207  203  204  212  229  250  272  289  299  301  296  288
  276  259  239  216  195  178  165  154  145  138  132  128  123  117  111  106
  102   98   95   92   91   91   91   91   89   88   86   83   81   78   79   81
   83   89   93  100  108  122  138  157  190                                   
    15.0-180.0 180.0   5.0 450.0                            LAT/LON1/LON2/DLON/H
  204  228  250  263  281  288  296  300  303  304  303  301  298  293  284  270
  256  242  232  223  217  215  222  237  259  284  306  319  323  317  305  290
  272  251  228  204  183  167  156  146  137  130  124  120  117  113  109  106
  103  100   96   92   89   87   87   87   87   86   85   83   80   77   78   80
   84   91   97  105  116  131  148  167  204                                   
    12.5-180.0 180.0   5.0 450.0                            LAT/LON1/LON2/DLON/H
  211  236  260  278  301  314  329  338  345  347  346  343  339  332  320  303
  284  267  252  241  235  236  247  268  294  318  336  342  336  322  303  282
  260  237  213  190  172  159  149  141  132  124  118  115  112  110  109  107
  105  102   97   92   87   85   85   85   86   86   85   83   80   77   76   79
   82   91   98  107  119  135  154  172  211                                   
    10.0-180.0 180.0   5.0 450.0                            LAT/LON1/LON2/DLON/H
  211  239  265  287  314  333  356  370  382  388  388  386  381  372  359  340
  319  298  280  267  261  264  279  303  329  350  360  356  342  321  296  271
  247  224  203  184  170  160  152  144  135  126  119  115  113  112  111  110
  109  106  100   93   88   86   86   87   88   89   88   85   81   77   76   78
   81   89   97  107  120  137  156  175  211                                   
     7.5-180.0 180.0   5.0 450.0                            LAT/LON1/LON2/DLON/H
  210  240  267  291  321  346  374  393  410  419  423  422  418  410  397  378
  356  333  314  300  294  299  315  338  361  376  377  365  344  318  291  266
