data/edconvlstm_nd/pred2930.15i
     1.0            IONOSPHERE MAPS     GNSS                IONEX VERSION / TYPE
pyspatialgeodesy        IME             05-JAN-18 20:20     PGM / RUN BY / DATE 
Map Name                                                    COMMENT             
Predicted global ionosphere maps (GIM).                     DESCRIPTION         
  2015    10    20     0     0     0                        EPOCH OF FIRST MAP  
  2015    10    21     0     0     0                        EPOCH OF LAST MAP   
  7200                                                      INTERVAL            
    13                                                      # OF MAPS IN FILE   
  NONE                                                      MAPPING FUNCTION    
10.0                                                        ELEVATION CUTOFF    
One-way carrier phase leveled to code                       OBSERVABLES USED    
  6371.0                                                    BASE RADIUS         
 2                                                          MAP DIMENSION       
   450.0 450.0   0.0                                        HGT1 / HGT2 / DHGT  
    87.5 -87.5  -2.5                                        LAT1 / LAT2 / DLAT  
  -180.0 180.0   5.0                                        LON1 / LON2 / DLON  
    -1                                                      EXPONENT            
                                                            END OF HEADER       
[from data line 4719]
    12                                                      START OF TEC MAP    
  2015    10    20    22     0     0                        EPOCH OF CURRENT MAP
    87.5-180.0 180.0   5.0 450.0                            LAT/LON1/LON2/DLON/H
  114  104   92   97  101   98   97   95   96   99   99  101  102  103  104  104
  104  104  103  101  100   98   96   93   91   88   86   84   82   80   78   77
   76   75   75   74   74   75   75   76   77   78   79   80   81   82   83   84
   85   86   86   87   88   88   88   89   89   89   89   89   89   88   88   87
   87   87   84   82   91   89  106  111  114                                   
    85.0-180.0 180.0   5.0 450.0                            LAT/LON1/LON2/DLON/H
  117  105  111   98   97  102  102  105  107  110  111  113  115  116  117  118
  117  117  115  113  110  108  104  101   97   94   91   87   84   82   80   78
   77   76   75   75   76   77   78   79   80   81   83   84   85   87   88   89
   90   90   91   92   92   92   93   93   93   93   93   92   92   92   91   91
   91   90   87   84   88   91   92   93  117                                   
    82.5-180.0 180.0   5.0 450.0                            LAT/LON1/LON2/DLON/H
   96   93   93   92   95  101  106  107  111  115  118  122  125  127  129  129
  129  127  124  121  116  111  106  100   94   88   83   78   74   70   67   65
   63   62   62   63   64   65   66   68   70   72   74   76   77   79   80   81
   82   83   84   85   85   86   86   87   87   87   87   87   87   86   86   85
   85   84   82   82   86   98   88   90   96                                   
    80.0-180.0 180.0   5.0 450.0                            LAT/LON1/LON2/DLON/H
   80   82   86   86   91   93  103  108  116  121  128  133  138  141  143  144
  143  140  136  130  123  116  107   99   90   82   74   67   61   56   52   50
   48   47   48   49   50   53   55   58   60   63   66   68   70   72   73   75
   76   77   77   78   79   79   80   80   81   81   81   81   80   80   80   79
   79   79   78   79   77   85   78   88   80                                   
    77.5-180.0 180.0   5.0 450.0                            LAT/LON1/LON2/DLON/H
   92   90   94   93  102  107  117  123  131  138  146  153  159  164  167  167
  166  162  157  149  140  130  119  108   97   86   76   68   61   55   51   48
   46   46   46   48   50   52   55   57   60   63   65   67   69   70   71   72
   72   73   73   74   74   75   76   76   77   77   78   78   78   78   78   78
   79   80   81   83   82   86   85   97   92                                   
    75.0-180.0 180.0   5.0 450.0                            LAT/LON1/LON2/DLON/H
   93   97   99   99  109  116  124  131  141  150  158  165  171  175  177  177
  175  171  164  156  146  134  123  111   99   88   78   70   63   57   53   51
   49   49   50   51   53   55   57   60   62   64   65   67   67   68   68   67
   67   67   66   66   66   67   67   68   68   69   70   70   71   72   73   75
   76   80   82   83   82   87   86   89   93                                   
    72.5-180.0 180.0   5.0 450.0                            LAT/LON1/LON2/DLON/H
  107  111  115  121  125  131  140  146  153  160  168  174  180  183  184  183
  180  175  167  158  148  136  124  111   99   88   78   70   63   58   54   52
   51   51   51   52   53   55   56   58   59   60   61   62   62   61   61   59
   58   57   56   55   55   56   56   57   58   59   60   61   62   63   66   69
   71   76   80   82   82   91   94  102  107                                   
    70.0-180.0 180.0   5.0 450.0                            LAT/LON1/LON2/DLON/H
  117  125  129  133  138  144  149  155  163  168  174  178  180  181  179  176
  171  165  158  150  140  130  119  108   98   88   80   73   67   63   60   59
   57   57   56   56   56   56   56   56   57   57   57   57   57   55   54   52
   50   48   47   46   45   46   46   47   48   49   50   51   52   55   58   62
   67   73   80   85   89  100  109  114  117                                   
    67.5-180.0 180.0   5.0 450.0                            LAT/LON1/LON2/DLON/H
  132  141  145  151  156  161  166  170  175  178  182  183  184  181  178  173
  168  162  155  148  139  130  120  111  101   92   84   78   73   69   67   64
   63   61   59   57   55   53   52   52   51   51   52   52   51   50   49   47
   44   42   41   40   40   40   41   42   43   44   45   46   48   50   54   60
   65   72   79   84   90  104  113  118  132                                   
    65.0-180.0 180.0   5.0 450.0                            LAT/LON1/LON2/DLON/H
  137  148  153  160  164  169  172  176  180  183  184  183  180  175  170  164
  158  152  147  141  135  128  120  111  103   95   88   83   79   75   72   70
   67   63   59   56   52   48   46   44   44   43   44   44   44   43   42   40
   38   36   34   34   34   34   35   37   37   38   39   40   43   46   50   56
   62   70   78   85   93  109  121  126  137                                   
    62.5-180.0 180.0   5.0 450.0                            LAT/LON1/LON2/DLON/H
  142  152  157  166  170  176  179  182  185  187  187  184  180  174  167  161
  156  152  148  143  138  132  124  115  107   99   92   86   82   78   75   71
   67   62   56   51   46   41   38   36   36   36   37   38   39   39   38   36
   34   32   31   30   31   32   34   35   36   37   38   40   42   46   52   58
   65   72   79   85   91  107  118  123  142                                   
    60.0-180.0 180.0   5.0 450.0                            LAT/LON1/LON2/DLON/H
  141  151  157  166  170  175  180  183  187  188  189  185  181  174  168  162
  158  156  153  150  145  139  130  121  111  103   96   90   85   81   77   73
   68   61   55   48   42   37   34   32   32   33   34   36   37   37   36   35
   33   31   30   30   31   33   35   37   38   39   40   42   46   51   58   65
   72   78   84   87   92  108  118  123  141                                   
    57.5-180.0 180.0   5.0 450.0                            LAT/LON1/LON2/DLON/H
  141  151  157  166  171  176  181  185  189  191  191  188  184  178  173  170
  167  166  165  161  156  148  138  127  117  107  100   94   89   85   81   76
   69   63   56   49   43   38   35   34   34   35   37   38   40   40   39   37
   35   33   32   33   34   36   39   41   43   44   46   49   53   60   68   77
   84   90   94   95   96  109  116  122  141                                   
    55.0-180.0 180.0   5.0 450.0                            LAT/LON1/LON2/DLON/H
  145  155  162  169  174  178  184  188  193  194  195  193  190  186  183  181
  180  180  178  174  167  157  145  133  122  112  105   99   95   91   86   81
   75   68   61   54   49   45   43   42   43   44   45   47   47   47   45   43
   41   39   38   38   40   42   45   48   50   52   54   58   64   72   83   93
  101  106  109  108  105  115  120  126  145                                   
    52.5-180.0 180.0   5.0 450.0                            LAT/LON1/LON2/DLON/H
  154  164  173  178  183  187  192  196  199  200  201  199  197  194  193  193
  193  192  190  184  175  163  150  138  127  118  112  107  103   99   95   89
   82   76   69   64   60   58   57   57   57   58   59   59   59   57   55   53
   50   48   47   47   48   50   53   57   59   61   64   69   76   86   98  110
  119  125  128  125  120  127  130  136  154                                   
    50.0-180.0 180.0   5.0 450.0                            LAT/LON1/LON2/DLON/H
  171  181  191  194  199  202  207  210  211  211  210  207  206  204  204  204
  204  202  198  191  180  167  154  143  133  126  121  117  114  110  105   99
   92   86   80   76   75   74   74   75   76   76   75   74   73   70   68   65
   63   60   58   58   58   60   63   66   68   71   74   79   87   98  112  125
  135  143  146  145  139  143  145  151  171                                   
    47.5-180.0 180.0   5.0 450.0                            LAT/LON1/LON2/DLON/H
  192  202  212  214  219  223  226  228  227  225  222  218  216  214  214  214
  212  209  203  194  183  171  159  149  142  137  133  129  125  120  114  107
  100   94   90   88   89   90   92   93   93   93   91   89   87   84   82   80
   77   75   72   71   70   71   73   75   78   80   83   88   96  108  122  136
  147  157  162  163  159  163  166  170  192                                   
    45.0-180.0 180.0   5.0 450.0                            LAT/LON1/LON2/DLON/H
  214  224  234  236  241  246  248  249  246  242  237  232  229  227  225  223
  219  214  207  197  187  176  167  159  154  149  144  139  133  126  118  111
  104   98   96   96   99  103  106  108  108  107  105  102   99   97   95   94
   92   90   87   84   82   82   83   85   87   89   91   96  104  116  130  144
  155  166  173  177  177  182  188  191  214                                   
    42.5-180.0 180.0   5.0 450.0                            LAT/LON1/LON2/DLON/H
  234  244  254  256  262  267  269  269  265  260  253  248  244  241  238  234
  228  221  212  204  195  186  179  173  167  161  154  145  135  126  117  109
  102   98   97  100  105  111  115  117  118  116  114  111  109  107  106  106
  105  103  100   96   93   92   92   93   95   97   99  104  112  122  136  150
  161  172  181  188  192  199  207  212  234                                   
    40.0-180.0 180.0   5.0 450.0                            LAT/LON1/LON2/DLON/H
  249  260  270  273  279  284  286  285  281  276  270  264  260  257  253  247
  239  231  224  216  209  202  195  188  181  171  159  145  132  120  111  103
   98   95   97  102  109  116  121  124  124  122  120  117  116  114  114  115
  114  112  109  105  102  100   99  100  101  103  105  110  118  129  142  155
  165  177  187  195  203  212  222  230  249                                   
    37.5-180.0 180.0   5.0 450.0                            LAT/LON1/LON2/DLON/H
  261  273  283  286  293  296  298  296  293  289  284  280  277  274  269  263
  255  248  241  235  229  222  213  203  191  176  159  141  125  113  104   99
   96   96   99  106  114  122  127  129  128  126  124  122  120  119  119  119
  119  117  114  110  107  104  104  104  105  107  110  115  124  136  149  161
  172  183  194  202  212  223  234  244  261                                   
    35.0-180.0 180.0   5.0 450.0                            LAT/LON1/LON2/DLON/H
  273  286  296  298  304  304  305  303  301  299  296  293  292  290  287  281
  275  268  263  258  251  242  229  214  197  177  155  135  120  110  105  103
  103  104  109  116  124  131  135  136  134  131  128  125  123  121  120  120
  120  118  115  111  108  106  106  106  107  108  112  119  129  142  157  170
  180  192  203  212  221  233  244  257  273                                   
    32.5-180.0 180.0   5.0 450.0                            LAT/LON1/LON2/DLON/H
  290  303  314  313  317  312  311  307  306  305  304  304  304  304  303  299
  294  290  286  280  271  257  239  219  197  175  153  135  124  120  120  122
  124  126  129  135  141  145  147  145  142  138  134  129  125  122  120  118
  117  115  112  109  107  106  107  107  107  108  112  120  133  149  165  181
  192  204  216  225  233  246  257  270  290                                   
    30.0-180.0 180.0   5.0 450.0                            LAT/LON1/LON2/DLON/H
  316  330  342  335  336  325  320  313  311  311  311  312  314  315  315  314
  311  309  305  298  285  265  242  218  195  175  157  146  143  147  154  160
  162  162  161  162  163  163  161  157  152  147  141  135  129  123  119  116
  114  111  108  106  105  106  107  107  107  108  112  121  136  154  174  192
  205  219  232  242  249  263  275  289  316                                   
    27.5-180.0 180.0   5.0 450.0                            LAT/LON1/LON2/DLON/H
  353  368  381  367  366  348  337  325  321  319  320  321  322  324  325  325
  324  322  318  307  289  265  239  215  196  183  175  174  182  195  208  216
  216  210  202  194  188  182  176  169  163  156  149  141  133  125  120  115
  112  109  106  104  104  105  107  108  107  107  110  121  138  159  182  203
  219  236  250  263  270  286  301  315  353                                   
    25.0-180.0 180.0   5.0 450.0                            LAT/LON1/LON2/DLON/H
  399  415  429  411  408  384  367  348  340  335  333  333  333  333  334  335
  334  331  324  310  288  262  236  217  206  203  208  220  240  263  281  287
  281  264  243  224  208  195  185  178  171  164  156  147  137  129  123  118
  113  109  105  103  104  106  108  108  107  106  109  120  139  163  189  213
  231  251  269  285  295  315  332  348  399                                   
    22.5-180.0 180.0   5.0 450.0                            LAT/LON1/LON2/DLON/H
  448  467  481  464  459  432  409  384  371  363  357  352  349  348  347  347
  345  340  330  313  289  263  242  231  231  241  258  284  314  343  361  361
  343  311  276  243  218  200  188  181  176  169  162  152  143  135  128  123
  118  113  108  105  104  106  108  108  106  105  109  120  139  165  193  219
  240  264  285  307  320  346  368  385  448                                   
    20.0-180.0 180.0   5.0 450.0                            LAT/LON1/LON2/DLON/H
  494  516  531  517  516  488  462  433  416  403  393  384  377  372  370  367
  363  355  342  323  300  279  266  264  275  295  324  358  393  421  432  420
  386  339  291  249  217  196  184  179  176  172  165  157  148  141  136  131
  126  119  113  108  106  106  108  108  107  106  109  120  140  167  196  223
  246  274  298  325  344  375  402  422  494                                   
    17.5-180.0 180.0   5.0 450.0                            LAT/LON1/LON2/DLON/H
  529  555  572  565  569  545  520  491  472  456  442  429  419  411  406  401
  394  383  368  349  330  316  312  320  339  365  397  431  461  478  475  448
  400  343  287  241  207  186  177  176  176  174  169  161  154  149  145  140
  135  128  120  112  108  107  108  108  107  107  111  122  142  169  198  226
  250  281  307  339  362  399  432  456  529                                   
    15.0-180.0 180.0   5.0 450.0                            LAT/LON1/LON2/DLON/H
  550  578  598  598  611  596  576  551  533  517  502  488  475  465  458  451
  441  428  413  397  384  378  383  397  418  442  466  487  501  501  481  440
  384  324  268  224  194  178  174  176  179  179  174  167  161  157  154  151
  145  137  127  118  111  109  109  109  108  108  113  125  146  172  202  229
  254  286  314  348  375  417  455  482  550                                   
    12.5-180.0 180.0   5.0 450.0                            LAT/LON1/LON2/DLON/H
  558  586  609  616  639  634  623  606  593  580  567  554  542  533  525  516
  505  492  478  466  461  464  474  488  502  512  517  515  506  485  451  402
  346  291  244  209  187  179  180  186  190  189  183  176  170  166  163  159
  153  145  133  122  114  110  109  109  109  110  115  128  150  177  207  234
  259  291  321  354  383  428  471  499  558                                   
    10.0-180.0 180.0   5.0 450.0                            LAT/LON1/LON2/DLON/H
  557  583  609  620  651  657  658  650  646  638  630  622  613  606  600  592
  581  569  558  552  554  561  572  578  576  563  540  511  479  441  398  349
  301  260  228  206  196  196  203  210  212  207  197  187  179  174  170  165
  159  150  138  126  117  112  110  110  109  110  116  131  154  183  213  241
  266  299  328  361  390  437  481  509  557                                   
     7.5-180.0 180.0   5.0 450.0                            LAT/LON1/LON2/DLON/H
  553  577  603  616  653  668  679  682  686  686  684  682  678  676  673  667
  658  648  641  640  646  654  658  650  626  586  535  482  432  385  342  301
