data/edconvlstm_nd/pred3590.15i
     1.0            IONOSPHERE MAPS     GNSS                IONEX VERSION / TYPE
pyspatialgeodesy        IME             05-JAN-18 20:20     PGM / RUN BY / DATE 
Map Name                                                    COMMENT             
Predicted global ionosphere maps (GIM).                     DESCRIPTION         
  2015    12    25     0     0     0                        EPOCH OF FIRST MAP  
  2015    12    26     0     0     0                        EPOCH OF LAST MAP   
  7200                                                      INTERVAL            
    13                                                      # OF MAPS IN FILE   
  NONE                                                      MAPPING FUNCTION    
10.0                                                        ELEVATION CUTOFF    
One-way carrier phase leveled to code                       OBSERVABLES USED    
  6371.0                                                    BASE RADIUS         
 2                                                          MAP DIMENSION       
   450.0 450.0   0.0                                        HGT1 / HGT2 / DHGT  
    87.5 -87.5  -2.5                                        LAT1 / LAT2 / DLAT  
  -180.0 180.0   5.0                                        LON1 / LON2 / DLON  
    -1                                                      EXPONENT            
                                                            END OF HEADER       
[from data line 3003]
     8                                                      START OF TEC MAP    
  2015    12    25    14     0     0                        EPOCH OF CURRENT MAP
    87.5-180.0 180.0   5.0 450.0                            LAT/LON1/LON2/DLON/H
   41   51   52   53   55   54   54   49   49   51   51   51   51   52   52   52
   52   53   53   53   53   54   54   54   55   55   56   56   56   57   57   57
   57   58   58   58   58   58   59   59   59   60   60   61   62   62   63   63
   64   65   65   65   66   66   66   66   65   65   64   63   62   61   61   60
   60   58   54   50   52   53   68   71   41                                   
    85.0-180.0 180.0   5.0 450.0                            LAT/LON1/LON2/DLON/H
   43   56   69   51   52   55   54   54   54   56   55   56   56   56   57   57
   57   58   58   59   60   60   61   62   62   63   63   64   64   65   65   65
   65   65   66   66   66   66   66   67   67   67   68   68   69   69   70   70
   71   71   72   72   72   72   72   72   72   71   70   70   69   68   67   66
   66   64   58   53   56   57   67   63   43                                   
    82.5-180.0 180.0   5.0 450.0                            LAT/LON1/LON2/DLON/H
   34   43   55   45   46   47   48   48   49   50   50   51   51   51   51   52
   52   52   53   53   54   55   56   56   57   58   58   59   59   60   60   60
   60   61   61   61   61   61   61   61   62   62   62   62   63   63   64   65
   65   66   67   68   68   68   68   68   68   67   66   65   64   63   62   60
   60   58   53   48   54   59   59   56   34                                   
    80.0-180.0 180.0   5.0 450.0                            LAT/LON1/LON2/DLON/H
   28   33   49   41   43   41   43   43   45   46   46   47   47   48   48   48
   48   48   49   50   51   52   54   55   56   57   58   58   59   59   59   60
   60   60   60   60   60   60   59   59   59   59   58   58   59   59   60   61
   62   64   65   66   67   68   68   68   67   67   65   64   62   61   59   57
   57   55   52   49   49   54   54   57   28                                   
    77.5-180.0 180.0   5.0 450.0                            LAT/LON1/LON2/DLON/H
   39   38   42   35   38   37   39   40   41   42   41   43   43   43   43   43
   43   44   45   46   48   51   53   55   57   58   59   60   60   60   60   60
   60   60   59   59   58   57   56   55   53   52   51   51   51   51   53   55
   57   59   62   64   66   67   68   68   67   66   64   63   60   58   56   54
   53   50   47   45   43   43   47   51   39                                   
    75.0-180.0 180.0   5.0 450.0                            LAT/LON1/LON2/DLON/H
   31   35   37   34   37   37   38   39   41   43   42   43   43   42   41   41
   41   42   43   46   49   52   56   59   62   63   64   65   64   64   63   63
   62   61   61   60   59   57   55   53   51   48   46   45   44   45   46   48
   51   55   58   61   64   66   67   67   66   65   64   62   60   58   56   54
   53   52   49   46   46   43   45   41   31                                   
    72.5-180.0 180.0   5.0 450.0                            LAT/LON1/LON2/DLON/H
   37   40   40   38   39   40   42   42   43   44   43   43   42   41   40   39
   38   39   42   45   50   55   61   65   69   71   71   71   70   69   67   66
   65   64   63   62   60   58   55   52   48   44   40   38   36   36   37   40
   43   47   51   54   57   59   60   60   60   59   58   56   55   53   52   51
   50   49   48   45   45   44   47   46   37                                   
    70.0-180.0 180.0   5.0 450.0                            LAT/LON1/LON2/DLON/H
   39   43   46   43   45   45   45   46   48   49   48   48   46   44   42   40
   40   41   45   50   57   65   72   78   83   85   86   85   83   81   79   76
   75   73   72   71   68   65   61   57   51   46   41   37   35   34   34   36
   39   43   46   50   53   55   56   56   56   55   55   54   53   53   52   52
   52   51   52   49   50   50   55   54   39                                   
    67.5-180.0 180.0   5.0 450.0                            LAT/LON1/LON2/DLON/H
   43   47   49   47   49   49   50   51   53   53   52   52   50   47   44   42
   41   43   48   55   64   74   84   92   97  100  101   99   97   94   91   88
   86   84   82   80   77   74   69   63   57   50   44   39   36   33   33   34
   35   38   41   44   46   47   48   48   48   48   48   48   49   49   50   50
   51   50   51   48   49   51   55   53   43                                   
    65.0-180.0 180.0   5.0 450.0                            LAT/LON1/LON2/DLON/H
   43   49   51   50   50   51   52   53   54   55   55   54   52   49   45   42
   42   44   50   59   71   83   95  104  111  114  115  114  112  109  105  102
   99   97   95   92   88   84   78   72   65   57   51   45   40   36   34   33
   33   34   35   37   38   39   39   40   40   41   42   43   44   45   47   48
   49   50   51   49   51   53   56   55   43                                   
    62.5-180.0 180.0   5.0 450.0                            LAT/LON1/LON2/DLON/H
   41   48   49   49   50   51   51   52   53   54   53   53   51   48   44   41
   41   44   52   62   75   89  102  113  121  125  128  128  127  125  122  118
  115  112  108  105  100   94   88   81   73   66   59   52   46   41   37   34
   32   30   30   30   30   30   31   32   33   34   36   37   39   41   42   43
   44   45   47   46   47   49   52   51   41                                   
    60.0-180.0 180.0   5.0 450.0                            LAT/LON1/LON2/DLON/H
   38   44   46   45   46   46   46   46   47   48   48   48   46   43   40   38
   38   42   50   62   76   91  105  116  125  131  135  138  140  139  138  135
  131  127  122  116  110  104   96   89   81   74   67   60   53   47   40   35
   30   27   24   23   23   23   24   25   27   28   30   33   34   36   37   37
   38   38   40   40   42   43   45   45   38                                   
    57.5-180.0 180.0   5.0 450.0                            LAT/LON1/LON2/DLON/H
   33   39   42   42   42   42   42   42   42   43   43   43   42   40   38   36
   37   42   51   63   78   92  106  117  127  135  143  149  154  157  157  154
  150  144  137  130  123  115  107   99   92   85   78   71   64   56   48   40
   33   28   24   22   21   21   23   24   26   28   30   32   34   35   35   35
   35   35   36   36   38   38   39   40   33                                   
    55.0-180.0 180.0   5.0 450.0                            LAT/LON1/LON2/DLON/H
   31   37   39   41   40   40   40   39   39   39   38   39   38   37   36   35
   38   43   53   66   80   94  106  117  128  138  149  160  168  174  175  172
  167  159  151  142  134  126  117  110  103   97   91   84   76   67   57   48
   39   33   28   25   24   24   25   27   29   31   34   35   36   36   36   35
   34   34   35   35   37   36   36   37   31                                   
    52.5-180.0 180.0   5.0 450.0                            LAT/LON1/LON2/DLON/H
   32   37   40   41   41   41   40   39   37   37   36   36   35   35   35   36
   40   47   57   70   83   96  107  118  129  142  156  170  182  189  190  186
  179  170  161  152  143  135  128  121  115  109  104   97   89   80   69   59
   49   42   36   33   32   32   33   35   37   39   41   42   42   41   40   39
   38   37   39   39   41   38   37   38   32                                   
    50.0-180.0 180.0   5.0 450.0                            LAT/LON1/LON2/DLON/H
   38   41   43   45   44   45   44   42   40   38   36   36   35   35   36   39
   44   52   64   77   90  101  111  121  133  147  164  180  193  200  200  195
  186  176  166  158  150  143  137  131  126  121  116  110  102   93   82   71
   62   54   49   46   45   45   46   47   48   50   51   51   50   48   47   45
   44   45   47   47   48   46   44   44   38                                   
    47.5-180.0 180.0   5.0 450.0                            LAT/LON1/LON2/DLON/H
   46   49   50   52   51   52   50   48   46   43   40   39   38   38   39   43
   50   60   73   86   98  108  117  127  140  155  173  189  200  205  202  194
  184  174  166  160  155  151  146  141  137  132  128  122  115  105   95   85
   76   68   64   61   59   59   59   60   60   60   60   59   57   56   54   53
   53   55   58   58   59   57   55   53   46                                   
    45.0-180.0 180.0   5.0 450.0                            LAT/LON1/LON2/DLON/H
   56   58   57   60   59   61   59   58   55   52   48   46   44   43   45   50
   58   69   83   96  108  118  127  137  150  165  181  195  203  203  196  186
  176  167  162  160  159  158  156  152  148  143  138  132  125  116  107   97
   88   82   77   74   72   71   70   69   68   68   66   65   63   61   61   61
   62   64   68   70   71   70   67   64   56                                   
    42.5-180.0 180.0   5.0 450.0                            LAT/LON1/LON2/DLON/H
   64   66   64   68   66   69   67   67   65   63   58   55   52   52   54   59
   68   80   93  107  119  130  139  150  162  176  189  197  199  194  184  173
  164  159  158  161  165  167  167  164  159  154  148  141  134  125  116  107
   99   92   86   82   79   77   75   73   72   70   68   66   65   64   64   66
   68   71   76   78   79   79   77   73   64                                   
    40.0-180.0 180.0   5.0 450.0                            LAT/LON1/LON2/DLON/H
   68   70   67   71   70   73   72   74   74   72   69   66   63   62   64   70
   79   90  104  117  130  142  152  163  175  186  194  196  192  183  171  160
  155  155  160  168  176  181  182  179  173  165  157  149  141  132  124  115
  106   98   91   86   81   77   74   71   69   67   66   64   63   63   65   67
   70   74   78   80   82   83   81   78   68                                   
    37.5-180.0 180.0   5.0 450.0                            LAT/LON1/LON2/DLON/H
   67   68   65   70   69   72   73   76   78   79   77   75   72   72   74   80
   89  101  114  127  141  153  165  176  186  193  196  193  184  172  162  156
  156  163  174  186  196  201  202  198  190  179  169  158  148  139  130  121
  111  102   94   86   79   73   69   66   64   63   61   60   59   60   62   65
   68   71   75   77   79   80   78   76   67                                   
    35.0-180.0 180.0   5.0 450.0                            LAT/LON1/LON2/DLON/H
   61   62   60   64   64   67   69   74   78   81   81   80   79   80   84   90
  100  111  123  137  150  164  176  187  195  199  197  190  179  170  164  166
  175  188  203  216  226  230  229  222  211  198  184  170  159  149  139  128
  118  107   96   87   78   71   66   63   61   59   58   57   56   57   59   62
   64   67   70   71   72   72   70   70   61                                   
    32.5-180.0 180.0   5.0 450.0                            LAT/LON1/LON2/DLON/H
   54   55   53   56   56   58   61   67   73   77   80   82   83   86   91   99
  109  121  133  146  160  174  186  196  202  203  199  191  183  179  183  195
  212  231  247  259  266  267  262  252  237  221  204  188  174  163  152  140
  128  116  104   93   83   75   70   66   64   62   61   59   58   58   58   60
   62   63   65   65   65   64   62   62   54                                   
    30.0-180.0 180.0   5.0 450.0                            LAT/LON1/LON2/DLON/H
   47   49   48   49   49   50   53   58   65   71   75   79   84   89   97  107
  118  130  143  157  171  184  196  204  208  208  203  198  197  204  219  242
  267  288  304  312  313  308  298  285  268  249  230  212  197  184  172  160
  147  134  122  110  100   91   84   79   76   74   72   70   68   65   65   65
   64   64   64   63   62   59   58   57   47                                   
    27.5-180.0 180.0   5.0 450.0                            LAT/LON1/LON2/DLON/H
   44   47   45   45   44   44   47   50   57   62   68   74   81   89  100  113
  127  141  155  169  183  195  205  212  215  215  213  215  224  242  270  302
  332  355  367  368  362  351  337  320  302  281  261  242  226  213  200  188
  176  163  151  140  130  120  112  106  101   98   94   90   86   82   79   77
   75   72   71   68   66   62   60   57   44                                   
    25.0-180.0 180.0   5.0 450.0                            LAT/LON1/LON2/DLON/H
   47   50   48   45   43   42   43   45   50   55   61   68   77   88  102  118
  135  153  169  184  197  208  216  221  224  225  230  240  260  291  329  368
  401  423  430  424  409  392  374  355  336  316  296  278  262  249  237  225
  214  202  192  182  172  162  152  143  136  130  124  119  112  106  100   97
   93   89   86   81   78   72   69   63   47                                   
    22.5-180.0 180.0   5.0 450.0                            LAT/LON1/LON2/DLON/H
   56   58   54   49   46   44   44   43   46   50   55   63   74   87  105  124
  146  166  185  201  214  223  229  233  235  241  252  272  303  344  390  433
  466  484  484  470  448  425  405  386  369  351  333  317  302  290  280  269
  258  249  240  232  222  211  199  186  175  167  159  151  142  133  126  121
  116  112  106  100   96   88   85   76   56                                   
    20.0-180.0 180.0   5.0 450.0                            LAT/LON1/LON2/DLON/H
   71   72   64   57   52   49   48   46   47   50   54   62   73   89  109  133
  158  182  203  220  232  240  245  247  250  260  278  307  347  394  443  485
  515  527  520  499  473  448  427  410  396  382  368  355  343  333  323  314
  304  295  288  280  270  258  242  227  213  201  191  181  170  160  152  146
  140  135  129  121  116  108  105   93   71                                   
    17.5-180.0 180.0   5.0 450.0                            LAT/LON1/LON2/DLON/H
   89   88   76   68   61   57   54   51   52   54   58   66   78   95  118  144
  173  200  223  241  253  259  262  263  268  282  306  341  386  435  481  519
  542  546  533  508  481  457  439  426  416  407  398  388  379  370  362  352
  343  334  326  318  307  293  275  257  240  226  214  202  191  181  172  167
  161  156  148  141  135  127  123  110   89                                   
    15.0-180.0 180.0   5.0 450.0                            LAT/LON1/LON2/DLON/H
  105  103   89   80   71   65   63   59   59   62   66   74   87  106  131  160
  191  221  245  263  274  279  281  282  289  305  333  372  416  461  501  530
  544  542  525  501  477  457  443  434  429  425  420  413  405  397  389  379
  368  358  348  338  326  311  293  274  256  240  227  214  203  192  185  179
  174  170  162  154  147  140  136  123  105                                   
    12.5-180.0 180.0   5.0 450.0                            LAT/LON1/LON2/DLON/H
  116  115   99   91   81   74   71   68   68   70   75   84   99  120  147  179
  213  243  268  286  296  300  301  302  310  329  359  396  436  473  503  523
  529  522  506  486  467  452  442  438  436  435  432  426  419  411  401  390
  378  365  353  342  329  314  298  280  262  246  231  218  207  196  189  184
  179  175  167  159  152  146  142  130  116                                   
    10.0-180.0 180.0   5.0 450.0                            LAT/LON1/LON2/DLON/H
  121  121  107   99   90   82   80   76   76   79   84   95  112  136  166  200
  234  266  291  308  318  321  321  324  333  352  380  413  446  473  493  504
  505  497  484  470  458  448  441  439  438  438  434  428  420  411  401  388
  374  359  345  332  320  307  293  278  262  247  232  218  206  196  188  183
  178  174  165  157  151  145  140  129  121                                   
     7.5-180.0 180.0   5.0 450.0                            LAT/LON1/LON2/DLON/H
  122  122  111  105   97   88   86   83   83   85   92  105  124  151  183  218
  254  286  310  327  337  341  342  346  355  373  397  424  448  466  478  484
