data/edconvlstm_nd/pred3160.15i
     1.0            IONOSPHERE MAPS     GNSS                IONEX VERSION / TYPE
pyspatialgeodesy        IME             05-JAN-18 20:20     PGM / RUN BY / DATE 
Map Name                                                    COMMENT             
Predicted global ionosphere maps (GIM).                     DESCRIPTION         
  2015    11    12     0     0     0                        EPOCH OF FIRST MAP  
  2015    11    13     0     0     0                        EPOCH OF LAST MAP   
  7200                                                      INTERVAL            
    13                                                      # OF MAPS IN FILE   
  NONE                                                      MAPPING FUNCTION    
10.0                                                        ELEVATION CUTOFF    
One-way carrier phase leveled to code                       OBSERVABLES USED    
  6371.0                                                    BASE RADIUS         
 2                                                          MAP DIMENSION       
   450.0 450.0   0.0                                        HGT1 / HGT2 / DHGT  
    87.5 -87.5  -2.5                                        LAT1 / LAT2 / DLAT  
  -180.0 180.0   5.0                                        LON1 / LON2 / DLON  
    -1                                                      EXPONENT            
                                                            END OF HEADER       
     1                                                      START OF TEC MAP    
  2015    11    12     0     0     0                        EPOCH OF CURRENT MAP
    87.5-180.0 180.0   5.0 450.0                            LAT/LON1/LON2/DLON/H
   81   74   60   51   49   59   54   52   53   53   54   54   55   56   56   56
   56   56   56   56   55   55   54   53   52   52   51   50   50   49   49   48
   48   47   47   47   47   47   47   47   47   48   48   48   48   49   49   49
   50   50   50   50   50   50   50   50   49   49   49   49   48   48   48   48
   48   48   47   48   40   60   63   61   81                                   
    85.0-180.0 180.0   5.0 450.0                            LAT/LON1/LON2/DLON/H
   70   75   56   55   55   66   62   59   60   59   60   60   61   61   61   61
   61   61   60   59   58   57   56   54   53   52   50   49   48   47   47   46
   46   46   46   47   47   48   49   49   50   51   52   53   54   54   55   56
   56   56   57   57   57   57   57   57   56   56   56   56   56   55   55   55
   56   55   57   61   65   72   81   71   70                                   
    82.5-180.0 180.0   5.0 450.0                            LAT/LON1/LON2/DLON/H
   60   49   57   50   49   59   54   50   53   52   54   55   57   57   58   58
   57   56   55   53   51   48   46   43   41   38   36   35   33   32   31   31
   31   32   32   33   35   36   38   40   41   43   45   47   48   49   50   51
   51   52   52   52   51   51   51   51   50   50   50   49   49   49   49   50
   49   49   49   50   58   56   66   69   60                                   
    80.0-180.0 180.0   5.0 450.0                            LAT/LON1/LON2/DLON/H
   70   60   63   52   54   57   53   50   54   54   56   59   61   62   63   63
   62   61   59   57   54   51   47   44   40   37   35   32   31   30   29   29
   29   30   31   33   34   36   37   39   40   42   43   44   45   46   46   47
   47   47   47   46   46   46   45   45   44   44   44   44   44   44   45   45
   46   45   47   48   64   58   72   87   70                                   
    77.5-180.0 180.0   5.0 450.0                            LAT/LON1/LON2/DLON/H
   81   73   64   61   59   61   56   55   59   59   62   65   68   70   71   71
   70   69   66   63   59   55   51   47   43   39   36   33   31   30   30   30
   31   32   34   35   37   38   40   41   42   43   43   44   44   44   44   44
   44   44   43   43   42   42   41   40   40   39   39   39   39   40   41   42
   43   46   48   52   60   61   70   91   81                                   
    75.0-180.0 180.0   5.0 450.0                            LAT/LON1/LON2/DLON/H
   92   77   77   74   69   71   64   63   67   67   70   73   75   76   76   75
   73   71   68   64   59   55   50   46   42   39   36   34   33   33   33   34
   36   37   39   40   42   43   44   45   45   45   45   44   44   43   43   42
   41   41   40   39   38   37   36   36   35   35   35   35   36   37   38   40
   41   45   50   51   60   71   79   94   92                                   
    72.5-180.0 180.0   5.0 450.0                            LAT/LON1/LON2/DLON/H
   99   87   88   84   82   79   74   73   77   76   77   79   79   78   76   74
   71   68   65   61   57   53   49   46   43   40   38   37   37   37   38   39
   41   42   43   44   45   45   45   45   44   43   42   41   40   39   38   37
   36   35   34   33   32   32   31   31   30   30   31   31   32   33   35   37
   39   43   53   56   66   79   89  106   99                                   
    70.0-180.0 180.0   5.0 450.0                            LAT/LON1/LON2/DLON/H
  110  101  102  102   97   94   89   88   91   89   89   88   86   82   78   73
   69   64   61   57   54   51   48   46   44   42   42   42   42   43   44   45
   46   48   48   49   49   48   48   46   45   43   42   40   39   38   37   36
   36   35   34   34   33   33   32   33   33   33   34   35   35   36   39   41
   43   47   57   62   73   90   97  110  110                                   
    67.5-180.0 180.0   5.0 450.0                            LAT/LON1/LON2/DLON/H
  117  112  113  113  108  105   99   98  100   97   95   92   87   80   73   66
   60   55   52   49   47   45   44   42   42   41   41   42   42   43   44   45
   45   45   45   44   43   42   41   39   38   36   35   34   33   32   32   31
   31   31   31   31   30   31   31   32   33   34   36   37   38   39   41   44
   46   49   59   64   78   95  101  113  117                                   
    65.0-180.0 180.0   5.0 450.0                            LAT/LON1/LON2/DLON/H
  120  117  117  118  113  110  105  105  107  104  102   97   89   80   71   63
   55   51   47   45   44   43   42   41   40   40   41   41   41   42   41   41
   40   39   38   37   35   34   33   32   31   30   29   28   28   28   29   29
   29   30   30   30   31   31   32   34   36   39   41   44   46   47   49   51
   52   56   64   68   81   98  105  116  120                                   
    62.5-180.0 180.0   5.0 450.0                            LAT/LON1/LON2/DLON/H
  120  118  118  119  115  112  107  109  112  110  108  103   95   84   74   64
   57   52   49   47   46   44   43   41   40   40   39   39   39   38   37   36
   34   32   30   29   27   26   26   26   26   26   26   27   27   28   29   30
   31   31   32   32   33   34   35   38   41   46   50   54   58   61   63   65
   65   67   74   76   85  101  107  119  120                                   
    60.0-180.0 180.0   5.0 450.0                            LAT/LON1/LON2/DLON/H
  119  118  119  118  112  109  104  106  111  111  110  106   99   89   79   70
   63   59   56   53   50   47   44   41   38   37   35   35   34   33   31   29
   26   24   22   21   20   20   21   22   23   24   25   27   28   29   30   31
   32   32   33   33   34   35   36   40   45   51   58   65   70   75   79   81
   81   81   87   87   93  104  110  123  119                                   
    57.5-180.0 180.0   5.0 450.0                            LAT/LON1/LON2/DLON/H
  123  122  124  119  112  107  101  103  109  109  110  108  103   96   87   80
   74   70   66   61   56   50   44   38   34   31   30   29   28   27   25   23
   21   19   17   17   17   18   20   22   24   26   28   29   31   32   32   33
   34   34   34   34   34   35   37   42   48   56   65   75   83   90   96  100
  100  101  106  105  107  113  118  133  123                                   
    55.0-180.0 180.0   5.0 450.0                            LAT/LON1/LON2/DLON/H
  134  134  135  128  119  111  103  103  107  107  109  109  106  101   96   91
   87   82   76   69   60   50   41   34   29   26   24   24   23   23   22   20
   19   18   18   18   19   21   24   26   29   31   33   35   36   36   36   36
   36   36   36   36   36   37   40   44   52   61   72   83   93  103  112  118
  121  123  129  127  128  129  133  149  134                                   
    52.5-180.0 180.0   5.0 450.0                            LAT/LON1/LON2/DLON/H
  155  156  155  146  136  125  115  110  110  108  108  108  107  105  103  100
   97   91   83   72   60   48   38   30   24   22   21   22   23   23   23   23
   22   22   23   25   27   29   32   35   37   40   42   43   43   43   42   41
   41   41   41   41   41   42   45   49   56   66   77   88  101  113  125  135
  141  145  152  152  153  152  154  171  155                                   
    50.0-180.0 180.0   5.0 450.0                            LAT/LON1/LON2/DLON/H
  183  186  183  175  164  150  136  127  121  114  111  109  108  108  107  106
  102   95   84   72   58   46   35   28   23   22   22   24   26   28   29   29
   30   31   33   35   38   41   43   46   48   50   52   53   52   51   50   49
   48   49   49   50   51   52   55   59   65   73   83   94  107  121  135  149
  159  167  176  178  181  181  181  198  183                                   
    47.5-180.0 180.0   5.0 450.0                            LAT/LON1/LON2/DLON/H
  214  221  217  212  199  182  166  150  138  125  117  113  110  109  109  107
  102   93   82   69   56   45   36   30   27   27   28   31   34   36   37   38
   39   41   43   46   49   52   54   56   58   60   62   62   62   60   59   58
   58   59   62   64   66   68   70   73   77   83   92  102  114  128  145  162
  175  187  197  201  208  210  211  225  214                                   
    45.0-180.0 180.0   5.0 450.0                            LAT/LON1/LON2/DLON/H
  240  252  248  247  233  216  198  178  159  140  127  119  114  111  109  105
   99   89   78   67   56   48   41   37   35   36   37   40   42   44   45   45
   46   48   51   55   58   61   63   64   66   68   70   71   71   69   68   68
   70   73   77   81   84   86   88   90   93   98  104  113  124  138  155  174
  189  203  215  220  229  234  237  249  240                                   
    42.5-180.0 180.0   5.0 450.0                            LAT/LON1/LON2/DLON/H
  257  270  267  268  256  241  224  202  179  157  140  128  120  115  111  105
   96   86   77   68   60   54   50   48   47   47   48   49   49   49   48   48
   49   51   54   58   62   65   67   69   71   74   76   78   78   78   78   79
   82   86   92   96  100  103  105  107  110  114  119  127  137  151  167  186
  201  215  228  233  241  248  254  265  257                                   
    40.0-180.0 180.0   5.0 450.0                            LAT/LON1/LON2/DLON/H
  261  272  268  270  261  250  234  215  193  170  152  138  128  121  114  106
   96   87   79   73   68   65   63   62   61   59   57   55   53   50   48   46
   47   50   54   59   63   67   69   72   75   78   80   83   84   85   85   87
   91   96  102  107  111  115  118  121  125  129  135  143  153  165  181  198
  212  225  236  241  247  254  263  275  261                                   
    37.5-180.0 180.0   5.0 450.0                            LAT/LON1/LON2/DLON/H
  256  262  256  256  250  241  228  213  196  176  160  148  138  129  121  111
  101   92   86   83   81   80   79   77   73   69   64   58   53   49   46   45
   46   49   54   60   65   68   71   74   77   81   84   86   88   89   90   92
   96  100  105  110  115  120  125  129  135  141  149  158  168  181  195  210
  222  233  244  248  251  257  270  285  256                                   
    35.0-180.0 180.0   5.0 450.0                            LAT/LON1/LON2/DLON/H
  251  252  242  236  231  223  211  200  190  175  163  154  146  138  129  120
  111  103   99   98   97   96   94   89   82   74   67   60   54   50   47   47
   49   53   59   64   69   72   75   78   82   85   88   90   90   91   91   93
   96   99  103  108  112  118  125  132  140  149  159  170  182  196  210  224
  235  244  254  258  259  266  282  301  251                                   
    32.5-180.0 180.0   5.0 450.0                            LAT/LON1/LON2/DLON/H
  259  256  243  228  218  208  195  186  180  171  163  157  152  146  138  130
  123  118  116  115  113  109  103   94   85   76   69   63   59   57   56   57
   60   64   69   74   78   81   83   86   89   91   93   93   92   91   91   92
   93   95   98  101  106  112  121  130  141  153  166  180  194  209  225  240
  251  260  271  276  279  286  306  330  259                                   
    30.0-180.0 180.0   5.0 450.0                            LAT/LON1/LON2/DLON/H
  293  289  269  244  227  211  194  184  178  171  165  161  157  152  146  141
  136  133  131  128  123  114  103   93   84   78   75   73   72   73   75   77
   80   85   89   92   94   95   97   98  100  100  100   97   94   92   90   90
   90   90   91   93   97  105  115  127  140  155  170  187  204  222  240  258
  271  283  296  304  312  322  344  372  293                                   
    27.5-180.0 180.0   5.0 450.0                            LAT/LON1/LON2/DLON/H
  357  356  328  292  269  245  222  205  193  182  174  167  162  157  152  148
  145  142  139  132  121  108   96   88   84   84   87   91   96  101  105  108
  112  116  118  119  117  116  115  114  114  112  108  103   98   94   91   89
   88   87   86   87   92  101  113  126  141  156  173  192  212  234  256  277
  296  312  329  341  357  372  395  427  357                                   
    25.0-180.0 180.0   5.0 450.0                            LAT/LON1/LON2/DLON/H
  449  455  419  376  348  316  282  254  231  210  194  182  172  164  157  152
  148  144  137  125  110   96   87   85   90   99  110  121  132  140  146  151
  153  154  153  150  144  139  135  132  129  125  118  111  104   98   94   91
   89   86   84   86   92  103  117  132  147  163  179  198  219  243  269  296
  321  344  366  383  410  434  459  493  449                                   
    22.5-180.0 180.0   5.0 450.0                            LAT/LON1/LON2/DLON/H
  552  570  540  497  463  422  374  330  293  259  231  207  189  174  163  155
  147  139  127  112   97   86   84   92  108  127  146  163  177  188  194  195
  194  191  186  178  169  160  153  148  143  137  129  120  111  104   99   95
   92   88   86   88   97  110  128  145  160  174  188  205  226  251  279  311
  343  373  401  425  463  498  529  564  552                                   
    20.0-180.0 180.0   5.0 450.0                            LAT/LON1/LON2/DLON/H
  645  679  669  640  603  555  494  435  381  331  286  248  216  192  174  159
  146  133  118  103   92   89   96  115  141  168  193  211  224  232  234  232
  226  219  210  199  187  176  167  161  156  149  141  130  120  112  106  100
   96   91   89   93  103  120  140  158  173  186  198  213  233  257  287  322
  359  396  429  461  507  550  588  624  645                                   
    17.5-180.0 180.0   5.0 450.0                            LAT/LON1/LON2/DLON/H
  706  759  770  762  731  686  624  556  489  423  360  304  258  221  193  170
  151  133  118  107  103  109  128  157  191  222  244  256  262  263  260  254
  245  235  223  210  197  185  177  172  167  160  151  140  129  120  111  104
   98   93   91   95  107  126  148  169  184  196  207  221  239  263  293  330
  371  411  449  486  535  580  623  661  706                                   
    15.0-180.0 180.0   5.0 450.0                            LAT/LON1/LON2/DLON/H
  726  791  817  828  810  779  729  667  598  523  447  375  314  264  224  193
  167  147  134  129  134  150  180  217  253  278  289  289  284  277  269  260
  249  238  225  213  201  192  185  180  175  168  159  148  136  125  115  106
   98   92   90   94  107  128  152  174  190  202  213  227  245  268  299  337
  378  420  459  498  544  583  628  666  726                                   
    12.5-180.0 180.0   5.0 450.0                            LAT/LON1/LON2/DLON/H
  704  773  805  830  828  815  784  739  681  611  533  453  381  320  271  230
  200  179  170  172  186  214  251  289  316  326  319  304  287  274  263  254
  243  233  222  213  205  198  193  188  182  175  165  153  140  127  115  105
   96   89   86   91  105  127  152  174  191  204  216  230  249  274  305  342
  383  424  463  500  539  568  608  643  704                                   
    10.0-180.0 180.0   5.0 450.0                            LAT/LON1/LON2/DLON/H
  655  715  748  779  791  794  784  761  724  670  601  526  454  388  332  286
  251  231  226  237  261  295  331  359  369  358  332  301  277  261  251  243
  236  228  223  219  215  209  204  197  189  179  168  154  140  126  113  101
   92   85   82   87  101  122  147  169  187  201  215  232  253  279  310  346
  384  423  460  494  524  543  575  606  655                                   
     7.5-180.0 180.0   5.0 450.0                            LAT/LON1/LON2/DLON/H
  597  637  665  696  718  731  739  738  725  693  643  583  520  459  404  357
  322  304  304  321  349  381  407  415  402  369  327  289  262  248  243  240
