data/edconvlstm_nd/pred1980.15i
     1.0            IONOSPHERE MAPS     GNSS                IONEX VERSION / TYPE
pyspatialgeodesy        IME             05-JAN-18 20:20     PGM / RUN BY / DATE 
Map Name                                                    COMMENT             
Predicted global ionosphere maps (GIM).                     DESCRIPTION         
  2015     7    17     0     0     0                        EPOCH OF FIRST MAP  
  2015     7    18     0     0     0                        EPOCH OF LAST MAP   
  7200                                                      INTERVAL            
    13                                                      # OF MAPS IN FILE   
  NONE                                                      MAPPING FUNCTION    
10.0                                                        ELEVATION CUTOFF    
One-way carrier phase leveled to code                       OBSERVABLES USED    
  6371.0                                                    BASE RADIUS         
 2                                                          MAP DIMENSION       
   450.0 450.0   0.0                                        HGT1 / HGT2 / DHGT  
    87.5 -87.5  -2.5                                        LAT1 / LAT2 / DLAT  
  -180.0 180.0   5.0                                        LON1 / LON2 / DLON  
    -1                                                      EXPONENT            
                                                            END OF HEADER       
[from data line 3003]
     8                                                      START OF TEC MAP    
  2015     7    17    14     0     0                        EPOCH OF CURRENT MAP
    87.5-180.0 180.0   5.0 450.0                            LAT/LON1/LON2/DLON/H
  152  154  150  157  159  160  159  158  160  161  161  161  161  161  161  161
  160  160  160  159  159  159  158  158  157  157  156  155  155  154  154  153
  152  152  151  150  150  149  148  148  148  147  147  147  147  147  147  147
  147  147  147  147  147  147  147  147  147  147  147  147  148  148  148  148
  148  150  149  148  154  151  159  154  152                                   
    85.0-180.0 180.0   5.0 450.0                            LAT/LON1/LON2/DLON/H
  147  151  161  157  157  161  162  164  165  166  166  167  166  166  166  166
  166  165  165  165  164  164  163  163  162  162  161  161  160  159  159  158
  157  156  155  154  153  152  152  151  150  150  150  150  150  150  150  150
  150  150  150  150  150  150  150  150  150  150  150  150  150  151  151  151
  152  153  150  148  148  146  150  152  147                                   
    82.5-180.0 180.0   5.0 450.0                            LAT/LON1/LON2/DLON/H
  134  146  148  146  147  151  154  156  157  158  158  159  159  159  158  158
  158  157  157  157  157  157  157  157  157  157  156  156  156  156  155  154
  153  152  151  149  148  147  146  146  145  145  145  145  145  145  145  146
  146  146  146  146  145  145  145  144  144  143  143  142  142  141  141  141
  141  141  138  140  138  144  140  134  134                                   
    80.0-180.0 180.0   5.0 450.0                            LAT/LON1/LON2/DLON/H
  127  135  141  141  142  144  147  151  152  154  154  155  154  154  154  153
  153  153  152  152  152  152  152  153  153  153  153  154  153  153  152  151
  150  148  147  145  143  142  141  140  140  140  140  140  141  142  143  143
  144  144  144  143  143  142  141  140  139  138  137  136  135  134  134  134
  134  133  131  132  128  129  131  125  127                                   
    77.5-180.0 180.0   5.0 450.0                            LAT/LON1/LON2/DLON/H
  126  128  133  135  136  140  142  145  147  147  147  147  147  146  145  145
  144  144  144  144  144  145  146  147  148  149  150  151  151  152  152  151
  150  148  147  145  143  141  140  139  139  140  141  142  144  145  146  147
  148  148  148  147  146  144  142  141  139  137  135  133  131  130  129  127
  126  125  123  124  125  121  122  121  126                                   
    75.0-180.0 180.0   5.0 450.0                            LAT/LON1/LON2/DLON/H
  118  123  125  128  131  137  138  141  143  144  143  143  142  141  140  139
  138  138  138  139  140  141  142  144  145  147  149  151  152  153  154  154
  153  151  150  148  146  144  143  142  143  144  145  147  150  152  153  154
  154  154  153  152  150  148  145  143  141  138  136  134  131  129  128  126
  125  123  121  118  120  117  118  109  118                                   
    72.5-180.0 180.0   5.0 450.0                            LAT/LON1/LON2/DLON/H
  112  116  118  124  126  132  135  138  139  140  138  137  136  134  132  131
  131  130  131  132  133  134  136  138  140  142  144  146  148  150  151  152
  152  152  151  149  147  145  144  144  145  147  150  153  156  158  159  160
  160  159  158  156  153  150  147  145  142  139  137  134  132  130  128  126
  123  121  119  115  115  113  114  111  112                                   
    70.0-180.0 180.0   5.0 450.0                            LAT/LON1/LON2/DLON/H
  109  111  113  119  121  127  130  133  135  136  135  133  131  129  127  126
  125  125  126  127  128  130  131  133  134  136  138  141  143  146  148  150
  152  152  151  150  148  147  146  147  149  151  155  158  161  163  164  164
  163  162  159  157  154  151  148  145  143  140  138  136  134  132  130  128
  125  122  119  115  114  111  114  111  109                                   
    67.5-180.0 180.0   5.0 450.0                            LAT/LON1/LON2/DLON/H
  106  108  110  117  119  125  129  133  135  136  135  134  132  129  127  126
  125  125  126  127  128  129  130  131  132  133  134  136  138  141  144  147
  150  151  151  151  150  149  149  150  152  156  159  163  166  168  168  167
  166  163  161  158  155  152  150  148  146  145  143  142  140  138  136  134
  131  127  123  117  114  111  113  110  106                                   
    65.0-180.0 180.0   5.0 450.0                            LAT/LON1/LON2/DLON/H
  103  105  105  112  113  120  124  129  132  135  134  134  132  129  127  126
  125  125  126  127  128  129  129  129  130  130  131  132  134  137  140  144
  147  150  151  151  151  150  151  152  156  160  164  168  170  171  170  168
  166  163  160  158  156  154  153  151  151  150  149  148  147  146  144  141
  137  133  128  122  118  114  116  113  103                                   
    62.5-180.0 180.0   5.0 450.0                            LAT/LON1/LON2/DLON/H
   99  101  100  105  107  113  118  124  128  131  132  133  131  130  128  127
  127  127  127  128  128  128  129  128  128  128  128  128  130  133  136  140
  145  148  150  151  151  151  152  154  158  162  167  170  171  171  169  166
  163  161  159  158  157  157  157  157  156  156  156  155  154  152  150  147
  142  137  132  125  119  114  115  112   99                                   
    60.0-180.0 180.0   5.0 450.0                            LAT/LON1/LON2/DLON/H
   96   96   94   98   98  104  110  116  121  125  127  129  129  128  127  127
  127  127  127  127  127  127  127  127  127  127  127  127  128  131  134  138
  143  147  150  151  152  152  154  156  160  165  169  172  172  170  167  164
  161  160  159  160  161  162  163  164  164  164  164  163  161  158  154  151
  145  139  133  126  119  113  113  110   96                                   
    57.5-180.0 180.0   5.0 450.0                            LAT/LON1/LON2/DLON/H
   93   91   89   91   90   96  101  107  113  118  121  124  125  125  126  126
  127  127  127  126  126  126  127  127  128  129  129  130  131  133  136  140
  145  149  152  154  155  156  158  161  165  169  173  174  173  171  167  163
  161  161  163  166  169  171  173  174  174  174  172  170  167  163  158  153
  147  140  133  126  118  111  111  107   93                                   
    55.0-180.0 180.0   5.0 450.0                            LAT/LON1/LON2/DLON/H
   91   88   85   86   84   89   94   99  105  110  114  117  119  121  122  124
  125  126  126  125  125  125  126  128  130  132  134  135  136  138  141  145
  149  153  157  159  160  162  163  167  171  175  177  178  176  172  168  165
  164  166  169  174  178  182  184  185  185  183  181  177  172  166  159  153
  146  138  131  124  116  108  108  105   91                                   
    52.5-180.0 180.0   5.0 450.0                            LAT/LON1/LON2/DLON/H
   91   87   85   85   81   86   90   94   99  103  107  110  113  115  118  121
  123  125  125  125  124  125  127  129  133  137  140  142  144  145  148  151
  155  160  163  166  167  169  171  174  178  181  183  182  179  175  171  169
  169  173  178  183  188  192  194  194  193  191  188  183  176  168  159  152
  144  136  129  121  114  106  105  103   91                                   
    50.0-180.0 180.0   5.0 450.0                            LAT/LON1/LON2/DLON/H
   93   89   88   87   83   86   89   92   96  100  103  106  108  111  115  118
  122  125  126  126  127  128  130  133  138  143  147  150  152  154  156  159
  163  167  171  174  176  178  181  183  186  189  190  189  185  181  178  176
  178  182  187  193  198  200  201  201  200  198  194  188  180  170  160  151
  143  135  128  121  113  106  105  103   93                                   
    47.5-180.0 180.0   5.0 450.0                            LAT/LON1/LON2/DLON/H
   97   94   93   92   87   91   92   94   97  101  103  105  107  110  113  118
  123  127  130  131  133  134  137  140  145  150  154  158  160  162  165  168
  171  176  180  184  188  190  192  194  196  198  198  196  193  190  187  186
  188  192  197  201  204  205  205  204  204  202  199  193  184  173  162  152
  143  136  129  122  115  107  107  105   97                                   
    45.0-180.0 180.0   5.0 450.0                            LAT/LON1/LON2/DLON/H
  101  100   99   99   94   97   99  100  103  105  107  109  110  112  115  120
  126  132  137  140  143  145  147  151  155  159  162  165  168  171  173  176
  181  186  192  197  201  204  206  208  209  209  208  206  203  200  198  198
  199  202  204  206  207  206  205  205  205  205  203  198  189  178  166  156
  147  139  133  125  118  111  110  109  101                                   
    42.5-180.0 180.0   5.0 450.0                            LAT/LON1/LON2/DLON/H
  105  105  103  105  101  104  106  108  110  113  115  117  117  119  121  126
  133  140  147  153  157  159  162  164  166  169  171  173  176  179  182  186
  192  198  206  213  219  223  224  224  223  222  220  218  215  213  211  211
  211  211  211  210  208  205  204  204  205  207  208  204  196  184  172  161
  152  144  137  129  122  116  115  113  105                                   
    40.0-180.0 180.0   5.0 450.0                            LAT/LON1/LON2/DLON/H
  107  108  106  108  106  109  112  114  118  122  125  127  128  129  131  135
  142  151  159  167  173  176  179  180  180  180  181  183  185  188  193  198
  206  215  225  234  241  245  246  244  242  238  235  232  230  228  227  225
  223  221  218  214  210  206  204  204  207  211  213  211  203  192  179  168
  158  150  143  135  127  121  119  117  107                                   
    37.5-180.0 180.0   5.0 450.0                            LAT/LON1/LON2/DLON/H
  107  109  107  108  107  110  114  118  123  129  134  138  140  141  142  146
  153  162  172  182  189  194  196  196  195  193  193  194  197  201  206  214
  224  236  248  260  268  272  272  268  263  258  253  250  248  246  244  241
  237  232  227  221  216  211  208  208  212  217  220  219  212  200  187  175
  164  156  148  140  132  126  124  120  107                                   
    35.0-180.0 180.0   5.0 450.0                            LAT/LON1/LON2/DLON/H
  107  109  106  106  105  108  112  118  125  133  141  148  151  153  155  158
  165  174  185  196  204  209  212  212  210  208  207  208  211  217  224  234
  247  262  277  289  298  302  301  295  288  281  275  271  268  266  263  258
  253  247  241  235  228  222  218  218  220  225  228  226  219  208  195  182
  171  162  154  146  138  132  129  123  107                                   
    32.5-180.0 180.0   5.0 450.0                            LAT/LON1/LON2/DLON/H
  109  110  107  104  102  104  109  114  123  133  144  154  160  164  167  170
  176  185  196  207  216  222  225  226  225  224  224  225  230  237  246  259
  274  291  308  322  331  334  331  324  315  306  299  294  291  288  284  279
  273  266  261  255  248  241  235  231  231  233  234  232  225  213  201  189
  177  169  160  152  144  138  135  128  109                                   
    30.0-180.0 180.0   5.0 450.0                            LAT/LON1/LON2/DLON/H
  114  114  111  105  101  102  105  109  118  129  142  155  165  172  177  181
  187  195  205  216  224  231  236  238  239  240  241  245  251  260  271  286
  304  322  340  354  363  364  360  352  342  332  324  318  315  312  307  301
  295  290  286  281  274  265  255  247  242  240  238  234  227  216  204  194
  183  175  167  160  152  147  143  135  114                                   
    27.5-180.0 180.0   5.0 450.0                            LAT/LON1/LON2/DLON/H
  124  122  118  110  104  104  104  105  112  123  137  152  166  176  183  189
  195  203  212  221  230  237  243  248  252  256  260  265  273  284  297  314
  333  353  371  384  391  391  386  377  366  356  348  343  339  336  331  326
  321  317  315  311  303  291  276  262  251  244  238  232  224  214  205  197
  188  181  174  169  162  158  153  145  124                                   
    25.0-180.0 180.0   5.0 450.0                            LAT/LON1/LON2/DLON/H
  137  135  130  121  113  110  107  105  109  117  130  146  162  175  186  193
  201  208  217  225  233  241  249  256  264  271  278  285  295  307  321  339
  359  379  396  408  414  413  407  397  387  377  370  366  363  360  355  350
  346  345  344  340  330  314  293  273  256  243  233  225  217  210  203  198
  192  187  182  178  173  169  165  157  137                                   
    22.5-180.0 180.0   5.0 450.0                            LAT/LON1/LON2/DLON/H
  152  150  145  136  127  122  116  110  109  114  124  139  156  172  185  195
  204  212  220  227  235  243  252  263  274  284  294  303  314  327  343  361
  381  400  416  426  430  428  422  413  404  396  390  387  384  382  377  373
  370  370  369  364  351  330  303  277  255  238  225  215  208  203  200  198
  194  193  189  187  184  181  176  169  152                                   
    20.0-180.0 180.0   5.0 450.0                            LAT/LON1/LON2/DLON/H
  166  165  159  153  143  137  128  119  114  114  120  133  149  166  181  194
  205  214  222  229  236  245  256  268  282  295  307  318  330  344  360  378
  397  415  429  438  441  439  433  425  417  411  407  405  403  400  396  391
  389  388  386  378  362  336  305  275  250  231  216  206  199  196  196  197
  197  197  195  194  192  189  185  179  166                                   
    17.5-180.0 180.0   5.0 450.0                            LAT/LON1/LON2/DLON/H
  176  176  171  167  159  152  142  130  121  117  119  128  142  159  176  192
  205  216  224  232  239  248  259  273  289  304  317  331  344  359  375  392
  409  425  437  444  447  446  441  435  428  424  421  420  418  415  410  405
  401  398  393  382  361  332  299  269  244  225  210  199  193  191  193  196
  198  200  199  199  197  193  189  184  176                                   
    15.0-180.0 180.0   5.0 450.0                            LAT/LON1/LON2/DLON/H
  179  181  175  175  169  162  152  140  129  122  119  125  136  153  171  188
  204  216  226  235  242  252  264  278  295  311  327  341  356  372  388  405
  420  433  443  449  452  451  448  443  438  435  433  431  429  425  419  412
  406  400  392  376  352  321  289  262  240  224  209  198  191  189  192  195
  197  199  199  199  196  192  188  182  179                                   
    12.5-180.0 180.0   5.0 450.0                            LAT/LON1/LON2/DLON/H
  176  178  173  174  171  165  157  145  134  125  120  122  132  147  165  184
  201  216  228  237  246  256  268  284  301  318  335  352  369  386  402  417
  430  441  449  454  456  456  454  451  447  444  441  439  436  430  422  413
  404  395  383  364  338  307  279  257  240  227  214  202  194  190  191  193
  194  196  195  194  191  185  181  175  176                                   
    10.0-180.0 180.0   5.0 450.0                            LAT/LON1/LON2/DLON/H
  169  170  166  167  165  160  154  145  135  126  120  121  128  142  160  180
  199  215  228  240  250  261  274  290  307  326  345  364  383  402  418  432
  442  450  456  460  462  462  461  458  454  450  446  441  436  428  419  408
  397  385  370  348  322  294  270  255  245  235  224  211  200  193  191  190
  189  189  187  186  182  175  171  164  169                                   
     7.5-180.0 180.0   5.0 450.0                            LAT/LON1/LON2/DLON/H
  160  160  156  156  154  150  146  139  132  124  118  118  125  138  156  176
  196  214  229  242  254  266  280  296  315  335  357  378  399  419  435  447
