data/edconvlstm_nd/pred0050.15i
     1.0            IONOSPHERE MAPS     GNSS                IONEX VERSION / TYPE
pyspatialgeodesy        IME             05-JAN-18 20:20     PGM / RUN BY / DATE 
Map Name                                                    COMMENT             
Predicted global ionosphere maps (GIM).                     DESCRIPTION         
  2015     1     5     0     0     0                        EPOCH OF FIRST MAP  
  2015     1     6     0     0     0                        EPOCH OF LAST MAP   
  7200                                                      INTERVAL            
    13                                                      # OF MAPS IN FILE   
  NONE                                                      MAPPING FUNCTION    
10.0                                                        ELEVATION CUTOFF    
One-way carrier phase leveled to code                       OBSERVABLES USED    
  6371.0                                                    BASE RADIUS         
 2                                                          MAP DIMENSION       
   450.0 450.0   0.0                                        HGT1 / HGT2 / DHGT  
    87.5 -87.5  -2.5                                        LAT1 / LAT2 / DLAT  
  -180.0 180.0   5.0                                        LON1 / LON2 / DLON  
    -1                                                      EXPONENT            
                                                            END OF HEADER       
     1                                                      START OF TEC MAP    
  2015     1     5     0     0     0                        EPOCH OF CURRENT MAP
    87.5-180.0 180.0   5.0 450.0                            LAT/LON1/LON2/DLON/H
   93   84   73   67   70   78   77   78   82   85   89   93   97  100  103  106
  108  109  111  111  111  111  110  109  108  107  105  103  101   99   97   95
   93   90   88   86   84   82   81   79   77   76   75   73   72   71   70   69
   67   67   66   65   64   63   63   62   61   61   60   60   59   59   59   59
   59   58   57   59   49   66   69   59   93                                   
    85.0-180.0 180.0   5.0 450.0                            LAT/LON1/LON2/DLON/H
   79   75   55   60   65   75   74   76   79   83   87   91   94   98  101  103
  105  106  107  107  107  106  105  103  101   99   97   95   93   90   88   86
   84   82   80   79   77   76   75   74   73   72   71   70   69   69   68   67
   66   65   65   64   63   62   62   61   60   60   59   59   58   58   57   57
   57   56   56   60   63   69   77   67   79                                   
    82.5-180.0 180.0   5.0 450.0                            LAT/LON1/LON2/DLON/H
   59   46   57   56   59   70   70   72   79   84   90   95  100  105  108  111
  112  113  113  111  110  107  105  101   98   95   91   88   84   81   78   75
   73   71   69   68   66   65   65   64   64   63   63   62   61   60   60   59
   58   57   56   55   54   53   53   52   51   50   50   49   49   49   49   49
   48   47   46   45   52   48   58   64   59                                   
    80.0-180.0 180.0   5.0 450.0                            LAT/LON1/LON2/DLON/H
   66   53   57   50   58   63   67   70   80   86   93  101  108  113  117  119
  120  120  119  116  113  109  105  101   97   92   88   84   80   76   73   70
   68   66   65   64   63   63   63   63   63   63   63   63   62   62   61   60
   59   58   58   57   56   55   54   53   53   52   52   51   51   51   51   51
   51   49   49   48   65   58   69   83   66                                   
    77.5-180.0 180.0   5.0 450.0                            LAT/LON1/LON2/DLON/H
   78   71   63   64   63   68   73   81   92   99  109  118  126  131  134  135
  134  132  128  124  119  114  109  104   99   94   89   84   80   76   73   70
   69   67   67   67   67   68   69   70   71   71   72   71   71   70   70   69
   68   67   66   65   64   63   63   62   62   61   61   61   61   61   62   62
   62   63   63   62   72   73   76   94   78                                   
    75.0-180.0 180.0   5.0 450.0                            LAT/LON1/LON2/DLON/H
   95   79   78   79   75   81   84   92  103  111  120  129  134  137  137  135
  130  125  119  113  108  103   99   95   91   87   83   80   76   73   71   70
   69   69   69   71   73   75   77   78   80   80   81   81   80   79   78   77
   76   75   74   73   72   72   71   71   71   71   72   72   73   74   76   77
   77   79   81   76   86   94   92  106   95                                   
    72.5-180.0 180.0   5.0 450.0                            LAT/LON1/LON2/DLON/H
  105   92   92   92   87   88   92  101  112  120  129  135  139  138  134  127
  119  111  103   96   91   88   85   82   80   78   76   74   72   71   69   69
   69   70   71   74   76   79   81   83   84   85   85   85   83   82   80   79
   77   75   74   74   73   73   73   74   75   75   76   77   79   81   84   87
   88   92   98   96  103  110  113  129  105                                   
    70.0-180.0 180.0   5.0 450.0                            LAT/LON1/LON2/DLON/H
  125  111  110  112  105  106  109  117  127  135  142  147  147  142  133  121
  109   97   88   81   76   74   72   72   72   71   71   71   70   70   69   70
   71   72   74   77   80   82   85   87   88   89   89   88   86   84   82   80
   78   77   76   76   76   77   78   80   81   83   84   86   88   91   95   99
  102  106  114  115  122  132  134  146  125                                   
    67.5-180.0 180.0   5.0 450.0                            LAT/LON1/LON2/DLON/H
  144  132  128  130  123  120  122  129  139  145  151  153  150  141  127  112
   96   82   72   65   60   59   59   59   60   61   62   62   63   63   64   64
   65   66   68   70   73   75   77   79   80   81   81   80   78   76   74   72
   70   69   69   69   70   73   75   78   80   83   85   87   89   92   96  102
  106  111  121  124  134  146  148  159  144                                   
    65.0-180.0 180.0   5.0 450.0                            LAT/LON1/LON2/DLON/H
  161  150  144  146  139  135  135  142  151  156  161  162  156  144  128  109
   92   76   65   57   53   51   51   52   53   54   55   55   56   57   57   57
   58   58   59   60   61   63   65   66   67   68   68   68   67   65   63   61
   60   59   59   60   63   66   70   75   79   82   84   87   89   92   96  102
  107  113  124  129  141  154  159  170  161                                   
    62.5-180.0 180.0   5.0 450.0                            LAT/LON1/LON2/DLON/H
  176  167  160  161  154  149  147  153  161  166  171  171  165  153  135  116
   97   81   69   61   56   53   52   51   50   50   50   50   51   51   51   51
   50   49   49   49   50   51   52   53   55   56   57   57   56   55   54   52
   50   49   50   52   55   60   66   72   77   82   85   88   90   93   97  103
  108  114  126  131  143  158  163  176  176                                   
    60.0-180.0 180.0   5.0 450.0                            LAT/LON1/LON2/DLON/H
  186  182  174  173  167  160  156  160  167  172  176  178  173  163  147  129
  110   95   82   72   66   61   57   53   50   48   46   46   46   46   46   45
   43   42   40   40   40   41   42   44   46   47   48   49   49   49   47   45
   43   42   42   44   48   54   61   69   75   81   86   89   91   94   99  104
  109  115  127  133  143  158  164  178  186                                   
    57.5-180.0 180.0   5.0 450.0                            LAT/LON1/LON2/DLON/H
  197  198  191  188  180  172  166  166  172  174  179  182  180  173  161  145
  129  114  101   90   80   72   64   56   50   45   43   42   42   42   42   41
   39   37   35   35   35   36   38   40   42   44   46   47   48   47   46   43
   41   39   38   39   43   50   58   67   75   82   87   92   95   99  104  110
  115  121  133  140  149  161  168  184  197                                   
    55.0-180.0 180.0   5.0 450.0                            LAT/LON1/LON2/DLON/H
  212  218  211  206  199  189  179  176  177  177  180  184  185  181  174  163
  150  137  123  109   96   84   71   60   50   43   40   39   40   41   41   40
   38   36   35   35   36   38   41   43   45   48   50   51   52   51   49   46
   43   40   39   40   43   50   58   67   76   84   91   96  100  105  112  119
  125  133  146  154  163  172  179  195  212                                   
    52.5-180.0 180.0   5.0 450.0                            LAT/LON1/LON2/DLON/H
  232  244  237  231  224  213  199  191  188  184  184  187  189  189  186  180
  170  158  145  129  114   97   81   66   53   45   41   40   42   43   44   43
   41   40   40   41   44   47   50   52   55   56   58   59   59   58   56   53
   49   46   45   45   48   54   62   70   79   87   94  101  107  113  121  131
  140  151  165  174  184  191  196  212  232                                   
    50.0-180.0 180.0   5.0 450.0                            LAT/LON1/LON2/DLON/H
  257  274  266  260  256  244  228  216  207  198  193  193  195  197  197  194
  187  177  163  148  131  112   93   75   61   51   47   46   48   50   51   50
   49   49   50   54   58   62   65   67   68   69   70   71   71   69   67   63
   60   57   56   56   59   64   70   77   85   92   99  106  113  122  132  145
  157  171  187  198  210  216  220  233  257                                   
    47.5-180.0 180.0   5.0 450.0                            LAT/LON1/LON2/DLON/H
  283  305  296  292  290  280  263  247  233  218  209  205  204  206  206  204
  199  190  177  163  146  128  108   89   74   63   58   57   58   60   60   59
   59   60   64   69   75   79   82   83   83   83   84   84   83   81   79   76
   73   72   71   71   74   77   82   87   93   99  106  113  121  131  143  159
  174  191  210  223  236  244  246  256  283                                   
    45.0-180.0 180.0   5.0 450.0                            LAT/LON1/LON2/DLON/H
  305  331  323  322  324  316  300  284  266  246  231  222  218  217  216  213
  206  197  187  175  161  145  126  108   92   80   73   71   70   70   69   68
   68   72   77   84   90   95   96   96   96   96   96   95   94   92   90   88
   87   87   88   89   91   93   95   98  102  107  113  121  129  139  153  171
  189  209  229  244  259  269  269  274  305                                   
    42.5-180.0 180.0   5.0 450.0                            LAT/LON1/LON2/DLON/H
  318  347  341  344  350  345  334  320  301  278  258  245  237  232  227  221
  213  203  194  186  177  164  149  131  114  100   90   85   81   78   76   74
   76   80   88   96  102  105  106  105  104  104  104  104  103  102  101  100
  100  101  103  104  106  107  108  110  112  117  122  129  138  148  163  182
  201  222  244  260  275  286  286  286  318                                   
    40.0-180.0 180.0   5.0 450.0                            LAT/LON1/LON2/DLON/H
  322  351  346  352  362  362  356  347  331  307  286  269  258  249  241  231
  220  211  204  200  196  188  175  157  137  119  105   95   88   83   79   77
   79   85   94  101  107  109  108  107  106  107  109  110  109  108  107  107
  108  110  112  115  116  117  118  119  121  125  131  138  147  159  173  192
  212  233  254  270  284  295  294  290  322                                   
    37.5-180.0 180.0   5.0 450.0                            LAT/LON1/LON2/DLON/H
  319  346  341  346  358  362  363  360  348  328  308  291  278  268  257  245
  232  223  219  219  219  214  200  179  154  132  114  101   92   85   81   79
   82   89   97  104  107  107  106  104  105  108  111  113  113  111  110  110
  111  112  115  117  119  121  123  124  127  132  139  148  158  170  186  205
  224  244  264  278  290  299  297  292  319                                   
    35.0-180.0 180.0   5.0 450.0                            LAT/LON1/LON2/DLON/H
  316  338  330  332  344  350  355  357  352  336  319  305  294  284  273  260
  249  241  239  241  243  237  220  193  163  137  117  104   95   88   85   84
   88   94  101  106  107  105  103  102  105  109  113  115  115  113  111  109
  108  108  109  112  114  118  121  124  129  136  146  157  170  184  201  222
  241  260  279  291  300  307  305  299  316                                   
    32.5-180.0 180.0   5.0 450.0                            LAT/LON1/LON2/DLON/H
  319  338  326  321  329  334  340  345  344  333  321  311  303  295  286  276
  266  260  259  261  259  249  226  195  162  136  118  107  101   97   95   96
  100  106  111  113  111  107  104  104  108  113  118  120  118  114  110  106
  103  100   99  101  104  108  113  119  126  137  150  166  183  201  222  245
  266  285  304  314  321  327  323  317  319                                   
    30.0-180.0 180.0   5.0 450.0                            LAT/LON1/LON2/DLON/H
  337  353  337  323  324  326  329  333  333  326  317  310  305  300  294  286
  280  276  274  272  265  247  219  186  156  134  122  117  115  115  116  119
  123  127  129  127  122  116  113  113  118  123  127  127  123  117  111  104
   97   92   89   89   92   97  104  112  123  137  155  176  198  222  248  275
  299  321  340  350  358  363  358  349  337                                   
    27.5-180.0 180.0   5.0 450.0                            LAT/LON1/LON2/DLON/H
  372  390  368  344  339  335  332  332  330  322  314  308  304  300  296  292
  287  284  280  272  257  233  203  173  151  138  135  137  141  145  149  153
  156  158  156  150  141  134  130  131  135  139  140  137  131  122  113  104
   95   87   82   81   84   90   98  108  122  140  163  190  218  248  280  312
  342  367  389  400  410  417  410  396  372                                   
    25.0-180.0 180.0   5.0 450.0                            LAT/LON1/LON2/DLON/H
  424  446  419  389  376  366  356  349  343  332  322  314  307  301  296  292
  288  284  276  262  241  214  188  167  156  155  161  171  180  188  194  198
  199  197  190  179  167  158  154  155  157  158  156  149  140  129  119  108
   97   87   81   79   82   89   98  110  126  148  176  208  242  278  315  354
  390  420  444  457  473  483  474  453  424                                   
    22.5-180.0 180.0   5.0 450.0                            LAT/LON1/LON2/DLON/H
  488  517  490  454  435  419  403  389  375  360  345  331  319  308  298  292
  286  278  265  246  223  200  182  174  177  188  204  218  230  239  244  246
  243  235  223  209  195  186  182  181  181  178  171  161  149  137  125  113
  101   90   83   82   85   92  102  115  134  159  191  228  267  308  351  394
  436  471  498  515  536  552  543  515  488                                   
    20.0-180.0 180.0   5.0 450.0                            LAT/LON1/LON2/DLON/H
  554  592  571  533  509  488  467  446  427  407  386  366  345  325  309  296
  286  273  255  234  214  199  195  203  220  241  260  276  286  291  292  289
  279  265  248  232  220  212  208  206  202  195  184  170  156  142  129  116
  103   93   86   84   87   94  105  121  142  171  207  247  290  335  381  428
  473  512  542  563  591  611  605  574  554                                   
    17.5-180.0 180.0   5.0 450.0                            LAT/LON1/LON2/DLON/H
  612  660  649  614  586  563  538  513  490  467  442  415  386  357  332  312
  295  277  256  236  222  220  232  255  282  308  326  336  339  336  329  318
  301  282  263  248  237  231  227  223  216  205  191  175  160  145  131  117
  104   93   86   84   88   95  107  126  151  183  221  264  309  355  403  451
  498  539  571  597  629  652  652  621  612                                   
    15.0-180.0 180.0   5.0 450.0                            LAT/LON1/LON2/DLON/H
  652  710  710  681  652  628  603  577  555  532  506  475  439  402  369  341
  318  296  274  259  254  266  293  328  360  383  392  389  378  364  347  329
  308  288  269  256  247  242  238  231  221  208  193  177  161  146  130  116
  102   92   86   85   88   96  110  131  160  195  235  278  323  369  416  464
  510  551  584  613  646  670  677  650  652                                   
    12.5-180.0 180.0   5.0 450.0                            LAT/LON1/LON2/DLON/H
  671  737  745  724  698  676  651  628  608  588  565  534  497  456  417  385
  357  333  313  304  310  336  374  413  443  454  446  425  397  370  346  324
  304  285  269  257  250  245  240  231  220  206  191  176  161  146  130  115
  102   93   88   87   90   99  115  139  171  208  248  290  333  378  423  468
  511  550  583  612  645  667  680  659  671                                   
    10.0-180.0 180.0   5.0 450.0                            LAT/LON1/LON2/DLON/H
  671  742  757  743  723  703  680  659  643  628  610  584  550  511  473  439
  411  387  371  369  385  420  462  499  516  507  477  435  392  357  330  311
  294  278  265  256  250  244  237  226  214  201  189  176  163  148  131  116
  103   95   91   92   95  105  123  150  184  222  261  300  341  382  425  466
  506  541  572  601  630  649  666  652  671                                   
     7.5-180.0 180.0   5.0 450.0                            LAT/LON1/LON2/DLON/H
  661  732  752  744  731  714  692  673  660  650  637  618  591  560  528  498
  473  452  441  445  468  506  545  569  566  533  480  421  370  334  312  297
