data/edconvlstm_nd/pred2990.15i
     1.0            IONOSPHERE MAPS     GNSS                IONEX VERSION / TYPE
pyspatialgeodesy        IME             05-JAN-18 20:20     PGM / RUN BY / DATE 
Map Name                                                    COMMENT             
Predicted global ionosphere maps (GIM).                     DESCRIPTION         
  2015    10    26     0     0     0                        EPOCH OF FIRST MAP  
  2015    10    27     0     0     0                        EPOCH OF LAST MAP   
  7200                                                      INTERVAL            
    13                                                      # OF MAPS IN FILE   
  NONE                                                      MAPPING FUNCTION    
10.0                                                        ELEVATION CUTOFF    
One-way carrier phase leveled to code                       OBSERVABLES USED    
  6371.0                                                    BASE RADIUS         
 2                                                          MAP DIMENSION       
   450.0 450.0   0.0                                        HGT1 / HGT2 / DHGT  
    87.5 -87.5  -2.5                                        LAT1 / LAT2 / DLAT  
  -180.0 180.0   5.0                                        LON1 / LON2 / DLON  
    -1                                                      EXPONENT            
                                                            END OF HEADER       
[from data line 2145]
     6                                                      START OF TEC MAP    
  2015    10    26    10     0     0                        EPOCH OF CURRENT MAP
    87.5-180.0 180.0   5.0 450.0                            LAT/LON1/LON2/DLON/H
   92  100  100  105  105  105  104  100  100  100   99   98   96   95   93   92
   91   89   88   88   87   87   86   86   87   87   87   88   88   89   90   90
   90   91   91   91   91   91   91   91   90   90   90   89   89   89   88   88
   87   86   85   85   84   83   83   82   81   81   81   81   81   82   82   84
   86   89   89   89   96   97  109  107   92                                   
    85.0-180.0 180.0   5.0 450.0                            LAT/LON1/LON2/DLON/H
   95  107  116  108  107  110  109  108  107  107  104  103  101   99   97   95
   93   92   90   90   89   89   89   89   90   91   92   93   94   95   96   97
   98   99  100  100  100  100  100  100   99   99   98   98   97   96   95   94
   93   92   91   89   88   87   86   85   84   84   83   83   84   84   85   87
   90   93   91   90   92   97  105  107   95                                   
    82.5-180.0 180.0   5.0 450.0                            LAT/LON1/LON2/DLON/H
   96  107  117  108  106  108  108  107  106  104  101   99   96   92   89   86
   84   82   80   79   79   79   79   80   82   83   86   88   90   93   96   98
  100  102  104  105  106  107  107  108  108  108  107  107  106  105  104  102
  100   98   96   93   90   87   85   82   80   78   77   76   76   76   76   78
   81   84   83   85   90   97   95   93   96                                   
    80.0-180.0 180.0   5.0 450.0                            LAT/LON1/LON2/DLON/H
   99  105  114  108  107  105  106  105  104  101   97   94   89   85   81   77
   74   71   69   68   67   68   69   71   73   76   79   83   87   91   96  100
  103  106  109  112  113  115  116  117  118  119  119  119  119  118  117  116
  114  111  108  104   99   95   90   86   82   78   75   73   71   70   70   72
   74   76   78   80   84   92   97   92   99                                   
    77.5-180.0 180.0   5.0 450.0                            LAT/LON1/LON2/DLON/H
  100  103  110  107  105  106  106  106  104  100   95   91   86   81   76   72
   68   65   63   62   62   63   64   67   70   74   79   85   90   96  102  108
  114  118  123  126  129  132  134  136  138  140  141  142  143  144  144  143
  141  138  134  129  123  117  110  102   96   89   84   79   76   73   72   72
   73   74   75   78   83   84   88   88  100                                   
    75.0-180.0 180.0   5.0 450.0                            LAT/LON1/LON2/DLON/H
   92   98  101  101  100  103  102  101   98   94   89   85   79   74   69   65
   62   59   57   56   56   58   59   62   66   71   76   83   89   97  104  111
  118  124  130  135  139  143  147  151  154  158  161  165  168  170  172  173
  172  169  165  159  151  142  133  123  114  105   98   91   86   81   78   77
   76   75   76   75   80   80   83   79   92                                   
    72.5-180.0 180.0   5.0 450.0                            LAT/LON1/LON2/DLON/H
   84   91   92   94   94   99   99   98   95   92   87   83   78   74   70   66
   63   61   60   59   59   60   62   65   68   73   78   84   92  100  108  117
  125  133  140  147  153  158  164  169  174  180  185  191  196  200  203  205
  205  203  198  191  182  171  160  148  136  125  115  107   99   93   88   85
   83   81   81   78   80   79   80   79   84                                   
    70.0-180.0 180.0   5.0 450.0                            LAT/LON1/LON2/DLON/H
   79   81   84   85   85   89   89   89   87   85   82   79   75   72   69   67
   65   64   63   63   63   64   66   68   70   74   78   84   90   98  107  117
  126  136  145  153  161  169  176  184  191  198  206  213  219  225  229  232
  232  229  224  216  205  192  179  165  151  138  127  117  109  101   95   91
   86   83   81   77   77   74   78   78   79                                   
    67.5-180.0 180.0   5.0 450.0                            LAT/LON1/LON2/DLON/H
   67   70   72   74   76   81   82   82   82   80   79   78   76   75   74   72
   72   71   71   71   72   72   73   73   74   76   78   82   88   95  104  114
  124  135  146  156  167  177  186  195  204  213  221  229  235  241  246  248
  248  245  238  229  217  202  187  172  158  145  133  123  114  107  100   94
   89   83   81   74   73   69   71   72   67                                   
    65.0-180.0 180.0   5.0 450.0                            LAT/LON1/LON2/DLON/H
   59   60   62   65   66   71   73   74   74   75   75   76   76   77   77   77
   77   77   78   78   78   78   78   77   77   77   78   80   85   91  100  110
  122  134  147  160  173  185  197  208  219  228  237  244  250  256  259  261
  259  255  248  237  224  208  192  177  162  149  138  128  119  111  103   96
   90   83   79   71   69   65   66   70   59                                   
    62.5-180.0 180.0   5.0 450.0                            LAT/LON1/LON2/DLON/H
   51   52   53   56   57   62   64   66   67   68   70   73   74   76   78   79
   80   80   80   80   80   80   79   77   76   74   74   76   80   86   95  106
  118  132  147  162  177  192  206  219  231  241  249  255  260  264  266  266
  264  259  251  239  226  210  194  179  164  152  141  131  122  113  104   96
   88   81   76   67   64   59   60   66   51                                   
    60.0-180.0 180.0   5.0 450.0                            LAT/LON1/LON2/DLON/H
   49   47   47   50   50   54   56   57   59   61   63   66   69   72   74   76
   77   77   77   76   76   75   74   72   70   69   69   70   74   81   91  103
  116  132  148  165  182  199  215  230  242  252  259  264  267  269  270  269
  267  261  253  242  228  214  198  183  170  158  147  137  127  117  107   98
   88   80   74   65   62   55   56   62   49                                   
    57.5-180.0 180.0   5.0 450.0                            LAT/LON1/LON2/DLON/H
   52   48   47   48   47   50   51   52   53   54   57   60   63   66   69   71
   72   71   70   69   67   66   66   65   64   64   65   67   72   80   91  105
  120  137  154  172  191  209  227  243  255  265  271  274  276  277  277  276
  273  268  260  250  238  224  210  196  183  171  160  149  138  127  115  105
   95   85   80   71   67   59   59   64   52                                   
    55.0-180.0 180.0   5.0 450.0                            LAT/LON1/LON2/DLON/H
   62   56   52   51   50   51   50   49   49   50   52   54   57   60   63   64
   65   64   62   60   58   57   57   58   59   60   63   67   74   85   98  113
  129  147  165  184  203  222  240  257  269  278  283  286  287  287  286  285
  282  278  272  263  252  240  227  214  202  190  179  167  155  142  129  118
  107   97   92   84   80   71   69   71   62                                   
    52.5-180.0 180.0   5.0 450.0                            LAT/LON1/LON2/DLON/H
   78   70   64   61   58   57   55   52   50   50   50   51   53   55   57   59
   59   58   56   53   52   51   52   54   57   61   65   72   81   94  109  126
  144  162  180  199  218  237  255  271  283  292  296  298  298  298  298  297
  295  291  286  278  269  258  246  234  222  210  199  187  174  161  147  135
  124  115  110  103  100   90   87   85   78                                   
    50.0-180.0 180.0   5.0 450.0                            LAT/LON1/LON2/DLON/H
   97   89   82   76   72   70   65   60   56   54   52   51   52   53   55   57
   57   56   54   51   50   50   52   55   60   65   72   80   92  106  124  142
  161  180  198  216  234  252  270  285  297  305  309  311  311  311  310  310
  308  305  300  293  284  274  262  250  238  227  215  204  192  179  166  154
  143  135  131  124  122  114  111  105   97                                   
    47.5-180.0 180.0   5.0 450.0                            LAT/LON1/LON2/DLON/H
  115  109  101   94   88   86   80   73   67   62   58   56   55   55   56   58
   58   58   56   55   54   55   58   62   67   73   81   91  104  120  138  158
  178  197  215  232  250  267  284  298  310  318  322  323  323  322  322  321
  318  315  309  302  293  282  270  258  246  235  224  214  203  191  179  169
  159  152  148  143  142  137  134  126  115                                   
    45.0-180.0 180.0   5.0 450.0                            LAT/LON1/LON2/DLON/H
  129  125  118  111  104  101   94   87   80   74   69   65   62   61   61   62
   63   64   64   64   64   65   67   71   76   83   91  101  115  131  150  171
  191  210  229  246  263  280  296  310  321  329  332  333  332  331  330  327
  323  318  311  302  292  280  268  255  243  232  223  214  205  196  186  176
  168  162  157  154  155  153  151  144  129                                   
    42.5-180.0 180.0   5.0 450.0                            LAT/LON1/LON2/DLON/H
  133  133  128  122  116  112  107  100   93   87   81   76   71   69   68   69
   71   72   74   75   76   77   79   82   86   92  100  110  123  139  157  178
  199  219  238  257  275  292  307  321  332  338  341  341  339  337  334  329
  323  316  307  297  285  272  259  245  233  222  214  207  200  192  183  175
  167  161  157  154  156  157  156  152  133                                   
    40.0-180.0 180.0   5.0 450.0                            LAT/LON1/LON2/DLON/H
  127  130  128  124  120  117  113  108  103   97   91   86   81   78   77   77
   79   81   84   86   87   88   89   91   94   99  106  115  128  143  161  181
  202  224  245  265  285  302  318  331  341  347  349  349  346  342  337  331
  324  315  305  294  282  268  253  238  224  213  205  198  191  184  176  168
  160  152  146  143  145  147  149  146  127                                   
    37.5-180.0 180.0   5.0 450.0                            LAT/LON1/LON2/DLON/H
  114  120  119  116  115  114  112  109  106  103   99   95   90   87   85   84
   86   88   91   94   95   96   95   96   98  103  110  119  131  146  163  182
  204  227  250  273  294  313  329  342  351  357  359  357  354  350  345  339
  332  323  314  304  292  277  261  244  228  214  204  196  188  180  171  161
  151  141  133  126  127  127  131  130  114                                   
    35.0-180.0 180.0   5.0 450.0                            LAT/LON1/LON2/DLON/H
   99  105  105  103  103  103  104  104  104  103  101  100   97   94   92   91
   91   93   96   98   99   99   97   97   99  104  113  123  135  149  166  185
  207  232  258  283  306  326  342  354  364  369  371  371  368  365  362  358
  353  348  342  334  323  309  292  272  252  235  221  209  198  187  176  165
  152  137  125  114  111  107  112  111   99                                   
    32.5-180.0 180.0   5.0 450.0                            LAT/LON1/LON2/DLON/H
   88   93   91   89   90   90   92   94   96   98  100  101  100   99   98   96
   95   96   98   99   99   98   96   95   99  106  116  129  142  157  173  191
  214  240  269  297  321  342  358  370  380  386  389  390  390  390  390  391
  391  391  389  386  378  365  347  324  301  279  260  244  229  214  200  186
  170  152  134  116  107   96  101   98   88                                   
    30.0-180.0 180.0   5.0 450.0                            LAT/LON1/LON2/DLON/H
   87   88   84   80   79   78   80   82   86   90   94   98  101  102  101   99
   98   97   97   98   97   94   93   94   99  109  122  137  152  167  183  202
  226  254  284  314  341  362  377  390  400  407  413  417  421  425  431  437
  445  452  457  459  455  444  425  400  373  346  321  300  280  262  246  231
  212  190  167  140  124  105  106   98   87                                   
    27.5-180.0 180.0   5.0 450.0                            LAT/LON1/LON2/DLON/H
   99   96   86   79   76   73   73   74   78   82   88   94   98  101  102  101
   99   98   97   96   94   92   91   94  102  115  130  147  163  180  198  218
  243  273  305  337  364  385  400  413  423  433  442  450  459  470  482  496
  511  526  539  548  548  539  520  492  461  429  399  373  349  330  312  296
  276  252  224  190  166  136  131  114   99                                   
    25.0-180.0 180.0   5.0 450.0                            LAT/LON1/LON2/DLON/H
  124  117  101   90   84   77   74   72   74   78   83   89   94   99  101  101
   99   97   96   95   93   92   92   97  107  121  139  157  176  195  216  239
  265  296  330  362  389  410  425  437  449  461  474  488  503  520  539  561
  583  606  625  639  643  635  615  586  551  515  481  451  426  406  390  375
  356  333  301  259  228  188  173  148  124                                   
    22.5-180.0 180.0   5.0 450.0                            LAT/LON1/LON2/DLON/H
  160  150  128  112  102   90   84   79   78   79   82   86   90   95   97   98
   98   96   95   94   93   93   96  102  113  129  147  167  189  211  235  261
  290  322  355  387  413  433  448  461  474  490  507  526  547  570  595  621
  648  674  695  710  713  705  686  656  621  584  549  519  494  475  463  451
  437  417  384  340  301  254  229  198  160                                   
    20.0-180.0 180.0   5.0 450.0                            LAT/LON1/LON2/DLON/H
  205  192  165  143  128  113  103   94   89   87   85   86   87   90   92   94
   94   94   94   94   95   96  100  108  120  137  156  178  200  226  253  282
  312  344  377  407  432  451  467  481  497  515  537  561  587  613  640  666
  691  713  730  740  741  731  713  687  657  623  591  562  539  523  514  507
  499  486  457  416  372  322  290  254  205                                   
    17.5-180.0 180.0   5.0 450.0                            LAT/LON1/LON2/DLON/H
  251  236  207  181  161  141  128  116  107  100   94   90   87   86   87   89
   90   91   93   94   95   98  103  113  128  146  165  187  210  237  266  297
  329  360  391  420  444  464  481  498  516  537  562  588  616  642  666  687
  704  717  725  728  724  715  700  681  658  632  604  578  557  542  534  530
  527  522  501  468  425  379  345  305  251                                   
    15.0-180.0 180.0   5.0 450.0                            LAT/LON1/LON2/DLON/H
  288  275  248  219  195  173  156  142  129  118  107   97   89   85   83   84
   86   88   90   93   95   99  107  119  136  154  173  194  218  245  275  307
  339  370  400  427  451  472  491  510  531  554  580  607  633  657  675  687
  693  695  693  688  681  673  664  652  638  619  597  574  553  536  526  521
  519  520  509  487  452  413  382  344  288                                   
    12.5-180.0 180.0   5.0 450.0                            LAT/LON1/LON2/DLON/H
  313  301  280  251  225  202  184  168  152  137  122  107   95   86   82   81
   82   85   88   91   95  101  111  125  143  161  181  201  224  252  282  315
  347  377  405  431  455  477  498  520  543  567  593  618  641  660  671  674
  670  662  652  642  635  629  625  620  612  600  582  560  537  516  499  488
  484  487  485  475  452  422  397  364  313                                   
    10.0-180.0 180.0   5.0 450.0                            LAT/LON1/LON2/DLON/H
  326  317  300  273  248  225  207  191  173  156  137  119  103   91   84   81
   82   84   87   91   95  103  114  130  149  169  189  210  233  260  291  323
  353  382  408  432  456  480  503  527  552  576  601  624  643  656  661  658
  648  635  621  610  603  601  600  600  596  587  571  548  521  493  467  447
  437  438  441  441  432  413  395  369  326                                   
     7.5-180.0 180.0   5.0 450.0                            LAT/LON1/LON2/DLON/H
  333  327  313  287  264  242  224  207  189  171  152  132  114  100   90   86
   85   86   88   92   97  105  118  135  155  177  200  222  246  272  302  332
