data/edconvlstm_nd/pred2920.15i
     1.0            IONOSPHERE MAPS     GNSS                IONEX VERSION / TYPE
pyspatialgeodesy        IME             05-JAN-18 20:20     PGM / RUN BY / DATE 
Map Name                                                    COMMENT             
Predicted global ionosphere maps (GIM).                     DESCRIPTION         
  2015    10    19     0     0     0                        EPOCH OF FIRST MAP  
  2015    10    20     0     0     0                        EPOCH OF LAST MAP   
  7200                                                      INTERVAL            
    13                                                      # OF MAPS IN FILE   
  NONE                                                      MAPPING FUNCTION    
10.0                                                        ELEVATION CUTOFF    
One-way carrier phase leveled to code                       OBSERVABLES USED    
  6371.0                                                    BASE RADIUS         
 2                                                          MAP DIMENSION       
   450.0 450.0   0.0                                        HGT1 / HGT2 / DHGT  
    87.5 -87.5  -2.5                                        LAT1 / LAT2 / DLAT  
  -180.0 180.0   5.0                                        LON1 / LON2 / DLON  
    -1                                                      EXPONENT            
                                                            END OF HEADER       
[from data line 429]
     2                                                      START OF TEC MAP    
  2015    10    19     2     0     0                        EPOCH OF CURRENT MAP
    87.5-180.0 180.0   5.0 450.0                            LAT/LON1/LON2/DLON/H
   85   93   92   91   89   89   86   84   86   86   87   88   89   89   89   89
   89   88   87   86   85   83   82   80   79   78   76   75   74   73   72   71
   70   70   69   69   69   69   69   69   69   70   70   71   71   72   72   73
   74   75   75   76   77   77   78   78   79   79   80   80   81   81   81   82
   84   84   82   82   83   93   98   92   85                                   
    85.0-180.0 180.0   5.0 450.0                            LAT/LON1/LON2/DLON/H
   83  100   87   93   92   92   90   89   90   91   91   91   92   92   92   91
   91   89   88   86   84   82   80   78   75   73   71   70   68   67   66   65
   65   65   65   66   66   67   68   70   71   73   74   75   77   78   79   81
   82   83   84   85   85   86   87   88   89   90   90   91   92   92   93   94
   96   97   94   96   96   98  105   95   83                                   
    82.5-180.0 180.0   5.0 450.0                            LAT/LON1/LON2/DLON/H
   84   91  104   96   91   92   90   90   92   93   93   95   95   96   96   95
   94   92   90   87   84   81   78   74   71   67   64   62   60   58   57   56
   56   56   57   58   60   62   64   66   68   71   73   75   77   79   81   82
   84   85   86   87   88   90   91   92   94   95   96   98   99  100  101  102
  103  103  101   99  106   96   98   96   84                                   
    80.0-180.0 180.0   5.0 450.0                            LAT/LON1/LON2/DLON/H
   98  100  102   94   90   87   88   88   90   91   92   94   95   96   96   95
   94   92   89   85   81   76   71   67   62   58   55   52   49   47   46   46
   46   47   48   50   52   54   57   59   62   64   67   69   71   73   75   76
   78   79   80   81   83   84   86   88   90   92   94   97   99  101  103  106
  108  107  106  106  118  110  111  108   98                                   
    77.5-180.0 180.0   5.0 450.0                            LAT/LON1/LON2/DLON/H
  108  109  106  100   90   88   89   90   91   92   93   96   97   98   99   98
   96   93   90   85   80   75   69   64   59   54   50   47   44   43   42   42
   43   44   46   48   50   53   55   58   60   63   65   67   68   70   71   72
   73   74   75   76   77   79   81   84   87   90   93   97  100  104  107  111
  114  115  115  118  125  118  118  117  108                                   
    75.0-180.0 180.0   5.0 450.0                            LAT/LON1/LON2/DLON/H
  117  119  116  110   97   94   92   91   92   92   92   94   95   96   96   94
   92   89   85   80   75   70   65   60   55   51   48   45   43   42   42   43
   44   45   47   49   50   52   54   56   58   59   60   61   62   62   63   63
   63   63   64   66   67   70   73   76   80   85   89   94   99  104  110  115
  118  122  124  124  134  133  133  131  117                                   
    72.5-180.0 180.0   5.0 450.0                            LAT/LON1/LON2/DLON/H
  128  133  132  123  110  104  101   99   98   96   94   95   94   94   92   90
   87   84   80   76   72   67   63   59   56   53   51   50   49   49   50   51
   52   53   55   56   57   58   59   59   60   61   61   61   61   60   60   59
   59   60   61   63   65   69   73   77   82   88   93   99  105  111  117  124
  129  133  139  141  149  147  148  146  128                                   
    70.0-180.0 180.0   5.0 450.0                            LAT/LON1/LON2/DLON/H
  146  149  147  138  122  114  110  105  102   98   95   93   90   87   84   81
   78   75   71   68   65   62   59   57   55   54   54   55   56   57   58   60
   60   61   61   61   61   60   60   60   60   59   59   58   58   57   56   56
   56   57   59   62   66   71   76   82   88   94  101  107  112  118  124  131
  136  141  148  152  160  161  165  161  146                                   
    67.5-180.0 180.0   5.0 450.0                            LAT/LON1/LON2/DLON/H
  156  160  157  147  130  121  115  109  104   98   93   89   84   79   74   70
   66   63   61   59   57   55   54   53   53   53   54   56   58   60   62   62
   62   62   60   59   57   55   54   52   52   51   50   50   49   49   49   49
   50   52   55   59   65   71   78   85   93   99  106  112  117  121  127  133
  137  141  149  154  163  166  171  171  156                                   
    65.0-180.0 180.0   5.0 450.0                            LAT/LON1/LON2/DLON/H
  162  167  162  153  136  126  119  113  107  100   93   88   81   74   68   64
   60   58   56   55   54   53   52   52   52   54   56   59   61   63   64   64
   62   60   58   55   52   49   47   46   45   45   44   44   44   44   45   46
   47   51   55   61   68   77   86   94  103  110  116  122  126  130  133  137
  140  142  149  152  162  167  173  175  162                                   
    62.5-180.0 180.0   5.0 450.0                            LAT/LON1/LON2/DLON/H
  164  170  167  157  141  130  123  117  111  104   96   90   82   74   68   63
   60   59   57   56   55   54   53   52   53   55   57   60   63   64   64   63
   60   57   54   50   47   44   42   41   41   41   41   42   42   43   44   46
   48   53   59   66   75   86   96  106  116  123  130  135  138  141  143  145
  146  146  150  152  159  165  171  175  164                                   
    60.0-180.0 180.0   5.0 450.0                            LAT/LON1/LON2/DLON/H
  164  171  167  157  141  130  123  117  112  105   98   92   84   76   71   67
   64   63   62   60   58   55   53   52   52   53   56   59   61   61   61   58
   55   52   48   45   42   40   39   39   39   40   41   42   43   44   45   47
   50   55   63   72   82   94  106  117  127  136  142  147  151  153  155  156
  154  151  153  152  158  162  168  172  164                                   
    57.5-180.0 180.0   5.0 450.0                            LAT/LON1/LON2/DLON/H
  166  172  168  157  141  129  122  116  112  106   99   93   86   80   75   72
   71   70   69   66   62   57   53   50   50   51   53   56   57   58   56   54
   51   48   45   43   42   41   40   41   42   43   45   46   47   48   49   51
   54   60   67   77   89  102  115  127  138  147  153  159  163  167  169  170
  168  163  162  159  162  163  168  172  166                                   
    55.0-180.0 180.0   5.0 450.0                            LAT/LON1/LON2/DLON/H
  172  177  172  159  143  130  121  115  111  105   99   94   88   83   80   78
   77   76   74   70   64   57   52   48   47   48   51   53   55   55   53   51
   49   47   46   45   45   46   46   47   49   50   52   53   54   54   55   56
   60   65   73   83   96  110  123  136  147  155  163  169  175  180  184  187
  185  179  177  172  173  170  174  177  172                                   
    52.5-180.0 180.0   5.0 450.0                            LAT/LON1/LON2/DLON/H
  184  188  181  167  151  136  126  118  112  105   99   94   89   86   83   82
   82   80   76   70   63   56   50   47   46   48   51   54   55   55   54   52
   51   51   51   53   54   55   57   58   60   61   63   63   63   63   63   64
   67   72   80   91  104  118  132  145  155  163  170  177  184  192  199  204
  204  199  197  190  189  183  186  188  184                                   
    50.0-180.0 180.0   5.0 450.0                            LAT/LON1/LON2/DLON/H
  202  204  195  181  165  149  137  126  118  109  101   96   91   88   86   85
   83   80   75   68   61   55   51   49   50   52   56   59   60   60   59   58
   58   59   62   65   67   69   70   72   73   74   75   75   75   73   73   74
   77   83   91  102  115  129  143  155  165  172  178  185  193  202  212  220
  222  220  218  211  209  200  204  204  202                                   
    47.5-180.0 180.0   5.0 450.0                            LAT/LON1/LON2/DLON/H
  222  223  212  200  184  168  154  141  129  118  108  101   95   91   88   85
   82   77   71   65   60   56   55   55   58   61   64   67   68   67   66   66
   67   70   74   78   81   83   84   85   86   88   88   88   86   85   84   86
   90   96  104  116  129  144  157  168  176  182  186  192  200  211  222  232
  236  237  236  229  228  219  223  223  222                                   
    45.0-180.0 180.0   5.0 450.0                            LAT/LON1/LON2/DLON/H
  239  241  230  221  206  191  176  160  146  132  119  110  103   97   92   86
   80   73   67   63   61   61   63   66   69   73   75   76   76   75   74   74
   77   81   85   90   93   95   95   96   97   98   99   99   97   96   97   99
  104  111  121  133  146  161  173  183  189  193  195  200  207  217  229  239
  245  248  248  243  243  236  240  240  239                                   
    42.5-180.0 180.0   5.0 450.0                            LAT/LON1/LON2/DLON/H
  251  254  246  241  228  214  200  183  167  149  135  123  114  106   98   89
   80   73   67   66   67   71   76   80   83   84   84   83   81   80   79   80
   83   87   92   97  100  101  101  102  104  106  107  107  107  107  108  113
  119  128  138  150  164  178  190  198  203  204  206  209  216  224  235  245
  251  254  255  253  253  248  252  253  251                                   
    40.0-180.0 180.0   5.0 450.0                            LAT/LON1/LON2/DLON/H
  258  261  256  254  244  233  220  204  187  168  152  140  129  118  107   96
   85   77   73   75   79   86   91   95   95   93   90   86   82   80   79   81
   85   89   94   98  101  102  103  104  107  110  112  113  114  115  119  124
  133  142  153  166  180  193  204  212  215  216  217  220  226  234  243  251
  257  260  262  261  261  258  261  262  258                                   
    37.5-180.0 180.0   5.0 450.0                            LAT/LON1/LON2/DLON/H
  263  265  261  260  255  245  234  220  203  185  169  156  144  132  120  107
   95   88   86   89   96  103  107  107  103   97   90   84   80   78   78   81
   85   89   94   97  100  101  103  105  108  112  115  117  119  121  126  133
  143  153  165  178  192  205  216  222  225  226  228  232  239  247  256  263
  267  269  272  272  272  270  272  271  263                                   
    35.0-180.0 180.0   5.0 450.0                            LAT/LON1/LON2/DLON/H
  273  271  265  261  258  251  240  228  214  197  182  170  159  147  133  120
  108  102  102  107  114  118  118  113  105   96   87   81   78   77   79   83
   87   91   94   97   99  101  103  105  109  113  117  119  121  124  130  138
  148  159  171  184  199  213  223  230  234  236  239  246  256  266  276  283
  287  288  291  291  292  291  293  288  273                                   
    32.5-180.0 180.0   5.0 450.0                            LAT/LON1/LON2/DLON/H
  294  288  275  264  260  252  240  231  219  205  192  181  170  158  145  132
  122  117  118  122  126  126  121  112  101   92   86   82   81   82   85   90
   93   96   98  100  102  103  106  108  112  115  118  120  122  125  130  139
  148  159  171  186  201  216  228  235  240  245  251  262  276  291  303  312
  316  318  321  322  325  326  327  317  294                                   
    30.0-180.0 180.0   5.0 450.0                            LAT/LON1/LON2/DLON/H
  332  321  301  277  268  254  240  230  221  209  197  187  177  165  152  140
  132  128  128  129  128  123  114  105   97   92   90   91   93   97  101  104
  107  108  109  109  110  111  113  115  116  118  119  120  121  123  128  136
  145  155  168  183  200  216  230  239  247  255  266  282  301  320  337  350
  356  359  364  366  371  375  376  361  332                                   
    27.5-180.0 180.0   5.0 450.0                            LAT/LON1/LON2/DLON/H
  390  377  344  307  287  265  245  233  223  212  201  191  180  167  154  142
  135  130  128  125  119  110  102   97   96   99  105  112  119  124  127  129
  130  129  127  125  123  123  124  124  123  122  121  120  119  121  124  130
  139  149  163  180  199  218  234  246  257  269  285  306  330  355  376  393
  403  409  417  420  429  438  439  419  390                                   
    25.0-180.0 180.0   5.0 450.0                            LAT/LON1/LON2/DLON/H
  464  452  405  355  323  292  265  247  235  222  210  198  183  168  153  140
  131  125  118  110  101   94   92   96  106  120  135  149  159  164  166  165
  163  158  151  145  141  139  137  134  130  126  122  119  117  117  120  125
  133  145  160  180  202  224  243  259  274  289  310  335  363  391  417  439
  453  464  475  481  495  511  511  487  464                                   
    22.5-180.0 180.0   5.0 450.0                            LAT/LON1/LON2/DLON/H
  546  538  481  419  374  335  301  277  260  245  229  212  193  173  154  139
  127  116  105   94   86   84   92  108  130  155  179  199  211  216  214  209
  201  189  177  166  160  155  151  144  137  130  123  119  115  114  116  121
  130  143  162  186  212  238  260  280  297  317  340  367  396  426  456  481
  501  518  533  543  561  586  585  558  546                                   
    20.0-180.0 180.0   5.0 450.0                            LAT/LON1/LON2/DLON/H
  626  624  564  496  440  394  352  322  301  282  262  239  214  188  164  145
  128  113   98   87   83   90  109  137  170  204  235  258  270  271  265  253
  237  219  201  187  178  171  163  154  143  133  124  118  113  111  113  119
  129  146  168  196  226  255  281  304  325  347  371  398  427  458  488  516
  541  562  581  597  619  650  652  624  626                                   
    17.5-180.0 180.0   5.0 450.0                            LAT/LON1/LON2/DLON/H
  689  696  641  575  513  463  417  382  356  333  308  280  249  217  188  164
  143  124  108   99  102  119  150  188  228  266  296  316  323  319  306  287
  265  242  222  206  194  185  175  162  148  136  125  117  112  109  110  117
  131  151  177  209  242  274  303  329  352  376  400  426  453  483  513  542
  569  593  615  636  659  694  699  673  689                                   
    15.0-180.0 180.0   5.0 450.0                            LAT/LON1/LON2/DLON/H
  726  739  696  641  582  534  488  451  423  396  366  334  298  261  228  199
  176  156  142  138  149  176  216  261  301  331  351  361  359  348  329  307
  283  259  239  222  209  197  185  170  154  139  127  117  110  107  108  117
  133  157  187  221  256  290  321  348  374  398  422  447  473  501  530  558
  585  610  633  657  679  713  722  701  726                                   
    12.5-180.0 180.0   5.0 450.0                            LAT/LON1/LON2/DLON/H
  736  751  723  685  637  598  556  522  494  465  432  397  358  319  283  253
  229  211  202  205  226  263  309  349  375  386  388  382  372  355  335  313
  291  270  251  235  221  209  195  178  161  144  130  119  110  105  107  117
  136  163  195  230  266  300  332  360  387  411  435  459  485  513  540  566
  591  615  638  663  682  710  721  707  736                                   
    10.0-180.0 180.0   5.0 450.0                            LAT/LON1/LON2/DLON/H
  728  743  728  707  674  647  614  587  560  532  499  462  423  384  349  320
  300  288  287  299  329  371  411  434  435  419  399  380  363  346  329  311
  293  276  260  245  232  219  205  187  169  151  135  122  111  105  107  118
  139  167  200  235  270  304  335  364  390  414  438  464  491  518  544  569
  592  613  635  658  674  695  706  699  728                                   
     7.5-180.0 180.0   5.0 450.0                            LAT/LON1/LON2/DLON/H
  715  728  722  713  695  679  656  636  615  588  556  522  485  448  417  393
  380  376  384  405  438  475  498  494  464  422  385  359  343  331  319  307
