data/edconvlstm_nd/pred0870.15i
     1.0            IONOSPHERE MAPS     GNSS                IONEX VERSION / TYPE
pyspatialgeodesy        IME             05-JAN-18 20:20     PGM / RUN BY / DATE 
Map Name                                                    COMMENT             
Predicted global ionosphere maps (GIM).                     DESCRIPTION         
  2015     3    28     0     0     0                        EPOCH OF FIRST MAP  
  2015     3    29     0     0     0                        EPOCH OF LAST MAP   
  7200                                                      INTERVAL            
    13                                                      # OF MAPS IN FILE   
  NONE                                                      MAPPING FUNCTION    
10.0                                                        ELEVATION CUTOFF    
One-way carrier phase leveled to code                       OBSERVABLES USED    
  6371.0                                                    BASE RADIUS         
 2                                                          MAP DIMENSION       
   450.0 450.0   0.0                                        HGT1 / HGT2 / DHGT  
    87.5 -87.5  -2.5                                        LAT1 / LAT2 / DLAT  
  -180.0 180.0   5.0                                        LON1 / LON2 / DLON  
    -1                                                      EXPONENT            
                                                            END OF HEADER       
[from data line 1716]
     5                                                      START OF TEC MAP    
  2015     3    28     8     0     0                        EPOCH OF CURRENT MAP
    87.5-180.0 180.0   5.0 450.0                            LAT/LON1/LON2/DLON/H
  157  150  145  151  153  155  155  156  160  163  166  169  171  174  175  177
  178  179  180  180  181  181  181  181  181  181  181  181  181  181  182  182
  183  183  183  184  184  184  184  184  184  183  182  181  180  178  176  175
  172  170  168  165  163  160  158  156  153  151  149  146  144  143  141  139
  139  140  138  138  141  142  148  153  157                                   
    85.0-180.0 180.0   5.0 450.0                            LAT/LON1/LON2/DLON/H
  140  136  137  141  143  148  151  155  159  164  167  171  174  177  179  181
  182  183  184  184  184  184  184  184  184  184  184  184  185  186  187  188
  190  191  193  194  195  196  197  198  198  198  197  196  195  193  191  189
  187  184  181  178  175  172  169  165  162  158  155  152  149  145  142  140
  139  138  133  133  129  130  134  142  140                                   
    82.5-180.0 180.0   5.0 450.0                            LAT/LON1/LON2/DLON/H
  124  121  120  121  122  128  133  139  146  152  157  163  167  170  173  175
  177  177  177  177  176  175  174  173  172  171  171  172  173  175  178  181
  184  187  191  194  197  200  203  205  206  207  207  207  206  205  204  202
  200  197  194  191  187  183  179  175  170  166  161  156  151  145  140  136
  131  128  121  120  118  116  116  113  124                                   
    80.0-180.0 180.0   5.0 450.0                            LAT/LON1/LON2/DLON/H
  114  106  103  106  108  113  120  128  137  145  151  158  163  167  171  172
  173  172  171  168  165  162  159  156  154  152  152  152  154  158  162  167
  173  179  185  191  197  202  207  211  214  217  219  220  221  222  222  222
  221  220  218  216  213  209  206  201  197  191  186  180  174  167  160  153
  146  138  128  123  117  109  112  104  114                                   
    77.5-180.0 180.0   5.0 450.0                            LAT/LON1/LON2/DLON/H
  112   96   94   97   96  102  108  117  126  135  142  150  156  161  164  165
  165  163  160  155  150  145  139  135  131  129  128  129  133  138  145  153
  162  172  181  191  200  208  215  222  227  232  237  240  244  247  249  251
  253  253  253  253  251  249  246  242  238  232  227  220  213  205  197  188
  177  166  151  142  134  118  113  110  112                                   
    75.0-180.0 180.0   5.0 450.0                            LAT/LON1/LON2/DLON/H
  111   96   89   91   88   93   99  107  116  125  132  140  146  151  154  155
  154  151  147  141  134  126  119  113  108  105  104  106  110  117  126  137
  149  161  174  186  198  208  218  227  235  243  250  257  263  269  275  280
  284  288  290  292  292  290  288  285  281  276  271  265  258  250  241  232
  219  206  189  172  158  138  130  121  111                                   
    72.5-180.0 180.0   5.0 450.0                            LAT/LON1/LON2/DLON/H
  114   98   89   88   83   87   93  100  108  116  123  130  136  140  143  144
  143  140  136  129  122  114  106   99   93   90   89   92   97  105  116  128
  142  156  171  185  198  210  222  232  242  252  262  271  280  290  299  307
  314  320  324  327  328  327  325  322  318  313  307  301  294  287  279  270
  258  245  227  208  189  165  153  144  114                                   
    70.0-180.0 180.0   5.0 450.0                            LAT/LON1/LON2/DLON/H
  123  101   92   86   79   81   85   91   98  105  112  119  124  128  130  132
  131  129  125  120  113  105   97   90   85   82   82   85   91   99  110  123
  137  152  167  181  195  208  220  232  243  255  267  280  292  305  317  328
  337  345  350  353  354  353  349  345  339  334  327  321  315  308  301  294
  283  271  254  234  214  189  176  166  123                                   
    67.5-180.0 180.0   5.0 450.0                            LAT/LON1/LON2/DLON/H
  126  103   93   85   76   77   80   85   91   97  104  110  115  118  121  123
  123  122  120  116  110  103   97   91   87   85   85   88   94  102  112  124
  137  151  164  178  191  203  215  228  241  254  269  284  299  314  328  341
  352  360  365  366  365  362  356  350  343  335  328  322  316  310  304  298
  290  280  266  247  228  203  188  180  126                                   
    65.0-180.0 180.0   5.0 450.0                            LAT/LON1/LON2/DLON/H
  131  106   93   83   73   72   74   78   84   90   96  102  107  111  114  116
  118  118  116  113  109  104   99   95   92   91   92   95  100  107  116  126
  138  150  162  174  186  198  210  224  238  254  271  288  306  322  338  351
  362  368  372  371  367  361  353  344  335  327  319  312  306  301  296  291
  285  276  266  249  233  209  195  189  131                                   
    62.5-180.0 180.0   5.0 450.0                            LAT/LON1/LON2/DLON/H
  136  110   95   82   71   67   68   71   76   81   87   94   99  104  108  111
  113  114  113  111  107  103   99   97   96   96   98  101  105  111  118  126
  136  146  157  168  180  192  204  219  235  252  271  291  310  328  344  356
  366  371  372  369  363  355  346  335  325  316  307  300  294  288  283  279
  274  267  259  244  232  210  197  191  136                                   
    60.0-180.0 180.0   5.0 450.0                            LAT/LON1/LON2/DLON/H
  146  119  102   84   71   65   63   64   67   72   78   85   91   96  101  105
  107  108  107  105  101   98   95   94   94   96   99  102  105  109  115  122
  130  140  151  162  174  186  200  215  233  252  273  294  314  332  348  360
  368  372  372  369  362  354  344  334  324  315  306  298  291  284  278  273
  267  260  254  242  233  212  199  191  146                                   
    57.5-180.0 180.0   5.0 450.0                            LAT/LON1/LON2/DLON/H
  164  138  119   95   81   69   63   61   61   64   69   76   82   88   94   98
  100  101  100   97   93   89   87   87   88   91   94   97  100  103  107  114
  122  133  144  157  170  183  198  215  234  255  277  299  320  339  354  366
  374  378  378  375  370  363  356  347  339  330  321  313  304  296  288  280
  273  265  259  249  242  223  209  198  164                                   
    55.0-180.0 180.0   5.0 450.0                            LAT/LON1/LON2/DLON/H
  189  166  146  119  100   84   72   64   60   60   63   69   75   81   86   91
   93   93   92   88   84   80   78   78   80   83   86   89   91   94   98  104
  114  126  140  155  170  185  201  219  239  261  285  307  329  348  363  375
  384  389  391  391  388  384  380  374  367  359  351  341  331  321  310  300
  290  281  274  264  258  241  227  213  189                                   
    52.5-180.0 180.0   5.0 450.0                            LAT/LON1/LON2/DLON/H
  221  201  182  152  132  110   92   77   68   63   63   66   70   76   81   85
   87   88   86   82   77   74   72   72   74   77   80   82   83   85   90   97
  109  123  140  157  174  191  208  227  248  271  295  318  340  359  376  389
  399  406  411  413  414  414  412  408  403  396  387  377  365  353  340  328
  315  304  296  284  278  264  250  233  221                                   
    50.0-180.0 180.0   5.0 450.0                            LAT/LON1/LON2/DLON/H
  250  234  218  190  169  144  122  101   85   75   71   70   72   75   79   82
   85   85   84   81   77   74   72   73   75   77   79   79   80   81   86   95
  108  125  144  163  182  200  219  238  260  283  307  331  353  374  391  406
  418  427  434  440  443  445  445  442  438  430  421  409  396  382  368  354
  340  328  318  305  298  286  272  256  250                                   
    47.5-180.0 180.0   5.0 450.0                            LAT/LON1/LON2/DLON/H
  270  257  245  223  203  179  155  130  110   95   86   82   81   81   83   85
   86   87   87   86   84   82   82   83   84   85   84   83   82   83   88   98
  113  132  153  173  193  212  231  252  274  297  322  346  369  390  408  424
  437  448  457  463  467  469  469  466  461  453  442  429  415  400  385  371
  357  345  332  319  311  299  286  272  270                                   
    45.0-180.0 180.0   5.0 450.0                            LAT/LON1/LON2/DLON/H
  272  261  255  241  227  207  185  160  138  121  108  101   96   93   92   92
   94   95   96   97   98   99  100  101  101   99   96   92   89   90   95  106
  123  142  163  184  204  224  244  265  288  313  338  362  385  407  426  442
  456  466  474  479  482  482  480  475  468  459  446  433  418  404  389  375
  361  349  336  322  311  299  287  276  272                                   
    42.5-180.0 180.0   5.0 450.0                            LAT/LON1/LON2/DLON/H
  254  243  244  238  232  220  203  183  163  146  132  123  116  111  107  105
  106  107  110  114  117  120  122  123  121  116  110  103   99   99  105  117
  134  153  174  194  214  235  257  280  304  329  355  379  403  424  443  459
  472  481  486  489  488  486  481  474  466  455  442  428  414  399  385  371
  356  344  329  314  299  284  272  264  254                                   
    40.0-180.0 180.0   5.0 450.0                            LAT/LON1/LON2/DLON/H
  221  207  212  213  214  211  205  194  179  166  154  146  138  131  125  122
  121  123  127  132  137  142  145  144  140  133  123  114  108  109  115  128
  144  163  183  203  224  246  270  295  321  347  373  398  421  442  460  476
  487  494  498  498  495  491  485  477  468  456  444  431  417  402  387  371
  354  339  320  302  282  260  247  240  221                                   
    37.5-180.0 180.0   5.0 450.0                            LAT/LON1/LON2/DLON/H
  188  166  169  172  179  183  188  187  182  176  169  163  157  150  144  140
  138  139  143  149  155  160  163  161  155  145  133  122  116  117  124  137
  154  172  191  212  234  258  284  311  339  367  393  418  440  461  479  494
  505  512  516  516  514  510  505  498  490  481  470  459  445  430  413  393
  371  350  326  302  276  244  225  217  188                                   
    35.0-180.0 180.0   5.0 450.0                            LAT/LON1/LON2/DLON/H
  169  137  133  130  137  145  157  166  171  173  174  173  170  166  161  156
  153  153  156  161  167  172  174  172  165  153  139  128  122  123  131  144
  161  180  199  220  244  271  300  330  360  388  414  439  462  483  501  517
  529  538  545  548  550  550  549  547  543  538  531  522  510  494  473  447
  418  390  360  329  297  253  226  211  169                                   
    32.5-180.0 180.0   5.0 450.0                            LAT/LON1/LON2/DLON/H
  178  135  118  105  105  111  125  139  151  160  168  174  176  176  173  169
  166  165  166  169  173  178  180  177  170  158  144  132  126  127  136  150
  168  187  207  230  257  286  318  350  381  410  436  461  484  506  526  544
  560  575  587  597  606  613  619  624  627  628  626  622  613  596  571  538
  501  465  428  390  353  302  264  237  178                                   
    30.0-180.0 180.0   5.0 450.0                            LAT/LON1/LON2/DLON/H
  222  172  138  108   98   95  105  118  131  145  157  167  175  179  179  177
  175  172  170  171  174  178  181  180  175  163  149  137  131  132  141  156
  174  195  217  243  272  304  338  371  402  430  457  482  506  530  554  576
  598  620  641  661  679  696  712  726  737  745  751  753  748  732  704  664
  618  573  530  486  447  389  340  302  222                                   
    27.5-180.0 180.0   5.0 450.0                            LAT/LON1/LON2/DLON/H
  302  250  197  147  123  108  108  115  125  137  148  160  170  176  180  180
  178  174  171  170  172  177  182  184  180  170  156  144  137  139  149  164
  183  205  229  257  289  323  358  391  421  449  475  501  528  555  583  611
  640  671  702  733  763  792  819  843  863  879  892  900  898  884  854  809
  756  706  658  610  570  506  445  400  302                                   
    25.0-180.0 180.0   5.0 450.0                            LAT/LON1/LON2/DLON/H
  412  363  292  222  182  155  140  138  138  144  151  160  168  174  178  180
  178  173  169  167  170  176  184  189  188  179  166  154  147  149  159  174
  193  215  242  272  306  342  376  408  437  464  491  518  548  579  612  646
  683  723  764  805  846  884  920  953  981 1003 1021 1032 1033 1018  987  941
  888  839  793  742  703  635  570  521  412                                   
    22.5-180.0 180.0   5.0 450.0                            LAT/LON1/LON2/DLON/H
  536  490  408  324  268  230  200  185  174  170  168  170  172  176  178  179
  176  172  167  165  168  177  187  195  197  191  178  166  159  160  169  184
  202  225  254  287  323  359  393  423  451  478  506  536  568  603  639  679
  721  767  814  861  906  949  990 1027 1059 1085 1105 1117 1117 1102 1072 1030
  983  944  906  855  815  751  692  648  536                                   
    20.0-180.0 180.0   5.0 450.0                            LAT/LON1/LON2/DLON/H
  652  605  524  436  369  323  279  252  229  213  200  192  187  184  182  180
  177  172  167  165  169  179  191  202  206  201  189  176  168  169  177  190
  209  234  265  300  338  373  406  436  464  492  523  555  590  627  666  706
  750  797  845  891  934  974 1013 1048 1079 1104 1123 1133 1131 1116 1091 1056
 1020  994  969  921  881  825  782  751  652                                   
    17.5-180.0 180.0   5.0 450.0                            LAT/LON1/LON2/DLON/H
  737  686  616  539  469  419  368  330  295  267  244  225  210  199  190  185
  180  174  169  167  171  181  194  206  211  206  194  181  172  172  179  193
  213  240  274  310  348  383  415  446  476  508  542  577  614  651  689  728
  769  812  854  893  928  959  989 1016 1041 1061 1075 1081 1077 1064 1043 1018
  994  980  966  923  886  837  814  800  737                                   
    15.0-180.0 180.0   5.0 450.0                            LAT/LON1/LON2/DLON/H
  772  723  670  614  550  504  452  407  364  327  293  265  240  219  203  193
  185  178  172  169  173  182  195  206  210  205  193  179  169  168  176  191
  214  244  279  316  353  388  421  454  488  524  562  601  638  674  708  741
  776  810  843  870  893  913  931  949  965  978  986  987  980  968  953  937
  924  918  911  871  836  792  784  787  772                                   
    12.5-180.0 180.0   5.0 450.0                            LAT/LON1/LON2/DLON/H
  760  717  686  656  606  565  517  470  424  380  341  305  271  242  219  203
  192  183  176  173  174  182  192  202  205  199  186  171  160  160  170  188
  215  246  281  317  353  388  423  459  499  540  582  623  660  691  720  747
  772  796  817  832  844  854  863  872  881  887  889  885  877  867  858  851
  846  845  838  797  760  717  709  728  760                                   
    10.0-180.0 180.0   5.0 450.0                            LAT/LON1/LON2/DLON/H
  715  677  664  659  629  601  559  513  465  419  378  339  300  265  235  214
  199  188  180  175  176  181  188  195  197  190  175  159  150  151  164  186
  215  247  281  315  350  385  422  463  507  553  599  641  675  703  726  746
  764  778  789  797  802  806  811  816  820  822  819  813  805  797  793  792
  793  793  780  734  690  642  625  651  715                                   
     7.5-180.0 180.0   5.0 450.0                            LAT/LON1/LON2/DLON/H
  656  621  619  632  624  612  581  539  491  443  401  361  321  282  249  224
  207  194  184  178  177  179  184  189  188  179  164  149  141  145  160  184
