data/edconvlstm_nd/pred0350.15i
     1.0            IONOSPHERE MAPS     GNSS                IONEX VERSION / TYPE
pyspatialgeodesy        IME             05-JAN-18 20:20     PGM / RUN BY / DATE 
Map Name                                                    COMMENT             
Predicted global ionosphere maps (GIM).                     DESCRIPTION         
  2015     2     4     0     0     0                        EPOCH OF FIRST MAP  
  2015     2     5     0     0     0                        EPOCH OF LAST MAP   
  7200                                                      INTERVAL            
    13                                                      # OF MAPS IN FILE   
  NONE                                                      MAPPING FUNCTION    
10.0                                                        ELEVATION CUTOFF    
One-way carrier phase leveled to code                       OBSERVABLES USED    
  6371.0                                                    BASE RADIUS         
 2                                                          MAP DIMENSION       
   450.0 450.0   0.0                                        HGT1 / HGT2 / DHGT  
    87.5 -87.5  -2.5                                        LAT1 / LAT2 / DLAT  
  -180.0 180.0   5.0                                        LON1 / LON2 / DLON  
    -1                                                      EXPONENT            
                                                            END OF HEADER       
[from data line 4719]
    12                                                      START OF TEC MAP    
  2015     2     4    22     0     0                        EPOCH OF CURRENT MAP
    87.5-180.0 180.0   5.0 450.0                            LAT/LON1/LON2/DLON/H
  137  129  119  125  130  127  127  126  127  130  129  130  131  131  131  130
  129  128  127  125  123  120  118  116  113  110  108  105  103  101   99   97
   95   94   93   92   92   92   92   92   92   93   94   95   97   98   99  101
  102  104  105  107  108  109  110  111  112  113  114  114  115  115  115  115
  115  115  113  112  122  121  134  135  137                                   
    85.0-180.0 180.0   5.0 450.0                            LAT/LON1/LON2/DLON/H
  143  138  145  133  132  137  138  141  143  145  146  147  147  147  146  145
  143  141  139  136  133  129  126  122  118  115  111  108  105  102   99   97
   95   94   93   92   92   92   93   94   95   96   98  100  102  104  106  108
  111  113  115  117  119  120  122  123  124  125  126  127  127  127  127  127
  127  127  124  120  123  124  124  125  143                                   
    82.5-180.0 180.0   5.0 450.0                            LAT/LON1/LON2/DLON/H
  125  127  130  128  132  138  144  147  150  153  156  159  160  160  160  158
  155  152  148  144  139  134  129  124  119  115  110  105  101   98   94   92
   89   87   86   85   85   85   86   87   88   89   91   94   96   98  101  104
  106  109  111  114  116  119  121  123  124  125  126  126  126  126  125  124
  124  122  120  119  121  131  121  122  125                                   
    80.0-180.0 180.0   5.0 450.0                            LAT/LON1/LON2/DLON/H
  109  117  126  125  132  137  149  157  165  171  177  181  183  183  182  179
  175  170  164  157  150  143  137  130  124  118  113  108  103   98   94   91
   88   85   83   82   81   81   82   83   84   86   88   91   93   96   99  102
  105  108  111  114  116  119  121  124  125  127  127  128  127  127  126  124
  123  121  119  117  112  116  109  117  109                                   
    77.5-180.0 180.0   5.0 450.0                            LAT/LON1/LON2/DLON/H
  114  117  128  128  141  150  164  175  186  195  203  210  214  215  213  209
  203  195  187  178  169  161  154  147  142  136  131  126  122  118  114  111
  107  105  102  100   99   98   97   97   97   97   98   99  101  103  104  106
  108  111  113  115  117  119  122  124  125  127  127  128  127  126  125  123
  120  119  117  117  113  113  111  123  114                                   
    75.0-180.0 180.0   5.0 450.0                            LAT/LON1/LON2/DLON/H
  111  118  128  131  146  160  174  188  202  216  226  234  238  238  235  228
  219  208  196  185  175  167  160  154  149  146  142  139  136  133  130  127
  125  122  119  116  114  112  110  108  107  107  106  106  106  107  107  108
  108  109  109  110  111  112  113  115  116  118  119  119  119  118  118  116
  114  114  113  110  107  106  107  107  111                                   
    72.5-180.0 180.0   5.0 450.0                            LAT/LON1/LON2/DLON/H
  121  126  137  147  159  174  191  207  222  237  249  258  263  263  257  248
  235  221  206  192  180  171  164  160  157  154  153  151  150  148  146  144
  141  139  136  133  129  126  123  120  117  114  112  110  109  107  106  105
  104  102  101  100   99   99  100  101  102  104  105  106  106  106  106  105
  104  104  105  104  104  106  110  119  121                                   
    70.0-180.0 180.0   5.0 450.0                            LAT/LON1/LON2/DLON/H
  130  138  148  157  169  185  200  219  235  252  265  274  277  275  267  254
  237  219  201  185  172  162  156  152  150  149  149  149  148  148  147  145
  143  141  138  135  131  127  123  119  115  112  109  107  104  102  100   97
   95   92   89   87   85   83   83   84   85   87   88   90   91   91   92   93
   92   95   98  102  107  112  123  131  130                                   
    67.5-180.0 180.0   5.0 450.0                            LAT/LON1/LON2/DLON/H
  150  158  168  178  191  206  222  240  256  272  286  295  299  295  285  270
  250  228  207  188  173  162  154  150  148  146  146  145  144  143  142  141
  140  138  135  131  128  124  119  115  111  108  104  102   99   96   94   91
   88   84   81   78   75   73   73   73   74   76   78   80   81   82   84   85
   87   91   95  100  108  119  131  143  150                                   
    65.0-180.0 180.0   5.0 450.0                            LAT/LON1/LON2/DLON/H
  161  171  182  192  204  218  232  249  265  282  296  305  309  305  294  276
  254  230  207  186  169  156  146  139  134  131  128  125  123  122  121  120
  119  118  116  113  109  106  102   98   95   92   90   87   85   83   81   78
   75   72   68   65   62   60   60   60   62   64   67   68   70   70   72   74
   76   82   90   99  110  127  144  159  161                                   
    62.5-180.0 180.0   5.0 450.0                            LAT/LON1/LON2/DLON/H
  174  186  196  207  219  232  245  260  275  291  305  315  320  317  307  291
  269  245  220  198  178  161  148  136  126  118  110  105  100   98   96   96
   95   95   93   91   88   85   82   80   78   76   74   73   72   70   69   67
   64   62   59   56   53   52   52   53   55   58   60   62   62   63   64   66
   69   76   85   95  107  128  147  162  174                                   
    60.0-180.0 180.0   5.0 450.0                            LAT/LON1/LON2/DLON/H
  181  195  208  219  231  241  254  267  282  297  311  321  327  327  319  305
  286  264  239  216  193  173  153  136  120  106   94   84   78   74   73   73
   73   73   72   71   68   66   64   63   62   62   61   61   61   60   59   57
   55   53   51   49   47   46   47   49   51   54   56   58   58   57   57   59
   63   71   81   92  105  130  151  166  181                                   
    57.5-180.0 180.0   5.0 450.0                            LAT/LON1/LON2/DLON/H
  188  206  220  231  245  254  266  277  289  302  315  326  333  336  332  323
  308  288  266  242  217  192  167  143  121  101   85   73   65   60   59   59
   60   60   60   58   56   54   53   52   53   53   54   55   55   54   53   52
   50   49   47   46   45   45   47   50   53   56   58   58   57   56   56   57
   61   70   82   94  106  132  153  168  188                                   
    55.0-180.0 180.0   5.0 450.0                            LAT/LON1/LON2/DLON/H
  199  221  238  249  264  273  284  292  302  311  322  331  340  345  345  341
  330  315  294  270  243  215  186  157  130  106   87   73   64   59   57   57
   58   58   57   55   53   51   50   50   51   53   54   55   55   55   54   52
   51   50   49   49   49   50   52   55   59   62   63   63   61   59   59   61
   66   77   90  103  115  140  162  176  199                                   
    52.5-180.0 180.0   5.0 450.0                            LAT/LON1/LON2/DLON/H
  216  241  262  273  290  299  309  314  320  325  332  338  345  351  355  355
  349  337  318  295  267  236  205  173  144  119   99   85   75   69   67   66
   65   65   63   61   58   56   55   55   57   59   61   63   63   62   61   59
   58   57   56   57   57   59   62   65   68   70   71   69   67   66   66   70
   77   90  105  119  132  157  179  191  216                                   
    50.0-180.0 180.0   5.0 450.0                            LAT/LON1/LON2/DLON/H
  241  269  293  303  322  333  342  345  347  347  347  349  353  358  363  366
  363  353  337  314  286  255  223  191  163  139  120  106   96   89   85   81
   79   77   74   72   69   66   65   66   67   70   73   75   76   75   74   72
   70   69   69   69   71   73   76   78   80   81   80   77   75   74   76   82
   91  107  125  142  156  181  204  214  241                                   
    47.5-180.0 180.0   5.0 450.0                            LAT/LON1/LON2/DLON/H
  270  299  326  336  357  370  379  380  378  373  368  364  363  366  370  373
  371  363  347  326  299  270  239  210  184  162  145  131  120  110  102   96
   91   87   84   82   80   78   77   77   79   83   87   90   91   91   90   88
   87   86   85   85   87   88   91   92   93   92   89   85   82   82   85   94
  106  125  146  166  183  208  232  241  270                                   
    45.0-180.0 180.0   5.0 450.0                            LAT/LON1/LON2/DLON/H
  299  328  355  366  389  404  414  415  411  403  392  382  376  374  375  377
  375  367  353  333  308  282  254  228  205  185  168  153  139  125  113  103
   95   91   88   87   87   87   86   87   89   93   98  103  106  106  106  105
  104  103  102  102  103  104  106  106  105  102   97   93   89   89   94  105
  119  141  163  186  207  234  260  271  299                                   
    42.5-180.0 180.0   5.0 450.0                            LAT/LON1/LON2/DLON/H
  322  350  377  387  411  428  440  442  438  429  415  401  390  384  382  381
  377  369  355  338  317  294  269  245  223  203  185  166  148  129  112   99
   90   86   86   88   90   92   93   93   96  100  106  112  116  119  120  120
  120  119  118  118  118  119  120  119  116  111  105   99   96   96  102  113
  128  151  174  199  223  251  280  296  322                                   
    40.0-180.0 180.0   5.0 450.0                            LAT/LON1/LON2/DLON/H
  335  363  388  397  421  437  451  455  454  447  434  419  404  395  390  386
  380  372  359  345  327  307  285  262  238  215  192  169  145  122  103   89
   81   79   81   87   93   97   98   99  102  106  112  119  124  127  129  130
  131  131  130  130  130  131  131  129  125  118  111  105  101  102  108  119
  134  155  178  202  227  259  289  310  335                                   
    37.5-180.0 180.0   5.0 450.0                            LAT/LON1/LON2/DLON/H
  340  367  389  396  418  432  447  453  457  455  445  431  417  406  398  393
  386  377  367  355  341  323  301  276  248  220  192  164  137  113   94   82
   76   77   83   92  100  106  108  108  110  114  119  125  129  132  135  136
  137  137  137  136  137  138  138  136  130  123  115  108  105  106  113  124
  137  156  178  200  223  256  288  311  340                                   
    35.0-180.0 180.0   5.0 450.0                            LAT/LON1/LON2/DLON/H
  342  367  386  390  408  419  433  441  450  453  449  439  426  416  408  401
  394  386  378  369  357  340  316  287  254  221  189  159  133  112   97   89
   87   91   99  110  119  124  125  124  124  126  130  133  135  136  137  139
  139  139  138  137  139  141  141  139  133  125  117  111  109  111  119  130
  143  160  179  198  218  252  284  307  342                                   
    32.5-180.0 180.0   5.0 450.0                            LAT/LON1/LON2/DLON/H
  348  371  388  387  402  408  421  429  442  449  450  444  434  425  417  410
  403  397  390  383  372  354  327  294  258  222  190  163  141  127  120  119
  121  127  135  144  151  153  151  147  145  145  146  145  144  141  140  139
  139  137  135  134  136  139  141  139  133  125  118  114  113  118  128  140
  153  170  187  204  221  254  286  307  348                                   
    30.0-180.0 180.0   5.0 450.0                            LAT/LON1/LON2/DLON/H
  366  386  403  398  410  411  422  429  442  451  455  451  443  435  426  419
  412  405  400  393  381  362  333  299  264  231  203  183  171  168  171  176
  182  188  192  195  194  190  183  177  172  170  167  163  156  150  144  141
  138  134  131  130  133  137  140  138  133  126  120  118  120  127  141  157
  171  189  205  221  237  269  302  319  366                                   
    27.5-180.0 180.0   5.0 450.0                            LAT/LON1/LON2/DLON/H
  398  419  435  429  441  439  446  450  461  469  472  468  460  449  439  429
  420  411  404  396  382  362  335  305  275  250  232  223  225  235  249  262
  269  270  264  255  242  229  216  207  201  197  193  185  174  162  153  146
  141  135  130  128  131  136  139  138  133  127  123  123  128  139  157  178
  196  218  235  252  268  301  333  347  398                                   
    25.0-180.0 180.0   5.0 450.0                            LAT/LON1/LON2/DLON/H
  446  469  486  483  498  496  501  500  506  509  508  501  489  475  460  444
  429  416  404  392  376  357  334  313  295  284  280  285  302  326  351  367
  369  358  336  310  283  260  242  231  226  223  219  209  195  180  167  157
  149  140  133  131  132  137  139  137  132  127  124  126  134  150  174  202
  226  253  273  293  311  346  380  392  446                                   
    22.5-180.0 180.0   5.0 450.0                            LAT/LON1/LON2/DLON/H
  505  533  552  555  578  579  584  579  580  576  569  555  538  517  494  469
  445  424  404  386  368  351  337  328  327  332  344  365  394  428  456  467
  458  429  389  347  308  277  256  246  244  244  242  232  217  201  186  174
  163  152  142  137  137  140  140  137  131  126  124  127  138  158  188  223
  256  291  317  341  361  398  437  448  505                                   
    20.0-180.0 180.0   5.0 450.0                            LAT/LON1/LON2/DLON/H
  568  604  627  639  671  678  685  679  676  666  652  632  608  579  546  510
  475  441  412  386  365  352  348  355  371  393  420  450  484  515  535  534
  509  465  412  358  312  278  258  250  253  258  259  253  240  224  210  196
  183  169  157  149  146  146  144  138  130  124  122  126  139  162  198  241
  282  325  358  386  410  451  495  508  568                                   
    17.5-180.0 180.0   5.0 450.0                            LAT/LON1/LON2/DLON/H
  623  670  699  720  762  776  787  783  780  768  751  727  696  660  617  570
  522  475  434  400  377  367  374  396  428  463  496  524  548  564  566  548
  510  458  401  346  300  268  251  248  256  266  271  269  259  247  234  221
  207  190  175  165  159  155  149  140  130  123  120  124  138  164  204  253
  302  351  390  422  450  496  546  562  623                                   
    15.0-180.0 180.0   5.0 450.0                            LAT/LON1/LON2/DLON/H
  663  719  756  785  835  857  873  873  873  864  848  825  794  754  705  648
  588  530  478  436  409  403  418  452  494  533  558  569  571  564  545  512
  467  416  366  319  282  256  245  247  258  270  279  280  274  266  257  245
  230  212  195  182  173  165  155  143  131  121  118  122  136  165  208  261
  315  369  412  446  477  528  582  599  663                                   
    12.5-180.0 180.0   5.0 450.0                            LAT/LON1/LON2/DLON/H
  683  745  789  823  881  910  931  937  943  939  928  911  884  847  797  737
  671  605  544  495  466  461  482  521  562  589  594  580  555  523  485  443
  401  361  326  296  271  255  250  254  265  276  284  286  283  279  272  262
  247  229  211  196  185  173  160  146  132  121  116  120  135  165  211  266
  322  378  422  458  491  545  601  619  683                                   
    10.0-180.0 180.0   5.0 450.0                            LAT/LON1/LON2/DLON/H
  688  750  798  834  897  932  957  969  980  983  980  971  953  923  879  822
  757  690  627  575  542  537  557  591  619  626  605  563  513  461  414  373
  341  318  302  291  281  275  273  276  282  287  289  288  286  283  278  270
  257  239  222  207  193  180  165  149  134  123  118  121  137  167  213  268
  324  380  424  460  494  550  606  624  688                                   
     7.5-180.0 180.0   5.0 450.0                            LAT/LON1/LON2/DLON/H
  682  741  789  823  887  925  953  968  984  993  998  999  991  971  937  889
  833  772  713  662  628  619  631  651  660  642  597  534  467  406  359  326
