data/edconvlstm_nd/pred0210.15i
     1.0            IONOSPHERE MAPS     GNSS                IONEX VERSION / TYPE
pyspatialgeodesy        IME             05-JAN-18 20:20     PGM / RUN BY / DATE 
Map Name                                                    COMMENT             
Predicted global ionosphere maps (GIM).                     DESCRIPTION         
  2015     1    21     0     0     0                        EPOCH OF FIRST MAP  
  2015     1    22     0     0     0                        EPOCH OF LAST MAP   
  7200                                                      INTERVAL            
    13                                                      # OF MAPS IN FILE   
  NONE                                                      MAPPING FUNCTION    
10.0                                                        ELEVATION CUTOFF    
One-way carrier phase leveled to code                       OBSERVABLES USED    
  6371.0                                                    BASE RADIUS         
 2                                                          MAP DIMENSION       
   450.0 450.0   0.0                                        HGT1 / HGT2 / DHGT  
    87.5 -87.5  -2.5                                        LAT1 / LAT2 / DLAT  
  -180.0 180.0   5.0                                        LON1 / LON2 / DLON  
    -1                                                      EXPONENT            
                                                            END OF HEADER       
[from data line 3861]
    10                                                      START OF TEC MAP    
  2015     1    21    18     0     0                        EPOCH OF CURRENT MAP
    87.5-180.0 180.0   5.0 450.0                            LAT/LON1/LON2/DLON/H
   96  100   97  102  107  106  106  103  103  105  104  104  104  104  103  103
  103  102  102  101  100   99   98   98   97   96   95   94   93   92   91   90
   90   89   89   88   88   87   87   87   87   87   87   87   87   87   87   87
   87   88   88   89   89   89   90   90   91   91   92   93   93   94   95   95
   96   97   94   91   95   93  106  107   96                                   
    85.0-180.0 180.0   5.0 450.0                            LAT/LON1/LON2/DLON/H
  101  101  112  100  101  107  107  109  109  111  110  110  110  110  109  109
  108  108  107  106  105  105  104  102  101  100   99   98   97   96   95   94
   93   93   92   92   91   91   90   90   90   89   89   89   89   89   89   88
   88   89   89   89   89   89   90   90   91   92   92   93   94   95   96   96
   98   98   95   91   93   95   97   96  101                                   
    82.5-180.0 180.0   5.0 450.0                            LAT/LON1/LON2/DLON/H
   84   88   93   89   93   98  100  102  102  104  104  105  104  104  104  104
  103  102  102  101  100   99   97   96   95   94   92   91   90   88   87   86
   85   84   83   82   82   81   80   79   79   78   78   77   77   76   76   76
   75   75   75   76   76   76   76   77   78   78   79   80   81   82   83   84
   86   86   84   81   84   95   88   89   84                                   
    80.0-180.0 180.0   5.0 450.0                            LAT/LON1/LON2/DLON/H
   68   71   79   77   82   84   89   92   95   97   98   99  100  100   99   99
   99   98   97   96   95   94   92   91   90   88   86   85   83   81   80   79
   77   76   75   74   73   73   72   71   70   70   69   69   68   67   67   66
   66   66   66   66   66   66   67   67   68   68   69   70   70   71   72   73
   74   75   75   73   70   77   71   81   68                                   
    77.5-180.0 180.0   5.0 450.0                            LAT/LON1/LON2/DLON/H
   68   65   67   66   72   76   81   86   89   92   94   97   98   99   99   99
   99   98   98   97   97   96   95   93   92   90   88   86   83   81   79   77
   75   73   71   70   68   67   65   64   63   62   61   60   59   58   57   57
   57   57   57   57   58   58   58   59   59   60   60   61   61   61   62   62
   63   64   65   65   63   64   61   72   68                                   
    75.0-180.0 180.0   5.0 450.0                            LAT/LON1/LON2/DLON/H
   53   53   53   55   60   65   70   75   81   87   90   95   97   99  100  101
  102  102  102  103  103  103  102  101   99   97   94   91   88   84   81   78
   75   72   69   66   64   62   60   58   57   55   54   53   52   51   51   50
   50   50   50   51   51   52   52   53   53   53   53   54   54   54   54   54
   55   57   58   57   55   53   49   50   53                                   
    72.5-180.0 180.0   5.0 450.0                            LAT/LON1/LON2/DLON/H
   47   45   45   49   51   57   64   70   77   83   89   95  100  103  105  107
  108  110  111  113  114  115  115  114  112  109  105  100   96   91   86   81
   76   72   67   63   59   56   52   50   47   45   43   42   41   40   40   40
   40   40   40   41   41   42   43   43   43   44   44   44   44   44   44   44
   44   45   46   45   45   45   44   48   47                                   
    70.0-180.0 180.0   5.0 450.0                            LAT/LON1/LON2/DLON/H
   41   40   41   44   46   51   57   66   75   85   93  101  107  112  115  118
  121  124  127  130  133  135  136  135  133  130  125  119  112  106   99   92
   85   78   72   65   59   54   49   46   43   40   39   38   37   36   36   36
   36   36   37   37   38   39   39   40   40   41   41   41   41   41   41   41
   40   41   42   42   43   43   46   49   41                                   
    67.5-180.0 180.0   5.0 450.0                            LAT/LON1/LON2/DLON/H
   40   40   40   43   46   51   59   69   80   91  102  112  120  125  130  134
  138  142  147  152  156  159  161  160  157  152  146  139  131  122  113  104
   95   86   77   68   60   53   46   42   38   36   34   34   33   33   33   33
   33   33   33   34   35   36   37   38   38   39   40   40   40   40   40   39
   38   38   39   39   40   43   44   46   40                                   
    65.0-180.0 180.0   5.0 450.0                            LAT/LON1/LON2/DLON/H
   37   39   38   43   45   50   58   70   83   97  110  122  131  138  144  149
  155  161  167  173  179  183  184  183  179  173  166  157  148  138  127  117
  106   94   82   71   60   51   43   37   33   31   30   30   30   30   30   29
   29   29   29   30   31   32   33   34   35   36   37   38   38   39   38   38
   37   37   38   39   41   45   48   51   37                                   
    62.5-180.0 180.0   5.0 450.0                            LAT/LON1/LON2/DLON/H
   37   40   38   43   45   52   60   74   88  104  119  132  143  152  159  165
  172  179  186  193  199  202  203  201  196  189  180  170  160  149  138  126
  114  101   87   73   60   49   40   33   30   28   28   28   29   29   28   27
   26   26   26   26   28   29   30   31   32   33   35   36   38   38   38   37
   36   36   37   37   39   44   47   51   37                                   
    60.0-180.0 180.0   5.0 450.0                            LAT/LON1/LON2/DLON/H
   37   40   39   44   46   53   63   77   94  111  127  142  153  163  171  179
  186  194  202  209  214  216  216  212  206  198  188  178  167  157  146  134
  121  106   91   76   61   49   39   32   29   27   28   29   30   30   29   28
   26   25   24   25   26   27   28   30   31   32   34   36   38   38   39   38
   36   35   36   36   38   43   47   52   37                                   
    57.5-180.0 180.0   5.0 450.0                            LAT/LON1/LON2/DLON/H
   38   41   40   46   50   57   68   84  101  119  136  151  164  174  183  191
  200  208  215  221  225  225  223  218  211  202  192  182  173  163  153  142
  129  114   98   82   67   54   44   37   34   33   34   36   37   37   35   33
   31   29   28   28   29   31   32   33   34   36   38   40   42   43   43   42
   40   38   38   37   38   43   46   52   38                                   
    55.0-180.0 180.0   5.0 450.0                            LAT/LON1/LON2/DLON/H
   41   44   44   51   56   64   77   93  110  128  146  161  173  184  193  202
  211  219  225  229  231  230  226  220  212  203  194  185  177  169  160  149
  137  123  107   91   76   63   53   47   43   43   44   45   46   46   45   43
   40   38   37   36   37   39   41   42   43   45   46   48   50   51   51   49
   46   44   42   41   40   43   45   52   41                                   
    52.5-180.0 180.0   5.0 450.0                            LAT/LON1/LON2/DLON/H
   46   48   49   58   64   74   87  103  121  139  155  170  182  193  202  212
  220  227  232  234  233  231  226  219  212  204  196  188  182  175  167  157
  145  132  117  102   88   76   66   60   56   55   56   58   59   59   58   56
   53   51   50   50   51   53   55   57   58   59   60   61   62   62   62   60
   56   52   50   48   45   45   45   53   46                                   
    50.0-180.0 180.0   5.0 450.0                            LAT/LON1/LON2/DLON/H
   52   53   56   67   75   86  100  117  133  150  166  179  191  202  211  220
  227  233  236  236  234  231  226  221  214  208  201  195  189  183  175  165
  153  140  126  113  100   90   81   75   70   68   68   69   70   71   70   69
   68   67   66   66   68   70   73   74   76   76   76   76   76   75   74   71
   66   62   59   56   52   50   49   55   52                                   
    47.5-180.0 180.0   5.0 450.0                            LAT/LON1/LON2/DLON/H
   59   59   64   76   87  100  115  130  146  162  176  189  201  211  220  228
  234  238  239  238  235  232  229  225  221  216  211  206  199  192  183  172
  159  146  133  122  111  102   95   88   83   80   78   78   79   80   81   82
   81   81   81   82   84   87   90   92   93   93   92   91   90   88   85   81
   76   71   68   65   60   56   54   59   59                                   
    45.0-180.0 180.0   5.0 450.0                            LAT/LON1/LON2/DLON/H
   65   64   70   85   99  113  128  144  158  173  187  200  211  221  229  236
  240  242  242  240  238  236  235  234  233  229  224  218  211  201  189  176
  162  149  137  127  120  113  106   99   93   88   85   84   85   86   88   90
   91   92   93   94   96   99  103  106  108  108  106  104  101   98   94   89
   82   77   74   71   67   63   61   64   65                                   
    42.5-180.0 180.0   5.0 450.0                            LAT/LON1/LON2/DLON/H
   69   68   75   92  108  124  139  155  169  183  196  209  221  230  239  244
  247  248  246  244  243  243  245  247  247  244  239  231  221  208  193  178
  162  149  138  131  125  120  114  108  101   95   90   88   87   89   91   94
   96   97   98   99  101  105  109  113  116  117  116  113  109  105   99   93
   85   80   76   74   72   69   68   71   69                                   
    40.0-180.0 180.0   5.0 450.0                            LAT/LON1/LON2/DLON/H
   71   70   78   97  115  132  149  164  178  191  205  218  230  240  248  254
  256  256  254  252  251  254  257  260  261  258  251  241  228  213  196  178
  163  149  140  134  130  126  122  116  109  102   96   93   91   91   93   95
   97   99   99  100  102  105  110  115  119  121  120  118  114  108  101   93
   85   78   75   73   73   72   72   76   71                                   
    37.5-180.0 180.0   5.0 450.0                            LAT/LON1/LON2/DLON/H
   70   70   80  100  119  139  156  172  185  199  212  225  238  249  258  264
  266  266  264  262  263  265  269  272  271  267  259  247  232  216  199  182
  166  154  146  142  138  135  131  125  119  113  107  102   99   97   97   98
   99   99   99   99  100  103  108  113  117  120  120  118  114  108  101   92
   82   75   71   70   71   72   73   80   70                                   
    35.0-180.0 180.0   5.0 450.0                            LAT/LON1/LON2/DLON/H
   68   70   81  102  124  144  163  179  193  206  218  232  245  257  267  274
  277  277  276  275  275  277  279  280  277  271  262  250  236  221  206  191
  178  168  161  157  153  149  145  140  135  130  125  120  115  110  107  106
  105  104  102  101  102  104  107  112  115  118  118  117  113  107  100   90
   79   71   67   66   67   70   71   80   68                                   
    32.5-180.0 180.0   5.0 450.0                            LAT/LON1/LON2/DLON/H
   68   71   84  106  130  151  172  189  202  214  226  238  251  264  275  282
  287  288  288  287  286  285  284  282  278  272  263  253  242  231  220  209
  200  193  187  181  175  170  165  161  158  156  152  146  139  132  126  121
  118  116  113  111  110  110  112  114  116  117  117  115  112  107   99   89
   78   69   65   64   65   67   69   80   68                                   
    30.0-180.0 180.0   5.0 450.0                            LAT/LON1/LON2/DLON/H
   69   75   90  112  138  161  184  201  215  225  235  246  257  269  280  289
  295  297  298  296  293  290  286  281  277  272  266  260  254  249  243  238
  233  229  223  215  206  197  190  187  187  187  186  181  172  162  153  146
  141  137  134  131  128  126  124  123  121  119  117  115  112  108  101   92
   80   71   66   64   65   67   67   79   69                                   
    27.5-180.0 180.0   5.0 450.0                            LAT/LON1/LON2/DLON/H
   75   83   99  121  150  175  199  217  230  240  247  255  264  274  285  294
  300  304  304  302  297  291  284  280  277  275  275  275  275  276  277  278
  277  274  268  256  242  229  220  217  219  222  223  218  208  196  185  176
  170  167  163  160  155  150  144  138  131  126  121  117  114  110  105   97
   86   77   71   69   68   69   68   79   75                                   
    25.0-180.0 180.0   5.0 450.0                            LAT/LON1/LON2/DLON/H
   83   92  110  133  165  192  217  236  249  258  263  268  273  281  289  297
  304  308  308  305  298  290  284  281  283  287  293  300  307  314  320  326
  328  326  318  302  281  263  250  247  251  256  257  252  242  229  217  208
  203  200  197  193  186  178  167  156  145  135  127  121  117  113  109  103
   94   86   79   76   75   73   71   79   83                                   
    22.5-180.0 180.0   5.0 450.0                            LAT/LON1/LON2/DLON/H
   93  102  122  146  180  210  237  256  270  279  283  284  286  290  295  302
  307  311  311  307  300  293  289  291  299  310  323  335  348  359  370  378
  382  379  366  345  318  294  279  274  277  282  283  278  266  253  241  234
  230  229  227  223  215  203  190  175  159  145  133  124  119  116  113  109
  101   95   87   84   82   78   75   81   93                                   
    20.0-180.0 180.0   5.0 450.0                            LAT/LON1/LON2/DLON/H
  102  111  132  159  195  227  255  276  292  302  305  305  304  304  306  310
  314  317  316  312  306  301  303  312  327  345  364  380  395  409  420  428
  431  424  408  381  350  321  301  294  295  299  297  289  277  263  253  248
  247  247  246  242  232  219  204  187  169  152  137  127  120  117  116  113
  108  103   94   91   88   83   79   85  102                                   
    17.5-180.0 180.0   5.0 450.0                            LAT/LON1/LON2/DLON/H
  108  119  139  169  207  241  271  294  313  325  330  331  328  325  325  326
  328  329  328  324  321  321  328  345  367  391  413  430  445  456  465  469
  468  458  437  407  373  341  318  308  305  304  298  286  271  257  248  246
  247  249  249  243  234  221  206  190  173  155  139  127  120  117  116  115
  111  107   99   96   92   87   82   90  108                                   
    15.0-180.0 180.0   5.0 450.0                            LAT/LON1/LON2/DLON/H
  110  123  143  177  216  251  283  309  331  348  357  360  358  355  352  352
  353  353  351  349  347  352  366  389  417  444  466  481  490  495  498  497
  491  478  455  424  389  356  331  317  309  302  289  272  253  238  230  229
  232  235  234  229  220  209  198  185  170  154  138  126  118  115  115  114
  111  108  100   97   93   89   85   96  110                                   
    12.5-180.0 180.0   5.0 450.0                            LAT/LON1/LON2/DLON/H
  110  125  146  182  222  258  292  320  347  369  383  391  392  391  389  389
  389  389  388  386  388  396  415  443  473  500  518  525  526  523  519  513
  503  487  464  435  401  369  343  325  311  296  276  252  230  213  204  203
  207  210  210  204  197  189  183  175  164  151  137  125  118  114  113  112
  109  106   98   95   92   90   87   99  110                                   
    10.0-180.0 180.0   5.0 450.0                            LAT/LON1/LON2/DLON/H
  107  126  148  185  226  262  298  329  360  387  408  422  428  431  432  434
  436  437  437  436  440  452  473  502  531  553  562  559  549  538  528  519
  507  491  470  444  414  383  357  335  315  293  265  236  209  189  179  178
  182  185  185  180  175  171  168  166  160  150  139  128  120  116  114  112
  106  103   95   91   90   89   87  101  107                                   
     7.5-180.0 180.0   5.0 450.0                            LAT/LON1/LON2/DLON/H
  106  127  151  188  230  265  304  336  370  402  429  449  461  470  476  482
  488  492  494  496  501  514  535  560  584  597  594  579  559  542  530  521
