data/edconvlstm_nd/pred0510.15i
     1.0            IONOSPHERE MAPS     GNSS                IONEX VERSION / TYPE
pyspatialgeodesy        IME             05-JAN-18 20:20     PGM / RUN BY / DATE 
Map Name                                                    COMMENT             
Predicted global ionosphere maps (GIM).                     DESCRIPTION         
  2015     2    20     0     0     0                        EPOCH OF FIRST MAP  
  2015     2    21     0     0     0                        EPOCH OF LAST MAP   
  7200                                                      INTERVAL            
    13                                                      # OF MAPS IN FILE   
  NONE                                                      MAPPING FUNCTION    
10.0                                                        ELEVATION CUTOFF    
One-way carrier phase leveled to code                       OBSERVABLES USED    
  6371.0                                                    BASE RADIUS         
 2                                                          MAP DIMENSION       
   450.0 450.0   0.0                                        HGT1 / HGT2 / DHGT  
    87.5 -87.5  -2.5                                        LAT1 / LAT2 / DLAT  
  -180.0 180.0   5.0                                        LON1 / LON2 / DLON  
    -1                                                      EXPONENT            
                                                            END OF HEADER       
[from data line 858]
     3                                                      START OF TEC MAP    
  2015     2    20     4     0     0                        EPOCH OF CURRENT MAP
    87.5-180.0 180.0   5.0 450.0                            LAT/LON1/LON2/DLON/H
  104  111  111  115  114  113  111  108  109  110  111  112  112  112  111  111
  109  108  106  104  102  100   97   95   93   91   89   87   85   83   82   80
   79   78   78   77   77   76   76   76   77   77   78   79   80   82   83   85
   87   89   91   93   94   96   98   99  100  101  102  103  104  104  104  105
  107  108  106  106  110  115  119  110  104                                   
    85.0-180.0 180.0   5.0 450.0                            LAT/LON1/LON2/DLON/H
  106  123  115  120  121  121  120  119  120  121  121  121  122  121  121  120
  118  116  114  111  108  104  101   97   94   91   88   85   83   81   79   77
   76   75   75   75   75   75   75   76   77   78   80   81   83   86   88   90
   93   96   99  102  104  107  110  112  114  116  118  119  120  121  121  122
  124  125  122  123  121  123  126  117  106                                   
    82.5-180.0 180.0   5.0 450.0                            LAT/LON1/LON2/DLON/H
  119  124  132  123  122  122  122  121  123  124  124  126  127  128  128  127
  126  123  120  116  111  106  101   95   90   85   80   76   73   70   68   66
   65   65   65   65   66   67   68   69   71   73   76   78   81   84   87   91
   95   99  103  107  112  116  120  123  127  130  132  134  136  137  138  139
  140  140  136  135  139  130  124  117  119                                   
    80.0-180.0 180.0   5.0 450.0                            LAT/LON1/LON2/DLON/H
  131  130  126  116  116  113  114  113  116  117  118  122  124  126  127  127
  126  124  120  114  108  101   94   87   80   73   67   63   59   57   55   55
   55   55   57   58   60   62   64   66   69   71   74   77   80   83   87   91
   96  101  106  112  118  123  129  134  139  143  147  150  152  153  154  156
  156  152  150  148  153  145  141  125  131                                   
    77.5-180.0 180.0   5.0 450.0                            LAT/LON1/LON2/DLON/H
  139  131  125  115  108  105  105  104  106  107  110  114  119  122  125  127
  126  124  120  115  108  100   91   83   75   67   61   57   54   52   52   53
   55   58   61   64   67   70   73   75   78   80   83   85   88   91   95   99
  104  110  116  123  130  137  144  151  157  163  167  171  174  175  177  178
  177  174  169  169  168  154  147  135  139                                   
    75.0-180.0 180.0   5.0 450.0                            LAT/LON1/LON2/DLON/H
  148  140  129  117  108  103   99   95   95   95   96  101  105  110  114  117
  118  117  114  110  103   96   87   79   71   64   59   55   53   53   54   57
   60   64   69   73   77   80   83   85   87   89   91   92   94   97  100  104
  109  114  121  129  137  145  153  161  169  175  181  185  188  191  192  194
  192  190  187  182  181  170  163  150  148                                   
    72.5-180.0 180.0   5.0 450.0                            LAT/LON1/LON2/DLON/H
  164  156  144  129  119  110  104   98   95   92   92   95   99  103  107  110
  113  113  112  109  105   98   91   84   77   71   66   63   63   64   66   70
   75   80   85   90   94   97  100  101  103  104  105  106  107  109  112  116
  121  127  134  142  151  160  169  178  185  192  197  201  204  206  207  209
  208  208  207  204  202  189  182  168  164                                   
    70.0-180.0 180.0   5.0 450.0                            LAT/LON1/LON2/DLON/H
  191  179  165  148  135  123  113  103   97   91   88   88   89   91   95   98
  101  103  104  104  102   99   94   89   83   79   75   73   73   75   78   83
   88   93   97  101  104  106  107  108  109  109  110  110  112  114  117  122
  127  134  142  152  161  172  181  191  198  205  209  212  214  215  216  217
  217  218  219  219  220  210  206  192  191                                   
    67.5-180.0 180.0   5.0 450.0                            LAT/LON1/LON2/DLON/H
  208  197  182  165  151  136  123  111  101   92   85   82   80   79   81   83
   86   90   93   96   97   97   95   92   88   84   81   80   80   82   84   88
   91   95   97   99  100  100  101  101  101  101  102  104  106  109  114  119
  127  135  145  156  168  179  190  200  208  213  216  218  217  216  215  215
  215  216  220  221  225  220  219  208  208                                   
    65.0-180.0 180.0   5.0 450.0                            LAT/LON1/LON2/DLON/H
  222  213  198  181  167  150  135  121  109   98   88   81   75   72   71   72
   75   79   84   89   93   96   96   95   93   90   88   86   86   86   88   89
   90   91   91   90   89   88   87   87   87   88   91   94   97  102  109  116
  125  136  149  162  176  190  203  213  221  225  227  226  223  219  215  213
  211  212  216  218  225  224  227  219  222                                   
    62.5-180.0 180.0   5.0 450.0                            LAT/LON1/LON2/DLON/H
  229  223  210  193  180  162  146  131  118  104   92   83   74   68   65   65
   67   71   77   84   89   93   96   96   95   93   90   89   88   87   86   86
   84   82   79   76   73   71   69   69   71   73   77   81   87   94  102  112
  123  137  152  168  185  201  216  227  235  239  240  237  231  224  217  213
  209  208  211  213  220  223  228  222  229                                   
    60.0-180.0 180.0   5.0 450.0                            LAT/LON1/LON2/DLON/H
  230  225  214  197  185  167  150  134  121  107   94   83   74   67   62   61
   62   66   71   78   84   88   91   92   91   89   87   85   83   82   80   77
   74   70   65   60   56   53   52   53   55   59   63   69   77   85   95  107
  120  137  155  174  193  212  228  241  249  254  253  249  242  233  223  216
  209  206  207  208  215  219  224  219  230                                   
    57.5-180.0 180.0   5.0 450.0                            LAT/LON1/LON2/DLON/H
  229  225  215  198  187  167  150  135  121  107   94   84   74   67   63   60
   61   64   68   73   78   82   83   84   83   81   79   77   76   74   71   68
   64   59   53   48   44   41   41   42   45   50   56   63   71   81   92  106
  122  140  161  182  204  224  242  255  265  270  270  265  258  248  237  227
  218  212  211  211  216  219  222  217  229                                   
    55.0-180.0 180.0   5.0 450.0                            LAT/LON1/LON2/DLON/H
  232  228  218  198  187  167  149  132  118  104   91   81   73   67   64   62
   63   65   67   70   72   73   74   74   73   71   70   68   67   65   63   60
   56   52   47   42   39   37   37   39   44   49   56   63   72   83   96  111
  129  149  171  194  216  238  256  270  281  286  287  283  276  267  255  245
  234  227  223  221  225  224  226  220  232                                   
    52.5-180.0 180.0   5.0 450.0                            LAT/LON1/LON2/DLON/H
  242  237  225  204  192  170  150  132  116  100   87   78   72   67   65   65
   66   67   68   67   67   67   66   65   64   63   61   60   59   58   57   55
   53   50   46   43   41   41   42   45   50   56   63   71   80   92  106  123
  142  164  187  210  232  253  271  285  295  301  302  300  295  286  276  266
  255  247  242  239  239  236  236  228  242                                   
    50.0-180.0 180.0   5.0 450.0                            LAT/LON1/LON2/DLON/H
  259  253  239  218  204  181  159  137  118   99   85   76   70   68   67   69
   70   71   70   67   65   63   62   61   60   58   57   56   55   54   54   53
   53   52   52   51   51   52   54   58   63   69   76   84   95  107  123  142
  163  185  208  230  251  271  287  300  308  313  315  314  310  304  296  287
  277  269  264  259  258  252  251  244  259                                   
    47.5-180.0 180.0   5.0 450.0                            LAT/LON1/LON2/DLON/H
  279  272  257  238  223  200  176  149  126  104   88   77   71   69   70   72
   74   74   72   69   66   64   64   63   62   60   58   56   54   53   53   54
   55   57   60   62   64   67   71   75   80   87   94  102  114  128  146  166
  188  210  232  253  272  288  302  312  318  322  323  323  321  316  310  303
  295  288  283  277  276  269  269  262  279                                   
    45.0-180.0 180.0   5.0 450.0                            LAT/LON1/LON2/DLON/H
  296  289  275  259  245  222  198  168  141  115   96   83   76   73   74   76
   78   78   76   73   72   71   71   71   70   67   64   60   57   54   53   54
   57   62   67   73   78   83   88   93   99  105  112  122  134  151  171  193
  216  238  258  276  292  305  315  321  325  327  327  327  326  323  319  313
  306  300  296  291  289  282  283  277  296                                   
    42.5-180.0 180.0   5.0 450.0                            LAT/LON1/LON2/DLON/H
  306  298  287  275  262  242  218  189  159  131  109   94   85   81   80   81
   82   82   82   82   82   84   85   85   82   78   72   66   60   56   54   55
   58   65   73   80   88   95  101  108  114  121  129  139  154  172  195  219
  243  264  282  297  309  319  326  330  331  331  330  330  329  327  324  319
  313  307  303  298  297  290  290  286  306                                   
    40.0-180.0 180.0   5.0 450.0                            LAT/LON1/LON2/DLON/H
  308  297  288  278  268  251  230  203  175  146  124  108   97   92   89   89
   89   90   91   94   97  101  102  101   97   90   82   73   65   59   56   56
   60   68   76   85   94  102  110  118  125  133  141  153  169  190  215  240
  264  285  301  314  325  333  338  340  340  339  337  336  335  334  331  326
  320  314  309  304  302  293  294  288  308                                   
    37.5-180.0 180.0   5.0 450.0                            LAT/LON1/LON2/DLON/H
  304  289  279  267  259  244  227  205  181  156  136  121  111  104  100   99
   99  100  104  109  115  119  120  117  110  100   91   81   73   66   63   62
   66   72   81   89   98  106  115  123  132  140  149  162  179  202  227  254
  277  297  313  327  338  346  352  355  355  354  352  350  350  348  346  342
  335  328  322  315  311  301  300  289  304                                   
    35.0-180.0 180.0   5.0 450.0                            LAT/LON1/LON2/DLON/H
  303  282  268  250  242  226  211  195  177  157  142  131  123  116  112  110
  110  113  119  126  133  137  136  129  119  109   99   91   84   78   75   75
   77   82   88   94  101  109  117  126  135  143  153  165  183  206  232  258
  281  301  318  333  348  360  370  376  378  377  375  374  374  374  373  370
  363  355  349  340  335  323  318  300  303                                   
    32.5-180.0 180.0   5.0 450.0                            LAT/LON1/LON2/DLON/H
  316  290  268  240  226  206  189  176  164  151  141  136  131  127  123  121
  122  126  133  142  149  151  146  137  126  116  109  104  100   97   96   95
   96   98  100  102  106  112  119  127  135  143  152  164  182  204  230  256
  279  300  319  338  358  376  391  402  407  408  407  408  410  412  414  413
  408  401  395  384  379  365  355  330  316                                   
    30.0-180.0 180.0   5.0 450.0                            LAT/LON1/LON2/DLON/H
  354  323  292  250  224  196  173  159  149  141  137  137  136  134  132  130
  132  137  145  153  159  158  152  141  132  125  123  123  125  126  128  128
  127  124  120  117  115  117  121  127  134  141  149  160  177  200  225  251
  276  299  322  346  371  396  417  433  442  446  447  449  454  461  467  471
  469  465  460  447  444  428  411  382  354                                   
    27.5-180.0 180.0   5.0 450.0                            LAT/LON1/LON2/DLON/H
  423  390  345  289  249  209  175  155  142  135  133  136  139  139  138  137
  139  144  151  158  161  159  153  145  140  139  144  152  160  168  173  174
  170  162  150  138  129  125  125  128  132  137  144  155  173  196  222  250
  276  302  330  360  391  422  449  469  482  489  492  497  506  519  532  542
  546  546  543  531  528  509  484  455  423                                   
    25.0-180.0 180.0   5.0 450.0                            LAT/LON1/LON2/DLON/H
  523  491  430  361  306  253  205  172  152  141  138  140  143  143  142  141
  143  146  151  156  158  158  155  153  155  162  175  190  206  219  227  229
  222  207  186  164  146  135  129  128  129  132  139  151  169  194  223  253
  283  313  345  380  417  453  484  509  526  535  541  549  562  580  600  619
  632  640  640  629  625  607  574  547  523                                   
    22.5-180.0 180.0   5.0 450.0                            LAT/LON1/LON2/DLON/H
  644  618  545  465  395  330  266  219  186  166  156  154  153  151  148  146
  145  147  149  151  155  158  162  169  179  195  215  236  256  272  281  281
  270  247  217  186  160  141  131  126  125  126  133  147  169  197  229  262
  295  330  367  406  446  485  520  548  568  581  589  600  615  638  664  691
  713  729  737  731  724  711  678  654  644                                   
    20.0-180.0 180.0   5.0 450.0                            LAT/LON1/LON2/DLON/H
  766  750  673  592  508  435  357  295  249  216  194  182  174  167  160  155
  152  150  149  152  158  168  180  196  214  236  258  281  300  315  321  316
  298  268  232  195  165  143  129  122  118  119  127  144  170  202  237  274
  311  350  390  432  474  515  552  583  605  621  632  645  662  686  716  748
  777  801  816  818  810  804  782  759  766                                   
    17.5-180.0 180.0   5.0 450.0                            LAT/LON1/LON2/DLON/H
  864  860  789  718  628  552  468  396  337  290  254  230  211  196  184  175
  168  162  160  164  175  191  212  235  258  281  301  318  331  337  335  322
  297  265  228  191  162  140  126  116  111  113  122  142  172  207  246  286
  327  369  412  456  500  541  579  610  634  652  667  681  699  723  753  785
  816  844  866  875  866  865  858  840  864                                   
    15.0-180.0 180.0   5.0 450.0                            LAT/LON1/LON2/DLON/H
  917  924  870  815  730  660  579  505  439  382  333  296  266  242  223  209
  198  191  188  194  209  232  259  286  309  326  337  343  342  336  322  302
  276  245  212  181  156  137  124  113  107  108  119  141  174  213  254  296
  340  386  431  476  519  559  596  627  653  674  691  706  724  746  772  800
  828  855  880  893  885  884  888  881  917                                   
    12.5-180.0 180.0   5.0 450.0                            LAT/LON1/LON2/DLON/H
  924  937  902  865  796  738  668  602  538  477  421  373  334  303  279  261
  247  238  236  244  264  291  320  345  361  366  362  351  335  315  294  271
  246  221  196  174  156  140  126  115  108  107  118  142  176  216  259  304
  350  397  444  489  530  568  603  634  661  684  703  720  737  755  775  795
  816  837  861  876  870  869  878  882  924                                   
    10.0-180.0 180.0   5.0 450.0                            LAT/LON1/LON2/DLON/H
  899  912  892  868  818  776  722  669  614  557  501  450  407  372  345  326
  312  303  303  314  336  364  390  405  407  395  372  343  314  287  263  241
  221  203  188  175  162  148  134  121  112  111  121  144  178  219  262  306
  354  402  449  492  531  566  599  630  658  682  703  722  738  753  766  778
  791  805  825  839  836  836  846  857  899                                   
     7.5-180.0 180.0   5.0 450.0                            LAT/LON1/LON2/DLON/H
  859  870  858  840  806  778  738  700  658  610  559  511  469  436  412  395
  383  377  380  393  415  439  454  453  435  403  364  325  290  262  239  220
