data/edconvlstm_nd/pred0700.15i
     1.0            IONOSPHERE MAPS     GNSS                IONEX VERSION / TYPE
pyspatialgeodesy        IME             05-JAN-18 20:20     PGM / RUN BY / DATE 
Map Name                                                    COMMENT             
Predicted global ionosphere maps (GIM).                     DESCRIPTION         
  2015     3    11     0     0     0                        EPOCH OF FIRST MAP  
  2015     3    12     0     0     0                        EPOCH OF LAST MAP   
  7200                                                      INTERVAL            
    13                                                      # OF MAPS IN FILE   
  NONE                                                      MAPPING FUNCTION    
10.0                                                        ELEVATION CUTOFF    
One-way carrier phase leveled to code                       OBSERVABLES USED    
  6371.0                                                    BASE RADIUS         
 2                                                          MAP DIMENSION       
   450.0 450.0   0.0                                        HGT1 / HGT2 / DHGT  
    87.5 -87.5  -2.5                                        LAT1 / LAT2 / DLAT  
  -180.0 180.0   5.0                                        LON1 / LON2 / DLON  
    -1                                                      EXPONENT            
                                                            END OF HEADER       
[from data line 1287]
     4                                                      START OF TEC MAP    
  2015     3    11     6     0     0                        EPOCH OF CURRENT MAP
    87.5-180.0 180.0   5.0 450.0                            LAT/LON1/LON2/DLON/H
  137  140  135  138  137  136  134  132  134  137  138  141  142  144  145  146
  147  147  147  147  146  145  144  143  142  141  139  138  137  136  135  134
  134  134  133  133  133  133  133  133  133  133  133  134  134  134  135  135
  135  136  136  136  137  137  137  137  137  137  136  136  135  134  133  133
  134  135  133  133  136  138  143  138  137                                   
    85.0-180.0 180.0   5.0 450.0                            LAT/LON1/LON2/DLON/H
  134  140  133  135  134  135  136  136  138  141  143  146  149  151  153  155
  156  156  157  156  155  154  153  151  149  148  146  144  143  142  141  140
  140  140  140  140  141  141  142  143  144  145  146  147  148  149  150  151
  152  153  154  155  156  156  157  157  157  157  156  155  154  153  151  150
  150  149  144  144  139  141  140  140  134                                   
    82.5-180.0 180.0   5.0 450.0                            LAT/LON1/LON2/DLON/H
  137  130  129  121  118  117  118  119  123  126  130  135  139  142  146  148
  150  151  152  151  150  148  146  143  140  137  135  133  131  129  129  128
  129  129  130  132  134  136  138  140  142  145  147  150  152  155  157  160
  163  165  167  170  172  173  174  175  176  176  175  174  172  170  167  164
  161  158  151  149  147  139  132  126  137                                   
    80.0-180.0 180.0   5.0 450.0                            LAT/LON1/LON2/DLON/H
  137  124  114  105  103  100  101  103  108  112  118  125  131  137  142  145
  148  149  149  148  145  142  138  133  129  125  121  118  115  114  113  113
  114  116  119  122  125  129  133  136  140  144  148  152  157  161  166  170
  175  179  183  187  191  194  196  199  200  201  201  200  198  195  192  188
  183  176  167  161  157  146  141  126  137                                   
    77.5-180.0 180.0   5.0 450.0                            LAT/LON1/LON2/DLON/H
  139  117  107   98   90   87   86   88   92   97  103  112  119  127  133  138
  141  142  142  139  136  131  126  120  114  109  104  101   98   97   97   98
  101  105  109  115  120  126  132  138  144  149  155  161  167  173  180  186
  193  200  206  212  217  222  226  229  232  234  234  234  232  230  226  222
  215  207  195  187  180  158  146  135  139                                   
    75.0-180.0 180.0   5.0 450.0                            LAT/LON1/LON2/DLON/H
  143  124  108   96   85   80   77   76   79   83   89   98  106  114  121  126
  129  130  129  126  122  116  110  104   98   92   87   83   81   80   81   83
   87   92   99  106  113  121  128  135  142  149  157  164  172  180  189  198
  207  216  224  232  239  245  250  255  259  261  262  263  262  260  256  252
  245  237  226  212  202  180  167  151  143                                   
    72.5-180.0 180.0   5.0 450.0                            LAT/LON1/LON2/DLON/H
  151  134  117  101   88   80   75   72   73   76   81   89   97  104  110  115
  117  118  117  115  111  106  100   94   88   83   78   74   72   72   73   76
   80   87   94  103  111  120  129  137  145  153  162  171  181  191  202  213
  223  234  243  252  260  267  272  277  280  282  283  283  282  280  277  274
  268  261  252  239  227  203  188  175  151                                   
    70.0-180.0 180.0   5.0 450.0                            LAT/LON1/LON2/DLON/H
  166  146  129  110   93   82   74   69   69   70   74   80   86   92   96  100
  102  102  102  100   97   93   89   84   80   75   71   68   66   65   66   69
   73   79   87   95  104  113  122  131  139  149  159  169  181  194  207  220
  232  244  255  264  272  278  283  287  289  291  291  291  289  287  284  281
  276  270  263  252  240  219  207  196  166                                   
    67.5-180.0 180.0   5.0 450.0                            LAT/LON1/LON2/DLON/H
  170  151  135  116   99   87   78   71   69   69   71   76   80   83   86   88
   89   90   90   89   87   86   83   81   78   75   72   69   67   65   65   66
   68   73   79   87   95  103  112  121  130  141  152  165  179  193  208  223
  237  249  260  268  275  281  284  286  287  287  286  284  282  278  275  271
  267  262  256  247  238  221  210  204  170                                   
    65.0-180.0 180.0   5.0 450.0                            LAT/LON1/LON2/DLON/H
  172  154  139  120  103   91   81   75   72   71   72   75   77   78   79   80
   81   81   82   82   82   82   82   81   80   78   77   74   72   69   67   66
   66   69   73   79   86   94  103  112  122  134  148  163  179  196  213  229
  243  256  266  274  280  284  285  286  285  283  281  278  274  269  264  259
  254  248  242  234  227  215  207  204  172                                   
    62.5-180.0 180.0   5.0 450.0                            LAT/LON1/LON2/DLON/H
  169  151  137  118  102   91   82   76   74   73   73   75   75   76   76   76
   76   76   77   78   79   80   81   82   83   83   82   80   77   73   69   66
   64   64   66   71   77   85   93  104  115  129  145  162  181  200  219  236
  250  263  272  280  285  287  288  287  285  282  279  275  271  265  258  251
  243  234  227  218  213  203  197  196  169                                   
    60.0-180.0 180.0   5.0 450.0                            LAT/LON1/LON2/DLON/H
  164  145  131  112   97   86   78   74   72   72   72   73   73   73   73   73
   73   74   75   76   77   78   79   81   82   84   84   83   80   75   70   64
   60   59   60   63   69   77   87   98  112  127  145  165  186  206  226  243
  258  270  280  287  292  294  294  293  291  289  286  282  278  271  263  253
  242  229  219  208  203  192  187  183  164                                   
    57.5-180.0 180.0   5.0 450.0                            LAT/LON1/LON2/DLON/H
  164  141  126  106   92   81   73   70   69   69   69   70   70   70   71   71
   72   74   74   75   75   75   76   77   79   81   83   83   81   76   69   63
   58   55   56   59   66   75   86   99  114  131  151  172  194  216  236  253
  268  280  290  298  303  306  307  307  306  305  303  300  296  290  281  270
  255  239  226  212  206  191  184  176  164                                   
    55.0-180.0 180.0   5.0 450.0                            LAT/LON1/LON2/DLON/H
  170  145  128  106   92   78   70   66   65   64   65   66   66   67   69   70
   73   74   75   74   73   72   71   72   74   77   79   80   79   75   68   61
   56   54   55   60   68   79   91  105  122  140  161  183  205  226  246  263
  278  291  302  311  318  322  325  326  326  326  326  325  322  317  308  296
  280  262  248  230  222  202  193  180  170                                   
    52.5-180.0 180.0   5.0 450.0                            LAT/LON1/LON2/DLON/H
  186  159  140  115  100   84   73   67   65   63   62   63   63   65   67   71
   74   76   77   76   74   71   69   69   70   73   76   78   77   74   68   62
   57   56   59   65   76   88  102  118  134  153  174  195  217  237  256  273
  289  302  315  325  334  340  344  346  348  349  350  350  349  344  336  325
  309  291  276  257  247  224  211  193  186                                   
    50.0-180.0 180.0   5.0 450.0                            LAT/LON1/LON2/DLON/H
  209  182  161  136  118  100   86   77   71   66   64   63   63   65   68   73
   77   79   80   79   77   74   71   70   71   73   76   78   77   74   69   64
   61   61   66   75   87  102  117  133  151  169  188  209  229  248  266  283
  299  313  327  339  349  356  361  364  365  366  367  368  367  364  357  348
  334  318  304  285  274  250  236  216  209                                   
    47.5-180.0 180.0   5.0 450.0                            LAT/LON1/LON2/DLON/H
  234  209  188  163  144  124  108   94   85   77   72   70   69   70   73   77
   81   84   85   85   84   81   79   77   77   78   80   81   80   77   72   68
   66   68   75   86  101  117  134  151  168  185  203  222  241  259  275  291
  307  322  336  349  359  367  372  375  375  375  374  373  371  368  363  356
  346  335  324  306  297  274  261  242  234                                   
    45.0-180.0 180.0   5.0 450.0                            LAT/LON1/LON2/DLON/H
  254  233  214  192  173  152  134  118  105   94   87   82   80   81   83   85
   88   91   93   94   95   94   92   90   88   88   88   88   85   81   76   72
   71   75   83   97  113  131  149  166  183  200  217  235  252  268  283  298
  313  328  342  354  365  372  377  378  377  374  370  366  363  359  355  350
  344  337  330  316  310  289  278  263  254                                   
    42.5-180.0 180.0   5.0 450.0                            LAT/LON1/LON2/DLON/H
  265  247  232  214  196  176  158  141  126  114  105  100   97   96   97   97
   98  100  102  106  109  110  109  107  105  102  100   96   91   85   79   75
   75   80   89  104  122  141  160  179  197  214  230  247  262  277  290  304
  317  331  345  357  367  374  378  378  376  371  364  357  352  347  342  338
  334  331  327  316  312  294  285  272  265                                   
    40.0-180.0 180.0   5.0 450.0                            LAT/LON1/LON2/DLON/H
  265  248  237  221  206  188  172  157  143  131  123  118  116  115  114  112
  110  111  114  120  125  128  129  126  122  118  112  106   98   90   83   78
   78   82   92  107  126  146  167  188  207  225  242  258  273  286  298  310
  322  335  348  360  370  378  382  383  381  375  368  360  353  348  343  339
  335  331  327  316  311  292  285  271  265                                   
    37.5-180.0 180.0   5.0 450.0                            LAT/LON1/LON2/DLON/H
  258  237  227  212  200  184  171  160  149  140  135  133  133  133  131  128
  124  124  128  134  141  146  146  144  139  132  125  116  106   95   86   81
   80   83   92  106  125  147  170  193  215  235  253  270  284  296  307  317
  328  341  355  368  381  390  397  400  400  397  391  385  380  376  372  367
  361  354  346  331  321  296  286  269  258                                   
    35.0-180.0 180.0   5.0 450.0                            LAT/LON1/LON2/DLON/H
  250  222  210  192  181  166  156  149  144  139  138  141  145  147  146  142
  138  137  141  148  156  160  160  157  152  145  137  127  114  102   91   84
   82   84   91  103  122  145  170  196  221  243  264  281  296  307  317  326
  337  352  368  385  401  414  425  433  437  439  438  437  436  435  433  429
  419  408  394  370  355  320  302  277  250                                   
    32.5-180.0 180.0   5.0 450.0                            LAT/LON1/LON2/DLON/H
  254  216  198  173  159  142  134  131  129  130  134  141  150  155  156  153
  150  150  154  160  166  169  168  165  162  157  150  139  125  111   98   90
   85   85   89  100  118  142  169  197  225  250  272  291  307  319  328  338
  351  368  389  411  432  451  467  482  493  502  508  514  520  525  525  520
  508  491  471  437  415  370  340  308  254                                   
    30.0-180.0 180.0   5.0 450.0                            LAT/LON1/LON2/DLON/H
  278  230  201  166  145  125  115  113  114  117  124  136  148  157  161  160
  158  159  164  169  172  173  172  171  171  169  163  153  139  123  109   99
   92   89   91  100  116  140  168  198  227  254  279  299  316  329  340  352
  368  390  417  446  474  498  521  542  562  581  597  613  627  638  642  638
  622  599  571  528  500  444  399  364  278                                   
    27.5-180.0 180.0   5.0 450.0                            LAT/LON1/LON2/DLON/H
  330  271  229  183  152  126  111  107  106  109  117  130  143  154  160  162
  162  165  169  173  173  173  174  177  181  184  180  171  156  140  126  115
  106  100   99  104  118  140  168  198  228  256  281  304  323  339  353  368
  389  417  451  487  521  551  580  609  638  667  694  720  744  761  770  767
  751  724  687  636  601  535  475  442  330                                   
    25.0-180.0 180.0   5.0 450.0                            LAT/LON1/LON2/DLON/H
  408  340  284  228  187  154  132  122  116  115  119  129  141  151  158  161
  163  167  171  173  173  174  179  187  197  203  201  191  177  163  150  137
  125  115  108  110  121  141  168  197  226  254  281  306  328  348  366  387
  414  449  490  532  572  607  641  675  711  747  782  816  848  873  888  888
  873  846  805  751  708  635  566  538  408                                   
    22.5-180.0 180.0   5.0 450.0                            LAT/LON1/LON2/DLON/H
  502  430  362  300  250  213  182  165  150  140  136  138  146  153  158  160
  163  167  171  173  174  179  189  204  219  226  224  214  201  188  174  158
  142  126  115  113  122  141  167  194  223  250  278  306  332  356  381  407
  441  483  530  578  621  660  695  731  767  805  842  878  914  945  965  971
  962  940  903  853  805  732  667  644  502                                   
    20.0-180.0 180.0   5.0 450.0                            LAT/LON1/LON2/DLON/H
  598  527  453  392  335  297  259  233  208  187  171  163  162  164  164  164
  166  170  174  176  180  190  206  228  245  252  247  235  221  207  190  170
  150  131  117  113  121  140  164  190  218  245  274  305  336  366  397  430
  469  516  567  617  661  699  732  764  798  830  862  895  928  960  984  996
  996  984  959  920  873  809  761  744  598                                   
    17.5-180.0 180.0   5.0 450.0                            LAT/LON1/LON2/DLON/H
  676  614  545  489  431  393  352  318  284  251  223  204  193  187  181  177
  176  178  182  186  193  208  230  255  273  276  266  250  232  212  191  169
  148  128  114  110  118  137  160  186  213  241  272  305  340  376  413  452
  496  545  597  645  685  717  744  771  798  823  847  872  897  924  948  964
  972  972  963  938  901  852  826  817  676                                   
    15.0-180.0 180.0   5.0 450.0                            LAT/LON1/LON2/DLON/H
  727  679  620  575  520  486  445  407  365  323  285  257  237  223  211  201
  196  195  198  203  213  231  257  283  298  295  278  254  228  202  180  159
  139  121  108  106  116  134  158  183  209  239  271  308  347  387  429  472
  518  566  614  655  688  711  731  751  772  791  808  823  840  859  878  893
  906  915  920  910  886  854  848  847  727                                   
    12.5-180.0 180.0   5.0 450.0                            LAT/LON1/LON2/DLON/H
  749  715  669  633  588  559  521  482  437  391  348  314  289  271  253  238
  228  223  224  228  239  258  284  306  315  304  279  246  213  185  164  146
  128  113  104  105  116  135  157  182  209  240  274  312  353  397  441  485
  530  575  615  648  670  686  699  714  731  747  760  770  779  790  802  814
  827  841  855  855  845  827  832  835  749                                   
    10.0-180.0 180.0   5.0 450.0                            LAT/LON1/LON2/DLON/H
  750  725  688  661  625  602  568  531  488  442  400  366  342  323  304  285
  270  262  259  262  270  286  306  322  322  302  268  230  195  169  151  135
  121  109  103  106  118  137  159  184  211  243  278  317  359  403  447  491
  534  572  605  629  644  654  665  679  695  710  722  730  735  741  747  754
  766  779  796  802  800  790  796  801  750                                   
     7.5-180.0 180.0   5.0 450.0                            LAT/LON1/LON2/DLON/H
  741  719  687  663  635  615  584  551  513  471  434  406  387  372  354  335
  318  307  301  299  302  311  321  325  314  287  250  213  181  159  143  130
