data/edconvlstm_nd/pred2720.15i
     1.0            IONOSPHERE MAPS     GNSS                IONEX VERSION / TYPE
pyspatialgeodesy        IME             05-JAN-18 20:20     PGM / RUN BY / DATE 
Map Name                                                    COMMENT             
Predicted global ionosphere maps (GIM).                     DESCRIPTION         
  2015     9    29     0     0     0                        EPOCH OF FIRST MAP  
  2015     9    30     0     0     0                        EPOCH OF LAST MAP   
  7200                                                      INTERVAL            
    13                                                      # OF MAPS IN FILE   
  NONE                                                      MAPPING FUNCTION    
10.0                                                        ELEVATION CUTOFF    
One-way carrier phase leveled to code                       OBSERVABLES USED    
  6371.0                                                    BASE RADIUS         
 2                                                          MAP DIMENSION       
   450.0 450.0   0.0                                        HGT1 / HGT2 / DHGT  
    87.5 -87.5  -2.5                                        LAT1 / LAT2 / DLAT  
  -180.0 180.0   5.0                                        LON1 / LON2 / DLON  
    -1                                                      EXPONENT            
                                                            END OF HEADER       
[from data line 2574]
     7                                                      START OF TEC MAP    
  2015     9    29    12     0     0                        EPOCH OF CURRENT MAP
    87.5-180.0 180.0   5.0 450.0                            LAT/LON1/LON2/DLON/H
   94  101  100  106  109  110  109  107  109  112  112  113  114  114  115  115
  116  116  117  117  118  118  118  119  119  120  120  120  121  121  121  122
  122  121  121  121  120  119  119  118  117  115  114  113  112  110  109  108
  107  106  105  103  102  101  100  100   99   98   97   97   96   96   95   95
   96   97   96   94   99   98  110  109   94                                   
    85.0-180.0 180.0   5.0 450.0                            LAT/LON1/LON2/DLON/H
   92  100  110  102  102  107  108  110  112  114  114  116  116  117  117  118
  118  119  120  120  121  122  123  123  125  126  127  128  128  129  130  130
  131  131  131  130  130  129  128  126  125  123  122  120  118  116  114  112
  110  108  106  104  103  101  100   99   98   97   96   95   94   94   94   94
   95   96   91   89   89   92  100  104   92                                   
    82.5-180.0 180.0   5.0 450.0                            LAT/LON1/LON2/DLON/H
   79   89   96   91   91   95   98  100  102  104  104  106  106  106  106  106
  106  107  107  108  109  110  112  113  116  118  120  122  125  127  129  131
  132  133  134  135  135  134  133  132  131  129  127  124  121  119  116  113
  110  108  105  103  101   98   96   95   93   91   89   88   87   86   84   84
   85   85   81   80   81   88   86   85   79                                   
    80.0-180.0 180.0   5.0 450.0                            LAT/LON1/LON2/DLON/H
   70   74   82   80   79   81   85   89   91   93   94   95   95   95   94   94
   94   93   94   94   96   97   99  102  105  108  112  116  119  123  126  129
  131  133  135  136  137  137  137  136  134  132  130  127  124  121  117  114
  111  108  105  102  100   97   94   92   89   86   84   82   79   77   76   74
   74   73   71   70   70   75   78   77   70                                   
    77.5-180.0 180.0   5.0 450.0                            LAT/LON1/LON2/DLON/H
   66   66   71   69   68   72   75   79   82   84   84   86   85   85   84   83
   82   82   82   83   85   87   90   93   98  103  108  113  118  123  127  132
  135  139  142  144  146  147  147  147  146  144  142  139  136  133  129  126
  123  120  117  114  111  108  104  101   97   93   89   86   82   79   76   73
   71   68   66   65   65   63   66   69   66                                   
    75.0-180.0 180.0   5.0 450.0                            LAT/LON1/LON2/DLON/H
   55   58   59   60   60   64   66   69   72   74   75   76   75   75   74   72
   71   71   71   72   74   77   81   86   91   98  104  110  116  122  128  133
  137  141  145  149  152  154  156  157  157  156  154  152  149  146  143  141
  138  135  132  129  126  122  118  114  109  104   99   94   89   84   80   77
   73   69   66   61   61   59   60   57   55                                   
    72.5-180.0 180.0   5.0 450.0                            LAT/LON1/LON2/DLON/H
   48   51   51   53   53   57   60   62   64   66   67   68   67   67   66   65
   64   64   64   66   68   72   77   82   89   96  103  110  117  123  129  134
  139  144  149  154  158  162  166  168  169  170  169  167  165  163  160  158
  156  153  150  147  143  139  134  128  122  116  109  103   97   92   87   82
   78   73   69   63   61   57   57   58   48                                   
    70.0-180.0 180.0   5.0 450.0                            LAT/LON1/LON2/DLON/H
   45   47   48   49   48   50   51   54   56   58   59   60   60   59   59   58
   58   58   60   62   66   70   76   83   90   98  105  112  119  125  130  135
  140  145  150  156  161  167  171  175  178  179  179  178  177  175  173  171
  168  166  163  159  154  149  142  135  128  121  114  107  101   95   90   86
   81   75   72   65   61   57   59   59   45                                   
    67.5-180.0 180.0   5.0 450.0                            LAT/LON1/LON2/DLON/H
   42   44   45   47   46   47   49   51   52   54   55   56   57   57   57   57
   58   59   62   65   69   74   81   88   95  103  110  117  122  127  131  135
  139  144  149  155  162  169  175  180  183  185  186  185  184  182  180  178
  175  172  168  164  158  152  145  137  129  121  114  107  101   96   92   88
   83   78   74   66   62   57   57   57   42                                   
    65.0-180.0 180.0   5.0 450.0                            LAT/LON1/LON2/DLON/H
   41   43   43   45   43   44   45   46   48   50   51   52   53   54   55   56
   57   60   63   68   73   79   86   93  101  108  115  121  126  130  133  136
  139  144  149  156  163  171  178  183  187  189  190  189  188  186  183  181
  177  173  168  163  156  148  140  132  124  116  109  103   98   93   89   86
   83   79   75   68   63   60   59   59   41                                   
    62.5-180.0 180.0   5.0 450.0                            LAT/LON1/LON2/DLON/H
   42   43   42   44   42   42   42   43   44   46   47   49   50   51   52   54
   57   60   65   70   76   82   89   97  104  111  118  123  127  131  133  136
  139  143  149  156  163  171  178  184  188  190  190  189  187  184  181  177
  173  168  162  154  147  139  131  123  115  108  102   97   92   88   85   83
   80   77   74   67   63   59   59   59   42                                   
    60.0-180.0 180.0   5.0 450.0                            LAT/LON1/LON2/DLON/H
   45   44   42   43   40   40   39   39   39   41   42   44   45   47   48   50
   53   57   63   69   75   82   89   96  104  111  117  122  127  130  133  136
  139  144  150  157  165  173  179  184  187  188  187  185  183  180  176  171
  166  159  152  144  136  128  120  113  106  101   96   91   88   84   82   80
   77   74   72   66   62   58   58   58   45                                   
    57.5-180.0 180.0   5.0 450.0                            LAT/LON1/LON2/DLON/H
   50   47   45   45   42   40   38   36   36   37   38   40   42   43   44   46
   49   53   59   66   73   80   87   94  102  109  115  121  126  131  135  139
  144  150  156  164  171  178  183  187  189  189  187  184  181  178  174  169
  162  155  147  138  130  122  115  110  105  101   97   93   90   87   84   82
   79   76   74   68   64   60   59   60   50                                   
    55.0-180.0 180.0   5.0 450.0                            LAT/LON1/LON2/DLON/H
   58   54   51   51   46   43   39   37   35   36   37   38   39   40   40   42
   44   49   55   62   70   77   84   92   99  106  113  120  126  133  139  145
  152  159  166  173  180  186  190  192  192  191  188  185  183  179  176  170
  164  156  147  138  130  123  117  113  110  107  105  102   99   96   92   90
   86   82   80   74   70   66   64   64   58                                   
    52.5-180.0 180.0   5.0 450.0                            LAT/LON1/LON2/DLON/H
   69   65   62   61   55   51   45   41   38   37   37   38   38   38   38   39
   41   45   52   59   67   76   83   91   98  106  113  121  129  137  145  154
  162  171  178  186  192  196  199  199  198  196  193  190  188  185  182  178
  171  163  154  145  137  131  126  123  121  120  118  116  113  110  106  103
   99   95   92   85   81   76   73   71   69                                   
    50.0-180.0 180.0   5.0 450.0                            LAT/LON1/LON2/DLON/H
   81   78   75   73   67   62   55   49   45   42   41   41   41   40   38   38
   40   44   51   59   68   77   85   94  101  109  117  125  133  142  152  162
  173  183  191  199  204  208  210  209  207  204  201  198  197  196  193  190
  183  175  166  157  150  144  139  137  136  135  134  133  130  127  123  120
  115  111  107  100   95   90   86   82   81                                   
    47.5-180.0 180.0   5.0 450.0                            LAT/LON1/LON2/DLON/H
   93   92   89   87   80   76   68   61   55   51   49   48   47   45   43   41
   42   47   54   63   73   83   92  100  108  116  123  131  139  148  158  170
  182  193  203  211  217  221  223  222  219  215  211  209  208  208  206  203
  198  190  181  171  163  157  152  149  148  148  147  147  145  143  140  137
  132  127  123  116  110  105  102   96   93                                   
    45.0-180.0 180.0   5.0 450.0                            LAT/LON1/LON2/DLON/H
  103  102  100   99   93   89   82   74   67   63   60   58   56   54   51   49
   49   53   61   71   82   92  101  110  117  125  131  138  145  153  163  174
  187  200  211  221  230  235  238  237  234  229  224  221  220  220  219  216
  210  202  193  183  174  166  160  156  155  154  155  156  156  155  153  150
  146  141  136  129  123  119  115  108  103                                   
    42.5-180.0 180.0   5.0 450.0                            LAT/LON1/LON2/DLON/H
  107  108  106  106  102  100   93   86   79   74   71   69   68   66   62   60
   60   64   72   82   93  103  112  120  128  135  140  145  150  156  165  176
  190  205  219  232  243  251  255  255  252  245  239  234  231  230  229  226
  220  211  201  190  179  170  162  157  155  155  156  159  161  161  161  159
  156  150  144  137  131  127  124  117  107                                   
    40.0-180.0 180.0   5.0 450.0                            LAT/LON1/LON2/DLON/H
  105  107  106  107  105  105  101   95   88   84   80   80   80   78   76   73
   73   77   84   94  105  114  122  130  137  143  148  152  155  159  166  177
  192  210  228  244  259  270  276  277  273  265  256  248  243  241  239  234
  228  218  206  193  181  169  160  153  150  151  153  157  161  164  164  164
  160  154  147  139  132  129  126  121  105                                   
    37.5-180.0 180.0   5.0 450.0                            LAT/LON1/LON2/DLON/H
   99  102  101  102  102  104  103   99   94   90   88   89   90   91   89   87
   87   90   97  106  115  123  130  136  143  149  154  156  158  161  168  180
  198  219  241  262  280  294  302  303  298  287  275  265  257  253  249  244
  236  225  212  198  183  170  159  152  148  149  152  157  162  165  166  165
  161  154  146  136  129  124  123  118   99                                   
    35.0-180.0 180.0   5.0 450.0                            LAT/LON1/LON2/DLON/H
   91   94   92   94   95   99  100   98   95   92   92   95   98  101  101   99
   99  101  107  115  122  129  134  139  145  152  157  160  162  165  174  188
  209  234  261  286  307  323  332  333  326  313  298  285  276  270  266  260
  251  239  225  209  193  178  167  158  155  156  159  164  168  171  171  169
  163  154  143  132  123  118  117  112   91                                   
    32.5-180.0 180.0   5.0 450.0                            LAT/LON1/LON2/DLON/H
   86   87   85   85   86   90   93   93   92   91   93   98  104  108  110  109
  107  109  114  120  127  131  135  139  145  152  158  163  167  173  184  203
  229  259  289  317  340  356  365  365  356  342  325  312  302  296  292  286
  277  264  249  232  215  200  188  180  176  177  179  183  185  185  183  178
  169  157  144  130  120  113  112  107   86                                   
    30.0-180.0 180.0   5.0 450.0                            LAT/LON1/LON2/DLON/H
   86   86   82   79   80   83   86   87   88   88   91   98  105  112  114  113
  112  112  117  123  128  132  134  137  143  151  159  167  175  185  201  226
  257  291  325  354  376  391  398  396  386  372  356  344  336  331  328  323
  315  302  286  268  251  236  224  216  213  213  214  215  214  210  204  195
  182  167  151  135  122  113  113  106   86                                   
    27.5-180.0 180.0   5.0 450.0                            LAT/LON1/LON2/DLON/H
   93   92   86   80   79   80   83   83   83   85   88   96  104  111  114  113
  111  112  116  122  128  131  133  136  141  150  161  172  185  201  224  255
  292  330  365  393  412  424  427  424  414  402  389  381  376  375  374  371
  363  350  334  316  299  285  274  267  263  261  260  257  251  243  232  220
  203  185  166  148  133  122  120  112   93                                   
    25.0-180.0 180.0   5.0 450.0                            LAT/LON1/LON2/DLON/H
  107  105   97   88   85   83   83   82   82   83   86   92  100  107  109  108
  106  108  113  120  126  129  131  135  141  151  164  179  198  221  251  289
  330  370  403  427  442  448  448  444  436  428  422  419  420  424  426  424
  418  405  389  372  355  342  331  324  318  314  309  302  292  279  264  248
  228  209  188  168  152  138  135  124  107                                   
    22.5-180.0 180.0   5.0 450.0                            LAT/LON1/LON2/DLON/H
  126  124  114  103   96   91   89   85   83   83   84   89   95  100  101  100
   99  101  107  115  123  128  131  135  143  154  169  189  213  243  280  322
  365  403  433  452  460  461  458  454  450  449  451  456  464  472  477  478
  472  459  443  426  409  396  384  375  366  358  349  338  325  308  291  272
  252  232  211  191  175  160  155  141  126                                   
    20.0-180.0 180.0   5.0 450.0                            LAT/LON1/LON2/DLON/H
  147  145  133  120  111  103   98   92   88   85   84   86   89   92   92   91
   90   94  101  111  120  127  132  138  147  160  178  201  230  265  306  349
  391  426  450  462  464  461  458  456  458  465  475  488  502  514  521  522
  516  502  485  467  449  434  421  408  395  383  371  358  342  325  307  288
  268  251  231  214  198  183  176  161  147                                   
    17.5-180.0 180.0   5.0 450.0                            LAT/LON1/LON2/DLON/H
  165  165  152  138  126  115  109  100   94   88   84   83   84   84   84   82
   83   88   97  108  118  127  134  142  153  168  189  215  248  285  327  369
  407  436  454  459  457  453  450  453  462  476  494  512  530  543  550  550
  542  526  507  487  468  451  434  418  401  386  371  357  341  325  308  291
  274  260  244  230  216  202  194  178  165                                   
    15.0-180.0 180.0   5.0 450.0                            LAT/LON1/LON2/DLON/H
  179  180  168  153  140  126  118  108  100   92   86   82   80   78   77   77
   79   85   95  107  118  128  137  148  162  180  204  233  266  304  344  381
  413  435  446  448  444  440  441  449  465  485  507  529  547  559  563  559
  547  530  508  487  467  449  430  410  390  371  355  340  326  311  296  282
  268  258  248  238  227  215  207  190  179                                   
    12.5-180.0 180.0   5.0 450.0                            LAT/LON1/LON2/DLON/H
  186  188  177  162  149  133  124  114  104   95   87   81   77   74   73   74
   78   86   97  109  120  131  142  156  174  196  222  252  286  321  356  387
  411  427  434  434  431  430  436  450  470  494  517  539  554  562  562  553
  538  517  495  474  455  436  415  394  371  350  333  318  304  291  278  265
  255  249  243  238  231  221  214  196  186                                   
    10.0-180.0 180.0   5.0 450.0                            LAT/LON1/LON2/DLON/H
  190  191  181  165  153  135  126  116  107   97   88   81   76   73   72   74
   79   89  101  113  124  136  149  166  188  214  243  274  306  337  365  389
  407  418  422  422  423  428  439  457  479  503  525  543  554  556  551  538
  520  499  477  458  440  422  402  379  356  334  315  300  287  274  261  250
  240  237  235  233  229  222  215  196  190                                   
     7.5-180.0 180.0   5.0 450.0                            LAT/LON1/LON2/DLON/H
  190  190  180  164  153  134  125  115  106   98   89   82   76   73   73   76
   83   94  107  119  131  144  159  179  204  233  264  295  324  351  373  391
