data/edconvlstm_nd/pred2340.15i
     1.0            IONOSPHERE MAPS     GNSS                IONEX VERSION / TYPE
pyspatialgeodesy        IME             05-JAN-18 20:20     PGM / RUN BY / DATE 
Map Name                                                    COMMENT             
Predicted global ionosphere maps (GIM).                     DESCRIPTION         
  2015     8    22     0     0     0                        EPOCH OF FIRST MAP  
  2015     8    23     0     0     0                        EPOCH OF LAST MAP   
  7200                                                      INTERVAL            
    13                                                      # OF MAPS IN FILE   
  NONE                                                      MAPPING FUNCTION    
10.0                                                        ELEVATION CUTOFF    
One-way carrier phase leveled to code                       OBSERVABLES USED    
  6371.0                                                    BASE RADIUS         
 2                                                          MAP DIMENSION       
   450.0 450.0   0.0                                        HGT1 / HGT2 / DHGT  
    87.5 -87.5  -2.5                                        LAT1 / LAT2 / DLAT  
  -180.0 180.0   5.0                                        LON1 / LON2 / DLON  
    -1                                                      EXPONENT            
                                                            END OF HEADER       
[from data line 3432]
     9                                                      START OF TEC MAP    
  2015     8    22    16     0     0                        EPOCH OF CURRENT MAP
    87.5-180.0 180.0   5.0 450.0                            LAT/LON1/LON2/DLON/H
  116  120  116  123  126  125  124  122  122  124  123  124  124  124  124  124
  123  123  123  122  122  121  121  120  120  119  118  117  117  116  115  114
  114  113  112  111  111  110  110  110  109  109  109  110  110  110  111  111
  112  113  113  114  115  115  116  117  117  118  118  118  119  119  119  119
  119  120  118  116  123  119  130  126  116                                   
    85.0-180.0 180.0   5.0 450.0                            LAT/LON1/LON2/DLON/H
  119  120  132  121  120  124  124  126  126  128  128  129  129  129  129  129
  129  128  128  127  127  126  125  125  124  123  122  121  120  119  118  117
  116  115  114  112  111  110  110  109  108  108  108  108  109  109  110  111
  112  113  114  115  116  117  118  119  120  120  121  122  122  122  122  122
  123  123  119  116  116  116  121  121  119                                   
    82.5-180.0 180.0   5.0 450.0                            LAT/LON1/LON2/DLON/H
  106  113  116  111  111  116  119  121  121  123  124  126  126  127  127  127
  127  127  126  126  125  124  124  123  122  121  120  119  118  117  116  115
  113  111  110  108  106  104  103  102  101  100  100  100  100  101  102  103
  104  106  107  109  110  112  113  114  115  116  116  116  117  117  116  116
  116  115  112  110  110  118  112  108  106                                   
    80.0-180.0 180.0   5.0 450.0                            LAT/LON1/LON2/DLON/H
   94   97  104  102  102  103  108  112  114  118  119  122  123  124  125  125
  125  125  124  123  122  122  121  120  120  119  118  117  117  115  114  112
  110  108  105  103  100   98   95   93   92   91   90   90   90   91   92   94
   95   97   99  101  102  104  105  106  107  107  108  108  108  107  107  106
  106  105  103  102   98  101  101  101   94                                   
    77.5-180.0 180.0   5.0 450.0                            LAT/LON1/LON2/DLON/H
   92   90   93   93   95   98  102  107  110  113  115  119  121  123  123  124
  124  124  123  123  122  122  121  121  121  121  121  120  120  119  118  116
  113  111  108  105  101   98   95   92   89   88   87   86   86   87   88   90
   91   93   95   97   98   99  100  100  101  101  100  100   99   98   97   96
   96   94   93   92   92   90   92   94   92                                   
    75.0-180.0 180.0   5.0 450.0                            LAT/LON1/LON2/DLON/H
   81   82   82   84   88   93   96  101  105  111  113  117  120  122  123  123
  123  123  122  122  121  121  122  122  123  123  124  124  124  124  123  121
  119  117  113  110  106  102   98   95   92   89   88   87   87   87   88   89
   91   92   93   94   95   95   95   95   94   94   93   93   92   91   90   89
   88   87   86   83   83   82   83   77   81                                   
    72.5-180.0 180.0   5.0 450.0                            LAT/LON1/LON2/DLON/H
   73   76   75   80   82   88   92   97  101  106  110  114  117  120  121  121
  120  120  119  119  119  119  120  121  122  123  123  124  124  124  124  123
  121  119  116  112  108  104  100   96   93   90   88   87   86   87   87   88
   88   89   89   89   88   87   86   85   84   83   82   81   80   79   78   78
   77   76   75   72   72   74   75   75   73                                   
    70.0-180.0 180.0   5.0 450.0                            LAT/LON1/LON2/DLON/H
   69   72   72   75   78   82   85   91   96  102  106  111  114  117  118  117
  117  116  115  115  116  117  118  119  120  121  121  122  122  123  123  123
  122  120  118  115  111  107  103  100   96   93   91   90   89   89   89   88
   88   87   86   84   82   80   78   76   75   73   72   72   71   70   70   70
   69   68   68   67   67   69   73   73   69                                   
    67.5-180.0 180.0   5.0 450.0                            LAT/LON1/LON2/DLON/H
   65   70   71   75   77   81   86   91   96  101  106  111  115  117  118  117
  116  115  115  115  116  117  118  119  120  120  119  119  119  120  120  121
  121  120  118  116  113  110  106  103  100   98   96   94   93   93   92   91
   90   88   85   82   79   75   72   70   68   66   66   65   65   65   65   65
   65   64   63   61   62   64   67   67   65                                   
    65.0-180.0 180.0   5.0 450.0                            LAT/LON1/LON2/DLON/H
   61   69   70   73   75   79   83   88   93   99  104  109  113  115  116  116
  115  114  114  114  116  117  118  119  118  117  116  115  115  116  117  118
  119  119  118  116  114  111  109  106  104  102  101   99   98   97   96   94
   92   88   85   80   76   71   67   64   62   61   61   61   61   61   61   62
   61   60   60   59   59   63   66   67   61                                   
    62.5-180.0 180.0   5.0 450.0                            LAT/LON1/LON2/DLON/H
   57   66   68   72   73   78   82   86   91   97  102  107  111  114  115  115
  114  114  114  115  117  119  120  119  118  116  113  112  112  113  115  117
  119  119  118  117  114  112  110  109  107  106  105  104  102  101   99   96
   93   89   84   79   74   69   65   62   60   59   59   59   59   59   59   59
   58   57   56   54   55   57   61   62   57                                   
    60.0-180.0 180.0   5.0 450.0                            LAT/LON1/LON2/DLON/H
   53   62   65   69   70   75   79   83   88   93   98  104  108  111  113  113
  113  113  114  116  118  119  120  119  117  114  111  110  111  113  116  119
  121  121  120  118  116  114  113  112  111  110  109  108  106  104  102   99
   95   90   85   79   74   69   65   62   61   60   60   60   59   58   58   57
   55   53   52   49   49   52   56   57   53                                   
    57.5-180.0 180.0   5.0 450.0                            LAT/LON1/LON2/DLON/H
   48   56   60   66   68   74   78   82   86   91   95  100  105  109  112  113
  114  115  116  117  119  120  121  119  117  114  113  113  115  118  123  126
  128  127  126  123  120  119  118  117  117  117  116  114  112  109  106  103
   99   94   88   83   77   73   69   67   66   66   65   64   62   60   58   56
   53   50   48   45   45   46   50   52   48                                   
    55.0-180.0 180.0   5.0 450.0                            LAT/LON1/LON2/DLON/H
   44   52   57   63   66   73   78   82   86   90   93   98  103  108  111  114
  115  116  117  118  120  121  120  119  117  116  116  117  122  127  132  136
  137  136  133  130  127  125  124  124  124  124  123  120  117  114  110  106
  102   98   93   87   83   79   76   75   74   73   71   69   65   62   58   55
   52   49   46   42   42   43   46   48   44                                   
    52.5-180.0 180.0   5.0 450.0                            LAT/LON1/LON2/DLON/H
   43   49   54   61   65   73   79   84   88   91   94   99  103  108  112  116
  118  119  119  119  120  120  120  119  118  118  120  124  130  137  143  147
  148  146  142  138  134  133  133  133  133  132  130  127  123  119  115  111
  107  103   98   94   90   87   85   84   83   82   79   75   70   65   60   56
   52   49   47   43   42   42   45   47   43                                   
    50.0-180.0 180.0   5.0 450.0                            LAT/LON1/LON2/DLON/H
   44   49   53   61   66   74   82   89   93   96   99  103  107  112  117  120
  122  123  122  121  120  119  119  119  120  122  126  131  139  146  152  156
  156  153  149  145  143  142  142  142  142  140  138  134  129  125  120  116
  112  108  105  101   98   95   94   94   93   92   88   82   76   69   63   59
   55   52   50   46   46   46   48   49   44                                   
    47.5-180.0 180.0   5.0 450.0                            LAT/LON1/LON2/DLON/H
   49   52   55   64   68   77   86   95  100  105  108  112  116  120  125  128
  130  130  128  125  122  120  120  121  123  126  131  138  145  152  158  161
  161  158  155  152  151  151  152  152  151  149  145  141  136  131  126  122
  119  115  112  109  106  104  103  103  102  100   96   90   82   74   68   64
   61   59   57   54   53   53   55   55   49                                   
    45.0-180.0 180.0   5.0 450.0                            LAT/LON1/LON2/DLON/H
   56   57   59   67   71   81   91  102  110  117  121  126  130  134  137  140
  141  139  135  131  126  124  123  124  127  131  136  143  149  155  160  162
  163  162  161  160  161  162  163  163  161  157  153  148  143  139  134  130
  126  123  120  116  114  112  111  110  110  108  103   97   89   82   76   72
   69   68   67   64   63   63   64   63   56                                   
    42.5-180.0 180.0   5.0 450.0                            LAT/LON1/LON2/DLON/H
   63   63   63   70   74   83   95  108  119  130  137  143  147  150  153  154
  153  150  145  139  133  129  128  129  133  137  142  146  151  155  160  163
  166  168  169  172  174  177  177  176  172  167  162  157  152  148  144  139
  135  131  128  124  121  118  116  116  115  113  110  104   97   91   85   82
   80   79   78   76   74   73   74   72   63                                   
    40.0-180.0 180.0   5.0 450.0                            LAT/LON1/LON2/DLON/H
   69   68   67   73   76   84   97  113  128  142  152  160  165  168  169  169
  167  162  156  149  143  138  136  137  140  144  147  150  153  157  162  168
  174  180  185  190  194  196  195  192  186  179  173  168  164  160  155  150
  145  140  136  131  126  123  120  118  117  116  114  110  105  100   96   93
   91   90   89   86   83   82   82   79   69                                   
    37.5-180.0 180.0   5.0 450.0                            LAT/LON1/LON2/DLON/H
   72   71   68   73   75   83   97  115  133  150  164  174  181  184  184  182
  179  173  167  160  153  148  146  146  148  151  154  156  159  164  172  183
  194  204  213  219  222  222  219  212  203  194  187  182  178  173  168  162
  156  150  143  137  131  126  122  119  118  117  116  114  112  108  106  103
  101   99   97   94   89   87   86   83   72                                   
    35.0-180.0 180.0   5.0 450.0                            LAT/LON1/LON2/DLON/H
   72   71   68   71   73   81   95  113  134  154  171  185  192  195  195  192
  188  182  177  170  164  159  156  156  157  160  163  166  171  180  194  211
  228  243  253  258  259  255  247  236  224  213  205  199  195  190  183  175
  167  158  150  143  135  128  122  118  116  116  116  117  116  115  113  111
  108  105  102   98   93   90   88   84   72                                   
    32.5-180.0 180.0   5.0 450.0                            LAT/LON1/LON2/DLON/H
   70   69   67   69   71   78   92  111  132  154  174  189  198  202  201  198
  193  188  184  179  174  169  166  165  166  170  175  182  192  207  228  252
  275  293  303  306  301  291  278  263  248  236  227  220  215  208  199  189
  177  166  156  147  137  128  121  116  114  114  115  117  118  118  117  115
  112  109  105  100   94   90   87   83   70                                   
    30.0-180.0 180.0   5.0 450.0                            LAT/LON1/LON2/DLON/H
   68   67   66   68   70   77   90  108  129  151  172  188  199  204  203  200
  195  192  189  186  183  178  175  173  176  182  191  203  221  244  273  304
  331  350  357  355  343  327  309  291  274  261  251  244  237  227  215  201
  187  173  161  149  138  128  119  113  111  111  112  115  117  118  118  116
  113  109  106  100   94   89   86   83   68                                   
    27.5-180.0 180.0   5.0 450.0                            LAT/LON1/LON2/DLON/H
   68   67   67   69   71   79   91  107  126  147  167  184  196  201  202  199
  195  193  192  191  190  186  183  182  186  196  210  230  255  286  322  357
  386  404  407  398  380  358  336  316  299  286  277  269  260  247  231  213
  196  179  164  150  137  126  117  111  108  108  109  111  114  115  116  115
  112  109  106  101   96   91   87   84   68                                   
    25.0-180.0 180.0   5.0 450.0                            LAT/LON1/LON2/DLON/H
   70   69   70   72   75   83   94  108  125  144  162  178  190  197  199  197
  195  194  195  196  196  194  191  192  198  212  233  259  291  328  367  404
  433  447  445  429  405  379  355  336  321  310  302  294  282  266  246  224
  203  184  166  150  136  124  114  109  106  105  106  107  109  111  112  112
  110  109  107  103   99   94   91   87   70                                   
    22.5-180.0 180.0   5.0 450.0                            LAT/LON1/LON2/DLON/H
   75   75   75   76   80   89  100  113  127  143  159  173  185  193  196  196
  195  196  199  202  204  203  202  205  214  232  257  288  324  363  403  439
  464  474  466  444  417  390  367  350  338  331  324  316  302  283  259  233
  209  187  167  149  134  121  112  107  105  104  103  103  103  105  107  109
  109  109  109  107  104   99   96   92   75                                   
    20.0-180.0 180.0   5.0 450.0                            LAT/LON1/LON2/DLON/H
   82   81   80   82   86   96  108  119  132  145  158  170  182  190  195  197
  198  201  205  211  214  216  217  221  233  254  282  314  350  389  426  457
  477  481  468  444  417  392  373  360  352  348  343  335  319  296  269  241
  214  190  168  149  132  119  111  107  105  104  102  100   99  100  103  106
  108  110  111  110  109  105  102   98   82                                   
    17.5-180.0 180.0   5.0 450.0                            LAT/LON1/LON2/DLON/H
   87   86   84   85   90  102  114  126  138  149  160  171  181  190  197  201
  205  209  215  222  228  231  235  242  256  277  305  336  369  403  434  459
  472  470  455  432  408  388  375  367  363  361  358  349  332  307  277  246
  218  192  169  149  131  118  110  107  107  105  102   98   95   96  100  104
  107  110  112  112  112  108  105  102   87                                   
    15.0-180.0 180.0   5.0 450.0                            LAT/LON1/LON2/DLON/H
   90   88   85   86   91  103  118  131  144  155  164  173  183  193  202  208
  213  219  227  236  243  250  256  265  280  300  325  353  381  407  431  448
  455  449  434  414  396  384  376  373  372  372  368  359  340  313  282  250
  220  194  171  149  131  118  111  109  109  108  103   98   94   94   98  103
  106  110  112  112  111  108  105  103   90                                   
    12.5-180.0 180.0   5.0 450.0                            LAT/LON1/LON2/DLON/H
   89   86   81   82   87  101  117  133  147  159  169  178  188  198  208  216
  223  231  240  250  260  269  278  289  303  322  343  365  386  405  421  431
  432  425  412  398  387  382  380  380  380  379  374  363  343  315  283  250
  221  195  172  151  132  119  112  111  111  110  105   99   94   94   98  103
  106  109  109  108  107  103  100   98   89                                   
    10.0-180.0 180.0   5.0 450.0                            LAT/LON1/LON2/DLON/H
   84   80   74   75   80   93  112  129  147  161  172  182  192  203  214  224
  233  243  253  265  276  287  298  310  324  340  357  373  387  400  410  414
  413  406  397  389  386  387  388  388  387  382  375  361  339  310  278  246
  218  194  171  151  133  120  113  111  112  110  106   99   95   95   98  103
  105  106  105  102  100   95   91   91   84                                   
     7.5-180.0 180.0   5.0 450.0                            LAT/LON1/LON2/DLON/H
   78   73   67   68   71   84  103  122  143  160  174  185  196  208  220  231
  242  253  264  277  289  302  314  327  341  354  367  378  388  396  402  404
