data/edconvlstm_nd/pred0410.15i
     1.0            IONOSPHERE MAPS     GNSS                IONEX VERSION / TYPE
pyspatialgeodesy        IME             05-JAN-18 20:20     PGM / RUN BY / DATE 
Map Name                                                    COMMENT             
Predicted global ionosphere maps (GIM).                     DESCRIPTION         
  2015     2    10     0     0     0                        EPOCH OF FIRST MAP  
  2015     2    11     0     0     0                        EPOCH OF LAST MAP   
  7200                                                      INTERVAL            
    13                                                      # OF MAPS IN FILE   
  NONE                                                      MAPPING FUNCTION    
10.0                                                        ELEVATION CUTOFF    
One-way carrier phase leveled to code                       OBSERVABLES USED    
  6371.0                                                    BASE RADIUS         
 2                                                          MAP DIMENSION       
   450.0 450.0   0.0                                        HGT1 / HGT2 / DHGT  
    87.5 -87.5  -2.5                                        LAT1 / LAT2 / DLAT  
  -180.0 180.0   5.0                                        LON1 / LON2 / DLON  
    -1                                                      EXPONENT            
                                                            END OF HEADER       
[from data line 3003]
     8                                                      START OF TEC MAP    
  2015     2    10    14     0     0                        EPOCH OF CURRENT MAP
    87.5-180.0 180.0   5.0 450.0                            LAT/LON1/LON2/DLON/H
  107  112  113  125  132  134  136  138  142  146  148  150  152  154  155  156
  156  156  156  155  155  154  153  151  150  148  147  145  143  141  139  136
  134  131  129  126  123  120  117  115  112  109  107  104  102  100   99   97
   96   95   95   94   94   94   94   94   95   95   96   96   97   98   98   99
  100  102  102  101  106  106  115  119  107                                   
    85.0-180.0 180.0   5.0 450.0                            LAT/LON1/LON2/DLON/H
   99  115  130  128  134  142  145  151  155  159  161  164  166  168  169  170
  170  170  170  170  169  168  167  165  164  162  160  159  156  154  152  149
  146  142  139  135  131  128  124  120  116  113  110  107  104  102  100   98
   97   96   96   96   96   97   97   98   99  100  100  101  102  103  104  105
  107  109  107  105  107  111  112  112   99                                   
    82.5-180.0 180.0   5.0 450.0                            LAT/LON1/LON2/DLON/H
   74  101  108  111  118  129  136  143  148  154  158  162  165  167  169  170
  170  170  169  168  167  167  166  165  164  163  162  161  159  157  154  152
  148  144  140  135  130  125  119  114  109  103   99   94   90   87   84   82
   81   80   80   80   81   82   83   84   84   85   86   87   87   87   87   88
   89   90   87   87   89  101   95   95   74                                   
    80.0-180.0 180.0   5.0 450.0                            LAT/LON1/LON2/DLON/H
   58   79   88   93  101  110  118  128  136  143  149  154  157  160  161  162
  162  161  160  160  159  158  158  158  159  159  160  160  160  159  157  155
  151  147  142  137  131  124  117  111  104   97   91   86   81   77   73   71
   70   69   69   70   71   73   75   77   78   79   80   80   80   79   78   77
   77   76   74   73   71   78   77   82   58                                   
    77.5-180.0 180.0   5.0 450.0                            LAT/LON1/LON2/DLON/H
   54   66   70   73   81   91   99  109  118  125  132  138  142  145  146  147
  147  147  146  146  146  148  149  152  155  158  161  163  165  167  167  166
  164  161  156  150  144  137  129  121  113  106   98   92   86   80   76   73
   71   70   70   71   73   75   78   80   82   83   84   84   82   81   78   76
   73   71   67   65   63   62   63   71   54                                   
    75.0-180.0 180.0   5.0 450.0                            LAT/LON1/LON2/DLON/H
   44   54   53   58   64   73   79   87   97  105  111  117  121  124  126  127
  128  128  129  131  134  138  142  148  154  160  166  171  176  179  181  182
  181  179  175  169  163  156  148  140  132  124  117  109  102   96   90   86
   82   79   78   78   79   81   83   86   88   89   90   89   88   85   83   80
   76   72   68   63   60   57   57   53   44                                   
    72.5-180.0 180.0   5.0 450.0                            LAT/LON1/LON2/DLON/H
   44   49   46   51   54   62   68   74   82   89   95  101  105  109  111  113
  114  116  119  124  129  137  145  153  162  171  179  186  192  197  201  203
  203  202  199  195  190  183  176  169  162  155  148  140  133  125  117  110
  104   98   94   92   91   91   93   94   96   97   98   98   97   95   92   90
   86   82   78   72   69   64   62   61   44                                   
    70.0-180.0 180.0   5.0 450.0                            LAT/LON1/LON2/DLON/H
   49   51   49   52   53   57   60   65   71   77   82   87   91   95   97  100
  103  107  113  120  130  140  152  164  175  186  195  203  210  216  220  223
  225  224  223  220  215  210  205  200  194  188  182  175  167  158  148  137
  127  117  108  102   97   95   94   94   95   96   96   97   97   96   96   95
   93   91   89   83   80   75   75   71   49                                   
    67.5-180.0 180.0   5.0 450.0                            LAT/LON1/LON2/DLON/H
   56   59   56   58   58   61   62   65   69   73   77   82   86   89   92   96
  100  106  115  126  139  153  168  182  195  206  215  222  229  234  239  242
  244  244  243  241  238  234  230  226  222  218  213  206  198  188  175  161
  146  131  118  106   98   92   88   87   87   87   88   89   91   92   94   96
   97   98   98   93   90   86   85   79   56                                   
    65.0-180.0 180.0   5.0 450.0                            LAT/LON1/LON2/DLON/H
   60   65   62   64   62   64   64   65   66   69   72   76   79   83   86   90
   96  104  116  130  147  165  182  197  210  221  229  236  241  246  251  255
  257  259  259  257  255  252  249  246  244  241  237  231  222  211  195  177
  158  138  119  102   89   79   73   69   68   68   68   70   72   75   79   84
   89   93   96   94   95   93   92   88   60                                   
    62.5-180.0 180.0   5.0 450.0                            LAT/LON1/LON2/DLON/H
   61   66   64   66   65   67   66   65   65   67   69   72   76   79   82   87
   94  104  119  136  156  175  194  210  222  232  239  244  249  254  259  264
  267  269  269  267  265  262  260  258  256  254  251  245  236  223  205  185
  161  137  114   93   76   63   55   50   47   46   47   48   51   54   59   66
   73   80   86   86   89   88   88   86   61                                   
    60.0-180.0 180.0   5.0 450.0                            LAT/LON1/LON2/DLON/H
   57   62   61   64   64   65   64   63   62   63   64   67   70   73   77   82
   91  103  120  139  160  181  200  216  228  236  243  248  254  260  266  272
  276  278  279  277  273  270  267  265  264  262  258  252  243  229  210  188
  163  137  111   88   69   54   44   37   34   32   32   32   34   37   42   48
   55   63   71   73   77   77   78   77   57                                   
    57.5-180.0 180.0   5.0 450.0                            LAT/LON1/LON2/DLON/H
   52   55   55   59   60   61   60   58   57   58   60   62   65   68   72   78
   88  102  120  141  163  184  203  218  230  239  246  253  260  268  276  283
  288  291  291  288  284  280  277  274  272  270  266  259  248  234  216  194
  169  143  117   94   73   57   46   39   35   32   31   30   30   31   33   38
   44   51   59   61   66   65   65   67   52                                   
    55.0-180.0 180.0   5.0 450.0                            LAT/LON1/LON2/DLON/H
   50   51   50   55   56   56   56   54   53   53   55   58   60   63   67   74
   85  101  121  143  165  185  203  218  231  241  251  260  270  280  290  298
  304  307  306  302  297  293  289  286  283  279  274  266  255  241  224  204
  181  157  134  111   91   74   62   55   50   47   45   43   41   39   38   40
   43   49   55   57   61   59   58   60   50                                   
    52.5-180.0 180.0   5.0 450.0                            LAT/LON1/LON2/DLON/H
   54   53   52   56   57   56   55   52   51   51   53   55   57   59   63   72
   85  104  125  147  168  188  205  220  234  247  260  272  284  296  307  316
  321  323  321  317  312  308  304  301  297  293  286  277  265  251  235  218
  199  179  158  137  118  101   89   81   76   73   71   68   64   60   57   55
   55   57   61   62   67   63   60   61   54                                   
    50.0-180.0 180.0   5.0 450.0                            LAT/LON1/LON2/DLON/H
   66   63   60   63   63   61   59   55   54   54   56   58   58   60   64   74
   90  111  134  156  176  194  211  228  243  259  275  289  302  314  324  331
  335  335  333  330  326  323  320  318  314  308  300  289  277  263  249  234
  219  202  184  165  147  130  116  108  103  102  100   98   94   89   83   79
   75   76   77   78   82   77   73   70   66                                   
    47.5-180.0 180.0   5.0 450.0                            LAT/LON1/LON2/DLON/H
   84   80   76   77   76   72   69   64   62   63   64   65   65   66   71   82
  101  124  148  170  189  206  223  240  258  275  292  307  319  329  335  339
  341  341  339  337  336  336  336  334  331  324  314  302  289  275  262  248
  235  221  204  186  167  149  135  125  121  120  121  121  119  114  109  104
   99   97   97   97  102   99   94   89   84                                   
    45.0-180.0 180.0   5.0 450.0                            LAT/LON1/LON2/DLON/H
  103  101   96   94   92   87   83   77   75   76   77   78   77   77   83   96
  117  143  167  188  206  221  238  255  274  293  309  322  331  336  337  338
  337  337  338  340  342  345  348  348  344  336  325  312  297  283  269  256
  242  228  212  193  173  154  138  128  123  123  126  128  129  127  124  120
  115  114  113  115  122  122  118  111  103                                   
    42.5-180.0 180.0   5.0 450.0                            LAT/LON1/LON2/DLON/H
  118  119  114  112  109  103   98   91   89   91   92   93   92   92   99  115
  138  164  188  208  223  238  254  271  290  308  321  330  334  334  331  329
  329  331  335  341  348  354  358  358  354  345  333  318  303  287  271  256
  240  224  207  188  167  147  129  117  112  112  115  119  122  124  123  122
  119  119  119  122  132  136  134  128  118                                   
    40.0-180.0 180.0   5.0 450.0                            LAT/LON1/LON2/DLON/H
  125  130  126  124  123  117  111  104  102  104  106  108  108  110  118  135
  160  185  208  225  239  253  268  285  302  317  327  331  331  327  324  322
  325  331  340  351  360  368  372  371  364  354  340  324  308  290  272  254
  236  218  200  180  160  139  120  106   99   97   99  103  106  109  111  112
  112  112  113  117  128  135  137  132  125                                   
    37.5-180.0 180.0   5.0 450.0                            LAT/LON1/LON2/DLON/H
  121  130  129  129  130  124  120  113  111  113  116  120  122  126  137  156
  180  205  225  240  253  266  281  296  310  321  327  329  327  325  324  328
  336  349  363  377  387  393  393  389  380  367  352  335  317  298  278  258
  238  220  202  184  165  144  125  108   97   91   89   90   92   94   96   98
   98   99  100  102  112  120  124  123  121                                   
    35.0-180.0 180.0   5.0 450.0                            LAT/LON1/LON2/DLON/H
  111  121  124  126  130  124  122  116  114  116  121  127  132  140  153  174
  198  220  238  252  264  277  290  304  315  322  327  329  331  335  343  355
  373  393  412  426  434  434  429  418  404  389  372  355  337  319  299  278
  259  242  227  212  196  177  157  138  121  109  100   94   91   89   89   89
   88   87   87   86   94  100  105  107  111                                   
    32.5-180.0 180.0   5.0 450.0                            LAT/LON1/LON2/DLON/H
  101  110  115  119  123  119  118  113  112  114  119  128  137  149  166  188
  211  232  248  261  273  287  300  312  320  327  332  339  350  365  385  410
  439  466  488  501  503  494  480  462  443  424  407  390  373  356  339  321
  305  292  282  273  261  245  224  201  178  157  140  126  114  106  100   97
   92   89   85   79   83   84   87   90  101                                   
    30.0-180.0 180.0   5.0 450.0                            LAT/LON1/LON2/DLON/H
   95  102  107  111  115  111  112  107  105  107  113  123  136  153  174  198
  221  241  256  270  284  299  312  323  331  338  348  364  387  417  453  492
  533  567  591  598  590  571  545  519  495  475  457  442  428  414  402  390
  380  374  370  366  358  344  322  294  265  236  210  187  167  150  137  128
  118  110  101   90   88   82   80   78   95                                   
    27.5-180.0 180.0   5.0 450.0                            LAT/LON1/LON2/DLON/H
   98  103  103  107  109  106  107  102   99   99  104  115  131  152  177  203
  228  248  265  280  297  313  328  339  348  359  377  406  444  490  542  595
  645  684  705  705  686  654  619  586  560  539  522  509  499  491  485  482
  480  480  482  482  477  463  439  406  370  334  301  272  245  220  200  183
  167  154  138  122  113   98   87   76   98                                   
    25.0-180.0 180.0   5.0 450.0                            LAT/LON1/LON2/DLON/H
  114  114  108  110  109  105  106  100   95   93   97  108  125  148  176  205
  232  254  273  293  313  332  348  360  372  390  419  461  515  576  641  704
  759  798  813  804  774  732  691  656  629  610  596  586  580  579  580  585
  590  596  600  601  595  579  552  515  474  434  399  367  337  308  281  256
  233  214  191  171  155  131  110   88  114                                   
    22.5-180.0 180.0   5.0 450.0                            LAT/LON1/LON2/DLON/H
  141  135  121  118  114  109  110  103   97   93   94  103  119  143  173  205
  234  260  283  307  331  352  371  386  403  430  470  525  590  662  734  801
  854  887  894  876  838  793  750  717  694  678  667  661  660  664  672  682
  691  698  700  695  683  661  630  590  548  511  479  452  425  395  365  335
  306  283  252  231  207  177  148  117  141                                   
    20.0-180.0 180.0   5.0 450.0                            LAT/LON1/LON2/DLON/H
  172  163  144  133  124  118  118  112  104   97   96  101  116  140  171  205
  237  267  295  323  350  374  395  414  438  473  524  587  660  735  807  869
  915  939  936  910  869  826  789  762  745  735  728  726  728  736  747  758
  765  766  758  741  717  686  649  609  570  540  518  501  483  458  429  397
  367  342  309  287  260  227  195  158  172                                   
    17.5-180.0 180.0   5.0 450.0                            LAT/LON1/LON2/DLON/H
  201  191  170  153  138  131  130  123  114  106  101  104  117  140  171  206
  242  276  309  340  370  396  419  442  472  516  573  641  713  784  848  898
  932  943  932  903  866  830  804  788  781  777  776  777  781  789  798  805
  803  791  765  730  689  646  604  566  535  515  507  505  498  483  460  430
  401  378  347  326  301  268  238  201  201                                   
    15.0-180.0 180.0   5.0 450.0                            LAT/LON1/LON2/DLON/H
  220  211  194  172  152  144  142  135  125  115  108  109  120  142  173  211
  250  288  325  359  391  418  442  468  505  554  614  681  747  806  853  886
  903  903  888  862  835  814  802  800  803  807  809  812  815  820  823  820
  804  772  724  668  610  558  515  481  459  453  459  470  477  473  459  434
  408  388  361  342  321  291  266  233  220                                   
    12.5-180.0 180.0   5.0 450.0                            LAT/LON1/LON2/DLON/H
  228  221  208  185  163  154  152  144  134  124  116  115  125  147  179  219
  261  303  342  379  411  438  463  493  533  586  647  708  762  802  827  840
  841  834  821  807  797  793  797  807  817  825  829  830  831  829  823  807
  774  721  651  577  508  453  413  387  376  380  397  419  437  443  437  419
  397  379  356  338  321  295  274  245  228                                   
    10.0-180.0 180.0   5.0 450.0                            LAT/LON1/LON2/DLON/H
  225  221  211  191  170  159  157  150  140  130  122  122  132  155  188  229
  274  318  360  398  430  457  484  516  561  615  672  724  760  778  783  779
  771  765  762  764  770  782  798  814  827  834  835  833  829  821  805  776
  727  657  573  489  418  367  334  318  316  327  349  376  398  409  409  397
  379  362  341  323  309  287  267  242  225                                   
     7.5-180.0 180.0   5.0 450.0                            LAT/LON1/LON2/DLON/H
  217  215  208  191  172  160  158  150  142  133  127  129  141  166  201  243
  289  334  376  415  448  476  505  541  588  641  693  731  748  749  739  728
