data/edconvlstm_nd/pred0970.15i
     1.0            IONOSPHERE MAPS     GNSS                IONEX VERSION / TYPE
pyspatialgeodesy        IME             05-JAN-18 20:20     PGM / RUN BY / DATE 
Map Name                                                    COMMENT             
Predicted global ionosphere maps (GIM).                     DESCRIPTION         
  2015     4     7     0     0     0                        EPOCH OF FIRST MAP  
  2015     4     8     0     0     0                        EPOCH OF LAST MAP   
  7200                                                      INTERVAL            
    13                                                      # OF MAPS IN FILE   
  NONE                                                      MAPPING FUNCTION    
10.0                                                        ELEVATION CUTOFF    
One-way carrier phase leveled to code                       OBSERVABLES USED    
  6371.0                                                    BASE RADIUS         
 2                                                          MAP DIMENSION       
   450.0 450.0   0.0                                        HGT1 / HGT2 / DHGT  
    87.5 -87.5  -2.5                                        LAT1 / LAT2 / DLAT  
  -180.0 180.0   5.0                                        LON1 / LON2 / DLON  
    -1                                                      EXPONENT            
                                                            END OF HEADER       
[from data line 4290]
    11                                                      START OF TEC MAP    
  2015     4     7    20     0     0                        EPOCH OF CURRENT MAP
    87.5-180.0 180.0   5.0 450.0                            LAT/LON1/LON2/DLON/H
  215  206  190  197  199  199  199  198  198  199  199  200  201  202  203  203
  204  204  204  203  202  201  200  198  197  195  193  191  189  187  185  184
  182  181  180  179  178  177  177  177  177  177  177  178  179  180  181  183
  184  186  187  189  190  192  193  194  195  196  197  198  198  199  199  199
  198  198  197  199  208  209  205  208  215                                   
    85.0-180.0 180.0   5.0 450.0                            LAT/LON1/LON2/DLON/H
  207  204  207  202  200  203  202  204  204  205  205  206  207  208  209  210
  211  211  211  211  210  209  207  205  202  200  197  195  192  189  187  184
  182  180  178  177  176  175  174  174  174  175  176  177  178  180  182  184
  186  188  190  192  195  197  199  200  202  203  205  206  206  207  207  207
  208  208  207  207  211  201  200  207  207                                   
    82.5-180.0 180.0   5.0 450.0                            LAT/LON1/LON2/DLON/H
  190  194  193  192  194  198  199  201  200  202  203  206  208  210  212  213
  215  216  216  215  214  212  210  207  203  200  196  191  187  183  179  175
  172  168  165  163  161  159  158  157  157  157  158  159  161  163  166  169
  172  175  178  181  184  187  190  193  195  197  199  200  201  202  202  202
  202  201  201  205  204  206  197  192  190                                   
    80.0-180.0 180.0   5.0 450.0                            LAT/LON1/LON2/DLON/H
  179  181  183  182  182  184  186  191  193  196  199  203  206  209  213  216
  218  220  220  220  219  216  213  209  205  200  195  190  184  179  173  168
  163  159  155  152  149  147  145  144  143  143  144  145  147  149  152  156
  159  163  167  171  174  178  181  183  186  188  189  191  191  192  193  193
  193  192  192  194  190  182  177  181  179                                   
    77.5-180.0 180.0   5.0 450.0                            LAT/LON1/LON2/DLON/H
  177  169  174  173  176  178  180  185  188  192  195  201  206  211  215  219
  222  225  226  226  224  222  219  215  210  204  198  192  185  179  173  167
  162  157  152  148  145  142  139  137  135  134  134  135  136  138  141  144
  147  151  155  158  162  165  168  170  172  173  175  176  177  177  178  179
  178  178  179  181  181  171  170  179  177                                   
    75.0-180.0 180.0   5.0 450.0                            LAT/LON1/LON2/DLON/H
  171  165  167  167  170  173  174  179  184  189  193  199  205  211  216  221
  224  227  229  229  228  226  223  219  214  208  202  195  188  181  175  169
  163  158  154  149  145  142  138  135  132  130  129  128  129  130  132  134
  137  140  142  145  147  149  151  152  153  154  155  156  156  157  159  161
  161  163  166  166  166  159  160  163  171                                   
    72.5-180.0 180.0   5.0 450.0                            LAT/LON1/LON2/DLON/H
  171  167  170  174  174  177  180  183  187  192  197  204  210  216  221  226
  229  232  233  234  233  232  229  225  220  214  208  200  193  186  179  173
  168  163  159  154  150  145  141  136  132  129  127  125  124  124  125  126
  128  130  131  132  133  134  134  134  134  134  134  135  136  137  140  143
  145  149  153  156  157  156  160  167  171                                   
    70.0-180.0 180.0   5.0 450.0                            LAT/LON1/LON2/DLON/H
  176  174  177  180  181  183  185  188  192  198  203  209  215  220  225  229
  231  233  234  235  235  234  232  228  224  218  211  203  195  188  181  176
  171  166  162  157  152  147  142  136  131  127  123  120  119  118  118  118
  118  118  118  118  117  116  115  114  113  112  112  113  114  116  120  125
  129  135  142  148  153  156  164  168  176                                   
    67.5-180.0 180.0   5.0 450.0                            LAT/LON1/LON2/DLON/H
  185  187  191  195  197  198  199  202  205  210  215  221  227  231  235  238
  240  241  241  242  242  242  241  238  234  227  220  211  203  195  188  182
  178  173  168  163  158  152  146  139  133  128  123  120  118  116  115  114
  114  113  112  110  108  106  104  102  101  100   99  100  101  104  109  116
  122  130  139  146  153  159  169  174  185                                   
    65.0-180.0 180.0   5.0 450.0                            LAT/LON1/LON2/DLON/H
  191  196  201  205  207  208  209  211  214  219  224  230  235  238  241  242
  243  243  243  244  245  245  245  243  239  233  225  216  207  199  192  186
  180  175  170  164  157  150  143  136  129  123  118  114  111  109  107  106
  104  102  100   98   96   93   91   89   87   86   86   86   88   92   97  104
  112  122  132  142  152  162  174  178  191                                   
    62.5-180.0 180.0   5.0 450.0                            LAT/LON1/LON2/DLON/H
  196  204  210  214  217  219  219  220  223  228  233  239  244  247  249  249
  249  248  248  248  250  252  252  251  248  241  233  223  214  205  198  192
  186  180  173  165  157  149  140  132  125  119  114  110  107  104  102   99
   97   94   92   90   88   86   84   83   82   81   81   82   84   87   93  100
  108  119  130  139  151  162  175  179  196                                   
    60.0-180.0 180.0   5.0 450.0                            LAT/LON1/LON2/DLON/H
  197  207  215  220  225  226  227  228  231  235  241  247  251  254  256  255
  254  252  251  252  254  256  258  258  255  249  241  231  222  214  207  201
  194  186  177  168  158  148  139  131  124  118  113  109  105  101   98   94
   91   88   85   84   83   82   82   82   82   82   82   83   84   88   93  100
  107  118  129  138  149  161  174  179  197                                   
    57.5-180.0 180.0   5.0 450.0                            LAT/LON1/LON2/DLON/H
  197  210  220  226  232  234  235  236  239  243  248  254  259  261  263  262
  260  258  256  256  258  261  263  264  262  257  250  241  234  227  220  214
  206  196  185  173  162  151  141  133  127  121  116  112  107  103   98   93
   89   85   83   82   83   84   86   87   88   89   89   90   92   94   99  105
  112  121  132  139  149  161  172  178  197                                   
    55.0-180.0 180.0   5.0 450.0                            LAT/LON1/LON2/DLON/H
  200  216  229  235  243  246  247  247  250  254  258  263  268  270  272  271
  269  266  263  262  263  265  268  270  269  265  260  254  248  243  237  231
  221  210  196  183  169  158  149  141  135  130  125  120  115  109  103   97
   92   88   86   86   88   91   94   97  100  101  102  102  103  105  109  115
  120  129  139  145  153  163  174  180  200                                   
    52.5-180.0 180.0   5.0 450.0                            LAT/LON1/LON2/DLON/H
  207  225  241  249  258  263  264  264  265  268  271  275  279  282  284  283
  281  277  273  270  269  270  273  276  276  275  272  268  264  261  256  249
  238  224  209  193  180  168  159  152  146  141  137  131  126  120  113  106
  100   96   94   95   97  101  106  110  113  115  116  116  117  118  121  126
  132  140  150  156  162  171  182  188  207                                   
    50.0-180.0 180.0   5.0 450.0                            LAT/LON1/LON2/DLON/H
  220  240  258  267  278  284  286  286  286  288  289  292  295  298  300  300
  298  293  286  281  278  279  281  284  286  286  284  282  280  278  273  265
  252  236  219  203  190  179  171  164  159  154  149  144  139  132  126  119
  113  108  106  106  109  114  119  124  127  128  129  129  129  130  133  138
  144  153  163  170  176  184  196  202  220                                   
    47.5-180.0 180.0   5.0 450.0                            LAT/LON1/LON2/DLON/H
  237  258  276  287  299  308  311  311  311  312  312  314  317  320  322  322
  319  313  304  296  292  291  292  295  297  298  297  296  294  291  284  274
  259  242  225  209  197  187  180  174  168  163  159  154  150  144  138  132
  126  122  119  119  121  125  130  134  137  138  138  138  138  140  143  148
  154  165  176  185  193  201  214  221  237                                   
    45.0-180.0 180.0   5.0 450.0                            LAT/LON1/LON2/DLON/H
  254  277  294  307  320  331  335  336  337  338  338  340  343  346  349  349
  346  337  327  316  310  307  307  309  310  310  309  306  302  297  288  275
  258  241  224  211  201  193  186  179  173  168  164  160  157  153  148  143
  138  134  131  129  130  132  136  139  140  141  141  141  142  144  149  155
  162  174  187  199  210  219  234  242  254                                   
    42.5-180.0 180.0   5.0 450.0                            LAT/LON1/LON2/DLON/H
  270  293  308  322  336  349  355  359  361  364  365  368  372  377  380  381
  376  366  353  341  332  328  326  326  325  323  319  313  306  296  284  269
  252  236  222  211  204  197  190  182  175  169  165  162  160  157  154  151
  146  142  138  135  134  134  135  137  138  138  138  139  140  144  149  156
  164  179  194  209  223  234  252  262  270                                   
    40.0-180.0 180.0   5.0 450.0                            LAT/LON1/LON2/DLON/H
  282  304  318  331  347  360  369  375  381  386  391  397  403  409  414  414
  408  397  383  369  359  353  349  346  342  335  327  317  306  294  280  264
  248  234  224  216  211  205  197  187  177  170  165  163  161  160  157  154
  151  146  141  137  133  131  131  131  131  131  130  131  134  138  144  152
  161  178  195  214  231  245  264  278  282                                   
    37.5-180.0 180.0   5.0 450.0                            LAT/LON1/LON2/DLON/H
  287  308  323  335  351  364  377  386  396  405  414  423  433  441  447  447
  441  428  414  400  389  381  375  368  359  348  336  323  310  296  282  267
  253  243  236  232  228  222  211  199  186  177  171  168  166  163  161  158
  154  149  144  138  132  129  127  126  125  124  123  124  126  130  136  144
  154  172  192  213  232  250  270  286  287                                   
    35.0-180.0 180.0   5.0 450.0                            LAT/LON1/LON2/DLON/H
  288  307  325  335  353  366  381  393  408  422  435  448  460  471  478  478
  471  459  444  431  420  411  401  390  376  362  348  335  322  309  296  284
  274  268  266  264  261  252  238  222  207  196  188  182  178  173  168  164
  160  155  149  142  135  130  127  126  124  123  121  121  122  125  130  137
  147  165  187  209  229  250  271  289  288                                   
    32.5-180.0 180.0   5.0 450.0                            LAT/LON1/LON2/DLON/H
  288  305  326  335  355  368  387  402  421  438  455  471  486  499  505  505
  498  486  472  460  449  438  426  411  395  380  366  355  345  336  327  319
  314  314  314  314  308  295  278  259  242  229  219  210  201  193  185  179
  174  168  162  154  147  141  138  136  134  132  129  127  126  127  131  136
  144  162  184  207  226  249  270  290  288                                   
    30.0-180.0 180.0   5.0 450.0                            LAT/LON1/LON2/DLON/H
  289  306  329  338  361  374  397  415  438  458  478  497  513  525  532  531
  524  512  499  487  475  463  449  433  416  403  393  387  383  379  376  374
  375  377  378  374  363  347  326  306  289  275  263  250  237  223  212  203
  198  192  186  179  171  164  161  158  156  152  148  144  142  140  141  144
  151  168  188  210  228  251  272  293  289                                   
    27.5-180.0 180.0   5.0 450.0                            LAT/LON1/LON2/DLON/H
  296  312  336  347  373  388  414  435  461  485  507  527  543  555  561  559
  551  539  526  513  500  486  471  456  442  433  430  432  435  439  441  444
  447  447  443  432  416  396  375  356  340  327  314  298  280  263  248  239
  232  228  222  215  206  199  194  190  186  181  175  170  165  162  161  162
  167  182  201  221  236  257  279  300  296                                   
    25.0-180.0 180.0   5.0 450.0                            LAT/LON1/LON2/DLON/H
  311  325  348  363  392  409  438  463  492  518  542  563  580  591  596  594
  585  572  557  542  527  512  497  483  475  474  479  490  501  509  515  517
  515  507  493  474  452  430  411  396  385  374  361  344  323  304  289  280
  275  271  266  259  250  241  233  227  220  213  205  198  192  187  185  185
  190  205  221  240  252  268  290  311  311                                   
    22.5-180.0 180.0   5.0 450.0                            LAT/LON1/LON2/DLON/H
  330  341  364  385  416  436  467  495  527  556  582  605  623  636  642  640
  631  617  600  581  562  544  530  520  519  526  540  557  571  580  581  575
  562  542  517  490  464  441  425  416  410  404  393  376  356  339  326  319
  316  313  309  301  291  280  270  261  251  242  232  223  216  210  207  207
  212  228  243  261  271  283  304  324  330                                   
    20.0-180.0 180.0   5.0 450.0                            LAT/LON1/LON2/DLON/H
  350  359  382  407  442  465  496  528  563  595  625  651  673  688  697  697
  690  676  657  634  610  589  575  569  575  589  608  626  636  637  627  608
  581  547  510  475  445  424  412  409  409  407  399  386  370  358  350  347
  346  345  341  332  320  306  293  282  271  260  250  241  234  228  224  224
  230  246  261  279  288  297  318  338  350                                   
    17.5-180.0 180.0   5.0 450.0                            LAT/LON1/LON2/DLON/H
  366  373  397  425  463  489  522  555  593  630  665  697  724  745  759  764
  761  750  730  704  675  650  635  631  641  658  675  686  685  672  648  614
  572  524  476  434  402  382  374  375  380  382  378  370  362  357  357  359
  360  359  354  344  331  315  300  287  274  263  253  246  241  237  235  235
  240  257  272  289  298  308  327  351  366                                   
    15.0-180.0 180.0   5.0 450.0                            LAT/LON1/LON2/DLON/H
  377  384  408  438  479  506  540  574  615  657  697  735  770  799  821  834
  838  832  814  786  754  725  706  702  710  722  731  728  713  687  650  602
  545  485  428  381  349  330  325  329  336  340  340  338  338  343  350  356
  358  357  350  339  324  307  291  276  263  252  244  239  236  235  235  236
  242  258  273  289  299  312  332  358  377                                   
    12.5-180.0 180.0   5.0 450.0                            LAT/LON1/LON2/DLON/H
  381  392  416  448  490  519  552  587  629  673  719  763  805  843  873  896
  909  910  897  872  838  805  782  772  773  776  770  753  725  687  639  581
  514  447  386  338  307  290  286  290  297  303  306  309  315  326  337  345
  346  342  333  320  304  286  270  255  242  232  224  221  221  222  224  226
  232  248  263  280  293  311  332  361  381                                   
    10.0-180.0 180.0   5.0 450.0                            LAT/LON1/LON2/DLON/H
  382  399  425  459  501  530  564  596  638  682  730  778  825  869  908  940
  962  972  967  946  914  880  852  835  825  813  794  765  727  681  627  564
  495  426  366  321  293  278  274  275  280  285  289  294  303  316  327  332
  329  320  309  294  277  258  241  227  216  206  199  197  199  203  206  208
  213  230  245  263  280  304  328  359  382                                   
     7.5-180.0 180.0   5.0 450.0                            LAT/LON1/LON2/DLON/H
  380  407  436  471  514  544  577  606  645  687  732  779  826  873  918  957
  988 1007 1011  998  971  938  907  881  859  835  805  768  725  677  622  561
