data/edconvlstm_nd/pred2440.15i
     1.0            IONOSPHERE MAPS     GNSS                IONEX VERSION / TYPE
pyspatialgeodesy        IME             05-JAN-18 20:20     PGM / RUN BY / DATE 
Map Name                                                    COMMENT             
Predicted global ionosphere maps (GIM).                     DESCRIPTION         
  2015     9     1     0     0     0                        EPOCH OF FIRST MAP  
  2015     9     2     0     0     0                        EPOCH OF LAST MAP   
  7200                                                      INTERVAL            
    13                                                      # OF MAPS IN FILE   
  NONE                                                      MAPPING FUNCTION    
10.0                                                        ELEVATION CUTOFF    
One-way carrier phase leveled to code                       OBSERVABLES USED    
  6371.0                                                    BASE RADIUS         
 2                                                          MAP DIMENSION       
   450.0 450.0   0.0                                        HGT1 / HGT2 / DHGT  
    87.5 -87.5  -2.5                                        LAT1 / LAT2 / DLAT  
  -180.0 180.0   5.0                                        LON1 / LON2 / DLON  
    -1                                                      EXPONENT            
                                                            END OF HEADER       
[from data line 5148]
    13                                                      START OF TEC MAP    
  2015     9     2     0     0     0                        EPOCH OF CURRENT MAP
    87.5-180.0 180.0   5.0 450.0                            LAT/LON1/LON2/DLON/H
  119  121  125  118  114  116  113  112  112  111  112  112  112  112  111  111
  110  109  109  108  107  106  105  104  103  101  100   99   98   97   96   96
   95   94   93   93   92   92   91   91   91   92   92   92   93   94   94   95
   96   97   98   98   99  100  101  101  102  103  103  104  104  104  104  106
  106  107  106  107  103  106  116  118  119                                   
    85.0-180.0 180.0   5.0 450.0                            LAT/LON1/LON2/DLON/H
  124  124  107  113  115  118  115  114  114  114  114  114  114  113  113  112
  111  110  109  108  106  105  104  102  101   99   98   96   95   94   92   91
   90   90   89   88   88   88   88   88   88   89   89   90   91   92   93   94
   95   97   98   99  100  102  103  104  105  105  106  107  108  108  108  109
  110  111  111  113  110  117  124  125  124                                   
    82.5-180.0 180.0   5.0 450.0                            LAT/LON1/LON2/DLON/H
  122  115  124  121  119  123  120  120  122  121  121  122  122  121  121  120
  119  118  116  114  112  110  108  105  103  101   99   96   94   93   91   90
   89   88   87   86   86   86   86   86   86   87   88   89   91   92   94   95
   97   99  101  103  104  106  107  109  110  112  113  114  115  115  116  117
  118  118  117  115  116  106  114  118  122                                   
    80.0-180.0 180.0   5.0 450.0                            LAT/LON1/LON2/DLON/H
  132  122  120  117  119  122  124  125  128  127  128  129  130  130  129  128
  127  125  122  120  116  113  110  106  103  100   97   94   92   89   88   86
   85   84   83   82   82   81   81   81   81   82   83   85   86   88   91   93
   95   97  100  102  104  107  109  111  113  115  116  118  119  120  121  122
  122  120  120  118  129  118  127  135  132                                   
    77.5-180.0 180.0   5.0 450.0                            LAT/LON1/LON2/DLON/H
  143  132  125  130  124  127  132  136  138  138  140  142  143  143  143  142
  140  137  134  130  126  121  117  112  108  104  100   97   95   92   91   89
   88   87   86   85   84   83   83   83   83   83   84   86   88   90   92   95
   97  100  102  105  108  110  113  115  117  120  122  124  126  128  129  130
  130  131  129  129  134  133  135  147  143                                   
    75.0-180.0 180.0   5.0 450.0                            LAT/LON1/LON2/DLON/H
  149  135  131  137  131  134  135  139  143  144  146  149  150  150  150  149
  147  144  140  135  129  124  118  113  108  103   99   96   94   93   91   90
   90   89   88   87   85   84   83   82   82   82   82   84   85   88   90   93
   95   98  100  103  106  108  111  113  116  119  122  125  128  131  133  135
  134  135  135  129  134  139  139  150  149                                   
    72.5-180.0 180.0   5.0 450.0                            LAT/LON1/LON2/DLON/H
  140  134  133  136  131  132  134  138  143  144  147  150  152  153  153  152
  150  146  142  137  131  124  118  112  106  101   97   94   92   91   90   90
   89   88   87   85   82   80   78   76   75   75   75   76   77   79   82   84
   87   89   91   93   96   98  101  104  107  111  115  119  123  126  130  133
  133  134  136  132  132  137  141  155  140                                   
    70.0-180.0 180.0   5.0 450.0                            LAT/LON1/LON2/DLON/H
  141  134  133  139  134  135  135  139  145  146  149  153  155  156  157  156
  153  150  145  139  132  125  118  111  105   99   95   92   91   90   90   89
   89   88   86   83   80   77   74   72   70   69   69   70   71   73   75   78
   80   82   83   85   87   89   92   95   99  104  109  114  119  124  128  132
  133  134  137  136  136  140  143  156  141                                   
    67.5-180.0 180.0   5.0 450.0                            LAT/LON1/LON2/DLON/H
  143  137  136  141  135  135  134  137  142  143  146  149  152  154  154  154
  152  148  143  137  130  123  115  107  100   94   90   87   85   85   84   84
   83   81   79   75   71   67   64   61   59   58   58   59   60   61   63   65
   67   68   69   71   72   74   77   81   86   91   98  104  110  116  121  126
  128  130  134  133  135  140  143  157  143                                   
    65.0-180.0 180.0   5.0 450.0                            LAT/LON1/LON2/DLON/H
  146  139  138  143  137  134  132  134  138  139  142  145  148  150  151  151
  149  146  142  136  129  122  113  105   98   92   87   84   82   81   80   79
   77   75   71   67   62   58   55   52   50   49   49   50   51   52   53   54
   55   56   57   58   59   61   65   69   74   81   88   96  103  109  115  120
  123  126  131  131  135  140  144  159  146                                   
    62.5-180.0 180.0   5.0 450.0                            LAT/LON1/LON2/DLON/H
  152  146  145  148  141  136  132  133  135  135  137  140  143  146  148  148
  147  145  141  136  130  122  114  106   98   92   87   84   81   80   78   76
   73   70   65   61   56   52   49   47   45   45   45   45   46   46   47   47
   48   48   49   49   50   53   56   61   67   75   83   92   99  106  112  117
  120  123  129  130  135  142  147  161  152                                   
    60.0-180.0 180.0   5.0 450.0                            LAT/LON1/LON2/DLON/H
  159  154  153  155  146  140  134  132  133  130  131  134  137  140  142  143
  143  141  138  134  129  122  114  107   99   93   89   85   83   81   78   75
   71   66   61   57   52   49   47   45   45   45   45   45   45   44   44   43
   43   43   43   44   45   48   51   57   64   73   81   90   98  105  111  116
  119  122  128  131  136  144  149  163  159                                   
    57.5-180.0 180.0   5.0 450.0                            LAT/LON1/LON2/DLON/H
  167  164  163  165  155  147  139  135  132  128  127  128  130  133  135  137
  137  136  135  131  127  121  115  109  103   97   93   90   87   84   81   76
   71   66   61   56   52   50   48   48   48   48   49   48   47   46   44   43
   42   42   42   43   44   47   52   58   66   75   84   93  101  107  113  118
  120  124  131  133  139  148  154  167  167                                   
    55.0-180.0 180.0   5.0 450.0                            LAT/LON1/LON2/DLON/H
  176  175  175  176  166  157  147  141  135  128  124  124  125  126  128  130
  131  131  130  128  125  121  116  112  107  104  101   98   95   91   86   81
   75   69   63   59   56   55   54   55   55   56   56   55   53   51   48   47
   45   45   45   46   48   51   57   63   72   81   90   99  106  112  118  122
  125  128  135  138  144  154  159  172  176                                   
    52.5-180.0 180.0   5.0 450.0                            LAT/LON1/LON2/DLON/H
  183  184  185  186  178  168  159  150  142  131  125  122  121  122  123  124
  125  126  126  125  124  121  119  116  114  112  110  107  104  100   94   87
   81   74   69   65   63   63   63   64   65   65   65   63   61   58   55   53
   51   51   51   52   55   59   65   72   80   89   98  106  113  118  124  128
  131  135  142  145  151  161  166  178  183                                   
    50.0-180.0 180.0   5.0 450.0                            LAT/LON1/LON2/DLON/H
  187  191  192  195  188  180  171  162  152  139  131  125  122  121  121  121
  122  122  123  124  124  124  123  122  122  121  120  118  115  110  103   96
   89   82   77   74   72   72   73   74   75   75   74   72   70   66   63   61
   59   59   59   61   64   69   75   82   91   99  107  114  120  125  130  135
  139  143  151  153  160  169  172  184  187                                   
    47.5-180.0 180.0   5.0 450.0                            LAT/LON1/LON2/DLON/H
  189  194  195  201  196  190  183  174  164  151  140  133  127  124  122  121
  121  122  124  125  127  128  129  129  130  131  130  128  125  119  112  105
   97   91   86   83   81   81   82   82   83   83   83   81   78   75   72   70
   69   68   69   70   74   79   85   93  101  109  116  122  127  131  137  142
  146  152  159  162  168  176  178  189  189                                   
    45.0-180.0 180.0   5.0 450.0                            LAT/LON1/LON2/DLON/H
  188  193  194  201  199  196  192  185  177  164  153  144  137  131  127  125
  125  126  127  130  132  134  135  137  138  139  138  136  132  126  119  112
  105   98   93   90   88   88   88   88   89   90   89   88   86   84   81   79
   78   77   78   79   83   88   95  103  111  118  124  128  133  137  142  148
  153  159  168  169  174  181  182  193  188                                   
    42.5-180.0 180.0   5.0 450.0                            LAT/LON1/LON2/DLON/H
  186  189  190  198  197  196  195  193  188  177  167  158  150  143  137  134
  132  133  135  138  140  142  143  144  145  145  144  141  136  130  123  116
  109  103   98   94   92   91   91   91   92   93   94   94   93   91   89   88
   86   85   85   86   89   95  102  110  118  125  130  134  138  142  147  154
  159  166  175  176  180  186  185  196  186                                   
    40.0-180.0 180.0   5.0 450.0                            LAT/LON1/LON2/DLON/H
  185  186  185  192  193  192  194  196  195  188  180  173  165  157  151  146
  144  144  146  148  149  150  150  150  150  149  146  142  136  130  123  117
  110  104   99   95   92   91   91   92   93   95   97   98   98   97   95   93
   92   90   89   89   93   99  107  116  124  131  136  140  144  148  153  160
  166  173  182  183  185  190  189  199  185                                   
    37.5-180.0 180.0   5.0 450.0                            LAT/LON1/LON2/DLON/H
  190  187  185  189  189  188  192  196  200  197  193  187  180  173  166  161
  158  158  158  159  160  159  157  155  153  150  146  140  134  127  121  115
  109  104   98   94   91   90   90   92   94   97  100  101  102  101   99   97
   94   91   89   90   93  100  109  119  129  137  142  147  151  155  161  167
  173  180  189  189  192  197  196  206  190                                   
    35.0-180.0 180.0   5.0 450.0                            LAT/LON1/LON2/DLON/H
  202  198  194  193  190  188  192  198  205  205  204  200  195  188  182  177
  174  172  171  171  169  166  162  159  155  151  145  138  131  124  118  113
  108  102   97   92   90   89   90   93   96  100  103  104  104  102  100   97
   93   89   87   87   91   99  110  121  132  141  148  154  159  164  170  177
  183  190  198  198  201  207  207  218  202                                   
    32.5-180.0 180.0   5.0 450.0                            LAT/LON1/LON2/DLON/H
  224  221  216  209  203  198  200  206  214  216  216  214  210  204  199  194
  189  186  183  180  177  172  167  162  157  151  145  137  129  122  116  112
  107  102   97   93   91   91   93   96  100  103  106  106  105  102   99   94
   90   85   83   83   88   97  109  123  135  145  154  161  167  174  181  189
  195  201  210  210  214  222  225  236  224                                   
    30.0-180.0 180.0   5.0 450.0                            LAT/LON1/LON2/DLON/H
  257  258  251  241  231  223  220  223  230  232  232  230  227  222  217  211
  205  200  194  189  183  177  171  166  160  154  146  138  129  122  116  112
  108  104  100   96   95   96   98  102  105  107  108  107  105  100   95   90
   85   80   77   78   84   95  109  123  137  148  158  167  175  184  193  202
  208  215  224  224  230  241  248  260  257                                   
    27.5-180.0 180.0   5.0 450.0                            LAT/LON1/LON2/DLON/H
  297  305  297  285  274  262  255  253  256  256  255  252  248  243  238  231
  223  214  205  197  190  184  177  171  165  158  150  140  131  124  118  115
  112  108  105  102  102  103  106  108  110  111  110  107  102   97   91   85
   79   74   72   74   81   93  108  124  138  150  161  171  182  193  204  214
  222  230  240  241  250  264  274  289  297                                   
    25.0-180.0 180.0   5.0 450.0                            LAT/LON1/LON2/DLON/H
  340  355  348  338  327  313  301  294  292  289  285  280  275  270  263  254
  243  230  218  207  199  192  185  178  171  164  155  145  135  127  122  119
  117  115  112  111  111  112  115  116  116  114  110  105   99   93   86   80
   75   71   69   71   78   91  107  123  138  151  163  175  187  200  213  226
  236  246  258  259  272  289  301  319  340                                   
    22.5-180.0 180.0   5.0 450.0                            LAT/LON1/LON2/DLON/H
  378  399  396  391  383  370  355  343  336  329  323  316  310  303  295  283
  267  250  234  221  212  204  196  188  180  170  160  150  140  132  127  125
  124  122  121  120  121  123  124  123  120  115  109  102   96   89   83   77
   72   68   67   69   76   88  104  120  136  150  163  176  190  206  222  237
  250  262  276  279  294  313  327  348  378                                   
    20.0-180.0 180.0   5.0 450.0                            LAT/LON1/LON2/DLON/H
  404  429  432  435  432  422  407  393  384  375  366  358  350  342  332  317
  298  276  256  241  229  220  210  200  189  177  165  154  144  136  132  131
  130  130  130  131  132  134  133  129  122  115  107  100   94   87   82   76
   71   68   66   68   74   85  100  116  132  147  162  176  193  210  229  247
  263  278  293  299  315  333  349  373  404                                   
    17.5-180.0 180.0   5.0 450.0                            LAT/LON1/LON2/DLON/H
  415  441  450  461  465  460  448  437  428  419  410  401  393  384  373  355
  332  307  284  265  251  239  227  212  197  182  169  157  147  140  137  136
  136  137  139  141  143  144  141  134  125  115  106   99   93   87   82   77
   72   68   66   66   71   81   95  111  128  144  161  177  195  215  236  257
  275  294  311  318  334  350  367  392  415                                   
    15.0-180.0 180.0   5.0 450.0                            LAT/LON1/LON2/DLON/H
  413  436  449  466  477  477  471  465  461  454  447  440  433  425  412  393
  368  340  315  294  277  261  243  224  204  185  170  158  149  144  142  142
  143  145  147  150  153  152  147  138  127  116  106   99   94   89   84   79
   73   69   65   64   68   77   90  106  124  143  161  179  199  221  244  268
  289  309  328  337  351  364  380  405  413                                   
    12.5-180.0 180.0   5.0 450.0                            LAT/LON1/LON2/DLON/H
  404  421  434  455  469  473  474  475  476  475  472  468  464  458  446  426
  401  372  345  322  301  280  257  232  207  186  169  158  151  148  147  148
  149  152  155  158  160  159  152  142  130  118  109  102   97   92   87   81
   75   69   65   62   65   72   85  102  121  142  162  183  205  229  254  280
  303  325  345  356  368  376  391  415  404                                   
    10.0-180.0 180.0   5.0 450.0                            LAT/LON1/LON2/DLON/H
  394  406  417  435  450  457  462  468  475  479  481  482  481  477  467  449
  425  398  371  346  321  294  265  236  207  185  169  159  155  154  154  155
  156  158  161  164  165  163  156  145  132  121  112  105  100   95   89   82
   75   68   63   60   61   68   80   98  119  142  165  188  213  239  266  292
  317  341  362  374  385  390  403  424  394                                   
     7.5-180.0 180.0   5.0 450.0                            LAT/LON1/LON2/DLON/H
  392  400  407  419  431  437  443  452  463  471  477  481  484  482  474  458
  437  413  387  360  332  301  268  235  206  184  169  162  160  160  161  162
