data/edconvlstm_nd/pred1690.15i
     1.0            IONOSPHERE MAPS     GNSS                IONEX VERSION / TYPE
pyspatialgeodesy        IME             05-JAN-18 20:20     PGM / RUN BY / DATE 
Map Name                                                    COMMENT             
Predicted global ionosphere maps (GIM).                     DESCRIPTION         
  2015     6    18     0     0     0                        EPOCH OF FIRST MAP  
  2015     6    19     0     0     0                        EPOCH OF LAST MAP   
  7200                                                      INTERVAL            
    13                                                      # OF MAPS IN FILE   
  NONE                                                      MAPPING FUNCTION    
10.0                                                        ELEVATION CUTOFF    
One-way carrier phase leveled to code                       OBSERVABLES USED    
  6371.0                                                    BASE RADIUS         
 2                                                          MAP DIMENSION       
   450.0 450.0   0.0                                        HGT1 / HGT2 / DHGT  
    87.5 -87.5  -2.5                                        LAT1 / LAT2 / DLAT  
  -180.0 180.0   5.0                                        LON1 / LON2 / DLON  
    -1                                                      EXPONENT            
                                                            END OF HEADER       
[from data line 2574]
     7                                                      START OF TEC MAP    
  2015     6    18    12     0     0                        EPOCH OF CURRENT MAP
    87.5-180.0 180.0   5.0 450.0                            LAT/LON1/LON2/DLON/H
  153  156  154  158  161  162  160  159  160  161  161  161  161  161  161  161
  161  161  161  161  160  160  160  160  160  159  159  159  159  158  158  157
  157  156  156  155  154  154  153  152  151  151  150  150  149  149  148  148
  147  147  146  146  145  145  145  145  145  145  145  145  145  145  146  146
  147  148  148  146  153  150  157  154  153                                   
    85.0-180.0 180.0   5.0 450.0                            LAT/LON1/LON2/DLON/H
  152  159  169  164  165  168  168  169  170  170  169  169  169  169  168  168
  168  167  167  167  167  167  167  167  167  166  166  166  166  166  166  166
  165  165  164  163  163  162  161  161  160  159  159  158  157  156  156  155
  154  154  153  153  152  152  151  151  151  151  151  151  151  152  152  153
  155  157  153  153  152  150  156  157  152                                   
    82.5-180.0 180.0   5.0 450.0                            LAT/LON1/LON2/DLON/H
  142  161  164  160  161  165  166  166  166  165  164  164  163  162  161  161
  160  160  160  160  160  161  161  162  162  163  163  164  164  164  165  165
  165  165  164  164  163  163  162  162  161  160  160  159  158  157  156  155
  154  153  152  151  150  149  148  147  146  146  146  145  145  146  146  147
  148  150  147  149  149  155  154  144  142                                   
    80.0-180.0 180.0   5.0 450.0                            LAT/LON1/LON2/DLON/H
  138  152  157  156  156  157  157  158  157  156  155  154  152  151  150  149
  149  148  148  149  150  150  151  152  153  154  155  156  157  158  159  160
  160  160  161  161  161  161  160  160  160  159  159  158  158  157  156  155
  154  152  151  149  148  146  145  143  142  141  140  139  138  138  138  139
  140  141  139  141  140  145  151  140  138                                   
    77.5-180.0 180.0   5.0 450.0                            LAT/LON1/LON2/DLON/H
  140  148  152  152  151  152  150  150  149  146  143  141  139  137  136  135
  134  135  135  136  138  139  141  143  144  146  148  149  151  153  155  156
  158  160  161  162  163  164  164  165  165  165  166  166  166  166  165  164
  163  161  160  158  155  153  151  148  146  144  142  140  138  137  135  135
  135  135  133  135  138  138  142  139  140                                   
    75.0-180.0 180.0   5.0 450.0                            LAT/LON1/LON2/DLON/H
  132  140  140  142  142  143  141  139  138  135  130  128  125  123  121  120
  120  121  122  124  125  128  130  132  134  136  138  141  143  146  149  152
  155  158  161  164  166  167  169  170  171  172  173  174  175  175  175  174
  173  171  169  167  164  161  158  155  152  149  146  143  141  138  135  134
  132  131  128  126  129  131  135  127  132                                   
    72.5-180.0 180.0   5.0 450.0                            LAT/LON1/LON2/DLON/H
  124  131  131  134  134  135  134  132  129  125  120  117  113  111  109  108
  109  109  111  113  116  118  121  123  125  127  130  132  135  139  144  148
  153  158  163  167  170  173  176  178  180  181  183  185  186  187  187  186
  185  183  181  178  175  172  169  166  163  160  156  153  149  145  141  138
  134  131  128  125  124  125  127  124  124                                   
    70.0-180.0 180.0   5.0 450.0                            LAT/LON1/LON2/DLON/H
  120  123  123  126  125  125  124  122  120  116  111  108  104  102  100  100
  100  101  102  105  107  110  112  114  116  118  120  123  126  131  137  144
  151  158  164  170  174  178  182  184  187  189  192  194  195  196  196  196
  194  192  189  186  183  180  178  175  172  169  166  163  159  154  150  145
  140  135  130  125  122  122  125  122  120                                   
    67.5-180.0 180.0   5.0 450.0                            LAT/LON1/LON2/DLON/H
  115  118  118  121  120  121  120  118  116  112  108  106  103  101  100   99
   99  100  101  103  105  107  109  111  112  113  115  118  122  127  134  143
  151  160  168  175  180  185  188  191  194  197  200  202  204  205  205  204
  202  199  196  193  190  188  186  185  183  181  179  176  173  169  164  159
  152  146  138  131  125  123  123  120  115                                   
    65.0-180.0 180.0   5.0 450.0                            LAT/LON1/LON2/DLON/H
  115  116  114  116  115  116  115  114  113  111  108  107  105  104  103  103
  102  102  103  104  105  107  108  109  110  111  113  115  120  126  135  144
  155  165  174  182  188  193  197  200  203  206  209  212  214  214  214  211
  208  204  201  198  196  195  194  194  194  194  193  191  189  185  181  175
  168  161  152  143  135  131  130  126  115                                   
    62.5-180.0 180.0   5.0 450.0                            LAT/LON1/LON2/DLON/H
  117  117  114  114  111  112  112  111  111  110  109  110  110  110  110  109
  109  108  107  107  108  109  110  111  111  112  114  116  122  129  138  149
  161  172  183  191  198  203  206  209  212  216  219  221  223  223  221  217
  213  208  204  202  201  201  202  203  205  206  206  205  204  201  197  193
  186  178  168  158  148  141  139  134  117                                   
    60.0-180.0 180.0   5.0 450.0                            LAT/LON1/LON2/DLON/H
  122  119  114  112  108  108  107  107  107  108  109  111  113  115  116  116
  115  113  111  111  110  111  112  113  113  114  116  120  126  134  145  157
  170  182  193  202  209  214  217  220  223  226  229  232  233  232  228  224
  218  212  208  206  206  207  210  212  215  216  217  217  217  215  212  208
  201  194  184  174  162  153  150  143  122                                   
    57.5-180.0 180.0   5.0 450.0                            LAT/LON1/LON2/DLON/H
  129  124  116  112  105  104  103  102  103  104  106  110  114  117  120  121
  119  117  115  113  112  113  114  115  116  118  120  125  132  142  155  168
  182  195  206  216  223  228  231  234  236  239  242  244  245  243  238  232
  225  219  214  213  214  216  219  223  225  227  227  228  227  225  223  220
  214  208  198  188  177  166  161  154  129                                   
    55.0-180.0 180.0   5.0 450.0                            LAT/LON1/LON2/DLON/H
  137  128  119  112  104  102   99   97   97   98  100  105  110  116  120  121
  121  119  116  113  113  113  115  116  119  121  125  131  140  152  165  180
  195  209  221  231  239  244  247  249  251  254  256  258  258  255  249  241
  233  226  222  221  222  226  229  233  235  235  235  234  233  232  230  227
  222  217  208  199  188  176  170  162  137                                   
    52.5-180.0 180.0   5.0 450.0                            LAT/LON1/LON2/DLON/H
  145  133  123  115  104  101   97   94   93   93   94   98  104  110  116  119
  120  118  115  113  112  113  115  118  121  124  130  137  148  161  176  193
  209  224  237  248  257  262  265  267  269  270  272  273  272  268  261  252
  243  236  231  230  232  235  239  242  243  242  240  239  237  235  232  230
  226  221  213  205  194  182  176  168  145                                   
    50.0-180.0 180.0   5.0 450.0                            LAT/LON1/LON2/DLON/H
  151  138  127  120  108  103   99   94   91   89   89   92   97  104  110  115
  117  116  114  113  112  114  116  120  124  128  134  143  155  170  187  205
  222  239  254  267  276  282  286  287  288  288  289  288  286  281  273  263
  253  245  240  239  240  244  247  249  249  247  244  241  238  236  233  230
  226  222  215  207  197  185  178  171  151                                   
    47.5-180.0 180.0   5.0 450.0                            LAT/LON1/LON2/DLON/H
  156  143  133  126  114  109  103   98   94   90   88   89   93   99  105  111
  114  115  114  114  114  116  120  123  128  133  140  150  163  178  197  216
  235  254  271  285  296  304  308  309  309  308  307  305  301  294  285  275
  264  255  249  247  248  250  253  254  253  250  246  242  239  236  234  231
  226  221  214  206  197  184  178  171  156                                   
    45.0-180.0 180.0   5.0 450.0                            LAT/LON1/LON2/DLON/H
  158  147  138  133  122  116  111  106  102   97   93   91   93   97  104  110
  114  116  117  118  119  122  125  130  134  140  147  157  170  187  206  226
  247  268  287  304  317  326  331  332  331  329  326  322  317  309  299  287
  275  265  258  254  253  255  257  257  256  252  248  245  241  238  236  232
  227  222  214  205  195  183  176  169  158                                   
    42.5-180.0 180.0   5.0 450.0                            LAT/LON1/LON2/DLON/H
  158  150  143  139  130  125  121  116  112  107  102   99   99  102  107  113
  118  121  123  125  127  130  134  138  143  148  156  166  179  195  215  237
  259  281  303  322  338  349  355  356  354  351  347  342  335  326  314  302
  289  277  268  262  260  260  261  261  260  256  252  249  246  243  240  237
  231  224  215  205  195  182  176  168  158                                   
    40.0-180.0 180.0   5.0 450.0                            LAT/LON1/LON2/DLON/H
  158  153  147  143  136  132  130  126  124  119  114  111  109  110  114  120
  125  129  132  134  137  141  144  149  153  159  166  175  188  205  225  247
  271  295  318  339  357  370  377  380  379  375  370  364  356  346  333  320
  306  293  282  275  271  269  269  269  267  263  259  255  252  249  246  243
  237  229  219  208  196  184  177  169  158                                   
    37.5-180.0 180.0   5.0 450.0                            LAT/LON1/LON2/DLON/H
  158  156  150  146  141  138  136  135  134  131  128  124  122  122  126  130
  135  139  143  146  149  153  156  160  164  169  176  186  199  215  235  258
  282  307  332  355  374  389  398  403  403  400  395  388  379  369  356  343
  329  315  303  294  288  285  284  282  279  274  268  263  259  256  254  250
  244  236  225  213  201  188  182  172  158                                   
    35.0-180.0 180.0   5.0 450.0                            LAT/LON1/LON2/DLON/H
  160  160  155  149  144  141  141  140  142  141  139  136  134  135  138  142
  147  151  155  159  163  166  169  172  175  180  186  196  209  225  245  269
  294  320  345  368  389  405  416  422  425  424  420  414  405  395  383  370
  357  344  332  322  314  309  306  302  296  288  279  271  266  262  259  255
  249  242  232  219  207  195  189  179  160                                   
    32.5-180.0 180.0   5.0 450.0                            LAT/LON1/LON2/DLON/H
  165  165  160  152  147  145  145  144  147  147  146  145  144  145  148  153
  158  163  168  172  176  180  182  183  185  189  195  205  219  236  256  280
  305  331  356  380  400  417  429  438  443  444  442  438  431  422  413  402
  391  380  368  358  350  342  336  327  317  304  290  278  269  264  260  257
  252  246  237  226  215  204  199  188  165                                   
    30.0-180.0 180.0   5.0 450.0                            LAT/LON1/LON2/DLON/H
  172  172  166  158  152  150  149  148  150  151  150  150  150  152  156  161
  167  173  179  185  190  194  195  194  194  197  203  213  227  245  267  291
  316  342  366  389  409  425  438  448  455  459  460  459  455  449  443  436
  429  420  411  401  391  381  370  356  339  319  299  282  269  261  256  254
  250  246  239  230  221  212  209  199  172                                   
    27.5-180.0 180.0   5.0 450.0                            LAT/LON1/LON2/DLON/H
  180  180  174  166  160  157  156  154  153  153  152  151  151  154  160  167
  174  181  190  198  204  208  208  205  203  204  209  220  235  255  277  301
  327  352  376  397  415  430  443  453  462  469  473  474  474  472  470  468
  465  460  454  445  434  421  404  383  359  331  305  281  264  253  247  245
  243  241  237  231  225  219  217  209  180                                   
    25.0-180.0 180.0   5.0 450.0                            LAT/LON1/LON2/DLON/H
  189  189  183  176  170  168  165  161  158  156  152  150  151  154  161  169
  178  188  198  209  218  222  222  217  212  211  216  227  243  264  287  312
  337  362  385  405  421  435  446  456  465  473  479  484  487  490  492  495
  496  495  492  484  472  455  433  405  373  339  305  277  255  241  235  233
  232  232  230  227  225  221  222  217  189                                   
    22.5-180.0 180.0   5.0 450.0                            LAT/LON1/LON2/DLON/H
  196  199  192  188  182  180  177  171  165  160  154  150  150  153  160  169
  180  192  205  219  231  236  235  229  222  219  223  235  252  274  298  323
  348  372  394  413  429  440  450  458  467  475  482  489  495  501  507  513
  517  520  518  512  499  480  453  419  381  341  303  270  246  230  222  220
  220  221  221  220  220  220  223  220  196                                   
    20.0-180.0 180.0   5.0 450.0                            LAT/LON1/LON2/DLON/H
  201  205  200  199  194  191  188  181  173  165  157  152  150  153  159  169
  180  195  211  228  242  250  249  242  234  230  233  245  263  285  310  335
  360  384  406  424  438  449  456  463  470  477  484  491  499  506  514  522
  528  532  532  526  513  492  462  426  385  342  301  266  239  221  212  210
  209  211  211  211  213  214  220  217  201                                   
    17.5-180.0 180.0   5.0 450.0                            LAT/LON1/LON2/DLON/H
  200  208  203  204  201  199  196  189  180  171  161  155  152  154  160  169
  181  196  215  235  252  262  263  256  248  244  247  258  277  299  323  348
  372  396  418  437  451  460  466  471  476  481  486  493  500  507  515  523
  529  533  534  528  515  493  463  427  385  342  301  266  238  220  210  206
  204  204  204  202  204  207  213  209  200                                   
    15.0-180.0 180.0   5.0 450.0                            LAT/LON1/LON2/DLON/H
  196  205  202  203  202  200  197  191  182  174  165  158  155  156  161  169
  181  197  218  240  259  271  274  270  264  260  263  275  293  315  338  362
  385  409  432  451  465  475  480  483  485  488  491  495  500  506  513  518
  523  526  526  521  508  487  459  425  386  345  306  272  245  226  215  209
  205  203  200  197  197  198  204  198  196                                   
    12.5-180.0 180.0   5.0 450.0                            LAT/LON1/LON2/DLON/H
  190  199  196  195  195  191  190  185  178  171  165  160  157  158  161  169
  180  197  218  241  262  277  283  283  279  277  281  292  310  331  353  376
  399  422  445  465  480  490  495  498  499  499  499  500  502  505  509  512
  514  515  514  508  496  478  453  423  388  352  316  285  260  240  227  219
  212  207  202  196  193  192  197  188  190                                   
    10.0-180.0 180.0   5.0 450.0                            LAT/LON1/LON2/DLON/H
  184  192  188  184  184  176  174  170  166  163  159  158  157  157  160  167
  177  194  214  238  260  277  287  291  292  293  298  310  326  346  367  389
  411  434  456  476  492  503  509  512  512  510  508  505  504  504  504  504
  504  504  501  496  485  469  449  423  394  362  331  302  278  259  244  232
  223  215  207  198  193  189  191  180  184                                   
     7.5-180.0 180.0   5.0 450.0                            LAT/LON1/LON2/DLON/H
  181  187  181  174  171  160  155  151  149  148  149  151  152  154  156  162
  172  187  208  230  252  271  285  294  299  304  312  324  340  359  380  400
