data/edconvlstm_nd/pred3370.15i
     1.0            IONOSPHERE MAPS     GNSS                IONEX VERSION / TYPE
pyspatialgeodesy        IME             05-JAN-18 20:20     PGM / RUN BY / DATE 
Map Name                                                    COMMENT             
Predicted global ionosphere maps (GIM).                     DESCRIPTION         
  2015    12     3     0     0     0                        EPOCH OF FIRST MAP  
  2015    12     4     0     0     0                        EPOCH OF LAST MAP   
  7200                                                      INTERVAL            
    13                                                      # OF MAPS IN FILE   
  NONE                                                      MAPPING FUNCTION    
10.0                                                        ELEVATION CUTOFF    
One-way carrier phase leveled to code                       OBSERVABLES USED    
  6371.0                                                    BASE RADIUS         
 2                                                          MAP DIMENSION       
   450.0 450.0   0.0                                        HGT1 / HGT2 / DHGT  
    87.5 -87.5  -2.5                                        LAT1 / LAT2 / DLAT  
  -180.0 180.0   5.0                                        LON1 / LON2 / DLON  
    -1                                                      EXPONENT            
                                                            END OF HEADER       
     1                                                      START OF TEC MAP    
  2015    12     3     0     0     0                        EPOCH OF CURRENT MAP
    87.5-180.0 180.0   5.0 450.0                            LAT/LON1/LON2/DLON/H
   80   74   59   50   47   56   52   50   51   50   51   51   51   51   51   51
   51   50   50   49   48   48   47   46   45   44   43   42   41   40   39   39
   38   37   37   37   36   36   36   36   37   37   38   38   39   40   41   42
   43   43   44   45   46   46   47   47   47   48   48   48   48   47   47   47
   47   47   46   47   38   59   61   60   80                                   
    85.0-180.0 180.0   5.0 450.0                            LAT/LON1/LON2/DLON/H
   68   74   55   54   55   65   61   58   59   59   59   60   60   60   60   60
   60   59   58   57   56   55   54   52   51   50   48   47   46   45   44   43
   43   42   42   42   42   42   43   44   44   46   47   48   50   51   52   54
   55   56   57   58   59   59   60   60   60   60   60   60   60   59   59   58
   58   57   59   63   66   73   83   71   68                                   
    82.5-180.0 180.0   5.0 450.0                            LAT/LON1/LON2/DLON/H
   58   49   57   50   49   60   55   51   54   53   55   56   57   57   57   57
   56   55   53   51   48   46   43   40   38   35   33   31   30   28   27   26
   26   26   26   26   27   28   29   30   32   34   37   39   41   44   46   48
   49   51   52   53   53   53   54   53   53   53   52   52   52   51   51   51
   51   50   51   51   59   57   68   70   58                                   
    80.0-180.0 180.0   5.0 450.0                            LAT/LON1/LON2/DLON/H
   66   59   62   50   52   55   52   49   53   53   54   57   58   59   59   58
   57   55   52   49   46   43   40   37   34   31   29   27   26   25   24   23
   23   23   23   23   24   25   26   27   29   31   34   37   39   42   45   47
   49   51   52   53   53   53   53   52   52   51   50   50   49   49   49   49
   49   48   49   49   65   59   73   87   66                                   
    77.5-180.0 180.0   5.0 450.0                            LAT/LON1/LON2/DLON/H
   74   69   60   55   53   56   51   51   55   55   58   61   63   64   64   63
   61   58   54   51   47   43   39   36   32   30   27   25   24   23   23   22
   22   22   23   23   23   24   25   26   28   30   32   35   38   42   45   47
   49   51   52   52   52   52   51   51   50   49   48   47   47   46   47   47
   47   48   50   52   59   61   69   88   74                                   
    75.0-180.0 180.0   5.0 450.0                            LAT/LON1/LON2/DLON/H
   80   68   69   63   57   60   54   53   58   58   61   63   65   65   64   61
   58   54   49   45   41   37   34   30   28   26   25   24   24   24   25   25
   26   26   26   26   25   25   25   26   27   29   32   35   38   41   44   46
   48   49   50   50   49   49   48   47   46   45   44   44   43   43   44   45
   45   47   51   51   57   70   77   89   80                                   
    72.5-180.0 180.0   5.0 450.0                            LAT/LON1/LON2/DLON/H
   82   75   77   69   64   63   57   58   62   62   65   67   67   66   64   60
   55   50   45   41   37   34   31   29   27   26   25   26   26   28   29   30
   31   31   30   29   28   27   26   25   26   27   29   32   35   38   40   42
   43   44   44   44   43   42   42   41   40   39   39   38   38   38   40   41
   42   45   53   55   63   76   86  100   82                                   
    70.0-180.0 180.0   5.0 450.0                            LAT/LON1/LON2/DLON/H
   92   87   89   83   76   74   68   67   71   71   73   74   72   69   64   58
   51   44   39   35   32   29   27   26   26   26   26   28   30   32   34   36
   37   37   36   34   31   29   27   26   26   27   29   32   34   37   39   40
   41   41   41   40   39   39   38   38   38   38   38   38   38   39   40   43
   45   48   57   62   70   86   93  104   92                                   
    67.5-180.0 180.0   5.0 450.0                            LAT/LON1/LON2/DLON/H
  102  100  101   95   86   83   76   75   78   77   78   77   74   68   60   52
   43   36   31   27   25   24   23   23   23   24   25   27   29   32   35   37
   37   37   35   32   29   25   23   22   22   23   25   27   29   31   33   33
   33   33   32   31   31   31   31   32   32   33   34   35   36   37   39   42
   45   49   59   65   76   92   98  108  102                                   
    65.0-180.0 180.0   5.0 450.0                            LAT/LON1/LON2/DLON/H
  111  110  110  105   96   91   84   83   86   84   84   82   77   69   59   49
   39   32   27   24   23   22   22   22   22   23   24   25   28   30   33   34
   35   34   32   28   24   21   19   18   18   20   22   24   26   28   28   28
   27   27   26   25   25   25   26   28   30   32   34   36   38   40   42   45
   48   53   64   70   82   98  104  115  111                                   
    62.5-180.0 180.0   5.0 450.0                            LAT/LON1/LON2/DLON/H
  121  119  119  114  106  100   93   91   94   92   91   89   82   73   62   50
   41   33   29   26   25   25   25   24   24   23   23   24   26   28   30   31
   31   30   28   24   21   18   17   17   18   20   23   25   27   28   28   27
   25   24   23   22   22   23   25   28   32   36   40   44   46   49   51   54
   57   61   72   77   88  104  109  121  121                                   
    60.0-180.0 180.0   5.0 450.0                            LAT/LON1/LON2/DLON/H
  128  127  126  122  114  107   99   97   99   97   96   93   87   78   67   55
   46   38   34   31   30   29   28   27   25   23   22   22   23   24   25   26
   26   25   23   21   18   17   16   17   20   23   26   29   30   30   29   27
   25   24   23   22   22   24   26   30   36   42   48   53   56   59   62   65
   67   72   82   86   96  109  114  126  128                                   
    57.5-180.0 180.0   5.0 450.0                            LAT/LON1/LON2/DLON/H
  136  135  135  131  123  115  106  103  104  101  100   97   91   83   73   63
   54   47   43   39   37   34   32   29   26   23   21   20   20   21   22   22
   22   22   21   20   19   19   19   22   25   29   33   35   36   35   33   31
   28   27   26   25   26   27   31   36   43   50   57   63   67   71   75   78
   80   85   95   98  106  116  121  133  136                                   
    55.0-180.0 180.0   5.0 450.0                            LAT/LON1/LON2/DLON/H
  147  147  146  143  134  126  116  111  109  105  102   99   94   88   80   72
   64   57   52   47   43   39   34   30   26   23   21   20   20   20   21   21
   22   22   23   23   24   25   27   30   34   39   42   45   45   43   40   38
   36   34   33   33   34   36   39   45   51   59   66   71   76   81   85   91
   94  100  110  113  121  127  132  144  147                                   
    52.5-180.0 180.0   5.0 450.0                            LAT/LON1/LON2/DLON/H
  162  162  161  158  150  140  129  122  117  110  105  101   97   92   87   80
   73   66   59   53   47   41   36   31   27   25   24   24   24   24   24   24
   25   27   28   31   33   35   38   42   46   51   54   56   55   53   50   48
   46   45   45   45   46   47   50   54   59   65   72   77   82   87   93  100
  106  114  126  130  137  143  146  159  162                                   
    50.0-180.0 180.0   5.0 450.0                            LAT/LON1/LON2/DLON/H
  179  181  179  177  169  159  147  138  130  119  110  105  100   97   92   87
   80   72   63   55   48   42   37   33   31   30   30   30   30   30   30   30
   31   34   37   41   45   48   51   55   59   63   66   68   67   65   62   60
   60   60   60   61   61   61   62   64   68   72   76   81   85   91   98  107
  116  127  140  147  156  161  165  177  179                                   
    47.5-180.0 180.0   5.0 450.0                            LAT/LON1/LON2/DLON/H
  197  201  197  196  190  181  169  158  146  131  119  111  105  101   97   92
   84   75   65   57   50   44   40   38   37   37   38   39   39   38   38   37
   39   42   47   52   57   61   64   67   70   74   77   78   78   76   75   74
   75   76   77   77   77   76   75   75   76   78   81   84   88   93  102  112
  124  137  153  162  173  179  184  195  197                                   
    45.0-180.0 180.0   5.0 450.0                            LAT/LON1/LON2/DLON/H
  210  217  212  213  208  201  190  179  165  146  131  120  112  107  102   96
   87   77   67   59   53   49   47   46   46   46   47   48   47   45   44   43
   44   48   54   61   66   70   73   74   77   80   84   86   86   86   85   86
   87   90   91   92   91   89   88   86   86   86   87   89   92   97  106  118
  130  145  162  173  186  195  199  208  210                                   
    42.5-180.0 180.0   5.0 450.0                            LAT/LON1/LON2/DLON/H
  217  226  219  221  219  214  206  196  183  163  145  131  121  115  108  101
   90   80   70   63   59   58   57   57   57   56   56   54   52   49   46   45
   47   51   58   65   71   75   76   77   79   83   87   90   92   92   93   94
   97   99  101  102  101   99   98   96   95   94   95   96   99  104  112  124
  137  152  169  181  194  204  209  216  217                                   
    40.0-180.0 180.0   5.0 450.0                            LAT/LON1/LON2/DLON/H
  216  225  217  220  219  217  211  206  195  177  159  145  133  125  117  107
   96   85   77   73   71   71   71   70   68   65   61   57   53   49   46   45
   47   51   58   65   71   75   76   76   79   83   88   93   95   96   97   99
  101  103  105  105  105  105  104  103  103  103  103  105  108  113  122  133
  146  159  176  187  197  207  212  218  216                                   
    37.5-180.0 180.0   5.0 450.0                            LAT/LON1/LON2/DLON/H
  211  218  209  210  210  209  205  205  199  185  170  157  146  137  128  118
  106   96   90   88   89   90   88   83   77   69   62   56   50   47   45   45
   47   52   58   65   70   73   74   75   78   83   89   95   98   99   99  100
  101  102  103  103  103  104  105  106  107  109  111  114  119  125  134  146
  157  168  183  192  200  208  212  219  211                                   
    35.0-180.0 180.0   5.0 450.0                            LAT/LON1/LON2/DLON/H
  207  212  202  198  196  195  192  194  195  186  176  166  158  151  142  132
  121  113  109  110  111  110  104   94   81   70   60   53   49   46   46   47
   51   55   61   67   72   74   75   76   79   85   92   97  100  100   99   98
   97   97   96   96   97   99  102  105  108  112  116  121  128  137  148  160
  171  181  194  202  207  212  216  223  207                                   
    32.5-180.0 180.0   5.0 450.0                            LAT/LON1/LON2/DLON/H
  212  215  204  194  186  183  179  182  185  181  176  171  167  162  156  148
  139  133  132  133  132  126  113   97   81   68   59   54   51   52   54   57
   61   65   70   74   78   80   80   81   84   90   97  102  103  101   98   95
   92   89   87   86   87   90   95  100  105  111  118  125  135  147  161  176
  187  198  212  218  222  225  229  237  212                                   
    30.0-180.0 180.0   5.0 450.0                            LAT/LON1/LON2/DLON/H
  232  236  222  205  192  183  175  175  178  176  173  172  172  170  167  162
  156  152  151  150  144  131  113   94   78   68   63   61   63   66   71   76
   81   84   86   88   90   90   90   91   94   99  104  107  106  102   97   92
   87   83   79   77   78   81   87   94  101  109  118  128  140  154  172  191
  206  219  234  242  247  250  255  263  232                                   
    27.5-180.0 180.0   5.0 450.0                            LAT/LON1/LON2/DLON/H
  271  280  262  236  220  204  189  183  180  176  173  172  173  174  174  170
  166  163  161  155  144  125  104   86   76   72   74   79   85   92  100  106
  110  110  109  108  106  105  104  104  105  109  113  113  110  104   97   91
   85   79   75   72   73   76   83   90   99  108  119  130  144  161  183  205
  225  243  262  271  281  286  292  300  271                                   
    25.0-180.0 180.0   5.0 450.0                            LAT/LON1/LON2/DLON/H
  329  345  322  292  272  249  224  208  197  186  178  175  175  175  175  173
  170  166  160  149  132  111   92   81   79   86   97  109  120  130  139  144
  145  142  136  130  125  121  119  117  118  119  121  119  114  106   99   92
   86   81   76   73   73   77   83   91  101  111  123  136  151  170  194  220
  245  269  292  304  321  332  339  346  329                                   
    22.5-180.0 180.0   5.0 450.0                            LAT/LON1/LON2/DLON/H
  399  425  400  369  348  317  281  252  229  209  193  184  179  176  175  172
  168  161  150  134  114   95   83   83   94  113  134  152  166  176  182  184
  181  173  161  150  141  135  131  128  127  127  126  123  116  108  101   94
   90   85   81   78   78   81   86   95  105  117  130  144  161  181  206  236
  266  295  322  339  362  381  391  398  399                                   
    20.0-180.0 180.0   5.0 450.0                            LAT/LON1/LON2/DLON/H
  469  505  487  460  439  404  357  314  277  245  219  201  188  181  175  170
  163  153  138  120  101   88   87   99  123  153  180  201  213  219  220  216
  207  193  177  162  151  143  138  134  132  130  128  123  117  109  102   97
   93   90   87   84   83   85   90   99  110  123  138  154  172  193  219  251
  284  318  349  370  399  425  439  448  469                                   
    17.5-180.0 180.0   5.0 450.0                            LAT/LON1/LON2/DLON/H
  525  571  566  547  529  494  443  389  340  295  257  227  206  192  181  173
  162  149  132  114  101   98  109  134  168  204  232  248  252  249  242  231
  217  199  180  164  152  145  140  135  132  129  126  122  115  108  102   98
   96   94   91   87   86   87   93  103  116  131  147  164  183  205  232  265
  300  336  369  393  426  456  477  487  525                                   
    15.0-180.0 180.0   5.0 450.0                            LAT/LON1/LON2/DLON/H
  557  610  619  612  599  569  521  466  410  354  304  264  233  211  196  183
  171  156  140  126  120  128  152  188  227  260  279  282  273  257  242  226
  209  191  173  159  149  142  137  133  129  126  123  119  113  106  101   98
   96   95   92   88   87   89   96  108  123  140  157  175  195  218  246  279
  313  349  381  407  439  470  497  511  557                                   
    12.5-180.0 180.0   5.0 450.0                            LAT/LON1/LON2/DLON/H
  562  617  636  639  633  613  577  530  476  416  359  308  269  240  220  205
  191  177  165  158  162  182  216  256  291  311  311  294  269  244  223  206
  191  176  162  151  144  139  135  131  127  124  121  116  111  104  100   97
   95   94   92   89   88   91  100  114  131  149  167  187  208  232  260  291
  324  358  388  413  441  469  499  517  562                                   
    10.0-180.0 180.0   5.0 450.0                            LAT/LON1/LON2/DLON/H
  548  598  620  628  630  622  600  568  524  470  412  358  313  280  257  240
  227  216  209  211  226  256  294  329  348  344  319  283  246  216  195  182
  172  163  155  148  144  140  136  132  128  124  121  116  110  104   99   97
   95   95   92   90   89   94  105  120  137  156  175  195  218  244  272  302
  332  362  390  413  436  458  489  510  548                                   
     7.5-180.0 180.0   5.0 450.0                            LAT/LON1/LON2/DLON/H
  523  563  583  592  599  600  593  578  550  508  457  405  361  328  304  288
  277  271  270  281  304  337  370  390  384  352  305  255  213  186  171  165
