data/edconvlstm_nd/pred2920.15i
     1.0            IONOSPHERE MAPS     GNSS                IONEX VERSION / TYPE
pyspatialgeodesy        IME             05-JAN-18 20:20     PGM / RUN BY / DATE 
Map Name                                                    COMMENT             
Predicted global ionosphere maps (GIM).                     DESCRIPTION         
  2015    10    19     0     0     0                        EPOCH OF FIRST MAP  
  2015    10    20     0     0     0                        EPOCH OF LAST MAP   
  7200                                                      INTERVAL            
    13                                                      # OF MAPS IN FILE   
  NONE                                                      MAPPING FUNCTION    
10.0                                                        ELEVATION CUTOFF    
One-way carrier phase leveled to code                       OBSERVABLES USED    
  6371.0                                                    BASE RADIUS         
 2                                                          MAP DIMENSION       
   450.0 450.0   0.0                                        HGT1 / HGT2 / DHGT  
    87.5 -87.5  -2.5                                        LAT1 / LAT2 / DLAT  
  -180.0 180.0   5.0                                        LON1 / LON2 / DLON  
    -1                                                      EXPONENT            
                                                            END OF HEADER       
[from data line 1716]
     5                                                      START OF TEC MAP    
  2015    10    19     8     0     0                        EPOCH OF CURRENT MAP
    87.5-180.0 180.0   5.0 450.0                            LAT/LON1/LON2/DLON/H
   70   80   79   83   85   87   87   83   85   87   88   89   89   89   89   89
   88   88   87   86   86   85   85   84   84   83   83   83   83   82   82   81
   81   80   80   79   78   78   77   76   75   74   73   72   71   71   70   69
   69   68   67   67   66   65   65   64   64   63   63   62   62   62   62   62
   64   66   65   65   70   75   87   87   70                                   
    85.0-180.0 180.0   5.0 450.0                            LAT/LON1/LON2/DLON/H
   68   88   92   89   91   95   96   96   97   99   99  100   99   99   98   97
   97   96   95   94   94   93   93   93   93   93   93   93   93   93   93   93
   93   93   93   92   92   91   90   89   89   88   87   86   85   84   83   82
   81   80   80   79   78   77   76   74   73   72   72   71   70   69   69   70
   72   73   70   70   71   78   87   86   68                                   
    82.5-180.0 180.0   5.0 450.0                            LAT/LON1/LON2/DLON/H
   69   83   93   87   88   93   94   95   96   97   97   97   95   94   92   90
   88   86   85   84   83   82   82   82   82   83   84   85   86   87   88   89
   90   91   92   92   93   93   93   93   92   92   92   91   91   90   90   89
   88   87   86   85   84   82   81   79   77   75   73   71   69   68   66   66
   67   67   64   64   70   73   72   73   69                                   
    80.0-180.0 180.0   5.0 450.0                            LAT/LON1/LON2/DLON/H
   72   79   88   84   87   89   91   91   93   94   91   91   88   85   81   78
   75   73   71   69   68   68   68   68   69   70   72   74   76   78   80   83
   85   87   89   91   93   94   95   96   97   98   98   99  100  100  100  101
  101  100  100   99   97   95   93   90   87   84   80   77   73   70   67   66
   64   62   62   61   66   69   72   70   72                                   
    77.5-180.0 180.0   5.0 450.0                            LAT/LON1/LON2/DLON/H
   75   77   82   80   80   84   86   87   88   87   84   82   78   74   69   65
   61   58   56   55   54   54   54   55   57   59   61   63   66   69   73   76
   80   83   87   90   93   95   98  100  102  104  107  109  111  114  116  118
  119  120  121  121  120  118  115  112  108  103   98   93   87   82   77   73
   69   66   63   63   63   58   60   63   75                                   
    75.0-180.0 180.0   5.0 450.0                            LAT/LON1/LON2/DLON/H
   68   71   73   72   73   78   79   79   79   77   73   69   64   60   55   51
   48   45   44   43   42   43   44   45   47   50   52   55   59   63   67   71
   75   79   84   88   92   95   99  103  106  110  114  119  123  127  132  136
  139  142  144  145  144  143  140  136  131  126  119  113  106   99   92   86
   79   74   70   64   63   56   56   57   68                                   
    72.5-180.0 180.0   5.0 450.0                            LAT/LON1/LON2/DLON/H
   67   67   67   67   68   73   75   74   73   71   66   62   57   53   48   45
   42   40   39   39   39   40   41   43   45   47   50   53   56   59   64   68
   73   78   83   88   92   97  102  107  113  118  125  131  138  144  151  157
  162  166  169  171  172  171  168  164  158  152  145  137  129  121  113  105
   98   90   85   77   72   61   59   60   67                                   
    70.0-180.0 180.0   5.0 450.0                            LAT/LON1/LON2/DLON/H
   69   63   65   63   63   67   68   68   67   65   60   57   52   48   44   42
   40   39   39   39   40   41   43   45   47   49   51   53   55   58   62   66
   70   75   80   85   91   96  103  109  116  124  132  140  149  158  166  173
  180  186  190  192  193  192  190  185  179  172  165  157  148  140  131  123
  114  105   99   89   80   68   67   68   69                                   
    67.5-180.0 180.0   5.0 450.0                            LAT/LON1/LON2/DLON/H
   64   58   59   59   58   62   64   64   64   62   58   55   51   48   46   44
   43   43   43   44   46   48   50   52   53   54   55   55   56   57   59   62
   66   70   75   80   86   92   99  107  115  124  134  144  154  164  173  182
  189  195  200  203  204  202  199  195  188  181  174  166  158  151  142  135
  126  116  109   97   87   74   70   71   64                                   
    65.0-180.0 180.0   5.0 450.0                            LAT/LON1/LON2/DLON/H
   63   57   56   55   54   58   61   62   63   62   59   57   54   52   51   50
   50   50   51   53   55   57   60   61   62   62   61   60   59   58   59   61
   64   68   73   78   84   91   99  108  117  128  138  149  160  171  181  190
  198  204  209  212  212  211  207  202  196  188  181  174  167  159  152  144
  136  125  117  104   93   80   74   76   63                                   
    62.5-180.0 180.0   5.0 450.0                            LAT/LON1/LON2/DLON/H
   61   54   52   52   51   55   58   60   61   62   60   60   58   57   57   57
   57   58   60   61   63   65   67   69   69   67   65   62   59   58   57   59
   62   66   71   77   84   91  100  109  120  131  142  154  165  175  185  194
  202  209  214  217  217  216  212  206  199  192  185  178  171  164  157  149
  140  129  120  106   94   80   74   78   61                                   
    60.0-180.0 180.0   5.0 450.0                            LAT/LON1/LON2/DLON/H
   60   52   50   48   47   50   53   56   58   59   58   59   59   59   60   61
   62   63   64   65   66   67   69   70   69   67   64   59   56   54   53   56
   60   65   71   78   85   93  102  112  123  134  146  157  167  178  187  196
  205  211  217  220  221  220  216  210  203  195  188  182  175  168  161  152
  142  129  118  104   92   77   70   73   60                                   
    57.5-180.0 180.0   5.0 450.0                            LAT/LON1/LON2/DLON/H
   62   53   50   47   45   47   50   52   54   55   55   57   58   59   61   63
   64   65   65   64   64   65   65   66   66   63   59   55   51   49   50   54
   60   67   75   83   91   99  109  119  130  141  152  162  172  182  192  201
  210  217  223  228  230  229  225  220  213  205  198  192  185  178  170  159
  147  131  119  104   91   75   68   70   62                                   
    55.0-180.0 180.0   5.0 450.0                            LAT/LON1/LON2/DLON/H
   67   57   53   49   46   47   48   48   50   50   51   52   54   56   58   60
   62   62   61   59   58   58   59   60   59   57   53   49   46   45   48   54
   62   72   82   91  100  110  120  130  141  151  161  170  179  188  198  207
  217  226  233  239  242  242  239  234  227  220  213  207  200  193  183  171
  155  138  124  107   93   76   68   69   67                                   
    52.5-180.0 180.0   5.0 450.0                            LAT/LON1/LON2/DLON/H
   77   67   61   56   52   50   49   48   47   47   47   48   49   51   54   56
   58   58   56   54   52   51   52   53   54   52   49   45   42   42   47   56
   68   80   92  103  114  124  134  144  154  164  172  180  188  197  206  217
  227  237  246  253  257  258  255  250  243  236  230  224  218  210  200  186
  169  149  133  115  101   82   74   73   77                                   
    50.0-180.0 180.0   5.0 450.0                            LAT/LON1/LON2/DLON/H
   90   80   73   67   61   59   55   51   48   46   45   45   45   47   50   52
   54   54   52   50   48   47   49   50   51   50   46   43   40   42   49   60
   75   90  105  118  129  140  151  161  171  179  187  193  201  209  218  228
  239  250  259  267  271  272  269  264  257  249  243  238  232  225  216  202
  184  164  146  127  112   94   86   83   90                                   
    47.5-180.0 180.0   5.0 450.0                            LAT/LON1/LON2/DLON/H
  106   96   88   82   75   71   66   59   54   50   46   45   45   46   48   51
   52   52   51   49   48   48   49   51   52   51   47   43   42   44   52   65
   82  100  117  132  145  157  168  179  189  197  203  209  215  223  232  242
  253  263  272  278  282  281  278  271  263  256  250  245  241  235  226  214
  197  178  160  140  126  109  102   98  106                                   
    45.0-180.0 180.0   5.0 450.0                            LAT/LON1/LON2/DLON/H
  119  110  103   98   91   87   80   71   64   58   53   50   48   48   50   52
   53   53   53   52   52   53   54   56   56   55   51   47   45   47   56   70
   89  109  127  144  159  172  185  197  207  215  221  226  232  239  247  256
  266  275  282  286  287  285  279  271  263  255  249  245  241  237  230  220
  205  188  171  153  140  124  119  115  119                                   
    42.5-180.0 180.0   5.0 450.0                            LAT/LON1/LON2/DLON/H
  126  120  115  111  105  102   95   86   78   71   65   61   57   55   55   56
   57   58   59   60   61   62   63   64   63   60   56   51   49   51   60   74
   93  114  135  153  170  186  201  214  225  233  239  244  249  255  262  270
  278  285  289  291  289  284  277  268  259  251  244  240  236  232  226  218
  207  192  177  161  149  136  132  129  126                                   
    40.0-180.0 180.0   5.0 450.0                            LAT/LON1/LON2/DLON/H
  126  121  118  117  112  111  106   99   91   85   79   74   69   66   65   64
   65   66   68   70   72   73   73   72   69   65   60   55   53   55   63   78
   97  118  140  160  179  197  214  229  241  250  257  261  266  271  278  284
  290  295  297  297  293  287  278  269  259  251  243  237  232  226  220  213
  203  191  178  164  153  141  137  136  126                                   
    37.5-180.0 180.0   5.0 450.0                            LAT/LON1/LON2/DLON/H
  118  114  113  114  111  112  110  105  100   96   91   87   82   79   76   75
   74   76   78   81   83   83   81   78   73   69   64   59   58   60   68   82
  101  122  144  166  187  207  226  242  256  266  273  279  283  289  295  301
  306  310  312  311  307  301  293  284  274  265  255  246  237  227  218  210
  199  188  175  162  152  139  136  134  118                                   
    35.0-180.0 180.0   5.0 450.0                            LAT/LON1/LON2/DLON/H
  109  102  101  102  102  104  104  103  102  100   98   96   93   90   87   85
   84   85   88   90   92   91   87   81   75   70   66   63   63   66   74   88
  106  127  150  173  195  217  237  255  270  282  290  297  302  308  315  323
  329  335  338  339  338  334  328  320  311  301  289  275  260  244  229  215
  202  188  175  161  150  135  132  129  109                                   
    32.5-180.0 180.0   5.0 450.0                            LAT/LON1/LON2/DLON/H
  102   92   89   88   88   90   92   94   95   96   97   98   98   97   95   93
   92   93   96   98   98   95   90   82   76   71   68   67   68   73   82   96
  114  135  158  182  205  228  250  269  285  298  308  316  324  332  341  351
  360  369  377  383  387  387  384  379  371  360  345  326  304  280  257  236
  216  197  181  165  153  135  131  125  102                                   
    30.0-180.0 180.0   5.0 450.0                            LAT/LON1/LON2/DLON/H
  105   90   82   77   76   76   79   81   84   87   90   94   97   99   99   98
   98   99  101  103  102   98   91   83   76   72   71   71   74   81   92  106
  124  146  169  193  218  242  264  284  302  317  329  339  349  360  372  386
  400  414  428  441  451  457  459  457  451  440  422  397  368  336  303  273
  245  220  199  179  165  144  141  131  105                                   
    27.5-180.0 180.0   5.0 450.0                            LAT/LON1/LON2/DLON/H
  122  102   88   77   73   70   70   70   73   75   80   86   91   95   98   99
  100  101  104  105  104   99   92   84   78   75   74   76   80   89  101  117
  137  158  182  207  232  257  280  301  320  338  353  366  379  393  409  427
  446  467  488  509  526  539  546  548  543  531  511  482  446  406  365  326
  288  256  230  205  191  167  164  149  122                                   
    25.0-180.0 180.0   5.0 450.0                            LAT/LON1/LON2/DLON/H
  154  130  109   91   83   75   71   69   68   69   72   77   83   89   93   96
   98  101  104  105  104  100   94   88   82   79   77   79   85   96  111  129
  150  173  196  222  247  273  297  319  341  361  379  396  413  431  451  473
  498  525  553  580  604  622  634  638  635  622  600  568  528  483  435  388
  343  304  272  243  228  204  199  181  154                                   
    22.5-180.0 180.0   5.0 450.0                            LAT/LON1/LON2/DLON/H
  201  175  147  122  107   95   86   80   75   72   71   74   78   83   87   91
   94   98  101  104  103  101   97   92   87   83   81   83   90  102  120  141
  163  186  210  236  263  289  314  338  362  385  407  428  449  470  494  521
  549  580  612  643  670  691  704  708  705  692  670  639  599  553  503  451
  401  358  321  290  274  252  245  225  201                                   
    20.0-180.0 180.0   5.0 450.0                            LAT/LON1/LON2/DLON/H
  258  232  199  166  145  128  116  105   95   87   81   79   80   82   84   87
   90   94   98  101  102  101   99   95   92   88   86   87   94  108  127  150
  173  197  222  249  277  304  331  357  383  408  434  459  483  509  535  563
  593  624  655  685  710  728  739  742  738  727  708  681  646  605  558  507
  456  411  371  341  324  305  296  277  258                                   
    17.5-180.0 180.0   5.0 450.0                            LAT/LON1/LON2/DLON/H
  316  292  259  220  192  172  157  142  128  115  103   95   90   87   86   85
   87   91   95   98  100  100   99   98   96   93   91   93  100  114  133  157
  181  206  233  261  290  319  347  374  402  430  458  486  513  541  568  595
  622  649  675  698  717  730  736  736  732  723  709  690  665  634  595  549
  501  458  418  390  371  356  346  329  316                                   
    15.0-180.0 180.0   5.0 450.0                            LAT/LON1/LON2/DLON/H
  364  345  315  275  243  222  205  189  171  152  135  121  109  100   93   88
   88   90   93   96   97   98  100  101  101  100   98   99  105  119  138  162
  187  213  241  271  301  331  359  388  417  447  477  507  535  563  589  613
  635  655  673  688  698  703  703  700  696  690  682  673  660  640  612  575
  533  494  457  431  410  397  387  373  364                                   
    12.5-180.0 180.0   5.0 450.0                            LAT/LON1/LON2/DLON/H
  395  383  358  321  290  270  255  239  218  195  173  154  136  120  106   96
   92   92   94   95   96   98  102  106  108  107  106  106  112  124  144  167
  193  220  248  278  309  339  368  397  427  458  489  519  548  575  598  618
  633  646  656  662  664  662  658  653  649  646  645  644  640  631  613  585
  551  518  484  460  439  425  415  403  395                                   
    10.0-180.0 180.0   5.0 450.0                            LAT/LON1/LON2/DLON/H
  410  402  383  351  325  310  297  283  262  238  213  189  167  144  124  109
  101   98   98   98   99  102  107  112  115  114  113  114  120  132  151  175
  200  226  254  283  313  342  371  401  431  461  492  522  551  576  597  613
  623  630  633  634  631  625  618  612  609  609  611  615  618  616  606  585
  558  530  500  477  455  439  429  419  410                                   
     7.5-180.0 180.0   5.0 450.0                            LAT/LON1/LON2/DLON/H
  414  408  392  365  346  336  327  316  296  272  247  222  198  172  147  127
  114  108  106  105  106  109  114  118  121  121  121  124  131  144  162  184
