data/edconvlstm_nd/pred2250.15i
     1.0            IONOSPHERE MAPS     GNSS                IONEX VERSION / TYPE
pyspatialgeodesy        IME             05-JAN-18 20:20     PGM / RUN BY / DATE 
Map Name                                                    COMMENT             
Predicted global ionosphere maps (GIM).                     DESCRIPTION         
  2015     8    13     0     0     0                        EPOCH OF FIRST MAP  
  2015     8    14     0     0     0                        EPOCH OF LAST MAP   
  7200                                                      INTERVAL            
    13                                                      # OF MAPS IN FILE   
  NONE                                                      MAPPING FUNCTION    
10.0                                                        ELEVATION CUTOFF    
One-way carrier phase leveled to code                       OBSERVABLES USED    
  6371.0                                                    BASE RADIUS         
 2                                                          MAP DIMENSION       
   450.0 450.0   0.0                                        HGT1 / HGT2 / DHGT  
    87.5 -87.5  -2.5                                        LAT1 / LAT2 / DLAT  
  -180.0 180.0   5.0                                        LON1 / LON2 / DLON  
    -1                                                      EXPONENT            
                                                            END OF HEADER       
[from data line 2574]
     7                                                      START OF TEC MAP    
  2015     8    13    12     0     0                        EPOCH OF CURRENT MAP
    87.5-180.0 180.0   5.0 450.0                            LAT/LON1/LON2/DLON/H
  108  115  115  120  122  123  122  119  121  123  123  123  123  124  124  124
  124  124  123  123  123  123  123  122  122  122  121  121  120  120  119  118
  118  117  116  115  113  112  112  111  110  110  109  109  109  109  109  109
  110  110  110  111  111  111  111  112  112  112  112  112  112  112  112  112
  112  114  112  109  114  111  122  120  108                                   
    85.0-180.0 180.0   5.0 450.0                            LAT/LON1/LON2/DLON/H
  109  117  129  121  122  126  126  128  129  131  130  131  131  131  131  131
  131  131  130  130  130  130  130  129  129  129  129  128  128  127  127  126
  124  123  122  120  118  117  116  114  113  112  112  112  112  112  112  113
  114  114  115  116  117  117  118  118  118  119  119  119  119  119  118  119
  120  120  116  112  111  112  118  120  109                                   
    82.5-180.0 180.0   5.0 450.0                            LAT/LON1/LON2/DLON/H
  101  114  120  115  116  120  122  124  125  127  127  128  128  128  128  128
  128  127  127  127  127  126  127  127  127  127  128  128  128  128  127  126
  125  123  121  119  117  114  112  110  109  108  107  107  107  108  109  110
  112  113  115  116  117  118  118  119  119  119  118  118  117  117  115  115
  115  115  110  108  107  113  109  106  101                                   
    80.0-180.0 180.0   5.0 450.0                            LAT/LON1/LON2/DLON/H
   96  103  110  109  109  111  114  118  120  122  123  124  124  125  124  124
  124  123  122  122  122  122  122  122  123  124  125  126  127  127  127  126
  125  122  120  117  114  111  108  105  103  102  102  102  103  104  106  108
  110  113  115  116  118  119  120  120  119  119  118  116  115  113  112  110
  109  107  104  102   99  103  106  102   96                                   
    77.5-180.0 180.0   5.0 450.0                            LAT/LON1/LON2/DLON/H
   95   96  100  101  102  106  108  112  115  117  117  119  120  120  120  120
  120  119  118  118  118  118  118  119  121  123  124  127  128  130  130  130
  129  128  125  121  118  114  110  107  105  104  103  104  106  108  111  115
  118  121  124  126  128  128  129  128  127  125  123  121  118  115  112  109
  106  103   98   96   95   93   95   97   95                                   
    75.0-180.0 180.0   5.0 450.0                            LAT/LON1/LON2/DLON/H
   83   86   85   90   92   97   99  103  106  110  110  113  113  114  115  114
  114  113  112  112  111  111  112  113  115  117  120  123  127  129  131  132
  132  131  128  125  121  117  113  110  108  107  107  108  111  114  118  122
  126  130  133  135  136  136  135  134  132  130  127  124  120  117  113  109
  104  100   95   89   88   86   88   83   83                                   
    72.5-180.0 180.0   5.0 450.0                            LAT/LON1/LON2/DLON/H
   75   75   74   80   82   88   91   95   98  101  103  106  107  109  109  110
  109  109  108  107  106  106  106  107  109  112  116  120  124  128  131  134
  135  135  133  130  127  123  119  116  115  114  115  118  121  125  130  134
  138  141  143  145  145  144  142  140  138  135  132  128  124  120  116  111
  106  100   94   87   83   81   80   80   75                                   
    70.0-180.0 180.0   5.0 450.0                            LAT/LON1/LON2/DLON/H
   70   66   65   69   71   75   78   82   86   90   92   95   98  100  102  103
  103  102  101  100   99   98   98   99  101  104  107  112  117  122  127  131
  133  135  134  132  130  127  124  122  121  122  123  127  130  135  139  143
  146  148  149  148  147  145  143  140  137  134  132  129  126  122  118  114
  109  102   96   88   82   77   78   78   70                                   
    67.5-180.0 180.0   5.0 450.0                            LAT/LON1/LON2/DLON/H
   65   61   59   63   63   67   70   73   76   80   83   87   91   94   97   99
   99   99   98   97   96   95   94   95   96   98  102  106  112  117  123  128
  131  134  135  134  133  131  129  129  129  130  133  137  141  145  148  151
  152  153  152  150  147  144  141  138  135  133  132  130  128  126  123  120
  115  108  101   91   83   78   75   75   65                                   
    65.0-180.0 180.0   5.0 450.0                            LAT/LON1/LON2/DLON/H
   65   59   56   58   57   59   61   64   67   70   73   78   83   87   91   94
   95   95   95   94   93   92   91   91   92   94   97  102  107  113  119  125
  129  133  135  136  136  136  135  136  137  140  144  147  151  154  156  157
  156  155  152  148  144  140  137  134  132  132  131  132  132  131  129  127
  123  116  109  100   91   84   80   79   65                                   
    62.5-180.0 180.0   5.0 450.0                            LAT/LON1/LON2/DLON/H
   66   59   55   56   53   54   55   56   58   61   64   69   75   80   85   88
   90   91   91   90   89   89   89   89   90   92   95   99  104  110  116  122
  127  131  135  137  138  139  140  142  145  148  152  156  159  160  161  159
  157  154  149  145  140  136  132  130  130  130  131  133  134  135  134  133
  130  124  117  107   97   89   85   83   66                                   
    60.0-180.0 180.0   5.0 450.0                            LAT/LON1/LON2/DLON/H
   70   62   56   56   51   51   50   49   50   52   55   60   65   71   76   80
   83   84   85   85   85   85   86   87   89   91   94   98  103  109  115  120
  126  130  134  137  140  142  144  147  150  154  158  162  164  164  162  159
  155  151  146  141  136  133  130  128  128  130  132  135  137  138  137  136
  133  128  122  113  103   94   89   86   70                                   
    57.5-180.0 180.0   5.0 450.0                            LAT/LON1/LON2/DLON/H
   75   66   60   59   53   51   49   47   46   46   47   52   57   62   67   72
   75   77   78   80   81   82   84   87   89   92   96  101  106  111  117  122
  127  132  137  141  144  147  150  153  157  161  165  168  169  167  164  160
  155  150  146  141  137  134  132  132  132  135  137  140  141  142  140  138
  135  130  124  116  107   98   93   90   75                                   
    55.0-180.0 180.0   5.0 450.0                            LAT/LON1/LON2/DLON/H
   80   71   66   64   58   55   52   48   45   43   43   45   49   54   59   63
   67   70   72   74   77   80   83   86   90   94   99  104  109  115  120  125
  131  136  141  145  149  152  156  159  163  167  171  173  173  170  166  161
  156  152  148  145  142  140  138  138  139  142  144  146  146  145  142  139
  134  129  124  116  108   99   95   92   80                                   
    52.5-180.0 180.0   5.0 450.0                            LAT/LON1/LON2/DLON/H
   86   77   72   71   65   62   58   53   48   44   42   42   44   47   52   56
   60   64   68   71   75   79   83   87   91   96  101  107  113  119  124  129
  135  140  146  151  156  159  163  167  170  174  177  178  177  174  169  164
  159  156  153  152  150  149  148  148  149  150  152  153  152  148  143  138
  132  126  121  114  107   99   96   92   86                                   
    50.0-180.0 180.0   5.0 450.0                            LAT/LON1/LON2/DLON/H
   90   82   79   79   74   71   66   61   55   50   46   43   43   44   47   51
   56   61   66   71   75   80   84   88   93   98  103  109  116  122  127  133
  139  145  151  158  163  168  171  175  178  181  184  184  183  179  174  169
  165  163  161  161  160  159  158  157  158  159  160  160  157  152  145  138
  131  124  119  112  106   99   96   93   90                                   
    47.5-180.0 180.0   5.0 450.0                            LAT/LON1/LON2/DLON/H
   93   87   85   86   83   80   77   72   66   60   54   49   46   45   47   50
   56   62   68   74   79   84   88   91   95   99  105  111  117  123  129  135
  142  149  157  165  171  177  181  185  188  190  192  192  190  186  181  176
  173  171  170  170  169  167  166  165  166  167  167  166  162  155  147  139
  131  123  117  111  105   99   97   94   93                                   
    45.0-180.0 180.0   5.0 450.0                            LAT/LON1/LON2/DLON/H
   95   90   89   92   90   89   86   83   78   72   65   59   53   50   50   53
   59   66   73   80   86   90   93   95   98  101  106  111  117  123  129  136
  143  152  162  172  180  187  192  196  199  201  202  201  199  195  190  185
  182  180  179  178  176  174  172  171  171  172  173  171  167  160  151  142
  133  125  118  111  105  100   99   95   95                                   
    42.5-180.0 180.0   5.0 450.0                            LAT/LON1/LON2/DLON/H
   95   93   91   95   94   94   94   93   90   85   78   71   64   58   57   59
   65   73   81   89   95   98  100  101  102  104  107  112  117  123  129  136
  145  156  168  180  190  199  205  209  212  213  214  213  210  206  201  196
  193  190  187  184  181  178  176  175  176  177  178  176  172  165  156  147
  138  129  121  114  107  102  101   96   95                                   
    40.0-180.0 180.0   5.0 450.0                            LAT/LON1/LON2/DLON/H
   94   93   92   95   95   97   98  100   99   97   91   84   75   69   66   67
   73   81   90   98  104  107  108  108  108  109  111  115  119  124  130  138
  148  161  175  189  202  211  218  223  226  228  228  226  223  219  215  210
  205  201  196  191  187  183  181  180  181  183  183  182  178  172  163  154
  145  135  126  117  110  105  104   99   94                                   
    37.5-180.0 180.0   5.0 450.0                            LAT/LON1/LON2/DLON/H
   93   93   91   93   94   95   98  102  105  105  101   95   87   79   75   76
   81   89   98  107  113  116  116  115  114  115  116  119  123  128  134  142
  154  168  185  201  215  226  234  240  243  244  244  242  239  235  231  226
  220  214  208  201  195  191  189  189  190  191  191  190  185  179  171  162
  152  142  132  122  113  108  107  101   93                                   
    35.0-180.0 180.0   5.0 450.0                            LAT/LON1/LON2/DLON/H
   92   93   90   90   90   91   95  100  106  109  108  103   96   88   84   84
   88   95  105  114  120  123  123  122  122  122  124  127  130  134  141  150
  163  180  198  215  230  242  251  257  261  262  262  260  257  254  250  246
  240  232  224  216  209  206  204  204  205  205  203  200  194  187  179  170
  159  148  137  125  115  110  110  104   92                                   
    32.5-180.0 180.0   5.0 450.0                            LAT/LON1/LON2/DLON/H
   93   93   89   87   86   87   91   96  103  107  109  107  102   95   91   89
   92   99  108  118  125  128  129  129  129  130  133  136  140  144  151  162
  176  194  214  232  248  261  270  277  281  282  282  280  278  276  273  269
  263  255  245  237  231  227  226  226  225  223  218  212  205  196  187  177
  165  153  141  128  118  113  114  107   93                                   
    30.0-180.0 180.0   5.0 450.0                            LAT/LON1/LON2/DLON/H
   94   95   90   87   85   85   87   91   97  103  107  107  104   99   95   93
   95  101  110  120  128  132  134  134  135  138  142  146  151  156  164  176
  193  212  232  251  267  280  290  297  301  303  303  303  302  301  300  297
  291  282  273  265  259  256  255  253  250  244  236  227  217  206  195  183
  170  157  144  131  121  116  118  111   94                                   
    27.5-180.0 180.0   5.0 450.0                            LAT/LON1/LON2/DLON/H
   98   99   94   89   86   85   85   87   92   97  101  103  102   99   96   95
   96  101  110  120  129  135  138  139  141  144  150  156  162  169  179  192
  211  231  252  271  287  300  310  318  323  325  326  327  327  329  329  327
  322  314  305  297  292  289  287  283  276  267  255  242  228  215  202  190
  176  162  148  134  124  120  122  116   98                                   
    25.0-180.0 180.0   5.0 450.0                            LAT/LON1/LON2/DLON/H
  103  105  100   95   91   89   88   86   89   92   95   98   99   98   96   95
   96  101  110  121  131  138  141  142  145  149  156  164  172  182  193  209
  229  251  272  291  307  320  330  339  344  348  350  352  354  357  359  358
  353  346  338  331  326  322  318  312  301  287  271  255  240  225  211  197
  182  167  153  139  130  126  128  122  103                                   
    22.5-180.0 180.0   5.0 450.0                            LAT/LON1/LON2/DLON/H
  110  113  108  103   99   96   93   89   88   89   91   93   94   95   94   94
   95  100  110  122  133  140  143  145  148  154  162  171  182  194  208  225
  247  269  291  310  326  339  350  359  366  370  373  377  381  385  388  388
  383  376  368  361  356  351  345  335  321  303  285  266  250  234  219  205
  190  175  161  147  138  133  135  129  110                                   
    20.0-180.0 180.0   5.0 450.0                            LAT/LON1/LON2/DLON/H
  117  121  117  111  108  104  100   94   91   89   89   90   91   92   93   93
   94  100  110  123  134  142  146  148  151  158  167  178  191  205  221  241
  263  286  308  328  344  357  369  378  386  391  396  401  406  411  414  413
  409  401  393  386  380  373  363  350  333  314  294  275  258  243  228  214
  199  186  171  157  148  142  142  136  117                                   
    17.5-180.0 180.0   5.0 450.0                            LAT/LON1/LON2/DLON/H
  125  129  125  119  115  111  107  100   95   91   89   89   89   90   91   92
   94  100  111  124  136  144  148  151  155  162  173  186  200  217  235  256
  279  302  325  344  361  375  386  396  404  410  416  421  427  432  435  433
  427  419  410  402  395  385  374  358  340  321  301  283  266  251  237  224
  210  198  183  170  160  152  150  143  125                                   
    15.0-180.0 180.0   5.0 450.0                            LAT/LON1/LON2/DLON/H
  132  135  131  125  121  116  112  105  100   95   92   90   89   90   91   92
   95  101  112  125  137  146  151  155  161  169  181  195  211  229  249  271
  294  318  340  360  377  391  402  412  420  426  432  437  442  447  448  446
  439  429  420  411  401  390  376  361  343  325  307  290  274  260  246  234
  221  210  197  183  172  162  157  149  132                                   
    12.5-180.0 180.0   5.0 450.0                            LAT/LON1/LON2/DLON/H
  139  140  135  128  123  118  114  108  104  100   96   93   91   91   91   93
   96  102  113  126  138  147  154  160  168  178  191  206  224  243  264  286
  309  333  356  375  392  405  416  425  432  437  442  446  450  454  454  450
  442  432  422  411  401  388  375  360  345  329  313  297  282  267  254  242
  230  220  208  195  183  170  163  154  139                                   
    10.0-180.0 180.0   5.0 450.0                            LAT/LON1/LON2/DLON/H
  145  144  138  130  123  116  113  108  106  103  100   96   94   93   93   94
   97  103  113  125  137  147  156  165  176  188  203  220  238  259  280  302
  325  348  370  389  405  416  425  432  437  441  444  447  450  452  451  446
  438  428  417  406  395  383  371  359  347  334  320  304  288  272  258  246
  235  226  216  204  191  176  168  157  145                                   
     7.5-180.0 180.0   5.0 450.0                            LAT/LON1/LON2/DLON/H
  150  148  140  130  122  113  110  106  106  105  103  100   97   95   94   95
   97  103  112  124  136  147  158  171  184  200  216  234  254  274  296  318
