data/edconvlstm_nd/pred1890.15i
     1.0            IONOSPHERE MAPS     GNSS                IONEX VERSION / TYPE
pyspatialgeodesy        IME             05-JAN-18 20:20     PGM / RUN BY / DATE 
Map Name                                                    COMMENT             
Predicted global ionosphere maps (GIM).                     DESCRIPTION         
  2015     7     8     0     0     0                        EPOCH OF FIRST MAP  
  2015     7     9     0     0     0                        EPOCH OF LAST MAP   
  7200                                                      INTERVAL            
    13                                                      # OF MAPS IN FILE   
  NONE                                                      MAPPING FUNCTION    
10.0                                                        ELEVATION CUTOFF    
One-way carrier phase leveled to code                       OBSERVABLES USED    
  6371.0                                                    BASE RADIUS         
 2                                                          MAP DIMENSION       
   450.0 450.0   0.0                                        HGT1 / HGT2 / DHGT  
    87.5 -87.5  -2.5                                        LAT1 / LAT2 / DLAT  
  -180.0 180.0   5.0                                        LON1 / LON2 / DLON  
    -1                                                      EXPONENT            
                                                            END OF HEADER       
[from data line 429]
     2                                                      START OF TEC MAP    
  2015     7     8     2     0     0                        EPOCH OF CURRENT MAP
    87.5-180.0 180.0   5.0 450.0                            LAT/LON1/LON2/DLON/H
  164  172  178  179  177  175  173  172  174  174  175  175  175  176  175  175
  175  174  173  172  171  170  168  167  165  164  162  161  159  158  157  156
  154  154  153  152  151  151  151  150  150  151  151  151  152  152  153  154
  155  155  156  157  158  159  159  160  160  161  161  162  162  162  162  163
  165  166  166  166  168  168  168  164  164                                   
    85.0-180.0 180.0   5.0 450.0                            LAT/LON1/LON2/DLON/H
  178  185  175  183  187  185  185  185  186  187  188  188  189  189  188  188
  187  186  184  183  181  179  176  174  172  170  167  165  163  161  159  158
  156  155  154  153  153  152  152  152  153  153  154  154  155  156  157  158
  160  161  162  163  165  166  167  168  169  170  171  171  172  172  173  174
  176  177  176  179  174  174  172  170  178                                   
    82.5-180.0 180.0   5.0 450.0                            LAT/LON1/LON2/DLON/H
  186  185  191  190  191  191  191  193  195  196  196  197  197  197  197  195
  194  192  189  187  184  181  177  174  171  167  164  161  158  156  153  151
  150  148  147  146  146  146  146  146  147  148  149  150  151  153  154  156
  158  160  161  163  165  167  169  170  172  173  174  175  176  177  177  179
  180  181  179  180  183  173  173  167  186                                   
    80.0-180.0 180.0   5.0 450.0                            LAT/LON1/LON2/DLON/H
  190  191  187  189  191  193  197  199  202  202  203  204  204  203  202  200
  198  195  192  188  185  181  176  172  168  164  160  156  153  150  148  146
  144  143  143  143  143  144  144  145  147  148  150  152  154  156  158  160
  163  165  168  170  172  175  176  178  179  181  182  183  183  184  185  186
  186  185  183  184  191  183  187  175  190                                   
    77.5-180.0 180.0   5.0 450.0                            LAT/LON1/LON2/DLON/H
  193  189  189  194  191  195  200  203  205  206  206  207  206  205  203  200
  197  194  190  186  181  177  172  168  164  159  155  151  148  145  143  141
  140  140  140  141  143  145  146  148  150  153  155  157  160  162  165  168
  171  174  177  179  181  183  185  186  187  188  189  189  190  190  190  191
  191  191  186  187  192  186  186  183  193                                   
    75.0-180.0 180.0   5.0 450.0                            LAT/LON1/LON2/DLON/H
  194  189  188  196  193  196  201  203  206  206  206  206  205  203  200  196
  192  188  183  179  175  170  166  162  157  153  149  145  141  139  137  136
  136  137  139  141  144  147  150  153  156  159  161  164  167  170  173  176
  180  183  185  188  190  191  192  193  193  193  193  194  194  193  194  195
  194  193  190  184  187  185  185  187  194                                   
    72.5-180.0 180.0   5.0 450.0                            LAT/LON1/LON2/DLON/H
  189  190  192  197  196  198  202  205  207  207  207  206  204  201  197  192
  187  183  178  174  170  166  162  158  154  150  146  142  138  136  135  135
  136  139  142  146  151  155  159  163  166  169  172  175  178  182  185  188
  191  194  196  198  199  200  200  200  200  199  199  198  198  198  199  200
  199  199  197  192  191  186  185  189  189                                   
    70.0-180.0 180.0   5.0 450.0                            LAT/LON1/LON2/DLON/H
  194  191  193  198  197  198  202  204  207  207  206  205  202  198  193  187
  181  176  171  167  164  161  158  155  151  147  143  139  136  134  133  134
  136  140  145  150  156  161  165  169  173  176  179  182  185  189  193  196
  199  201  203  203  204  203  202  201  200  199  198  198  198  199  200  201
  201  201  199  195  195  191  190  192  194                                   
    67.5-180.0 180.0   5.0 450.0                            LAT/LON1/LON2/DLON/H
  196  193  194  198  196  197  199  201  204  204  203  202  199  194  188  182
  175  170  165  162  159  157  155  152  149  145  141  137  134  132  131  132
  135  140  145  151  157  162  167  171  174  177  180  183  187  191  194  198
  200  202  202  202  201  199  198  196  194  193  193  193  194  195  197  199
  199  200  199  195  196  191  191  195  196                                   
    65.0-180.0 180.0   5.0 450.0                            LAT/LON1/LON2/DLON/H
  199  195  195  198  195  195  196  198  200  200  200  199  196  191  185  179
  173  167  163  160  158  156  154  152  149  145  142  138  135  133  132  133
  136  141  146  152  157  162  166  169  171  174  177  181  185  189  193  196
  198  198  198  197  195  193  190  188  187  186  187  188  189  191  193  196
  197  198  197  194  196  193  194  198  199                                   
    62.5-180.0 180.0   5.0 450.0                            LAT/LON1/LON2/DLON/H
  204  200  199  200  196  194  194  195  197  197  197  197  195  191  185  179
  173  168  164  162  160  158  156  154  151  148  144  141  138  136  136  136
  139  142  147  151  156  159  161  163  165  167  170  175  180  184  188  191
  192  192  191  189  187  184  182  181  180  181  182  184  186  189  192  195
  196  197  196  193  196  194  197  200  204                                   
    60.0-180.0 180.0   5.0 450.0                            LAT/LON1/LON2/DLON/H
  209  205  204  203  198  195  193  192  194  194  194  194  193  190  186  181
  175  171  167  164  162  159  157  154  152  149  147  144  142  141  140  140
  141  143  145  148  151  152  153  154  155  157  161  166  172  177  181  184
  184  184  182  180  178  177  176  175  176  177  179  182  185  188  191  194
  195  195  195  192  195  195  198  202  209                                   
    57.5-180.0 180.0   5.0 450.0                            LAT/LON1/LON2/DLON/H
  215  212  211  209  203  198  194  192  192  191  191  191  191  189  186  182
  178  174  170  167  163  160  156  153  151  149  148  147  147  146  145  144
  143  143  143  144  145  144  144  143  144  146  151  157  164  170  174  176
  177  175  174  173  172  172  173  174  175  178  180  183  187  190  192  195
  196  196  195  192  195  195  199  203  215                                   
    55.0-180.0 180.0   5.0 450.0                            LAT/LON1/LON2/DLON/H
  222  219  219  216  211  204  199  195  193  190  188  188  188  187  185  182
  179  176  172  168  163  159  154  150  148  147  148  149  151  151  150  148
  145  143  141  140  139  137  136  134  135  137  143  150  157  164  168  170
  170  169  168  168  169  171  174  177  180  182  185  188  191  193  195  197
  198  197  196  193  196  197  201  205  222                                   
    52.5-180.0 180.0   5.0 450.0                            LAT/LON1/LON2/DLON/H
  228  228  228  226  221  214  208  201  197  191  187  186  185  184  183  181
  179  176  173  168  163  157  151  147  145  145  148  151  155  156  155  152
  147  143  139  136  135  133  131  129  129  132  137  145  153  160  165  167
  167  166  166  168  171  174  179  183  187  190  193  194  196  197  199  201
  201  200  199  196  199  199  204  208  228                                   
    50.0-180.0 180.0   5.0 450.0                            LAT/LON1/LON2/DLON/H
  235  237  237  236  233  226  220  211  205  196  190  186  184  183  181  180
  179  176  173  169  163  157  150  146  144  146  149  154  159  161  160  156
  150  144  139  136  134  133  131  129  128  130  136  144  152  159  164  166
  167  167  168  171  176  181  187  193  197  200  202  202  202  202  203  205
  205  206  205  202  205  204  209  213  235                                   
    47.5-180.0 180.0   5.0 450.0                            LAT/LON1/LON2/DLON/H
  241  245  246  247  246  240  234  225  216  205  196  190  186  184  182  180
  179  177  175  171  166  159  153  149  147  149  153  159  164  167  166  161
  154  147  142  140  138  137  135  133  132  133  138  146  154  161  166  169
  170  171  174  178  183  189  196  202  207  210  211  210  208  207  207  210
  211  213  214  212  213  212  216  220  241                                   
    45.0-180.0 180.0   5.0 450.0                            LAT/LON1/LON2/DLON/H
  247  252  253  256  258  254  249  240  230  217  206  198  192  188  185  183
  181  180  178  175  171  165  159  155  154  156  160  166  170  173  172  167
  160  154  149  147  146  146  144  142  140  140  144  151  159  166  171  174
  176  178  181  185  191  197  204  210  215  218  219  217  215  213  213  216
  220  224  226  224  226  223  225  229  247                                   
    42.5-180.0 180.0   5.0 450.0                            LAT/LON1/LON2/DLON/H
  253  259  259  263  267  265  262  254  244  231  219  210  202  196  192  189
  186  185  184  182  179  174  170  166  166  167  171  175  179  181  180  175
  169  163  158  157  158  158  156  153  150  149  152  157  165  172  177  181
  184  187  189  193  198  203  210  216  222  226  227  226  223  221  222  226
  232  238  242  241  242  237  239  242  253                                   
    40.0-180.0 180.0   5.0 450.0                            LAT/LON1/LON2/DLON/H
  262  267  266  270  275  273  272  265  257  245  233  223  215  208  203  197
  194  192  191  190  188  185  182  181  181  182  185  187  189  190  189  185
  180  174  171  170  171  171  170  166  161  159  160  165  171  178  184  189
  192  195  198  200  204  209  214  221  228  233  236  236  235  233  235  241
  248  257  263  262  262  256  256  258  262                                   
    37.5-180.0 180.0   5.0 450.0                            LAT/LON1/LON2/DLON/H
  274  278  275  278  283  281  280  275  269  258  247  239  231  223  216  209
  203  200  199  199  198  197  197  197  198  200  202  203  203  202  200  197
  193  188  184  183  184  184  182  177  171  168  168  171  177  184  190  195
  200  202  204  206  209  213  219  227  235  243  248  251  251  251  254  260
  270  281  288  287  287  279  278  279  274                                   
    35.0-180.0 180.0   5.0 450.0                            LAT/LON1/LON2/DLON/H
  292  294  290  290  292  289  288  284  280  271  262  255  247  239  231  222
  214  209  207  207  208  209  211  214  217  220  221  220  217  215  213  210
  205  201  197  195  195  194  191  185  179  175  174  177  181  188  194  200
  205  208  209  211  214  218  225  233  244  254  263  268  271  273  277  285
  296  308  316  316  315  307  304  303  292                                   
    32.5-180.0 180.0   5.0 450.0                            LAT/LON1/LON2/DLON/H
  315  317  312  308  307  302  300  296  292  285  278  272  265  257  246  235
  225  218  214  214  216  219  223  229  235  239  240  237  232  228  224  220
  216  210  205  202  200  198  194  188  182  179  178  180  184  189  196  202
  206  210  212  214  218  223  232  242  254  267  278  288  294  298  303  312
  324  337  346  347  345  338  334  331  315                                   
    30.0-180.0 180.0   5.0 450.0                            LAT/LON1/LON2/DLON/H
  344  346  340  333  329  322  317  312  309  303  298  292  285  276  263  249
  236  226  220  219  221  226  234  242  251  257  257  252  245  238  232  227
  220  213  206  201  197  193  189  185  181  179  179  180  183  188  193  199
  205  208  211  215  221  229  240  251  265  279  294  307  316  323  329  339
  351  365  376  378  376  370  365  361  344                                   
    27.5-180.0 180.0   5.0 450.0                            LAT/LON1/LON2/DLON/H
  376  380  374  364  357  348  342  336  333  327  322  316  308  297  282  265
  248  234  226  224  226  233  242  254  264  270  270  263  253  243  234  226
  217  208  198  191  185  181  178  175  175  175  177  178  180  183  187  193
  199  204  209  216  225  236  248  261  275  291  308  323  336  345  353  364
  377  392  404  408  407  402  397  392  376                                   
    25.0-180.0 180.0   5.0 450.0                            LAT/LON1/LON2/DLON/H
  407  414  408  399  389  381  374  368  365  359  352  345  336  323  305  284
  262  245  234  230  232  240  251  263  274  279  277  268  254  240  228  216
  204  193  181  172  166  163  161  162  165  169  172  173  173  175  178  184
  191  198  205  215  228  243  257  272  286  302  319  337  352  363  373  385
  399  415  429  435  434  432  427  421  407                                   
    22.5-180.0 180.0   5.0 450.0                            LAT/LON1/LON2/DLON/H
  436  445  441  432  422  415  409  405  402  396  389  381  370  354  333  308
  283  261  247  240  241  249  260  272  280  283  277  265  248  230  213  198
  184  170  159  150  145  143  144  148  154  160  164  165  165  164  167  173
  181  191  202  216  232  250  267  282  297  312  330  348  365  378  390  403
  418  436  451  458  458  456  452  446  436                                   
    20.0-180.0 180.0   5.0 450.0                            LAT/LON1/LON2/DLON/H
  458  468  466  459  451  447  444  441  440  435  428  420  408  391  367  339
  310  284  266  256  255  261  270  279  283  281  271  254  234  212  192  174
  158  145  135  129  126  125  128  134  142  151  155  156  154  153  156  162
  173  185  200  217  238  260  279  295  309  324  341  359  376  391  405  419
  436  454  469  477  476  475  473  468  458                                   
    17.5-180.0 180.0   5.0 450.0                            LAT/LON1/LON2/DLON/H
  472  482  481  477  472  471  471  472  473  471  465  458  447  429  404  374
  343  314  292  278  273  275  280  284  282  273  257  236  213  189  167  149
  134  123  116  113  112  113  117  124  133  141  146  146  143  142  145  153
  165  181  199  221  245  270  292  310  324  338  354  371  388  404  418  434
  452  470  486  493  491  488  489  484  472                                   
    15.0-180.0 180.0   5.0 450.0                            LAT/LON1/LON2/DLON/H
  481  489  487  484  483  485  487  492  496  495  493  488  478  461  437  408
  376  346  321  303  293  289  288  285  275  259  238  213  188  165  144  128
  116  109  106  105  106  108  112  118  125  132  135  134  132  131  135  145
  160  178  200  226  253  280  305  324  339  353  368  384  401  417  433  449
  467  485  500  506  502  498  501  498  481                                   
    12.5-180.0 180.0   5.0 450.0                            LAT/LON1/LON2/DLON/H
  488  492  489  486  486  489  492  498  503  505  505  503  496  481  459  432
  403  375  348  326  310  300  291  280  263  240  213  187  163  143  127  114
  107  104  104  106  108  109  111  115  120  123  124  123  121  121  126  137
  154  176  201  229  259  288  314  335  351  366  380  397  414  430  447  464
  482  500  513  518  512  507  512  511  488                                   
    10.0-180.0 180.0   5.0 450.0                            LAT/LON1/LON2/DLON/H
  498  499  492  486  486  486  488  492  497  499  500  500  495  482  463  440
  416  391  366  341  320  303  286  267  243  215  187  162  142  127  117  111
  108  108  111  114  115  115  115  115  116  115  114  111  109  111  117  130
  148  172  200  230  261  291  318  341  359  374  390  407  425  443  461  479
  497  513  525  529  522  517  523  525  498                                   
     7.5-180.0 180.0   5.0 450.0                            LAT/LON1/LON2/DLON/H
  513  513  502  491  487  483  480  480  481  482  482  482  477  465  448  429
  410  390  368  344  319  295  272  246  218  189  162  141  128  120  117  115
