data/edconvlstm_nd/pred2440.15i
     1.0            IONOSPHERE MAPS     GNSS                IONEX VERSION / TYPE
pyspatialgeodesy        IME             05-JAN-18 20:20     PGM / RUN BY / DATE 
Map Name                                                    COMMENT             
Predicted global ionosphere maps (GIM).                     DESCRIPTION         
  2015     9     1     0     0     0                        EPOCH OF FIRST MAP  
  2015     9     2     0     0     0                        EPOCH OF LAST MAP   
  7200                                                      INTERVAL            
    13                                                      # OF MAPS IN FILE   
  NONE                                                      MAPPING FUNCTION    
10.0                                                        ELEVATION CUTOFF    
One-way carrier phase leveled to code                       OBSERVABLES USED    
  6371.0                                                    BASE RADIUS         
 2                                                          MAP DIMENSION       
   450.0 450.0   0.0                                        HGT1 / HGT2 / DHGT  
    87.5 -87.5  -2.5                                        LAT1 / LAT2 / DLAT  
  -180.0 180.0   5.0                                        LON1 / LON2 / DLON  
    -1                                                      EXPONENT            
                                                            END OF HEADER       
[from data line 3861]
    10                                                      START OF TEC MAP    
  2015     9     1    18     0     0                        EPOCH OF CURRENT MAP
    87.5-180.0 180.0   5.0 450.0                            LAT/LON1/LON2/DLON/H
  126  128  121  126  128  126  125  123  123  125  124  125  125  126  127  127
  128  128  128  128  128  128  128  128  127  127  126  126  125  125  124  124
  124  123  123  123  123  123  123  124  124  125  125  126  126  127  128  129
  129  130  131  131  132  133  133  133  134  134  134  134  133  133  132  131
  131  130  128  125  133  128  139  134  126                                   
    85.0-180.0 180.0   5.0 450.0                            LAT/LON1/LON2/DLON/H
  129  127  135  122  120  124  123  125  125  127  127  128  129  130  131  132
  132  133  133  133  133  133  133  132  132  131  130  130  129  128  127  127
  126  126  125  125  125  125  125  125  126  126  127  128  129  130  131  132
  133  134  136  137  138  138  139  140  140  140  140  140  139  139  138  137
  137  135  130  126  126  122  126  125  129                                   
    82.5-180.0 180.0   5.0 450.0                            LAT/LON1/LON2/DLON/H
  112  113  115  108  108  111  114  115  115  118  119  122  123  125  127  128
  130  131  131  132  132  132  131  130  130  128  127  126  125  124  123  122
  121  120  119  118  118  117  117  117  117  118  119  120  121  122  124  125
  127  129  130  132  133  134  135  136  137  137  137  137  136  135  134  132
  131  128  124  122  120  124  116  112  112                                   
    80.0-180.0 180.0   5.0 450.0                            LAT/LON1/LON2/DLON/H
   95   94  101   96   95   95  100  104  107  110  113  117  120  123  126  128
  130  131  132  133  133  132  131  130  128  127  125  123  122  120  118  117
  115  113  112  110  109  108  107  107  107  107  107  108  109  111  112  114
  116  118  120  122  124  125  126  127  128  129  129  128  128  127  126  124
  123  120  117  115  108  106  101  104   95                                   
    77.5-180.0 180.0   5.0 450.0                            LAT/LON1/LON2/DLON/H
   92   87   91   88   89   91   95  100  103  108  111  117  121  126  130  133
  136  138  140  140  140  139  138  136  134  132  130  128  126  124  122  120
  117  115  113  110  108  106  104  102  101  100  100  100  101  102  103  104
  106  108  109  111  112  114  115  116  117  117  118  118  117  116  116  114
  113  110  108  107  105   98   97  102   92                                   
    75.0-180.0 180.0   5.0 450.0                            LAT/LON1/LON2/DLON/H
   85   84   85   84   87   91   94   99  104  111  115  122  127  132  137  141
  144  146  148  148  148  146  145  143  141  139  137  135  133  131  129  126
  123  120  117  114  111  107  104  101   99   97   96   95   95   95   95   96
   97   98   99  100  101  102  103  104  104  105  105  106  106  106  106  106
  105  104  103  100   98   94   92   87   85                                   
    72.5-180.0 180.0   5.0 450.0                            LAT/LON1/LON2/DLON/H
   82   83   84   88   89   93   99  103  107  114  119  126  132  138  143  147
  150  152  154  154  153  151  149  147  145  143  141  139  137  135  133  131
  128  125  121  117  113  108  104  100   96   93   91   89   87   86   85   84
   84   84   84   84   84   84   84   85   85   86   87   88   88   89   90   91
   92   92   93   90   89   89   90   90   82                                   
    70.0-180.0 180.0   5.0 450.0                            LAT/LON1/LON2/DLON/H
   82   85   86   90   91   96  100  106  111  118  124  131  136  142  147  151
  154  156  157  157  155  154  152  149  147  145  143  142  141  139  138  136
  133  129  125  121  115  110  105  100   96   92   88   85   82   80   78   76
   74   73   71   70   69   68   67   67   68   68   69   70   72   74   76   78
   79   81   84   84   85   87   91   91   82                                   
    67.5-180.0 180.0   5.0 450.0                            LAT/LON1/LON2/DLON/H
   83   89   92   97   99  104  109  115  120  126  132  138  143  148  153  156
  159  161  161  161  159  157  155  152  150  148  146  145  144  143  142  141
  138  135  130  125  120  115  109  104   99   94   90   87   83   80   76   73
   70   67   64   61   59   57   56   55   55   55   56   58   60   63   66   69
   71   74   77   78   79   84   87   88   83                                   
    65.0-180.0 180.0   5.0 450.0                            LAT/LON1/LON2/DLON/H
   81   90   93   99  101  107  113  119  124  130  135  141  145  150  153  157
  159  161  162  161  160  158  155  152  150  148  146  146  145  145  144  143
  141  137  133  128  123  117  112  106  102   97   93   88   84   80   76   72
   67   63   58   55   51   48   46   44   44   44   45   47   49   51   55   58
   61   65   69   71   75   81   86   88   81                                   
    62.5-180.0 180.0   5.0 450.0                            LAT/LON1/LON2/DLON/H
   79   89   94  100  104  110  117  123  128  133  137  141  145  149  153  156
  159  161  161  161  160  158  155  152  150  147  146  145  145  145  145  144
  142  139  134  129  124  119  114  110  105  101   97   92   88   83   78   73
   67   62   56   51   47   43   40   39   38   38   38   40   42   45   48   51
   54   57   61   64   67   73   79   81   79                                   
    60.0-180.0 180.0   5.0 450.0                            LAT/LON1/LON2/DLON/H
   75   86   92  100  104  111  118  124  128  133  136  140  143  146  150  153
  156  158  159  159  158  156  154  151  149  147  145  145  145  146  146  145
  143  140  136  131  126  122  118  114  110  106  102   98   93   87   82   75
   69   63   57   51   46   42   38   36   35   35   36   37   39   41   44   46
   48   51   54   56   60   66   72   75   75                                   
    57.5-180.0 180.0   5.0 450.0                            LAT/LON1/LON2/DLON/H
   71   82   90   99  105  112  120  125  129  132  134  137  140  143  146  150
  153  156  157  158  157  156  154  151  149  147  146  146  147  148  149  149
  147  144  139  135  131  127  124  120  117  114  109  105   99   93   87   80
   73   66   60   54   49   44   41   39   38   38   38   39   40   41   43   45
   46   47   49   51   54   59   65   69   71                                   
    55.0-180.0 180.0   5.0 450.0                            LAT/LON1/LON2/DLON/H
   69   81   90  100  107  116  124  129  132  133  134  135  137  139  142  146
  150  153  155  155  155  154  153  152  150  149  149  149  151  153  154  154
  152  149  145  141  137  134  131  129  126  122  118  112  106   99   92   85
   78   71   64   58   53   49   47   45   44   44   44   44   44   45   46   46
   46   47   48   48   51   55   60   64   69                                   
    52.5-180.0 180.0   5.0 450.0                            LAT/LON1/LON2/DLON/H
   71   82   93  105  113  123  131  136  137  137  136  135  135  137  139  143
  147  150  152  152  152  152  152  152  152  152  152  154  157  159  161  161
  160  156  152  149  146  143  141  139  136  132  126  120  112  105   97   90
   83   76   70   65   60   57   55   54   53   53   52   52   51   51   51   50
   50   49   50   49   52   54   59   63   71                                   
    50.0-180.0 180.0   5.0 450.0                            LAT/LON1/LON2/DLON/H
   76   88  100  113  123  134  142  147  147  146  142  139  137  137  139  142
  146  148  149  150  151  151  153  154  155  156  158  160  164  167  169  170
  168  165  161  158  156  154  152  150  146  141  135  127  119  111  103   95
   89   83   77   72   69   66   65   64   64   64   63   61   60   58   58   57
   55   55   55   54   56   58   62   65   76                                   
    47.5-180.0 180.0   5.0 450.0                            LAT/LON1/LON2/DLON/H
   84   96  109  123  134  146  155  160  160  158  152  148  143  141  142  144
  146  148  149  149  150  152  154  157  159  161  163  166  171  174  177  177
  176  173  170  168  167  166  164  161  156  150  143  135  126  117  109  102
   96   90   85   81   78   76   76   76   76   76   74   72   70   67   66   64
   63   62   62   62   63   65   68   70   84                                   
    45.0-180.0 180.0   5.0 450.0                            LAT/LON1/LON2/DLON/H
   93  106  119  134  146  159  168  174  174  172  166  160  154  150  148  148
  149  150  151  152  153  155  158  161  164  166  169  173  177  181  183  184
  183  181  179  178  178  177  175  171  166  159  152  143  134  125  117  110
  104   99   95   91   88   87   87   88   88   88   86   83   79   77   74   73
   71   71   71   70   72   73   76   77   93                                   
    42.5-180.0 180.0   5.0 450.0                            LAT/LON1/LON2/DLON/H
  101  114  127  143  155  168  178  185  187  187  182  175  168  162  158  156
  156  156  157  158  159  162  165  168  170  172  175  178  182  186  189  189
  189  188  188  189  189  188  185  181  174  167  160  151  142  134  126  119
  114  109  105  101   98   97   98   99   99   98   96   93   89   85   83   81
   80   79   79   79   80   81   83   84  101                                   
    40.0-180.0 180.0   5.0 450.0                            LAT/LON1/LON2/DLON/H
  104  118  131  146  159  173  183  193  198  200  197  191  184  176  170  167
  165  165  166  168  169  172  174  176  178  179  182  185  189  192  195  195
  195  196  198  200  202  201  196  190  183  176  168  160  151  143  135  128
  123  118  114  110  107  106  106  107  108  107  104  101   97   94   91   89
   87   86   86   85   86   87   88   88  104                                   
    37.5-180.0 180.0   5.0 450.0                            LAT/LON1/LON2/DLON/H
  104  118  131  145  158  172  183  195  203  209  210  206  199  191  184  179
  177  177  178  181  183  185  186  187  187  188  190  193  197  201  203  204
  206  208  212  215  217  214  208  200  192  184  176  169  160  151  143  136
  131  126  121  116  113  112  112  112  113  112  109  106  103  100   98   96
   93   92   91   89   89   89   90   90  104                                   
    35.0-180.0 180.0   5.0 450.0                            LAT/LON1/LON2/DLON/H
  100  114  127  140  153  166  179  193  205  214  219  219  214  206  198  192
  190  190  193  196  199  200  200  199  198  200  203  207  212  216  218  220
  222  226  231  235  235  230  221  210  200  192  184  176  167  158  149  142
  135  130  124  119  116  114  114  114  114  113  112  110  108  106  104  102
   98   95   93   90   89   89   88   90  100                                   
    32.5-180.0 180.0   5.0 450.0                            LAT/LON1/LON2/DLON/H
   95  109  122  133  145  159  172  187  202  215  224  228  226  220  212  206
  203  205  208  213  216  216  214  213  212  215  220  227  234  238  241  243
  246  251  256  259  256  248  235  221  209  199  191  182  172  162  152  144
  136  130  124  118  115  113  113  113  113  112  112  111  111  110  109  107
  102   98   95   91   88   87   86   88   95                                   
    30.0-180.0 180.0   5.0 450.0                            LAT/LON1/LON2/DLON/H
   91  105  117  127  139  151  165  181  198  214  226  233  235  231  225  220
  218  220  225  230  233  232  230  228  230  236  245  255  263  269  273  275
  278  282  286  286  280  266  249  231  217  206  196  186  174  162  151  142
  133  126  120  114  111  110  110  110  110  110  111  112  113  113  113  111
  106  101   97   91   88   85   84   87   91                                   
    27.5-180.0 180.0   5.0 450.0                            LAT/LON1/LON2/DLON/H
   91  104  116  124  135  146  160  175  194  212  227  237  242  242  238  234
  232  235  241  247  250  250  247  247  252  262  275  289  300  307  310  312
  314  317  318  314  302  283  261  240  223  211  199  187  174  160  148  137
  129  121  114  110  107  107  107  108  108  109  110  112  115  116  117  114
  109  104   99   93   90   86   84   88   91                                   
    25.0-180.0 180.0   5.0 450.0                            LAT/LON1/LON2/DLON/H
   96  107  117  125  135  146  159  174  192  210  226  239  247  251  250  248
  248  252  258  265  268  268  267  269  278  292  310  327  340  348  351  351
  352  352  349  340  323  298  271  247  228  214  201  187  172  157  144  133
  124  117  110  106  105  105  107  107  108  108  110  114  117  119  120  118
  112  108  102   97   94   89   87   91   96                                   
    22.5-180.0 180.0   5.0 450.0                            LAT/LON1/LON2/DLON/H
  103  113  122  129  139  150  162  176  193  210  227  241  252  259  262  263
  265  270  277  285  289  289  290  296  308  326  347  366  380  387  389  388
  386  382  375  361  338  309  278  253  233  218  203  188  172  156  143  132
  123  116  110  107  106  107  109  109  109  110  112  115  119  121  121  120
  115  111  106  101   99   94   91   96  103                                   
    20.0-180.0 180.0   5.0 450.0                            LAT/LON1/LON2/DLON/H
  112  121  129  137  147  158  171  183  198  214  229  244  258  268  274  278
  283  290  299  307  312  314  317  325  341  361  383  402  415  421  421  418
  413  406  394  375  348  316  284  258  238  222  207  191  174  159  146  136
  127  120  115  111  111  112  113  113  112  112  114  117  119  121  121  120
  116  114  110  106  105  100   97  102  112                                   
    17.5-180.0 180.0   5.0 450.0                            LAT/LON1/LON2/DLON/H
  120  129  135  145  156  168  182  193  206  220  234  250  265  278  287  295
  303  312  322  331  337  341  347  357  374  395  416  433  443  446  443  438
  430  420  405  383  355  322  291  265  246  230  215  198  182  167  155  146
  138  130  124  120  119  119  119  118  116  114  115  117  118  119  118  118
  115  115  112  109  109  104  101  107  120                                   
    15.0-180.0 180.0   5.0 450.0                            LAT/LON1/LON2/DLON/H
  124  133  139  151  164  178  193  204  217  229  243  258  274  288  301  312
  323  335  346  356  364  369  377  389  406  426  443  455  461  460  456  448
  438  425  409  387  359  328  299  276  257  242  226  210  194  180  170  161
  152  144  136  131  128  127  125  122  119  116  115  115  115  114  114  114
  113  114  112  110  110  106  102  108  124                                   
    12.5-180.0 180.0   5.0 450.0                            LAT/LON1/LON2/DLON/H
  123  132  140  154  169  185  202  214  227  240  253  268  284  300  315  329
  342  356  369  380  389  396  404  417  433  449  462  469  470  466  459  450
  439  426  410  389  363  336  311  290  272  256  240  224  209  196  186  178
  168  159  149  142  137  134  131  126  120  116  114  112  110  108  108  108
  109  111  110  107  107  103  100  107  123                                   
    10.0-180.0 180.0   5.0 450.0                            LAT/LON1/LON2/DLON/H
  117  128  136  152  170  188  207  221  236  250  264  280  295  311  327  343
  359  374  388  400  409  417  427  439  453  466  473  474  471  466  459  449
  438  425  409  391  370  347  326  307  289  272  254  238  223  211  201  192
  181  170  158  149  143  139  134  127  121  115  111  108  105  102  101  102
  104  107  106  103  102   99   95  103  117                                   
     7.5-180.0 180.0   5.0 450.0                            LAT/LON1/LON2/DLON/H
  110  121  132  149  169  189  211  227  244  260  276  292  307  322  338  354
  370  386  401  413  422  431  441  453  465  474  477  475  470  464  457  449
