data/edconvlstm_nd/pred0700.15i
     1.0            IONOSPHERE MAPS     GNSS                IONEX VERSION / TYPE
pyspatialgeodesy        IME             05-JAN-18 20:20     PGM / RUN BY / DATE 
Map Name                                                    COMMENT             
Predicted global ionosphere maps (GIM).                     DESCRIPTION         
  2015     3    11     0     0     0                        EPOCH OF FIRST MAP  
  2015     3    12     0     0     0                        EPOCH OF LAST MAP   
  7200                                                      INTERVAL            
    13                                                      # OF MAPS IN FILE   
  NONE                                                      MAPPING FUNCTION    
10.0                                                        ELEVATION CUTOFF    
One-way carrier phase leveled to code                       OBSERVABLES USED    
  6371.0                                                    BASE RADIUS         
 2                                                          MAP DIMENSION       
   450.0 450.0   0.0                                        HGT1 / HGT2 / DHGT  
    87.5 -87.5  -2.5                                        LAT1 / LAT2 / DLAT  
  -180.0 180.0   5.0                                        LON1 / LON2 / DLON  
    -1                                                      EXPONENT            
                                                            END OF HEADER       
[from data line 5148]
    13                                                      START OF TEC MAP    
  2015     3    12     0     0     0                        EPOCH OF CURRENT MAP
    87.5-180.0 180.0   5.0 450.0                            LAT/LON1/LON2/DLON/H
  146  153  163  154  153  155  155  155  158  159  161  163  165  166  167  167
  167  167  166  165  163  161  159  157  155  152  150  148  146  144  143  142
  141  140  140  140  140  141  141  142  143  143  144  145  146  147  147  148
  149  149  150  150  150  150  151  150  150  150  150  150  149  148  148  148
  148  148  147  147  142  140  148  158  146                                   
    85.0-180.0 180.0   5.0 450.0                            LAT/LON1/LON2/DLON/H
  154  151  138  143  147  151  151  153  156  158  161  164  166  168  169  170
  170  169  168  166  163  160  156  153  149  145  141  137  134  131  129  127
  126  126  126  126  127  129  130  132  134  136  137  139  141  142  144  145
  146  147  148  149  150  151  151  151  152  152  151  151  151  150  150  150
  150  149  149  150  142  146  153  162  154                                   
    82.5-180.0 180.0   5.0 450.0                            LAT/LON1/LON2/DLON/H
  143  136  141  141  144  148  148  152  158  161  165  170  174  177  179  180
  179  178  175  172  167  162  156  150  143  137  131  125  120  116  113  111
  109  109  110  111  113  116  118  121  124  127  130  132  134  136  138  139
  141  142  144  145  146  148  149  150  151  152  153  153  154  153  154  154
  153  151  151  148  144  134  143  150  143                                   
    80.0-180.0 180.0   5.0 450.0                            LAT/LON1/LON2/DLON/H
  141  131  129  129  133  138  144  150  158  163  170  177  183  188  191  192
  192  190  185  179  172  164  155  145  135  126  117  109  102   96   92   89
   88   89   91   94   97  101  106  110  114  117  120  122  123  125  125  126
  127  129  130  132  134  136  139  141  144  146  148  150  152  153  154  154
  153  150  150  147  150  140  151  163  141                                   
    77.5-180.0 180.0   5.0 450.0                            LAT/LON1/LON2/DLON/H
  148  132  128  134  132  136  143  152  161  169  178  187  195  201  205  207
  206  202  195  187  177  166  154  142  129  118  107   97   89   83   79   77
   77   78   82   86   91   97  102  107  112  115  117  117  117  117  116  115
  115  115  116  118  121  124  128  132  136  141  145  149  152  155  158  160
  160  159  159  156  158  156  160  180  148                                   
    75.0-180.0 180.0   5.0 450.0                            LAT/LON1/LON2/DLON/H
  162  141  136  141  138  140  144  153  163  171  181  191  200  206  210  211
  208  203  195  185  173  160  147  133  120  108   96   86   79   73   69   68
   69   72   76   82   88   95  101  106  110  112  112  111  108  105  102   99
   98   97   98  100  103  108  113  118  124  130  136  141  147  152  158  162
  164  166  169  162  165  170  172  195  162                                   
    72.5-180.0 180.0   5.0 450.0                            LAT/LON1/LON2/DLON/H
  171  158  153  153  147  146  149  155  165  173  182  192  200  205  207  205
  201  193  184  173  161  148  135  123  110   99   88   79   72   67   64   63
   65   68   73   79   85   92   97  102  105  105  104  100   96   91   86   82
   79   78   79   82   86   92   98  104  111  118  126  133  141  148  156  164
  168  173  179  176  179  185  190  214  171                                   
    70.0-180.0 180.0   5.0 450.0                            LAT/LON1/LON2/DLON/H
  192  179  172  171  162  159  158  162  171  177  185  193  199  202  201  198
  191  182  172  161  150  139  128  118  107   97   87   79   73   69   66   66
   67   70   74   79   84   89   94   98   99   98   96   91   85   79   73   68
   66   66   68   72   77   84   91   98  106  114  122  130  139  148  158  168
  176  183  192  193  200  209  214  235  192                                   
    67.5-180.0 180.0   5.0 450.0                            LAT/LON1/LON2/DLON/H
  212  204  193  189  179  172  168  169  175  179  185  191  196  196  193  187
  179  169  159  150  142  133  125  116  107   98   90   83   77   72   70   68
   68   69   71   73   77   80   83   86   87   85   82   77   71   65   60   56
   55   56   59   64   71   78   87   95  103  111  119  129  138  148  159  171
  181  191  202  205  217  227  233  255  212                                   
    65.0-180.0 180.0   5.0 450.0                            LAT/LON1/LON2/DLON/H
  228  221  209  205  193  184  177  175  178  181  185  190  193  191  187  179
  170  161  153  146  140  134  128  120  112  104   96   89   83   79   76   73
   71   69   67   67   67   69   71   72   73   72   70   65   60   55   51   48
   48   51   56   62   70   78   87   95  104  112  120  130  140  151  162  174
  185  196  208  214  226  237  248  271  228                                   
    62.5-180.0 180.0   5.0 450.0                            LAT/LON1/LON2/DLON/H
  238  233  222  217  205  195  184  181  182  182  186  189  191  189  184  176
  168  160  154  150  146  142  137  130  122  113  105   98   92   87   83   79
   74   69   65   61   59   59   60   61   63   63   61   58   54   49   46   45
   47   51   57   65   74   83   92  100  109  117  126  136  146  157  169  181
  191  201  214  220  229  241  254  278  238                                   
    60.0-180.0 180.0   5.0 450.0                            LAT/LON1/LON2/DLON/H
  243  239  231  225  215  203  191  185  184  183  185  188  189  187  183  177
  171  166  162  160  158  154  148  140  130  121  112  105  100   95   91   85
   79   72   65   59   55   53   54   55   58   59   58   56   52   49   47   47
   49   54   62   70   79   89   98  107  116  125  135  146  157  168  180  191
  200  209  220  225  232  241  255  281  243                                   
    57.5-180.0 180.0   5.0 450.0                            LAT/LON1/LON2/DLON/H
  247  245  239  234  225  213  200  193  189  186  185  187  188  187  184  181
  178  175  174  173  170  165  158  147  136  126  117  111  107  103   98   92
   85   76   68   61   57   55   55   57   60   62   62   60   57   54   52   53
   56   61   69   77   86   96  106  115  125  135  146  158  171  184  196  207
  215  222  231  236  239  244  258  284  247                                   
    55.0-180.0 180.0   5.0 450.0                            LAT/LON1/LON2/DLON/H
  256  256  251  246  239  228  215  205  199  192  189  188  188  187  187  186
  185  185  185  184  180  174  164  152  140  130  122  117  114  111  107  101
   93   84   76   69   65   64   65   67   70   72   72   70   67   65   63   64
   67   72   79   86   95  104  114  123  134  145  158  172  187  201  214  226
  233  240  249  252  254  255  266  292  256                                   
    52.5-180.0 180.0   5.0 450.0                            LAT/LON1/LON2/DLON/H
  272  275  269  265  261  251  238  226  216  205  198  193  191  191  191  192
  193  194  193  191  186  178  167  155  144  134  128  125  123  121  117  110
  102   94   87   82   79   79   81   83   86   87   87   85   82   79   78   79
   81   86   91   98  105  112  121  130  141  154  168  184  201  217  232  244
  253  260  269  273  275  275  282  306  272                                   
    50.0-180.0 180.0   5.0 450.0                            LAT/LON1/LON2/DLON/H
  296  301  294  291  290  282  269  256  242  226  214  205  200  198  198  199
  200  200  198  194  188  179  169  159  150  143  139  136  135  131  126  118
  109  102   96   94   94   96   99  101  103  103  103  101   98   96   95   96
   98  102  106  110  114  120  127  137  148  161  176  193  210  228  244  259
  269  278  289  294  299  300  305  326  296                                   
    47.5-180.0 180.0   5.0 450.0                            LAT/LON1/LON2/DLON/H
  323  332  324  324  324  319  308  293  277  256  238  225  216  211  209  208
  207  205  201  196  189  181  173  166  160  156  153  150  146  139  129  118
  109  103  101  102  106  110  113  115  117  117  117  115  114  113  113  115
  117  120  121  122  124  128  134  143  155  167  182  198  216  233  250  265
  277  289  303  310  321  327  333  349  323                                   
    45.0-180.0 180.0   5.0 450.0                            LAT/LON1/LON2/DLON/H
  350  362  357  358  359  357  349  335  317  293  270  252  239  230  225  222
  217  212  206  199  192  186  182  178  176  173  169  163  152  139  124  110
  100   96   98  104  111  117  121  123  125  126  127  127  127  128  130  133
  135  136  135  134  134  136  143  152  163  175  189  204  219  236  252  266
  279  293  308  319  336  348  358  371  350                                   
    42.5-180.0 180.0   5.0 450.0                            LAT/LON1/LON2/DLON/H
  371  389  386  388  390  390  385  375  357  333  308  286  269  258  249  241
  233  224  215  208  202  199  197  196  195  190  181  168  150  129  110   96
   88   87   93  103  112  120  124  126  128  130  133  135  138  140  144  147
  149  149  147  145  144  147  153  163  174  186  198  210  224  238  252  265
  277  291  308  323  344  361  376  386  371                                   
    40.0-180.0 180.0   5.0 450.0                            LAT/LON1/LON2/DLON/H
  388  409  409  410  412  413  411  404  390  368  344  322  305  291  279  267
  255  243  233  226  221  219  218  216  211  201  185  163  140  117   98   86
   81   85   94  106  116  122  125  127  130  133  138  142  146  149  153  157
  159  158  156  153  152  155  163  174  186  197  208  219  230  242  255  266
  277  290  308  325  347  368  387  397  388                                   
    37.5-180.0 180.0   5.0 450.0                            LAT/LON1/LON2/DLON/H
  401  426  427  426  428  428  426  422  411  393  373  355  340  326  313  299
  284  270  259  252  247  243  239  232  220  202  179  154  131  111   96   89
   89   96  107  118  126  130  132  132  135  139  143  148  152  155  159  161
  162  161  158  155  155  159  169  181  195  207  217  227  238  249  261  272
  282  295  313  329  351  374  394  406  401                                   
    35.0-180.0 180.0   5.0 450.0                            LAT/LON1/LON2/DLON/H
  418  445  447  442  443  441  436  432  424  410  395  382  370  359  346  331
  315  301  290  282  274  266  254  238  218  195  171  150  133  120  113  112
  116  124  135  143  148  148  146  144  145  148  152  155  157  158  159  160
  160  157  154  151  152  157  168  182  197  211  223  234  246  259  273  285
  295  307  325  341  361  384  404  418  418                                   
    32.5-180.0 180.0   5.0 450.0                            LAT/LON1/LON2/DLON/H
  445  474  477  468  466  460  450  443  436  424  412  403  396  387  376  361
  345  332  320  309  296  279  258  234  211  189  172  160  153  151  151  155
  163  172  180  183  181  175  169  164  163  163  163  163  161  159  158  156
  153  149  146  144  145  151  162  177  194  210  226  241  256  272  289  304
  316  329  347  360  382  403  421  440  445                                   
    30.0-180.0 180.0   5.0 450.0                            LAT/LON1/LON2/DLON/H
  488  520  523  511  506  494  479  466  456  443  432  425  419  412  401  387
  371  357  343  326  305  279  251  226  207  194  190  191  197  204  213  223
  233  239  241  235  224  211  199  190  185  181  176  171  166  160  155  150
  146  141  138  136  137  143  154  169  187  207  227  247  267  288  308  327
  344  360  378  390  415  436  451  473  488                                   
    27.5-180.0 180.0   5.0 450.0                            LAT/LON1/LON2/DLON/H
  548  581  586  575  566  550  528  509  493  476  462  453  447  439  427  411
  393  375  356  331  301  269  241  223  216  219  230  246  264  282  299  311
  318  317  308  290  269  248  231  218  208  198  188  179  169  161  154  147
  141  136  132  131  132  137  147  162  181  203  228  254  279  305  330  354
  376  398  417  428  459  483  497  523  548                                   
    25.0-180.0 180.0   5.0 450.0                            LAT/LON1/LON2/DLON/H
  620  653  665  658  645  626  599  573  550  528  508  494  484  473  457  437
  414  390  361  328  291  259  239  235  245  265  292  322  351  376  394  403
  401  389  366  336  305  278  257  240  225  211  196  183  172  162  153  145
  138  133  129  128  129  134  143  158  178  204  234  265  296  326  355  383
  411  438  459  473  508  540  560  591  620                                   
    22.5-180.0 180.0   5.0 450.0                            LAT/LON1/LON2/DLON/H
  697  726  748  750  734  714  685  655  627  599  573  552  536  519  498  472
  442  408  369  326  287  261  254  268  296  331  370  409  443  468  481  480
  466  441  406  365  326  294  270  251  233  215  198  183  172  162  154  145
  137  131  127  126  127  132  141  157  179  208  242  278  313  348  381  413
  445  476  501  520  557  599  632  669  697                                   
    20.0-180.0 180.0   5.0 450.0                            LAT/LON1/LON2/DLON/H
  768  790  822  833  817  799  773  745  716  684  653  626  604  581  554  521
  483  439  390  340  301  284  292  322  364  409  452  492  522  539  540  526
  499  463  417  368  324  291  267  248  229  211  193  180  170  163  155  146
  138  132  128  127  128  134  143  159  183  213  249  288  328  366  402  438
  474  509  537  562  601  648  696  740  768                                   
    17.5-180.0 180.0   5.0 450.0                            LAT/LON1/LON2/DLON/H
  820  833  872  890  878  866  849  828  802  772  740  710  684  658  628  591
  546  493  435  380  343  334  354  394  440  485  524  555  573  574  558  530
  493  447  393  340  297  267  248  232  216  200  186  176  170  166  159  151
  143  137  133  132  133  138  147  163  187  218  255  296  338  379  418  457
  495  532  564  594  631  678  735  787  820                                   
    15.0-180.0 180.0   5.0 450.0                            LAT/LON1/LON2/DLON/H
  838  848  891  911  905  903  897  886  870  847  819  792  768  744  715  678
  631  573  510  452  417  413  436  475  515  549  574  587  583  562  530  490
  444  391  336  287  253  233  221  211  200  188  179  174  172  170  166  158
  150  143  139  137  137  141  150  167  192  223  260  301  345  388  430  470
  509  546  580  613  649  690  749  802  838                                   
    12.5-180.0 180.0   5.0 450.0                            LAT/LON1/LON2/DLON/H
  827  838  881  903  902  908  912  914  909  896  878  860  844  827  805  775
  732  677  613  556  520  513  529  555  577  590  591  576  546  504  457  410
  361  313  268  233  213  204  201  196  189  182  177  175  176  176  172  164
  155  148  142  138  137  141  153  173  199  230  266  308  352  396  438  479
  518  554  589  623  656  692  744  792  827                                   
    10.0-180.0 180.0   5.0 450.0                            LAT/LON1/LON2/DLON/H
  801  817  858  878  879  890  902  913  919  917  911  904  899  894  883  864
  832  786  730  676  638  622  621  622  616  598  566  521  466  408  355  312
  277  246  220  203  197  196  197  194  189  184  181  181  182  181  176  166
  155  147  140  135  134  140  156  180  208  239  274  314  357  402  445  485
  523  557  593  627  658  689  732  771  801                                   
     7.5-180.0 180.0   5.0 450.0                            LAT/LON1/LON2/DLON/H
  779  799  835  850  853  866  881  897  910  916  919  923  929  936  937  931
  912  879  835  788  749  720  694  663  620  566  501  429  358  298  259  238
