data/edconvlstm_nd/pred0170.15i
     1.0            IONOSPHERE MAPS     GNSS                IONEX VERSION / TYPE
pyspatialgeodesy        IME             05-JAN-18 20:20     PGM / RUN BY / DATE 
Map Name                                                    COMMENT             
Predicted global ionosphere maps (GIM).                     DESCRIPTION         
  2015     1    17     0     0     0                        EPOCH OF FIRST MAP  
  2015     1    18     0     0     0                        EPOCH OF LAST MAP   
  7200                                                      INTERVAL            
    13                                                      # OF MAPS IN FILE   
  NONE                                                      MAPPING FUNCTION    
10.0                                                        ELEVATION CUTOFF    
One-way carrier phase leveled to code                       OBSERVABLES USED    
  6371.0                                                    BASE RADIUS         
 2                                                          MAP DIMENSION       
   450.0 450.0   0.0                                        HGT1 / HGT2 / DHGT  
    87.5 -87.5  -2.5                                        LAT1 / LAT2 / DLAT  
  -180.0 180.0   5.0                                        LON1 / LON2 / DLON  
    -1                                                      EXPONENT            
                                                            END OF HEADER       
[from data line 429]
     2                                                      START OF TEC MAP    
  2015     1    17     2     0     0                        EPOCH OF CURRENT MAP
    87.5-180.0 180.0   5.0 450.0                            LAT/LON1/LON2/DLON/H
   75   80   78   77   76   76   74   72   74   75   76   77   78   79   79   80
   80   79   79   78   78   77   76   76   75   75   74   74   74   74   74   74
   74   75   75   75   75   75   75   75   75   75   74   74   73   73   72   71
   71   70   69   68   68   67   67   66   66   65   65   64   64   64   63   64
   65   65   64   64   65   77   81   77   75                                   
    85.0-180.0 180.0   5.0 450.0                            LAT/LON1/LON2/DLON/H
   69   83   70   75   75   75   74   73   74   76   76   77   79   79   80   80
   80   80   80   79   78   77   77   76   75   74   74   74   74   74   75   76
   77   78   80   81   82   83   84   85   85   85   85   84   83   82   81   80
   78   77   75   74   73   71   70   69   69   68   68   67   67   67   67   68
   69   70   69   73   74   75   83   76   69                                   
    82.5-180.0 180.0   5.0 450.0                            LAT/LON1/LON2/DLON/H
   67   69   81   75   72   73   71   71   74   75   76   78   80   81   82   82
   82   82   81   79   78   76   74   72   71   70   69   68   68   69   70   72
   74   76   78   81   83   85   87   88   89   90   90   89   88   86   84   82
   80   77   75   73   71   69   67   66   65   65   64   65   65   65   66   68
   69   70   70   69   78   68   72   77   67                                   
    80.0-180.0 180.0   5.0 450.0                            LAT/LON1/LON2/DLON/H
   83   81   82   75   74   72   73   73   75   76   77   79   81   82   82   82
   82   80   79   76   74   71   67   65   62   60   58   57   57   58   59   61
   64   67   70   73   77   80   82   84   86   86   86   86   84   82   79   77
   73   70   67   65   62   60   59   58   58   59   60   61   63   65   67   70
   72   73   75   74   88   79   83   89   83                                   
    77.5-180.0 180.0   5.0 450.0                            LAT/LON1/LON2/DLON/H
   99   96   92   88   82   80   81   82   84   85   85   87   88   89   89   88
   87   84   81   78   74   70   65   61   57   54   52   50   50   50   52   54
   57   61   65   69   72   76   79   81   83   84   84   83   82   79   77   73
   70   67   63   61   58   57   56   56   57   59   62   65   69   72   77   82
   85   88   89   92  100   94   97  103   99                                   
    75.0-180.0 180.0   5.0 450.0                            LAT/LON1/LON2/DLON/H
  114  113  111  107   98   95   95   94   95   95   94   95   95   94   93   91
   88   85   81   77   72   68   63   58   54   51   48   46   46   46   47   49
   52   55   59   62   66   69   72   74   76   77   77   76   75   73   70   67
   63   60   57   55   53   53   53   55   58   62   66   72   77   83   90   97
  102  107  111  111  120  120  122  122  114                                   
    72.5-180.0 180.0   5.0 450.0                            LAT/LON1/LON2/DLON/H
  131  133  131  124  115  111  110  109  108  106  103  102  100   97   94   91
   87   83   79   75   71   66   62   58   55   52   49   48   47   48   49   50
   53   55   58   60   62   64   66   67   68   69   68   67   66   64   61   59
   56   53   51   50   49   51   53   57   61   67   74   81   89   97  106  115
  122  128  135  137  145  143  145  144  131                                   
    70.0-180.0 180.0   5.0 450.0                            LAT/LON1/LON2/DLON/H
  153  153  150  142  130  125  122  119  117  112  108  105  100   95   90   84
   79   74   71   67   64   61   59   56   54   52   51   50   50   50   51   52
   53   54   55   56   57   57   57   58   58   57   57   56   55   53   51   49
   47   46   45   45   47   50   55   61   68   75   83   92  101  110  119  130
  137  144  152  156  164  164  166  162  153                                   
    67.5-180.0 180.0   5.0 450.0                            LAT/LON1/LON2/DLON/H
  166  167  161  153  141  135  129  124  121  115  108  103   96   88   81   74
   68   63   60   57   55   54   53   52   51   50   49   49   49   49   49   49
   49   49   49   48   47   46   45   44   43   43   42   42   41   40   39   38
   37   37   37   40   44   49   56   65   74   83   92  102  111  119  128  138
  145  152  160  164  172  174  177  175  166                                   
    65.0-180.0 180.0   5.0 450.0                            LAT/LON1/LON2/DLON/H
  177  177  170  163  151  143  136  130  125  117  109  102   93   84   75   68
   61   57   54   53   52   52   52   52   52   51   50   50   49   49   48   47
   46   45   44   42   40   38   36   35   34   34   34   34   34   34   34   33
   33   34   36   40   46   54   64   75   86   97  107  116  125  132  140  147
  154  159  167  170  178  181  185  185  177                                   
    62.5-180.0 180.0   5.0 450.0                            LAT/LON1/LON2/DLON/H
  186  186  180  171  160  151  142  135  129  120  111  102   93   83   74   67
   61   57   55   55   55   55   56   56   55   54   53   51   50   48   47   45
   44   42   40   38   35   33   32   31   31   31   32   33   34   34   34   34
   34   36   39   44   53   63   75   88  101  113  124  133  141  148  153  159
  164  167  173  176  183  187  192  193  186                                   
    60.0-180.0 180.0   5.0 450.0                            LAT/LON1/LON2/DLON/H
  193  194  187  177  167  157  147  138  131  120  110  101   92   83   75   68
   64   61   60   60   60   60   60   59   57   55   52   50   48   45   44   42
   40   38   37   35   33   32   31   30   31   33   34   36   37   38   37   37
   37   39   43   49   59   71   85  100  115  128  139  149  157  163  168  172
  174  176  181  183  189  192  199  199  193                                   
    57.5-180.0 180.0   5.0 450.0                            LAT/LON1/LON2/DLON/H
  203  203  197  185  175  164  152  142  133  120  109  100   91   83   77   73
   70   69   68   67   66   65   63   60   56   53   49   46   43   41   39   38
   37   36   36   35   35   34   34   35   36   38   41   43   44   45   44   43
   43   44   48   55   65   79   95  111  127  141  154  165  173  180  184  188
  189  189  194  195  201  202  209  209  203                                   
    55.0-180.0 180.0   5.0 450.0                            LAT/LON1/LON2/DLON/H
  216  215  208  195  186  173  160  148  135  121  108   98   89   83   79   77
   76   75   74   73   70   67   63   58   54   50   46   42   39   37   35   35
   35   36   38   39   40   41   42   43   45   48   50   52   54   54   53   51
   50   51   54   61   72   87  103  120  137  152  166  178  188  196  202  206
  206  206  210  210  216  215  222  221  216                                   
    52.5-180.0 180.0   5.0 450.0                            LAT/LON1/LON2/DLON/H
  231  230  222  208  200  187  173  158  142  124  108   97   88   83   81   80
   80   79   78   75   71   66   61   57   52   48   45   41   38   36   36   36
   38   40   44   47   50   51   53   55   57   59   61   63   64   64   63   61
   60   60   63   70   81   95  112  130  146  162  177  190  202  211  218  223
  224  223  227  227  233  229  235  235  231                                   
    50.0-180.0 180.0   5.0 450.0                            LAT/LON1/LON2/DLON/H
  247  245  235  223  216  204  189  172  153  132  113   99   89   83   81   81
   81   80   78   74   70   65   62   58   55   52   49   46   44   42   41   42
   45   49   54   59   63   65   67   68   69   71   73   74   76   76   75   74
   72   72   74   81   92  106  123  140  156  171  186  200  213  224  232  238
  239  239  242  241  246  242  247  248  247                                   
    47.5-180.0 180.0   5.0 450.0                            LAT/LON1/LON2/DLON/H
  257  256  245  236  231  222  208  190  168  144  122  105   93   86   83   82
   81   79   76   72   69   67   66   65   64   63   61   58   55   53   51   52
   55   60   67   73   77   79   80   81   82   83   84   85   86   87   88   87
   86   86   89   95  106  120  135  151  166  181  195  208  221  232  241  246
  248  248  250  248  254  249  254  256  257                                   
    45.0-180.0 180.0   5.0 450.0                            LAT/LON1/LON2/DLON/H
  260  260  250  246  243  236  225  208  186  159  134  115  101   92   87   84
   81   79   76   73   72   73   76   78   80   80   78   75   72   68   65   65
   67   72   79   85   89   91   92   92   92   92   93   95   96   98  100  101
  101  101  104  111  121  135  150  164  177  190  202  214  225  235  242  248
  249  248  249  248  252  249  255  258  260                                   
    42.5-180.0 180.0   5.0 450.0                            LAT/LON1/LON2/DLON/H
  255  256  249  249  248  244  236  222  202  176  150  129  113  102   95   90
   86   82   80   79   82   86   91   96   99   99   97   93   88   83   79   77
   78   82   88   94   98   99   99   99   99  100  101  103  105  108  111  114
  115  116  120  127  137  151  164  177  188  198  208  218  227  235  241  245
  246  244  244  242  246  245  251  255  255                                   
    40.0-180.0 180.0   5.0 450.0                            LAT/LON1/LON2/DLON/H
  249  250  244  245  246  244  239  229  212  189  165  145  128  116  108  101
   97   93   92   93   98  104  111  116  118  117  113  107  101   95   89   85
   85   88   93   98  101  103  103  103  104  106  108  110  113  117  121  125
  127  129  133  141  152  165  178  190  200  208  216  223  230  236  242  246
  245  243  242  240  242  243  251  254  249                                   
    37.5-180.0 180.0   5.0 450.0                            LAT/LON1/LON2/DLON/H
  247  246  240  239  239  237  234  227  215  196  176  159  144  133  124  118
  113  110  110  114  119  126  131  133  132  127  120  113  107  101   95   91
   89   91   95   99  102  104  104  105  108  110  113  116  120  124  128  132
  135  138  143  151  163  177  190  202  211  219  226  233  240  246  252  257
  257  254  253  249  251  255  264  264  247                                   
    35.0-180.0 180.0   5.0 450.0                            LAT/LON1/LON2/DLON/H
  258  254  244  236  234  230  225  220  212  198  182  169  157  148  141  136
  133  132  133  137  142  146  147  143  136  126  118  111  106  102   98   95
   93   93   96   99  102  104  105  107  110  114  118  121  124  128  132  135
  138  141  146  156  169  185  199  212  222  232  240  249  258  267  276  283
  285  282  282  278  281  286  297  293  258                                   
    32.5-180.0 180.0   5.0 450.0                            LAT/LON1/LON2/DLON/H
  291  281  264  245  238  229  219  213  207  195  183  173  165  158  154  152
  151  152  154  158  160  159  153  142  130  118  109  104  103  103  102  100
   97   97   98  101  104  105  106  108  112  117  121  124  126  128  130  132
  134  137  144  155  171  188  205  220  233  246  258  271  284  298  312  325
  330  330  332  327  332  338  350  341  291                                   
    30.0-180.0 180.0   5.0 450.0                            LAT/LON1/LON2/DLON/H
  349  333  306  274  259  241  224  213  204  193  183  174  167  163  161  160
  161  164  167  168  166  159  147  132  118  105   99   98  101  106  108  108
  106  104  105  108  109  109  109  111  115  119  123  124  125  125  125  125
  126  130  138  151  169  189  209  227  245  262  281  300  320  342  364  383
  393  398  402  396  403  410  418  407  349                                   
    27.5-180.0 180.0   5.0 450.0                            LAT/LON1/LON2/DLON/H
  431  408  368  324  300  273  245  226  212  198  186  176  168  163  161  161
  162  164  166  164  157  146  132  118  105   97   94   98  106  115  121  122
  120  119  118  119  118  117  115  115  117  120  123  123  122  119  117  116
  116  120  131  147  169  192  215  238  261  285  311  337  366  396  427  455
  474  485  490  483  491  499  501  487  431                                   
    25.0-180.0 180.0   5.0 450.0                            LAT/LON1/LON2/DLON/H
  527  498  447  394  360  324  286  258  236  217  199  185  173  164  158  155
  154  153  151  146  137  126  115  106  100   97  100  108  121  134  143  146
  143  139  135  132  129  126  122  120  120  120  120  119  116  112  108  105
  106  113  126  146  171  199  226  254  283  315  348  383  419  457  496  532
  559  577  585  578  585  597  591  576  527                                   
    22.5-180.0 180.0   5.0 450.0                            LAT/LON1/LON2/DLON/H
  623  590  535  480  436  394  345  309  279  253  229  208  189  173  161  151
  144  137  130  122  114  107  104  105  108  112  119  132  148  164  174  175
  169  160  152  146  140  134  128  123  120  118  116  112  108  103   98   96
   99  108  125  149  178  210  242  275  311  350  389  430  471  514  558  600
  633  655  664  661  664  683  679  666  623                                   
    20.0-180.0 180.0   5.0 450.0                            LAT/LON1/LON2/DLON/H
  703  670  621  572  520  474  419  376  339  307  276  248  221  197  175  157
  141  127  115  106  101  102  110  122  134  145  156  169  186  201  209  205
  194  179  167  158  150  141  133  125  119  114  110  105   99   94   90   89
   93  106  126  155  188  224  260  299  340  383  427  470  514  559  605  647
  681  703  711  712  713  738  745  737  703                                   
    17.5-180.0 180.0   5.0 450.0                            LAT/LON1/LON2/DLON/H
  755  723  688  652  599  555  499  453  412  375  338  304  270  238  207  178
  153  132  117  108  109  119  137  160  180  195  207  218  229  238  239  230
  213  194  179  166  155  145  135  126  117  110  103   97   92   86   83   84
   91  107  131  163  199  238  279  321  365  411  455  498  541  585  628  666
  696  714  722  726  726  754  773  775  755                                   
    15.0-180.0 180.0   5.0 450.0                            LAT/LON1/LON2/DLON/H
  770  744  728  707  661  623  574  531  490  451  411  372  333  294  255  218
  185  159  143  137  143  162  189  219  244  259  265  266  267  266  259  244
  223  201  183  168  156  145  135  125  115  107   99   92   86   82   79   82
   92  110  137  172  211  252  295  339  384  429  471  512  552  590  627  658
  681  692  698  706  709  732  759  772  770                                   
    12.5-180.0 180.0   5.0 450.0                            LAT/LON1/LON2/DLON/H
  749  734  737  731  699  671  632  596  561  525  486  447  406  363  319  276
  239  211  195  194  206  230  263  295  318  324  317  303  291  278  264  245
  222  200  181  165  153  143  133  124  115  106   98   91   85   80   79   83
   95  116  145  180  220  263  307  352  396  438  477  514  548  579  607  628
  643  649  654  665  669  686  716  738  749                                   
    10.0-180.0 180.0   5.0 450.0                            LAT/LON1/LON2/DLON/H
  707  704  720  726  711  695  667  641  614  585  552  517  479  436  391  347
  309  283  271  274  291  317  349  374  384  373  348  320  295  275  257  236
  214  193  175  161  150  141  133  125  117  108  100   93   87   82   82   87
  100  122  152  188  228  271  315  359  402  440  475  505  533  557  577  590
  598  600  605  618  622  635  664  688  707                                   
     7.5-180.0 180.0   5.0 450.0                            LAT/LON1/LON2/DLON/H
  666  669  689  700  699  692  676  660  643  623  598  571  539  503  461  420
  386  364  357  364  382  406  427  437  426  395  355  316  285  263  244  225
