data/edconvlstm_nd/pred2670.15i
     1.0            IONOSPHERE MAPS     GNSS                IONEX VERSION / TYPE
pyspatialgeodesy        IME             05-JAN-18 20:20     PGM / RUN BY / DATE 
Map Name                                                    COMMENT             
Predicted global ionosphere maps (GIM).                     DESCRIPTION         
  2015     9    24     0     0     0                        EPOCH OF FIRST MAP  
  2015     9    25     0     0     0                        EPOCH OF LAST MAP   
  7200                                                      INTERVAL            
    13                                                      # OF MAPS IN FILE   
  NONE                                                      MAPPING FUNCTION    
10.0                                                        ELEVATION CUTOFF    
One-way carrier phase leveled to code                       OBSERVABLES USED    
  6371.0                                                    BASE RADIUS         
 2                                                          MAP DIMENSION       
   450.0 450.0   0.0                                        HGT1 / HGT2 / DHGT  
    87.5 -87.5  -2.5                                        LAT1 / LAT2 / DLAT  
  -180.0 180.0   5.0                                        LON1 / LON2 / DLON  
    -1                                                      EXPONENT            
                                                            END OF HEADER       
[from data line 1716]
     5                                                      START OF TEC MAP    
  2015     9    24     8     0     0                        EPOCH OF CURRENT MAP
    87.5-180.0 180.0   5.0 450.0                            LAT/LON1/LON2/DLON/H
   80   87   85   90   89   89   87   83   82   83   82   81   80   80   79   78
   78   77   77   76   76   76   76   76   76   76   77   77   77   78   78   79
   79   79   80   80   81   81   82   82   82   83   83   84   84   84   85   85
   85   85   84   84   84   83   83   83   82   82   82   81   81   81   81   81
   82   84   82   82   86   89   98   97   80                                   
    85.0-180.0 180.0   5.0 450.0                            LAT/LON1/LON2/DLON/H
   79   95   98   93   93   96   94   92   91   91   89   89   87   86   85   84
   84   83   83   83   83   83   84   84   85   86   86   87   88   89   89   90
   91   91   92   93   94   95   96   96   97   98   99   99   99  100  100  100
  100   99   99   99   98   97   96   96   95   94   94   93   92   92   91   92
   93   94   90   89   88   94  101  100   79                                   
    82.5-180.0 180.0   5.0 450.0                            LAT/LON1/LON2/DLON/H
   82   93  100   93   90   92   91   88   87   86   83   82   80   78   76   75
   74   73   73   73   74   75   75   77   78   79   80   81   83   84   86   87
   89   90   92   93   95   97   99  101  103  105  106  108  109  110  110  110
  110  110  109  108  107  106  104  103  101  100   98   97   95   94   93   92
   93   92   89   87   90   93   91   91   82                                   
    80.0-180.0 180.0   5.0 450.0                            LAT/LON1/LON2/DLON/H
   86   89   94   89   89   87   85   82   81   78   74   72   69   66   64   62
   61   61   61   62   63   65   66   68   70   72   74   76   78   80   82   84
   86   88   91   93   96   99  102  105  108  111  113  116  118  120  121  122
  122  121  120  119  117  115  113  111  108  106  103  101   98   96   93   92
   91   89   87   86   87   91   94   90   86                                   
    77.5-180.0 180.0   5.0 450.0                            LAT/LON1/LON2/DLON/H
   86   86   88   84   81   83   80   78   76   72   66   63   59   56   53   52
   52   52   53   55   57   60   62   64   66   69   71   73   75   77   80   82
   85   88   91   94   98  101  105  110  114  118  123  127  130  133  136  137
  138  138  137  136  134  131  128  125  121  118  114  110  106  102   98   95
   92   89   85   84   83   79   81   82   86                                   
    75.0-180.0 180.0   5.0 450.0                            LAT/LON1/LON2/DLON/H
   75   77   75   74   73   75   73   69   66   62   56   53   48   45   43   42
   42   44   46   48   51   54   57   60   62   64   66   68   71   73   76   78
   82   85   88   92   96  100  105  110  116  122  128  133  138  142  146  148
  149  150  149  148  146  143  140  136  132  127  122  118  113  108  103   99
   94   89   84   78   76   72   72   71   75                                   
    72.5-180.0 180.0   5.0 450.0                            LAT/LON1/LON2/DLON/H
   68   68   67   66   66   70   69   66   62   58   52   48   44   41   39   39
   40   42   45   48   52   55   58   60   62   64   65   67   69   71   74   77
   81   84   88   93   97  102  108  115  122  129  136  143  149  154  158  161
  162  163  163  161  159  156  153  149  145  140  135  129  124  118  113  107
  102   95   90   82   76   70   66   67   68                                   
    70.0-180.0 180.0   5.0 450.0                            LAT/LON1/LON2/DLON/H
   65   59   61   59   60   61   60   59   56   52   47   44   40   38   37   38
   39   42   46   49   53   56   59   61   62   62   63   64   66   68   71   75
   79   83   87   91   96  102  108  116  124  132  141  148  155  161  165  167
  169  169  169  167  165  163  159  156  151  147  142  137  131  126  120  115
  108  100   95   85   77   68   66   67   65                                   
    67.5-180.0 180.0   5.0 450.0                            LAT/LON1/LON2/DLON/H
   57   51   52   52   53   54   55   54   52   49   45   43   40   39   38   40
   42   46   50   54   57   60   61   61   61   60   60   60   61   64   67   71
   75   79   83   88   93   99  106  114  123  132  141  149  155  160  164  166
  167  167  166  165  163  161  158  155  151  147  143  138  134  129  124  119
  113  105   99   88   78   68   63   63   57                                   
    65.0-180.0 180.0   5.0 450.0                            LAT/LON1/LON2/DLON/H
   56   48   47   48   48   49   50   50   49   48   45   44   42   42   43   45
   48   52   56   59   62   63   63   62   60   58   57   57   58   61   64   69
   73   78   83   88   93   99  107  116  125  135  144  152  157  161  163  164
  164  164  163  163  162  160  158  155  152  148  144  141  137  133  129  125
  120  113  107   96   85   74   67   67   56                                   
    62.5-180.0 180.0   5.0 450.0                            LAT/LON1/LON2/DLON/H
   57   47   46   45   45   46   47   47   47   46   45   45   45   45   47   50
   53   57   60   63   64   64   62   60   57   55   53   53   54   57   61   67
   72   77   83   88   94  101  109  118  128  138  147  154  158  161  161  161
  160  159  159  159  159  158  157  154  151  148  144  141  138  135  132  129
  125  119  114  103   92   80   73   73   57                                   
    60.0-180.0 180.0   5.0 450.0                            LAT/LON1/LON2/DLON/H
   62   51   47   45   43   43   43   43   43   43   43   44   45   47   49   52
   55   58   61   62   61   60   57   54   51   49   48   48   50   53   58   64
   70   76   82   88   95  102  111  121  131  141  149  155  158  159  158  156
  155  155  156  157  158  158  157  154  151  147  144  141  138  135  132  130
  127  122  119  110  100   88   80   78   62                                   
    57.5-180.0 180.0   5.0 450.0                            LAT/LON1/LON2/DLON/H
   70   59   54   49   46   43   42   40   40   40   41   43   45   47   50   52
   55   57   58   58   56   54   51   49   46   44   43   44   47   51   57   64
   71   78   85   92   99  108  117  127  138  147  155  160  162  161  159  157
  157  158  160  162  164  164  163  160  156  152  148  145  142  139  136  134
  131  127  125  118  109   98   89   86   70                                   
    55.0-180.0 180.0   5.0 450.0                            LAT/LON1/LON2/DLON/H
   81   70   63   57   51   46   42   39   38   38   39   41   43   45   48   50
   52   53   53   52   50   48   45   43   42   41   41   42   45   50   57   64
   72   81   89   97  106  115  125  135  146  155  162  166  167  166  164  163
  163  165  168  172  174  174  172  168  164  159  155  151  148  145  141  139
  136  132  131  125  118  108   99   94   81                                   
    52.5-180.0 180.0   5.0 450.0                            LAT/LON1/LON2/DLON/H
   92   83   76   67   59   53   46   41   39   38   38   40   41   43   45   46
   47   48   48   47   45   43   42   40   40   40   41   43   46   51   58   66
   76   85   95  105  115  125  135  146  156  165  171  175  176  175  174  173
  175  178  181  185  187  186  183  178  173  168  164  160  157  154  150  147
  143  139  138  132  126  117  109  103   92                                   
    50.0-180.0 180.0   5.0 450.0                            LAT/LON1/LON2/DLON/H
  102   95   88   79   70   62   53   46   42   40   39   40   41   41   42   43
   44   44   44   44   43   42   41   41   41   42   43   45   49   54   61   70
   80   92  104  115  127  137  148  158  167  175  182  186  187  187  186  187
  189  192  196  198  199  196  192  186  181  176  172  170  167  164  160  156
  152  147  145  139  134  125  118  111  102                                   
    47.5-180.0 180.0   5.0 450.0                            LAT/LON1/LON2/DLON/H
  110  104   97   89   80   72   62   53   48   44   42   42   42   42   41   41
   42   43   43   43   43   43   44   45   46   47   48   50   52   57   64   73
   85   99  113  126  139  151  161  170  179  187  193  197  199  200  201  202
  204  207  209  209  207  202  196  190  184  180  177  176  176  174  170  167
  162  156  153  146  139  131  125  118  110                                   
    45.0-180.0 180.0   5.0 450.0                            LAT/LON1/LON2/DLON/H
  113  108  102   96   87   80   71   62   56   51   49   48   46   44   43   42
   42   43   44   45   47   48   50   51   53   54   54   54   56   60   67   77
   90  106  122  137  151  163  173  182  190  197  204  208  211  213  214  216
  218  219  218  215  210  203  196  189  183  181  180  180  181  181  179  176
  171  164  159  151  143  135  129  124  113                                   
    42.5-180.0 180.0   5.0 450.0                            LAT/LON1/LON2/DLON/H
  112  106  101   98   90   85   78   71   65   60   57   55   53   50   47   45
   45   46   48   50   53   55   58   59   60   60   60   59   59   62   69   80
   95  112  130  147  162  175  185  193  200  207  214  219  222  225  227  229
  229  228  225  218  210  202  193  187  183  181  181  183  185  186  185  183
  178  172  165  155  146  137  130  127  112                                   
    40.0-180.0 180.0   5.0 450.0                            LAT/LON1/LON2/DLON/H
  108  101   96   94   88   86   81   76   72   69   66   65   61   58   54   52
   51   52   55   58   61   64   66   67   67   66   64   62   61   64   71   83
   99  117  136  155  171  184  194  201  209  216  222  228  233  236  238  240
  240  237  231  223  213  204  197  191  187  186  186  187  189  190  189  188
  184  178  171  160  149  137  130  128  108                                   
    37.5-180.0 180.0   5.0 450.0                            LAT/LON1/LON2/DLON/H
  103   93   88   87   83   82   81   79   77   75   74   73   71   68   64   62
   60   61   64   67   70   73   74   74   73   70   67   64   63   66   74   86
  102  121  141  160  177  190  200  208  215  223  231  237  243  247  250  253
  253  250  244  236  227  219  212  208  204  202  200  198  197  196  194  193
  190  184  177  165  153  139  130  127  103                                   
    35.0-180.0 180.0   5.0 450.0                            LAT/LON1/LON2/DLON/H
  101   88   80   79   75   75   76   77   78   78   78   80   79   78   75   73
   71   72   74   76   79   80   81   79   77   73   69   66   66   69   77   90
  107  125  145  164  180  193  204  212  220  229  238  246  253  259  265  269
  272  271  267  261  255  250  246  242  238  233  227  221  214  208  203  200
  197  191  184  172  159  142  132  126  101                                   
    32.5-180.0 180.0   5.0 450.0                            LAT/LON1/LON2/DLON/H
  103   87   77   73   69   69   71   74   76   77   80   83   85   86   86   84
   83   82   83   85   86   87   86   84   80   75   71   69   69   73   81   94
  111  129  148  166  182  195  206  215  225  235  246  256  265  274  283  291
  298  301  302  301  299  298  296  293  288  280  269  256  242  228  218  211
  207  201  194  183  170  150  138  129  103                                   
    30.0-180.0 180.0   5.0 450.0                            LAT/LON1/LON2/DLON/H
  112   94   82   74   69   67   69   71   74   75   79   84   88   92   93   94
   93   92   92   92   93   92   91   88   83   79   74   72   73   77   87  100
  115  132  150  167  182  196  207  218  229  241  254  267  279  291  305  318
  330  340  348  353  357  360  361  358  351  339  322  302  280  258  240  228
  221  214  209  197  185  163  151  137  112                                   
    27.5-180.0 180.0   5.0 450.0                            LAT/LON1/LON2/DLON/H
  128  111   96   84   77   73   72   72   74   74   77   82   88   94   98  100
  101  100   99   98   98   97   95   92   88   83   78   76   77   82   92  105
  120  136  152  168  183  197  210  222  235  249  264  279  294  311  329  348
  367  385  399  411  422  429  432  429  420  404  382  356  325  295  269  251
  240  232  227  215  204  181  170  152  128                                   
    25.0-180.0 180.0   5.0 450.0                            LAT/LON1/LON2/DLON/H
  151  134  119  103   95   88   84   81   80   77   78   82   87   94  100  104
  105  105  103  102  101  100   99   97   93   88   83   80   81   87   97  110
  125  140  155  170  185  200  214  228  242  258  274  292  310  331  354  379
  405  429  451  470  485  496  501  497  485  466  441  410  374  337  304  280
  264  254  249  236  227  204  194  174  151                                   
    22.5-180.0 180.0   5.0 450.0                            LAT/LON1/LON2/DLON/H
  178  163  148  130  120  110  104   97   92   86   83   84   88   94  100  104
  106  106  105  103  103  103  103  102   99   94   88   84   85   90  101  114
  129  144  159  174  189  205  221  236  252  268  286  306  328  352  379  408
  438  468  494  517  535  548  552  547  534  515  489  456  419  378  341  312
  291  280  273  260  252  230  221  200  178                                   
    20.0-180.0 180.0   5.0 450.0                            LAT/LON1/LON2/DLON/H
  208  194  180  161  150  137  128  118  110  101   94   90   91   95  100  104
  106  106  104  103  102  103  105  106  104   99   92   87   87   92  103  117
  132  148  163  178  195  212  229  246  263  280  300  321  345  371  400  432
  463  493  519  541  559  571  574  569  557  540  517  489  454  414  376  344
  321  308  300  286  278  257  248  229  208                                   
    17.5-180.0 180.0   5.0 450.0                            LAT/LON1/LON2/DLON/H
  236  223  212  192  180  165  154  142  132  120  109  102   99   99  102  105
  106  105  102  101  100  102  105  108  107  102   95   89   87   92  103  118
  134  150  166  183  201  219  238  256  274  293  313  336  361  388  417  447
  475  500  521  539  552  561  563  560  551  539  524  503  475  441  405  374
  351  337  328  313  304  284  274  256  236                                   
    15.0-180.0 180.0   5.0 450.0                            LAT/LON1/LON2/DLON/H
  261  249  240  221  207  190  178  166  155  141  128  117  111  108  108  108
  107  105  102   99   98  100  104  108  109  104   97   89   87   91  102  118
  135  152  170  188  207  226  245  265  284  304  326  349  374  400  427  452
  474  490  503  513  520  525  528  527  524  520  513  501  482  456  427  400
  378  364  354  339  328  309  298  282  261                                   
    12.5-180.0 180.0   5.0 450.0                            LAT/LON1/LON2/DLON/H
  283  270  262  244  229  211  198  186  175  162  148  136  126  121  118  115
  112  108  102   98   95   97  102  108  110  106   98   90   87   91  102  117
  135  153  172  191  210  230  250  271  292  313  336  359  384  408  431  450
  463  471  474  476  479  482  485  488  490  492  493  489  479  462  441  419
  400  387  377  363  350  332  320  305  283                                   
    10.0-180.0 180.0   5.0 450.0                            LAT/LON1/LON2/DLON/H
  301  287  279  261  246  226  213  202  193  181  168  155  144  136  131  126
  120  113  106   99   95   96  102  108  111  108  100   91   88   91  102  117
  134  153  172  191  210  230  250  272  295  318  342  366  389  412  431  444
  451  451  449  446  446  448  453  458  465  471  476  477  473  463  448  432
  417  406  396  382  369  351  339  325  301                                   
     7.5-180.0 180.0   5.0 450.0                            LAT/LON1/LON2/DLON/H
  316  302  293  275  258  238  224  214  206  197  185  172  162  153  146  138
  130  121  111  102   97   97  102  109  113  110  102   94   90   93  102  117
