data/edconvlstm_nd/pred0230.15i
     1.0            IONOSPHERE MAPS     GNSS                IONEX VERSION / TYPE
pyspatialgeodesy        IME             05-JAN-18 20:20     PGM / RUN BY / DATE 
Map Name                                                    COMMENT             
Predicted global ionosphere maps (GIM).                     DESCRIPTION         
  2015     1    23     0     0     0                        EPOCH OF FIRST MAP  
  2015     1    24     0     0     0                        EPOCH OF LAST MAP   
  7200                                                      INTERVAL            
    13                                                      # OF MAPS IN FILE   
  NONE                                                      MAPPING FUNCTION    
10.0                                                        ELEVATION CUTOFF    
One-way carrier phase leveled to code                       OBSERVABLES USED    
  6371.0                                                    BASE RADIUS         
 2                                                          MAP DIMENSION       
   450.0 450.0   0.0                                        HGT1 / HGT2 / DHGT  
    87.5 -87.5  -2.5                                        LAT1 / LAT2 / DLAT  
  -180.0 180.0   5.0                                        LON1 / LON2 / DLON  
    -1                                                      EXPONENT            
                                                            END OF HEADER       
[from data line 3432]
     9                                                      START OF TEC MAP    
  2015     1    23    16     0     0                        EPOCH OF CURRENT MAP
    87.5-180.0 180.0   5.0 450.0                            LAT/LON1/LON2/DLON/H
   68   74   72   72   76   74   74   70   71   74   74   75   76   77   78   80
   81   82   83   84   86   87   87   88   89   90   90   91   91   92   92   93
   93   94   94   95   95   95   96   96   97   97   97   98   98   98   98   98
   98   97   97   97   96   95   94   93   92   91   89   88   87   85   83   82
   81   80   75   71   74   71   86   87   68                                   
    85.0-180.0 180.0   5.0 450.0                            LAT/LON1/LON2/DLON/H
   71   70   81   61   62   65   64   66   66   69   69   70   71   72   74   75
   77   78   80   81   83   84   86   87   88   89   90   91   92   92   93   93
   93   94   94   95   95   95   96   96   96   97   97   97   97   97   97   96
   96   96   95   94   93   92   91   90   88   87   85   83   82   80   78   77
   76   73   67   61   63   62   72   70   71                                   
    82.5-180.0 180.0   5.0 450.0                            LAT/LON1/LON2/DLON/H
   52   56   61   49   51   54   56   56   56   58   59   61   61   63   64   65
   67   69   70   72   74   76   78   79   81   82   83   84   85   85   86   86
   86   87   87   88   88   88   88   89   89   89   90   90   90   90   90   90
   90   89   89   88   87   86   84   83   81   80   78   76   74   73   71   69
   68   65   60   56   58   63   58   56   52                                   
    80.0-180.0 180.0   5.0 450.0                            LAT/LON1/LON2/DLON/H
   37   39   49   40   40   39   43   44   45   47   48   49   50   51   52   53
   55   57   59   62   64   67   69   71   73   74   75   76   76   77   77   77
   77   77   77   77   77   77   77   77   77   78   78   78   79   79   80   80
   80   80   80   79   79   78   76   75   73   72   70   68   67   65   63   61
   59   57   53   51   48   51   49   52   37                                   
    77.5-180.0 180.0   5.0 450.0                            LAT/LON1/LON2/DLON/H
   43   42   45   39   39   40   43   44   45   46   45   46   46   47   47   49
   50   52   55   59   62   66   69   71   73   75   75   75   75   75   74   74
   74   73   73   72   72   71   70   69   69   68   68   69   70   71   72   73
   74   75   75   76   75   75   74   74   73   72   71   70   68   67   65   63
   62   59   57   54   52   49   49   53   43                                   
    75.0-180.0 180.0   5.0 450.0                            LAT/LON1/LON2/DLON/H
   41   44   45   43   43   45   47   48   49   50   49   49   48   48   47   48
   50   52   56   61   66   71   75   79   81   83   83   82   81   79   78   77
   75   74   73   72   70   68   66   64   63   61   61   61   62   64   65   67
   69   71   72   72   73   73   73   73   73   73   72   72   72   71   70   69
   68   66   64   59   58   53   51   48   41                                   
    72.5-180.0 180.0   5.0 450.0                            LAT/LON1/LON2/DLON/H
   52   54   54   55   53   56   58   59   58   57   55   55   53   51   51   51
   53   57   62   69   77   84   90   95   98   99   98   96   93   90   88   85
   83   81   79   76   73   69   65   61   57   55   53   52   53   55   57   59
   62   64   65   66   67   68   68   69   70   71   72   73   74   74   74   74
   73   72   71   67   64   61   59   58   52                                   
    70.0-180.0 180.0   5.0 450.0                            LAT/LON1/LON2/DLON/H
   60   63   64   64   63   64   65   66   66   66   64   62   60   58   57   58
   60   66   74   84   95  105  114  121  124  125  123  120  115  111  108  104
  101   98   95   90   85   78   72   65   59   54   51   49   49   51   53   55
   58   59   61   62   62   63   64   65   67   69   71   73   74   76   77   77
   77   76   76   73   71   68   69   67   60                                   
    67.5-180.0 180.0   5.0 450.0                            LAT/LON1/LON2/DLON/H
   69   72   73   74   73   74   75   76   75   74   72   71   69   67   66   68
   72   80   91  104  118  132  143  151  155  156  153  149  144  139  134  130
  127  122  117  111  102   93   83   74   65   58   53   50   49   50   51   53
   55   56   56   57   57   58   59   61   64   66   69   71   73   75   76   77
   78   77   78   75   73   71   69   68   69                                   
    65.0-180.0 180.0   5.0 450.0                            LAT/LON1/LON2/DLON/H
   70   74   75   77   77   78   77   78   78   78   77   77   76   75   76   79
   85   96  109  126  143  159  172  182  187  188  185  181  176  171  166  162
  158  153  145  136  125  112   99   86   75   66   59   55   52   52   52   52
   52   52   51   51   51   51   53   55   58   61   63   66   67   69   70   71
   72   73   75   73   72   71   70   69   70                                   
    62.5-180.0 180.0   5.0 450.0                            LAT/LON1/LON2/DLON/H
   67   71   72   76   76   77   76   76   76   77   77   79   80   82   85   90
   99  111  127  146  164  182  196  207  213  215  213  210  206  202  198  194
  189  182  172  160  146  130  114   99   86   76   68   62   58   56   54   52
   51   49   47   45   45   45   47   49   52   55   57   58   59   60   61   62
   63   64   67   65   65   63   62   63   67                                   
    60.0-180.0 180.0   5.0 450.0                            LAT/LON1/LON2/DLON/H
   58   63   66   70   70   70   68   68   68   70   73   77   81   86   92  100
  111  125  142  161  180  197  212  223  230  233  234  233  231  228  225  221
  215  206  195  180  163  145  128  112   98   87   78   71   66   61   57   54
   50   46   43   41   40   41   43   45   47   49   50   51   50   50   50   51
   52   54   57   56   56   54   54   55   58                                   
    57.5-180.0 180.0   5.0 450.0                            LAT/LON1/LON2/DLON/H
   49   55   58   63   64   63   61   60   60   63   68   74   81   89   98  110
  123  139  156  174  191  207  220  231  239  244  248  250  251  251  249  245
  239  228  214  198  179  161  143  127  114  102   93   85   77   71   65   59
   53   48   45   42   41   42   44   46   48   49   49   47   46   44   44   44
   46   48   51   50   50   47   46   49   49                                   
    55.0-180.0 180.0   5.0 450.0                            LAT/LON1/LON2/DLON/H
   43   50   54   59   60   59   56   54   55   58   64   72   82   93  105  120
  135  152  168  184  198  211  223  234  242  250  256  261  265  267  267  264
  257  245  230  212  193  174  157  142  129  118  109   99   90   82   73   66
   59   53   49   47   46   47   49   51   52   53   51   49   46   44   43   44
   45   48   51   50   49   45   43   46   43                                   
    52.5-180.0 180.0   5.0 450.0                            LAT/LON1/LON2/DLON/H
   42   49   53   59   59   58   55   53   53   57   64   74   85   98  113  130
  148  165  181  194  205  215  225  235  245  254  262  270  276  281  281  278
  270  258  242  224  205  188  171  158  146  135  125  114  104   93   83   74
   67   62   58   56   56   57   59   61   61   61   58   55   52   49   48   49
   51   55   59   58   55   49   45   47   42                                   
    50.0-180.0 180.0   5.0 450.0                            LAT/LON1/LON2/DLON/H
   47   53   57   63   63   63   59   57   58   62   70   80   91  106  122  142
  161  179  194  205  214  222  231  241  251  261  271  280  287  292  292  288
  280  267  252  234  217  200  186  173  161  150  139  127  115  104   93   84
   77   73   70   69   69   71   72   73   73   72   69   65   62   59   59   60
   63   67   71   71   67   59   52   53   47                                   
    47.5-180.0 180.0   5.0 450.0                            LAT/LON1/LON2/DLON/H
   58   62   65   70   71   71   68   66   68   73   81   91  102  117  134  155
  176  195  209  219  227  235  243  254  265  275  284  292  297  300  299  294
  284  272  258  243  227  213  199  186  174  162  150  137  124  112  102   94
   88   84   82   82   83   84   86   86   85   83   80   77   73   71   72   73
   76   81   85   86   82   73   65   62   58                                   
    45.0-180.0 180.0   5.0 450.0                            LAT/LON1/LON2/DLON/H
   70   72   74   79   79   80   78   78   81   88   97  106  117  130  148  168
  190  210  225  236  245  254  264  275  286  295  301  305  306  305  300  293
  284  273  261  249  236  223  210  196  183  170  157  143  130  119  109  102
   98   95   94   94   95   96   97   97   95   93   90   86   84   83   83   85
   87   92   96   98   96   87   79   74   70                                   
    42.5-180.0 180.0   5.0 450.0                            LAT/LON1/LON2/DLON/H
   81   80   82   86   87   89   88   90   95  105  114  124  134  146  162  182
  204  225  242  255  266  277  289  301  311  317  318  315  311  304  297  288
  280  271  263  254  244  232  218  204  189  174  160  146  133  123  115  109
  105  103  102  102  103  103  104  103  101   98   95   93   91   91   91   92
   93   96  100  103  104   97   90   85   81                                   
    40.0-180.0 180.0   5.0 450.0                            LAT/LON1/LON2/DLON/H
   88   85   85   90   91   93   95   99  107  119  130  141  150  161  176  195
  217  239  257  273  287  300  314  326  334  335  330  321  311  301  292  283
  276  270  265  260  252  240  225  209  193  177  162  148  136  126  119  115
  111  109  107  106  106  106  106  105  102   99   97   95   94   93   93   93
   92   94   97  101  103  100   95   92   88                                   
    37.5-180.0 180.0   5.0 450.0                            LAT/LON1/LON2/DLON/H
   88   84   84   89   91   94   97  103  114  128  142  155  165  175  189  207
  228  250  271  288  305  320  334  344  348  345  335  323  310  299  290  283
  278  275  273  269  262  250  233  215  197  180  165  151  140  131  125  121
  117  114  111  108  107  107  106  104  101   98   95   93   92   92   91   89
   87   86   89   92   96   95   92   92   88                                   
    35.0-180.0 180.0   5.0 450.0                            LAT/LON1/LON2/DLON/H
   83   79   79   85   87   90   94  102  115  132  149  165  177  188  201  218
  239  261  281  301  318  333  345  352  352  346  335  323  312  304  299  295
  293  291  290  286  277  263  244  224  205  188  173  160  149  140  135  130
  125  120  115  111  109  108  106  104  100   96   92   90   89   88   87   85
   81   79   79   81   86   86   84   88   83                                   
    32.5-180.0 180.0   5.0 450.0                            LAT/LON1/LON2/DLON/H
   76   72   73   79   82   84   89   98  113  132  152  170  185  198  212  229
  248  270  290  309  325  338  346  348  346  340  332  326  322  322  322  323
  322  321  318  311  299  281  261  240  221  204  189  176  165  157  150  145
  139  132  125  120  116  114  112  108  103   97   92   89   88   88   88   85
   81   77   76   75   78   77   76   81   76                                   
    30.0-180.0 180.0   5.0 450.0                            LAT/LON1/LON2/DLON/H
   69   66   68   73   78   79   85   93  109  129  151  173  191  207  222  239
  258  278  298  315  328  336  338  338  335  333  333  337  345  355  363  368
  369  365  358  346  328  307  285  263  245  228  214  201  189  181  174  167
  160  151  143  136  132  128  125  119  112  105   99   95   94   94   95   94
   89   85   82   78   78   73   71   76   69                                   
    27.5-180.0 180.0   5.0 450.0                            LAT/LON1/LON2/DLON/H
   68   65   66   71   76   77   82   90  105  126  150  174  196  215  232  249
  267  286  304  319  327  330  328  325  325  330  342  359  381  403  420  430
  430  421  407  388  365  341  317  296  278  262  248  234  222  212  204  197
  188  179  170  162  157  152  146  138  129  120  112  108  107  110  113  113
  110  106  100   93   87   77   71   73   68                                   
    25.0-180.0 180.0   5.0 450.0                            LAT/LON1/LON2/DLON/H
   73   68   67   72   77   78   84   91  106  126  151  177  201  222  242  260
  277  295  311  322  326  324  320  318  323  338  363  395  430  464  488  500
  498  483  460  433  405  379  355  335  318  302  287  272  259  248  240  232
  223  213  204  196  189  183  175  165  153  142  133  129  130  134  139  143
  141  138  130  120  107   90   78   75   73                                   
    22.5-180.0 180.0   5.0 450.0                            LAT/LON1/LON2/DLON/H
   85   76   73   76   81   82   89   96  111  131  156  182  208  231  252  270
  287  303  317  326  327  323  319  321  335  361  398  442  488  529  558  569
  562  539  508  475  444  416  394  375  358  342  326  310  296  285  276  268
  260  251  242  234  226  218  208  196  182  169  160  156  157  163  171  177
  177  176  166  154  134  109   90   81   85                                   
    20.0-180.0 180.0   5.0 450.0                            LAT/LON1/LON2/DLON/H
  102   88   80   81   86   89   97  105  121  142  166  193  219  243  265  283
  299  313  325  332  332  329  329  339  362  399  445  497  548  590  617  624
  610  580  543  507  475  449  428  410  393  376  358  341  327  316  307  300
  292  285  277  269  261  251  239  225  210  197  187  183  186  192  202  209
  211  211  200  188  163  131  107   92  102                                   
    17.5-180.0 180.0   5.0 450.0                            LAT/LON1/LON2/DLON/H
  120  100   87   88   91   95  105  116  134  157  182  209  235  259  281  298
  313  325  335  341  344  345  352  372  405  450  501  553  600  636  656  656
  635  602  563  528  499  475  456  438  419  399  380  363  349  338  329  322
  315  308  301  294  285  275  262  248  233  220  211  207  210  217  226  233
  235  236  225  214  187  151  125  107  120                                   
    15.0-180.0 180.0   5.0 450.0                            LAT/LON1/LON2/DLON/H
  133  109   93   92   95  100  113  127  149  176  203  230  256  280  301  317
  330  341  349  356  361  370  388  419  461  510  558  601  636  660  668  661
  637  604  570  539  515  495  477  457  436  413  393  376  362  350  340  331
  323  317  310  303  295  285  273  260  247  235  227  224  227  232  239  243
  244  244  234  225  200  165  140  122  133                                   
    12.5-180.0 180.0   5.0 450.0                            LAT/LON1/LON2/DLON/H
  139  113   96   94   95  101  117  136  164  194  225  254  280  305  325  341
  352  361  368  376  386  404  433  474  521  568  607  635  653  660  657  644
  622  595  568  545  527  511  492  470  445  420  398  381  367  353  341  329
  319  311  304  298  291  283  274  264  253  243  236  233  234  237  240  240
  237  235  226  219  198  171  149  133  139                                   
    10.0-180.0 180.0   5.0 450.0                            LAT/LON1/LON2/DLON/H
  136  110   94   91   92   99  117  141  174  210  245  277  305  330  351  367
  377  384  391  400  416  442  481  529  578  617  642  651  648  640  629  615
  598  580  563  548  536  522  503  477  449  422  399  382  367  351  335  319
  306  297  289  283  278  273  268  262  255  246  239  235  233  233  231  226
  219  214  205  200  186  166  151  138  136                                   
     7.5-180.0 180.0   5.0 450.0                            LAT/LON1/LON2/DLON/H
  126  103   88   85   86   93  114  142  180  221  260  296  327  354  376  392
  402  409  416  427  447  480  525  576  621  649  656  646  628  610  595  585
