data/edconvlstm_nd/pred2570.15i
     1.0            IONOSPHERE MAPS     GNSS                IONEX VERSION / TYPE
pyspatialgeodesy        IME             05-JAN-18 20:20     PGM / RUN BY / DATE 
Map Name                                                    COMMENT             
Predicted global ionosphere maps (GIM).                     DESCRIPTION         
  2015     9    14     0     0     0                        EPOCH OF FIRST MAP  
  2015     9    15     0     0     0                        EPOCH OF LAST MAP   
  7200                                                      INTERVAL            
    13                                                      # OF MAPS IN FILE   
  NONE                                                      MAPPING FUNCTION    
10.0                                                        ELEVATION CUTOFF    
One-way carrier phase leveled to code                       OBSERVABLES USED    
  6371.0                                                    BASE RADIUS         
 2                                                          MAP DIMENSION       
   450.0 450.0   0.0                                        HGT1 / HGT2 / DHGT  
    87.5 -87.5  -2.5                                        LAT1 / LAT2 / DLAT  
  -180.0 180.0   5.0                                        LON1 / LON2 / DLON  
    -1                                                      EXPONENT            
                                                            END OF HEADER       
[from data line 858]
     3                                                      START OF TEC MAP    
  2015     9    14     4     0     0                        EPOCH OF CURRENT MAP
    87.5-180.0 180.0   5.0 450.0                            LAT/LON1/LON2/DLON/H
   78   83   81   85   85   85   83   80   81   82   82   83   83   84   84   84
   84   84   83   83   82   81   80   79   78   78   77   76   75   74   74   73
   73   72   72   72   72   72   72   72   72   72   73   73   74   74   75   75
   76   76   77   77   78   78   78   79   79   79   79   79   79   78   78   79
   80   80   78   78   83   90   95   83   78                                   
    85.0-180.0 180.0   5.0 450.0                            LAT/LON1/LON2/DLON/H
   74   90   82   86   89   89   88   88   88   89   88   89   89   89   89   89
   88   87   87   86   85   84   83   82   80   79   79   78   77   77   76   76
   76   76   76   76   77   77   77   78   79   79   80   81   82   82   83   84
   85   86   87   88   88   89   89   90   90   90   91   91   90   90   90   90
   91   91   88   89   90   92   99   87   74                                   
    82.5-180.0 180.0   5.0 450.0                            LAT/LON1/LON2/DLON/H
   79   84   95   89   89   91   91   91   92   92   91   92   92   92   91   91
   90   88   87   85   84   82   80   79   77   76   75   74   73   73   73   73
   73   73   74   75   75   76   77   78   79   81   82   83   85   86   88   89
   91   92   94   95   96   97   98   99   99  100  100  100  100   99   98   98
   98   98   94   93  100   91   89   84   79                                   
    80.0-180.0 180.0   5.0 450.0                            LAT/LON1/LON2/DLON/H
   89   88   88   82   85   85   87   87   88   89   87   88   88   88   87   86
   84   83   81   79   77   75   72   70   69   67   66   65   65   65   65   65
   66   67   68   69   70   71   72   74   75   77   78   80   82   84   86   88
   90   92   94   96   97   99  100  101  102  103  103  103  102  102  101  100
  100   97   96   95  103   98   97   87   89                                   
    77.5-180.0 180.0   5.0 450.0                            LAT/LON1/LON2/DLON/H
   89   89   83   80   78   81   85   86   87   87   86   86   86   85   84   83
   81   79   77   74   72   70   67   65   63   61   60   59   59   59   59   60
   61   62   63   65   66   67   69   70   72   74   76   78   80   83   86   88
   91   94   96   98  100  102  104  105  106  107  107  107  106  105  104  103
  102  100   96   97   99   90   90   86   89                                   
    75.0-180.0 180.0   5.0 450.0                            LAT/LON1/LON2/DLON/H
   81   82   76   74   71   75   77   78   79   79   78   78   77   76   75   73
   71   69   67   64   62   59   57   55   53   51   50   49   49   50   50   51
   53   54   55   56   57   58   59   60   62   64   66   69   72   76   79   82
   85   87   90   92   95   97   99  100  102  103  103  103  103  102  101  100
   97   96   93   89   92   87   86   84   81                                   
    72.5-180.0 180.0   5.0 450.0                            LAT/LON1/LON2/DLON/H
   78   81   76   72   71   74   77   79   79   79   77   77   76   74   72   70
   68   65   63   61   59   57   54   52   50   49   48   47   48   48   49   50
   51   52   53   54   54   55   56   57   59   62   65   69   73   77   81   84
   87   90   93   95   97   99  101  103  105  106  107  107  107  106  105  104
  102  100  100   97   96   91   87   86   78                                   
    70.0-180.0 180.0   5.0 450.0                            LAT/LON1/LON2/DLON/H
   82   82   78   73   70   72   75   76   77   76   74   74   71   68   66   63
   61   59   57   56   54   52   50   48   46   45   45   45   45   46   47   48
   49   49   49   49   49   49   50   51   54   57   62   67   72   76   81   85
   88   90   93   95   97   99  101  103  105  106  107  108  108  107  106  106
  104  102  102  101  100   96   94   91   82                                   
    67.5-180.0 180.0   5.0 450.0                            LAT/LON1/LON2/DLON/H
   83   82   77   71   67   68   69   70   71   70   68   67   64   60   57   55
   52   51   49   48   47   46   44   43   41   40   40   40   41   41   42   43
   43   43   42   41   40   40   41   42   46   50   56   62   68   74   79   82
   85   88   89   91   93   94   96   98  100  102  103  104  104  104  103  103
  102  101  102  101  102   99   96   93   83                                   
    65.0-180.0 180.0   5.0 450.0                            LAT/LON1/LON2/DLON/H
   86   84   78   70   65   65   66   66   67   66   63   62   59   55   52   49
   47   46   45   44   43   42   41   39   39   38   38   39   39   40   40   40
   39   38   37   35   34   33   34   36   40   46   53   61   68   74   80   84
   86   88   89   90   92   93   95   98  100  102  103  104  105  104  104  104
  103  102  104  103  105  103  101   98   86                                   
    62.5-180.0 180.0   5.0 450.0                            LAT/LON1/LON2/DLON/H
   90   87   80   71   65   64   64   63   64   62   60   59   56   53   49   47
   45   43   42   41   40   39   38   38   37   37   38   39   39   39   39   38
   37   35   33   31   30   29   30   33   38   45   53   62   70   77   83   87
   89   90   91   92   94   95   97   99  102  104  106  108  108  108  107  107
  106  105  107  106  108  106  106  103   90                                   
    60.0-180.0 180.0   5.0 450.0                            LAT/LON1/LON2/DLON/H
   94   90   84   73   65   62   61   59   59   58   56   55   52   50   47   45
   43   41   40   39   38   36   35   35   35   36   37   38   38   38   38   36
   34   32   30   28   27   26   27   30   36   44   53   63   72   79   85   88
   91   92   93   95   96   98  100  102  105  107  110  112  113  113  112  111
  109  108  109  108  110  109  108  106   94                                   
    57.5-180.0 180.0   5.0 450.0                            LAT/LON1/LON2/DLON/H
  100   96   89   77   68   64   61   58   56   54   52   51   50   48   46   45
   43   41   40   38   36   35   33   33   33   34   36   37   38   38   37   35
   33   32   30   28   27   26   28   31   37   46   55   65   75   82   88   91
   94   96   98  100  102  104  106  108  111  114  116  119  120  121  120  119
  116  113  113  112  113  111  111  109  100                                   
    55.0-180.0 180.0   5.0 450.0                            LAT/LON1/LON2/DLON/H
  106  103   96   84   75   69   65   59   55   51   48   48   47   46   46   45
   44   42   40   38   35   33   32   31   32   34   36   37   38   38   37   35
   34   32   31   30   30   30   31   34   40   48   58   68   77   84   90   94
   97  100  103  106  109  112  114  116  118  120  123  126  129  130  129  128
  124  119  118  115  116  114  114  113  106                                   
    52.5-180.0 180.0   5.0 450.0                            LAT/LON1/LON2/DLON/H
  113  111  105   94   85   78   72   64   57   51   46   45   45   45   46   46
   45   43   41   38   36   33   32   31   32   34   37   39   40   39   38   37
   36   36   36   36   36   36   37   39   45   52   61   71   79   86   92   97
  102  107  111  115  119  121  123  124  125  128  130  134  137  138  138  137
  133  127  125  120  120  118  118  116  113                                   
    50.0-180.0 180.0   5.0 450.0                            LAT/LON1/LON2/DLON/H
  120  119  114  105   97   90   83   73   63   54   47   45   45   46   47   48
   47   46   43   41   38   36   34   34   35   37   40   42   43   42   41   40
   40   41   42   43   43   43   44   46   50   57   65   74   82   89   96  102
  109  115  121  126  130  132  133  133  133  134  137  140  143  146  146  145
  141  136  132  126  126  122  122  121  120                                   
    47.5-180.0 180.0   5.0 450.0                            LAT/LON1/LON2/DLON/H
  125  126  121  115  109  103   96   85   73   61   52   48   47   48   49   50
   50   48   46   44   42   41   40   40   41   42   44   46   46   46   45   45
   45   47   49   51   52   52   52   53   56   62   70   78   86   93  101  109
  117  125  132  138  142  143  143  142  140  140  141  144  148  151  152  152
  149  144  139  133  131  127  127  125  125                                   
    45.0-180.0 180.0   5.0 450.0                            LAT/LON1/LON2/DLON/H
  128  130  125  121  118  114  108   97   84   70   59   54   52   52   52   53
   53   52   50   49   48   47   47   47   48   49   50   51   50   50   49   49
   50   52   55   57   58   58   58   59   62   67   74   82   90   99  108  117
  127  135  143  149  153  154  153  150  147  145  145  148  151  154  156  157
  155  151  147  140  138  133  131  129  128                                   
    42.5-180.0 180.0   5.0 450.0                            LAT/LON1/LON2/DLON/H
  128  129  125  123  122  121  117  108   95   81   70   63   59   58   58   57
   57   56   55   55   55   56   56   56   56   55   55   55   54   53   52   52
   53   55   59   61   63   63   63   64   67   73   80   88   97  106  116  126
  136  145  153  159  163  164  163  159  155  152  151  152  154  157  159  162
  161  158  155  149  145  138  136  132  128                                   
    40.0-180.0 180.0   5.0 450.0                            LAT/LON1/LON2/DLON/H
  127  127  121  120  120  121  120  114  104   91   80   74   69   66   65   63
   62   61   61   62   63   64   64   64   63   61   59   58   56   55   53   53
   55   57   60   63   64   65   65   67   71   78   86   94  103  113  124  135
  145  154  161  167  171  174  173  170  165  161  160  160  162  164  166  168
  168  167  164  158  153  145  141  137  127                                   
    37.5-180.0 180.0   5.0 450.0                            LAT/LON1/LON2/DLON/H
  128  125  117  115  115  117  119  115  109   99   90   84   79   76   73   70
   69   68   68   68   70   71   71   70   68   65   62   60   57   55   54   54
   55   57   60   62   64   65   66   69   75   83   92  101  110  120  130  141
  151  160  167  174  180  184  186  184  180  177  175  175  176  177  178  180
  180  179  177  171  165  155  150  145  128                                   
    35.0-180.0 180.0   5.0 450.0                            LAT/LON1/LON2/DLON/H
  136  128  118  112  110  112  114  113  110  103   97   93   88   84   81   78
   76   75   75   75   76   77   76   75   71   68   64   61   59   57   55   55
   55   57   59   61   63   64   67   71   78   87   97  106  115  125  135  146
  156  165  173  181  190  197  202  203  202  200  199  199  199  200  199  200
  199  197  193  187  180  169  163  157  136                                   
    32.5-180.0 180.0   5.0 450.0                            LAT/LON1/LON2/DLON/H
  152  141  128  118  112  110  111  109  108  104  101   98   95   91   88   86
   84   83   82   81   80   80   79   77   74   70   66   63   61   59   57   56
   56   57   59   61   62   64   67   72   80   90  100  110  118  128  138  148
  158  168  178  189  201  213  222  227  228  229  230  231  232  231  230  228
  224  220  216  208  201  188  184  176  152                                   
    30.0-180.0 180.0   5.0 450.0                            LAT/LON1/LON2/DLON/H
  182  168  152  136  124  117  113  110  108  104  102  101   98   95   93   92
   91   90   88   85   83   82   80   78   75   72   69   67   65   63   61   60
   59   60   60   61   63   65   68   73   81   91  102  111  120  128  138  149
  160  171  183  198  215  232  245  254  259  262  265  268  270  270  268  264
  257  250  243  234  227  215  211  204  182                                   
    27.5-180.0 180.0   5.0 450.0                            LAT/LON1/LON2/DLON/H
  224  209  191  170  152  137  127  117  111  106  103  101   98   96   95   95
   95   94   91   87   84   82   81   79   78   76   74   73   71   69   68   66
   65   64   64   64   65   67   69   74   81   91  101  110  119  128  138  150
  162  176  192  211  232  254  272  285  293  298  303  308  311  312  309  303
  294  285  275  264  257  247  246  239  224                                   
    25.0-180.0 180.0   5.0 450.0                            LAT/LON1/LON2/DLON/H
  274  261  242  216  194  171  152  134  122  112  106  102   98   95   94   95
   96   95   91   87   83   82   81   82   82   82   82   81   79   78   76   74
   72   70   69   69   69   69   70   73   79   88   99  109  118  127  138  151
  166  183  203  227  253  279  301  316  326  332  338  344  350  352  350  343
  332  321  310  298  291  284  284  279  274                                   
    22.5-180.0 180.0   5.0 450.0                            LAT/LON1/LON2/DLON/H
  327  316  297  269  245  216  188  162  141  125  114  105   98   94   93   93
   94   93   89   85   82   81   83   85   87   89   90   90   89   87   84   82
   80   77   75   74   73   71   71   72   76   85   95  107  117  128  140  156
  173  194  218  245  274  303  326  343  353  360  367  375  382  386  385  379
  368  357  345  332  327  323  324  320  327                                   
    20.0-180.0 180.0   5.0 450.0                            LAT/LON1/LON2/DLON/H
  374  366  348  322  298  266  230  197  169  146  128  114  103   96   93   92
   92   89   86   82   81   83   86   90   94   97   98   98   97   95   92   89
   86   83   80   78   75   72   70   69   72   80   92  105  117  130  145  162
  183  207  234  263  293  322  345  362  372  380  387  396  404  410  412  408
  398  388  377  366  360  360  362  358  374                                   
    17.5-180.0 180.0   5.0 450.0                            LAT/LON1/LON2/DLON/H
  410  406  390  367  345  313  272  235  201  172  149  130  114  103   97   94
   91   88   84   82   83   87   92   98  102  105  105  105  103  100   98   95
   92   87   83   79   76   72   68   66   68   77   90  105  119  134  151  171
  194  220  248  278  307  334  355  371  381  389  398  407  417  425  429  428
  421  413  405  395  391  392  394  391  410                                   
    15.0-180.0 180.0   5.0 450.0                            LAT/LON1/LON2/DLON/H
  434  431  418  399  382  351  310  271  234  201  174  152  132  117  108  101
   96   91   87   86   89   95  101  106  110  111  110  108  106  103  101   98
   95   89   84   79   74   70   66   63   66   74   88  105  122  138  157  178
  204  231  259  288  314  338  357  371  382  391  400  410  421  430  437  439
  436  431  426  418  415  417  420  417  434                                   
    12.5-180.0 180.0   5.0 450.0                            LAT/LON1/LON2/DLON/H
  446  445  434  417  404  378  338  300  263  230  202  178  156  138  125  116
  108  102   98   98  101  107  113  116  117  116  113  110  107  105  103  100
   96   90   83   77   72   68   64   62   64   73   88  106  124  142  161  184
  210  238  266  292  316  336  353  366  377  387  397  408  419  430  438  442
  442  441  440  436  433  435  438  435  446                                   
    10.0-180.0 180.0   5.0 450.0                            LAT/LON1/LON2/DLON/H
  450  449  439  424  414  391  356  322  287  255  228  204  182  163  149  137
  128  121  116  116  119  123  126  126  124  120  115  111  107  105  103  100
   95   88   81   74   70   67   64   62   64   73   88  107  125  143  162  186
  212  240  268  292  314  332  347  360  371  382  393  404  416  426  434  440
  442  445  447  446  444  446  449  448  450                                   
     7.5-180.0 180.0   5.0 450.0                            LAT/LON1/LON2/DLON/H
  451  449  439  424  415  395  365  334  303  274  249  227  207  189  175  164
  154  146  141  140  141  141  140  136  130  124  117  112  108  105  103  100
