data/edconvlstm_nd/pred2330.15i
     1.0            IONOSPHERE MAPS     GNSS                IONEX VERSION / TYPE
pyspatialgeodesy        IME             05-JAN-18 20:20     PGM / RUN BY / DATE 
Map Name                                                    COMMENT             
Predicted global ionosphere maps (GIM).                     DESCRIPTION         
  2015     8    21     0     0     0                        EPOCH OF FIRST MAP  
  2015     8    22     0     0     0                        EPOCH OF LAST MAP   
  7200                                                      INTERVAL            
    13                                                      # OF MAPS IN FILE   
  NONE                                                      MAPPING FUNCTION    
10.0                                                        ELEVATION CUTOFF    
One-way carrier phase leveled to code                       OBSERVABLES USED    
  6371.0                                                    BASE RADIUS         
 2                                                          MAP DIMENSION       
   450.0 450.0   0.0                                        HGT1 / HGT2 / DHGT  
    87.5 -87.5  -2.5                                        LAT1 / LAT2 / DLAT  
  -180.0 180.0   5.0                                        LON1 / LON2 / DLON  
    -1                                                      EXPONENT            
                                                            END OF HEADER       
     1                                                      START OF TEC MAP    
  2015     8    21     0     0     0                        EPOCH OF CURRENT MAP
    87.5-180.0 180.0   5.0 450.0                            LAT/LON1/LON2/DLON/H
  112  112  116  108  106  108  105  104  104  104  104  104  104  104  103  103
  102  101  101  100   99   98   96   95   94   93   91   90   89   87   86   85
   84   82   82   81   80   79   79   78   78   78   78   78   79   79   79   80
   80   81   82   82   83   84   84   85   86   86   87   88   89   89   90   91
   93   94   94   95   92   99  108  107  112                                   
    85.0-180.0 180.0   5.0 450.0                            LAT/LON1/LON2/DLON/H
  117  119  102  107  110  114  111  110  110  109  109  109  109  108  108  107
  106  105  104  103  102  100   99   97   96   94   93   91   89   88   86   85
   83   82   81   80   79   79   78   78   78   78   78   79   79   80   80   81
   81   82   83   83   84   85   86   87   88   89   90   91   92   93   94   96
   97   98  100  104  104  112  120  117  117                                   
    82.5-180.0 180.0   5.0 450.0                            LAT/LON1/LON2/DLON/H
  117  110  120  116  116  121  118  117  119  118  118  118  118  117  117  116
  114  113  111  110  108  106  104  102   99   97   95   92   90   88   86   84
   82   80   79   77   76   76   75   75   75   75   76   76   77   78   79   80
   81   82   83   84   85   86   87   88   90   91   93   95   96   98  100  102
  103  104  105  105  110  102  109  111  117                                   
    80.0-180.0 180.0   5.0 450.0                            LAT/LON1/LON2/DLON/H
  126  116  113  110  113  116  117  117  120  119  119  120  119  119  118  117
  116  114  112  110  107  105  102   99   96   94   91   88   85   82   80   77
   75   73   71   69   68   67   67   67   67   68   69   70   71   73   74   75
   76   77   78   79   80   81   82   84   85   87   89   91   93   95   97   99
  100   99  100  100  114  106  116  124  126                                   
    77.5-180.0 180.0   5.0 450.0                            LAT/LON1/LON2/DLON/H
  130  118  109  116  112  114  117  120  122  122  123  124  125  124  124  123
  121  119  117  114  111  108  105  102   98   95   92   88   85   82   79   77
   74   72   70   68   67   66   65   66   66   68   69   71   73   75   76   78
   79   79   80   80   81   82   83   84   86   87   89   92   94   95   97   99
  100  101  100  101  108  109  112  128  130                                   
    75.0-180.0 180.0   5.0 450.0                            LAT/LON1/LON2/DLON/H
  127  110  106  114  110  113  112  116  120  120  121  123  124  124  124  123
  121  119  116  113  109  106  102   98   94   91   88   85   82   79   77   74
   72   70   68   66   64   63   63   64   65   67   69   71   73   76   78   79
   80   80   80   80   80   80   81   82   83   85   88   90   92   94   96   97
   97   98   98   93   99  107  108  122  127                                   
    72.5-180.0 180.0   5.0 450.0                            LAT/LON1/LON2/DLON/H
  113  102  102  107  104  105  105  110  114  115  117  119  121  121  121  121
  119  117  113  110  105  101   96   92   88   84   81   78   76   74   72   70
   68   66   64   62   60   59   59   59   61   63   66   68   71   74   76   77
   78   77   77   76   75   74   74   75   77   79   82   85   88   90   92   94
   93   93   96   92   93  100  105  122  113                                   
    70.0-180.0 180.0   5.0 450.0                            LAT/LON1/LON2/DLON/H
  110   98   99  106  102  104  104  108  114  115  117  120  122  124  124  123
  122  119  115  110  105   99   94   88   84   80   76   74   73   71   70   69
   68   66   63   61   59   58   57   58   59   62   65   68   71   74   77   78
   78   78   76   75   73   72   72   74   76   79   83   86   89   92   94   96
   95   94   96   93   94  100  103  118  110                                   
    67.5-180.0 180.0   5.0 450.0                            LAT/LON1/LON2/DLON/H
  110   99   99  105  100  101  100  104  110  111  114  118  121  123  124  123
  121  118  114  108  101   95   88   81   75   71   68   66   65   64   64   63
   62   60   57   55   52   51   50   50   52   55   58   61   65   68   70   71
   71   70   68   66   65   64   64   66   69   74   78   83   87   90   92   94
   93   92   94   92   93   99  102  117  110                                   
    65.0-180.0 180.0   5.0 450.0                            LAT/LON1/LON2/DLON/H
  112  101  101  106  101  100   99  102  108  109  112  117  120  123  125  125
  123  120  115  108  100   92   84   76   69   64   61   59   58   59   59   59
   58   55   52   49   46   44   43   44   46   48   52   55   58   61   63   64
   64   62   61   59   57   57   58   61   65   70   76   82   86   89   92   94
   93   92   95   93   96  103  105  121  112                                   
    62.5-180.0 180.0   5.0 450.0                            LAT/LON1/LON2/DLON/H
  118  108  107  111  105  103  100  103  107  108  112  116  121  125  127  128
  126  123  117  110  101   92   83   74   66   61   57   56   56   56   57   57
   55   53   49   46   43   41   41   41   43   45   48   51   54   56   57   58
   57   56   54   52   51   52   54   58   64   70   77   83   88   92   94   96
   95   95   98   97  100  109  111  126  118                                   
    60.0-180.0 180.0   5.0 450.0                            LAT/LON1/LON2/DLON/H
  124  116  115  118  111  107  103  104  107  107  110  115  120  124  127  128
  127  124  118  110  101   92   82   73   65   59   56   54   55   56   57   56
   54   51   47   44   41   40   40   41   43   45   47   49   50   52   52   52
   51   50   48   47   47   48   51   57   63   71   78   85   90   93   95   97
   96   96  101  101  105  114  117  131  124                                   
    57.5-180.0 180.0   5.0 450.0                            LAT/LON1/LON2/DLON/H
  131  124  124  126  118  113  108  107  109  107  109  113  117  122  125  127
  126  122  117  110  101   93   84   75   67   61   58   57   57   58   59   57
   55   51   47   44   42   41   42   44   46   47   48   49   50   50   50   49
   48   47   45   45   45   47   52   58   66   74   81   88   92   95   97   98
   97   98  104  105  111  120  123  136  131                                   
    55.0-180.0 180.0   5.0 450.0                            LAT/LON1/LON2/DLON/H
  137  132  132  134  128  121  115  113  113  109  109  111  115  118  121  123
  122  119  114  108  101   94   86   79   72   66   63   62   62   62   62   60
   56   52   48   46   45   46   48   50   52   53   53   53   52   51   50   49
   48   46   46   45   47   50   55   62   70   79   86   92   96   98  100  100
  100  101  107  109  115  125  127  141  137                                   
    52.5-180.0 180.0   5.0 450.0                            LAT/LON1/LON2/DLON/H
  142  139  139  142  137  131  124  122  119  114  111  111  113  115  117  117
  116  113  109  105  100   95   90   85   79   74   71   69   69   68   66   63
   59   55   52   51   52   54   57   59   60   60   59   58   57   55   54   52
   51   49   49   49   51   55   61   69   78   86   92   97  100  102  103  103
  102  104  110  112  119  128  130  144  142                                   
    50.0-180.0 180.0   5.0 450.0                            LAT/LON1/LON2/DLON/H
  146  144  144  149  146  141  136  133  129  122  117  114  113  113  113  113
  111  109  106  103  101   99   96   92   88   84   81   79   77   75   72   68
   64   60   58   59   61   64   67   69   69   69   68   66   64   62   61   59
   57   56   55   56   58   63   70   78   87   94  100  104  106  106  107  108
  107  108  114  115  122  130  132  146  146                                   
    47.5-180.0 180.0   5.0 450.0                            LAT/LON1/LON2/DLON/H
  150  147  147  154  153  150  147  145  141  132  126  121  117  114  112  110
  108  106  104  103  103  104  103  102   99   95   92   88   85   82   78   73
   69   66   66   68   71   75   77   79   79   78   76   74   72   71   69   68
   65   64   63   64   67   73   81   89   97  103  108  111  112  112  113  114
  113  115  120  119  125  132  133  147  150                                   
    45.0-180.0 180.0   5.0 450.0                            LAT/LON1/LON2/DLON/H
  152  149  149  157  158  157  157  156  153  145  137  130  124  119  114  111
  108  106  105  106  108  110  112  112  110  106  102   98   93   89   84   78
   75   73   74   77   81   84   87   88   88   86   85   83   81   80   79   77
   75   72   71   72   76   83   91   99  107  112  116  118  119  119  120  121
  121  122  126  124  128  134  134  149  152                                   
    42.5-180.0 180.0   5.0 450.0                            LAT/LON1/LON2/DLON/H
  155  151  150  159  160  161  163  165  164  157  149  142  134  127  120  115
  112  110  110  111  114  117  120  121  119  116  111  106  100   95   89   84
   81   80   81   85   89   92   94   95   94   93   92   91   90   89   88   86
   83   80   78   79   83   90   99  108  115  120  123  125  126  127  128  130
  130  131  134  130  132  137  137  153  155                                   
    40.0-180.0 180.0   5.0 450.0                            LAT/LON1/LON2/DLON/H
  158  153  153  161  162  164  167  170  171  166  161  154  146  138  130  123
  119  118  118  119  122  125  128  129  127  123  118  112  106  100   94   90
   87   86   88   91   94   97   98   99   99   99   99   98   98   97   95   93
   89   84   82   83   87   96  105  114  121  126  129  131  133  134  137  139
  140  141  143  138  138  142  142  157  158                                   
    37.5-180.0 180.0   5.0 450.0                            LAT/LON1/LON2/DLON/H
  165  159  159  165  165  166  169  173  176  173  170  166  159  150  142  135
  130  128  128  128  130  132  134  134  132  129  123  117  111  105  100   96
   93   93   94   96   98   99  100  101  102  103  104  104  103  102  100   96
   92   86   83   84   89   98  108  118  126  131  134  137  140  142  145  148
  149  151  153  147  145  150  149  164  165                                   
    35.0-180.0 180.0   5.0 450.0                            LAT/LON1/LON2/DLON/H
  175  170  169  173  172  171  172  175  179  178  178  176  171  163  155  147
  142  140  138  138  138  138  138  138  136  133  128  122  117  111  106  102
   99   98   99   99   99   99  100  102  104  106  108  108  107  105  102   97
   91   85   82   82   87   97  109  120  129  135  139  143  147  150  154  157
  159  160  162  156  155  159  159  173  175                                   
    32.5-180.0 180.0   5.0 450.0                            LAT/LON1/LON2/DLON/H
  189  186  186  188  185  181  180  181  184  184  185  185  182  175  167  160
  154  151  148  146  144  142  142  141  139  137  133  128  122  117  112  108
  105  104  102  101   99   98   99  101  104  108  110  110  108  104  100   94
   88   82   78   78   84   95  108  121  131  138  144  150  154  159  163  166
  168  169  172  166  166  171  171  185  189                                   
    30.0-180.0 180.0   5.0 450.0                            LAT/LON1/LON2/DLON/H
  207  208  209  209  207  200  196  194  195  193  194  195  193  188  180  173
  166  161  156  152  149  146  144  144  142  141  138  133  129  123  118  114
  111  108  105  101   98   96   97   99  104  107  110  109  105  101   95   89
   83   77   74   74   80   92  106  120  132  141  149  156  162  167  171  175
  176  179  182  178  179  186  186  200  207                                   
    27.5-180.0 180.0   5.0 450.0                            LAT/LON1/LON2/DLON/H
  227  235  237  237  236  228  222  216  213  209  209  209  207  202  194  186
  178  171  164  158  153  149  147  147  146  145  143  139  134  129  124  119
  116  112  107  101   97   94   94   97  101  105  107  105  101   95   89   83
   77   72   69   69   75   87  103  119  133  144  153  161  169  175  180  184
  186  189  195  191  194  203  203  217  227                                   
    25.0-180.0 180.0   5.0 450.0                            LAT/LON1/LON2/DLON/H
  250  264  266  268  270  263  256  248  241  234  230  228  225  220  211  202
  191  182  172  164  158  154  152  151  150  149  147  143  138  133  127  123
  120  116  109  102   96   93   93   95   98  101  102   99   94   88   82   76
   72   67   64   65   70   82   99  116  132  146  157  167  176  184  190  195
  198  203  210  207  212  222  223  237  250                                   
    22.5-180.0 180.0   5.0 450.0                            LAT/LON1/LON2/DLON/H
  273  292  296  301  306  302  296  286  276  266  259  254  250  243  233  222
  209  196  184  174  166  161  157  156  154  152  149  145  140  134  129  126
  123  119  113  105   99   95   93   94   95   96   95   93   88   82   76   72
   68   64   61   61   66   77   93  112  130  147  160  173  184  194  202  209
  214  221  230  227  234  244  246  260  273                                   
    20.0-180.0 180.0   5.0 450.0                            LAT/LON1/LON2/DLON/H
  294  317  323  330  339  339  336  326  316  303  293  286  279  271  260  247
  232  216  200  187  177  170  165  161  158  154  149  144  138  132  128  127
  125  123  117  110  104   99   96   94   93   91   90   87   83   78   73   69
   66   63   60   59   62   71   87  107  127  146  163  178  192  205  216  226
  233  243  253  252  258  269  271  285  294                                   
    17.5-180.0 180.0   5.0 450.0                            LAT/LON1/LON2/DLON/H
  313  336  344  354  366  370  371  364  354  341  329  320  313  304  292  277
  260  241  223  207  194  183  175  167  160  153  146  140  133  128  126  126
  127  127  124  119  113  107  102   97   93   89   87   84   81   78   73   69
   66   62   59   57   58   66   81  101  123  144  164  182  200  217  232  245
  256  269  280  280  286  295  299  311  313                                   
    15.0-180.0 180.0   5.0 450.0                            LAT/LON1/LON2/DLON/H
  328  350  359  371  385  392  397  393  386  374  363  354  346  337  326  311
  293  272  251  232  214  199  186  173  162  151  141  133  127  123  123  125
  129  132  132  129  124  118  111  103   96   91   87   85   83   80   76   72
   68   63   59   55   55   62   75   95  118  141  163  185  207  228  248  266
  281  297  310  311  316  322  328  340  328                                   
    12.5-180.0 180.0   5.0 450.0                            LAT/LON1/LON2/DLON/H
  342  360  370  382  395  403  410  411  408  399  390  382  374  367  357  344
  327  305  282  259  236  216  196  178  162  147  135  126  120  117  120  125
  132  138  140  139  135  129  121  112  103   96   91   89   88   85   81   76
   70   64   59   54   54   59   71   90  114  138  162  187  212  237  262  286
  306  325  340  342  347  351  357  368  342                                   
    10.0-180.0 180.0   5.0 450.0                            LAT/LON1/LON2/DLON/H
  355  370  379  390  399  406  413  416  417  412  406  400  394  389  382  372
  356  336  311  285  257  230  205  181  160  142  129  119  114  114  117  125
  134  142  147  148  145  139  131  121  111  103   98   95   93   90   86   79
   72   65   59   54   53   57   69   87  110  135  161  188  216  245  274  302
  327  349  367  372  376  378  386  394  355                                   
     7.5-180.0 180.0   5.0 450.0                            LAT/LON1/LON2/DLON/H
  370  383  390  397  402  405  410  414  417  415  412  408  404  401  397  390
  377  358  333  304  272  240  210  182  158  138  124  114  110  111  116  125
