data/edconvlstm_nd/pred1200.15i
     1.0            IONOSPHERE MAPS     GNSS                IONEX VERSION / TYPE
pyspatialgeodesy        IME             05-JAN-18 20:20     PGM / RUN BY / DATE 
Map Name                                                    COMMENT             
Predicted global ionosphere maps (GIM).                     DESCRIPTION         
  2015     4    30     0     0     0                        EPOCH OF FIRST MAP  
  2015     5     1     0     0     0                        EPOCH OF LAST MAP   
  7200                                                      INTERVAL            
    13                                                      # OF MAPS IN FILE   
  NONE                                                      MAPPING FUNCTION    
10.0                                                        ELEVATION CUTOFF    
One-way carrier phase leveled to code                       OBSERVABLES USED    
  6371.0                                                    BASE RADIUS         
 2                                                          MAP DIMENSION       
   450.0 450.0   0.0                                        HGT1 / HGT2 / DHGT  
    87.5 -87.5  -2.5                                        LAT1 / LAT2 / DLAT  
  -180.0 180.0   5.0                                        LON1 / LON2 / DLON  
    -1                                                      EXPONENT            
                                                            END OF HEADER       
[from data line 1716]
     5                                                      START OF TEC MAP    
  2015     4    30     8     0     0                        EPOCH OF CURRENT MAP
    87.5-180.0 180.0   5.0 450.0                            LAT/LON1/LON2/DLON/H
  153  149  146  151  154  154  154  153  156  159  161  163  165  167  169  170
  172  173  174  175  176  176  177  177  177  177  177  176  176  176  175  175
  174  173  172  171  170  169  167  166  164  163  161  160  158  156  155  153
  152  150  149  147  146  145  144  143  142  142  141  140  140  139  139  139
  139  141  139  138  143  141  147  149  153                                   
    85.0-180.0 180.0   5.0 450.0                            LAT/LON1/LON2/DLON/H
  145  146  151  152  155  157  159  161  164  167  169  172  174  176  178  180
  182  183  184  185  186  186  187  187  187  187  187  186  186  186  185  185
  184  183  182  181  180  179  177  176  174  173  171  169  167  165  164  162
  160  159  157  156  154  153  152  151  150  149  148  147  146  146  145  145
  146  147  142  143  140  139  144  147  145                                   
    82.5-180.0 180.0   5.0 450.0                            LAT/LON1/LON2/DLON/H
  139  145  148  145  146  150  152  155  158  162  165  168  171  173  176  178
  179  181  182  182  183  183  183  183  183  182  182  182  182  182  182  182
  182  182  181  181  180  179  178  176  175  173  172  170  168  167  165  163
  162  160  159  158  156  155  154  153  151  150  149  148  147  146  145  145
  144  144  140  141  141  141  141  134  139                                   
    80.0-180.0 180.0   5.0 450.0                            LAT/LON1/LON2/DLON/H
  144  145  145  144  144  145  147  150  154  157  160  164  167  169  172  174
  175  176  177  177  177  176  176  175  174  173  173  173  173  174  175  176
  177  178  179  180  180  180  180  179  178  177  176  175  174  173  172  172
  171  170  169  169  168  167  167  166  165  164  163  162  161  159  158  157
  156  155  150  151  149  149  153  139  144                                   
    77.5-180.0 180.0   5.0 450.0                            LAT/LON1/LON2/DLON/H
  158  152  152  148  145  144  145  146  148  150  152  155  158  160  162  164
  165  166  166  166  165  163  162  161  160  159  159  159  161  163  166  169
  172  175  178  181  182  184  184  185  185  185  185  185  186  186  186  187
  187  188  188  189  189  189  189  189  189  188  187  186  185  183  182  180
  178  177  171  171  170  165  164  157  158                                   
    75.0-180.0 180.0   5.0 450.0                            LAT/LON1/LON2/DLON/H
  169  164  158  153  148  146  144  142  143  143  144  146  147  148  150  150
  151  151  151  150  149  147  145  143  142  141  141  143  145  149  154  160
  166  171  176  181  184  187  189  190  192  193  194  196  198  200  201  203
  205  207  208  210  211  212  212  212  212  212  211  210  209  208  207  206
  203  202  196  191  189  187  186  175  169                                   
    72.5-180.0 180.0   5.0 450.0                            LAT/LON1/LON2/DLON/H
  182  178  171  163  157  152  148  144  142  140  139  138  138  138  138  139
  139  139  139  138  137  135  133  131  130  129  130  133  137  143  151  159
  167  174  181  187  191  194  197  199  202  204  206  209  212  215  218  221
  224  226  228  230  231  231  232  231  231  230  229  228  227  227  226  225
  224  223  219  215  210  207  204  197  182                                   
    70.0-180.0 180.0   5.0 450.0                            LAT/LON1/LON2/DLON/H
  194  188  180  170  162  154  149  143  139  134  131  129  127  126  125  124
  124  124  124  124  123  122  121  119  118  118  120  124  130  138  147  157
  167  177  184  190  195  199  202  204  207  210  213  217  221  226  230  233
  236  239  240  241  241  240  239  237  235  233  232  231  230  229  229  230
  230  230  227  225  222  220  218  213  194                                   
    67.5-180.0 180.0   5.0 450.0                            LAT/LON1/LON2/DLON/H
  197  192  185  175  166  158  150  142  137  131  126  123  120  118  116  115
  114  114  115  115  115  115  114  113  113  113  116  121  128  138  149  160
  171  181  189  195  199  202  205  207  210  213  217  222  227  232  236  240
  243  245  246  245  243  240  237  233  229  225  223  221  220  219  220  221
  223  225  224  224  222  222  220  217  197                                   
    65.0-180.0 180.0   5.0 450.0                            LAT/LON1/LON2/DLON/H
  196  193  186  176  167  157  149  140  134  128  123  119  116  113  111  109
  108  108  108  109  110  110  110  110  110  112  115  121  130  141  153  166
  177  188  195  201  204  206  207  209  212  216  221  226  232  237  242  246
  249  250  249  247  243  237  231  224  218  213  209  206  205  204  205  207
  209  212  213  215  216  219  218  215  196                                   
    62.5-180.0 180.0   5.0 450.0                            LAT/LON1/LON2/DLON/H
  194  192  185  174  165  154  145  136  129  123  119  116  113  110  108  106
  104  104  104  104  105  106  107  108  109  111  115  122  132  144  157  170
  183  193  201  205  208  209  210  211  213  217  222  228  234  240  245  249
  252  253  251  248  242  234  225  217  209  202  198  195  193  192  191  193
  195  198  201  204  207  212  211  207  194                                   
    60.0-180.0 180.0   5.0 450.0                            LAT/LON1/LON2/DLON/H
  193  192  185  172  162  149  138  128  121  115  112  111  109  108  106  103
  101  100   99   99  100  101  102  103  105  108  113  121  132  144  159  173
  186  197  205  210  212  212  212  213  215  218  223  230  236  242  247  252
  255  256  255  251  245  236  226  217  208  201  196  193  191  189  188  189
  189  192  194  197  202  208  208  201  193                                   
    57.5-180.0 180.0   5.0 450.0                            LAT/LON1/LON2/DLON/H
  201  200  192  176  164  148  134  121  112  106  104  104  104  104  103  101
   99   96   95   94   94   95   96   97  100  104  110  118  130  144  159  175
  189  201  210  216  219  219  219  218  219  222  227  232  239  245  251  257
  261  264  265  262  257  248  239  229  221  214  210  207  205  203  201  200
  198  199  199  202  207  212  212  203  201                                   
    55.0-180.0 180.0   5.0 450.0                            LAT/LON1/LON2/DLON/H
  217  215  207  189  174  154  136  118  106   98   95   96   97   99   99   98
   95   93   91   90   89   89   90   92   94   99  106  115  128  143  159  176
  192  206  217  224  228  229  228  227  227  228  232  236  242  249  256  264
  270  276  279  279  276  269  261  253  245  240  237  235  233  230  227  224
  221  219  217  218  221  226  225  215  217                                   
    52.5-180.0 180.0   5.0 450.0                            LAT/LON1/LON2/DLON/H
  239  237  229  210  193  169  147  124  107   95   90   90   92   94   95   94
   93   91   89   87   86   85   86   88   91   96  104  114  127  143  160  178
  196  212  225  235  240  243  242  240  238  238  239  243  249  256  264  273
  282  290  297  300  299  295  289  282  277  273  270  269  267  264  260  256
  251  248  244  241  241  244  242  233  239                                   
    50.0-180.0 180.0   5.0 450.0                            LAT/LON1/LON2/DLON/H
  261  259  252  234  218  192  167  139  117  101   92   90   90   91   92   92
   91   90   89   87   86   86   87   89   92   98  106  117  131  147  164  183
  201  219  234  247  254  258  258  256  253  251  251  253  258  265  274  284
  296  307  315  321  323  321  317  312  307  304  302  301  299  296  292  288
  282  277  271  265  261  262  260  252  261                                   
    47.5-180.0 180.0   5.0 450.0                            LAT/LON1/LON2/DLON/H
  274  274  269  256  241  218  191  161  136  116  103   97   94   93   93   93
   92   92   92   91   91   91   92   94   98  104  112  124  137  153  171  190
  209  227  244  258  268  274  275  273  270  266  265  266  270  277  287  298
  310  322  333  340  343  343  340  335  331  327  324  321  319  316  313  310
  305  300  292  283  275  273  270  265  274                                   
    45.0-180.0 180.0   5.0 450.0                            LAT/LON1/LON2/DLON/H
  273  274  273  266  256  237  214  185  159  137  122  112  106  102   99   98
   97   98   98   99   99  100  101  103  107  113  121  133  146  162  179  198
  216  235  252  267  279  287  290  289  287  283  282  282  286  293  303  314
  326  338  348  355  358  358  355  350  344  339  334  329  325  323  321  320
  316  312  303  291  279  272  269  265  273                                   
    42.5-180.0 180.0   5.0 450.0                            LAT/LON1/LON2/DLON/H
  256  256  258  258  254  243  227  204  181  161  145  133  124  117  111  108
  106  106  107  108  109  110  111  113  117  123  131  142  156  171  188  205
  222  240  257  272  286  295  301  303  302  301  300  301  305  313  322  333
  344  355  363  369  371  370  365  359  352  344  336  329  323  321  320  321
  319  314  303  288  271  259  255  250  256                                   
    40.0-180.0 180.0   5.0 450.0                            LAT/LON1/LON2/DLON/H
  226  222  226  229  233  231  225  211  196  180  166  155  145  135  127  122
  118  117  118  119  119  120  121  122  126  131  139  150  163  178  194  210
  226  241  257  273  288  300  309  314  317  318  320  322  328  336  345  356
  365  374  381  385  386  384  378  371  362  352  342  333  327  324  324  326
  323  316  301  282  260  242  235  226  226                                   
    37.5-180.0 180.0   5.0 450.0                            LAT/LON1/LON2/DLON/H
  194  182  185  187  196  200  205  202  197  189  181  174  165  155  146  138
  133  130  129  129  128  128  128  129  131  136  144  154  168  182  198  212
  226  240  254  270  286  302  315  325  332  337  341  346  352  361  371  382
  391  399  405  409  410  407  401  394  385  375  365  356  349  347  348  350
  345  334  313  286  259  232  221  206  194                                   
    35.0-180.0 180.0   5.0 450.0                            LAT/LON1/LON2/DLON/H
  173  151  147  145  153  161  172  179  183  185  186  185  180  172  163  155
  148  143  140  138  136  135  133  133  134  138  145  155  168  183  198  212
  225  237  250  266  285  303  320  335  346  355  362  370  378  388  400  411
  421  430  438  443  446  445  441  435  428  421  413  406  402  401  403  403
  396  379  350  314  281  245  225  205  173                                   
    32.5-180.0 180.0   5.0 450.0                            LAT/LON1/LON2/DLON/H
  176  142  127  116  118  123  137  149  160  170  179  185  187  184  178  170
  163  157  151  147  143  140  138  136  136  139  145  154  167  183  198  212
  224  235  248  265  285  306  327  346  361  374  384  393  404  415  429  442
  455  467  479  489  495  498  498  496  494  491  488  486  487  489  492  491
  478  454  416  370  332  287  258  233  176                                   
    30.0-180.0 180.0   5.0 450.0                            LAT/LON1/LON2/DLON/H
  211  164  135  112  103  102  111  122  135  150  165  178  186  189  187  182
  175  169  162  156  151  147  143  140  139  139  144  153  166  182  198  213
  225  237  250  268  289  312  336  357  376  392  404  416  428  442  458  475
  493  511  528  545  558  566  572  576  580  584  589  595  602  609  613  608
  589  557  510  454  409  357  318  292  211                                   
    27.5-180.0 180.0   5.0 450.0                            LAT/LON1/LON2/DLON/H
  279  220  177  141  119  108  107  112  121  135  151  167  180  188  191  189
  185  179  173  167  161  157  152  147  144  143  146  154  167  183  200  216
  229  242  256  274  296  320  345  369  390  408  423  437  451  468  487  509
  532  557  582  606  626  642  653  664  676  689  703  719  733  745  750  741
  716  676  621  555  504  446  399  376  279                                   
    25.0-180.0 180.0   5.0 450.0                            LAT/LON1/LON2/DLON/H
  373  306  249  203  168  147  133  127  127  133  146  161  175  186  192  194
  192  188  183  178  173  169  164  158  153  149  150  156  168  184  202  219
  234  248  264  283  305  330  354  378  401  421  439  456  474  494  517  543
  572  603  635  665  690  711  728  746  765  786  809  833  855  871  876  865
  835  790  731  660  602  539  490  474  373                                   
    22.5-180.0 180.0   5.0 450.0                            LAT/LON1/LON2/DLON/H
  476  405  341  293  246  218  190  172  158  153  156  165  177  187  194  198
  198  197  194  190  187  183  178  171  163  156  154  158  168  184  203  221
  239  255  272  292  314  338  362  385  408  431  453  474  495  519  546  575
  608  643  678  711  739  762  783  804  827  853  881  909  934  952  958  945
  914  871  815  744  682  619  578  569  476                                   
    20.0-180.0 180.0   5.0 450.0                            LAT/LON1/LON2/DLON/H
  562  496  433  394  341  309  272  242  214  195  185  184  189  195  201  204
  206  206  205  203  201  198  193  184  173  162  156  157  166  181  201  221
  241  259  278  299  322  345  367  389  413  438  464  490  516  543  572  603
  637  672  707  739  766  788  808  829  853  878  904  930  953  969  975  962
  934  897  850  786  725  665  641  640  562                                   
    17.5-180.0 180.0   5.0 450.0                            LAT/LON1/LON2/DLON/H
  609  554  505  483  432  404  365  326  287  254  231  219  214  213  215  216
  217  217  216  214  212  210  204  193  178  164  156  154  161  175  195  217
  239  260  281  304  326  348  369  391  416  444  474  505  535  565  595  626
  658  691  723  750  772  790  806  824  843  863  881  899  915  927  930  919
  895  865  829  774  719  665  659  665  609                                   
    15.0-180.0 180.0   5.0 450.0                            LAT/LON1/LON2/DLON/H
  607  564  536  533  496  477  445  407  362  321  287  264  249  241  236  234
  232  230  227  224  220  216  208  195  178  162  151  147  152  166  186  210
  234  258  282  306  329  350  371  392  418  448  482  517  551  583  613  643
  672  701  727  748  764  776  787  799  811  821  829  836  843  848  847  836
  816  791  765  718  671  623  630  641  607                                   
    12.5-180.0 180.0   5.0 450.0                            LAT/LON1/LON2/DLON/H
  570  536  529  540  523  515  493  462  421  379  341  311  290  275  264  257
  252  246  239  231  223  215  204  189  171  154  142  136  140  153  174  200
  227  254  280  306  329  351  371  393  418  450  486  524  561  595  626  655
  682  706  727  742  751  757  763  770  774  774  771  768  766  764  759  747
  728  707  686  646  606  564  573  584  570                                   
    10.0-180.0 180.0   5.0 450.0                            LAT/LON1/LON2/DLON/H
  520  496  503  519  518  518  505  484  452  415  380  351  327  309  295  283
  274  263  250  235  221  207  193  178  161  144  130  124  127  141  162  190
  220  250  278  304  328  350  370  391  417  448  485  525  563  599  632  661
  687  710  728  739  744  747  749  751  749  741  730  720  712  705  696  680
  660  641  621  586  551  511  515  520  520                                   
     7.5-180.0 180.0   5.0 450.0                            LAT/LON1/LON2/DLON/H
  478  466  478  488  496  498  492  479  456  428  399  375  353  336  321  308
  295  279  259  236  214  195  179  164  149  133  121  116  119  132  154  182
