data/edconvlstm_nd/pred1320.15i
     1.0            IONOSPHERE MAPS     GNSS                IONEX VERSION / TYPE
pyspatialgeodesy        IME             05-JAN-18 20:20     PGM / RUN BY / DATE 
Map Name                                                    COMMENT             
Predicted global ionosphere maps (GIM).                     DESCRIPTION         
  2015     5    12     0     0     0                        EPOCH OF FIRST MAP  
  2015     5    13     0     0     0                        EPOCH OF LAST MAP   
  7200                                                      INTERVAL            
    13                                                      # OF MAPS IN FILE   
  NONE                                                      MAPPING FUNCTION    
10.0                                                        ELEVATION CUTOFF    
One-way carrier phase leveled to code                       OBSERVABLES USED    
  6371.0                                                    BASE RADIUS         
 2                                                          MAP DIMENSION       
   450.0 450.0   0.0                                        HGT1 / HGT2 / DHGT  
    87.5 -87.5  -2.5                                        LAT1 / LAT2 / DLAT  
  -180.0 180.0   5.0                                        LON1 / LON2 / DLON  
    -1                                                      EXPONENT            
                                                            END OF HEADER       
[from data line 858]
     3                                                      START OF TEC MAP    
  2015     5    12     4     0     0                        EPOCH OF CURRENT MAP
    87.5-180.0 180.0   5.0 450.0                            LAT/LON1/LON2/DLON/H
  185  175  173  175  179  175  174  173  175  177  178  180  182  183  184  185
  185  186  186  185  184  183  182  180  178  176  174  172  170  168  166  164
  163  161  160  158  157  156  155  155  154  154  154  153  154  154  154  155
  155  156  156  157  157  158  159  159  160  161  161  162  162  163  163  163
  164  166  166  167  170  168  167  168  185                                   
    85.0-180.0 180.0   5.0 450.0                            LAT/LON1/LON2/DLON/H
  180  175  170  173  178  175  176  176  179  181  183  185  187  189  191  192
  193  193  193  193  191  190  188  186  183  180  178  175  172  170  168  165
  163  162  160  159  158  157  156  155  155  155  155  155  155  156  156  157
  157  158  159  160  161  162  163  164  165  166  167  168  169  169  169  170
  172  174  171  175  169  165  167  164  180                                   
    82.5-180.0 180.0   5.0 450.0                            LAT/LON1/LON2/DLON/H
  175  173  168  166  170  168  168  169  172  175  178  182  185  189  192  194
  196  196  196  195  193  190  186  182  178  174  169  165  161  158  154  152
  149  147  146  145  144  143  143  143  143  144  144  145  145  146  147  148
  150  151  152  154  156  157  159  161  163  166  168  169  171  172  173  174
  174  175  173  175  175  163  161  152  175                                   
    80.0-180.0 180.0   5.0 450.0                            LAT/LON1/LON2/DLON/H
  167  164  152  151  153  151  153  154  158  161  165  170  175  180  185  188
  191  192  192  191  188  184  178  172  166  159  153  147  142  138  135  132
  130  129  128  128  128  128  128  129  130  131  132  133  134  136  137  139
  141  143  145  147  150  152  155  158  161  165  168  171  173  174  176  177
  177  176  173  173  172  162  164  148  167                                   
    77.5-180.0 180.0   5.0 450.0                            LAT/LON1/LON2/DLON/H
  164  158  146  143  142  139  141  141  145  148  152  159  165  172  178  183
  187  189  189  187  183  178  170  162  154  145  137  130  124  120  117  116
  115  115  116  117  119  120  121  123  124  125  127  129  131  133  135  137
  140  142  145  147  150  154  157  161  166  170  174  178  182  184  186  187
  186  186  180  179  177  164  163  152  164                                   
    75.0-180.0 180.0   5.0 450.0                            LAT/LON1/LON2/DLON/H
  162  158  143  139  135  131  131  130  132  135  139  145  152  159  166  172
  177  180  180  179  174  168  159  149  139  128  119  112  106  103  101  101
  102  104  107  109  112  114  116  118  120  121  123  126  128  131  134  137
  140  143  146  149  152  156  160  165  170  175  181  186  190  193  195  198
  196  196  191  185  180  170  169  162  162                                   
    72.5-180.0 180.0   5.0 450.0                            LAT/LON1/LON2/DLON/H
  163  162  148  142  137  130  129  126  127  128  132  137  143  149  156  162
  167  170  171  170  165  158  149  138  127  116  106   99   94   92   92   94
   98  102  106  110  114  117  120  122  124  126  128  131  135  139  143  147
  151  154  158  161  164  167  171  175  180  186  192  197  202  206  208  210
  209  209  205  199  191  179  178  173  163                                   
    70.0-180.0 180.0   5.0 450.0                            LAT/LON1/LON2/DLON/H
  171  168  155  147  139  131  128  124  123  123  124  128  132  136  142  147
  152  155  157  156  152  145  136  124  113  102   93   86   83   83   85   89
   94  100  105  110  114  118  120  122  124  126  129  133  138  143  149  155
  160  165  168  171  173  175  178  182  187  192  198  204  208  212  214  217
  216  215  212  208  201  191  191  188  171                                   
    67.5-180.0 180.0   5.0 450.0                            LAT/LON1/LON2/DLON/H
  178  177  163  155  145  135  131  125  123  121  121  122  124  126  129  133
  137  140  143  142  139  133  123  112  101   91   83   78   77   78   81   86
   92   98  104  109  113  117  119  120  122  124  128  133  140  148  156  164
  171  176  180  182  184  185  187  190  194  198  203  208  212  215  217  218
  217  217  215  212  207  198  199  198  178                                   
    65.0-180.0 180.0   5.0 450.0                            LAT/LON1/LON2/DLON/H
  185  185  171  162  152  141  136  129  127  123  122  121  120  119  119  121
  123  126  128  129  126  120  112  102   92   83   77   74   74   77   81   86
   92   98  103  108  112  115  117  119  121  123  128  135  143  153  164  174
  182  189  192  194  195  196  196  198  201  205  209  213  216  217  218  218
  217  216  215  213  210  204  207  207  185                                   
    62.5-180.0 180.0   5.0 450.0                            LAT/LON1/LON2/DLON/H
  192  193  180  171  160  147  142  135  132  128  125  122  119  115  113  112
  113  114  116  116  114  109  101   93   85   78   74   73   75   78   82   87
   91   96  101  105  109  112  114  117  119  123  129  137  148  160  172  184
  194  200  204  206  206  206  207  208  211  213  217  219  221  221  220  219
  216  215  214  213  212  208  212  213  192                                   
    60.0-180.0 180.0   5.0 450.0                            LAT/LON1/LON2/DLON/H
  200  201  189  179  168  155  148  141  138  133  129  125  120  114  110  106
  105  105  105  105  102   98   91   85   79   75   73   74   77   80   83   87
   90   93   96  100  104  108  112  116  120  125  132  142  154  167  181  193
  203  210  214  216  216  217  218  219  221  223  225  227  227  226  224  222
  218  217  215  215  214  212  216  217  200                                   
    57.5-180.0 180.0   5.0 450.0                            LAT/LON1/LON2/DLON/H
  211  212  201  191  179  164  157  149  144  139  134  129  122  115  109  104
  101   99   97   96   93   88   83   78   74   73   74   77   80   83   85   87
   88   89   92   96  101  106  112  118  124  131  139  150  163  177  191  203
  213  220  224  226  227  229  230  232  234  236  237  237  236  234  231  229
  225  223  221  220  220  219  223  225  211                                   
    55.0-180.0 180.0   5.0 450.0                            LAT/LON1/LON2/DLON/H
  226  227  217  207  195  179  170  160  154  146  139  133  126  118  111  104
   99   96   93   90   87   82   78   74   73   74   77   81   85   88   89   89
   88   88   90   94  100  107  115  123  131  140  151  163  176  190  204  215
  224  230  234  237  240  243  246  248  250  250  250  249  247  244  242  240
  236  234  233  230  230  229  234  236  226                                   
    52.5-180.0 180.0   5.0 450.0                            LAT/LON1/LON2/DLON/H
  246  247  238  228  217  201  190  177  168  157  148  140  131  123  115  108
  102   97   93   89   85   81   77   75   75   78   83   89   94   96   96   94
   92   92   93   98  105  113  123  132  143  154  166  180  194  208  221  231
  238  243  247  252  256  261  266  268  269  268  265  262  259  256  254  254
  252  251  249  246  244  242  247  253  246                                   
    50.0-180.0 180.0   5.0 450.0                            LAT/LON1/LON2/DLON/H
  270  269  262  254  242  227  215  200  187  174  161  151  140  131  122  115
  108  103   98   94   90   86   83   82   83   88   94  101  106  108  108  105
  102  101  103  107  114  123  134  145  157  171  186  201  216  231  243  252
  258  262  266  272  278  285  291  293  293  289  283  276  271  268  268  269
  269  270  270  265  261  259  265  274  270                                   
    47.5-180.0 180.0   5.0 450.0                            LAT/LON1/LON2/DLON/H
  294  292  285  279  269  256  243  227  212  195  180  167  155  143  134  125
  118  112  108  105  101   98   96   95   97  102  109  116  122  124  123  121
  118  117  118  122  128  136  147  159  173  190  207  225  243  258  269  277
  283  287  291  298  306  315  321  323  320  312  302  291  283  279  280  284
  287  291  291  286  280  277  284  296  294                                   
    45.0-180.0 180.0   5.0 450.0                            LAT/LON1/LON2/DLON/H
  316  313  305  302  292  281  269  253  237  220  203  188  173  160  149  139
  131  126  122  120  119  117  115  115  116  121  127  134  139  141  141  139
  137  137  138  141  145  151  160  173  189  209  230  251  271  287  300  308
  312  317  322  330  340  349  355  356  350  339  324  309  297  291  292  298
  304  310  313  308  300  296  303  317  316                                   
    42.5-180.0 180.0   5.0 450.0                            LAT/LON1/LON2/DLON/H
  336  330  321  318  308  299  288  276  261  245  228  212  196  181  167  156
  147  142  140  140  141  141  140  139  139  142  146  152  156  158  158  158
  158  158  159  160  161  165  172  185  203  226  251  276  299  317  331  340
  345  350  357  366  377  386  392  392  384  369  350  331  316  307  307  313
  322  330  334  330  321  316  324  337  336                                   
    40.0-180.0 180.0   5.0 450.0                            LAT/LON1/LON2/DLON/H
  354  343  331  326  316  308  299  290  279  266  251  235  219  202  186  173
  164  160  160  163  166  168  168  166  164  164  166  169  171  173  174  175
  177  178  179  178  176  176  181  194  215  241  271  300  325  346  361  372
  379  386  394  404  415  425  430  429  420  404  383  361  342  331  328  334
  343  353  358  354  345  341  349  357  354                                   
    37.5-180.0 180.0   5.0 450.0                            LAT/LON1/LON2/DLON/H
  374  359  341  330  318  309  302  297  290  281  270  256  240  222  205  190
  180  177  179  184  191  195  196  193  189  185  184  185  186  186  187  189
  192  195  195  192  188  185  189  202  225  255  288  321  349  372  389  402
  411  420  430  442  455  465  471  471  463  447  425  402  381  366  362  365
  373  383  389  385  376  374  380  382  374                                   
    35.0-180.0 180.0   5.0 450.0                            LAT/LON1/LON2/DLON/H
  403  384  357  336  321  309  301  298  295  290  282  271  257  238  220  204
  194  191  195  203  212  219  221  217  211  206  202  200  200  199  199  201
  204  206  206  202  195  191  194  209  234  267  303  338  368  392  412  427
  439  451  464  478  493  506  514  517  511  499  479  456  434  417  410  410
  416  424  430  425  417  419  421  416  403                                   
    32.5-180.0 180.0   5.0 450.0                            LAT/LON1/LON2/DLON/H
  447  426  388  356  334  316  303  299  297  294  289  282  269  251  231  215
  204  202  207  217  228  237  240  238  232  225  220  217  214  211  210  210
  212  214  213  208  200  196  200  215  242  276  314  350  381  407  428  445
  460  475  491  508  525  542  555  562  563  556  542  522  500  482  471  468
  472  478  482  476  470  476  473  464  447                                   
    30.0-180.0 180.0   5.0 450.0                            LAT/LON1/LON2/DLON/H
  507  488  439  396  365  341  320  311  305  301  297  290  278  260  240  223
  212  210  215  225  238  248  254  254  250  245  240  235  230  226  222  220
  220  220  218  212  205  201  206  222  249  284  321  357  387  413  435  454
  472  490  508  527  548  568  587  601  609  610  603  588  569  552  539  534
  535  539  542  536  533  543  536  524  507                                   
    27.5-180.0 180.0   5.0 450.0                            LAT/LON1/LON2/DLON/H
  582  570  511  461  422  391  360  342  329  319  310  302  289  271  250  231
  219  216  219  229  242  254  263  267  267  264  260  255  250  243  237  232
  229  227  223  217  210  207  212  228  254  288  323  356  385  410  432  453
  473  493  514  536  559  584  607  628  644  652  652  643  629  614  603  597
  597  602  606  602  601  615  608  594  582                                   
    25.0-180.0 180.0   5.0 450.0                            LAT/LON1/LON2/DLON/H
  664  661  600  549  502  466  425  396  371  352  336  322  306  286  263  243
  229  223  224  231  243  258  270  279  283  283  281  277  271  262  253  245
  239  234  228  222  215  213  218  233  257  287  319  349  376  400  422  444
  466  488  511  536  562  590  618  644  665  679  684  681  672  662  654  650
  653  661  668  669  671  687  683  670  664                                   
    22.5-180.0 180.0   5.0 450.0                            LAT/LON1/LON2/DLON/H
  744  749  695  651  600  561  511  469  431  400  375  354  333  309  283  261
  245  236  233  237  247  262  277  290  297  300  300  296  290  279  267  256
  246  238  231  224  218  216  220  233  253  280  309  336  361  384  406  429
  453  478  504  532  562  593  625  653  677  694  702  702  698  693  690  691
  699  710  723  729  734  749  754  743  744                                   
    20.0-180.0 180.0   5.0 450.0                            LAT/LON1/LON2/DLON/H
  811  820  781  750  700  662  605  553  503  460  425  397  370  341  313  288
  269  256  250  250  257  271  287  301  310  313  313  308  299  287  273  259
  247  237  229  222  217  214  217  227  244  267  293  319  343  366  389  413
  439  467  496  528  562  597  630  660  684  701  710  712  712  712  714  721
  734  749  765  777  785  794  807  800  811                                   
    17.5-180.0 180.0   5.0 450.0                            LAT/LON1/LON2/DLON/H
  854  863  843  825  784  751  692  633  574  524  481  447  415  382  351  324
  303  288  277  273  276  286  300  312  318  318  314  306  295  282  267  252
  240  229  221  215  210  207  208  216  230  251  275  300  325  348  372  398
  426  457  490  526  563  601  636  666  689  705  714  718  721  725  732  743
  759  776  794  809  816  817  836  831  854                                   
    15.0-180.0 180.0   5.0 450.0                            LAT/LON1/LON2/DLON/H
  866  873  869  863  834  808  752  692  631  577  533  496  462  428  395  368
  346  329  316  307  304  309  316  321  319  311  300  288  276  264  251  237
  226  216  209  204  199  196  196  201  214  233  257  283  308  332  356  384
  414  448  485  525  565  604  640  670  693  708  718  724  730  737  747  760
  776  792  810  822  828  821  839  835  866                                   
    12.5-180.0 180.0   5.0 450.0                            LAT/LON1/LON2/DLON/H
  850  854  858  858  839  820  770  713  656  607  568  535  503  471  440  414
  394  377  362  350  341  337  333  325  311  293  274  259  248  238  228  218
  209  201  196  192  188  185  184  187  198  217  240  266  292  316  341  370
  403  440  480  522  564  604  641  672  695  711  722  731  740  749  759  771
  785  798  813  822  823  811  824  820  850                                   
    10.0-180.0 180.0   5.0 450.0                            LAT/LON1/LON2/DLON/H
  819  816  819  817  803  787  743  693  645  605  576  552  528  501  475  454
  438  425  411  395  380  365  347  323  295  266  242  226  217  211  206  199
  193  188  184  182  179  176  173  175  184  202  225  251  276  300  326  356
  392  432  474  517  560  600  638  669  694  712  726  738  749  760  768  777
  787  797  809  814  812  797  804  799  819                                   
     7.5-180.0 180.0   5.0 450.0                            LAT/LON1/LON2/DLON/H
  787  778  772  762  744  725  685  642  603  575  557  544  530  511  492  478
  469  461  450  434  412  386  353  315  274  237  211  196  190  188  187  184
