data/edconvlstm_nd/pred1150.15i
     1.0            IONOSPHERE MAPS     GNSS                IONEX VERSION / TYPE
pyspatialgeodesy        IME             05-JAN-18 20:20     PGM / RUN BY / DATE 
Map Name                                                    COMMENT             
Predicted global ionosphere maps (GIM).                     DESCRIPTION         
  2015     4    25     0     0     0                        EPOCH OF FIRST MAP  
  2015     4    26     0     0     0                        EPOCH OF LAST MAP   
  7200                                                      INTERVAL            
    13                                                      # OF MAPS IN FILE   
  NONE                                                      MAPPING FUNCTION    
10.0                                                        ELEVATION CUTOFF    
One-way carrier phase leveled to code                       OBSERVABLES USED    
  6371.0                                                    BASE RADIUS         
 2                                                          MAP DIMENSION       
   450.0 450.0   0.0                                        HGT1 / HGT2 / DHGT  
    87.5 -87.5  -2.5                                        LAT1 / LAT2 / DLAT  
  -180.0 180.0   5.0                                        LON1 / LON2 / DLON  
    -1                                                      EXPONENT            
                                                            END OF HEADER       
[from data line 3003]
     8                                                      START OF TEC MAP    
  2015     4    25    14     0     0                        EPOCH OF CURRENT MAP
    87.5-180.0 180.0   5.0 450.0                            LAT/LON1/LON2/DLON/H
  212  202  195  204  210  213  215  218  221  225  227  230  233  235  238  240
  242  243  245  246  248  248  249  250  250  250  250  250  250  249  248  247
  246  245  244  242  240  238  236  234  231  229  226  223  221  218  215  212
  210  207  205  202  200  198  196  194  192  191  189  188  188  187  187  187
  187  188  187  189  194  198  199  208  212                                   
    85.0-180.0 180.0   5.0 450.0                            LAT/LON1/LON2/DLON/H
  189  193  203  204  207  215  218  223  227  230  233  236  239  242  244  246
  249  250  252  254  255  256  257  258  258  258  258  258  258  257  257  256
  255  253  251  249  247  245  242  239  236  233  229  226  222  219  215  212
  208  205  202  199  196  193  191  188  186  185  183  182  181  181  180  180
  182  183  182  185  188  188  193  203  189                                   
    82.5-180.0 180.0   5.0 450.0                            LAT/LON1/LON2/DLON/H
  164  184  190  193  200  210  216  221  226  230  234  237  240  243  246  248
  250  252  254  255  257  258  260  261  262  263  264  265  265  265  265  264
  264  262  261  259  256  253  250  246  242  237  232  228  223  218  213  208
  204  199  195  191  187  183  180  176  173  171  168  167  165  164  163  163
  164  165  164  169  171  181  184  176  164                                   
    80.0-180.0 180.0   5.0 450.0                            LAT/LON1/LON2/DLON/H
  160  179  187  192  196  205  211  219  224  229  232  236  238  240  242  244
  245  246  248  249  250  251  253  254  255  257  258  259  260  261  262  263
  263  263  262  261  259  257  254  251  247  243  239  234  230  225  221  216
  212  208  204  200  196  192  188  184  180  177  173  170  168  165  164  163
  162  162  161  164  164  166  172  164  160                                   
    77.5-180.0 180.0   5.0 450.0                            LAT/LON1/LON2/DLON/H
  166  179  187  191  196  204  210  217  222  226  229  231  233  234  234  235
  235  236  237  238  239  241  243  245  247  249  251  254  256  258  261  263
  265  266  267  268  268  267  265  262  259  256  252  248  244  240  237  233
  230  226  223  219  216  212  207  203  199  194  190  185  181  177  174  171
  168  166  163  166  168  166  170  166  166                                   
    75.0-180.0 180.0   5.0 450.0                            LAT/LON1/LON2/DLON/H
  167  179  184  188  192  201  207  212  218  221  223  224  224  224  223  222
  222  222  223  225  227  229  231  234  237  240  243  245  249  252  255  259
  262  266  269  271  273  274  274  272  271  268  266  263  260  258  256  254
  252  250  248  245  242  239  234  229  224  218  213  207  201  195  189  184
  179  176  172  170  170  168  172  163  167                                   
    72.5-180.0 180.0   5.0 450.0                            LAT/LON1/LON2/DLON/H
  166  176  181  186  188  196  203  208  212  215  216  217  216  214  213  212
  211  212  213  215  218  222  226  229  233  236  239  242  245  248  252  257
  262  267  271  276  279  282  283  283  282  281  280  278  277  276  276  275
  275  274  273  271  269  265  260  254  248  241  233  226  218  210  203  196
  189  183  177  174  171  169  173  168  166                                   
    70.0-180.0 180.0   5.0 450.0                            LAT/LON1/LON2/DLON/H
  161  168  172  177  179  187  194  199  204  208  209  209  208  206  204  203
  202  204  206  210  215  220  225  229  233  237  239  242  244  247  250  255
  260  266  272  277  282  286  288  290  290  290  290  289  289  289  290  291
  291  291  291  289  286  281  275  268  260  252  243  234  225  216  208  200
  191  183  177  172  168  167  171  167  161                                   
    67.5-180.0 180.0   5.0 450.0                            LAT/LON1/LON2/DLON/H
  150  157  160  166  168  177  184  190  196  201  203  204  204  202  201  200
  201  204  208  214  220  227  233  238  243  246  248  249  250  251  253  257
  262  268  275  281  287  291  295  297  298  299  299  300  300  301  302  302
  303  302  301  298  293  287  280  272  262  253  243  234  224  215  205  197
  187  179  171  166  160  158  161  160  150                                   
    65.0-180.0 180.0   5.0 450.0                            LAT/LON1/LON2/DLON/H
  134  139  141  146  149  157  165  174  182  189  194  196  197  197  197  198
  200  205  211  218  226  234  241  247  251  254  255  254  254  254  255  258
  263  269  276  283  289  294  298  301  303  304  305  305  306  305  305  304
  303  300  297  292  286  279  270  260  250  240  230  221  211  201  192  182
  172  163  156  150  146  145  148  148  134                                   
    62.5-180.0 180.0   5.0 450.0                            LAT/LON1/LON2/DLON/H
  117  119  119  124  126  134  143  154  165  175  182  188  191  193  195  197
  202  207  215  223  232  240  248  254  258  260  260  259  258  257  258  261
  266  272  279  286  292  297  302  305  307  309  310  310  310  308  305  302
  298  293  288  281  273  265  255  245  235  225  216  206  197  187  178  168
  157  147  140  134  130  128  130  131  117                                   
    60.0-180.0 180.0   5.0 450.0                            LAT/LON1/LON2/DLON/H
  102  102  100  102  102  109  119  130  144  157  168  177  183  187  191  196
  202  209  217  225  234  242  249  255  259  262  262  261  260  259  261  264
  270  277  284  291  298  303  308  311  314  316  317  317  316  312  307  300
  293  286  279  271  262  253  244  234  225  216  207  199  190  181  170  159
  147  137  129  122  118  115  116  116  102                                   
    57.5-180.0 180.0   5.0 450.0                            LAT/LON1/LON2/DLON/H
   96   92   88   86   84   89   98  109  124  139  153  165  173  181  187  194
  201  209  217  225  232  239  246  252  256  259  260  260  261  262  266  271
  278  286  294  301  308  314  318  322  325  328  329  329  326  321  313  304
  295  285  276  267  259  250  242  234  226  218  211  204  196  186  176  164
  150  138  128  121  115  111  111  108   96                                   
    55.0-180.0 180.0   5.0 450.0                            LAT/LON1/LON2/DLON/H
  101   94   88   81   76   78   85   95  109  125  140  154  165  175  184  193
  202  210  218  224  230  235  241  247  251  255  258  260  263  267  273  281
  290  300  309  317  324  330  335  339  342  345  346  345  342  335  326  316
  304  293  283  274  266  258  251  245  239  233  227  220  213  204  193  180
  165  152  140  131  124  119  117  112  101                                   
    52.5-180.0 180.0   5.0 450.0                            LAT/LON1/LON2/DLON/H
  116  108  100   90   82   81   84   91  103  117  132  147  160  172  183  194
  205  214  221  226  230  234  239  244  250  254  259  263  269  276  285  296
  307  318  327  336  344  351  356  360  364  366  367  366  362  355  345  333
  321  309  298  289  281  274  268  263  259  254  249  244  237  229  218  204
  188  174  160  151  142  137  133  125  116                                   
    50.0-180.0 180.0   5.0 450.0                            LAT/LON1/LON2/DLON/H
  138  131  121  110   99   97   96   98  107  119  132  146  160  173  187  200
  213  222  229  233  236  239  243  249  255  261  267  273  281  290  302  315
  327  339  349  359  368  375  381  385  388  390  390  388  384  376  366  354
  341  329  318  307  299  292  286  282  279  275  271  267  260  252  242  229
  213  198  184  175  166  160  154  146  138                                   
    47.5-180.0 180.0   5.0 450.0                            LAT/LON1/LON2/DLON/H
  162  158  147  137  126  121  117  115  120  129  140  153  167  181  196  211
  224  235  242  245  247  250  255  262  269  276  282  289  298  309  322  335
  348  360  372  383  393  402  408  412  414  414  412  409  403  395  385  373
  361  348  335  323  312  303  296  291  288  285  281  277  272  264  255  244
  229  217  202  194  186  181  175  166  162                                   
    45.0-180.0 180.0   5.0 450.0                            LAT/LON1/LON2/DLON/H
  181  181  172  164  155  149  142  137  138  145  154  167  180  194  209  225
  240  251  258  261  264  268  274  282  290  297  304  310  319  330  343  356
  369  381  393  406  418  429  437  440  440  438  434  428  421  411  400  388
  375  361  346  331  316  303  293  286  282  278  274  270  265  259  252  243
  232  222  210  204  197  194  188  181  181                                   
    42.5-180.0 180.0   5.0 450.0                            LAT/LON1/LON2/DLON/H
  189  196  189  186  180  173  165  158  157  162  171  183  196  210  226  242
  256  268  275  279  283  288  297  306  315  322  327  333  340  351  363  376
  388  400  414  429  445  459  468  472  471  465  458  448  438  426  413  400
  386  371  353  334  314  297  283  272  265  260  255  250  245  240  235  229
  221  215  205  201  197  196  191  184  189                                   
    40.0-180.0 180.0   5.0 450.0                            LAT/LON1/LON2/DLON/H
  187  198  195  196  195  188  181  174  172  177  187  200  213  228  243  258
  272  284  291  297  302  309  319  330  339  346  349  353  359  369  381  394
  407  421  438  457  477  495  506  511  508  500  488  475  459  444  429  414
  399  382  362  339  316  294  276  262  253  245  239  232  225  220  215  211
  206  203  195  192  189  189  185  176  187                                   
    37.5-180.0 180.0   5.0 450.0                            LAT/LON1/LON2/DLON/H
  179  192  192  195  198  192  187  180  180  186  198  213  228  243  257  272
  285  297  305  311  318  327  338  350  359  365  368  371  377  387  400  414
  430  447  468  492  517  540  555  560  557  547  532  513  493  473  454  438
  422  404  383  358  332  307  287  271  259  250  242  233  223  215  209  205
  200  197  190  185  183  182  176  164  179                                   
    35.0-180.0 180.0   5.0 450.0                            LAT/LON1/LON2/DLON/H
  171  184  184  187  190  185  183  177  179  188  203  221  238  254  268  282
  295  306  315  323  331  341  354  366  375  380  383  387  394  406  421  439
  460  483  510  540  571  598  616  624  621  609  591  568  543  518  496  478
  461  444  423  398  372  347  326  310  298  288  277  265  252  239  229  221
  214  209  201  193  189  183  175  158  171                                   
    32.5-180.0 180.0   5.0 450.0                            LAT/LON1/LON2/DLON/H
  170  181  177  178  179  172  172  168  172  184  201  223  243  260  275  288
  301  313  323  333  343  354  367  379  388  393  398  404  414  429  449  473
  500  531  565  602  638  669  689  698  696  685  665  639  610  581  557  537
  521  505  486  464  442  420  402  387  375  365  353  338  319  299  282  268
  256  247  235  222  213  201  189  164  170                                   
    30.0-180.0 180.0   5.0 450.0                            LAT/LON1/LON2/DLON/H
  181  188  176  173  170  162  162  159  163  176  196  220  243  262  277  291
  305  318  331  343  355  368  380  392  401  409  416  426  440  460  486  517
  552  592  634  676  716  747  768  776  774  764  745  720  689  659  634  614
  600  586  571  554  538  523  510  500  491  482  469  451  427  399  372  349
  329  312  294  275  260  239  221  187  181                                   
    27.5-180.0 180.0   5.0 450.0                            LAT/LON1/LON2/DLON/H
  206  207  183  176  169  159  158  154  157  170  190  215  238  259  276  291
  307  322  338  354  369  383  396  407  418  428  439  454  473  499  531  569
  613  661  709  755  793  822  839  845  843  834  818  796  768  740  715  697
  684  673  662  651  642  635  630  625  620  614  604  586  559  525  490  458
  428  403  377  348  324  295  268  227  206                                   
    25.0-180.0 180.0   5.0 450.0                            LAT/LON1/LON2/DLON/H
  241  237  201  188  178  166  162  155  156  167  184  208  232  254  273  290
  308  327  347  367  385  400  414  426  438  452  469  489  514  544  582  626
  677  729  780  824  858  879  890  892  889  882  871  854  832  807  784  767
  755  744  734  727  723  722  721  721  721  720  714  700  675  640  603  565
  531  503  470  434  398  362  327  281  241                                   
    22.5-180.0 180.0   5.0 450.0                            LAT/LON1/LON2/DLON/H
  281  273  229  208  195  180  173  163  161  167  181  202  226  248  269  289
  310  333  357  380  401  418  432  446  461  479  502  528  557  592  633  680
  733  787  836  873  898  910  913  910  906  902  895  884  867  847  827  811
  797  784  771  762  757  757  758  760  763  767  767  760  741  710  676  639
  605  580  548  509  467  425  388  339  281                                   
    20.0-180.0 180.0   5.0 450.0                            LAT/LON1/LON2/DLON/H
  316  304  259  230  216  199  189  175  168  169  179  197  219  243  265  288
  312  339  366  392  414  433  448  464  483  507  536  567  600  636  677  724
  775  824  865  893  908  911  907  900  895  892  889  883  871  855  838  822
  805  787  767  751  740  735  735  736  741  748  754  754  742  719  692  660
  631  612  587  551  512  467  433  389  316                                   
    17.5-180.0 180.0   5.0 450.0                            LAT/LON1/LON2/DLON/H
  339  323  283  251  235  217  204  187  176  172  177  192  213  237  262  287
  314  343  373  401  424  443  459  478  501  532  566  602  637  672  710  752
  795  836  868  887  893  889  880  870  864  861  860  857  849  837  822  805
  785  759  730  702  681  668  662  660  664  673  683  689  686  670  650  625
  603  593  578  549  519  477  449  412  339                                   
    15.0-180.0 180.0   5.0 450.0                            LAT/LON1/LON2/DLON/H
  345  323  291  261  245  227  214  196  182  174  175  187  207  231  258  286
  316  346  377  405  428  447  465  486  516  552  592  631  666  698  729  763
  797  829  851  863  863  856  845  833  826  823  822  820  814  803  789  772
  748  716  676  636  603  580  566  559  561  570  583  594  597  588  573  554
  538  534  529  509  489  454  432  400  345                                   
    12.5-180.0 180.0   5.0 450.0                            LAT/LON1/LON2/DLON/H
  331  306  280  256  241  224  214  196  182  172  172  182  200  226  255  285
  316  347  377  404  427  446  466  492  526  568  612  652  686  714  738  763
  789  812  828  835  833  825  814  804  796  791  789  786  779  768  755  737
  710  672  625  576  534  503  482  472  470  478  491  504  509  503  490  473
  460  458  459  447  435  410  392  364  331                                   
    10.0-180.0 180.0   5.0 450.0                            LAT/LON1/LON2/DLON/H
  306  279  258  240  225  210  202  188  175  167  166  175  194  220  251  283
  315  347  376  402  423  443  466  497  537  583  629  670  701  725  744  762
  781  797  808  813  812  806  797  789  782  776  772  766  757  745  731  712
  685  645  595  543  497  461  437  424  419  423  433  442  445  438  423  405
  392  388  389  382  377  360  344  320  306                                   
     7.5-180.0 180.0   5.0 450.0                            LAT/LON1/LON2/DLON/H
  279  253  235  219  205  190  185  173  164  158  159  169  188  215  247  281
  314  345  374  400  422  443  470  505  549  598  645  685  715  736  752  766
