data/edconvlstm_nd/pred3200.15i
     1.0            IONOSPHERE MAPS     GNSS                IONEX VERSION / TYPE
pyspatialgeodesy        IME             05-JAN-18 20:20     PGM / RUN BY / DATE 
Map Name                                                    COMMENT             
Predicted global ionosphere maps (GIM).                     DESCRIPTION         
  2015    11    16     0     0     0                        EPOCH OF FIRST MAP  
  2015    11    17     0     0     0                        EPOCH OF LAST MAP   
  7200                                                      INTERVAL            
    13                                                      # OF MAPS IN FILE   
  NONE                                                      MAPPING FUNCTION    
10.0                                                        ELEVATION CUTOFF    
One-way carrier phase leveled to code                       OBSERVABLES USED    
  6371.0                                                    BASE RADIUS         
 2                                                          MAP DIMENSION       
   450.0 450.0   0.0                                        HGT1 / HGT2 / DHGT  
    87.5 -87.5  -2.5                                        LAT1 / LAT2 / DLAT  
  -180.0 180.0   5.0                                        LON1 / LON2 / DLON  
    -1                                                      EXPONENT            
                                                            END OF HEADER       
[from data line 1716]
     5                                                      START OF TEC MAP    
  2015    11    16     8     0     0                        EPOCH OF CURRENT MAP
    87.5-180.0 180.0   5.0 450.0                            LAT/LON1/LON2/DLON/H
   41   49   46   50   52   52   53   50   51   53   54   55   55   55   55   55
   55   54   53   53   52   51   51   50   50   49   48   48   47   47   46   45
   45   44   43   43   42   41   41   40   39   39   39   38   38   37   37   37
   37   36   36   36   35   35   34   34   34   33   33   32   32   32   31   32
   33   34   33   34   40   47   59   61   41                                   
    85.0-180.0 180.0   5.0 450.0                            LAT/LON1/LON2/DLON/H
   30   53   54   52   55   59   60   61   62   64   64   65   65   65   65   65
   64   64   63   63   62   61   61   60   60   59   59   58   58   57   57   56
   55   55   54   53   52   52   51   51   50   50   50   49   49   48   48   47
   47   46   46   45   45   44   43   42   42   41   40   40   39   39   39   39
   40   41   39   40   44   48   57   54   30                                   
    82.5-180.0 180.0   5.0 450.0                            LAT/LON1/LON2/DLON/H
   24   39   51   49   51   53   55   56   58   60   61   62   62   62   61   60
   60   59   58   57   56   55   55   54   54   53   53   53   53   52   52   51
   51   51   50   50   50   49   49   49   49   49   49   49   49   49   49   49
   48   47   47   46   45   44   42   41   40   38   37   36   35   34   33   33
   33   34   32   33   43   41   41   40   24                                   
    80.0-180.0 180.0   5.0 450.0                            LAT/LON1/LON2/DLON/H
   26   33   45   42   47   48   51   52   55   57   57   59   59   58   57   56
   54   53   51   50   49   48   48   48   48   48   48   48   48   48   48   48
   48   48   48   48   48   49   50   50   51   52   53   54   55   56   56   56
   56   56   55   54   53   51   49   47   44   42   39   36   34   32   30   29
   29   28   28   29   36   36   37   37   26                                   
    77.5-180.0 180.0   5.0 450.0                            LAT/LON1/LON2/DLON/H
   32   34   39   37   40   43   46   48   52   54   54   56   56   55   53   51
   49   47   45   44   42   41   41   41   40   41   41   41   42   42   43   43
   43   44   44   45   46   47   49   51   54   56   59   62   64   67   69   70
   72   72   73   72   71   70   67   64   61   57   52   48   43   39   35   33
   30   28   26   27   29   22   27   30   32                                   
    75.0-180.0 180.0   5.0 450.0                            LAT/LON1/LON2/DLON/H
   27   31   34   35   37   41   44   45   48   50   51   52   51   50   48   46
   44   41   39   38   37   36   36   36   36   37   38   39   39   40   41   41
   41   42   43   44   46   48   51   55   60   65   70   75   80   84   88   92
   95   97   98   98   97   96   93   89   84   78   72   66   60   54   48   43
   38   35   33   30   31   23   25   25   27                                   
    72.5-180.0 180.0   5.0 450.0                            LAT/LON1/LON2/DLON/H
   30   30   32   32   35   40   44   45   47   49   49   50   49   48   46   43
   41   39   37   35   34   33   33   34   34   35   36   37   38   39   40   40
   41   41   42   44   47   51   56   62   69   77   85   93  100  107  113  118
  122  125  127  128  127  125  122  117  111  105   97   89   81   73   66   60
   54   49   46   42   41   31   32   31   30                                   
    70.0-180.0 180.0   5.0 450.0                            LAT/LON1/LON2/DLON/H
   34   31   35   35   37   40   43   44   46   48   48   48   47   46   44   42
   40   38   36   35   34   33   34   34   35   37   38   39   40   40   41   41
   41   41   43   45   48   53   60   68   78   88   99  110  120  129  136  142
  147  151  153  153  152  149  145  139  132  124  115  106   97   88   80   74
   68   62   60   53   50   41   43   41   34                                   
    67.5-180.0 180.0   5.0 450.0                            LAT/LON1/LON2/DLON/H
   35   33   34   36   37   41   43   45   46   47   47   47   47   46   44   42
   41   39   37   36   35   35   35   36   37   38   39   39   40   40   40   40
   40   40   41   44   48   55   63   73   85   98  111  124  136  146  154  161
  166  169  170  169  167  163  158  151  143  134  125  115  105   96   87   81
   75   70   68   61   58   49   49   48   35                                   
    65.0-180.0 180.0   5.0 450.0                            LAT/LON1/LON2/DLON/H
   38   36   36   38   38   42   44   46   47   48   48   48   47   47   46   45
   43   42   40   39   38   37   37   38   39   40   40   41   41   40   40   39
   40   41   43   46   51   59   69   80   94  109  124  139  152  163  171  178
  182  184  184  182  178  172  166  157  148  139  128  118  108   98   90   83
   78   73   71   65   63   55   55   55   38                                   
    62.5-180.0 180.0   5.0 450.0                            LAT/LON1/LON2/DLON/H
   39   36   35   38   39   43   45   46   47   48   48   48   48   48   48   47
   46   44   43   41   40   39   39   39   39   40   40   40   39   39   38   38
   40   42   45   50   57   65   76   90  105  121  137  152  165  176  185  191
  194  195  193  189  183  176  168  159  149  139  128  117  107   96   87   79
   73   69   68   63   61   55   55   57   39                                   
    60.0-180.0 180.0   5.0 450.0                            LAT/LON1/LON2/DLON/H
   40   36   34   37   37   41   43   44   45   45   45   46   46   47   47   47
   46   45   43   41   39   38   37   37   37   37   36   36   35   34   34   36
   39   43   48   55   63   73   85   99  115  131  147  162  175  186  194  200
  202  202  199  194  187  178  169  159  149  138  128  117  106   94   83   74
   66   60   59   55   55   49   50   52   40                                   
    57.5-180.0 180.0   5.0 450.0                            LAT/LON1/LON2/DLON/H
   40   34   32   35   36   39   41   42   43   43   43   44   45   46   46   47
   46   45   42   40   37   36   34   34   33   33   32   31   30   30   31   34
   39   46   54   63   73   84   97  111  127  143  158  173  185  196  204  209
  212  212  209  203  195  186  176  166  156  146  136  125  113  100   86   75
   64   56   54   50   50   44   45   47   40                                   
    55.0-180.0 180.0   5.0 450.0                            LAT/LON1/LON2/DLON/H
   42   35   32   35   36   38   40   41   41   41   41   42   42   44   45   46
   45   44   41   38   36   33   32   31   31   30   29   28   27   27   30   34
   42   52   62   74   86   98  111  126  140  155  169  183  195  205  213  220
  223  224  221  216  208  198  188  178  169  161  152  141  129  114   98   83
   69   57   54   49   49   41   42   44   42                                   
    52.5-180.0 180.0   5.0 450.0                            LAT/LON1/LON2/DLON/H
   48   39   35   37   38   40   42   42   41   41   40   41   41   43   44   45
   45   44   42   39   36   33   32   31   30   29   28   27   26   27   30   37
   47   59   73   87  101  114  128  141  155  168  181  193  204  214  223  231
  236  237  236  231  223  214  204  195  187  180  172  163  151  135  117   99
   81   67   61   55   54   45   45   47   48                                   
    50.0-180.0 180.0   5.0 450.0                            LAT/LON1/LON2/DLON/H
   57   47   42   44   44   46   47   46   45   44   42   42   42   44   45   46
   46   45   43   41   39   37   35   34   34   33   32   30   29   29   33   42
   54   69   86  102  117  131  145  158  171  183  194  204  214  223  233  241
  247  250  249  245  238  230  221  212  204  198  191  183  172  156  137  118
   98   82   74   65   64   55   55   55   57                                   
    47.5-180.0 180.0   5.0 450.0                            LAT/LON1/LON2/DLON/H
   68   59   53   54   53   56   56   54   52   50   48   47   46   47   48   49
   49   49   48   46   45   44   43   43   42   41   39   37   35   35   39   49
   63   80   98  116  133  148  162  176  188  199  208  216  224  232  241  249
  255  259  259  256  249  241  232  223  216  210  204  196  185  171  153  133
  114   98   88   78   76   68   69   70   68                                   
    45.0-180.0 180.0   5.0 450.0                            LAT/LON1/LON2/DLON/H
   80   72   66   67   66   69   69   66   64   60   57   55   53   53   54   54
   54   55   55   55   55   56   56   55   54   52   49   46   43   43   47   57
   72   90  110  130  148  164  180  194  206  216  223  229  234  241  248  255
  260  263  263  259  253  245  236  227  219  212  206  199  188  175  158  140
  123  108   98   89   87   82   84   85   80                                   
    42.5-180.0 180.0   5.0 450.0                            LAT/LON1/LON2/DLON/H
   88   84   77   80   79   82   82   79   77   73   70   67   64   63   62   62
   62   63   64   66   68   70   70   69   67   64   60   56   53   52   55   65
   81  100  121  141  161  179  197  212  225  233  239  242  245  249  253  258
  261  262  261  257  251  243  234  225  216  208  200  192  182  169  153  138
  123  110  102   94   93   90   93   95   88                                   
    40.0-180.0 180.0   5.0 450.0                            LAT/LON1/LON2/DLON/H
   89   88   83   87   87   91   92   91   89   86   83   80   78   76   74   73
   73   73   75   79   82   84   84   82   78   74   70   65   61   59   63   73
   89  109  130  152  173  193  212  229  242  250  254  256  256  258  260  262
  262  261  258  253  248  241  232  223  213  204  195  184  172  158  143  129
  115  104   98   91   90   89   92   96   89                                   
    37.5-180.0 180.0   5.0 450.0                            LAT/LON1/LON2/DLON/H
   83   83   79   85   87   92   94   96   96   95   94   93   91   89   87   85
   84   85   87   90   94   96   95   91   86   81   76   72   68   66   70   81
   97  117  139  162  184  206  227  245  259  267  271  271  271  270  270  270
  268  265  261  257  253  247  240  231  221  211  199  187  172  155  137  122
  108   97   90   83   82   78   83   87   83                                   
    35.0-180.0 180.0   5.0 450.0                            LAT/LON1/LON2/DLON/H
   72   72   69   74   78   83   88   92   96   98   99  101  101  100   99   97
   95   95   97  100  103  104  101   97   91   85   81   76   73   73   77   89
  106  126  149  173  196  220  242  261  275  284  288  289  288  288  288  287
  285  281  278  275  273  270  265  258  249  238  225  210  191  169  147  128
  111   96   87   78   74   65   70   74   72                                   
    32.5-180.0 180.0   5.0 450.0                            LAT/LON1/LON2/DLON/H
   60   58   55   60   63   68   74   81   87   92   97  103  106  108  108  107
  105  104  105  107  108  108  105   99   93   87   83   80   78   78   84   96
  114  136  160  184  209  233  256  276  291  301  306  309  311  313  314  315
  314  313  312  312  313  313  311  306  298  289  275  257  235  208  181  156
  132  111   97   82   73   57   61   64   60                                   
    30.0-180.0 180.0   5.0 450.0                            LAT/LON1/LON2/DLON/H
   54   48   44   48   49   53   59   66   74   81   89   98  105  110  112  112
  111  110  110  111  111  109  105  100   94   89   85   83   81   83   90  103
  123  146  171  197  223  248  271  291  307  318  326  333  339  344  350  355
  358  360  362  366  371  374  375  373  368  359  346  327  302  272  239  207
  176  148  127  103   88   63   64   64   54                                   
    27.5-180.0 180.0   5.0 450.0                            LAT/LON1/LON2/DLON/H
   57   47   39   41   40   42   46   52   59   67   77   89   99  106  111  113
  114  113  112  112  111  109  105  100   95   91   88   86   85   87   95  110
  131  157  184  210  237  262  285  306  323  337  349  360  371  382  394  404
  413  420  428  437  446  453  457  457  453  446  433  414  386  353  315  278
  241  206  178  145  122   88   83   77   57                                   
    25.0-180.0 180.0   5.0 450.0                            LAT/LON1/LON2/DLON/H
   76   61   48   44   41   40   41   44   49   56   66   77   88   98  105  109
  111  112  111  110  109  107  105  102   98   95   92   89   88   90   99  116
  140  168  196  224  251  276  299  320  339  356  373  390  407  425  443  460
  476  490  504  518  531  542  548  549  547  540  528  507  479  443  402  361
  318  279  243  204  176  133  121  107   76                                   
    22.5-180.0 180.0   5.0 450.0                            LAT/LON1/LON2/DLON/H
  112   92   73   63   55   51   48   46   47   52   58   67   77   87   95  101
  104  106  106  106  106  106  106  105  102  100   96   92   91   93  104  123
  149  178  208  237  265  290  314  335  356  376  398  421  444  468  493  516
  539  560  579  598  614  626  633  635  632  625  613  593  564  528  487  444
  399  357  315  274  240  192  173  155  112                                   
    20.0-180.0 180.0   5.0 450.0                            LAT/LON1/LON2/DLON/H
  162  141  117   99   85   75   68   61   57   57   59   64   70   78   85   91
   95   98  100  101  102  104  106  107  107  104  100   96   94   97  108  128
  156  187  219  249  277  304  328  350  373  398  424  452  480  508  537  566
  593  618  640  659  674  684  689  690  687  681  669  651  625  592  555  514
  470  429  385  345  307  259  233  214  162                                   
    17.5-180.0 180.0   5.0 450.0                            LAT/LON1/LON2/DLON/H
  218  198  174  151  129  113  101   89   80   74   69   68   70   74   79   83
   88   91   94   96   99  103  107  110  111  109  104   99   97  100  112  133
  162  195  228  259  289  316  340  365  390  418  449  480  510  540  570  601
  629  654  673  688  697  701  703  702  700  694  684  669  649  623  593  558
  521  485  443  407  367  321  293  275  218                                   
    15.0-180.0 180.0   5.0 450.0                            LAT/LON1/LON2/DLON/H
  268  253  233  208  179  159  143  129  114  101   90   82   79   78   79   81
   84   87   90   93   97  102  108  113  115  113  108  103  100  103  115  137
  168  202  236  268  298  325  351  377  405  436  469  502  532  561  590  617
  642  662  676  683  685  683  681  678  675  670  663  652  638  620  599  573
  543  514  479  448  410  368  342  325  268                                   
    12.5-180.0 180.0   5.0 450.0                            LAT/LON1/LON2/DLON/H
  305  295  282  256  225  204  188  173  155  136  119  105   95   90   87   86
   87   89   91   94   98  104  111  116  119  117  112  107  103  106  120  143
  175  210  243  275  304  331  358  386  416  450  484  517  546  572  595  617
  636  649  655  655  652  646  640  635  631  626  620  613  605  594  581  563
  542  519  491  465  432  394  371  355  305                                   
    10.0-180.0 180.0   5.0 450.0                            LAT/LON1/LON2/DLON/H
  328  319  309  285  258  238  225  213  195  173  151  132  119  109  103   98
   96   96   98  100  104  110  117  122  124  122  117  112  109  113  127  151
  183  216  248  278  305  332  360  389  422  458  493  526  552  574  592  608
  620  626  627  622  615  607  600  593  587  582  577  572  568  563  556  543
  527  508  485  462  435  399  377  362  328                                   
     7.5-180.0 180.0   5.0 450.0                            LAT/LON1/LON2/DLON/H
  337  326  317  294  274  257  249  241  226  205  181  161  145  134  125  117
  113  110  110  112  115  120  126  129  130  127  123  118  116  121  136  160
