data/edconvlstm_nd/pred0610.15i
     1.0            IONOSPHERE MAPS     GNSS                IONEX VERSION / TYPE
pyspatialgeodesy        IME             05-JAN-18 20:20     PGM / RUN BY / DATE 
Map Name                                                    COMMENT             
Predicted global ionosphere maps (GIM).                     DESCRIPTION         
  2015     3     2     0     0     0                        EPOCH OF FIRST MAP  
  2015     3     3     0     0     0                        EPOCH OF LAST MAP   
  7200                                                      INTERVAL            
    13                                                      # OF MAPS IN FILE   
  NONE                                                      MAPPING FUNCTION    
10.0                                                        ELEVATION CUTOFF    
One-way carrier phase leveled to code                       OBSERVABLES USED    
  6371.0                                                    BASE RADIUS         
 2                                                          MAP DIMENSION       
   450.0 450.0   0.0                                        HGT1 / HGT2 / DHGT  
    87.5 -87.5  -2.5                                        LAT1 / LAT2 / DLAT  
  -180.0 180.0   5.0                                        LON1 / LON2 / DLON  
    -1                                                      EXPONENT            
                                                            END OF HEADER       
[from data line 1716]
     5                                                      START OF TEC MAP    
  2015     3     2     8     0     0                        EPOCH OF CURRENT MAP
    87.5-180.0 180.0   5.0 450.0                            LAT/LON1/LON2/DLON/H
  105  106  102  106  108  108  106  105  107  108  108  109  108  108  107  106
  105  103  102  100   99   97   95   93   92   90   89   87   86   85   84   83
   82   81   80   79   78   78   77   76   76   76   75   75   75   74   74   74
   74   73   73   73   72   72   72   71   71   71   71   71   72   72   73   75
   77   81   81   83   88   91  102  109  105                                   
    85.0-180.0 180.0   5.0 450.0                            LAT/LON1/LON2/DLON/H
   95  106  109  109  110  114  114  115  117  117  117  117  117  116  114  112
  110  108  106  104  101   99   97   95   93   91   90   88   87   86   85   84
   84   83   83   83   82   82   82   82   82   82   82   82   82   82   82   82
   82   81   81   80   79   78   77   76   75   75   74   74   74   74   74   76
   79   83   82   84   84   90   95  100   95                                   
    82.5-180.0 180.0   5.0 450.0                            LAT/LON1/LON2/DLON/H
   89  104  107  104  105  109  110  111  114  115  115  115  113  112  109  107
  103  100   97   93   90   87   84   81   78   76   74   73   72   71   71   71
   71   71   72   73   74   75   76   77   78   80   81   82   84   85   86   87
   87   88   88   87   86   85   83   81   79   76   74   72   71   70   69   70
   72   74   74   77   82   86   83   83   89                                   
    80.0-180.0 180.0   5.0 450.0                            LAT/LON1/LON2/DLON/H
   92  102  105  104  105  107  109  112  115  116  115  115  113  110  107  103
   98   93   89   84   79   75   71   68   65   63   61   60   59   59   60   61
   62   64   66   68   71   74   76   79   83   86   89   92   96   99  102  105
  108  110  111  111  111  109  106  103   99   94   90   86   82   79   77   76
   76   75   75   77   81   85   88   84   92                                   
    77.5-180.0 180.0   5.0 450.0                            LAT/LON1/LON2/DLON/H
   96  101  104  103  103  106  109  111  114  114  113  112  110  106  102   97
   92   87   81   76   71   66   62   58   56   54   53   53   53   55   57   59
   62   66   70   74   79   83   88   93   98  104  109  115  121  127  133  140
  146  151  155  157  158  157  154  149  143  136  128  120  113  107  102   98
   95   92   89   90   91   88   89   88   96                                   
    75.0-180.0 180.0   5.0 450.0                            LAT/LON1/LON2/DLON/H
   96  101   99  100   99  103  105  106  109  109  107  106  103   99   94   89
   84   78   73   68   63   58   54   51   49   48   48   49   50   53   56   59
   64   68   74   80   86   93   99  106  113  120  128  136  145  155  165  175
  185  194  202  207  210  210  207  202  194  184  173  162  152  143  135  129
  123  117  112  107  104   97   98   93   96                                   
    72.5-180.0 180.0   5.0 450.0                            LAT/LON1/LON2/DLON/H
   95   96   93   94   94   98  101  102  104  103  101  100   96   92   88   84
   79   74   69   64   60   56   53   51   50   50   50   52   54   57   61   65
   70   76   83   90   98  106  114  123  132  141  151  161  173  186  200  214
  228  241  252  261  266  267  265  258  248  236  222  208  195  183  173  164
  156  148  141  132  123  111  108  103   95                                   
    70.0-180.0 180.0   5.0 450.0                            LAT/LON1/LON2/DLON/H
   98   91   89   89   88   91   95   96   98   98   96   94   91   88   84   80
   77   73   69   66   63   60   58   57   57   57   59   61   63   66   70   74
   79   84   91   99  108  117  126  136  147  158  169  182  197  213  231  249
  267  284  298  309  316  318  315  307  295  280  263  247  231  216  204  194
  185  175  166  153  140  124  120  116   98                                   
    67.5-180.0 180.0   5.0 450.0                            LAT/LON1/LON2/DLON/H
   94   84   81   82   81   85   90   92   94   94   93   92   90   88   85   83
   80   78   76   74   72   71   70   69   70   70   72   74   76   78   80   83
   87   91   97  105  113  123  134  144  156  168  181  196  213  231  251  272
  293  312  328  341  348  350  346  336  322  306  287  269  252  237  223  213
  202  192  182  166  151  132  125  122   94                                   
    65.0-180.0 180.0   5.0 450.0                            LAT/LON1/LON2/DLON/H
   95   81   76   77   75   80   86   89   92   92   92   92   91   90   89   88
   87   86   85   84   84   84   83   84   84   85   87   88   89   90   91   92
   94   97  102  109  118  128  140  152  164  178  193  210  228  249  270  293
  315  335  352  364  371  372  366  355  340  322  303  285  267  252  238  227
  216  205  194  177  161  140  132  130   95                                   
    62.5-180.0 180.0   5.0 450.0                            LAT/LON1/LON2/DLON/H
   97   79   73   73   71   75   81   84   87   89   90   92   92   93   93   93
   93   93   93   93   94   94   94   95   95   96   96   97   97   96   96   95
   96   98  103  109  118  129  141  154  169  184  201  219  239  261  284  307
  329  348  364  376  381  381  374  363  347  330  312  294  278  262  248  237
  225  213  202  185  169  146  136  134   97                                   
    60.0-180.0 180.0   5.0 450.0                            LAT/LON1/LON2/DLON/H
  103   82   74   71   67   70   75   77   80   82   84   88   90   92   94   95
   96   96   97   97   98   99   99   99   99   98   98   97   97   95   94   93
   93   95  100  106  116  128  141  156  172  189  208  228  250  273  296  319
  340  358  373  382  387  385  378  367  353  338  322  307  292  277  263  250
  236  223  211  193  178  153  142  139  103                                   
    57.5-180.0 180.0   5.0 450.0                            LAT/LON1/LON2/DLON/H
  117   92   82   75   69   69   70   71   72   74   77   81   85   89   92   94
   95   96   96   96   97   97   97   96   95   94   93   91   90   89   88   88
   89   92   97  105  116  129  144  160  177  197  218  241  264  289  312  334
  353  369  382  390  393  391  385  375  364  352  340  328  315  302  286  271
  255  239  226  208  194  168  155  150  117                                   
    55.0-180.0 180.0   5.0 450.0                            LAT/LON1/LON2/DLON/H
  137  111   98   85   77   72   70   67   66   66   69   74   79   84   87   90
   91   91   91   91   91   90   90   88   86   85   83   81   80   79   79   80
   84   89   97  107  120  134  150  167  186  208  231  257  283  308  331  352
  369  383  394  400  403  401  395  388  379  371  364  356  346  333  317  300
  281  262  248  229  216  190  176  168  137                                   
    52.5-180.0 180.0   5.0 450.0                            LAT/LON1/LON2/DLON/H
  164  137  123  104   92   83   76   68   64   62   63   68   74   79   83   85
   85   85   84   84   83   82   81   79   77   74   72   70   69   69   71   74
   81   90  101  115  129  145  161  179  200  223  249  276  304  330  353  372
  387  399  407  413  415  413  409  403  397  393  390  385  378  367  350  330
  308  288  271  252  240  216  201  190  164                                   
    50.0-180.0 180.0   5.0 450.0                            LAT/LON1/LON2/DLON/H
  192  167  151  129  115  102   90   78   69   64   64   68   72   77   80   82
   81   80   78   77   76   75   73   71   69   66   63   61   60   61   64   71
   81   95  110  127  143  160  177  195  216  241  269  298  327  354  376  393
  405  414  421  425  427  425  422  417  413  411  411  409  404  393  377  355
  331  310  291  272  262  241  227  215  192                                   
    47.5-180.0 180.0   5.0 450.0                            LAT/LON1/LON2/DLON/H
  216  193  179  156  141  125  110   94   82   74   72   74   77   81   83   83
   81   78   76   73   72   70   68   67   64   62   59   57   56   57   62   71
   85  102  121  141  160  177  195  214  236  261  290  321  350  376  397  411
  421  427  432  435  436  434  429  424  420  418  418  418  414  404  388  367
  343  321  301  283  275  258  245  235  216                                   
    45.0-180.0 180.0   5.0 450.0                            LAT/LON1/LON2/DLON/H
  228  208  198  179  165  149  133  115  100   91   86   86   88   90   90   89
   86   82   78   74   72   69   68   66   64   62   59   57   55   56   61   72
   89  110  133  155  176  195  213  233  256  282  312  343  371  396  414  425
  431  435  438  440  439  435  428  420  414  410  409  407  403  394  380  361
  338  318  298  282  274  261  250  245  228                                   
    42.5-180.0 180.0   5.0 450.0                            LAT/LON1/LON2/DLON/H
  225  208  203  191  180  167  153  137  121  111  105  103  103  103  102   99
   95   90   85   80   76   73   71   69   68   66   63   60   57   57   63   75
   93  117  142  167  189  210  230  252  277  304  334  363  390  412  426  433
  437  438  440  441  439  432  422  410  399  392  387  384  379  370  357  341
  322  304  285  269  260  249  241  239  225                                   
    40.0-180.0 180.0   5.0 450.0                            LAT/LON1/LON2/DLON/H
  206  191  191  186  182  173  164  152  139  129  122  120  118  117  115  113
  108  103   97   90   85   80   77   75   74   72   69   65   61   60   65   77
   97  122  149  176  200  223  245  270  297  326  355  383  407  425  435  440
  441  442  444  444  441  433  420  404  389  378  369  362  354  345  333  320
  305  288  269  252  240  227  219  220  206                                   
    37.5-180.0 180.0   5.0 450.0                            LAT/LON1/LON2/DLON/H
  180  163  166  165  167  165  162  156  148  141  135  132  130  129  128  126
  123  118  111  103   96   90   86   83   81   79   75   71   66   65   69   81
  101  127  155  182  208  233  260  288  319  349  378  403  424  438  445  448
  450  452  456  459  457  448  434  416  398  383  371  360  349  337  325  313
  300  284  264  242  225  204  195  194  180                                   
    35.0-180.0 180.0   5.0 450.0                            LAT/LON1/LON2/DLON/H
  156  135  136  134  140  143  146  148  145  142  139  137  136  137  138  138
  136  132  125  117  109  101   95   91   88   85   82   77   72   70   74   85
  105  131  160  188  216  244  275  308  342  374  402  426  443  454  460  464
  468  475  483  490  492  486  472  455  436  420  405  390  375  360  347  335
  322  305  282  254  230  196  183  175  156                                   
    32.5-180.0 180.0   5.0 450.0                            LAT/LON1/LON2/DLON/H
  147  118  113  106  111  115  123  129  132  133  133  134  135  138  142  145
  146  143  138  130  121  112  105  100   96   92   89   84   79   76   80   92
  112  138  167  197  226  257  292  329  366  400  428  450  465  475  482  489
  498  511  526  541  549  548  539  523  507  490  473  456  437  419  404  391
  376  358  332  297  265  217  195  177  147                                   
    30.0-180.0 180.0   5.0 450.0                            LAT/LON1/LON2/DLON/H
  160  122  107   92   91   92  100  108  114  118  120  123  127  133  140  146
  150  150  147  140  131  122  114  108  104   99   95   90   86   84   89  102
  123  149  179  208  239  273  311  352  392  427  456  477  491  502  512  524
  540  561  586  609  627  634  631  621  608  593  576  557  535  514  496  480
  463  442  413  371  333  274  239  209  160                                   
    27.5-180.0 180.0   5.0 450.0                            LAT/LON1/LON2/DLON/H
  198  152  126  100   90   84   88   94   99  104  107  111  116  124  133  142
  148  151  149  145  137  130  123  116  111  106  101   96   94   95  102  116
  138  165  195  225  257  292  332  375  417  453  482  504  520  534  548  567
  592  623  658  692  719  736  742  739  731  720  704  685  661  637  615  595
  575  551  518  471  429  360  312  273  198                                   
    25.0-180.0 180.0   5.0 450.0                            LAT/LON1/LON2/DLON/H
  262  210  172  135  113   99   94   95   97  100  101  103  108  115  125  134
  141  145  146  144  140  134  128  123  116  110  105  103  103  108  119  135
  158  185  214  245  277  313  354  397  439  476  507  530  550  568  589  615
  649  690  734  778  814  839  854  860  859  853  841  823  799  772  746  722
  698  672  636  587  541  466  405  362  262                                   
    22.5-180.0 180.0   5.0 450.0                            LAT/LON1/LON2/DLON/H
  346  290  241  195  162  140  124  118  114  112  108  106  107  111  118  126
  132  137  139  139  137  134  131  126  120  114  110  109  113  122  136  155
  179  206  235  266  298  333  373  415  456  494  527  555  579  603  629  661
  702  749  800  848  889  920  941  953  959  959  952  938  917  891  864  836
  810  785  750  702  653  577  509  464  346                                   
    20.0-180.0 180.0   5.0 450.0                            LAT/LON1/LON2/DLON/H
  435  380  324  275  231  202  176  162  150  142  132  122  116  115  117  121
  124  128  130  132  133  132  130  126  121  116  113  115  122  135  151  171
  196  225  254  285  316  350  388  428  468  508  544  577  607  635  665  701
  743  790  840  888  928  959  980  995 1004 1008 1006  999  984  963  939  913
  888  867  838  795  745  673  610  565  435                                   
    17.5-180.0 180.0   5.0 450.0                            LAT/LON1/LON2/DLON/H
  513  463  407  361  309  277  243  223  204  188  170  152  137  127  123  121
  121  122  124  126  128  128  127  125  121  117  116  119  128  142  159  182
  209  239  269  300  330  363  398  436  476  517  558  596  631  663  694  728
  766  808  851  891  925  951  969  980  987  992  994  993  986  973  956  935
  915  899  880  844  798  735  685  645  513                                   
    15.0-180.0 180.0   5.0 450.0                            LAT/LON1/LON2/DLON/H
  564  522  475  438  385  353  317  292  267  245  218  190  166  147  135  127
  122  121  122  124  125  126  126  125  122  119  118  122  130  143  162  186
  216  248  279  310  341  372  405  441  481  524  569  612  650  683  712  741
  771  802  834  863  888  906  917  922  924  927  931  936  937  932  922  907
  892  881  870  842  804  753  718  687  564                                   
    12.5-180.0 180.0   5.0 450.0                            LAT/LON1/LON2/DLON/H
  584  551  517  491  447  419  383  358  331  304  270  234  200  172  152  138
  129  125  124  126  127  128  129  128  126  123  121  123  129  142  161  187
  219  253  286  318  348  378  410  445  485  530  578  624  664  696  721  742
  762  782  800  817  831  842  846  846  843  843  849  858  865  866  861  850
  838  830  824  802  773  733  710  690  584                                   
    10.0-180.0 180.0   5.0 450.0                            LAT/LON1/LON2/DLON/H
  580  554  534  517  486  465  434  410  384  356  319  277  235  199  173  153
  140  133  131  132  134  136  136  135  133  129  126  126  130  141  160  187
  221  257  292  324  354  383  414  448  488  534  585  632  672  700  720  735
  747  757  764  771  778  784  786  783  777  776  781  790  799  803  800  792
  781  773  766  746  723  691  674  663  580                                   
     7.5-180.0 180.0   5.0 450.0                            LAT/LON1/LON2/DLON/H
  564  543  532  523  505  491  464  444  421  394  357  312  266  226  194  170
  153  144  141  142  144  146  146  145  141  137  133  131  134  143  160  188
