data/edconvlstm_nd/pred0570.15i
     1.0            IONOSPHERE MAPS     GNSS                IONEX VERSION / TYPE
pyspatialgeodesy        IME             05-JAN-18 20:20     PGM / RUN BY / DATE 
Map Name                                                    COMMENT             
Predicted global ionosphere maps (GIM).                     DESCRIPTION         
  2015     2    26     0     0     0                        EPOCH OF FIRST MAP  
  2015     2    27     0     0     0                        EPOCH OF LAST MAP   
  7200                                                      INTERVAL            
    13                                                      # OF MAPS IN FILE   
  NONE                                                      MAPPING FUNCTION    
10.0                                                        ELEVATION CUTOFF    
One-way carrier phase leveled to code                       OBSERVABLES USED    
  6371.0                                                    BASE RADIUS         
 2                                                          MAP DIMENSION       
   450.0 450.0   0.0                                        HGT1 / HGT2 / DHGT  
    87.5 -87.5  -2.5                                        LAT1 / LAT2 / DLAT  
  -180.0 180.0   5.0                                        LON1 / LON2 / DLON  
    -1                                                      EXPONENT            
                                                            END OF HEADER       
[from data line 1716]
     5                                                      START OF TEC MAP    
  2015     2    26     8     0     0                        EPOCH OF CURRENT MAP
    87.5-180.0 180.0   5.0 450.0                            LAT/LON1/LON2/DLON/H
   77   78   77   84   89   91   93   92   97  102  105  108  111  113  116  117
  119  120  120  121  121  121  121  121  120  120  119  119  118  117  117  117
  116  116  116  116  116  116  116  116  116  116  115  115  114  113  112  111
  109  107  105  102   99   96   93   90   87   83   80   77   74   71   69   67
   66   67   65   64   70   73   83   85   77                                   
    85.0-180.0 180.0   5.0 450.0                            LAT/LON1/LON2/DLON/H
   64   75   77   79   84   90   95   99  104  110  114  118  122  125  128  130
  132  133  133  134  134  133  133  132  131  130  129  128  128  127  127  127
  127  127  128  128  129  130  131  132  132  133  133  133  132  132  130  129
  127  124  121  118  114  110  105  100   96   91   86   81   77   73   69   67
   66   65   60   61   61   66   73   74   64                                   
    82.5-180.0 180.0   5.0 450.0                            LAT/LON1/LON2/DLON/H
   51   57   65   66   71   78   84   90   97  105  110  117  122  126  129  132
  133  134  134  134  133  131  130  128  126  124  122  121  119  119  119  119
  120  122  124  126  128  131  134  137  139  142  144  145  146  147  147  146
  144  142  138  134  129  123  116  110  102   95   88   81   74   68   62   57
   54   52   47   47   52   52   49   53   51                                   
    80.0-180.0 180.0   5.0 450.0                            LAT/LON1/LON2/DLON/H
   45   42   48   52   58   63   71   79   89   97  105  113  119  124  128  130
  132  132  131  130  127  125  121  118  115  112  109  107  105  105  105  106
  108  111  114  118  123  128  133  138  143  148  153  157  161  164  166  167
  167  165  162  158  152  146  138  129  120  110  100   90   80   71   63   56
   50   44   40   38   41   40   43   43   45                                   
    77.5-180.0 180.0   5.0 450.0                            LAT/LON1/LON2/DLON/H
   47   37   39   44   48   54   63   71   81   90   99  108  115  120  124  127
  128  127  126  123  120  116  111  107  102   98   95   92   90   90   91   93
   96  101  106  112  119  127  135  143  151  159  167  175  182  188  193  197
  200  201  200  196  191  184  176  166  155  143  131  118  106   94   82   72
   63   54   46   43   40   32   34   40   47                                   
    75.0-180.0 180.0   5.0 450.0                            LAT/LON1/LON2/DLON/H
   47   38   35   40   43   49   56   63   72   80   88   97  103  109  112  114
  115  114  112  109  106  101   96   91   87   82   79   76   74   74   76   78
   83   89   96  103  112  121  131  142  152  163  174  185  196  206  215  223
  229  232  233  232  228  222  213  203  191  178  165  151  138  124  111  100
   87   76   66   56   51   42   41   43   47                                   
    72.5-180.0 180.0   5.0 450.0                            LAT/LON1/LON2/DLON/H
   54   44   40   43   45   51   57   63   70   77   84   92   97  102  105  107
  107  106  104  101   98   94   89   84   80   75   72   69   67   67   69   72
   77   84   92  101  111  121  133  144  157  170  184  197  211  225  237  248
  257  264  267  268  265  260  252  242  230  218  204  190  177  163  149  137
  123  111   99   86   75   63   59   62   54                                   
    70.0-180.0 180.0   5.0 450.0                            LAT/LON1/LON2/DLON/H
   67   53   49   50   50   52   56   60   66   71   77   83   87   91   93   94
   94   93   92   90   88   85   82   78   74   71   67   64   63   62   64   67
   72   79   88   97  107  118  130  142  156  170  186  202  219  235  251  265
  277  286  291  293  291  286  279  268  257  244  231  217  204  191  177  165
  152  139  126  111   98   85   83   84   67                                   
    67.5-180.0 180.0   5.0 450.0                            LAT/LON1/LON2/DLON/H
   73   60   55   55   53   55   58   61   64   68   72   77   80   82   84   85
   86   85   85   84   83   82   80   78   75   72   68   65   63   62   63   66
   71   77   85   94  104  115  126  139  153  168  185  203  222  241  259  275
  289  300  306  309  307  302  293  283  271  258  245  232  219  206  193  181
  168  155  143  126  114  101   97   97   73                                   
    65.0-180.0 180.0   5.0 450.0                            LAT/LON1/LON2/DLON/H
   79   66   60   59   56   57   59   62   64   67   69   73   75   77   78   79
   79   80   80   80   80   80   80   79   78   75   72   69   66   64   64   67
   71   77   85   94  104  115  126  139  153  169  187  206  226  247  266  284
  298  310  317  319  317  311  302  291  278  265  252  239  227  214  200  188
  175  162  149  133  122  110  107  107   79                                   
    62.5-180.0 180.0   5.0 450.0                            LAT/LON1/LON2/DLON/H
   80   66   59   58   55   56   59   61   63   66   67   70   71   73   74   75
   75   76   77   77   78   79   80   80   79   77   74   70   67   64   64   66
   71   77   86   95  105  116  128  141  155  171  190  210  230  251  270  288
  303  314  321  323  321  314  305  293  281  267  254  242  229  215  201  188
  174  159  147  130  120  108  106  107   80                                   
    60.0-180.0 180.0   5.0 450.0                            LAT/LON1/LON2/DLON/H
   79   64   55   54   52   52   55   58   60   62   64   66   67   69   70   71
   71   72   73   74   75   76   77   77   76   74   71   67   63   61   60   62
   68   75   85   96  107  119  131  144  159  175  194  214  234  255  274  290
  305  315  322  324  322  315  306  295  283  270  257  245  231  217  202  186
  170  153  140  123  114  101   99  100   79                                   
    57.5-180.0 180.0   5.0 450.0                            LAT/LON1/LON2/DLON/H
   81   62   52   50   48   48   51   54   57   59   60   62   64   65   66   67
   68   69   69   69   70   71   71   71   71   68   65   61   57   55   55   58
   65   74   86   98  111  124  138  151  166  183  202  222  242  261  279  295
  308  318  324  327  325  320  312  302  291  279  267  255  242  227  210  193
  174  154  139  122  112   97   95   95   81                                   
    55.0-180.0 180.0   5.0 450.0                            LAT/LON1/LON2/DLON/H
   86   66   54   50   48   46   48   50   52   54   55   57   59   60   61   62
   64   64   65   65   65   64   64   63   62   60   57   53   49   47   48   53
   62   74   88  103  118  132  146  160  176  193  212  232  251  270  287  301
  313  322  329  332  332  329  322  314  304  294  283  272  259  244  226  207
  186  164  148  128  117  101   97   96   86                                   
    52.5-180.0 180.0   5.0 450.0                            LAT/LON1/LON2/DLON/H
   98   77   62   57   53   49   49   49   50   51   51   53   54   55   57   58
   60   61   61   61   60   59   57   56   54   52   49   45   42   42   44   51
   61   76   92  109  126  142  156  171  187  205  224  243  263  281  296  310
  321  330  337  341  342  340  335  328  319  311  301  291  279  264  246  227
  204  182  164  143  130  113  109  106   98                                   
    50.0-180.0 180.0   5.0 450.0                            LAT/LON1/LON2/DLON/H
  115   94   79   71   65   59   56   54   52   51   50   50   51   52   53   55
   57   59   60   60   58   56   54   51   49   46   44   41   39   39   43   51
   64   80   99  118  136  153  168  183  199  217  236  256  275  293  308  321
  331  340  347  352  354  352  347  340  332  324  316  306  295  282  265  246
  224  202  183  161  148  131  127  123  115                                   
    47.5-180.0 180.0   5.0 450.0                            LAT/LON1/LON2/DLON/H
  134  114  100   91   83   75   69   63   59   55   53   51   51   51   53   55
   57   60   61   61   60   57   54   51   48   45   43   41   40   41   45   55
   69   87  108  129  148  165  180  195  212  230  249  270  289  306  321  333
  343  352  359  363  364  362  356  347  338  329  321  312  301  288  273  256
  237  218  199  177  164  149  146  143  134                                   
    45.0-180.0 180.0   5.0 450.0                            LAT/LON1/LON2/DLON/H
  149  133  121  112  103   93   86   76   70   64   59   57   55   55   56   58
   60   63   66   67   66   63   59   55   52   49   48   46   45   46   51   61
   76   96  117  139  159  177  192  208  225  243  263  283  303  320  334  346
  357  365  371  374  374  369  360  349  337  326  315  305  294  282  268  253
  237  221  204  184  173  160  159  158  149                                   
    42.5-180.0 180.0   5.0 450.0                            LAT/LON1/LON2/DLON/H
  156  144  137  129  121  111  102   92   83   75   70   67   64   63   63   64
   66   70   73   75   75   73   68   63   60   58   56   55   53   54   59   69
   84  104  126  148  169  187  204  220  238  257  277  298  317  334  349  361
  371  378  384  385  383  375  363  348  332  318  305  293  280  267  252  239
  226  212  198  180  170  159  161  162  156                                   
    40.0-180.0 180.0   5.0 450.0                            LAT/LON1/LON2/DLON/H
  154  144  141  136  130  122  115  105   96   88   83   79   77   75   74   74
   75   79   84   87   88   85   80   75   71   69   68   66   63   63   67   76
   91  111  134  156  177  197  215  232  251  271  292  313  333  350  364  376
  386  393  397  398  394  384  369  352  333  316  300  285  270  254  238  224
  211  199  185  168  158  146  151  154  154                                   
    37.5-180.0 180.0   5.0 450.0                            LAT/LON1/LON2/DLON/H
  144  135  135  132  130  125  120  113  106   99   94   92   90   87   86   85
   86   90   95  100  101   99   93   87   84   81   80   77   73   72   74   83
   98  117  140  163  185  205  225  244  265  286  308  330  349  366  380  392
  401  408  413  414  411  402  388  370  350  332  314  296  278  259  240  224
  209  194  179  159  147  131  136  138  144                                   
    35.0-180.0 180.0   5.0 450.0                            LAT/LON1/LON2/DLON/H
  132  121  120  119  121  118  117  113  109  105  102  101  100   98   97   96
   97  101  107  113  115  112  106  100   96   94   91   87   82   78   80   88
  103  122  145  168  191  213  235  257  280  303  326  347  366  382  395  407
  417  425  433  438  438  434  423  408  390  372  354  336  316  293  271  251
  232  213  194  168  151  127  130  128  132                                   
    32.5-180.0 180.0   5.0 450.0                            LAT/LON1/LON2/DLON/H
  126  111  106  104  107  106  108  107  106  105  104  105  106  105  104  104
  106  111  118  124  126  123  117  112  107  105  101   95   87   83   83   91
  106  126  149  173  197  221  245  270  295  320  344  365  382  397  410  422
  434  447  460  472  480  483  479  469  455  440  424  406  385  362  337  313
  289  265  241  206  183  147  144  133  126                                   
    30.0-180.0 180.0   5.0 450.0                            LAT/LON1/LON2/DLON/H
  133  114  101   96   98   95   98   99  100  100  102  104  106  108  108  110
  113  119  127  133  135  132  127  121  117  114  108  100   91   85   85   94
  109  130  154  179  204  230  257  284  311  338  362  383  400  414  427  442
  459  478  499  520  537  549  553  550  541  530  517  502  483  460  434  408
  380  351  320  276  244  197  183  163  133                                   
    27.5-180.0 180.0   5.0 450.0                            LAT/LON1/LON2/DLON/H
  159  135  113  102  100   94   94   94   95   96   98  101  104  107  110  113
  118  125  132  138  140  138  134  130  126  121  113  103   93   86   88   97
  114  137  162  188  214  242  270  299  329  357  382  402  419  434  450  469
  493  520  550  579  606  626  639  643  641  635  626  614  598  577  552  525
  495  463  425  371  332  274  246  218  159                                   
    25.0-180.0 180.0   5.0 450.0                            LAT/LON1/LON2/DLON/H
  206  179  148  128  119  107  102   99   98   97   98  101  103  107  110  115
  121  129  136  140  142  141  139  136  133  127  117  105   94   89   92  103
  122  146  173  200  227  256  286  317  348  377  403  424  442  460  480  505
  536  570  607  643  677  705  725  737  740  739  734  725  712  694  671  645
  615  581  540  481  434  368  327  293  206                                   
    22.5-180.0 180.0   5.0 450.0                            LAT/LON1/LON2/DLON/H
  275  244  207  175  157  138  126  117  112  108  106  106  108  111  115  120
  127  133  138  141  142  143  143  142  139  131  120  107   97   93   98  112
  133  158  186  214  243  272  303  336  368  398  425  449  470  491  516  547
  583  621  662  702  739  773  798  814  821  824  822  816  806  790  770  745
  718  686  644  586  535  467  416  377  275                                   
    20.0-180.0 180.0   5.0 450.0                            LAT/LON1/LON2/DLON/H
  358  325  282  240  211  186  166  151  140  131  125  122  121  122  125  130
  135  140  142  143  143  145  147  147  143  134  121  108  100   98  105  120
  144  171  201  230  259  289  321  354  387  419  448  475  499  525  555  589
  627  667  708  747  785  818  844  861  871  874  875  872  864  852  834  813
  788  762  723  671  618  551  502  456  358                                   
    17.5-180.0 180.0   5.0 450.0                            LAT/LON1/LON2/DLON/H
  444  410  364  314  274  244  217  197  180  166  156  149  145  143  144  146
  148  149  148  146  145  147  150  151  146  134  121  108  101  102  111  129
  154  184  214  244  274  304  337  371  405  438  469  499  527  557  590  626
  665  703  740  776  809  838  860  874  882  885  886  886  881  872  858  840
  820  799  766  721  670  607  566  519  444                                   
    15.0-180.0 180.0   5.0 450.0                            LAT/LON1/LON2/DLON/H
  516  480  436  384  336  304  273  248  228  211  197  186  178  173  169  168
  166  162  157  151  149  150  153  153  146  134  120  109  103  105  116  136
  163  194  225  256  286  317  349  383  417  452  486  519  551  585  620  656
  692  728  760  790  815  835  849  856  859  860  862  863  861  855  845  831
  814  797  771  731  684  627  596  557  516                                   
    12.5-180.0 180.0   5.0 450.0                            LAT/LON1/LON2/DLON/H
  559  523  484  438  389  356  324  298  276  256  240  227  216  207  199  193
  187  178  168  158  153  153  155  154  146  134  121  110  105  108  121  142
  170  201  233  264  294  324  356  389  425  461  497  533  569  605  640  675
  710  741  768  789  804  814  818  819  817  816  817  819  818  814  805  792
  777  761  739  704  664  614  591  568  559                                   
    10.0-180.0 180.0   5.0 450.0                            LAT/LON1/LON2/DLON/H
  572  536  504  467  422  392  361  337  315  296  279  266  253  241  230  219
  208  195  180  167  160  158  159  157  149  138  125  114  109  112  125  146
  175  206  238  268  296  325  356  390  426  464  502  541  578  615  650  683
  714  740  761  774  781  784  783  780  776  773  773  773  771  764  753  738
  722  705  684  653  621  580  563  554  572                                   
     7.5-180.0 180.0   5.0 450.0                            LAT/LON1/LON2/DLON/H
  561  527  499  472  435  409  382  361  341  323  308  295  282  269  257  243
  229  212  195  180  170  167  166  164  157  146  133  122  117  120  131  151
