data/edconvlstm_nd/pred1920.15i
     1.0            IONOSPHERE MAPS     GNSS                IONEX VERSION / TYPE
pyspatialgeodesy        IME             05-JAN-18 20:20     PGM / RUN BY / DATE 
Map Name                                                    COMMENT             
Predicted global ionosphere maps (GIM).                     DESCRIPTION         
  2015     7    11     0     0     0                        EPOCH OF FIRST MAP  
  2015     7    12     0     0     0                        EPOCH OF LAST MAP   
  7200                                                      INTERVAL            
    13                                                      # OF MAPS IN FILE   
  NONE                                                      MAPPING FUNCTION    
10.0                                                        ELEVATION CUTOFF    
One-way carrier phase leveled to code                       OBSERVABLES USED    
  6371.0                                                    BASE RADIUS         
 2                                                          MAP DIMENSION       
   450.0 450.0   0.0                                        HGT1 / HGT2 / DHGT  
    87.5 -87.5  -2.5                                        LAT1 / LAT2 / DLAT  
  -180.0 180.0   5.0                                        LON1 / LON2 / DLON  
    -1                                                      EXPONENT            
                                                            END OF HEADER       
[from data line 1716]
     5                                                      START OF TEC MAP    
  2015     7    11     8     0     0                        EPOCH OF CURRENT MAP
    87.5-180.0 180.0   5.0 450.0                            LAT/LON1/LON2/DLON/H
  189  185  181  184  187  186  184  183  184  185  186  187  187  187  188  188
  188  188  188  188  188  188  188  188  188  188  189  189  190  190  191  192
  193  194  194  195  196  196  197  197  197  197  197  197  197  196  196  195
  195  194  194  193  193  192  191  191  190  189  189  188  187  186  185  185
  184  185  183  182  186  184  185  183  189                                   
    85.0-180.0 180.0   5.0 450.0                            LAT/LON1/LON2/DLON/H
  186  185  190  188  190  191  191  192  193  194  194  195  195  195  196  196
  196  196  196  196  196  196  196  196  196  196  197  197  198  199  200  201
  203  204  205  206  207  208  208  209  209  209  209  209  208  208  208  207
  207  206  205  205  204  203  203  202  201  200  199  198  197  196  195  194
  194  195  190  190  186  185  188  191  186                                   
    82.5-180.0 180.0   5.0 450.0                            LAT/LON1/LON2/DLON/H
  183  189  190  185  186  187  187  187  188  189  189  190  190  190  190  191
  191  191  190  190  190  190  190  190  190  190  191  191  192  194  195  197
  199  201  203  204  206  207  208  209  209  210  210  210  210  209  209  209
  208  208  208  207  206  206  205  204  203  201  200  199  197  196  194  193
  192  192  187  189  187  189  190  181  183                                   
    80.0-180.0 180.0   5.0 450.0                            LAT/LON1/LON2/DLON/H
  183  187  186  184  183  182  182  182  183  183  183  183  183  183  184  184
  184  184  184  184  184  183  183  182  182  182  182  183  184  186  188  190
  193  196  198  201  203  205  207  208  209  209  210  210  210  210  210  210
  210  210  210  210  210  210  209  208  207  205  203  201  199  197  195  194
  192  191  186  189  187  190  196  181  183                                   
    77.5-180.0 180.0   5.0 450.0                            LAT/LON1/LON2/DLON/H
  187  187  188  186  183  181  180  178  178  176  175  174  174  174  175  176
  176  177  177  177  177  176  175  174  173  173  172  173  174  177  180  183
  187  191  195  199  202  204  207  208  209  210  211  211  212  212  213  214
  215  216  217  217  218  218  217  217  215  214  211  209  207  204  201  199
  196  195  189  191  194  194  195  190  187                                   
    75.0-180.0 180.0   5.0 450.0                            LAT/LON1/LON2/DLON/H
  189  192  188  186  183  180  178  174  172  169  166  165  164  164  165  166
  167  169  170  170  170  169  168  166  165  163  163  163  165  168  172  176
  182  187  192  197  200  204  206  208  209  210  211  211  212  213  215  216
  218  220  222  223  224  225  225  224  223  222  220  217  214  211  208  206
  203  200  195  193  194  199  201  196  189                                   
    72.5-180.0 180.0   5.0 450.0                            LAT/LON1/LON2/DLON/H
  192  196  192  189  185  181  177  171  167  162  159  156  155  155  156  158
  160  162  164  165  166  165  164  162  159  158  157  157  159  163  168  174
  180  187  193  198  203  206  209  210  211  212  213  214  215  216  218  220
  222  224  226  228  229  230  230  229  229  227  226  224  221  218  215  213
  209  207  202  200  199  204  206  204  192                                   
    70.0-180.0 180.0   5.0 450.0                            LAT/LON1/LON2/DLON/H
  198  200  196  191  185  179  174  166  161  155  150  146  144  144  145  147
  150  153  156  158  159  159  157  155  153  151  150  151  154  159  165  172
  179  187  193  199  204  207  210  211  212  213  214  215  216  217  219  221
  223  224  226  227  227  228  228  227  227  226  225  224  222  219  217  215
  212  209  205  203  203  208  213  213  198                                   
    67.5-180.0 180.0   5.0 450.0                            LAT/LON1/LON2/DLON/H
  201  203  199  193  187  179  172  163  156  149  143  139  136  135  136  138
  142  145  149  152  153  153  152  150  148  147  147  149  153  158  166  174
  182  189  196  202  206  210  212  214  215  215  216  217  219  220  221  222
  223  224  224  224  223  223  222  222  221  221  220  220  219  217  216  214
  212  209  206  204  204  210  215  216  201                                   
    65.0-180.0 180.0   5.0 450.0                            LAT/LON1/LON2/DLON/H
  203  206  201  195  188  180  171  161  153  144  137  133  129  128  128  130
  133  137  140  143  145  145  145  144  143  143  145  149  154  161  170  178
  187  194  201  206  211  214  216  218  219  220  222  223  224  225  226  226
  225  224  223  221  220  218  217  216  215  215  215  215  215  214  213  212
  210  208  205  204  205  212  219  220  203                                   
    62.5-180.0 180.0   5.0 450.0                            LAT/LON1/LON2/DLON/H
  204  208  204  197  189  180  170  159  150  141  133  128  124  122  121  122
  124  126  129  132  134  134  135  135  136  139  143  149  157  165  175  184
  192  199  205  210  214  217  220  222  225  227  229  231  232  232  232  231
  229  227  224  221  218  216  213  211  210  210  210  211  211  211  210  209
  207  206  203  203  204  212  219  221  204                                   
    60.0-180.0 180.0   5.0 450.0                            LAT/LON1/LON2/DLON/H
  206  210  206  199  190  180  169  157  147  137  128  122  118  114  113  112
  113  114  116  117  119  120  121  123  127  132  139  148  159  169  179  188
  196  203  209  213  217  220  224  227  231  234  237  239  240  241  240  238
  235  231  228  224  220  217  214  211  209  209  209  209  209  209  207  207
  205  204  201  202  203  212  219  219  206                                   
    57.5-180.0 180.0   5.0 450.0                            LAT/LON1/LON2/DLON/H
  209  214  211  203  193  182  170  156  144  133  124  117  111  107  105  103
  102  102  102  102  103  104  106  110  116  125  135  147  160  172  183  193
  200  206  211  216  220  224  228  233  238  242  246  249  250  250  249  246
  243  240  236  232  228  224  220  217  214  213  212  212  212  210  209  207
  205  204  201  202  204  212  219  219  209                                   
    55.0-180.0 180.0   5.0 450.0                            LAT/LON1/LON2/DLON/H
  214  220  217  209  199  186  172  156  143  129  119  111  105  100   96   94
   92   91   89   89   89   90   93   98  107  118  131  146  161  174  186  195
  202  208  213  218  223  228  233  239  245  250  255  258  260  260  258  256
  253  250  247  243  239  235  231  227  224  222  221  220  218  216  213  211
  208  206  204  205  207  215  221  219  214                                   
    52.5-180.0 180.0   5.0 450.0                            LAT/LON1/LON2/DLON/H
  221  227  225  216  206  192  177  159  143  128  116  106   99   93   89   87
   84   82   81   79   79   80   83   90  100  113  128  145  161  175  187  196
  203  209  215  221  227  233  240  246  253  259  264  267  269  268  267  266
  264  262  259  257  253  249  244  240  236  233  232  230  228  225  221  218
  214  212  210  211  213  220  224  220  221                                   
    50.0-180.0 180.0   5.0 450.0                            LAT/LON1/LON2/DLON/H
  229  234  233  223  214  199  183  164  146  129  115  104   96   90   86   83
   81   79   77   75   75   76   80   87   98  111  127  144  160  175  187  196
  204  211  218  225  233  240  248  255  262  268  273  276  277  277  277  276
  275  274  273  271  268  263  258  253  248  245  243  241  238  235  231  227
  223  221  219  220  221  226  229  224  229                                   
    47.5-180.0 180.0   5.0 450.0                            LAT/LON1/LON2/DLON/H
  234  238  237  228  220  205  189  169  150  132  117  106   96   90   86   83
   82   81   79   78   77   78   83   90  101  114  129  145  160  174  186  196
  204  213  222  231  240  249  258  265  272  278  282  285  286  286  286  287
  287  287  287  285  281  276  270  263  258  254  252  250  248  245  241  237
  234  232  230  230  230  234  235  229  234                                   
    45.0-180.0 180.0   5.0 450.0                            LAT/LON1/LON2/DLON/H
  237  238  237  228  221  208  193  174  156  138  123  111  101   94   90   88
   87   87   86   85   85   86   91   98  108  119  133  147  161  173  185  195
  205  216  227  238  249  259  268  277  284  289  293  294  295  296  297  298
  300  301  300  298  294  288  280  272  266  262  259  258  257  255  252  249
  246  245  242  242  240  242  241  234  237                                   
    42.5-180.0 180.0   5.0 450.0                            LAT/LON1/LON2/DLON/H
  236  234  232  223  216  205  192  176  161  145  131  120  110  102   98   96
   95   95   95   95   95   98  102  109  117  127  138  150  162  173  185  196
  207  220  233  246  258  269  280  289  296  301  304  305  306  307  309  311
  313  315  315  312  307  300  292  283  276  271  269  268  268  266  264  263
  260  260  256  255  251  251  248  239  236                                   
    40.0-180.0 180.0   5.0 450.0                            LAT/LON1/LON2/DLON/H
  234  228  224  213  206  196  186  174  163  152  141  131  121  113  108  105
  105  105  104  105  106  109  114  121  128  136  145  154  164  175  186  197
  210  224  238  253  266  279  290  300  307  313  315  317  317  319  322  326
  329  331  331  329  324  317  309  301  294  288  285  284  284  282  281  280
  278  277  273  270  264  262  256  246  234                                   
    37.5-180.0 180.0   5.0 450.0                            LAT/LON1/LON2/DLON/H
  232  222  215  201  194  183  177  169  164  157  150  143  134  126  119  115
  114  113  113  113  116  120  126  132  138  145  151  159  168  177  188  201
  214  229  244  259  273  287  299  310  319  324  327  328  330  332  337  342
  347  351  352  352  349  345  338  331  324  317  313  310  308  306  305  304
  301  300  294  289  280  275  267  255  232                                   
    35.0-180.0 180.0   5.0 450.0                            LAT/LON1/LON2/DLON/H
  235  221  211  193  182  172  167  164  162  160  158  153  146  138  130  125
  121  119  119  120  123  128  135  141  148  153  158  165  173  182  193  206
  219  234  249  264  279  293  307  319  328  334  338  340  342  346  353  360
  367  374  378  381  383  383  380  375  368  360  353  348  344  340  337  334
  331  327  320  311  300  292  282  268  235                                   
    32.5-180.0 180.0   5.0 450.0                            LAT/LON1/LON2/DLON/H
  246  228  215  192  178  166  162  161  163  164  164  162  157  148  140  133
  128  125  124  125  129  135  143  150  156  161  166  172  179  188  199  212
  225  239  253  268  283  298  312  325  336  343  347  349  353  359  368  378
  389  398  407  416  424  430  432  430  423  415  405  396  388  382  376  370
  365  359  349  337  323  313  300  286  246                                   
    30.0-180.0 180.0   5.0 450.0                            LAT/LON1/LON2/DLON/H
  263  244  228  203  186  172  167  166  168  170  172  171  166  158  149  141
  135  130  129  130  135  143  151  159  165  169  174  180  187  196  207  219
  231  245  258  272  286  301  316  330  341  348  353  357  363  371  382  395
  409  423  438  453  468  481  488  489  484  474  462  449  438  428  419  410
  401  392  379  365  348  337  322  308  263                                   
    27.5-180.0 180.0   5.0 450.0                            LAT/LON1/LON2/DLON/H
  286  266  250  224  205  191  184  181  181  182  183  181  176  168  159  151
  143  138  136  138  143  152  161  169  174  178  182  187  194  203  213  225
  237  249  262  275  289  304  320  333  344  352  357  363  370  381  395  410
  427  445  465  487  509  528  540  544  539  528  513  498  484  471  459  447
  435  424  408  391  373  360  344  332  286                                   
    25.0-180.0 180.0   5.0 450.0                            LAT/LON1/LON2/DLON/H
  309  291  275  253  234  221  212  207  203  200  198  195  189  181  172  163
  155  149  146  148  154  163  172  179  184  187  190  194  199  207  217  228
  240  252  264  277  292  307  322  336  347  354  360  368  377  390  405  422
  441  462  487  514  541  563  578  583  578  566  550  533  517  503  490  476
  462  449  431  413  393  380  363  355  309                                   
    22.5-180.0 180.0   5.0 450.0                            LAT/LON1/LON2/DLON/H
  327  310  298  284  266  256  246  239  231  225  218  212  205  196  187  178
  170  164  160  161  167  175  184  190  193  194  194  196  200  207  215  226
  238  251  264  279  294  311  326  339  349  357  364  372  383  397  413  430
  450  474  501  530  558  581  596  600  595  582  565  549  533  520  507  493
  478  464  445  426  407  392  376  372  327                                   
    20.0-180.0 180.0   5.0 450.0                            LAT/LON1/LON2/DLON/H
  336  320  314  308  295  289  279  272  262  252  241  233  224  215  206  196
  188  181  176  176  180  187  194  198  199  196  194  193  195  200  208  219
  232  247  263  280  297  315  331  343  353  361  369  379  391  405  420  437
  456  479  505  533  558  578  590  593  587  576  561  547  534  522  511  498
  483  468  450  430  411  396  381  380  336                                   
    17.5-180.0 180.0   5.0 450.0                            LAT/LON1/LON2/DLON/H
  336  320  320  321  314  312  304  299  288  276  263  253  243  234  225  215
  206  198  192  190  192  197  201  202  199  193  187  184  183  186  194  206
  222  240  260  280  300  320  336  350  360  369  378  389  401  414  428  443
  460  480  503  525  545  559  567  568  563  554  544  535  526  517  507  495
  480  465  447  427  408  391  378  377  336                                   
    15.0-180.0 180.0   5.0 450.0                            LAT/LON1/LON2/DLON/H
  328  311  317  321  320  320  316  313  303  292  280  269  259  250  241  232
  223  213  205  200  200  201  202  199  192  183  175  168  166  168  177  191
  210  232  255  279  302  324  343  357  369  379  389  401  413  425  437  449
  463  480  497  513  525  532  536  535  532  528  524  520  516  510  501  490
  475  459  441  421  402  383  370  368  328                                   
    12.5-180.0 180.0   5.0 450.0                            LAT/LON1/LON2/DLON/H
  317  300  308  311  314  314  312  311  305  297  286  277  268  260  252  243
  233  223  213  205  201  199  196  189  179  168  157  149  146  148  158  176
  198  223  250  276  302  327  347  364  378  389  401  413  425  436  445  455
  467  480  493  502  508  509  509  508  507  507  509  510  510  506  498  486
  470  454  436  416  396  375  361  355  317                                   
    10.0-180.0 180.0   5.0 450.0                            LAT/LON1/LON2/DLON/H
  308  291  298  296  299  296  295  295  292  288  281  274  267  260  253  246
  237  225  214  204  197  191  183  173  161  149  137  129  126  130  142  162
  187  215  243  272  299  326  349  368  384  398  411  424  435  444  452  461
  471  483  493  498  500  498  496  496  498  501  506  510  511  508  499  486
  469  453  435  415  394  370  355  345  308                                   
     7.5-180.0 180.0   5.0 450.0                            LAT/LON1/LON2/DLON/H
  306  289  292  283  282  275  271  270  270  268  265  260  255  249  245  239
  231  220  208  197  187  177  166  154  141  129  119  112  110  115  129  151
