data/edconvlstm_nd/pred0120.15i
     1.0            IONOSPHERE MAPS     GNSS                IONEX VERSION / TYPE
pyspatialgeodesy        IME             05-JAN-18 20:20     PGM / RUN BY / DATE 
Map Name                                                    COMMENT             
Predicted global ionosphere maps (GIM).                     DESCRIPTION         
  2015     1    12     0     0     0                        EPOCH OF FIRST MAP  
  2015     1    13     0     0     0                        EPOCH OF LAST MAP   
  7200                                                      INTERVAL            
    13                                                      # OF MAPS IN FILE   
  NONE                                                      MAPPING FUNCTION    
10.0                                                        ELEVATION CUTOFF    
One-way carrier phase leveled to code                       OBSERVABLES USED    
  6371.0                                                    BASE RADIUS         
 2                                                          MAP DIMENSION       
   450.0 450.0   0.0                                        HGT1 / HGT2 / DHGT  
    87.5 -87.5  -2.5                                        LAT1 / LAT2 / DLAT  
  -180.0 180.0   5.0                                        LON1 / LON2 / DLON  
    -1                                                      EXPONENT            
                                                            END OF HEADER       
[from data line 4290]
    11                                                      START OF TEC MAP    
  2015     1    12    20     0     0                        EPOCH OF CURRENT MAP
    87.5-180.0 180.0   5.0 450.0                            LAT/LON1/LON2/DLON/H
  129  127  120  126  131  131  131  130  131  134  134  136  136  137  137  137
  137  136  135  134  133  131  130  128  127  126  125  124  124  123  123  123
  123  124  124  125  125  126  126  126  126  127  127  126  126  126  125  125
  124  124  123  122  121  120  120  119  118  117  116  116  115  114  114  113
  113  113  111  108  116  114  127  125  129                                   
    85.0-180.0 180.0   5.0 450.0                            LAT/LON1/LON2/DLON/H
  131  123  131  121  123  130  131  135  137  141  142  144  146  147  147  147
  147  146  145  143  141  139  137  135  134  132  131  130  129  129  129  129
  130  130  131  132  132  133  134  134  134  134  134  133  133  132  131  130
  129  128  126  125  123  122  120  119  118  116  115  114  113  112  112  111
  111  111  107  104  106  105  107  108  131                                   
    82.5-180.0 180.0   5.0 450.0                            LAT/LON1/LON2/DLON/H
  107  102  104  104  110  117  124  129  133  138  141  145  147  149  150  150
  149  147  144  140  137  133  129  125  121  119  117  115  115  115  115  117
  118  120  122  123  125  127  128  128  129  129  129  128  127  126  125  123
  121  120  118  116  114  112  110  108  106  104  102  101   99   97   96   95
   95   93   90   90   91   99   88   91  107                                   
    80.0-180.0 180.0   5.0 450.0                            LAT/LON1/LON2/DLON/H
   78   75   83   85   92   97  108  117  125  132  138  144  147  150  150  149
  146  142  137  131  124  117  110  104   98   94   91   89   89   90   92   95
   98  101  105  108  111  114  116  118  118  119  118  118  116  115  113  111
  108  106  104  101   99   96   94   91   89   87   84   82   80   79   77   75
   75   74   72   72   68   69   61   72   78                                   
    77.5-180.0 180.0   5.0 450.0                            LAT/LON1/LON2/DLON/H
   69   63   69   71   82   90  103  114  124  133  141  148  154  157  157  156
  152  146  138  128  118  107   97   87   79   73   69   66   66   67   70   74
   79   85   90   95   99  103  106  108  108  108  108  106  105  103  100   98
   96   93   91   88   86   84   81   79   77   75   73   70   68   66   65   63
   61   60   60   60   59   56   53   66   69                                   
    75.0-180.0 180.0   5.0 450.0                            LAT/LON1/LON2/DLON/H
   56   56   59   63   74   85   97  109  122  135  144  153  159  163  164  162
  158  150  140  129  115  102   88   76   65   57   52   49   49   51   54   59
   65   71   77   83   88   91   94   96   96   96   95   93   91   89   87   84
   82   80   78   76   74   73   71   70   68   67   65   64   63   61   60   59
   58   58   58   56   54   51   47   50   56                                   
    72.5-180.0 180.0   5.0 450.0                            LAT/LON1/LON2/DLON/H
   56   57   60   68   75   87  101  114  126  139  150  160  168  173  175  174
  169  162  151  138  123  106   89   74   60   49   41   37   35   37   40   45
   50   57   63   68   73   76   79   80   80   79   78   76   74   72   70   68
   66   65   64   63   62   62   61   61   60   60   59   58   58   57   57   56
   56   56   56   54   53   52   52   59   56                                   
    70.0-180.0 180.0   5.0 450.0                            LAT/LON1/LON2/DLON/H
   60   63   67   73   81   92  104  118  132  146  158  169  178  184  187  187
  185  179  170  158  142  125  106   88   71   57   47   41   38   37   39   42
   47   51   55   59   62   65   66   67   67   66   64   63   61   60   58   57
   56   55   55   55   55   56   56   57   57   58   58   58   58   58   59   60
   60   61   63   63   63   62   65   71   60                                   
    67.5-180.0 180.0   5.0 450.0                            LAT/LON1/LON2/DLON/H
   72   76   81   88   95  106  119  133  147  160  173  185  194  202  207  210
  210  208  201  191  177  159  139  117   97   80   66   56   50   47   46   46
   47   48   50   51   53   54   54   54   54   54   53   52   52   51   51   50
   50   50   50   51   52   54   55   57   58   58   58   59   59   60   61   63
   65   67   69   69   69   72   73   80   72                                   
    65.0-180.0 180.0   5.0 450.0                            LAT/LON1/LON2/DLON/H
   80   86   92   99  107  118  131  145  159  173  186  198  208  217  224  230
  235  237  235  229  217  201  181  158  135  114   97   83   73   66   61   56
   53   49   47   45   43   43   42   42   42   42   42   42   43   43   44   44
   44   45   45   47   48   50   52   54   55   56   57   57   57   58   60   63
   65   69   73   75   76   81   84   92   80                                   
    62.5-180.0 180.0   5.0 450.0                            LAT/LON1/LON2/DLON/H
   88   94  101  110  120  132  146  161  175  189  202  214  225  235  244  253
  262  268  271  269  260  245  225  201  176  152  131  114  100   89   78   69
   59   51   44   39   35   33   33   32   32   33   34   36   38   39   40   41
   42   42   43   44   46   49   51   53   54   54   54   54   54   55   57   59
   62   66   71   74   75   80   83   93   88                                   
    60.0-180.0 180.0   5.0 450.0                            LAT/LON1/LON2/DLON/H
   92   99  108  119  131  144  159  175  190  205  218  230  241  251  262  274
  285  296  303  304  299  286  266  241  215  190  167  147  130  114   99   84
   69   55   44   36   31   28   27   27   28   29   31   34   37   39   41   41
   41   41   41   42   44   47   49   51   52   52   51   50   50   50   52   54
   57   61   65   68   69   75   79   92   92                                   
    57.5-180.0 180.0   5.0 450.0                            LAT/LON1/LON2/DLON/H
   94  104  115  129  143  158  175  192  208  223  236  247  257  267  278  291
  305  318  327  331  328  316  297  272  246  220  197  176  157  139  120   99
   79   62   47   38   32   29   29   29   30   32   34   38   41   44   46   46
   45   44   43   44   45   47   49   51   51   51   49   48   47   47   48   50
   52   55   59   61   62   67   72   86   94                                   
    55.0-180.0 180.0   5.0 450.0                            LAT/LON1/LON2/DLON/H
   98  111  126  143  160  177  195  213  229  243  255  265  273  282  292  304
  318  332  343  347  344  334  315  292  267  242  220  199  180  160  138  114
   90   70   54   43   38   36   36   37   38   40   43   47   50   53   55   54
   52   50   48   47   48   49   51   53   53   51   49   47   46   46   47   49
   50   53   56   57   56   61   66   82   98                                   
    52.5-180.0 180.0   5.0 450.0                            LAT/LON1/LON2/DLON/H
  106  122  141  161  181  200  220  238  253  266  276  283  289  296  303  314
  326  338  347  351  349  339  323  302  279  256  235  215  196  175  152  126
  100   78   62   53   49   48   49   50   52   54   56   60   64   67   68   67
   63   60   56   54   54   55   56   57   56   54   51   49   48   48   49   51
   52   54   57   57   57   61   66   82  106                                   
    50.0-180.0 180.0   5.0 450.0                            LAT/LON1/LON2/DLON/H
  119  140  162  185  208  229  250  267  281  292  300  304  308  310  315  322
  330  339  346  348  346  338  324  306  286  265  245  226  206  185  160  134
  108   86   72   64   62   63   65   67   69   71   74   78   81   84   84   82
   77   72   67   64   63   63   63   63   62   59   56   54   52   53   54   57
   58   61   63   64   63   67   73   87  119                                   
    47.5-180.0 180.0   5.0 450.0                            LAT/LON1/LON2/DLON/H
  136  161  187  212  238  262  283  299  311  320  325  327  327  327  327  330
  334  338  341  343  341  335  325  310  292  272  252  232  211  188  163  136
  111   92   79   74   75   78   81   84   86   89   92   97  100  102  102   98
   93   86   81   76   74   73   73   72   69   66   62   60   59   59   62   64
   66   69   72   74   74   78   86   99  136                                   
    45.0-180.0 180.0   5.0 450.0                            LAT/LON1/LON2/DLON/H
  155  182  212  238  266  292  314  330  341  348  351  351  349  345  342  339
  339  339  339  339  338  335  329  317  301  280  258  235  211  186  160  134
  111   94   84   82   85   90   94   98  102  105  110  114  118  119  118  113
  107  100   94   89   86   84   83   80   77   73   69   67   66   66   68   71
   73   78   82   86   87   94  102  117  155                                   
    42.5-180.0 180.0   5.0 450.0                            LAT/LON1/LON2/DLON/H
  170  200  233  259  289  317  340  355  365  373  375  374  371  365  359  352
  347  344  342  342  342  342  338  328  312  289  263  235  207  179  152  127
  107   93   87   87   91   97  103  108  113  118  124  129  132  132  129  125
  118  111  105   99   96   94   91   87   83   78   74   71   70   71   72   75
   77   82   88   94   99  108  119  137  170                                   
    40.0-180.0 180.0   5.0 450.0                            LAT/LON1/LON2/DLON/H
  180  211  246  272  304  332  356  371  382  390  393  394  391  385  377  368
  360  354  350  350  353  354  352  342  323  297  266  233  201  171  145  122
  105   95   91   92   97  103  109  114  121  127  134  139  141  140  136  130
  124  117  111  107  103  100   97   92   87   81   77   74   72   72   73   74
   76   81   88   97  104  117  131  153  180                                   
    37.5-180.0 180.0   5.0 450.0                            LAT/LON1/LON2/DLON/H
  184  217  251  277  310  338  362  378  389  398  404  408  407  403  395  385
  375  367  364  364  367  369  366  355  333  303  267  231  198  168  144  125
  111  103  101  102  106  110  115  120  127  134  141  145  145  142  137  130
  124  118  113  110  107  104  100   95   88   82   77   74   72   71   70   70
   71   76   84   94  102  119  136  163  184                                   
    35.0-180.0 180.0   5.0 450.0                            LAT/LON1/LON2/DLON/H
  184  217  253  277  310  336  360  376  389  400  409  416  419  417  411  401
  390  382  378  378  381  381  376  362  338  306  269  234  201  175  154  139
  130  124  122  122  122  123  125  128  134  141  146  148  146  140  133  127
  121  117  113  110  108  106  102   96   89   83   78   74   72   69   68   66
   66   70   78   88   97  115  135  167  184                                   
    32.5-180.0 180.0   5.0 450.0                            LAT/LON1/LON2/DLON/H
  184  218  253  276  308  331  356  372  386  398  410  420  426  427  422  412
  401  393  388  388  389  387  379  362  338  307  274  243  217  196  181  171
  165  161  158  154  149  144  141  141  144  148  151  150  145  137  129  122
  118  114  112  110  109  108  105   99   92   85   80   76   74   71   68   66
   64   68   75   84   93  112  134  169  184                                   
    30.0-180.0 180.0   5.0 450.0                            LAT/LON1/LON2/DLON/H
  189  224  257  277  308  329  354  369  385  399  412  424  432  434  429  419
  408  398  393  390  388  383  373  356  334  310  286  264  246  233  225  221
  219  216  210  200  187  175  166  161  159  159  158  153  145  136  127  120
  116  114  113  113  113  113  110  104   97   90   85   82   79   76   73   71
   68   72   77   86   96  115  137  175  189                                   
    27.5-180.0 180.0   5.0 450.0                            LAT/LON1/LON2/DLON/H
  202  237  268  286  315  334  359  375  392  407  421  432  440  441  436  425
  411  400  391  386  381  373  362  348  333  318  306  296  291  288  288  289
  289  284  272  254  232  212  195  184  177  172  166  158  148  137  128  123
  120  119  119  120  121  121  119  113  105   98   93   90   88   85   83   81
   78   84   87   97  106  127  148  186  202                                   
    25.0-180.0 180.0   5.0 450.0                            LAT/LON1/LON2/DLON/H
  226  259  288  304  333  350  376  393  412  427  440  449  454  453  446  432
  416  401  389  380  372  363  354  345  338  336  337  342  349  357  363  367
  366  355  335  307  276  248  225  209  196  186  177  165  154  143  135  131
  129  130  131  132  133  134  132  125  117  108  103   99   97   95   94   93
   92   99  103  115  125  146  168  203  226                                   
    22.5-180.0 180.0   5.0 450.0                            LAT/LON1/LON2/DLON/H
  259  289  316  334  363  381  408  426  446  461  472  478  480  476  465  448
  429  410  394  381  371  363  357  354  358  367  382  400  418  432  440  442
  434  415  386  350  312  279  252  231  215  201  187  174  162  152  146  143
  144  145  146  148  149  149  146  139  129  119  112  108  106  103  102  103
  104  114  119  135  148  170  195  228  259                                   
    20.0-180.0 180.0   5.0 450.0                            LAT/LON1/LON2/DLON/H
  295  324  352  373  405  424  453  473  494  509  519  521  519  511  498  478
  455  432  412  397  386  380  378  383  395  414  439  465  487  501  505  498
  481  454  418  376  335  300  271  248  229  212  197  184  172  164  160  159
  161  163  165  166  166  165  161  153  142  131  123  117  113  110  109  109
  112  125  133  153  171  194  225  257  295                                   
    17.5-180.0 180.0   5.0 450.0                            LAT/LON1/LON2/DLON/H
  328  359  390  414  451  475  506  528  552  568  576  577  572  562  546  524
  498  472  450  434  424  420  423  433  450  474  503  529  548  555  549  532
  505  469  428  385  344  309  280  258  238  221  206  192  183  176  174  175
  178  181  183  183  183  180  175  166  155  143  133  126  120  115  113  112
  116  130  140  163  187  215  252  284  328                                   
    15.0-180.0 180.0   5.0 450.0                            LAT/LON1/LON2/DLON/H
  354  387  423  452  495  523  558  584  611  629  638  639  634  624  608  586
  559  532  509  494  486  486  492  503  521  543  566  585  593  588  571  542
  506  464  420  377  339  307  282  262  244  227  213  201  192  188  187  189
  192  196  198  198  197  193  187  178  166  155  144  136  128  121  116  114
  116  130  142  167  195  231  272  304  354                                   
    12.5-180.0 180.0   5.0 450.0                            LAT/LON1/LON2/DLON/H
  368  407  446  478  526  560  599  629  660  682  694  698  696  690  679  659
  634  609  587  574  568  570  575  584  596  608  619  624  619  601  572  534
  491  445  401  361  328  301  280  262  247  232  220  209  201  197  196  197
  201  205  208  208  206  202  195  186  176  165  155  145  136  127  120  115
  115  128  141  166  198  241  284  317  368                                   
    10.0-180.0 180.0   5.0 450.0                            LAT/LON1/LON2/DLON/H
  373  417  460  492  542  581  623  656  691  717  735  745  749  750  746  733
  714  692  674  663  659  660  662  663  663  661  656  645  626  598  561  517
  469  423  380  345  316  295  278  264  251  238  227  216  208  203  200  201
  204  208  211  212  210  205  199  191  182  173  163  153  142  132  123  116
  115  125  140  165  199  247  292  323  373                                   
     7.5-180.0 180.0   5.0 450.0                            LAT/LON1/LON2/DLON/H
  371  421  465  495  545  585  628  663  700  730  753  769  782  792  797  794
  783  768  755  748  744  741  737  727  713  695  674  650  622  587  546  499
