data/edconvlstm_nd/pred1940.15i
     1.0            IONOSPHERE MAPS     GNSS                IONEX VERSION / TYPE
pyspatialgeodesy        IME             05-JAN-18 20:20     PGM / RUN BY / DATE 
Map Name                                                    COMMENT             
Predicted global ionosphere maps (GIM).                     DESCRIPTION         
  2015     7    13     0     0     0                        EPOCH OF FIRST MAP  
  2015     7    14     0     0     0                        EPOCH OF LAST MAP   
  7200                                                      INTERVAL            
    13                                                      # OF MAPS IN FILE   
  NONE                                                      MAPPING FUNCTION    
10.0                                                        ELEVATION CUTOFF    
One-way carrier phase leveled to code                       OBSERVABLES USED    
  6371.0                                                    BASE RADIUS         
 2                                                          MAP DIMENSION       
   450.0 450.0   0.0                                        HGT1 / HGT2 / DHGT  
    87.5 -87.5  -2.5                                        LAT1 / LAT2 / DLAT  
  -180.0 180.0   5.0                                        LON1 / LON2 / DLON  
    -1                                                      EXPONENT            
                                                            END OF HEADER       
[from data line 4719]
    12                                                      START OF TEC MAP    
  2015     7    13    22     0     0                        EPOCH OF CURRENT MAP
    87.5-180.0 180.0   5.0 450.0                            LAT/LON1/LON2/DLON/H
  192  176  159  167  167  167  166  165  165  165  165  165  164  164  164  163
  162  162  161  160  159  158  156  155  154  153  152  150  149  148  147  146
  145  144  143  143  142  141  141  141  140  140  140  140  140  141  141  141
  142  142  143  143  144  144  145  146  146  147  148  149  150  151  152  153
  154  155  155  157  170  171  173  179  192                                   
    85.0-180.0 180.0   5.0 450.0                            LAT/LON1/LON2/DLON/H
  184  183  184  178  174  178  178  179  179  180  179  179  179  178  178  177
  177  176  174  173  172  170  169  168  166  165  163  161  160  158  157  156
  155  153  153  152  151  150  150  150  149  149  149  149  149  149  150  150
  150  150  151  151  152  152  153  154  155  156  157  158  159  160  162  163
  165  166  168  168  173  167  167  174  184                                   
    82.5-180.0 180.0   5.0 450.0                            LAT/LON1/LON2/DLON/H
  169  172  174  172  172  176  178  179  177  179  179  179  179  179  179  178
  177  176  174  172  170  168  166  164  161  159  157  155  153  151  149  147
  145  144  143  142  142  141  141  140  140  140  140  140  141  141  141  141
  142  142  142  143  143  144  144  145  146  147  148  149  151  152  154  155
  157  158  159  165  168  175  169  168  169                                   
    80.0-180.0 180.0   5.0 450.0                            LAT/LON1/LON2/DLON/H
  166  172  176  174  173  175  178  182  183  185  186  187  187  187  187  186
  185  183  181  179  176  173  171  168  165  162  159  157  154  151  149  147
  145  144  143  142  141  141  141  141  141  141  141  141  141  142  142  142
  142  142  142  142  142  143  143  143  144  145  146  147  149  150  152  154
  157  158  161  164  165  162  163  168  166                                   
    77.5-180.0 180.0   5.0 450.0                            LAT/LON1/LON2/DLON/H
  170  165  172  171  173  176  179  183  184  187  188  191  192  192  192  191
  190  188  186  183  180  176  173  170  167  164  161  158  155  153  151  149
  147  146  146  145  145  146  146  146  147  147  147  148  148  148  148  148
  148  148  148  147  147  147  147  146  146  146  147  147  148  149  151  152
  154  156  158  161  166  160  166  178  170                                   
    75.0-180.0 180.0   5.0 450.0                            LAT/LON1/LON2/DLON/H
  166  162  166  164  166  171  173  177  181  186  188  191  193  194  194  193
  191  189  186  182  179  175  172  169  166  163  160  157  154  152  150  148
  147  146  146  146  147  147  148  149  149  149  149  150  150  150  150  149
  149  149  148  148  147  146  145  145  144  143  143  143  143  144  146  148
  149  152  154  153  158  152  158  161  166                                   
    72.5-180.0 180.0   5.0 450.0                            LAT/LON1/LON2/DLON/H
  161  157  160  163  163  168  171  176  179  184  187  191  193  195  195  195
  192  189  186  182  178  174  170  167  164  161  158  155  153  150  148  147
  146  145  146  147  148  148  149  150  150  150  150  150  150  150  150  150
  150  150  150  150  149  149  148  147  145  144  143  142  142  142  143  144
  144  147  149  148  151  147  153  164  161                                   
    70.0-180.0 180.0   5.0 450.0                            LAT/LON1/LON2/DLON/H
  159  154  155  156  156  161  163  169  173  179  183  188  191  193  194  193
  190  186  182  177  172  168  165  161  159  156  154  151  148  145  143  142
  141  141  141  142  143  144  145  145  145  145  144  144  144  144  144  144
  144  145  145  146  146  146  145  144  143  141  140  138  137  137  138  139
  139  141  144  144  148  145  152  160  159                                   
    67.5-180.0 180.0   5.0 450.0                            LAT/LON1/LON2/DLON/H
  164  157  159  160  160  165  167  172  176  182  187  193  197  200  201  199
  196  192  187  182  177  172  168  166  163  161  158  155  152  149  146  144
  143  143  144  145  146  146  147  146  145  144  143  143  143  143  143  144
  145  146  147  149  150  151  151  151  151  149  148  146  144  143  143  144
  144  146  147  146  149  146  152  162  164                                   
    65.0-180.0 180.0   5.0 450.0                            LAT/LON1/LON2/DLON/H
  166  159  160  161  160  164  165  170  174  180  185  192  197  200  201  200
  198  193  187  182  177  172  169  166  164  162  159  156  153  149  146  144
  143  142  142  143  143  143  142  141  139  137  135  134  134  134  134  135
  136  138  140  142  145  148  150  151  151  151  150  148  146  145  145  145
  144  146  148  148  152  149  156  166  166                                   
    62.5-180.0 180.0   5.0 450.0                            LAT/LON1/LON2/DLON/H
  173  166  166  167  166  170  169  173  176  182  187  194  199  203  205  205
  202  198  193  187  182  178  175  172  170  168  166  163  160  156  153  150
  148  147  146  146  146  145  143  140  137  134  132  130  129  129  129  129
  130  132  134  138  142  146  150  154  156  157  156  155  154  152  152  152
  151  152  153  152  156  151  159  169  173                                   
    60.0-180.0 180.0   5.0 450.0                            LAT/LON1/LON2/DLON/H
  180  172  172  173  171  174  173  175  178  183  187  193  199  204  206  207
  205  201  197  192  187  184  181  179  178  176  174  172  169  165  162  158
  156  154  153  152  151  149  145  141  137  133  130  128  127  126  125  124
  124  125  127  130  135  141  147  153  157  159  160  160  160  159  159  159
  158  159  159  156  160  155  165  174  180                                   
    57.5-180.0 180.0   5.0 450.0                            LAT/LON1/LON2/DLON/H
  186  179  178  179  178  179  178  179  180  184  187  193  198  203  206  207
  206  204  200  196  193  190  188  187  186  185  184  182  180  177  174  170
  166  164  162  161  159  156  152  147  141  137  133  130  128  126  124  121
  119  118  119  122  127  134  142  150  156  161  163  165  166  166  167  167
  167  167  166  162  165  159  169  177  186                                   
    55.0-180.0 180.0   5.0 450.0                            LAT/LON1/LON2/DLON/H
  192  186  184  186  184  186  184  185  185  187  188  192  196  201  204  206
  206  205  202  200  197  196  195  194  194  194  193  193  191  189  186  183
  179  176  173  171  169  166  161  156  150  144  140  137  134  130  126  121
  116  113  112  114  119  126  135  144  152  159  164  167  170  172  174  176
  176  176  175  170  171  165  174  182  192                                   
    52.5-180.0 180.0   5.0 450.0                            LAT/LON1/LON2/DLON/H
  198  192  191  192  192  194  192  192  191  191  191  193  195  198  201  203
  204  203  202  201  200  199  199  200  200  200  201  201  201  200  198  194
  190  186  183  181  179  176  172  166  160  154  150  146  142  137  131  123
  115  109  106  106  110  117  126  137  146  155  162  167  172  176  181  184
  186  186  185  179  178  171  180  186  198                                   
    50.0-180.0 180.0   5.0 450.0                            LAT/LON1/LON2/DLON/H
  206  201  199  201  200  204  203  203  201  200  197  197  197  198  199  201
  201  201  201  200  201  201  203  204  205  206  207  208  209  209  207  204
  200  195  192  191  189  187  183  177  171  166  162  158  153  146  138  128
  118  109  103  102  104  110  118  129  140  150  159  167  174  180  187  193
  196  198  197  190  188  179  187  193  206                                   
    47.5-180.0 180.0   5.0 450.0                            LAT/LON1/LON2/DLON/H
  216  212  209  211  211  215  216  216  215  212  208  204  202  201  200  200
  200  200  200  200  201  203  205  207  208  210  211  213  214  215  214  211
  206  202  199  198  197  196  193  188  183  179  175  171  165  157  147  135
  123  113  105  101  101  105  113  123  134  146  156  166  175  184  193  201
  206  209  209  202  200  190  197  201  216                                   
    45.0-180.0 180.0   5.0 450.0                            LAT/LON1/LON2/DLON/H
  229  225  222  224  224  229  230  232  231  227  222  217  212  208  206  204
  202  201  200  201  202  204  207  210  212  214  215  217  219  220  219  216
  211  207  205  205  205  205  203  200  195  192  188  184  178  169  157  144
  132  120  111  105  103  105  111  120  131  144  156  167  178  188  199  208
  215  221  222  216  213  204  210  213  229                                   
    42.5-180.0 180.0   5.0 450.0                            LAT/LON1/LON2/DLON/H
  246  243  238  239  240  245  247  249  248  245  239  233  226  221  216  213
  209  206  205  204  205  208  212  215  218  220  221  222  224  224  223  220
  216  212  211  212  214  215  214  212  209  206  203  199  192  182  170  156
  143  131  121  114  110  109  113  121  132  144  157  170  182  194  205  216
  224  231  235  230  228  218  224  227  246                                   
    40.0-180.0 180.0   5.0 450.0                            LAT/LON1/LON2/DLON/H
  266  263  257  257  257  262  264  267  266  263  258  252  245  238  232  226
  221  216  213  211  212  214  219  223  227  229  230  230  230  230  228  225
  222  220  220  222  225  227  227  226  224  222  220  215  208  197  184  170
  157  146  135  126  120  118  120  126  136  148  162  176  189  200  212  223
  231  240  245  243  242  233  240  241  266                                   
    37.5-180.0 180.0   5.0 450.0                            LAT/LON1/LON2/DLON/H
  287  285  278  277  277  280  282  284  284  281  277  272  265  259  252  244
  237  231  225  222  221  224  228  234  238  240  241  240  239  238  236  233
  231  230  232  235  239  242  243  242  241  240  238  233  225  213  199  185
  172  160  150  140  132  128  128  133  142  154  168  182  196  207  219  229
  237  246  254  253  254  247  256  256  287                                   
    35.0-180.0 180.0   5.0 450.0                            LAT/LON1/LON2/DLON/H
  310  308  301  298  297  299  300  301  301  299  296  292  288  281  274  266
  257  249  241  236  234  236  241  247  252  254  254  253  250  248  245  243
  243  244  247  252  256  259  260  259  259  259  257  252  242  229  213  198
  185  174  163  152  143  138  136  140  148  159  173  188  202  214  224  233
  241  251  259  261  264  260  272  271  310                                   
    32.5-180.0 180.0   5.0 450.0                            LAT/LON1/LON2/DLON/H
  331  330  324  319  319  319  319  319  319  318  316  314  311  306  299  290
  280  270  260  253  249  250  254  260  266  269  268  266  262  258  256  255
  256  259  264  269  272  274  275  275  275  276  274  268  256  241  224  208
  194  182  171  160  151  145  142  145  151  162  176  191  205  218  228  236
  243  253  263  267  272  271  286  285  331                                   
    30.0-180.0 180.0   5.0 450.0                            LAT/LON1/LON2/DLON/H
  349  350  345  340  340  339  339  338  338  337  337  337  336  332  326  317
  306  293  281  271  265  265  268  274  279  281  281  277  273  268  266  266
  269  273  278  282  284  284  283  284  285  286  284  277  264  246  228  211
  196  184  172  162  153  147  145  146  151  160  173  189  204  218  228  237
  244  255  266  271  279  281  298  299  349                                   
    27.5-180.0 180.0   5.0 450.0                            LAT/LON1/LON2/DLON/H
  363  365  362  358  360  360  361  358  359  359  360  362  363  361  355  346
  333  318  303  291  283  280  281  285  289  290  289  285  280  275  273  274
  277  282  285  286  285  282  281  281  283  285  283  275  261  242  223  205
  190  177  166  156  149  144  142  142  146  153  165  180  197  213  226  236
  244  256  269  276  285  290  309  311  363                                   
    25.0-180.0 180.0   5.0 450.0                            LAT/LON1/LON2/DLON/H
  372  376  376  373  378  380  382  380  382  383  386  389  392  391  387  377
  364  346  328  312  300  294  293  294  295  295  292  287  282  277  275  275
  277  280  279  276  271  266  264  265  268  270  269  261  246  227  208  190
  176  164  153  145  139  136  134  134  135  140  150  165  184  203  220  233
  244  258  273  281  292  299  318  324  372                                   
    22.5-180.0 180.0   5.0 450.0                            LAT/LON1/LON2/DLON/H
  375  381  384  383  392  396  400  401  405  408  413  418  422  423  420  411
  396  377  355  335  319  309  303  300  298  294  290  284  279  273  270  268
  267  265  260  251  242  236  233  235  240  243  243  235  221  203  185  169
  156  145  136  130  126  124  123  122  121  123  131  146  167  189  211  229
  245  262  278  288  299  309  327  336  375                                   
    20.0-180.0 180.0   5.0 450.0                            LAT/LON1/LON2/DLON/H
  373  381  387  388  401  407  415  418  425  431  438  445  451  454  453  445
  431  410  385  360  339  323  312  305  298  291  284  277  271  265  259  254
  248  240  228  215  203  195  194  197  203  208  208  201  189  174  159  145
  134  125  118  114  112  112  112  110  107  106  112  126  148  174  201  225
  246  267  285  296  307  318  335  348  373                                   
    17.5-180.0 180.0   5.0 450.0                            LAT/LON1/LON2/DLON/H
  370  379  387  388  404  412  423  429  440  449  458  468  475  481  482  477
  464  443  415  386  360  338  321  308  296  285  276  269  261  254  245  236
  224  209  193  176  162  154  154  159  166  171  172  166  156  144  133  123
  114  107  102  100  101  102  102   99   94   92   95  109  131  160  192  222
  247  272  292  305  315  327  343  359  370                                   
    15.0-180.0 180.0   5.0 450.0                            LAT/LON1/LON2/DLON/H
  367  377  386  387  403  412  425  432  446  459  471  483  492  500  505  503
  493  473  445  412  381  353  330  311  295  281  269  260  252  242  231  217
  200  181  161  142  128  121  121  127  134  139  140  136  128  120  112  105
   99   94   91   90   92   94   94   91   85   81   83   95  118  149  184  218
  248  277  299  313  323  336  351  369  367                                   
    12.5-180.0 180.0   5.0 450.0                            LAT/LON1/LON2/DLON/H
  368  378  387  387  403  410  422  430  446  460  475  488  499  510  517  520
  514  497  470  436  400  367  339  315  295  278  265  254  244  232  218  201
  182  160  140  121  109  103  103  108  114  118  118  115  110  104   99   95
   90   86   84   84   86   89   89   85   79   74   76   88  110  142  179  216
  248  280  304  318  328  342  359  377  368                                   
    10.0-180.0 180.0   5.0 450.0                            LAT/LON1/LON2/DLON/H
  374  384  393  391  404  409  419  426  441  456  470  484  496  507  518  525
  524  512  487  453  415  378  346  319  296  278  263  250  239  226  210  193
  173  152  133  117  107  102  102  105  108  110  109  106  102   99   96   92
   88   84   82   81   83   85   85   82   76   72   74   85  107  139  176  213
  247  280  305  321  331  347  367  383  374                                   
     7.5-180.0 180.0   5.0 450.0                            LAT/LON1/LON2/DLON/H
  385  396  405  401  412  413  419  423  436  449  462  473  484  495  507  518
  522  515  494  462  423  385  351  323  299  280  263  249  236  222  207  191
