data/edconvlstm_nd/pred3270.15i
     1.0            IONOSPHERE MAPS     GNSS                IONEX VERSION / TYPE
pyspatialgeodesy        IME             05-JAN-18 20:20     PGM / RUN BY / DATE 
Map Name                                                    COMMENT             
Predicted global ionosphere maps (GIM).                     DESCRIPTION         
  2015    11    23     0     0     0                        EPOCH OF FIRST MAP  
  2015    11    24     0     0     0                        EPOCH OF LAST MAP   
  7200                                                      INTERVAL            
    13                                                      # OF MAPS IN FILE   
  NONE                                                      MAPPING FUNCTION    
10.0                                                        ELEVATION CUTOFF    
One-way carrier phase leveled to code                       OBSERVABLES USED    
  6371.0                                                    BASE RADIUS         
 2                                                          MAP DIMENSION       
   450.0 450.0   0.0                                        HGT1 / HGT2 / DHGT  
    87.5 -87.5  -2.5                                        LAT1 / LAT2 / DLAT  
  -180.0 180.0   5.0                                        LON1 / LON2 / DLON  
    -1                                                      EXPONENT            
                                                            END OF HEADER       
[from data line 4719]
    12                                                      START OF TEC MAP    
  2015    11    23    22     0     0                        EPOCH OF CURRENT MAP
    87.5-180.0 180.0   5.0 450.0                            LAT/LON1/LON2/DLON/H
   80   70   58   59   64   59   58   54   55   58   57   59   59   60   61   62
   62   63   63   63   63   63   62   62   61   61   61   60   60   60   60   60
   60   60   61   61   61   62   62   63   63   64   64   65   65   66   66   66
   66   66   66   66   66   66   65   64   64   63   62   61   60   59   57   56
   55   54   49   47   52   53   74   86   80                                   
    85.0-180.0 180.0   5.0 450.0                            LAT/LON1/LON2/DLON/H
   79   69   73   56   56   58   57   58   59   61   61   62   63   63   64   65
   65   65   65   65   65   64   64   63   62   62   61   61   61   60   60   60
   60   61   61   62   62   63   64   64   65   66   66   67   68   68   68   69
   69   69   69   68   68   67   67   66   65   64   63   62   61   59   58   57
   56   54   50   47   52   56   61   58   79                                   
    82.5-180.0 180.0   5.0 450.0                            LAT/LON1/LON2/DLON/H
   53   54   54   48   52   54   55   55   57   58   60   62   63   65   66   66
   67   67   67   66   65   64   63   62   61   59   58   57   57   56   56   56
   56   56   57   58   58   59   60   61   62   63   63   64   65   65   65   66
   66   66   66   66   66   66   65   65   64   63   61   60   58   57   55   53
   52   49   45   45   52   63   57   58   53                                   
    80.0-180.0 180.0   5.0 450.0                            LAT/LON1/LON2/DLON/H
   34   42   48   43   47   46   52   53   57   60   63   65   67   69   70   70
   70   69   68   67   65   63   61   58   56   54   53   51   50   50   49   49
   50   50   51   52   53   55   56   57   58   59   60   61   61   62   62   62
   63   63   63   63   63   63   63   62   61   60   58   56   54   52   50   47
   46   44   41   42   43   52   45   56   34                                   
    77.5-180.0 180.0   5.0 450.0                            LAT/LON1/LON2/DLON/H
   49   52   55   51   56   58   64   66   70   73   76   80   83   85   86   86
   85   84   81   79   76   73   70   67   64   61   59   57   55   54   54   54
   54   54   55   56   57   57   58   58   59   59   59   59   59   59   59   59
   59   60   60   61   62   63   63   63   63   62   61   59   56   53   51   48
   46   45   45   46   47   53   53   66   49                                   
    75.0-180.0 180.0   5.0 450.0                            LAT/LON1/LON2/DLON/H
   51   61   63   61   68   71   76   79   85   89   93   97   99  100  100   98
   95   92   88   84   80   76   72   69   65   63   60   58   57   56   56   55
   56   56   56   57   57   58   58   58   58   58   58   57   57   56   55   55
   55   55   56   57   58   59   60   61   61   61   59   58   55   53   50   49
   47   49   49   50   51   57   56   61   51                                   
    72.5-180.0 180.0   5.0 450.0                            LAT/LON1/LON2/DLON/H
   73   81   84   87   88   91   97  100  103  107  110  113  115  114  112  109
  104   98   93   88   82   78   74   70   66   63   61   58   57   55   55   54
   54   53   53   53   52   52   52   51   51   50   49   48   46   45   44   43
   42   42   43   44   46   48   50   52   53   53   52   51   49   46   45   44
   43   45   48   49   51   62   66   75   73                                   
    70.0-180.0 180.0   5.0 450.0                            LAT/LON1/LON2/DLON/H
   87   98  103  105  108  112  115  119  124  128  131  133  132  129  125  118
  111  104   97   91   85   81   77   73   70   67   64   62   60   58   57   56
   54   53   51   50   49   48   47   46   46   45   45   44   42   41   39   37
   36   36   36   37   39   41   44   46   47   48   48   47   45   43   42   42
   43   47   52   56   62   75   85   93   87                                   
    67.5-180.0 180.0   5.0 450.0                            LAT/LON1/LON2/DLON/H
  108  119  122  127  130  133  138  141  144  146  149  150  148  143  135  127
  117  108  100   93   88   83   79   76   72   69   66   63   60   57   55   53
   50   47   45   42   40   39   38   38   38   38   38   37   36   34   32   31
   29   29   29   30   32   34   37   40   42   43   43   43   41   40   40   40
   42   47   53   58   65   82   91  100  108                                   
    65.0-180.0 180.0   5.0 450.0                            LAT/LON1/LON2/DLON/H
  117  129  134  140  142  146  149  153  157  160  163  162  159  152  143  132
  121  111  102   95   90   85   81   78   74   70   66   62   58   55   52   48
   44   40   36   33   31   29   29   29   30   31   32   32   31   30   28   26
   24   23   23   24   26   29   32   34   37   38   39   38   37   37   37   38
   42   48   56   65   73   91  103  113  117                                   
    62.5-180.0 180.0   5.0 450.0                            LAT/LON1/LON2/DLON/H
  126  136  141  148  151  156  159  163  167  170  172  171  167  160  150  139
  128  117  108  101   95   90   85   80   75   70   64   59   55   51   47   42
   37   32   28   24   22   21   21   22   24   26   27   28   28   27   25   23
   22   21   21   22   23   26   28   31   33   35   36   36   35   35   36   38
   42   49   58   66   74   92  104  113  126                                   
    60.0-180.0 180.0   5.0 450.0                            LAT/LON1/LON2/DLON/H
  129  138  143  151  154  158  163  167  172  176  178  177  173  166  157  147
  136  125  116  109  102   96   90   83   77   70   63   58   53   48   44   39
   33   28   23   19   17   17   17   19   22   25   27   28   29   27   25   23
   21   20   20   21   23   25   28   30   32   34   35   35   35   35   37   41
   46   53   62   70   78   96  107  117  129                                   
    57.5-180.0 180.0   5.0 450.0                            LAT/LON1/LON2/DLON/H
  131  140  146  154  159  163  168  173  177  180  182  181  178  172  165  156
  146  137  127  119  111  103   95   87   79   71   64   58   54   50   45   40
   35   29   24   21   19   19   20   23   26   29   32   33   33   32   29   27
   24   23   23   24   25   28   30   33   35   37   37   38   38   40   43   48
   54   62   71   78   83   99  108  118  131                                   
    55.0-180.0 180.0   5.0 450.0                            LAT/LON1/LON2/DLON/H
  138  146  154  162  168  171  177  181  184  186  187  185  183  178  173  166
  158  149  139  129  119  109  100   91   82   74   67   62   59   55   52   47
   42   37   32   29   28   28   30   33   36   39   41   41   40   38   35   32
   30   29   29   29   31   33   35   38   40   42   43   43   45   47   51   58
   65   75   84   90   93  107  114  124  138                                   
    52.5-180.0 180.0   5.0 450.0                            LAT/LON1/LON2/DLON/H
  149  158  168  175  181  185  190  192  194  193  191  189  186  183  179  175
  168  159  149  137  125  114  104   95   86   79   74   70   68   66   63   59
   54   49   45   43   43   44   46   49   51   53   53   53   51   48   45   42
   40   38   38   38   39   41   44   46   48   50   50   51   52   55   61   70
   79   90  100  107  108  120  125  133  149                                   
    50.0-180.0 180.0   5.0 450.0                            LAT/LON1/LON2/DLON/H
  166  175  187  193  200  204  207  209  207  203  198  194  190  188  186  183
  177  168  156  143  130  118  108  100   93   88   84   82   80   79   76   73
   69   64   61   60   61   62   64   66   67   68   67   65   62   59   56   53
   52   51   50   50   51   52   54   56   57   58   58   58   59   63   70   81
   92  106  118  125  127  136  141  147  166                                   
    47.5-180.0 180.0   5.0 450.0                            LAT/LON1/LON2/DLON/H
  185  194  206  211  219  223  226  226  221  215  207  200  195  193  191  189
  183  173  161  147  133  123  114  108  104  100   97   95   93   91   88   84
   80   77   75   75   77   79   81   82   81   80   79   77   74   71   69   67
   66   65   64   64   63   63   64   65   67   67   66   65   65   69   78   90
  103  119  133  142  145  155  160  163  185                                   
    45.0-180.0 180.0   5.0 450.0                            LAT/LON1/LON2/DLON/H
  201  210  221  226  233  239  240  240  233  226  216  207  202  198  197  194
  187  177  164  150  139  130  124  120  117  114  111  107  102   98   93   89
   85   83   83   85   87   90   91   92   91   89   88   86   85   84   82   82
   81   81   79   78   75   74   74   75   75   74   72   70   70   74   83   96
  110  127  143  154  160  171  178  180  201                                   
    42.5-180.0 180.0   5.0 450.0                            LAT/LON1/LON2/DLON/H
  212  219  229  233  240  245  247  247  241  233  223  215  209  206  203  199
  192  181  169  157  147  141  137  135  132  127  121  113  105   97   91   86
   83   83   85   88   92   95   96   96   95   94   94   94   94   94   95   95
   96   95   93   90   86   84   82   82   82   80   77   75   74   78   87  100
  115  132  148  161  170  182  192  195  212                                   
    40.0-180.0 180.0   5.0 450.0                            LAT/LON1/LON2/DLON/H
  216  221  228  232  238  242  244  245  240  235  227  220  216  214  211  206
  198  188  177  167  160  155  153  150  145  137  125  113  100   90   83   79
   78   79   83   89   93   96   98   97   97   97   98   99  102  104  105  107
  107  107  104   99   94   90   88   87   86   84   81   78   77   81   90  103
  117  133  149  162  173  188  199  205  216                                   
    37.5-180.0 180.0   5.0 450.0                            LAT/LON1/LON2/DLON/H
  214  218  222  225  230  232  234  235  233  230  226  223  223  222  220  214
  207  197  188  181  176  172  169  164  155  141  125  108   93   82   75   74
   76   80   86   92   97  100  100   99   99  100  102  105  108  111  113  115
  115  114  111  106  100   95   91   90   88   86   82   79   80   84   94  107
  120  135  149  161  172  189  201  210  214                                   
    35.0-180.0 180.0   5.0 450.0                            LAT/LON1/LON2/DLON/H
  214  216  218  220  223  221  224  224  223  222  222  224  227  229  228  224
  217  210  203  197  193  188  181  172  158  141  121  103   88   79   76   79
   85   92  100  105  108  109  108  106  105  105  107  110  113  116  118  119
  119  118  114  109  103   97   94   92   89   86   83   81   82   88   99  112
  124  138  151  162  171  189  200  212  214                                   
    32.5-180.0 180.0   5.0 450.0                            LAT/LON1/LON2/DLON/H
  220  223  224  223  225  219  220  218  216  215  217  223  230  234  235  232
  227  222  217  213  207  199  188  174  157  138  119  103   93   90   93  101
  111  121  128  131  130  127  122  118  115  115  116  117  119  119  120  120
  120  119  115  110  105  100   96   93   91   88   84   83   86   94  107  121
  133  145  158  168  175  193  205  218  220                                   
    30.0-180.0 180.0   5.0 450.0                            LAT/LON1/LON2/DLON/H
  239  246  249  244  244  234  232  225  221  217  219  224  233  239  241  239
  236  233  229  224  216  203  188  171  154  138  124  115  113  119  129  143
  157  166  170  168  161  151  142  135  129  127  126  125  124  122  121  120
  119  118  115  111  106  102   99   96   93   89   87   87   92  102  117  132
  145  158  171  181  187  205  218  231  239                                   
    27.5-180.0 180.0   5.0 450.0                            LAT/LON1/LON2/DLON/H
  274  287  294  284  285  272  265  253  243  233  230  232  239  245  246  245
  243  241  237  230  218  202  184  168  154  145  141  142  151  166  185  204
  218  225  222  210  194  177  162  151  143  139  135  132  129  125  121  119
  117  116  114  112  108  105  102   99   96   92   90   91   98  111  128  146
  161  176  190  202  208  228  243  254  274                                   
    25.0-180.0 180.0   5.0 450.0                            LAT/LON1/LON2/DLON/H
  323  343  355  343  346  331  321  302  284  266  255  251  252  254  253  251
  248  246  241  232  216  198  182  170  164  164  171  185  206  230  255  276
  288  287  272  248  220  195  175  161  152  147  142  138  133  127  122  118
  116  115  114  113  110  108  105  102   98   96   94   97  106  120  140  160
  177  196  212  228  236  259  276  285  323                                   
    22.5-180.0 180.0   5.0 450.0                            LAT/LON1/LON2/DLON/H
  382  406  422  412  419  406  394  370  344  316  295  281  274  269  265  259
  255  251  244  232  216  200  188  183  187  198  217  242  271  302  329  347
  350  336  308  270  232  199  175  161  153  148  144  140  135  129  123  118
  116  115  114  113  111  109  106  103  100   98   98  102  112  128  149  172
  191  215  235  255  267  293  314  322  382                                   
    20.0-180.0 180.0   5.0 450.0                            LAT/LON1/LON2/DLON/H
  440  466  486  480  494  486  476  449  418  382  349  324  307  294  283  274
  266  260  251  239  225  213  208  213  226  247  274  305  338  368  390  398
  388  360  318  270  224  188  164  151  145  143  142  139  135  130  124  119
  116  115  114  112  110  108  105  102  100   99  101  107  118  134  156  180
  203  230  254  279  296  325  351  360  440                                   
    17.5-180.0 180.0   5.0 450.0                            LAT/LON1/LON2/DLON/H
  487  515  536  538  560  559  555  530  498  456  415  379  351  329  311  297
  285  276  267  256  247  243  247  261  282  308  336  366  393  413  422  415
  391  351  302  249  202  166  145  135  133  134  135  136  134  130  125  120
  117  114  112  109  107  104  101   98   97   98  102  110  123  140  161  186
  211  242  269  297  318  351  381  393  487                                   
    15.0-180.0 180.0   5.0 450.0                            LAT/LON1/LON2/DLON/H
  516  544  567  574  605  613  617  600  573  531  485  441  404  374  350  330
  315  304  295  288  286  291  304  324  348  372  393  410  421  424  416  394
  360  315  266  217  174  144  127  121  122  125  130  133  133  131  126  121
  117  113  110  106  102   99   96   94   94   96  103  113  128  145  167  192
  217  250  279  309  332  368  402  419  516                                   
    12.5-180.0 180.0   5.0 450.0                            LAT/LON1/LON2/DLON/H
  523  550  574  585  620  638  653  647  629  594  550  504  462  427  398  374
  357  344  337  335  340  354  374  397  418  430  433  429  418  400  375  343
  307  267  226  187  154  131  119  116  118  123  128  133  134  133  129  123
  118  113  108  103   99   95   92   90   91   95  104  117  133  152  174  198
  223  256  286  316  340  378  414  433  523                                   
    10.0-180.0 180.0   5.0 450.0                            LAT/LON1/LON2/DLON/H
  514  538  561  571  608  633  658  663  659  634  598  557  517  482  451  426
  407  395  390  393  405  425  449  469  478  470  449  419  385  351  316  282
  251  223  197  173  151  136  128  126  128  131  135  138  139  138  133  127
  121  115  109  103   98   94   90   88   89   95  105  120  138  159  181  206
  231  263  293  320  345  383  420  440  514                                   
     7.5-180.0 180.0   5.0 450.0                            LAT/LON1/LON2/DLON/H
  496  517  537  543  577  604  635  650  658  647  623  592  560  529  502  479
  461  450  448  456  473  495  517  527  518  487  440  388  338  294  257  229
