data/edconvlstm_nd/pred1550.15i
     1.0            IONOSPHERE MAPS     GNSS                IONEX VERSION / TYPE
pyspatialgeodesy        IME             05-JAN-18 20:20     PGM / RUN BY / DATE 
Map Name                                                    COMMENT             
Predicted global ionosphere maps (GIM).                     DESCRIPTION         
  2015     6     4     0     0     0                        EPOCH OF FIRST MAP  
  2015     6     5     0     0     0                        EPOCH OF LAST MAP   
  7200                                                      INTERVAL            
    13                                                      # OF MAPS IN FILE   
  NONE                                                      MAPPING FUNCTION    
10.0                                                        ELEVATION CUTOFF    
One-way carrier phase leveled to code                       OBSERVABLES USED    
  6371.0                                                    BASE RADIUS         
 2                                                          MAP DIMENSION       
   450.0 450.0   0.0                                        HGT1 / HGT2 / DHGT  
    87.5 -87.5  -2.5                                        LAT1 / LAT2 / DLAT  
  -180.0 180.0   5.0                                        LON1 / LON2 / DLON  
    -1                                                      EXPONENT            
                                                            END OF HEADER       
[from data line 5148]
    13                                                      START OF TEC MAP    
  2015     6     5     0     0     0                        EPOCH OF CURRENT MAP
    87.5-180.0 180.0   5.0 450.0                            LAT/LON1/LON2/DLON/H
  183  198  208  196  194  195  192  192  192  191  191  192  192  191  191  191
  191  190  190  189  188  187  186  185  184  183  181  180  179  178  177  176
  175  174  174  174  173  173  174  174  174  175  175  176  176  177  177  178
  178  179  179  180  180  181  181  181  182  182  183  183  183  183  184  185
  186  187  188  189  189  185  186  194  183                                   
    85.0-180.0 180.0   5.0 450.0                            LAT/LON1/LON2/DLON/H
  208  209  201  199  204  204  202  201  202  201  201  202  202  202  202  202
  201  201  200  199  198  197  195  194  192  190  188  187  185  183  182  180
  179  178  178  178  177  178  178  178  179  179  180  181  181  182  182  183
  184  184  185  186  186  187  187  188  188  189  190  190  191  191  192  193
  194  196  198  201  195  199  199  203  208                                   
    82.5-180.0 180.0   5.0 450.0                            LAT/LON1/LON2/DLON/H
  208  206  208  203  206  206  204  204  206  205  206  206  207  207  207  207
  207  206  205  204  203  201  199  196  193  191  188  185  183  180  178  176
  175  174  174  173  174  174  175  176  177  177  178  179  180  181  182  182
  183  184  185  185  186  187  188  188  189  190  190  191  192  193  194  195
  196  198  200  201  200  189  193  189  208                                   
    80.0-180.0 180.0   5.0 450.0                            LAT/LON1/LON2/DLON/H
  203  205  199  196  198  201  203  204  206  206  207  208  209  210  210  211
  211  211  210  208  206  204  201  197  194  190  186  182  178  175  173  171
  169  169  168  169  170  171  172  173  175  176  177  179  180  181  182  183
  184  185  186  186  187  188  188  189  189  190  190  191  192  192  193  195
  196  197  198  197  204  193  198  196  203                                   
    77.5-180.0 180.0   5.0 450.0                            LAT/LON1/LON2/DLON/H
  203  197  193  193  191  193  197  200  203  203  205  207  209  211  212  213
  214  214  213  212  209  206  202  198  193  188  182  178  173  170  167  165
  164  164  164  165  167  168  170  172  174  176  177  179  180  181  183  184
  185  186  188  188  189  190  190  190  190  190  190  190  191  191  192  194
  194  196  195  195  201  198  196  199  203                                   
    75.0-180.0 180.0   5.0 450.0                            LAT/LON1/LON2/DLON/H
  204  193  189  190  187  188  192  195  198  199  202  205  208  210  212  214
  216  216  216  215  212  209  204  199  193  187  181  175  170  166  164  162
  162  162  164  165  167  170  172  174  176  177  179  180  181  183  184  185
  187  188  190  191  192  192  192  192  192  191  191  191  191  192  193  194
  195  197  197  191  195  198  194  198  204                                   
    72.5-180.0 180.0   5.0 450.0                            LAT/LON1/LON2/DLON/H
  195  190  187  185  181  182  185  189  193  195  197  201  205  208  211  213
  215  217  217  216  214  210  205  199  192  185  178  172  167  164  162  161
  161  163  165  167  169  171  173  175  176  177  178  179  179  180  182  184
  185  187  189  191  192  192  192  192  192  192  191  191  191  192  193  195
  196  198  200  195  196  196  195  200  195                                   
    70.0-180.0 180.0   5.0 450.0                            LAT/LON1/LON2/DLON/H
  195  186  185  183  179  179  182  185  190  192  195  199  203  207  211  214
  216  218  219  219  217  213  208  201  194  186  179  173  168  165  164  164
  165  167  169  171  172  174  175  175  176  176  176  176  176  177  179  181
  183  186  188  190  192  194  194  195  195  195  195  194  195  195  197  200
  201  203  205  202  205  204  200  204  195                                   
    67.5-180.0 180.0   5.0 450.0                            LAT/LON1/LON2/DLON/H
  199  191  188  183  178  178  181  183  188  190  193  197  201  205  209  213
  216  219  220  220  219  215  210  203  195  187  180  174  170  167  167  168
  169  171  172  173  173  173  172  172  171  170  169  169  169  169  171  174
  177  181  184  188  191  193  195  196  197  197  198  198  198  199  200  203
  205  208  211  208  212  211  207  210  199                                   
    65.0-180.0 180.0   5.0 450.0                            LAT/LON1/LON2/DLON/H
  204  196  193  187  181  179  181  183  186  188  191  195  199  203  208  212
  215  218  220  220  219  216  211  204  197  189  182  177  173  172  172  173
  174  175  174  173  171  170  168  166  164  162  161  160  159  160  162  165
  169  174  179  184  189  193  196  198  200  202  202  203  203  203  205  207
  209  213  216  214  220  220  216  219  204                                   
    62.5-180.0 180.0   5.0 450.0                            LAT/LON1/LON2/DLON/H
  212  205  202  195  187  184  184  184  186  187  189  192  197  201  206  210
  213  216  218  219  218  215  211  205  199  192  186  182  180  180  180  181
  181  179  176  172  168  165  161  159  156  154  152  151  150  151  153  156
  162  168  174  181  187  193  198  202  205  208  209  209  209  209  210  211
  213  217  221  220  226  228  225  227  212                                   
    60.0-180.0 180.0   5.0 450.0                            LAT/LON1/LON2/DLON/H
  219  215  213  204  196  191  190  188  188  186  187  189  193  198  202  207
  210  213  214  215  215  213  210  206  200  195  191  188  188  188  189  189
  186  182  176  170  163  158  154  151  149  147  145  143  142  142  144  148
  154  162  170  179  187  194  201  206  211  214  216  216  215  214  213  214
  215  219  223  223  230  233  232  233  219                                   
    57.5-180.0 180.0   5.0 450.0                            LAT/LON1/LON2/DLON/H
  227  226  224  216  207  201  198  194  191  187  186  187  190  194  199  202
  205  207  209  210  210  210  208  205  202  199  197  196  196  197  197  195
  191  183  174  165  157  152  148  146  144  142  140  138  136  136  138  142
  149  157  167  177  186  195  203  210  216  220  221  221  219  217  215  215
  215  219  223  224  231  235  236  237  227                                   
    55.0-180.0 180.0   5.0 450.0                            LAT/LON1/LON2/DLON/H
  234  237  236  228  220  214  210  203  198  191  187  187  188  192  195  199
  201  202  203  204  205  206  207  206  205  204  203  203  204  205  204  200
  193  182  171  161  153  147  145  144  143  141  139  136  134  133  134  138
  144  153  164  175  186  196  205  213  219  223  225  224  222  218  216  214
  214  217  222  223  231  235  237  238  234                                   
    52.5-180.0 180.0   5.0 450.0                            LAT/LON1/LON2/DLON/H
  241  247  247  240  233  228  224  216  209  199  193  190  190  192  194  196
  198  198  199  200  202  205  207  208  209  209  209  210  211  211  208  202
  192  180  167  157  150  146  145  145  145  143  140  137  134  132  132  135
  141  150  161  173  185  195  205  213  219  223  225  225  222  218  215  214
  213  216  221  222  229  234  236  239  241                                   
    50.0-180.0 180.0   5.0 450.0                            LAT/LON1/LON2/DLON/H
  247  256  257  252  247  244  241  233  224  212  204  198  196  196  197  198
  198  198  198  200  204  207  210  213  214  215  216  216  215  213  208  200
  189  176  165  156  151  150  150  151  150  148  144  140  136  133  133  135
  140  148  159  170  182  193  202  210  216  220  223  223  221  218  216  214
  214  217  222  223  229  234  237  241  247                                   
    47.5-180.0 180.0   5.0 450.0                            LAT/LON1/LON2/DLON/H
  253  263  265  261  259  258  258  251  243  231  220  213  208  205  204  203
  202  201  202  205  209  214  218  220  221  222  221  219  216  212  205  196
  185  173  164  158  156  157  159  159  158  154  149  144  139  136  135  136
  139  146  155  166  177  187  196  204  210  215  219  221  220  219  217  217
  217  220  225  225  232  236  239  246  253                                   
    45.0-180.0 180.0   5.0 450.0                            LAT/LON1/LON2/DLON/H
  259  270  272  270  270  271  274  270  264  252  241  232  225  220  216  213
  210  210  211  215  220  225  229  230  230  228  225  220  215  207  199  190
  180  172  166  164  165  168  170  169  166  160  154  149  144  141  139  138
  139  144  152  161  171  181  189  196  203  210  215  219  221  221  221  222
  222  225  231  231  238  242  245  254  259                                   
    42.5-180.0 180.0   5.0 450.0                            LAT/LON1/LON2/DLON/H
  267  277  278  277  279  283  288  288  285  275  265  255  247  240  233  228
  224  223  225  230  236  241  243  242  239  234  228  220  212  202  193  185
  178  174  172  173  177  180  182  180  174  167  160  154  150  147  144  141
  140  143  148  156  165  174  182  190  197  205  212  219  223  226  228  230
  231  234  240  240  247  252  255  266  267                                   
    40.0-180.0 180.0   5.0 450.0                            LAT/LON1/LON2/DLON/H
  277  286  286  285  288  293  301  304  304  298  290  281  272  263  254  246
  241  240  243  249  255  258  258  254  248  240  231  221  209  199  189  183
  180  179  181  185  190  193  193  189  182  173  166  161  158  154  150  146
  142  142  145  151  159  168  176  184  193  203  213  222  229  234  238  240
  242  245  251  251  259  265  269  282  277                                   
    37.5-180.0 180.0   5.0 450.0                            LAT/LON1/LON2/DLON/H
  292  299  299  298  301  306  314  319  323  320  314  307  299  289  279  269
  262  260  263  270  276  278  275  267  258  247  235  223  210  198  190  185
  185  188  193  198  202  204  202  196  188  179  172  168  166  163  158  151
  145  142  143  147  154  163  172  182  193  204  217  228  238  245  250  253
  254  258  263  264  273  281  288  302  292                                   
    35.0-180.0 180.0   5.0 450.0                            LAT/LON1/LON2/DLON/H
  312  319  319  317  319  323  330  336  342  341  338  334  327  317  306  294
  286  283  286  292  297  297  291  281  268  255  242  228  214  202  195  192
  195  200  205  210  212  212  208  201  193  184  179  176  174  170  164  155
  147  141  140  144  151  160  170  181  194  209  224  238  249  258  263  266
  267  271  276  277  289  299  309  324  312                                   
    32.5-180.0 180.0   5.0 450.0                            LAT/LON1/LON2/DLON/H
  337  347  347  344  345  347  352  357  364  365  364  362  356  348  336  323
  314  309  311  315  318  316  307  295  280  266  251  237  223  211  203  202
  206  211  216  217  217  214  209  203  195  189  184  182  180  175  168  158
  148  141  138  141  148  158  170  183  198  215  232  248  261  271  276  279
  281  284  289  291  306  318  332  347  337                                   
    30.0-180.0 180.0   5.0 450.0                            LAT/LON1/LON2/DLON/H
  366  379  381  379  379  380  382  386  391  393  394  393  389  381  369  356
  345  338  337  339  339  334  323  309  293  277  263  248  234  221  214  212
  215  219  220  218  214  210  205  200  195  191  187  185  182  176  167  156
  146  138  136  139  146  157  171  186  204  222  240  257  271  281  288  291
  293  297  303  306  323  337  354  371  366                                   
    27.5-180.0 180.0   5.0 450.0                            LAT/LON1/LON2/DLON/H
  396  413  417  419  419  419  420  421  425  427  428  428  425  418  407  393
  380  371  366  364  360  352  339  323  306  290  274  259  244  231  222  218
  218  219  216  211  204  199  196  194  191  189  186  183  179  172  162  151
  140  134  132  135  144  156  172  189  208  228  246  263  277  288  296  301
  305  310  318  323  340  355  375  392  396                                   
    25.0-180.0 180.0   5.0 450.0                            LAT/LON1/LON2/DLON/H
  421  442  450  457  459  461  462  462  465  466  467  467  465  459  448  434
  419  407  397  389  381  369  354  336  318  300  283  267  251  236  224  217
  213  209  203  195  188  183  182  183  184  183  180  176  170  161  151  141
  132  127  126  131  140  154  172  191  211  231  249  266  280  292  302  310
  316  324  333  340  357  372  393  410  421                                   
    22.5-180.0 180.0   5.0 450.0                            LAT/LON1/LON2/DLON/H
  438  461  474  487  492  497  500  502  505  507  508  508  506  500  490  476
  461  445  430  416  401  385  367  347  326  306  287  268  250  232  218  206
  198  191  182  174  168  166  167  170  172  172  169  164  157  148  138  129
  122  118  119  124  135  150  169  189  210  230  249  265  280  293  306  317
  328  339  350  358  373  386  407  424  438                                   
    20.0-180.0 180.0   5.0 450.0                            LAT/LON1/LON2/DLON/H
  444  467  483  502  511  520  528  533  538  542  544  545  544  539  530  517
  501  483  463  442  421  399  376  353  329  305  282  261  240  220  203  188
  177  167  159  153  149  149  152  156  159  159  156  150  142  133  124  116
  111  109  110  116  128  144  163  185  206  226  245  262  278  293  309  325
  340  355  368  376  389  397  417  433  444                                   
    17.5-180.0 180.0   5.0 450.0                            LAT/LON1/LON2/DLON/H
  441  460  478  500  512  526  537  548  557  564  569  572  572  569  563  552
  537  518  494  467  438  409  381  353  324  296  269  245  222  202  183  167
  155  146  140  136  135  138  141  145  147  146  142  136  128  120  112  106
  102  101  102  108  119  136  156  178  200  221  240  258  275  293  313  334
  353  370  385  393  402  407  424  438  441                                   
    15.0-180.0 180.0   5.0 450.0                            LAT/LON1/LON2/DLON/H
  431  445  461  484  497  513  528  543  557  568  576  582  585  586  583  576
  564  545  519  486  450  413  379  345  312  279  249  223  200  181  164  149
  139  131  128  127  128  131  135  137  137  135  131  125  118  111  105  100
   96   94   95  100  110  127  148  170  193  214  234  254  274  295  318  342
  364  384  400  409  415  415  429  442  431                                   
    12.5-180.0 180.0   5.0 450.0                            LAT/LON1/LON2/DLON/H
  420  429  442  460  473  487  503  520  537  551  563  572  580  584  586  585
  577  561  534  497  455  411  370  331  293  257  226  200  179  163  148  137
  129  124  123  124  128  131  133  133  131  128  123  118  113  108  103   98
   93   89   88   92  102  118  139  162  185  208  230  252  274  298  324  351
  375  397  413  422  425  423  436  447  420                                   
    10.0-180.0 180.0   5.0 450.0                            LAT/LON1/LON2/DLON/H
  416  420  427  439  448  459  473  489  505  519  533  545  556  566  573  576
  574  562  536  497  450  401  354  311  271  234  203  179  162  150  140  132
  127  125  126  129  133  136  136  133  129  124  121  117  114  110  105   99
   93   86   83   85   94  110  130  154  178  202  227  251  276  303  331  358
  383  406  423  431  435  432  445  455  416                                   
     7.5-180.0 180.0   5.0 450.0                            LAT/LON1/LON2/DLON/H
  421  422  424  428  431  437  445  457  469  481  493  507  521  534  545  553
  555  546  523  485  436  383  334  288  248  213  185  165  152  144  139  135
