data/edconvlstm_nd/pred2410.15i
     1.0            IONOSPHERE MAPS     GNSS                IONEX VERSION / TYPE
pyspatialgeodesy        IME             05-JAN-18 20:20     PGM / RUN BY / DATE 
Map Name                                                    COMMENT             
Predicted global ionosphere maps (GIM).                     DESCRIPTION         
  2015     8    29     0     0     0                        EPOCH OF FIRST MAP  
  2015     8    30     0     0     0                        EPOCH OF LAST MAP   
  7200                                                      INTERVAL            
    13                                                      # OF MAPS IN FILE   
  NONE                                                      MAPPING FUNCTION    
10.0                                                        ELEVATION CUTOFF    
One-way carrier phase leveled to code                       OBSERVABLES USED    
  6371.0                                                    BASE RADIUS         
 2                                                          MAP DIMENSION       
   450.0 450.0   0.0                                        HGT1 / HGT2 / DHGT  
    87.5 -87.5  -2.5                                        LAT1 / LAT2 / DLAT  
  -180.0 180.0   5.0                                        LON1 / LON2 / DLON  
    -1                                                      EXPONENT            
                                                            END OF HEADER       
[from data line 858]
     3                                                      START OF TEC MAP    
  2015     8    29     4     0     0                        EPOCH OF CURRENT MAP
    87.5-180.0 180.0   5.0 450.0                            LAT/LON1/LON2/DLON/H
   72   76   73   77   77   75   72   69   69   69   69   69   69   69   68   68
   67   66   66   65   63   62   61   60   59   57   56   56   55   54   54   53
   53   53   53   53   53   53   53   54   54   54   55   55   56   56   57   57
   58   58   59   59   60   61   62   62   63   64   65   66   66   67   67   68
   70   71   70   70   75   84   88   79   72                                   
    85.0-180.0 180.0   5.0 450.0                            LAT/LON1/LON2/DLON/H
   68   86   78   81   84   84   83   81   81   81   80   80   80   80   79   78
   78   76   75   74   72   71   69   68   66   64   63   62   61   60   60   59
   59   59   59   59   59   60   60   60   61   61   62   62   63   63   64   64
   65   66   67   68   68   70   71   72   73   74   75   76   77   78   78   80
   82   83   80   83   84   86   93   81   68                                   
    82.5-180.0 180.0   5.0 450.0                            LAT/LON1/LON2/DLON/H
   75   82   92   87   87   89   88   87   87   87   86   86   86   85   84   83
   82   80   78   76   74   72   69   67   65   62   60   59   57   56   56   55
   55   56   56   57   57   58   59   60   60   61   62   62   63   64   64   65
   66   67   69   70   71   73   75   76   78   80   82   83   85   86   87   89
   90   91   88   88   96   87   85   81   75                                   
    80.0-180.0 180.0   5.0 450.0                            LAT/LON1/LON2/DLON/H
   89   90   88   84   87   86   87   85   86   85   83   84   83   83   82   80
   79   77   75   72   70   67   64   61   58   56   53   52   51   50   50   50
   51   52   53   54   56   57   58   60   61   61   62   63   63   64   65   66
   67   68   69   71   73   75   77   79   81   83   85   87   89   90   91   93
   94   93   93   93  101   97   96   86   89                                   
    77.5-180.0 180.0   5.0 450.0                            LAT/LON1/LON2/DLON/H
   95   95   87   85   83   84   86   85   84   82   80   80   79   79   78   76
   75   73   71   68   65   62   59   55   52   50   47   46   45   44   45   46
   47   49   51   54   56   58   60   61   62   63   64   65   66   66   67   68
   70   71   73   75   77   79   81   84   86   89   91   93   95   96   97   98
   99  100   97  100  102   95   94   89   95                                   
    75.0-180.0 180.0   5.0 450.0                            LAT/LON1/LON2/DLON/H
   92   93   85   83   78   80   79   77   76   74   71   71   70   69   68   67
   66   64   62   60   57   54   50   47   44   42   40   38   38   38   39   41
   43   46   49   52   54   57   59   60   61   62   63   64   64   65   66   67
   68   69   71   73   75   78   80   83   86   89   91   93   95   96   97   99
   98   99   98   95   99   96   94   92   92                                   
    72.5-180.0 180.0   5.0 450.0                            LAT/LON1/LON2/DLON/H
   94   96   88   84   81   81   81   79   77   74   71   70   68   67   66   65
   63   62   60   58   56   53   50   46   44   41   39   38   38   39   41   43
   46   49   53   56   59   61   63   65   66   67   68   69   69   70   71   72
   74   75   77   79   81   84   87   90   93   96   99  101  103  104  106  107
  107  107  108  106  106  102   99   96   94                                   
    70.0-180.0 180.0   5.0 450.0                            LAT/LON1/LON2/DLON/H
  101  100   94   88   83   82   81   78   75   72   68   67   65   63   61   60
   59   58   56   55   53   50   47   45   42   40   39   39   39   40   42   45
   48   51   54   57   59   62   63   65   66   67   69   70   72   73   75   76
   77   79   81   82   85   88   91   94   98  101  104  107  109  110  111  113
  113  113  113  113  113  109  108  103  101                                   
    67.5-180.0 180.0   5.0 450.0                            LAT/LON1/LON2/DLON/H
  103  103   95   89   83   81   79   75   72   68   65   63   60   58   57   55
   55   54   53   52   50   48   45   43   41   40   39   39   39   41   42   44
   47   49   51   53   55   56   58   59   61   63   65   67   70   72   74   76
   78   79   81   82   84   86   89   93   96   99  103  105  107  109  110  112
  113  113  114  114  115  112  110  105  103                                   
    65.0-180.0 180.0   5.0 450.0                            LAT/LON1/LON2/DLON/H
  105  104   96   90   84   80   77   74   70   67   63   61   59   57   55   54
   53   53   53   52   50   48   46   44   42   41   41   42   42   43   45   45
   46   47   48   49   49   50   52   54   56   59   62   66   70   74   77   80
   81   83   84   85   87   88   91   94   97  100  104  106  109  110  111  113
  114  114  116  116  118  115  114  110  105                                   
    62.5-180.0 180.0   5.0 450.0                            LAT/LON1/LON2/DLON/H
  106  107   98   92   85   81   77   73   69   65   62   60   58   57   55   55
   54   54   54   53   52   50   48   46   45   44   44   45   46   47   47   46
   46   45   44   43   43   44   45   48   51   56   61   67   72   77   81   85
   87   89   90   91   91   93   94   97   99  102  105  108  110  112  113  115
  115  116  118  117  119  117  117  114  106                                   
    60.0-180.0 180.0   5.0 450.0                            LAT/LON1/LON2/DLON/H
  107  108  101   94   87   81   76   71   67   62   58   57   56   54   54   54
   54   54   55   54   53   50   48   46   45   45   45   47   48   48   47   45
   43   40   38   36   36   36   38   42   46   53   60   67   74   81   86   90
   93   95   96   97   97   97   98   99  101  103  106  108  110  112  113  115
  116  116  118  117  119  118  118  115  107                                   
    57.5-180.0 180.0   5.0 450.0                            LAT/LON1/LON2/DLON/H
  110  112  105   99   92   85   79   71   65   60   55   54   52   51   52   52
   53   54   54   54   52   49   46   44   43   43   45   47   48   48   47   44
   40   36   33   31   30   31   34   38   44   52   60   69   78   85   92   97
  100  103  105  105  106  105  105  105  105  107  108  110  112  113  114  116
  117  118  119  118  119  119  119  117  110                                   
    55.0-180.0 180.0   5.0 450.0                            LAT/LON1/LON2/DLON/H
  116  118  113  108  101   93   85   75   66   58   52   49   48   47   48   49
   50   52   52   52   50   46   43   40   39   40   42   45   47   47   45   42
   37   33   30   28   27   28   31   36   43   52   62   73   82   91   98  104
  109  112  114  116  116  115  113  112  111  111  111  113  114  115  117  118
  119  119  121  119  120  120  121  120  116                                   
    52.5-180.0 180.0   5.0 450.0                            LAT/LON1/LON2/DLON/H
  123  127  124  120  114  106   96   84   72   60   51   47   44   44   44   45
   47   48   49   48   46   43   39   37   36   37   40   43   45   46   44   41
   36   33   30   28   28   29   32   37   45   55   66   77   88   97  106  112
  118  122  126  128  128  126  123  120  117  116  115  116  117  118  119  121
  122  122  123  121  122  122  124  123  123                                   
    50.0-180.0 180.0   5.0 450.0                            LAT/LON1/LON2/DLON/H
  132  138  137  135  130  123  113   98   83   67   55   48   44   42   42   42
   44   45   45   45   43   40   36   34   33   35   38   42   45   46   44   41
   38   35   32   31   31   32   35   41   48   59   70   82   94  104  114  122
  129  134  138  141  141  139  135  129  125  122  120  120  121  122  123  125
  125  125  126  124  125  126  128  127  132                                   
    47.5-180.0 180.0   5.0 450.0                            LAT/LON1/LON2/DLON/H
  140  148  149  149  147  141  132  115   98   79   64   54   47   43   42   41
   41   42   42   42   40   38   35   34   33   35   38   42   45   47   46   44
   42   39   38   37   37   38   40   45   53   63   75   88  100  111  122  131
  139  146  151  154  154  151  145  138  132  127  125  124  125  125  126  128
  129  129  129  128  129  129  131  131  140                                   
    45.0-180.0 180.0   5.0 450.0                            LAT/LON1/LON2/DLON/H
  144  155  155  158  159  156  148  133  115   95   78   65   56   49   45   43
   41   41   41   40   39   38   37   36   36   38   41   45   48   50   50   49
   47   46   46   45   45   45   46   50   58   68   80   93  105  118  130  140
  149  156  162  165  165  161  155  146  139  133  130  128  129  129  130  132
  132  132  133  132  133  132  135  134  144                                   
    42.5-180.0 180.0   5.0 450.0                            LAT/LON1/LON2/DLON/H
  145  156  155  160  164  165  160  147  130  111   93   80   69   60   53   48
   45   43   42   41   41   41   40   40   41   44   47   50   53   55   55   55
   55   55   55   54   53   52   53   56   63   73   84   97  111  124  136  148
  157  165  171  174  174  171  163  154  145  139  135  134  134  134  134  136
  136  137  137  136  137  136  138  136  145                                   
    40.0-180.0 180.0   5.0 450.0                            LAT/LON1/LON2/DLON/H
  142  151  149  154  161  164  162  153  140  123  107   95   84   74   65   58
   52   48   46   45   45   46   47   48   49   52   55   58   61   62   63   63
   64   64   65   64   62   61   60   62   68   78   89  102  115  129  142  154
  164  172  177  181  182  179  171  162  153  146  142  141  140  140  140  141
  142  143  144  142  143  140  141  138  142                                   
    37.5-180.0 180.0   5.0 450.0                            LAT/LON1/LON2/DLON/H
  139  144  139  144  151  155  157  152  142  129  117  107   98   89   79   70
   62   57   54   53   53   54   55   57   60   62   65   68   70   71   72   73
   74   75   75   74   72   69   68   69   75   84   95  107  120  134  148  160
  170  178  183  188  190  188  181  172  163  156  153  151  149  148  147  149
  150  151  152  151  151  147  147  142  139                                   
    35.0-180.0 180.0   5.0 450.0                            LAT/LON1/LON2/DLON/H
  139  138  130  132  138  142  146  144  138  129  120  114  108  101   92   83
   75   69   66   64   64   64   66   68   71   74   77   80   82   82   83   83
   84   86   86   85   82   78   76   77   83   91  102  113  125  139  153  166
  176  183  190  195  199  199  195  186  177  171  167  164  161  159  157  159
  160  163  164  162  162  158  157  151  139                                   
    32.5-180.0 180.0   5.0 450.0                            LAT/LON1/LON2/DLON/H
  148  140  129  126  129  130  135  134  130  123  118  116  114  109  102   94
   87   81   79   77   76   76   77   80   83   87   90   93   94   94   94   94
   95   96   96   95   91   87   85   86   91   99  108  119  130  143  157  170
  181  189  197  205  211  214  212  205  197  190  185  181  177  172  170  172
  174  177  178  177  177  173  173  166  148                                   
    30.0-180.0 180.0   5.0 450.0                            LAT/LON1/LON2/DLON/H
  167  154  140  132  130  127  130  128  124  118  114  114  115  113  108  102
   96   93   91   90   89   89   90   92   96  100  104  106  107  106  106  105
  106  106  106  104  100   96   93   94   98  106  115  124  135  147  162  175
  187  197  207  217  228  234  234  228  221  214  208  202  196  189  186  187
  189  193  195  195  196  193  194  188  167                                   
    27.5-180.0 180.0   5.0 450.0                            LAT/LON1/LON2/DLON/H
  196  181  167  154  146  139  138  132  126  117  113  113  114  114  111  107
  103  101  101  102  102  102  103  106  110  114  118  120  120  118  117  116
  115  115  114  111  108  103  100  101  105  112  120  129  139  151  166  181
  195  207  220  234  248  258  260  256  249  242  236  227  218  209  204  205
  207  211  214  215  218  217  219  215  196                                   
    25.0-180.0 180.0   5.0 450.0                            LAT/LON1/LON2/DLON/H
  234  221  207  191  178  167  161  150  139  126  118  117  117  116  113  109
  106  106  108  111  113  115  118  121  126  130  133  133  131  128  125  124
  122  121  119  116  112  108  105  105  108  115  123  132  142  155  170  187
  204  220  237  255  273  285  289  286  280  273  265  255  244  233  226  225
  227  232  235  236  241  244  248  246  234                                   
    22.5-180.0 180.0   5.0 450.0                            LAT/LON1/LON2/DLON/H
  278  268  256  239  223  209  197  181  165  147  135  128  125  122  117  111
  108  108  112  117  122  128  133  139  143  146  147  145  140  135  131  128
  126  123  120  117  113  109  106  105  107  114  123  133  145  159  176  195
  215  235  256  278  299  312  317  315  310  304  296  285  272  259  251  249
  250  254  258  260  266  272  277  277  278                                   
    20.0-180.0 180.0   5.0 450.0                            LAT/LON1/LON2/DLON/H
  322  317  308  293  275  259  242  222  201  179  161  149  142  134  125  115
  109  109  113  122  131  141  150  157  161  162  159  153  146  139  133  128
  125  121  117  113  110  106  102  101  103  110  121  133  147  163  182  203
  227  251  277  302  323  338  343  342  338  333  326  316  302  288  279  276
  276  278  282  284  291  299  306  306  322                                   
    17.5-180.0 180.0   5.0 450.0                            LAT/LON1/LON2/DLON/H
  361  362  357  344  327  309  288  266  243  218  195  178  165  152  138  124
  114  111  116  126  140  155  167  175  178  175  168  158  147  137  130  124
  120  115  110  106  103  100   96   93   95  103  116  132  149  167  188  213
  240  268  296  323  345  360  365  365  363  360  355  346  333  319  310  306
  304  305  308  311  317  327  333  332  361                                   
    15.0-180.0 180.0   5.0 450.0                            LAT/LON1/LON2/DLON/H
  393  399  397  385  371  351  329  306  282  256  231  211  194  176  157  137
  122  117  121  134  151  169  184  192  192  185  173  158  144  132  123  117
  112  106  101   98   95   92   88   86   87   96  112  131  151  172  195  222
  252  283  313  341  364  378  384  385  384  384  382  374  363  351  342  337
  333  333  336  338  344  354  359  355  393                                   
    12.5-180.0 180.0   5.0 450.0                            LAT/LON1/LON2/DLON/H
  417  426  426  414  401  380  357  336  313  288  264  242  223  202  179  155
  137  128  132  145  165  185  200  205  200  188  172  154  137  124  115  109
  103   98   93   90   88   87   83   80   82   92  109  131  153  176  201  230
  261  294  326  355  377  392  398  401  403  405  405  400  391  381  373  367
  363  362  365  367  372  381  384  376  417                                   
    10.0-180.0 180.0   5.0 450.0                            LAT/LON1/LON2/DLON/H
  438  448  447  433  418  397  374  354  334  311  288  267  248  227  203  177
  156  146  148  162  182  200  211  211  201  185  166  146  129  116  107  102
   97   92   88   86   85   84   81   78   80   90  108  131  155  180  206  235
  267  301  333  362  385  400  409  414  418  421  423  421  414  407  400  394
  389  389  392  395  399  407  409  399  438                                   
     7.5-180.0 180.0   5.0 450.0                            LAT/LON1/LON2/DLON/H
  459  468  464  446  428  405  381  362  344  324  303  284  266  247  225  201
  180  170  171  182  198  212  216  210  195  176  156  138  122  110  102   98
