data/edconvlstm_nd/pred2740.15i
     1.0            IONOSPHERE MAPS     GNSS                IONEX VERSION / TYPE
pyspatialgeodesy        IME             05-JAN-18 20:20     PGM / RUN BY / DATE 
Map Name                                                    COMMENT             
Predicted global ionosphere maps (GIM).                     DESCRIPTION         
  2015    10     1     0     0     0                        EPOCH OF FIRST MAP  
  2015    10     2     0     0     0                        EPOCH OF LAST MAP   
  7200                                                      INTERVAL            
    13                                                      # OF MAPS IN FILE   
  NONE                                                      MAPPING FUNCTION    
10.0                                                        ELEVATION CUTOFF    
One-way carrier phase leveled to code                       OBSERVABLES USED    
  6371.0                                                    BASE RADIUS         
 2                                                          MAP DIMENSION       
   450.0 450.0   0.0                                        HGT1 / HGT2 / DHGT  
    87.5 -87.5  -2.5                                        LAT1 / LAT2 / DLAT  
  -180.0 180.0   5.0                                        LON1 / LON2 / DLON  
    -1                                                      EXPONENT            
                                                            END OF HEADER       
[from data line 1716]
     5                                                      START OF TEC MAP    
  2015    10     1     8     0     0                        EPOCH OF CURRENT MAP
    87.5-180.0 180.0   5.0 450.0                            LAT/LON1/LON2/DLON/H
   97  103  103  108  109  109  108  104  106  107  107  107  107  107  107  107
  106  106  105  105  104  104  103  103  103  102  102  102  102  102  102  102
  103  103  103  104  104  104  105  105  106  106  107  108  108  109  109  110
  110  110  110  110  109  109  108  108  107  106  105  104  104  103  102  102
  102  103  102  101  107  107  115  108   97                                   
    85.0-180.0 180.0   5.0 450.0                            LAT/LON1/LON2/DLON/H
   98  110  113  109  110  112  112  112  112  113  112  113  113  112  112  111
  110  110  109  108  108  107  107  107  106  106  107  107  107  108  109  110
  110  111  112  113  114  115  116  117  118  119  120  121  122  123  124  125
  125  125  125  125  125  124  123  122  121  119  118  117  115  114  112  112
  112  112  108  106  105  108  113  112   98                                   
    82.5-180.0 180.0   5.0 450.0                            LAT/LON1/LON2/DLON/H
   99  106  112  105  104  106  106  105  106  107  106  107  106  105  104  103
  102  100   99   98   96   95   95   94   94   94   95   96   97   99  101  103
  105  107  110  112  114  117  119  122  124  127  129  132  134  136  138  140
  141  142  142  142  142  141  139  137  135  133  130  128  125  122  119  117
  116  114  109  107  108  108  102   98   99                                   
    80.0-180.0 180.0   5.0 450.0                            LAT/LON1/LON2/DLON/H
  100   98  101   95   95   93   94   95   96   96   96   96   96   95   93   92
   90   88   86   84   82   80   79   78   78   79   80   82   84   87   90   94
   98  101  105  109  112  116  120  123  127  131  135  140  144  148  151  154
  157  158  159  159  159  158  156  153  150  146  142  138  134  130  125  122
  118  114  110  107  104  104  103   93  100                                   
    77.5-180.0 180.0   5.0 450.0                            LAT/LON1/LON2/DLON/H
   97   90   89   86   82   83   83   84   86   86   86   87   86   85   84   82
   80   78   75   73   70   68   66   65   65   65   67   69   73   77   82   88
   93   99  104  109  114  119  124  129  134  140  146  152  159  165  170  175
  180  183  185  186  185  184  181  178  174  169  163  158  152  146  140  134
  128  122  115  111  105   95   93   89   97                                   
    75.0-180.0 180.0   5.0 450.0                            LAT/LON1/LON2/DLON/H
   89   82   76   74   70   72   71   71   72   72   72   73   73   73   72   70
   69   67   64   61   58   55   53   51   51   52   54   58   62   68   75   82
   89   95  102  107  113  118  123  129  136  143  151  159  168  176  184  191
  197  201  204  206  206  204  202  198  193  187  181  174  167  160  153  147
  139  131  123  112  105   94   89   85   89                                   
    72.5-180.0 180.0   5.0 450.0                            LAT/LON1/LON2/DLON/H
   85   75   69   66   64   65   65   65   65   65   65   66   66   66   66   65
   64   62   60   57   54   50   47   45   44   45   47   52   57   64   72   81
   89   97  104  110  116  121  127  133  141  149  159  169  180  190  200  208
  215  221  224  226  226  225  221  217  211  205  199  192  185  178  170  163
  155  146  138  126  115  100   92   90   85                                   
    70.0-180.0 180.0   5.0 450.0                            LAT/LON1/LON2/DLON/H
   86   71   65   61   58   57   56   56   56   56   56   57   57   58   58   58
   58   57   55   53   49   46   43   40   39   40   42   47   53   61   70   80
   89   97  104  110  115  120  126  132  140  150  161  173  185  196  207  216
  224  230  234  235  235  233  229  224  218  212  205  198  191  185  178  171
  163  154  146  133  120  104   97   96   86                                   
    67.5-180.0 180.0   5.0 450.0                            LAT/LON1/LON2/DLON/H
   82   66   59   56   54   53   52   52   51   51   51   52   52   53   54   55
   55   55   54   53   50   46   43   40   38   39   41   45   52   60   69   78
   87   95  101  106  111  116  121  128  137  147  159  172  184  197  208  217
  224  230  233  234  233  230  226  220  214  207  201  194  188  182  176  171
  164  155  148  134  121  105   96   96   82                                   
    65.0-180.0 180.0   5.0 450.0                            LAT/LON1/LON2/DLON/H
   81   64   56   54   51   51   50   49   49   48   48   49   49   50   51   53
   54   55   55   54   51   48   45   42   40   40   42   46   52   60   69   78
   86   94  100  105  109  114  120  128  137  148  161  174  187  199  210  218
  224  229  231  231  229  225  220  214  207  201  194  188  183  177  172  167
  161  153  146  133  121  106   98   98   81                                   
    62.5-180.0 180.0   5.0 450.0                            LAT/LON1/LON2/DLON/H
   79   63   55   53   51   50   49   49   48   47   47   48   48   49   50   52
   53   54   55   54   52   49   46   43   42   41   43   47   53   60   68   76
   84   91   97  102  108  113  120  129  139  152  165  178  191  202  211  218
  223  226  227  227  224  219  214  207  200  194  187  182  176  171  165  160
  154  147  141  129  118  104   97   98   79                                   
    60.0-180.0 180.0   5.0 450.0                            LAT/LON1/LON2/DLON/H
   80   64   56   54   51   50   49   48   47   46   46   46   46   47   48   49
   51   52   53   52   51   48   46   43   42   42   44   47   52   58   66   73
   80   87   94  100  107  114  122  133  144  157  171  184  195  205  213  219
  223  225  225  224  221  217  211  204  197  190  184  178  172  166  160  154
  147  140  134  123  114  102   95   95   80                                   
    57.5-180.0 180.0   5.0 450.0                            LAT/LON1/LON2/DLON/H
   84   69   61   58   55   53   52   50   48   47   46   47   46   46   47   48
   49   50   50   50   48   46   44   42   42   42   44   47   51   57   63   70
   78   85   93  101  110  119  129  141  154  167  181  194  204  213  220  225
  228  230  230  229  227  222  216  209  202  196  189  183  177  170  162  154
  146  138  132  123  114  103   97   95   84                                   
    55.0-180.0 180.0   5.0 450.0                            LAT/LON1/LON2/DLON/H
   91   78   71   66   62   59   56   53   50   49   47   47   46   46   46   46
   47   47   47   46   45   43   42   41   42   43   45   47   51   56   61   68
   76   85   95  105  115  126  139  152  166  180  194  206  216  224  230  235
  238  240  241  241  239  234  228  222  215  208  202  196  188  180  170  161
  151  142  135  127  119  109  102   99   91                                   
    52.5-180.0 180.0   5.0 450.0                            LAT/LON1/LON2/DLON/H
  102   91   84   79   73   69   64   58   55   52   50   49   47   46   46   45
   45   45   45   44   42   42   41   42   43   45   47   49   52   56   61   69
   77   88   99  111  124  137  150  164  179  193  207  219  229  237  243  248
  252  255  257  257  255  251  245  238  231  225  219  212  205  195  184  173
  162  152  145  136  129  119  113  108  102                                   
    50.0-180.0 180.0   5.0 450.0                            LAT/LON1/LON2/DLON/H
  115  106  100   95   88   82   75   67   62   57   54   52   50   48   47   46
   46   45   45   43   43   43   44   46   48   51   52   54   55   58   64   71
   81   93  106  120  134  148  162  177  192  206  220  233  243  251  258  264
  268  272  274  274  272  267  261  253  246  240  235  229  221  211  200  188
  176  166  158  149  142  133  127  121  115                                   
    47.5-180.0 180.0   5.0 450.0                            LAT/LON1/LON2/DLON/H
  128  120  115  110  103   97   88   78   71   65   60   57   54   52   51   50
   49   49   48   47   47   48   50   53   57   59   60   60   60   62   67   75
   86  100  114  130  144  159  173  188  203  218  232  245  256  265  272  279
  284  287  289  289  285  280  272  264  257  251  246  241  234  225  213  202
  191  180  172  162  155  147  142  135  128                                   
    45.0-180.0 180.0   5.0 450.0                            LAT/LON1/LON2/DLON/H
  136  129  125  122  116  109  101   90   82   74   69   65   61   58   57   56
   55   55   54   54   55   57   60   65   68   69   68   67   66   67   72   80
   92  107  123  139  154  169  183  197  212  228  242  255  267  277  286  293
  298  301  302  300  295  288  279  270  262  256  251  247  241  233  223  213
  202  193  184  174  166  157  153  148  136                                   
    42.5-180.0 180.0   5.0 450.0                            LAT/LON1/LON2/DLON/H
  137  130  128  127  123  117  109  100   91   84   78   73   69   66   64   63
   63   63   63   64   65   69   73   77   79   79   77   73   71   71   76   85
   98  114  130  147  162  177  191  205  221  236  251  265  277  288  298  305
  311  313  312  308  302  294  284  274  265  258  253  249  243  236  228  219
  210  201  191  180  171  162  158  153  137                                   
    40.0-180.0 180.0   5.0 450.0                            LAT/LON1/LON2/DLON/H
  131  123  121  123  121  118  112  105   98   92   86   82   78   75   73   72
   72   72   73   74   77   81   85   88   89   87   83   78   75   75   80   90
  104  120  137  154  169  184  198  213  229  245  260  274  287  299  310  318
  324  326  324  320  313  304  294  283  273  265  259  253  247  240  232  224
  215  206  196  183  172  160  155  151  131                                   
    37.5-180.0 180.0   5.0 450.0                            LAT/LON1/LON2/DLON/H
  119  109  107  110  110  110  108  104  100   96   91   89   85   83   81   81
   81   81   82   84   87   91   94   96   95   92   86   81   77   78   83   94
  108  125  143  160  176  191  206  221  237  254  270  284  298  311  323  334
  341  344  343  339  334  327  318  307  296  286  277  268  259  250  240  232
  222  211  199  183  170  154  147  142  119                                   
    35.0-180.0 180.0   5.0 450.0                            LAT/LON1/LON2/DLON/H
  108   94   90   92   94   96   97   97   97   95   93   92   91   90   89   89
   89   89   90   92   95   98  100  100   97   92   86   81   78   80   87   98
  113  131  149  167  183  199  215  231  248  265  281  296  310  325  340  353
  363  369  371  371  370  366  360  350  338  325  312  299  286  273  260  249
  236  222  207  187  170  148  141  133  108                                   
    32.5-180.0 180.0   5.0 450.0                            LAT/LON1/LON2/DLON/H
  102   84   77   76   77   80   84   87   89   90   91   93   94   95   95   95
   95   95   96   98  100  102  102  100   96   90   84   80   79   82   90  103
  119  136  155  174  192  209  226  243  260  278  294  309  325  342  360  378
  392  403  410  416  420  421  419  411  399  384  367  349  330  312  294  278
  261  244  224  199  177  150  141  130  102                                   
    30.0-180.0 180.0   5.0 450.0                            LAT/LON1/LON2/DLON/H
  106   84   73   67   66   68   72   76   80   83   87   91   94   97   99   99
   99   99  100  101  103  103  101   97   92   86   81   79   79   85   94  108
  124  143  163  183  203  221  239  256  274  291  307  323  340  361  383  406
  426  443  457  469  480  488  491  486  475  457  437  414  391  367  343  322
  300  277  253  222  197  164  153  139  106                                   
    27.5-180.0 180.0   5.0 450.0                            LAT/LON1/LON2/DLON/H
  123   96   81   70   65   64   67   70   73   78   82   88   93   97  100  101
  101  101  101  102  102  101   98   94   88   84   80   79   81   88   99  114
  131  151  172  194  215  235  253  270  287  304  320  338  357  381  408  435
  461  484  505  525  544  559  567  565  555  537  514  489  461  432  404  377
  349  322  293  257  229  191  178  162  123                                   
    25.0-180.0 180.0   5.0 450.0                            LAT/LON1/LON2/DLON/H
  152  123  103   86   76   71   71   71   73   76   80   86   91   96   99  101
  101  100  100  100  100   99   95   91   86   82   80   80   84   92  104  120
  139  160  183  206  228  248  266  283  300  316  333  352  375  402  432  464
  494  522  548  574  599  619  632  634  625  608  585  559  530  498  466  434
  403  372  340  300  271  230  214  197  152                                   
    22.5-180.0 180.0   5.0 450.0                            LAT/LON1/LON2/DLON/H
  191  160  136  114   99   89   85   81   80   81   83   87   91   94   97   98
   98   97   97   97   97   96   94   90   87   84   82   82   87   96  110  127
  147  169  193  218  241  261  278  294  310  327  346  367  392  421  454  488
  520  549  577  605  632  655  671  675  669  654  634  610  582  551  518  485
  451  420  385  345  314  273  254  240  191                                   
    20.0-180.0 180.0   5.0 450.0                            LAT/LON1/LON2/DLON/H
  233  203  176  152  131  117  108  101   96   94   93   93   94   95   96   96
   95   94   94   94   95   95   93   91   89   87   85   86   90  100  114  133
  154  177  202  227  250  270  287  303  319  337  357  381  408  438  472  504
  534  561  586  611  636  658  674  679  675  665  650  631  608  581  550  518
  486  456  422  384  352  314  294  284  233                                   
    17.5-180.0 180.0   5.0 450.0                            LAT/LON1/LON2/DLON/H
  272  243  216  191  167  150  138  128  119  113  108  104  101   98   97   95
   93   91   91   92   93   94   95   95   94   92   90   90   93  103  117  136
  158  182  208  233  257  276  293  309  326  346  368  393  422  452  483  512
  536  556  574  593  612  630  642  648  646  641  632  621  606  585  559  530
  502  475  445  412  380  346  327  320  272                                   
    15.0-180.0 180.0   5.0 450.0                            LAT/LON1/LON2/DLON/H
  302  275  251  227  201  182  168  158  147  138  129  121  112  105  100   95
   92   90   90   91   93   95   98  101  102  100   97   94   96  103  118  137
  160  185  211  236  259  279  297  314  332  354  378  405  433  462  490  513
  529  540  549  559  570  581  589  594  595  594  593  590  583  569  550  526
  502  479  454  425  396  364  348  343  302                                   
    12.5-180.0 180.0   5.0 450.0                            LAT/LON1/LON2/DLON/H
  322  297  276  254  229  210  196  186  175  164  152  140  127  116  106   99
   94   91   90   91   94   99  105  110  111  109  104   98   97  103  117  136
  160  185  211  237  260  280  298  317  337  361  386  414  442  469  492  508
  518  521  521  521  524  529  534  538  541  545  549  553  553  546  532  514
  493  474  453  428  402  371  357  352  322                                   
    10.0-180.0 180.0   5.0 450.0                            LAT/LON1/LON2/DLON/H
  333  310  292  271  249  230  218  210  200  189  176  161  145  129  115  105
   98   94   93   94   99  105  113  120  122  118  110  102   98  103  116  135
  159  185  211  236  259  279  299  319  341  366  393  420  447  471  491  503
  507  505  499  494  491  491  494  498  503  510  518  526  530  528  518  502
  484  467  448  425  401  371  357  352  333                                   
     7.5-180.0 180.0   5.0 450.0                            LAT/LON1/LON2/DLON/H
  341  319  303  281  263  245  235  229  220  210  197  181  162  143  126  113
  104   99   97   99  104  113  122  129  130  125  115  105  100  104  116  135
