data/edconvlstm_nd/pred0450.15i
     1.0            IONOSPHERE MAPS     GNSS                IONEX VERSION / TYPE
pyspatialgeodesy        IME             05-JAN-18 20:20     PGM / RUN BY / DATE 
Map Name                                                    COMMENT             
Predicted global ionosphere maps (GIM).                     DESCRIPTION         
  2015     2    14     0     0     0                        EPOCH OF FIRST MAP  
  2015     2    15     0     0     0                        EPOCH OF LAST MAP   
  7200                                                      INTERVAL            
    13                                                      # OF MAPS IN FILE   
  NONE                                                      MAPPING FUNCTION    
10.0                                                        ELEVATION CUTOFF    
One-way carrier phase leveled to code                       OBSERVABLES USED    
  6371.0                                                    BASE RADIUS         
 2                                                          MAP DIMENSION       
   450.0 450.0   0.0                                        HGT1 / HGT2 / DHGT  
    87.5 -87.5  -2.5                                        LAT1 / LAT2 / DLAT  
  -180.0 180.0   5.0                                        LON1 / LON2 / DLON  
    -1                                                      EXPONENT            
                                                            END OF HEADER       
[from data line 429]
     2                                                      START OF TEC MAP    
  2015     2    14     2     0     0                        EPOCH OF CURRENT MAP
    87.5-180.0 180.0   5.0 450.0                            LAT/LON1/LON2/DLON/H
  134  137  137  135  136  133  128  126  127  126  126  125  125  124  122  121
  119  117  115  113  111  109  106  104  102  101   99   98   96   96   95   95
   94   94   95   95   96   96   97   98   99  100  102  103  105  107  108  110
  112  114  115  117  118  120  121  122  123  124  125  125  126  126  126  127
  128  129  128  127  125  130  130  122  134                                   
    85.0-180.0 180.0   5.0 450.0                            LAT/LON1/LON2/DLON/H
  143  147  127  132  134  130  126  123  122  121  119  118  117  115  114  112
  110  108  105  103  101   98   96   93   91   89   88   87   86   85   85   85
   85   86   87   88   90   92   94   96   98  100  102  105  108  111  113  116
  119  122  124  127  129  131  133  135  137  138  139  140  141  141  141  141
  143  143  141  142  137  135  136  130  143                                   
    82.5-180.0 180.0   5.0 450.0                            LAT/LON1/LON2/DLON/H
  151  141  140  132  132  128  123  120  120  117  115  114  112  110  108  106
  103  100   97   94   90   87   84   81   78   75   73   72   71   70   70   70
   71   73   75   77   79   81   84   87   90   94   97  101  105  108  112  116
  120  124  127  131  134  138  141  144  147  150  152  154  155  156  156  158
  158  157  154  151  154  141  138  137  151                                   
    80.0-180.0 180.0   5.0 450.0                            LAT/LON1/LON2/DLON/H
  159  147  136  127  128  123  120  118  118  116  113  112  110  107  104  101
   97   93   89   84   80   75   71   67   64   61   58   57   56   55   56   57
   58   60   62   65   67   70   73   76   79   82   85   89   93   96  100  104
  108  112  116  120  125  129  134  138  143  148  152  155  158  160  162  164
  164  162  159  156  165  155  157  151  159                                   
    77.5-180.0 180.0   5.0 450.0                            LAT/LON1/LON2/DLON/H
  170  159  146  140  136  132  132  131  130  127  125  123  120  116  111  106
  101   95   89   84   78   73   67   63   59   55   52   51   50   50   51   52
   54   57   59   62   65   67   70   72   75   77   80   82   85   88   91   94
   97  101  105  109  114  119  125  132  138  145  151  157  163  167  171  174
  176  176  173  173  179  172  174  170  170                                   
    75.0-180.0 180.0   5.0 450.0                            LAT/LON1/LON2/DLON/H
  183  175  163  157  153  149  148  146  146  142  138  135  130  124  117  109
  102   94   87   81   75   70   65   60   56   53   51   49   49   49   50   52
   55   57   60   62   64   65   67   68   69   70   71   72   73   75   76   78
   80   82   85   89   94  100  107  115  124  133  142  151  159  165  171  177
  180  183  184  181  189  189  192  186  183                                   
    72.5-180.0 180.0   5.0 450.0                            LAT/LON1/LON2/DLON/H
  196  195  185  177  173  169  168  166  164  160  155  149  141  132  121  111
  101   91   84   78   73   68   65   61   58   56   54   52   52   52   54   56
   59   61   64   65   66   67   67   67   66   66   66   67   67   67   68   69
   70   72   74   78   83   90   98  108  118  129  140  151  160  168  176  183
  187  192  195  196  202  202  206  203  196                                   
    70.0-180.0 180.0   5.0 450.0                            LAT/LON1/LON2/DLON/H
  220  219  209  201  196  191  188  185  183  178  171  163  152  138  123  109
   96   85   77   71   68   66   64   62   60   58   56   54   54   54   55   57
   60   62   64   65   65   64   64   63   62   61   61   60   60   61   61   61
   62   63   66   70   76   83   93  104  116  129  142  154  165  174  182  190
  194  199  205  209  216  219  225  221  220                                   
    67.5-180.0 180.0   5.0 450.0                            LAT/LON1/LON2/DLON/H
  239  240  229  219  213  206  201  197  194  188  180  171  157  140  122  104
   89   77   69   65   63   63   63   63   61   59   56   54   52   51   52   54
   56   57   58   58   57   56   54   53   52   51   51   51   52   52   52   52
   53   55   58   63   69   78   89  102  116  131  145  158  169  178  186  193
  198  202  210  213  223  229  238  237  239                                   
    65.0-180.0 180.0   5.0 450.0                            LAT/LON1/LON2/DLON/H
  256  258  246  235  227  219  211  207  203  197  188  177  162  142  122  103
   87   74   67   64   63   65   66   66   65   62   57   53   50   48   48   49
   50   51   51   51   49   47   46   45   45   45   46   47   48   48   48   49
   50   52   56   61   69   80   93  107  123  139  155  169  180  188  194  200
  204  208  215  219  230  238  250  251  256                                   
    62.5-180.0 180.0   5.0 450.0                            LAT/LON1/LON2/DLON/H
  270  272  260  247  238  227  218  212  208  201  193  181  166  146  126  106
   90   78   71   68   69   70   72   71   69   64   58   52   47   44   43   44
   44   45   44   43   42   40   40   40   41   43   46   47   48   48   47   48
   49   52   57   64   74   87  101  118  135  153  169  183  193  201  206  211
  213  216  222  226  236  246  260  263  270                                   
    60.0-180.0 180.0   5.0 450.0                            LAT/LON1/LON2/DLON/H
  279  281  269  253  244  231  219  213  207  200  191  180  166  149  130  113
   98   87   80   77   77   77   77   75   70   64   56   49   43   40   38   38
   39   39   38   37   36   36   37   39   42   46   49   51   51   50   49   48
   49   53   59   69   81   96  113  131  150  168  184  198  208  215  220  223
  224  225  231  234  243  252  267  271  279                                   
    57.5-180.0 180.0   5.0 450.0                            LAT/LON1/LON2/DLON/H
  288  289  278  259  250  236  222  213  205  196  186  176  164  150  136  122
  109  100   93   88   86   84   81   77   70   62   54   47   41   38   37   37
   37   37   36   36   36   37   39   43   48   53   57   58   58   55   52   51
   52   56   64   75   90  107  126  146  165  184  200  214  224  231  235  238
  238  239  243  245  254  261  275  280  288                                   
    55.0-180.0 180.0   5.0 450.0                            LAT/LON1/LON2/DLON/H
  298  299  287  268  260  245  229  216  205  192  180  170  159  149  139  129
  120  112  105   98   93   88   83   77   70   62   54   48   43   41   40   40
   40   40   40   40   41   43   47   52   58   64   68   69   67   63   58   55
   56   61   70   83  100  120  140  160  179  198  214  227  237  245  250  254
  254  255  260  261  268  272  285  290  298                                   
    52.5-180.0 180.0   5.0 450.0                            LAT/LON1/LON2/DLON/H
  312  312  300  282  277  262  244  227  210  192  177  164  155  147  141  135
  128  121  112  104   96   89   83   77   71   65   60   55   51   49   48   48
   48   48   48   49   51   54   59   65   71   77   80   80   77   72   66   62
   62   68   78   93  111  132  152  172  191  208  223  236  247  255  262  267
  269  272  277  279  284  284  295  301  312                                   
    50.0-180.0 180.0   5.0 450.0                            LAT/LON1/LON2/DLON/H
  326  327  314  302  299  286  268  247  225  200  179  164  153  146  142  138
  133  125  115  105   96   89   85   81   77   74   70   67   64   62   60   59
   58   58   59   61   64   68   73   78   84   90   93   92   88   82   75   71
   72   77   88  104  123  144  164  184  201  216  229  241  251  260  268  276
  282  287  294  295  300  298  306  312  326                                   
    47.5-180.0 180.0   5.0 450.0                            LAT/LON1/LON2/DLON/H
  337  340  329  323  323  313  296  273  246  217  190  170  156  148  143  139
  133  124  114  104   96   91   89   88   87   86   84   82   78   75   71   69
   67   67   69   72   76   80   85   90   95  100  103  102   98   92   86   82
   83   90  101  117  136  156  176  194  209  221  232  241  250  259  269  280
  288  297  306  308  312  309  316  322  337                                   
    45.0-180.0 180.0   5.0 450.0                            LAT/LON1/LON2/DLON/H
  343  347  341  341  344  337  322  300  272  240  209  184  167  155  148  141
  133  122  112  103   98   96   97   99  101  101   99   95   90   84   78   73
   71   72   75   80   85   90   94   99  103  108  110  110  107  102   98   96
   98  104  116  131  149  168  187  203  217  226  234  241  248  257  267  279
  290  302  312  316  319  315  322  328  343                                   
    42.5-180.0 180.0   5.0 450.0                            LAT/LON1/LON2/DLON/H
  344  349  348  352  355  350  338  320  295  263  232  205  184  169  157  146
  134  123  114  108  106  108  111  114  116  115  111  104   95   85   77   72
   70   72   77   84   90   95  100  104  108  112  116  117  115  112  109  109
  112  120  131  145  162  180  198  213  224  232  238  243  248  256  266  278
  290  303  315  320  322  319  326  330  344                                   
    40.0-180.0 180.0   5.0 450.0                            LAT/LON1/LON2/DLON/H
  342  347  348  351  354  349  339  326  307  281  253  228  206  187  171  156
  141  130  122  120  122  125  128  129  128  123  115  104   92   81   73   69
   69   73   80   87   94   99  103  107  112  116  120  122  122  121  120  122
  126  133  144  157  173  191  208  223  233  240  244  248  253  260  269  281
  293  306  318  324  325  324  331  333  342                                   
    37.5-180.0 180.0   5.0 450.0                            LAT/LON1/LON2/DLON/H
  343  347  346  342  342  334  325  318  306  288  267  247  227  208  188  170
  154  143  139  140  143  146  145  142  134  124  112   99   87   78   72   71
   74   79   86   93   99  104  107  111  116  121  125  128  128  128  128  130
  135  142  152  165  181  199  217  232  243  250  254  257  262  270  281  293
  304  315  327  332  334  335  344  343  343                                   
    35.0-180.0 180.0   5.0 450.0                            LAT/LON1/LON2/DLON/H
  354  356  348  334  328  314  303  299  294  284  271  258  243  225  206  186
  170  162  161  164  166  165  158  147  134  120  107   95   87   82   81   84
   88   94   99  104  108  110  113  116  121  127  131  133  132  132  131  133
  137  143  153  167  185  205  224  241  253  261  265  270  278  288  301  314
  325  334  345  350  353  358  369  366  354                                   
    32.5-180.0 180.0   5.0 450.0                            LAT/LON1/LON2/DLON/H
  384  384  367  339  324  302  285  279  277  273  267  261  251  237  219  201
  187  182  183  186  184  176  161  144  128  115  106  100   98   99  105  111
  117  121  122  122  121  121  121  124  129  133  136  137  135  132  130  130
  132  138  148  164  184  207  230  250  264  273  279  286  298  314  332  348
  359  368  378  382  387  396  408  405  384                                   
    30.0-180.0 180.0   5.0 450.0                            LAT/LON1/LON2/DLON/H
  438  437  410  368  342  311  285  274  269  264  261  258  252  241  226  210
  200  197  199  199  192  176  156  137  124  117  115  117  124  134  147  159
  165  164  158  149  141  135  133  134  137  140  142  139  134  128  123  121
  122  128  140  158  182  209  236  258  275  287  296  308  325  348  373  396
  411  422  431  434  441  453  463  461  438                                   
    27.5-180.0 180.0   5.0 450.0                            LAT/LON1/LON2/DLON/H
  518  518  480  428  392  353  315  294  280  269  261  255  249  240  226  213
  205  203  204  199  185  165  145  132  128  132  141  153  171  192  214  229
  232  222  204  183  166  153  146  144  145  146  145  139  131  122  114  110
  110  117  131  152  181  212  243  269  289  304  317  334  358  389  422  453
  475  490  502  506  513  530  538  538  518                                   
    25.0-180.0 180.0   5.0 450.0                            LAT/LON1/LON2/DLON/H
  617  621  578  521  478  432  382  347  319  296  277  263  251  238  224  211
  203  200  196  186  169  151  139  137  147  165  187  212  242  274  302  315
  309  286  253  218  190  169  157  152  150  148  144  135  124  113  105  100
  101  109  126  152  185  221  255  285  309  328  346  367  397  433  473  509
  537  559  575  585  596  624  635  637  617                                   
    22.5-180.0 180.0   5.0 450.0                            LAT/LON1/LON2/DLON/H
  724  732  697  643  595  545  485  435  390  351  317  290  266  245  226  210
  200  192  183  171  156  145  146  161  188  223  259  295  332  367  392  398
  380  341  293  245  206  180  164  155  150  145  137  127  116  105   97   93
   95  106  126  157  194  234  273  308  337  361  384  410  444  483  525  563
  595  620  641  659  674  717  742  746  724                                   
    20.0-180.0 180.0   5.0 450.0                            LAT/LON1/LON2/DLON/H
  824  832  815  774  727  678  611  548  489  434  383  340  303  271  243  221
  205  191  179  166  157  159  177  211  258  307  351  388  420  447  462  457
  426  374  314  258  214  184  166  154  145  137  127  117  107   98   92   90
   95  108  132  166  207  250  293  333  368  399  428  458  493  533  574  612
  645  672  695  721  737  791  833  843  824                                   
    17.5-180.0 180.0   5.0 450.0                            LAT/LON1/LON2/DLON/H
  898  902  905  882  843  801  736  670  602  535  471  413  362  318  281  251
  228  209  194  184  185  202  239  293  355  410  447  469  485  496  497  478
  436  376  312  255  212  184  165  151  140  129  118  108  100   94   91   92
   99  115  142  178  221  267  313  356  396  432  466  500  536  575  613  648
  679  706  732  760  777  830  882  901  898                                   
    15.0-180.0 180.0   5.0 450.0                            LAT/LON1/LON2/DLON/H
  925  927  948  943  918  889  836  775  707  638  568  501  440  386  340  303
  274  252  236  232  244  278  335  404  466  507  521  518  510  501  485  454
  406  348  288  239  204  181  164  150  136  123  112  103   98   95   94   97
  106  125  154  192  236  282  329  374  416  455  491  528  564  599  633  663
  691  715  742  771  785  828  881  910  925                                   
    12.5-180.0 180.0   5.0 450.0                            LAT/LON1/LON2/DLON/H
  902  908  940  953  946  933  894  845  787  725  658  591  526  467  417  376
  344  320  307  310  337  388  455  522  565  574  556  525  492  462  431  394
  349  299  253  218  195  179  166  152  137  122  111  103   99   98   99  104
  115  135  165  204  247  293  338  383  424  463  501  538  573  605  634  658
  682  702  727  753  763  793  840  878  902                                   
    10.0-180.0 180.0   5.0 450.0                            LAT/LON1/LON2/DLON/H
  849  858  892  919  930  932  910  875  832  784  728  669  607  550  501  461
  430  408  401  414  453  511  574  617  625  597  546  489  436  392  354  319
  284  249  221  201  190  182  173  160  145  129  116  109  105  104  106  111
  123  144  175  212  254  297  341  383  423  461  498  535  570  601  627  648
  667  682  702  722  725  743  781  823  849                                   
     7.5-180.0 180.0   5.0 450.0                            LAT/LON1/LON2/DLON/H
  790  797  826  858  882  897  889  869  842  809  769  721  669  620  577  544
  519  503  503  524  566  618  659  666  634  571  495  421  359  313  280  255
