data/edconvlstm_nd/pred0210.15i
     1.0            IONOSPHERE MAPS     GNSS                IONEX VERSION / TYPE
pyspatialgeodesy        IME             05-JAN-18 20:20     PGM / RUN BY / DATE 
Map Name                                                    COMMENT             
Predicted global ionosphere maps (GIM).                     DESCRIPTION         
  2015     1    21     0     0     0                        EPOCH OF FIRST MAP  
  2015     1    22     0     0     0                        EPOCH OF LAST MAP   
  7200                                                      INTERVAL            
    13                                                      # OF MAPS IN FILE   
  NONE                                                      MAPPING FUNCTION    
10.0                                                        ELEVATION CUTOFF    
One-way carrier phase leveled to code                       OBSERVABLES USED    
  6371.0                                                    BASE RADIUS         
 2                                                          MAP DIMENSION       
   450.0 450.0   0.0                                        HGT1 / HGT2 / DHGT  
    87.5 -87.5  -2.5                                        LAT1 / LAT2 / DLAT  
  -180.0 180.0   5.0                                        LON1 / LON2 / DLON  
    -1                                                      EXPONENT            
                                                            END OF HEADER       
[from data line 1287]
     4                                                      START OF TEC MAP    
  2015     1    21     6     0     0                        EPOCH OF CURRENT MAP
    87.5-180.0 180.0   5.0 450.0                            LAT/LON1/LON2/DLON/H
   47   54   48   50   49   48   47   43   44   45   44   45   45   45   45   45
   45   45   45   45   45   45   46   46   46   46   46   47   47   47   47   48
   48   48   48   48   48   48   48   48   48   47   47   47   47   47   46   46
   46   46   46   46   45   45   45   45   44   44   44   43   43   43   42   42
   43   43   42   43   48   56   66   66   47                                   
    85.0-180.0 180.0   5.0 450.0                            LAT/LON1/LON2/DLON/H
   34   54   47   49   51   52   52   51   51   52   52   52   52   52   53   53
   53   53   53   53   53   54   54   54   55   55   56   56   57   57   58   58
   59   59   59   60   60   60   60   60   59   59   59   58   58   57   57   56
   56   56   55   55   55   54   54   53   53   52   51   51   50   49   49   49
   49   50   47   49   52   54   62   60   34                                   
    82.5-180.0 180.0   5.0 450.0                            LAT/LON1/LON2/DLON/H
   37   41   50   46   46   47   47   46   47   48   48   49   49   49   49   49
   49   49   49   49   50   50   51   51   52   52   53   54   54   55   56   58
   59   60   61   62   63   63   63   63   63   63   62   61   60   60   59   59
   58   58   58   57   57   56   56   55   54   54   53   52   51   49   48   48
   47   47   45   45   54   47   46   47   37                                   
    80.0-180.0 180.0   5.0 450.0                            LAT/LON1/LON2/DLON/H
   43   39   43   38   41   41   43   42   43   44   43   44   44   44   44   44
   44   44   44   44   45   45   46   47   48   49   50   51   53   54   56   58
   60   63   65   66   68   69   69   69   69   68   67   66   65   64   64   63
   63   63   64   64   64   64   64   63   63   61   60   58   57   55   53   51
   49   47   46   44   52   45   45   46   43                                   
    77.5-180.0 180.0   5.0 450.0                            LAT/LON1/LON2/DLON/H
   49   40   41   37   37   39   41   42   43   44   43   44   44   44   43   43
   43   42   43   43   44   44   45   47   48   49   50   52   53   55   58   60
   63   66   68   71   73   74   75   75   74   73   72   70   69   69   69   70
   71   73   75   77   79   80   81   81   81   80   78   76   73   71   67   65
   61   58   54   52   53   38   38   43   49                                   
    75.0-180.0 180.0   5.0 450.0                            LAT/LON1/LON2/DLON/H
   47   40   39   36   35   38   40   41   42   43   42   43   43   42   42   41
   41   41   41   42   44   45   47   49   50   52   53   54   55   57   59   61
   63   66   69   71   74   75   76   76   75   74   73   72   72   73   75   77
   81   85   90   94   98  102  104  105  106  105  103  100   97   93   88   85
   79   74   70   63   60   45   43   42   47                                   
    72.5-180.0 180.0   5.0 450.0                            LAT/LON1/LON2/DLON/H
   51   43   40   35   34   38   41   41   42   43   43   44   44   43   42   41
   41   41   42   44   46   49   51   54   56   57   58   58   59   59   60   61
   63   66   68   71   73   75   75   76   75   75   74   74   76   78   82   87
   93  101  109  116  123  129  133  135  135  134  132  128  124  119  114  108
  102   95   91   83   76   58   52   51   51                                   
    70.0-180.0 180.0   5.0 450.0                            LAT/LON1/LON2/DLON/H
   60   46   44   39   35   37   38   39   40   41   41   42   41   40   39   38
   38   39   41   44   47   51   54   58   60   61   61   60   59   58   58   58
   58   60   61   64   65   67   68   69   69   69   70   72   74   79   85   94
  104  114  126  137  146  154  159  161  162  160  156  151  146  139  133  126
  119  111  106   97   89   71   66   61   60                                   
    67.5-180.0 180.0   5.0 450.0                            LAT/LON1/LON2/DLON/H
   62   48   45   39   35   36   37   37   38   38   38   39   37   36   34   33
   33   35   38   41   45   50   55   58   61   62   61   59   56   54   52   50
   50   50   51   52   53   54   55   57   58   59   62   65   71   78   87   98
  111  125  139  152  164  173  179  181  181  178  173  167  160  152  143  136
  128  119  114  104   95   80   73   69   62                                   
    65.0-180.0 180.0   5.0 450.0                            LAT/LON1/LON2/DLON/H
   67   53   47   41   36   36   36   37   37   38   37   38   36   34   32   31
   31   33   36   40   45   50   55   59   61   62   60   58   54   50   47   45
   43   42   42   42   43   44   45   47   49   53   58   64   72   82   94  108
  123  139  155  170  183  192  198  200  199  194  188  181  172  163  153  144
  134  124  118  108  100   86   80   77   67                                   
    62.5-180.0 180.0   5.0 450.0                            LAT/LON1/LON2/DLON/H
   70   56   50   43   38   37   36   36   37   37   37   37   35   33   31   30
   30   32   35   39   44   49   53   57   59   59   58   55   51   47   44   41
   38   37   36   35   36   36   38   41   45   51   58   67   78   91  105  121
  138  155  172  187  200  209  214  215  213  207  200  191  181  171  159  148
  137  125  119  108  101   87   83   83   70                                   
    60.0-180.0 180.0   5.0 450.0                            LAT/LON1/LON2/DLON/H
   73   58   51   44   37   36   35   35   35   35   35   35   33   31   30   29
   30   31   34   38   41   45   49   52   53   53   52   50   47   43   40   37
   35   33   32   31   31   32   34   37   43   51   62   74   87  102  118  135
  152  169  186  200  212  221  225  225  221  215  207  198  187  176  163  150
  137  124  116  105   99   85   82   82   73                                   
    57.5-180.0 180.0   5.0 450.0                            LAT/LON1/LON2/DLON/H
   76   59   51   44   38   36   34   34   34   34   34   34   32   31   30   30
   31   33   34   37   39   41   44   45   46   47   46   44   42   40   38   36
   34   33   32   31   31   32   35   40   47   58   71   86  102  119  136  153
  169  185  200  214  224  231  234  233  229  222  215  206  196  184  170  156
  140  125  116  105   99   84   81   82   76                                   
    55.0-180.0 180.0   5.0 450.0                            LAT/LON1/LON2/DLON/H
   78   59   51   44   38   35   34   32   32   32   32   32   31   31   31   32
   33   35   35   36   37   38   38   39   40   41   40   40   39   38   38   37
   36   36   36   36   37   38   42   47   56   68   84  101  119  138  156  172
  188  202  215  226  235  240  242  240  235  229  222  214  204  192  178  163
  146  130  120  108  102   86   82   83   78                                   
    52.5-180.0 180.0   5.0 450.0                            LAT/LON1/LON2/DLON/H
   82   61   52   45   39   37   34   32   31   31   31   31   31   32   33   35
   37   38   38   37   36   36   36   36   37   38   38   39   39   40   40   40
   41   42   44   45   47   49   53   60   69   82   99  118  138  158  176  192
  206  219  229  238  245  248  249  246  241  235  229  222  213  202  188  173
  156  139  129  116  110   92   86   86   82                                   
    50.0-180.0 180.0   5.0 450.0                            LAT/LON1/LON2/DLON/H
   88   66   56   49   44   41   38   35   33   32   31   32   32   33   36   38
   40   41   41   39   38   37   37   38   39   40   41   42   43   43   44   45
   47   50   54   57   61   64   69   75   85   98  115  135  156  176  195  211
  225  235  244  250  255  257  255  252  246  240  234  228  220  209  196  182
  165  150  140  128  121  103   96   93   88                                   
    47.5-180.0 180.0   5.0 450.0                            LAT/LON1/LON2/DLON/H
   95   72   62   56   51   48   44   40   37   35   34   34   34   36   39   42
   44   45   44   43   42   43   44   46   48   49   49   49   50   50   51   52
   55   59   64   70   75   80   86   93  102  115  132  151  172  192  212  228
  241  251  257  262  264  264  261  256  249  243  236  230  222  212  199  186
  172  159  150  140  133  115  108  104   95                                   
    45.0-180.0 180.0   5.0 450.0                            LAT/LON1/LON2/DLON/H
  102   81   70   66   61   58   53   48   44   41   39   39   39   41   43   46
   49   50   50   50   51   53   57   59   61   61   61   60   59   58   58   58
   61   66   73   81   89   96  103  111  120  132  147  165  185  206  225  242
  255  264  269  271  271  269  265  258  251  243  235  228  219  209  197  185
  173  162  156  147  142  126  119  114  102                                   
    42.5-180.0 180.0   5.0 450.0                            LAT/LON1/LON2/DLON/H
  109   89   79   76   72   69   64   58   53   49   47   47   46   47   49   52
   55   56   57   59   63   67   72   76   77   76   73   71   68   66   64   64
   67   72   80   90  100  109  118  127  136  147  161  177  196  216  236  253
  266  274  277  278  276  273  267  260  251  242  233  224  214  202  189  178
  168  159  155  149  145  132  126  121  109                                   
    40.0-180.0 180.0   5.0 450.0                            LAT/LON1/LON2/DLON/H
  113   95   86   85   82   79   73   67   62   58   56   56   56   56   58   60
   63   65   68   72   77   83   89   91   91   88   84   80   76   73   71   70
   71   77   85   96  107  119  130  140  151  162  174  188  206  225  245  261
  274  281  283  282  280  276  270  263  254  244  234  223  211  197  183  171
  161  153  150  145  143  131  127  123  113                                   
    37.5-180.0 180.0   5.0 450.0                            LAT/LON1/LON2/DLON/H
  114   97   89   88   87   85   80   73   69   65   65   66   66   67   69   71
   74   77   81   86   93   99  103  104  101   96   91   86   83   80   77   75
   76   81   88   99  111  124  137  150  163  174  186  200  216  234  252  269
  280  286  288  287  284  281  277  270  263  253  243  232  218  202  186  172
  160  150  146  140  138  126  123  120  114                                   
    35.0-180.0 180.0   5.0 450.0                            LAT/LON1/LON2/DLON/H
  114   96   88   87   87   86   81   76   72   70   71   74   77   79   81   84
   88   92   97  102  108  113  114  112  105   99   93   90   88   86   83   82
   82   84   91  100  111  125  140  156  172  186  199  212  227  243  261  276
  286  292  294  294  293  292  289  286  280  273  265  253  239  222  204  187
  171  158  151  141  138  123  121  117  114                                   
    32.5-180.0 180.0   5.0 450.0                            LAT/LON1/LON2/DLON/H
  116   94   86   83   84   82   79   75   72   71   74   80   84   89   93   97
  102  108  114  119  123  123  120  113  104   97   93   92   92   91   90   88
   87   88   92   99  109  122  140  159  178  196  211  225  239  255  270  284
  295  301  304  306  307  309  310  310  309  305  299  289  276  259  240  220
  201  183  170  155  148  128  125  120  116                                   
    30.0-180.0 180.0   5.0 450.0                            LAT/LON1/LON2/DLON/H
  122   96   86   80   81   79   77   73   70   70   74   81   88   95  101  107
  115  122  129  132  133  128  120  110  100   94   92   93   96   97   96   93
   91   91   92   96  104  118  136  159  183  204  223  239  253  268  283  296
  307  314  320  325  330  336  341  345  348  348  345  338  327  312  292  271
  248  225  207  185  173  147  143  133  122                                   
    27.5-180.0 180.0   5.0 450.0                            LAT/LON1/LON2/DLON/H
  136  107   93   84   83   80   78   73   70   69   73   81   89   97  105  113
  123  132  138  140  136  127  116  104   96   93   94   97  101  102  101   99
   95   93   92   93   99  112  132  157  185  211  234  253  269  285  299  313
  325  335  344  353  363  372  381  389  396  400  400  397  389  376  358  337
  310  284  260  232  215  183  177  160  136                                   
    25.0-180.0 180.0   5.0 450.0                            LAT/LON1/LON2/DLON/H
  163  131  112   98   94   91   87   80   75   72   75   81   88   96  104  114
  124  133  139  139  133  122  110  100   95   96  100  105  108  109  107  103
   99   95   91   90   94  106  127  155  186  217  244  267  286  303  319  334
  348  362  375  389  403  416  428  440  451  458  462  461  457  448  433  412
  385  356  328  292  271  235  225  204  163                                   
    22.5-180.0 180.0   5.0 450.0                            LAT/LON1/LON2/DLON/H
  202  168  145  127  119  113  107   98   90   84   82   85   89   95  102  110
  119  127  132  131  124  114  105  100  100  105  111  116  118  117  113  107
  101   95   89   87   90  102  123  153  187  222  254  281  303  323  341  359
  375  393  411  430  447  463  478  493  507  517  523  525  523  518  507  489
  462  432  402  364  337  299  284  263  202                                   
    20.0-180.0 180.0   5.0 450.0                            LAT/LON1/LON2/DLON/H
  253  219  192  171  158  149  140  129  117  106   99   96   95   97   99  104
  110  116  119  119  114  108  105  105  111  120  127  131  130  125  118  110
  102   93   86   83   86   98  120  151  188  226  262  293  320  343  364  384
  403  424  447  469  488  505  521  537  552  564  571  574  574  571  564  549
  527  500  472  436  405  368  351  331  253                                   
    17.5-180.0 180.0   5.0 450.0                            LAT/LON1/LON2/DLON/H
  310  279  250  226  208  197  186  172  157  141  127  117  110  105  102  101
  102  104  107  108  107  106  109  116  128  139  146  146  141  132  121  110
   99   89   82   79   83   96  120  152  190  230  268  303  334  361  385  406
  428  451  475  497  516  532  547  562  577  589  595  597  598  596  592  580
  563  544  524  496  465  432  416  397  310                                   
    15.0-180.0 180.0   5.0 450.0                            LAT/LON1/LON2/DLON/H
  367  342  313  288  265  252  238  224  206  187  167  149  135  123  113  105
  100   98   99  102  105  110  119  132  148  160  165  161  151  137  123  109
   96   85   77   76   81   97  121  154  193  234  274  312  345  375  400  423
  445  467  490  511  528  541  554  567  581  591  596  597  596  595  590  581
  570  559  549  531  505  480  468  451  367                                   
    12.5-180.0 180.0   5.0 450.0                            LAT/LON1/LON2/DLON/H
  416  398  372  347  321  306  291  278  260  238  214  191  170  151  134  118
  107  101  101  105  112  122  136  153  171  182  182  173  158  141  124  108
   94   83   75   74   82   99  125  159  197  238  279  318  352  383  409  432
  453  473  494  511  525  536  546  558  570  579  583  582  580  578  573  565
  557  551  548  541  525  507  499  485  416                                   
    10.0-180.0 180.0   5.0 450.0                            LAT/LON1/LON2/DLON/H
  451  438  417  393  366  351  337  325  309  287  262  236  211  188  165  143
  126  116  115  120  130  143  160  178  194  200  195  181  162  143  126  110
   96   83   76   76   85  103  130  163  202  242  282  320  355  385  411  432
  452  470  487  502  514  523  533  544  555  563  566  566  563  560  554  546
  538  534  535  533  525  514  509  498  451                                   
     7.5-180.0 180.0   5.0 450.0                            LAT/LON1/LON2/DLON/H
  468  458  442  418  395  380  368  360  347  328  304  279  254  229  203  177
  155  142  140  147  159  173  188  203  212  212  201  183  162  144  129  114
