data/edconvlstm_nd/pred1190.15i
     1.0            IONOSPHERE MAPS     GNSS                IONEX VERSION / TYPE
pyspatialgeodesy        IME             05-JAN-18 20:20     PGM / RUN BY / DATE 
Map Name                                                    COMMENT             
Predicted global ionosphere maps (GIM).                     DESCRIPTION         
  2015     4    29     0     0     0                        EPOCH OF FIRST MAP  
  2015     4    30     0     0     0                        EPOCH OF LAST MAP   
  7200                                                      INTERVAL            
    13                                                      # OF MAPS IN FILE   
  NONE                                                      MAPPING FUNCTION    
10.0                                                        ELEVATION CUTOFF    
One-way carrier phase leveled to code                       OBSERVABLES USED    
  6371.0                                                    BASE RADIUS         
 2                                                          MAP DIMENSION       
   450.0 450.0   0.0                                        HGT1 / HGT2 / DHGT  
    87.5 -87.5  -2.5                                        LAT1 / LAT2 / DLAT  
  -180.0 180.0   5.0                                        LON1 / LON2 / DLON  
    -1                                                      EXPONENT            
                                                            END OF HEADER       
[from data line 2574]
     7                                                      START OF TEC MAP    
  2015     4    29    12     0     0                        EPOCH OF CURRENT MAP
    87.5-180.0 180.0   5.0 450.0                            LAT/LON1/LON2/DLON/H
  165  156  151  155  162  164  163  163  166  167  168  169  169  170  170  170
  170  170  170  170  170  171  171  171  172  172  173  173  173  174  174  174
  174  173  173  172  171  170  168  167  166  164  163  161  160  158  157  156
  155  153  152  151  150  149  148  147  147  146  145  145  144  144  144  144
  144  145  144  145  154  152  156  159  165                                   
    85.0-180.0 180.0   5.0 450.0                            LAT/LON1/LON2/DLON/H
  159  160  168  165  169  173  175  177  180  182  183  184  185  185  185  185
  185  185  185  185  185  185  186  186  187  188  188  189  189  190  190  189
  188  187  186  184  182  180  178  176  174  171  169  167  165  163  161  160
  158  157  155  154  153  152  151  150  150  149  148  148  147  147  147  147
  148  150  147  148  150  144  150  154  159                                   
    82.5-180.0 180.0   5.0 450.0                            LAT/LON1/LON2/DLON/H
  137  157  156  156  162  170  173  177  179  182  183  184  185  185  184  184
  183  183  182  182  183  184  185  187  189  191  194  196  198  199  200  200
  200  198  197  194  191  187  183  179  175  172  168  164  161  158  155  153
  151  149  148  147  145  144  143  142  141  140  139  138  137  136  135  135
  135  136  134  138  141  145  146  131  137                                   
    80.0-180.0 180.0   5.0 450.0                            LAT/LON1/LON2/DLON/H
  130  144  145  148  151  156  160  165  168  170  171  172  171  170  168  166
  165  163  161  160  160  161  163  165  168  172  176  180  184  187  190  192
  192  192  190  188  185  181  177  173  169  165  161  157  154  152  150  148
  147  146  145  145  144  144  143  142  141  139  138  136  134  132  130  129
  128  127  125  126  126  129  136  122  130                                   
    77.5-180.0 180.0   5.0 450.0                            LAT/LON1/LON2/DLON/H
  135  144  146  148  151  156  160  164  168  169  169  169  168  165  163  160
  156  153  151  149  149  149  151  154  159  165  171  178  184  191  196  200
  202  203  203  201  198  195  190  186  181  177  173  169  166  164  163  162
  162  162  162  162  163  163  162  162  160  159  156  154  151  147  144  141
  138  136  130  131  132  131  135  128  135                                   
    75.0-180.0 180.0   5.0 450.0                            LAT/LON1/LON2/DLON/H
  133  141  140  143  147  152  155  159  161  162  162  160  158  155  152  147
  143  139  136  133  132  132  134  138  144  151  160  169  178  186  194  200
  204  207  208  207  204  201  197  193  189  185  182  179  177  176  176  177
  177  179  180  181  182  183  183  182  181  179  176  172  168  164  159  155
  150  146  140  134  134  133  137  127  133                                   
    72.5-180.0 180.0   5.0 450.0                            LAT/LON1/LON2/DLON/H
  132  140  139  143  146  151  156  158  160  160  159  157  155  152  148  144
  140  135  131  128  127  127  129  133  140  149  159  170  181  192  202  210
  216  220  222  222  220  218  214  210  207  204  201  200  199  199  200  201
  202  204  206  208  209  209  209  207  205  202  199  195  190  185  179  174
  168  162  154  148  142  140  142  135  132                                   
    70.0-180.0 180.0   5.0 450.0                            LAT/LON1/LON2/DLON/H
  131  136  135  139  141  146  150  152  153  154  153  151  150  147  144  141
  138  134  130  127  126  126  128  133  140  150  161  173  186  198  209  219
  226  231  233  234  233  230  227  224  221  219  218  217  217  218  219  221
  223  224  226  227  227  226  224  221  217  213  209  204  200  195  190  185
  179  172  164  155  148  144  147  140  131                                   
    67.5-180.0 180.0   5.0 450.0                            LAT/LON1/LON2/DLON/H
  125  129  128  131  134  139  142  145  147  147  147  147  146  146  145  143
  141  139  136  134  132  132  134  139  146  156  167  180  193  206  218  229
  236  242  244  245  244  242  239  237  235  233  233  233  233  234  236  237
  238  239  239  238  236  233  228  223  218  213  208  204  200  196  191  188
  182  176  168  159  151  145  145  139  125                                   
    65.0-180.0 180.0   5.0 450.0                            LAT/LON1/LON2/DLON/H
  115  118  115  118  120  125  129  132  135  136  137  139  140  142  143  144
  144  143  142  141  140  140  142  147  154  163  175  188  201  215  228  239
  247  253  256  256  255  253  250  248  246  245  245  245  246  246  247  247
  247  246  244  240  235  229  222  215  208  202  197  193  190  187  184  182
  178  173  166  157  150  143  143  136  115                                   
    62.5-180.0 180.0   5.0 450.0                            LAT/LON1/LON2/DLON/H
  104  105  100  102  103  108  112  116  119  122  125  128  132  136  140  143
  145  146  146  146  146  147  149  153  160  169  180  193  207  222  235  247
  257  263  266  266  265  262  260  257  256  255  254  254  253  253  252  251
  249  246  242  236  229  221  212  203  196  189  184  181  179  177  175  173
  170  167  161  153  146  138  136  129  104                                   
    60.0-180.0 180.0   5.0 450.0                            LAT/LON1/LON2/DLON/H
   97   93   87   86   85   89   94   97  102  106  109  115  120  126  132  137
  141  143  145  146  146  148  150  154  161  170  181  194  209  225  240  254
  265  272  276  276  275  272  269  267  265  263  261  260  258  257  254  252
  249  245  239  233  225  216  206  197  190  183  179  176  175  173  172  170
  167  163  158  150  143  134  131  122   97                                   
    57.5-180.0 180.0   5.0 450.0                            LAT/LON1/LON2/DLON/H
   97   87   79   75   73   75   79   82   86   90   94  100  107  114  121  127
  132  136  139  140  142  144  147  151  158  166  178  191  207  225  243  259
  272  282  286  288  286  284  281  278  275  272  270  267  264  261  258  254
  251  247  243  237  230  221  212  204  197  191  188  186  184  183  180  177
  173  168  162  155  148  138  133  123   97                                   
    55.0-180.0 180.0   5.0 450.0                            LAT/LON1/LON2/DLON/H
  108   92   82   74   70   71   73   75   77   79   83   88   94  101  109  116
  122  126  129  132  134  137  140  146  152  161  173  187  204  224  244  263
  279  291  297  300  300  298  295  292  289  285  280  276  271  267  264  261
  259  257  254  250  245  238  231  223  217  213  210  208  207  205  201  196
  189  183  175  168  161  150  145  134  108                                   
    52.5-180.0 180.0   5.0 450.0                            LAT/LON1/LON2/DLON/H
  129  108   96   86   79   78   79   78   77   77   78   81   85   92   99  105
  112  116  120  123  126  130  135  141  148  158  169  184  202  223  245  267
  285  299  309  313  315  314  312  309  305  300  294  288  282  278  274  272
  272  272  272  271  268  263  257  251  246  243  240  239  237  234  229  222
  212  204  195  187  181  171  166  154  129                                   
    50.0-180.0 180.0   5.0 450.0                            LAT/LON1/LON2/DLON/H
  156  133  120  108   99   98   96   92   89   85   82   81   83   87   93   99
  106  111  115  119  123  127  133  140  149  159  170  185  203  224  247  270
  291  307  319  326  331  332  331  329  324  318  311  304  297  292  288  287
  288  290  292  293  292  289  284  279  275  272  270  268  266  262  256  247
  236  226  216  208  202  196  191  181  156                                   
    47.5-180.0 180.0   5.0 450.0                            LAT/LON1/LON2/DLON/H
  182  162  148  137  128  125  122  116  108  101   94   90   88   90   94   99
  105  111  116  120  125  130  137  145  155  165  177  190  207  228  250  273
  294  313  327  338  345  349  351  349  344  338  330  322  314  308  304  303
  304  306  309  311  310  308  303  298  293  290  287  285  283  279  272  263
  252  241  230  222  218  216  214  206  182                                   
    45.0-180.0 180.0   5.0 450.0                            LAT/LON1/LON2/DLON/H
  201  187  174  165  157  155  151  142  133  122  112  104  100   98  101  105
  111  117  123  127  132  138  146  155  166  176  188  200  215  233  253  275
  296  315  332  346  358  365  369  368  365  358  350  342  333  326  320  317
  316  318  320  320  318  314  308  301  295  290  286  283  281  277  272  265
  254  244  233  226  223  226  227  221  201                                   
    42.5-180.0 180.0   5.0 450.0                            LAT/LON1/LON2/DLON/H
  206  201  191  186  181  179  175  167  156  144  131  122  115  112  112  116
  122  128  134  138  143  149  158  168  179  190  201  212  224  239  257  277
  297  318  337  354  369  380  386  387  385  379  372  363  354  344  336  329
  326  324  323  321  316  309  301  292  283  277  271  267  263  261  257  252
  244  235  225  217  215  221  225  221  206                                   
    40.0-180.0 180.0   5.0 450.0                            LAT/LON1/LON2/DLON/H
  196  200  194  194  192  192  191  183  173  161  149  138  130  126  127  130
  136  142  147  151  155  161  170  181  193  205  215  224  235  248  263  281
  301  322  343  364  383  397  405  408  407  402  396  387  377  365  353  343
  335  330  325  320  313  303  292  281  271  262  254  247  243  240  238  235
  229  222  211  201  198  204  210  205  196                                   
    37.5-180.0 180.0   5.0 450.0                            LAT/LON1/LON2/DLON/H
  176  187  186  187  190  190  192  187  180  170  160  150  143  139  140  144
  149  155  159  163  167  173  181  193  205  217  228  237  247  258  272  289
  309  332  356  380  401  417  428  432  432  429  424  416  405  391  376  363
  351  343  336  328  319  308  295  283  272  261  250  241  233  229  227  225
  221  213  201  188  181  183  189  181  176                                   
    35.0-180.0 180.0   5.0 450.0                            LAT/LON1/LON2/DLON/H
  154  171  171  171  175  175  180  178  175  169  162  156  151  148  150  154
  159  165  170  173  177  183  191  202  216  229  240  250  260  271  286  304
  326  350  376  403  426  444  456  461  463  462  458  451  440  425  409  393
  381  371  363  356  347  336  323  311  299  286  274  261  249  241  236  234
  229  221  206  187  174  169  170  158  154                                   
    32.5-180.0 180.0   5.0 450.0                            LAT/LON1/LON2/DLON/H
  142  160  159  156  158  156  161  161  161  160  157  154  152  152  155  160
  166  172  177  181  186  192  200  212  226  239  252  264  275  289  306  327
  352  378  407  435  459  478  490  497  500  500  498  492  482  469  454  440
  429  421  415  410  403  393  383  371  359  346  331  315  298  284  275  268
  262  252  233  208  186  171  164  147  142                                   
    30.0-180.0 180.0   5.0 450.0                            LAT/LON1/LON2/DLON/H
  145  160  155  149  145  140  144  144  145  147  147  148  149  150  155  161
  169  176  183  189  195  202  211  223  237  251  266  280  295  313  334  359
  386  415  445  473  498  517  529  536  540  542  542  539  532  522  511  501
  495  492  491  490  487  481  473  462  451  437  421  402  380  360  343  331
  320  307  284  254  223  196  176  154  145                                   
    27.5-180.0 180.0   5.0 450.0                            LAT/LON1/LON2/DLON/H
  166  177  164  153  145  136  137  135  135  138  140  142  144  147  153  160
  169  179  188  197  206  215  225  237  250  265  282  299  318  341  367  396
  426  457  486  514  538  556  568  575  580  584  586  586  584  580  575  572
  573  577  583  588  590  588  582  573  561  548  530  509  484  456  433  412
  396  382  355  321  282  242  210  183  166                                   
    25.0-180.0 180.0   5.0 450.0                            LAT/LON1/LON2/DLON/H
  206  209  188  172  159  147  143  138  136  137  139  140  142  145  151  159
  170  182  194  207  219  230  241  253  267  282  300  321  344  371  401  434
  466  496  525  551  572  589  601  609  616  621  626  630  632  634  636  640
  648  660  673  684  691  691  686  676  663  648  630  607  580  549  520  493
  474  461  435  398  353  305  263  233  206                                   
    22.5-180.0 180.0   5.0 450.0                            LAT/LON1/LON2/DLON/H
  257  253  226  204  185  172  163  154  148  147  145  145  145  146  151  159
  171  185  202  218  233  247  259  270  284  300  319  343  370  400  434  468
  500  529  555  578  598  613  625  635  643  651  658  664  670  676  683  693
  707  724  742  757  765  765  757  744  727  708  687  665  638  607  577  549
  530  521  503  469  423  372  328  298  257                                   
    20.0-180.0 180.0   5.0 450.0                            LAT/LON1/LON2/DLON/H
  310  300  271  244  218  204  190  178  168  163  159  155  152  151  153  161
  173  190  209  228  246  261  273  285  299  316  337  363  393  426  461  495
  526  552  575  594  611  626  640  652  662  672  680  688  696  704  713  725
  741  761  780  796  802  798  784  763  738  713  690  668  644  617  589  562
  546  544  538  514  475  428  391  364  310                                   
    17.5-180.0 180.0   5.0 450.0                            LAT/LON1/LON2/DLON/H
  354  340  313  284  252  238  221  206  192  184  176  169  163  158  158  164
  176  193  214  236  255  270  283  295  309  328  353  382  414  448  482  514
  542  566  584  601  616  631  647  661  674  685  695  703  711  719  728  738
  753  771  788  800  802  791  769  738  703  670  644  624  605  582  558  534
  522  526  534  522  498  460  435  412  354                                   
    15.0-180.0 180.0   5.0 450.0                            LAT/LON1/LON2/DLON/H
  377  362  341  315  283  267  250  232  216  203  192  183  173  166  162  166
  177  195  217  239  258  273  285  298  315  338  366  398  431  465  498  527
  552  572  587  602  616  633  650  668  683  695  704  713  720  726  732  739
  749  762  773  779  775  757  727  687  643  603  574  556  542  524  503  482
  472  481  499  499  491  464  450  431  377                                   
    12.5-180.0 180.0   5.0 450.0                            LAT/LON1/LON2/DLON/H
  378  365  351  331  303  287  270  252  234  219  206  194  182  172  166  167
  176  193  214  236  254  268  281  297  318  345  378  412  447  479  509  535
  557  574  587  601  616  634  654  673  689  701  710  718  725  729  732  734
  737  743  748  747  738  716  681  635  585  540  508  490  479  464  445  424
  415  425  448  458  462  448  440  423  378                                   
    10.0-180.0 180.0   5.0 450.0                            LAT/LON1/LON2/DLON/H
  366  356  346  331  310  296  281  264  246  230  215  202  189  176  167  166
  173  188  208  228  245  259  273  293  319  352  389  426  461  492  519  542
  561  576  590  603  620  640  661  680  695  706  714  722  728  731  729  726
  724  723  723  719  707  685  650  604  552  504  469  450  438  424  403  380
  367  375  397  413  424  419  415  398  366                                   
     7.5-180.0 180.0   5.0 450.0                            LAT/LON1/LON2/DLON/H
  349  341  333  319  306  294  283  268  252  235  220  206  192  178  167  163
  167  180  198  217  233  248  265  289  321  360  401  441  475  504  528  549
