data/edconvlstm_nd/pred1520.15i
     1.0            IONOSPHERE MAPS     GNSS                IONEX VERSION / TYPE
pyspatialgeodesy        IME             05-JAN-18 20:20     PGM / RUN BY / DATE 
Map Name                                                    COMMENT             
Predicted global ionosphere maps (GIM).                     DESCRIPTION         
  2015     6     1     0     0     0                        EPOCH OF FIRST MAP  
  2015     6     2     0     0     0                        EPOCH OF LAST MAP   
  7200                                                      INTERVAL            
    13                                                      # OF MAPS IN FILE   
  NONE                                                      MAPPING FUNCTION    
10.0                                                        ELEVATION CUTOFF    
One-way carrier phase leveled to code                       OBSERVABLES USED    
  6371.0                                                    BASE RADIUS         
 2                                                          MAP DIMENSION       
   450.0 450.0   0.0                                        HGT1 / HGT2 / DHGT  
    87.5 -87.5  -2.5                                        LAT1 / LAT2 / DLAT  
  -180.0 180.0   5.0                                        LON1 / LON2 / DLON  
    -1                                                      EXPONENT            
                                                            END OF HEADER       
[from data line 3003]
     8                                                      START OF TEC MAP    
  2015     6     1    14     0     0                        EPOCH OF CURRENT MAP
    87.5-180.0 180.0   5.0 450.0                            LAT/LON1/LON2/DLON/H
  158  156  149  155  157  157  156  155  157  158  158  159  159  160  160  161
  161  161  162  162  162  162  162  162  162  162  162  162  162  162  161  162
  162  162  162  162  162  162  163  163  163  163  164  164  164  164  165  165
  165  165  164  164  164  163  163  162  162  161  161  160  160  159  158  157
  156  157  155  153  159  157  162  160  158                                   
    85.0-180.0 180.0   5.0 450.0                            LAT/LON1/LON2/DLON/H
  149  150  159  155  154  158  159  160  161  163  163  164  165  165  166  167
  167  168  168  169  169  169  169  169  169  169  169  169  169  169  169  169
  169  168  168  168  169  169  169  169  170  170  170  171  171  171  171  172
  171  171  171  171  170  170  169  168  168  167  166  165  164  163  162  162
  162  161  157  155  154  150  154  157  149                                   
    82.5-180.0 180.0   5.0 450.0                            LAT/LON1/LON2/DLON/H
  132  143  144  142  142  147  150  151  152  154  155  157  157  159  160  161
  162  163  163  164  165  165  166  166  166  166  167  167  167  167  167  166
  166  166  166  166  166  166  167  167  167  168  168  169  170  170  171  171
  171  171  170  170  169  168  167  166  165  163  162  160  159  157  155  154
  153  151  147  148  145  149  146  138  132                                   
    80.0-180.0 180.0   5.0 450.0                            LAT/LON1/LON2/DLON/H
  127  134  138  139  138  141  143  147  149  151  152  155  156  158  159  160
  161  162  163  164  164  165  165  166  166  166  167  167  167  167  166  166
  166  165  165  164  164  164  164  165  165  166  167  168  169  170  170  171
  171  171  171  170  169  168  167  165  163  162  160  158  156  153  151  149
  148  146  142  142  137  136  138  132  127                                   
    77.5-180.0 180.0   5.0 450.0                            LAT/LON1/LON2/DLON/H
  130  130  134  136  135  139  140  144  146  148  149  151  153  155  156  157
  159  160  161  162  163  163  164  165  166  166  167  167  168  168  168  168
  168  167  167  166  166  165  165  165  166  167  168  169  171  172  173  174
  175  175  174  174  173  171  169  168  166  163  161  158  156  153  150  148
  145  142  138  138  137  131  132  133  130                                   
    75.0-180.0 180.0   5.0 450.0                            LAT/LON1/LON2/DLON/H
  127  130  130  134  134  138  139  142  145  147  148  150  152  154  155  156
  157  158  159  160  161  162  163  164  165  166  168  169  170  171  172  172
  173  172  172  171  170  169  168  168  168  169  170  171  173  174  175  176
  177  177  177  176  175  173  172  170  168  166  163  161  158  155  152  150
  146  143  139  135  135  131  132  126  127                                   
    72.5-180.0 180.0   5.0 450.0                            LAT/LON1/LON2/DLON/H
  126  128  129  134  132  137  139  142  143  145  146  148  149  151  152  153
  154  155  156  157  158  159  160  161  162  163  165  166  168  170  172  174
  175  176  175  175  173  172  171  170  170  170  171  172  173  175  176  177
  178  178  177  176  175  174  172  171  169  168  166  164  162  159  156  153
  149  145  141  137  134  131  132  130  126                                   
    70.0-180.0 180.0   5.0 450.0                            LAT/LON1/LON2/DLON/H
  128  129  130  134  132  135  137  140  141  143  144  146  147  148  149  150
  151  151  152  153  153  154  155  156  157  158  159  162  164  168  171  175
  177  179  179  179  177  175  173  172  171  171  171  172  173  174  175  176
  176  175  174  173  172  171  170  169  169  168  168  167  165  164  161  158
  154  149  145  140  136  133  135  133  128                                   
    67.5-180.0 180.0   5.0 450.0                            LAT/LON1/LON2/DLON/H
  130  131  133  137  136  138  140  142  143  145  145  147  149  150  151  152
  152  152  152  152  152  152  153  153  153  154  155  157  160  164  169  174
  178  181  183  183  181  180  177  176  174  174  174  175  175  176  176  176
  175  174  173  172  171  170  170  171  171  172  172  173  173  171  170  167
  163  157  152  146  140  136  136  134  130                                   
    65.0-180.0 180.0   5.0 450.0                            LAT/LON1/LON2/DLON/H
  132  134  135  138  136  138  139  141  142  144  145  147  149  151  152  153
  152  152  151  150  150  149  149  148  148  148  148  150  154  159  165  172
  178  182  185  186  185  183  181  179  178  177  177  177  177  177  176  174
  173  171  169  168  168  168  169  170  172  173  175  177  177  177  176  173
  169  164  158  152  146  141  142  139  132                                   
    62.5-180.0 180.0   5.0 450.0                            LAT/LON1/LON2/DLON/H
  134  135  136  139  136  138  139  139  140  142  144  148  151  154  155  156
  155  154  152  151  149  148  147  145  144  143  143  144  148  153  160  168
  175  181  185  186  186  185  183  182  181  181  181  181  180  178  176  173
  170  168  167  166  166  167  168  170  172  175  178  180  181  181  180  178
  173  168  162  156  149  143  143  140  134                                   
    60.0-180.0 180.0   5.0 450.0                            LAT/LON1/LON2/DLON/H
  134  134  135  137  135  136  136  136  137  140  142  147  152  156  158  159
  159  157  154  152  149  147  145  143  141  140  139  140  143  149  157  165
  172  179  183  186  187  186  185  185  184  185  185  185  183  181  177  173
  169  167  165  165  166  167  169  171  174  176  179  181  182  182  180  178
  173  168  163  157  149  143  144  141  134                                   
    57.5-180.0 180.0   5.0 450.0                            LAT/LON1/LON2/DLON/H
  133  132  134  136  133  134  134  133  134  137  140  146  152  158  162  164
  164  162  158  155  151  148  146  144  142  140  139  140  143  149  156  164
  172  179  183  186  188  188  188  188  189  190  191  190  188  185  180  175
  171  169  168  168  169  171  172  174  176  178  180  181  182  181  179  176
  171  166  161  155  148  142  143  140  133                                   
    55.0-180.0 180.0   5.0 450.0                            LAT/LON1/LON2/DLON/H
  132  130  132  134  131  133  132  131  131  134  138  144  152  159  166  169
  170  168  164  159  154  151  149  147  145  144  144  145  148  153  160  167
  174  180  185  188  190  191  192  193  194  196  197  196  194  190  185  180
  176  173  172  173  175  176  178  179  180  181  182  182  181  178  175  171
  166  162  156  151  145  140  141  139  132                                   
    52.5-180.0 180.0   5.0 450.0                            LAT/LON1/LON2/DLON/H
  130  128  131  134  130  132  131  130  130  132  136  143  152  161  168  174
  176  174  170  164  159  155  153  152  151  151  151  153  156  161  167  173
  179  185  189  193  195  197  198  199  200  202  203  203  201  197  191  186
  182  180  180  180  182  183  184  185  185  185  184  183  180  176  171  167
  161  156  152  147  142  137  139  138  130                                   
    50.0-180.0 180.0   5.0 450.0                            LAT/LON1/LON2/DLON/H
  128  127  130  134  131  133  133  132  132  134  137  143  152  162  171  178
  182  181  177  171  166  162  160  159  159  159  161  163  167  172  178  183
  188  193  198  201  204  206  207  208  209  210  211  211  209  205  200  194
  191  189  188  189  190  191  191  191  190  189  188  185  181  176  170  164
  157  152  148  144  140  136  138  137  128                                   
    47.5-180.0 180.0   5.0 450.0                            LAT/LON1/LON2/DLON/H
  127  127  129  134  132  136  136  136  136  138  140  146  154  164  174  182
  188  188  185  179  174  170  168  167  168  169  172  175  180  185  191  196
  201  206  211  215  218  220  220  220  220  221  221  221  219  215  209  204
  200  198  198  198  198  198  197  196  195  194  193  190  185  179  171  164
  157  151  147  143  139  136  138  136  127                                   
    45.0-180.0 180.0   5.0 450.0                            LAT/LON1/LON2/DLON/H
  125  127  129  134  133  138  140  141  142  144  147  151  158  167  178  187
  194  196  193  188  183  179  177  177  178  180  183  187  192  199  205  211
  217  223  228  234  238  239  239  237  235  235  234  233  231  226  221  216
  211  209  207  206  205  204  202  201  200  200  199  196  192  185  176  168
  159  153  148  144  139  136  138  136  125                                   
    42.5-180.0 180.0   5.0 450.0                            LAT/LON1/LON2/DLON/H
  123  126  127  132  133  138  142  146  149  152  155  159  165  173  183  193
  200  203  202  198  194  190  187  187  188  190  194  199  205  213  221  229
  236  244  251  258  262  263  261  258  254  252  250  248  245  240  234  228
  223  219  217  214  212  209  207  206  205  206  205  203  199  192  184  174
  165  157  151  146  141  138  140  137  123                                   
    40.0-180.0 180.0   5.0 450.0                            LAT/LON1/LON2/DLON/H
  121  124  125  128  129  135  142  147  154  159  163  168  173  181  190  199
  207  211  211  209  205  201  198  198  198  200  204  210  219  228  238  249
  259  269  278  286  291  291  287  282  277  273  269  266  261  255  248  241
  235  231  227  223  219  216  213  211  211  211  212  211  207  201  192  182
  172  163  156  150  144  141  141  137  121                                   
    37.5-180.0 180.0   5.0 450.0                            LAT/LON1/LON2/DLON/H
  118  122  121  122  123  129  137  145  154  163  170  177  183  189  197  206
  213  218  220  219  216  212  210  208  209  211  216  224  234  246  259  272
  285  297  308  317  321  320  315  309  302  296  291  286  279  272  264  256
  249  243  238  233  229  224  220  218  217  217  217  217  214  208  200  190
  179  170  161  154  147  143  143  137  118                                   
    35.0-180.0 180.0   5.0 450.0                            LAT/LON1/LON2/DLON/H
  117  120  118  116  116  121  129  138  151  163  174  183  190  197  205  213
  220  225  228  228  226  223  221  219  220  223  229  239  252  267  282  298
  314  328  340  348  351  349  343  336  328  321  314  307  299  290  281  272
  265  259  253  248  242  236  231  227  224  223  222  220  218  213  206  198
  187  177  167  159  151  147  145  138  117                                   
    32.5-180.0 180.0   5.0 450.0                            LAT/LON1/LON2/DLON/H
  118  120  116  110  109  112  119  129  143  158  172  185  195  204  212  219
  226  231  234  235  235  233  231  231  232  237  245  258  273  291  309  327
  344  359  371  378  379  376  369  361  353  345  337  329  319  309  299  290
  283  278  272  267  260  253  246  239  233  229  225  222  219  215  210  203
  193  184  174  165  156  152  149  141  118                                   
    30.0-180.0 180.0   5.0 450.0                            LAT/LON1/LON2/DLON/H
  122  123  117  108  104  105  110  118  132  149  166  183  196  207  216  224
  230  235  238  241  242  241  241  242  245  253  264  280  298  318  338  358
  375  389  399  404  403  398  390  382  375  367  359  349  338  328  318  311
  305  301  296  291  284  274  264  254  243  234  226  221  217  213  210  206
  198  191  181  172  163  158  154  146  122                                   
    27.5-180.0 180.0   5.0 450.0                            LAT/LON1/LON2/DLON/H
  130  129  121  110  103  102  105  110  122  138  157  177  194  207  218  226
  232  237  241  245  247  249  250  253  260  271  286  304  325  347  367  386
  402  415  422  424  421  415  407  399  393  386  377  367  357  347  339  333
  329  327  324  318  309  298  283  268  253  238  226  217  211  209  208  206
  202  196  187  180  171  166  161  152  130                                   
    25.0-180.0 180.0   5.0 450.0                            LAT/LON1/LON2/DLON/H
  140  139  128  116  107  104  104  105  114  129  147  168  188  204  217  226
  233  238  243  248  252  255  258  264  274  289  308  329  352  374  394  411
  425  434  439  439  434  426  418  412  406  400  392  382  373  364  359  355
  354  353  351  345  335  319  301  280  260  240  223  211  204  201  202  204
  203  200  193  187  179  174  168  160  140                                   
    22.5-180.0 180.0   5.0 450.0                            LAT/LON1/LON2/DLON/H
  151  150  138  126  116  111  108  106  111  122  138  158  179  198  214  225
  232  238  244  250  256  261  267  276  289  308  329  352  375  396  414  429
  440  447  450  448  442  434  427  421  416  410  403  395  387  381  377  376
  377  377  375  368  354  335  313  288  263  240  220  205  196  194  196  200
  201  202  197  192  185  181  175  167  151                                   
    20.0-180.0 180.0   5.0 450.0                            LAT/LON1/LON2/DLON/H
  160  160  147  137  127  121  116  111  112  119  131  150  171  191  209  222
  231  238  245  253  261  268  276  288  304  324  347  370  391  410  426  439
  448  454  456  453  447  440  434  428  424  419  412  405  399  395  393  393
  394  395  392  382  366  344  318  291  264  240  218  201  191  187  190  195
  198  202  198  195  189  184  179  171  160                                   
    17.5-180.0 180.0   5.0 450.0                            LAT/LON1/LON2/DLON/H
  166  166  154  146  137  130  125  118  116  119  127  143  162  183  203  218
  229  238  247  257  267  276  286  300  317  338  360  381  401  417  431  443
  451  457  459  457  452  446  441  437  432  427  421  415  410  406  405  405
  405  404  399  388  369  345  317  290  264  239  217  199  188  183  185  190
  194  199  197  194  190  184  179  172  166                                   
    15.0-180.0 180.0   5.0 450.0                            LAT/LON1/LON2/DLON/H
  166  167  156  149  142  136  131  124  121  120  125  137  155  176  197  214
  228  239  250  262  273  284  297  311  328  348  368  387  404  419  432  443
  451  458  461  461  459  454  450  446  441  436  429  423  418  415  412  410
  408  405  398  385  365  339  312  286  262  239  218  201  188  182  182  185
  189  194  193  191  186  181  176  168  166                                   
    12.5-180.0 180.0   5.0 450.0                            LAT/LON1/LON2/DLON/H
  162  163  153  146  140  134  132  127  123  121  124  134  150  170  192  212
  228  242  255  267  280  293  306  321  337  355  372  389  404  418  431  442
  452  459  464  467  466  463  460  455  450  443  436  429  423  419  414  409
  404  398  389  375  354  329  303  280  259  239  220  203  190  182  180  182
  184  188  187  185  180  174  169  161  162                                   
    10.0-180.0 180.0   5.0 450.0                            LAT/LON1/LON2/DLON/H
  156  156  146  138  132  127  126  123  121  120  122  130  145  166  189  211
  229  245  259  273  287  300  314  329  345  360  376  390  405  419  432  444
  454  463  469  473  474  471  467  461  454  446  438  430  423  416  408  400
  393  385  374  360  339  316  293  273  255  238  221  205  191  182  178  178
  178  181  179  177  173  166  160  152  156                                   
     7.5-180.0 180.0   5.0 450.0                            LAT/LON1/LON2/DLON/H
  148  147  137  128  121  115  116  115  115  116  118  126  141  162  186  210
  231  249  264  278  292  306  320  335  351  365  379  393  407  422  436  449
