data/edconvlstm_nd/pred2030.15i
     1.0            IONOSPHERE MAPS     GNSS                IONEX VERSION / TYPE
pyspatialgeodesy        IME             05-JAN-18 20:20     PGM / RUN BY / DATE 
Map Name                                                    COMMENT             
Predicted global ionosphere maps (GIM).                     DESCRIPTION         
  2015     7    22     0     0     0                        EPOCH OF FIRST MAP  
  2015     7    23     0     0     0                        EPOCH OF LAST MAP   
  7200                                                      INTERVAL            
    13                                                      # OF MAPS IN FILE   
  NONE                                                      MAPPING FUNCTION    
10.0                                                        ELEVATION CUTOFF    
One-way carrier phase leveled to code                       OBSERVABLES USED    
  6371.0                                                    BASE RADIUS         
 2                                                          MAP DIMENSION       
   450.0 450.0   0.0                                        HGT1 / HGT2 / DHGT  
    87.5 -87.5  -2.5                                        LAT1 / LAT2 / DLAT  
  -180.0 180.0   5.0                                        LON1 / LON2 / DLON  
    -1                                                      EXPONENT            
                                                            END OF HEADER       
[from data line 858]
     3                                                      START OF TEC MAP    
  2015     7    22     4     0     0                        EPOCH OF CURRENT MAP
    87.5-180.0 180.0   5.0 450.0                            LAT/LON1/LON2/DLON/H
  136  138  138  141  143  140  138  136  138  138  138  139  139  139  139  138
  138  137  137  136  135  134  133  132  131  129  128  127  126  125  125  124
  124  123  123  123  123  123  123  123  123  123  124  124  124  124  125  125
  125  125  125  125  126  126  126  126  126  126  126  126  126  126  126  126
  128  130  129  129  133  135  137  132  136                                   
    85.0-180.0 180.0   5.0 450.0                            LAT/LON1/LON2/DLON/H
  137  148  142  147  151  149  150  150  151  151  151  152  152  152  151  151
  150  149  148  147  146  144  143  141  140  138  137  135  134  133  132  131
  130  130  130  130  130  130  131  131  131  132  132  133  133  134  134  135
  135  135  136  136  136  136  137  137  137  137  137  137  137  137  137  137
  139  141  138  141  137  137  140  133  137                                   
    82.5-180.0 180.0   5.0 450.0                            LAT/LON1/LON2/DLON/H
  144  150  153  150  152  154  155  155  157  158  157  158  158  157  156  156
  154  153  151  149  147  145  143  141  138  136  134  132  130  129  128  127
  127  127  127  128  128  129  130  131  132  132  133  134  135  136  137  137
  138  139  139  139  140  140  140  141  141  141  141  141  141  140  140  141
  141  142  139  141  145  137  135  128  144                                   
    80.0-180.0 180.0   5.0 450.0                            LAT/LON1/LON2/DLON/H
  146  152  146  146  150  153  156  157  159  159  159  159  158  157  156  154
  152  150  148  146  143  140  137  134  131  128  125  123  121  120  119  119
  119  120  121  122  124  126  127  129  130  132  133  135  136  137  138  139
  140  141  142  142  143  143  143  143  143  143  142  142  142  141  140  141
  140  140  138  139  144  140  144  130  146                                   
    77.5-180.0 180.0   5.0 450.0                            LAT/LON1/LON2/DLON/H
  143  148  144  146  147  152  157  158  160  159  158  158  157  155  153  150
  148  146  143  141  138  135  131  127  124  120  117  115  113  112  111  112
  113  115  118  121  123  126  129  131  134  136  138  140  142  143  145  146
  148  149  149  150  150  150  150  150  149  149  148  148  147  145  144  144
  143  142  137  140  142  136  137  132  143                                   
    75.0-180.0 180.0   5.0 450.0                            LAT/LON1/LON2/DLON/H
  135  144  138  142  144  149  153  154  155  154  152  151  148  146  143  140
  137  135  132  130  127  124  120  116  112  108  105  102  101  100  101  102
  105  108  112  116  120  124  128  131  134  137  139  142  144  146  148  150
  151  152  153  153  153  153  152  152  151  150  149  149  148  146  145  144
  142  141  137  133  135  131  132  129  135                                   
    72.5-180.0 180.0   5.0 450.0                            LAT/LON1/LON2/DLON/H
  129  142  137  141  143  148  152  153  154  152  150  148  144  140  137  133
  131  128  126  124  122  119  115  111  107  103  100   98   96   96   98  100
  104  109  114  119  125  129  134  138  141  144  147  150  153  156  158  160
  162  162  162  162  161  160  159  157  156  155  155  154  153  152  151  150
  148  146  143  139  137  131  130  127  129                                   
    70.0-180.0 180.0   5.0 450.0                            LAT/LON1/LON2/DLON/H
  130  138  135  138  140  143  147  148  149  147  143  140  136  131  127  123
  120  118  116  115  113  111  108  104  100   97   93   91   90   91   93   97
  102  107  113  119  125  131  136  140  144  147  151  155  158  161  164  166
  167  167  166  164  162  160  158  156  155  154  154  153  153  153  152  152
  150  147  144  141  139  133  133  128  130                                   
    67.5-180.0 180.0   5.0 450.0                            LAT/LON1/LON2/DLON/H
  128  137  132  134  135  138  141  142  142  140  137  133  128  123  118  114
  111  109  107  106  105  103  101   98   94   91   88   87   86   87   90   94
   99  105  111  117  123  129  134  139  143  148  152  156  160  164  167  169
  169  168  166  163  160  156  153  151  149  148  148  149  149  149  150  150
  149  147  144  141  139  133  133  129  128                                   
    65.0-180.0 180.0   5.0 450.0                            LAT/LON1/LON2/DLON/H
  129  136  131  132  132  133  137  137  138  135  132  128  123  118  113  108
  105  103  101  101  100   99   97   94   91   89   87   86   86   88   90   94
   98  104  110  116  122  128  134  139  144  149  155  160  165  169  172  173
  172  170  167  163  158  153  150  147  145  144  144  145  147  148  149  150
  149  148  145  143  142  137  137  133  129                                   
    62.5-180.0 180.0   5.0 450.0                            LAT/LON1/LON2/DLON/H
  133  139  133  132  131  131  134  134  134  132  129  126  121  116  111  106
  103  100   98   97   96   95   93   91   89   88   87   87   88   90   93   96
   99  103  108  113  119  126  132  139  145  152  158  164  169  174  177  177
  176  173  168  163  158  153  148  145  143  142  142  144  146  147  149  151
  151  150  148  146  145  141  142  139  133                                   
    60.0-180.0 180.0   5.0 450.0                            LAT/LON1/LON2/DLON/H
  138  142  136  134  131  131  132  131  131  129  126  124  120  115  110  106
  102   99   96   94   93   91   89   87   86   86   87   89   91   93   95   97
   99  101  104  109  115  122  130  138  146  154  161  168  174  179  181  181
  179  176  171  165  159  154  150  146  144  143  143  144  146  148  150  152
  152  152  150  149  148  145  147  145  138                                   
    57.5-180.0 180.0   5.0 450.0                            LAT/LON1/LON2/DLON/H
  146  149  143  139  135  133  133  131  130  127  125  123  120  116  111  107
  102   98   95   92   89   87   85   84   84   85   87   91   94   96   97   98
   98   98  100  104  111  119  128  138  148  157  166  173  180  184  186  186
  184  180  175  170  166  161  157  153  150  148  147  148  149  151  153  155
  155  154  153  152  152  150  152  152  146                                   
    55.0-180.0 180.0   5.0 450.0                            LAT/LON1/LON2/DLON/H
  153  156  151  147  142  139  138  134  132  128  125  122  119  116  112  107
  103   98   94   90   87   84   82   81   82   84   87   92   96   98   99   98
   96   95   96  100  107  116  127  138  150  161  170  179  185  189  191  191
  189  186  182  179  176  172  169  165  161  157  155  154  155  156  158  159
  159  158  156  155  155  154  157  159  153                                   
    52.5-180.0 180.0   5.0 450.0                            LAT/LON1/LON2/DLON/H
  162  165  161  158  153  149  147  141  137  131  126  123  120  116  112  107
  102   98   93   89   85   82   80   80   81   84   88   93   97   99  100   98
   95   92   93   96  104  114  126  140  153  164  175  183  189  193  196  196
  195  193  191  190  189  187  184  180  175  170  166  163  163  163  164  165
  164  163  161  159  159  158  162  165  162                                   
    50.0-180.0 180.0   5.0 450.0                            LAT/LON1/LON2/DLON/H
  169  175  171  170  166  162  159  152  145  137  131  126  121  116  112  107
  102   98   94   90   86   84   82   82   83   86   90   95   98  101  100   98
   95   92   92   95  103  114  127  141  155  167  178  186  193  197  200  201
  201  201  202  203  203  203  201  196  190  183  177  173  171  171  171  172
  171  169  167  165  164  163  167  170  169                                   
    47.5-180.0 180.0   5.0 450.0                            LAT/LON1/LON2/DLON/H
  176  183  181  181  179  175  172  164  155  146  138  131  125  118  112  107
  102   98   95   92   90   88   87   88   89   91   94   98  100  102  102   99
   96   94   94   97  104  115  128  143  156  169  180  188  195  199  203  205
  208  210  212  215  217  218  216  211  204  196  188  183  181  180  180  180
  179  177  175  172  170  168  172  175  176                                   
    45.0-180.0 180.0   5.0 450.0                            LAT/LON1/LON2/DLON/H
  182  190  188  190  190  187  184  175  167  156  147  139  131  123  115  108
  103  100   97   96   95   95   96   97   98   99  100  102  104  104  104  103
  101   99   99  102  108  117  130  143  157  169  180  188  195  201  205  210
  213  217  221  225  228  229  228  223  215  207  199  193  190  189  189  190
  189  187  185  182  179  175  178  181  182                                   
    42.5-180.0 180.0   5.0 450.0                            LAT/LON1/LON2/DLON/H
  187  195  193  196  197  195  192  184  176  166  157  148  139  129  120  112
  106  103  101  101  101  103  105  107  108  109  109  108  108  108  109  108
  108  107  107  109  113  120  131  143  156  168  179  188  195  202  207  213
  218  223  227  232  235  237  235  231  224  216  209  204  201  200  200  202
  201  200  197  194  190  185  187  187  187                                   
    40.0-180.0 180.0   5.0 450.0                            LAT/LON1/LON2/DLON/H
  193  199  196  199  200  197  196  190  184  175  167  159  149  137  126  117
  110  107  105  105  107  110  114  117  119  119  117  115  114  114  115  116
  116  116  116  117  119  123  131  141  154  166  177  186  194  202  209  215
  221  226  231  235  239  240  240  237  232  226  220  216  214  213  214  216
  216  215  213  209  205  198  198  196  193                                   
    37.5-180.0 180.0   5.0 450.0                            LAT/LON1/LON2/DLON/H
  202  205  201  200  200  197  196  192  188  181  175  168  159  147  134  123
  116  111  109  109  112  116  121  126  128  128  126  123  121  121  122  124
  125  126  126  124  124  125  131  139  151  163  175  185  193  202  209  216
  222  228  232  236  239  242  243  242  240  237  234  231  230  230  231  233
  233  234  232  228  223  214  213  209  202                                   
    35.0-180.0 180.0   5.0 450.0                            LAT/LON1/LON2/DLON/H
  216  215  208  203  201  196  195  192  190  186  182  177  168  155  142  130
  121  115  112  112  114  118  125  131  135  136  133  130  128  128  129  131
  133  134  133  130  127  126  129  137  148  160  173  183  192  201  209  216
  222  227  231  235  239  243  246  248  249  250  250  250  250  250  251  253
  254  255  254  249  243  234  232  226  216                                   
    32.5-180.0 180.0   5.0 450.0                            LAT/LON1/LON2/DLON/H
  236  231  221  212  206  198  196  193  193  191  188  184  175  163  149  137
  126  119  114  112  113  119  126  134  139  141  139  137  135  134  135  137
  139  139  137  132  127  124  126  133  144  157  170  181  190  199  207  214
  220  225  229  234  240  246  251  256  261  265  268  270  271  271  273  275
  276  278  277  273  266  256  254  248  236                                   
    30.0-180.0 180.0   5.0 450.0                            LAT/LON1/LON2/DLON/H
  261  253  241  228  218  207  203  200  200  197  195  190  181  169  155  141
  130  120  114  111  112  117  126  135  141  144  144  142  140  138  138  139
  140  139  136  130  124  120  121  128  139  153  166  177  187  195  203  210
  217  223  228  234  242  250  258  266  274  280  286  289  292  293  295  298
  299  301  300  296  290  280  278  272  261                                   
    27.5-180.0 180.0   5.0 450.0                            LAT/LON1/LON2/DLON/H
  289  280  266  251  238  226  219  214  212  207  202  196  186  173  159  144
  131  121  113  109  110  116  126  136  144  147  147  145  143  140  138  137
  136  134  130  124  117  113  114  121  133  147  160  172  181  190  198  206
  214  221  229  237  246  256  267  277  287  295  302  307  311  313  316  319
  321  322  323  319  312  304  302  297  289                                   
    25.0-180.0 180.0   5.0 450.0                            LAT/LON1/LON2/DLON/H
  317  309  295  279  265  252  243  235  230  222  213  203  191  176  161  146
  132  120  111  107  109  117  129  139  147  150  149  147  143  139  134  130
  127  123  119  113  108  104  106  113  124  138  152  164  174  183  192  202
  212  221  231  242  253  265  276  288  298  308  315  321  326  330  333  338
  340  343  343  339  333  325  324  321  317                                   
    22.5-180.0 180.0   5.0 450.0                            LAT/LON1/LON2/DLON/H
  342  335  323  308  295  282  272  262  252  240  226  212  197  180  163  147
  132  119  110  108  112  122  135  145  151  153  150  146  140  133  126  119
  114  109  105  100   96   94   96  103  114  127  141  154  166  176  187  199
  211  224  236  249  262  274  286  298  308  317  325  331  337  342  348  354
  358  360  361  358  351  344  343  343  342                                   
    20.0-180.0 180.0   5.0 450.0                            LAT/LON1/LON2/DLON/H
  360  355  344  333  322  310  300  289  276  259  241  222  204  185  167  149
  133  120  112  112  118  130  144  153  157  155  149  142  133  124  114  106
   99   94   90   87   85   84   87   93  103  116  130  144  157  170  183  197
  212  228  243  258  271  283  295  306  316  324  332  338  345  353  360  368
  373  376  378  374  367  360  358  359  360                                   
    17.5-180.0 180.0   5.0 450.0                            LAT/LON1/LON2/DLON/H
  368  366  357  348  341  332  322  310  295  276  254  232  212  191  171  153
  136  124  117  119  128  142  155  162  162  155  146  135  123  112  101   91
   84   80   77   75   75   75   78   83   92  104  119  135  151  166  181  197
  215  233  251  266  279  291  302  312  322  330  337  345  353  362  371  380
  386  390  392  389  380  372  370  371  368                                   
    15.0-180.0 180.0   5.0 450.0                            LAT/LON1/LON2/DLON/H
  368  366  360  353  349  342  333  322  306  286  263  240  219  198  178  159
  142  130  126  129  140  153  165  168  164  153  139  125  112   99   88   79
   72   68   66   66   67   69   71   76   84   95  111  128  146  163  181  199
  219  239  257  273  286  297  307  317  327  336  343  351  361  371  382  391
  397  402  404  401  391  382  379  378  368                                   
    12.5-180.0 180.0   5.0 450.0                            LAT/LON1/LON2/DLON/H
  363  359  354  347  346  340  332  322  307  287  265  244  224  204  184  166
  150  139  136  140  151  163  171  170  161  147  130  114  100   88   78   70
   64   61   60   60   62   64   67   71   78   89  105  124  143  162  181  200
  221  243  262  278  290  301  311  322  332  342  351  360  370  381  392  401
  406  411  412  409  400  388  385  381  363                                   
    10.0-180.0 180.0   5.0 450.0                            LAT/LON1/LON2/DLON/H
  354  349  344  334  334  329  321  312  299  280  261  243  225  207  189  172
  157  148  146  150  158  167  170  165  153  136  119  104   90   80   71   65
   61   58   57   57   58   61   64   68   74   85  102  121  141  161  180  200
  222  244  264  280  292  303  314  326  338  350  361  371  381  391  400  407
  412  415  417  413  404  391  387  382  354                                   
     7.5-180.0 180.0   5.0 450.0                            LAT/LON1/LON2/DLON/H
  347  340  333  321  320  313  305  296  284  268  252  237  222  207  191  176
  163  156  153  156  161  164  162  153  139  122  107   94   83   75   69   64
