data/edconvlstm_nd/pred0240.15i
     1.0            IONOSPHERE MAPS     GNSS                IONEX VERSION / TYPE
pyspatialgeodesy        IME             05-JAN-18 20:20     PGM / RUN BY / DATE 
Map Name                                                    COMMENT             
Predicted global ionosphere maps (GIM).                     DESCRIPTION         
  2015     1    24     0     0     0                        EPOCH OF FIRST MAP  
  2015     1    25     0     0     0                        EPOCH OF LAST MAP   
  7200                                                      INTERVAL            
    13                                                      # OF MAPS IN FILE   
  NONE                                                      MAPPING FUNCTION    
10.0                                                        ELEVATION CUTOFF    
One-way carrier phase leveled to code                       OBSERVABLES USED    
  6371.0                                                    BASE RADIUS         
 2                                                          MAP DIMENSION       
   450.0 450.0   0.0                                        HGT1 / HGT2 / DHGT  
    87.5 -87.5  -2.5                                        LAT1 / LAT2 / DLAT  
  -180.0 180.0   5.0                                        LON1 / LON2 / DLON  
    -1                                                      EXPONENT            
                                                            END OF HEADER       
[from data line 3861]
    10                                                      START OF TEC MAP    
  2015     1    24    18     0     0                        EPOCH OF CURRENT MAP
    87.5-180.0 180.0   5.0 450.0                            LAT/LON1/LON2/DLON/H
   70   73   69   70   74   72   72   68   70   73   74   76   78   80   82   84
   86   88   90   91   93   94   95   95   96   96   96   96   96   95   95   94
   94   94   93   93   92   92   92   92   91   91   91   91   90   90   90   89
   88   88   87   86   85   84   82   81   80   78   77   75   74   72   71   70
   69   67   63   60   64   63   81   84   70                                   
    85.0-180.0 180.0   5.0 450.0                            LAT/LON1/LON2/DLON/H
   73   71   82   62   62   64   64   66   67   71   72   74   77   80   83   86
   89   91   94   96   98  100  101  102  103  104  104  104  104  103  103  102
  102  101  101  100  100  100   99   99   99   98   98   97   97   96   95   94
   93   92   91   89   87   86   84   82   80   78   75   73   71   70   68   66
   65   63   58   53   57   58   68   64   73                                   
    82.5-180.0 180.0   5.0 450.0                            LAT/LON1/LON2/DLON/H
   55   56   60   49   53   55   58   58   60   63   66   69   72   76   80   83
   87   91   94   97  100  102  104  106  107  107  107  107  106  105  104  103
  102  101  101  100   99   99   99   99   98   98   98   98   97   97   96   95
   93   92   90   88   86   84   82   79   76   74   71   69   66   64   61   59
   58   55   51   48   53   61   57   54   55                                   
    80.0-180.0 180.0   5.0 450.0                            LAT/LON1/LON2/DLON/H
   34   36   46   39   41   39   44   46   49   52   56   60   63   68   72   77
   82   86   90   94   98  100  103  104  105  105  104  103  102  100   98   96
   94   93   92   91   90   90   90   90   91   91   91   92   92   91   91   90
   89   87   85   83   81   79   76   73   70   67   64   60   58   55   52   50
   48   46   43   43   43   48   45   49   34                                   
    77.5-180.0 180.0   5.0 450.0                            LAT/LON1/LON2/DLON/H
   41   40   41   36   38   38   42   44   47   50   53   57   62   66   71   76
   82   87   92   97  101  104  106  107  107  107  105  103  100   97   94   91
   89   87   85   84   83   83   83   84   84   85   86   86   87   87   87   86
   86   85   83   81   79   77   75   72   69   66   63   60   57   54   51   49
   47   45   43   43   43   42   42   47   41                                   
    75.0-180.0 180.0   5.0 450.0                            LAT/LON1/LON2/DLON/H
   34   38   39   38   40   42   44   46   49   53   56   61   65   69   74   79
   85   90   96  101  105  107  109  109  108  105  102   98   94   90   86   82
   79   76   73   72   71   72   72   73   75   76   77   79   80   80   81   81
   81   81   80   79   77   76   74   72   70   67   65   63   60   58   55   53
   52   51   50   47   48   46   46   40   34                                   
    72.5-180.0 180.0   5.0 450.0                            LAT/LON1/LON2/DLON/H
   45   48   47   50   49   52   55   58   59   63   66   70   74   78   83   88
   93   99  104  109  113  115  115  113  110  106  100   95   89   83   78   73
   69   65   63   61   60   60   61   62   64   65   67   68   69   70   71   71
   72   72   72   71   71   70   70   69   68   67   66   64   63   61   59   58
   56   56   55   51   51   52   52   52   45                                   
    70.0-180.0 180.0   5.0 450.0                            LAT/LON1/LON2/DLON/H
   48   53   53   55   56   59   61   66   70   75   78   83   86   91   95  100
  106  112  118  123  126  127  126  122  117  111  104   96   89   82   76   70
   65   60   56   54   52   52   52   53   55   56   58   59   60   61   61   62
   62   63   63   64   64   65   65   66   66   67   67   67   67   66   64   63
   61   60   61   59   59   61   65   64   48                                   
    67.5-180.0 180.0   5.0 450.0                            LAT/LON1/LON2/DLON/H
   56   59   58   61   63   67   72   77   82   88   93   98  102  107  112  117
  123  130  136  140  143  143  140  134  127  119  110  102   93   86   78   71
   65   59   53   49   47   45   45   45   46   47   48   49   50   50   50   50
   51   52   53   54   55   56   58   60   62   64   66   67   68   67   66   65
   63   62   61   59   59   63   64   65   56                                   
    65.0-180.0 180.0   5.0 450.0                            LAT/LON1/LON2/DLON/H
   54   56   54   59   61   67   73   81   89   97  103  110  115  120  126  132
  140  147  154  159  161  160  156  149  141  132  122  113  105   97   89   80
   72   64   56   50   45   42   40   40   40   41   41   42   41   41   40   40
   41   41   42   44   45   47   50   53   57   60   63   66   67   66   65   63
   61   59   59   58   58   63   67   70   54                                   
    62.5-180.0 180.0   5.0 450.0                            LAT/LON1/LON2/DLON/H
   51   51   48   54   58   65   73   84   94  104  113  120  127  133  140  148
  157  166  173  179  181  179  174  166  157  147  138  130  122  114  105   95
   84   73   63   53   46   41   38   37   36   37   37   36   35   34   33   33
   33   33   34   35   37   40   43   46   50   55   59   62   63   63   61   58
   55   53   52   50   51   55   59   63   51                                   
    60.0-180.0 180.0   5.0 450.0                            LAT/LON1/LON2/DLON/H
   45   44   40   47   51   59   70   83   96  108  119  128  135  142  150  159
  169  180  188  194  196  193  187  179  171  162  155  148  142  134  125  114
  101   87   73   60   50   43   39   37   36   36   36   35   34   32   30   29
   29   29   30   31   32   35   37   41   45   49   53   57   58   58   56   52
   48   45   44   42   43   48   52   58   45                                   
    57.5-180.0 180.0   5.0 450.0                            LAT/LON1/LON2/DLON/H
   40   38   35   43   48   57   70   85  100  114  126  135  143  151  159  169
  181  192  201  206  207  204  198  191  183  177  173  168  164  158  149  137
  122  105   88   72   59   50   45   43   42   42   42   40   38   36   34   33
   32   32   32   33   34   35   37   40   43   47   51   54   55   55   53   49
   45   42   41   39   40   43   47   54   40                                   
    55.0-180.0 180.0   5.0 450.0                            LAT/LON1/LON2/DLON/H
   40   39   37   44   51   61   75   91  108  123  135  144  152  159  168  178
  190  201  210  215  215  211  205  199  194  190  189  188  185  180  172  159
  142  123  103   85   71   61   55   52   51   51   51   49   47   45   43   42
   41   41   41   41   41   42   42   44   46   48   51   53   55   54   53   50
   46   43   42   41   41   43   47   54   40                                   
    52.5-180.0 180.0   5.0 450.0                            LAT/LON1/LON2/DLON/H
   45   45   44   52   60   71   86  103  120  135  147  155  162  168  176  186
  197  208  216  220  219  215  210  205  203  203  204  205  204  199  190  177
  159  139  118   99   84   74   67   65   64   63   63   62   60   58   57   56
   56   56   56   55   55   54   54   53   53   54   55   56   57   57   57   55
   52   50   50   49   48   50   52   58   45                                   
    50.0-180.0 180.0   5.0 450.0                            LAT/LON1/LON2/DLON/H
   56   56   56   66   75   88  103  121  137  151  162  169  175  180  187  196
  206  215  221  224  223  219  216  214  214  216  219  221  220  214  203  188
  170  150  130  112   98   87   81   78   76   76   75   74   73   72   72   72
   73   73   73   73   72   70   68   66   65   63   62   62   63   63   64   63
   62   62   63   62   61   61   62   65   56                                   
    47.5-180.0 180.0   5.0 450.0                            LAT/LON1/LON2/DLON/H
   69   69   71   82   93  107  123  140  155  168  178  185  190  194  199  207
  215  222  227  229  228  226  224  225  227  231  234  234  231  222  208  192
  173  154  136  120  108   99   93   89   87   86   85   84   84   84   85   87
   88   89   90   89   88   86   84   81   77   74   72   70   70   71   72   73
   73   74   76   76   74   73   73   74   69                                   
    45.0-180.0 180.0   5.0 450.0                            LAT/LON1/LON2/DLON/H
   82   80   84   97  110  125  141  157  172  185  194  201  205  209  213  219
  225  231  235  236  236  236  236  239  242  246  247  244  236  223  206  187
  168  151  136  124  114  107  102   98   95   93   92   91   91   92   94   96
   99  100  101  101  100   99   97   93   89   85   81   79   78   79   80   82
   82   84   85   86   85   83   83   83   82                                   
    42.5-180.0 180.0   5.0 450.0                            LAT/LON1/LON2/DLON/H
   90   87   91  106  121  137  153  170  184  198  208  215  220  224  228  232
  237  241  244  245  247  249  251  255  258  259  257  250  237  219  199  178
  159  144  132  123  117  112  107  103   99   96   95   94   94   96   98  101
  103  104  105  105  105  105  104  101   98   94   90   87   86   86   86   87
   87   88   89   90   89   87   87   88   90                                   
    40.0-180.0 180.0   5.0 450.0                            LAT/LON1/LON2/DLON/H
   91   86   91  108  125  142  159  176  191  205  217  227  233  238  242  245
  248  251  254  257  260  263  267  270  271  270  263  251  234  214  191  170
  152  138  129  123  119  116  111  107  102   99   97   96   96   97   99  100
  102  103  104  104  105  105  106  105  102   99   96   93   91   90   89   88
   86   85   86   85   86   84   84   88   91                                   
    37.5-180.0 180.0   5.0 450.0                            LAT/LON1/LON2/DLON/H
   86   81   87  105  124  141  159  177  193  209  223  235  244  250  254  257
  260  262  265  269  273  278  281  282  281  275  266  252  234  213  192  172
  154  142  134  129  125  122  118  113  108  104  102  100   99   99   99   99
   99  100  100  100  100  102  103  104  103  101   99   96   94   92   89   86
   81   78   77   76   75   74   74   82   86                                   
    35.0-180.0 180.0   5.0 450.0                            LAT/LON1/LON2/DLON/H
   77   73   80  100  120  138  157  175  193  211  227  241  252  259  264  267
  269  272  275  280  285  290  291  289  284  276  266  254  240  224  207  189
  173  160  150  144  139  134  129  123  119  115  112  110  108  105  103  101
  100   99   98   97   97   98  100  102  102  102  100   98   96   92   87   81
   75   70   67   64   63   62   62   73   77                                   
    32.5-180.0 180.0   5.0 450.0                            LAT/LON1/LON2/DLON/H
   69   66   76   96  118  136  156  175  194  214  232  248  260  268  273  276
  278  280  283  288  293  296  295  290  283  276  269  264  258  251  240  227
  212  196  183  171  162  154  148  142  137  134  131  128  124  119  114  110
  107  104  102  100   99   98   99  101  102  103  102  100   97   92   86   78
   70   63   59   56   54   52   52   66   69                                   
    30.0-180.0 180.0   5.0 450.0                            LAT/LON1/LON2/DLON/H
   64   65   77   97  121  138  160  180  200  220  239  256  268  276  281  283
  284  286  289  293  297  297  293  286  279  276  278  284  291  295  293  285
  269  250  229  210  195  182  173  167  163  160  158  155  148  140  133  127
  122  119  116  112  108  106  105  105  105  106  105  103  100   94   86   78
   69   62   58   53   51   49   48   64   64                                   
    27.5-180.0 180.0   5.0 450.0                            LAT/LON1/LON2/DLON/H
   65   70   84  104  129  147  171  190  212  232  251  267  279  286  289  291
  291  291  293  296  297  294  287  280  277  282  296  315  336  353  361  357
  340  315  285  257  234  216  204  197  193  192  190  186  178  168  158  151
  147  144  140  134  127  121  117  114  113  112  111  108  104   97   90   82
   73   68   63   59   57   53   49   65   65                                   
    25.0-180.0 180.0   5.0 450.0                            LAT/LON1/LON2/DLON/H
   74   80   96  116  144  162  187  207  229  249  268  283  293  298  300  300
  298  298  298  297  295  289  281  277  281  297  323  357  391  419  435  434
  416  384  345  307  275  251  235  227  225  224  223  217  208  196  185  179
  176  174  170  162  153  143  135  128  124  121  118  114  109  102   95   88
   81   78   74   71   68   63   56   70   74                                   
    22.5-180.0 180.0   5.0 450.0                            LAT/LON1/LON2/DLON/H
   87   93  111  132  161  181  207  227  249  270  288  302  310  314  314  313
  310  307  305  301  296  288  281  282  295  322  361  406  450  486  506  507
  486  447  400  353  313  283  264  255  252  251  249  243  232  219  210  205
  204  205  201  192  180  166  154  145  137  132  126  121  114  107  101   96
   91   91   87   86   83   75   64   76   87                                   
    20.0-180.0 180.0   5.0 450.0                            LAT/LON1/LON2/DLON/H
  101  106  124  147  177  199  227  247  270  291  309  322  330  333  333  330
  327  322  317  311  303  296  292  299  321  358  406  458  506  543  563  562
  538  496  443  390  344  309  287  276  271  270  266  258  246  234  225  223
  226  228  226  216  201  185  171  159  149  140  133  125  118  111  105  101
   98  101   97   99   96   86   72   82  101                                   
    17.5-180.0 180.0   5.0 450.0                            LAT/LON1/LON2/DLON/H
  113  116  134  159  190  215  244  265  289  311  330  344  352  355  355  353
  350  345  339  331  322  315  316  330  360  404  457  509  553  583  597  592
  567  524  471  416  367  329  304  289  282  278  271  261  248  236  230  231
  236  241  239  228  212  195  180  167  156  146  137  128  120  113  108  105
  102  106  103  106  103   91   77   87  113                                   
    15.0-180.0 180.0   5.0 450.0                            LAT/LON1/LON2/DLON/H
  119  121  140  167  200  227  257  279  305  328  349  364  374  380  382  382
  379  375  369  361  352  348  353  373  409  457  507  551  582  599  603  594
  570  531  482  430  382  343  315  297  286  277  267  254  240  229  224  228
  235  241  239  228  212  195  181  169  158  148  138  129  121  114  110  106
  104  106  103  105  103   92   78   90  119                                   
    12.5-180.0 180.0   5.0 450.0                            LAT/LON1/LON2/DLON/H
  119  122  142  171  205  235  266  290  317  343  365  384  397  405  410  413
  414  412  407  400  393  392  401  426  464  508  550  578  592  593  587  574
  553  522  482  436  392  353  323  301  285  272  258  242  226  216  213  218
  226  231  229  218  203  188  176  166  157  147  138  129  122  116  112  108
  104  104   99  100   98   89   77   91  119                                   
    10.0-180.0 180.0   5.0 450.0                            LAT/LON1/LON2/DLON/H
  116  122  144  174  209  241  274  299  328  355  380  401  417  430  439  446
  450  451  449  444  441  443  456  481  517  553  579  589  584  572  559  545
  529  507  477  440  401  364  332  307  286  267  248  230  213  203  201  206
  215  219  216  205  190  177  167  159  152  144  136  129  123  118  114  109
  103  101   94   93   92   86   77   93  116                                   
     7.5-180.0 180.0   5.0 450.0                            LAT/LON1/LON2/DLON/H
  113  124  146  178  214  247  281  308  338  366  393  417  436  452  465  476
  484  490  491  490  490  495  509  533  561  584  593  586  568  548  532  520
