data/edconvlstm_nd/pred0270.15i
     1.0            IONOSPHERE MAPS     GNSS                IONEX VERSION / TYPE
pyspatialgeodesy        IME             05-JAN-18 20:20     PGM / RUN BY / DATE 
Map Name                                                    COMMENT             
Predicted global ionosphere maps (GIM).                     DESCRIPTION         
  2015     1    27     0     0     0                        EPOCH OF FIRST MAP  
  2015     1    28     0     0     0                        EPOCH OF LAST MAP   
  7200                                                      INTERVAL            
    13                                                      # OF MAPS IN FILE   
  NONE                                                      MAPPING FUNCTION    
10.0                                                        ELEVATION CUTOFF    
One-way carrier phase leveled to code                       OBSERVABLES USED    
  6371.0                                                    BASE RADIUS         
 2                                                          MAP DIMENSION       
   450.0 450.0   0.0                                        HGT1 / HGT2 / DHGT  
    87.5 -87.5  -2.5                                        LAT1 / LAT2 / DLAT  
  -180.0 180.0   5.0                                        LON1 / LON2 / DLON  
    -1                                                      EXPONENT            
                                                            END OF HEADER       
[from data line 1287]
     4                                                      START OF TEC MAP    
  2015     1    27     6     0     0                        EPOCH OF CURRENT MAP
    87.5-180.0 180.0   5.0 450.0                            LAT/LON1/LON2/DLON/H
   66   72   68   73   72   72   72   67   68   69   69   70   70   69   69   69
   68   68   67   66   66   65   65   64   64   64   64   64   64   65   65   65
   65   65   65   66   66   66   66   65   65   65   65   65   65   65   65   65
   65   65   66   66   66   66   66   66   66   66   66   66   66   66   65   66
   67   67   66   66   72   79   87   81   66                                   
    85.0-180.0 180.0   5.0 450.0                            LAT/LON1/LON2/DLON/H
   63   79   76   75   77   79   78   77   77   78   77   78   77   77   76   75
   73   72   71   70   69   68   67   67   67   67   67   67   67   68   68   69
   70   70   71   71   72   72   72   73   73   73   74   74   74   75   75   75
   76   76   77   77   78   78   78   79   79   79   79   79   79   79   79   79
   80   80   76   76   78   82   91   86   63                                   
    82.5-180.0 180.0   5.0 450.0                            LAT/LON1/LON2/DLON/H
   72   74   87   78   77   79   79   78   79   80   79   79   78   77   75   73
   71   68   66   63   61   60   59   58   57   57   57   57   58   59   60   61
   63   64   65   66   68   69   69   70   71   72   72   73   74   75   76   77
   78   79   80   81   82   83   84   84   85   86   87   87   87   87   87   87
   87   86   82   80   86   80   79   77   72                                   
    80.0-180.0 180.0   5.0 450.0                            LAT/LON1/LON2/DLON/H
   84   78   84   77   78   76   77   77   78   79   78   79   77   76   73   70
   67   63   59   56   54   51   50   49   48   48   49   50   51   53   55   58
   60   63   65   66   68   69   70   71   72   73   74   75   77   78   80   82
   83   85   87   89   91   93   94   96   97   99  100  100  101  100   99   99
   98   95   93   90   92   85   83   78   84                                   
    77.5-180.0 180.0   5.0 450.0                            LAT/LON1/LON2/DLON/H
   87   76   78   73   69   70   73   74   76   76   76   77   76   74   72   69
   65   60   56   52   49   46   44   43   42   43   44   46   49   52   56   60
   64   67   70   72   73   74   75   76   77   78   79   81   83   86   89   92
   95   98  101  104  107  110  113  115  118  119  121  121  121  120  119  117
  113  109  104  101   96   80   75   74   87                                   
    75.0-180.0 180.0   5.0 450.0                            LAT/LON1/LON2/DLON/H
   81   70   70   65   60   63   64   65   67   69   69   71   71   70   68   65
   61   57   53   49   46   43   42   41   41   42   44   47   51   56   61   65
   69   73   75   76   77   77   77   77   77   79   81   83   87   91   95  100
  105  110  115  119  123  127  131  134  137  139  141  141  141  139  136  133
  127  121  115  106  100   84   78   76   81                                   
    72.5-180.0 180.0   5.0 450.0                            LAT/LON1/LON2/DLON/H
   80   67   66   61   56   59   62   63   64   66   67   69   69   69   68   66
   63   59   55   52   48   46   44   44   45   47   50   54   59   65   70   75
   79   82   83   83   82   81   79   79   79   81   84   88   94  100  107  113
  120  127  133  139  145  149  154  158  161  163  164  165  164  161  158  154
  148  140  134  124  113   94   85   84   80                                   
    70.0-180.0 180.0   5.0 450.0                            LAT/LON1/LON2/DLON/H
   85   66   65   59   53   54   56   57   58   60   61   64   64   65   65   63
   61   58   55   52   50   48   48   48   50   53   57   62   67   73   78   82
   85   85   85   83   80   77   74   73   74   76   81   88   96  105  114  124
  133  141  149  156  162  168  173  176  179  181  182  182  180  178  173  169
  162  153  146  135  123  104   97   96   85                                   
    67.5-180.0 180.0   5.0 450.0                            LAT/LON1/LON2/DLON/H
   84   63   60   55   49   49   51   52   52   54   55   57   59   59   60   59
   57   55   53   51   50   49   50   52   54   58   62   67   72   76   80   83
   84   83   80   76   71   67   63   62   64   68   76   85   96  108  120  132
  143  153  161  169  175  181  185  188  190  191  191  190  188  184  179  174
  167  158  152  140  128  109  100  100   84                                   
    65.0-180.0 180.0   5.0 450.0                            LAT/LON1/LON2/DLON/H
   87   64   58   54   47   46   48   49   49   51   51   54   55   56   57   57
   56   55   53   52   52   52   54   56   59   63   67   71   75   78   81   82
   81   78   73   67   61   56   53   53   56   62   73   85   99  114  129  142
  155  166  175  183  189  193  196  198  199  198  197  195  192  188  183  177
  171  162  155  143  132  113  105  105   87                                   
    62.5-180.0 180.0   5.0 450.0                            LAT/LON1/LON2/DLON/H
   89   65   58   53   46   45   46   47   47   48   49   51   53   54   54   55
   54   53   52   52   52   53   55   58   62   65   69   72   75   77   78   77
   75   71   65   58   52   47   44   45   50   60   72   88  105  122  139  154
  167  179  188  196  201  203  205  204  203  202  199  197  193  189  183  178
  171  162  156  144  134  115  107  108   89                                   
    60.0-180.0 180.0   5.0 450.0                            LAT/LON1/LON2/DLON/H
   92   65   57   50   44   42   42   43   44   45   45   48   49   50   51   51
   51   50   50   49   50   51   54   57   60   63   65   68   69   70   70   69
   66   62   56   50   43   39   38   40   48   59   75   93  111  130  148  164
  177  189  198  205  208  209  208  206  203  201  198  195  191  187  182  177
  170  161  156  145  135  116  107  106   92                                   
    57.5-180.0 180.0   5.0 450.0                            LAT/LON1/LON2/DLON/H
   96   68   58   50   44   40   40   41   42   42   43   45   47   48   49   49
   49   49   48   47   47   49   51   53   56   58   60   62   63   63   63   62
   59   55   50   45   40   37   38   42   51   65   82  101  121  141  158  174
  188  200  209  214  217  216  213  210  206  202  200  197  194  191  186  181
  174  166  161  150  141  120  110  108   96                                   
    55.0-180.0 180.0   5.0 450.0                            LAT/LON1/LON2/DLON/H
  103   74   62   52   45   40   39   39   40   40   41   43   44   46   47   48
   48   47   46   46   45   46   47   49   52   53   55   56   56   57   56   56
   54   51   48   44   42   41   43   49   59   74   92  111  132  151  169  184
  198  210  219  224  225  223  219  214  210  207  205  203  201  198  194  190
  183  174  170  159  150  127  117  113  103                                   
    52.5-180.0 180.0   5.0 450.0                            LAT/LON1/LON2/DLON/H
  114   84   71   59   50   44   41   40   40   40   41   43   44   45   47   48
   48   48   47   46   45   46   47   48   50   51   52   52   52   53   53   52
   52   51   50   49   49   50   54   61   72   86  104  123  143  161  179  195
  209  220  229  234  235  232  227  221  217  214  213  212  211  209  206  201
  194  186  182  171  162  139  128  122  114                                   
    50.0-180.0 180.0   5.0 450.0                            LAT/LON1/LON2/DLON/H
  128   98   84   71   61   52   48   45   44   43   43   44   45   46   48   49
   50   50   50   49   49   49   50   51   52   52   52   52   52   52   52   52
   53   54   55   57   59   63   68   76   87  101  118  136  154  172  189  205
  219  231  240  245  245  242  236  229  225  222  222  222  222  220  216  212
  205  197  193  182  175  152  141  134  128                                   
    47.5-180.0 180.0   5.0 450.0                            LAT/LON1/LON2/DLON/H
  142  114  101   88   77   67   60   55   52   50   49   50   50   50   51   53
   54   55   56   56   57   58   59   60   60   59   58   56   55   54   54   54
   55   58   61   66   71   77   84   93  104  117  132  148  166  183  200  216
  230  242  251  256  256  251  245  237  232  229  229  229  229  227  223  218
  212  205  200  190  184  164  154  147  142                                   
    45.0-180.0 180.0   5.0 450.0                            LAT/LON1/LON2/DLON/H
  153  129  117  107   96   86   77   70   65   62   60   59   58   57   57   58
   60   62   64   67   69   72   74   75   74   71   68   64   60   58   56   56
   58   61   67   74   81   89   98  108  119  132  146  161  178  195  212  227
  241  253  261  265  264  260  252  244  238  234  233  233  232  228  224  218
  212  206  201  192  187  170  163  157  153                                   
    42.5-180.0 180.0   5.0 450.0                            LAT/LON1/LON2/DLON/H
  157  138  129  124  115  105   96   88   82   77   74   73   70   68   67   67
   68   71   76   80   85   89   92   92   90   86   80   73   67   62   59   58
   59   63   70   79   88   99  109  121  133  146  160  174  190  207  224  239
  252  262  268  271  270  265  257  249  242  237  235  233  230  225  219  214
  208  202  198  190  186  170  164  158  157                                   
    40.0-180.0 180.0   5.0 450.0                            LAT/LON1/LON2/DLON/H
  155  138  132  131  126  119  112  105   99   94   91   89   86   82   79   78
   79   83   89   95  102  107  110  110  106  100   92   83   74   67   62   60
   61   65   72   82   93  104  117  131  145  159  173  188  204  220  236  250
  260  268  272  274  273  269  262  254  247  242  237  234  229  222  215  209
  204  199  195  187  182  166  159  153  155                                   
    37.5-180.0 180.0   5.0 450.0                            LAT/LON1/LON2/DLON/H
  148  131  125  126  125  122  118  115  111  107  106  106  103   98   93   90
   91   95  103  111  118  123  126  125  120  111  102   91   81   73   67   63
   63   67   74   84   95  108  122  138  155  171  186  202  217  233  248  259
  267  272  274  276  276  274  270  264  257  251  246  241  235  227  220  214
  209  204  201  191  184  164  155  147  148                                   
    35.0-180.0 180.0   5.0 450.0                            LAT/LON1/LON2/DLON/H
  140  119  111  111  113  113  114  114  114  114  115  118  117  113  107  103
  104  108  116  125  132  137  138  135  128  119  109   99   89   81   74   70
   69   72   78   86   97  110  126  145  164  182  199  215  231  246  258  267
  272  275  276  279  282  284  283  281  276  271  265  260  254  247  241  236
  232  227  224  212  202  173  161  148  140                                   
    32.5-180.0 180.0   5.0 450.0                            LAT/LON1/LON2/DLON/H
  138  109   97   94   96   97  101  104  107  111  117  123  125  123  119  115
  116  121  128  136  142  145  144  140  132  123  114  106   98   91   85   81
   79   80   84   90   99  111  129  150  172  193  212  228  243  257  268  275
  278  280  282  287  294  301  306  308  306  302  297  293  289  284  280  277
  274  270  268  253  241  201  182  163  138                                   
    30.0-180.0 180.0   5.0 450.0                            LAT/LON1/LON2/DLON/H
  148  108   89   80   80   81   85   90   95  101  111  121  127  128  126  124
  125  130  138  144  149  149  146  139  132  125  118  113  108  103   98   94
   91   91   92   95  102  113  131  154  179  202  222  239  254  268  278  284
  286  288  292  301  314  328  339  344  345  343  340  338  337  336  335  334
  332  329  329  310  297  246  221  197  148                                   
    27.5-180.0 180.0   5.0 450.0                            LAT/LON1/LON2/DLON/H
  174  123   96   80   74   72   74   77   82   89  100  112  121  126  127  127
  130  136  143  148  149  147  142  135  129  124  121  119  118  116  114  110
  107  104  102  102  105  115  133  157  185  210  231  249  264  277  287  293
  297  301  309  323  342  362  379  389  393  393  392  393  396  400  402  403
  402  399  399  377  363  305  273  249  174                                   
    25.0-180.0 180.0   5.0 450.0                            LAT/LON1/LON2/DLON/H
  217  157  122   97   84   77   75   74   75   79   89  101  111  118  122  125
  129  136  142  145  145  141  135  129  125  123  123  126  129  131  131  129
  124  118  112  108  109  118  135  160  189  216  238  257  273  286  298  306
  312  320  333  353  378  404  426  441  448  450  451  455  462  469  474  477
  476  474  471  449  433  372  333  314  217                                   
    22.5-180.0 180.0   5.0 450.0                            LAT/LON1/LON2/DLON/H
  273  206  164  133  113  100   91   84   79   79   84   92  100  107  113  118
  124  130  135  137  136  132  128  124  122  122  126  133  140  146  149  146
  139  129  119  113  112  120  138  163  192  220  244  264  281  297  310  322
  332  344  363  388  418  449  475  493  503  507  510  515  524  534  542  545
  543  541  537  517  499  440  398  386  273                                   
    20.0-180.0 180.0   5.0 450.0                            LAT/LON1/LON2/DLON/H
  336  267  220  185  157  139  124  111   99   92   89   91   94   99  104  109
  115  121  125  127  127  125  122  121  122  125  132  141  152  159  162  157
  146  133  121  114  114  123  141  167  197  225  249  271  291  309  326  341
  356  374  397  426  459  490  518  537  549  554  558  564  574  584  591  592
  589  587  582  568  549  500  461  456  336                                   
    17.5-180.0 180.0   5.0 450.0                            LAT/LON1/LON2/DLON/H
  393  328  280  245  211  190  170  153  135  120  109  102   98   98  100  104
  108  112  115  118  119  120  121  123  127  133  141  151  160  166  166  158
  146  131  120  114  116  127  147  173  202  230  256  279  301  323  343  362
  382  404  431  461  492  521  546  565  577  583  587  593  602  610  614  613
  607  604  600  592  576  541  511  512  393                                   
    15.0-180.0 180.0   5.0 450.0                            LAT/LON1/LON2/DLON/H
  435  380  337  304  267  243  221  202  181  161  143  127  116  109  106  105
  106  107  109  112  116  120  125  131  138  145  152  159  164  165  161  152
  139  126  116  114  119  134  156  182  211  238  263  288  313  337  360  382
  405  429  457  485  513  537  557  573  584  590  594  599  606  612  613  607
  599  595  593  590  579  558  539  541  435                                   
    12.5-180.0 180.0   5.0 450.0                            LAT/LON1/LON2/DLON/H
  459  417  382  352  316  292  270  253  231  209  186  166  147  134  125  119
  114  111  111  114  120  128  136  146  155  161  164  165  163  159  152  142
  130  120  114  116  125  143  167  193  220  246  271  296  323  349  374  398
  421  446  471  496  518  536  552  564  573  579  584  588  592  595  593  585
  576  570  569  570  564  555  543  542  459                                   
    10.0-180.0 180.0   5.0 450.0                            LAT/LON1/LON2/DLON/H
  467  438  412  383  352  329  309  295  276  256  233  211  190  172  157  145
  134  127  124  126  133  143  155  166  174  177  174  168  161  153  143  134
  124  117  115  120  134  154  178  204  229  253  277  302  329  356  381  405
  427  451  473  494  510  523  534  544  553  559  563  566  570  571  568  560
  550  544  543  545  544  540  531  525  467                                   
     7.5-180.0 180.0   5.0 450.0                            LAT/LON1/LON2/DLON/H
  467  448  426  396  372  351  333  322  309  293  276  256  236  217  199  182
  166  153  147  148  155  166  178  188  192  189  180  170  159  149  139  130
