data/edconvlstm_nd/pred3650.15i
     1.0            IONOSPHERE MAPS     GNSS                IONEX VERSION / TYPE
pyspatialgeodesy        IME             05-JAN-18 20:20     PGM / RUN BY / DATE 
Map Name                                                    COMMENT             
Predicted global ionosphere maps (GIM).                     DESCRIPTION         
  2015    12    31     0     0     0                        EPOCH OF FIRST MAP  
  2015    12    31    22     0     0                        EPOCH OF LAST MAP   
  7200                                                      INTERVAL            
    12                                                      # OF MAPS IN FILE   
  NONE                                                      MAPPING FUNCTION    
10.0                                                        ELEVATION CUTOFF    
One-way carrier phase leveled to code                       OBSERVABLES USED    
  6371.0                                                    BASE RADIUS         
 2                                                          MAP DIMENSION       
   450.0 450.0   0.0                                        HGT1 / HGT2 / DHGT  
    87.5 -87.5  -2.5                                        LAT1 / LAT2 / DLAT  
  -180.0 180.0   5.0                                        LON1 / LON2 / DLON  
    -1                                                      EXPONENT            
                                                            END OF HEADER       
[from data line 3003]
     8                                                      START OF TEC MAP    
  2015    12    31    14     0     0                        EPOCH OF CURRENT MAP
    87.5-180.0 180.0   5.0 450.0                            LAT/LON1/LON2/DLON/H
   46   55   56   59   61   59   59   55   55   56   56   56   55   55   55   54
   54   53   52   51   51   50   49   48   47   46   45   45   44   43   43   43
   42   42   42   41   41   41   41   42   42   43   43   44   45   46   47   48
   49   50   51   51   52   53   54   54   55   56   56   56   56   56   57   57
   57   57   54   51   54   57   70   73   46                                   
    85.0-180.0 180.0   5.0 450.0                            LAT/LON1/LON2/DLON/H
   47   61   74   58   59   62   60   60   60   62   61   61   60   60   60   60
   59   59   58   58   57   57   56   55   55   54   54   53   53   52   52   52
   51   51   50   50   49   49   49   49   49   49   50   50   51   52   53   54
   55   57   58   59   60   61   62   63   64   65   66   66   66   67   67   67
   67   67   62   58   62   63   71   66   47                                   
    82.5-180.0 180.0   5.0 450.0                            LAT/LON1/LON2/DLON/H
   36   47   58   49   51   51   51   51   51   52   52   53   53   53   52   52
   52   51   51   50   50   49   49   49   48   48   48   47   47   47   47   46
   45   45   44   43   42   42   41   41   40   40   40   41   41   42   43   45
   46   47   49   50   51   53   54   55   56   57   58   59   59   59   60   60
   60   59   55   52   58   65   65   61   36                                   
    80.0-180.0 180.0   5.0 450.0                            LAT/LON1/LON2/DLON/H
   28   36   50   43   46   44   46   45   47   48   48   49   50   50   50   50
   49   49   48   48   47   46   45   45   45   45   45   45   45   45   45   45
   44   43   42   41   39   38   36   35   34   34   34   34   35   36   37   39
   40   42   44   45   47   49   50   52   53   54   55   56   56   56   56   56
   56   55   53   51   52   59   57   60   28                                   
    77.5-180.0 180.0   5.0 450.0                            LAT/LON1/LON2/DLON/H
   37   38   40   35   37   36   38   38   40   41   42   44   45   47   47   48
   48   47   47   46   44   43   42   42   42   42   42   43   43   44   44   44
   43   41   39   36   34   31   29   27   25   24   24   24   25   26   27   29
   31   33   35   37   40   42   43   45   47   48   49   50   50   50   50   50
   49   48   45   43   42   44   49   52   37                                   
    75.0-180.0 180.0   5.0 450.0                            LAT/LON1/LON2/DLON/H
   22   29   30   29   32   32   33   34   36   39   40   43   45   47   49   50
   50   50   49   48   46   44   43   42   42   43   44   45   46   48   48   48
   48   46   43   40   36   32   29   26   23   22   21   21   22   23   24   26
   28   30   32   34   36   37   39   41   42   44   45   46   46   47   47   46
   45   45   43   40   40   38   39   35   22                                   
    72.5-180.0 180.0   5.0 450.0                            LAT/LON1/LON2/DLON/H
   24   28   28   27   28   29   31   31   33   35   37   40   43   46   48   50
   51   50   49   47   45   43   42   41   41   42   43   46   48   51   52   53
   52   50   47   43   38   32   28   24   21   19   18   17   17   18   19   21
   22   23   24   26   27   28   30   31   32   34   35   37   38   39   39   39
   39   38   37   35   35   34   37   36   24                                   
    70.0-180.0 180.0   5.0 450.0                            LAT/LON1/LON2/DLON/H
   20   26   29   28   30   29   30   31   34   36   39   42   45   49   52   55
   56   56   55   53   51   49   47   46   46   48   50   53   56   59   62   63
   63   61   57   52   46   40   34   29   26   23   22   21   21   21   22   22
   23   23   23   24   24   25   25   26   28   30   31   33   35   36   38   38
   38   38   37   36   36   35   39   38   20                                   
    67.5-180.0 180.0   5.0 450.0                            LAT/LON1/LON2/DLON/H
   21   28   29   29   31   31   33   34   35   37   39   43   46   50   54   57
   59   59   58   56   54   52   51   50   51   53   55   59   63   67   70   72
   72   70   65   60   53   46   40   35   31   29   28   27   26   26   25   24
   23   22   21   21   20   20   20   21   23   24   27   29   31   33   35   37
   37   36   36   34   34   33   36   34   21                                   
    65.0-180.0 180.0   5.0 450.0                            LAT/LON1/LON2/DLON/H
   20   28   29   30   32   32   33   34   35   37   39   42   46   50   54   57
   59   60   60   59   57   56   55   56   57   59   62   66   70   75   78   80
   80   78   73   67   60   53   47   42   39   36   35   34   33   31   29   26
   24   21   20   18   17   17   17   17   19   21   23   26   29   31   34   36
   37   37   37   36   36   35   37   35   20                                   
    62.5-180.0 180.0   5.0 450.0                            LAT/LON1/LON2/DLON/H
   20   28   29   30   32   33   33   33   34   35   37   40   44   48   52   55
   57   59   59   58   58   58   59   60   62   65   69   73   77   81   84   86
   87   84   80   74   66   59   53   49   46   44   43   41   39   36   32   28
   24   20   18   16   15   14   14   15   16   18   20   24   27   30   32   34
   35   36   37   35   36   34   36   34   20                                   
    60.0-180.0 180.0   5.0 450.0                            LAT/LON1/LON2/DLON/H
   21   27   28   30   31   30   31   30   31   31   32   35   38   42   46   49
   52   53   54   55   56   58   60   63   67   70   74   78   82   86   89   91
   91   89   84   78   71   64   58   53   51   50   48   47   44   39   34   28
   22   18   15   13   13   12   12   13   14   16   19   22   25   27   30   31
   32   33   34   33   35   33   34   33   21                                   
    57.5-180.0 180.0   5.0 450.0                            LAT/LON1/LON2/DLON/H
   21   26   27   29   30   30   30   30   30   30   30   32   35   38   41   44
   46   48   50   53   56   59   64   69   73   78   82   86   90   93   96   98
   98   95   91   85   78   71   66   62   60   59   58   55   51   45   38   31
   24   19   16   15   14   14   14   15   16   19   21   24   27   29   30   31
   32   32   34   34   35   34   35   33   21                                   
    55.0-180.0 180.0   5.0 450.0                            LAT/LON1/LON2/DLON/H
   24   28   29   30   31   31   31   30   30   29   29   31   32   35   37   39
   42   44   47   51   56   62   68   75   81   86   91   95   98  101  104  105
  105  103   99   93   87   81   76   73   71   70   68   65   60   53   44   36
   29   24   20   19   18   18   19   20   22   25   28   30   32   33   33   33
   33   33   35   35   37   36   37   35   24                                   
    52.5-180.0 180.0   5.0 450.0                            LAT/LON1/LON2/DLON/H
   29   32   32   33   34   34   33   32   32   32   31   32   33   34   35   37
   39   42   46   51   58   66   74   82   89   95  100  104  107  109  111  112
  112  110  107  103   98   93   89   86   85   83   81   77   71   62   53   45
   37   32   28   27   26   27   28   30   32   35   37   39   40   40   39   38
   36   36   39   39   42   42   42   40   29                                   
    50.0-180.0 180.0   5.0 450.0                            LAT/LON1/LON2/DLON/H
   37   39   39   40   39   39   38   37   36   36   36   36   36   35   36   37
   39   43   48   55   63   71   81   89   97  103  108  112  115  116  118  118
  118  117  115  112  109  106  104  102  100   98   95   90   83   74   65   56
   48   43   40   38   38   39   40   42   45   47   49   50   50   49   47   45
   43   43   45   46   48   49   50   49   37                                   
    47.5-180.0 180.0   5.0 450.0                            LAT/LON1/LON2/DLON/H
   47   48   47   48   46   47   45   44   43   44   43   43   42   41   40   41
   43   48   55   62   71   80   89   97  104  111  115  119  120  121  122  122
  122  121  121  121  120  120  119  118  116  113  108  102   95   86   77   68
   61   56   53   51   51   52   53   55   58   60   61   61   60   58   56   53
   51   51   53   53   56   59   60   58   47                                   
    45.0-180.0 180.0   5.0 450.0                            LAT/LON1/LON2/DLON/H
   56   58   56   58   55   55   52   52   52   53   53   53   51   49   47   48
   52   58   66   74   82   90   98  105  111  117  121  123  124  123  123  122
  123  124  125  128  131  133  134  133  131  126  121  114  106   97   88   80
   73   67   64   62   61   62   64   66   68   69   69   69   67   65   63   61
   59   58   60   61   64   67   69   67   56                                   
    42.5-180.0 180.0   5.0 450.0                            LAT/LON1/LON2/DLON/H
   62   65   63   65   62   62   59   59   60   62   63   64   62   60   58   60
   64   71   80   88   96  102  108  113  118  122  124  125  125  123  122  121
  122  125  129  134  140  145  148  148  145  139  132  124  115  106   98   89
   82   76   71   68   67   68   69   71   73   73   73   72   70   69   68   66
   65   64   65   65   68   73   75   73   62                                   
    40.0-180.0 180.0   5.0 450.0                            LAT/LON1/LON2/DLON/H
   65   67   65   68   66   66   63   64   65   69   72   74   73   72   71   73
   79   87   96  104  110  115  118  121  124  126  127  126  124  122  121  121
  123  127  134  142  150  157  161  162  158  151  142  133  123  114  105   96
   88   81   75   71   69   69   71   72   73   73   72   70   68   68   68   68
   67   66   67   66   68   73   75   74   65                                   
    37.5-180.0 180.0   5.0 450.0                            LAT/LON1/LON2/DLON/H
   63   66   64   67   66   65   63   65   68   73   78   82   83   82   83   87
   94  103  112  119  124  127  128  129  130  130  130  128  125  123  123  125
  129  136  145  154  164  172  177  177  173  164  154  142  132  121  112  102
   93   84   77   72   69   69   70   71   71   70   67   65   64   64   65   67
   67   65   65   63   64   68   69   70   63                                   
    35.0-180.0 180.0   5.0 450.0                            LAT/LON1/LON2/DLON/H
   59   61   60   63   62   62   61   63   67   74   80   86   89   91   95  100
  108  118  126  133  137  138  138  138  137  136  135  132  130  129  131  136
  145  154  164  174  184  192  196  196  191  181  168  155  143  131  120  109
   99   88   80   73   70   69   70   71   70   68   64   60   59   59   62   64
   64   62   61   59   59   60   61   63   59                                   
    32.5-180.0 180.0   5.0 450.0                            LAT/LON1/LON2/DLON/H
   54   56   56   58   58   58   58   60   65   72   80   87   93   98  103  111
  121  130  138  144  148  149  149  148  146  144  142  140  140  142  148  158
  171  183  194  204  211  217  221  220  213  202  188  173  159  146  134  122
  110   98   88   81   77   75   76   76   74   70   65   60   57   57   60   62
   62   60   59   55   55   54   54   56   54                                   
    30.0-180.0 180.0   5.0 450.0                            LAT/LON1/LON2/DLON/H
   52   54   54   56   55   55   55   57   62   68   77   86   94  101  110  119
  130  139  147  153  157  158  159  157  156  154  152  152  155  161  173  190
  207  222  233  240  245  248  249  247  240  228  213  198  183  169  155  142
  129  116  105   97   92   90   90   89   85   80   73   66   62   61   63   64
   64   61   59   55   54   51   51   53   52                                   
    27.5-180.0 180.0   5.0 450.0                            LAT/LON1/LON2/DLON/H
   54   57   56   57   56   56   56   56   59   65   73   83   92  102  113  124
  136  146  153  160  164  167  167  166  165  163  163  166  174  187  205  227
  250  267  278  282  283  282  280  276  269  258  244  228  213  199  185  171
  157  143  132  123  118  115  113  110  105   98   89   81   75   72   72   73
   71   67   65   60   59   55   54   55   54                                   
    25.0-180.0 180.0   5.0 450.0                            LAT/LON1/LON2/DLON/H
   61   64   63   62   62   61   59   57   59   63   70   79   89  101  114  127
  139  149  157  164  169  173  174  174  172  172  175  182  195  214  239  267
  293  313  322  323  320  315  310  305  298  288  276  262  249  235  221  206
  192  178  166  157  151  147  143  139  132  123  113  103   95   90   88   87
   83   79   75   69   69   64   63   62   61                                   
    22.5-180.0 180.0   5.0 450.0                            LAT/LON1/LON2/DLON/H
   72   76   73   71   70   69   65   61   60   62   67   75   86   99  113  128
  140  151  160  168  174  178  180  179  178  180  185  198  216  242  272  304
  333  353  361  359  351  343  336  330  324  316  307  296  285  272  259  245
  230  215  203  194  187  181  175  169  160  150  139  128  119  112  108  104
   99   94   89   83   84   78   77   74   72                                   
    20.0-180.0 180.0   5.0 450.0                            LAT/LON1/LON2/DLON/H
   86   89   85   82   79   77   71   66   63   63   66   73   83   97  112  128
  142  153  163  171  178  183  185  184  183  186  195  212  236  266  300  334
  363  383  389  384  373  361  352  347  343  338  333  325  317  307  295  280
  265  250  237  226  218  210  202  194  184  173  162  150  140  132  126  122
  115  110  103   97   98   93   92   87   86                                   
    17.5-180.0 180.0   5.0 450.0                            LAT/LON1/LON2/DLON/H
   97  100   94   91   87   83   77   71   67   66   67   73   82   96  112  129
  144  157  168  177  184  189  190  189  189  194  206  226  254  286  320  353
  380  397  401  394  381  368  360  355  354  353  351  347  342  333  322  308
  291  275  261  249  239  230  220  209  199  188  177  166  155  147  140  135
  127  122  114  109  109  105  104   98   97                                   
    15.0-180.0 180.0   5.0 450.0                            LAT/LON1/LON2/DLON/H
  104  107   99   97   92   87   82   75   71   70   71   75   84   98  114  132
  149  164  176  186  193  197  198  197  197  203  218  240  269  301  333  361
  383  396  398  390  378  366  359  356  357  360  361  361  357  350  339  324
  307  289  273  260  249  238  226  215  204  194  184  173  163  155  148  143
  135  128  120  114  114  111  109  105  104                                   
    12.5-180.0 180.0   5.0 450.0                            LAT/LON1/LON2/DLON/H
  104  106   99   98   94   88   84   79   76   75   76   81   89  103  120  139
  157  174  188  199  206  210  210  209  210  217  233  256  283  312  338  360
  376  385  386  379  369  360  355  354  358  363  367  368  365  359  347  331
  313  293  276  262  250  238  226  214  204  194  184  175  166  158  152  146
  138  131  122  115  114  111  109  105  104                                   
    10.0-180.0 180.0   5.0 450.0                            LAT/LON1/LON2/DLON/H
   98  100   94   95   92   86   85   81   80   81   83   88   97  111  129  149
  169  187  203  215  222  226  226  226  228  236  251  273  297  320  339  354
  365  370  371  367  361  355  353  355  361  367  371  372  369  362  349  332
  313  293  276  261  248  235  223  212  202  193  184  175  166  159  154  149
  141  133  122  113  110  106  103  100   98                                   
     7.5-180.0 180.0   5.0 450.0                            LAT/LON1/LON2/DLON/H
   92   93   87   89   88   84   84   82   84   86   89   96  106  121  140  161
  183  203  220  233  241  245  246  247  250  259  273  292  311  328  340  348
