data/edconvlstm_nd/pred0630.15i
     1.0            IONOSPHERE MAPS     GNSS                IONEX VERSION / TYPE
pyspatialgeodesy        IME             05-JAN-18 20:20     PGM / RUN BY / DATE 
Map Name                                                    COMMENT             
Predicted global ionosphere maps (GIM).                     DESCRIPTION         
  2015     3     4     0     0     0                        EPOCH OF FIRST MAP  
  2015     3     5     0     0     0                        EPOCH OF LAST MAP   
  7200                                                      INTERVAL            
    13                                                      # OF MAPS IN FILE   
  NONE                                                      MAPPING FUNCTION    
10.0                                                        ELEVATION CUTOFF    
One-way carrier phase leveled to code                       OBSERVABLES USED    
  6371.0                                                    BASE RADIUS         
 2                                                          MAP DIMENSION       
   450.0 450.0   0.0                                        HGT1 / HGT2 / DHGT  
    87.5 -87.5  -2.5                                        LAT1 / LAT2 / DLAT  
  -180.0 180.0   5.0                                        LON1 / LON2 / DLON  
    -1                                                      EXPONENT            
                                                            END OF HEADER       
[from data line 4719]
    12                                                      START OF TEC MAP    
  2015     3     4    22     0     0                        EPOCH OF CURRENT MAP
    87.5-180.0 180.0   5.0 450.0                            LAT/LON1/LON2/DLON/H
  150  138  124  132  135  135  137  138  139  143  145  148  149  152  153  154
  155  155  155  155  154  152  151  149  147  145  143  141  138  136  133  131
  129  127  125  123  121  120  118  117  116  115  114  113  112  112  111  111
  111  111  111  112  112  112  113  113  114  114  114  115  115  115  116  116
  115  116  115  117  129  128  139  146  150                                   
    85.0-180.0 180.0   5.0 450.0                            LAT/LON1/LON2/DLON/H
  142  141  145  139  140  146  150  155  158  163  166  169  172  175  176  178
  178  178  177  176  175  172  170  167  164  161  157  154  150  147  143  140
  137  134  131  128  126  124  122  120  119  117  116  115  114  113  113  113
  112  112  113  113  114  114  115  116  116  117  118  118  119  119  120  120
  121  122  121  120  125  123  126  129  142                                   
    82.5-180.0 180.0   5.0 450.0                            LAT/LON1/LON2/DLON/H
  116  122  127  126  131  140  150  156  161  169  175  181  186  190  193  195
  195  195  194  191  189  185  181  177  173  168  163  158  153  148  143  139
  134  131  127  124  121  118  115  113  110  108  106  104  103  101  100  100
   99   99   99  100  101  101  102  103  104  105  106  107  107  108  108  108
  108  108  107  111  116  126  119  121  116                                   
    80.0-180.0 180.0   5.0 450.0                            LAT/LON1/LON2/DLON/H
  102  112  122  122  129  137  152  164  174  185  194  203  210  215  219  220
  220  218  216  212  208  203  198  192  187  181  175  169  163  157  151  146
  141  136  133  129  126  122  119  117  114  111  108  106  103  101  100   99
   98   98   98   99  100  101  103  104  105  107  108  108  109  109  109  109
  108  107  106  108  108  111  107  119  102                                   
    77.5-180.0 180.0   5.0 450.0                            LAT/LON1/LON2/DLON/H
  106  109  122  122  134  144  160  174  188  201  213  224  232  238  241  242
  240  237  232  227  221  215  209  203  198  192  186  180  174  168  163  158
  153  150  147  144  141  138  135  131  127  124  119  115  111  108  105  103
  101  101  101  101  102  104  105  107  108  109  110  111  111  111  111  110
  109  109  108  110  112  112  115  131  106                                   
    75.0-180.0 180.0   5.0 450.0                            LAT/LON1/LON2/DLON/H
  111  117  125  126  138  151  166  182  199  215  228  239  247  252  253  251
  246  240  233  226  219  212  207  201  196  191  186  181  175  171  166  163
  159  157  155  153  151  149  147  143  139  135  130  124  119  115  111  107
  105  104  104  104  105  106  107  108  109  110  110  111  111  111  112  112
  112  113  114  112  113  112  114  121  111                                   
    72.5-180.0 180.0   5.0 450.0                            LAT/LON1/LON2/DLON/H
  124  127  134  140  148  161  177  193  209  226  240  251  258  261  259  254
  246  237  227  218  210  203  197  192  187  183  178  173  168  164  161  158
  156  155  155  155  154  153  151  148  144  139  133  126  120  113  108  104
  102  100  100  100  101  101  102  102  103  103  103  103  103  104  106  107
  108  111  114  115  116  118  125  137  124                                   
    70.0-180.0 180.0   5.0 450.0                            LAT/LON1/LON2/DLON/H
  144  145  150  153  160  171  185  202  219  236  249  259  263  263  257  248
  236  223  210  199  190  183  178  173  169  165  160  156  152  148  145  143
  142  142  143  143  144  144  143  140  137  132  126  119  112  106  101   97
   94   93   93   93   94   94   94   94   93   92   92   92   92   94   96  100
  103  108  115  119  125  130  141  149  144                                   
    67.5-180.0 180.0   5.0 450.0                            LAT/LON1/LON2/DLON/H
  168  168  172  176  182  192  205  221  236  252  264  273  275  272  264  251
  235  220  205  192  182  175  169  164  159  153  148  143  138  134  131  130
  129  129  130  130  131  131  131  129  126  122  116  110  104   97   92   89
   87   86   87   88   90   90   90   89   87   86   85   85   86   88   92   97
  102  110  119  126  134  143  157  166  168                                   
    65.0-180.0 180.0   5.0 450.0                            LAT/LON1/LON2/DLON/H
  185  188  191  195  199  207  218  233  247  261  272  279  280  275  264  250
  232  214  198  184  173  164  157  150  143  136  129  123  117  113  111  109
  108  108  108  108  108  108  107  106  104  101   96   91   85   80   76   73
   71   72   74   76   78   79   79   77   75   73   72   72   74   77   82   88
   95  106  118  128  140  154  172  181  185                                   
    62.5-180.0 180.0   5.0 450.0                            LAT/LON1/LON2/DLON/H
  199  204  208  212  218  225  235  247  259  272  281  287  288  283  273  258
  241  223  206  191  178  168  157  147  137  127  118  110  104  100   98   96
   95   93   91   89   88   86   85   84   83   81   78   74   69   64   60   58
   58   59   62   65   69   70   70   68   66   64   63   64   66   70   77   84
   92  104  117  127  140  159  177  185  199                                   
    60.0-180.0 180.0   5.0 450.0                            LAT/LON1/LON2/DLON/H
  206  215  222  227  234  240  250  261  271  281  289  293  294  291  283  271
  256  239  222  206  191  177  163  149  136  123  112  104   98   95   94   92
   90   86   82   78   74   71   69   68   67   65   63   60   57   53   49   47
   46   48   52   57   61   63   63   62   60   58   57   59   62   68   75   83
   92  104  117  127  140  161  179  188  206                                   
    57.5-180.0 180.0   5.0 450.0                            LAT/LON1/LON2/DLON/H
  212  224  234  240  250  257  267  276  284  291  297  300  302  300  296  288
  276  261  244  227  210  193  176  158  142  127  115  108  104  102  102  100
   96   90   84   77   70   66   62   60   60   59   58   56   52   48   45   42
   41   43   47   53   58   61   62   61   58   57   57   60   65   71   80   89
   99  110  122  131  142  162  179  187  212                                   
    55.0-180.0 180.0   5.0 450.0                            LAT/LON1/LON2/DLON/H
  220  236  249  256  269  277  288  295  302  306  308  310  311  312  311  306
  298  284  268  249  230  210  190  171  153  138  127  122  120  120  120  117
  111  103   93   84   76   70   66   63   62   62   61   60   57   53   49   46
   44   46   50   55   61   65   66   65   63   61   62   66   72   81   92  103
  113  125  135  142  150  168  183  190  220                                   
    52.5-180.0 180.0   5.0 450.0                            LAT/LON1/LON2/DLON/H
  234  252  268  275  291  301  312  319  323  324  323  321  321  323  324  322
  315  302  285  266  245  224  204  184  167  154  145  141  141  142  141  137
  128  118  106   95   87   80   76   74   73   73   73   72   70   66   61   57
   55   56   59   65   71   75   76   74   72   70   71   75   83   94  107  120
  132  145  156  162  167  182  194  199  234                                   
    50.0-180.0 180.0   5.0 450.0                            LAT/LON1/LON2/DLON/H
  256  274  292  299  318  330  342  348  350  348  342  337  335  335  336  334
  328  315  297  277  256  235  216  199  184  172  166  163  163  162  159  151
  140  127  116  106   99   94   90   88   87   88   88   88   87   84   79   75
   73   73   75   80   86   89   90   88   84   82   82   87   96  108  123  140
  154  170  181  188  192  204  214  218  256                                   
    47.5-180.0 180.0   5.0 450.0                            LAT/LON1/LON2/DLON/H
  284  299  318  325  345  360  373  379  380  375  366  357  351  349  347  344
  336  321  303  283  263  245  228  213  201  191  185  181  178  173  165  153
  140  127  117  111  108  105  104  102  102  102  103  104  104  102   99   96
   94   93   95   99  104  106  106  103   98   94   93   97  107  120  138  157
  175  194  207  216  221  230  241  244  284                                   
    45.0-180.0 180.0   5.0 450.0                            LAT/LON1/LON2/DLON/H
  312  324  341  349  370  386  401  408  410  403  392  379  370  364  359  352
  341  325  307  288  270  254  241  228  217  208  199  191  182  171  157  142
  128  117  112  110  112  113  113  113  112  112  114  116  117  118  117  116
  115  115  116  119  123  124  123  118  112  106  104  107  116  131  150  172
  192  213  229  241  249  258  270  275  312                                   
    42.5-180.0 180.0   5.0 450.0                            LAT/LON1/LON2/DLON/H
  335  346  360  367  387  405  420  429  432  427  416  402  391  382  373  362
  347  330  312  295  280  267  255  243  232  219  206  192  176  159  142  125
  113  106  106  110  116  120  121  120  119  119  120  123  126  128  130  131
  131  132  134  136  139  140  137  132  124  117  114  116  124  138  158  181
  203  227  245  259  271  281  295  305  335                                   
    40.0-180.0 180.0   5.0 450.0                            LAT/LON1/LON2/DLON/H
  349  360  372  378  395  411  427  438  445  443  434  422  411  400  389  375
  358  341  324  310  297  284  271  257  242  225  206  187  167  147  130  116
  107  106  111  119  127  131  131  128  125  124  125  127  130  133  137  140
  142  144  146  148  150  151  148  142  134  126  121  122  129  143  164  187
  209  233  253  269  283  297  314  328  349                                   
    37.5-180.0 180.0   5.0 450.0                            LAT/LON1/LON2/DLON/H
  356  368  378  381  396  408  424  436  445  448  444  437  428  419  407  392
  375  359  345  332  319  305  288  269  249  227  204  183  163  148  136  130
  128  132  140  148  153  153  148  142  136  133  132  133  135  137  140  143
  146  149  151  153  155  156  153  147  139  131  126  126  132  146  166  188
  210  233  253  270  286  304  324  340  356                                   
    35.0-180.0 180.0   5.0 450.0                            LAT/LON1/LON2/DLON/H
  361  374  385  383  396  403  417  427  439  445  446  445  441  436  426  413
  398  384  373  361  346  327  303  278  253  229  207  189  178  174  175  180
  187  194  201  204  201  192  178  165  155  149  147  144  142  141  142  144
  146  149  151  153  155  156  154  149  142  134  128  128  134  147  167  189
  209  230  250  267  283  306  327  345  361                                   
    32.5-180.0 180.0   5.0 450.0                            LAT/LON1/LON2/DLON/H
  370  383  397  390  402  404  416  423  434  442  447  450  452  451  446  436
  425  415  406  393  374  347  316  286  260  238  223  216  221  234  253  272
  287  295  295  286  269  245  220  199  184  175  169  163  156  150  146  145
  145  146  147  149  151  153  152  149  143  136  130  130  136  150  170  192
  210  230  249  266  282  308  332  349  370                                   
    30.0-180.0 180.0   5.0 450.0                            LAT/LON1/LON2/DLON/H
  389  404  420  411  423  420  429  432  442  448  454  459  464  468  466  461
  453  446  438  423  398  364  328  297  274  260  258  269  294  330  370  404
  424  427  414  387  350  308  269  239  218  206  197  188  176  164  154  149
  146  145  144  145  147  149  150  147  142  137  132  133  140  155  176  199
  217  237  255  272  288  317  345  360  389                                   
    27.5-180.0 180.0   5.0 450.0                            LAT/LON1/LON2/DLON/H
  421  438  456  448  462  457  463  462  468  471  474  478  483  488  489  486
  481  475  466  447  417  379  343  317  303  302  316  347  396  456  515  560
  581  573  540  489  428  368  316  278  253  239  228  215  199  182  168  157
  151  146  144  144  145  147  148  146  142  137  134  136  144  161  186  211
  231  251  269  288  305  337  368  382  421                                   
    25.0-180.0 180.0   5.0 450.0                            LAT/LON1/LON2/DLON/H
  468  487  506  504  522  516  520  515  517  515  513  512  514  516  516  512
  507  501  489  467  434  398  368  351  351  366  398  448  516  594  666  714
  726  700  643  567  486  411  350  307  281  266  255  242  224  203  185  171
  160  153  148  146  147  148  148  145  141  137  135  138  148  168  196  225
  249  273  292  314  334  368  402  414  468                                   
    22.5-180.0 180.0   5.0 450.0                            LAT/LON1/LON2/DLON/H
  523  544  566  572  597  595  597  591  588  581  572  564  558  554  550  543
  535  525  510  486  455  426  408  407  422  452  497  558  635  718  788  826
  821  774  695  601  507  427  365  322  297  284  275  263  246  225  205  188
  175  165  157  153  152  151  148  145  140  136  134  138  150  173  205  239
  268  298  320  346  370  406  443  454  523                                   
    20.0-180.0 180.0   5.0 450.0                            LAT/LON1/LON2/DLON/H
  577  602  627  642  677  680  684  679  676  665  649  632  617  606  594  582
  568  553  535  513  488  471  469  485  515  553  601  659  729  799  851  868
  841  775  681  580  488  412  358  322  302  292  287  278  264  245  226  208
  193  180  170  163  159  155  150  144  138  134  132  137  151  175  211  250
  285  321  348  378  405  443  484  496  577                                   
    17.5-180.0 180.0   5.0 450.0                            LAT/LON1/LON2/DLON/H
  622  648  678  701  743  754  764  764  764  752  733  710  687  667  649  629
  610  590  571  552  538  537  553  584  620  656  692  732  777  818  839  828
  779  700  606  513  435  376  336  311  298  292  290  286  276  261  244  227
  211  197  185  176  168  161  153  144  136  131  130  135  150  177  215  258
  298  340  372  405  435  475  518  533  622                                   
    15.0-180.0 180.0   5.0 450.0                            LAT/LON1/LON2/DLON/H
  652  680  710  737  784  802  819  827  833  826  809  785  759  734  710  686
  661  639  620  608  607  622  652  690  723  743  753  759  766  766  750  711
  648  571  492  423  370  335  313  300  293  290  290  288  282  271  257  242
  226  212  199  188  179  169  157  145  135  129  128  134  150  178  218  264
  308  353  389  424  455  498  542  559  652                                   
    12.5-180.0 180.0   5.0 450.0                            LAT/LON1/LON2/DLON/H
  667  696  726  751  799  822  844  859  873  874  864  846  822  798  773  748
  721  699  683  679  690  716  753  788  806  800  773  737  698  655  606  549
  487  428  377  340  318  308  304  301  297  293  291  288  283  275  264  250
  236  223  211  200  189  177  162  148  136  128  127  134  151  180  221  268
  314  362  401  435  466  510  555  573  667                                   
    10.0-180.0 180.0   5.0 450.0                            LAT/LON1/LON2/DLON/H
  670  702  731  752  798  822  847  865  885  894  894  884  868  850  830  808
  784  763  752  755  773  804  839  862  857  818  752  672  593  519  451  392
  346  314  297  293  299  311  320  323  317  308  299  291  283  274  263  251
  239  228  217  207  197  184  168  152  139  130  129  135  153  184  225  272
  319  368  407  441  471  516  560  579  670                                   
     7.5-180.0 180.0   5.0 450.0                            LAT/LON1/LON2/DLON/H
  667  705  732  751  791  815  839  856  878  893  901  901  895  886  874  859
  840  824  817  824  843  872  897  901  871  799  698  588  485  398  330  284
