data/edconvlstm_nd/pred2210.15i
     1.0            IONOSPHERE MAPS     GNSS                IONEX VERSION / TYPE
pyspatialgeodesy        IME             05-JAN-18 20:20     PGM / RUN BY / DATE 
Map Name                                                    COMMENT             
Predicted global ionosphere maps (GIM).                     DESCRIPTION         
  2015     8     9     0     0     0                        EPOCH OF FIRST MAP  
  2015     8    10     0     0     0                        EPOCH OF LAST MAP   
  7200                                                      INTERVAL            
    13                                                      # OF MAPS IN FILE   
  NONE                                                      MAPPING FUNCTION    
10.0                                                        ELEVATION CUTOFF    
One-way carrier phase leveled to code                       OBSERVABLES USED    
  6371.0                                                    BASE RADIUS         
 2                                                          MAP DIMENSION       
   450.0 450.0   0.0                                        HGT1 / HGT2 / DHGT  
    87.5 -87.5  -2.5                                        LAT1 / LAT2 / DLAT  
  -180.0 180.0   5.0                                        LON1 / LON2 / DLON  
    -1                                                      EXPONENT            
                                                            END OF HEADER       
[from data line 1716]
     5                                                      START OF TEC MAP    
  2015     8     9     8     0     0                        EPOCH OF CURRENT MAP
    87.5-180.0 180.0   5.0 450.0                            LAT/LON1/LON2/DLON/H
  108  111  111  116  118  118  117  114  115  117  117  117  118  118  118  117
  117  117  117  116  116  115  114  113  112  112  111  110  109  108  107  106
  106  105  104  104  103  103  102  102  102  102  102  103  103  103  104  104
  105  105  105  106  106  106  106  106  106  106  106  105  105  105  105  105
  106  107  106  105  111  110  117  114  108                                   
    85.0-180.0 180.0   5.0 450.0                            LAT/LON1/LON2/DLON/H
  108  118  123  121  123  125  126  126  127  128  128  129  129  129  129  129
  128  128  127  127  126  126  125  124  123  122  121  120  119  118  117  116
  116  115  114  114  113  113  113  113  113  113  114  114  115  115  116  117
  117  118  118  118  119  119  119  118  118  118  117  117  116  116  115  115
  116  118  113  113  110  113  118  118  108                                   
    82.5-180.0 180.0   5.0 450.0                            LAT/LON1/LON2/DLON/H
  111  121  128  124  125  128  128  129  130  131  131  132  132  132  131  131
  130  130  129  128  128  127  126  125  124  123  122  121  120  119  118  117
  116  115  115  115  114  114  114  115  116  116  118  119  120  122  123  124
  126  127  128  128  128  128  128  128  127  126  125  124  123  121  120  120
  120  120  115  115  116  117  113  108  111                                   
    80.0-180.0 180.0   5.0 450.0                            LAT/LON1/LON2/DLON/H
  113  118  121  122  124  125  126  127  129  130  129  129  129  128  127  126
  125  124  123  123  122  122  121  120  119  118  116  115  114  113  113  112
  112  111  111  111  112  112  113  114  116  118  120  122  125  128  130  132
  134  136  137  138  138  138  137  136  135  133  132  130  128  126  124  122
  121  119  117  117  115  119  122  111  113                                   
    77.5-180.0 180.0   5.0 450.0                            LAT/LON1/LON2/DLON/H
  114  117  119  121  122  125  126  127  128  128  127  126  124  123  121  120
  118  117  117  116  116  116  115  114  113  112  111  110  109  109  109  109
  109  110  110  111  112  114  116  118  121  124  127  131  135  139  143  146
  149  151  153  154  154  153  152  151  149  147  144  142  139  136  133  130
  128  126  120  120  119  117  117  115  114                                   
    75.0-180.0 180.0   5.0 450.0                            LAT/LON1/LON2/DLON/H
  108  113  111  114  115  119  120  121  122  121  119  117  114  112  109  107
  105  104  104  104  104  104  103  103  102  101  100   99   99   99  100  101
  103  105  107  109  111  113  116  119  123  128  133  138  143  148  153  157
  160  162  163  164  163  162  161  159  157  154  152  149  146  142  139  136
  132  129  124  118  117  117  117  113  108                                   
    72.5-180.0 180.0   5.0 450.0                            LAT/LON1/LON2/DLON/H
  106  112  108  110  113  117  118  119  119  118  115  112  108  105  102   99
   97   96   96   96   97   97   97   96   95   94   93   92   93   94   96   99
  102  106  109  113  116  119  123  127  132  138  144  151  157  163  168  172
  174  176  176  175  174  172  170  168  165  163  161  158  156  153  149  147
  144  140  134  129  124  122  118  116  106                                   
    70.0-180.0 180.0   5.0 450.0                            LAT/LON1/LON2/DLON/H
  109  109  105  106  107  108  109  110  111  109  106  103   98   94   91   88
   86   85   85   86   87   87   87   86   85   84   83   83   84   86   90   95
  100  105  111  115  120  124  129  134  140  146  154  161  168  174  178  181
  182  182  180  178  175  172  170  167  165  163  161  160  158  156  154  152
  149  145  141  136  129  126  124  121  109                                   
    67.5-180.0 180.0   5.0 450.0                            LAT/LON1/LON2/DLON/H
  107  106  101  100  100  101  101  102  102  101   98   95   91   87   83   80
   78   78   78   79   80   80   80   78   77   75   74   74   76   79   85   91
   98  106  112  118  123  128  133  138  145  152  160  168  175  180  183  184
  183  181  177  173  169  166  163  160  159  157  157  156  156  155  154  153
  152  149  145  140  134  130  126  121  107                                   
    65.0-180.0 180.0   5.0 450.0                            LAT/LON1/LON2/DLON/H
  108  106   99   97   95   94   94   94   95   94   91   89   86   82   79   76
   75   74   74   75   75   76   75   73   71   69   68   68   71   76   83   92
  101  110  118  124  130  135  140  146  153  161  170  177  184  188  190  188
  185  180  175  169  164  160  157  154  153  153  153  153  154  154  154  154
  154  152  150  146  141  138  134  128  108                                   
    62.5-180.0 180.0   5.0 450.0                            LAT/LON1/LON2/DLON/H
  111  108  100   96   92   89   88   87   87   86   85   83   81   79   76   74
   72   72   71   72   72   71   70   68   66   64   63   65   69   75   84   94
  104  114  123  131  137  143  148  154  161  169  178  186  191  194  194  190
  184  178  171  164  159  155  152  150  149  150  150  151  152  152  152  153
  153  153  152  150  146  144  141  135  111                                   
    60.0-180.0 180.0   5.0 450.0                            LAT/LON1/LON2/DLON/H
  115  112  103   97   91   86   83   80   79   78   76   76   75   74   73   71
   70   69   68   67   67   66   64   63   61   60   60   62   67   75   85   96
  108  119  129  137  144  149  155  161  169  177  185  192  197  198  196  191
  184  176  168  162  157  153  151  150  149  149  150  150  151  150  150  150
  151  151  152  151  149  149  147  141  115                                   
    57.5-180.0 180.0   5.0 450.0                            LAT/LON1/LON2/DLON/H
  122  120  110  102   95   87   81   76   73   70   69   69   68   69   69   68
   67   65   64   62   61   60   59   58   57   57   58   62   68   77   88  100
  113  125  136  145  152  159  165  171  179  187  195  201  205  205  201  195
  186  178  171  165  162  159  157  156  156  155  155  155  154  153  151  151
  151  151  152  153  153  155  154  148  122                                   
    55.0-180.0 180.0   5.0 450.0                            LAT/LON1/LON2/DLON/H
  131  130  120  111  102   92   83   75   69   64   61   60   60   61   63   63
   63   61   59   57   55   54   54   54   54   55   57   62   69   79   91  105
  118  131  143  153  162  169  176  182  190  198  205  211  214  213  208  201
  193  185  179  175  172  170  168  167  166  165  164  163  161  158  155  153
  152  152  154  155  156  160  160  154  131                                   
    52.5-180.0 180.0   5.0 450.0                            LAT/LON1/LON2/DLON/H
  142  142  133  124  114  102   90   78   69   60   55   53   53   54   56   58
   58   56   54   52   50   50   50   51   53   55   58   64   72   83   95  109
  123  136  150  162  172  181  189  196  203  210  217  223  225  224  219  212
  204  197  192  188  185  184  182  180  178  176  175  172  170  166  162  159
  157  157  157  158  160  165  165  159  142                                   
    50.0-180.0 180.0   5.0 450.0                            LAT/LON1/LON2/DLON/H
  152  153  146  138  129  115  101   86   73   61   53   49   48   49   51   53
   54   53   51   49   48   48   50   52   54   57   61   67   75   86   98  112
  127  142  157  171  184  194  203  210  217  224  231  236  238  236  232  225
  218  212  207  203  200  197  194  191  188  186  183  181  178  175  170  167
  165  164  163  164  165  169  168  163  152                                   
    47.5-180.0 180.0   5.0 450.0                            LAT/LON1/LON2/DLON/H
  159  162  156  151  142  128  113   96   81   67   56   50   47   47   49   51
   52   52   51   50   50   51   53   55   58   61   65   70   78   89  101  115
  131  147  164  181  195  207  217  225  232  238  244  249  251  250  246  241
  234  228  222  217  212  207  203  198  194  191  189  187  185  182  179  176
  174  173  171  170  170  172  171  165  159                                   
    45.0-180.0 180.0   5.0 450.0                            LAT/LON1/LON2/DLON/H
  162  166  162  159  152  139  125  108   92   77   64   56   51   50   51   53
   54   55   55   55   55   57   59   62   64   67   70   74   82   92  104  118
  135  153  171  189  206  219  230  238  244  250  256  261  263  263  261  256
  250  243  236  228  221  214  207  201  196  193  191  189  189  187  186  185
  184  182  180  178  175  175  172  166  162                                   
    42.5-180.0 180.0   5.0 450.0                            LAT/LON1/LON2/DLON/H
  161  164  162  160  156  145  133  118  104   89   76   68   61   58   58   59
   60   62   63   64   65   67   69   71   73   74   75   79   85   94  107  121
  139  158  177  197  214  228  239  247  254  260  265  270  274  275  274  271
  265  258  248  238  228  219  210  203  198  194  192  191  191  191  191  192
  192  192  189  185  180  177  172  165  161                                   
    40.0-180.0 180.0   5.0 450.0                            LAT/LON1/LON2/DLON/H
  156  159  156  155  152  144  136  124  113  101   90   82   75   71   68   68
   70   72   74   75   77   79   81   82   82   81   81   83   89   98  110  125
  143  162  183  202  219  234  244  252  259  265  271  277  282  285  286  284
  279  271  261  249  237  226  217  209  203  199  197  195  195  195  196  199
  200  200  197  192  185  179  173  165  156                                   
    37.5-180.0 180.0   5.0 450.0                            LAT/LON1/LON2/DLON/H
  151  151  148  146  144  138  134  126  119  111  103   97   91   85   81   80
   80   82   85   88   90   92   92   92   91   88   87   88   93  101  114  129
  147  167  187  205  222  235  245  253  260  267  274  282  288  294  297  297
  293  286  276  264  252  242  232  225  219  214  209  206  204  203  203  206
  207  209  206  200  191  183  176  168  151                                   
    35.0-180.0 180.0   5.0 450.0                            LAT/LON1/LON2/DLON/H
  149  145  141  137  135  130  128  124  121  117  113  110  105   99   94   91
   90   92   96   99  102  103  103  101   99   96   94   94   98  106  118  134
  152  171  189  206  221  233  242  250  258  266  275  284  294  302  308  310
  309  304  296  286  277  268  260  253  247  240  234  227  221  217  215  216
  216  218  214  208  199  190  184  174  149                                   
    32.5-180.0 180.0   5.0 450.0                            LAT/LON1/LON2/DLON/H
  151  144  138  131  127  122  122  119  119  119  119  118  115  110  104  100
   98  100  104  108  110  112  111  109  106  102  100  100  104  112  124  140
  157  175  191  206  219  229  238  246  255  265  276  288  300  311  319  324
  326  325  321  316  310  305  300  294  288  279  269  259  248  239  233  230
  229  229  225  219  211  202  196  186  151                                   
    30.0-180.0 180.0   5.0 450.0                            LAT/LON1/LON2/DLON/H
  161  150  142  131  124  119  118  116  117  118  120  122  121  116  111  106
  104  105  109  113  116  117  117  115  113  109  107  107  111  118  130  145
  161  177  192  205  216  226  234  243  253  265  279  293  308  322  333  341
  346  349  351  352  352  351  349  344  337  327  314  299  283  269  257  250
  245  243  239  233  226  219  214  204  161                                   
    27.5-180.0 180.0   5.0 450.0                            LAT/LON1/LON2/DLON/H
  177  163  152  138  129  121  119  116  116  117  120  122  122  119  114  108
  106  107  111  115  119  121  122  121  119  117  115  115  117  124  135  149
  164  179  193  205  215  224  233  243  255  269  285  303  320  336  350  361
  369  377  384  391  397  401  401  396  388  376  361  343  324  305  288  276
  267  262  257  251  245  240  235  226  177                                   
    25.0-180.0 180.0   5.0 450.0                            LAT/LON1/LON2/DLON/H
  199  182  168  154  140  131  126  121  119  117  119  121  122  119  114  110
  107  108  111  116  120  123  125  126  125  124  122  121  123  129  139  151
  166  180  193  204  215  225  236  248  262  278  296  316  335  353  369  382
  394  405  417  430  440  446  447  442  432  419  403  384  364  343  323  307
  294  286  279  272  267  264  259  250  199                                   
    22.5-180.0 180.0   5.0 450.0                            LAT/LON1/LON2/DLON/H
  223  204  189  174  158  147  140  132  127  122  121  121  121  119  115  111
  108  109  112  116  121  125  128  130  131  130  128  126  126  130  139  151
  165  179  193  205  217  229  242  256  272  290  310  332  353  372  389  404
  417  432  447  462  474  481  481  475  464  450  435  418  399  379  358  339
  324  314  305  297  291  288  282  274  223                                   
    20.0-180.0 180.0   5.0 450.0                            LAT/LON1/LON2/DLON/H
  246  225  210  196  179  167  158  148  140  132  127  125  124  121  117  113
  111  111  114  117  122  126  130  134  135  134  131  127  125  128  136  147
  162  177  192  207  221  236  251  267  284  304  326  349  371  391  409  424
  438  454  470  485  497  502  500  491  480  467  454  441  427  409  390  372
  355  343  334  324  315  311  303  295  246                                   
    17.5-180.0 180.0   5.0 450.0                            LAT/LON1/LON2/DLON/H
  265  243  229  216  198  186  177  166  156  146  138  133  130  126  123  119
  117  116  117  120  123  127  132  136  137  135  130  124  120  122  129  142
  157  174  191  209  226  243  259  277  296  317  339  363  387  407  425  440
  455  470  486  499  508  510  505  495  484  473  464  456  446  433  418  401
  385  373  362  350  339  330  320  311  265                                   
    15.0-180.0 180.0   5.0 450.0                            LAT/LON1/LON2/DLON/H
  278  255  243  229  213  201  193  184  173  161  151  144  139  135  131  127
  125  123  123  123  125  128  132  136  136  132  125  117  112  113  122  135
  152  171  191  210  230  248  266  284  304  326  349  374  398  419  436  452
  466  480  494  505  511  509  502  492  482  474  469  465  460  451  439  426
  411  399  388  373  359  346  334  323  278                                   
    12.5-180.0 180.0   5.0 450.0                            LAT/LON1/LON2/DLON/H
  286  263  252  238  223  211  205  197  188  177  166  158  151  146  141  138
  135  132  130  128  127  128  131  133  131  126  117  107  102  105  114  129
  148  168  190  211  232  251  269  287  307  329  353  378  402  424  441  457
  471  485  497  506  509  506  499  490  482  477  474  473  471  465  456  445
  432  421  409  393  375  357  343  330  286                                   
    10.0-180.0 180.0   5.0 450.0                            LAT/LON1/LON2/DLON/H
  293  270  259  243  229  216  211  205  198  188  178  170  162  156  152  148
  146  142  137  133  129  127  128  127  124  117  107   98   94   97  108  124
  144  166  189  211  231  250  267  285  304  326  350  375  399  421  440  456
  472  486  499  507  509  507  502  496  490  487  485  483  481  475  467  457
  446  435  423  406  386  365  349  336  293                                   
     7.5-180.0 180.0   5.0 450.0                            LAT/LON1/LON2/DLON/H
  300  278  267  248  234  220  214  208  202  195  186  178  171  164  160  157
  154  150  144  137  130  126  123  120  115  108   98   90   87   92  104  122
