data/edconvlstm_nd/pred1720.15i
     1.0            IONOSPHERE MAPS     GNSS                IONEX VERSION / TYPE
pyspatialgeodesy        IME             05-JAN-18 20:20     PGM / RUN BY / DATE 
Map Name                                                    COMMENT             
Predicted global ionosphere maps (GIM).                     DESCRIPTION         
  2015     6    21     0     0     0                        EPOCH OF FIRST MAP  
  2015     6    22     0     0     0                        EPOCH OF LAST MAP   
  7200                                                      INTERVAL            
    13                                                      # OF MAPS IN FILE   
  NONE                                                      MAPPING FUNCTION    
10.0                                                        ELEVATION CUTOFF    
One-way carrier phase leveled to code                       OBSERVABLES USED    
  6371.0                                                    BASE RADIUS         
 2                                                          MAP DIMENSION       
   450.0 450.0   0.0                                        HGT1 / HGT2 / DHGT  
    87.5 -87.5  -2.5                                        LAT1 / LAT2 / DLAT  
  -180.0 180.0   5.0                                        LON1 / LON2 / DLON  
    -1                                                      EXPONENT            
                                                            END OF HEADER       
     1                                                      START OF TEC MAP    
  2015     6    21     0     0     0                        EPOCH OF CURRENT MAP
    87.5-180.0 180.0   5.0 450.0                            LAT/LON1/LON2/DLON/H
  177  190  201  190  187  187  184  183  183  182  182  181  181  180  180  179
  178  177  176  175  174  172  171  169  168  167  165  164  163  162  161  160
  160  159  159  159  159  159  160  160  161  162  163  164  165  166  167  168
  169  169  170  171  172  172  173  173  174  174  175  175  176  176  177  178
  179  181  182  183  182  179  182  191  177                                   
    85.0-180.0 180.0   5.0 450.0                            LAT/LON1/LON2/DLON/H
  201  202  195  194  198  198  196  194  194  193  192  192  191  190  190  188
  187  186  184  183  181  179  177  175  172  170  169  167  165  164  163  162
  161  161  160  160  161  161  162  163  164  165  167  168  170  171  173  174
  175  176  177  178  179  180  180  181  181  182  183  183  184  185  185  187
  189  190  193  196  190  194  195  201  201                                   
    82.5-180.0 180.0   5.0 450.0                            LAT/LON1/LON2/DLON/H
  201  201  204  200  202  202  199  199  200  198  198  197  197  196  195  194
  193  191  189  186  184  181  178  175  172  169  166  164  161  159  158  156
  156  155  155  155  155  156  157  159  161  162  164  166  169  171  173  175
  176  178  179  180  181  182  183  183  184  184  185  186  186  187  188  190
  191  194  196  197  196  185  190  187  201                                   
    80.0-180.0 180.0   5.0 450.0                            LAT/LON1/LON2/DLON/H
  198  200  196  193  195  197  198  199  200  199  199  199  199  198  198  197
  195  194  191  189  186  182  178  174  169  165  161  158  154  152  149  148
  147  147  147  147  148  150  152  154  156  159  161  164  167  170  173  175
  178  180  181  182  183  184  184  184  184  184  184  184  185  185  186  188
  189  190  191  191  198  189  195  195  198                                   
    77.5-180.0 180.0   5.0 450.0                            LAT/LON1/LON2/DLON/H
  199  193  190  192  189  189  193  195  197  195  196  197  197  197  197  197
  197  195  194  191  188  183  179  173  168  163  157  153  149  145  143  141
  141  141  142  143  144  146  149  151  154  157  160  164  167  171  174  177
  180  182  184  185  186  186  185  184  184  183  182  182  182  182  183  184
  184  187  186  186  193  192  192  197  199                                   
    75.0-180.0 180.0   5.0 450.0                            LAT/LON1/LON2/DLON/H
  200  189  187  189  185  186  188  190  192  191  192  193  194  195  196  197
  197  197  196  194  191  186  181  175  168  162  156  150  146  143  141  140
  140  141  143  144  147  149  151  154  156  159  162  166  170  173  177  181
  184  186  188  189  189  188  187  185  184  182  181  180  180  180  180  181
  181  183  184  178  183  188  188  195  200                                   
    72.5-180.0 180.0   5.0 450.0                            LAT/LON1/LON2/DLON/H
  190  185  184  183  179  179  182  184  186  186  187  189  190  192  193  195
  196  196  196  195  192  188  182  175  168  160  153  148  143  141  140  141
  143  145  147  150  152  154  156  158  160  162  165  168  172  176  180  184
  187  189  191  191  190  189  187  184  182  180  179  178  177  177  178  179
  179  181  183  178  179  182  184  195  190                                   
    70.0-180.0 180.0   5.0 450.0                            LAT/LON1/LON2/DLON/H
  190  181  181  181  176  176  179  181  184  183  184  186  188  190  191  193
  195  197  198  197  195  191  185  177  169  160  153  148  144  143  144  147
  150  154  157  160  162  163  164  165  165  167  169  171  174  178  182  186
  189  192  193  193  192  190  187  185  182  180  179  179  179  179  180  182
  182  183  185  181  183  185  186  195  190                                   
    67.5-180.0 180.0   5.0 450.0                            LAT/LON1/LON2/DLON/H
  192  184  182  181  176  175  178  179  181  181  182  184  185  187  189  191
  193  196  197  197  195  191  185  177  168  159  152  147  145  146  149  153
  158  162  165  167  168  169  168  168  167  167  168  170  173  177  181  184
  188  190  191  191  189  187  184  182  180  178  178  178  179  180  182  184
  184  185  187  182  186  188  188  198  192                                   
    65.0-180.0 180.0   5.0 450.0                            LAT/LON1/LON2/DLON/H
  195  187  186  184  178  176  177  178  180  179  180  182  183  185  187  189
  191  194  195  196  194  190  184  175  166  158  152  148  148  151  155  160
  166  170  172  173  173  172  170  168  167  166  166  168  170  173  177  180
  183  186  187  186  185  182  180  178  177  176  177  178  180  182  184  186
  186  188  190  186  190  194  194  204  195                                   
    62.5-180.0 180.0   5.0 450.0                            LAT/LON1/LON2/DLON/H
  202  195  193  190  183  180  180  179  180  179  180  181  183  184  185  187
  189  192  193  194  193  189  182  174  166  158  153  152  153  157  163  169
  174  177  178  177  175  172  170  167  165  164  164  164  166  168  171  175
  177  179  180  180  179  177  175  174  174  175  177  179  182  184  187  189
  189  191  193  190  195  200  201  211  202                                   
    60.0-180.0 180.0   5.0 450.0                            LAT/LON1/LON2/DLON/H
  208  203  203  198  191  187  184  182  182  180  180  181  182  182  184  185
  187  189  190  191  190  186  180  173  166  160  157  157  160  165  171  176
  179  180  179  176  173  169  166  164  162  161  160  160  161  162  164  167
  169  171  172  172  172  171  170  171  172  174  177  180  183  185  187  189
  190  192  195  192  199  205  207  216  208                                   
    57.5-180.0 180.0   5.0 450.0                            LAT/LON1/LON2/DLON/H
  215  213  213  209  201  195  192  188  186  182  181  180  181  181  182  183
  184  185  187  187  186  183  178  173  167  164  163  165  169  174  179  182
  182  180  177  172  167  164  161  159  158  157  156  156  155  156  157  158
  160  162  164  165  166  166  167  169  171  174  177  180  183  184  186  188
  189  191  195  193  201  208  211  221  215                                   
    55.0-180.0 180.0   5.0 450.0                            LAT/LON1/LON2/DLON/H
  222  223  224  220  213  207  202  197  193  187  183  182  181  181  181  181
  181  182  183  184  183  181  178  174  171  170  171  174  179  183  186  186
  183  178  172  166  161  158  156  155  155  154  153  152  150  149  149  150
  151  154  157  159  162  164  167  170  174  177  180  182  183  184  185  186
  187  190  195  194  202  210  214  225  222                                   
    52.5-180.0 180.0   5.0 450.0                            LAT/LON1/LON2/DLON/H
  228  232  234  230  225  221  216  209  203  195  189  186  183  182  181  180
  180  180  181  181  181  180  179  178  177  178  181  185  188  191  191  188
  182  175  167  160  156  153  152  152  152  152  150  148  145  143  141  141
  143  146  151  155  160  165  170  174  179  182  184  185  184  184  184  185
  186  190  195  196  203  211  217  228  228                                   
    50.0-180.0 180.0   5.0 450.0                            LAT/LON1/LON2/DLON/H
  233  239  241  240  238  236  233  226  218  208  200  194  189  186  183  181
  181  180  181  181  182  182  182  183  185  188  191  195  198  198  195  188
  180  171  163  157  153  151  150  151  151  150  148  145  141  137  135  134
  137  141  147  153  160  168  175  181  186  189  190  189  187  185  185  186
  188  193  199  200  207  215  220  232  233                                   
    47.5-180.0 180.0   5.0 450.0                            LAT/LON1/LON2/DLON/H
  237  244  247  249  250  251  251  245  237  225  214  206  199  193  188  185
  183  183  183  183  184  185  187  189  193  197  201  204  204  202  196  188
  178  169  162  156  153  151  151  151  150  149  147  143  138  133  131  130
  132  137  145  153  162  172  181  189  195  198  199  197  193  191  190  192
  194  200  207  208  214  220  225  238  237                                   
    45.0-180.0 180.0   5.0 450.0                            LAT/LON1/LON2/DLON/H
  240  247  250  255  260  265  268  265  257  245  233  222  212  203  196  191
  188  187  187  188  189  190  192  195  200  204  208  210  208  203  196  187
  178  170  163  159  156  154  153  152  151  149  146  142  137  132  129  129
  131  137  145  154  165  176  187  197  204  208  209  206  203  200  199  201
  205  211  219  220  225  229  232  245  240                                   
    42.5-180.0 180.0   5.0 450.0                            LAT/LON1/LON2/DLON/H
  245  250  253  261  269  277  283  283  278  266  254  241  228  216  206  199
  195  193  194  194  195  196  198  201  205  210  213  213  209  203  195  186
  179  173  168  164  161  158  156  154  152  150  148  144  139  135  132  131
  133  139  147  157  168  180  193  204  213  219  220  219  215  212  212  215
  219  226  234  235  238  241  243  255  245                                   
    40.0-180.0 180.0   5.0 450.0                            LAT/LON1/LON2/DLON/H
  251  254  258  266  277  286  295  298  296  287  275  261  246  231  218  209
  203  201  202  203  204  204  204  206  209  213  215  214  209  202  194  187
  182  178  175  171  167  163  160  157  155  154  152  149  145  141  138  137
  138  143  149  159  170  183  197  210  221  229  232  233  231  229  229  232
  236  242  250  250  253  254  255  268  251                                   
    37.5-180.0 180.0   5.0 450.0                            LAT/LON1/LON2/DLON/H
  260  263  266  274  285  295  305  310  312  305  295  281  264  247  232  220
  214  212  213  214  214  213  211  211  213  215  216  214  209  202  195  190
  186  184  182  178  173  168  164  161  160  159  159  157  154  150  147  145
  145  147  152  160  171  184  199  214  227  238  245  247  247  246  247  249
  253  258  265  263  266  268  269  282  260                                   
    35.0-180.0 180.0   5.0 450.0                            LAT/LON1/LON2/DLON/H
  275  277  280  287  297  305  314  321  326  322  314  301  284  265  248  234
  226  224  225  227  226  223  220  218  217  218  218  216  211  204  198  194
  191  190  187  183  177  172  168  166  166  167  168  167  165  161  157  153
  151  151  153  159  169  182  198  215  232  246  256  262  264  264  264  266
  268  271  276  274  277  281  284  297  275                                   
    32.5-180.0 180.0   5.0 450.0                            LAT/LON1/LON2/DLON/H
  294  297  300  305  313  320  328  335  341  340  334  322  305  286  266  251
  242  240  241  242  240  236  231  226  224  223  222  219  214  208  202  198
  195  193  190  184  178  173  170  170  172  174  176  176  174  170  165  160
  155  152  152  156  164  178  195  214  233  250  264  273  277  279  279  279
  279  281  284  281  286  291  298  313  294                                   
    30.0-180.0 180.0   5.0 450.0                            LAT/LON1/LON2/DLON/H
  316  322  325  329  335  341  347  354  361  362  357  346  330  310  289  273
  262  258  259  259  257  251  244  238  233  230  228  224  219  212  205  200
  196  192  187  180  174  170  170  172  176  180  182  181  179  174  168  161
  155  150  147  149  156  169  187  208  229  250  267  279  286  289  289  289
  288  288  289  286  291  299  310  329  316                                   
    27.5-180.0 180.0   5.0 450.0                            LAT/LON1/LON2/DLON/H
  339  347  351  356  361  366  373  379  386  388  384  374  358  338  317  299
  287  281  279  279  275  268  259  251  244  239  235  230  223  214  206  198
  192  186  179  171  166  164  166  171  176  180  182  181  177  171  164  157
  150  143  138  138  145  158  177  199  222  245  265  280  290  294  296  296
  294  292  293  289  296  305  320  344  339                                   
    25.0-180.0 180.0   5.0 450.0                            LAT/LON1/LON2/DLON/H
  360  369  374  382  387  393  401  407  415  417  414  405  390  371  350  330
  315  307  303  300  295  287  276  265  256  248  241  234  224  213  202  191
  182  173  164  157  153  154  159  166  172  175  176  173  168  161  154  147
  139  131  126  126  132  146  166  189  213  237  259  277  289  296  299  300
  299  298  298  295  301  310  328  358  360                                   
    22.5-180.0 180.0   5.0 450.0                            LAT/LON1/LON2/DLON/H
  375  383  389  401  408  417  426  434  444  448  446  438  424  406  385  365
  347  336  328  323  315  304  291  278  266  255  244  233  220  206  192  179
  167  156  147  140  139  143  150  157  163  165  164  160  154  147  139  132
  125  118  113  113  120  135  155  179  204  228  252  271  285  295  301  304
  305  305  306  303  308  316  336  370  375                                   
    20.0-180.0 180.0   5.0 450.0                            LAT/LON1/LON2/DLON/H
  381  387  394  409  419  431  444  455  467  474  474  468  456  440  421  400
  381  365  354  345  334  320  305  288  273  257  241  225  209  192  176  161
  148  137  129  125  126  133  141  147  151  151  149  144  138  131  124  117
  111  105  101  102  110  125  146  169  194  219  243  264  280  293  302  309
  313  316  318  316  319  323  343  379  381                                   
    17.5-180.0 180.0   5.0 450.0                            LAT/LON1/LON2/DLON/H
  379  381  389  406  418  432  449  464  480  490  493  490  482  469  452  432
  412  393  378  365  350  332  313  294  273  253  231  210  190  172  156  141
  130  120  115  114  118  125  133  138  139  138  135  130  124  117  110  105
  100   95   92   93  102  118  139  162  185  210  233  255  274  290  303  315
  323  329  334  332  332  333  351  387  379                                   
    15.0-180.0 180.0   5.0 450.0                            LAT/LON1/LON2/DLON/H
  371  370  376  395  408  422  440  459  478  491  498  499  495  487  474  457
  437  417  398  381  361  340  317  293  267  241  214  189  168  150  136  124
  115  110  108  109  115  122  128  130  130  127  124  120  114  107  101   96
   92   88   86   88   98  114  134  155  177  200  224  247  268  287  305  321
  334  344  351  349  347  343  359  394  371                                   
    12.5-180.0 180.0   5.0 450.0                            LAT/LON1/LON2/DLON/H
  364  358  363  380  393  405  422  441  461  477  488  493  494  491  483  470
  452  432  412  391  367  341  313  285  254  223  192  166  146  131  120  113
  108  106  107  110  115  122  126  126  123  121  118  115  110  102   96   91
   87   83   82   85   95  111  130  150  171  193  216  239  263  285  307  328
  344  358  367  366  362  355  368  401  364                                   
    10.0-180.0 180.0   5.0 450.0                            LAT/LON1/LON2/DLON/H
  361  351  354  368  378  387  399  416  435  452  465  474  480  482  478  470
  456  438  417  393  365  335  303  270  236  201  170  144  127  117  111  108
  108  109  111  115  120  125  126  124  121  118  117  115  109  102   94   89
   84   81   79   83   93  109  127  147  167  188  210  234  259  285  310  333
  352  368  379  378  374  365  378  409  361                                   
     7.5-180.0 180.0   5.0 450.0                            LAT/LON1/LON2/DLON/H
  365  353  354  365  371  374  381  392  408  423  437  448  457  462  462  458
  448  433  412  387  356  322  287  250  214  180  150  129  116  111  110  111
