data/edconvlstm_nd/pred2560.15i
     1.0            IONOSPHERE MAPS     GNSS                IONEX VERSION / TYPE
pyspatialgeodesy        IME             05-JAN-18 20:20     PGM / RUN BY / DATE 
Map Name                                                    COMMENT             
Predicted global ionosphere maps (GIM).                     DESCRIPTION         
  2015     9    13     0     0     0                        EPOCH OF FIRST MAP  
  2015     9    14     0     0     0                        EPOCH OF LAST MAP   
  7200                                                      INTERVAL            
    13                                                      # OF MAPS IN FILE   
  NONE                                                      MAPPING FUNCTION    
10.0                                                        ELEVATION CUTOFF    
One-way carrier phase leveled to code                       OBSERVABLES USED    
  6371.0                                                    BASE RADIUS         
 2                                                          MAP DIMENSION       
   450.0 450.0   0.0                                        HGT1 / HGT2 / DHGT  
    87.5 -87.5  -2.5                                        LAT1 / LAT2 / DLAT  
  -180.0 180.0   5.0                                        LON1 / LON2 / DLON  
    -1                                                      EXPONENT            
                                                            END OF HEADER       
[from data line 1716]
     5                                                      START OF TEC MAP    
  2015     9    13     8     0     0                        EPOCH OF CURRENT MAP
    87.5-180.0 180.0   5.0 450.0                            LAT/LON1/LON2/DLON/H
   70   77   76   80   81   81   80   76   77   79   78   79   78   78   78   78
   77   77   76   76   76   76   76   76   75   75   75   75   75   75   75   75
   75   75   75   75   74   74   74   74   73   73   73   73   72   72   72   71
   71   70   70   69   69   68   67   67   66   65   65   64   64   63   63   63
   64   66   65   65   72   75   85   82   70                                   
    85.0-180.0 180.0   5.0 450.0                            LAT/LON1/LON2/DLON/H
   69   86   89   84   86   89   89   89   89   90   89   89   88   87   87   86
   85   85   84   84   84   83   84   84   84   84   84   85   85   85   86   86
   86   86   87   87   87   87   87   87   87   86   86   86   86   85   85   84
   84   83   82   82   81   80   78   77   76   75   74   73   72   71   71   71
   72   73   70   70   72   77   86   84   69                                   
    82.5-180.0 180.0   5.0 450.0                            LAT/LON1/LON2/DLON/H
   73   83   94   89   89   92   92   92   92   92   91   90   88   86   85   83
   81   80   79   78   78   78   78   79   79   80   81   82   83   84   85   85
   86   87   88   88   89   90   90   90   91   91   91   91   92   92   91   91
   91   90   89   88   87   86   84   83   81   79   77   75   74   72   71   70
   71   71   69   69   74   76   73   71   73                                   
    80.0-180.0 180.0   5.0 450.0                            LAT/LON1/LON2/DLON/H
   78   82   90   88   90   91   91   91   91   90   87   86   83   80   77   74
   72   70   68   68   67   68   68   69   70   72   73   75   77   79   80   82
   83   85   86   88   89   90   91   92   93   94   95   96   97   97   98   98
   98   97   96   95   94   92   90   88   85   83   80   77   74   71   69   68
   67   66   66   66   70   74   77   72   78                                   
    77.5-180.0 180.0   5.0 450.0                            LAT/LON1/LON2/DLON/H
   79   81   85   86   87   90   91   91   91   88   84   81   76   72   68   65
   62   59   58   57   57   58   59   60   62   64   66   68   71   73   76   78
   80   82   84   86   88   90   92   94   96   98  100  101  103  105  106  107
  107  107  107  106  105  103  100   97   94   90   86   82   78   74   71   68
   66   64   62   63   64   62   66   68   79                                   
    75.0-180.0 180.0   5.0 450.0                            LAT/LON1/LON2/DLON/H
   67   73   74   78   80   85   86   85   84   81   75   71   66   61   56   52
   49   47   46   45   46   47   48   50   52   54   56   59   62   65   67   70
   73   75   78   80   82   85   87   90   93   96   99  102  104  106  108  110
  111  111  111  111  110  108  106  103   99   95   91   86   81   77   72   68
   64   61   59   55   57   56   60   60   67                                   
    72.5-180.0 180.0   5.0 450.0                            LAT/LON1/LON2/DLON/H
   60   67   66   70   74   81   82   82   80   77   72   67   61   56   51   47
   44   42   41   41   42   43   44   46   48   50   52   54   57   60   63   66
   69   72   75   77   80   83   86   90   94   98  101  105  108  111  113  115
  116  117  117  117  116  115  113  111  108  104   99   95   90   84   79   75
   70   66   63   58   57   55   56   58   60                                   
    70.0-180.0 180.0   5.0 450.0                            LAT/LON1/LON2/DLON/H
   57   59   61   63   67   71   72   73   72   69   64   60   55   50   46   43
   41   39   39   39   40   41   42   43   44   46   47   49   51   54   57   61
   64   67   70   72   75   78   82   86   91   96  101  105  109  111  113  115
  115  116  116  116  115  115  113  112  110  107  103   99   95   90   84   80
   75   70   66   61   57   54   57   59   57                                   
    67.5-180.0 180.0   5.0 450.0                            LAT/LON1/LON2/DLON/H
   50   52   53   54   58   62   63   64   64   62   58   56   52   48   45   43
   41   40   40   40   41   42   43   43   43   44   44   45   47   49   52   56
   59   62   65   67   70   74   78   82   88   93   98  103  106  108  109  110
  109  109  108  108  108  108  108  108  107  105  103  100   97   93   88   85
   80   75   71   64   59   55   54   55   50                                   
    65.0-180.0 180.0   5.0 450.0                            LAT/LON1/LON2/DLON/H
   48   48   48   48   50   53   54   56   56   56   54   53   50   48   46   45
   44   44   44   44   45   45   45   45   44   43   43   43   45   47   50   53
   56   60   62   65   68   71   76   81   87   93   99  103  106  108  107  106
  105  103  103  102  103  104  104  105  105  104  103  102  100   97   94   91
   87   82   78   71   66   61   58   59   48                                   
    62.5-180.0 180.0   5.0 450.0                            LAT/LON1/LON2/DLON/H
   47   46   44   42   44   46   47   48   50   50   49   50   49   49   48   47
   47   47   47   48   48   48   48   46   45   43   42   42   43   45   48   51
   55   58   61   63   66   70   75   80   87   94  100  104  107  107  106  104
  101   99   98   98   99  100  101  102  103  104  104  103  102  101   99   97
   94   90   87   80   73   67   64   64   47                                   
    60.0-180.0 180.0   5.0 450.0                            LAT/LON1/LON2/DLON/H
   50   46   42   38   38   39   40   41   42   43   43   45   46   47   48   48
   48   48   48   48   48   47   47   45   43   41   39   39   40   42   45   49
   53   56   59   62   65   68   73   79   86   93  100  105  107  108  106  103
  101   99   98   98   99  100  102  103  104  104  105  105  105  104  102  101
   99   95   93   88   81   75   71   69   50                                   
    57.5-180.0 180.0   5.0 450.0                            LAT/LON1/LON2/DLON/H
   55   48   42   38   36   35   35   35   36   37   38   41   43   45   47   47
   48   47   47   46   46   45   44   42   40   38   37   37   38   40   43   48
   52   56   59   62   65   69   74   81   88   96  103  108  111  112  111  109
  107  106  106  106  107  109  110  110  111  111  111  111  111  110  109  107
  105  102  101   96   91   85   80   77   55                                   
    55.0-180.0 180.0   5.0 450.0                            LAT/LON1/LON2/DLON/H
   61   52   45   39   36   34   33   32   32   32   33   36   39   42   44   45
   45   44   43   42   41   40   39   38   37   35   34   34   36   38   42   47
   51   56   60   64   68   72   77   83   91   99  106  113  117  120  121  120
  120  119  120  121  122  123  123  123  122  121  120  120  120  119  117  115
  112  109  109  104  100   95   90   85   61                                   
    52.5-180.0 180.0   5.0 450.0                            LAT/LON1/LON2/DLON/H
   69   59   49   43   40   36   34   32   30   30   30   33   35   38   41   42
   42   40   39   37   36   36   35   34   34   33   33   33   35   38   42   47
   52   58   63   68   73   77   82   88   95  103  111  119  125  130  133  135
  136  137  138  139  140  140  139  138  136  134  132  132  131  130  127  125
  121  117  117  112  109  104   99   94   69                                   
    50.0-180.0 180.0   5.0 450.0                            LAT/LON1/LON2/DLON/H
   76   66   55   50   45   41   38   34   31   29   28   31   33   36   38   39
   38   37   35   34   33   32   32   32   32   32   33   34   36   39   43   48
   54   61   68   74   80   85   90   95  102  109  118  126  134  141  146  151
  154  156  157  158  157  156  154  151  148  146  144  143  143  141  139  135
  131  126  125  120  116  112  107  102   76                                   
    47.5-180.0 180.0   5.0 450.0                            LAT/LON1/LON2/DLON/H
   82   72   62   58   52   48   43   38   34   31   29   30   32   34   36   36
   36   35   33   32   31   31   31   32   32   33   34   36   38   41   45   50
   57   65   74   82   89   95  100  104  110  116  125  134  143  151  159  165
  169  172  172  171  169  167  163  160  157  154  153  152  153  152  150  146
  141  135  132  127  122  118  113  108   82                                   
    45.0-180.0 180.0   5.0 450.0                            LAT/LON1/LON2/DLON/H
   87   78   68   65   59   55   50   44   39   35   32   32   33   34   35   35
   35   34   33   33   33   33   33   34   35   36   37   39   41   44   48   53
   61   71   81   91  100  106  110  114  119  125  132  141  151  160  169  176
  181  183  182  180  176  172  168  164  161  159  158  158  159  160  158  155
  150  144  139  132  127  123  117  112   87                                   
    42.5-180.0 180.0   5.0 450.0                            LAT/LON1/LON2/DLON/H
   89   82   73   71   65   61   56   49   44   40   37   36   36   36   36   36
   36   36   36   36   37   37   37   37   38   39   41   43   45   47   51   57
   66   76   89  100  110  116  121  125  129  134  141  149  158  167  176  183
  188  190  188  184  179  174  170  167  164  162  162  163  164  166  165  163
  158  151  146  137  130  125  119  115   89                                   
    40.0-180.0 180.0   5.0 450.0                            LAT/LON1/LON2/DLON/H
   91   85   77   75   69   65   60   54   49   45   42   41   40   40   40   39
   39   39   40   41   42   43   43   43   43   43   45   46   48   50   54   61
   70   82   96  108  119  126  131  135  139  145  151  158  166  174  182  190
  194  196  194  189  184  179  175  173  171  169  168  169  170  171  171  170
  166  158  152  142  134  126  119  115   91                                   
    37.5-180.0 180.0   5.0 450.0                            LAT/LON1/LON2/DLON/H
   92   87   79   77   71   67   62   57   53   49   47   46   45   45   44   43
   43   44   46   48   50   50   50   48   47   47   47   48   50   53   58   65
   75   88  102  115  127  135  141  146  151  157  163  169  175  182  190  198
  204  207  206  203  198  194  191  190  188  186  183  181  180  180  179  177
  173  166  158  148  137  128  120  116   92                                   
    35.0-180.0 180.0   5.0 450.0                            LAT/LON1/LON2/DLON/H
   95   89   81   78   72   67   63   58   55   52   51   52   51   51   51   50
   50   51   53   56   58   58   56   53   51   49   48   49   51   55   60   69
   79   93  107  121  132  142  149  156  163  170  176  182  188  195  203  212
  221  227  230  230  228  226  224  223  220  216  211  205  200  196  192  188
  183  175  167  155  143  131  123  117   95                                   
    32.5-180.0 180.0   5.0 450.0                            LAT/LON1/LON2/DLON/H
   99   92   84   79   72   67   62   58   56   55   54   56   57   58   58   57
   57   59   61   64   65   65   62   58   53   50   48   49   51   56   63   72
   83   96  110  124  137  147  157  166  175  184  191  198  204  212  222  235
  248  259  267  272  274  275  274  273  269  263  253  243  231  221  213  205
  198  188  179  165  152  138  130  121   99                                   
    30.0-180.0 180.0   5.0 450.0                            LAT/LON1/LON2/DLON/H
  105   97   88   81   74   68   63   59   57   56   57   59   61   63   65   65
   66   67   69   71   72   70   67   61   55   51   48   48   51   57   65   75
   87  100  113  127  140  153  165  177  188  199  208  216  224  235  248  266
  284  302  316  327  333  337  337  335  330  321  308  292  274  258  243  230
  218  207  196  180  165  148  140  130  105                                   
    27.5-180.0 180.0   5.0 450.0                            LAT/LON1/LON2/DLON/H
  115  105   94   85   78   71   66   61   59   58   59   61   64   68   70   72
   73   74   75   77   77   75   70   64   58   52   48   48   51   58   67   79
   90  103  116  130  144  158  173  187  201  214  225  236  247  261  279  302
  326  350  371  387  397  403  404  401  394  382  366  346  325  302  281  263
  246  231  218  200  183  163  155  142  115                                   
    25.0-180.0 180.0   5.0 450.0                            LAT/LON1/LON2/DLON/H
  127  117  103   93   85   78   73   67   64   61   61   63   66   70   74   77
   78   80   81   82   82   79   74   67   60   54   49   48   52   59   70   82
   94  106  119  134  150  166  183  199  215  229  243  256  271  290  313  340
  369  397  423  443  456  462  463  458  449  436  419  399  375  350  324  300
  279  261  246  225  206  183  174  160  127                                   
    22.5-180.0 180.0   5.0 450.0                            LAT/LON1/LON2/DLON/H
  144  132  116  106   97   89   83   76   72   67   65   66   68   72   76   80
   82   83   84   85   84   82   77   70   63   56   51   50   53   61   72   85
   98  110  124  140  158  176  195  212  229  244  259  276  295  318  345  375
  407  438  465  486  499  504  503  496  487  475  460  442  420  395  367  341
  316  295  277  253  231  205  196  180  144                                   
    20.0-180.0 180.0   5.0 450.0                            LAT/LON1/LON2/DLON/H
  163  150  134  123  113  104   98   90   84   77   72   70   71   74   78   81
   84   85   86   87   86   83   78   72   65   58   54   52   55   63   75   88
  102  116  131  149  168  188  208  226  242  258  275  294  317  343  373  405
  436  465  490  508  519  522  519  512  503  494  484  471  455  433  407  379
  352  329  309  283  258  230  219  202  163                                   
    17.5-180.0 180.0   5.0 450.0                            LAT/LON1/LON2/DLON/H
  184  172  157  144  132  122  116  107   99   90   83   78   76   77   79   82
   85   86   87   87   86   83   78   73   66   60   56   54   57   65   77   91
  106  121  139  158  180  201  221  238  254  271  289  310  336  364  395  425
  453  477  497  510  517  518  514  507  501  496  492  486  477  460  437  411
  384  360  339  311  285  255  243  225  184                                   
    15.0-180.0 180.0   5.0 450.0                            LAT/LON1/LON2/DLON/H
  208  197  182  167  154  142  135  125  117  106   97   90   85   83   83   84
   86   87   87   86   85   81   77   72   67   61   57   56   58   66   79   94
  110  127  146  168  190  213  233  250  266  282  302  325  351  380  409  435
  458  476  488  496  499  498  493  489  485  485  487  488  485  475  457  434
  408  385  364  336  309  279  266  246  208                                   
    12.5-180.0 180.0   5.0 450.0                            LAT/LON1/LON2/DLON/H
  233  222  209  190  176  161  154  143  134  123  114  105   98   92   89   88
   88   88   87   86   83   79   75   70   66   62   58   57   59   67   80   95
  113  132  153  176  200  222  243  260  277  294  314  338  365  392  418  439
  456  467  473  475  475  473  469  466  466  469  475  480  482  477  464  445
  422  401  381  355  329  300  286  266  233                                   
    10.0-180.0 180.0   5.0 450.0                            LAT/LON1/LON2/DLON/H
  258  248  235  212  197  180  171  159  150  140  131  122  113  105   99   95
   92   90   88   86   82   78   73   68   64   61   59   58   60   68   81   97
  115  136  158  182  206  229  249  268  286  305  327  351  376  401  423  440
  452  458  460  458  456  453  450  448  448  452  459  467  471  469  460  444
  425  407  389  366  343  318  304  284  258                                   
     7.5-180.0 180.0   5.0 450.0                            LAT/LON1/LON2/DLON/H
  282  273  260  233  216  196  185  172  164  155  148  140  130  120  110  103
   98   94   90   86   82   77   71   67   63   60   59   59   61   69   81   98
