data/edconvlstm_nd/pred0530.15i
     1.0            IONOSPHERE MAPS     GNSS                IONEX VERSION / TYPE
pyspatialgeodesy        IME             05-JAN-18 20:20     PGM / RUN BY / DATE 
Map Name                                                    COMMENT             
Predicted global ionosphere maps (GIM).                     DESCRIPTION         
  2015     2    22     0     0     0                        EPOCH OF FIRST MAP  
  2015     2    23     0     0     0                        EPOCH OF LAST MAP   
  7200                                                      INTERVAL            
    13                                                      # OF MAPS IN FILE   
  NONE                                                      MAPPING FUNCTION    
10.0                                                        ELEVATION CUTOFF    
One-way carrier phase leveled to code                       OBSERVABLES USED    
  6371.0                                                    BASE RADIUS         
 2                                                          MAP DIMENSION       
   450.0 450.0   0.0                                        HGT1 / HGT2 / DHGT  
    87.5 -87.5  -2.5                                        LAT1 / LAT2 / DLAT  
  -180.0 180.0   5.0                                        LON1 / LON2 / DLON  
    -1                                                      EXPONENT            
                                                            END OF HEADER       
[from data line 429]
     2                                                      START OF TEC MAP    
  2015     2    22     2     0     0                        EPOCH OF CURRENT MAP
    87.5-180.0 180.0   5.0 450.0                            LAT/LON1/LON2/DLON/H
   90   91   88   90   88   87   84   83   85   87   89   91   93   95   96   97
   98   98   98   98   97   96   94   92   90   88   86   84   83   81   79   78
   77   76   75   75   74   74   74   75   75   76   77   78   80   81   82   84
   85   86   88   89   90   91   91   92   92   93   93   93   92   92   91   91
   91   91   89   86   86   92   94   89   90                                   
    85.0-180.0 180.0   5.0 450.0                            LAT/LON1/LON2/DLON/H
   86   96   82   89   90   88   86   86   88   91   92   95   98  100  102  104
  104  105  104  103  101   99   96   93   89   85   82   78   74   71   69   66
   64   63   62   61   61   62   63   64   66   68   70   72   75   78   81   83
   86   88   91   93   95   97   98  100  101  102  102  103  103  102  101  102
  102  102   98   99   96   94   98   89   86                                   
    82.5-180.0 180.0   5.0 450.0                            LAT/LON1/LON2/DLON/H
   85   86   96   93   90   90   89   90   94   96   99  103  107  111  114  116
  118  118  118  116  113  109  105   99   93   87   80   74   69   64   59   56
   53   51   50   50   50   52   53   56   59   62   65   69   73   78   82   86
   90   94   98  101  104  108  110  113  115  116  118  118  119  118  118  118
  118  116  111  107  110   97   97   96   85                                   
    80.0-180.0 180.0   5.0 450.0                            LAT/LON1/LON2/DLON/H
  104  102  101   97   96   93   94   95   99  102  106  111  116  120  124  128
  130  130  130  127  124  118  112  104   96   88   80   72   65   59   54   50
   48   46   45   45   46   48   51   53   57   61   65   70   74   79   84   89
   94   99  104  108  113  117  121  124  128  130  132  134  135  135  135  135
  134  131  128  123  132  122  122  117  104                                   
    77.5-180.0 180.0   5.0 450.0                            LAT/LON1/LON2/DLON/H
  128  128  121  117  110  107  108  109  111  113  115  120  125  129  133  137
  139  140  139  137  133  127  120  112  103   94   85   77   70   64   59   55
   53   52   52   53   54   57   60   63   67   71   75   79   84   89   93   98
  103  108  113  117  122  127  132  137  141  145  148  150  152  153  154  155
  155  154  150  149  153  147  147  142  128                                   
    75.0-180.0 180.0   5.0 450.0                            LAT/LON1/LON2/DLON/H
  156  157  150  145  133  129  126  123  123  122  122  124  126  128  130  132
  133  133  133  131  128  124  118  112  105   97   89   82   76   71   67   64
   63   62   63   64   65   68   70   73   76   79   82   85   89   92   95   99
  103  106  111  115  120  125  131  137  142  147  152  156  159  161  163  166
  166  168  168  164  172  173  175  171  156                                   
    72.5-180.0 180.0   5.0 450.0                            LAT/LON1/LON2/DLON/H
  188  195  189  179  168  160  154  148  144  138  134  132  130  127  126  124
  123  122  122  121  120  118  115  111  106  100   94   89   84   81   78   77
   76   77   78   79   81   82   84   86   88   90   91   93   95   97   99  101
  104  106  110  113  118  124  130  137  144  150  156  161  165  168  172  176
  178  182  187  188  196  198  203  201  188                                   
    70.0-180.0 180.0   5.0 450.0                            LAT/LON1/LON2/DLON/H
  229  238  230  220  207  196  187  177  169  158  148  140  131  123  116  110
  106  104  103  103  104  105  104  103  101   98   95   91   89   87   86   85
   86   87   88   89   90   90   91   91   92   92   93   94   94   95   96   97
   99  101  103  107  112  118  126  134  143  151  158  164  169  172  176  182
  186  191  200  206  218  225  234  231  229                                   
    67.5-180.0 180.0   5.0 450.0                            LAT/LON1/LON2/DLON/H
  262  274  265  254  241  228  215  202  190  176  161  147  132  118  105   95
   88   84   83   84   86   89   91   92   92   91   89   88   86   85   85   86
   86   87   88   88   88   88   88   87   86   86   85   85   85   85   86   86
   88   89   92   96  102  109  118  129  139  149  158  164  169  173  176  181
  186  192  203  212  228  239  251  251  262                                   
    65.0-180.0 180.0   5.0 450.0                            LAT/LON1/LON2/DLON/H
  286  299  290  277  267  254  240  226  213  196  177  159  139  119  101   87
   77   72   70   71   74   78   82   84   85   85   84   83   82   81   81   82
   82   83   83   82   81   80   79   78   77   76   76   75   75   75   75   76
   77   79   82   87   95  104  115  128  140  152  163  170  176  179  181  184
  188  193  205  214  233  247  262  264  286                                   
    62.5-180.0 180.0   5.0 450.0                            LAT/LON1/LON2/DLON/H
  298  310  304  290  283  271  256  243  230  213  194  173  150  126  105   88
   76   69   67   67   70   74   78   80   80   79   78   77   76   75   75   75
   74   74   73   71   70   68   67   67   66   66   66   66   66   66   67   68
   69   72   76   83   91  103  116  131  146  161  172  181  187  189  190  192
  194  197  207  215  232  247  264  268  298                                   
    60.0-180.0 180.0   5.0 450.0                            LAT/LON1/LON2/DLON/H
  298  309  305  289  285  273  259  249  238  223  204  184  160  136  114   96
   83   76   72   72   74   76   77   77   76   73   71   69   68   67   66   66
   64   62   60   58   57   56   55   55   56   57   57   58   58   59   60   61
   63   67   73   81   91  105  120  137  154  170  184  194  200  203  204  205
  204  205  212  218  232  244  260  266  298                                   
    57.5-180.0 180.0   5.0 450.0                            LAT/LON1/LON2/DLON/H
  296  304  300  283  280  269  256  247  238  225  209  190  169  147  127  111
   99   90   86   83   82   81   79   77   73   69   66   63   62   61   60   58
   56   54   51   49   48   48   48   49   51   52   54   54   55   55   56   58
   62   67   74   83   95  110  127  146  164  182  197  209  216  221  223  224
  222  221  225  228  238  245  259  265  296                                   
    55.0-180.0 180.0   5.0 450.0                            LAT/LON1/LON2/DLON/H
  295  301  296  278  275  265  252  242  233  220  206  190  173  155  139  126
  116  108  102   97   92   87   82   77   72   67   63   61   60   59   58   56
   54   51   49   47   46   47   48   50   52   54   55   56   56   57   57   60
   64   70   78   89  102  118  136  155  174  193  209  222  232  239  244  247
  246  244  246  245  251  253  263  269  295                                   
    52.5-180.0 180.0   5.0 450.0                            LAT/LON1/LON2/DLON/H
  300  304  297  280  277  267  252  241  229  215  200  186  171  159  148  139
  131  123  115  107   99   92   86   80   74   69   66   64   63   63   62   60
   58   55   53   52   53   54   56   58   59   61   62   63   63   63   63   66
   70   77   87   99  113  129  146  165  184  202  219  234  247  257  265  270
  271  271  271  268  270  267  273  279  300                                   
    50.0-180.0 180.0   5.0 450.0                            LAT/LON1/LON2/DLON/H
  310  314  305  292  289  279  263  247  231  212  195  180  168  158  152  147
  141  133  123  113  104   96   90   85   81   77   74   73   72   72   71   69
   67   65   64   64   65   67   69   71   72   73   74   74   73   73   74   76
   81   89   99  112  126  142  159  177  194  212  229  244  259  271  282  291
  295  297  298  293  293  287  291  295  310                                   
    47.5-180.0 180.0   5.0 450.0                            LAT/LON1/LON2/DLON/H
  325  330  320  314  311  300  283  263  241  217  195  178  165  157  152  149
  143  135  125  114  106  100   96   94   91   89   87   86   84   83   81   79
   77   76   76   78   80   83   85   86   86   87   87   87   87   86   87   89
   94  102  113  127  142  158  174  190  206  222  238  253  267  280  293  305
  312  317  319  315  314  308  311  314  325                                   
    45.0-180.0 180.0   5.0 450.0                            LAT/LON1/LON2/DLON/H
  339  347  340  340  337  328  310  287  261  231  203  181  166  157  152  148
  142  133  122  114  108  106  106  107  106  104  101   98   95   91   88   85
   83   83   85   89   93   97   99  100  100  100  101  101  101  100  100  102
  107  115  127  142  158  174  190  205  220  233  247  260  273  286  298  310
  319  326  331  330  330  325  328  331  339                                   
    42.5-180.0 180.0   5.0 450.0                            LAT/LON1/LON2/DLON/H
  350  360  357  360  359  352  336  313  284  250  218  192  173  161  154  147
  139  130  121  116  115  117  121  123  123  119  113  106  100   93   88   85
   84   86   90   96  102  107  109  110  110  111  112  113  113  113  113  114
  118  127  139  155  173  190  207  221  234  246  257  268  278  288  299  309
  318  326  334  337  339  337  343  345  350                                   
    40.0-180.0 180.0   5.0 450.0                            LAT/LON1/LON2/DLON/H
  359  367  365  368  369  363  351  331  304  270  236  208  186  171  161  151
  141  132  125  124  128  134  139  141  138  130  119  108   99   91   86   83
   84   88   94  101  108  113  115  117  118  120  122  123  124  123  122  123
  126  134  148  165  184  204  221  236  249  259  269  277  284  292  300  308
  315  323  333  339  345  348  357  357  359                                   
    37.5-180.0 180.0   5.0 450.0                            LAT/LON1/LON2/DLON/H
  368  370  366  363  365  360  350  335  313  282  251  224  202  185  172  159
  148  140  137  140  148  155  159  157  148  134  120  107   97   91   87   86
   88   93   99  106  113  117  120  122  124  127  130  131  131  130  128  127
  130  138  151  170  192  213  233  249  263  273  281  288  294  300  307  314
  320  327  337  347  356  366  377  374  368                                   
    35.0-180.0 180.0   5.0 450.0                            LAT/LON1/LON2/DLON/H
  383  380  368  355  355  348  338  327  310  285  259  236  216  199  185  171
  160  155  156  162  171  177  176  167  151  134  119  108  101   98   97   98
  101  104  109  114  118  122  125  127  131  134  137  137  136  133  129  127
  128  136  150  170  194  218  241  260  275  286  295  302  309  316  324  332
  338  344  357  367  381  398  410  403  383                                   
    32.5-180.0 180.0   5.0 450.0                            LAT/LON1/LON2/DLON/H
  415  406  385  358  352  339  324  314  300  280  260  242  225  210  196  183
  174  171  175  184  192  193  185  169  150  133  121  115  114  116  119  122
  123  125  126  128  129  130  132  135  138  141  143  141  137  132  126  123
  123  130  145  166  191  218  244  266  284  298  310  320  330  341  353  365
  373  381  395  406  424  446  459  448  415                                   
    30.0-180.0 180.0   5.0 450.0                            LAT/LON1/LON2/DLON/H
  473  459  426  385  368  345  322  306  292  274  257  242  229  215  202  190
  183  183  190  198  203  197  183  164  147  135  131  133  139  147  155  159
  160  159  155  151  147  145  144  145  147  149  147  143  136  128  121  116
  116  123  138  159  186  215  242  268  290  308  324  339  355  373  393  411
  425  437  453  465  487  514  521  509  473                                   
    27.5-180.0 180.0   5.0 450.0                            LAT/LON1/LON2/DLON/H
  558  542  496  442  412  378  341  315  293  273  255  241  228  215  202  191
  186  187  193  198  198  188  172  156  147  145  151  163  178  194  207  213
  213  206  196  185  174  166  161  159  158  155  150  142  133  123  115  110
  110  118  133  155  182  211  240  268  293  316  337  358  382  410  440  468
  491  510  528  542  568  599  601  588  558                                   
    25.0-180.0 180.0   5.0 450.0                            LAT/LON1/LON2/DLON/H
  661  648  593  532  487  441  388  348  314  286  263  245  229  214  199  187
  180  179  182  183  178  168  157  152  155  166  184  207  231  254  271  278
  273  260  242  223  206  191  180  173  168  161  151  140  128  117  109  105
  106  115  132  155  183  213  243  273  301  328  353  380  411  449  489  529
  563  591  614  630  657  697  698  684  661                                   
    22.5-180.0 180.0   5.0 450.0                            LAT/LON1/LON2/DLON/H
  764  761  708  648  589  533  465  408  360  320  286  260  237  216  198  182
  171  165  162  159  153  148  148  157  175  201  231  262  292  318  334  337
  328  309  285  260  235  214  198  185  174  162  149  135  122  112  104  101
  104  115  134  160  188  219  251  283  316  347  377  409  445  489  539  588
  631  666  693  714  739  789  799  788  764                                   
    20.0-180.0 180.0   5.0 450.0                            LAT/LON1/LON2/DLON/H
  848  858  819  771  703  641  562  493  431  377  331  292  259  230  204  182
  165  153  144  138  135  140  154  179  212  250  287  321  348  369  379  377
  363  341  314  284  255  229  208  190  175  160  144  129  117  107  101   99
  104  117  139  165  195  227  261  297  334  370  405  441  481  529  582  636
  684  722  752  775  795  851  877  876  848                                   
    17.5-180.0 180.0   5.0 450.0                            LAT/LON1/LON2/DLON/H
  895  919  902  872  805  746  666  590  519  454  396  344  299  259  224  195
  170  151  138  133  137  152  181  221  266  310  345  369  384  393  394  387
  371  347  318  287  257  230  208  188  170  153  137  123  112  104   99   98
  104  120  143  172  203  235  272  311  353  394  433  472  514  562  615  668
  715  751  779  802  816  865  906  919  895                                   
    15.0-180.0 180.0   5.0 450.0                            LAT/LON1/LON2/DLON/H
  898  936  944  930  876  827  756  682  609  540  474  413  358  308  264  226
  194  169  154  151  163  190  233  284  335  373  393  397  393  387  380  369
  350  326  297  269  243  220  200  182  164  146  130  117  108  102   98   97
  105  121  146  176  208  243  281  324  369  414  457  498  540  587  635  683
  724  752  774  793  799  832  879  908  898                                   
    12.5-180.0 180.0   5.0 450.0                            LAT/LON1/LON2/DLON/H
  864  910  939  942  907  874  818  753  686  620  554  490  430  374  324  278
  240  211  195  196  216  255  308  364  406  425  419  399  377  358  344  330
  311  287  262  240  223  208  193  177  159  142  126  115  107  102   97   97
  104  122  148  179  212  248  288  333  381  429  474  516  558  602  644  683
  715  733  746  756  753  768  813  854  864                                   
    10.0-180.0 180.0   5.0 450.0                            LAT/LON1/LON2/DLON/H
  807  852  894  911  900  887  850  799  742  683  624  564  506  451  399  350
  308  276  260  265  293  340  396  442  464  454  422  382  347  323  306  290
  271  250  231  218  209  201  191  176  158  141  126  116  109  103   98   97
  104  122  149  181  215  251  292  337  385  433  479  523  565  606  644  675
  697  705  709  710  698  700  735  780  807                                   
     7.5-180.0 180.0   5.0 450.0                            LAT/LON1/LON2/DLON/H
  745  781  827  853  863  868  851  817  775  728  678  627  577  528  480  434
  391  359  344  352  384  430  476  501  495  458  407  357  321  298  283  269
