data/edconvlstm_nd/pred1400.15i
     1.0            IONOSPHERE MAPS     GNSS                IONEX VERSION / TYPE
pyspatialgeodesy        IME             05-JAN-18 20:20     PGM / RUN BY / DATE 
Map Name                                                    COMMENT             
Predicted global ionosphere maps (GIM).                     DESCRIPTION         
  2015     5    20     0     0     0                        EPOCH OF FIRST MAP  
  2015     5    21     0     0     0                        EPOCH OF LAST MAP   
  7200                                                      INTERVAL            
    13                                                      # OF MAPS IN FILE   
  NONE                                                      MAPPING FUNCTION    
10.0                                                        ELEVATION CUTOFF    
One-way carrier phase leveled to code                       OBSERVABLES USED    
  6371.0                                                    BASE RADIUS         
 2                                                          MAP DIMENSION       
   450.0 450.0   0.0                                        HGT1 / HGT2 / DHGT  
    87.5 -87.5  -2.5                                        LAT1 / LAT2 / DLAT  
  -180.0 180.0   5.0                                        LON1 / LON2 / DLON  
    -1                                                      EXPONENT            
                                                            END OF HEADER       
     1                                                      START OF TEC MAP    
  2015     5    20     0     0     0                        EPOCH OF CURRENT MAP
    87.5-180.0 180.0   5.0 450.0                            LAT/LON1/LON2/DLON/H
  167  164  170  161  163  162  159  158  158  157  157  158  158  158  159  160
  160  161  161  161  162  162  161  161  160  159  159  158  157  156  155  154
  154  153  153  153  153  153  154  154  155  155  156  156  157  157  158  158
  158  159  159  159  159  159  159  159  159  159  159  159  159  159  160  160
  160  161  163  162  160  158  161  183  167                                   
    85.0-180.0 180.0   5.0 450.0                            LAT/LON1/LON2/DLON/H
  176  170  164  163  170  167  164  162  162  161  160  161  161  162  163  164
  165  166  167  168  168  169  168  168  167  165  164  162  160  158  157  155
  154  154  153  153  153  153  154  155  155  156  157  158  158  159  159  159
  160  160  160  160  160  160  160  160  161  161  161  162  162  163  163  164
  165  166  168  171  163  166  171  183  176                                   
    82.5-180.0 180.0   5.0 450.0                            LAT/LON1/LON2/DLON/H
  172  169  170  166  171  170  165  163  163  161  161  161  162  163  165  167
  170  172  174  175  176  177  176  175  174  171  169  165  162  159  156  154
  152  151  150  150  150  151  152  153  154  155  156  157  158  158  158  158
  158  158  158  158  158  157  158  158  158  159  160  160  161  162  163  165
  166  168  170  170  169  160  167  174  172                                   
    80.0-180.0 180.0   5.0 450.0                            LAT/LON1/LON2/DLON/H
  171  177  171  167  169  169  167  165  163  161  160  161  162  164  167  170
  174  178  181  184  186  187  187  186  184  180  176  171  166  161  157  153
  150  148  147  147  148  150  151  153  155  156  158  158  159  159  159  158
  158  157  156  156  155  155  155  155  156  156  157  158  159  160  162  164
  165  167  169  168  173  167  175  186  171                                   
    77.5-180.0 180.0   5.0 450.0                            LAT/LON1/LON2/DLON/H
  181  183  176  172  171  169  169  166  164  160  159  160  161  163  167  171
  176  181  186  190  194  196  196  195  192  187  182  175  169  162  157  152
  149  147  147  147  149  151  154  157  159  161  162  163  163  162  162  161
  160  159  158  157  157  156  156  156  156  157  157  158  159  159  161  163
  164  167  168  167  174  175  178  193  181                                   
    75.0-180.0 180.0   5.0 450.0                            LAT/LON1/LON2/DLON/H
  191  190  180  177  176  173  171  167  164  159  157  157  158  160  163  168
  173  179  185  190  194  197  199  198  195  190  183  176  168  161  154  149
  146  144  144  146  149  152  155  158  161  163  164  164  164  163  162  161
  160  159  158  157  157  157  156  156  157  157  157  157  158  158  159  161
  161  164  167  162  170  176  178  197  191                                   
    72.5-180.0 180.0   5.0 450.0                            LAT/LON1/LON2/DLON/H
  191  194  186  181  180  177  175  171  167  162  159  157  156  157  159  163
  167  172  178  184  189  193  195  195  192  187  180  172  164  156  149  144
  141  140  141  143  146  150  154  158  160  161  162  161  160  159  157  156
  156  155  155  155  155  155  156  156  156  156  156  156  156  156  156  158
  158  161  164  161  167  171  179  202  191                                   
    70.0-180.0 180.0   5.0 450.0                            LAT/LON1/LON2/DLON/H
  194  195  188  186  186  183  182  178  174  168  164  161  159  157  157  159
  162  165  170  175  179  183  186  186  184  180  173  166  158  150  144  139
  137  136  137  140  144  148  152  155  157  158  157  156  154  153  152  152
  152  153  154  155  156  157  158  158  159  159  159  158  158  157  157  158
  158  159  164  162  170  175  181  205  194                                   
    67.5-180.0 180.0   5.0 450.0                            LAT/LON1/LON2/DLON/H
  198  200  192  190  191  189  188  185  182  176  171  167  163  160  157  156
  156  157  159  162  166  169  171  172  170  167  161  154  147  141  135  132
  130  129  131  134  138  142  146  148  149  149  147  145  143  142  142  144
  146  149  152  155  158  160  161  163  163  164  164  163  162  161  160  160
  159  160  164  161  170  176  183  208  198                                   
    65.0-180.0 180.0   5.0 450.0                            LAT/LON1/LON2/DLON/H
  200  201  194  193  195  193  194  192  190  186  181  177  172  167  162  158
  155  153  152  152  153  155  156  157  156  153  149  144  138  133  129  126
  125  125  127  129  133  136  139  141  141  139  137  135  133  133  135  138
  143  148  154  159  163  166  168  170  172  173  173  173  172  170  168  167
  165  165  168  165  173  180  187  213  200                                   
    62.5-180.0 180.0   5.0 450.0                            LAT/LON1/LON2/DLON/H
  203  203  197  196  199  198  200  199  199  196  193  188  183  177  171  165
  159  155  150  148  146  145  144  144  143  142  139  136  132  129  126  124
  123  123  124  126  128  131  133  134  133  132  129  126  125  126  129  134
  142  149  157  163  169  173  177  180  182  184  185  185  184  182  180  178
  175  175  176  173  180  185  193  219  203                                   
    60.0-180.0 180.0   5.0 450.0                            LAT/LON1/LON2/DLON/H
  207  207  202  201  204  204  206  207  208  205  203  199  194  188  182  176
  169  162  155  149  144  140  138  137  137  136  135  133  131  129  127  126
  125  124  124  124  126  127  129  129  129  126  123  121  120  121  126  133
  142  151  160  168  175  180  185  189  193  196  198  199  198  196  194  192
  189  188  188  184  189  194  200  227  207                                   
    57.5-180.0 180.0   5.0 450.0                            LAT/LON1/LON2/DLON/H
  216  216  212  209  212  212  214  215  217  215  212  209  205  200  194  189
  182  174  166  158  150  144  140  138  138  138  137  136  135  133  132  131
  129  128  126  126  126  127  128  129  128  125  122  119  118  120  125  133
  142  153  163  171  179  185  192  197  202  207  210  211  211  210  208  207
  204  203  203  199  202  205  211  237  216                                   
    55.0-180.0 180.0   5.0 450.0                            LAT/LON1/LON2/DLON/H
  231  230  226  223  225  225  228  228  229  226  222  218  214  210  206  202
  197  190  181  172  163  155  150  148  148  148  148  146  145  143  141  139
  136  134  131  130  129  130  131  132  131  129  125  122  120  122  127  134
  144  154  164  173  182  190  197  205  211  217  221  223  224  223  222  221
  220  220  221  216  218  220  225  251  231                                   
    52.5-180.0 180.0   5.0 450.0                            LAT/LON1/LON2/DLON/H
  252  251  247  244  244  246  249  248  247  241  235  229  223  218  216  213
  211  206  199  189  180  173  168  166  166  166  164  162  159  155  152  149
  145  142  139  136  135  136  137  138  138  135  131  127  125  126  130  137
  145  154  164  174  183  193  202  211  219  226  231  233  233  233  233  234
  235  237  239  235  237  238  242  267  252                                   
    50.0-180.0 180.0   5.0 450.0                            LAT/LON1/LON2/DLON/H
  278  278  274  270  271  273  277  276  272  263  253  243  234  227  224  223
  223  220  215  208  200  194  190  189  189  188  185  180  174  168  163  158
  154  151  147  145  144  145  146  147  147  144  140  135  133  133  135  140
  147  155  164  174  184  196  207  218  228  235  240  242  242  242  243  245
  248  253  258  255  258  259  262  285  278                                   
    47.5-180.0 180.0   5.0 450.0                            LAT/LON1/LON2/DLON/H
  305  307  303  300  301  306  311  310  305  293  278  263  249  239  234  232
  232  231  228  224  219  216  214  214  213  211  206  198  188  179  172  166
  162  159  156  154  154  155  157  158  157  153  149  144  141  141  142  145
  150  156  164  175  187  200  214  227  237  245  250  251  251  251  252  257
  262  269  276  276  281  282  284  305  305                                   
    45.0-180.0 180.0   5.0 450.0                            LAT/LON1/LON2/DLON/H
  332  336  332  331  333  340  347  348  343  330  311  290  271  257  247  242
  240  240  239  237  236  235  235  235  235  230  222  211  198  186  178  172
  168  165  164  163  164  166  167  168  167  163  159  154  151  150  150  151
  154  159  167  178  192  208  224  239  251  259  264  265  264  263  265  270
  277  286  295  296  303  305  307  325  332                                   
    42.5-180.0 180.0   5.0 450.0                            LAT/LON1/LON2/DLON/H
  355  361  357  358  362  371  381  384  382  369  349  325  301  280  264  254
  249  247  247  247  249  250  251  251  249  242  231  217  202  189  180  174
  172  171  171  172  174  176  178  178  176  173  169  165  162  160  160  160
  161  164  171  183  199  217  236  253  266  276  281  283  282  281  283  287
  295  305  314  316  324  326  329  345  355                                   
    40.0-180.0 180.0   5.0 450.0                            LAT/LON1/LON2/DLON/H
  374  381  377  380  386  396  407  414  416  406  388  364  336  309  287  270
  259  254  253  255  258  260  261  259  255  245  232  216  200  187  179  176
  175  176  178  181  184  186  188  188  186  183  179  176  174  172  170  169
  169  172  178  190  208  228  249  267  282  294  301  305  305  304  305  310
  317  326  334  336  344  347  351  366  374                                   
    37.5-180.0 180.0   5.0 450.0                            LAT/LON1/LON2/DLON/H
  392  399  394  396  404  414  425  435  442  437  424  402  374  343  313  288
  271  262  259  260  263  265  264  260  253  241  227  211  196  185  179  177
  178  181  184  188  192  195  197  197  195  193  190  188  186  184  181  179
  178  180  186  198  216  237  259  280  297  311  321  328  330  331  332  336
  341  349  355  356  363  367  373  389  392                                   
    35.0-180.0 180.0   5.0 450.0                            LAT/LON1/LON2/DLON/H
  412  419  413  413  419  428  437  449  459  461  454  437  411  378  343  310
  286  271  265  264  266  266  262  255  246  234  220  206  193  185  181  181
  183  186  190  194  198  202  204  204  203  202  201  200  197  194  191  188
  186  187  192  203  221  243  267  289  309  325  339  348  354  357  359  362
  367  372  375  374  382  387  396  415  412                                   
    32.5-180.0 180.0   5.0 450.0                            LAT/LON1/LON2/DLON/H
  438  447  441  437  440  445  450  461  473  479  478  467  445  412  373  335
  303  282  272  268  267  264  258  249  238  226  214  203  195  189  188  189
  191  193  196  199  203  206  208  209  210  211  212  210  207  202  198  194
  192  191  195  205  222  244  268  292  313  332  348  361  371  377  381  385
  389  392  393  392  401  409  420  445  438                                   
    30.0-180.0 180.0   5.0 450.0                            LAT/LON1/LON2/DLON/H
  473  488  482  476  476  477  476  483  493  500  502  495  476  444  403  360
  323  296  280  272  267  261  253  242  232  222  214  207  202  200  200  201
  202  202  202  203  205  207  210  213  216  219  220  219  214  207  201  197
  194  192  194  202  217  238  262  286  309  330  349  365  378  387  394  400
  406  408  408  408  420  431  446  477  473                                   
    27.5-180.0 180.0   5.0 450.0                            LAT/LON1/LON2/DLON/H
  516  538  535  532  530  528  522  522  527  530  531  524  506  475  434  388
  346  313  292  279  269  260  250  240  231  224  220  217  216  216  217  216
  214  210  206  204  204  206  208  212  218  223  226  224  217  208  201  195
  192  190  190  196  209  229  253  278  302  324  344  362  377  388  398  407
  414  418  418  421  438  453  472  510  516                                   
    25.0-180.0 180.0   5.0 450.0                            LAT/LON1/LON2/DLON/H
  560  590  592  597  596  594  584  578  576  574  569  558  538  506  465  418
  373  335  308  288  274  262  251  242  236  233  233  234  236  237  236  231
  224  215  206  201  199  199  203  208  216  224  229  227  218  207  197  191
  187  185  184  188  199  218  242  268  293  316  337  355  371  384  396  407
  417  422  424  431  454  472  496  540  560                                   
    22.5-180.0 180.0   5.0 450.0                            LAT/LON1/LON2/DLON/H
  598  634  641  656  659  662  652  643  635  627  616  599  575  541  499  452
  405  363  329  303  284  269  257  250  247  247  251  254  256  255  250  241
  227  213  200  192  189  189  193  200  211  222  228  226  216  203  192  185
  181  179  177  180  191  210  234  261  287  310  330  348  364  379  394  406
  417  423  428  439  467  487  515  563  598                                   
    20.0-180.0 180.0   5.0 450.0                            LAT/LON1/LON2/DLON/H
  621  661  672  697  706  716  712  705  695  683  667  645  617  581  538  491
  443  397  357  324  299  281  268  262  262  265  269  271  270  265  254  238
  220  202  188  179  176  177  182  191  204  217  226  224  213  198  186  178
  175  172  171  174  185  205  231  259  286  309  329  346  362  379  395  409
  421  428  434  448  477  497  528  577  621                                   
    17.5-180.0 180.0   5.0 450.0                            LAT/LON1/LON2/DLON/H
  625  665  680  711  727  745  750  749  744  733  716  691  660  623  581  536
  487  439  392  352  321  299  285  279  279  280  281  278  270  258  242  222
  203  185  173  167  166  168  175  185  200  214  224  222  211  195  181  172
  168  165  164  167  179  201  229  260  289  313  333  350  368  386  404  420
  432  438  446  460  487  504  535  582  625                                   
    15.0-180.0 180.0   5.0 450.0                            LAT/LON1/LON2/DLON/H
  613  648  665  700  722  747  760  768  770  766  753  730  701  665  626  583
  536  486  435  388  350  322  305  296  291  287  279  267  251  234  216  198
  182  170  163  160  162  167  175  186  201  215  224  222  210  193  177  167
  161  157  155  159  172  194  223  255  287  313  335  354  374  397  419  437
  450  457  464  477  498  510  539  581  613                                   
    12.5-180.0 180.0   5.0 450.0                            LAT/LON1/LON2/DLON/H
  594  619  636  670  696  724  743  759  771  776  771  755  731  701  666  628
  585  536  482  429  383  349  325  308  294  279  260  238  217  199  185  175
  167  163  161  163  168  176  185  196  209  221  228  224  211  193  175  162
  154  148  145  149  161  182  211  244  276  305  330  354  380  408  436  458
  473  481  488  499  514  519  545  582  594                                   
    10.0-180.0 180.0   5.0 450.0                            LAT/LON1/LON2/DLON/H
  577  590  605  633  658  685  708  730  749  763  768  763  747  724  696  665
  627  582  528  471  418  374  339  311  284  256  225  197  178  167  163  163
  165  168  173  179  187  196  205  214  223  231  233  227  212  192  173  158
  147  139  135  137  148  168  196  227  260  292  322  352  385  420  454  481
  499  509  517  526  536  535  557  589  577                                   
     7.5-180.0 180.0   5.0 450.0                            LAT/LON1/LON2/DLON/H
  573  573  582  600  620  643  664  688  712  732  747  751  746  731  711  687
  656  616  565  506  447  392  345  302  262  221  184  158  147  149  157  168
