data/edconvlstm_nd/pred2940.15i
     1.0            IONOSPHERE MAPS     GNSS                IONEX VERSION / TYPE
pyspatialgeodesy        IME             05-JAN-18 20:20     PGM / RUN BY / DATE 
Map Name                                                    COMMENT             
Predicted global ionosphere maps (GIM).                     DESCRIPTION         
  2015    10    21     0     0     0                        EPOCH OF FIRST MAP  
  2015    10    22     0     0     0                        EPOCH OF LAST MAP   
  7200                                                      INTERVAL            
    13                                                      # OF MAPS IN FILE   
  NONE                                                      MAPPING FUNCTION    
10.0                                                        ELEVATION CUTOFF    
One-way carrier phase leveled to code                       OBSERVABLES USED    
  6371.0                                                    BASE RADIUS         
 2                                                          MAP DIMENSION       
   450.0 450.0   0.0                                        HGT1 / HGT2 / DHGT  
    87.5 -87.5  -2.5                                        LAT1 / LAT2 / DLAT  
  -180.0 180.0   5.0                                        LON1 / LON2 / DLON  
    -1                                                      EXPONENT            
                                                            END OF HEADER       
[from data line 3003]
     8                                                      START OF TEC MAP    
  2015    10    21    14     0     0                        EPOCH OF CURRENT MAP
    87.5-180.0 180.0   5.0 450.0                            LAT/LON1/LON2/DLON/H
  104  123  127  135  140  142  144  142  144  148  148  150  150  151  152  152
  152  152  151  151  150  149  148  146  145  143  141  139  137  134  132  130
  127  124  122  119  116  114  111  109  107  105  103  102  101  100  100  100
  100  100  100  101  102  103  104  105  106  107  108  109  111  112  113  114
  116  118  117  115  120  121  132  125  104                                   
    85.0-180.0 180.0   5.0 450.0                            LAT/LON1/LON2/DLON/H
  114  131  149  139  140  148  150  153  155  159  159  161  162  163  163  164
  164  164  163  163  162  161  159  157  156  153  151  148  146  143  139  136
  132  129  125  122  118  115  112  109  106  103  101   99   98   97   97   97
   97   97   98   99  101  102  104  106  107  109  111  112  114  116  117  119
  121  123  120  117  119  123  129  129  114                                   
    82.5-180.0 180.0   5.0 450.0                            LAT/LON1/LON2/DLON/H
  106  124  136  129  133  140  145  149  151  155  157  160  161  162  163  164
  165  165  165  165  164  163  162  161  159  156  154  151  147  144  139  135
  131  126  121  117  112  107  103   99   95   91   88   85   83   82   81   80
   81   81   83   84   86   88   90   92   94   96   98   99  101  103  104  106
  108  110  108  106  110  122  119  117  106                                   
    80.0-180.0 180.0   5.0 450.0                            LAT/LON1/LON2/DLON/H
   91  103  116  112  115  119  125  130  135  139  141  145  147  149  151  152
  154  155  155  156  156  155  154  153  152  150  147  144  140  136  132  127
  122  117  111  106  101   95   90   85   80   76   72   68   66   64   63   63
   64   65   66   69   71   73   76   79   81   83   85   86   87   88   89   90
   92   93   93   92   92  102  103  104   91                                   
    77.5-180.0 180.0   5.0 450.0                            LAT/LON1/LON2/DLON/H
   85   90   96   93   96  101  106  111  116  120  122  126  129  132  134  137
  139  141  143  145  147  148  149  149  148  147  146  143  140  136  132  128
  123  118  113  107  102   96   90   85   79   73   68   64   61   58   57   56
   57   58   60   62   65   68   71   73   76   78   79   80   81   81   80   80
   80   80   80   80   80   83   86   89   85                                   
    75.0-180.0 180.0   5.0 450.0                            LAT/LON1/LON2/DLON/H
   68   75   78   78   80   85   88   91   95   99  102  106  108  112  114  118
  121  125  128  132  136  139  143  145  147  148  148  147  145  142  138  135
  131  126  122  118  113  108  102   96   89   83   77   72   68   64   62   61
   61   61   62   64   66   69   71   73   75   77   78   79   78   77   76   75
   74   73   73   71   72   72   73   68   68                                   
    72.5-180.0 180.0   5.0 450.0                            LAT/LON1/LON2/DLON/H
   63   69   69   71   70   75   77   79   81   84   86   89   92   95   98  102
  107  112  117  123  130  136  141  147  151  153  155  155  154  152  150  147
  144  141  138  135  131  127  122  115  109  101   94   87   81   76   73   70
   68   67   67   67   68   69   70   72   74   75   76   76   76   75   73   71
   69   68   68   66   67   68   69   69   63                                   
    70.0-180.0 180.0   5.0 450.0                            LAT/LON1/LON2/DLON/H
   60   66   67   68   66   68   68   70   72   74   75   77   79   82   85   89
   94  101  108  116  125  134  143  151  157  162  165  167  167  165  163  161
  159  157  156  154  152  149  144  138  131  123  114  106   99   92   87   82
   78   75   72   70   68   68   68   68   70   71   72   72   72   71   70   68
   66   65   66   65   67   69   73   72   60                                   
    67.5-180.0 180.0   5.0 450.0                            LAT/LON1/LON2/DLON/H
   59   67   67   68   66   68   68   69   70   71   71   73   74   76   79   84
   90   97  106  116  127  138  149  159  167  174  178  180  180  179  177  175
  173  172  172  172  171  169  165  159  152  143  133  123  114  106   99   93
   86   81   75   70   66   64   62   62   63   65   67   68   68   68   67   66
   65   64   65   64   66   70   73   71   59                                   
    65.0-180.0 180.0   5.0 450.0                            LAT/LON1/LON2/DLON/H
   57   65   65   66   63   65   65   67   67   68   68   70   71   73   76   80
   87   95  105  117  129  142  155  166  177  184  189  192  192  191  188  186
  185  185  186  187  187  185  182  176  168  159  148  137  127  118  109  100
   91   83   74   67   60   56   53   53   54   56   58   60   61   61   61   61
   60   60   62   62   65   71   74   74   57                                   
    62.5-180.0 180.0   5.0 450.0                            LAT/LON1/LON2/DLON/H
   52   60   59   60   59   61   61   63   65   66   67   68   69   72   75   80
   87   96  107  119  131  145  159  172  183  191  197  200  200  199  197  195
  193  193  194  196  196  196  192  186  178  168  156  145  134  123  113  103
   92   82   71   61   53   47   44   43   44   47   50   52   54   55   55   54
   54   54   56   56   59   64   68   68   52                                   
    60.0-180.0 180.0   5.0 450.0                            LAT/LON1/LON2/DLON/H
   46   51   50   51   50   51   53   56   58   61   62   64   66   70   74   80
   88   97  107  119  132  145  159  172  184  194  200  204  204  203  202  200
  199  199  200  201  202  201  198  192  183  172  160  148  136  125  114  103
   91   79   68   57   48   42   38   38   39   42   45   47   49   49   49   49
   48   47   49   49   52   55   58   59   46                                   
    57.5-180.0 180.0   5.0 450.0                            LAT/LON1/LON2/DLON/H
   39   41   40   42   41   42   44   48   51   55   57   60   63   68   73   81
   89   99  109  120  132  144  157  171  183  193  200  205  207  207  206  205
  205  205  206  207  208  207  203  197  188  178  166  153  142  130  119  107
   95   83   71   60   51   45   42   42   43   46   49   51   52   51   50   49
   47   46   46   45   47   47   48   50   39                                   
    55.0-180.0 180.0   5.0 450.0                            LAT/LON1/LON2/DLON/H
   35   34   33   35   34   34   37   41   45   48   51   55   59   65   73   81
   91  101  111  121  131  143  155  167  179  190  199  205  209  210  211  211
  211  212  213  214  215  213  210  204  196  185  174  162  150  139  128  116
  104   92   80   70   63   58   55   55   57   59   61   62   62   60   58   56
   53   50   49   47   47   44   42   43   35                                   
    52.5-180.0 180.0   5.0 450.0                            LAT/LON1/LON2/DLON/H
   36   33   32   33   31   32   34   37   40   43   46   51   56   63   72   83
   93  104  114  123  132  142  153  165  177  188  198  205  211  214  216  218
  219  221  222  223  223  222  219  214  207  197  187  175  164  153  141  130
  118  106   96   88   81   77   75   76   77   79   80   80   78   76   73   69
   65   61   59   56   53   47   43   43   36                                   
    50.0-180.0 180.0   5.0 450.0                            LAT/LON1/LON2/DLON/H
   43   40   38   38   36   37   38   39   41   42   45   49   55   63   74   86
   98  109  119  127  136  144  154  165  177  188  199  207  214  219  222  225
  228  230  232  233  234  234  232  227  221  213  204  193  182  171  159  147
  135  124  115  108  102   99   98   98   99  100  100   99   98   95   92   88
   83   79   76   71   67   59   53   50   43                                   
    47.5-180.0 180.0   5.0 450.0                            LAT/LON1/LON2/DLON/H
   56   54   52   51   47   49   48   47   47   47   47   51   57   66   78   91
  104  116  126  134  142  149  158  168  180  191  202  211  218  223  227  231
  234  238  241  244  246  247  246  243  239  232  224  214  202  190  177  164
  151  140  131  125  120  116  115  114  115  115  116  116  114  112  109  106
  101   98   94   89   84   77   71   65   56                                   
    45.0-180.0 180.0   5.0 450.0                            LAT/LON1/LON2/DLON/H
   72   72   70   69   65   65   63   60   58   56   55   57   63   73   86  100
  113  125  135  143  150  157  165  175  185  197  207  215  221  226  230  234
  238  243  249  254  259  261  262  260  257  251  243  233  221  208  193  178
  164  152  142  134  128  124  121  119  120  121  123  124  124  123  122  120
  116  113  110  106  102   97   92   84   72                                   
    42.5-180.0 180.0   5.0 450.0                            LAT/LON1/LON2/DLON/H
   87   91   88   88   84   83   79   75   71   68   66   67   73   83   96  110
  124  135  145  152  159  166  173  182  193  203  212  219  224  227  230  233
  239  247  256  265  272  277  279  278  274  268  260  250  237  222  206  188
  172  157  145  135  127  120  115  112  113  116  119  123  125  126  127  126
  124  122  119  116  116  113  110  102   87                                   
    40.0-180.0 180.0   5.0 450.0                            LAT/LON1/LON2/DLON/H
   97  103  101  102   99   98   94   89   84   81   78   79   85   96  109  123
  136  146  155  162  168  174  181  190  200  210  218  223  225  226  228  232
  240  251  264  278  288  295  298  296  291  284  275  264  250  234  216  196
  177  160  145  132  120  110  102   99  100  104  110  115  119  122  124  125
  123  122  120  119  121  121  120  113   97                                   
    37.5-180.0 180.0   5.0 450.0                            LAT/LON1/LON2/DLON/H
   99  108  106  109  108  107  103   99   94   91   88   90   97  109  123  137
  148  157  165  171  176  182  189  197  206  215  222  225  226  226  227  232
  243  259  278  296  311  319  321  317  309  300  289  278  264  247  228  207
  186  167  149  133  118  103   93   88   89   95  102  108  113  116  118  119
  118  117  116  115  118  119  119  114   99                                   
    35.0-180.0 180.0   5.0 450.0                            LAT/LON1/LON2/DLON/H
   95  105  104  108  109  108  105  102   99   96   95   99  108  121  136  150
  160  168  174  179  184  189  195  202  211  219  226  229  230  229  232  240
  255  276  301  324  341  350  350  343  332  320  308  295  282  266  247  226
  205  184  165  147  129  111   98   91   92   97  105  111  114  116  116  116
  114  112  111  109  111  112  112  107   95                                   
    32.5-180.0 180.0   5.0 450.0                            LAT/LON1/LON2/DLON/H
   90   98   98  102  103  103  102  100   98   97   98  104  116  131  148  162
  172  178  184  188  192  196  201  207  215  224  231  236  238  240  246  259
  279  306  335  362  380  388  386  375  361  346  333  320  308  293  276  257
  237  218  199  180  160  140  125  116  115  120  125  129  129  127  125  123
  118  115  111  106  106  104  103   98   90                                   
    30.0-180.0 180.0   5.0 450.0                            LAT/LON1/LON2/DLON/H
   87   92   92   94   96   95   95   93   94   94   98  106  120  138  156  171
  181  188  193  198  202  205  209  214  222  231  240  248  254  261  272  290
  316  347  381  409  427  433  427  414  397  381  367  355  344  332  318  302
  284  267  251  234  214  194  177  166  163  165  167  166  162  155  149  144
  136  129  122  113  108  102   99   92   87                                   
    27.5-180.0 180.0   5.0 450.0                            LAT/LON1/LON2/DLON/H
   89   91   90   90   90   89   89   87   88   90   95  105  121  141  161  177
  189  197  203  209  213  216  219  223  231  242  254  266  278  291  309  333
  364  400  435  463  479  481  472  456  438  422  409  399  391  381  370  357
  343  330  317  304  288  270  252  240  233  231  227  221  210  199  189  180
  169  158  146  133  123  111  104   93   89                                   
    25.0-180.0 180.0   5.0 450.0                            LAT/LON1/LON2/DLON/H
   99   98   94   92   91   88   87   85   85   87   93  103  120  142  163  181
  195  205  213  220  225  228  231  236  244  256  271  289  308  329  355  385
  421  459  493  517  528  526  514  498  481  468  458  450  444  437  429  418
  407  396  388  380  370  356  341  326  316  308  298  284  268  252  239  227
  213  199  181  164  149  131  118  103   99                                   
    22.5-180.0 180.0   5.0 450.0                            LAT/LON1/LON2/DLON/H
  115  112  105  100   96   93   91   87   87   88   93  103  120  141  163  183
  198  211  221  230  237  241  244  250  259  273  292  316  342  372  405  441
  479  515  546  564  570  563  551  536  524  515  508  504  499  494  486  476
  465  456  451  448  444  435  421  406  392  378  362  343  322  304  290  276
  261  246  223  203  182  159  141  123  115                                   
    20.0-180.0 180.0   5.0 450.0                            LAT/LON1/LON2/DLON/H
  136  133  120  112  105  102   99   94   92   93   96  106  121  142  164  184
  201  216  229  240  248  254  258  264  275  292  316  345  379  415  453  492
  529  562  586  598  598  589  578  568  562  558  556  554  550  543  534  521
  507  496  491  490  489  484  472  457  441  423  404  382  361  344  331  319
  304  288  263  242  216  190  169  149  136                                   
    17.5-180.0 180.0   5.0 450.0                            LAT/LON1/LON2/DLON/H
  159  156  138  128  117  112  109  104  101  101  103  112  126  145  167  187
  206  222  237  250  259  265  271  279  293  314  341  376  414  455  495  534
  567  594  610  616  612  604  596  592  593  595  597  595  589  579  565  547
  528  512  503  500  499  495  486  472  456  438  418  397  378  364  355  345
  332  318  292  272  244  218  195  176  159                                   
    15.0-180.0 180.0   5.0 450.0                            LAT/LON1/LON2/DLON/H
  178  176  156  143  129  123  119  113  110  110  113  121  135  153  173  193
  213  231  247  259  269  276  283  294  312  336  368  406  447  489  528  563
  591  610  620  621  616  610  607  610  617  624  627  624  615  600  580  556
  530  506  490  482  479  475  467  456  442  426  407  389  374  364  358  351
  341  328  305  287  260  235  215  197  178                                   
    12.5-180.0 180.0   5.0 450.0                            LAT/LON1/LON2/DLON/H
  191  191  169  153  138  131  127  122  119  120  124  132  146  164  183  204
  223  242  258  270  279  286  295  310  331  360  396  435  476  515  551  580
  601  615  620  619  616  613  616  624  635  644  646  640  627  607  583  553
  520  488  465  451  444  439  432  423  412  399  384  369  357  350  347  341
  331  320  301  285  262  241  224  208  191                                   
    10.0-180.0 180.0   5.0 450.0                            LAT/LON1/LON2/DLON/H
  198  198  175  159  144  137  133  127  125  128  133  144  159  177  197  218
  237  256  271  282  289  296  307  326  352  385  423  462  501  536  565  588
  604  614  617  617  616  619  626  638  650  658  658  648  630  608  580  546
  508  471  441  422  411  404  397  390  382  372  360  348  338  332  328  322
  311  300  283  270  253  235  222  208  198                                   
     7.5-180.0 180.0   5.0 450.0                            LAT/LON1/LON2/DLON/H
  200  199  177  160  147  139  135  130  128  132  141  154  172  192  213  234
  254  272  286  296  301  308  321  343  374  410  449  487  522  551  575  592
