data/edconvlstm_nd/pred1170.15i
     1.0            IONOSPHERE MAPS     GNSS                IONEX VERSION / TYPE
pyspatialgeodesy        IME             05-JAN-18 20:20     PGM / RUN BY / DATE 
Map Name                                                    COMMENT             
Predicted global ionosphere maps (GIM).                     DESCRIPTION         
  2015     4    27     0     0     0                        EPOCH OF FIRST MAP  
  2015     4    28     0     0     0                        EPOCH OF LAST MAP   
  7200                                                      INTERVAL            
    13                                                      # OF MAPS IN FILE   
  NONE                                                      MAPPING FUNCTION    
10.0                                                        ELEVATION CUTOFF    
One-way carrier phase leveled to code                       OBSERVABLES USED    
  6371.0                                                    BASE RADIUS         
 2                                                          MAP DIMENSION       
   450.0 450.0   0.0                                        HGT1 / HGT2 / DHGT  
    87.5 -87.5  -2.5                                        LAT1 / LAT2 / DLAT  
  -180.0 180.0   5.0                                        LON1 / LON2 / DLON  
    -1                                                      EXPONENT            
                                                            END OF HEADER       
[from data line 3432]
     9                                                      START OF TEC MAP    
  2015     4    27    16     0     0                        EPOCH OF CURRENT MAP
    87.5-180.0 180.0   5.0 450.0                            LAT/LON1/LON2/DLON/H
  252  241  232  239  245  248  249  250  252  254  255  256  257  257  258  258
  259  259  259  259  259  258  258  257  257  256  255  254  253  252  251  250
  248  247  245  244  242  241  239  237  235  234  232  230  229  227  226  224
  223  222  221  220  220  219  219  219  219  219  219  220  220  221  222  223
  223  225  225  227  233  240  236  246  252                                   
    85.0-180.0 180.0   5.0 450.0                            LAT/LON1/LON2/DLON/H
  230  234  243  242  243  250  253  256  258  260  261  262  263  263  264  264
  264  264  264  264  263  263  262  261  261  260  259  258  256  255  254  252
  250  248  247  245  243  241  239  237  235  233  231  230  228  226  225  223
  222  220  219  218  218  217  217  216  216  216  217  217  218  218  220  220
  222  224  224  227  230  229  233  244  230                                   
    82.5-180.0 180.0   5.0 450.0                            LAT/LON1/LON2/DLON/H
  207  228  234  235  240  250  254  257  260  262  264  265  266  267  267  266
  266  266  265  264  263  263  262  261  260  259  258  257  256  254  253  251
  249  246  244  242  239  237  235  232  230  228  226  224  222  220  218  216
  215  213  212  210  209  209  208  207  207  207  207  207  207  208  209  209
  211  212  212  217  218  227  231  219  207                                   
    80.0-180.0 180.0   5.0 450.0                            LAT/LON1/LON2/DLON/H
  202  223  231  232  235  244  249  254  259  262  264  266  266  267  266  266
  265  264  262  261  260  259  258  257  257  256  255  254  253  252  250  248
  246  244  242  239  237  235  233  231  229  228  226  224  222  221  219  217
  216  214  213  212  211  210  209  208  207  207  206  206  205  205  205  206
  206  207  207  211  211  209  214  206  202                                   
    77.5-180.0 180.0   5.0 450.0                            LAT/LON1/LON2/DLON/H
  202  217  225  227  232  241  246  251  256  260  262  264  264  264  263  262
  261  259  257  256  255  254  254  254  254  254  254  254  253  252  251  250
  248  246  244  242  241  239  238  237  236  235  233  232  231  230  228  227
  226  224  223  222  221  220  218  217  215  214  212  211  209  207  207  206
  205  205  204  207  209  206  208  204  202                                   
    75.0-180.0 180.0   5.0 450.0                            LAT/LON1/LON2/DLON/H
  199  213  219  222  226  235  240  246  252  256  258  260  261  260  259  257
  255  253  252  250  250  250  250  251  252  253  254  254  253  253  252  250
  249  247  246  245  244  243  243  242  242  242  242  241  241  240  239  238
  237  236  234  233  232  230  229  227  224  222  219  216  213  210  208  207
  205  204  203  204  204  201  202  194  199                                   
    72.5-180.0 180.0   5.0 450.0                            LAT/LON1/LON2/DLON/H
  194  208  213  218  221  231  237  242  248  252  255  257  258  257  256  254
  252  251  250  249  249  251  252  254  256  257  258  258  257  257  255  254
  252  251  250  249  249  248  248  249  249  250  250  250  250  249  248  247
  246  245  244  242  241  239  236  234  230  226  222  218  214  210  207  205
  202  201  199  200  199  196  198  194  194                                   
    70.0-180.0 180.0   5.0 450.0                            LAT/LON1/LON2/DLON/H
  190  201  206  213  216  226  232  237  243  247  250  253  254  254  254  252
  251  250  250  251  252  255  257  260  262  263  263  263  262  260  258  257
  255  253  252  251  251  251  251  252  252  253  253  253  253  252  251  250
  248  246  245  243  241  238  235  231  227  222  217  212  207  202  200  197
  195  194  193  193  192  190  194  190  190                                   
    67.5-180.0 180.0   5.0 450.0                            LAT/LON1/LON2/DLON/H
  184  196  201  210  214  225  230  236  242  247  250  253  256  257  257  258
  258  258  260  262  265  268  272  274  276  277  276  275  272  270  267  265
  263  261  260  259  258  258  257  257  257  257  257  256  255  253  251  249
  247  244  241  239  236  233  229  224  219  213  207  202  197  192  189  188
  186  186  185  185  184  182  186  185  184                                   
    65.0-180.0 180.0   5.0 450.0                            LAT/LON1/LON2/DLON/H
  173  186  191  202  207  218  224  230  236  242  246  250  254  257  259  262
  264  266  269  273  277  282  285  288  289  288  286  284  281  277  274  272
  269  267  265  264  262  261  259  258  257  255  254  252  250  247  244  240
  236  232  229  225  221  217  213  208  202  195  189  183  178  174  171  170
  169  170  170  171  172  171  176  175  173                                   
    62.5-180.0 180.0   5.0 450.0                            LAT/LON1/LON2/DLON/H
  160  174  179  191  199  210  217  224  230  236  241  247  253  258  263  267
  271  276  280  286  291  295  299  301  301  299  297  293  290  286  283  281
  278  276  274  271  269  266  263  260  257  254  252  248  245  241  236  231
  226  221  216  212  207  202  197  191  185  178  172  166  161  157  155  155
  154  155  156  156  157  156  160  161  160                                   
    60.0-180.0 180.0   5.0 450.0                            LAT/LON1/LON2/DLON/H
  146  159  166  178  188  200  208  215  221  228  234  241  249  257  264  271
  277  283  289  295  300  305  307  309  308  306  303  300  297  295  293  291
  289  287  284  280  276  272  267  263  259  255  251  247  243  238  232  226
  220  214  208  202  197  191  186  179  173  166  160  155  150  146  145  144
  143  144  144  143  143  142  145  146  146                                   
    57.5-180.0 180.0   5.0 450.0                            LAT/LON1/LON2/DLON/H
  133  146  153  167  178  191  200  207  214  220  227  236  246  256  266  275
  283  290  296  301  306  309  311  312  311  309  307  306  305  305  305  304
  303  300  296  291  286  280  275  270  265  261  257  252  247  241  235  228
  221  214  208  201  195  188  182  176  169  163  158  153  148  145  143  142
  141  140  140  137  135  133  134  134  133                                   
    55.0-180.0 180.0   5.0 450.0                            LAT/LON1/LON2/DLON/H
  126  137  145  158  171  186  196  203  209  216  223  233  244  256  268  278
  288  295  301  305  308  310  312  312  312  312  312  313  315  317  319  320
  318  315  310  305  298  292  286  281  276  272  268  264  259  253  246  239
  232  224  217  209  202  194  187  181  175  169  165  160  157  154  152  150
  147  145  143  139  135  130  129  128  126                                   
    52.5-180.0 180.0   5.0 450.0                            LAT/LON1/LON2/DLON/H
  126  134  143  156  170  186  197  205  211  217  224  234  246  258  272  284
  294  301  306  309  310  311  312  313  314  316  319  323  328  333  336  337
  335  331  326  319  312  306  300  296  292  288  285  281  276  271  264  257
  249  241  232  223  215  206  199  192  186  182  178  175  172  169  167  164
  160  157  153  148  142  135  132  129  126                                   
    50.0-180.0 180.0   5.0 450.0                            LAT/LON1/LON2/DLON/H
  132  137  145  158  174  191  204  213  220  226  233  242  253  265  279  292
  302  309  313  315  315  314  315  317  320  324  330  337  344  350  354  355
  352  347  341  335  329  323  318  314  311  308  305  301  297  291  284  277
  269  260  250  240  229  219  211  204  199  195  193  191  188  186  184  180
  175  172  166  161  154  146  142  138  132                                   
    47.5-180.0 180.0   5.0 450.0                            LAT/LON1/LON2/DLON/H
  143  146  151  165  181  200  215  226  234  241  248  256  265  277  290  302
  313  320  323  323  323  322  323  326  331  338  346  354  362  368  372  371
  368  363  358  352  347  342  338  334  331  328  325  321  315  309  302  294
  285  275  264  251  238  227  217  211  206  204  202  201  200  198  196  193
  188  184  178  174  168  160  155  151  143                                   
    45.0-180.0 180.0   5.0 450.0                            LAT/LON1/LON2/DLON/H
  156  157  159  173  190  210  228  241  252  260  267  274  282  292  303  315
  325  332  335  336  335  335  337  341  347  355  364  373  381  386  389  388
  384  380  377  373  370  366  362  357  353  348  343  337  330  322  313  305
  295  283  269  254  239  225  215  208  204  202  201  201  200  199  199  196
  192  190  185  182  178  173  168  164  156                                   
    42.5-180.0 180.0   5.0 450.0                            LAT/LON1/LON2/DLON/H
  166  166  165  179  197  218  238  254  268  279  287  294  300  308  318  329
  338  346  349  350  350  351  354  359  366  375  384  393  400  404  406  406
  404  403  403  403  402  398  392  385  377  369  360  351  341  330  320  309
  297  283  267  249  232  216  205  197  193  191  191  191  191  191  192  191
  189  189  185  184  182  180  176  173  166                                   
    40.0-180.0 180.0   5.0 450.0                            LAT/LON1/LON2/DLON/H
  171  172  169  182  201  221  244  263  280  295  305  312  317  323  331  341
  350  358  363  365  367  369  373  379  386  394  403  411  419  424  427  430
  432  436  441  445  445  441  432  420  407  394  380  367  352  339  325  312
  298  282  263  243  223  206  194  186  182  180  179  178  178  178  181  183
  183  184  181  181  181  181  178  174  171                                   
    37.5-180.0 180.0   5.0 450.0                            LAT/LON1/LON2/DLON/H
  170  172  168  181  200  219  243  264  286  303  316  325  330  336  342  351
  360  368  374  379  382  386  391  397  404  413  422  431  441  449  457  465
  474  485  495  503  504  498  484  465  446  427  408  390  371  354  338  322
  306  287  266  244  223  206  192  184  179  177  175  173  171  172  175  179
  181  183  180  178  177  178  176  170  170                                   
    35.0-180.0 180.0   5.0 450.0                            LAT/LON1/LON2/DLON/H
  166  168  165  176  194  212  237  260  284  305  321  332  339  344  350  358
  367  376  384  390  396  401  407  413  421  431  442  455  469  484  500  517
  534  552  568  579  579  568  547  522  495  471  447  425  403  383  364  346
  328  307  285  262  240  222  208  199  194  191  188  185  182  181  185  190
  192  193  188  183  178  176  172  164  166                                   
    32.5-180.0 180.0   5.0 450.0                            LAT/LON1/LON2/DLON/H
  161  165  161  171  187  202  228  252  278  301  320  334  343  349  355  363
  372  381  391  400  408  415  421  429  438  451  467  486  508  533  558  585
  612  637  657  668  665  647  619  586  554  526  499  474  449  427  406  387
  367  345  323  300  279  261  247  238  233  229  225  221  216  215  218  222
  223  222  212  201  188  180  172  160  161                                   
    30.0-180.0 180.0   5.0 450.0                            LAT/LON1/LON2/DLON/H
  161  164  160  167  180  193  219  241  268  294  315  332  344  352  360  367
  376  386  397  408  419  428  436  445  458  476  499  527  560  595  632  668
  703  733  753  760  750  725  690  652  617  586  559  532  507  483  461  440
  420  398  377  356  337  321  308  300  295  292  288  283  277  274  275  278
  276  269  253  234  212  194  181  164  161                                   
    27.5-180.0 180.0   5.0 450.0                            LAT/LON1/LON2/DLON/H
  168  170  162  168  178  188  211  233  259  285  309  329  344  355  364  372
  381  392  404  418  430  442  452  465  483  508  540  578  621  667  713  757
  795  824  839  837  818  786  746  706  671  642  615  589  564  539  516  494
  474  453  434  417  402  389  379  374  371  371  368  363  357  352  352  351
  345  332  308  280  246  217  197  175  168                                   
    25.0-180.0 180.0   5.0 450.0                            LAT/LON1/LON2/DLON/H
  182  180  170  173  179  187  207  226  251  278  302  325  344  358  369  379
  388  400  413  429  444  458  472  489  514  547  589  637  688  741  791  836
  871  891  895  882  855  817  776  738  706  680  656  631  605  579  555  532
  511  493  477  464  454  446  440  439  441  444  445  443  438  433  431  427
  416  398  367  331  287  246  221  195  182                                   
    22.5-180.0 180.0   5.0 450.0                            LAT/LON1/LON2/DLON/H
  199  192  180  180  184  190  207  224  246  272  298  322  344  362  376  387
  398  410  425  442  459  476  494  517  549  590  640  694  750  803  851  889
  913  920  909  885  851  812  774  741  714  692  670  646  620  592  566  542
  522  505  494  486  480  476  475  478  484  492  498  499  497  494  491  485
  471  450  416  376  325  276  247  221  199                                   
    20.0-180.0 180.0   5.0 450.0                            LAT/LON1/LON2/DLON/H
  216  202  189  186  187  193  208  223  243  268  294  320  345  366  383  396
  409  422  439  457  476  496  518  547  585  633  687  743  796  842  880  905
  913  904  880  847  810  775  744  718  697  679  660  636  607  576  547  522
  502  489  482  479  477  477  478  485  495  507  517  522  522  521  518  510
  495  474  442  403  351  299  270  246  216                                   
    17.5-180.0 180.0   5.0 450.0                            LAT/LON1/LON2/DLON/H
  228  206  191  186  185  193  207  222  241  264  290  318  344  368  388  404
  419  435  453  473  493  515  541  574  618  669  724  776  819  852  873  880
  872  850  817  781  748  720  698  681  667  652  633  607  574  538  505  479
  460  450  447  448  450  453  457  466  479  493  505  512  514  513  509  500
  484  465  438  403  357  308  282  263  228                                   
    15.0-180.0 180.0   5.0 450.0                            LAT/LON1/LON2/DLON/H
  233  204  187  180  178  187  203  218  238  261  286  315  343  369  391  411
  429  447  467  487  508  531  560  597  644  696  747  788  816  830  833  824
  804  775  741  709  683  665  653  644  635  622  602  571  533  492  455  428
  411  403  403  407  411  416  422  431  444  458  470  477  479  477  472  461
  445  427  405  378  343  301  280  265  233                                   
    12.5-180.0 180.0   5.0 450.0                            LAT/LON1/LON2/DLON/H
  230  197  176  168  166  175  194  211  233  256  282  311  340  367  392  415
  437  458  479  499  519  543  574  614  662  712  754  780  790  785  772  753
  728  700  672  648  632  624  621  618  612  600  577  542  499  454  415  388
  372  367  368  373  378  382  386  394  404  416  424  428  428  423  416  403
  385  370  353  335  312  281  265  252  230                                   
    10.0-180.0 180.0   5.0 450.0                            LAT/LON1/LON2/DLON/H
  219  186  162  155  152  161  182  202  226  252  279  308  337  366  393  418
  443  466  488  508  528  551  583  624  671  715  746  756  749  730  708  686
  664  642  624  611  606  607  611  612  607  592  566  528  482  436  398  372
  359  355  357  360  362  362  363  366  372  377  380  379  374  366  355  339
  321  307  295  285  274  253  241  230  219                                   
     7.5-180.0 180.0   5.0 450.0                            LAT/LON1/LON2/DLON/H
  204  173  147  141  140  147  171  194  221  249  278  308  338  367  395  422
  449  474  495  514  533  556  588  630  674  710  728  725  706  680  656  637
