data/edconvlstm_nd/pred0520.15i
     1.0            IONOSPHERE MAPS     GNSS                IONEX VERSION / TYPE
pyspatialgeodesy        IME             05-JAN-18 20:20     PGM / RUN BY / DATE 
Map Name                                                    COMMENT             
Predicted global ionosphere maps (GIM).                     DESCRIPTION         
  2015     2    21     0     0     0                        EPOCH OF FIRST MAP  
  2015     2    22     0     0     0                        EPOCH OF LAST MAP   
  7200                                                      INTERVAL            
    13                                                      # OF MAPS IN FILE   
  NONE                                                      MAPPING FUNCTION    
10.0                                                        ELEVATION CUTOFF    
One-way carrier phase leveled to code                       OBSERVABLES USED    
  6371.0                                                    BASE RADIUS         
 2                                                          MAP DIMENSION       
   450.0 450.0   0.0                                        HGT1 / HGT2 / DHGT  
    87.5 -87.5  -2.5                                        LAT1 / LAT2 / DLAT  
  -180.0 180.0   5.0                                        LON1 / LON2 / DLON  
    -1                                                      EXPONENT            
                                                            END OF HEADER       
[from data line 1716]
     5                                                      START OF TEC MAP    
  2015     2    21     8     0     0                        EPOCH OF CURRENT MAP
    87.5-180.0 180.0   5.0 450.0                            LAT/LON1/LON2/DLON/H
   75   75   73   80   83   86   86   84   86   89   90   91   91   91   91   90
   90   89   88   87   86   85   84   83   83   82   82   81   81   81   81   82
   82   82   83   83   83   84   84   85   85   86   86   87   87   87   88   88
   87   87   86   85   84   83   82   80   78   76   74   72   70   69   67   66
   66   67   65   64   69   71   82   85   75                                   
    85.0-180.0 180.0   5.0 450.0                            LAT/LON1/LON2/DLON/H
   66   73   75   75   79   84   87   88   91   94   95   96   96   96   96   95
   94   92   91   90   88   87   86   85   85   84   84   84   84   84   85   85
   86   87   88   89   90   91   92   93   94   96   97   98   99  100  100  100
  100  100   99   98   96   95   92   90   87   84   81   78   75   73   70   68
   68   67   62   61   60   64   72   75   66                                   
    82.5-180.0 180.0   5.0 450.0                            LAT/LON1/LON2/DLON/H
   61   65   73   73   75   81   85   89   92   95   97   98   98   97   95   93
   91   88   86   83   80   78   76   74   73   72   72   72   72   73   74   75
   77   78   80   82   85   87   90   93   96   99  102  104  107  109  111  113
  114  114  114  113  111  109  106  103   99   94   90   85   80   76   71   68
   65   63   58   56   58   56   53   57   61                                   
    80.0-180.0 180.0   5.0 450.0                            LAT/LON1/LON2/DLON/H
   64   58   64   66   70   73   80   85   90   93   95   96   96   94   92   88
   85   81   77   73   69   66   63   61   59   59   58   59   60   61   63   65
   68   71   74   78   82   86   90   95  100  105  110  115  120  125  129  133
  136  138  139  139  138  136  133  128  123  117  110  103   96   89   82   75
   70   64   59   55   54   52   52   52   64                                   
    77.5-180.0 180.0   5.0 450.0                            LAT/LON1/LON2/DLON/H
   69   58   61   64   65   72   79   85   91   93   94   96   95   93   89   85
   81   76   70   65   61   57   53   51   50   49   49   50   52   55   59   63
   67   71   76   81   86   92   98  105  112  119  127  134  142  150  157  164
  169  174  178  180  180  179  176  171  165  158  150  141  131  121  111  101
   91   82   72   67   61   48   47   52   69                                   
    75.0-180.0 180.0   5.0 450.0                            LAT/LON1/LON2/DLON/H
   69   59   58   62   63   70   76   81   86   88   89   89   87   85   81   77
   72   67   62   57   53   49   45   43   42   42   43   45   48   52   57   62
   67   73   78   84   90   97  105  113  122  131  141  151  161  172  182  192
  200  208  214  218  220  220  218  214  208  201  192  182  171  159  146  134
  121  107   95   81   73   58   54   55   69                                   
    72.5-180.0 180.0   5.0 450.0                            LAT/LON1/LON2/DLON/H
   74   64   62   65   68   75   82   86   89   90   89   89   87   84   81   77
   73   68   63   59   54   50   47   45   44   44   46   49   52   57   63   69
   75   81   88   95  102  110  118  128  138  149  161  173  185  197  210  221
  232  241  249  255  258  260  258  255  249  242  233  223  212  199  187  173
  158  143  128  111   96   77   69   69   74                                   
    70.0-180.0 180.0   5.0 450.0                            LAT/LON1/LON2/DLON/H
   82   69   67   69   71   77   82   85   87   86   85   84   81   78   76   73
   70   67   63   60   56   53   51   49   49   49   51   54   59   64   69   75
   82   88   95  102  110  118  128  138  150  162  175  188  202  215  229  242
  254  264  273  280  284  285  284  280  275  267  259  249  238  226  213  200
  185  169  153  134  115   93   87   86   82                                   
    67.5-180.0 180.0   5.0 450.0                            LAT/LON1/LON2/DLON/H
   80   68   66   69   72   77   82   84   85   83   81   80   77   75   73   72
   70   69   67   65   62   60   58   57   57   58   59   62   65   70   74   80
   86   92   99  106  114  124  134  146  159  172  186  199  213  227  240  253
  265  275  283  290  293  294  293  289  283  276  267  258  248  237  225  213
  199  182  166  146  126  103   94   93   80                                   
    65.0-180.0 180.0   5.0 450.0                            LAT/LON1/LON2/DLON/H
   77   65   62   65   69   75   79   82   82   80   78   76   74   73   72   72
   72   72   72   71   69   68   67   66   66   66   67   68   70   72   76   81
   86   92   99  108  117  128  140  154  168  183  197  211  225  238  250  262
  272  281  288  293  296  295  293  288  282  274  266  257  247  237  225  214
  200  185  169  149  130  107   98   98   77                                   
    62.5-180.0 180.0   5.0 450.0                            LAT/LON1/LON2/DLON/H
   70   57   54   58   62   69   74   77   77   76   74   73   72   71   71   72
   73   74   75   74   74   73   73   72   71   70   69   69   69   70   72   76
   81   88   96  106  117  130  145  160  177  193  208  222  235  247  257  267
  275  282  287  290  290  289  285  280  273  266  257  249  239  228  217  205
  192  177  162  143  125  102   94   95   70                                   
    60.0-180.0 180.0   5.0 450.0                            LAT/LON1/LON2/DLON/H
   63   47   44   48   53   59   65   68   69   69   68   68   68   68   69   71
   72   73   74   73   73   72   72   71   70   68   66   63   62   61   62   66
   72   80   90  102  115  131  148  166  184  202  218  232  244  254  263  270
  276  280  283  284  283  281  276  271  264  257  249  240  230  219  206  193
  180  165  151  133  117   95   86   88   63                                   
    57.5-180.0 180.0   5.0 450.0                            LAT/LON1/LON2/DLON/H
   62   42   38   41   45   50   56   60   62   62   63   64   64   66   67   69
   70   70   70   69   68   67   67   66   65   63   59   56   52   51   52   57
   64   74   86  100  116  134  154  174  194  213  229  244  256  265  272  278
  282  284  285  284  282  279  274  269  263  257  249  240  230  217  203  189
  174  159  146  129  115   93   84   85   62                                   
    55.0-180.0 180.0   5.0 450.0                            LAT/LON1/LON2/DLON/H
   68   45   38   38   40   44   49   52   54   56   57   59   60   62   64   66
   66   66   64   62   61   60   60   59   58   56   52   47   43   42   43   49
   58   70   85  102  121  141  162  184  205  224  241  256  268  278  285  289
  292  293  292  291  288  284  280  276  271  265  259  250  239  226  210  194
  177  161  149  134  122  100   90   89   68                                   
    52.5-180.0 180.0   5.0 450.0                            LAT/LON1/LON2/DLON/H
   84   58   48   43   42   44   47   49   50   52   53   56   58   60   62   63
   63   62   59   57   55   54   54   54   53   51   47   42   38   36   39   46
   58   73   90  110  131  152  175  196  218  237  255  270  283  293  300  305
  307  307  306  303  300  297  293  289  285  281  275  267  256  242  225  208
  190  173  161  147  138  116  106  102   84                                   
    50.0-180.0 180.0   5.0 450.0                            LAT/LON1/LON2/DLON/H
  106   80   68   58   53   51   51   51   51   52   53   56   58   59   61   61
   61   59   57   55   53   52   52   52   52   50   46   41   37   36   40   49
   63   81  102  123  146  168  190  212  232  251  269  285  298  310  318  323
  325  325  323  320  317  313  310  306  302  298  292  284  274  260  244  226
  207  190  178  165  157  139  130  123  106                                   
    47.5-180.0 180.0   5.0 450.0                            LAT/LON1/LON2/DLON/H
  131  107   94   82   73   67   63   59   57   57   57   59   60   61   61   61
   60   59   58   56   56   55   56   56   56   54   51   46   42   42   46   56
   73   94  117  141  164  187  209  230  250  268  285  301  315  327  336  342
  344  344  342  338  334  330  325  321  315  310  303  296  286  273  257  240
  221  205  193  180  174  159  153  145  131                                   
    45.0-180.0 180.0   5.0 450.0                            LAT/LON1/LON2/DLON/H
  150  131  120  108   98   89   81   74   69   66   66   66   66   65   64   64
   63   62   62   63   63   64   65   65   65   63   60   55   51   50   54   65
   84  107  132  158  183  207  229  249  268  286  302  318  332  344  353  359
  362  361  358  354  348  343  336  330  322  314  305  297  287  275  261  245
  228  212  199  187  182  170  166  160  150                                   
    42.5-180.0 180.0   5.0 450.0                            LAT/LON1/LON2/DLON/H
  157  144  137  129  122  112  102   92   85   80   78   77   75   73   70   69
   68   68   70   72   75   77   78   78   77   75   71   65   60   58   62   73
   92  117  145  173  200  225  247  268  287  305  320  335  348  359  368  373
  375  374  370  365  358  351  343  333  322  311  300  290  279  267  254  240
  224  209  195  183  176  166  164  161  157                                   
    40.0-180.0 180.0   5.0 450.0                            LAT/LON1/LON2/DLON/H
  150  142  140  137  135  127  119  109  101   96   92   90   87   83   79   76
   75   76   79   84   88   90   91   90   88   85   80   74   69   65   68   79
   98  124  154  184  212  239  264  286  306  323  338  351  363  372  379  384
  385  383  380  374  368  359  350  338  325  310  295  282  269  256  243  230
  215  200  185  170  160  148  147  146  150                                   
    37.5-180.0 180.0   5.0 450.0                            LAT/LON1/LON2/DLON/H
  132  126  128  130  133  130  125  119  113  109  106  103   99   94   89   85
   83   85   89   94   99  102  101   99   96   92   87   81   75   71   73   83
  101  127  158  190  221  250  277  302  324  342  357  369  378  386  391  394
  395  395  393  389  384  377  368  355  340  322  304  286  269  254  240  227
  212  196  178  158  142  123  122  121  132                                   
    35.0-180.0 180.0   5.0 450.0                            LAT/LON1/LON2/DLON/H
  112  103  107  111  119  119  119  118  117  115  114  113  109  104   98   93
   91   92   96  102  107  109  108  105  101   97   92   86   79   75   76   84
  102  128  160  193  227  259  289  317  341  361  376  387  395  401  405  407
  410  413  415  416  415  412  405  394  379  359  337  315  294  276  259  245
  228  210  189  162  137  107  102  100  112                                   
    32.5-180.0 180.0   5.0 450.0                            LAT/LON1/LON2/DLON/H
  100   85   86   89   98  100  105  108  111  113  116  117  115  111  105  101
   98   99  102  106  110  112  111  108  104   99   94   88   82   77   77   85
  102  129  161  196  231  266  299  330  358  380  396  408  415  420  424  428
  435  443  452  460  466  468  466  459  445  425  402  376  352  329  310  293
  275  254  230  194  160  116  103   94  100                                   
    30.0-180.0 180.0   5.0 450.0                            LAT/LON1/LON2/DLON/H
  107   82   75   73   80   81   87   93   99  105  111  115  115  113  110  106
  103  103  104  108  111  112  112  110  106  102   96   90   83   79   79   87
  104  130  163  199  236  273  309  343  373  398  417  430  438  444  450  458
  471  487  504  520  533  543  547  545  535  518  495  468  442  416  393  373
  353  330  303  259  219  159  136  117  107                                   
    27.5-180.0 180.0   5.0 450.0                            LAT/LON1/LON2/DLON/H
  139  105   86   73   73   71   75   80   87   94  102  108  111  111  110  108
  106  105  106  107  110  112  113  112  109  105   98   92   85   82   83   91
  109  136  168  205  242  280  318  354  386  414  436  452  463  473  483  497
  517  541  567  591  611  627  639  643  639  627  607  583  556  528  503  479
  456  432  401  353  309  237  201  173  139                                   
    25.0-180.0 180.0   5.0 450.0                            LAT/LON1/LON2/DLON/H
  201  160  127   98   87   77   74   75   80   86   94  100  104  106  107  108
  107  106  106  107  109  113  116  117  115  109  102   95   90   88   90  100
  119  145  178  214  251  288  325  362  396  426  451  472  488  503  520  542
  570  602  634  664  690  711  728  738  741  735  721  702  678  652  624  598
  573  547  514  465  419  340  290  259  201                                   
    22.5-180.0 180.0   5.0 450.0                            LAT/LON1/LON2/DLON/H
  288  244  199  153  128  106   92   85   83   85   90   95   98  101  104  106
  107  107  107  108  111  116  121  124  123  117  109  102   97   97  101  112
  131  158  191  226  261  297  332  368  403  435  463  488  512  534  559  589
  624  662  698  730  756  779  799  813  821  822  816  805  787  764  738  711
  684  659  625  579  532  454  394  366  288                                   
    20.0-180.0 180.0   5.0 450.0                            LAT/LON1/LON2/DLON/H
  387  343  291  235  194  162  132  113  101   96   95   96   97   99  102  106
  108  109  110  111  115  122  129  134  134  128  119  111  105  105  110  122
  142  172  206  241  274  307  340  374  407  440  472  502  532  563  596  632
  672  712  748  777  800  820  838  854  865  871  873  870  861  844  822  796
  770  747  716  675  630  559  500  477  387                                   
    17.5-180.0 180.0   5.0 450.0                            LAT/LON1/LON2/DLON/H
  478  437  385  329  275  236  194  162  138  122  113  108  104  104  105  108
  112  114  115  117  121  129  139  145  146  140  129  117  110  109  114  128
  151  183  220  255  287  318  349  380  413  445  479  513  549  586  625  666
  707  746  777  800  816  830  843  856  868  878  886  891  890  881  863  840
  817  797  771  736  693  634  586  570  478                                   
    15.0-180.0 180.0   5.0 450.0                            LAT/LON1/LON2/DLON/H
  544  507  461  412  353  313  265  225  190  164  146  133  123  118  116  117
  119  121  122  124  129  138  149  157  158  149  135  119  109  107  114  130
  157  192  231  268  301  331  360  389  419  451  485  522  562  603  644  686
  725  759  784  799  809  816  824  832  842  852  863  874  880  876  863  843
  821  803  783  752  713  665  634  627  544                                   
    12.5-180.0 180.0   5.0 450.0                            LAT/LON1/LON2/DLON/H
  575  541  503  465  411  375  330  289  249  218  193  173  156  144  136  133
  132  132  132  133  138  146  157  165  165  154  135  117  105  103  111  130
  161  200  242  281  315  344  371  398  425  456  490  528  570  611  652  691
  726  754  773  784  789  791  794  799  805  813  824  836  845  845  834  815
  793  775  758  729  695  655  637  638  575                                   
    10.0-180.0 180.0   5.0 450.0                            LAT/LON1/LON2/DLON/H
  575  543  512  484  441  411  374  340  303  272  246  224  203  184  169  159
  152  147  144  143  145  152  162  169  167  153  132  113  101  100  111  133
  167  208  252  292  326  354  380  404  429  458  492  530  571  611  650  684
  714  737  752  761  764  764  765  767  770  775  784  795  804  804  794  773
  750  730  712  684  654  619  609  613  575                                   
     7.5-180.0 180.0   5.0 450.0                            LAT/LON1/LON2/DLON/H
  556  523  495  476  445  422  395  369  341  316  295  276  255  233  212  194
  179  167  158  152  151  156  163  169  164  149  129  112  102  103  115  139
