data/edconvlstm_nd/pred2850.15i
     1.0            IONOSPHERE MAPS     GNSS                IONEX VERSION / TYPE
pyspatialgeodesy        IME             05-JAN-18 20:20     PGM / RUN BY / DATE 
Map Name                                                    COMMENT             
Predicted global ionosphere maps (GIM).                     DESCRIPTION         
  2015    10    12     0     0     0                        EPOCH OF FIRST MAP  
  2015    10    13     0     0     0                        EPOCH OF LAST MAP   
  7200                                                      INTERVAL            
    13                                                      # OF MAPS IN FILE   
  NONE                                                      MAPPING FUNCTION    
10.0                                                        ELEVATION CUTOFF    
One-way carrier phase leveled to code                       OBSERVABLES USED    
  6371.0                                                    BASE RADIUS         
 2                                                          MAP DIMENSION       
   450.0 450.0   0.0                                        HGT1 / HGT2 / DHGT  
    87.5 -87.5  -2.5                                        LAT1 / LAT2 / DLAT  
  -180.0 180.0   5.0                                        LON1 / LON2 / DLON  
    -1                                                      EXPONENT            
                                                            END OF HEADER       
[from data line 3861]
    10                                                      START OF TEC MAP    
  2015    10    12    18     0     0                        EPOCH OF CURRENT MAP
    87.5-180.0 180.0   5.0 450.0                            LAT/LON1/LON2/DLON/H
   75   79   78   81   86   84   84   81   82   85   85   86   87   88   89   90
   91   91   91   91   91   90   89   88   87   86   84   83   81   79   78   76
   75   74   73   72   71   70   70   70   69   69   69   69   70   70   70   70
   71   71   72   72   72   73   73   73   74   74   74   74   74   75   75   75
   75   75   72   68   72   72   87   89   75                                   
    85.0-180.0 180.0   5.0 450.0                            LAT/LON1/LON2/DLON/H
   81   80   92   74   76   79   79   81   82   85   85   87   88   90   91   92
   94   94   95   95   95   94   94   93   91   90   88   86   84   82   80   78
   76   75   73   72   71   70   70   70   69   69   69   69   69   70   70   70
   71   71   71   72   72   72   73   73   73   73   74   74   74   74   74   74
   75   74   70   66   70   71   77   74   81                                   
    82.5-180.0 180.0   5.0 450.0                            LAT/LON1/LON2/DLON/H
   63   65   69   61   66   68   71   72   74   77   79   82   84   87   89   91
   93   94   96   96   96   96   95   94   92   90   87   85   82   79   76   73
   71   68   67   65   64   63   62   61   60   60   60   60   60   61   61   62
   62   62   63   63   64   64   64   64   65   65   65   65   65   65   65   65
   65   64   61   58   63   73   68   67   63                                   
    80.0-180.0 180.0   5.0 450.0                            LAT/LON1/LON2/DLON/H
   45   47   56   51   55   54   59   61   65   69   72   76   79   83   85   88
   90   92   94   94   94   94   93   91   88   85   82   78   75   71   67   64
   61   59   56   55   54   53   52   51   51   51   51   51   52   52   53   54
   55   56   56   57   57   57   58   58   58   58   58   58   58   58   58   58
   58   58   57   55   54   60   55   61   45                                   
    77.5-180.0 180.0   5.0 450.0                            LAT/LON1/LON2/DLON/H
   50   46   46   43   48   49   53   57   62   65   69   74   78   83   86   90
   93   95   97   98   98   98   96   94   91   87   83   78   73   68   64   60
   56   53   51   49   47   46   45   44   43   43   43   43   43   44   45   46
   47   48   49   50   50   50   50   50   50   50   50   51   51   51   51   51
   51   52   51   51   49   50   48   55   50                                   
    75.0-180.0 180.0   5.0 450.0                            LAT/LON1/LON2/DLON/H
   38   38   38   38   42   44   48   52   58   63   67   73   77   81   85   88
   91   93   95   97   97   97   96   94   91   87   82   77   71   66   61   57
   54   51   49   47   46   45   44   43   42   42   42   42   42   43   44   45
   46   46   47   47   47   47   47   46   46   46   45   46   46   46   47   48
   48   50   51   49   48   46   42   40   38                                   
    72.5-180.0 180.0   5.0 450.0                            LAT/LON1/LON2/DLON/H
   41   39   37   39   41   43   48   51   56   61   65   70   74   78   81   84
   87   89   91   93   94   95   94   92   89   84   79   73   68   62   57   53
   50   47   46   44   43   42   41   40   38   37   36   36   36   36   37   38
   39   40   40   40   40   39   38   37   36   36   36   36   36   37   38   40
   41   42   43   42   41   41   40   43   41                                   
    70.0-180.0 180.0   5.0 450.0                            LAT/LON1/LON2/DLON/H
   38   38   39   40   42   45   48   53   59   64   69   73   76   79   81   83
   85   87   90   92   94   95   95   94   92   88   83   77   71   65   60   56
   53   51   49   48   47   46   44   42   40   39   37   36   36   36   37   38
   39   40   40   40   39   37   36   34   33   32   32   32   33   34   36   37
   39   41   43   42   43   44   47   48   38                                   
    67.5-180.0 180.0   5.0 450.0                            LAT/LON1/LON2/DLON/H
   40   41   40   43   46   49   55   59   65   69   74   77   80   82   83   84
   85   87   89   92   94   96   97   96   95   91   86   81   75   69   63   59
   56   53   52   51   49   48   45   43   40   37   35   34   33   34   34   36
   37   37   37   37   35   34   32   31   29   29   28   29   30   31   33   35
   36   38   39   38   39   42   43   44   40                                   
    65.0-180.0 180.0   5.0 450.0                            LAT/LON1/LON2/DLON/H
   36   40   40   45   47   51   57   62   69   74   78   81   83   84   84   85
   86   88   90   93   96   99  100  101  100   97   93   88   82   76   70   65
   61   58   56   54   52   49   46   42   39   35   33   31   30   31   32   33
   34   34   34   33   32   30   29   28   27   26   26   27   28   29   30   32
   33   35   37   37   38   42   44   46   36                                   
    62.5-180.0 180.0   5.0 450.0                            LAT/LON1/LON2/DLON/H
   35   39   39   45   48   52   59   65   72   77   82   85   87   88   88   88
   90   92   95   98  101  104  106  107  106  104  100   95   89   83   77   71
   66   62   58   55   52   48   44   40   36   32   29   28   27   27   28   29
   30   30   30   29   28   27   26   25   25   25   25   26   27   28   29   30
   30   31   32   33   34   37   39   41   35                                   
    60.0-180.0 180.0   5.0 450.0                            LAT/LON1/LON2/DLON/H
   33   38   39   45   48   51   58   65   73   78   83   87   90   91   92   93
   95   97  100  104  107  109  111  112  112  110  107  103   97   91   84   77
   71   65   61   56   52   47   42   37   32   29   26   24   24   24   24   25
   25   25   25   24   24   23   23   23   23   24   25   26   26   27   28   28
   27   27   28   28   29   33   34   37   33                                   
    57.5-180.0 180.0   5.0 450.0                            LAT/LON1/LON2/DLON/H
   33   38   40   46   49   52   59   66   74   80   86   90   93   96   98  100
  103  106  109  112  114  116  117  117  117  116  114  110  106  100   93   85
   78   71   65   59   54   48   43   38   33   29   27   26   25   25   24   24
   24   23   22   22   22   22   22   23   24   25   27   28   29   29   29   29
   28   27   26   26   27   30   30   34   33                                   
    55.0-180.0 180.0   5.0 450.0                            LAT/LON1/LON2/DLON/H
   36   42   45   50   53   56   63   69   76   82   88   94   98  102  105  108
  111  115  118  120  121  121  121  121  120  119  118  116  113  108  101   93
   85   78   70   64   58   52   46   41   37   34   31   30   29   28   27   26
   24   23   21   21   21   21   23   24   26   28   29   31   32   32   32   31
   30   28   28   27   28   29   28   33   36                                   
    52.5-180.0 180.0   5.0 450.0                            LAT/LON1/LON2/DLON/H
   42   49   53   58   61   64   70   75   81   86   92   98  103  108  112  116
  120  123  125  126  126  125  123  121  120  120  120  119  117  114  108  101
   93   85   78   71   65   59   53   49   45   42   40   38   37   35   33   31
   28   26   24   23   24   24   26   28   30   32   34   35   36   36   36   36
   35   34   33   32   32   32   31   36   42                                   
    50.0-180.0 180.0   5.0 450.0                            LAT/LON1/LON2/DLON/H
   51   59   64   70   74   77   81   85   89   94   99  105  111  116  121  125
  128  130  131  131  129  126  123  121  120  120  120  121  120  118  113  107
  100   93   86   80   74   69   64   60   56   53   51   50   48   45   42   39
   36   33   31   30   30   31   32   34   36   38   39   41   41   42   43   43
   42   42   42   41   39   39   38   41   51                                   
    47.5-180.0 180.0   5.0 450.0                            LAT/LON1/LON2/DLON/H
   63   72   78   85   89   93   96   99  102  105  108  114  119  125  129  133
  135  136  136  134  131  128  124  121  119  119  121  122  122  121  117  112
  107  101   95   90   85   80   76   72   69   66   64   62   59   56   53   50
   46   43   41   40   40   40   41   42   43   45   46   47   48   48   50   51
   51   52   53   52   50   49   48   50   63                                   
    45.0-180.0 180.0   5.0 450.0                            LAT/LON1/LON2/DLON/H
   73   83   91   99  105  110  113  115  116  118  120  124  129  134  138  141
  142  141  140  138  135  131  127  124  122  121  122  123  124  123  121  117
  113  109  104  101   97   93   89   84   81   77   75   72   70   67   64   61
   58   55   53   52   51   51   51   51   52   52   53   53   54   55   57   59
   61   63   64   63   61   60   59   60   73                                   
    42.5-180.0 180.0   5.0 450.0                            LAT/LON1/LON2/DLON/H
   81   91   99  110  118  125  128  131  131  132  133  136  140  144  147  149
  148  146  145  143  140  137  133  130  127  126  126  127  127  126  124  122
  120  117  115  112  108  104  100   95   90   86   83   80   77   75   73   70
   68   67   65   64   63   62   61   61   60   60   60   60   61   62   64   66
   69   71   73   73   71   70   69   69   81                                   
    40.0-180.0 180.0   5.0 450.0                            LAT/LON1/LON2/DLON/H
   84   93  103  116  126  135  140  143  144  145  145  147  150  153  156  156
  154  152  150  149  148  146  142  139  136  134  134  133  133  132  130  129
  129  128  127  125  121  116  109  103   96   91   87   84   82   80   79   78
   77   75   74   73   72   70   69   68   67   67   66   67   67   68   69   72
   74   77   79   78   76   75   74   75   84                                   
    37.5-180.0 180.0   5.0 450.0                            LAT/LON1/LON2/DLON/H
   83   92  101  117  129  139  146  152  154  155  155  157  159  162  163  163
  161  159  157  157  157  156  153  149  146  145  144  143  142  141  141  142
  143  144  143  140  135  127  118  109  101   94   89   86   84   83   82   82
   81   80   79   78   77   75   74   73   72   72   72   72   73   73   74   75
   76   78   80   80   77   76   73   77   83                                   
    35.0-180.0 180.0   5.0 450.0                            LAT/LON1/LON2/DLON/H
   80   87   96  113  127  139  149  157  160  163  163  164  166  168  169  169
  167  165  165  165  166  165  163  160  157  156  156  155  155  155  157  160
  164  166  165  160  151  140  127  115  104   97   91   88   86   84   84   83
   82   81   80   78   77   77   76   76   76   77   77   78   77   77   77   77
   77   78   79   78   74   72   69   75   80                                   
    32.5-180.0 180.0   5.0 450.0                            LAT/LON1/LON2/DLON/H
   77   83   92  109  124  136  148  158  165  168  170  171  172  174  175  174
  173  171  171  172  173  172  170  167  166  167  169  170  172  175  180  186
  192  195  193  185  172  155  138  122  109  100   94   91   88   86   85   83
   82   80   78   76   76   76   77   78   79   81   82   82   82   80   79   78
   76   76   76   75   70   68   65   72   77                                   
    30.0-180.0 180.0   5.0 450.0                            LAT/LON1/LON2/DLON/H
   76   82   90  107  122  134  148  159  168  173  175  177  178  179  180  179
  177  176  176  177  177  175  173  172  173  177  182  187  193  199  208  218
  227  230  226  214  196  173  151  131  116  106  100   96   92   90   87   84
   81   78   76   75   75   77   79   81   83   85   86   86   86   84   82   80
   77   76   75   73   68   65   62   70   76                                   
    27.5-180.0 180.0   5.0 450.0                            LAT/LON1/LON2/DLON/H
   80   86   94  110  124  136  150  162  172  178  182  183  185  185  185  184
  182  181  180  179  178  175  173  174  179  187  196  206  216  227  240  254
  265  268  262  245  221  193  166  143  126  115  108  103   99   96   92   88
   84   80   77   76   77   80   84   86   88   90   91   91   90   88   85   83
   80   78   77   75   70   66   64   70   80                                   
    25.0-180.0 180.0   5.0 450.0                            LAT/LON1/LON2/DLON/H
   89   95  103  117  132  143  156  168  179  185  190  192  194  194  193  191
  188  185  184  181  179  175  174  178  186  199  213  227  241  257  274  290
  303  306  296  275  245  212  181  156  137  125  118  112  108  104  100   96
   91   87   83   82   84   88   92   95   96   96   96   95   94   92   90   89
   86   85   83   80   76   72   71   75   89                                   
    22.5-180.0 180.0   5.0 450.0                            LAT/LON1/LON2/DLON/H
  100  107  115  129  144  154  167  179  189  196  201  204  206  205  203  200
  196  192  189  186  182  179  180  187  200  216  234  251  268  286  305  324
  337  339  327  301  267  230  196  169  149  136  127  122  117  113  110  107
  104   99   96   95   97  102  105  107  105  103  101   99   97   96   95   95
   94   93   91   89   84   80   81   82  100                                   
    20.0-180.0 180.0   5.0 450.0                            LAT/LON1/LON2/DLON/H
  111  120  129  143  158  169  183  193  203  211  217  220  222  221  218  213
  208  203  200  196  193  192  197  207  223  242  261  278  294  313  333  351
  363  364  349  322  285  246  211  182  160  146  136  130  125  123  123  122
  121  117  114  113  116  120  122  121  117  111  106  102  100   99   99  101
  101  102  100   98   94   90   92   91  111                                   
    17.5-180.0 180.0   5.0 450.0                            LAT/LON1/LON2/DLON/H
  121  131  141  157  174  185  200  210  220  229  235  240  242  241  236  230
  225  220  217  215  214  217  226  240  258  277  293  308  322  338  355  372
  382  380  364  336  299  261  225  195  172  155  144  136  133  133  136  139
  140  139  137  136  138  141  141  137  129  120  112  106  102  100  102  105
  107  109  108  105  102   97  100   99  121                                   
    15.0-180.0 180.0   5.0 450.0                            LAT/LON1/LON2/DLON/H
  127  140  151  168  187  200  216  226  238  247  255  262  265  264  260  253
  247  243  242  243  246  254  267  285  303  319  331  340  349  360  373  385
  392  388  372  346  312  275  240  210  185  165  151  142  139  142  149  156
  161  161  160  159  160  161  159  152  141  128  117  108  103  101  103  107
  110  113  112  109  105  101  104  104  127                                   
    12.5-180.0 180.0   5.0 450.0                            LAT/LON1/LON2/DLON/H
  129  144  157  176  198  213  231  242  254  265  275  284  290  290  286  280
  275  273  275  280  288  301  318  336  354  366  372  374  376  380  388  395
  397  392  378  354  325  292  259  228  200  177  160  149  147  152  162  173
  180  182  180  178  178  178  174  164  150  135  122  111  104  102  104  108
  111  113  112  108  104  100  103  105  129                                   
    10.0-180.0 180.0   5.0 450.0                            LAT/LON1/LON2/DLON/H
  126  144  160  181  206  223  243  255  268  280  293  305  313  316  313  309
  306  308  314  323  336  352  371  390  405  413  413  407  401  399  401  403
  402  397  384  366  341  312  282  250  220  193  172  160  157  164  176  188
  196  197  194  191  189  187  182  171  156  140  125  114  106  102  103  107
  109  111  108  103   99   95   98  102  126                                   
     7.5-180.0 180.0   5.0 450.0                            LAT/LON1/LON2/DLON/H
  122  143  161  183  210  230  252  265  280  293  308  322  333  338  339  337
  338  343  354  367  384  403  422  439  451  454  447  435  424  417  414  412
