data/edconvlstm_nd/pred0290.15i
     1.0            IONOSPHERE MAPS     GNSS                IONEX VERSION / TYPE
pyspatialgeodesy        IME             05-JAN-18 20:20     PGM / RUN BY / DATE 
Map Name                                                    COMMENT             
Predicted global ionosphere maps (GIM).                     DESCRIPTION         
  2015     1    29     0     0     0                        EPOCH OF FIRST MAP  
  2015     1    30     0     0     0                        EPOCH OF LAST MAP   
  7200                                                      INTERVAL            
    13                                                      # OF MAPS IN FILE   
  NONE                                                      MAPPING FUNCTION    
10.0                                                        ELEVATION CUTOFF    
One-way carrier phase leveled to code                       OBSERVABLES USED    
  6371.0                                                    BASE RADIUS         
 2                                                          MAP DIMENSION       
   450.0 450.0   0.0                                        HGT1 / HGT2 / DHGT  
    87.5 -87.5  -2.5                                        LAT1 / LAT2 / DLAT  
  -180.0 180.0   5.0                                        LON1 / LON2 / DLON  
    -1                                                      EXPONENT            
                                                            END OF HEADER       
[from data line 3861]
    10                                                      START OF TEC MAP    
  2015     1    29    18     0     0                        EPOCH OF CURRENT MAP
    87.5-180.0 180.0   5.0 450.0                            LAT/LON1/LON2/DLON/H
   88   91   86   89   93   92   92   89   90   93   93   95   96   97   99  100
  101  102  102  103  104  104  104  104  104  104  104  103  103  103  102  102
  101  101  100  100  100   99   99   99   98   98   98   98   98   99   99   99
   99  100  100  100  101  101  101  101  100  100   99   98   98   96   95   94
   93   91   87   83   88   85  100  100   88                                   
    85.0-180.0 180.0   5.0 450.0                            LAT/LON1/LON2/DLON/H
   89   84   93   77   77   82   83   85   87   90   91   93   95   97   99  101
  102  103  104  105  106  106  106  106  106  106  106  105  105  104  103  103
  102  102  101  100  100   99   99   98   98   98   97   97   97   97   97   97
   97   97   97   97   97   97   97   97   96   96   95   94   92   91   89   88
   87   84   78   73   74   73   80   81   89                                   
    82.5-180.0 180.0   5.0 450.0                            LAT/LON1/LON2/DLON/H
   65   63   67   59   63   68   72   74   77   81   83   87   89   92   94   97
   99  100  102  103  103  104  104  104  104  104  104  103  102  102  101  100
   99   99   98   97   96   95   94   94   93   92   91   90   89   88   88   88
   88   88   88   88   88   88   88   88   87   86   85   84   82   80   78   76
   74   70   65   62   63   69   62   62   65                                   
    80.0-180.0 180.0   5.0 450.0                            LAT/LON1/LON2/DLON/H
   38   37   48   42   45   45   53   58   64   70   74   79   83   87   90   93
   96   98   99  100  101  101  101  101  100   99   98   97   95   94   93   91
   90   89   88   87   86   85   83   82   81   79   78   77   76   75   74   74
   74   75   75   76   77   77   78   78   77   76   74   72   70   67   64   61
   58   55   50   48   45   47   42   48   38                                   
    77.5-180.0 180.0   5.0 450.0                            LAT/LON1/LON2/DLON/H
   34   31   36   33   38   40   48   55   61   68   74   80   86   91   95   98
  101  103  105  107  108  108  108  107  106  105  103  101   99   98   96   94
   93   91   90   88   87   85   83   81   78   76   73   71   69   68   67   67
   67   68   69   71   72   74   75   76   76   75   73   71   68   64   61   57
   53   49   46   43   42   37   35   43   34                                   
    75.0-180.0 180.0   5.0 450.0                            LAT/LON1/LON2/DLON/H
   25   28   32   32   37   41   48   56   64   73   80   88   94   99  104  107
  111  113  116  118  119  119  119  117  115  113  109  106  103  100   98   95
   93   91   89   87   85   82   80   77   75   72   69   67   65   63   62   62
   62   64   66   69   71   74   76   77   77   77   75   73   70   66   63   59
   55   53   50   45   43   37   34   31   25                                   
    72.5-180.0 180.0   5.0 450.0                            LAT/LON1/LON2/DLON/H
   32   35   36   40   43   49   58   66   74   84   92  100  107  113  117  121
  125  128  131  133  135  135  135  132  129  125  120  115  111  107  103  100
   97   94   91   88   85   82   79   75   72   69   65   62   59   57   56   56
   56   58   61   64   68   71   74   76   77   77   76   74   72   69   66   63
   60   58   55   50   48   45   42   43   32                                   
    70.0-180.0 180.0   5.0 450.0                            LAT/LON1/LON2/DLON/H
   39   43   44   47   51   57   65   75   86   97  106  115  122  128  132  136
  140  145  149  152  155  156  155  151  147  141  134  128  122  117  112  107
  103   98   94   89   85   81   77   73   69   65   62   59   56   54   52   52
   53   55   58   62   66   69   73   75   76   77   76   75   73   71   70   68
   66   65   65   62   60   58   59   58   39                                   
    67.5-180.0 180.0   5.0 450.0                            LAT/LON1/LON2/DLON/H
   51   54   54   58   62   69   78   90  100  113  123  133  140  146  150  154
  159  164  169  174  177  178  176  171  164  156  149  141  135  129  123  118
  112  106   99   92   86   80   74   70   66   62   59   56   53   51   49   49
   49   51   54   58   62   66   69   72   73   74   74   73   73   72   72   72
   72   73   73   71   69   70   69   68   51                                   
    65.0-180.0 180.0   5.0 450.0                            LAT/LON1/LON2/DLON/H
   56   58   58   63   66   74   83   96  108  122  134  145  153  159  164  169
  174  181  187  193  197  197  194  187  179  170  161  154  148  143  137  130
  123  114  104   95   85   77   71   65   61   58   55   53   50   48   45   44
   44   45   47   50   54   58   61   63   65   66   66   66   67   67   68   70
   72   74   77   77   77   79   79   80   56                                   
    62.5-180.0 180.0   5.0 450.0                            LAT/LON1/LON2/DLON/H
   59   59   57   63   67   75   85   99  113  129  142  154  163  171  177  183
  190  197  205  211  214  213  208  199  189  179  171  166  161  157  152  145
  136  124  111   98   86   75   67   60   56   54   51   49   47   44   41   39
   37   37   39   41   44   48   51   53   55   56   56   57   58   60   62   65
   67   71   75   75   75   77   77   79   59                                   
    60.0-180.0 180.0   5.0 450.0                            LAT/LON1/LON2/DLON/H
   56   54   52   59   63   72   83   98  114  131  146  160  171  180  187  195
  203  212  220  226  227  224  217  206  195  186  179  176  175  174  171  164
  153  138  121  104   89   76   67   60   56   53   51   50   47   44   40   36
   33   32   32   34   36   39   42   44   45   46   47   48   50   52   54   57
   60   63   67   68   67   69   70   74   56                                   
    57.5-180.0 180.0   5.0 450.0                            LAT/LON1/LON2/DLON/H
   49   47   46   54   60   69   82   98  115  133  150  165  178  188  198  207
  217  226  234  239  238  232  222  210  198  190  187  188  191  193  192  185
  172  155  135  115   98   84   73   66   62   59   58   56   53   49   44   39
   34   31   30   31   33   35   37   39   40   41   42   44   45   47   50   52
   54   57   60   60   59   59   59   65   49                                   
    55.0-180.0 180.0   5.0 450.0                            LAT/LON1/LON2/DLON/H
   46   44   45   54   61   71   85  101  118  137  155  171  185  197  208  219
  230  239  246  249  246  238  225  212  201  195  195  200  208  213  213  206
  191  172  150  129  111   97   86   78   74   71   69   68   65   60   53   47
   40   36   34   34   35   37   39   41   42   43   44   45   46   47   49   51
   53   55   57   55   53   51   49   56   46                                   
    52.5-180.0 180.0   5.0 450.0                            LAT/LON1/LON2/DLON/H
   46   46   49   59   69   80   93  109  126  144  162  179  193  206  218  230
  242  251  257  258  253  242  229  215  206  202  206  214  224  231  231  222
  206  186  164  144  127  113  103   96   90   87   85   83   80   74   68   60
   53   47   44   44   45   47   48   50   51   51   52   52   53   53   55   56
   56   57   58   56   53   49   46   52   46                                   
    50.0-180.0 180.0   5.0 450.0                            LAT/LON1/LON2/DLON/H
   53   55   60   72   84   96  109  124  140  157  173  189  203  217  229  242
  254  263  267  267  260  249  236  224  216  214  220  230  240  246  243  233
  215  194  173  155  141  130  121  114  108  104  101   98   95   91   84   77
   70   64   61   60   61   62   64   65   66   66   65   65   64   64   65   65
   65   66   66   64   60   55   50   55   53                                   
    47.5-180.0 180.0   5.0 450.0                            LAT/LON1/LON2/DLON/H
   66   69   76   89  104  118  130  144  158  174  189  203  216  228  241  254
  265  273  277  276  270  260  249  238  232  232  238  247  254  255  249  234
  215  195  176  162  152  144  137  130  123  117  113  110  108  105  100   95
   88   83   80   79   80   81   83   84   84   83   82   80   78   77   77   77
   77   78   78   76   72   67   62   64   66                                   
    45.0-180.0 180.0   5.0 450.0                            LAT/LON1/LON2/DLON/H
   81   85   93  108  124  139  151  164  178  192  206  219  230  242  253  265
  276  283  287  287  282  275  267  259  254  254  257  262  263  258  246  229
  209  190  175  165  158  153  147  140  132  124  119  116  115  114  112  109
  105  101   99   98   98   99  100  101  101  100   98   94   91   89   89   89
   89   90   91   90   87   82   77   79   81                                   
    42.5-180.0 180.0   5.0 450.0                            LAT/LON1/LON2/DLON/H
   94   97  106  123  140  156  168  182  195  210  224  236  246  256  266  276
  286  293  297  298  296  293  288  283  279  277  275  273  267  256  240  221
  202  186  175  168  164  160  154  146  136  127  121  118  117  118  118  117
  115  113  111  111  111  112  113  114  115  113  110  106  102   99   98   98
   98  100  101  101  100   95   92   94   94                                   
    40.0-180.0 180.0   5.0 450.0                            LAT/LON1/LON2/DLON/H
  102  104  112  131  149  165  179  194  209  225  239  251  261  269  278  287
  296  302  307  310  312  313  311  307  302  296  289  280  269  254  236  219
  204  192  185  180  176  171  163  152  140  129  122  117  117  118  119  119
  118  117  116  116  117  118  119  121  122  121  118  114  109  106  104  103
  103  104  106  107  106  102  100  105  102                                   
    37.5-180.0 180.0   5.0 450.0                            LAT/LON1/LON2/DLON/H
  103  103  112  132  150  167  183  200  218  237  253  266  275  282  290  298
  305  311  316  322  327  331  332  328  321  311  299  286  272  258  245  234
  225  219  214  208  201  191  179  165  151  138  128  121  118  118  118  117
  116  116  115  115  116  118  120  122  123  123  121  117  113  109  106  104
  103  103  105  105  104  101  100  106  103                                   
    35.0-180.0 180.0   5.0 450.0                            LAT/LON1/LON2/DLON/H
   99   98  108  127  147  164  183  202  223  245  264  278  288  295  301  308
  314  319  326  334  341  347  348  343  333  320  307  295  284  277  273  273
  273  273  268  258  244  226  208  190  173  157  144  134  127  122  119  116
  114  112  112  113  114  116  118  121  122  123  121  118  114  110  106  103
  100   99  100   99   97   94   92  101   99                                   
    32.5-180.0 180.0   5.0 450.0                            LAT/LON1/LON2/DLON/H
   93   92  103  123  144  161  183  204  228  252  273  289  300  306  312  317
  322  328  335  344  353  359  359  353  341  329  318  311  310  315  326  338
  349  352  346  328  304  276  250  228  208  189  173  158  145  135  126  120
  115  112  111  112  114  116  119  121  122  123  121  119  115  111  107  103
   98   96   95   92   89   85   83   92   93                                   
    30.0-180.0 180.0   5.0 450.0                            LAT/LON1/LON2/DLON/H
   90   90  104  123  146  164  187  209  235  261  283  300  311  317  322  326
  330  335  342  352  361  367  365  358  348  339  336  341  353  374  400  427
  446  452  441  413  376  338  304  276  254  233  213  193  174  157  142  131
  123  119  118  119  122  124  126  127  126  126  124  121  118  114  110  105
   99   95   92   89   85   79   76   85   90                                   
    27.5-180.0 180.0   5.0 450.0                            LAT/LON1/LON2/DLON/H
   92   95  111  130  156  175  199  221  247  272  295  311  322  328  332  335
  338  342  349  358  367  371  368  362  357  357  365  384  413  450  492  531
  557  563  544  504  453  403  361  330  305  283  260  234  209  186  166  151
  140  135  134  136  139  141  141  140  136  133  130  127  124  120  116  111
  104  100   95   90   87   80   74   82   92                                   
    25.0-180.0 180.0   5.0 450.0                            LAT/LON1/LON2/DLON/H
  101  107  124  146  175  196  219  240  264  288  308  323  332  337  340  342
  344  348  354  362  369  373  371  369  372  383  406  440  484  536  590  637
  666  667  639  586  523  462  414  380  354  330  304  276  246  219  195  177
  166  161  161  164  167  168  165  160  152  145  139  135  132  128  124  118
  111  108  102   98   95   87   78   84  101                                   
    22.5-180.0 180.0   5.0 450.0                            LAT/LON1/LON2/DLON/H
  116  123  141  167  199  223  246  265  287  308  326  338  345  348  350  351
  352  354  359  366  371  375  377  382  395  420  457  504  560  620  679  727
  751  745  707  644  571  505  453  416  389  365  338  308  277  249  225  207
  197  193  195  199  201  200  194  183  171  158  149  143  140  136  132  126
  120  119  113  110  107   99   86   92  116                                   
    20.0-180.0 180.0   5.0 450.0                            LAT/LON1/LON2/DLON/H
  132  141  157  189  225  251  275  294  314  332  346  356  360  362  363  362
  362  363  366  370  375  380  387  401  427  465  514  570  630  689  743  783
  798  782  735  667  592  524  471  434  406  381  355  326  297  271  251  237
  230  229  232  235  236  232  222  206  188  171  159  151  146  142  138  133
  127  127  122  122  119  111   97  104  132                                   
    17.5-180.0 180.0   5.0 450.0                            LAT/LON1/LON2/DLON/H
  145  155  170  207  246  275  302  322  341  358  370  377  380  381  381  380
  378  377  378  380  384  391  405  429  466  516  573  630  684  732  772  796
  797  772  721  655  584  520  470  432  403  378  352  326  302  283  269  262
  260  261  264  266  264  256  242  223  201  181  166  156  150  145  141  135
  130  132  128  129  126  119  106  115  145                                   
    15.0-180.0 180.0   5.0 450.0                            LAT/LON1/LON2/DLON/H
  151  160  176  216  258  291  321  344  365  383  395  402  405  406  407  406
  404  401  399  399  402  411  430  463  511  567  625  675  714  743  761  767
  756  725  677  618  558  502  456  418  388  361  336  314  297  285  280  279
  281  284  285  284  279  269  253  232  209  188  171  160  153  148  142  136
  131  132  128  130  128  122  110  122  151                                   
    12.5-180.0 180.0   5.0 450.0                            LAT/LON1/LON2/DLON/H
  148  155  173  214  259  296  331  358  383  404  418  427  432  436  439  440
  439  435  431  428  429  439  463  503  556  613  664  699  718  723  720  710
  690  659  620  574  527  481  440  402  370  342  318  299  287  283  284  289
  293  296  295  290  282  270  253  234  213  193  176  165  157  150  143  136
  129  130  125  126  124  119  108  122  148                                   
    10.0-180.0 180.0   5.0 450.0                            LAT/LON1/LON2/DLON/H
  139  145  165  206  252  293  333  365  395  420  439  452  461  469  476  481
  482  479  473  467  466  477  502  544  596  648  686  703  699  685  666  645
  623  598  570  539  506  470  433  396  362  332  308  291  282  281  287  294
  299  300  296  287  276  263  249  232  215  197  182  171  162  154  146  137
  129  127  121  120  117  113  103  117  139                                   
     7.5-180.0 180.0   5.0 450.0                            LAT/LON1/LON2/DLON/H
  130  136  158  199  246  289  333  369  403  432  456  474  488  502  515  525
  529  528  521  514  511  519  543  582  629  670  693  691  670  642  615  593
