data/edconvlstm_nd/pred3560.15i
     1.0            IONOSPHERE MAPS     GNSS                IONEX VERSION / TYPE
pyspatialgeodesy        IME             05-JAN-18 20:20     PGM / RUN BY / DATE 
Map Name                                                    COMMENT             
Predicted global ionosphere maps (GIM).                     DESCRIPTION         
  2015    12    22     0     0     0                        EPOCH OF FIRST MAP  
  2015    12    23     0     0     0                        EPOCH OF LAST MAP   
  7200                                                      INTERVAL            
    13                                                      # OF MAPS IN FILE   
  NONE                                                      MAPPING FUNCTION    
10.0                                                        ELEVATION CUTOFF    
One-way carrier phase leveled to code                       OBSERVABLES USED    
  6371.0                                                    BASE RADIUS         
 2                                                          MAP DIMENSION       
   450.0 450.0   0.0                                        HGT1 / HGT2 / DHGT  
    87.5 -87.5  -2.5                                        LAT1 / LAT2 / DLAT  
  -180.0 180.0   5.0                                        LON1 / LON2 / DLON  
    -1                                                      EXPONENT            
                                                            END OF HEADER       
[from data line 4719]
    12                                                      START OF TEC MAP    
  2015    12    22    22     0     0                        EPOCH OF CURRENT MAP
    87.5-180.0 180.0   5.0 450.0                            LAT/LON1/LON2/DLON/H
   76   67   58   59   64   60   58   54   55   57   56   58   58   59   60   60
   61   61   61   62   61   61   61   61   60   60   60   59   59   58   58   57
   57   57   57   57   57   57   57   58   58   59   60   61   61   62   63   64
   65   65   66   66   66   66   66   66   66   65   65   64   63   62   61   60
   59   58   54   50   55   56   76   87   76                                   
    85.0-180.0 180.0   5.0 450.0                            LAT/LON1/LON2/DLON/H
   77   70   75   57   57   60   59   60   60   63   63   64   65   66   67   67
   68   69   69   69   69   69   68   68   67   67   66   66   65   65   64   64
   63   63   63   62   62   62   63   63   64   65   66   67   68   69   70   71
   72   73   74   74   74   75   74   74   74   73   72   71   70   69   67   66
   65   63   58   54   58   62   65   59   77                                   
    82.5-180.0 180.0   5.0 450.0                            LAT/LON1/LON2/DLON/H
   48   52   51   43   48   50   51   50   53   54   56   58   60   62   63   64
   65   66   66   66   66   66   66   65   64   64   63   62   61   60   59   59
   58   57   56   56   55   55   56   56   57   58   59   60   61   63   65   66
   67   69   70   70   71   71   71   70   69   68   67   65   64   62   60   57
   56   53   49   47   53   64   57   56   48                                   
    80.0-180.0 180.0   5.0 450.0                            LAT/LON1/LON2/DLON/H
   26   35   39   33   37   36   42   43   47   50   54   57   60   62   64   66
   66   67   67   66   66   65   63   62   61   59   58   57   56   55   54   53
   52   50   49   48   48   47   47   48   48   50   51   53   55   58   60   62
   65   66   68   69   70   70   70   69   68   67   65   63   61   58   56   52
   50   47   44   43   42   49   41   50   26                                   
    77.5-180.0 180.0   5.0 450.0                            LAT/LON1/LON2/DLON/H
   34   35   34   30   35   36   42   44   49   51   55   60   63   66   68   69
   70   70   69   68   67   65   64   62   61   59   58   57   56   55   54   53
   52   51   49   47   46   44   44   43   43   44   46   48   50   53   56   59
   61   64   66   67   69   69   69   68   68   66   64   62   60   57   54   51
   48   46   43   41   39   42   39   50   34                                   
    75.0-180.0 180.0   5.0 450.0                            LAT/LON1/LON2/DLON/H
   27   31   30   28   34   37   42   45   52   58   63   67   71   74   75   76
   75   74   72   70   68   66   64   62   61   60   59   58   58   58   58   57
   56   54   52   50   48   45   43   42   42   42   43   45   47   50   53   56
   59   62   64   65   66   67   66   66   65   64   62   60   58   56   54   51
   49   48   45   42   40   38   34   36   27                                   
    72.5-180.0 180.0   5.0 450.0                            LAT/LON1/LON2/DLON/H
   39   39   38   40   42   44   52   55   60   64   69   73   76   78   79   78
   76   73   69   66   63   60   57   56   54   54   53   54   54   55   55   55
   54   53   51   48   45   42   39   37   36   35   36   37   40   42   45   48
   50   52   54   55   55   55   55   55   55   54   54   53   52   50   49   48
   46   45   43   39   37   38   37   42   39                                   
    70.0-180.0 180.0   5.0 450.0                            LAT/LON1/LON2/DLON/H
   45   48   47   48   50   54   60   65   73   78   83   87   90   90   89   86
   82   77   72   67   63   60   57   55   54   54   54   55   56   57   58   59
   58   57   55   51   48   44   41   39   37   37   37   39   40   43   45   47
   49   50   51   52   51   51   51   51   51   51   51   51   52   51   51   51
   50   50   49   47   47   49   52   56   45                                   
    67.5-180.0 180.0   5.0 450.0                            LAT/LON1/LON2/DLON/H
   60   62   61   63   66   70   77   81   87   91   95   99  100   99   96   91
   85   78   71   65   60   56   53   50   49   48   48   49   50   51   53   54
   54   53   51   48   44   41   38   36   35   35   36   37   39   40   42   44
   44   45   45   44   44   43   43   43   44   45   47   48   49   50   51   52
   52   52   51   50   50   55   57   61   60                                   
    65.0-180.0 180.0   5.0 450.0                            LAT/LON1/LON2/DLON/H
   66   72   72   75   78   82   88   93   99  104  108  111  112  110  106  100
   92   84   76   69   63   59   55   52   49   47   46   46   46   47   49   50
   50   49   47   44   41   38   36   35   34   35   36   38   40   41   42   42
   42   42   41   39   38   37   37   37   39   41   44   46   49   50   52   53
   54   55   56   57   59   67   71   76   66                                   
    62.5-180.0 180.0   5.0 450.0                            LAT/LON1/LON2/DLON/H
   75   83   83   86   91   96  101  105  110  113  117  119  120  118  114  108
  100   91   83   75   68   63   57   53   48   44   41   39   39   39   40   41
   41   40   38   35   33   31   29   29   30   32   34   36   38   39   39   39
   38   36   35   33   31   30   30   31   33   36   39   43   46   48   50   51
   52   54   55   57   60   69   75   80   75                                   
    60.0-180.0 180.0   5.0 450.0                            LAT/LON1/LON2/DLON/H
   80   89   91   95  100  104  110  113  118  121  124  126  127  126  123  118
  111  103   94   86   79   72   65   58   52   45   40   36   35   35   35   35
   35   33   31   28   26   25   24   25   27   30   33   35   36   37   36   35
   34   32   30   27   26   24   24   26   28   32   36   40   43   45   47   48
   49   51   54   56   61   73   81   87   80                                   
    57.5-180.0 180.0   5.0 450.0                            LAT/LON1/LON2/DLON/H
   86   96  100  104  110  115  120  123  126  127  128  130  131  132  131  129
  123  116  108  100   92   84   75   66   57   48   41   36   34   33   33   33
   32   30   27   24   22   21   22   23   26   29   32   34   35   35   34   32
   30   28   26   24   23   22   22   23   26   29   34   38   41   43   45   46
   47   49   53   56   63   76   85   93   86                                   
    55.0-180.0 180.0   5.0 450.0                            LAT/LON1/LON2/DLON/H
   94  106  112  116  121  126  131  132  134  132  133  133  135  137  139  139
  137  131  124  116  107   98   88   76   64   54   45   40   37   37   37   36
   34   31   27   24   23   22   23   24   27   30   32   34   34   33   31   29
   27   26   24   23   22   21   21   22   25   29   33   37   40   42   43   44
   46   50   55   60   67   82   92  100   94                                   
    52.5-180.0 180.0   5.0 450.0                            LAT/LON1/LON2/DLON/H
  105  119  127  131  136  141  145  144  143  139  137  136  138  142  146  148
  148  144  138  130  122  111  100   86   73   61   52   47   45   45   45   43
   40   36   32   29   27   27   27   29   31   33   34   35   34   32   30   28
   26   26   25   24   24   23   23   24   27   30   34   37   40   42   44   46
   48   54   61   68   76   92  103  111  105                                   
    50.0-180.0 180.0   5.0 450.0                            LAT/LON1/LON2/DLON/H
  121  136  147  150  155  159  161  159  155  149  144  141  142  147  152  157
  159  156  151  144  134  124  111   96   81   69   60   56   55   56   56   53
   49   45   41   38   36   36   36   36   37   38   38   37   36   33   31   29
   28   28   29   29   29   28   28   29   31   33   37   40   43   45   47   50
   54   62   71   80   90  107  118  127  121                                   
    47.5-180.0 180.0   5.0 450.0                            LAT/LON1/LON2/DLON/H
  141  158  169  172  176  179  180  176  170  162  154  149  149  153  159  165
  168  166  162  154  145  134  120  105   90   77   69   66   66   67   66   63
   58   53   49   47   46   46   46   45   45   44   43   42   39   37   34   33
   33   33   35   35   36   36   35   36   37   39   41   44   47   49   53   58
   64   74   85   97  107  126  138  147  141                                   
    45.0-180.0 180.0   5.0 450.0                            LAT/LON1/LON2/DLON/H
  163  181  192  194  198  199  199  194  186  177  168  162  160  163  168  174
  177  176  171  164  155  143  129  113   97   85   78   75   75   75   72   68
   62   57   55   54   55   55   55   54   52   51   50   48   45   43   40   39
   40   41   42   44   44   44   43   43   44   45   47   49   52   55   60   67
   74   87  101  115  126  147  160  169  163                                   
    42.5-180.0 180.0   5.0 450.0                            LAT/LON1/LON2/DLON/H
  185  203  214  214  217  217  215  211  203  194  184  177  174  176  180  185
  187  185  181  174  165  153  138  122  105   93   85   82   80   78   74   68
   62   58   57   58   61   62   62   61   59   58   57   56   53   51   49   48
   48   49   51   52   52   51   51   51   51   51   53   55   58   62   68   76
   85   99  114  130  143  166  180  190  185                                   
    40.0-180.0 180.0   5.0 450.0                            LAT/LON1/LON2/DLON/H
  203  221  231  230  234  232  230  225  218  211  202  195  192  192  195  198
  199  197  193  187  179  167  151  133  115  101   92   87   83   78   71   65
   59   57   58   61   65   67   68   66   65   64   64   64   62   60   58   57
   57   57   58   58   57   57   56   56   56   56   57   59   62   67   74   83
   93  107  123  140  155  179  196  207  203                                   
    37.5-180.0 180.0   5.0 450.0                            LAT/LON1/LON2/DLON/H
  216  234  243  243  247  244  242  238  232  227  220  214  211  211  213  214
  214  212  209  204  196  184  167  147  127  111   99   91   84   77   70   63
   59   59   61   65   69   71   72   71   70   71   72   73   72   69   67   65
   64   63   63   61   60   60   60   60   60   60   61   63   66   70   78   87
   98  112  128  144  160  186  205  219  216                                   
    35.0-180.0 180.0   5.0 450.0                            LAT/LON1/LON2/DLON/H
  227  244  253  253  258  255  255  251  247  243  238  234  232  231  232  232
  232  230  228  224  217  205  186  163  141  123  109   99   90   82   75   70
   68   69   72   75   77   78   77   76   75   77   79   81   80   78   74   72
   69   67   64   62   60   60   61   61   62   62   63   65   68   73   81   91
  101  115  130  145  161  188  210  227  227                                   
    32.5-180.0 180.0   5.0 450.0                            LAT/LON1/LON2/DLON/H
  238  254  265  263  270  268  270  266  264  261  257  255  253  252  252  251
  250  248  247  245  239  226  206  182  158  138  123  112  103   96   91   90
   91   93   94   94   92   88   84   82   82   84   87   88   87   84   80   76
   72   68   64   61   59   60   61   62   63   64   65   66   70   75   84   95
  105  118  133  147  162  190  215  232  238                                   
    30.0-180.0 180.0   5.0 450.0                            LAT/LON1/LON2/DLON/H
  253  268  280  279  288  288  291  288  286  283  280  278  276  275  273  270
  267  265  264  263  258  245  225  201  177  158  144  134  127  123  123  127
  131  133  130  123  113  104   96   92   91   92   94   94   93   89   84   79
   73   68   63   59   58   60   63   64   65   66   67   69   73   80   90  102
  113  126  139  152  167  195  222  239  253                                   
    27.5-180.0 180.0   5.0 450.0                            LAT/LON1/LON2/DLON/H
  273  287  303  302  316  317  321  318  316  312  309  306  303  299  294  288
  282  279  277  276  271  260  241  219  198  182  172  165  163  165  171  180
  186  186  177  160  141  124  112  105  102  101  101  100   97   92   87   81
   74   68   62   59   60   63   66   68   69   69   70   73   78   87   99  113
  126  140  153  165  179  207  235  250  273                                   
    25.0-180.0 180.0   5.0 450.0                            LAT/LON1/LON2/DLON/H
  299  311  330  333  352  358  364  360  357  351  345  340  334  327  317  307
  297  289  286  283  278  268  253  235  221  211  205  204  208  216  229  243
  250  245  227  199  170  147  131  120  114  110  108  104  100   95   89   83
   76   69   64   62   64   68   72   74   73   73   74   78   85   96  111  128
  143  159  172  184  198  225  255  267  299                                   
    22.5-180.0 180.0   5.0 450.0                            LAT/LON1/LON2/DLON/H
  328  338  361  369  397  408  415  412  407  399  390  381  371  359  344  327
  311  299  291  286  280  272  262  252  244  241  243  248  257  272  290  306
  311  299  270  232  196  168  149  136  127  120  114  108  103   97   92   86
   80   73   69   68   71   77   81   81   79   78   78   83   92  106  124  145
  164  182  194  207  222  247  277  286  328                                   
    20.0-180.0 180.0   5.0 450.0                            LAT/LON1/LON2/DLON/H
  356  364  391  408  443  461  471  471  465  456  443  430  415  398  376  353
  329  310  296  287  281  276  271  269  270  274  281  291  305  322  342  356
  355  335  298  254  214  184  165  151  140  129  120  112  105  100   95   91
   85   79   75   76   80   87   91   90   86   83   84   89  100  116  138  162
  184  203  217  230  244  268  299  306  356                                   
    17.5-180.0 180.0   5.0 450.0                            LAT/LON1/LON2/DLON/H
  379  387  418  442  483  509  523  528  526  518  504  488  468  445  417  385
  354  326  306  293  285  283  284  289  297  307  318  330  345  361  376  383
  375  348  306  261  223  196  179  165  151  137  125  115  108  103   99   95
   91   86   83   84   90   97  100   98   93   89   89   95  107  126  150  177
  200  222  236  249  263  285  316  324  379                                   
    15.0-180.0 180.0   5.0 450.0                            LAT/LON1/LON2/DLON/H
  395  404  435  466  512  542  563  575  579  576  565  549  527  500  466  428
  388  353  326  308  299  298  304  314  328  341  353  363  373  382  389  387
  371  339  297  256  225  204  191  177  161  144  129  118  110  105  102   99
   95   91   89   91   97  103  106  103   97   92   93  100  113  133  159  187
  212  235  249  261  275  296  326  335  395                                   
    12.5-180.0 180.0   5.0 450.0                            LAT/LON1/LON2/DLON/H
  402  414  444  476  523  557  582  600  614  620  617  606  586  559  523  480
  435  394  360  338  327  326  334  348  363  376  384  388  389  388  383  371
  348  315  278  246  224  212  202  189  171  151  133  120  112  107  103  100
   97   93   91   94  100  105  107  103   97   93   94  102  117  138  164  192
  218  241  256  267  281  300  329  340  402                                   
    10.0-180.0 180.0   5.0 450.0                            LAT/LON1/LON2/DLON/H
  401  417  444  475  521  554  582  603  624  640  648  646  634  613  581  540
  494  450  412  386  372  370  377  389  401  409  410  404  395  382  367  345
  318  287  258  238  227  221  214  200  179  157  138  124  114  108  103   99
   95   92   90   92   97  102  103  100   95   92   94  103  118  139  165  192
  217  240  256  267  281  299  326  337  401                                   
     7.5-180.0 180.0   5.0 450.0                            LAT/LON1/LON2/DLON/H
  396  417  441  467  509  540  568  588  613  636  653  663  662  651  630  597
  557  515  477  449  432  427  429  435  440  439  430  414  395  373  349  322
