data/edconvlstm_nd/pred0820.15i
     1.0            IONOSPHERE MAPS     GNSS                IONEX VERSION / TYPE
pyspatialgeodesy        IME             05-JAN-18 20:20     PGM / RUN BY / DATE 
Map Name                                                    COMMENT             
Predicted global ionosphere maps (GIM).                     DESCRIPTION         
  2015     3    23     0     0     0                        EPOCH OF FIRST MAP  
  2015     3    24     0     0     0                        EPOCH OF LAST MAP   
  7200                                                      INTERVAL            
    13                                                      # OF MAPS IN FILE   
  NONE                                                      MAPPING FUNCTION    
10.0                                                        ELEVATION CUTOFF    
One-way carrier phase leveled to code                       OBSERVABLES USED    
  6371.0                                                    BASE RADIUS         
 2                                                          MAP DIMENSION       
   450.0 450.0   0.0                                        HGT1 / HGT2 / DHGT  
    87.5 -87.5  -2.5                                        LAT1 / LAT2 / DLAT  
  -180.0 180.0   5.0                                        LON1 / LON2 / DLON  
    -1                                                      EXPONENT            
                                                            END OF HEADER       
[from data line 1716]
     5                                                      START OF TEC MAP    
  2015     3    23     8     0     0                        EPOCH OF CURRENT MAP
    87.5-180.0 180.0   5.0 450.0                            LAT/LON1/LON2/DLON/H
  128  138  140  147  148  150  149  148  150  153  155  156  158  159  159  160
  160  160  159  159  158  157  156  155  154  153  152  151  150  150  149  149
  148  148  148  148  148  148  149  149  149  149  149  149  149  149  149  148
  148  147  146  145  144  142  141  140  138  137  136  135  134  133  132  132
  133  135  133  133  137  137  143  137  128                                   
    85.0-180.0 180.0   5.0 450.0                            LAT/LON1/LON2/DLON/H
  133  151  158  156  157  161  163  165  167  170  171  173  174  174  175  175
  174  174  173  172  171  170  168  167  166  165  164  163  162  162  161  161
  161  162  162  163  164  164  165  166  167  167  168  169  169  169  169  169
  168  167  166  165  163  161  159  157  155  153  151  149  148  146  145  145
  146  148  144  143  140  143  145  144  133                                   
    82.5-180.0 180.0   5.0 450.0                            LAT/LON1/LON2/DLON/H
  136  155  162  156  156  161  163  166  169  172  173  175  175  175  174  173
  172  170  168  166  164  162  160  158  157  156  155  154  154  154  154  155
  157  158  160  162  164  166  168  170  173  174  176  178  179  180  181  181
  181  180  179  177  175  172  169  165  162  158  155  151  149  146  144  143
  143  144  140  140  141  143  139  131  136                                   
    80.0-180.0 180.0   5.0 450.0                            LAT/LON1/LON2/DLON/H
  136  149  153  149  150  152  155  158  162  165  166  167  167  166  165  163
  161  158  155  152  149  147  144  142  140  139  138  138  138  139  141  143
  146  149  153  156  160  165  169  173  177  181  185  188  191  194  196  198
  199  199  198  196  193  190  185  180  175  169  164  159  154  150  146  144
  143  141  138  139  137  140  141  127  136                                   
    77.5-180.0 180.0   5.0 450.0                            LAT/LON1/LON2/DLON/H
  134  141  145  143  141  145  148  151  155  157  157  158  157  156  153  150
  147  144  140  137  133  130  127  125  122  121  120  121  122  124  127  131
  136  142  148  154  160  167  174  180  187  193  199  205  210  216  220  224
  227  228  228  227  224  219  214  207  199  191  182  175  168  161  156  152
  148  145  140  141  139  135  132  125  134                                   
    75.0-180.0 180.0   5.0 450.0                            LAT/LON1/LON2/DLON/H
  126  134  133  132  130  135  137  140  143  145  145  145  143  141  137  134
  130  127  123  120  116  113  110  107  104  103  102  103  105  108  112  118
  124  132  140  148  157  166  175  184  193  202  210  219  228  236  243  250
  255  259  260  260  257  251  244  235  225  214  203  193  184  175  168  162
  156  151  146  140  137  132  129  121  126                                   
    72.5-180.0 180.0   5.0 450.0                            LAT/LON1/LON2/DLON/H
  121  127  126  125  123  129  132  135  138  140  139  139  136  133  129  126
  122  119  116  113  110  107  104  101   98   96   95   95   97  100  105  111
  119  128  137  147  158  168  179  190  200  211  222  233  244  255  265  274
  282  288  291  292  289  283  274  263  251  237  224  211  200  189  181  173
  167  160  155  148  141  134  129  124  121                                   
    70.0-180.0 180.0   5.0 450.0                            LAT/LON1/LON2/DLON/H
  121  120  119  117  115  120  124  128  131  133  132  131  128  124  120  117
  114  112  110  109  107  105  102   99   96   93   90   90   91   94   99  106
  114  123  133  144  155  167  179  191  203  216  228  241  254  267  280  292
  302  310  315  316  313  306  296  283  269  253  237  223  209  197  187  178
  170  163  157  148  140  132  130  128  121                                   
    67.5-180.0 180.0   5.0 450.0                            LAT/LON1/LON2/DLON/H
  113  110  108  107  105  110  115  120  124  127  127  126  123  119  115  112
  110  110  110  110  110  109  107  104  100   96   92   90   90   92   96  102
  110  119  129  140  152  164  176  189  202  216  229  243  257  272  286  300
  313  322  328  330  327  320  309  294  278  261  244  228  213  199  187  178
  169  160  153  143  135  127  123  123  113                                   
    65.0-180.0 180.0   5.0 450.0                            LAT/LON1/LON2/DLON/H
  107  101   97   96   94   99  105  111  117  121  122  122  119  116  113  110
  109  110  112  114  115  115  114  110  106  101   96   92   91   92   95  101
  108  117  127  138  150  163  176  190  204  218  232  246  260  276  291  307
  320  331  338  341  338  330  318  303  286  268  251  233  218  203  190  178
  167  157  148  137  130  121  117  119  107                                   
    62.5-180.0 180.0   5.0 450.0                            LAT/LON1/LON2/DLON/H
  101   93   88   85   82   86   91   98  105  110  113  115  113  111  108  107
  107  109  111  114  117  117  116  113  108  102   96   92   90   90   92   97
  105  114  124  136  148  162  176  191  206  220  233  247  262  277  293  309
  323  335  343  346  343  336  324  310  293  276  258  241  225  210  195  181
  168  155  144  132  123  114  109  112  101                                   
    60.0-180.0 180.0   5.0 450.0                            LAT/LON1/LON2/DLON/H
   99   88   80   75   69   70   75   81   88   94   99  102  102  101  101  100
  101  103  106  109  111  112  111  107  102   97   91   86   84   83   86   92
   99  109  120  133  147  162  178  194  210  224  237  250  263  278  294  310
  325  338  346  350  348  341  331  317  302  286  270  254  239  223  207  191
  175  159  145  132  121  110  104  105   99                                   
    57.5-180.0 180.0   5.0 450.0                            LAT/LON1/LON2/DLON/H
  102   88   79   69   61   59   60   65   71   76   81   86   88   89   90   91
   92   94   96   98  100  100   98   95   91   86   81   77   75   76   79   85
   94  106  119  133  149  166  184  201  218  232  245  257  270  283  299  315
  331  344  353  357  355  350  341  329  316  302  288  274  259  244  228  211
  193  173  157  141  129  114  106  105  102                                   
    55.0-180.0 180.0   5.0 450.0                            LAT/LON1/LON2/DLON/H
  113   96   85   71   59   53   51   52   56   60   64   69   72   75   78   80
   81   83   84   84   84   83   82   79   76   72   68   66   65   67   71   79
   90  103  118  135  153  172  192  211  229  244  257  269  280  293  308  324
  340  353  363  367  366  361  353  343  332  320  308  295  282  268  253  236
  217  196  178  160  145  127  118  112  113                                   
    52.5-180.0 180.0   5.0 450.0                            LAT/LON1/LON2/DLON/H
  129  112   99   81   66   55   50   47   47   49   51   55   59   63   67   69
   71   71   71   70   69   67   65   63   61   58   56   55   56   59   65   74
   87  103  121  140  160  181  202  223  242  259  272  283  294  307  321  337
  353  367  376  380  379  375  368  359  348  337  326  315  303  291  277  261
  243  223  204  184  167  148  137  129  129                                   
    50.0-180.0 180.0   5.0 450.0                            LAT/LON1/LON2/DLON/H
  149  132  118   98   81   67   57   50   47   45   45   48   51   55   59   61
   63   62   61   59   57   55   53   51   50   49   48   48   50   55   62   73
   88  106  126  147  168  191  213  235  256  274  288  300  311  323  337  353
  369  382  391  394  393  388  381  372  361  350  339  328  317  306  294  280
  264  247  229  209  191  172  161  151  149                                   
    47.5-180.0 180.0   5.0 450.0                            LAT/LON1/LON2/DLON/H
  167  152  138  119  100   85   73   62   54   49   46   47   49   52   55   57
   58   57   55   53   51   49   47   46   45   44   45   46   49   54   63   75
   91  111  132  155  178  201  224  247  269  289  305  317  329  340  354  369
  384  396  404  407  405  399  391  381  369  356  343  331  320  310  299  288
  275  261  245  227  211  192  182  173  167                                   
    45.0-180.0 180.0   5.0 450.0                            LAT/LON1/LON2/DLON/H
  177  165  153  137  121  106   94   81   70   61   55   53   53   55   58   58
   58   56   55   53   52   50   49   47   46   46   46   48   52   58   67   80
   97  117  140  164  187  210  233  257  281  302  320  334  345  357  369  383
  397  408  415  417  414  407  398  386  372  357  342  328  315  303  293  284
  273  262  250  234  220  203  194  187  177                                   
    42.5-180.0 180.0   5.0 450.0                            LAT/LON1/LON2/DLON/H
  175  167  159  148  135  124  113  101   89   78   69   65   64   65   65   64
   62   60   58   58   58   58   57   55   53   51   52   54   58   64   73   86
  104  125  148  171  195  218  241  266  290  313  333  348  360  371  383  395
  408  418  425  426  424  418  409  396  381  363  345  327  310  296  283  273
  263  254  244  230  217  201  194  187  175                                   
    40.0-180.0 180.0   5.0 450.0                            LAT/LON1/LON2/DLON/H
  162  156  152  146  139  132  126  117  106   95   86   81   79   78   76   73
   69   66   66   67   69   70   68   65   61   59   59   61   65   71   81   94
  111  132  155  178  201  225  249  274  300  324  346  362  375  385  396  408
  420  431  439  443  443  439  432  421  406  387  366  344  322  301  283  268
  255  245  235  221  208  190  182  176  162                                   
    37.5-180.0 180.0   5.0 450.0                            LAT/LON1/LON2/DLON/H
  143  137  134  131  129  127  126  122  116  108  101   97   95   93   89   84
   79   75   76   79   82   82   80   75   70   67   66   68   72   80   90  103
  120  139  162  185  209  232  257  284  311  337  360  378  391  402  413  425
  439  453  465  473  478  479  476  469  456  437  415  390  363  334  307  284
  263  247  235  217  201  176  168  158  143                                   
    35.0-180.0 180.0   5.0 450.0                            LAT/LON1/LON2/DLON/H
  127  117  113  109  109  110  115  116  116  112  109  108  108  106  102   95
   89   86   86   90   93   93   90   84   78   74   72   74   80   88  100  113
  129  147  168  192  217  242  268  296  325  353  377  396  411  423  435  450
  468  487  504  519  531  539  542  540  532  517  496  469  438  402  364  329
  299  274  255  231  209  174  161  147  127                                   
    32.5-180.0 180.0   5.0 450.0                            LAT/LON1/LON2/DLON/H
  125  108   98   91   90   91   97  102  106  108  109  113  116  116  113  106
  100   96   96   99  102  102   97   91   85   80   79   81   87   97  109  122
  137  155  176  200  226  254  283  312  343  372  398  419  435  450  465  484
  507  533  558  582  601  617  629  635  633  623  605  579  544  502  454  407
  365  330  303  269  240  193  174  152  125                                   
    30.0-180.0 180.0   5.0 450.0                            LAT/LON1/LON2/DLON/H
  144  117   99   86   81   78   83   88   94   98  104  112  119  122  121  116
  110  106  105  107  108  107  103   97   91   87   85   87   93  104  117  131
  146  163  184  210  238  269  300  332  364  394  421  444  464  482  502  527
  557  590  625  657  686  712  732  746  752  748  735  711  675  627  571  512
  458  413  377  334  298  239  210  181  144                                   
    27.5-180.0 180.0   5.0 450.0                            LAT/LON1/LON2/DLON/H
  186  150  123  102   90   81   81   83   87   92   99  109  118  125  127  124
  120  116  113  113  112  111  108  104  100   96   93   94   99  110  124  139
  155  173  194  221  253  286  321  354  387  418  446  472  494  517  543  574
  612  654  697  739  776  810  839  860  872  874  866  846  812  763  701  635
  571  519  472  422  378  308  268  236  186                                   
    25.0-180.0 180.0   5.0 450.0                            LAT/LON1/LON2/DLON/H
  254  208  170  141  122  105   97   93   92   94   99  108  118  126  131  131
  128  124  120  118  116  115  114  113  110  106  102  101  105  116  130  147
  164  183  206  235  269  306  342  376  409  440  470  498  525  553  584  622
  667  716  765  812  854  892  925  951  968  975  972  957  927  882  823  755
  689  633  580  523  472  395  344  313  254                                   
    22.5-180.0 180.0   5.0 450.0                            LAT/LON1/LON2/DLON/H
  343  288  238  202  174  152  135  122  113  108  108  114  122  129  134  136
  135  131  126  122  120  120  122  122  121  117  111  109  111  121  137  155
  173  193  218  249  286  324  362  396  429  460  490  521  551  584  621  664
  713  764  814  860  901  937  969  995 1014 1023 1024 1015  994  959  909  850
  789  736  682  625  567  489  434  405  343                                   
    20.0-180.0 180.0   5.0 450.0                            LAT/LON1/LON2/DLON/H
  440  376  317  277  240  214  188  168  149  135  127  127  130  135  139  140
  140  136  131  126  124  126  129  132  132  128  121  116  117  125  140  159
  180  203  230  264  302  341  378  412  443  475  506  538  572  607  647  692
  740  789  833  871  903  931  957  979  996 1006 1010 1009  999  978  945  901
  854  811  762  707  647  576  524  499  440                                   
    17.5-180.0 180.0   5.0 450.0                            LAT/LON1/LON2/DLON/H
  525  456  395  357  312  283  251  223  195  171  155  146  143  143  144  145
  143  139  134  130  128  131  136  141  141  136  128  121  119  126  140  161
  184  210  241  276  315  353  389  422  453  485  517  550  584  621  661  703
  747  787  819  844  862  877  892  907  920  929  937  943  946  943  929  904
  873  843  805  756  700  638  597  576  525                                   
    15.0-180.0 180.0   5.0 450.0                            LAT/LON1/LON2/DLON/H
  579  512  457  424  378  349  314  281  244  212  187  171  161  155  151  149
  146  142  137  133  132  136  142  147  147  140  130  121  117  122  136  159
  186  216  250  286  324  361  395  426  458  490  522  556  590  625  662  699
  734  761  779  787  789  791  795  803  811  819  829  841  855  867  870  863
  848  832  807  767  721  669  639  623  579                                   
    12.5-180.0 180.0   5.0 450.0                            LAT/LON1/LON2/DLON/H
  598  541  496  469  427  400  366  330  289  251  221  198  182  169  160  154
  149  144  140  137  137  141  146  149  147  139  128  118  112  116  131  155
  186  220  256  293  329  363  395  426  458  490  523  556  588  621  654  684
  709  723  726  720  710  703  701  703  708  714  724  740  760  780  794  799
  798  792  778  748  714  673  650  639  598                                   
    10.0-180.0 180.0   5.0 450.0                            LAT/LON1/LON2/DLON/H
  597  553  517  492  457  432  400  364  323  284  251  226  205  186  171  161
  153  148  143  141  141  145  148  148  143  134  123  113  107  110  126  153
  186  223  260  295  328  359  389  419  452  486  519  551  583  613  642  667
  683  688  681  667  653  643  639  640  642  645  653  668  689  711  730  741
  746  746  738  715  692  661  641  634  597                                   
     7.5-180.0 180.0   5.0 450.0                            LAT/LON1/LON2/DLON/H
  586  556  527  502  472  450  419  384  344  306  275  250  227  205  185  170
  159  152  148  145  145  147  147  144  137  128  118  108  103  108  125  153
