data/edconvlstm_nd/pred1130.15i
     1.0            IONOSPHERE MAPS     GNSS                IONEX VERSION / TYPE
pyspatialgeodesy        IME             05-JAN-18 20:20     PGM / RUN BY / DATE 
Map Name                                                    COMMENT             
Predicted global ionosphere maps (GIM).                     DESCRIPTION         
  2015     4    23     0     0     0                        EPOCH OF FIRST MAP  
  2015     4    24     0     0     0                        EPOCH OF LAST MAP   
  7200                                                      INTERVAL            
    13                                                      # OF MAPS IN FILE   
  NONE                                                      MAPPING FUNCTION    
10.0                                                        ELEVATION CUTOFF    
One-way carrier phase leveled to code                       OBSERVABLES USED    
  6371.0                                                    BASE RADIUS         
 2                                                          MAP DIMENSION       
   450.0 450.0   0.0                                        HGT1 / HGT2 / DHGT  
    87.5 -87.5  -2.5                                        LAT1 / LAT2 / DLAT  
  -180.0 180.0   5.0                                        LON1 / LON2 / DLON  
    -1                                                      EXPONENT            
                                                            END OF HEADER       
[from data line 3861]
    10                                                      START OF TEC MAP    
  2015     4    23    18     0     0                        EPOCH OF CURRENT MAP
    87.5-180.0 180.0   5.0 450.0                            LAT/LON1/LON2/DLON/H
  250  239  227  234  237  240  240  240  240  241  241  242  242  243  243  243
  243  242  242  241  240  239  238  237  236  234  233  231  230  228  227  225
  224  223  221  220  219  218  217  217  216  216  215  215  215  216  216  216
  217  218  218  219  220  221  222  223  224  225  226  226  227  228  228  229
  229  230  229  230  237  242  236  241  250                                   
    85.0-180.0 180.0   5.0 450.0                            LAT/LON1/LON2/DLON/H
  230  230  234  232  230  236  237  239  240  241  242  242  243  244  244  244
  244  244  244  243  242  241  240  238  236  235  233  231  229  227  226  224
  222  221  219  218  217  216  215  214  213  213  213  213  213  214  214  215
  216  217  219  220  221  223  224  225  227  228  229  230  230  231  231  231
  232  232  231  232  234  227  228  238  230                                   
    82.5-180.0 180.0   5.0 450.0                            LAT/LON1/LON2/DLON/H
  206  215  215  215  218  225  226  229  229  232  233  235  237  238  239  240
  240  240  239  238  237  236  234  232  230  228  226  223  221  218  216  214
  212  210  208  206  205  204  203  202  201  201  201  201  201  202  202  204
  205  207  209  211  213  215  217  219  221  222  223  224  225  225  225  225
  224  223  221  223  221  223  220  211  206                                   
    80.0-180.0 180.0   5.0 450.0                            LAT/LON1/LON2/DLON/H
  196  202  203  204  205  211  214  219  222  225  228  231  234  236  238  239
  239  239  238  237  236  234  232  230  227  225  222  219  216  213  210  207
  205  203  201  199  198  197  196  195  194  194  193  193  193  194  195  196
  198  200  202  205  208  211  214  216  218  220  222  222  223  222  222  221
  219  217  214  215  210  200  197  193  196                                   
    77.5-180.0 180.0   5.0 450.0                            LAT/LON1/LON2/DLON/H
  191  187  189  191  194  199  202  208  212  217  221  225  229  232  234  236
  237  237  236  235  234  233  231  229  227  225  222  219  216  214  211  208
  206  204  203  202  201  200  199  199  198  197  195  194  194  193  194  194
  196  198  200  203  206  209  212  214  217  218  219  220  219  218  216  214
  211  208  205  204  202  189  186  186  191                                   
    75.0-180.0 180.0   5.0 450.0                            LAT/LON1/LON2/DLON/H
  185  182  182  184  186  192  195  201  207  213  218  223  228  231  234  235
  235  235  234  233  232  231  230  229  228  226  224  222  219  216  213  211
  209  207  207  206  206  206  206  205  203  202  199  197  195  193  192  192
  192  193  195  198  200  203  206  208  210  212  212  212  211  210  208  205
  202  199  196  194  192  180  178  172  185                                   
    72.5-180.0 180.0   5.0 450.0                            LAT/LON1/LON2/DLON/H
  182  181  180  184  185  190  194  200  205  212  218  224  229  233  236  236
  236  235  234  233  233  233  233  233  232  231  230  227  224  221  218  215
  214  213  214  214  216  216  217  216  214  212  208  204  200  197  194  192
  190  190  191  192  194  196  198  199  201  202  202  201  200  198  195  193
  189  187  185  183  182  174  175  174  182                                   
    70.0-180.0 180.0   5.0 450.0                            LAT/LON1/LON2/DLON/H
  183  184  184  187  187  192  195  201  207  215  222  229  234  237  239  239
  238  236  234  233  233  233  234  235  236  235  234  231  227  223  220  217
  216  216  217  219  221  223  224  224  222  218  214  208  202  197  192  188
  185  183  182  182  182  183  184  184  185  185  184  183  181  179  177  175
  172  171  171  171  174  171  177  175  183                                   
    67.5-180.0 180.0   5.0 450.0                            LAT/LON1/LON2/DLON/H
  185  192  192  197  198  202  205  211  217  226  233  241  246  250  251  250
  248  245  242  240  240  241  243  244  245  245  242  239  234  230  225  223
  222  222  224  227  230  233  235  235  233  229  224  217  210  202  195  189
  184  180  178  176  175  174  173  172  171  170  169  167  165  162  160  158
  157  157  159  160  166  168  176  176  185                                   
    65.0-180.0 180.0   5.0 450.0                            LAT/LON1/LON2/DLON/H
  183  194  196  202  203  207  210  216  223  232  241  249  256  260  261  259
  255  251  248  245  244  245  247  249  249  248  246  241  236  231  226  224
  222  223  226  229  233  237  239  240  238  234  228  221  212  203  194  186
  179  173  168  165  162  159  157  155  152  150  148  145  142  139  136  135
  134  137  141  144  153  161  172  172  183                                   
    62.5-180.0 180.0   5.0 450.0                            LAT/LON1/LON2/DLON/H
  177  193  196  203  206  211  214  221  229  239  248  258  266  270  272  270
  266  261  257  253  252  252  253  253  253  252  248  244  238  233  229  226
  225  226  229  233  237  241  243  244  243  239  234  225  216  205  195  185
  176  168  162  157  152  148  144  141  137  134  131  127  123  120  117  116
  115  118  123  128  138  149  161  163  177                                   
    60.0-180.0 180.0   5.0 450.0                            LAT/LON1/LON2/DLON/H
  168  186  192  200  205  210  214  221  230  241  252  262  272  278  281  280
  277  272  267  262  259  257  256  256  255  253  250  246  241  237  233  231
  231  232  235  238  242  245  248  249  248  245  240  231  221  209  197  185
  175  166  158  152  146  141  136  132  128  123  119  115  110  106  103  101
  100  103  108  113  123  136  148  150  168                                   
    57.5-180.0 180.0   5.0 450.0                            LAT/LON1/LON2/DLON/H
  158  179  187  195  202  208  213  220  230  240  252  264  274  283  288  290
  289  284  278  272  267  263  260  259  257  255  253  250  247  245  243  242
  242  243  245  248  251  253  256  257  256  253  248  240  229  216  203  190
  178  167  159  152  146  140  135  131  126  122  117  112  107  102   98   95
   94   96  101  104  113  125  137  139  158                                   
    55.0-180.0 180.0   5.0 450.0                            LAT/LON1/LON2/DLON/H
  154  174  186  194  203  210  216  222  231  241  252  263  275  286  295  300
  301  298  292  284  277  270  266  264  263  261  260  259  259  258  258  258
  258  259  260  262  264  266  267  268  267  264  259  251  239  226  211  197
  184  174  165  158  152  147  142  138  134  130  125  119  113  107  103  100
   99  100  103  105  112  120  132  134  154                                   
    52.5-180.0 180.0   5.0 450.0                            LAT/LON1/LON2/DLON/H
  156  176  190  199  209  218  224  229  236  244  253  264  277  289  302  311
  316  315  309  300  290  282  277  274  273  273  274  275  276  277  278  278
  278  277  277  278  279  281  281  281  280  277  271  262  250  236  221  207
  194  183  174  168  162  158  155  152  148  145  140  134  128  122  117  114
  112  114  115  116  120  125  135  137  156                                   
    50.0-180.0 180.0   5.0 450.0                            LAT/LON1/LON2/DLON/H
  166  186  202  211  223  234  240  244  249  255  261  270  281  296  312  325
  334  335  330  320  309  300  294  291  291  292  294  296  298  299  300  299
  297  295  295  295  296  297  297  296  294  290  283  273  260  246  230  216
  204  194  186  180  176  172  170  168  166  163  159  154  148  141  137  135
  133  135  136  135  137  140  148  150  166                                   
    47.5-180.0 180.0   5.0 450.0                            LAT/LON1/LON2/DLON/H
  184  203  219  230  244  256  262  266  269  272  275  282  293  308  326  344
  356  360  356  347  335  326  320  317  317  319  321  322  323  322  321  318
  314  310  309  309  311  313  313  311  307  300  291  280  267  252  237  224
  213  205  198  192  188  185  184  183  182  181  178  173  167  161  157  156
  155  158  159  159  159  160  166  170  184                                   
    45.0-180.0 180.0   5.0 450.0                            LAT/LON1/LON2/DLON/H
  206  225  239  253  267  280  287  291  294  296  297  302  312  328  348  368
  383  389  387  378  367  359  353  351  351  351  350  349  347  343  339  333
  327  322  320  321  325  328  328  325  318  309  297  284  270  255  242  230
  221  213  207  201  197  195  193  193  193  193  191  187  181  176  173  172
  174  178  181  182  181  180  187  192  206                                   
    42.5-180.0 180.0   5.0 450.0                            LAT/LON1/LON2/DLON/H
  227  247  260  275  290  303  312  318  322  324  325  330  339  355  376  397
  414  422  421  414  406  398  394  391  389  386  381  375  368  361  354  346
  338  332  331  334  340  345  345  340  330  317  302  287  271  257  245  235
  227  220  213  207  202  199  198  198  198  198  196  193  188  183  180  181
  183  190  194  196  196  196  203  210  227                                   
    40.0-180.0 180.0   5.0 450.0                            LAT/LON1/LON2/DLON/H
  243  264  276  293  310  322  334  341  349  354  357  363  373  389  410  431
  448  457  458  454  448  444  440  436  430  421  411  400  389  380  371  363
  355  349  348  353  361  367  367  360  346  329  311  293  276  262  250  241
  234  226  219  212  206  202  200  200  200  199  198  194  189  183  180  181
  184  191  196  200  200  202  210  217  243                                   
    37.5-180.0 180.0   5.0 450.0                            LAT/LON1/LON2/DLON/H
  250  272  286  303  321  334  350  360  373  383  390  399  410  427  448  469
  485  494  497  496  494  492  488  481  471  457  441  427  414  406  399  393
  387  381  381  386  394  400  398  387  370  349  328  307  289  273  261  252
  245  237  228  219  213  209  207  206  205  204  202  197  191  183  179  178
  179  186  191  194  196  198  208  213  250                                   
    35.0-180.0 180.0   5.0 450.0                            LAT/LON1/LON2/DLON/H
  251  272  288  306  326  340  359  373  391  407  421  435  449  467  487  506
  522  532  537  540  541  540  535  525  511  494  476  460  450  446  445  445
  442  438  436  439  444  447  441  426  403  379  354  332  311  294  281  271
  263  254  244  235  228  225  223  222  221  218  214  208  200  190  182  178
  177  182  184  185  187  189  200  203  251                                   
    32.5-180.0 180.0   5.0 450.0                            LAT/LON1/LON2/DLON/H
  249  268  287  306  327  342  365  382  406  428  448  467  485  504  524  542
  557  567  575  581  586  587  581  569  552  534  519  507  504  509  519  527
  530  526  519  516  514  508  495  472  445  416  390  365  343  324  310  299
  290  281  271  262  256  255  254  253  251  247  241  233  221  208  197  189
  184  185  184  182  183  183  193  193  249                                   
    30.0-180.0 180.0   5.0 450.0                            LAT/LON1/LON2/DLON/H
  247  265  284  305  329  346  371  391  418  446  472  496  517  537  557  573
  587  598  609  620  628  630  624  612  597  583  574  573  582  600  623  642
  649  643  627  611  594  576  552  521  487  456  428  403  380  360  345  334
  326  317  308  301  298  299  301  300  296  290  281  271  257  241  226  213
  204  200  194  188  187  185  192  190  247                                   
    27.5-180.0 180.0   5.0 450.0                            LAT/LON1/LON2/DLON/H
  249  265  282  307  334  354  381  403  432  463  493  520  545  566  585  601
  614  626  639  653  665  670  666  656  647  643  646  659  682  714  750  777
  784  770  740  704  670  636  600  561  522  489  462  438  415  395  381  372
  365  359  353  350  351  356  359  359  354  345  334  320  304  286  268  251
  238  229  219  208  203  199  200  197  249                                   
    25.0-180.0 180.0   5.0 450.0                            LAT/LON1/LON2/DLON/H
  256  271  284  313  344  367  396  419  449  481  513  543  569  592  611  626
  639  652  668  685  699  706  706  703  704  713  731  758  793  835  876  903
  904  877  830  776  725  677  631  584  542  508  482  460  440  422  410  405
  403  403  402  404  409  417  422  421  415  403  389  374  356  336  317  299
  283  271  257  241  229  223  219  216  256                                   
    22.5-180.0 180.0   5.0 450.0                            LAT/LON1/LON2/DLON/H
  267  284  292  323  358  384  414  438  469  501  533  564  592  616  637  653
  667  681  698  717  733  743  747  753  765  788  819  856  896  939  976  996
  986  946  884  816  752  695  639  586  540  506  483  465  448  435  429  430
  436  443  449  456  464  472  477  475  466  452  435  418  399  378  359  341
  325  313  299  281  262  252  244  245  267                                   
    20.0-180.0 180.0   5.0 450.0                            LAT/LON1/LON2/DLON/H
  281  299  305  336  374  403  434  459  490  521  553  585  615  642  664  683
  700  717  735  753  769  780  790  803  827  860  899  937  973 1006 1032 1041
 1021  971  901  825  755  690  627  568  519  485  465  451  441  435  437  447
  462  477  489  499  507  513  515  510  499  482  463  444  424  404  386  368
  355  344  332  314  292  278  268  276  281                                   
    17.5-180.0 180.0   5.0 450.0                            LAT/LON1/LON2/DLON/H
  294  310  319  349  389  420  453  479  510  541  573  606  638  668  695  718
  740  759  778  795  809  820  833  853  883  921  958  988 1011 1029 1041 1038
 1011  958  886  810  737  669  602  539  487  452  434  426  423  426  437  457
  481  503  519  529  534  535  532  524  511  493  472  451  430  412  396  380
  368  361  351  334  313  295  285  298  294                                   
    15.0-180.0 180.0   5.0 450.0                            LAT/LON1/LON2/DLON/H
  301  312  325  356  397  432  468  496  527  558  590  624  659  694  726  756
  784  808  827  842  853  862  875  897  928  962  989 1004 1010 1010 1009  998
  968  917  850  780  713  646  578  511  456  420  403  399  404  416  437  465
  495  521  537  544  543  538  530  519  504  486  463  441  420  403  389  376
  367  361  354  338  319  299  288  302  301                                   
    12.5-180.0 180.0   5.0 450.0                            LAT/LON1/LON2/DLON/H
  298  303  320  354  397  435  475  506  540  572  605  641  678  717  756  794
  828  856  877  889  896  902  914  933  958  981  993  991  979  966  954  938
  909  865  809  751  694  634  566  497  440  403  386  385  394  414  442  476
  509  533  545  546  538  526  513  500  485  466  443  419  397  380  368  358
  351  348  343  328  311  291  278  290  298                                   
    10.0-180.0 180.0   5.0 450.0                            LAT/LON1/LON2/DLON/H
  285  287  306  344  390  432  477  512  549  583  618  655  695  738  782  825
  865  898  920  931  935  938  946  959  973  982  977  960  936  913  894  876
  852  818  777  735  691  640  576  508  450  412  394  392  404  427  460  495
  525  544  549  542  526  507  489  474  460  441  418  391  368  351  340  331
  326  323  319  305  291  271  257  267  285                                   
     7.5-180.0 180.0   5.0 450.0                            LAT/LON1/LON2/DLON/H
  265  268  290  331  379  426  476  516  557  595  632  670  710  755  802  848
  892  927  951  962  965  966  969  973  976  970  954  926  894  866  845  829
