data/edconvlstm_nd/pred1810.15i
     1.0            IONOSPHERE MAPS     GNSS                IONEX VERSION / TYPE
pyspatialgeodesy        IME             05-JAN-18 20:20     PGM / RUN BY / DATE 
Map Name                                                    COMMENT             
Predicted global ionosphere maps (GIM).                     DESCRIPTION         
  2015     6    30     0     0     0                        EPOCH OF FIRST MAP  
  2015     7     1     0     0     0                        EPOCH OF LAST MAP   
  7200                                                      INTERVAL            
    13                                                      # OF MAPS IN FILE   
  NONE                                                      MAPPING FUNCTION    
10.0                                                        ELEVATION CUTOFF    
One-way carrier phase leveled to code                       OBSERVABLES USED    
  6371.0                                                    BASE RADIUS         
 2                                                          MAP DIMENSION       
   450.0 450.0   0.0                                        HGT1 / HGT2 / DHGT  
    87.5 -87.5  -2.5                                        LAT1 / LAT2 / DLAT  
  -180.0 180.0   5.0                                        LON1 / LON2 / DLON  
    -1                                                      EXPONENT            
                                                            END OF HEADER       
     1                                                      START OF TEC MAP    
  2015     6    30     0     0     0                        EPOCH OF CURRENT MAP
    87.5-180.0 180.0   5.0 450.0                            LAT/LON1/LON2/DLON/H
  130  132  140  133  131  131  129  128  128  126  126  126  126  125  124  123
  122  121  120  118  117  115  114  112  111  109  108  106  105  104  103  102
  101  101  100  100  100   99   99  100  100  100  100  101  101  102  103  103
  104  105  106  107  108  109  110  111  112  113  113  114  115  116  116  118
  119  120  121  121  119  121  127  128  130                                   
    85.0-180.0 180.0   5.0 450.0                            LAT/LON1/LON2/DLON/H
  142  142  127  132  138  139  136  135  135  134  134  134  133  133  132  131
  129  128  126  124  122  120  118  116  114  112  110  108  106  105  103  102
  101  101  100  100  100  100  100  100  100  100  101  101  102  103  103  104
  105  106  107  109  110  111  112  113  115  116  117  118  119  119  121  122
  124  125  127  130  126  133  137  138  142                                   
    82.5-180.0 180.0   5.0 450.0                            LAT/LON1/LON2/DLON/H
  144  136  144  142  144  146  144  143  145  144  144  144  144  143  142  140
  139  137  135  132  130  127  124  121  118  115  112  109  107  105  103  102
  101  100   99   99   99   99   99   99  100  100  101  101  102  103  104  105
  106  107  109  110  112  113  115  117  118  120  121  122  124  125  126  128
  129  131  132  132  134  125  130  132  144                                   
    80.0-180.0 180.0   5.0 450.0                            LAT/LON1/LON2/DLON/H
  152  143  139  138  142  144  146  147  149  148  149  149  148  148  147  145
  143  141  138  136  133  129  126  122  118  114  111  107  104  102  100   98
   97   96   96   96   96   96   97   97   98   98   99   99  100  101  102  104
  105  107  109  111  112  114  116  117  119  120  122  123  124  125  126  128
  129  129  130  129  142  133  141  147  152                                   
    77.5-180.0 180.0   5.0 450.0                            LAT/LON1/LON2/DLON/H
  160  149  141  146  143  145  149  152  154  153  154  155  155  154  153  152
  150  148  145  142  139  135  131  127  123  119  114  110  107  104  101  100
   99   99   99  100  100  101  102  102  102  103  103  104  105  106  107  109
  110  112  114  116  118  120  122  123  124  125  126  127  128  129  130  131
  131  133  133  133  141  142  144  156  160                                   
    75.0-180.0 180.0   5.0 450.0                            LAT/LON1/LON2/DLON/H
  163  146  141  147  144  145  147  149  152  152  153  154  154  154  153  151
  149  146  144  141  138  135  131  127  122  118  113  109  105  102  100   99
   99   99  100  102  103  105  105  106  106  106  107  107  108  109  110  112
  114  116  118  120  121  123  124  125  126  127  127  127  128  128  128  129
  128  131  131  126  133  141  142  153  163                                   
    72.5-180.0 180.0   5.0 450.0                            LAT/LON1/LON2/DLON/H
  151  142  139  143  140  139  141  144  148  148  149  151  151  150  148  146
  143  140  138  135  133  130  127  123  119  114  109  105  101   98   97   97
   97   99  102  104  106  108  108  109  109  108  108  108  109  110  112  113
  115  117  119  120  121  122  123  124  124  125  125  125  125  125  125  126
  125  126  129  126  128  134  140  154  151                                   
    70.0-180.0 180.0   5.0 450.0                            LAT/LON1/LON2/DLON/H
  151  140  138  143  140  139  140  143  147  148  150  151  151  150  147  144
  141  138  136  134  132  130  128  124  120  116  111  106  102  100   99   99
  101  103  106  109  111  113  113  113  112  111  111  111  112  113  115  117
  119  121  122  123  124  124  125  125  125  126  126  126  126  126  127  128
  127  127  130  129  131  136  140  152  151                                   
    67.5-180.0 180.0   5.0 450.0                            LAT/LON1/LON2/DLON/H
  153  143  140  143  139  137  138  140  144  145  148  150  150  148  145  141
  137  133  131  129  128  127  126  123  119  115  110  105  101   99   98   99
  101  104  107  110  112  112  112  110  109  108  107  107  108  110  113  115
  117  118  119  120  120  120  121  121  122  122  123  124  125  125  126  127
  126  127  130  128  132  136  139  153  153                                   
    65.0-180.0 180.0   5.0 450.0                            LAT/LON1/LON2/DLON/H
  156  146  143  146  141  137  137  138  143  144  147  149  149  148  144  140
  135  131  129  127  127  127  126  124  120  116  112  107  104  102  102  103
  104  107  109  110  111  110  109  106  104  103  102  103  105  107  110  112
  114  116  116  116  116  116  116  117  118  120  122  124  125  126  127  128
  128  129  132  130  135  140  144  157  156                                   
    62.5-180.0 180.0   5.0 450.0                            LAT/LON1/LON2/DLON/H
  162  152  150  151  144  139  138  139  142  144  147  150  151  149  145  141
  136  132  130  129  129  129  129  127  124  121  117  114  111  110  109  109
  110  111  111  111  110  108  105  102  100   98   98   99  102  105  108  110
  112  113  113  112  112  112  113  114  117  119  122  125  128  129  131  132
  131  132  135  133  138  144  148  162  162                                   
    60.0-180.0 180.0   5.0 450.0                            LAT/LON1/LON2/DLON/H
  165  158  157  157  149  143  140  140  142  143  146  150  151  150  147  142
  138  134  132  131  132  132  132  131  129  127  124  122  121  120  119  118
  116  115  113  111  108  105  101   98   96   94   95   96   99  103  106  108
  109  109  108  108  108  109  110  112  116  120  124  127  131  133  134  135
  134  135  138  135  140  148  152  166  165                                   
    57.5-180.0 180.0   5.0 450.0                            LAT/LON1/LON2/DLON/H
  168  163  164  163  155  148  144  143  144  144  146  149  150  150  148  144
  140  137  136  135  136  136  136  136  135  134  133  133  133  132  130  128
  124  120  115  111  107  103   99   96   94   93   94   96   99  102  104  105
  106  105  105  105  105  107  109  113  117  122  126  131  134  136  137  138
  137  137  139  137  142  149  154  168  168                                   
    55.0-180.0 180.0   5.0 450.0                            LAT/LON1/LON2/DLON/H
  169  167  169  170  162  155  151  148  147  145  146  148  150  149  148  145
  143  141  140  140  141  141  141  141  141  141  143  145  146  146  143  138
  132  125  118  112  108  104  100   98   96   95   96   98  100  103  104  104
  104  103  103  103  105  108  112  116  121  126  130  134  137  139  139  140
  139  139  141  138  142  150  155  169  169                                   
    52.5-180.0 180.0   5.0 450.0                            LAT/LON1/LON2/DLON/H
  170  170  174  176  170  164  160  156  153  149  148  149  149  149  148  146
  145  144  145  145  146  146  146  146  147  149  152  156  159  158  154  147
  138  129  121  115  110  107  104  102  101  100  101  102  103  104  104  103
  102  102  102  104  108  112  117  122  127  131  135  138  140  140  141  141
  139  140  142  139  143  150  155  170  170                                   
    50.0-180.0 180.0   5.0 450.0                            LAT/LON1/LON2/DLON/H
  171  173  178  182  178  174  171  167  163  157  154  152  150  149  148  147
  147  148  150  151  152  152  151  151  153  156  161  167  169  169  163  154
  143  133  124  118  114  112  110  109  107  106  106  106  106  105  104  103
  102  102  104  108  113  119  125  130  134  138  141  143  143  142  142  142
  141  142  146  143  146  152  156  171  171                                   
    47.5-180.0 180.0   5.0 450.0                            LAT/LON1/LON2/DLON/H
  173  177  182  187  186  185  184  181  176  168  162  158  155  152  150  150
  151  153  155  157  158  158  157  156  158  163  169  175  178  175  168  158
  146  135  127  122  120  119  118  116  114  112  111  109  108  106  104  103
  103  105  108  114  121  128  134  139  143  146  147  147  147  145  144  144
  144  147  152  150  153  158  160  175  173                                   
    45.0-180.0 180.0   5.0 450.0                            LAT/LON1/LON2/DLON/H
  179  182  187  193  195  196  198  195  191  182  175  168  163  158  155  154
  155  158  162  164  165  164  163  162  164  169  176  181  182  179  170  159
  147  137  131  127  126  125  125  123  120  117  114  111  109  107  105  105
  106  109  114  122  130  138  144  149  152  154  154  153  152  150  149  150
  151  156  162  161  164  167  169  182  179                                   
    42.5-180.0 180.0   5.0 450.0                            LAT/LON1/LON2/DLON/H
  187  190  194  200  204  206  210  209  207  198  190  182  174  168  163  161
  162  165  169  171  172  171  169  169  171  176  181  185  185  180  170  159
  148  140  135  133  132  132  130  127  124  120  116  113  110  108  107  108
  110  115  121  130  139  147  153  157  159  161  161  160  159  157  157  159
  162  168  176  176  178  181  182  194  187                                   
    40.0-180.0 180.0   5.0 450.0                            LAT/LON1/LON2/DLON/H
  200  202  204  209  213  216  221  222  221  214  206  198  189  181  175  171
  171  173  176  179  180  179  177  176  178  183  187  189  187  180  169  158
  150  144  141  139  139  137  134  130  126  122  118  115  113  112  111  113
  116  122  129  137  145  153  159  163  165  167  168  169  169  168  169  172
  176  183  192  193  196  199  199  210  200                                   
    37.5-180.0 180.0   5.0 450.0                            LAT/LON1/LON2/DLON/H
  216  217  217  219  222  225  231  233  234  229  222  215  206  197  189  183
  181  182  185  187  188  187  185  185  187  191  194  194  189  180  169  159
  153  149  147  146  144  141  137  132  128  125  122  120  119  118  119  120
  124  129  135  142  149  156  161  166  169  172  175  178  180  182  184  188
  193  201  210  211  215  218  219  228  216                                   
    35.0-180.0 180.0   5.0 450.0                            LAT/LON1/LON2/DLON/H
  236  236  234  233  234  235  240  242  245  242  237  231  223  214  205  197
  193  192  193  195  196  195  194  195  197  200  201  199  192  182  171  162
  157  155  153  151  148  143  138  134  130  129  128  128  128  128  128  129
  132  135  138  143  149  155  161  166  171  176  181  187  192  196  200  205
  210  217  227  227  232  237  239  248  236                                   
    32.5-180.0 180.0   5.0 450.0                            LAT/LON1/LON2/DLON/H
  257  258  254  250  248  246  249  252  255  254  251  247  240  231  221  212
  205  202  202  203  204  204  204  205  207  209  209  205  196  185  175  167
  162  160  158  154  149  144  138  135  134  135  137  138  139  139  138  138
  138  138  139  141  146  151  158  164  171  178  186  194  201  208  214  220
  225  232  241  241  246  254  257  266  257                                   
    30.0-180.0 180.0   5.0 450.0                            LAT/LON1/LON2/DLON/H
  278  280  276  270  265  261  262  263  266  266  264  262  256  248  238  228
  219  214  212  212  213  213  214  215  216  217  216  210  201  189  179  171
  166  163  159  153  147  141  137  136  137  141  146  149  150  149  147  144
  140  137  135  136  139  145  153  162  170  179  188  198  207  216  225  232
  237  243  251  251  257  267  272  282  278                                   
    27.5-180.0 180.0   5.0 450.0                            LAT/LON1/LON2/DLON/H
  297  301  297  291  284  278  278  277  280  280  279  278  274  266  256  244
  234  227  223  222  222  223  223  224  224  224  221  214  204  193  182  174
  167  161  154  146  140  135  134  135  140  146  153  157  158  155  150  144
  138  132  128  127  131  138  148  159  169  179  188  198  210  221  231  240
  246  252  259  259  266  276  284  295  297                                   
    25.0-180.0 180.0   5.0 450.0                            LAT/LON1/LON2/DLON/H
  312  318  316  311  304  298  297  296  298  297  297  296  293  286  275  263
  251  242  237  234  233  232  232  231  230  227  222  215  204  193  182  172
  162  152  142  134  128  127  129  133  140  147  154  159  159  155  147  139
  130  122  117  116  121  131  143  156  168  178  187  198  209  222  235  246
  253  259  266  265  272  283  292  306  312                                   
    22.5-180.0 180.0   5.0 450.0                            LAT/LON1/LON2/DLON/H
  322  330  330  328  323  318  318  317  319  319  319  317  314  307  297  285
  272  261  253  247  244  242  239  236  231  226  219  210  200  189  177  164
  151  137  125  117  114  117  122  129  136  143  150  153  152  146  137  127
  117  108  103  104  111  123  139  154  167  177  186  196  208  223  238  251
  259  266  273  272  279  289  299  314  322                                   
    20.0-180.0 180.0   5.0 450.0                            LAT/LON1/LON2/DLON/H
  327  336  338  340  338  336  338  339  342  342  342  340  337  331  321  308
  295  282  272  263  257  251  245  238  230  221  211  201  190  179  166  151
  135  119  107  101  102  107  115  122  128  134  138  140  138  132  122  111
  101   93   89   92  101  116  135  152  167  177  186  195  208  224  241  257
  268  276  282  282  287  295  306  322  327                                   
    17.5-180.0 180.0   5.0 450.0                            LAT/LON1/LON2/DLON/H
  328  337  342  347  349  350  354  358  363  364  364  363  360  355  346  334
  320  306  293  280  269  259  249  237  225  212  199  187  176  164  151  135
  118  102   91   88   92  100  108  115  119  121  123  124  121  114  105   94
   85   79   77   81   93  110  130  149  165  177  186  196  210  228  248  266
  279  288  295  294  297  303  313  331  328                                   
    15.0-180.0 180.0   5.0 450.0                            LAT/LON1/LON2/DLON/H
  326  336  342  349  355  359  365  372  378  380  380  380  379  375  368  357
  344  330  314  298  282  266  251  235  217  199  183  169  157  146  134  119
  103   89   81   80   86   95  103  108  109  108  108  107  104   97   89   80
   72   67   67   73   85  103  124  145  162  175  186  198  214  235  257  278
  293  303  310  309  311  314  323  341  326                                   
    12.5-180.0 180.0   5.0 450.0                            LAT/LON1/LON2/DLON/H
  326  335  341  350  359  364  371  378  385  388  389  389  389  387  383  375
  365  351  333  313  292  272  251  229  207  184  165  149  138  128  117  105
   93   83   77   78   85   94  101  103  101   98   95   93   90   84   77   69
   63   59   61   67   79   96  117  138  157  172  187  202  221  244  269  292
  308  320  327  325  325  326  335  353  326                                   
    10.0-180.0 180.0   5.0 450.0                            LAT/LON1/LON2/DLON/H
  329  338  344  353  362  367  374  380  385  386  386  387  388  388  387  383
  376  364  346  324  299  274  248  221  194  168  146  130  119  112  105   98
   90   83   81   83   90   97  101  101   96   92   88   86   82   77   70   63
   58   56   57   63   74   89  108  129  149  168  187  206  229  254  280  304
  322  334  342  341  340  339  348  366  329                                   
     7.5-180.0 180.0   5.0 450.0                            LAT/LON1/LON2/DLON/H
  336  345  351  359  367  370  374  377  379  377  375  375  377  379  380  380
  376  366  350  326  299  270  241  210  180  152  130  114  105  100   98   95
