data/edconvlstm_nd/pred1280.15i
     1.0            IONOSPHERE MAPS     GNSS                IONEX VERSION / TYPE
pyspatialgeodesy        IME             05-JAN-18 20:20     PGM / RUN BY / DATE 
Map Name                                                    COMMENT             
Predicted global ionosphere maps (GIM).                     DESCRIPTION         
  2015     5     8     0     0     0                        EPOCH OF FIRST MAP  
  2015     5     9     0     0     0                        EPOCH OF LAST MAP   
  7200                                                      INTERVAL            
    13                                                      # OF MAPS IN FILE   
  NONE                                                      MAPPING FUNCTION    
10.0                                                        ELEVATION CUTOFF    
One-way carrier phase leveled to code                       OBSERVABLES USED    
  6371.0                                                    BASE RADIUS         
 2                                                          MAP DIMENSION       
   450.0 450.0   0.0                                        HGT1 / HGT2 / DHGT  
    87.5 -87.5  -2.5                                        LAT1 / LAT2 / DLAT  
  -180.0 180.0   5.0                                        LON1 / LON2 / DLON  
    -1                                                      EXPONENT            
                                                            END OF HEADER       
[from data line 2145]
     6                                                      START OF TEC MAP    
  2015     5     8    10     0     0                        EPOCH OF CURRENT MAP
    87.5-180.0 180.0   5.0 450.0                            LAT/LON1/LON2/DLON/H
  139  139  138  143  145  144  143  140  141  141  141  140  140  139  138  138
  137  136  136  135  134  133  132  132  131  130  129  128  127  126  125  124
  123  122  121  120  119  118  117  116  116  115  115  115  115  115  115  116
  116  117  117  118  119  120  121  122  123  125  126  127  128  129  130  131
  132  135  134  134  141  139  145  138  139                                   
    85.0-180.0 180.0   5.0 450.0                            LAT/LON1/LON2/DLON/H
  141  144  151  147  148  149  149  149  149  149  148  148  147  146  146  145
  144  143  142  141  141  140  139  138  137  136  135  134  133  132  131  129
  128  127  126  125  124  123  122  121  121  121  120  120  120  120  121  121
  122  122  123  124  125  126  128  129  130  132  133  134  135  136  137  138
  140  142  139  139  139  140  145  145  141                                   
    82.5-180.0 180.0   5.0 450.0                            LAT/LON1/LON2/DLON/H
  139  148  151  145  145  147  147  147  147  146  145  144  143  142  141  140
  139  138  138  137  137  136  136  135  135  134  133  132  131  130  129  128
  126  125  124  123  121  120  120  119  119  118  118  119  119  119  120  120
  121  122  123  124  125  126  128  129  131  132  133  134  135  136  136  137
  138  140  137  138  140  146  144  136  139                                   
    80.0-180.0 180.0   5.0 450.0                            LAT/LON1/LON2/DLON/H
  144  147  148  147  147  146  146  147  146  145  143  141  139  138  136  135
  134  134  134  133  133  133  133  132  132  131  130  129  128  127  126  124
  123  122  120  119  118  117  117  117  117  117  118  119  120  121  122  123
  125  126  127  129  130  132  133  135  137  138  139  140  141  141  141  142
  142  141  139  140  139  144  149  136  144                                   
    77.5-180.0 180.0   5.0 450.0                            LAT/LON1/LON2/DLON/H
  148  147  148  149  149  149  148  148  146  144  140  138  136  134  132  131
  131  131  132  132  133  134  134  134  134  134  133  132  131  129  128  127
  126  125  124  123  122  122  122  123  124  125  126  128  130  132  135  137
  139  140  142  144  145  147  149  151  152  154  155  156  156  156  155  154
  152  150  145  145  145  144  146  141  148                                   
    75.0-180.0 180.0   5.0 450.0                            LAT/LON1/LON2/DLON/H
  143  144  141  144  145  146  145  143  141  138  133  130  127  125  124  124
  124  126  127  129  131  132  133  133  133  133  132  130  129  128  127  126
  125  125  124  124  124  125  125  127  128  131  133  136  140  143  146  149
  151  153  155  156  158  160  162  164  166  168  169  170  170  169  168  166
  162  158  151  145  145  144  146  137  143                                   
    72.5-180.0 180.0   5.0 450.0                            LAT/LON1/LON2/DLON/H
  138  140  138  142  144  145  144  142  138  134  129  125  122  121  120  121
  123  126  129  132  135  137  139  139  139  138  136  135  134  132  132  131
  131  132  132  133  134  135  136  138  140  143  147  151  155  159  162  165
  168  170  171  172  174  175  177  178  181  183  185  186  186  186  184  181
  176  170  163  155  149  147  146  141  138                                   
    70.0-180.0 180.0   5.0 450.0                            LAT/LON1/LON2/DLON/H
  136  135  134  138  139  138  136  133  129  124  119  115  113  112  112  114
  117  121  126  130  134  137  139  139  139  138  136  134  132  132  131  132
  133  135  136  138  140  142  143  146  148  152  156  160  165  169  172  175
  177  178  178  178  178  179  180  181  183  186  188  190  192  192  190  188
  183  176  167  158  151  147  148  143  136                                   
    67.5-180.0 180.0   5.0 450.0                            LAT/LON1/LON2/DLON/H
  131  131  131  134  135  134  131  127  123  118  113  110  108  108  110  113
  117  122  127  132  136  139  141  142  141  140  137  135  134  133  134  135
  138  140  143  146  148  150  152  154  157  160  164  168  172  176  179  180
  181  181  180  179  178  177  177  179  181  183  186  189  192  193  192  191
  187  181  172  161  152  148  147  142  131                                   
    65.0-180.0 180.0   5.0 450.0                            LAT/LON1/LON2/DLON/H
  130  130  128  131  130  127  123  119  114  109  105  104  103  104  107  110
  115  120  125  130  134  138  140  141  141  139  137  135  134  134  136  139
  142  146  150  154  157  160  162  164  167  170  173  177  181  183  185  186
  185  183  180  177  175  173  173  173  175  177  180  183  186  188  189  189
  187  181  173  164  155  152  151  146  130                                   
    62.5-180.0 180.0   5.0 450.0                            LAT/LON1/LON2/DLON/H
  132  132  129  129  126  120  115  110  105  101   99   98   99  101  104  108
  112  116  120  125  129  133  136  138  138  137  136  135  134  136  138  142
  147  152  157  162  166  169  171  174  176  179  182  185  188  190  191  190
  188  185  181  177  174  172  170  170  171  173  175  177  179  181  183  184
  183  180  174  166  159  155  154  149  132                                   
    60.0-180.0 180.0   5.0 450.0                            LAT/LON1/LON2/DLON/H
  137  135  130  126  121  113  106   99   95   92   91   92   93   96   99  102
  105  108  111  115  119  123  127  130  132  133  133  133  134  136  140  145
  150  156  162  167  172  175  178  181  184  187  190  193  196  197  197  196
  193  189  185  181  178  175  174  173  173  173  174  174  175  176  176  178
  178  177  173  168  162  160  159  152  137                                   
    57.5-180.0 180.0   5.0 450.0                            LAT/LON1/LON2/DLON/H
  146  141  134  127  118  107   99   91   86   84   83   85   88   90   93   95
   97   98  100  103  107  112  118  123  127  130  132  134  136  139  143  148
  154  161  167  172  178  182  186  190  194  197  201  204  206  208  207  206
  203  200  196  193  191  189  187  186  185  184  182  180  178  177  176  177
  177  177  176  172  169  167  166  159  146                                   
    55.0-180.0 180.0   5.0 450.0                            LAT/LON1/LON2/DLON/H
  155  149  140  129  118  105   95   86   81   78   77   79   81   83   85   86
   87   88   89   91   96  102  110  118  125  130  134  136  139  143  148  153
  159  165  171  177  183  189  194  199  204  208  212  216  219  220  220  219
  217  215  213  211  210  209  208  206  205  202  198  194  190  185  182  181
  181  182  181  179  177  176  175  167  155                                   
    52.5-180.0 180.0   5.0 450.0                            LAT/LON1/LON2/DLON/H
  166  158  148  135  121  106   95   86   80   77   75   75   75   76   77   78
   78   79   80   83   88   97  107  118  127  134  139  143  147  151  156  161
  166  172  178  184  190  197  203  210  216  221  226  230  233  235  236  236
  235  234  233  232  232  232  231  230  227  224  219  214  207  200  194  191
  190  190  190  189  187  186  185  177  166                                   
    50.0-180.0 180.0   5.0 450.0                            LAT/LON1/LON2/DLON/H
  175  166  156  142  128  113  102   92   86   81   77   74   72   71   71   72
   73   74   75   79   86   97  110  123  134  143  149  154  157  162  167  172
  177  182  188  195  202  209  217  224  231  237  243  247  250  253  254  254
  254  253  254  254  255  254  253  251  248  244  239  233  226  218  210  205
  202  201  200  199  196  196  194  187  175                                   
    47.5-180.0 180.0   5.0 450.0                            LAT/LON1/LON2/DLON/H
  180  172  162  149  136  122  113  104   97   91   85   78   73   69   68   69
   71   73   76   82   90  103  117  132  145  155  162  167  171  176  181  186
  192  198  204  211  219  227  235  243  250  257  262  267  270  272  274  274
  273  273  273  273  273  272  270  266  261  257  253  248  241  233  225  219
  214  212  210  207  204  203  202  195  180                                   
    45.0-180.0 180.0   5.0 450.0                            LAT/LON1/LON2/DLON/H
  181  174  166  155  144  132  125  118  112  105   96   87   78   72   70   71
   74   78   82   88   98  111  127  144  158  168  176  181  186  191  198  204
  212  219  226  234  243  251  259  267  274  280  285  289  293  295  296  295
  294  293  291  290  288  285  280  273  266  260  256  253  249  243  236  230
  224  220  216  212  207  206  205  197  181                                   
    42.5-180.0 180.0   5.0 450.0                            LAT/LON1/LON2/DLON/H
  177  173  167  157  149  140  137  132  128  120  110   98   87   79   76   78
   81   86   91   97  107  120  137  154  169  180  188  194  200  207  215  224
  234  243  253  262  271  280  288  295  301  306  311  315  318  321  322  321
  318  315  312  308  304  298  289  278  267  259  255  252  251  247  242  236
  229  224  219  212  205  204  203  195  177                                   
    40.0-180.0 180.0   5.0 450.0                            LAT/LON1/LON2/DLON/H
  170  168  163  155  150  145  145  143  141  135  125  112   99   90   87   88
   92   96  101  106  115  127  143  161  176  189  198  206  213  222  232  244
  255  268  280  291  302  310  318  324  329  334  339  343  347  351  353  352
  348  344  338  333  327  319  306  291  276  263  256  253  252  251  246  240
  233  226  218  210  201  198  197  187  170                                   
    37.5-180.0 180.0   5.0 450.0                            LAT/LON1/LON2/DLON/H
  163  163  158  150  148  145  147  148  149  145  138  126  114  105  101  102
  105  108  110  113  120  131  146  164  180  194  206  215  224  234  246  259
  274  289  304  318  329  339  346  351  356  361  366  372  379  385  389  390
  387  382  376  371  365  356  342  323  302  284  272  266  264  261  256  249
  239  230  219  207  196  192  190  178  163                                   
    35.0-180.0 180.0   5.0 450.0                            LAT/LON1/LON2/DLON/H
  158  160  153  145  144  141  146  148  151  151  147  139  129  121  117  117
  119  119  118  118  122  131  146  163  181  197  210  221  232  243  256  270
  286  304  321  338  351  362  369  375  380  386  393  401  411  421  430  434
  434  432  428  425  422  414  400  379  354  330  311  299  292  286  278  268
  255  241  226  211  197  189  187  172  158                                   
    32.5-180.0 180.0   5.0 450.0                            LAT/LON1/LON2/DLON/H
  158  160  150  141  140  137  141  144  149  152  152  148  142  137  134  133
  132  130  126  122  123  130  144  162  181  199  213  226  237  248  261  276
  293  312  332  351  367  379  388  395  401  408  417  429  444  460  474  485
  491  493  495  497  498  495  483  462  434  404  378  358  344  332  318  302
  283  265  244  224  206  195  190  172  158                                   
    30.0-180.0 180.0   5.0 450.0                            LAT/LON1/LON2/DLON/H
  163  165  152  142  138  135  137  139  145  150  153  154  153  150  148  146
  143  139  132  126  125  130  143  161  181  200  216  229  241  252  264  278
  295  315  337  359  378  393  404  412  421  430  442  457  477  501  523  542
  556  566  575  584  592  594  586  566  537  503  470  441  417  396  376  352
  327  302  276  250  227  211  201  181  163                                   
    27.5-180.0 180.0   5.0 450.0                            LAT/LON1/LON2/DLON/H
  175  176  160  149  142  137  137  138  142  148  153  157  159  159  158  156
  152  146  138  131  129  133  146  163  184  203  219  232  243  254  265  278
  295  316  341  365  387  404  418  429  440  452  467  487  514  544  575  603
  625  644  661  678  692  698  694  676  647  611  572  535  502  471  442  411
  379  349  318  287  258  237  222  199  175                                   
    25.0-180.0 180.0   5.0 450.0                            LAT/LON1/LON2/DLON/H
  193  193  175  163  152  145  143  142  144  148  154  159  163  164  164  162
  158  152  145  138  135  139  151  168  188  206  222  235  246  256  266  279
  297  319  345  372  396  416  433  447  461  477  496  521  553  590  628  663
  692  716  739  760  778  787  785  769  742  705  663  619  578  540  504  466
  430  397  363  329  295  271  251  225  193                                   
    22.5-180.0 180.0   5.0 450.0                            LAT/LON1/LON2/DLON/H
  217  216  198  183  169  161  157  153  151  153  156  161  164  166  166  164
  161  157  151  145  143  147  159  175  193  209  224  236  247  258  270  284
  302  326  354  382  409  431  451  469  487  507  530  560  596  636  677  713
  744  770  793  814  831  840  838  825  800  765  722  676  631  588  547  505
  468  436  403  369  332  305  283  254  217                                   
    20.0-180.0 180.0   5.0 450.0                            LAT/LON1/LON2/DLON/H
  245  243  226  209  192  183  177  170  165  162  162  163  165  165  165  164
  162  159  155  152  151  156  166  180  196  210  223  236  249  262  276  293
  313  338  367  398  425  451  473  496  518  542  569  601  637  676  714  747
  774  795  814  830  842  848  847  836  815  783  743  699  653  608  566  521
  485  457  429  399  361  335  314  284  245                                   
    17.5-180.0 180.0   5.0 450.0                            LAT/LON1/LON2/DLON/H
  274  270  256  237  217  208  201  193  184  176  171  168  167  165  164  162
  162  161  159  157  157  162  171  183  195  208  220  234  250  268  287  307
  330  356  386  417  446  474  500  526  552  580  608  639  672  705  736  760
  778  791  801  809  814  817  815  806  789  763  730  690  647  602  559  515
  481  458  438  414  382  358  341  310  274                                   
    15.0-180.0 180.0   5.0 450.0                            LAT/LON1/LON2/DLON/H
  301  297  286  265  242  234  226  217  205  193  183  176  171  167  164  162
  162  162  161  160  160  164  171  180  191  202  215  233  254  277  301  326
  351  378  407  438  469  498  527  556  586  615  643  670  697  721  740  753
  760  764  765  764  762  759  756  750  739  721  696  663  624  581  538  495
  464  445  431  415  393  374  361  332  301                                   
    12.5-180.0 180.0   5.0 450.0                            LAT/LON1/LON2/DLON/H
  328  323  315  290  267  257  249  240  226  211  197  187  178  172  167  164
  163  163  162  160  159  161  166  173  182  194  210  232  259  289  318  346
  373  400  429  459  490  521  552  583  613  642  668  690  710  724  732  734
  732  727  721  712  704  697  694  692  687  678  660  633  597  555  512  470
  441  426  416  408  396  384  376  350  328                                   
    10.0-180.0 180.0   5.0 450.0                            LAT/LON1/LON2/DLON/H
  354  352  343  315  291  278  268  258  243  227  211  199  189  180  174  169
  166  164  161  157  154  154  157  163  172  187  207  234  267  301  335  366
  394  420  447  476  507  539  570  602  631  658  680  698  712  718  718  713
  705  695  683  671  660  654  653  654  655  650  636  611  576  533  489  448
  420  406  400  397  395  390  387  364  354                                   
     7.5-180.0 180.0   5.0 450.0                            LAT/LON1/LON2/DLON/H
  379  383  371  340  314  298  285  273  256  239  223  210  200  191  182  175
  170  165  159  153  148  145  146  152  163  181  206  238  274  312  348  380
