data/edconvlstm_nd/pred2890.15i
     1.0            IONOSPHERE MAPS     GNSS                IONEX VERSION / TYPE
pyspatialgeodesy        IME             05-JAN-18 20:20     PGM / RUN BY / DATE 
Map Name                                                    COMMENT             
Predicted global ionosphere maps (GIM).                     DESCRIPTION         
  2015    10    16     0     0     0                        EPOCH OF FIRST MAP  
  2015    10    17     0     0     0                        EPOCH OF LAST MAP   
  7200                                                      INTERVAL            
    13                                                      # OF MAPS IN FILE   
  NONE                                                      MAPPING FUNCTION    
10.0                                                        ELEVATION CUTOFF    
One-way carrier phase leveled to code                       OBSERVABLES USED    
  6371.0                                                    BASE RADIUS         
 2                                                          MAP DIMENSION       
   450.0 450.0   0.0                                        HGT1 / HGT2 / DHGT  
    87.5 -87.5  -2.5                                        LAT1 / LAT2 / DLAT  
  -180.0 180.0   5.0                                        LON1 / LON2 / DLON  
    -1                                                      EXPONENT            
                                                            END OF HEADER       
[from data line 3003]
     8                                                      START OF TEC MAP    
  2015    10    16    14     0     0                        EPOCH OF CURRENT MAP
    87.5-180.0 180.0   5.0 450.0                            LAT/LON1/LON2/DLON/H
   63   71   72   75   79   78   78   75   76   79   80   81   82   84   85   85
   86   87   88   88   88   89   89   89   88   88   88   87   87   86   85   84
   83   82   80   79   77   76   74   73   72   71   70   69   68   68   68   68
   68   68   68   68   69   69   70   70   70   71   71   71   71   71   71   72
   72   72   69   66   69   70   83   83   63                                   
    85.0-180.0 180.0   5.0 450.0                            LAT/LON1/LON2/DLON/H
   65   71   83   67   70   72   72   74   74   78   78   79   80   82   83   84
   86   87   88   89   90   90   91   92   92   93   93   93   92   92   91   90
   89   87   86   84   82   80   78   76   74   72   71   70   69   69   68   68
   68   69   69   70   70   71   71   72   73   73   73   74   74   74   74   74
   74   73   69   64   67   68   76   75   65                                   
    82.5-180.0 180.0   5.0 450.0                            LAT/LON1/LON2/DLON/H
   52   55   63   55   58   59   61   62   64   66   68   70   72   73   75   77
   79   80   82   83   85   86   87   88   89   90   91   92   92   92   91   91
   89   87   85   82   79   76   73   70   68   65   63   62   60   60   59   59
   59   60   60   61   62   63   63   64   65   65   65   66   66   65   65   65
   65   63   59   56   60   67   64   63   52                                   
    80.0-180.0 180.0   5.0 450.0                            LAT/LON1/LON2/DLON/H
   41   41   51   45   47   45   48   49   52   55   56   60   62   64   66   68
   70   72   74   76   78   79   81   83   84   86   88   89   90   90   90   89
   88   86   83   80   76   72   68   65   61   58   55   53   51   51   50   50
   51   52   53   54   55   56   58   59   59   60   60   60   60   60   59   58
   57   56   53   51   51   55   53   57   41                                   
    77.5-180.0 180.0   5.0 450.0                            LAT/LON1/LON2/DLON/H
   45   40   40   35   37   37   39   41   44   46   48   53   56   59   62   65
   68   70   72   74   75   77   79   81   82   85   87   89   90   91   92   91
   90   88   85   81   76   71   66   61   57   53   49   47   45   44   44   45
   45   47   48   49   51   53   54   55   56   57   57   57   56   55   54   53
   51   49   47   45   43   41   43   47   45                                   
    75.0-180.0 180.0   5.0 450.0                            LAT/LON1/LON2/DLON/H
   33   32   32   31   32   32   34   35   38   42   44   48   52   56   59   62
   65   68   70   72   73   75   77   79   81   84   86   89   91   93   95   95
   94   92   89   85   80   75   69   64   59   54   51   48   46   45   45   45
   46   47   47   48   49   50   51   52   53   54   54   54   54   53   51   50
   47   46   44   41   41   37   36   33   33                                   
    72.5-180.0 180.0   5.0 450.0                            LAT/LON1/LON2/DLON/H
   33   33   31   31   30   31   33   33   35   38   41   45   49   54   58   62
   65   68   70   72   73   74   75   77   79   81   84   87   90   93   95   96
   96   95   93   89   84   79   73   67   62   57   54   51   49   48   48   48
   47   47   47   46   46   46   46   47   47   48   49   49   49   48   47   45
   43   41   40   37   37   35   35   37   33                                   
    70.0-180.0 180.0   5.0 450.0                            LAT/LON1/LON2/DLON/H
   32   33   33   33   32   31   32   33   35   38   41   45   49   54   59   63
   67   70   72   74   75   76   78   79   81   84   87   90   93   96   99  101
  102  101  100   96   92   86   81   75   70   66   62   60   59   58   57   55
   54   52   49   47   45   43   42   42   43   43   44   45   46   45   45   43
   41   40   39   37   38   37   41   42   32                                   
    67.5-180.0 180.0   5.0 450.0                            LAT/LON1/LON2/DLON/H
   32   36   36   36   35   34   35   36   38   40   43   47   52   57   62   67
   71   75   78   80   81   82   84   85   86   88   91   93   96   99  101  103
  105  105  103  101   97   92   87   82   77   74   71   70   68   67   65   63
   59   55   51   47   43   40   38   37   37   38   40   42   43   43   43   43
   41   39   39   36   38   38   41   40   32                                   
    65.0-180.0 180.0   5.0 450.0                            LAT/LON1/LON2/DLON/H
   32   37   36   37   36   35   35   36   38   40   43   47   52   57   63   68
   74   78   82   85   88   90   91   93   95   96   98  100  102  104  106  108
  109  109  108  106  102   98   93   89   85   83   81   79   78   76   74   70
   65   59   52   45   40   35   32   31   31   33   35   38   40   41   42   41
   41   39   39   37   39   41   44   43   32                                   
    62.5-180.0 180.0   5.0 450.0                            LAT/LON1/LON2/DLON/H
   31   36   36   37   36   34   35   36   37   39   42   46   51   57   63   69
   75   81   86   90   94   97   99  102  103  105  106  107  108  109  111  112
  113  113  112  109  106  102   98   94   91   89   88   87   85   83   80   74
   67   59   51   43   36   30   27   26   27   29   31   34   37   39   40   40
   39   38   38   36   38   39   41   41   31                                   
    60.0-180.0 180.0   5.0 450.0                            LAT/LON1/LON2/DLON/H
   30   34   34   34   33   31   31   32   33   35   38   42   47   53   59   66
   73   80   86   92   97  101  105  108  111  113  114  115  115  116  116  116
  116  116  114  112  109  105  101   97   95   93   92   91   89   87   82   76
   68   59   49   41   33   27   24   23   23   25   28   31   34   36   37   37
   37   35   35   34   36   36   37   37   30                                   
    57.5-180.0 180.0   5.0 450.0                            LAT/LON1/LON2/DLON/H
   30   32   32   32   31   29   29   29   31   33   35   39   44   50   57   64
   71   79   86   92   99  104  110  115  119  122  123  124  125  124  124  124
  124  123  121  118  114  110  106  103  100   99   98   97   96   92   87   80
   72   62   52   44   36   31   28   26   27   28   31   33   35   37   38   38
   37   36   36   35   36   34   34   34   30                                   
    55.0-180.0 180.0   5.0 450.0                            LAT/LON1/LON2/DLON/H
   31   32   32   32   31   29   29   29   29   31   33   37   42   48   54   62
   70   77   85   92   99  106  113  119  125  129  132  133  134  134  133  133
  132  131  128  125  121  117  113  110  108  106  105  104  102   99   93   86
   77   68   59   51   45   40   37   35   35   36   37   39   40   41   42   42
   41   39   39   37   38   34   33   33   31                                   
    52.5-180.0 180.0   5.0 450.0                            LAT/LON1/LON2/DLON/H
   36   35   35   35   34   32   32   31   31   31   33   37   42   48   54   62
   69   77   85   93  100  108  115  122  129  135  139  141  142  143  142  142
  141  139  137  133  129  125  122  119  117  116  115  114  112  108  102   95
   87   78   70   64   58   54   52   50   49   49   49   49   49   49   49   49
   48   46   46   44   44   39   36   36   36                                   
    50.0-180.0 180.0   5.0 450.0                            LAT/LON1/LON2/DLON/H
   44   42   42   43   40   40   39   37   35   35   36   39   44   50   57   64
   72   79   87   94  102  109  117  125  133  139  144  148  149  150  150  150
  149  147  145  142  139  135  132  129  128  127  126  125  123  119  114  106
   99   91   84   78   74   71   69   68   66   65   63   62   61   60   60   59
   58   56   56   53   53   48   45   44   44                                   
    47.5-180.0 180.0   5.0 450.0                            LAT/LON1/LON2/DLON/H
   54   52   52   53   51   52   49   46   43   42   42   45   50   56   63   70
   77   84   91   98  105  113  120  128  136  143  149  153  154  155  155  155
  155  154  152  150  148  146  143  141  139  138  138  137  135  131  126  118
  111  104   97   92   89   86   85   83   82   80   78   76   74   73   72   71
   70   68   68   65   64   60   58   56   54                                   
    45.0-180.0 180.0   5.0 450.0                            LAT/LON1/LON2/DLON/H
   63   63   62   65   63   64   61   58   54   52   51   54   59   65   72   79
   85   92   98  105  112  118  126  133  141  148  154  157  158  158  157  157
  158  158  158  158  158  157  155  153  151  150  149  148  146  142  136  129
  121  113  107  101   98   96   94   94   93   92   90   88   86   85   84   83
   81   80   79   76   76   73   72   69   63                                   
    42.5-180.0 180.0   5.0 450.0                            LAT/LON1/LON2/DLON/H
   69   71   69   74   73   75   72   69   65   62   61   64   70   77   84   90
   96  102  108  114  120  127  133  141  148  154  159  160  160  159  158  158
  159  161  164  166  168  169  168  166  163  161  159  157  155  151  144  136
  127  118  111  105  100   98   97   97   98   98   97   96   95   94   94   93
   91   89   87   85   84   84   83   80   69                                   
    40.0-180.0 180.0   5.0 450.0                            LAT/LON1/LON2/DLON/H
   71   74   73   79   78   80   78   76   73   71   71   75   81   89   97  103
  109  114  120  125  131  137  143  150  156  162  165  165  163  160  158  158
  161  166  171  177  182  184  184  181  176  172  168  165  162  156  149  140
  129  119  110  103   98   94   93   94   96   99  100  101  101  100  100   99
   97   94   92   88   88   88   88   85   71                                   
    37.5-180.0 180.0   5.0 450.0                            LAT/LON1/LON2/DLON/H
   68   72   71   77   77   79   79   79   77   77   79   85   92  101  110  117
  122  127  132  138  144  149  155  161  166  171  173  172  168  164  162  163
  167  175  184  193  201  204  203  198  191  184  178  173  168  162  153  142
  131  119  109  101   94   90   88   90   93   97  101  103  104  104  103  102
   98   94   91   88   87   87   86   84   68                                   
    35.0-180.0 180.0   5.0 450.0                            LAT/LON1/LON2/DLON/H
   63   67   67   72   72   73   75   76   77   80   84   92  102  113  123  130
  135  140  145  151  157  163  167  173  178  182  184  182  178  173  172  174
  182  193  206  218  227  230  228  220  210  199  190  183  177  169  160  148
  136  125  114  105   97   91   88   89   93   98  102  105  106  106  105  102
   98   92   89   85   83   82   81   80   63                                   
    32.5-180.0 180.0   5.0 450.0                            LAT/LON1/LON2/DLON/H
   58   63   62   65   64   65   67   70   74   78   85   96  109  123  134  142
  147  152  157  164  170  176  180  185  190  195  197  196  193  190  190  196
  207  222  238  252  261  263  259  248  235  221  209  200  192  184  174  162
  151  140  129  120  111  103   98   97  100  105  109  112  112  111  108  104
   98   91   87   81   79   76   74   74   58                                   
    30.0-180.0 180.0   5.0 450.0                            LAT/LON1/LON2/DLON/H
   57   61   59   59   57   57   60   63   68   75   84   98  114  130  143  152
  158  163  169  176  183  189  193  197  203  208  212  213  213  214  218  228
  243  261  279  294  302  303  295  282  266  250  237  226  217  208  198  187
  177  168  159  150  141  131  124  120  119  122  124  125  124  121  116  110
  102   94   88   81   79   74   70   71   57                                   
    27.5-180.0 180.0   5.0 450.0                            LAT/LON1/LON2/DLON/H
   61   63   59   56   53   52   54   57   63   70   81   97  115  134  150  160
  166  171  178  187  195  200  205  209  215  222  228  234  238  244  254  268
  287  308  327  341  347  346  336  322  304  288  273  261  252  243  234  225
  216  209  202  195  185  174  164  156  151  150  149  147  143  138  131  123
  113  104   96   87   85   77   72   71   61                                   
    25.0-180.0 180.0   5.0 450.0                            LAT/LON1/LON2/DLON/H
   70   70   63   58   54   52   53   55   59   66   77   94  114  135  152  164
  171  178  187  196  205  211  215  220  227  236  246  256  267  279  295  314
  337  359  378  390  394  390  379  364  347  331  317  306  296  288  280  272
  265  260  256  250  241  229  215  203  194  187  182  176  170  162  153  143
  131  121  110  101   97   87   79   76   70                                   
    22.5-180.0 180.0   5.0 450.0                            LAT/LON1/LON2/DLON/H
   84   80   70   64   59   56   57   57   59   65   74   90  111  133  152  165
  174  183  193  204  214  221  226  231  239  250  265  280  298  317  338  363
  388  410  428  437  439  432  421  407  393  379  367  357  348  340  333  326
  320  316  312  308  299  287  271  255  241  230  220  210  201  190  180  169
  155  144  131  121  115  102   92   86   84                                   
    20.0-180.0 180.0   5.0 450.0                            LAT/LON1/LON2/DLON/H
  100   93   79   73   67   64   65   62   63   66   73   88  108  129  149  164
  176  187  199  212  222  230  236  243  253  267  284  305  328  354  381  408
  435  457  472  478  477  470  460  449  439  429  419  411  403  395  387  380
  373  368  364  359  351  338  321  303  286  271  257  244  232  220  208  196
  182  170  154  145  135  120  108  100  100                                   
    17.5-180.0 180.0   5.0 450.0                            LAT/LON1/LON2/DLON/H
  114  106   89   82   75   71   73   70   69   70   76   88  106  127  147  164
  178  192  206  220  232  241  249  257  269  285  306  331  359  389  419  448
  474  494  506  510  508  501  494  488  482  476  470  462  454  446  437  427
  417  409  402  395  386  374  357  339  321  305  289  274  260  246  234  222
  207  195  178  168  155  138  124  114  114                                   
    15.0-180.0 180.0   5.0 450.0                            LAT/LON1/LON2/DLON/H
  124  116   98   89   81   77   79   76   75   76   80   91  108  128  148  166
  183  200  216  232  244  254  263  274  288  306  330  357  388  420  452  480
  504  520  530  533  531  527  524  522  521  518  513  506  497  487  474  461
  446  432  421  411  401  389  374  359  343  328  312  296  281  267  254  242
  228  216  198  187  172  154  139  126  124                                   
    12.5-180.0 180.0   5.0 450.0                            LAT/LON1/LON2/DLON/H
  131  121  104   94   85   80   82   79   79   80   86   96  112  132  153  173
  193  212  230  246  259  270  281  294  310  331  356  385  417  449  479  505
  524  537  545  547  547  547  549  552  554  552  547  539  527  514  498  479
  459  439  422  408  396  385  374  363  351  339  325  310  294  279  266  254
  240  229  212  200  183  165  149  134  131                                   
    10.0-180.0 180.0   5.0 450.0                            LAT/LON1/LON2/DLON/H
  134  124  108   96   86   80   82   80   80   84   91  103  119  139  161  184
  207  229  248  263  276  287  300  317  336  359  386  414  445  475  501  522
  537  546  552  556  560  564  571  576  579  577  570  558  544  527  507  484
  459  434  411  393  380  370  362  356  349  340  329  314  298  282  270  258
  245  233  218  206  189  171  155  138  134                                   
     7.5-180.0 180.0   5.0 450.0                            LAT/LON1/LON2/DLON/H
  136  125  109   96   86   78   80   78   80   85   95  109  127  148  173  198
  224  247  267  282  294  306  322  341  365  390  417  444  472  497  518  533
