data/edconvlstm_nd/pred1930.15i
     1.0            IONOSPHERE MAPS     GNSS                IONEX VERSION / TYPE
pyspatialgeodesy        IME             05-JAN-18 20:20     PGM / RUN BY / DATE 
Map Name                                                    COMMENT             
Predicted global ionosphere maps (GIM).                     DESCRIPTION         
  2015     7    12     0     0     0                        EPOCH OF FIRST MAP  
  2015     7    13     0     0     0                        EPOCH OF LAST MAP   
  7200                                                      INTERVAL            
    13                                                      # OF MAPS IN FILE   
  NONE                                                      MAPPING FUNCTION    
10.0                                                        ELEVATION CUTOFF    
One-way carrier phase leveled to code                       OBSERVABLES USED    
  6371.0                                                    BASE RADIUS         
 2                                                          MAP DIMENSION       
   450.0 450.0   0.0                                        HGT1 / HGT2 / DHGT  
    87.5 -87.5  -2.5                                        LAT1 / LAT2 / DLAT  
  -180.0 180.0   5.0                                        LON1 / LON2 / DLON  
    -1                                                      EXPONENT            
                                                            END OF HEADER       
[from data line 5148]
    13                                                      START OF TEC MAP    
  2015     7    13     0     0     0                        EPOCH OF CURRENT MAP
    87.5-180.0 180.0   5.0 450.0                            LAT/LON1/LON2/DLON/H
  166  172  182  174  173  173  171  171  171  170  170  170  169  169  168  168
  167  166  165  164  162  161  160  158  157  155  154  152  151  149  147  146
  145  143  142  141  141  140  139  139  138  138  138  138  138  139  139  139
  140  141  141  142  143  144  145  146  147  148  149  150  152  153  154  156
  158  160  162  163  162  160  164  170  166                                   
    85.0-180.0 180.0   5.0 450.0                            LAT/LON1/LON2/DLON/H
  186  185  174  175  183  182  180  179  179  179  178  178  177  176  175  174
  173  172  170  169  167  166  164  162  160  158  156  154  152  150  148  146
  144  143  142  141  140  139  139  138  138  138  138  138  138  139  139  140
  140  141  142  143  144  145  146  147  149  150  152  154  156  157  159  162
  164  166  170  174  169  174  177  180  186                                   
    82.5-180.0 180.0   5.0 450.0                            LAT/LON1/LON2/DLON/H
  189  184  187  185  190  190  187  187  188  187  186  186  185  184  182  181
  180  178  176  174  172  170  168  165  163  160  158  155  152  149  147  144
  142  141  139  138  137  137  137  136  136  137  137  137  138  138  139  139
  140  141  142  143  144  145  146  148  150  152  154  156  159  161  164  168
  170  173  177  178  179  170  174  172  189                                   
    80.0-180.0 180.0   5.0 450.0                            LAT/LON1/LON2/DLON/H
  191  189  184  182  186  188  190  190  191  190  189  189  188  187  186  184
  182  180  178  176  174  171  168  165  162  159  156  153  149  146  143  140
  138  136  134  133  133  133  133  134  134  135  136  137  138  139  140  140
  141  142  143  143  144  145  146  147  149  151  153  155  158  161  164  168
  170  172  176  176  185  176  183  184  191                                   
    77.5-180.0 180.0   5.0 450.0                            LAT/LON1/LON2/DLON/H
  197  188  181  183  183  183  188  189  190  189  190  190  189  188  187  185
  183  181  178  175  173  170  167  164  161  157  154  150  146  143  139  136
  134  132  131  131  131  132  133  135  136  138  139  141  142  144  145  146
  147  147  148  148  148  149  149  150  150  152  153  155  157  160  163  166
  168  172  174  175  182  181  182  190  197                                   
    75.0-180.0 180.0   5.0 450.0                            LAT/LON1/LON2/DLON/H
  198  182  176  179  179  178  182  183  186  186  187  187  187  187  185  183
  181  178  175  172  169  166  163  160  156  153  149  145  141  138  134  132
  130  128  128  129  130  132  134  136  138  140  143  145  147  148  150  151
  152  152  152  152  152  151  150  150  150  150  151  152  153  155  157  160
  161  165  168  164  170  175  175  186  198                                   
    72.5-180.0 180.0   5.0 450.0                            LAT/LON1/LON2/DLON/H
  184  174  170  171  171  170  174  176  180  181  182  184  184  184  182  180
  177  173  170  166  162  159  155  152  149  146  142  139  135  132  129  126
  125  125  125  127  129  131  134  137  140  143  145  148  150  152  154  156
  156  157  156  156  155  153  152  150  149  148  148  148  148  148  150  152
  152  155  160  157  160  163  168  184  184                                   
    70.0-180.0 180.0   5.0 450.0                            LAT/LON1/LON2/DLON/H
  179  166  163  165  165  164  168  171  176  177  180  183  184  183  182  179
  175  171  166  161  157  152  149  145  142  139  136  132  129  126  124  122
  122  122  123  126  128  132  135  138  141  144  146  149  152  154  156  158
  160  160  160  160  159  157  156  154  152  150  149  148  147  146  146  148
  147  149  154  152  156  160  164  180  179                                   
    67.5-180.0 180.0   5.0 450.0                            LAT/LON1/LON2/DLON/H
  176  164  160  160  160  159  163  166  171  174  177  181  183  183  181  178
  173  168  162  156  150  145  141  138  134  131  128  125  123  120  119  118
  118  119  121  123  126  129  132  135  137  139  142  144  147  150  153  155
  157  159  160  160  160  159  158  157  155  153  151  149  147  145  144  145
  143  145  149  146  151  155  160  179  176                                   
    65.0-180.0 180.0   5.0 450.0                            LAT/LON1/LON2/DLON/H
  175  162  159  158  158  157  160  163  168  171  175  180  182  183  182  179
  174  168  161  153  147  141  136  132  129  126  124  121  120  118  117  117
  117  118  120  123  125  128  130  132  133  134  136  138  140  143  146  150
  153  155  158  159  161  162  162  162  161  160  158  155  153  150  148  147
  144  145  149  145  151  156  161  182  175                                   
    62.5-180.0 180.0   5.0 450.0                            LAT/LON1/LON2/DLON/H
  178  166  162  161  160  158  161  163  167  170  175  179  183  184  184  182
  177  170  163  155  147  141  136  131  128  126  124  122  121  121  121  121
  121  122  123  125  126  128  129  129  130  130  130  131  133  135  139  142
  146  150  154  157  161  164  166  168  169  168  167  165  162  159  156  154
  151  150  153  149  154  159  164  186  178                                   
    60.0-180.0 180.0   5.0 450.0                            LAT/LON1/LON2/DLON/H
  182  172  168  167  165  162  163  164  168  170  173  178  182  184  185  184
  180  174  166  158  151  144  139  134  131  129  128  128  128  128  129  129
  129  129  129  129  130  130  130  129  128  126  125  125  126  128  131  135
  139  143  148  153  159  164  169  173  176  177  177  175  173  170  167  164
  160  158  160  155  159  164  167  190  182                                   
    57.5-180.0 180.0   5.0 450.0                            LAT/LON1/LON2/DLON/H
  189  180  177  175  173  168  169  169  170  170  173  176  180  183  185  185
  182  177  171  164  157  151  146  142  139  137  137  137  139  140  141  140
  139  138  136  135  135  134  133  131  129  127  125  123  123  124  127  129
  133  138  143  149  156  163  171  177  182  185  186  185  183  180  178  175
  171  169  169  163  165  169  172  194  189                                   
    55.0-180.0 180.0   5.0 450.0                            LAT/LON1/LON2/DLON/H
  196  190  186  184  183  178  179  177  176  174  174  175  178  181  183  185
  183  180  175  169  164  159  155  153  150  149  149  150  152  154  154  154
  151  148  145  143  142  140  139  137  134  131  128  126  125  125  126  127
  130  134  139  145  153  162  171  180  186  190  192  193  191  190  188  186
  182  179  179  173  173  176  177  198  196                                   
    52.5-180.0 180.0   5.0 450.0                            LAT/LON1/LON2/DLON/H
  206  201  197  195  194  190  191  187  185  180  177  176  177  179  181  183
  183  181  178  174  171  169  167  165  164  163  163  164  166  168  168  166
  163  158  154  151  149  148  146  145  142  139  136  133  131  129  129  129
  130  133  137  143  151  160  171  180  188  194  196  197  197  196  195  194
  191  190  190  182  182  182  182  204  206                                   
    50.0-180.0 180.0   5.0 450.0                            LAT/LON1/LON2/DLON/H
  216  213  207  206  206  204  205  201  196  189  184  180  178  178  180  181
  181  180  179  178  178  178  179  178  178  177  176  177  178  180  179  176
  172  166  161  158  156  156  155  154  153  150  147  144  141  138  136  135
  134  135  138  143  150  160  171  181  190  196  200  201  201  201  202  202
  200  200  200  193  192  191  190  210  216                                   
    47.5-180.0 180.0   5.0 450.0                            LAT/LON1/LON2/DLON/H
  227  225  217  216  219  217  219  215  210  201  194  188  183  181  180  180
  180  180  180  181  183  186  189  191  190  189  188  187  188  188  187  183
  178  171  167  164  163  164  165  166  165  164  161  158  154  150  146  143
  141  141  142  145  152  162  173  184  194  200  204  206  206  207  208  210
  209  210  212  205  204  202  199  220  227                                   
    45.0-180.0 180.0   5.0 450.0                            LAT/LON1/LON2/DLON/H
  239  237  228  227  231  231  233  230  225  215  207  199  192  188  185  183
  181  180  181  183  188  193  198  201  202  200  197  196  195  194  192  187
  181  175  171  170  171  173  175  178  179  179  178  174  169  164  159  154
  151  149  148  151  157  167  178  190  201  208  212  214  215  215  217  219
  220  222  226  220  219  217  212  232  239                                   
    42.5-180.0 180.0   5.0 450.0                            LAT/LON1/LON2/DLON/H
  252  251  240  239  243  243  246  243  239  230  221  213  205  198  193  189
  185  183  184  187  193  200  207  211  211  209  206  202  200  198  195  190
  184  179  177  177  180  183  187  191  194  196  196  192  186  179  172  166
  162  158  157  159  165  175  187  200  212  220  225  227  228  228  229  231
  233  237  242  238  238  235  229  248  252                                   
    40.0-180.0 180.0   5.0 450.0                            LAT/LON1/LON2/DLON/H
  267  266  253  252  256  255  258  255  252  244  237  229  221  213  206  199
  194  190  190  193  200  208  215  220  221  218  214  210  206  203  198  193
  189  186  185  187  191  195  200  206  211  215  215  211  203  194  186  178
  173  168  166  168  174  184  198  213  227  237  243  245  245  244  244  246
  248  253  260  258  259  255  248  266  267                                   
    37.5-180.0 180.0   5.0 450.0                            LAT/LON1/LON2/DLON/H
  285  284  270  267  271  268  269  267  265  258  252  246  239  231  223  215
  208  203  201  203  209  217  225  230  231  229  224  219  214  209  204  199
  196  195  196  200  204  209  214  221  229  234  235  231  221  210  199  189
  182  177  175  176  182  194  210  227  242  254  262  265  266  264  263  263
  265  271  280  279  281  277  268  285  285                                   
    35.0-180.0 180.0   5.0 450.0                            LAT/LON1/LON2/DLON/H
  306  306  291  287  288  284  284  281  278  273  269  265  259  252  244  235
  227  220  217  218  223  230  237  242  243  241  236  230  224  218  212  208
  205  206  209  214  218  223  228  237  246  253  255  249  237  223  209  198
  189  183  179  181  188  201  219  238  255  270  280  285  285  284  281  281
  283  289  298  299  303  299  289  305  306                                   
    32.5-180.0 180.0   5.0 450.0                            LAT/LON1/LON2/DLON/H
  329  330  316  310  310  304  302  298  296  291  288  285  282  276  268  259
  250  242  237  236  239  245  251  256  257  254  249  243  235  228  222  217
  215  217  221  226  229  233  239  249  260  269  271  264  250  232  216  202
  191  183  180  181  189  204  223  244  264  281  293  300  302  300  297  296
  298  304  314  316  322  319  310  324  329                                   
    30.0-180.0 180.0   5.0 450.0                            LAT/LON1/LON2/DLON/H
  353  356  343  337  336  330  327  322  319  314  312  309  307  302  295  286
  276  266  259  256  257  261  266  270  270  268  262  254  245  237  230  225
  223  225  229  232  234  237  243  254  267  278  280  273  256  236  217  201
  188  179  175  176  185  201  222  245  266  285  299  308  312  312  309  308
  310  316  327  329  338  335  329  343  353                                   
    27.5-180.0 180.0   5.0 450.0                            LAT/LON1/LON2/DLON/H
  376  381  371  365  365  361  358  353  349  344  341  339  336  332  325  316
  304  292  283  277  276  277  280  283  282  278  271  262  252  242  233  228
  226  226  228  228  228  230  237  249  264  276  279  270  253  231  211  193
  179  170  165  167  176  193  214  238  261  281  297  308  315  317  316  316
  318  325  335  339  349  348  347  360  376                                   
    25.0-180.0 180.0   5.0 450.0                            LAT/LON1/LON2/DLON/H
  397  403  396  393  394  394  394  389  386  381  377  374  371  366  359  348
  334  320  307  298  294  293  293  293  290  284  274  263  251  240  230  223
  219  217  215  213  211  212  219  232  248  261  264  256  239  218  197  179
  165  156  152  154  163  180  201  225  248  269  286  300  310  315  318  320
  324  332  341  345  357  357  363  376  397                                   
    22.5-180.0 180.0   5.0 450.0                            LAT/LON1/LON2/DLON/H
  413  419  416  417  422  426  429  427  426  422  418  415  411  405  396  383
  366  349  332  319  310  305  303  299  293  283  271  257  242  229  218  210
  203  197  192  187  184  185  192  206  222  234  238  230  215  195  177  160
  148  139  136  138  148  164  185  208  230  251  270  287  300  310  318  323
  329  337  346  349  361  363  376  390  413                                   
    20.0-180.0 180.0   5.0 450.0                            LAT/LON1/LON2/DLON/H
  423  427  428  436  444  453  461  462  464  463  461  457  453  445  435  419
  400  378  356  338  325  316  309  300  290  276  259  242  226  211  199  188
  178  170  163  157  154  156  163  175  189  200  203  196  183  167  152  138
  128  121  119  123  132  147  167  189  211  232  252  271  289  304  317  327
  336  345  352  355  366  368  388  404  423                                   
    17.5-180.0 180.0   5.0 450.0                            LAT/LON1/LON2/DLON/H
  427  429  434  446  458  470  481  488  494  496  497  496  492  484  472  455
  433  407  381  357  338  323  311  298  281  262  242  222  204  188  175  163
  152  142  135  130  128  130  136  146  157  165  166  160  150  138  126  116
  109  104  104  108  118  133  152  174  195  217  238  259  280  300  318  333
  345  355  362  365  374  377  400  418  427                                   
    15.0-180.0 180.0   5.0 450.0                            LAT/LON1/LON2/DLON/H
  427  426  433  450  462  476  488  498  508  516  521  523  521  515  504  487
  464  435  404  375  350  329  310  291  269  245  221  199  180  165  151  140
  129  120  115  113  112  114  118  124  130  134  133  128  120  111  104   97
   93   90   92   97  107  122  141  163  185  206  228  251  275  299  322  341
  357  369  377  381  387  390  414  432  427                                   
    12.5-180.0 180.0   5.0 450.0                            LAT/LON1/LON2/DLON/H
  426  424  432  449  460  471  482  493  506  517  527  533  535  532  524  509
  487  458  425  391  360  332  307  281  253  225  199  176  158  144  132  122
  115  109  107  107  107  108  110  113  114  114  110  104   97   92   87   83
   81   80   83   88   99  114  134  157  180  202  225  249  275  301  327  351
  370  384  394  400  405  406  430  448  426                                   
    10.0-180.0 180.0   5.0 450.0                            LAT/LON1/LON2/DLON/H
  428  426  433  448  455  461  467  476  489  501  514  524  529  530  526  517
  499  473  440  403  366  332  300  268  236  205  177  156  140  129  121  116
  111  109  110  111  113  113  112  110  108  104   98   91   85   80   77   75
   74   74   76   82   93  108  130  154  179  203  227  252  279  307  335  361
  382  399  412  419  424  425  446  465  428                                   
     7.5-180.0 180.0   5.0 450.0                            LAT/LON1/LON2/DLON/H
  436  435  441  451  452  451  451  454  463  474  486  498  506  510  511  507
  496  476  446  408  368  327  289  252  216  185  160  141  130  124  121  118
