data/edconvlstm_nd/pred0170.15i
     1.0            IONOSPHERE MAPS     GNSS                IONEX VERSION / TYPE
pyspatialgeodesy        IME             05-JAN-18 20:20     PGM / RUN BY / DATE 
Map Name                                                    COMMENT             
Predicted global ionosphere maps (GIM).                     DESCRIPTION         
  2015     1    17     0     0     0                        EPOCH OF FIRST MAP  
  2015     1    18     0     0     0                        EPOCH OF LAST MAP   
  7200                                                      INTERVAL            
    13                                                      # OF MAPS IN FILE   
  NONE                                                      MAPPING FUNCTION    
10.0                                                        ELEVATION CUTOFF    
One-way carrier phase leveled to code                       OBSERVABLES USED    
  6371.0                                                    BASE RADIUS         
 2                                                          MAP DIMENSION       
   450.0 450.0   0.0                                        HGT1 / HGT2 / DHGT  
    87.5 -87.5  -2.5                                        LAT1 / LAT2 / DLAT  
  -180.0 180.0   5.0                                        LON1 / LON2 / DLON  
    -1                                                      EXPONENT            
                                                            END OF HEADER       
[from data line 3003]
     8                                                      START OF TEC MAP    
  2015     1    17    14     0     0                        EPOCH OF CURRENT MAP
    87.5-180.0 180.0   5.0 450.0                            LAT/LON1/LON2/DLON/H
   76   87   90   96  101  102  103  100  102  105  105  106  106  106  106  106
  106  105  105  104  103  102  101  100   99   98   97   95   94   92   90   89
   87   85   82   80   78   76   74   72   70   69   68   67   66   66   65   65
   66   66   67   68   68   69   70   71   72   73   74   75   76   77   78   79
   81   82   81   78   81   81   94   95   76                                   
    85.0-180.0 180.0   5.0 450.0                            LAT/LON1/LON2/DLON/H
   79   91  106   95   97  103  104  106  108  110  110  111  111  111  111  111
  110  110  110  109  109  108  107  106  105  104  103  101   99   98   95   93
   91   88   85   82   79   76   73   71   69   67   66   65   64   64   64   65
   65   66   67   69   70   71   73   74   75   77   78   79   80   81   83   84
   86   86   83   80   82   86   91   90   79                                   
    82.5-180.0 180.0   5.0 450.0                            LAT/LON1/LON2/DLON/H
   67   81   90   84   88   93   97   99  100  102  103  104  104  104  103  103
  103  102  102  102  101  101  100  100   99   98   97   96   95   93   91   89
   86   82   79   75   71   66   62   59   55   52   50   48   47   47   47   47
   48   50   51   53   55   57   58   60   62   64   66   67   69   70   71   72
   74   75   72   70   74   84   81   81   67                                   
    80.0-180.0 180.0   5.0 450.0                            LAT/LON1/LON2/DLON/H
   60   68   78   74   77   79   83   85   88   89   90   91   90   90   90   90
   90   90   90   90   91   91   91   92   92   93   93   93   93   92   91   89
   86   83   79   74   69   64   58   53   48   44   41   38   37   36   37   38
   39   41   43   46   49   51   54   56   58   60   62   63   64   65   65   66
   67   67   65   64   63   72   71   76   60                                   
    77.5-180.0 180.0   5.0 450.0                            LAT/LON1/LON2/DLON/H
   64   65   67   64   67   71   74   77   79   79   79   80   79   79   79   79
   80   80   81   83   84   86   88   90   92   94   95   97   98   98   98   98
   96   93   90   85   79   73   66   59   53   47   42   38   36   35   35   36
   38   41   44   47   50   54   57   60   62   64   65   66   67   67   66   66
   65   64   62   61   59   59   61   67   64                                   
    75.0-180.0 180.0   5.0 450.0                            LAT/LON1/LON2/DLON/H
   53   56   56   56   58   62   64   65   67   67   66   66   66   66   66   66
   68   70   72   76   79   84   88   92   96  100  104  108  110  113  114  115
  114  112  109  105   99   92   84   76   68   60   54   49   45   43   43   43
   45   48   50   54   57   60   62   65   67   68   70   70   70   69   68   67
   65   63   61   57   56   53   53   49   53                                   
    72.5-180.0 180.0   5.0 450.0                            LAT/LON1/LON2/DLON/H
   52   53   52   54   54   60   61   62   62   62   60   60   59   59   59   60
   63   66   71   76   82   89   96  102  109  115  120  125  130  133  136  138
  139  138  136  132  125  118  109   99   90   80   72   65   60   56   54   54
   54   55   57   59   61   63   65   66   68   69   70   71   71   71   70   69
   66   64   62   57   56   53   52   51   52                                   
    70.0-180.0 180.0   5.0 450.0                            LAT/LON1/LON2/DLON/H
   51   53   54   56   57   60   60   61   61   61   59   58   56   56   56   58
   61   66   73   81   90   99  109  119  128  136  143  150  155  160  164  166
  168  168  166  161  155  147  138  127  116  105   95   87   80   74   70   68
   66   65   64   64   64   63   63   64   64   66   67   68   70   70   71   70
   69   66   65   60   59   56   58   55   51                                   
    67.5-180.0 180.0   5.0 450.0                            LAT/LON1/LON2/DLON/H
   51   56   56   60   62   67   68   69   68   66   64   63   62   61   62   64
   67   73   81   90  101  113  126  138  149  159  167  175  181  187  191  194
  196  196  194  190  183  175  165  154  142  130  119  109  100   92   86   80
   76   72   68   64   61   58   56   55   55   56   58   61   64   66   68   70
   70   68   68   63   62   59   58   55   51                                   
    65.0-180.0 180.0   5.0 450.0                            LAT/LON1/LON2/DLON/H
   50   56   57   62   64   70   70   72   72   71   69   68   67   66   67   68
   72   79   87   98  111  125  140  154  167  179  189  198  205  211  215  219
  220  220  217  213  206  197  187  175  163  151  140  128  118  108   98   89
   81   73   65   58   52   47   43   41   40   41   44   47   51   55   59   62
   64   65   66   63   63   62   61   58   50                                   
    62.5-180.0 180.0   5.0 450.0                            LAT/LON1/LON2/DLON/H
   46   52   53   58   62   68   69   71   72   72   72   72   71   71   71   73
   77   84   93  104  118  133  149  165  180  193  205  214  223  229  234  237
  238  237  234  228  221  211  200  189  177  165  153  142  129  117  104   92
   80   69   58   48   40   33   28   26   26   27   29   33   38   42   46   50
   53   56   58   57   59   58   57   55   46                                   
    60.0-180.0 180.0   5.0 450.0                            LAT/LON1/LON2/DLON/H
   41   45   46   51   54   59   61   64   66   68   69   70   71   71   73   75
   79   85   94  106  121  136  153  170  186  200  214  225  234  242  247  250
  251  250  245  238  229  219  207  196  184  174  162  150  137  123  108   93
   78   64   52   40   30   23   18   16   16   17   20   23   27   31   35   39
   42   44   48   48   51   50   50   49   41                                   
    57.5-180.0 180.0   5.0 450.0                            LAT/LON1/LON2/DLON/H
   35   38   37   43   46   50   52   55   58   60   63   66   68   69   71   74
   78   85   95  107  122  138  155  172  189  205  219  232  243  251  257  261
  262  260  255  247  237  225  213  202  191  182  172  160  146  131  114   97
   81   66   52   41   31   23   18   16   16   17   19   22   25   28   31   33
   35   37   41   42   46   44   44   45   35                                   
    55.0-180.0 180.0   5.0 450.0                            LAT/LON1/LON2/DLON/H
   34   34   32   37   39   42   44   46   49   52   55   59   62   65   67   71
   77   85   95  109  124  140  157  174  191  208  223  237  248  257  264  268
  269  267  262  254  243  230  218  207  198  190  181  171  157  141  123  105
   89   74   61   50   41   34   29   27   26   27   29   31   33   34   34   34
   35   36   40   41   45   42   41   43   34                                   
    52.5-180.0 180.0   5.0 450.0                            LAT/LON1/LON2/DLON/H
   38   35   32   37   38   39   39   40   42   45   48   52   56   59   63   68
   75   86   98  113  129  146  163  180  197  213  228  241  252  261  268  272
  274  272  268  259  248  236  224  214  206  199  192  183  170  154  136  119
  102   89   77   68   60   54   50   47   46   47   48   49   49   48   46   44
   42   42   46   46   50   47   46   46   38                                   
    50.0-180.0 180.0   5.0 450.0                            LAT/LON1/LON2/DLON/H
   48   44   40   43   43   44   41   41   41   43   46   49   52   55   60   67
   77   90  106  122  140  157  174  190  206  221  235  246  256  263  269  273
  275  274  271  264  254  243  231  222  215  210  204  196  184  169  152  135
  120  107   98   90   83   78   74   71   71   71   71   71   70   67   63   59
   56   55   57   58   61   59   57   55   48                                   
    47.5-180.0 180.0   5.0 450.0                            LAT/LON1/LON2/DLON/H
   63   60   55   57   55   55   51   48   47   47   48   50   52   55   61   70
   83   99  118  137  156  174  191  206  221  234  245  254  260  264  267  269
  271  272  270  266  259  249  239  231  225  221  216  208  197  182  165  149
  136  125  116  108  102   96   92   90   89   90   90   90   88   85   80   75
   71   70   72   72   76   76   74   69   63                                   
    45.0-180.0 180.0   5.0 450.0                            LAT/LON1/LON2/DLON/H
   78   77   73   75   72   71   65   61   58   57   57   57   58   60   66   77
   93  112  133  155  175  194  211  226  239  250  258  262  264  263  262  262
  263  266  267  266  262  256  248  241  235  230  225  217  205  191  175  160
  147  136  127  118  110  104   99   96   96   97   98   98   97   94   90   87
   83   82   83   85   89   92   91   85   78                                   
    42.5-180.0 180.0   5.0 450.0                            LAT/LON1/LON2/DLON/H
   89   92   89   92   90   88   81   76   72   70   69   68   67   70   76   89
  106  128  151  174  195  214  231  245  257  266  270  270  266  260  255  253
  255  259  263  266  266  263  258  252  245  239  232  222  210  196  181  166
  153  141  130  119  109  100   94   91   90   91   93   93   93   92   91   89
   87   86   88   90   96  101  102   96   89                                   
    40.0-180.0 180.0   5.0 450.0                            LAT/LON1/LON2/DLON/H
   92   99   99  103  102  100   94   89   85   83   81   80   80   82   89  103
  122  145  169  191  212  231  247  261  272  279  281  278  269  259  251  248
  250  256  264  271  276  276  273  266  258  250  240  228  215  200  185  170
  157  144  130  115  102   90   83   79   79   79   80   81   82   82   82   82
   82   83   85   87   93  100  102   99   92                                   
    37.5-180.0 180.0   5.0 450.0                            LAT/LON1/LON2/DLON/H
   87   96   98  103  104  103   99   96   93   93   92   92   92   95  103  118
  138  161  183  205  225  243  259  273  283  289  290  284  274  263  254  252
  256  265  277  287  295  298  295  288  278  266  252  238  223  208  193  178
  164  150  133  116  100   87   78   74   73   72   72   71   70   70   72   73
   74   75   77   78   83   89   92   92   87                                   
    35.0-180.0 180.0   5.0 450.0                            LAT/LON1/LON2/DLON/H
   76   85   89   94   96   97   96   95   95   96   98   99  101  106  116  132
  152  174  195  215  233  251  266  279  290  296  297  292  283  274  268  269
  277  290  305  318  328  331  328  319  306  290  274  257  240  224  210  196
  182  167  150  131  114  100   91   87   84   81   77   73   69   67   68   69
   70   70   71   69   72   74   78   80   76                                   
    32.5-180.0 180.0   5.0 450.0                            LAT/LON1/LON2/DLON/H
   64   72   75   79   82   83   85   86   89   93   98  102  107  114  127  144
  164  185  204  222  239  255  270  282  292  299  302  301  297  294  295  302
  315  332  350  365  375  377  372  361  344  325  305  286  269  253  239  227
  215  202  186  169  153  140  131  126  121  115  106   96   87   81   79   79
   78   76   75   68   68   64   68   70   64                                   
    30.0-180.0 180.0   5.0 450.0                            LAT/LON1/LON2/DLON/H
   58   62   64   65   67   68   72   74   79   85   92  100  108  119  134  153
  174  193  211  228  244  259  272  283  293  301  308  313  317  323  333  349
  369  392  412  427  435  434  425  410  391  369  348  327  310  295  283  274
  265  255  243  229  217  207  200  194  187  176  160  143  127  116  110  107
  104  100   95   83   78   67   68   66   58                                   
    27.5-180.0 180.0   5.0 450.0                            LAT/LON1/LON2/DLON/H
   61   62   60   58   59   58   62   64   69   76   84   94  105  119  137  158
  180  200  218  234  250  263  275  284  293  303  314  327  342  359  381  407
  437  464  484  496  498  492  480  463  442  419  397  377  361  348  339  333
  328  322  316  309  302  296  292  285  275  258  236  212  189  171  161  155
  148  142  133  117  105   87   82   72   61                                   
    25.0-180.0 180.0   5.0 450.0                            LAT/LON1/LON2/DLON/H
   76   72   65   61   59   58   61   61   65   70   77   87  100  116  137  160
  184  206  225  242  257  270  279  286  294  305  322  344  369  399  434  471
  507  536  555  561  557  545  530  512  491  469  449  431  417  407  401  398
  397  396  395  395  394  393  391  383  369  348  320  289  261  238  223  214
  204  197  184  167  149  122  109   90   76                                   
    22.5-180.0 180.0   5.0 450.0                            LAT/LON1/LON2/DLON/H
  102   94   80   73   69   66   68   66   67   70   75   83   96  113  135  160
  186  210  232  251  267  278  285  290  296  309  331  361  398  440  484  529
  568  597  610  609  600  585  568  550  531  512  495  480  470  463  460  460
  461  464  467  471  474  476  473  464  447  421  390  357  326  301  284  273
  262  254  238  223  200  168  148  121  102                                   
    20.0-180.0 180.0   5.0 450.0                            LAT/LON1/LON2/DLON/H
  136  124  103   93   85   81   82   78   76   77   79   85   95  111  134  160
  189  215  239  260  277  288  293  295  300  315  342  380  426  476  526  573
  611  634  642  636  624  608  592  575  559  544  530  520  513  510  509  509
  510  512  515  519  522  522  517  504  484  457  426  396  369  347  331  320
  309  304  287  275  250  217  193  161  136                                   
    17.5-180.0 180.0   5.0 450.0                            LAT/LON1/LON2/DLON/H
  171  156  131  117  104   99   98   93   89   87   87   90   99  114  136  164
  193  223  249  271  288  298  301  301  306  324  356  401  452  504  554  598
  630  648  651  643  630  616  601  588  576  564  554  547  543  541  540  539
  536  533  531  529  527  522  512  496  474  448  422  398  378  363  353  344
  337  334  321  313  288  258  235  202  171                                   
    15.0-180.0 180.0   5.0 450.0                            LAT/LON1/LON2/DLON/H
  199  183  155  137  121  116  114  109  104  100   97   99  106  120  142  170
  202  233  261  283  300  308  309  309  316  337  373  422  474  524  569  606
  631  643  643  636  624  612  601  592  583  575  568  562  559  557  554  547
  538  526  515  504  493  481  465  446  424  403  383  368  357  350  346  342
  339  340  332  328  308  283  265  234  199                                   
    12.5-180.0 180.0   5.0 450.0                            LAT/LON1/LON2/DLON/H
  213  198  171  150  131  126  125  121  116  112  109  110  116  130  151  180
  213  245  273  296  310  317  318  320  329  354  393  442  492  537  574  602
  620  627  626  619  611  603  596  591  585  579  573  567  563  558  551  539
  521  499  477  456  436  417  396  376  356  339  327  319  316  316  317  317
  318  322  320  319  306  289  275  249  213                                   
    10.0-180.0 180.0   5.0 450.0                            LAT/LON1/LON2/DLON/H
  214  202  176  153  135  127  128  125  122  119  117  120  127  141  164  193
  226  258  286  307  320  326  328  333  347  375  416  462  506  544  572  592
  604  608  607  602  597  593  591  589  586  581  573  565  558  551  539  521
  495  464  433  403  377  352  329  309  293  280  273  271  272  275  278  280
  283  290  291  292  286  276  266  245  214                                   
     7.5-180.0 180.0   5.0 450.0                            LAT/LON1/LON2/DLON/H
  205  196  172  151  133  123  124  122  121  120  122  127  137  154  178  209
  242  272  298  317  329  335  340  349  368  399  438  480  518  547  569  582
