data/edconvlstm_nd/pred2160.15i
     1.0            IONOSPHERE MAPS     GNSS                IONEX VERSION / TYPE
pyspatialgeodesy        IME             05-JAN-18 20:20     PGM / RUN BY / DATE 
Map Name                                                    COMMENT             
Predicted global ionosphere maps (GIM).                     DESCRIPTION         
  2015     8     4     0     0     0                        EPOCH OF FIRST MAP  
  2015     8     5     0     0     0                        EPOCH OF LAST MAP   
  7200                                                      INTERVAL            
    13                                                      # OF MAPS IN FILE   
  NONE                                                      MAPPING FUNCTION    
10.0                                                        ELEVATION CUTOFF    
One-way carrier phase leveled to code                       OBSERVABLES USED    
  6371.0                                                    BASE RADIUS         
 2                                                          MAP DIMENSION       
   450.0 450.0   0.0                                        HGT1 / HGT2 / DHGT  
    87.5 -87.5  -2.5                                        LAT1 / LAT2 / DLAT  
  -180.0 180.0   5.0                                        LON1 / LON2 / DLON  
    -1                                                      EXPONENT            
                                                            END OF HEADER       
[from data line 5148]
    13                                                      START OF TEC MAP    
  2015     8     5     0     0     0                        EPOCH OF CURRENT MAP
    87.5-180.0 180.0   5.0 450.0                            LAT/LON1/LON2/DLON/H
  134  137  145  136  134  135  133  132  132  132  132  133  133  133  133  133
  132  132  131  130  130  129  128  127  126  125  124  123  122  121  120  119
  118  117  116  116  115  115  115  115  115  115  115  115  115  115  116  116
  116  116  116  116  117  117  117  117  117  117  118  118  118  119  119  120
  121  122  123  123  121  122  131  140  134                                   
    85.0-180.0 180.0   5.0 450.0                            LAT/LON1/LON2/DLON/H
  144  143  131  135  139  140  138  137  138  137  138  138  138  138  137  137
  136  135  135  133  132  131  129  128  126  125  123  122  120  119  118  116
  115  115  114  114  113  113  113  113  114  114  114  115  115  115  115  116
  116  116  116  116  117  117  117  117  118  118  119  120  120  121  122  123
  125  126  128  131  125  133  139  145  144                                   
    82.5-180.0 180.0   5.0 450.0                            LAT/LON1/LON2/DLON/H
  144  139  147  144  145  147  145  146  148  147  147  148  148  148  147  146
  145  144  143  141  139  137  135  133  130  128  126  124  121  120  118  116
  115  115  114  114  114  114  115  115  116  116  117  117  118  118  119  119
  119  119  119  120  120  120  120  121  121  122  123  124  125  126  128  130
  131  133  134  134  134  125  133  138  144                                   
    80.0-180.0 180.0   5.0 450.0                            LAT/LON1/LON2/DLON/H
  153  149  147  146  148  151  154  156  158  157  158  159  159  158  157  156
  155  153  151  148  146  143  140  136  133  130  127  124  121  119  117  116
  115  115  115  115  116  117  118  119  120  121  123  124  125  126  126  127
  127  127  127  127  127  127  127  127  127  128  129  130  131  133  134  136
  138  138  139  139  148  139  147  155  153                                   
    77.5-180.0 180.0   5.0 450.0                            LAT/LON1/LON2/DLON/H
  164  157  153  157  154  157  162  166  168  168  169  170  171  170  169  167
  165  163  160  156  153  149  146  142  138  134  130  127  124  122  120  119
  119  119  120  121  122  124  126  127  129  131  132  134  135  137  138  139
  139  139  139  138  138  137  136  136  136  136  137  138  139  140  142  144
  145  147  147  147  154  154  156  166  164                                   
    75.0-180.0 180.0   5.0 450.0                            LAT/LON1/LON2/DLON/H
  172  160  158  163  160  163  167  170  174  175  177  178  179  178  176  174
  171  167  163  159  155  150  146  142  137  133  129  125  122  120  119  119
  119  121  122  125  127  129  130  132  134  136  137  140  142  144  145  147
  148  148  147  146  145  143  142  141  141  141  141  142  143  145  147  149
  149  152  152  146  153  158  159  168  172                                   
    72.5-180.0 180.0   5.0 450.0                            LAT/LON1/LON2/DLON/H
  163  159  159  161  159  162  167  172  177  179  182  184  184  183  181  178
  173  168  163  158  152  147  142  137  132  128  123  120  117  115  115  115
  117  119  121  124  126  128  130  131  132  133  135  138  140  143  146  148
  149  149  149  147  145  143  142  140  140  140  141  142  143  145  147  150
  150  152  153  149  150  154  159  171  163                                   
    70.0-180.0 180.0   5.0 450.0                            LAT/LON1/LON2/DLON/H
  162  155  156  161  160  163  168  174  181  184  188  191  192  191  188  183
  177  171  164  158  151  145  139  134  129  124  119  115  113  111  112  113
  115  118  121  124  126  127  127  127  127  128  129  131  134  138  141  144
  146  147  146  145  143  141  139  139  139  139  141  143  145  147  149  152
  152  153  155  152  153  156  159  169  162                                   
    67.5-180.0 180.0   5.0 450.0                            LAT/LON1/LON2/DLON/H
  160  156  156  160  159  162  167  173  181  186  191  195  196  195  192  187
  180  172  164  156  149  142  135  129  124  118  114  110  107  106  106  108
  110  113  116  118  119  119  117  116  114  114  114  116  120  124  128  132
  135  136  136  135  133  132  131  131  133  135  137  140  143  146  148  150
  150  151  153  149  151  154  157  169  160                                   
    65.0-180.0 180.0   5.0 450.0                            LAT/LON1/LON2/DLON/H
  160  155  156  160  159  161  165  172  180  185  191  196  199  199  196  191
  183  175  166  157  148  141  134  128  122  117  113  109  106  105  105  106
  108  110  111  112  111  109  106  103  100   98   98  100  104  108  113  118
  121  123  123  123  122  121  122  124  127  131  135  140  144  147  149  151
  151  152  154  150  152  155  159  171  160                                   
    62.5-180.0 180.0   5.0 450.0                            LAT/LON1/LON2/DLON/H
  163  159  160  163  161  161  165  170  178  183  190  196  199  201  199  194
  187  179  169  160  151  144  137  131  126  121  117  113  110  109  108  108
  108  108  108  107  104  101   96   92   88   86   85   87   90   95   99  104
  107  109  110  110  110  111  114  118  123  130  136  142  147  151  154  156
  156  156  158  154  156  160  162  175  163                                   
    60.0-180.0 180.0   5.0 450.0                            LAT/LON1/LON2/DLON/H
  168  166  167  169  166  164  165  168  175  179  184  190  195  197  197  194
  189  181  172  163  155  148  142  137  132  128  125  122  119  116  114  112
  110  108  105  102   98   93   88   83   79   77   77   78   81   85   89   93
   96   97   98   99  100  103  108  114  122  131  140  148  154  158  161  163
  163  164  165  161  162  166  168  179  168                                   
    57.5-180.0 180.0   5.0 450.0                            LAT/LON1/LON2/DLON/H
  176  176  177  177  173  169  168  169  172  173  177  182  186  190  191  190
  187  181  173  166  159  153  148  144  141  139  136  134  131  127  123  119
  114  109  104   99   94   89   84   80   77   75   75   76   79   81   84   86
   88   90   91   92   94   99  106  114  125  136  147  156  163  168  171  174
  174  174  176  171  172  174  175  185  176                                   
    55.0-180.0 180.0   5.0 450.0                            LAT/LON1/LON2/DLON/H
  185  188  190  189  184  178  175  172  171  169  170  172  176  180  182  183
  182  178  173  167  162  158  155  153  152  151  149  147  144  140  134  127
  119  112  105   98   93   89   85   82   81   80   81   82   83   84   85   85
   86   87   88   90   93   99  108  119  131  144  156  166  174  179  183  186
  187  188  189  184  183  184  183  192  185                                   
    52.5-180.0 180.0   5.0 450.0                            LAT/LON1/LON2/DLON/H
  196  201  203  202  197  190  186  180  175  169  166  165  166  169  172  174
  175  174  171  168  166  164  163  163  163  162  162  160  157  152  144  135
  125  115  107  100   95   92   90   90   90   91   91   92   92   91   90   89
   88   88   90   92   96  103  113  125  139  153  166  176  185  190  195  199
  201  202  203  198  196  195  192  200  196                                   
    50.0-180.0 180.0   5.0 450.0                            LAT/LON1/LON2/DLON/H
  207  214  216  216  211  204  200  192  185  174  167  162  160  161  163  166
  168  169  169  169  170  170  171  171  172  172  172  170  167  161  152  142
  130  119  110  104  101   99   99  100  102  103  105  105  103  101   98   96
   94   94   95   98  103  110  121  133  148  162  175  186  194  201  207  212
  214  216  217  211  208  205  202  209  207                                   
    47.5-180.0 180.0   5.0 450.0                            LAT/LON1/LON2/DLON/H
  217  224  227  228  224  219  216  208  199  185  173  165  159  157  158  160
  163  166  169  171  174  176  178  179  179  179  178  177  173  167  157  146
  134  123  115  110  108  108  109  111  113  116  117  117  115  112  108  104
  102  102  103  105  110  118  128  141  155  169  183  194  203  210  216  222
  226  229  230  223  220  215  211  218  217                                   
    45.0-180.0 180.0   5.0 450.0                            LAT/LON1/LON2/DLON/H
  225  231  234  237  235  233  232  225  216  200  186  174  164  159  158  159
  162  165  170  175  179  183  185  185  184  182  181  178  174  168  159  148
  137  128  121  118  116  117  118  121  124  126  128  128  125  121  117  113
  111  110  110  113  117  124  133  146  160  175  188  199  209  216  224  231
  235  239  240  233  229  224  221  227  225                                   
    42.5-180.0 180.0   5.0 450.0                            LAT/LON1/LON2/DLON/H
  231  236  239  242  243  243  244  240  233  218  202  187  175  167  163  162
  164  168  174  180  186  190  192  191  188  184  181  177  173  166  158  148
  139  132  128  126  126  126  127  129  132  135  137  137  134  130  125  121
  118  117  116  118  121  127  136  148  163  178  192  204  214  222  230  237
  242  247  248  241  237  232  231  238  231                                   
    40.0-180.0 180.0   5.0 450.0                            LAT/LON1/LON2/DLON/H
  237  240  242  245  247  249  252  251  247  234  219  204  190  179  173  171
  171  175  181  188  194  198  199  196  191  185  180  175  170  163  156  148
  142  138  136  135  135  135  135  137  139  142  144  144  142  137  133  128
  125  122  120  120  122  128  137  149  164  180  195  208  219  227  235  243
  248  252  255  248  244  241  242  249  237                                   
    37.5-180.0 180.0   5.0 450.0                            LAT/LON1/LON2/DLON/H
  243  245  246  248  251  253  257  259  257  247  234  220  206  195  187  182
  182  185  191  197  204  207  207  202  196  188  181  175  168  162  155  149
  146  144  144  145  145  144  143  143  146  149  152  152  149  144  139  134
  129  124  121  119  121  126  135  149  165  182  198  212  224  232  240  247
  252  257  260  255  252  251  254  263  243                                   
    35.0-180.0 180.0   5.0 450.0                            LAT/LON1/LON2/DLON/H
  253  255  256  254  256  257  261  264  265  258  247  234  222  210  202  197
  195  197  202  208  214  216  215  210  202  194  186  178  170  163  157  153
  151  152  153  154  153  151  149  150  153  157  160  160  156  151  144  138
  131  125  119  116  117  123  134  148  165  184  201  216  228  237  244  251
  256  262  266  263  262  264  269  279  253                                   
    32.5-180.0 180.0   5.0 450.0                            LAT/LON1/LON2/DLON/H
  268  272  272  267  267  267  269  272  274  268  259  248  237  226  217  212
  209  210  214  220  224  226  224  219  212  203  194  185  177  169  162  158
  158  159  162  162  160  157  155  156  161  166  169  167  162  155  147  139
  131  122  115  111  113  120  132  148  166  185  203  219  231  240  247  254
  260  267  274  272  275  280  286  298  268                                   
    30.0-180.0 180.0   5.0 450.0                            LAT/LON1/LON2/DLON/H
  287  296  296  289  288  286  286  288  288  283  274  264  253  243  234  228
  225  224  227  231  234  236  234  230  223  215  205  196  186  177  170  166
  165  166  168  167  164  160  159  161  167  172  175  172  165  156  146  137
  127  118  110  106  108  117  130  147  166  186  204  220  233  242  249  257
  264  272  282  283  289  297  304  318  287                                   
    27.5-180.0 180.0   5.0 450.0                            LAT/LON1/LON2/DLON/H
  311  326  325  319  317  315  315  314  312  305  295  284  273  262  253  246
  241  240  240  243  245  246  245  242  236  228  218  208  197  186  178  173
  171  171  170  167  163  160  160  163  170  175  176  172  162  151  140  130
  120  111  103  100  103  113  128  146  165  185  203  219  232  242  250  259
  268  279  292  295  305  314  323  339  311                                   
    25.0-180.0 180.0   5.0 450.0                            LAT/LON1/LON2/DLON/H
  336  356  358  355  354  353  353  350  346  337  325  313  300  288  277  268
  261  257  255  255  256  257  256  253  248  240  229  218  205  193  183  177
  173  170  167  163  159  156  157  161  167  172  171  164  153  140  128  119
  110  102   95   94   99  110  126  144  164  183  201  217  230  241  251  262
  274  288  302  308  320  331  340  361  336                                   
    22.5-180.0 180.0   5.0 450.0                            LAT/LON1/LON2/DLON/H
  360  383  387  389  390  393  394  391  387  377  364  349  334  320  306  294
  284  277  272  270  270  269  268  265  258  248  236  223  209  195  184  175
  169  164  159  154  150  149  150  154  159  162  159  150  137  124  113  105
   98   92   88   88   94  107  123  142  161  179  197  213  227  239  252  266
  281  298  314  322  335  345  357  381  360                                   
    20.0-180.0 180.0   5.0 450.0                            LAT/LON1/LON2/DLON/H
  378  402  409  415  421  427  432  431  428  418  406  391  375  358  341  326
  312  301  293  288  285  283  280  274  265  252  237  221  205  190  177  168
  161  155  149  145  142  141  142  145  147  146  142  132  119  106   97   91
   87   83   81   83   91  104  120  139  157  176  193  210  225  239  255  272
  290  310  327  336  349  357  371  398  378                                   
    17.5-180.0 180.0   5.0 450.0                            LAT/LON1/LON2/DLON/H
  389  411  420  431  439  448  457  460  460  454  444  431  416  398  379  360
  343  328  316  308  302  297  291  282  268  250  231  211  194  178  166  157
  150  145  140  137  134  134  134  134  133  130  123  113  101   90   83   79
   77   76   76   79   88  101  118  136  155  173  191  208  225  242  260  281
  302  323  341  350  360  367  383  411  389                                   
    15.0-180.0 180.0   5.0 450.0                            LAT/LON1/LON2/DLON/H
  394  413  420  434  444  455  465  472  477  477  472  463  451  435  416  395
  374  356  341  329  320  311  300  285  266  242  218  196  178  164  153  146
  140  137  134  131  129  128  127  125  121  115  108   99   89   80   74   71
   71   71   72   77   86   99  116  134  152  171  190  209  228  247  269  292
  315  337  355  363  371  375  393  421  394                                   
    12.5-180.0 180.0   5.0 450.0                            LAT/LON1/LON2/DLON/H
  397  410  415  427  438  448  459  468  477  481  483  480  473  461  445  424
  403  382  364  349  336  322  306  285  259  230  202  179  162  150  142  137
  134  132  130  128  127  126  123  119  112  106   98   91   82   75   70   69
   68   69   70   74   84   97  114  132  151  170  190  211  232  255  279  304
  328  351  368  375  381  383  402  430  397                                   
    10.0-180.0 180.0   5.0 450.0                            LAT/LON1/LON2/DLON/H
  401  409  410  418  426  434  442  451  461  469  476  480  480  474  462  444
  424  403  384  366  348  329  307  279  247  215  186  164  149  140  135  133
  131  130  129  128  127  126  123  117  109  102   95   89   83   76   72   70
   69   68   68   72   81   94  111  129  148  169  191  214  239  264  291  317
  341  363  379  386  390  392  411  437  401                                   
     7.5-180.0 180.0   5.0 450.0                            LAT/LON1/LON2/DLON/H
  408  413  410  412  417  419  424  429  438  446  456  465  471  471  465  452
  434  415  395  375  353  329  302  269  234  201  173  153  141  135  133  132
