data/edconvlstm_nd/pred2330.15i
     1.0            IONOSPHERE MAPS     GNSS                IONEX VERSION / TYPE
pyspatialgeodesy        IME             05-JAN-18 20:20     PGM / RUN BY / DATE 
Map Name                                                    COMMENT             
Predicted global ionosphere maps (GIM).                     DESCRIPTION         
  2015     8    21     0     0     0                        EPOCH OF FIRST MAP  
  2015     8    22     0     0     0                        EPOCH OF LAST MAP   
  7200                                                      INTERVAL            
    13                                                      # OF MAPS IN FILE   
  NONE                                                      MAPPING FUNCTION    
10.0                                                        ELEVATION CUTOFF    
One-way carrier phase leveled to code                       OBSERVABLES USED    
  6371.0                                                    BASE RADIUS         
 2                                                          MAP DIMENSION       
   450.0 450.0   0.0                                        HGT1 / HGT2 / DHGT  
    87.5 -87.5  -2.5                                        LAT1 / LAT2 / DLAT  
  -180.0 180.0   5.0                                        LON1 / LON2 / DLON  
    -1                                                      EXPONENT            
                                                            END OF HEADER       
[from data line 1287]
     4                                                      START OF TEC MAP    
  2015     8    21     6     0     0                        EPOCH OF CURRENT MAP
    87.5-180.0 180.0   5.0 450.0                            LAT/LON1/LON2/DLON/H
   92   96   95  100   99   99   97   94   94   96   96   96   96   96   96   96
   96   95   94   94   93   92   91   90   89   88   88   87   86   85   84   84
   83   82   82   81   81   81   80   80   80   80   80   81   81   81   82   82
   83   83   84   85   85   85   86   86   87   87   87   87   87   87   87   88
   89   91   89   90   96  100  106   98   92                                   
    85.0-180.0 180.0   5.0 450.0                            LAT/LON1/LON2/DLON/H
   91  104  101  102  104  105  105  104  104  106  105  106  107  107  107  106
  106  105  104  104  103  102  100   99   98   97   96   95   95   94   93   92
   92   91   91   90   90   90   89   89   89   89   90   90   91   91   92   93
   94   95   95   96   97   98   98   99   99  100  100  100  100  100  100  100
  102  103   99  100   99  103  108  103   91                                   
    82.5-180.0 180.0   5.0 450.0                            LAT/LON1/LON2/DLON/H
   98  102  110  104  103  105  105  105  106  108  108  109  109  110  109  109
  108  107  106  105  103  102  100   99   97   96   95   94   93   93   92   91
   91   91   90   90   90   90   90   90   90   91   92   92   93   95   96   97
   99  100  101  102  104  105  106  106  107  107  107  108  107  107  106  106
  106  106  103  103  107  103   99   94   98                                   
    80.0-180.0 180.0   5.0 450.0                            LAT/LON1/LON2/DLON/H
  103  101  101   98  100  100  101  101  103  104  104  106  106  107  107  106
  105  104  102  100   98   96   94   92   90   89   88   87   86   86   86   86
   86   86   86   86   87   87   87   88   88   89   90   92   93   95   97   99
  101  103  105  106  108  109  110  111  112  112  112  112  112  111  110  109
  109  107  105  104  107  106  106   95  103                                   
    77.5-180.0 180.0   5.0 450.0                            LAT/LON1/LON2/DLON/H
  102   98   95   95   93   96   97   98   99  101  101  103  104  104  105  104
  103  101   99   97   94   92   89   86   84   83   81   81   81   81   81   82
   83   84   85   85   86   86   87   88   89   91   93   95   97  100  103  105
  108  111  113  115  117  118  120  120  121  121  121  121  120  119  117  116
  114  112  107  107  106   99   98   95  102                                   
    75.0-180.0 180.0   5.0 450.0                            LAT/LON1/LON2/DLON/H
   93   93   86   87   85   88   89   89   90   91   91   94   94   95   96   95
   94   92   90   87   84   81   78   75   72   71   70   69   70   70   72   74
   75   77   78   80   81   82   83   84   86   88   91   94   97  101  104  107
  110  113  115  117  119  121  122  122  123  123  123  123  122  121  120  119
  116  114  110  104  103   98   96   92   93                                   
    72.5-180.0 180.0   5.0 450.0                            LAT/LON1/LON2/DLON/H
   90   91   84   83   83   86   86   86   86   87   87   90   91   92   92   92
   91   89   87   84   80   77   73   70   67   65   64   64   65   67   69   72
   74   77   79   81   83   85   86   88   91   94   98  101  105  109  113  116
  119  122  124  125  126  127  128  128  129  129  129  129  129  128  127  127
  125  122  119  114  109  103   98   95   90                                   
    70.0-180.0 180.0   5.0 450.0                            LAT/LON1/LON2/DLON/H
   94   91   85   82   79   80   78   77   78   78   78   81   82   83   84   84
   83   81   79   76   72   69   65   62   59   57   56   56   58   60   63   67
   70   73   76   79   81   84   86   89   93   97  101  106  111  115  119  122
  124  126  126  127  127  127  127  127  127  127  127  128  129  129  129  129
  127  125  122  118  113  107  104   99   94                                   
    67.5-180.0 180.0   5.0 450.0                            LAT/LON1/LON2/DLON/H
   92   90   84   80   76   75   73   70   70   70   70   72   73   75   75   75
   74   73   70   68   64   61   58   55   52   50   49   50   51   54   57   61
   65   69   72   75   78   81   85   89   93   99  104  110  115  119  122  124
  125  126  125  124  123  122  121  120  120  120  121  122  123  125  125  127
  126  124  123  119  114  109  105  101   92                                   
    65.0-180.0 180.0   5.0 450.0                            LAT/LON1/LON2/DLON/H
   95   93   86   81   76   73   69   66   64   64   63   66   67   68   69   68
   67   66   63   61   58   55   53   50   47   46   45   46   48   50   54   58
   62   66   70   73   77   81   86   91   98  104  111  117  122  126  129  130
  129  128  126  124  122  119  117  116  115  116  117  118  121  122  124  126
  126  125  124  121  117  114  111  107   95                                   
    62.5-180.0 180.0   5.0 450.0                            LAT/LON1/LON2/DLON/H
   99   97   90   84   78   73   68   63   61   59   58   60   61   63   63   62
   61   59   57   55   52   50   48   46   44   43   43   44   46   49   52   56
   60   64   68   72   77   82   88   95  103  111  119  126  131  135  136  136
  134  131  128  125  122  119  116  114  113  114  115  117  119  121  123  125
  125  124  124  121  119  117  115  112   99                                   
    60.0-180.0 180.0   5.0 450.0                            LAT/LON1/LON2/DLON/H
  103  102   95   87   81   75   68   62   58   55   54   55   56   57   57   56
   54   52   49   47   46   44   43   41   40   40   40   41   44   47   50   54
   57   61   65   70   76   83   91   99  109  118  127  134  139  142  142  141
  138  135  131  128  124  121  118  115  114  114  114  116  118  120  121  123
  123  122  122  120  119  118  117  114  103                                   
    57.5-180.0 180.0   5.0 450.0                            LAT/LON1/LON2/DLON/H
  108  108  101   93   87   80   72   64   58   54   51   52   52   52   52   50
   48   46   43   41   40   39   38   38   37   37   38   40   43   46   49   52
   56   59   64   70   78   86   95  106  116  126  135  143  148  150  150  148
  145  142  138  135  132  128  125  122  120  119  119  121  122  123  123  124
  123  121  121  120  120  120  119  116  108                                   
    55.0-180.0 180.0   5.0 450.0                            LAT/LON1/LON2/DLON/H
  113  114  108  101   95   87   78   68   60   54   50   49   48   48   47   45
   43   40   38   36   35   34   34   34   34   35   36   38   41   45   48   51
   54   58   64   71   80   90  101  112  123  134  143  150  155  158  158  156
  153  150  148  145  142  139  135  131  128  127  127  128  128  128  127  126
  124  121  121  120  121  121  120  118  113                                   
    52.5-180.0 180.0   5.0 450.0                            LAT/LON1/LON2/DLON/H
  118  121  115  109  105   97   87   76   66   57   50   48   46   45   44   42
   39   37   35   33   32   32   32   32   32   33   35   38   41   44   47   50
   53   58   65   74   85   96  108  120  130  140  149  157  162  165  165  164
  163  161  160  158  155  151  146  142  138  136  135  136  136  135  133  130
  127  123  123  122  123  123  122  119  118                                   
    50.0-180.0 180.0   5.0 450.0                            LAT/LON1/LON2/DLON/H
  122  126  121  118  115  108   99   86   74   62   54   49   46   44   42   40
   38   36   34   32   31   31   31   31   32   33   35   38   41   45   47   50
   54   59   67   78   90  103  116  127  137  146  154  162  168  171  173  173
  173  173  173  171  168  164  158  151  146  143  142  143  143  141  139  135
  131  128  127  125  126  126  125  121  122                                   
    47.5-180.0 180.0   5.0 450.0                            LAT/LON1/LON2/DLON/H
  126  130  125  125  124  119  110   97   83   70   59   53   48   45   43   41
   39   37   36   35   34   34   34   34   34   35   37   39   43   46   48   51
   55   61   70   83   96  110  122  133  142  150  158  165  172  177  180  182
  183  184  185  184  180  175  167  159  152  148  147  147  147  146  144  141
  137  133  132  130  131  130  129  124  126                                   
    45.0-180.0 180.0   5.0 450.0                            LAT/LON1/LON2/DLON/H
  128  131  127  129  129  126  119  106   93   79   67   59   52   48   45   43
   42   41   40   40   40   39   39   38   38   39   40   43   46   48   50   52
   56   63   73   87  102  116  128  137  145  152  159  167  175  181  186  190
  193  195  196  195  191  184  174  164  156  151  149  149  150  149  147  145
  143  140  139  137  137  135  134  129  128                                   
    42.5-180.0 180.0   5.0 450.0                            LAT/LON1/LON2/DLON/H
  128  130  126  129  130  129  123  112  100   86   75   66   59   53   50   47
   47   47   47   48   48   48   47   46   45   45   46   48   50   51   52   54
   58   65   76   91  106  120  131  139  146  152  160  168  176  184  191  196
  200  203  205  204  200  192  181  170  161  154  152  151  152  152  151  150
  149  147  147  145  144  142  140  136  128                                   
    40.0-180.0 180.0   5.0 450.0                            LAT/LON1/LON2/DLON/H
  128  128  123  126  127  127  123  114  104   92   82   74   67   60   56   53
   52   53   55   56   57   57   57   56   54   53   53   54   55   55   55   56
   60   67   79   93  109  122  133  140  146  151  158  167  177  186  194  201
  206  211  213  213  210  202  192  180  170  162  158  156  156  156  155  156
  156  155  155  153  151  149  147  142  128                                   
    37.5-180.0 180.0   5.0 450.0                            LAT/LON1/LON2/DLON/H
  128  125  120  120  121  120  118  111  104   95   87   81   74   68   63   59
   58   59   61   64   66   67   67   66   64   62   61   61   61   60   59   59
   62   69   80   94  109  122  132  139  144  149  157  166  176  186  196  205
  212  218  222  224  223  218  209  198  187  178  172  168  166  164  163  163
  164  164  164  162  160  156  154  149  128                                   
    35.0-180.0 180.0   5.0 450.0                            LAT/LON1/LON2/DLON/H
  131  125  118  116  114  112  110  105  101   95   91   87   81   75   69   65
   63   64   66   69   72   74   75   75   73   72   70   69   67   65   63   62
   64   70   80   93  107  120  129  136  141  147  154  164  175  187  198  209
  219  227  234  239  242  241  235  226  215  205  196  189  183  179  176  175
  175  175  174  171  169  165  163  157  131                                   
    32.5-180.0 180.0   5.0 450.0                            LAT/LON1/LON2/DLON/H
  138  130  121  115  111  106  102   98   95   93   92   91   87   81   74   69
   67   67   69   72   76   80   82   83   82   80   78   76   73   71   68   66
   67   71   80   91  104  116  125  132  138  144  151  162  174  188  202  215
  227  239  250  260  267  271  270  263  253  241  230  219  210  202  196  192
  190  187  185  181  179  175  173  167  138                                   
    30.0-180.0 180.0   5.0 450.0                            LAT/LON1/LON2/DLON/H
  152  143  131  121  114  104   98   92   90   89   91   92   90   85   78   72
   69   68   70   73   78   83   87   90   89   88   85   82   79   76   72   69
   69   72   78   88  100  111  120  128  134  141  149  161  174  190  206  223
  239  254  269  284  297  306  310  306  297  284  270  257  244  232  222  215
  209  203  199  193  191  187  186  179  152                                   
    27.5-180.0 180.0   5.0 450.0                            LAT/LON1/LON2/DLON/H
  171  163  150  136  125  110  100   91   88   87   90   92   91   87   81   75
   70   68   70   74   80   86   92   95   96   94   91   88   84   80   76   73
   71   72   77   84   94  105  115  124  131  139  149  162  177  194  214  233
  253  272  290  309  328  342  350  349  341  328  313  297  281  266  253  242
  232  223  216  208  205  202  203  194  171                                   
    25.0-180.0 180.0   5.0 450.0                            LAT/LON1/LON2/DLON/H
  196  189  176  159  144  124  109   96   91   88   90   92   92   88   83   76
   71   69   70   74   81   89   96  101  101   99   96   92   87   83   79   75
   72   72   75   81   90  100  111  121  130  140  151  165  182  202  223  246
  269  290  312  334  356  374  385  386  379  367  352  336  319  302  286  272
  258  245  236  225  222  219  222  213  196                                   
    22.5-180.0 180.0   5.0 450.0                            LAT/LON1/LON2/DLON/H
  224  218  206  188  170  145  125  108   98   93   92   93   92   89   84   78
   73   70   71   75   83   92  100  105  106  104   99   94   89   84   80   76
   72   71   72   77   85   96  108  119  131  143  156  172  190  212  236  261
  285  309  332  355  378  397  409  412  406  395  381  367  351  335  319  303
  286  271  259  246  242  240  244  235  224                                   
    20.0-180.0 180.0   5.0 450.0                            LAT/LON1/LON2/DLON/H
  252  248  238  218  197  168  145  123  110  101   97   96   94   91   86   81
   76   73   73   77   85   95  104  109  109  106  101   95   89   84   79   75
   71   69   69   73   82   94  107  120  134  148  164  182  202  224  250  276
  301  325  348  370  392  410  421  424  419  410  399  388  376  364  349  334
  315  299  284  269  265  263  267  258  252                                   
    17.5-180.0 180.0   5.0 450.0                            LAT/LON1/LON2/DLON/H
  278  275  267  246  222  191  164  139  123  111  104  101   98   94   90   85
   81   77   77   81   89   98  106  111  111  107  100   93   87   81   77   72
   68   65   66   70   80   93  108  123  139  156  174  194  215  238  263  290
  315  338  359  379  397  412  421  422  419  412  406  400  394  386  375  362
  344  327  312  295  290  288  291  283  278                                   
    15.0-180.0 180.0   5.0 450.0                            LAT/LON1/LON2/DLON/H
  299  296  290  267  242  209  180  154  136  122  113  108  104  100   96   92
   88   84   84   86   93  101  108  111  110  105   98   90   83   78   73   68
   64   62   62   68   79   94  110  127  145  164  185  206  228  251  276  301
  326  347  365  381  395  406  412  413  411  408  406  406  405  402  396  386
  370  354  339  322  316  313  315  306  299                                   
    12.5-180.0 180.0   5.0 450.0                            LAT/LON1/LON2/DLON/H
  316  313  307  282  256  221  192  165  147  132  122  116  112  108  105  101
   97   94   92   93   97  102  107  109  107  102   94   86   79   74   69   65
   61   58   60   66   79   95  113  132  151  172  195  217  239  262  285  309
  332  352  368  380  391  398  402  402  402  403  405  409  413  414  412  405
  393  378  364  347  341  336  336  328  316                                   
    10.0-180.0 180.0   5.0 450.0                            LAT/LON1/LON2/DLON/H
  329  325  318  291  264  229  199  174  156  142  132  126  121  118  116  113
  109  105  101  100  101  103  105  106  103   97   90   82   75   70   65   61
   57   55   57   65   79   96  115  135  156  179  202  225  247  269  291  313
  335  354  368  380  388  393  396  397  398  402  408  414  420  423  423  419
  408  397  384  369  362  356  354  346  329                                   
     7.5-180.0 180.0   5.0 450.0                            LAT/LON1/LON2/DLON/H
  339  335  326  296  269  234  204  180  164  151  142  137  132  130  128  125
  121  116  111  106  104  103  102  101   97   92   85   78   72   67   63   59
