data/edconvlstm_nd/pred1850.15i
     1.0            IONOSPHERE MAPS     GNSS                IONEX VERSION / TYPE
pyspatialgeodesy        IME             05-JAN-18 20:20     PGM / RUN BY / DATE 
Map Name                                                    COMMENT             
Predicted global ionosphere maps (GIM).                     DESCRIPTION         
  2015     7     4     0     0     0                        EPOCH OF FIRST MAP  
  2015     7     5     0     0     0                        EPOCH OF LAST MAP   
  7200                                                      INTERVAL            
    13                                                      # OF MAPS IN FILE   
  NONE                                                      MAPPING FUNCTION    
10.0                                                        ELEVATION CUTOFF    
One-way carrier phase leveled to code                       OBSERVABLES USED    
  6371.0                                                    BASE RADIUS         
 2                                                          MAP DIMENSION       
   450.0 450.0   0.0                                        HGT1 / HGT2 / DHGT  
    87.5 -87.5  -2.5                                        LAT1 / LAT2 / DLAT  
  -180.0 180.0   5.0                                        LON1 / LON2 / DLON  
    -1                                                      EXPONENT            
                                                            END OF HEADER       
[from data line 3861]
    10                                                      START OF TEC MAP    
  2015     7     4    18     0     0                        EPOCH OF CURRENT MAP
    87.5-180.0 180.0   5.0 450.0                            LAT/LON1/LON2/DLON/H
  184  177  167  175  176  176  176  176  176  177  177  177  177  177  177  177
  177  176  176  175  175  174  173  172  171  170  169  168  166  165  164  163
  162  162  161  161  160  160  160  160  160  160  160  160  161  161  161  162
  162  162  162  163  163  163  163  164  164  164  165  165  165  166  166  166
  166  167  167  168  177  177  180  180  184                                   
    85.0-180.0 180.0   5.0 450.0                            LAT/LON1/LON2/DLON/H
  176  178  185  181  179  183  184  186  186  187  187  188  188  188  188  188
  187  187  186  186  185  184  183  181  180  179  177  176  174  173  171  170
  169  168  167  166  166  165  165  165  165  166  166  166  166  167  167  168
  168  168  168  168  169  169  169  169  170  170  170  171  171  172  172  173
  174  175  174  174  177  171  174  178  176                                   
    82.5-180.0 180.0   5.0 450.0                            LAT/LON1/LON2/DLON/H
  160  171  174  174  174  180  183  185  184  186  187  188  188  188  188  188
  188  187  187  186  185  183  182  180  178  176  174  172  169  167  164  162
  160  159  158  157  156  156  156  156  157  157  158  158  159  159  160  160
  161  161  161  161  161  161  161  161  162  162  162  163  163  164  164  165
  165  165  165  169  169  175  170  164  160                                   
    80.0-180.0 180.0   5.0 450.0                            LAT/LON1/LON2/DLON/H
  159  169  176  176  175  178  182  187  188  191  191  193  193  193  193  193
  193  192  192  191  190  188  187  185  183  180  177  174  171  167  164  161
  159  157  155  154  154  154  155  155  156  157  158  159  160  160  161  162
  162  162  162  162  162  161  161  161  161  161  161  161  162  162  163  164
  165  166  166  169  166  162  164  162  159                                   
    77.5-180.0 180.0   5.0 450.0                            LAT/LON1/LON2/DLON/H
  164  167  175  175  176  181  184  188  189  192  192  194  194  194  194  194
  194  193  193  193  192  191  190  189  187  184  181  177  173  169  165  162
  159  157  155  154  154  155  156  157  158  159  160  160  161  162  162  163
  163  163  163  162  162  161  160  159  159  158  158  158  159  159  160  161
  162  162  163  166  169  161  165  167  164                                   
    75.0-180.0 180.0   5.0 450.0                            LAT/LON1/LON2/DLON/H
  166  171  176  176  176  182  184  187  190  192  193  194  194  193  193  192
  191  191  191  191  192  192  192  192  190  188  185  181  177  173  168  165
  161  159  158  157  157  158  159  161  162  163  163  164  164  165  165  165
  165  165  165  164  163  162  161  159  158  157  157  157  158  159  160  162
  163  164  166  166  168  162  166  160  166                                   
    72.5-180.0 180.0   5.0 450.0                            LAT/LON1/LON2/DLON/H
  169  175  179  183  180  184  187  189  190  192  192  193  192  190  188  187
  185  185  185  187  188  190  191  192  192  190  187  184  179  175  170  167
  163  161  160  160  160  161  162  163  164  164  164  164  164  163  163  164
  164  164  164  164  163  161  159  157  156  155  155  155  156  158  159  161
  162  164  166  167  168  164  169  169  169                                   
    70.0-180.0 180.0   5.0 450.0                            LAT/LON1/LON2/DLON/H
  177  182  185  187  183  186  187  189  190  192  191  191  188  185  182  179
  177  176  177  179  181  185  187  189  189  189  186  183  179  175  171  167
  164  162  161  161  161  162  163  164  164  164  163  162  160  160  159  160
  161  161  162  161  160  158  156  154  152  152  152  153  155  157  159  162
  163  165  168  169  171  170  176  175  177                                   
    67.5-180.0 180.0   5.0 450.0                            LAT/LON1/LON2/DLON/H
  188  194  197  198  194  196  196  197  197  198  197  196  193  188  184  179
  176  175  175  177  181  185  188  191  192  191  190  187  183  180  176  173
  171  169  168  167  168  169  169  170  169  168  166  163  161  160  159  160
  161  163  164  164  163  161  158  156  154  154  154  156  159  161  164  167
  169  171  174  175  176  176  183  183  188                                   
    65.0-180.0 180.0   5.0 450.0                            LAT/LON1/LON2/DLON/H
  196  203  206  206  200  201  199  199  199  200  199  197  193  188  183  177
  173  171  171  173  177  181  185  187  189  188  187  185  182  180  177  175
  173  171  170  170  170  170  171  171  170  168  165  161  158  156  156  156
  158  160  162  162  161  158  156  153  151  151  152  154  158  161  165  168
  169  171  175  178  181  183  192  191  196                                   
    62.5-180.0 180.0   5.0 450.0                            LAT/LON1/LON2/DLON/H
  203  211  214  213  207  207  204  203  203  204  203  201  198  193  186  180
  176  173  172  174  177  181  184  187  187  187  186  184  183  182  180  179
  178  176  175  174  173  174  174  174  173  170  167  162  158  156  155  155
  157  160  161  162  160  157  154  151  149  148  150  153  157  161  164  167
  168  170  174  177  181  184  195  195  203                                   
    60.0-180.0 180.0   5.0 450.0                            LAT/LON1/LON2/DLON/H
  205  215  218  217  211  210  206  205  205  206  205  205  202  198  192  186
  181  178  176  177  179  182  184  186  186  185  184  184  183  184  184  183
  182  181  179  178  177  177  177  177  177  174  171  166  161  158  156  156
  158  160  162  161  159  155  151  147  144  144  146  149  153  157  160  162
  162  164  168  172  177  183  195  196  205                                   
    57.5-180.0 180.0   5.0 450.0                            LAT/LON1/LON2/DLON/H
  203  215  220  219  213  213  209  208  207  208  208  209  207  204  200  195
  190  187  184  184  184  186  187  187  187  186  185  185  186  188  189  190
  189  188  185  183  182  181  182  183  183  181  178  173  168  163  161  160
  161  163  163  162  159  154  149  144  141  140  141  145  148  151  154  155
  155  156  159  163  170  178  191  194  203                                   
    55.0-180.0 180.0   5.0 450.0                            LAT/LON1/LON2/DLON/H
  197  213  219  220  216  216  213  212  212  213  213  214  214  212  210  206
  202  197  194  192  191  191  190  190  189  188  188  189  191  193  196  197
  197  195  192  190  188  188  189  190  191  191  188  183  177  173  169  167
  167  167  166  164  159  153  147  141  138  136  137  140  142  145  146  146
  145  146  149  153  161  171  185  188  197                                   
    52.5-180.0 180.0   5.0 450.0                            LAT/LON1/LON2/DLON/H
  190  209  217  221  220  223  221  220  219  220  219  220  221  221  221  218
  214  209  204  200  198  196  195  194  193  192  192  193  196  199  202  204
  204  202  200  197  195  195  197  199  201  201  198  194  189  183  179  176
  174  172  170  166  161  154  147  141  137  135  135  136  137  138  138  138
  136  137  140  143  152  163  178  182  190                                   
    50.0-180.0 180.0   5.0 450.0                            LAT/LON1/LON2/DLON/H
  183  206  217  224  226  233  233  234  232  232  230  231  231  232  233  231
  226  220  214  208  204  202  200  199  198  198  198  200  203  206  208  210
  210  209  207  205  204  204  206  209  211  211  209  205  200  194  189  184
  181  178  175  170  163  156  150  144  139  136  135  135  135  134  133  132
  130  130  133  137  145  156  171  176  183                                   
    47.5-180.0 180.0   5.0 450.0                            LAT/LON1/LON2/DLON/H
  178  204  218  229  236  246  250  251  250  249  246  245  245  246  246  243
  238  230  222  216  211  208  207  206  206  206  206  208  210  212  214  216
  216  216  215  215  214  215  217  219  221  222  220  216  211  204  198  193
  188  184  179  174  168  161  155  150  145  142  139  137  136  134  132  130
  127  127  130  133  141  152  166  171  178                                   
    45.0-180.0 180.0   5.0 450.0                            LAT/LON1/LON2/DLON/H
  176  204  220  235  246  260  268  272  271  269  265  263  262  261  260  256
  250  240  231  223  218  216  215  215  215  215  216  216  217  218  220  221
  223  224  225  226  227  229  230  232  233  232  230  226  221  214  207  201
  195  190  185  179  174  168  163  158  154  150  146  143  140  137  134  132
  129  129  131  134  140  150  163  168  176                                   
    42.5-180.0 180.0   5.0 450.0                            LAT/LON1/LON2/DLON/H
  176  206  223  241  256  274  285  291  292  291  286  283  281  279  276  270
  261  251  240  232  227  226  226  226  227  227  227  227  227  227  227  229
  231  234  238  241  244  246  247  248  247  245  242  237  231  224  216  209
  202  196  190  185  181  177  173  169  165  161  156  152  148  144  141  138
  134  134  135  137  141  150  162  167  176                                   
    40.0-180.0 180.0   5.0 450.0                            LAT/LON1/LON2/DLON/H
  177  207  226  245  263  283  298  307  310  311  307  304  301  298  293  285
  274  262  251  243  239  239  239  240  241  241  241  241  240  239  239  241
  245  250  255  260  264  266  267  267  265  261  257  251  244  235  226  217
  209  202  196  191  188  185  182  179  176  171  166  161  157  153  150  146
  142  140  140  141  143  150  161  166  177                                   
    37.5-180.0 180.0   5.0 450.0                            LAT/LON1/LON2/DLON/H
  179  207  228  246  266  287  304  316  323  326  325  324  321  317  310  301
  288  275  265  258  255  255  257  258  258  259  259  258  257  256  257  260
  265  271  278  284  288  291  292  290  286  281  275  267  258  247  236  225
  215  207  201  197  194  192  190  187  184  179  174  170  166  162  159  155
  149  146  145  144  144  150  160  164  179                                   
    35.0-180.0 180.0   5.0 450.0                            LAT/LON1/LON2/DLON/H
  179  207  227  244  264  286  304  318  328  336  339  340  339  335  328  317
  304  292  282  276  275  276  277  277  278  279  280  281  281  281  282  286
  292  299  305  311  316  318  319  316  311  304  296  286  274  261  246  232
  220  211  204  200  197  195  193  191  187  183  178  174  171  168  165  161
  155  151  148  146  145  149  158  162  179                                   
    32.5-180.0 180.0   5.0 450.0                            LAT/LON1/LON2/DLON/H
  180  205  226  241  260  280  299  314  328  339  347  352  354  352  345  335
  322  310  302  298  297  298  299  299  300  302  305  308  309  311  314  319
  325  331  336  341  344  346  345  342  335  327  316  304  289  272  255  238
  223  212  204  199  195  193  191  188  185  180  176  173  172  170  168  165
  158  153  149  146  144  147  156  161  180                                   
    30.0-180.0 180.0   5.0 450.0                            LAT/LON1/LON2/DLON/H
  180  204  224  237  254  273  291  306  323  338  351  361  367  367  362  353
  341  331  324  321  321  321  322  322  324  328  333  338  342  345  349  355
  360  364  367  368  368  368  367  362  354  344  331  316  299  279  259  239
  223  210  201  194  189  186  183  180  176  173  169  167  167  167  166  164
  158  153  148  145  142  145  154  159  180                                   
    27.5-180.0 180.0   5.0 450.0                            LAT/LON1/LON2/DLON/H
  181  204  223  234  250  266  282  297  316  334  352  366  376  380  378  371
  362  353  347  344  344  344  344  345  348  354  361  369  374  379  384  389
  393  394  391  388  385  382  379  373  363  351  336  319  299  277  255  235
  217  203  193  185  179  174  171  167  164  160  157  156  156  158  159  159
  154  151  146  143  141  144  153  159  181                                   
    25.0-180.0 180.0   5.0 450.0                            LAT/LON1/LON2/DLON/H
  183  205  222  233  247  261  276  290  309  330  350  369  383  391  392  389
  382  375  370  368  367  366  366  366  371  378  388  397  404  409  413  416
  417  413  406  397  390  384  378  370  359  345  328  309  288  266  244  224
  207  192  181  172  165  159  155  152  149  146  143  142  143  145  148  149
  148  146  143  141  140  144  152  160  183                                   
    22.5-180.0 180.0   5.0 450.0                            LAT/LON1/LON2/DLON/H
  185  207  223  234  247  259  272  284  303  325  348  370  387  399  405  406
  402  397  393  390  388  386  385  386  391  400  410  419  425  428  431  431
  428  420  408  395  384  375  367  356  343  326  308  288  267  246  225  207
  191  178  166  157  149  143  139  136  133  130  128  127  127  130  134  138
  139  140  139  139  140  143  152  161  185                                   
    20.0-180.0 180.0   5.0 450.0                            LAT/LON1/LON2/DLON/H
  186  208  223  236  248  259  270  281  298  321  345  368  389  404  415  420
  420  417  413  409  406  404  403  404  409  417  426  433  436  437  436  434
  427  415  400  384  370  358  347  334  318  299  279  258  239  220  202  187
  173  161  151  141  134  129  125  122  120  117  114  112  112  115  120  125
  128  133  134  136  138  142  150  160  186                                   
    17.5-180.0 180.0   5.0 450.0                            LAT/LON1/LON2/DLON/H
  183  206  221  235  248  259  269  278  294  316  339  364  386  405  420  429
  433  432  429  425  422  420  418  419  423  429  435  439  439  436  432  426
  417  403  386  368  353  340  326  310  291  270  248  228  209  193  179  168
  157  147  137  128  122  117  114  112  110  107  103  100  100  102  106  112
  117  124  128  130  134  138  146  156  183                                   
    15.0-180.0 180.0   5.0 450.0                            LAT/LON1/LON2/DLON/H
  176  199  215  230  244  256  266  275  289  309  332  356  379  400  418  432
  439  441  440  437  435  432  430  430  432  436  439  439  435  429  422  414
  403  388  371  353  338  324  309  290  269  245  222  202  185  172  161  152
  144  136  127  120  114  111  109  107  104  101   96   92   91   92   95  101
  107  114  119  122  126  131  139  149  176                                   
    12.5-180.0 180.0   5.0 450.0                            LAT/LON1/LON2/DLON/H
  165  188  204  221  236  249  260  269  283  301  322  345  368  390  411  427
  438  443  445  444  442  441  439  438  438  438  438  435  429  421  413  403
  391  376  360  344  329  315  299  279  255  230  207  187  171  160  151  144
  137  129  122  116  112  110  109  107  104   99   93   88   86   85   88   92
   97  103  108  112  116  121  129  138  165                                   
    10.0-180.0 180.0   5.0 450.0                            LAT/LON1/LON2/DLON/H
  151  174  191  208  225  239  252  262  276  292  311  332  353  375  397  416
  430  438  442  444  445  444  443  442  440  438  436  431  424  416  407  397
  384  370  355  340  327  314  297  276  252  227  204  184  169  158  150  142
  135  127  120  115  113  112  112  110  106  100   93   87   84   82   83   86
   88   93   97  100  104  109  116  126  151                                   
     7.5-180.0 180.0   5.0 450.0                            LAT/LON1/LON2/DLON/H
  137  160  177  196  213  229  245  256  271  286  302  320  338  359  380  400
  416  426  433  438  441  443  442  441  439  436  433  429  423  415  406  396
