data/edconvlstm_nd/pred2520.15i
     1.0            IONOSPHERE MAPS     GNSS                IONEX VERSION / TYPE
pyspatialgeodesy        IME             05-JAN-18 20:20     PGM / RUN BY / DATE 
Map Name                                                    COMMENT             
Predicted global ionosphere maps (GIM).                     DESCRIPTION         
  2015     9     9     0     0     0                        EPOCH OF FIRST MAP  
  2015     9    10     0     0     0                        EPOCH OF LAST MAP   
  7200                                                      INTERVAL            
    13                                                      # OF MAPS IN FILE   
  NONE                                                      MAPPING FUNCTION    
10.0                                                        ELEVATION CUTOFF    
One-way carrier phase leveled to code                       OBSERVABLES USED    
  6371.0                                                    BASE RADIUS         
 2                                                          MAP DIMENSION       
   450.0 450.0   0.0                                        HGT1 / HGT2 / DHGT  
    87.5 -87.5  -2.5                                        LAT1 / LAT2 / DLAT  
  -180.0 180.0   5.0                                        LON1 / LON2 / DLON  
    -1                                                      EXPONENT            
                                                            END OF HEADER       
[from data line 3861]
    10                                                      START OF TEC MAP    
  2015     9     9    18     0     0                        EPOCH OF CURRENT MAP
    87.5-180.0 180.0   5.0 450.0                            LAT/LON1/LON2/DLON/H
   81   81   76   80   85   83   82   80   80   83   82   83   84   84   85   85
   85   86   86   85   85   85   85   84   84   83   83   82   81   81   80   80
   79   78   78   77   77   76   76   75   75   74   74   74   73   73   73   73
   73   72   72   72   72   72   72   72   72   72   72   72   72   72   72   72
   72   72   70   67   74   72   89   94   81                                   
    85.0-180.0 180.0   5.0 450.0                            LAT/LON1/LON2/DLON/H
   82   80   90   76   78   82   82   84   85   88   87   89   89   90   90   91
   91   91   91   90   90   89   89   88   87   86   85   84   84   83   82   81
   80   79   78   77   77   76   75   74   74   73   72   72   71   71   71   71
   70   70   70   70   70   70   70   70   70   70   70   71   71   71   71   71
   72   72   68   65   69   70   78   76   82                                   
    82.5-180.0 180.0   5.0 450.0                            LAT/LON1/LON2/DLON/H
   61   68   73   68   72   77   81   82   83   86   87   89   90   91   92   93
   93   93   93   92   91   91   90   89   88   87   86   85   84   83   82   81
   79   78   77   76   75   73   72   71   70   69   68   67   67   66   66   66
   66   65   65   65   65   65   65   65   65   65   65   65   65   65   65   64
   65   64   62   61   65   75   70   69   61                                   
    80.0-180.0 180.0   5.0 450.0                            LAT/LON1/LON2/DLON/H
   47   54   64   62   65   66   73   77   80   83   85   89   90   92   93   94
   94   94   93   92   91   89   88   86   85   84   82   81   80   79   78   76
   75   74   72   70   69   67   65   64   63   61   60   59   59   58   58   58
   58   58   58   58   58   58   58   58   58   58   58   58   57   57   57   57
   58   58   56   56   56   62   61   67   47                                   
    77.5-180.0 180.0   5.0 450.0                            LAT/LON1/LON2/DLON/H
   53   55   59   58   62   66   71   75   79   82   85   89   92   95   96   98
   98   98   97   96   94   92   91   89   88   86   85   84   83   82   81   80
   79   77   75   73   70   68   66   64   62   60   58   57   56   56   55   55
   55   55   56   56   56   56   56   56   56   56   56   55   55   55   55   54
   54   54   54   55   56   56   57   66   53                                   
    75.0-180.0 180.0   5.0 450.0                            LAT/LON1/LON2/DLON/H
   49   51   52   53   58   62   66   70   75   80   84   89   92   95   97   99
   99   99   98   96   95   93   91   90   88   87   87   86   86   85   85   84
   83   81   79   76   74   71   68   66   63   61   59   58   57   56   56   56
   56   56   56   56   56   57   57   57   57   57   57   57   57   56   56   57
   56   57   57   54   55   54   53   52   49                                   
    72.5-180.0 180.0   5.0 450.0                            LAT/LON1/LON2/DLON/H
   51   51   50   55   56   60   66   69   73   77   81   87   91   95   98   99
  100   99   98   96   94   92   91   89   88   87   87   87   87   87   86   86
   85   83   81   78   75   71   68   64   61   59   57   55   54   53   52   52
   52   52   52   52   52   52   52   53   53   53   53   54   54   54   55   55
   55   55   55   52   52   52   53   55   51                                   
    70.0-180.0 180.0   5.0 450.0                            LAT/LON1/LON2/DLON/H
   51   50   50   53   55   57   61   65   70   76   80   86   91   95   98  100
  100   99   98   96   94   92   91   89   89   88   88   88   88   89   89   88
   87   85   83   80   76   72   69   65   62   59   56   55   53   52   52   51
   51   50   50   50   49   49   49   50   50   51   51   52   53   54   55   56
   56   56   57   55   54   54   57   58   51                                   
    67.5-180.0 180.0   5.0 450.0                            LAT/LON1/LON2/DLON/H
   52   52   51   55   58   60   64   68   72   77   82   88   92   97   99  101
  101  100   98   96   94   93   91   90   89   89   88   88   89   89   89   88
   87   85   83   79   76   71   67   64   60   58   55   54   52   51   50   50
   49   48   47   46   45   45   45   45   46   47   48   49   51   52   54   55
   56   56   57   54   53   54   54   55   52                                   
    65.0-180.0 180.0   5.0 450.0                            LAT/LON1/LON2/DLON/H
   50   52   51   56   58   61   65   69   74   79   84   90   95   99  102  103
  102  101   99   97   95   94   93   92   91   90   89   89   89   89   89   88
   87   85   82   78   74   70   66   62   59   56   54   53   51   50   49   48
   46   45   43   42   40   39   39   39   40   41   42   44   46   47   50   51
   53   54   55   54   54   56   57   58   50                                   
    62.5-180.0 180.0   5.0 450.0                            LAT/LON1/LON2/DLON/H
   48   53   53   59   63   67   71   75   80   85   90   96  101  105  107  107
  105  103  101  100   98   97   96   95   93   92   90   89   88   88   88   87
   85   83   79   75   71   67   63   60   57   55   53   52   50   49   47   45
   43   41   38   36   34   32   32   32   33   34   35   37   39   41   43   45
   46   48   50   50   50   53   54   55   48                                   
    60.0-180.0 180.0   5.0 450.0                            LAT/LON1/LON2/DLON/H
   47   54   56   63   67   73   78   83   88   93   98  104  109  112  113  112
  110  108  105  103  102  101  100   99   96   94   91   90   89   88   88   87
   85   82   78   74   70   66   62   59   57   55   53   52   50   48   46   43
   40   37   34   31   28   27   26   26   26   28   29   30   32   33   34   36
   38   40   42   43   45   49   52   53   47                                   
    57.5-180.0 180.0   5.0 450.0                            LAT/LON1/LON2/DLON/H
   46   55   59   68   75   83   90   95  101  105  110  115  120  122  122  121
  118  115  112  110  109  108  106  104  101   97   94   92   91   91   90   89
   87   84   80   76   71   68   64   62   60   58   56   55   52   50   47   44
   40   36   33   29   26   24   23   23   24   25   25   26   27   27   28   29
   30   32   34   36   39   45   49   51   46                                   
    55.0-180.0 180.0   5.0 450.0                            LAT/LON1/LON2/DLON/H
   48   59   65   76   85   95  104  110  116  120  124  129  132  134  133  131
  128  124  120  118  117  115  113  110  106  102   98   96   95   95   95   94
   92   88   84   80   76   72   70   67   65   64   62   59   56   53   49   45
   41   37   33   30   27   25   24   24   24   25   25   25   24   24   23   23
   24   25   28   30   35   41   46   49   48                                   
    52.5-180.0 180.0   5.0 450.0                            LAT/LON1/LON2/DLON/H
   52   63   72   85   97  109  120  128  133  137  140  143  146  146  145  143
  139  134  130  127  125  123  120  116  111  106  102  100  100  100  101  100
   98   94   90   86   83   80   77   75   73   71   69   66   63   58   53   49
   44   41   37   34   32   30   29   29   29   29   29   28   26   24   23   22
   21   22   25   27   33   40   46   49   52                                   
    50.0-180.0 180.0   5.0 450.0                            LAT/LON1/LON2/DLON/H
   57   69   80   95  109  124  137  147  152  156  158  160  161  161  159  156
  152  147  142  138  134  131  127  122  116  111  107  106  106  107  107  106
  104  101   97   94   91   89   87   85   83   81   78   75   70   65   60   55
   51   47   44   42   40   39   38   38   38   38   36   34   32   29   27   25
   24   25   27   29   35   41   47   50   57                                   
    47.5-180.0 180.0   5.0 450.0                            LAT/LON1/LON2/DLON/H
   63   76   89  105  121  138  153  165  171  176  177  178  177  176  174  171
  167  162  156  150  144  139  134  128  122  117  114  112  112  113  113  112
  109  106  103  101  100   99   97   95   94   92   89   85   80   74   68   63
   59   57   55   53   52   51   51   51   50   49   47   45   41   38   35   33
   32   32   34   36   41   46   52   55   63                                   
    45.0-180.0 180.0   5.0 450.0                            LAT/LON1/LON2/DLON/H
   70   83   96  114  131  150  167  181  189  195  196  196  195  193  191  188
  185  179  172  163  155  148  141  135  130  125  121  120  119  119  118  116
  113  110  108  108  108  108  108  106  104  102  100   96   90   84   78   74
   70   68   67   67   66   66   66   66   65   63   60   57   54   50   48   46
   44   44   46   46   50   54   59   61   70                                   
    42.5-180.0 180.0   5.0 450.0                            LAT/LON1/LON2/DLON/H
   76   90  103  121  139  159  177  193  203  211  214  214  213  211  209  207
  203  197  188  178  167  157  150  144  138  134  130  128  126  124  122  119
  116  114  114  115  117  119  119  117  116  114  111  107  102   96   90   86
   83   81   81   81   81   82   82   81   79   77   74   71   67   64   62   61
   59   59   59   59   60   63   66   68   76                                   
    40.0-180.0 180.0   5.0 450.0                            LAT/LON1/LON2/DLON/H
   81   95  108  126  144  164  184  202  214  225  229  231  230  229  227  226
  223  216  205  192  179  167  159  153  148  144  140  136  132  129  125  121
  119  118  121  125  129  131  131  130  128  126  123  119  114  108  102   98
   95   93   93   93   94   95   95   95   92   89   86   83   80   77   76   75
   73   73   72   71   70   71   73   74   81                                   
    37.5-180.0 180.0   5.0 450.0                            LAT/LON1/LON2/DLON/H
   86   99  112  130  148  167  187  206  221  234  241  245  246  246  246  245
  242  235  222  207  191  178  169  162  158  154  149  144  140  135  130  127
  126  128  132  138  144  147  147  145  142  139  136  133  127  120  114  109
  105  103  102  103  104  105  106  105  102   99   95   92   90   88   87   86
   85   84   83   80   78   77   77   78   86                                   
    35.0-180.0 180.0   5.0 450.0                            LAT/LON1/LON2/DLON/H
   90  103  116  132  149  167  188  207  225  240  250  257  260  262  263  264
  261  253  239  221  204  189  179  172  168  164  159  154  149  144  140  138
  140  144  151  159  165  168  166  163  158  155  151  146  140  132  124  118
  113  110  108  108  109  111  111  110  108  104  101   99   97   96   95   94
   93   91   90   86   82   81   80   81   90                                   
    32.5-180.0 180.0   5.0 450.0                            LAT/LON1/LON2/DLON/H
   94  106  119  135  151  167  186  206  224  242  256  266  272  277  280  281
  279  270  255  237  218  202  191  183  178  174  170  165  161  158  156  158
  162  170  178  187  192  193  190  183  177  171  166  160  151  142  132  123
  117  112  109  108  110  112  113  112  110  107  105  103  102  101  100   98
   96   95   93   89   85   82   81   82   94                                   
    30.0-180.0 180.0   5.0 450.0                            LAT/LON1/LON2/DLON/H
   99  111  124  138  153  167  184  202  222  240  257  271  282  289  295  297
  295  287  272  253  234  217  204  195  189  185  182  180  178  178  181  186
  194  204  214  222  225  222  215  205  196  188  180  172  161  149  137  126
  117  110  106  105  106  109  111  111  109  108  107  106  106  105  103  101
   98   96   94   90   86   82   82   84   99                                   
    27.5-180.0 180.0   5.0 450.0                            LAT/LON1/LON2/DLON/H
  106  117  130  143  157  169  184  200  219  238  257  274  288  299  308  312
  311  303  289  271  252  234  219  208  201  198  197  198  201  206  213  223
  235  247  256  261  260  252  241  227  215  204  194  182  169  154  139  126
  115  106  101  100  101  104  107  108  108  108  108  110  110  109  107  104
  100   97   95   91   88   84   85   87  106                                   
    25.0-180.0 180.0   5.0 450.0                            LAT/LON1/LON2/DLON/H
  114  125  138  150  163  174  186  200  217  236  256  275  292  307  318  325
  326  320  308  292  273  254  237  223  216  214  216  222  230  240  253  267
  281  293  300  300  293  280  263  246  231  217  204  190  174  156  139  124
  112  103   97   95   97  100  103  106  107  109  111  114  115  114  112  109
  104  101   98   95   92   89   91   92  114                                   
    22.5-180.0 180.0   5.0 450.0                            LAT/LON1/LON2/DLON/H
  124  133  146  158  171  181  192  204  220  237  257  277  296  314  328  338
  342  338  329  314  296  276  257  242  234  234  241  252  265  280  296  312
  327  336  339  333  320  301  279  259  241  226  211  195  177  158  140  124
  111  102   96   94   95   98  102  105  107  110  114  118  121  121  119  116
  111  108  105  101   99   96   99  100  124                                   
    20.0-180.0 180.0   5.0 450.0                            LAT/LON1/LON2/DLON/H
  132  142  154  165  179  190  201  212  226  242  260  280  301  321  338  351
  358  358  351  339  322  301  281  265  258  260  271  287  305  322  339  354
  366  371  367  355  335  311  287  265  246  230  214  198  179  161  143  127
  115  106   99   97   97   99  102  105  109  113  118  123  126  127  127  125
  121  117  114  110  108  104  108  110  132                                   
    17.5-180.0 180.0   5.0 450.0                            LAT/LON1/LON2/DLON/H
  139  148  159  172  186  199  212  222  236  250  267  286  307  329  349  364
  375  378  374  364  348  328  308  292  287  292  307  325  344  361  376  387
  394  393  383  365  340  314  288  266  248  232  217  201  184  167  151  137
  125  115  109  105  104  104  106  109  112  117  123  128  131  133  134  133
  130  128  124  119  117  112  116  118  139                                   
    15.0-180.0 180.0   5.0 450.0                            LAT/LON1/LON2/DLON/H
  141  152  163  177  193  208  223  235  249  262  277  294  315  337  359  377
  391  397  396  387  372  354  335  323  320  328  345  364  382  396  406  411
  411  403  389  367  341  315  291  270  253  237  223  209  195  180  165  152
  140  131  123  117  114  112  112  114  117  122  126  131  134  136  138  140
  138  136  132  127  123  118  121  123  141                                   
    12.5-180.0 180.0   5.0 450.0                            LAT/LON1/LON2/DLON/H
  140  152  163  180  198  215  234  248  263  275  288  304  324  346  368  389
  405  414  415  408  394  378  363  354  356  367  383  401  415  424  427  425
  419  407  390  368  344  321  300  281  265  249  236  223  211  198  185  172
  160  149  140  132  126  122  120  121  123  127  130  132  134  136  140  143
  143  141  136  130  124  119  121  124  140                                   
    10.0-180.0 180.0   5.0 450.0                            LAT/LON1/LON2/DLON/H
  136  149  162  180  202  222  244  261  277  289  301  316  333  354  376  397
  415  426  428  423  411  398  388  385  391  404  420  434  443  446  442  434
  423  409  392  373  354  335  318  301  284  267  253  241  230  219  206  192
  179  167  155  145  137  131  128  127  129  131  132  132  132  133  137  141
  142  141  136  128  121  115  116  121  136                                   
     7.5-180.0 180.0   5.0 450.0                            LAT/LON1/LON2/DLON/H
  130  145  159  180  204  227  253  272  289  302  314  327  343  362  383  403
  421  433  436  432  423  414  410  414  424  439  453  463  466  462  452  440
