data/edconvlstm_nd/pred2090.15i
     1.0            IONOSPHERE MAPS     GNSS                IONEX VERSION / TYPE
pyspatialgeodesy        IME             05-JAN-18 20:20     PGM / RUN BY / DATE 
Map Name                                                    COMMENT             
Predicted global ionosphere maps (GIM).                     DESCRIPTION         
  2015     7    28     0     0     0                        EPOCH OF FIRST MAP  
  2015     7    29     0     0     0                        EPOCH OF LAST MAP   
  7200                                                      INTERVAL            
    13                                                      # OF MAPS IN FILE   
  NONE                                                      MAPPING FUNCTION    
10.0                                                        ELEVATION CUTOFF    
One-way carrier phase leveled to code                       OBSERVABLES USED    
  6371.0                                                    BASE RADIUS         
 2                                                          MAP DIMENSION       
   450.0 450.0   0.0                                        HGT1 / HGT2 / DHGT  
    87.5 -87.5  -2.5                                        LAT1 / LAT2 / DLAT  
  -180.0 180.0   5.0                                        LON1 / LON2 / DLON  
    -1                                                      EXPONENT            
                                                            END OF HEADER       
[from data line 4290]
    11                                                      START OF TEC MAP    
  2015     7    28    20     0     0                        EPOCH OF CURRENT MAP
    87.5-180.0 180.0   5.0 450.0                            LAT/LON1/LON2/DLON/H
  139  131  120  127  129  126  126  124  124  125  124  124  124  124  124  124
  124  123  123  123  122  121  121  120  119  119  118  117  116  116  115  114
  114  113  112  112  112  111  111  111  111  111  111  111  111  112  112  113
  113  114  115  115  116  116  117  117  118  118  118  118  119  119  119  119
  119  119  118  118  129  126  137  137  139                                   
    85.0-180.0 180.0   5.0 450.0                            LAT/LON1/LON2/DLON/H
  138  135  140  131  129  132  132  134  134  135  135  135  135  135  135  135
  135  134  134  133  132  132  131  130  129  128  126  125  124  123  122  121
  120  119  118  118  117  116  116  116  115  115  115  116  116  117  118  118
  119  120  121  122  123  124  125  125  126  126  126  126  126  126  126  126
  127  127  125  123  126  123  126  126  138                                   
    82.5-180.0 180.0   5.0 450.0                            LAT/LON1/LON2/DLON/H
  121  123  125  122  123  126  129  130  129  131  131  132  132  132  132  133
  132  132  132  131  130  129  128  127  126  124  123  121  120  118  117  116
  115  113  112  111  110  109  108  108  107  107  107  107  108  109  110  111
  113  114  116  117  119  120  121  121  122  122  122  121  121  120  120  119
  119  118  116  119  121  127  119  117  121                                   
    80.0-180.0 180.0   5.0 450.0                            LAT/LON1/LON2/DLON/H
  113  116  122  119  119  119  125  128  130  132  132  134  134  135  135  136
  136  136  135  134  134  132  131  129  128  126  124  122  120  118  116  115
  113  111  110  108  107  105  104  103  102  101  101  101  101  103  104  106
  109  111  113  115  117  119  120  121  121  121  120  119  118  117  116  115
  115  114  113  115  112  111  109  113  113                                   
    77.5-180.0 180.0   5.0 450.0                            LAT/LON1/LON2/DLON/H
  117  112  119  117  120  121  125  128  129  131  132  134  135  136  137  137
  138  138  138  138  137  136  135  134  132  129  127  125  123  121  119  117
  116  114  112  111  109  107  104  102  100   99   98   98   98   99  101  104
  107  110  113  115  117  119  120  120  120  119  118  117  115  113  112  110
  109  108  108  109  111  106  108  116  117                                   
    75.0-180.0 180.0   5.0 450.0                            LAT/LON1/LON2/DLON/H
  113  112  114  113  117  120  123  126  128  132  132  134  136  137  138  139
  140  140  141  141  141  140  139  137  135  133  130  128  125  123  122  120
  119  118  116  114  112  109  106  103  101   98   96   96   96   97   99  102
  105  108  111  113  115  117  117  118  117  116  115  113  111  109  108  107
  106  106  106  104  106  101  103  100  113                                   
    72.5-180.0 180.0   5.0 450.0                            LAT/LON1/LON2/DLON/H
  110  109  111  115  115  118  122  124  125  128  129  131  132  134  135  136
  137  138  139  140  140  140  139  137  135  132  129  126  123  121  120  118
  118  117  116  114  112  109  106  102   98   95   92   91   91   92   94   96
   99  102  104  106  107  108  108  108  107  106  105  103  102  101  100   99
   98   99   99   97   98   97  100  104  110                                   
    70.0-180.0 180.0   5.0 450.0                            LAT/LON1/LON2/DLON/H
  110  108  110  111  111  113  116  119  121  124  125  127  128  130  131  131
  133  134  136  137  138  138  137  135  133  129  125  122  119  117  116  115
  115  115  115  113  111  108  105  100   96   92   90   88   87   88   89   91
   93   94   96   96   96   96   96   95   94   94   93   93   93   93   94   95
   95   95   97   96   98   98  103  105  110                                   
    67.5-180.0 180.0   5.0 450.0                            LAT/LON1/LON2/DLON/H
  112  111  113  115  114  116  118  121  122  125  126  129  130  131  131  132
  133  135  137  139  140  141  140  138  134  130  126  122  119  117  115  115
  116  116  116  115  113  111  107  102   98   94   91   90   89   89   90   90
   91   91   90   89   88   86   85   84   84   84   85   87   88   90   93   95
   96   97   99   98   99  100  104  106  112                                   
    65.0-180.0 180.0   5.0 450.0                            LAT/LON1/LON2/DLON/H
  113  113  114  115  113  114  116  118  120  123  125  128  129  130  130  130
  131  133  135  137  139  139  139  136  133  128  124  120  116  115  114  114
  114  115  115  114  113  110  107  103   99   96   93   91   91   91   90   90
   88   86   83   79   76   73   71   70   71   72   75   78   82   85   90   93
   96   98  101  101  103  106  110  112  113                                   
    62.5-180.0 180.0   5.0 450.0                            LAT/LON1/LON2/DLON/H
  116  117  118  118  116  116  117  119  121  124  126  129  130  131  131  131
  132  133  135  137  139  140  140  137  134  129  124  120  118  116  116  116
  116  116  116  115  114  111  108  105  102   99   97   96   96   95   94   92
   88   83   77   71   66   63   60   60   61   63   67   72   77   82   88   93
   96   99  102  103  105  107  112  113  116                                   
    60.0-180.0 180.0   5.0 450.0                            LAT/LON1/LON2/DLON/H
  118  120  121  121  118  118  118  119  121  124  126  129  131  132  132  132
  132  133  135  137  140  141  140  138  134  130  126  123  122  121  121  121
  121  120  119  118  116  114  112  109  107  105  104  103  103  102  100   96
   90   82   74   66   60   55   53   53   55   58   62   68   73   79   86   91
   95   99  102  103  106  109  114  116  118                                   
    57.5-180.0 180.0   5.0 450.0                            LAT/LON1/LON2/DLON/H
  120  123  124  124  122  121  121  122  123  125  127  130  132  133  133  133
  133  134  136  138  140  141  141  139  136  133  131  129  129  130  130  130
  129  128  126  124  122  120  117  115  114  113  112  112  112  110  107  101
   93   84   74   65   58   53   52   52   54   57   61   66   71   77   83   88
   93   97  100  101  104  108  113  115  120                                   
    55.0-180.0 180.0   5.0 450.0                            LAT/LON1/LON2/DLON/H
  122  126  128  129  127  126  125  125  125  127  128  130  132  134  134  135
  135  136  137  139  141  142  142  141  139  137  136  137  139  140  142  141
  140  137  134  132  129  127  125  123  122  121  120  120  119  117  113  107
   98   87   76   67   61   57   56   57   59   61   64   67   71   75   80   85
   89   93   97   98  102  106  112  114  122                                   
    52.5-180.0 180.0   5.0 450.0                            LAT/LON1/LON2/DLON/H
  123  128  131  133  132  132  131  130  129  129  129  131  132  134  135  136
  136  137  138  140  141  142  142  142  141  140  142  144  148  151  153  153
  151  148  144  141  138  136  134  132  130  129  127  127  125  123  118  111
  102   92   82   73   68   65   65   66   68   70   70   71   71   73   76   80
   84   89   93   95  100  104  111  112  123                                   
    50.0-180.0 180.0   5.0 450.0                            LAT/LON1/LON2/DLON/H
  125  131  134  137  138  139  137  136  134  133  132  133  134  135  137  138
  139  139  140  141  142  143  144  143  143  144  147  151  156  161  163  163
  160  157  153  150  148  145  143  141  138  135  133  131  129  126  122  115
  107   98   89   82   78   77   78   80   81   81   79   76   74   73   74   78
   82   87   92   94   99  104  111  113  125                                   
    47.5-180.0 180.0   5.0 450.0                            LAT/LON1/LON2/DLON/H
  126  133  137  142  144  146  145  144  141  140  137  137  137  139  140  141
  142  143  143  144  145  146  146  146  147  148  152  158  163  167  170  170
  168  165  162  159  157  155  153  149  145  141  137  134  131  128  125  119
  113  105   99   94   91   92   93   95   95   93   89   83   78   75   75   78
   82   88   94   97  103  107  114  116  126                                   
    45.0-180.0 180.0   5.0 450.0                            LAT/LON1/LON2/DLON/H
  128  136  140  145  148  152  151  151  150  148  146  145  144  145  146  147
  148  148  148  149  150  150  151  151  152  154  158  164  169  172  174  174
  172  170  169  167  166  164  161  157  152  147  141  137  133  131  128  124
  119  114  109  106  105  106  108  109  109  105   99   91   84   80   79   82
   87   94  101  104  110  114  122  123  128                                   
    42.5-180.0 180.0   5.0 450.0                            LAT/LON1/LON2/DLON/H
  131  140  143  148  152  156  157  159  158  158  156  155  154  154  155  156
  156  156  155  156  156  157  157  158  159  162  166  170  174  177  177  177
  176  175  175  175  174  173  170  165  159  152  146  141  137  134  132  130
  126  123  119  117  116  117  119  120  119  115  108  100   92   87   87   90
   96  104  111  115  120  125  132  133  131                                   
    40.0-180.0 180.0   5.0 450.0                            LAT/LON1/LON2/DLON/H
  136  144  147  151  154  160  162  165  166  168  168  167  166  166  166  166
  166  165  165  165  165  166  166  167  169  172  176  179  181  182  181  180
  180  180  181  182  182  181  178  173  166  159  152  146  142  140  138  137
  134  132  129  126  125  125  126  126  125  121  114  107  100   96   97  101
  107  116  124  127  132  137  144  145  136                                   
    37.5-180.0 180.0   5.0 450.0                            LAT/LON1/LON2/DLON/H
  142  150  152  155  157  162  165  170  173  177  179  180  179  179  178  178
  177  176  175  175  175  176  177  178  181  184  188  191  191  190  188  186
  186  188  189  190  190  188  184  179  173  166  159  153  149  147  145  144
  142  139  136  132  130  129  128  128  126  123  118  112  107  105  107  112
  119  128  136  139  144  150  157  158  142                                   
    35.0-180.0 180.0   5.0 450.0                            LAT/LON1/LON2/DLON/H
  151  158  160  160  162  166  168  174  179  186  189  191  191  191  190  189
  188  186  185  185  186  187  188  190  193  197  202  204  204  201  198  196
  196  198  198  198  197  193  189  184  178  172  166  161  156  153  151  150
  147  144  139  134  130  128  126  125  123  121  118  115  112  112  116  122
  128  137  145  149  154  160  170  171  151                                   
    32.5-180.0 180.0   5.0 450.0                            LAT/LON1/LON2/DLON/H
  162  170  171  170  170  172  174  179  185  193  197  201  202  202  201  200
  198  197  196  196  197  197  198  201  205  210  216  219  219  216  212  210
  210  210  209  206  202  197  192  186  181  176  170  165  161  157  155  152
  149  144  139  132  127  123  121  119  118  117  115  115  115  117  121  128
  134  142  151  155  161  169  180  182  162                                   
    30.0-180.0 180.0   5.0 450.0                            LAT/LON1/LON2/DLON/H
  175  184  186  184  183  184  184  187  193  200  205  209  210  211  210  209
  208  207  207  207  207  207  208  210  215  222  229  234  235  232  229  227
  226  225  220  214  206  198  191  185  180  175  171  166  161  157  154  150
  146  141  134  127  121  117  114  113  112  111  111  112  114  117  122  129
  135  143  152  157  164  174  189  192  175                                   
    27.5-180.0 180.0   5.0 450.0                            LAT/LON1/LON2/DLON/H
  189  200  204  201  200  200  198  199  203  208  213  216  218  219  219  219
  218  218  219  219  218  217  216  218  223  231  240  247  249  249  247  245
  243  239  231  220  207  196  187  180  175  171  167  162  157  152  148  144
  139  133  126  120  115  111  109  107  107  106  106  108  110  114  119  126
  132  141  150  156  166  178  195  200  189                                   
    25.0-180.0 180.0   5.0 450.0                            LAT/LON1/LON2/DLON/H
  203  217  222  222  222  221  218  217  217  220  222  225  227  228  229  230
  230  232  233  233  232  229  226  226  230  238  248  257  262  264  263  262
  259  251  239  223  207  192  181  173  167  163  158  154  148  143  138  134
  129  123  117  112  108  106  105  104  103  102  102  103  105  108  114  121
  127  136  146  155  166  180  200  206  203                                   
    22.5-180.0 180.0   5.0 450.0                            LAT/LON1/LON2/DLON/H
  215  232  240  242  244  245  242  238  236  236  236  237  239  240  242  244
  246  248  250  251  248  243  238  235  237  245  255  265  272  275  276  276
  271  260  244  224  205  188  175  165  159  154  149  144  138  132  127  123
  119  114  109  105  103  103  103  103  101   99   98   97   99  102  107  114
  121  132  143  153  166  182  203  210  215                                   
    20.0-180.0 180.0   5.0 450.0                            LAT/LON1/LON2/DLON/H
  222  242  253  258  263  267  266  262  258  255  253  253  254  256  259  262
  266  270  273  273  269  262  253  248  247  253  262  271  279  283  286  285
  279  266  246  224  203  185  171  161  153  147  141  135  129  123  118  114
  110  106  102  100  100  101  102  102  100   97   94   93   93   95  100  108
  116  128  141  153  167  184  205  213  222                                   
    17.5-180.0 180.0   5.0 450.0                            LAT/LON1/LON2/DLON/H
  225  248  261  269  277  284  287  284  281  277  273  273  274  277  280  284
  289  295  299  299  294  285  274  265  262  264  270  278  285  289  291  290
  282  267  247  224  203  186  172  161  152  144  138  131  124  118  112  108
  104  101   98   97   98  100  102  102   99   95   91   89   88   90   95  103
  112  127  141  153  168  185  206  215  225                                   
    15.0-180.0 180.0   5.0 450.0                            LAT/LON1/LON2/DLON/H
  224  249  264  273  284  295  301  302  300  297  294  294  296  299  304  309
  316  322  327  328  322  311  298  287  280  279  282  286  291  294  295  291
  282  267  247  226  207  191  178  167  158  149  141  133  125  118  112  107
  103   99   96   95   97   99  101  100   97   92   88   85   85   86   91  100
  110  126  142  155  169  187  206  216  224                                   
    12.5-180.0 180.0   5.0 450.0                            LAT/LON1/LON2/DLON/H
  222  248  262  272  285  298  308  313  315  314  313  314  317  322  327  334
  341  349  355  356  350  339  325  311  302  297  296  296  297  298  296  291
  281  266  247  230  214  202  191  180  169  159  149  139  130  122  115  109
  105  100   97   95   96   98   99   97   93   89   85   83   82   84   89   98
  109  126  142  156  170  187  205  216  222                                   
    10.0-180.0 180.0   5.0 450.0                            LAT/LON1/LON2/DLON/H
  219  246  261  269  281  295  308  316  323  326  327  330  334  340  346  354
  363  372  378  380  374  363  349  335  324  316  311  308  305  302  298  290
  279  264  249  236  225  216  207  196  184  172  160  149  138  129  120  113
  107  102   98   95   95   96   95   92   88   84   81   80   80   82   88   97
  108  125  141  155  169  187  205  215  219                                   
     7.5-180.0 180.0   5.0 450.0                            LAT/LON1/LON2/DLON/H
  220  247  261  267  278  290  305  315  324  331  335  340  345  351  358  367
  376  386  393  395  390  381  368  356  345  335  327  320  313  307  298  288
