data/edconvlstm_nd/pred0180.15i
     1.0            IONOSPHERE MAPS     GNSS                IONEX VERSION / TYPE
pyspatialgeodesy        IME             05-JAN-18 20:20     PGM / RUN BY / DATE 
Map Name                                                    COMMENT             
Predicted global ionosphere maps (GIM).                     DESCRIPTION         
  2015     1    18     0     0     0                        EPOCH OF FIRST MAP  
  2015     1    19     0     0     0                        EPOCH OF LAST MAP   
  7200                                                      INTERVAL            
    13                                                      # OF MAPS IN FILE   
  NONE                                                      MAPPING FUNCTION    
10.0                                                        ELEVATION CUTOFF    
One-way carrier phase leveled to code                       OBSERVABLES USED    
  6371.0                                                    BASE RADIUS         
 2                                                          MAP DIMENSION       
   450.0 450.0   0.0                                        HGT1 / HGT2 / DHGT  
    87.5 -87.5  -2.5                                        LAT1 / LAT2 / DLAT  
  -180.0 180.0   5.0                                        LON1 / LON2 / DLON  
    -1                                                      EXPONENT            
                                                            END OF HEADER       
[from data line 858]
     3                                                      START OF TEC MAP    
  2015     1    18     4     0     0                        EPOCH OF CURRENT MAP
    87.5-180.0 180.0   5.0 450.0                            LAT/LON1/LON2/DLON/H
   69   74   69   70   70   68   66   62   63   63   63   63   63   62   61   60
   59   58   57   56   55   54   52   51   50   49   48   48   47   47   47   47
   47   47   47   48   49   49   50   51   51   52   52   53   53   54   54   55
   55   56   56   56   57   58   58   59   59   60   61   61   62   62   62   64
   65   66   64   65   68   78   82   73   69                                   
    85.0-180.0 180.0   5.0 450.0                            LAT/LON1/LON2/DLON/H
   64   78   66   68   70   69   68   66   66   67   66   66   66   66   65   64
   63   61   60   59   57   56   54   53   52   51   50   49   49   49   49   50
   50   51   52   53   55   56   57   59   60   60   61   61   62   62   61   61
   61   61   62   62   62   63   64   64   65   66   67   69   70   70   71   72
   74   75   73   75   77   78   85   75   64                                   
    82.5-180.0 180.0   5.0 450.0                            LAT/LON1/LON2/DLON/H
   69   70   76   69   67   68   66   65   66   66   66   67   67   67   67   65
   64   62   60   57   55   53   51   49   47   46   45   44   43   44   44   45
   47   48   51   53   56   59   61   64   65   67   67   67   67   66   66   65
   64   63   63   63   64   64   65   67   68   70   72   74   76   78   79   81
   82   83   80   79   88   79   78   75   69                                   
    80.0-180.0 180.0   5.0 450.0                            LAT/LON1/LON2/DLON/H
   84   80   77   67   70   67   67   66   68   68   68   70   70   70   69   68
   65   62   59   56   53   49   47   44   42   40   39   38   37   38   38   40
   42   45   49   53   57   61   65   69   71   73   73   72   71   69   67   65
   64   63   62   63   64   66   68   71   74   77   81   85   88   91   93   96
   97   96   96   95  103   94   91   84   84                                   
    77.5-180.0 180.0   5.0 450.0                            LAT/LON1/LON2/DLON/H
   95   89   81   73   71   70   71   72   73   74   74   77   77   77   76   74
   71   67   63   58   54   50   46   43   40   37   35   34   34   34   35   37
   40   44   49   54   60   66   71   75   78   80   80   78   76   73   69   67
   65   64   64   65   68   71   75   80   86   91   96  101  106  110  114  117
  118  118  116  116  116  102   98   91   95                                   
    75.0-180.0 180.0   5.0 450.0                            LAT/LON1/LON2/DLON/H
   96   93   84   77   72   72   73   73   74   75   75   78   78   77   76   73
   69   65   61   56   52   48   45   42   39   37   36   35   34   34   35   37
   40   44   50   56   62   68   74   79   82   83   82   79   76   72   68   64
   62   62   64   67   71   77   83   90   97  104  111  117  123  128  132  135
  135  135  134  128  128  115  109  100   96                                   
    72.5-180.0 180.0   5.0 450.0                            LAT/LON1/LON2/DLON/H
  101   96   87   79   75   75   77   76   77   77   77   79   78   77   74   71
   66   62   58   54   50   47   45   44   42   41   40   40   39   39   40   41
   44   48   53   59   65   72   77   82   84   85   83   79   75   70   65   62
   61   62   66   72   79   88   97  106  114  122  130  136  142  146  150  153
  153  152  152  146  142  126  119  111  101                                   
    70.0-180.0 180.0   5.0 450.0                            LAT/LON1/LON2/DLON/H
  110  100   92   84   77   76   77   76   77   76   75   75   73   71   67   62
   57   53   49   46   44   43   42   43   44   44   44   44   44   43   43   44
   46   48   52   57   63   68   73   77   79   78   76   72   66   61   57   55
   56   60   67   76   87   98  110  120  130  138  145  151  156  159  162  164
  163  162  161  155  150  135  129  121  110                                   
    67.5-180.0 180.0   5.0 450.0                            LAT/LON1/LON2/DLON/H
  113  101   92   84   77   75   75   74   73   72   69   68   65   61   56   51
   46   42   38   36   35   35   37   39   42   44   45   46   45   44   43   43
   43   44   46   49   53   57   61   64   65   64   61   57   52   47   44   44
   48   56   66   80   94  108  122  133  143  151  157  162  165  167  167  167
  165  162  161  154  149  136  131  126  113                                   
    65.0-180.0 180.0   5.0 450.0                            LAT/LON1/LON2/DLON/H
  119  105   94   87   79   76   74   73   72   69   66   64   60   55   50   44
   39   35   32   30   30   32   35   39   42   46   48   48   48   46   45   43
   42   41   42   43   45   48   51   53   54   53   50   46   41   38   37   39
   46   58   73   90  108  125  139  151  161  168  173  176  178  178  176  173
  169  164  162  155  150  138  134  132  119                                   
    62.5-180.0 180.0   5.0 450.0                            LAT/LON1/LON2/DLON/H
  126  111  100   91   83   79   76   73   71   67   64   61   57   52   47   41
   36   32   30   28   29   31   35   39   43   46   48   49   48   47   45   43
   41   40   39   38   39   41   42   44   45   45   43   40   36   34   35   40
   50   66   85  106  127  145  160  172  180  187  191  194  194  192  188  184
  177  170  166  158  154  143  140  139  126                                   
    60.0-180.0 180.0   5.0 450.0                            LAT/LON1/LON2/DLON/H
  134  118  106   95   85   79   75   71   68   63   59   57   53   49   45   41
   37   33   30   29   29   31   34   37   40   43   44   45   44   43   42   40
   39   37   35   35   34   35   36   38   40   40   39   37   35   34   37   44
   58   77   99  123  145  164  178  189  198  205  209  212  212  209  204  197
  188  179  174  166  162  151  148  146  134                                   
    57.5-180.0 180.0   5.0 450.0                            LAT/LON1/LON2/DLON/H
  145  128  114   99   89   81   74   68   64   59   55   53   50   47   45   42
   39   36   34   32   31   32   33   34   36   37   37   38   37   37   37   37
   36   36   35   34   34   34   35   37   39   41   41   40   39   40   45   54
   70   91  115  140  163  181  195  206  214  222  227  231  232  229  223  215
  204  193  188  180  177  165  161  157  145                                   
    55.0-180.0 180.0   5.0 450.0                            LAT/LON1/LON2/DLON/H
  156  139  123  105   93   82   73   65   59   53   49   47   46   45   44   44
   42   40   38   35   33   32   31   31   31   30   30   29   30   31   32   33
   35   36   36   37   37   38   39   42   44   46   47   48   48   51   57   68
   85  107  132  157  178  196  209  219  228  237  244  249  251  248  241  232
  220  208  203  195  193  180  177  170  156                                   
    52.5-180.0 180.0   5.0 450.0                            LAT/LON1/LON2/DLON/H
  169  151  134  113   99   86   74   64   56   49   44   42   41   42   43   44
   44   43   41   38   35   32   30   29   27   26   25   24   25   27   29   32
   36   39   41   43   45   47   49   51   53   55   57   59   61   65   73   85
  103  125  150  173  193  209  222  232  241  250  259  265  267  263  255  245
  232  221  216  209  208  194  190  184  169                                   
    50.0-180.0 180.0   5.0 450.0                            LAT/LON1/LON2/DLON/H
  180  162  144  122  108   93   79   67   57   48   42   40   38   39   41   43
   44   44   42   39   36   34   32   30   28   27   25   25   26   28   31   35
   40   44   49   53   57   59   62   64   66   68   70   73   76   82   91  105
  123  145  168  190  208  223  235  244  254  263  271  277  278  273  263  251
  238  227  223  217  217  204  201  194  180                                   
    47.5-180.0 180.0   5.0 450.0                            LAT/LON1/LON2/DLON/H
  188  171  152  134  119  103   88   74   63   53   45   41   39   38   40   42
   43   43   42   40   38   37   36   36   35   34   33   33   33   35   37   41
   46   52   58   64   69   73   76   78   80   81   83   87   92  100  111  126
  144  164  186  206  223  237  248  257  266  274  280  283  282  274  262  249
  235  225  221  217  218  206  205  200  188                                   
    45.0-180.0 180.0   5.0 450.0                            LAT/LON1/LON2/DLON/H
  191  175  159  145  131  115  100   85   73   62   53   47   43   41   41   42
   43   43   42   42   42   44   46   47   48   48   48   47   47   47   48   50
   54   60   67   74   81   86   90   92   93   93   95   99  106  116  129  145
  164  183  203  221  237  250  260  268  275  281  285  284  279  269  255  240
  226  217  213  209  211  201  201  198  191                                   
    42.5-180.0 180.0   5.0 450.0                            LAT/LON1/LON2/DLON/H
  189  176  162  153  141  126  113   98   86   74   65   58   53   49   47   46
   46   46   46   48   51   55   60   63   65   66   67   66   64   62   61   61
   63   67   74   82   89   96  100  102  103  103  105  110  118  130  146  163
  181  200  218  234  249  260  270  277  282  285  286  283  275  262  247  233
  219  208  203  199  200  190  191  189  189                                   
    40.0-180.0 180.0   5.0 450.0                            LAT/LON1/LON2/DLON/H
  184  173  162  156  147  134  121  109   98   87   79   72   66   61   58   56
   55   55   56   60   65   71   77   82   84   86   86   84   81   77   73   71
   71   74   80   87   95  102  106  109  110  110  112  118  128  142  159  177
  196  213  229  244  257  268  277  283  287  289  288  283  275  264  250  237
  223  211  203  195  193  182  181  179  184                                   
    37.5-180.0 180.0   5.0 450.0                            LAT/LON1/LON2/DLON/H
  181  170  160  155  148  136  124  114  105   97   90   85   80   76   73   71
   70   70   73   78   84   91   96  100  101  101  100   99   95   90   85   80
   78   80   84   90   97  104  109  113  114  115  118  124  135  150  169  188
  205  221  236  249  261  272  281  288  292  294  294  292  287  280  271  262
  249  234  222  209  200  185  182  176  181                                   
    35.0-180.0 180.0   5.0 450.0                            LAT/LON1/LON2/DLON/H
  183  170  159  152  146  134  122  113  106  100   95   93   91   90   89   88
   88   90   93   98  105  110  113  113  111  109  108  106  103   99   93   88
   84   84   87   92   97  104  109  114  117  119  122  128  139  156  175  194
  211  226  239  252  264  275  286  294  301  305  308  311  313  314  313  309
  298  282  265  245  230  208  200  188  183                                   
    32.5-180.0 180.0   5.0 450.0                            LAT/LON1/LON2/DLON/H
  198  180  165  154  146  131  117  107  101   96   93   94   95   97  100  102
  105  108  113  118  123  125  124  119  114  110  108  107  106  103   98   93
   89   88   89   92   96  101  108  113  117  120  123  130  142  158  177  196
  213  228  241  254  267  281  293  304  314  322  331  341  352  362  370  373
  365  349  329  302  281  252  240  220  198                                   
    30.0-180.0 180.0   5.0 450.0                            LAT/LON1/LON2/DLON/H
  228  204  183  166  153  133  115  102   93   88   86   88   93   98  105  111
  116  121  126  131  133  132  126  118  110  105  103  104  105  104  101   98
   95   93   93   93   95   99  105  110  115  119  123  130  142  159  178  197
  215  230  244  259  274  290  305  320  333  348  364  382  402  423  441  451
  447  430  408  373  348  311  294  269  228                                   
    27.5-180.0 180.0   5.0 450.0                            LAT/LON1/LON2/DLON/H
  275  245  215  191  173  148  124  105   91   82   78   80   86   94  103  112
  119  125  130  133  133  128  120  110  102   97   97  100  103  106  106  105
  103  101   99   97   95   97  101  106  111  115  120  128  141  159  179  199
  217  235  252  270  288  307  326  344  363  384  408  436  466  497  524  540
  539  523  496  456  425  382  357  332  275                                   
    25.0-180.0 180.0   5.0 450.0                            LAT/LON1/LON2/DLON/H
  337  300  261  231  207  178  149  123  102   87   78   77   81   89   99  107
  114  119  122  123  121  116  109  101   95   93   95  100  106  112  115  116
  115  112  107  101   96   94   96  100  104  108  113  123  138  158  180  202
  223  244  266  287  310  332  355  377  402  429  461  497  537  576  609  630
  633  617  588  542  506  459  427  408  337                                   
    22.5-180.0 180.0   5.0 450.0                            LAT/LON1/LON2/DLON/H
  411  368  322  288  258  225  191  158  130  108   93   86   86   91   97  103
  107  108  108  107  104  101   98   96   95   96  100  108  117  125  130  130
  127  122  113  104   95   90   89   91   94   97  104  116  134  157  182  208
  233  259  285  311  336  362  387  414  443  476  513  555  600  643  679  702
  707  694  665  621  580  536  504  490  411                                   
    20.0-180.0 180.0   5.0 450.0                            LAT/LON1/LON2/DLON/H
  486  443  395  360  323  288  249  210  176  147  125  112  107  107  108  108
  106  102   98   94   91   91   94   98  103  109  117  126  136  144  147  144
  137  128  117  104   93   84   81   80   81   85   93  108  130  158  187  217
  247  277  307  336  363  390  416  445  476  512  551  594  638  679  714  736
  742  733  711  676  635  600  578  570  486                                   
    17.5-180.0 180.0   5.0 450.0                            LAT/LON1/LON2/DLON/H
  549  517  474  442  399  362  319  275  236  202  174  156  146  140  135  128
  119  109  100   93   90   93  101  112  124  134  144  153  160  164  162  154
  143  131  116  101   87   77   71   69   69   73   83  101  128  160  194  228
  262  296  329  360  387  413  440  468  498  532  568  606  642  677  705  724
  732  729  718  697  662  639  633  631  549                                   
    15.0-180.0 180.0   5.0 450.0                            LAT/LON1/LON2/DLON/H
  592  575  545  519  474  437  393  347  305  267  236  214  200  190  180  167
  152  136  122  112  108  112  124  140  156  170  178  183  184  181  173  160
  144  128  111   95   81   70   64   60   59   63   75   96  127  163  201  239
  276  312  347  379  407  431  456  482  509  538  566  594  620  643  662  676
  685  689  690  685  663  651  659  662  592                                   
    12.5-180.0 180.0   5.0 450.0                            LAT/LON1/LON2/DLON/H
  616  612  595  576  535  502  460  415  372  334  302  279  264  251  238  221
  201  182  164  151  146  150  163  181  199  210  214  211  204  193  178  160
  140  121  103   88   75   66   59   55   54   58   71   95  128  168  208  248
  287  324  359  390  418  442  465  487  510  532  552  570  584  596  607  616
  625  634  645  654  646  643  658  665  616                                   
    10.0-180.0 180.0   5.0 450.0                            LAT/LON1/LON2/DLON/H
  625  627  618  604  571  544  507  467  428  392  362  341  326  314  300  282
  262  242  224  210  203  205  217  232  245  249  244  232  215  197  176  154
  132  113   96   83   73   65   60   56   54   58   71   96  131  172  214  254
  292  329  364  394  420  443  464  484  502  519  532  543  550  555  560  567
  577  589  605  622  623  628  644  649  625                                   
     7.5-180.0 180.0   5.0 450.0                            LAT/LON1/LON2/DLON/H
  622  625  617  604  581  559  528  495  463  432  406  389  378  368  356  341
  323  307  292  280  272  271  276  282  285  279  264  243  219  195  171  147
