data/edconvlstm_nd/pred1800.15i
     1.0            IONOSPHERE MAPS     GNSS                IONEX VERSION / TYPE
pyspatialgeodesy        IME             05-JAN-18 20:20     PGM / RUN BY / DATE 
Map Name                                                    COMMENT             
Predicted global ionosphere maps (GIM).                     DESCRIPTION         
  2015     6    29     0     0     0                        EPOCH OF FIRST MAP  
  2015     6    30     0     0     0                        EPOCH OF LAST MAP   
  7200                                                      INTERVAL            
    13                                                      # OF MAPS IN FILE   
  NONE                                                      MAPPING FUNCTION    
10.0                                                        ELEVATION CUTOFF    
One-way carrier phase leveled to code                       OBSERVABLES USED    
  6371.0                                                    BASE RADIUS         
 2                                                          MAP DIMENSION       
   450.0 450.0   0.0                                        HGT1 / HGT2 / DHGT  
    87.5 -87.5  -2.5                                        LAT1 / LAT2 / DLAT  
  -180.0 180.0   5.0                                        LON1 / LON2 / DLON  
    -1                                                      EXPONENT            
                                                            END OF HEADER       
[from data line 4290]
    11                                                      START OF TEC MAP    
  2015     6    29    20     0     0                        EPOCH OF CURRENT MAP
    87.5-180.0 180.0   5.0 450.0                            LAT/LON1/LON2/DLON/H
  143  133  120  126  128  126  125  122  122  123  121  121  121  120  120  120
  120  120  119  119  119  119  119  119  119  119  119  119  119  119  119  119
  119  119  119  119  119  119  119  119  119  119  119  119  119  119  119  119
  119  119  119  119  119  119  119  119  120  120  120  120  120  121  121  121
  120  121  120  121  132  129  139  140  143                                   
    85.0-180.0 180.0   5.0 450.0                            LAT/LON1/LON2/DLON/H
  139  134  138  130  128  130  129  130  129  129  128  128  127  127  127  126
  126  126  126  126  126  126  126  126  126  126  126  126  126  126  126  126
  126  126  126  126  126  126  126  126  126  126  126  125  125  125  125  125
  125  125  125  125  125  125  125  126  126  126  126  127  127  127  128  128
  129  129  128  127  131  126  128  129  139                                   
    82.5-180.0 180.0   5.0 450.0                            LAT/LON1/LON2/DLON/H
  121  123  124  120  120  122  124  123  121  121  120  120  119  119  118  118
  118  118  118  118  119  119  119  119  120  120  120  120  121  121  121  121
  121  121  121  121  121  121  121  120  120  120  120  119  119  118  118  118
  117  117  117  117  117  117  117  117  117  117  118  118  118  118  119  119
  119  119  118  123  125  132  124  121  121                                   
    80.0-180.0 180.0   5.0 450.0                            LAT/LON1/LON2/DLON/H
  113  116  121  119  117  115  118  119  118  118  117  117  116  115  115  115
  115  115  115  115  116  116  116  117  117  117  117  117  117  117  117  117
  117  117  117  117  117  117  117  117  116  116  116  115  114  114  113  113
  112  112  112  112  112  112  113  113  113  113  113  114  114  114  115  115
  116  117  117  119  118  117  115  119  113                                   
    77.5-180.0 180.0   5.0 450.0                            LAT/LON1/LON2/DLON/H
  119  116  122  119  120  120  120  121  120  119  117  117  116  116  116  116
  116  116  117  117  118  118  119  119  120  120  120  120  120  119  119  119
  118  118  118  118  118  118  118  118  118  117  116  116  115  114  113  112
  112  111  111  111  111  112  112  112  112  112  112  112  111  111  112  112
  113  113  114  117  120  116  118  126  119                                   
    75.0-180.0 180.0   5.0 450.0                            LAT/LON1/LON2/DLON/H
  120  120  122  120  121  122  121  121  121  122  120  120  120  120  120  120
  120  121  121  122  122  123  123  123  123  123  123  122  121  120  120  119
  118  117  117  117  117  118  118  118  118  117  116  115  114  112  111  110
  109  109  109  110  110  111  111  111  111  111  111  111  111  111  111  112
  112  114  115  114  117  113  117  113  120                                   
    72.5-180.0 180.0   5.0 450.0                            LAT/LON1/LON2/DLON/H
  122  121  123  126  125  126  126  126  124  125  123  123  123  124  124  124
  125  125  126  126  126  127  127  126  126  125  124  122  120  119  117  116
  114  114  113  113  113  113  114  114  114  114  113  111  110  108  106  105
  105  105  106  106  107  108  109  109  109  109  109  109  108  108  108  109
  109  110  112  111  113  112  117  119  122                                   
    70.0-180.0 180.0   5.0 450.0                            LAT/LON1/LON2/DLON/H
  126  125  126  127  126  127  127  127  127  128  127  128  128  129  130  131
  131  131  132  132  132  131  130  129  128  126  124  122  119  117  115  113
  111  110  109  109  109  110  110  111  111  110  109  107  105  103  101  100
  100  100  101  102  103  104  105  106  106  107  106  106  106  106  107  107
  108  109  112  112  115  115  120  120  126                                   
    67.5-180.0 180.0   5.0 450.0                            LAT/LON1/LON2/DLON/H
  133  132  134  136  136  136  137  137  137  138  137  139  140  141  142  143
  143  143  143  143  142  141  139  137  135  132  129  126  123  120  117  115
  113  111  110  110  110  110  111  112  112  111  110  107  105  102  100   99
   99  100  101  103  104  106  107  107  108  108  108  108  108  109  110  111
  112  113  116  115  118  118  122  123  133                                   
    65.0-180.0 180.0   5.0 450.0                            LAT/LON1/LON2/DLON/H
  139  138  141  142  141  142  142  143  143  145  145  147  148  150  151  152
  153  152  152  151  149  148  146  143  140  136  133  129  126  123  121  119
  117  115  113  112  111  112  112  113  113  112  110  107  103  100   98   97
   97   98   99  100  102  102  103  103  104  104  105  106  107  109  110  112
  114  117  120  121  125  125  130  130  139                                   
    62.5-180.0 180.0   5.0 450.0                            LAT/LON1/LON2/DLON/H
  146  146  149  150  149  151  151  151  151  153  153  155  157  159  161  162
  162  161  160  159  157  155  153  150  147  143  139  136  133  131  129  127
  125  122  120  118  117  116  117  117  116  115  112  108  104  100   98   96
   96   97   98   99  100  100  100  100  100  101  102  104  107  109  112  115
  117  120  124  126  130  130  134  135  146                                   
    60.0-180.0 180.0   5.0 450.0                            LAT/LON1/LON2/DLON/H
  152  152  156  157  157  158  158  159  158  159  160  162  164  166  168  168
  168  168  166  165  163  162  160  158  154  151  148  145  143  142  141  140
  137  134  131  128  125  124  124  124  122  120  116  111  106  102   99   97
   97   98   98   98   98   96   95   94   94   95   98  101  104  108  112  116
  119  123  128  130  134  135  141  142  152                                   
    57.5-180.0 180.0   5.0 450.0                            LAT/LON1/LON2/DLON/H
  156  157  161  163  164  165  165  166  165  165  165  167  168  170  171  172
  172  171  169  168  167  167  166  165  163  161  158  157  156  156  156  155
  153  149  144  140  137  135  134  132  130  126  121  116  110  105  102  100
   99   99   99   98   96   93   90   88   87   89   92   97  101  106  111  116
  120  124  130  132  137  138  144  146  156                                   
    55.0-180.0 180.0   5.0 450.0                            LAT/LON1/LON2/DLON/H
  158  161  166  169  169  172  172  172  171  170  169  170  171  172  172  172
  172  170  169  169  169  170  171  172  172  171  170  170  170  172  172  172
  169  164  159  153  149  146  144  142  139  134  128  121  114  109  105  102
  101  101  100   97   94   89   85   82   82   83   87   93   98  104  110  115
  119  124  130  132  138  140  147  149  158                                   
    52.5-180.0 180.0   5.0 450.0                            LAT/LON1/LON2/DLON/H
  157  162  168  172  174  177  178  177  176  175  173  172  171  171  171  170
  169  168  167  167  169  172  175  178  179  180  180  182  183  185  187  186
  183  178  172  166  161  157  155  151  147  141  133  125  118  112  108  105
  103  102  100   97   92   87   81   78   77   79   84   90   96  102  108  113
  118  123  129  131  137  140  147  149  157                                   
    50.0-180.0 180.0   5.0 450.0                            LAT/LON1/LON2/DLON/H
  156  162  169  175  178  182  183  183  182  180  177  175  173  171  169  167
  166  164  164  165  168  173  178  183  186  188  190  192  195  197  199  198
  195  189  182  176  172  168  165  161  155  147  139  130  123  117  112  108
  106  104  102   98   93   87   81   77   76   78   83   89   95  101  107  113
  117  123  129  131  136  139  147  149  156                                   
    47.5-180.0 180.0   5.0 450.0                            LAT/LON1/LON2/DLON/H
  155  163  171  177  181  187  189  190  189  188  185  181  177  173  170  166
  164  162  162  164  168  174  181  187  192  196  198  201  204  207  208  207
  203  198  191  186  181  178  175  170  163  154  145  136  128  122  116  112
  109  107  105  101   96   90   84   80   79   81   86   91   96  102  108  113
  118  124  129  131  136  140  148  150  155                                   
    45.0-180.0 180.0   5.0 450.0                            LAT/LON1/LON2/DLON/H
  156  165  174  181  186  192  196  198  198  198  195  191  186  180  174  169
  166  164  164  166  171  178  185  192  198  202  206  209  212  215  216  214
  211  206  200  195  192  189  185  180  171  162  152  143  135  129  123  118
  114  111  109  107  102   97   91   88   87   88   92   96  100  105  110  116
  121  127  132  134  139  143  150  152  156                                   
    42.5-180.0 180.0   5.0 450.0                            LAT/LON1/LON2/DLON/H
  159  170  179  187  193  200  204  207  209  211  209  206  199  191  183  177
  172  170  169  172  176  183  191  198  204  209  213  217  220  222  223  222
  219  214  210  206  204  201  197  191  182  171  161  152  145  138  132  126
  121  118  116  114  111  107  102   98   97   98  100  103  106  110  115  120
  126  132  138  140  144  148  155  157  159                                   
    40.0-180.0 180.0   5.0 450.0                            LAT/LON1/LON2/DLON/H
  165  177  187  195  201  208  213  217  221  225  226  223  216  207  197  189
  183  180  179  181  185  191  198  204  210  216  221  225  229  231  232  231
  229  226  222  220  218  215  211  204  194  182  172  163  157  150  143  136
  130  127  125  124  122  118  114  110  108  108  109  110  112  115  120  126
  132  138  145  147  151  155  163  165  165                                   
    37.5-180.0 180.0   5.0 450.0                            LAT/LON1/LON2/DLON/H
  174  188  198  205  212  219  223  228  234  240  243  242  236  226  215  206
  199  194  193  193  196  200  206  212  218  224  230  235  239  242  243  243
  242  240  238  235  233  230  226  217  207  195  185  177  170  163  156  147
  141  136  135  134  133  130  125  122  119  118  117  117  117  120  124  131
  137  145  151  155  159  164  172  174  174                                   
    35.0-180.0 180.0   5.0 450.0                            LAT/LON1/LON2/DLON/H
  185  200  211  217  224  231  234  239  246  255  260  262  257  247  236  226
  218  212  209  207  208  211  216  221  226  233  240  247  252  256  258  258
  259  258  255  253  249  245  239  230  219  207  197  190  183  176  168  159
  151  146  144  143  141  138  134  130  126  124  122  121  120  122  127  134
  141  149  157  161  167  172  182  184  185                                   
    32.5-180.0 180.0   5.0 450.0                            LAT/LON1/LON2/DLON/H
  197  213  224  229  236  243  246  251  258  268  276  280  278  270  259  248
  239  232  227  223  222  223  226  231  236  244  252  260  266  271  273  275
  276  276  273  268  263  256  249  239  228  217  208  201  194  187  178  168
  159  153  150  148  146  142  137  132  129  126  123  121  120  122  128  135
  142  152  160  165  172  180  191  194  197                                   
    30.0-180.0 180.0   5.0 450.0                            LAT/LON1/LON2/DLON/H
  207  224  236  241  248  255  257  262  270  281  291  298  299  293  284  273
  263  254  246  240  237  236  237  241  247  255  265  274  281  286  289  291
  293  292  287  280  271  262  252  243  232  222  214  207  201  193  184  173
  164  157  152  149  145  140  135  130  126  122  119  117  117  119  125  133
  141  151  160  167  176  186  200  204  207                                   
    27.5-180.0 180.0   5.0 450.0                            LAT/LON1/LON2/DLON/H
  217  235  245  251  259  266  268  272  281  292  305  315  320  317  310  300
  289  278  267  258  252  249  250  253  259  267  278  287  295  299  303  305
  305  303  295  284  271  259  249  239  230  221  214  208  202  194  185  174
  164  156  149  144  138  132  127  122  118  115  113  111  111  114  120  128
  136  147  157  166  178  191  206  211  217                                   
    25.0-180.0 180.0   5.0 450.0                            LAT/LON1/LON2/DLON/H
  224  242  252  259  267  275  278  283  291  304  318  331  339  341  336  328
  317  304  291  278  269  264  263  265  271  280  290  300  307  310  312  313
  312  306  295  280  264  250  238  229  221  215  209  204  198  190  181  170
  160  151  142  135  128  121  115  111  108  106  104  103  104  107  113  121
  130  142  154  165  179  194  211  218  224                                   
    22.5-180.0 180.0   5.0 450.0                            LAT/LON1/LON2/DLON/H
  229  247  256  263  272  281  286  292  301  315  330  346  358  364  363  357
  347  333  317  301  288  281  277  278  284  292  302  310  316  318  318  316
  312  303  288  269  250  235  223  215  210  205  201  196  190  183  173  163
  153  142  133  123  115  108  103  100   98   96   96   95   97  100  106  113
  122  135  150  163  180  197  216  223  229                                   
    20.0-180.0 180.0   5.0 450.0                            LAT/LON1/LON2/DLON/H
  231  250  258  265  273  283  291  299  310  325  342  360  375  385  389  386
  377  363  345  326  310  299  293  293  296  304  312  319  323  323  320  315
  307  294  276  255  235  218  208  201  198  195  192  188  182  174  165  155
  145  133  122  112  102   96   92   90   89   89   88   89   90   93   98  106
  115  129  146  161  180  200  220  228  231                                   
    17.5-180.0 180.0   5.0 450.0                            LAT/LON1/LON2/DLON/H
  232  251  258  264  272  283  293  304  317  333  351  371  389  403  411  413
  407  393  375  353  334  319  310  307  309  315  322  327  328  325  319  311
  300  284  263  241  220  205  196  191  189  187  185  181  175  167  158  148
  137  125  113  102   92   87   84   83   83   83   84   84   86   88   92   98
  108  124  142  160  181  203  224  233  232                                   
    15.0-180.0 180.0   5.0 450.0                            LAT/LON1/LON2/DLON/H
  233  252  258  262  269  280  292  305  321  338  357  377  398  415  428  434
  432  421  402  380  358  339  327  321  321  325  331  334  332  326  317  306
  292  274  252  230  212  198  190  187  185  184  181  177  170  162  152  142
  131  119  106   95   86   81   79   79   80   80   81   81   82   83   86   92
  101  119  139  159  181  205  228  237  233                                   
    12.5-180.0 180.0   5.0 450.0                            LAT/LON1/LON2/DLON/H
  233  254  259  261  267  276  289  304  321  339  358  378  399  419  435  446
  449  442  425  403  379  358  343  334  333  335  338  339  335  326  315  302
  286  268  247  227  210  199  193  189  187  185  182  176  168  159  149  138
  126  114  102   91   83   79   78   79   79   79   79   80   80   80   82   86
   96  114  136  157  180  206  230  240  233                                   
    10.0-180.0 180.0   5.0 450.0                            LAT/LON1/LON2/DLON/H
  234  257  263  263  267  274  287  302  320  337  354  373  393  413  432  447
  454  452  439  418  394  371  355  345  342  343  345  343  336  325  312  298
  283  265  246  229  216  207  201  197  193  189  184  177  168  157  146  134
  123  111   99   89   82   79   79   79   79   79   78   78   78   77   77   81
   90  108  131  153  178  206  232  242  234                                   
     7.5-180.0 180.0   5.0 450.0                            LAT/LON1/LON2/DLON/H
  235  261  269  268  271  276  288  301  317  333  347  363  380  399  419  436
  447  449  441  423  400  379  362  352  349  349  349  345  335  322  308  294
