data/edconvlstm_nd/pred3460.15i
     1.0            IONOSPHERE MAPS     GNSS                IONEX VERSION / TYPE
pyspatialgeodesy        IME             05-JAN-18 20:20     PGM / RUN BY / DATE 
Map Name                                                    COMMENT             
Predicted global ionosphere maps (GIM).                     DESCRIPTION         
  2015    12    12     0     0     0                        EPOCH OF FIRST MAP  
  2015    12    13     0     0     0                        EPOCH OF LAST MAP   
  7200                                                      INTERVAL            
    13                                                      # OF MAPS IN FILE   
  NONE                                                      MAPPING FUNCTION    
10.0                                                        ELEVATION CUTOFF    
One-way carrier phase leveled to code                       OBSERVABLES USED    
  6371.0                                                    BASE RADIUS         
 2                                                          MAP DIMENSION       
   450.0 450.0   0.0                                        HGT1 / HGT2 / DHGT  
    87.5 -87.5  -2.5                                        LAT1 / LAT2 / DLAT  
  -180.0 180.0   5.0                                        LON1 / LON2 / DLON  
    -1                                                      EXPONENT            
                                                            END OF HEADER       
[from data line 858]
     3                                                      START OF TEC MAP    
  2015    12    12     4     0     0                        EPOCH OF CURRENT MAP
    87.5-180.0 180.0   5.0 450.0                            LAT/LON1/LON2/DLON/H
   49   58   53   56   55   56   54   50   50   51   50   51   50   50   50   49
   48   48   47   46   45   45   44   43   42   42   41   41   40   40   40   40
   40   39   39   40   40   40   40   40   41   41   41   42   42   42   43   43
   43   44   44   44   44   44   44   44   45   45   45   45   45   45   45   46
   47   47   46   46   51   66   72   62   49                                   
    85.0-180.0 180.0   5.0 450.0                            LAT/LON1/LON2/DLON/H
   42   63   55   57   59   61   60   58   58   58   57   56   56   55   54   53
   52   51   49   48   47   46   45   44   44   43   43   42   42   42   42   42
   42   42   43   43   44   45   45   46   47   48   48   49   50   50   51   51
   51   51   51   51   52   52   52   52   52   52   52   52   52   52   52   53
   55   55   54   57   62   64   77   64   42                                   
    82.5-180.0 180.0   5.0 450.0                            LAT/LON1/LON2/DLON/H
   45   52   65   58   58   61   60   58   59   58   57   57   56   55   54   52
   50   49   47   45   43   42   41   39   38   37   37   36   36   36   36   36
   37   38   38   39   40   42   43   44   45   47   48   49   50   51   51   51
   52   52   52   52   52   51   51   52   52   52   52   52   52   53   53   54
   54   55   54   53   66   57   61   58   45                                   
    80.0-180.0 180.0   5.0 450.0                            LAT/LON1/LON2/DLON/H
   54   57   62   53   56   55   57   56   57   57   55   55   54   53   51   49
   47   44   42   40   38   37   35   34   33   32   32   32   32   32   33   33
   34   35   36   37   39   40   42   44   45   47   48   50   51   51   52   52
   52   51   51   51   50   50   50   50   50   51   51   52   52   53   53   54
   54   54   55   55   66   59   60   57   54                                   
    77.5-180.0 180.0   5.0 450.0                            LAT/LON1/LON2/DLON/H
   55   57   54   47   46   47   50   52   53   53   52   53   52   50   48   46
   43   40   38   35   33   31   29   28   27   26   26   26   27   27   28   29
   30   31   32   33   35   37   38   40   42   44   46   47   48   49   49   49
   49   48   48   47   47   47   47   47   48   48   49   50   51   51   52   53
   53   53   53   55   58   47   48   48   55                                   
    75.0-180.0 180.0   5.0 450.0                            LAT/LON1/LON2/DLON/H
   46   50   49   42   39   42   45   46   48   49   49   49   49   47   45   42
   40   37   34   32   30   28   27   26   26   26   26   27   28   29   29   30
   31   32   32   33   34   35   37   38   40   42   44   45   47   47   47   47
   47   46   45   45   45   45   45   46   47   48   50   51   53   54   55   56
   56   56   56   54   57   48   46   47   46                                   
    72.5-180.0 180.0   5.0 450.0                            LAT/LON1/LON2/DLON/H
   48   48   46   38   37   40   44   46   48   49   49   50   49   48   45   43
   40   37   35   33   31   30   29   29   29   30   31   32   33   34   35   36
   36   36   35   35   35   36   37   39   41   42   44   46   47   48   48   48
   47   47   47   47   47   48   49   51   53   55   58   60   62   64   65   67
   68   67   69   67   67   55   51   52   48                                   
    70.0-180.0 180.0   5.0 450.0                            LAT/LON1/LON2/DLON/H
   57   52   50   42   38   40   43   45   48   49   49   51   50   48   46   44
   41   39   37   35   34   33   33   33   34   35   37   38   40   41   42   42
   41   39   38   37   36   36   36   38   39   41   43   45   46   47   47   48
   48   48   49   50   51   53   56   59   63   66   69   72   74   76   78   81
   81   81   83   81   80   67   64   61   57                                   
    67.5-180.0 180.0   5.0 450.0                            LAT/LON1/LON2/DLON/H
   63   54   50   42   37   37   40   42   45   46   46   48   47   45   43   41
   39   37   35   34   33   33   33   34   35   36   38   39   41   42   42   41
   39   36   33   31   29   29   29   30   32   34   36   37   39   40   41   42
   44   45   47   50   53   57   61   66   70   75   78   82   84   86   88   90
   91   91   94   91   90   77   72   69   63                                   
    65.0-180.0 180.0   5.0 450.0                            LAT/LON1/LON2/DLON/H
   71   59   52   44   37   37   39   41   44   45   45   47   46   45   43   41
   39   37   36   36   35   35   35   35   36   37   38   39   40   41   40   38
   35   32   28   25   23   22   22   23   25   28   30   32   33   35   37   39
   42   45   49   54   59   65   71   77   83   88   92   95   98   99  100  102
  102  102  105  102  101   89   84   81   71                                   
    62.5-180.0 180.0   5.0 450.0                            LAT/LON1/LON2/DLON/H
   79   66   58   49   41   39   41   42   44   46   46   48   47   46   44   43
   41   40   40   39   39   38   37   37   37   37   38   39   39   39   38   35
   32   28   24   21   19   18   18   20   23   25   27   29   31   33   35   39
   43   49   55   62   70   78   86   93  100  105  109  111  113  113  113  114
  114  113  115  113  112  100   95   92   79                                   
    60.0-180.0 180.0   5.0 450.0                            LAT/LON1/LON2/DLON/H
   87   74   65   53   45   42   42   42   44   44   45   46   46   45   44   43
   43   42   42   41   40   39   37   36   35   35   35   35   35   34   33   30
   27   23   20   17   15   15   16   19   21   24   26   27   29   31   34   39
   46   54   62   72   81   91  100  108  115  120  123  125  125  124  123  122
  121  120  122  119  119  107  103   99   87                                   
    57.5-180.0 180.0   5.0 450.0                            LAT/LON1/LON2/DLON/H
   95   83   73   61   51   47   45   44   44   43   43   44   44   44   44   44
   44   44   43   42   41   38   36   34   32   31   31   31   31   30   29   27
   24   21   18   16   16   16   18   21   24   26   28   29   30   32   36   43
   51   61   72   83   95  105  115  123  130  134  137  138  136  134  132  130
  127  125  127  124  124  113  110  105   95                                   
    55.0-180.0 180.0   5.0 450.0                            LAT/LON1/LON2/DLON/H
  104   94   83   70   60   54   49   46   44   42   40   41   41   42   43   43
   44   44   43   42   39   36   33   31   29   28   28   28   28   27   26   25
   23   21   20   19   20   21   24   27   30   32   32   33   33   36   41   49
   59   71   83   96  107  118  128  136  142  146  147  147  145  142  139  136
  132  129  131  128  128  117  115  111  104                                   
    52.5-180.0 180.0   5.0 450.0                            LAT/LON1/LON2/DLON/H
  115  106   96   83   72   64   58   51   46   41   39   39   39   40   41   43
   44   44   42   40   37   33   31   29   28   28   28   28   28   27   26   26
   25   25   25   26   28   30   33   36   39   40   40   39   40   43   49   58
   69   82   95  108  119  130  139  146  151  154  155  154  152  148  145  142
  138  134  135  132  132  121  120  116  115                                   
    50.0-180.0 180.0   5.0 450.0                            LAT/LON1/LON2/DLON/H
  127  119  110   99   87   78   70   60   51   44   39   38   38   39   40   42
   43   43   41   38   35   32   30   29   29   30   31   31   31   30   30   30
   30   31   33   36   38   41   45   48   50   50   49   48   49   52   59   69
   82   94  107  119  130  139  147  153  157  159  160  159  157  153  150  147
  143  140  140  137  136  127  126  123  127                                   
    47.5-180.0 180.0   5.0 450.0                            LAT/LON1/LON2/DLON/H
  140  132  123  115  103   94   84   72   61   50   43   41   39   40   41   42
   43   42   40   37   34   32   31   32   34   35   37   38   37   37   36   36
   37   40   43   47   50   54   56   59   60   60   59   58   59   64   71   82
   94  107  118  129  138  146  153  157  160  161  161  161  159  157  154  152
  149  146  145  142  142  132  132  131  140                                   
    45.0-180.0 180.0   5.0 450.0                            LAT/LON1/LON2/DLON/H
  149  142  133  127  116  108   98   85   73   60   51   47   45   44   44   45
   45   44   41   39   37   36   37   39   41   44   46   46   46   44   43   43
   44   48   53   58   61   64   66   67   68   69   68   68   70   75   84   95
  107  118  128  137  145  152  157  160  161  162  162  161  160  159  157  156
  154  151  150  147  147  138  138  138  149                                   
    42.5-180.0 180.0   5.0 450.0                            LAT/LON1/LON2/DLON/H
  153  145  136  133  124  117  108   97   84   72   63   57   54   52   51   51
   50   48   47   45   45   45   47   49   52   55   56   56   54   52   50   49
   51   55   61   65   69   70   72   73   74   75   76   77   80   87   96  107
  118  128  137  145  152  157  161  162  163  163  162  162  162  161  160  160
  158  156  154  151  151  143  142  142  153                                   
    40.0-180.0 180.0   5.0 450.0                            LAT/LON1/LON2/DLON/H
  152  142  131  128  121  117  110  102   93   82   74   69   65   63   61   59
   58   57   56   56   57   59   60   62   64   65   66   64   62   58   55   54
   56   60   65   70   73   74   74   76   78   80   82   85   90   98  108  119
  129  137  145  152  159  164  168  169  168  168  167  167  167  166  165  165
  164  161  160  157  156  147  145  143  152                                   
    37.5-180.0 180.0   5.0 450.0                            LAT/LON1/LON2/DLON/H
  146  133  120  115  110  107  104  100   95   88   82   79   77   74   72   70
   69   69   70   72   73   75   76   76   75   74   73   71   68   64   61   59
   60   64   68   72   74   74   75   77   80   83   87   92   98  107  118  129
  138  146  154  162  170  176  180  181  181  180  180  180  180  178  177  176
  174  170  168  165  165  154  150  145  146                                   
    35.0-180.0 180.0   5.0 450.0                            LAT/LON1/LON2/DLON/H
  140  123  107   98   93   91   91   91   91   88   86   85   84   84   82   82
   82   83   86   89   91   92   91   88   85   81   78   75   73   70   66   65
   65   68   71   74   74   74   74   77   81   86   92   98  105  115  126  137
  147  156  165  175  185  194  199  201  201  202  202  203  202  199  196  194
  191  186  184  180  179  166  160  151  140                                   
    32.5-180.0 180.0   5.0 450.0                            LAT/LON1/LON2/DLON/H
  140  117   97   83   76   73   74   77   81   82   83   86   88   89   90   91
   93   96  100  104  106  105  102   96   90   85   82   80   78   76   74   72
   71   73   75   76   75   74   75   77   82   88   95  102  111  122  134  146
  157  167  179  193  207  218  225  228  230  231  233  235  234  230  226  222
  218  212  210  204  203  187  181  167  140                                   
    30.0-180.0 180.0   5.0 450.0                            LAT/LON1/LON2/DLON/H
  150  122   96   76   65   60   60   64   69   73   77   82   86   89   92   96
  100  106  111  115  115  113  107  100   93   88   85   85   85   84   83   81
   80   80   80   79   77   75   76   79   84   90   98  106  116  128  142  155
  168  182  197  215  232  247  256  261  264  267  271  274  273  269  264  260
  254  248  246  238  236  218  211  193  150                                   
    27.5-180.0 180.0   5.0 450.0                            LAT/LON1/LON2/DLON/H
  176  142  111   86   68   57   53   55   59   63   68   75   81   86   91   97
  103  110  115  118  117  112  106  100   95   92   91   92   93   94   94   92
   90   88   86   83   80   78   77   80   85   92  100  109  120  134  150  166
  182  199  218  240  262  279  291  297  302  309  315  319  320  316  311  307
  301  295  292  280  278  257  250  229  176                                   
    25.0-180.0 180.0   5.0 450.0                            LAT/LON1/LON2/DLON/H
  218  180  145  114   89   69   59   55   56   58   62   68   74   80   87   94
  101  107  112  112  109  105  101   98   97   97   99  102  105  107  107  105
  102   99   94   89   84   80   80   82   86   93  101  112  126  142  160  179
  198  219  242  268  293  314  328  337  345  355  363  369  371  368  364  360
  355  349  345  330  327  305  296  275  218                                   
    22.5-180.0 180.0   5.0 450.0                            LAT/LON1/LON2/DLON/H
  275  236  198  164  133  102   82   69   63   61   61   64   69   75   82   88
   95  100  102  100   97   94   94   97  102  107  111  116  119  121  121  119
  115  109  102   94   87   83   81   83   87   93  103  116  132  151  172  194
  217  241  269  298  326  349  366  378  389  401  412  420  423  422  419  417
  413  408  401  383  379  357  345  327  275                                   
    20.0-180.0 180.0   5.0 450.0                            LAT/LON1/LON2/DLON/H
  339  302  265  231  194  155  124  100   86   76   71   70   71   75   79   84
   88   90   89   86   84   84   90   99  110  120  128  133  136  137  135  132
  126  118  108   97   89   83   81   82   86   93  104  121  140  163  187  212
  238  265  294  325  355  379  398  412  425  440  454  463  467  468  468  468
  465  461  454  435  427  408  394  379  339                                   
    17.5-180.0 180.0   5.0 450.0                            LAT/LON1/LON2/DLON/H
  398  369  336  306  265  221  181  148  124  107   95   87   84   83   84   85
   85   84   81   78   77   81   92  108  125  139  148  152  153  151  147  140
  131  121  109   97   88   82   80   81   84   92  107  126  150  176  203  230
  258  286  317  347  376  400  419  434  449  465  479  489  495  497  499  502
  502  500  493  475  464  448  435  424  398                                   
    15.0-180.0 180.0   5.0 450.0                            LAT/LON1/LON2/DLON/H
  443  420  394  372  333  288  241  203  173  150  132  118  109  103   99   95
   91   86   81   78   80   88  103  124  145  161  170  171  168  161  152  142
  131  119  106   94   86   81   79   79   83   93  110  134  161  189  218  246
  275  303  333  361  388  410  428  442  458  474  488  497  503  507  511  516
  518  518  513  497  484  472  462  454  443                                   
    12.5-180.0 180.0   5.0 450.0                            LAT/LON1/LON2/DLON/H
  466  447  429  413  382  341  294  255  225  200  178  160  146  135  126  117
  108  100   94   92   95  106  125  148  170  185  190  187  178  166  153  140
  127  115  103   92   84   80   79   80   84   96  115  142  172  202  230  259
  287  314  342  368  391  411  427  441  456  470  483  492  497  502  508  514
  518  519  515  503  491  481  475  470  466                                   
    10.0-180.0 180.0   5.0 450.0                            LAT/LON1/LON2/DLON/H
  470  453  440  425  403  368  328  296  270  247  226  207  190  176  163  149
  136  125  119  118  123  136  156  179  198  206  205  195  182  166  150  135
  123  112  101   92   86   83   82   83   88  101  123  152  183  212  240  266
  293  320  345  368  389  407  422  436  449  461  471  479  485  491  497  504
  508  510  507  499  490  483  478  474  470                                   
     7.5-180.0 180.0   5.0 450.0                            LAT/LON1/LON2/DLON/H
  465  448  436  415  400  372  339  317  299  283  267  251  235  220  205  189
  173  161  155  155  162  177  195  211  221  221  212  198  181  164  147  133
