data/edconvlstm_nd/pred1560.15i
     1.0            IONOSPHERE MAPS     GNSS                IONEX VERSION / TYPE
pyspatialgeodesy        IME             05-JAN-18 20:20     PGM / RUN BY / DATE 
Map Name                                                    COMMENT             
Predicted global ionosphere maps (GIM).                     DESCRIPTION         
  2015     6     5     0     0     0                        EPOCH OF FIRST MAP  
  2015     6     6     0     0     0                        EPOCH OF LAST MAP   
  7200                                                      INTERVAL            
    13                                                      # OF MAPS IN FILE   
  NONE                                                      MAPPING FUNCTION    
10.0                                                        ELEVATION CUTOFF    
One-way carrier phase leveled to code                       OBSERVABLES USED    
  6371.0                                                    BASE RADIUS         
 2                                                          MAP DIMENSION       
   450.0 450.0   0.0                                        HGT1 / HGT2 / DHGT  
    87.5 -87.5  -2.5                                        LAT1 / LAT2 / DLAT  
  -180.0 180.0   5.0                                        LON1 / LON2 / DLON  
    -1                                                      EXPONENT            
                                                            END OF HEADER       
[from data line 4290]
    11                                                      START OF TEC MAP    
  2015     6     5    20     0     0                        EPOCH OF CURRENT MAP
    87.5-180.0 180.0   5.0 450.0                            LAT/LON1/LON2/DLON/H
  214  202  189  197  197  197  197  197  196  197  196  196  195  195  195  194
  193  192  192  191  190  189  188  186  185  184  183  182  181  180  179  178
  177  177  176  176  176  175  175  176  176  176  177  177  177  178  178  179
  179  180  180  180  181  181  181  182  182  183  183  183  184  184  185  185
  185  186  186  188  198  200  199  203  214                                   
    85.0-180.0 180.0   5.0 450.0                            LAT/LON1/LON2/DLON/H
  205  204  208  204  200  204  205  206  206  206  205  205  204  204  203  202
  202  201  200  199  198  196  195  194  192  191  190  188  187  185  184  183
  182  181  181  180  180  180  180  180  181  181  182  182  183  183  184  184
  184  185  185  186  186  186  187  187  187  188  188  188  189  190  190  191
  192  193  194  194  198  192  192  200  205                                   
    82.5-180.0 180.0   5.0 450.0                            LAT/LON1/LON2/DLON/H
  190  197  199  198  198  203  205  206  205  205  205  205  204  203  202  201
  200  199  197  196  194  193  191  189  187  185  183  181  179  177  175  174
  172  171  170  170  170  170  170  171  172  173  174  175  175  176  177  177
  178  179  179  179  180  180  180  180  180  180  180  181  181  181  182  183
  184  184  185  190  190  195  191  187  190                                   
    80.0-180.0 180.0   5.0 450.0                            LAT/LON1/LON2/DLON/H
  189  196  201  200  198  201  204  208  208  209  209  209  208  207  206  205
  204  202  201  199  198  196  194  192  190  188  185  183  180  178  175  173
  171  170  169  168  169  169  170  171  172  174  175  176  177  178  179  179
  180  180  180  180  180  180  180  180  180  180  180  179  179  180  180  181
  182  183  184  189  187  180  182  183  189                                   
    77.5-180.0 180.0   5.0 450.0                            LAT/LON1/LON2/DLON/H
  192  190  198  198  198  202  204  207  208  209  208  209  209  208  207  206
  205  204  203  202  201  199  198  196  194  192  189  186  183  180  177  175
  172  171  170  170  170  171  172  173  175  177  178  179  180  181  181  182
  182  182  182  182  181  181  180  180  179  179  178  178  178  178  178  178
  179  179  181  184  188  178  182  189  192                                   
    75.0-180.0 180.0   5.0 450.0                            LAT/LON1/LON2/DLON/H
  192  191  196  195  194  199  200  203  205  207  206  207  207  206  206  205
  205  204  204  203  203  202  201  200  198  196  194  191  188  185  182  179
  176  175  174  174  174  175  177  178  180  181  182  183  184  184  184  183
  183  182  182  181  180  180  179  179  179  178  178  178  178  178  179  180
  180  181  184  184  186  177  180  180  192                                   
    72.5-180.0 180.0   5.0 450.0                            LAT/LON1/LON2/DLON/H
  193  192  196  199  195  199  201  202  203  204  204  205  205  205  205  205
  205  205  205  205  205  205  205  204  203  201  199  196  192  189  186  183
  181  179  178  178  179  180  181  183  184  185  186  186  186  185  184  183
  182  181  180  179  178  178  178  178  179  179  180  181  181  182  183  184
  184  186  188  188  188  180  184  189  193                                   
    70.0-180.0 180.0   5.0 450.0                            LAT/LON1/LON2/DLON/H
  201  199  200  200  194  197  197  199  199  201  201  202  202  202  202  202
  202  202  203  203  204  204  204  204  203  201  199  196  193  190  187  184
  182  181  180  181  181  183  184  185  186  187  187  186  184  182  180  178
  176  175  173  173  172  173  173  174  176  178  180  182  184  186  189  191
  192  193  196  197  196  190  195  197  201                                   
    67.5-180.0 180.0   5.0 450.0                            LAT/LON1/LON2/DLON/H
  215  212  213  213  206  207  206  207  206  207  206  207  208  208  208  208
  209  209  209  210  210  210  210  210  208  206  204  201  199  196  193  191
  190  189  189  189  190  191  193  194  194  194  193  191  189  186  182  179
  177  175  173  172  172  173  175  177  180  183  187  191  195  199  202  206
  207  210  212  213  211  204  208  210  215                                   
    65.0-180.0 180.0   5.0 450.0                            LAT/LON1/LON2/DLON/H
  228  226  225  223  215  214  211  210  209  209  208  208  209  209  209  209
  210  210  210  210  210  209  208  207  206  204  202  199  197  195  194  192
  191  191  191  192  193  194  195  196  196  196  194  191  187  183  178  174
  171  168  166  166  166  167  169  173  177  181  187  192  198  204  209  214
  216  219  223  225  224  219  224  225  228                                   
    62.5-180.0 180.0   5.0 450.0                            LAT/LON1/LON2/DLON/H
  242  241  240  237  228  227  222  219  216  215  213  213  213  214  214  214
  214  214  213  212  211  210  208  206  204  203  201  199  198  197  196  196
  195  195  195  196  197  198  199  200  200  199  196  192  187  182  176  171
  167  164  162  161  162  163  166  169  174  180  186  193  200  207  214  219
  223  227  231  233  234  229  235  236  242                                   
    60.0-180.0 180.0   5.0 450.0                            LAT/LON1/LON2/DLON/H
  252  254  252  250  241  239  232  228  223  221  218  217  216  217  217  217
  217  216  215  213  211  209  206  204  202  200  199  199  199  199  199  199
  199  199  199  200  200  201  202  203  202  201  198  193  187  181  175  169
  164  160  158  156  156  158  160  163  168  174  180  188  196  204  211  218
  222  227  232  234  237  234  242  244  252                                   
    57.5-180.0 180.0   5.0 450.0                            LAT/LON1/LON2/DLON/H
  258  263  262  261  253  251  244  238  231  227  223  221  220  220  220  220
  220  218  216  214  211  208  205  202  201  200  200  201  202  203  204  205
  205  205  205  204  205  205  206  206  205  203  200  195  188  181  174  167
  162  157  154  153  152  153  154  157  161  166  172  179  187  195  204  211
  216  222  227  230  234  234  243  245  258                                   
    55.0-180.0 180.0   5.0 450.0                            LAT/LON1/LON2/DLON/H
  259  268  270  269  264  262  255  248  240  234  228  225  223  223  223  223
  223  221  218  214  211  208  205  203  203  203  204  206  208  210  211  212
  212  212  211  211  211  211  211  210  209  206  202  197  190  182  175  167
  161  156  153  150  149  148  149  150  152  156  161  167  175  183  192  200
  206  212  218  221  226  229  240  243  259                                   
    52.5-180.0 180.0   5.0 450.0                            LAT/LON1/LON2/DLON/H
  257  269  273  275  272  272  266  259  250  242  235  230  228  227  228  227
  226  223  220  216  213  210  208  207  208  209  211  214  216  218  219  220
  220  220  219  219  218  217  216  215  213  209  204  199  192  184  176  168
  161  156  151  148  146  144  143  143  144  146  149  155  162  170  180  189
  195  202  208  210  216  221  233  236  257                                   
    50.0-180.0 180.0   5.0 450.0                            LAT/LON1/LON2/DLON/H
  253  268  274  278  278  281  276  270  261  253  244  239  236  235  234  233
  231  228  224  220  217  215  215  215  216  219  221  223  225  226  227  228
  228  229  229  229  228  226  224  221  217  212  206  200  193  186  178  170
  163  156  151  147  144  141  139  138  137  138  140  144  151  160  170  180
  187  194  200  203  208  214  226  230  253                                   
    47.5-180.0 180.0   5.0 450.0                            LAT/LON1/LON2/DLON/H
  250  265  273  279  281  287  285  280  273  265  257  251  247  245  244  242
  240  235  231  228  225  224  225  226  228  231  233  234  234  234  234  235
  237  239  241  241  240  238  234  229  222  215  208  201  195  188  180  172
  165  158  151  146  142  139  136  134  133  132  134  137  144  153  164  175
  184  192  198  200  205  210  222  225  250                                   
    45.0-180.0 180.0   5.0 450.0                            LAT/LON1/LON2/DLON/H
  248  263  271  277  283  291  292  290  285  279  272  267  263  260  258  255
  251  246  242  238  237  237  238  240  243  245  245  245  243  241  241  242
  246  251  255  257  256  253  247  238  228  219  210  203  197  191  184  176
  168  160  153  146  141  137  134  132  131  130  131  135  142  151  164  177
  187  195  201  203  206  211  221  224  248                                   
    42.5-180.0 180.0   5.0 450.0                            LAT/LON1/LON2/DLON/H
  248  261  268  275  283  292  297  299  298  295  290  286  282  279  276  272
  267  261  256  253  252  253  255  257  259  260  259  256  252  249  248  252
  258  266  272  275  275  270  261  249  236  224  213  206  200  195  188  181
  172  163  155  147  141  136  133  131  131  131  133  137  144  155  169  183
  194  203  209  210  212  215  224  227  248                                   
    40.0-180.0 180.0   5.0 450.0                            LAT/LON1/LON2/DLON/H
  249  260  266  273  282  293  300  306  309  310  309  307  304  301  297  292
  286  279  274  271  270  271  273  275  276  276  274  269  264  260  260  265
  275  285  293  297  295  289  277  262  246  230  218  210  204  199  194  187
  178  168  158  149  142  137  134  133  133  134  137  142  150  161  176  191
  203  213  219  219  221  222  230  233  249                                   
    37.5-180.0 180.0   5.0 450.0                            LAT/LON1/LON2/DLON/H
  253  261  266  272  282  293  303  311  319  325  327  328  327  324  320  314
  307  300  295  292  291  291  293  294  295  294  291  286  280  276  278  285
  297  309  318  320  317  307  293  274  255  237  224  215  209  205  200  192
  183  172  162  152  144  139  136  135  136  138  142  148  157  169  184  200
  211  221  227  228  228  230  237  240  253                                   
    35.0-180.0 180.0   5.0 450.0                            LAT/LON1/LON2/DLON/H
  257  265  268  274  284  295  306  317  329  338  345  349  350  348  344  338
  331  324  318  315  313  312  313  313  314  315  313  309  303  300  303  312
  325  337  344  343  336  323  305  284  263  244  229  220  214  209  204  197
  188  177  166  156  147  142  138  138  139  142  147  153  163  175  190  205
  216  226  231  233  234  235  243  247  257                                   
    32.5-180.0 180.0   5.0 450.0                            LAT/LON1/LON2/DLON/H
  263  270  274  279  290  300  312  323  338  351  362  369  373  372  368  363
  356  349  344  339  336  334  333  334  336  338  339  337  334  332  336  346
  358  367  369  362  349  331  310  288  267  247  233  223  216  212  206  199
  190  180  169  159  151  145  142  141  143  146  150  157  166  178  192  206
  216  226  231  234  235  239  247  253  263                                   
    30.0-180.0 180.0   5.0 450.0                            LAT/LON1/LON2/DLON/H
  270  278  283  289  300  309  321  332  348  364  378  388  394  396  393  389
  383  376  370  364  359  355  354  355  359  365  369  371  370  370  375  383
  392  394  388  372  352  329  307  284  264  246  232  222  216  210  204  197
  189  180  171  162  155  149  146  145  145  148  152  158  166  177  190  202
  211  220  226  230  233  239  250  258  270                                   
    27.5-180.0 180.0   5.0 450.0                            LAT/LON1/LON2/DLON/H
  277  287  294  301  313  322  333  344  361  377  393  407  415  419  419  416
  411  405  397  389  382  377  375  377  384  393  401  407  409  410  413  418
  420  414  397  371  343  316  292  271  253  238  226  217  210  204  198  192
  185  177  170  163  157  152  149  147  147  148  151  156  163  172  183  194
  202  211  218  224  229  238  252  263  277                                   
    25.0-180.0 180.0   5.0 450.0                            LAT/LON1/LON2/DLON/H
  283  297  306  315  329  338  349  359  375  392  409  424  436  442  445  444
  440  434  425  415  405  399  396  400  408  421  433  441  444  444  445  444
  438  421  393  358  323  292  268  249  234  223  215  207  201  194  188  182
  177  171  166  161  157  153  150  147  146  146  148  151  156  164  173  183
  190  200  209  217  225  237  254  266  283                                   
    22.5-180.0 180.0   5.0 450.0                            LAT/LON1/LON2/DLON/H
  289  305  317  328  343  353  365  375  390  407  424  441  455  465  470  472
  470  463  453  441  430  421  418  422  432  446  459  467  469  467  463  455
  440  414  377  335  296  263  239  223  212  205  200  195  188  182  176  171
  166  162  159  156  153  151  148  146  144  143  143  144  148  153  161  170
  178  189  200  210  222  236  255  270  289                                   
    20.0-180.0 180.0   5.0 450.0                            LAT/LON1/LON2/DLON/H
  293  311  324  337  354  366  378  389  403  420  437  456  472  484  493  498
  498  492  481  468  454  444  441  444  454  466  477  482  481  474  464  451
  429  396  354  308  267  234  212  198  191  188  185  182  176  170  164  159
  156  153  151  149  148  146  144  142  140  138  136  136  138  142  148  156
  165  179  192  205  219  237  257  273  293                                   
    17.5-180.0 180.0   5.0 450.0                            LAT/LON1/LON2/DLON/H
  293  313  327  340  358  372  386  397  412  428  446  465  483  499  511  519
  522  518  508  493  479  467  462  464  470  479  485  484  477  466  452  433
  407  372  328  283  243  213  193  181  176  175  175  172  167  161  155  151
  148  145  143  142  141  140  139  137  134  131  129  128  128  131  136  144
  153  169  186  202  218  237  259  275  293                                   
    15.0-180.0 180.0   5.0 450.0                            LAT/LON1/LON2/DLON/H
  289  312  326  338  356  371  387  400  415  431  449  469  488  506  522  533
  539  537  529  516  501  488  481  479  481  483  482  475  463  447  429  409
  382  347  306  265  229  203  185  176  171  171  171  168  164  157  152  147
  144  141  138  135  134  133  131  129  126  123  121  119  119  120  124  132
  142  160  179  198  216  237  260  276  289                                   
    12.5-180.0 180.0   5.0 450.0                            LAT/LON1/LON2/DLON/H
  283  308  323  333  350  366  383  396  411  427  444  464  485  504  522  536
  545  548  543  531  517  504  494  488  485  480  472  459  442  423  404  383
  357  326  291  257  228  207  192  182  177  175  174  171  166  160  154  149
  145  140  135  131  128  126  123  121  118  115  112  110  110  111  114  121
  132  151  172  192  213  236  259  275  283                                   
    10.0-180.0 180.0   5.0 450.0                            LAT/LON1/LON2/DLON/H
  278  305  321  329  345  360  377  390  404  418  434  452  473  493  512  528
  541  547  546  538  525  511  500  490  482  471  458  440  420  400  381  362
  339  312  285  259  239  223  209  199  191  186  182  177  172  166  160  155
  149  141  134  128  123  119  116  112  109  106  103  102  102  103  106  112
  123  141  163  185  206  232  257  272  278                                   
     7.5-180.0 180.0   5.0 450.0                            LAT/LON1/LON2/DLON/H
  274  305  323  329  344  357  374  385  397  409  421  437  455  474  493  510
  524  534  537  532  521  508  496  485  473  460  443  424  403  384  365  347
