data/edconvlstm_nd/pred0890.15i
     1.0            IONOSPHERE MAPS     GNSS                IONEX VERSION / TYPE
pyspatialgeodesy        IME             05-JAN-18 20:20     PGM / RUN BY / DATE 
Map Name                                                    COMMENT             
Predicted global ionosphere maps (GIM).                     DESCRIPTION         
  2015     3    30     0     0     0                        EPOCH OF FIRST MAP  
  2015     3    31     0     0     0                        EPOCH OF LAST MAP   
  7200                                                      INTERVAL            
    13                                                      # OF MAPS IN FILE   
  NONE                                                      MAPPING FUNCTION    
10.0                                                        ELEVATION CUTOFF    
One-way carrier phase leveled to code                       OBSERVABLES USED    
  6371.0                                                    BASE RADIUS         
 2                                                          MAP DIMENSION       
   450.0 450.0   0.0                                        HGT1 / HGT2 / DHGT  
    87.5 -87.5  -2.5                                        LAT1 / LAT2 / DLAT  
  -180.0 180.0   5.0                                        LON1 / LON2 / DLON  
    -1                                                      EXPONENT            
                                                            END OF HEADER       
[from data line 2574]
     7                                                      START OF TEC MAP    
  2015     3    30    12     0     0                        EPOCH OF CURRENT MAP
    87.5-180.0 180.0   5.0 450.0                            LAT/LON1/LON2/DLON/H
  132  135  134  139  144  146  147  146  149  151  151  151  151  151  150  150
  149  148  147  146  145  144  143  142  141  141  140  139  138  138  137  136
  135  133  132  130  129  127  125  123  121  119  117  115  113  112  110  109
  108  107  106  106  106  106  106  107  107  108  109  110  111  112  112  114
  115  118  118  118  125  122  130  133  132                                   
    85.0-180.0 180.0   5.0 450.0                            LAT/LON1/LON2/DLON/H
  129  134  146  142  146  152  154  157  159  161  161  162  161  160  159  158
  156  155  153  151  150  149  147  146  145  145  144  143  142  141  141  140
  139  137  136  134  132  130  128  126  123  121  118  116  113  111  109  107
  106  105  104  104  103  104  104  105  106  107  108  109  110  111  112  113
  116  118  116  116  118  117  121  124  129                                   
    82.5-180.0 180.0   5.0 450.0                            LAT/LON1/LON2/DLON/H
  110  129  133  133  138  147  152  156  159  161  162  162  160  159  156  154
  151  148  146  144  142  141  140  139  139  139  139  139  140  140  140  140
  140  139  138  137  135  133  130  127  124  120  116  111  107  103   99   96
   93   91   90   89   89   89   89   90   91   92   92   93   94   95   95   96
   98   99   98  101  103  110  106  101  110                                   
    80.0-180.0 180.0   5.0 450.0                            LAT/LON1/LON2/DLON/H
   96  111  118  122  128  135  141  147  151  152  152  151  148  145  141  137
  133  129  126  124  122  121  120  120  121  122  123  125  127  129  131  132
  134  135  135  135  134  133  130  127  124  119  114  109  104   98   93   89
   86   84   82   82   82   83   84   85   87   88   89   89   89   89   88   88
   88   87   86   86   86   92   94   90   96                                   
    77.5-180.0 180.0   5.0 450.0                            LAT/LON1/LON2/DLON/H
   91  102  109  113  121  129  135  142  146  147  145  143  139  134  129  123
  119  114  111  109  108  107  108  110  112  115  118  122  126  131  135  139
  143  146  149  151  152  153  152  150  147  142  136  130  123  116  109  103
   99   96   94   94   95   96   98   99  101  102  102  102  100   98   96   93
   90   87   82   82   82   82   85   86   91                                   
    75.0-180.0 180.0   5.0 450.0                            LAT/LON1/LON2/DLON/H
   81   94   97  104  113  123  129  134  138  138  135  131  126  119  113  107
  102   98   96   95   95   96   99  102  106  110  116  121  127  133  140  146
  152  157  162  166  170  172  174  174  172  169  163  157  149  141  134  127
  121  118  116  116  117  119  121  123  125  126  125  124  121  117  113  108
  102   96   89   82   81   80   82   77   81                                   
    72.5-180.0 180.0   5.0 450.0                            LAT/LON1/LON2/DLON/H
   77   89   93  101  110  121  128  133  136  135  131  126  119  112  105   99
   95   93   92   93   95   99  103  108  114  120  127  134  141  149  157  165
  172  180  186  193  198  203  207  210  210  209  205  199  191  183  174  165
  158  153  151  150  151  153  154  156  156  156  155  152  148  143  137  130
  121  113  103   93   88   85   85   82   77                                   
    70.0-180.0 180.0   5.0 450.0                            LAT/LON1/LON2/DLON/H
   79   87   92  100  108  118  126  130  132  131  126  120  112  105   98   93
   90   90   92   95  100  106  113  119  127  134  142  151  159  168  177  186
  194  202  210  217  224  230  236  240  244  245  243  239  232  223  213  204
  195  189  184  182  182  182  182  182  181  178  175  171  167  161  154  147
  137  127  116  103   96   91   92   88   79                                   
    67.5-180.0 180.0   5.0 450.0                            LAT/LON1/LON2/DLON/H
   80   88   93  100  108  119  126  130  131  130  124  118  110  103   97   94
   93   95   99  105  111  119  127  135  144  152  161  170  179  189  199  208
  217  225  232  239  245  251  257  263  268  272  273  271  266  259  248  238
  227  219  212  208  205  203  200  198  194  190  185  180  175  170  164  158
  149  139  128  114  104   97   96   93   80                                   
    65.0-180.0 180.0   5.0 450.0                            LAT/LON1/LON2/DLON/H
   82   87   91   97  104  114  121  125  127  126  122  116  109  103   98   97
   98  101  107  114  123  131  140  149  158  167  177  187  198  209  220  231
  241  249  256  260  264  269  274  279  286  292  296  298  296  289  279  267
  254  243  233  225  219  213  208  202  195  189  183  178  173  168  164  159
  152  144  133  121  111  103  102  100   82                                   
    62.5-180.0 180.0   5.0 450.0                            LAT/LON1/LON2/DLON/H
   82   85   87   91   96  105  112  116  119  119  116  112  107  103  101  101
  103  108  114  121  129  138  147  156  165  175  185  197  209  223  238  251
  263  272  277  279  280  280  282  287  294  302  310  315  315  310  301  287
  272  258  244  233  224  215  207  199  191  183  176  171  166  163  159  156
  150  143  135  123  113  104  102  102   82                                   
    60.0-180.0 180.0   5.0 450.0                            LAT/LON1/LON2/DLON/H
   83   81   81   82   84   91   98  102  106  107  107  105  103  101  101  103
  106  111  116  122  129  136  144  153  163  173  185  198  213  231  250  268
  283  294  299  299  295  291  289  292  298  308  318  327  330  328  319  305
  288  270  254  240  228  218  208  199  190  182  175  169  165  162  159  155
  150  143  135  124  115  105  102  101   83                                   
    57.5-180.0 180.0   5.0 450.0                            LAT/LON1/LON2/DLON/H
   86   80   76   74   74   78   83   87   91   93   95   95   96   97   99  102
  106  110  114  118  122  128  135  144  154  165  178  193  211  234  258  282
  303  318  325  323  316  307  301  299  305  315  327  339  345  345  337  323
  306  287  269  254  241  230  220  210  202  194  187  182  177  173  169  164
  157  149  141  130  121  109  105  103   86                                   
    55.0-180.0 180.0   5.0 450.0                            LAT/LON1/LON2/DLON/H
   95   84   78   71   68   69   73   75   78   81   83   85   87   90   95   99
  104  107  110  111  114  118  125  133  144  155  169  185  207  233  263  294
  322  343  353  352  343  330  319  315  317  327  340  354  363  365  359  346
  329  310  292  277  264  253  243  234  226  219  213  208  203  197  191  183
  174  164  154  143  133  120  114  109   95                                   
    52.5-180.0 180.0   5.0 450.0                            LAT/LON1/LON2/DLON/H
  109   96   88   77   72   70   71   71   73   74   75   77   80   84   90   96
  101  104  106  107  108  112  118  127  137  149  163  180  202  232  267  305
  340  368  383  386  377  362  348  340  340  347  360  373  383  387  384  373
  357  339  322  307  294  284  275  267  259  253  248  242  237  230  221  210
  198  185  173  162  151  139  130  122  109                                   
    50.0-180.0 180.0   5.0 450.0                            LAT/LON1/LON2/DLON/H
  129  116  106   93   85   81   79   76   76   76   75   75   77   80   86   93
   99  104  106  107  108  112  119  128  139  150  163  179  202  233  271  314
  355  390  412  420  415  401  386  375  372  376  386  397  407  411  409  400
  386  369  353  339  327  317  308  300  292  286  281  276  270  262  251  238
  223  209  194  184  173  163  152  143  129                                   
    47.5-180.0 180.0   5.0 450.0                            LAT/LON1/LON2/DLON/H
  152  140  130  116  106  100   97   91   88   85   82   80   79   81   86   93
  100  106  110  112  115  120  128  138  149  160  171  185  205  235  274  319
  365  405  435  450  451  442  429  418  411  411  415  422  429  432  431  423
  411  396  381  367  355  344  333  323  315  307  302  297  291  283  272  258
  242  228  213  204  193  187  175  166  152                                   
    45.0-180.0 180.0   5.0 450.0                            LAT/LON1/LON2/DLON/H
  171  164  156  142  132  125  120  113  107  101   95   90   86   86   90   97
  105  112  118  122  127  134  143  154  165  175  184  195  212  239  276  321
  368  412  448  472  482  481  473  463  454  449  446  447  449  450  447  440
  429  415  401  387  373  359  346  332  320  310  303  298  293  286  276  264
  249  237  222  216  208  205  195  186  171                                   
    42.5-180.0 180.0   5.0 450.0                            LAT/LON1/LON2/DLON/H
  182  182  177  166  156  150  144  136  128  121  112  104   98   96   98  103
  112  120  129  136  143  151  161  171  182  191  199  208  221  244  277  319
  366  412  453  484  505  515  516  509  499  489  480  473  468  465  460  453
  443  430  415  400  384  367  348  329  311  297  287  280  276  270  264  254
  242  232  220  216  211  211  205  197  182                                   
    40.0-180.0 180.0   5.0 450.0                            LAT/LON1/LON2/DLON/H
  182  188  187  179  174  167  163  155  146  138  129  120  112  107  107  112
  120  130  140  150  159  168  177  187  197  205  212  219  230  250  280  318
  362  408  453  492  524  546  557  556  547  533  518  504  493  484  477  468
  458  445  430  414  396  374  351  325  302  282  267  258  252  247  242  235
  226  218  208  205  202  205  203  195  182                                   
    37.5-180.0 180.0   5.0 450.0                            LAT/LON1/LON2/DLON/H
  172  182  184  179  178  173  171  165  157  150  141  133  125  119  118  121
  129  139  151  163  173  182  190  198  207  214  222  229  240  258  285  321
  363  408  455  501  544  578  599  606  600  584  564  545  528  515  504  494
  484  471  456  439  419  395  367  337  308  283  263  250  241  234  228  221
  212  204  196  191  189  191  192  182  172                                   
    35.0-180.0 180.0   5.0 450.0                            LAT/LON1/LON2/DLON/H
  159  171  172  169  171  166  167  163  158  154  148  142  135  129  127  129
  136  147  160  173  185  193  199  205  212  220  229  239  252  271  297  331
  371  417  467  518  570  614  646  661  658  644  623  600  580  563  550  538
  527  515  501  484  464  440  410  377  344  314  290  272  257  246  236  227
  216  205  194  186  181  178  180  167  159                                   
    32.5-180.0 180.0   5.0 450.0                            LAT/LON1/LON2/DLON/H
  149  160  158  155  157  152  154  151  150  149  147  145  141  137  134  136
  142  153  167  182  194  201  206  210  217  226  238  251  268  289  317  352
  392  439  490  547  605  657  697  718  721  711  692  671  651  632  617  604
  593  581  569  555  537  514  485  452  417  385  357  333  312  294  278  263
  247  231  215  199  188  177  177  158  149                                   
    30.0-180.0 180.0   5.0 450.0                            LAT/LON1/LON2/DLON/H
  149  156  148  144  146  138  140  138  139  141  142  144  143  141  139  140
  145  157  172  189  202  210  214  218  225  236  251  269  290  316  347  384
  426  474  527  586  647  704  747  774  783  779  768  752  735  719  703  690
  679  670  661  651  637  618  592  561  528  495  464  435  407  380  356  333
  310  288  263  237  218  196  188  161  149                                   
    27.5-180.0 180.0   5.0 450.0                            LAT/LON1/LON2/DLON/H
  163  165  149  143  142  133  133  131  131  134  138  141  142  142  141  141
  146  158  176  195  211  220  226  231  239  253  271  293  319  349  384  425
  470  520  575  635  694  749  792  821  835  839  837  831  822  810  797  785
  776  770  765  760  752  738  719  693  663  631  599  565  530  494  461  428
  397  368  333  297  268  236  216  179  163                                   
    25.0-180.0 180.0   5.0 450.0                            LAT/LON1/LON2/DLON/H
  193  190  166  155  151  139  136  132  131  133  137  140  142  142  141  141
  146  158  177  200  219  233  242  250  261  277  298  324  353  387  426  471
  520  574  630  687  740  787  825  853  871  883  890  895  895  890  881  871
  864  861  860  860  857  850  836  817  792  763  731  694  654  610  568  528
  489  456  413  368  331  291  259  211  193                                   
    22.5-180.0 180.0   5.0 450.0                            LAT/LON1/LON2/DLON/H
  237  227  199  179  171  157  149  142  138  139  140  142  143  142  141  140
  144  156  177  204  228  247  261  273  288  306  330  358  390  427  470  519
  573  630  685  735  778  814  844  869  889  907  922  935  943  944  939  932
  927  926  928  930  930  926  917  901  880  855  824  788  746  700  654  608
  566  532  486  439  396  352  311  254  237                                   
    20.0-180.0 180.0   5.0 450.0                            LAT/LON1/LON2/DLON/H
  288  269  239  211  197  181  170  159  152  149  146  146  144  143  140  139
  141  154  176  206  236  261  280  297  314  336  362  393  428  468  514  566
  623  679  729  769  801  826  849  869  891  912  934  953  965  969  966  961
  957  956  957  959  959  955  945  930  909  884  856  824  787  745  701  656
  615  582  540  494  451  406  361  302  288                                   
    17.5-180.0 180.0   5.0 450.0                            LAT/LON1/LON2/DLON/H
  335  308  280  245  224  207  193  179  169  161  155  150  147  144  140  137
  139  150  174  207  241  271  295  315  337  362  392  427  465  507  554  607
  661  711  753  784  806  824  841  860  882  906  930  950  964  968  965  959
  954  951  949  948  945  938  924  904  879  853  827  800  771  738  704  666
  631  602  567  525  487  443  397  345  335                                   
    15.0-180.0 180.0   5.0 450.0                            LAT/LON1/LON2/DLON/H
  366  332  309  273  248  229  214  198  185  174  164  155  149  144  140  136
  136  147  171  205  243  276  303  327  353  383  418  457  499  541  586  634
  682  725  759  783  800  813  828  847  869  893  917  936  947  949  943  935
  927  921  915  909  902  889  869  841  810  780  754  732  713  692  670  643
  616  593  567  531  499  460  413  373  366                                   
    12.5-180.0 180.0   5.0 450.0                            LAT/LON1/LON2/DLON/H
  377  340  322  288  260  241  227  211  197  183  171  161  152  146  140  135
  135  144  168  203  242  277  307  333  363  398  439  484  527  569  610  651
  692  728  756  776  791  805  821  840  862  884  904  919  925  923  915  904
  892  881  871  860  848  831  805  771  733  698  671  654  642  631  618  601
  581  563  544  514  488  456  412  382  377                                   
    10.0-180.0 180.0   5.0 450.0                            LAT/LON1/LON2/DLON/H
  375  338  323  291  263  241  228  213  201  188  176  165  156  149  142  136
  135  144  167  201  241  277  308  337  371  411  458  507  553  594  632  667
  701  732  757  775  790  806  825  846  866  885  899  907  908  902  891  878
  864  849  836  823  809  789  760  721  679  641  613  597  589  583  574  558
  541  524  508  483  463  437  399  377  375                                   
     7.5-180.0 180.0   5.0 450.0                            LAT/LON1/LON2/DLON/H
  365  331  316  287  258  236  222  209  198  188  178  168  160  153  146  140
  138  146  169  203  242  279  312  343  381  426  478  531  579  620  655  687
