data/edconvlstm_nd/pred0660.15i
     1.0            IONOSPHERE MAPS     GNSS                IONEX VERSION / TYPE
pyspatialgeodesy        IME             05-JAN-18 20:20     PGM / RUN BY / DATE 
Map Name                                                    COMMENT             
Predicted global ionosphere maps (GIM).                     DESCRIPTION         
  2015     3     7     0     0     0                        EPOCH OF FIRST MAP  
  2015     3     8     0     0     0                        EPOCH OF LAST MAP   
  7200                                                      INTERVAL            
    13                                                      # OF MAPS IN FILE   
  NONE                                                      MAPPING FUNCTION    
10.0                                                        ELEVATION CUTOFF    
One-way carrier phase leveled to code                       OBSERVABLES USED    
  6371.0                                                    BASE RADIUS         
 2                                                          MAP DIMENSION       
   450.0 450.0   0.0                                        HGT1 / HGT2 / DHGT  
    87.5 -87.5  -2.5                                        LAT1 / LAT2 / DLAT  
  -180.0 180.0   5.0                                        LON1 / LON2 / DLON  
    -1                                                      EXPONENT            
                                                            END OF HEADER       
[from data line 3432]
     9                                                      START OF TEC MAP    
  2015     3     7    16     0     0                        EPOCH OF CURRENT MAP
    87.5-180.0 180.0   5.0 450.0                            LAT/LON1/LON2/DLON/H
  147  151  147  157  162  164  165  166  169  172  173  175  176  178  179  180
  181  182  182  183  183  182  182  181  181  179  178  177  175  174  172  170
  168  166  164  162  160  158  156  154  152  150  148  147  145  144  143  142
  141  140  140  139  139  138  138  138  138  138  138  138  139  139  139  140
  141  142  142  141  149  147  153  151  147                                   
    85.0-180.0 180.0   5.0 450.0                            LAT/LON1/LON2/DLON/H
  139  146  159  155  158  165  168  173  175  179  180  183  185  187  188  190
  191  192  193  193  193  193  193  192  191  190  188  187  185  183  180  178
  175  173  170  167  165  162  159  156  154  151  149  147  146  144  143  142
  142  141  140  140  140  140  139  139  139  139  139  139  140  140  140  141
  143  144  142  141  142  141  142  144  139                                   
    82.5-180.0 180.0   5.0 450.0                            LAT/LON1/LON2/DLON/H
  115  128  134  135  141  149  156  161  165  169  173  177  180  183  186  189
  192  194  195  197  197  198  198  198  197  195  194  192  190  187  184  181
  177  174  170  165  161  157  152  148  144  140  136  133  131  128  127  125
  124  124  123  123  122  122  122  121  121  121  120  120  120  120  119  120
  120  121  120  121  121  128  121  119  115                                   
    80.0-180.0 180.0   5.0 450.0                            LAT/LON1/LON2/DLON/H
   95  105  114  116  122  128  136  145  151  157  162  168  172  177  181  185
  188  191  193  195  196  197  197  197  196  194  192  190  188  185  182  178
  174  170  165  160  154  148  142  137  131  126  122  119  116  114  113  112
  112  112  112  112  113  113  113  113  112  112  111  110  109  108  107  107
  107  107  105  105  100  101   98  100   95                                   
    77.5-180.0 180.0   5.0 450.0                            LAT/LON1/LON2/DLON/H
   87   88   94   95  102  109  116  124  131  138  144  151  157  164  169  175
  180  184  188  191  194  195  196  197  197  196  195  193  191  189  187  183
  180  175  170  164  158  150  143  136  129  123  117  113  110  108  107  106
  106  106  107  107  108  108  108  108  107  106  105  104  102  100   98   96
   95   93   91   91   89   85   84   89   87                                   
    75.0-180.0 180.0   5.0 450.0                            LAT/LON1/LON2/DLON/H
   74   77   79   81   87   94  100  107  115  123  130  138  146  153  160  167
  173  179  185  190  194  197  200  201  201  201  200  199  198  197  196  193
  191  187  182  176  169  161  152  143  135  128  122  117  114  112  110  110
  110  110  110  111  111  111  111  111  110  109  108  106  104  102   99   97
   94   92   90   86   85   80   79   72   74                                   
    72.5-180.0 180.0   5.0 450.0                            LAT/LON1/LON2/DLON/H
   69   70   70   74   76   84   90   97  104  112  120  129  137  146  154  162
  170  179  187  194  201  206  210  212  213  213  212  211  210  210  209  208
  207  204  200  194  186  178  168  159  149  141  134  129  124  121  119  117
  116  115  114  114  113  112  112  111  110  109  108  106  104  102  100   97
   94   91   89   85   84   80   79   77   69                                   
    70.0-180.0 180.0   5.0 450.0                            LAT/LON1/LON2/DLON/H
   68   68   68   71   73   80   84   91   99  107  116  125  134  143  152  161
  171  181  192  202  211  218  223  226  227  227  226  225  224  224  224  224
  223  221  217  212  204  195  185  175  165  156  149  143  137  133  129  126
  122  119  116  113  111  109  107  106  105  104  103  102  101   99   98   96
   94   91   90   87   86   83   84   81   68                                   
    67.5-180.0 180.0   5.0 450.0                            LAT/LON1/LON2/DLON/H
   69   70   69   73   75   82   87   94  101  111  120  130  140  150  159  170
  181  192  204  216  227  236  242  246  247  246  244  242  240  239  239  239
  239  237  234  228  221  212  202  192  182  174  166  159  153  147  141  135
  128  121  115  109  104  100   97   96   95   94   94   94   94   93   92   92
   91   90   90   87   86   85   85   84   69                                   
    65.0-180.0 180.0   5.0 450.0                            LAT/LON1/LON2/DLON/H
   66   67   66   72   74   81   86   94  102  112  122  134  144  155  166  177
  188  201  214  228  241  251  258  262  263  261  259  255  253  252  252  252
  252  250  246  240  233  223  214  204  195  187  180  172  165  156  147  137
  127  116  106   97   89   83   80   77   76   76   77   77   78   78   78   79
   79   80   82   80   82   83   84   84   66                                   
    62.5-180.0 180.0   5.0 450.0                            LAT/LON1/LON2/DLON/H
   60   61   61   67   71   78   84   92  102  113  125  138  150  162  174  185
  198  211  225  239  252  263  271  275  275  273  269  266  263  262  262  262
  261  259  254  247  239  230  220  211  203  196  189  181  172  161  149  135
  121  107   94   83   74   67   62   60   59   59   60   61   61   62   62   63
   63   65   69   68   71   73   74   77   60                                   
    60.0-180.0 180.0   5.0 450.0                            LAT/LON1/LON2/DLON/H
   52   52   52   59   63   71   78   86   97  110  123  138  152  166  179  191
  204  217  232  246  260  271  278  282  282  279  276  273  271  271  271  271
  270  267  261  253  244  234  225  217  210  203  197  188  178  164  149  133
  116  100   86   73   64   57   52   50   49   49   49   50   49   49   48   48
   49   51   54   55   60   61   63   68   52                                   
    57.5-180.0 180.0   5.0 450.0                            LAT/LON1/LON2/DLON/H
   45   45   45   52   56   63   70   79   90  103  119  135  151  167  181  195
  208  223  237  252  265  275  282  285  285  283  281  280  280  281  283  283
  281  277  269  260  249  239  230  223  217  211  205  195  183  168  151  133
  116  100   86   75   66   59   55   52   51   50   50   49   47   45   43   42
   41   42   46   47   52   53   55   60   45                                   
    55.0-180.0 180.0   5.0 450.0                            LAT/LON1/LON2/DLON/H
   43   42   42   48   52   58   65   72   83   97  113  131  149  166  182  197
  212  227  243  258  270  280  286  288  289  288  288  289  291  294  297  298
  295  289  280  269  258  247  239  232  226  221  214  204  190  174  157  139
  123  109   97   88   81   75   71   69   67   65   63   60   57   53   49   46
   44   44   47   48   53   53   54   58   43                                   
    52.5-180.0 180.0   5.0 450.0                            LAT/LON1/LON2/DLON/H
   48   47   46   51   55   60   65   71   81   94  110  128  147  165  183  199
  216  234  250  266  278  287  292  295  296  297  299  302  306  311  314  315
  311  304  294  282  270  259  250  243  237  231  223  213  199  183  166  150
  137  126  118  112  107  102   99   96   92   89   85   81   76   71   66   61
   57   56   58   59   64   64   63   64   48                                   
    50.0-180.0 180.0   5.0 450.0                            LAT/LON1/LON2/DLON/H
   61   60   58   61   64   69   73   78   86   99  114  132  151  169  187  205
  224  243  262  277  290  299  304  307  309  312  315  320  325  329  332  332
  328  320  309  297  285  274  265  257  250  242  233  222  207  192  177  164
  154  148  143  140  136  133  129  125  120  116  111  105  100   94   89   84
   78   77   77   79   83   83   81   79   61                                   
    47.5-180.0 180.0   5.0 450.0                            LAT/LON1/LON2/DLON/H
   79   79   76   78   80   85   89   92  101  113  128  146  164  181  199  217
  237  257  277  293  306  315  321  325  328  332  335  340  344  347  348  346
  341  333  323  312  301  291  281  271  262  252  241  228  214  199  187  177
  170  167  164  162  159  155  150  145  140  135  129  124  120  115  111  106
  101   99   99  101  106  107  106  100   79                                   
    45.0-180.0 180.0   5.0 450.0                            LAT/LON1/LON2/DLON/H
  100  100   96   97   99  104  108  112  122  137  153  171  188  203  218  235
  255  275  295  311  324  334  340  346  350  354  357  359  359  359  357  353
  348  341  333  325  316  307  296  285  273  260  246  232  218  204  193  185
  180  177  174  170  165  160  154  148  143  139  135  131  129  127  125  123
  118  117  117  120  126  129  129  123  100                                   
    42.5-180.0 180.0   5.0 450.0                            LAT/LON1/LON2/DLON/H
  115  117  112  114  117  121  127  134  147  166  185  205  221  234  247  261
  278  296  314  330  343  352  360  366  372  375  376  373  369  363  358  353
  348  344  341  337  332  324  313  299  283  267  250  234  219  205  195  187
  181  176  170  163  154  146  139  134  131  128  126  125  125  126  128  128
  125  125  125  130  137  142  144  139  115                                   
    40.0-180.0 180.0   5.0 450.0                            LAT/LON1/LON2/DLON/H
  122  125  120  124  128  132  142  153  171  195  220  242  259  271  281  291
  304  319  334  348  359  368  377  384  389  391  388  382  372  363  356  351
  349  349  351  352  350  344  332  315  296  276  256  238  221  207  196  186
  178  169  158  145  133  123  115  112  110  111  111  112  114  118  121  124
  123  123  124  127  134  142  145  143  122                                   
    37.5-180.0 180.0   5.0 450.0                            LAT/LON1/LON2/DLON/H
  119  122  119  124  130  134  147  164  189  219  250  277  297  309  317  324
  333  343  354  364  373  381  389  396  400  401  395  385  374  364  358  356
  359  364  371  376  377  371  358  339  316  292  270  249  230  215  201  190
  178  164  148  131  115  102   95   93   95   98  100  103  106  109  114  117
  117  117  116  117  123  130  133  133  119                                   
    35.0-180.0 180.0   5.0 450.0                            LAT/LON1/LON2/DLON/H
  109  112  110  116  122  126  143  164  196  234  272  305  329  343  351  357
  362  368  374  380  386  391  397  403  406  406  400  391  380  374  373  378
  387  397  408  415  417  411  396  373  347  320  295  272  251  233  218  204
  190  173  153  132  114  101   94   93   97  102  105  108  110  112  115  118
  116  115  112  109  111  114  116  117  109                                   
    32.5-180.0 180.0   5.0 450.0                            LAT/LON1/LON2/DLON/H
   98   99   96  102  108  111  130  155  193  238  283  322  351  370  380  385
  388  391  393  396  398  401  404  408  411  412  408  403  399  400  408  422
  438  453  466  473  474  465  447  422  393  363  336  310  287  267  251  237
  222  205  184  162  142  129  122  122  127  132  135  136  135  134  135  135
  131  127  120  111  107  104  103  103   98                                   
    30.0-180.0 180.0   5.0 450.0                            LAT/LON1/LON2/DLON/H
   91   90   85   89   92   94  114  141  182  232  283  328  362  386  400  407
  410  412  412  412  412  412  412  415  418  421  423  425  432  445  466  491
  514  533  545  549  545  532  511  483  453  422  392  364  338  318  302  290
  279  264  246  226  207  193  186  186  189  193  194  191  186  180  176  172
  166  159  147  131  120  109  100   94   91                                   
    27.5-180.0 180.0   5.0 450.0                            LAT/LON1/LON2/DLON/H
   93   89   79   82   81   82  101  126  168  221  275  324  363  391  410  421
  427  429  431  431  429  427  425  426  429  436  445  459  480  509  546  582
  613  632  639  636  625  606  581  552  522  490  459  429  403  382  368  361
  356  350  338  323  307  294  286  282  282  281  278  270  259  247  237  229
  219  210  192  171  151  128  111   96   93                                   
    25.0-180.0 180.0   5.0 450.0                            LAT/LON1/LON2/DLON/H
  106   99   82   83   80   78   95  118  158  208  263  313  355  388  412  427
  438  444  449  451  450  446  442  441  445  456  475  503  541  589  640  687
  719  735  733  720  699  674  646  618  589  559  528  498  470  448  438  437
  443  448  447  440  429  417  406  397  390  384  375  362  345  326  309  295
  282  271  249  224  194  160  135  110  106                                   
    22.5-180.0 180.0   5.0 450.0                            LAT/LON1/LON2/DLON/H
  128  118   95   94   87   84   98  118  153  200  251  301  344  380  408  429
  445  457  467  473  474  469  463  461  466  483  512  555  611  674  735  785
  815  822  808  783  753  724  696  669  643  616  587  556  526  505  496  502
  518  535  546  549  543  531  516  501  487  475  462  447  426  403  382  362
  346  332  307  281  242  198  169  136  128                                   
    20.0-180.0 180.0   5.0 450.0                            LAT/LON1/LON2/DLON/H
  155  142  115  110  100   97  108  125  155  196  243  290  334  372  404  431
  453  471  486  496  499  495  487  483  491  515  556  613  680  750  814  860
  880  875  850  815  781  751  726  703  681  657  629  597  564  539  530  539
  561  587  608  617  616  604  586  565  546  529  515  501  482  459  437  416
  398  384  358  331  287  235  203  168  155                                   
    17.5-180.0 180.0   5.0 450.0                            LAT/LON1/LON2/DLON/H
  178  164  137  128  116  113  123  137  163  199  240  284  327  367  403  435
  463  487  508  522  526  521  512  509  521  552  603  667  738  808  863  896
  904  887  856  819  786  759  738  720  703  682  655  620  582  551  537  544
  567  595  619  632  633  622  603  580  557  539  526  514  500  482  463  443
  426  413  388  363  317  263  230  196  178                                   
    15.0-180.0 180.0   5.0 450.0                            LAT/LON1/LON2/DLON/H
  194  177  152  141  129  127  138  151  176  208  245  285  327  369  408  445
  478  507  532  548  552  547  538  538  554  592  647  713  780  836  875  893
  889  868  836  804  776  755  740  728  715  697  669  630  585  546  524  523
  539  563  585  598  599  591  574  552  531  515  504  495  486  473  458  441
  426  414  393  369  327  276  241  211  194                                   
    12.5-180.0 180.0   5.0 450.0                            LAT/LON1/LON2/DLON/H
  197  177  158  148  136  137  150  166  191  221  256  295  336  378  420  461
  498  531  557  573  577  572  565  569  591  632  688  748  801  838  859  864
  855  834  808  783  763  749  740  732  722  705  676  634  582  533  500  487
  493  508  523  533  535  530  519  503  487  474  465  459  453  443  431  416
  402  390  372  351  315  270  235  210  197                                   
    10.0-180.0 180.0   5.0 450.0                            LAT/LON1/LON2/DLON/H
  192  170  155  148  139  142  158  178  205  238  273  311  352  395  440  483
  522  556  581  597  601  596  593  601  628  671  723  771  805  825  832  829
  820  804  786  769  756  748  743  738  729  712  682  636  578  521  478  453
  446  450  457  463  466  467  463  456  447  437  430  423  417  407  395  378
  363  351  335  316  287  250  216  197  192                                   
     7.5-180.0 180.0   5.0 450.0                            LAT/LON1/LON2/DLON/H
  182  159  147  144  138  143  163  187  218  254  292  332  374  418  463  507
  547  580  605  618  622  621  623  636  666  707  750  784  804  810  809  804
