data/edconvlstm_nd/pred3240.15i
     1.0            IONOSPHERE MAPS     GNSS                IONEX VERSION / TYPE
pyspatialgeodesy        IME             05-JAN-18 20:20     PGM / RUN BY / DATE 
Map Name                                                    COMMENT             
Predicted global ionosphere maps (GIM).                     DESCRIPTION         
  2015    11    20     0     0     0                        EPOCH OF FIRST MAP  
  2015    11    21     0     0     0                        EPOCH OF LAST MAP   
  7200                                                      INTERVAL            
    13                                                      # OF MAPS IN FILE   
  NONE                                                      MAPPING FUNCTION    
10.0                                                        ELEVATION CUTOFF    
One-way carrier phase leveled to code                       OBSERVABLES USED    
  6371.0                                                    BASE RADIUS         
 2                                                          MAP DIMENSION       
   450.0 450.0   0.0                                        HGT1 / HGT2 / DHGT  
    87.5 -87.5  -2.5                                        LAT1 / LAT2 / DLAT  
  -180.0 180.0   5.0                                        LON1 / LON2 / DLON  
    -1                                                      EXPONENT            
                                                            END OF HEADER       
[from data line 2574]
     7                                                      START OF TEC MAP    
  2015    11    20    12     0     0                        EPOCH OF CURRENT MAP
    87.5-180.0 180.0   5.0 450.0                            LAT/LON1/LON2/DLON/H
   44   57   59   60   62   62   62   58   58   60   60   60   60   61   61   61
   61   61   62   62   62   62   63   63   63   63   63   63   63   62   62   61
   61   60   59   57   56   55   53   52   51   49   48   47   47   46   46   46
   46   46   46   46   47   47   47   48   48   49   49   49   49   50   50   51
   52   53   51   48   52   53   67   72   44                                   
    85.0-180.0 180.0   5.0 450.0                            LAT/LON1/LON2/DLON/H
   46   64   75   62   63   67   66   66   66   68   67   68   68   68   68   68
   68   69   69   69   70   70   70   71   71   71   71   71   71   71   70   70
   69   67   66   65   63   61   59   58   56   55   53   52   51   51   50   50
   50   51   51   52   52   53   54   55   55   56   57   57   58   58   59   60
   61   61   57   54   57   60   67   64   46                                   
    82.5-180.0 180.0   5.0 450.0                            LAT/LON1/LON2/DLON/H
   38   55   66   57   57   59   60   60   60   61   61   61   61   61   61   61
   61   61   62   62   63   63   64   65   66   67   67   68   69   69   69   69
   68   66   65   63   61   59   56   54   51   49   48   46   45   44   44   43
   44   44   45   46   47   48   49   50   51   52   53   53   54   54   54   54
   56   56   53   50   55   61   57   55   38                                   
    80.0-180.0 180.0   5.0 450.0                            LAT/LON1/LON2/DLON/H
   37   45   59   52   52   51   53   53   53   53   52   53   52   52   51   51
   52   52   53   54   55   56   57   59   61   62   64   66   68   69   70   70
   69   68   67   64   62   59   56   53   51   48   46   44   42   41   40   40
   41   42   43   44   46   47   49   51   52   53   54   54   54   54   53   53
   53   52   50   49   50   56   54   57   37                                   
    77.5-180.0 180.0   5.0 450.0                            LAT/LON1/LON2/DLON/H
   46   48   52   47   47   48   49   49   49   48   47   47   46   45   45   45
   45   46   47   48   50   52   54   57   60   63   66   68   71   73   75   76
   76   76   75   73   70   67   64   60   57   54   51   48   46   45   44   44
   45   46   48   50   53   55   57   59   61   62   63   62   62   60   59   57
   55   53   50   49   47   45   46   52   46                                   
    75.0-180.0 180.0   5.0 450.0                            LAT/LON1/LON2/DLON/H
   40   43   45   44   43   44   44   43   43   43   40   40   39   39   39   40
   41   42   44   46   48   50   54   57   60   64   68   71   75   78   80   82
   83   83   83   82   80   77   75   71   68   65   62   59   57   56   55   54
   55   56   58   60   63   65   68   70   71   72   72   71   70   68   65   63
   59   56   53   48   48   43   42   41   40                                   
    72.5-180.0 180.0   5.0 450.0                            LAT/LON1/LON2/DLON/H
   42   43   43   42   41   44   44   42   41   40   38   37   36   36   37   38
   40   41   44   47   50   53   56   60   64   67   71   75   79   83   86   88
   90   92   92   92   91   90   88   86   84   81   78   75   73   70   69   68
   68   68   69   71   73   74   76   77   78   78   78   77   75   73   70   67
   63   59   56   51   50   44   42   42   42                                   
    70.0-180.0 180.0   5.0 450.0                            LAT/LON1/LON2/DLON/H
   43   44   46   45   44   45   44   43   42   41   38   38   38   38   39   41
   44   46   50   53   56   60   64   67   71   75   78   82   86   90   93   96
   99  101  103  104  104  104  104  104  103  101   99   96   93   90   87   84
   83   81   81   80   80   80   80   80   80   79   78   77   76   74   72   69
   66   62   60   55   54   47   48   47   43                                   
    67.5-180.0 180.0   5.0 450.0                            LAT/LON1/LON2/DLON/H
   44   47   49   49   49   50   50   49   47   45   43   43   43   44   46   48
   51   55   58   62   65   69   72   75   79   82   85   88   91   95   99  102
  106  109  111  113  115  117  119  120  120  120  118  116  112  108  104   99
   95   92   89   85   83   80   77   75   73   72   71   70   69   68   68   67
   65   63   62   57   56   51   50   47   44                                   
    65.0-180.0 180.0   5.0 450.0                            LAT/LON1/LON2/DLON/H
   45   50   52   53   52   54   54   54   52   51   49   49   49   51   54   57
   60   64   67   70   74   77   80   83   85   88   90   93   97  100  105  109
  113  117  120  123  126  130  133  135  137  138  138  135  131  126  120  114
  107  101   94   87   81   75   69   64   61   58   57   56   57   57   58   59
   60   60   61   58   59   56   54   53   45                                   
    62.5-180.0 180.0   5.0 450.0                            LAT/LON1/LON2/DLON/H
   45   50   52   53   53   56   55   55   54   53   51   52   53   56   59   63
   66   69   71   74   76   79   82   84   87   89   92   95   98  103  108  113
  118  123  127  131  135  139  143  147  150  152  152  149  145  139  131  123
  114  105   95   84   74   65   56   49   44   41   39   40   41   43   45   47
   50   51   55   54   56   54   53   53   45                                   
    60.0-180.0 180.0   5.0 450.0                            LAT/LON1/LON2/DLON/H
   42   48   49   51   50   52   52   52   51   50   50   51   53   56   60   63
   66   67   69   70   72   75   78   81   84   87   90   93   98  104  111  117
  124  129  134  138  142  147  151  155  159  161  161  159  155  148  140  130
  119  107   94   81   68   56   45   36   30   27   25   26   27   29   32   35
   39   41   46   47   51   50   49   50   42                                   
    57.5-180.0 180.0   5.0 450.0                            LAT/LON1/LON2/DLON/H
   40   45   46   47   47   48   48   48   47   46   46   48   50   54   57   60
   62   62   62   63   65   68   72   76   80   84   88   93  100  107  116  124
  132  139  144  149  153  157  161  165  169  171  172  170  165  159  150  140
  128  115  100   85   70   56   44   34   27   23   22   22   23   25   27   30
   33   35   40   42   47   46   46   48   40                                   
    55.0-180.0 180.0   5.0 450.0                            LAT/LON1/LON2/DLON/H
   40   43   44   45   44   45   45   44   42   41   41   43   45   49   52   54
   55   54   54   54   57   61   66   72   78   83   89   96  104  113  123  134
  143  151  157  161  165  169  172  176  179  181  181  180  176  170  162  152
  140  127  111   96   80   65   53   43   36   31   29   28   28   29   30   31
   33   34   39   41   47   45   45   47   40                                   
    52.5-180.0 180.0   5.0 450.0                            LAT/LON1/LON2/DLON/H
   42   45   45   46   45   46   44   42   40   38   37   39   41   44   47   48
   48   47   46   47   51   56   64   72   79   87   94  102  111  122  134  145
  156  165  171  176  180  183  186  188  190  191  192  190  187  183  176  167
  156  142  127  111   96   81   69   60   54   50   47   45   44   43   42   41
   41   41   44   45   51   49   49   50   42                                   
    50.0-180.0 180.0   5.0 450.0                            LAT/LON1/LON2/DLON/H
   49   51   51   51   50   52   49   46   43   40   37   38   39   41   43   44
   44   43   43   45   49   57   66   76   86   95  103  112  122  134  146  159
  170  179  186  192  195  198  200  202  202  202  202  201  199  195  190  182
  171  158  143  128  113  100   89   81   76   72   70   68   65   63   60   58
   55   54   55   55   60   59   58   57   49                                   
    47.5-180.0 180.0   5.0 450.0                            LAT/LON1/LON2/DLON/H
   59   62   60   61   60   63   59   55   51   47   43   42   42   43   44   45
   44   44   44   47   54   63   74   86   97  107  116  126  136  147  159  171
  182  192  200  206  211  214  215  216  215  213  212  210  209  206  202  195
  184  171  157  141  127  114  105   98   94   92   90   88   86   83   80   77
   72   69   69   68   72   72   72   69   59                                   
    45.0-180.0 180.0   5.0 450.0                            LAT/LON1/LON2/DLON/H
   70   74   72   73   73   76   73   69   64   60   55   53   51   50   50   50
   49   49   51   55   63   74   86   98  110  121  131  140  149  159  169  180
  190  200  210  218  225  229  230  229  227  224  221  219  217  215  210  203
  193  180  165  149  134  122  113  107  103  101  100   99   97   96   94   91
   87   84   82   80   84   86   86   82   70                                   
    42.5-180.0 180.0   5.0 450.0                            LAT/LON1/LON2/DLON/H
   79   85   84   86   86   90   87   84   80   77   72   68   65   63   61   59
   58   59   61   67   76   87   99  111  123  134  144  152  160  167  175  184
  194  205  216  227  236  242  244  243  239  235  230  227  224  221  216  208
  198  184  168  152  136  123  113  106  102  100   99   98   98   99   99   98
   95   91   89   87   92   95   96   93   79                                   
    40.0-180.0 180.0   5.0 450.0                            LAT/LON1/LON2/DLON/H
   83   91   91   95   96  100   98   96   94   93   89   86   81   78   75   72
   70   71   74   81   90  100  111  122  134  145  154  162  168  173  178  185
  195  207  221  235  247  255  259  258  254  248  242  237  232  228  222  213
  202  188  172  154  137  121  109  100   95   91   89   89   90   92   94   96
   94   91   89   87   92   96   98   96   83                                   
    37.5-180.0 180.0   5.0 450.0                            LAT/LON1/LON2/DLON/H
   79   89   90   96   98  103  103  103  104  104  103  101   97   93   89   85
   83   83   87   94  102  111  121  130  141  152  162  169  174  177  180  187
  197  211  227  245  260  271  277  277  272  266  259  252  246  240  233  224
  213  200  184  165  146  127  111   98   90   84   81   80   81   83   86   89
   88   85   82   80   84   88   90   91   79                                   
    35.0-180.0 180.0   5.0 450.0                            LAT/LON1/LON2/DLON/H
   71   80   82   89   91   96   99  102  106  109  111  111  109  105  101   97
   94   94   98  104  111  119  127  135  145  157  167  175  179  181  185  191
  203  220  240  260  278  292  300  301  298  292  285  277  270  262  254  246
  237  226  212  194  173  150  129  112   99   90   84   81   80   81   84   85
   83   79   75   71   74   76   78   81   71                                   
    32.5-180.0 180.0   5.0 450.0                            LAT/LON1/LON2/DLON/H
   62   69   71   76   79   83   87   93  100  106  111  115  115  113  109  105
  102  102  105  111  118  125  131  139  149  161  172  181  186  189  194  203
  217  237  260  283  304  320  330  333  332  327  321  314  305  297  289  283
  277  271  260  244  222  196  170  148  130  118  109  103   99   96   95   94
   88   81   75   68   68   66   67   70   62                                   
    30.0-180.0 180.0   5.0 450.0                            LAT/LON1/LON2/DLON/H
   56   61   60   64   66   68   73   79   87   96  104  110  114  114  113  110
  107  107  110  117  123  129  135  143  153  166  179  189  196  202  209  221
  240  263  290  316  339  356  368  373  374  372  368  362  354  346  340  336
  335  334  328  315  293  265  234  207  186  171  159  150  142  134  128  120
  110   98   88   77   72   65   65   65   56                                   
    27.5-180.0 180.0   5.0 450.0                            LAT/LON1/LON2/DLON/H
   57   59   55   58   58   58   61   65   73   81   91   99  106  110  111  110
  109  110  114  120  127  134  140  148  159  172  187  199  209  218  230  247
  271  299  328  356  380  399  411  419  423  424  423  419  413  407  402  402
  406  410  409  400  378  348  314  284  260  244  231  219  207  194  181  167
  150  133  118  100   90   77   74   67   57                                   
    25.0-180.0 180.0   5.0 450.0                            LAT/LON1/LON2/DLON/H
   65   66   59   59   58   56   56   58   63   69   78   86   95  101  105  107
  108  110  115  123  131  139  146  155  166  180  195  210  223  238  256  280
  309  341  373  401  425  443  456  466  473  479  482  482  479  475  473  475
  483  492  495  488  467  436  400  367  343  326  314  301  286  267  248  227
  205  183  161  138  122  102   95   80   65                                   
    22.5-180.0 180.0   5.0 450.0                            LAT/LON1/LON2/DLON/H
   84   83   71   69   67   64   62   59   60   64   69   76   83   91   96  101
  104  109  116  125  135  144  153  162  173  187  204  221  239  260  285  315
  350  384  416  444  466  483  496  507  519  529  538  543  544  542  543  547
  557  567  573  567  547  515  478  444  420  404  394  382  365  342  317  291
  264  240  213  185  164  138  125  104   84                                   
    20.0-180.0 180.0   5.0 450.0                            LAT/LON1/LON2/DLON/H
  111  107   91   86   83   78   74   69   66   66   67   70   76   82   88   94
  100  107  116  128  139  150  159  168  180  194  212  233  256  283  314  350
  387  421  452  477  497  512  526  539  554  570  584  594  599  601  602  607
  615  625  628  621  601  568  531  497  474  461  453  443  427  402  374  345
  317  292  262  234  208  178  160  137  111                                   
    17.5-180.0 180.0   5.0 450.0                            LAT/LON1/LON2/DLON/H
  143  136  116  107  101   95   90   83   78   74   72   71   74   78   83   89
   96  105  117  131  144  156  165  174  186  201  220  244  272  304  340  378
  415  448  475  497  515  529  544  559  577  598  617  631  639  642  643  645
  649  653  653  643  620  587  549  516  493  482  477  470  456  433  405  376
  350  328  299  273  245  216  194  171  143                                   
    15.0-180.0 180.0   5.0 450.0                            LAT/LON1/LON2/DLON/H
  172  164  142  128  117  110  105   98   91   86   80   77   76   78   82   87
   95  105  119  134  149  161  171  181  192  208  230  257  289  324  362  400
  434  463  487  506  522  537  552  570  591  614  636  652  661  663  662  659
  657  654  648  633  608  574  535  500  477  466  464  460  450  430  405  380
  357  341  317  295  268  241  219  198  172                                   
    12.5-180.0 180.0   5.0 450.0                            LAT/LON1/LON2/DLON/H
  191  181  163  144  130  120  116  110  103   97   90   85   82   81   83   88
   96  108  123  139  155  168  178  188  201  219  243  273  307  343  380  415
  445  470  490  507  523  538  555  575  598  622  644  661  668  668  663  655
  646  636  624  606  579  543  503  467  441  428  425  423  416  400  380  359
  342  331  314  297  273  250  231  211  191                                   
    10.0-180.0 180.0   5.0 450.0                            LAT/LON1/LON2/DLON/H
  194  186  172  151  135  124  121  116  111  105   99   93   89   87   87   90
   98  111  128  146  163  177  188  200  214  234  261  293  328  362  395  425
  451  472  489  505  521  538  558  579  602  626  647  661  666  663  654  642
  628  613  597  577  549  513  471  432  402  386  380  377  371  359  342  326
  313  306  294  283  263  243  228  210  194                                   
     7.5-180.0 180.0   5.0 450.0                            LAT/LON1/LON2/DLON/H
  187  180  168  147  132  120  119  116  112  109  104  100   95   92   91   94
  102  116  134  154  173  188  202  215  232  255  284  317  351  382  410  434
