data/edconvlstm_nd/pred1590.15i
     1.0            IONOSPHERE MAPS     GNSS                IONEX VERSION / TYPE
pyspatialgeodesy        IME             05-JAN-18 20:20     PGM / RUN BY / DATE 
Map Name                                                    COMMENT             
Predicted global ionosphere maps (GIM).                     DESCRIPTION         
  2015     6     8     0     0     0                        EPOCH OF FIRST MAP  
  2015     6     9     0     0     0                        EPOCH OF LAST MAP   
  7200                                                      INTERVAL            
    13                                                      # OF MAPS IN FILE   
  NONE                                                      MAPPING FUNCTION    
10.0                                                        ELEVATION CUTOFF    
One-way carrier phase leveled to code                       OBSERVABLES USED    
  6371.0                                                    BASE RADIUS         
 2                                                          MAP DIMENSION       
   450.0 450.0   0.0                                        HGT1 / HGT2 / DHGT  
    87.5 -87.5  -2.5                                        LAT1 / LAT2 / DLAT  
  -180.0 180.0   5.0                                        LON1 / LON2 / DLON  
    -1                                                      EXPONENT            
                                                            END OF HEADER       
[from data line 5148]
    13                                                      START OF TEC MAP    
  2015     6     9     0     0     0                        EPOCH OF CURRENT MAP
    87.5-180.0 180.0   5.0 450.0                            LAT/LON1/LON2/DLON/H
  155  151  159  151  153  153  150  150  149  148  148  147  147  146  145  143
  142  141  140  139  138  136  135  134  133  132  131  130  129  128  127  126
  126  125  125  124  124  124  124  124  124  124  124  124  124  124  124  125
  125  125  125  125  125  125  126  126  127  127  128  129  130  131  132  133
  135  137  140  140  139  139  144  167  155                                   
    85.0-180.0 180.0   5.0 450.0                            LAT/LON1/LON2/DLON/H
  166  160  156  156  163  162  160  159  158  157  156  155  153  151  149  147
  146  144  142  140  139  137  135  134  133  131  130  129  128  127  126  125
  125  124  124  124  124  124  124  125  125  125  126  126  127  127  127  127
  128  128  128  128  128  128  129  129  130  131  132  133  134  135  137  138
  141  143  146  150  144  149  156  168  166                                   
    82.5-180.0 180.0   5.0 450.0                            LAT/LON1/LON2/DLON/H
  167  164  167  165  172  173  170  169  169  167  165  163  160  158  155  152
  149  146  143  140  138  136  134  132  130  129  127  126  124  123  122  121
  121  121  121  121  122  122  123  124  125  126  127  128  128  129  129  130
  130  130  130  130  130  130  130  131  132  133  134  135  137  139  141  144
  146  149  153  153  154  147  155  163  167                                   
    80.0-180.0 180.0   5.0 450.0                            LAT/LON1/LON2/DLON/H
  167  175  170  169  173  176  178  178  177  174  172  169  165  161  157  153
  149  145  141  138  135  133  131  129  127  125  123  122  120  119  118  118
  118  118  119  120  122  124  126  128  130  132  133  135  136  136  137  137
  137  137  137  137  136  136  136  136  136  137  138  139  141  143  145  148
  150  153  155  154  162  157  167  178  167                                   
    77.5-180.0 180.0   5.0 450.0                            LAT/LON1/LON2/DLON/H
  172  176  170  171  174  175  179  180  180  177  175  172  168  163  158  153
  148  144  140  136  133  131  129  127  125  123  121  119  117  116  115  115
  115  117  119  121  124  127  130  133  136  139  141  143  145  146  147  147
  147  147  147  146  145  144  143  143  142  142  142  143  144  145  147  150
  151  155  156  156  162  164  169  185  172                                   
    75.0-180.0 180.0   5.0 450.0                            LAT/LON1/LON2/DLON/H
  172  171  166  166  169  171  175  176  177  175  174  172  168  163  157  152
  146  141  137  134  131  129  128  126  124  122  119  117  115  113  113  113
  114  116  119  123  127  131  135  139  142  145  148  150  151  153  154  155
  156  156  155  155  153  152  150  149  147  146  146  146  146  147  148  151
  151  154  155  150  156  162  167  185  172                                   
    72.5-180.0 180.0   5.0 450.0                            LAT/LON1/LON2/DLON/H
  160  164  161  160  162  164  169  172  174  174  174  173  169  165  159  153
  148  143  139  135  133  132  130  129  127  124  121  118  116  114  113  114
  115  118  122  126  130  135  139  142  146  148  151  153  154  156  158  160
  161  162  162  161  160  159  157  154  152  151  150  149  149  149  151  152
  153  154  156  152  153  155  165  187  160                                   
    70.0-180.0 180.0   5.0 450.0                            LAT/LON1/LON2/DLON/H
  155  157  155  155  157  159  164  168  173  174  176  176  174  171  166  160
  154  149  145  142  141  139  138  136  134  131  127  124  120  118  117  118
  119  122  126  130  134  138  141  144  146  148  150  151  153  155  158  160
  163  165  166  166  166  164  162  160  158  156  155  154  154  154  155  156
  156  157  158  154  156  158  166  188  155                                   
    67.5-180.0 180.0   5.0 450.0                            LAT/LON1/LON2/DLON/H
  156  158  155  152  153  155  160  165  171  174  178  181  180  178  174  169
  163  158  154  152  150  148  147  145  142  138  133  129  126  123  122  122
  123  125  128  131  134  136  138  140  141  141  142  143  144  147  150  154
  158  161  164  166  166  166  164  162  160  159  157  157  157  157  158  160
  159  160  160  156  159  160  168  193  156                                   
    65.0-180.0 180.0   5.0 450.0                            LAT/LON1/LON2/DLON/H
  160  161  158  153  152  153  158  163  171  176  181  186  188  187  184  180
  176  171  167  164  162  160  158  155  152  147  142  138  134  131  130  129
  129  130  132  133  134  135  135  135  134  133  133  133  134  137  141  145
  151  156  160  163  164  165  164  163  162  161  161  161  162  162  163  165
  164  164  164  160  165  167  175  203  160                                   
    62.5-180.0 180.0   5.0 450.0                            LAT/LON1/LON2/DLON/H
  169  171  167  160  156  156  160  165  172  177  185  191  195  197  196  193
  190  186  182  179  177  174  171  168  163  159  154  149  146  143  141  140
  139  138  138  137  136  135  133  131  129  127  125  125  125  128  132  138
  144  150  156  160  162  163  163  164  164  164  165  167  168  169  171  172
  171  171  171  168  173  176  185  214  169                                   
    60.0-180.0 180.0   5.0 450.0                            LAT/LON1/LON2/DLON/H
  181  185  181  171  165  163  165  168  174  179  186  194  200  203  205  204
  202  199  196  193  190  187  184  180  175  171  167  163  160  157  155  152
  150  148  145  142  140  137  134  131  127  124  121  120  120  122  127  132
  139  146  152  157  160  162  163  165  167  169  171  174  176  177  179  180
  180  179  179  176  182  186  196  227  181                                   
    57.5-180.0 180.0   5.0 450.0                            LAT/LON1/LON2/DLON/H
  194  200  196  185  177  174  173  174  177  180  187  194  201  206  210  211
  211  210  207  205  202  198  195  191  187  184  181  178  175  173  170  166
  162  158  154  149  145  141  137  133  130  126  122  120  120  121  125  131
  138  145  151  156  159  162  165  168  172  176  179  183  185  186  187  188
  188  188  187  185  192  196  208  238  194                                   
    55.0-180.0 180.0   5.0 450.0                            LAT/LON1/LON2/DLON/H
  207  216  212  201  192  187  185  182  183  183  188  194  200  206  211  214
  215  216  215  213  210  207  204  202  199  197  195  193  191  189  185  180
  175  169  163  157  152  148  144  140  136  132  128  125  124  125  129  134
  141  147  153  157  161  165  169  174  180  185  190  193  195  196  197  198
  197  197  196  195  201  205  218  248  207                                   
    52.5-180.0 180.0   5.0 450.0                            LAT/LON1/LON2/DLON/H
  219  229  225  216  208  203  199  195  192  189  190  194  199  204  209  213
  216  217  218  217  216  214  213  211  211  210  210  208  206  203  198  192
  185  178  171  165  160  156  153  149  145  141  137  134  132  133  136  142
  147  153  158  162  166  170  176  182  189  196  201  205  206  206  206  207
  207  207  207  206  211  214  227  256  219                                   
    50.0-180.0 180.0   5.0 450.0                            LAT/LON1/LON2/DLON/H
  228  239  235  229  223  220  217  211  206  200  198  198  200  203  206  210
  214  217  219  220  220  220  220  221  222  223  223  222  218  213  207  200
  193  185  179  173  169  166  163  159  155  151  147  144  142  143  147  152
  157  162  167  170  173  178  184  192  201  209  215  218  218  218  217  218
  218  219  220  219  222  223  235  264  228                                   
    47.5-180.0 180.0   5.0 450.0                            LAT/LON1/LON2/DLON/H
  235  245  243  240  238  237  235  230  224  216  210  207  205  205  206  209
  212  216  220  223  225  226  228  230  233  235  235  232  227  221  213  205
  198  191  186  181  178  175  172  169  165  161  157  154  153  155  158  163
  169  174  177  180  182  187  194  204  214  223  229  231  231  230  229  230
  232  234  235  234  236  235  245  272  235                                   
    45.0-180.0 180.0   5.0 450.0                            LAT/LON1/LON2/DLON/H
  243  250  249  250  252  254  254  251  245  236  228  221  216  212  210  211
  213  218  222  227  230  233  236  239  243  245  244  240  234  225  217  209
  203  197  193  190  187  185  182  178  174  169  166  163  163  166  170  176
  182  186  189  190  193  198  205  216  227  237  243  246  245  243  243  245
  248  251  254  252  253  249  258  283  243                                   
    42.5-180.0 180.0   5.0 450.0                            LAT/LON1/LON2/DLON/H
  252  257  257  260  264  268  272  272  268  259  250  241  232  225  220  218
  219  222  227  233  237  240  244  248  252  254  253  247  239  230  221  214
  209  205  203  200  198  195  192  187  182  178  174  173  174  177  183  189
  195  199  200  201  203  208  217  229  242  252  259  261  261  260  260  262
  267  272  275  274  274  268  274  298  252                                   
    40.0-180.0 180.0   5.0 450.0                            LAT/LON1/LON2/DLON/H
  266  267  267  270  276  282  288  291  290  282  273  263  252  242  234  229
  228  231  236  241  246  249  253  257  261  263  261  255  246  236  228  222
  218  217  215  214  211  207  202  196  191  187  184  184  186  190  196  202
  207  210  211  212  214  219  229  242  256  267  275  278  279  278  279  283
  288  294  299  297  297  290  295  317  266                                   
    37.5-180.0 180.0   5.0 450.0                            LAT/LON1/LON2/DLON/H
  285  282  283  284  289  296  303  308  309  304  296  286  274  262  251  244
  241  242  246  251  255  259  262  266  270  272  272  266  257  248  240  235
  233  232  231  229  225  219  213  206  201  198  197  198  201  205  209  214
  218  220  220  220  223  229  241  255  270  282  291  296  298  299  301  305
  311  318  322  321  323  315  319  341  285                                   
    35.0-180.0 180.0   5.0 450.0                            LAT/LON1/LON2/DLON/H
  310  304  303  303  305  311  318  324  327  323  316  307  295  282  270  261
  255  255  258  262  266  268  271  275  280  284  285  281  274  265  257  253
  251  251  249  246  240  232  223  216  212  211  212  214  217  220  222  224
  226  226  226  226  229  237  250  267  283  296  306  312  317  320  324  328
  334  341  344  343  347  340  346  367  310                                   
    32.5-180.0 180.0   5.0 450.0                            LAT/LON1/LON2/DLON/H
  341  332  329  326  325  329  334  339  342  339  333  325  315  302  289  278
  271  269  270  273  276  278  281  286  293  299  302  301  295  287  279  274
  271  270  266  260  252  242  233  226  224  225  228  231  233  233  232  230
  229  227  226  227  232  242  257  275  293  307  318  326  333  339  344  349
  355  361  364  362  370  364  373  394  341                                   
    30.0-180.0 180.0   5.0 450.0                            LAT/LON1/LON2/DLON/H
  375  362  359  354  349  350  353  356  358  354  349  342  333  321  307  295
  286  282  282  284  287  289  293  299  308  316  322  323  319  311  302  295
  290  284  278  269  259  248  239  234  233  237  241  245  245  241  236  230
  225  221  220  221  229  242  260  280  298  313  325  335  344  353  360  366
  372  376  379  379  389  385  397  419  375                                   
    27.5-180.0 180.0   5.0 450.0                            LAT/LON1/LON2/DLON/H
  409  393  388  384  376  375  375  375  374  370  365  359  350  339  326  312
  302  296  295  296  299  302  307  314  325  335  343  345  342  333  322  311
  300  290  280  269  257  247  240  237  239  243  249  251  248  241  231  221
  212  207  206  209  219  236  257  279  298  313  326  337  349  361  371  378
  384  388  391  392  404  401  419  442  409                                   
    25.0-180.0 180.0   5.0 450.0                            LAT/LON1/LON2/DLON/H
  439  419  414  413  403  402  399  395  393  388  382  376  369  358  345  331
  319  311  309  310  313  317  323  331  342  353  361  363  359  348  332  315
  298  283  269  257  247  239  234  234  237  242  246  246  241  230  216  203
  192  186  185  191  204  224  247  271  291  307  320  333  348  362  375  384
  391  396  400  404  417  415  436  459  439                                   
    22.5-180.0 180.0   5.0 450.0                            LAT/LON1/LON2/DLON/H
  460  439  435  438  428  427  422  417  413  407  401  396  389  380  366  351
  337  328  325  325  328  333  340  349  359  368  373  372  364  348  327  303
  281  262  246  235  228  224  222  224  227  231  233  231  223  210  194  178
  166  160  160  168  184  207  233  258  279  295  310  324  341  359  374  386
  396  403  409  415  428  427  449  472  460                                   
    20.0-180.0 180.0   5.0 450.0                            LAT/LON1/LON2/DLON/H
  470  449  447  456  448  447  442  437  432  426  420  416  411  402  389  374
  359  349  344  344  347  352  358  365  371  375  375  368  354  332  305  277
  251  231  217  209  206  206  208  210  212  214  213  209  199  185  168  152
  140  134  135  145  163  187  215  241  263  280  296  313  332  353  372  387
  400  410  419  428  439  439  461  481  470                                   
    17.5-180.0 180.0   5.0 450.0                            LAT/LON1/LON2/DLON/H
  470  452  453  465  459  458  454  450  447  442  438  436  432  425  413  397
  382  372  366  365  367  371  375  378  378  374  364  348  327  300  271  241
  216  198  188  186  188  192  195  196  196  194  191  184  174  160  144  129
  118  112  114  124  143  168  196  223  245  265  283  302  324  347  369  389
  405  420  432  443  453  452  473  488  470                                   
    15.0-180.0 180.0   5.0 450.0                            LAT/LON1/LON2/DLON/H
  465  450  454  467  462  460  457  455  454  453  452  451  450  445  434  420
  406  396  390  388  388  389  388  384  376  361  340  315  288  260  232  207
  187  175  171  173  179  185  189  188  184  178  171  163  153  141  128  115
  104   99  100  110  128  152  179  205  229  250  271  293  318  344  370  393
  414  432  448  461  470  468  486  496  465                                   
    12.5-180.0 180.0   5.0 450.0                            LAT/LON1/LON2/DLON/H
  462  451  456  466  460  456  452  452  454  456  458  461  463  460  452  440
  428  419  414  411  408  403  396  383  364  338  307  276  247  222  200  183
  171  166  167  173  181  187  189  185  178  168  159  150  141  131  120  108
   98   92   93  102  118  140  165  191  216  239  263  288  317  346  375  402
  426  447  465  479  487  485  501  507  462                                   
    10.0-180.0 180.0   5.0 450.0                            LAT/LON1/LON2/DLON/H
  464  458  461  465  457  450  445  445  449  453  459  464  469  469  463  454
  445  439  435  430  423  412  396  374  344  308  270  237  212  193  182  174
  171  171  176  184  192  196  195  188  177  165  154  144  136  128  119  109
   99   92   91   98  112  131  155  181  207  233  260  289  321  354  386  415
  441  463  482  496  504  502  517  520  464                                   
     7.5-180.0 180.0   5.0 450.0                            LAT/LON1/LON2/DLON/H
  474  472  472  470  459  449  440  439  443  448  455  462  469  471  468  462
  456  451  448  441  430  412  387  356  319  277  238  209  190  181  179  180
