data/edconvlstm_nd/pred1040.15i
     1.0            IONOSPHERE MAPS     GNSS                IONEX VERSION / TYPE
pyspatialgeodesy        IME             05-JAN-18 20:20     PGM / RUN BY / DATE 
Map Name                                                    COMMENT             
Predicted global ionosphere maps (GIM).                     DESCRIPTION         
  2015     4    14     0     0     0                        EPOCH OF FIRST MAP  
  2015     4    15     0     0     0                        EPOCH OF LAST MAP   
  7200                                                      INTERVAL            
    13                                                      # OF MAPS IN FILE   
  NONE                                                      MAPPING FUNCTION    
10.0                                                        ELEVATION CUTOFF    
One-way carrier phase leveled to code                       OBSERVABLES USED    
  6371.0                                                    BASE RADIUS         
 2                                                          MAP DIMENSION       
   450.0 450.0   0.0                                        HGT1 / HGT2 / DHGT  
    87.5 -87.5  -2.5                                        LAT1 / LAT2 / DLAT  
  -180.0 180.0   5.0                                        LON1 / LON2 / DLON  
    -1                                                      EXPONENT            
                                                            END OF HEADER       
[from data line 1716]
     5                                                      START OF TEC MAP    
  2015     4    14     8     0     0                        EPOCH OF CURRENT MAP
    87.5-180.0 180.0   5.0 450.0                            LAT/LON1/LON2/DLON/H
  156  156  153  163  163  166  167  167  170  173  175  178  179  180  182  182
  183  183  184  184  183  183  182  182  181  180  179  178  177  176  175  174
  174  173  172  171  170  170  169  168  167  166  165  164  163  163  162  161
  160  159  158  157  155  154  153  152  150  149  148  146  145  144  142  142
  142  143  142  142  145  146  154  156  156                                   
    85.0-180.0 180.0   5.0 450.0                            LAT/LON1/LON2/DLON/H
  146  153  155  161  162  169  174  178  181  185  188  191  192  194  195  196
  196  197  197  197  196  195  195  194  192  191  190  189  187  186  185  185
  184  184  183  183  182  182  182  181  180  180  179  178  177  176  175  174
  173  172  171  169  168  166  164  162  160  158  156  154  151  149  147  146
  146  146  141  141  139  145  148  155  146                                   
    82.5-180.0 180.0   5.0 450.0                            LAT/LON1/LON2/DLON/H
  138  144  146  147  148  156  163  168  174  179  182  186  188  190  191  191
  192  191  191  190  189  188  187  185  183  182  180  178  177  176  176  176
  177  177  178  179  180  181  181  182  182  182  182  182  181  180  180  179
  178  177  176  174  172  170  167  165  162  158  155  151  147  144  140  136
  134  131  126  126  126  132  134  136  138                                   
    80.0-180.0 180.0   5.0 450.0                            LAT/LON1/LON2/DLON/H
  131  134  135  139  143  150  158  165  172  178  181  185  187  188  188  188
  188  187  187  186  184  182  180  178  175  173  170  168  167  167  167  169
  171  173  176  179  182  184  187  189  190  191  192  193  194  194  194  194
  194  194  193  192  191  189  186  183  180  176  171  167  161  156  150  145
  140  134  127  125  124  126  132  127  131                                   
    77.5-180.0 180.0   5.0 450.0                            LAT/LON1/LON2/DLON/H
  129  125  129  133  134  143  151  158  165  170  172  175  175  175  175  174
  173  173  172  171  170  168  166  164  161  158  155  153  153  153  155  159
  163  168  174  180  185  190  195  198  201  203  205  207  209  211  212  213
  215  215  216  216  215  213  211  209  206  202  197  192  186  180  173  166
  157  149  138  135  132  125  126  125  129                                   
    75.0-180.0 180.0   5.0 450.0                            LAT/LON1/LON2/DLON/H
  126  125  123  127  128  137  143  148  154  158  158  159  157  156  154  152
  151  151  151  152  152  152  150  148  145  142  139  137  137  139  143  148
  156  164  172  181  188  195  201  206  210  214  217  220  223  226  229  232
  234  236  238  239  239  238  237  235  232  229  225  221  216  210  203  195
  185  175  163  153  146  136  133  125  126                                   
    72.5-180.0 180.0   5.0 450.0                            LAT/LON1/LON2/DLON/H
  128  125  122  123  123  130  135  139  142  144  142  141  137  133  129  127
  126  127  130  132  135  137  137  135  133  130  127  126  126  129  134  142
  151  162  173  183  193  201  208  213  218  222  226  229  233  237  241  245
  248  251  253  254  254  253  251  250  248  246  244  241  237  233  227  221
  212  202  190  179  167  154  147  139  128                                   
    70.0-180.0 180.0   5.0 450.0                            LAT/LON1/LON2/DLON/H
  136  127  123  120  118  121  123  126  128  128  124  120  114  108  103  101
  101  103  108  113  119  123  124  124  122  119  117  116  117  120  127  136
  147  160  172  184  194  203  210  216  221  225  230  234  239  244  248  253
  256  259  260  260  259  258  256  254  252  251  250  249  247  245  241  237
  230  221  211  200  187  174  166  157  136                                   
    67.5-180.0 180.0   5.0 450.0                            LAT/LON1/LON2/DLON/H
  139  129  124  119  114  114  115  116  117  115  111  105   98   91   85   82
   83   87   93  101  109  115  119  119  118  115  112  111  112  116  124  134
  145  158  171  183  194  203  210  216  221  226  231  236  242  247  252  256
  260  261  262  260  258  255  251  249  247  246  245  246  246  245  244  242
  238  231  223  214  202  190  181  172  139                                   
    65.0-180.0 180.0   5.0 450.0                            LAT/LON1/LON2/DLON/H
  145  135  126  118  109  106  105  105  106  104  100   95   87   80   74   71
   72   77   85   95  104  111  115  116  115  112  109  108  110  115  123  133
  145  158  171  183  193  202  210  217  223  229  235  241  247  253  258  262
  264  264  263  260  256  251  246  242  239  237  237  238  239  239  239  238
  236  233  228  221  214  205  196  189  145                                   
    62.5-180.0 180.0   5.0 450.0                            LAT/LON1/LON2/DLON/H
  151  141  130  118  106   99   95   94   95   94   91   87   81   74   69   67
   69   74   82   91  100  107  111  111  110  107  105  105  107  113  121  131
  143  155  168  179  190  200  209  217  225  233  240  247  254  260  264  266
  267  266  264  259  254  248  242  236  232  230  230  230  230  230  230  229
  228  226  224  221  217  213  205  199  151                                   
    60.0-180.0 180.0   5.0 450.0                            LAT/LON1/LON2/DLON/H
  158  149  137  120  103   92   86   83   83   83   82   80   76   72   69   67
   69   74   81   89   96  101  103  103  101   99   98   99  102  108  117  128
  139  151  163  175  186  198  208  219  229  239  248  257  263  269  272  273
  273  271  268  263  258  251  245  239  234  231  229  228  227  225  223  221
  219  218  217  216  216  216  210  203  158                                   
    57.5-180.0 180.0   5.0 450.0                            LAT/LON1/LON2/DLON/H
  170  161  148  127  107   92   82   76   74   73   73   74   73   71   70   70
   72   76   81   87   91   93   93   92   90   89   89   92   96  104  113  124
  135  147  159  172  185  198  211  225  238  250  261  270  277  281  284  284
  283  281  278  274  270  264  259  253  248  245  242  239  236  231  226  221
  217  214  214  214  217  218  214  207  170                                   
    55.0-180.0 180.0   5.0 450.0                            LAT/LON1/LON2/DLON/H
  187  179  166  142  120   99   85   74   69   66   66   67   68   69   70   71
   74   77   81   83   85   84   82   81   79   79   81   84   90   98  108  120
  132  144  157  171  186  201  217  233  249  263  275  285  292  297  298  298
  297  296  294  292  289  286  281  276  272  268  264  260  255  247  239  231
  224  219  217  217  220  222  219  210  187                                   
    52.5-180.0 180.0   5.0 450.0                            LAT/LON1/LON2/DLON/H
  207  200  189  163  141  118   98   81   71   64   61   62   64   66   69   71
   75   78   80   80   79   76   74   72   71   72   75   79   86   94  105  117
  130  144  158  174  190  208  226  244  261  277  291  301  309  313  315  315
  314  314  314  314  314  312  309  305  300  296  292  287  280  271  260  249
  239  231  227  225  227  228  225  215  207                                   
    50.0-180.0 180.0   5.0 450.0                            LAT/LON1/LON2/DLON/H
  226  221  212  189  168  144  120   98   81   69   63   61   62   64   67   71
   74   77   79   78   75   71   69   68   68   70   73   77   83   92  103  116
  130  146  162  179  198  217  236  256  274  291  305  317  325  330  332  334
  334  335  337  339  340  339  336  332  327  322  317  312  304  294  283  271
  259  249  242  237  237  236  233  222  226                                   
    47.5-180.0 180.0   5.0 450.0                            LAT/LON1/LON2/DLON/H
  241  237  231  212  195  172  148  122   99   82   71   65   63   64   67   70
   74   78   79   78   75   72   69   69   71   73   76   79   84   92  104  118
  134  151  169  187  207  227  247  266  285  302  317  330  339  346  350  353
  355  357  360  362  363  362  358  353  346  340  334  328  321  311  300  288
  276  266  257  249  246  243  239  229  241                                   
    45.0-180.0 180.0   5.0 450.0                            LAT/LON1/LON2/DLON/H
  246  242  239  226  214  196  173  146  121  100   85   76   71   69   70   73
   77   81   82   82   79   77   75   76   78   80   82   84   88   95  106  121
  139  157  177  196  216  236  256  275  293  311  326  340  351  359  366  371
  375  378  381  382  382  379  373  365  356  347  339  333  325  317  307  296
  285  276  267  258  251  246  241  232  246                                   
    42.5-180.0 180.0   5.0 450.0                            LAT/LON1/LON2/DLON/H
  238  233  233  225  219  206  189  166  141  119  102   90   83   79   78   79
   83   87   90   90   88   86   85   86   87   89   89   90   92   99  110  126
  145  165  185  205  225  244  263  282  300  317  334  348  361  372  381  388
  394  398  400  400  397  392  383  371  360  348  338  330  321  313  303  295
  286  278  269  259  251  243  237  228  238                                   
    40.0-180.0 180.0   5.0 450.0                            LAT/LON1/LON2/DLON/H
  219  210  211  207  205  199  189  174  154  135  118  106   98   92   89   89
   92   96  100  101   99   97   95   96   97   97   96   95   96  103  116  133
  152  173  193  213  232  251  270  288  305  323  341  357  371  384  396  406
  413  418  420  420  416  409  398  385  371  356  343  331  319  308  297  289
  281  274  265  256  245  234  227  218  219                                   
    37.5-180.0 180.0   5.0 450.0                            LAT/LON1/LON2/DLON/H
  195  180  180  174  176  175  174  167  156  142  130  121  113  106  102  101
  103  107  111  112  111  108  105  104  103  102  100   99  101  109  123  141
  161  181  201  220  240  258  276  294  312  331  349  367  383  398  412  424
  434  442  446  448  446  441  431  419  403  386  368  350  332  315  300  288
  279  272  262  252  240  225  217  206  195                                   
    35.0-180.0 180.0   5.0 450.0                            LAT/LON1/LON2/DLON/H
  176  154  148  137  138  141  147  149  146  140  134  129  124  119  115  113
  114  118  121  123  121  117  113  110  108  106  104  104  108  118  133  152
  171  190  209  228  247  266  285  303  322  342  361  380  397  414  430  446
  460  471  481  487  492  493  489  480  466  447  424  399  373  347  324  306
  291  280  269  256  243  223  214  199  176                                   
    32.5-180.0 180.0   5.0 450.0                            LAT/LON1/LON2/DLON/H
  172  141  127  108  105  107  116  124  128  129  129  130  129  126  123  122
  123  126  129  130  128  124  119  115  112  109  108  110  116  128  145  163
  181  199  217  236  256  276  295  315  335  356  377  396  414  432  451  470
  489  506  523  539  553  564  569  568  558  540  514  482  447  410  377  348
  325  308  293  277  263  238  226  205  172                                   
    30.0-180.0 180.0   5.0 450.0                            LAT/LON1/LON2/DLON/H
  191  153  128   99   88   86   94  102  108  114  119  124  127  128  127  126
  127  130  133  135  133  130  125  121  117  115  114  117  126  139  156  174
  190  207  224  245  266  288  309  329  351  373  395  415  433  452  473  496
  520  546  571  597  623  647  664  673  671  657  630  594  551  504  458  418
  385  360  339  320  304  274  257  230  191                                   
    27.5-180.0 180.0   5.0 450.0                            LAT/LON1/LON2/DLON/H
  236  194  159  118   99   88   89   94   98  103  110  117  122  125  126  126
  127  130  133  135  136  135  132  129  125  123  122  126  135  150  166  183
  198  214  232  254  278  302  324  346  369  392  414  434  454  474  497  524
  554  587  622  659  697  733  763  782  789  781  758  721  674  620  565  513
  469  436  408  384  367  333  308  276  236                                   
    25.0-180.0 180.0   5.0 450.0                            LAT/LON1/LON2/DLON/H
  304  263  220  171  142  123  113  109  105  106  110  116  121  124  124  124
  125  126  129  132  136  139  140  139  136  133  132  135  144  158  174  189
  204  220  240  265  292  319  342  365  387  411  434  455  475  497  523  554
  590  630  674  720  768  813  851  880  895  894  877  844  798  743  683  623
  571  530  495  466  445  406  374  341  304                                   
    22.5-180.0 180.0   5.0 450.0                            LAT/LON1/LON2/DLON/H
  388  351  303  251  217  190  166  151  136  128  125  127  128  129  129  127
  125  124  125  130  136  143  148  150  148  144  141  142  150  163  177  191
  206  225  249  278  309  337  361  384  406  430  454  476  498  523  552  587
  627  672  722  774  826  876  919  952  973  978  968  943  904  853  795  733
  677  631  591  556  529  486  447  417  388                                   
    20.0-180.0 180.0   5.0 450.0                            LAT/LON1/LON2/DLON/H
  473  442  394  350  311  282  246  218  191  171  159  153  149  146  141  136
  131  127  126  130  138  149  157  161  159  154  148  147  152  162  175  190
  207  230  259  292  326  355  379  402  425  449  473  497  522  550  583  621
  664  711  762  815  866  913  954  987 1010 1020 1017 1000  972  932  881  824
  770  724  683  641  607  559  520  495  473                                   
    17.5-180.0 180.0   5.0 450.0                            LAT/LON1/LON2/DLON/H
  547  523  482  450  411  382  338  301  262  231  208  193  182  172  163  153
  143  135  131  134  142  155  165  171  169  161  152  147  149  157  169  186
  208  236  270  306  340  369  394  417  440  465  491  517  546  577  613  653
  696  743  790  838  882  920  954  982 1003 1015 1017 1010  993  966  928  880
  832  791  752  707  666  613  578  560  547                                   
    15.0-180.0 180.0   5.0 450.0                            LAT/LON1/LON2/DLON/H
  599  581  550  533  498  472  426  384  338  299  268  244  224  207  191  176
  161  149  141  140  148  160  172  178  174  163  151  142  141  147  161  181
  208  241  278  314  348  377  402  426  451  478  505  534  564  599  638  679
  720  762  803  841  874  901  925  945  961  972  978  978  972  957  931  895
  856  821  787  741  696  640  611  601  599                                   
    12.5-180.0 180.0   5.0 450.0                            LAT/LON1/LON2/DLON/H
  624  609  590  584  555  534  491  448  402  361  326  296  270  245  223  202
  183  166  154  150  154  165  176  180  175  161  145  134  131  137  153  178
  209  244  281  317  349  377  403  429  457  485  514  543  575  613  653  694
  733  770  803  831  853  869  882  894  904  912  918  923  924  918  902  876
  845  816  787  742  697  641  617  616  624                                   
    10.0-180.0 180.0   5.0 450.0                            LAT/LON1/LON2/DLON/H
  623  608  600  600  578  560  521  481  439  402  369  339  309  281  254  229
  206  186  169  161  161  169  176  178  170  155  139  127  123  130  148  175
  209  245  281  313  343  370  398  426  456  485  514  544  577  616  658  699
  737  770  798  818  832  839  844  848  851  855  861  867  871  869  858  838
  815  792  766  723  679  626  604  611  623                                   
     7.5-180.0 180.0   5.0 450.0                            LAT/LON1/LON2/DLON/H
  610  593  591  591  574  557  521  484  447  416  388  362  335  307  279  253
  229  206  186  173  169  171  174  172  163  149  134  123  120  127  146  173
