data/edconvlstm_nd/pred3310.15i
     1.0            IONOSPHERE MAPS     GNSS                IONEX VERSION / TYPE
pyspatialgeodesy        IME             05-JAN-18 20:20     PGM / RUN BY / DATE 
Map Name                                                    COMMENT             
Predicted global ionosphere maps (GIM).                     DESCRIPTION         
  2015    11    27     0     0     0                        EPOCH OF FIRST MAP  
  2015    11    28     0     0     0                        EPOCH OF LAST MAP   
  7200                                                      INTERVAL            
    13                                                      # OF MAPS IN FILE   
  NONE                                                      MAPPING FUNCTION    
10.0                                                        ELEVATION CUTOFF    
One-way carrier phase leveled to code                       OBSERVABLES USED    
  6371.0                                                    BASE RADIUS         
 2                                                          MAP DIMENSION       
   450.0 450.0   0.0                                        HGT1 / HGT2 / DHGT  
    87.5 -87.5  -2.5                                        LAT1 / LAT2 / DLAT  
  -180.0 180.0   5.0                                        LON1 / LON2 / DLON  
    -1                                                      EXPONENT            
                                                            END OF HEADER       
[from data line 2145]
     6                                                      START OF TEC MAP    
  2015    11    27    10     0     0                        EPOCH OF CURRENT MAP
    87.5-180.0 180.0   5.0 450.0                            LAT/LON1/LON2/DLON/H
   37   46   45   50   51   50   50   46   46   48   47   47   47   47   46   46
   45   44   43   43   42   41   40   39   38   37   36   35   34   34   33   32
   31   31   30   29   29   28   28   27   27   27   26   26   26   26   26   26
   26   26   26   26   27   27   27   28   28   29   30   30   31   32   32   34
   35   37   35   36   41   49   63   64   37                                   
    85.0-180.0 180.0   5.0 450.0                            LAT/LON1/LON2/DLON/H
   33   55   63   54   56   58   58   57   57   58   57   57   57   56   56   55
   55   54   53   53   52   51   50   50   49   48   47   46   46   45   44   43
   43   42   42   42   41   41   41   41   41   40   40   40   40   39   39   39
   39   39   39   39   39   39   39   40   40   41   42   42   43   44   45   46
   48   49   46   46   52   57   70   66   33                                   
    82.5-180.0 180.0   5.0 450.0                            LAT/LON1/LON2/DLON/H
   30   43   58   53   53   53   54   53   53   53   53   53   52   51   50   49
   49   48   47   47   46   46   45   44   44   43   42   41   41   40   40   39
   39   38   38   38   38   39   39   39   39   39   39   38   38   37   37   36
   36   36   35   35   35   35   35   35   36   36   37   38   38   39   40   41
   43   44   42   42   53   58   63   62   30                                   
    80.0-180.0 180.0   5.0 450.0                            LAT/LON1/LON2/DLON/H
   31   40   55   49   53   50   51   49   50   50   48   48   47   46   45   44
   44   43   43   43   42   42   42   41   41   40   40   39   38   38   37   37
   37   37   38   39   39   40   41   41   42   42   42   41   41   40   39   38
   37   36   35   35   34   34   34   34   34   34   34   35   35   36   37   38
   39   40   41   41   48   55   59   61   31                                   
    77.5-180.0 180.0   5.0 450.0                            LAT/LON1/LON2/DLON/H
   39   41   46   41   43   42   43   43   43   43   41   41   40   39   39   38
   38   38   39   39   39   39   39   39   39   38   38   37   36   35   35   35
   35   36   37   38   40   41   43   44   45   45   45   44   44   43   41   40
   39   37   36   35   34   33   32   31   31   30   30   30   30   30   30   30
   31   31   31   32   34   36   45   47   39                                   
    75.0-180.0 180.0   5.0 450.0                            LAT/LON1/LON2/DLON/H
   24   31   35   34   37   37   37   36   37   36   35   34   33   33   33   33
   33   34   36   37   38   39   39   40   39   39   38   37   37   36   36   36
   36   37   39   41   44   47   50   53   54   56   56   56   55   54   52   51
   49   47   45   43   41   39   37   36   34   32   31   30   29   28   28   28
   27   27   27   26   29   27   32   31   24                                   
    72.5-180.0 180.0   5.0 450.0                            LAT/LON1/LON2/DLON/H
   21   26   29   28   31   33   34   33   32   32   30   30   28   28   28   29
   30   32   33   35   37   38   39   40   39   39   38   37   36   35   35   35
   36   38   41   44   49   53   58   62   65   67   69   69   69   68   67   65
   64   61   59   56   53   49   46   43   40   37   35   33   31   30   28   27
   26   25   26   25   27   24   28   30   21                                   
    70.0-180.0 180.0   5.0 450.0                            LAT/LON1/LON2/DLON/H
   18   23   29   29   31   31   31   31   31   31   29   29   28   27   28   28
   30   32   35   37   39   41   42   42   42   42   41   40   39   38   37   38
   39   42   45   50   56   62   68   74   79   82   84   86   86   86   85   84
   82   79   76   72   68   63   58   53   48   44   41   38   36   34   32   31
   29   28   28   27   29   26   31   31   18                                   
    67.5-180.0 180.0   5.0 450.0                            LAT/LON1/LON2/DLON/H
   17   24   28   29   31   32   32   32   32   31   30   29   28   28   28   29
   31   33   35   38   40   41   42   42   42   42   41   40   39   39   39   40
   42   45   50   56   63   70   77   84   90   94   97   99  100  101  100   99
   98   95   91   86   80   74   67   60   55   50   46   43   40   38   36   35
   33   32   32   30   31   28   31   31   17                                   
    65.0-180.0 180.0   5.0 450.0                            LAT/LON1/LON2/DLON/H
   21   27   31   32   32   33   34   34   34   33   32   31   30   29   29   30
   32   34   36   38   39   40   41   41   41   40   40   40   41   41   42   44
   47   51   56   63   70   78   86   94  100  105  109  111  112  112  112  112
  110  108  103   97   90   81   73   65   58   53   49   46   43   41   40   39
   38   36   37   35   37   35   38   38   21                                   
    62.5-180.0 180.0   5.0 450.0                            LAT/LON1/LON2/DLON/H
   27   33   34   36   36   37   37   36   36   36   34   34   32   32   32   32
   33   34   36   37   37   37   37   37   37   37   38   40   42   44   47   50
   54   59   65   72   79   87   95  103  109  113  117  118  119  119  120  120
  119  116  111  104   95   86   76   67   60   54   50   47   45   43   42   41
   40   40   41   40   42   41   44   44   27                                   
    60.0-180.0 180.0   5.0 450.0                            LAT/LON1/LON2/DLON/H
   34   39   39   39   38   38   37   37   37   36   35   34   33   32   32   32
   32   33   33   33   32   32   31   31   31   32   34   37   41   46   51   56
   62   67   74   80   87   94  102  108  114  117  120  120  121  121  121  121
  121  118  113  106   96   86   75   66   59   53   49   46   44   42   41   40
   40   39   41   41   44   44   47   47   34                                   
    57.5-180.0 180.0   5.0 450.0                            LAT/LON1/LON2/DLON/H
   41   44   43   43   41   41   39   39   38   38   37   36   35   34   34   34
   33   33   32   30   29   27   26   26   27   29   33   38   44   51   58   66
   73   79   85   91   97  104  110  116  120  123  124  124  124  124  124  125
  125  123  118  110  100   89   79   70   62   57   53   50   47   44   42   41
   40   40   42   43   47   47   49   50   41                                   
    55.0-180.0 180.0   5.0 450.0                            LAT/LON1/LON2/DLON/H
   47   49   48   47   45   44   42   41   41   40   39   38   37   36   36   35
   35   34   31   29   27   25   24   25   26   29   34   41   49   58   67   76
   84   91   98  103  109  114  119  123  127  129  129  129  129  129  129  130
  130  129  124  117  107   96   86   77   70   66   62   58   54   50   47   44
   42   42   44   44   48   49   51   51   47                                   
    52.5-180.0 180.0   5.0 450.0                            LAT/LON1/LON2/DLON/H
   52   53   53   52   50   49   46   45   44   43   42   41   39   39   38   38
   38   36   33   30   28   26   26   28   30   34   40   47   56   66   77   87
   96  104  110  115  120  124  128  132  135  137  137  137  137  137  137  138
  139  138  134  127  118  108   98   89   83   78   75   70   66   60   55   51
   48   46   48   48   51   51   53   53   52                                   
    50.0-180.0 180.0   5.0 450.0                            LAT/LON1/LON2/DLON/H
   56   57   57   57   56   56   53   51   49   48   45   44   42   42   42   42
   42   40   38   35   32   32   33   36   39   44   50   57   66   76   87   97
  106  114  121  126  130  134  138  142  145  147  148  148  148  148  148  149
  149  148  145  139  131  121  111  103   98   93   89   84   79   72   66   61
   56   54   54   53   56   56   57   56   56                                   
    47.5-180.0 180.0   5.0 450.0                            LAT/LON1/LON2/DLON/H
   58   60   61   63   62   64   61   58   56   54   51   48   46   45   46   47
   48   47   44   42   41   42   45   49   54   58   64   70   78   86   96  105
  114  121  128  134  139  144  149  153  156  158  160  160  160  159  159  160
  160  159  156  150  142  133  123  116  109  104  100   95   90   84   77   72
   67   63   63   60   62   61   62   60   58                                   
    45.0-180.0 180.0   5.0 450.0                            LAT/LON1/LON2/DLON/H
   59   62   63   68   68   72   69   67   65   62   58   54   51   50   51   53
   54   54   52   51   52   55   60   65   70   75   79   83   89   95  102  110
  118  126  133  140  147  154  160  164  168  170  171  171  171  170  169  168
  167  166  163  158  150  141  131  122  115  109  104  100   95   90   85   80
   76   73   71   68   68   67   68   66   59                                   
    42.5-180.0 180.0   5.0 450.0                            LAT/LON1/LON2/DLON/H
   58   62   64   70   72   78   76   75   73   70   65   61   57   56   57   59
   60   61   61   61   64   69   75   81   86   90   93   95   99  103  108  113
  120  128  137  146  156  164  172  177  180  182  182  181  179  177  175  173
  172  170  167  161  153  144  133  123  115  107  101   97   93   90   86   84
   81   79   77   74   72   72   71   70   58                                   
    40.0-180.0 180.0   5.0 450.0                            LAT/LON1/LON2/DLON/H
   55   60   62   70   73   79   79   80   79   77   72   68   64   62   62   64
   66   67   68   70   74   80   87   94   98  101  104  105  107  110  113  118
  124  133  143  155  166  177  185  191  193  193  192  189  186  183  179  177
  174  171  168  162  154  144  133  122  111  102   94   89   86   84   83   83
   82   80   79   75   74   73   72   72   55                                   
    37.5-180.0 180.0   5.0 450.0                            LAT/LON1/LON2/DLON/H
   52   57   57   65   69   75   77   80   81   81   78   75   71   68   68   68
   69   71   73   76   81   88   95  101  105  108  111  113  115  118  121  125
  132  142  154  167  181  193  202  207  208  205  201  197  192  188  184  181
  177  174  171  165  158  148  136  124  111  100   90   83   79   78   78   79
   79   78   77   73   71   70   68   69   52                                   
    35.0-180.0 180.0   5.0 450.0                            LAT/LON1/LON2/DLON/H
   49   53   52   58   62   67   70   75   79   81   81   80   77   74   73   72
   72   73   76   79   85   91   97  102  106  110  114  119  123  128  132  137
  145  156  170  186  201  213  222  226  225  220  214  208  202  198  194  191
  188  185  182  177  171  162  151  139  125  110   97   87   81   79   78   78
   78   75   74   70   68   65   63   65   49                                   
    32.5-180.0 180.0   5.0 450.0                            LAT/LON1/LON2/DLON/H
   47   49   46   51   53   56   60   66   73   78   81   83   81   79   77   75
   75   75   78   81   86   91   96  100  104  109  116  124  132  139  146  154
  164  177  192  209  225  238  245  248  245  238  231  224  220  216  214  211
  209  208  206  203  198  192  184  172  158  141  124  109   99   92   88   86
   82   77   74   69   66   61   60   61   47                                   
    30.0-180.0 180.0   5.0 450.0                            LAT/LON1/LON2/DLON/H
   48   48   42   45   45   46   50   56   64   71   78   83   84   83   81   78
   77   77   80   83   86   89   92   95   99  107  116  128  140  152  162  174
  186  202  219  237  253  265  272  273  269  262  255  249  246  245  245  245
  245  244  244  243  242  239  234  225  211  193  172  152  136  123  114  107
   98   89   83   74   69   62   61   60   48                                   
    27.5-180.0 180.0   5.0 450.0                            LAT/LON1/LON2/DLON/H
   52   50   42   42   41   41   42   47   55   63   71   79   83   84   83   81
   79   80   82   84   86   86   87   90   95  104  117  132  148  164  179  194
  210  229  248  266  282  293  299  300  296  290  285  282  283  285  288  290
  292  294  295  297  298  299  298  292  280  261  238  213  191  171  155  142
  127  113  102   89   81   72   71   66   52                                   
    25.0-180.0 180.0   5.0 450.0                            LAT/LON1/LON2/DLON/H
   62   57   47   45   42   40   40   42   48   55   64   72   78   81   82   81
   81   82   84   85   84   83   83   86   92  103  118  136  155  174  194  213
  234  255  276  294  310  320  326  327  325  322  320  322  326  332  338  343
  348  351  355  359  364  369  371  369  359  340  314  285  257  231  208  188
  167  149  133  114  103   90   89   80   62                                   
    22.5-180.0 180.0   5.0 450.0                            LAT/LON1/LON2/DLON/H
   77   70   58   53   49   46   44   43   46   52   58   65   72   76   79   80
   81   83   85   85   83   81   80   84   91  103  120  139  160  183  206  231
  255  279  300  319  333  343  349  352  353  354  357  363  373  383  392  400
  406  412  417  423  430  438  444  443  434  415  387  355  322  291  263  237
  212  191  170  148  133  117  114  101   77                                   
    20.0-180.0 180.0   5.0 450.0                            LAT/LON1/LON2/DLON/H
   98   90   76   68   63   58   54   50   50   52   56   61   66   70   74   76
   79   82   84   84   81   79   79   83   92  106  122  142  164  189  216  244
  272  297  319  336  350  360  366  371  376  382  391  403  416  430  442  452
  459  465  471  477  485  493  499  499  489  469  441  408  373  340  308  280
  254  232  208  185  167  148  142  127   98                                   
    17.5-180.0 180.0   5.0 450.0                            LAT/LON1/LON2/DLON/H
  121  112   98   89   82   75   69   62   59   58   58   59   62   65   69   73
   77   80   82   82   79   77   79   85   95  109  126  146  168  194  224  254
  283  309  330  347  360  370  378  385  394  405  419  435  452  467  480  489
  496  501  506  510  516  521  525  523  512  492  464  432  399  366  336  309
  284  264  241  218  198  178  168  154  121                                   
    15.0-180.0 180.0   5.0 450.0                            LAT/LON1/LON2/DLON/H
  142  133  121  110  104   95   88   79   72   67   64   62   62   64   67   70
   74   78   80   79   77   76   79   87  100  115  132  151  173  200  230  262
  291  316  336  352  364  374  384  394  406  421  438  457  474  489  500  508
  513  516  517  519  520  522  522  516  503  483  457  428  399  370  343  319
  299  283  263  243  223  201  189  175  142                                   
    12.5-180.0 180.0   5.0 450.0                            LAT/LON1/LON2/DLON/H
  156  148  140  128  122  112  106   96   87   79   72   68   65   65   67   70
   73   76   77   77   76   76   81   92  106  123  140  159  180  207  237  268
  296  320  338  353  365  376  387  400  415  432  451  469  485  497  505  509
  511  512  511  509  507  504  499  489  474  453  429  404  379  355  332  314
  299  288  272  256  237  215  202  188  156                                   
    10.0-180.0 180.0   5.0 450.0                            LAT/LON1/LON2/DLON/H
  164  157  151  140  135  125  120  110  100   90   82   75   71   69   69   71
   73   75   76   75   75   78   86   98  115  133  151  169  191  216  245  274
  300  322  339  352  365  377  390  405  422  440  459  475  487  496  500  502
  501  499  496  492  487  481  471  458  440  419  396  375  354  333  314  299
  288  280  269  256  240  218  205  191  164                                   
     7.5-180.0 180.0   5.0 450.0                            LAT/LON1/LON2/DLON/H
  167  161  156  144  141  132  128  120  110  100   91   84   78   74   73   72
   73   74   74   75   77   82   91  106  125  144  163  182  204  228  255  281
