data/edconvlstm_nd/pred2500.15i
     1.0            IONOSPHERE MAPS     GNSS                IONEX VERSION / TYPE
pyspatialgeodesy        IME             05-JAN-18 20:20     PGM / RUN BY / DATE 
Map Name                                                    COMMENT             
Predicted global ionosphere maps (GIM).                     DESCRIPTION         
  2015     9     7     0     0     0                        EPOCH OF FIRST MAP  
  2015     9     8     0     0     0                        EPOCH OF LAST MAP   
  7200                                                      INTERVAL            
    13                                                      # OF MAPS IN FILE   
  NONE                                                      MAPPING FUNCTION    
10.0                                                        ELEVATION CUTOFF    
One-way carrier phase leveled to code                       OBSERVABLES USED    
  6371.0                                                    BASE RADIUS         
 2                                                          MAP DIMENSION       
   450.0 450.0   0.0                                        HGT1 / HGT2 / DHGT  
    87.5 -87.5  -2.5                                        LAT1 / LAT2 / DLAT  
  -180.0 180.0   5.0                                        LON1 / LON2 / DLON  
    -1                                                      EXPONENT            
                                                            END OF HEADER       
[from data line 2145]
     6                                                      START OF TEC MAP    
  2015     9     7    10     0     0                        EPOCH OF CURRENT MAP
    87.5-180.0 180.0   5.0 450.0                            LAT/LON1/LON2/DLON/H
   79   88   88   92   94   95   94   91   92   95   95   96   96   96   96   96
   96   96   96   95   95   95   94   93   92   92   91   90   89   87   86   85
   84   83   82   81   80   78   77   77   76   75   75   74   74   74   73   73
   73   73   74   74   74   74   74   74   75   75   75   76   76   76   76   77
   78   80   79   78   83   84   96   96   79                                   
    85.0-180.0 180.0   5.0 450.0                            LAT/LON1/LON2/DLON/H
   79   93  101   93   94   99   99  100  101  103  103  104  104  105  105  105
  105  104  104  104  103  103  102  102  101  100  100   99   98   97   96   94
   93   92   91   89   88   87   86   85   84   83   82   81   81   80   80   80
   79   79   79   79   79   79   80   80   80   80   81   81   81   82   82   83
   84   86   82   80   80   85   93   95   79                                   
    82.5-180.0 180.0   5.0 450.0                            LAT/LON1/LON2/DLON/H
   75   88   97   91   91   95   97   98  100  102  102  103  103  103  103  103
  103  102  102  102  101  101  101  100  100   99   99   98   97   97   96   95
   94   93   92   90   89   88   87   86   85   84   83   83   82   82   82   81
   81   81   81   81   81   81   81   80   80   80   80   80   80   79   79   80
   80   81   77   76   79   84   81   81   75                                   
    80.0-180.0 180.0   5.0 450.0                            LAT/LON1/LON2/DLON/H
   72   78   87   84   86   87   89   92   94   96   95   97   96   96   96   95
   95   95   94   94   94   94   94   94   93   93   93   94   94   94   94   93
   93   92   92   91   90   89   88   87   87   86   86   85   85   85   85   85
   85   85   85   85   84   84   83   83   82   81   80   80   79   78   76   76
   76   74   73   71   71   77   81   78   72                                   
    77.5-180.0 180.0   5.0 450.0                            LAT/LON1/LON2/DLON/H
   69   71   76   76   77   81   83   86   88   89   88   89   88   88   87   87
   87   87   87   87   87   87   87   88   88   88   89   90   91   92   93   93
   94   94   94   94   94   93   93   92   92   92   93   93   94   94   95   96
   97   97   97   97   96   95   94   93   91   90   88   86   84   81   79   77
   75   72   68   67   66   65   67   70   69                                   
    75.0-180.0 180.0   5.0 450.0                            LAT/LON1/LON2/DLON/H
   56   61   61   64   67   72   74   76   78   78   77   77   76   75   74   74
   74   74   75   75   76   76   77   77   78   79   81   82   85   87   89   91
   93   94   95   96   96   97   97   97   98   99  100  102  103  105  106  108
  109  109  109  109  108  107  105  103  101   98   96   93   90   86   82   79
   75   71   66   60   59   57   59   57   56                                   
    72.5-180.0 180.0   5.0 450.0                            LAT/LON1/LON2/DLON/H
   49   52   52   55   59   66   68   70   71   71   69   69   67   66   66   66
   66   67   68   68   69   70   70   70   71   73   74   77   80   83   87   90
   94   96   98  100  101  102  103  105  106  108  111  113  116  119  121  123
  125  125  125  124  123  121  118  115  112  109  106  102   98   94   89   85
   80   74   69   61   58   54   53   55   49                                   
    70.0-180.0 180.0   5.0 450.0                            LAT/LON1/LON2/DLON/H
   46   46   47   50   53   57   59   61   63   63   61   60   58   57   57   57
   58   59   60   62   62   63   63   64   64   66   68   71   75   80   85   89
   94   97  100  103  105  107  109  111  114  117  121  124  128  131  134  136
  137  137  136  135  132  130  126  122  119  115  111  107  103   99   94   89
   83   77   71   63   57   53   54   55   46                                   
    67.5-180.0 180.0   5.0 450.0                            LAT/LON1/LON2/DLON/H
   42   42   43   46   49   53   55   57   58   58   57   56   54   54   54   54
   55   57   58   59   60   60   60   60   60   61   64   67   72   77   82   88
   92   97  100  103  105  108  110  114  117  122  127  131  136  139  142  143
  143  143  141  139  136  132  128  124  120  116  113  109  106  101   97   93
   87   80   74   65   59   54   53   54   42                                   
    65.0-180.0 180.0   5.0 450.0                            LAT/LON1/LON2/DLON/H
   43   42   42   44   46   49   52   54   55   56   54   54   53   53   53   54
   55   57   58   59   59   58   58   58   58   60   62   66   71   77   83   88
   93   98  102  105  108  111  114  119  124  129  135  140  145  148  150  150
  150  148  145  142  139  134  130  126  121  118  114  111  108  105  101   97
   93   87   81   72   66   61   60   60   43                                   
    62.5-180.0 180.0   5.0 450.0                            LAT/LON1/LON2/DLON/H
   46   43   43   43   44   46   48   50   52   53   52   53   53   53   53   55
   56   57   58   58   57   57   56   56   57   59   62   66   72   77   83   89
   94   98  102  105  109  113  117  122  129  135  142  148  152  154  155  154
  152  150  147  143  139  135  130  126  122  118  115  112  110  107  104  101
   97   92   88   79   73   68   67   66   46                                   
    60.0-180.0 180.0   5.0 450.0                            LAT/LON1/LON2/DLON/H
   51   46   43   41   40   42   43   45   47   48   48   50   50   51   52   53
   54   55   55   54   53   53   52   53   54   57   61   66   72   78   83   88
   93   97  101  105  109  114  120  126  133  141  148  153  157  159  158  156
  153  150  147  143  139  135  131  126  122  119  116  114  111  108  105  102
   99   95   92   86   81   76   74   72   51                                   
    57.5-180.0 180.0   5.0 450.0                            LAT/LON1/LON2/DLON/H
   57   50   45   42   39   39   39   40   42   44   45   47   48   49   51   51
   52   51   51   50   49   49   49   50   53   57   62   68   74   79   84   88
   93   97  102  107  112  118  125  133  141  149  156  162  165  165  164  161
  157  154  151  148  145  141  137  132  129  125  123  120  117  113  110  107
  104  100   98   93   89   85   82   79   57                                   
    55.0-180.0 180.0   5.0 450.0                            LAT/LON1/LON2/DLON/H
   64   55   49   43   39   37   36   37   38   39   40   43   44   46   47   48
   48   47   46   45   44   44   45   48   52   57   63   69   75   81   85   89
   93   98  103  110  117  124  133  142  151  159  167  172  174  173  171  167
  164  161  159  156  153  150  145  141  138  134  131  128  125  121  116  112
  109  106  104   99   96   92   89   85   64                                   
    52.5-180.0 180.0   5.0 450.0                            LAT/LON1/LON2/DLON/H
   72   62   53   48   42   39   37   36   36   37   37   40   41   43   44   44
   43   42   41   40   40   41   43   47   52   58   65   72   77   82   86   90
   94   99  106  115  124  133  143  153  163  172  179  183  185  183  180  176
  173  171  169  167  165  161  156  152  148  145  142  139  135  130  124  120
  116  112  110  105  102   98   95   90   72                                   
    50.0-180.0 180.0   5.0 450.0                            LAT/LON1/LON2/DLON/H
   79   69   60   55   49   45   42   39   38   38   37   38   39   40   41   41
   40   39   38   37   38   40   43   47   53   60   67   74   80   84   87   91
   96  103  112  122  133  144  155  166  176  185  192  196  197  194  191  187
  184  182  181  179  176  171  166  162  158  155  153  150  145  140  134  128
  123  119  115  110  106  103   99   94   79                                   
    47.5-180.0 180.0   5.0 450.0                            LAT/LON1/LON2/DLON/H
   85   76   68   65   59   56   52   48   45   43   41   40   40   40   40   39
   39   38   37   37   38   41   45   50   56   63   70   77   82   86   90   94
  100  108  119  131  144  157  169  181  191  200  206  210  210  207  203  199
  196  194  191  188  184  178  172  167  164  162  160  158  154  149  143  137
  132  126  121  114  109  105  102   98   85                                   
    45.0-180.0 180.0   5.0 450.0                            LAT/LON1/LON2/DLON/H
   87   82   75   75   70   68   64   60   56   52   48   46   44   43   42   41
   40   39   39   40   42   45   49   55   61   68   74   80   85   90   93   98
  105  115  127  142  157  171  184  196  206  215  221  224  224  221  216  211
  207  203  199  194  187  180  173  168  165  164  164  163  160  156  151  146
  140  133  126  117  109  105  102  100   87                                   
    42.5-180.0 180.0   5.0 450.0                            LAT/LON1/LON2/DLON/H
   86   84   80   82   78   79   77   73   69   64   58   55   51   49   47   46
   45   44   45   47   49   52   56   61   66   72   79   84   90   94   99  104
  112  124  138  153  169  184  198  210  221  230  237  240  239  236  230  224
  218  211  204  195  186  177  169  165  163  163  165  165  164  161  157  153
  148  140  130  119  109  104  101  100   86                                   
    40.0-180.0 180.0   5.0 450.0                            LAT/LON1/LON2/DLON/H
   82   82   80   84   82   85   85   83   79   74   68   64   60   57   55   53
   52   52   53   55   57   60   63   67   71   77   83   89   95  100  106  113
  122  134  149  165  181  197  211  224  235  245  252  256  256  253  246  238
  229  219  208  196  184  173  166  162  161  163  166  168  168  166  164  160
  155  146  135  121  109  102   99   98   82                                   
    37.5-180.0 180.0   5.0 450.0                            LAT/LON1/LON2/DLON/H
   77   78   77   81   80   84   86   87   85   81   76   72   68   66   63   62
   61   61   62   63   65   67   69   72   76   81   87   94  101  108  116  124
  134  147  161  176  192  208  222  236  248  260  269  274  275  272  265  255
  243  229  214  199  185  174  167  164  165  168  172  175  175  174  171  168
  162  153  140  124  109  100   97   96   77                                   
    35.0-180.0 180.0   5.0 450.0                            LAT/LON1/LON2/DLON/H
   73   74   73   74   73   77   81   83   84   82   80   78   75   73   72   71
   70   69   70   70   71   72   73   75   79   84   91  100  109  118  128  138
  148  160  173  187  202  217  232  246  261  274  285  293  296  294  287  275
  260  243  226  209  195  185  178  177  179  183  187  189  189  186  182  178
  171  160  146  129  112  100   96   94   73                                   
    32.5-180.0 180.0   5.0 450.0                            LAT/LON1/LON2/DLON/H
   73   70   68   66   64   67   72   75   77   78   79   79   79   79   79   78
   77   76   75   75   75   75   75   77   81   88   96  106  117  128  140  152
  163  174  185  198  211  226  241  256  273  288  302  312  317  317  311  299
  283  265  247  230  217  208  203  203  205  209  212  213  211  205  199  192
  183  171  155  137  119  104   99   95   73                                   
    30.0-180.0 180.0   5.0 450.0                            LAT/LON1/LON2/DLON/H
   77   70   65   59   56   58   62   65   68   71   74   77   80   82   83   83
   82   80   78   77   77   76   77   79   84   91  101  112  125  139  153  166
  177  188  198  209  221  235  250  267  285  302  318  331  339  341  337  326
  311  293  276  262  251  244  241  242  244  247  249  247  242  233  222  211
  198  184  168  149  131  113  107   99   77                                   
    27.5-180.0 180.0   5.0 450.0                            LAT/LON1/LON2/DLON/H
   87   76   67   57   53   52   55   56   60   63   68   73   78   82   85   86
   85   82   80   78   78   78   79   81   87   95  106  118  132  148  163  178
  190  200  210  220  232  246  262  279  297  315  333  348  359  364  363  354
  341  326  313  302  294  290  289  290  292  294  293  289  280  267  251  235
  218  201  184  165  147  128  121  111   87                                   
    25.0-180.0 180.0   5.0 450.0                            LAT/LON1/LON2/DLON/H
  104   89   77   65   58   55   55   54   56   59   64   70   76   81   85   87
   86   83   81   79   79   79   81   85   91   99  110  123  138  154  171  188
  201  212  223  233  246  260  276  293  311  329  347  363  377  385  387  382
  372  362  352  346  342  340  340  341  342  342  339  333  321  304  283  262
  241  221  203  184  167  147  140  128  104                                   
    22.5-180.0 180.0   5.0 450.0                            LAT/LON1/LON2/DLON/H
  127  110   96   83   74   69   66   62   61   62   65   69   74   80   85   87
   87   84   82   80   81   82   85   89   95  104  114  126  141  158  177  194
  210  223  235  248  261  277  293  309  326  342  359  376  391  402  407  407
  402  396  391  388  387  387  387  387  386  385  381  373  360  340  316  290
  265  243  225  205  188  169  162  149  127                                   
    20.0-180.0 180.0   5.0 450.0                            LAT/LON1/LON2/DLON/H
  152  136  122  110  101   93   87   79   75   72   71   73   76   80   84   87
   87   85   83   82   83   85   89   93  100  108  117  128  142  160  179  199
  217  233  248  262  278  295  312  327  342  356  371  387  403  416  425  427
  427  425  424  423  424  424  423  422  420  418  413  405  392  371  344  316
  288  264  245  225  208  190  183  171  152                                   
    17.5-180.0 180.0   5.0 450.0                            LAT/LON1/LON2/DLON/H
  174  163  152  142  132  123  115  104   95   88   83   81   80   82   85   87
   87   86   84   84   85   88   92   98  104  111  119  129  143  160  181  203
  223  242  259  277  295  313  331  347  360  371  384  398  414  428  438  443
  446  446  447  447  447  446  445  444  442  440  435  427  414  393  366  336
  306  281  263  241  224  207  201  190  174                                   
    15.0-180.0 180.0   5.0 450.0                            LAT/LON1/LON2/DLON/H
  192  186  179  171  161  152  143  130  118  107   98   91   87   85   86   87
   88   87   86   86   87   91   95  100  107  114  121  131  144  162  183  206
  229  250  270  291  311  331  350  365  378  388  398  410  425  438  448  455
  458  459  460  458  457  455  455  455  454  453  449  441  427  407  380  349
  318  293  274  253  235  220  215  204  192                                   
    12.5-180.0 180.0   5.0 450.0                            LAT/LON1/LON2/DLON/H
  205  202  199  192  183  174  165  152  139  125  113  103   95   89   88   88
   88   88   87   87   89   92   96  102  109  116  124  134  147  166  188  212
  235  258  281  303  325  346  366  382  395  404  413  423  436  447  456  462
  464  465  463  461  458  456  457  460  462  462  458  449  435  414  387  356
  324  299  281  260  243  228  224  213  205                                   
    10.0-180.0 180.0   5.0 450.0                            LAT/LON1/LON2/DLON/H
  212  212  211  202  195  186  179  166  153  139  126  113  102   94   90   89
   89   89   88   88   89   92   97  103  110  119  128  139  154  173  195  219
  242  266  289  312  335  356  377  394  408  418  427  436  446  455  462  465
  466  465  462  457  454  454  458  465  470  471  466  455  439  417  389  357
  326  301  283  263  247  234  230  219  212                                   
     7.5-180.0 180.0   5.0 450.0                            LAT/LON1/LON2/DLON/H
  218  218  217  206  200  190  184  171  159  146  134  122  109   99   93   90
   90   90   89   89   90   92   96  103  112  123  134  147  163  182  204  227
