data/edconvlstm_nd/pred0470.15i
     1.0            IONOSPHERE MAPS     GNSS                IONEX VERSION / TYPE
pyspatialgeodesy        IME             05-JAN-18 20:20     PGM / RUN BY / DATE 
Map Name                                                    COMMENT             
Predicted global ionosphere maps (GIM).                     DESCRIPTION         
  2015     2    16     0     0     0                        EPOCH OF FIRST MAP  
  2015     2    17     0     0     0                        EPOCH OF LAST MAP   
  7200                                                      INTERVAL            
    13                                                      # OF MAPS IN FILE   
  NONE                                                      MAPPING FUNCTION    
10.0                                                        ELEVATION CUTOFF    
One-way carrier phase leveled to code                       OBSERVABLES USED    
  6371.0                                                    BASE RADIUS         
 2                                                          MAP DIMENSION       
   450.0 450.0   0.0                                        HGT1 / HGT2 / DHGT  
    87.5 -87.5  -2.5                                        LAT1 / LAT2 / DLAT  
  -180.0 180.0   5.0                                        LON1 / LON2 / DLON  
    -1                                                      EXPONENT            
                                                            END OF HEADER       
[from data line 4719]
    12                                                      START OF TEC MAP    
  2015     2    16    22     0     0                        EPOCH OF CURRENT MAP
    87.5-180.0 180.0   5.0 450.0                            LAT/LON1/LON2/DLON/H
  150  133  116  123  125  125  125  123  122  124  123  124  123  123  123  123
  123  122  121  121  120  119  118  118  117  117  117  117  117  117  117  117
  118  118  118  118  118  119  119  119  119  120  120  121  121  122  122  123
  124  124  125  125  125  126  126  126  126  126  126  126  125  125  124  123
  122  122  121  121  132  130  136  149  150                                   
    85.0-180.0 180.0   5.0 450.0                            LAT/LON1/LON2/DLON/H
  135  128  129  124  122  127  128  130  130  132  132  132  132  132  132  131
  130  129  128  127  125  124  123  122  121  120  119  119  119  119  119  119
  119  119  119  119  120  120  120  121  121  122  122  123  124  125  126  126
  127  128  129  130  130  131  131  131  131  131  131  130  130  129  128  127
  127  126  125  123  128  124  123  130  135                                   
    82.5-180.0 180.0   5.0 450.0                            LAT/LON1/LON2/DLON/H
  105  106  108  107  110  116  122  124  125  128  129  130  130  130  129  128
  126  124  121  118  115  113  110  108  107  106  105  105  105  105  105  105
  106  106  106  106  106  106  106  106  106  106  106  107  108  109  110  111
  112  113  114  115  116  117  117  117  117  117  117  116  115  114  112  111
  110  108  107  111  115  124  115  120  105                                   
    80.0-180.0 180.0   5.0 450.0                            LAT/LON1/LON2/DLON/H
   96  102  109  108  111  115  124  130  133  136  138  140  140  139  137  134
  131  126  121  116  111  106  102   99   97   96   95   95   96   97   98   99
  100  100  101  101  101  101  101  100  100  100  101  102  103  104  105  107
  109  110  112  113  115  116  116  116  116  116  115  114  113  111  110  108
  107  105  104  105  104  105  101  119   96                                   
    77.5-180.0 180.0   5.0 450.0                            LAT/LON1/LON2/DLON/H
  106  104  117  116  123  130  139  146  151  155  159  162  162  161  158  153
  146  139  130  122  114  107  101   97   94   92   92   92   94   95   97   99
  100  101  102  102  102  101  100   99   98   97   96   96   97   98   99  100
  102  104  105  107  108  109  110  110  110  110  109  108  106  104  103  101
  100   99   99  102  105  105  109  133  106                                   
    75.0-180.0 180.0   5.0 450.0                            LAT/LON1/LON2/DLON/H
  120  122  131  132  140  148  156  164  171  178  183  186  187  185  181  174
  165  155  143  132  121  112  104   98   95   93   92   93   95   97   99  101
  103  104  105  105  104  103  101  100   98   97   96   96   96   96   97   98
   99  100  101  102  103  103  104  104  104  104  103  102  101  100   99   99
   98  100  102  103  104  105  110  126  120                                   
    72.5-180.0 180.0   5.0 450.0                            LAT/LON1/LON2/DLON/H
  139  141  150  158  163  172  181  189  196  203  209  213  215  213  207  198
  186  173  158  143  129  117  108  100   95   92   91   92   93   95   97   99
  101  102  102  101  100   99   97   95   94   93   91   90   90   89   89   89
   89   89   90   90   90   90   90   90   90   90   90   90   90   90   90   91
   91   94   99  102  106  112  122  140  139                                   
    70.0-180.0 180.0   5.0 450.0                            LAT/LON1/LON2/DLON/H
  163  167  176  183  189  196  203  212  219  227  234  239  240  238  232  221
  208  192  175  159  143  130  119  110  104  100   98   97   96   97   97   97
   97   96   95   94   92   91   90   89   88   87   87   86   85   84   83   81
   81   80   79   78   78   77   76   76   76   77   78   79   80   82   84   87
   89   95  102  109  115  124  137  152  163                                   
    67.5-180.0 180.0   5.0 450.0                            LAT/LON1/LON2/DLON/H
  188  195  205  213  221  229  235  243  249  257  263  269  270  268  260  249
  234  217  198  181  164  150  138  128  120  113  109  105  102  100   98   95
   93   90   87   84   82   81   81   81   82   83   83   83   82   80   79   77
   75   73   71   70   69   67   67   67   67   68   70   72   75   78   82   87
   91   99  108  116  124  138  153  167  188                                   
    65.0-180.0 180.0   5.0 450.0                            LAT/LON1/LON2/DLON/H
  202  214  226  234  243  251  256  263  269  278  285  290  292  290  283  271
  256  239  222  205  189  175  162  151  141  132  124  116  109  103   96   90
   84   78   72   68   65   64   64   66   69   72   74   75   74   72   70   67
   64   61   59   57   55   54   53   53   54   56   59   62   66   70   76   82
   88   98  109  121  132  149  166  180  202                                   
    62.5-180.0 180.0   5.0 450.0                            LAT/LON1/LON2/DLON/H
  210  225  239  248  260  269  275  281  287  295  302  308  311  309  303  292
  278  262  246  230  216  202  189  177  164  152  140  129  118  108   97   87
   77   68   60   54   50   49   50   54   58   63   67   69   69   67   63   59
   56   52   50   48   46   45   44   44   46   48   52   56   61   65   71   78
   85   96  109  121  133  153  171  185  210                                   
    60.0-180.0 180.0   5.0 450.0                            LAT/LON1/LON2/DLON/H
  212  230  247  257  271  279  287  293  299  307  315  321  325  324  319  310
  297  284  270  256  244  231  219  205  191  176  161  147  133  119  105   92
   78   66   55   47   42   41   42   46   52   59   64   67   67   64   60   55
   51   47   45   43   41   40   39   40   42   45   48   53   57   62   68   75
   83   95  108  121  133  155  174  188  212                                   
    57.5-180.0 180.0   5.0 450.0                            LAT/LON1/LON2/DLON/H
  214  235  253  264  280  289  298  304  310  317  324  330  334  335  331  323
  313  302  290  279  268  257  244  230  214  198  182  167  152  137  121  104
   88   73   61   51   45   42   43   48   54   62   68   71   70   67   61   56
   51   48   46   44   43   42   42   42   44   47   51   55   59   63   69   76
   84   97  111  124  135  157  177  190  214                                   
    55.0-180.0 180.0   5.0 450.0                            LAT/LON1/LON2/DLON/H
  223  245  265  277  294  304  314  319  324  329  335  340  343  344  341  335
  327  317  307  298  288  277  264  250  234  218  203  188  174  160  143  126
  108   91   77   66   58   54   54   58   64   72   78   81   80   75   69   62
   58   55   53   52   51   50   50   50   52   55   59   62   65   69   75   82
   91  105  120  133  145  166  186  198  223                                   
    52.5-180.0 180.0   5.0 450.0                            LAT/LON1/LON2/DLON/H
  240  263  285  296  315  326  335  339  342  345  347  349  351  351  348  343
  336  328  319  310  300  290  278  263  248  233  220  208  197  183  167  150
  131  114   99   88   80   75   74   76   81   87   93   96   95   89   82   75
   70   67   66   65   64   62   61   62   63   66   69   71   74   78   83   92
  103  119  136  151  163  183  203  213  240                                   
    50.0-180.0 180.0   5.0 450.0                            LAT/LON1/LON2/DLON/H
  267  289  312  322  342  355  364  366  367  366  364  363  361  359  356  351
  344  335  326  317  309  299  287  273  259  246  235  225  216  203  188  170
  152  135  122  112  104   99   96   97  100  105  111  113  112  106   98   91
   86   83   82   81   78   76   74   73   74   76   79   81   83   87   94  104
  118  137  157  175  188  208  229  236  267                                   
    47.5-180.0 180.0   5.0 450.0                            LAT/LON1/LON2/DLON/H
  297  318  341  350  371  386  394  396  395  391  384  378  373  368  363  357
  349  340  331  322  314  305  295  282  269  257  247  237  227  214  197  178
  161  147  136  129  124  120  117  116  118  122  126  129  128  123  115  108
  103  100   98   95   92   87   84   82   82   84   86   87   90   94  103  116
  133  155  179  200  216  236  258  264  297                                   
    45.0-180.0 180.0   5.0 450.0                            LAT/LON1/LON2/DLON/H
  325  345  367  375  396  412  421  423  421  415  405  395  386  378  371  364
  355  345  336  327  320  313  303  292  279  266  254  242  229  212  192  173
  156  145  139  137  136  134  132  130  131  134  138  140  140  135  128  122
  117  113  110  106  101   95   90   87   87   88   90   92   95  101  112  128
  147  172  197  221  240  262  285  292  325                                   
    42.5-180.0 180.0   5.0 450.0                            LAT/LON1/LON2/DLON/H
  343  364  384  391  412  428  438  441  439  434  423  411  399  390  381  372
  362  351  341  333  328  322  315  303  289  273  257  240  221  199  177  157
  142  134  133  136  139  141  140  139  138  140  144  146  146  142  136  130
  124  121  117  111  104   97   91   88   88   90   92   94   98  106  120  138
  159  185  211  236  257  280  304  314  343                                   
    40.0-180.0 180.0   5.0 450.0                            LAT/LON1/LON2/DLON/H
  351  372  391  397  416  431  442  447  447  444  435  424  412  401  392  382
  371  359  350  343  339  335  328  316  299  279  257  233  209  183  159  141
  129  126  129  135  142  145  146  144  143  144  146  148  147  144  138  131
  126  122  117  111  103   96   90   87   87   89   92   95  101  111  126  147
  168  194  219  242  262  288  312  326  351                                   
    37.5-180.0 180.0   5.0 450.0                            LAT/LON1/LON2/DLON/H
  349  370  388  392  410  422  434  440  445  445  440  431  421  412  403  393
  381  370  361  356  353  350  343  328  308  282  255  227  199  173  152  137
  130  131  136  144  151  155  155  152  150  149  148  148  146  142  136  129
  123  119  114  108  101   94   89   87   87   89   92   96  103  115  132  154
  175  199  222  242  259  285  309  326  349                                   
    35.0-180.0 180.0   5.0 450.0                            LAT/LON1/LON2/DLON/H
  344  364  380  382  398  407  420  427  436  440  440  436  429  422  414  404
  393  383  375  370  368  364  355  338  315  287  258  229  203  180  164  157
  156  160  166  172  175  174  171  166  161  157  153  150  146  140  133  126
  120  115  110  105  100   95   92   90   91   93   95  100  107  120  139  161
  181  203  223  240  253  278  302  318  344                                   
    32.5-180.0 180.0   5.0 450.0                            LAT/LON1/LON2/DLON/H
  343  362  377  377  389  393  406  413  425  434  438  438  435  431  424  416
  406  396  388  383  380  374  363  345  321  295  269  245  225  211  206  208
  215  221  224  222  216  207  197  188  179  170  163  156  149  141  133  125
  119  114  110  107  103  101   99   99   99  101  103  106  114  128  148  170
  190  210  228  242  252  275  298  312  343                                   
    30.0-180.0 180.0   5.0 450.0                            LAT/LON1/LON2/DLON/H
  355  374  388  384  393  393  403  409  421  431  439  443  443  440  435  427
  417  408  400  394  388  380  367  350  330  310  292  278  270  271  281  296
  310  317  312  296  274  251  231  215  202  189  178  168  158  149  139  130
  123  117  114  112  112  111  111  111  112  113  114  117  124  139  159  182
  202  222  239  252  261  283  306  316  355                                   
    27.5-180.0 180.0   5.0 450.0                            LAT/LON1/LON2/DLON/H
  382  402  416  410  418  414  420  422  432  440  448  452  453  451  446  437
  427  417  408  400  392  381  369  356  344  334  329  330  340  360  389  419
  440  441  419  381  337  297  266  243  226  211  197  184  173  162  152  142
  133  127  123  123  124  125  125  125  125  125  126  129  136  151  172  197
  218  239  256  271  281  303  328  334  382                                   
    25.0-180.0 180.0   5.0 450.0                            LAT/LON1/LON2/DLON/H
  423  444  460  456  465  461  462  458  462  465  469  470  469  465  458  448
  437  425  415  404  393  382  372  367  365  370  381  400  431  471  517  556
  574  561  518  454  388  331  290  263  244  229  215  202  191  181  170  159
  148  140  135  135  136  137  137  136  135  134  135  138  146  161  184  211
  234  259  279  297  310  334  363  366  423                                   
    22.5-180.0 180.0   5.0 450.0                            LAT/LON1/LON2/DLON/H
  472  496  514  515  529  526  525  515  511  507  504  499  493  484  473  460
  447  434  421  408  396  386  382  386  398  419  447  484  530  582  633  667
  671  639  573  490  408  340  294  267  250  238  227  217  208  199  189  177
  164  154  148  146  146  145  143  140  138  137  137  141  150  167  193  222
  250  280  304  327  344  371  404  408  472                                   
    20.0-180.0 180.0   5.0 450.0                            LAT/LON1/LON2/DLON/H
  520  550  570  578  599  599  597  583  574  562  551  539  526  511  494  477
  460  445  431  417  405  399  403  418  444  479  521  567  617  665  702  716
  700  650  572  478  389  319  275  252  242  236  230  225  219  213  205  192
  178  166  158  154  152  149  144  139  136  135  136  141  152  171  199  232
  264  299  328  356  376  409  445  452  520                                   
    17.5-180.0 180.0   5.0 450.0                            LAT/LON1/LON2/DLON/H
  558  595  620  633  662  666  665  651  638  621  603  585  565  544  521  499
  480  463  448  434  425  425  438  465  503  548  593  635  670  695  704  694
  658  597  513  420  335  274  241  228  226  227  227  226  224  221  214  202
  187  174  164  158  154  148  141  135  131  130  133  140  154  175  205  241
  277  316  349  380  403  441  480  492  558                                   
    15.0-180.0 180.0   5.0 450.0                            LAT/LON1/LON2/DLON/H
  582  626  657  674  709  718  720  707  694  674  654  631  607  581  553  528
  506  488  473  461  457  464  486  523  568  612  648  669  675  666  644  609
  558  490  411  332  267  226  208  206  212  217  221  223  223  221  215  204
  189  176  166  158  151  144  135  129  125  125  130  139  155  179  212  250
  288  329  364  396  421  463  504  519  582                                   
    12.5-180.0 180.0   5.0 450.0                            LAT/LON1/LON2/DLON/H
  592  640  676  697  736  750  755  745  734  716  695  672  646  617  587  560
  537  520  507  499  500  514  545  586  630  663  676  665  634  590  539  483
  423  359  298  247  213  196  194  201  209  216  219  220  219  216  209  198
  185  173  163  155  147  138  130  124  121  122  127  138  157  183  218  258
  296  337  373  404  429  473  516  533  592                                   
    10.0-180.0 180.0   5.0 450.0                            LAT/LON1/LON2/DLON/H
  590  640  680  702  746  763  772  765  759  744  727  706  681  653  622  595
  573  557  547  543  550  571  605  645  679  691  673  627  562  490  417  351
  292  245  213  196  192  198  207  218  225  226  224  220  215  208  199  188
  176  166  158  151  143  136  128  123  121  122  128  139  159  187  224  264
  302  342  376  405  430  475  517  536  590                                   
     7.5-180.0 180.0   5.0 450.0                            LAT/LON1/LON2/DLON/H
  585  634  676  697  742  762  773  770  769  761  749  734  713  687  658  632
  612  598  591  591  603  626  659  691  707  694  646  570  480  391  312  248
