data/edconvlstm_nd/pred1980.15i
     1.0            IONOSPHERE MAPS     GNSS                IONEX VERSION / TYPE
pyspatialgeodesy        IME             05-JAN-18 20:20     PGM / RUN BY / DATE 
Map Name                                                    COMMENT             
Predicted global ionosphere maps (GIM).                     DESCRIPTION         
  2015     7    17     0     0     0                        EPOCH OF FIRST MAP  
  2015     7    18     0     0     0                        EPOCH OF LAST MAP   
  7200                                                      INTERVAL            
    13                                                      # OF MAPS IN FILE   
  NONE                                                      MAPPING FUNCTION    
10.0                                                        ELEVATION CUTOFF    
One-way carrier phase leveled to code                       OBSERVABLES USED    
  6371.0                                                    BASE RADIUS         
 2                                                          MAP DIMENSION       
   450.0 450.0   0.0                                        HGT1 / HGT2 / DHGT  
    87.5 -87.5  -2.5                                        LAT1 / LAT2 / DLAT  
  -180.0 180.0   5.0                                        LON1 / LON2 / DLON  
    -1                                                      EXPONENT            
                                                            END OF HEADER       
[from data line 858]
     3                                                      START OF TEC MAP    
  2015     7    17     4     0     0                        EPOCH OF CURRENT MAP
    87.5-180.0 180.0   5.0 450.0                            LAT/LON1/LON2/DLON/H
  150  151  151  154  155  153  150  149  150  150  151  151  152  152  152  151
  151  150  149  148  147  146  145  143  142  140  138  137  136  134  133  132
  131  130  130  129  129  128  128  128  128  128  129  129  130  130  131  131
  132  133  133  134  135  135  136  136  137  137  137  138  138  138  138  139
  140  142  141  142  146  147  148  142  150                                   
    85.0-180.0 180.0   5.0 450.0                            LAT/LON1/LON2/DLON/H
  152  160  152  157  160  159  159  159  160  160  161  161  162  162  162  161
  161  160  159  158  157  155  154  152  150  148  146  144  142  141  139  138
  137  136  136  136  135  135  135  135  136  136  137  137  138  138  139  140
  141  142  143  144  144  145  146  146  147  147  148  148  148  148  148  149
  151  152  150  152  148  149  150  144  152                                   
    82.5-180.0 180.0   5.0 450.0                            LAT/LON1/LON2/DLON/H
  160  160  161  156  157  158  158  158  159  159  159  160  160  160  160  160
  160  159  158  156  155  153  150  148  145  143  140  138  135  133  132  131
  130  129  129  129  130  130  131  132  132  133  134  135  136  137  139  140
  141  143  144  145  147  148  149  150  150  151  151  151  151  151  151  151
  152  152  150  151  155  147  145  138  160                                   
    80.0-180.0 180.0   5.0 450.0                            LAT/LON1/LON2/DLON/H
  160  161  154  151  154  154  156  156  157  156  156  157  157  157  157  157
  157  156  155  153  151  149  146  143  139  136  132  129  126  124  123  122
  121  122  122  123  125  126  128  129  131  132  134  135  137  138  140  142
  144  146  148  150  151  153  154  155  156  156  156  156  156  155  154  155
  154  153  150  153  157  152  154  141  160                                   
    77.5-180.0 180.0   5.0 450.0                            LAT/LON1/LON2/DLON/H
  159  159  153  153  151  153  155  154  154  152  151  151  151  150  150  150
  150  150  149  148  146  143  140  136  132  128  124  120  117  115  114  114
  115  117  119  122  124  127  130  133  135  137  139  141  142  144  147  149
  151  154  157  159  161  163  164  165  165  165  165  164  163  162  161  160
  158  158  153  155  158  151  150  144  159                                   
    75.0-180.0 180.0   5.0 450.0                            LAT/LON1/LON2/DLON/H
  153  157  150  151  149  151  152  150  148  146  143  142  140  139  138  138
  138  138  138  137  135  133  130  126  121  116  112  108  105  103  103  104
  106  109  113  118  122  126  130  133  136  138  141  143  145  147  150  152
  155  158  161  164  166  168  169  170  170  170  169  168  166  164  163  162
  160  158  154  150  152  147  148  144  153                                   
    72.5-180.0 180.0   5.0 450.0                            LAT/LON1/LON2/DLON/H
  148  157  152  152  150  151  152  149  147  143  138  136  132  130  129  128
  128  128  128  128  127  125  122  118  113  108  104  100   97   96   97  100
  103  108  114  120  126  131  136  140  143  146  148  151  153  155  158  161
  164  167  170  173  175  177  178  178  177  176  175  173  171  169  168  167
  164  162  159  156  153  147  146  143  148                                   
    70.0-180.0 180.0   5.0 450.0                            LAT/LON1/LON2/DLON/H
  149  155  151  151  150  150  150  147  143  138  132  128  123  119  116  114
  114  114  115  115  115  114  111  108  103   98   94   90   88   88   90   94
   99  105  112  119  126  132  138  142  146  148  151  154  156  159  161  164
  167  170  173  176  177  178  179  178  177  176  174  172  170  168  167  166
  164  161  158  155  153  147  148  145  149                                   
    67.5-180.0 180.0   5.0 450.0                            LAT/LON1/LON2/DLON/H
  146  152  149  150  148  148  148  144  141  135  128  122  116  110  106  103
  101  101  102  103  104  103  102   98   94   90   86   83   82   82   85   89
   95  101  109  116  123  130  135  140  143  147  150  153  155  158  161  164
  167  170  172  174  175  176  175  174  173  170  168  167  165  164  163  163
  161  158  155  152  150  144  145  144  146                                   
    65.0-180.0 180.0   5.0 450.0                            LAT/LON1/LON2/DLON/H
  145  151  147  148  147  147  147  144  141  135  128  122  114  107  101   96
   93   92   93   94   96   96   95   92   89   86   83   81   80   81   84   88
   94  100  108  115  122  128  133  138  142  146  149  153  156  160  163  166
  168  170  172  173  174  174  173  171  169  167  164  163  161  161  160  161
  160  158  155  151  149  144  146  144  145                                   
    62.5-180.0 180.0   5.0 450.0                            LAT/LON1/LON2/DLON/H
  145  151  147  148  147  147  147  145  142  137  131  124  116  108  100   94
   89   88   88   89   90   90   90   88   86   84   82   82   82   83   86   90
   94  100  106  112  119  124  130  134  139  143  148  153  157  161  165  167
  170  172  173  174  174  174  173  171  168  165  162  161  160  159  160  161
  161  159  156  153  150  145  147  146  145                                   
    60.0-180.0 180.0   5.0 450.0                            LAT/LON1/LON2/DLON/H
  147  153  149  149  147  147  147  145  143  138  133  128  120  111  102   94
   89   85   84   85   85   86   86   85   84   84   84   84   85   86   88   91
   94   98  102  108  113  119  124  130  135  141  146  152  158  163  167  170
  172  174  176  177  177  177  176  174  170  167  164  161  160  160  161  163
  163  163  160  157  154  148  149  148  147                                   
    57.5-180.0 180.0   5.0 450.0                            LAT/LON1/LON2/DLON/H
  152  158  153  152  150  149  148  146  144  141  136  132  124  116  106   98
   91   87   84   84   84   84   84   84   84   85   86   88   90   91   92   93
   94   96   99  103  108  114  120  126  132  139  146  154  160  166  171  175
  178  180  182  184  185  185  184  182  178  174  170  167  165  165  166  168
  169  169  166  163  160  154  155  154  152                                   
    55.0-180.0 180.0   5.0 450.0                            LAT/LON1/LON2/DLON/H
  159  165  161  159  156  153  152  148  146  143  139  135  129  121  112  103
   95   90   87   85   84   84   84   84   86   88   90   93   95   96   95   94
   93   93   94   98  103  109  116  124  131  139  148  156  164  172  178  183
  187  190  193  196  198  198  197  194  190  185  180  176  173  172  172  174
  176  176  175  172  169  163  163  163  159                                   
    52.5-180.0 180.0   5.0 450.0                            LAT/LON1/LON2/DLON/H
  169  175  172  170  165  161  159  154  151  146  142  139  133  126  117  109
  101   95   92   90   88   87   87   88   90   93   97   99  101  101   99   95
   92   91   91   95  100  107  115  124  132  141  150  160  169  178  186  193
  199  204  208  211  213  214  213  210  206  200  194  188  183  181  180  182
  183  185  184  182  179  174  174  174  169                                   
    50.0-180.0 180.0   5.0 450.0                            LAT/LON1/LON2/DLON/H
  181  186  185  183  177  172  169  163  158  152  148  144  138  132  124  115
  108  103   99   97   95   95   95   96   99  102  105  107  108  106  102   97
   93   90   91   94  100  107  116  126  135  145  155  165  176  187  197  206
  214  220  226  229  231  232  230  227  222  215  208  201  195  191  190  191
  192  194  194  193  191  186  187  188  181                                   
    47.5-180.0 180.0   5.0 450.0                            LAT/LON1/LON2/DLON/H
  192  198  197  196  190  185  181  174  167  160  155  150  145  138  130  123
  116  110  107  105  105  105  106  108  111  114  116  117  115  111  106  100
   95   92   92   95  101  110  119  129  139  149  160  171  183  196  208  220
  230  238  244  247  249  248  246  242  237  230  223  215  208  202  200  200
  201  204  205  205  203  199  200  202  192                                   
    45.0-180.0 180.0   5.0 450.0                            LAT/LON1/LON2/DLON/H
  203  207  207  208  203  198  194  185  178  170  164  159  153  146  138  130
  123  118  115  114  115  117  120  123  126  129  129  127  123  117  111  105
  100   97   97   99  105  113  123  133  144  155  166  178  191  205  220  233
  245  255  261  264  264  262  259  255  250  243  236  228  221  215  211  211
  212  215  217  217  215  212  213  214  203                                   
    42.5-180.0 180.0   5.0 450.0                            LAT/LON1/LON2/DLON/H
  213  215  215  216  213  209  204  196  189  181  174  168  162  154  145  136
  129  124  122  122  124  128  133  138  142  144  143  138  131  124  117  111
  107  105  104  106  111  118  127  138  149  161  173  186  199  215  231  246
  259  269  275  277  276  273  269  265  260  256  250  242  235  229  225  225
  225  228  231  231  229  225  226  226  213                                   
    40.0-180.0 180.0   5.0 450.0                            LAT/LON1/LON2/DLON/H
  224  223  222  222  221  217  212  205  199  191  184  178  171  162  152  142
  134  128  126  127  131  137  144  151  157  159  155  148  139  131  124  120
  117  115  114  114  117  123  131  142  154  167  180  193  208  224  240  257
  271  281  286  287  285  282  277  274  271  268  264  258  252  246  242  242
  242  245  248  248  246  241  240  239  224                                   
    37.5-180.0 180.0   5.0 450.0                            LAT/LON1/LON2/DLON/H
  237  233  230  227  227  223  218  212  207  200  193  187  179  169  157  146
  136  130  127  129  134  142  152  162  169  171  167  158  147  138  132  130
  128  127  125  124  124  127  135  145  159  173  187  201  215  231  248  265
  279  289  295  296  294  291  287  285  284  282  280  276  271  266  263  263
  264  267  269  269  267  261  258  254  237                                   
    35.0-180.0 180.0   5.0 450.0                            LAT/LON1/LON2/DLON/H
  256  249  243  236  234  229  224  219  214  208  202  195  186  174  161  148
  136  129  127  128  134  144  156  168  177  180  176  166  155  146  141  140
  140  139  136  132  130  131  137  148  162  177  193  207  221  237  253  270
  284  294  300  302  302  301  300  299  300  300  298  296  292  288  287  288
  290  293  295  294  292  286  281  274  256                                   
    32.5-180.0 180.0   5.0 450.0                            LAT/LON1/LON2/DLON/H
  282  273  264  252  248  241  233  228  223  217  211  203  192  178  163  148
  136  128  124  126  133  144  157  172  183  187  183  174  162  154  150  150
  151  150  145  139  134  133  137  148  163  180  196  211  225  239  255  271
  285  296  303  307  310  312  314  316  318  318  318  316  314  312  312  314
  317  321  324  323  322  316  310  301  282                                   
    30.0-180.0 180.0   5.0 450.0                            LAT/LON1/LON2/DLON/H
  317  307  294  279  272  261  251  244  238  230  222  212  199  183  165  149
  135  126  123  124  131  143  158  174  186  192  189  180  170  161  158  158
  159  156  150  142  134  132  135  146  161  179  196  211  224  238  252  268
  282  294  303  311  318  324  329  334  336  337  337  336  335  334  336  340
  345  350  354  354  354  350  342  333  317                                   
    27.5-180.0 180.0   5.0 450.0                            LAT/LON1/LON2/DLON/H
  356  347  332  316  306  294  281  270  261  250  239  225  208  188  169  151
  136  127  123  125  132  143  159  175  188  195  193  186  176  167  163  162
  160  156  149  139  131  127  130  140  156  174  191  206  219  232  246  261
  276  290  302  313  324  335  343  349  352  353  353  352  352  352  356  362
  369  377  383  384  385  383  375  368  356                                   
    25.0-180.0 180.0   5.0 450.0                            LAT/LON1/LON2/DLON/H
  396  389  374  360  349  335  321  307  294  278  261  242  220  197  175  156
  141  131  127  128  135  147  162  178  191  198  197  190  180  171  164  160
  155  149  140  131  123  120  123  132  146  164  181  197  210  223  238  254
  270  285  300  315  330  343  354  362  365  366  365  364  365  367  371  379
  389  399  407  410  412  412  404  401  396                                   
    22.5-180.0 180.0   5.0 450.0                            LAT/LON1/LON2/DLON/H
  429  426  414  404  394  382  367  351  334  313  289  264  236  209  185  165
  149  139  134  136  143  154  168  183  194  200  198  191  181  170  160  151
  143  135  126  118  112  110  113  121  135  151  169  185  199  214  229  246
  264  282  300  317  334  349  361  369  373  374  374  373  374  377  383  392
  403  415  425  430  432  434  426  427  429                                   
    20.0-180.0 180.0   5.0 450.0                            LAT/LON1/LON2/DLON/H
  451  451  444  440  433  426  412  396  375  350  320  289  256  226  200  178
  162  152  147  148  154  164  177  189  197  200  197  189  177  164  150  138
  127  117  109  103  100   99  102  109  122  138  156  173  189  205  222  242
  262  282  302  320  337  352  364  373  377  380  380  381  383  386  392  402
  414  427  438  443  443  446  439  444  451                                   
    17.5-180.0 180.0   5.0 450.0                            LAT/LON1/LON2/DLON/H
  460  463  460  462  460  457  446  431  410  381  348  312  277  244  217  196
  180  168  163  163  168  176  186  194  198  197  191  181  168  153  137  122
  109  100   93   89   88   88   92   98  109  125  143  162  180  199  218  240
  262  284  305  323  340  354  366  374  381  385  388  390  393  396  402  411
  423  436  446  450  448  449  444  451  460                                   
    15.0-180.0 180.0   5.0 450.0                            LAT/LON1/LON2/DLON/H
  460  462  463  466  469  470  462  450  429  400  366  330  294  262  236  215
  199  188  181  179  182  188  195  198  196  190  181  169  155  139  122  107
   94   85   80   78   78   80   84   90  100  115  134  154  175  195  217  240
  265  288  309  327  342  355  367  377  385  391  397  401  405  408  413  422
  433  444  453  454  449  446  442  450  460                                   
    12.5-180.0 180.0   5.0 450.0                            LAT/LON1/LON2/DLON/H
  453  455  455  457  462  464  458  448  429  403  371  338  305  276  252  233
  218  206  198  194  195  197  199  197  189  178  165  152  139  124  109   95
   83   75   71   70   72   75   78   84   93  108  128  150  172  195  218  242
  267  292  313  331  345  358  370  381  391  401  409  415  420  423  427  435
  444  455  462  459  450  443  439  446  453                                   
    10.0-180.0 180.0   5.0 450.0                            LAT/LON1/LON2/DLON/H
  449  447  445  442  446  446  440  430  413  390  362  334  307  283  263  247
  233  222  212  206  203  201  198  190  177  162  147  134  122  110   98   87
   78   71   68   68   69   72   76   81   90  105  125  148  172  195  219  243
  269  294  316  334  349  362  374  388  400  412  422  430  435  439  443  449
  458  467  471  466  453  443  439  444  449                                   
     7.5-180.0 180.0   5.0 450.0                            LAT/LON1/LON2/DLON/H
  450  446  440  429  429  425  416  404  388  367  344  321  300  281  266  253
  242  231  220  212  205  199  191  178  161  143  128  117  108   99   91   83
