data/edconvlstm_nd/pred2830.15i
     1.0            IONOSPHERE MAPS     GNSS                IONEX VERSION / TYPE
pyspatialgeodesy        IME             05-JAN-18 20:20     PGM / RUN BY / DATE 
Map Name                                                    COMMENT             
Predicted global ionosphere maps (GIM).                     DESCRIPTION         
  2015    10    10     0     0     0                        EPOCH OF FIRST MAP  
  2015    10    11     0     0     0                        EPOCH OF LAST MAP   
  7200                                                      INTERVAL            
    13                                                      # OF MAPS IN FILE   
  NONE                                                      MAPPING FUNCTION    
10.0                                                        ELEVATION CUTOFF    
One-way carrier phase leveled to code                       OBSERVABLES USED    
  6371.0                                                    BASE RADIUS         
 2                                                          MAP DIMENSION       
   450.0 450.0   0.0                                        HGT1 / HGT2 / DHGT  
    87.5 -87.5  -2.5                                        LAT1 / LAT2 / DLAT  
  -180.0 180.0   5.0                                        LON1 / LON2 / DLON  
    -1                                                      EXPONENT            
                                                            END OF HEADER       
[from data line 2145]
     6                                                      START OF TEC MAP    
  2015    10    10    10     0     0                        EPOCH OF CURRENT MAP
    87.5-180.0 180.0   5.0 450.0                            LAT/LON1/LON2/DLON/H
   38   48   48   51   52   51   51   47   47   49   49   50   50   50   50   50
   51   51   51   51   52   52   52   52   53   53   53   53   53   53   52   52
   52   51   51   50   50   49   49   48   48   47   47   47   46   46   45   45
   45   44   44   44   43   43   43   42   42   42   42   42   41   41   41   42
   43   43   42   41   46   51   64   65   38                                   
    85.0-180.0 180.0   5.0 450.0                            LAT/LON1/LON2/DLON/H
   36   59   67   56   58   60   59   59   58   60   59   60   59   59   59   60
   60   60   61   61   62   63   63   64   64   65   66   66   66   66   66   66
   66   66   65   65   64   63   62   62   61   60   60   59   58   58   57   57
   56   56   55   55   54   54   53   53   53   52   52   52   52   52   52   53
   54   55   51   50   55   59   71   66   36                                   
    82.5-180.0 180.0   5.0 450.0                            LAT/LON1/LON2/DLON/H
   34   51   64   57   57   58   57   57   57   57   56   56   56   55   55   55
   55   56   56   57   57   58   59   60   61   63   64   65   66   66   67   67
   67   67   67   66   66   65   64   64   63   62   62   61   60   60   59   59
   58   58   57   56   55   54   53   52   52   51   50   50   49   49   49   50
   51   52   49   48   56   62   63   60   34                                   
    80.0-180.0 180.0   5.0 450.0                            LAT/LON1/LON2/DLON/H
   39   49   63   56   59   56   56   54   54   53   52   52   50   50   49   49
   49   49   49   50   51   53   54   56   58   59   61   63   65   66   67   68
   69   69   69   69   68   68   67   67   66   66   66   65   65   65   64   64
   63   62   61   60   59   57   56   54   52   51   49   48   47   47   47   47
   48   49   50   50   55   63   66   64   39                                   
    77.5-180.0 180.0   5.0 450.0                            LAT/LON1/LON2/DLON/H
   49   55   58   52   52   51   50   49   48   46   44   43   42   41   40   40
   40   40   41   42   44   45   47   49   51   53   56   58   60   62   64   65
   66   67   67   67   67   67   66   66   66   66   66   66   67   67   67   67
   67   66   65   63   61   59   57   55   52   50   47   45   44   43   42   42
   43   43   43   45   47   50   57   58   49                                   
    75.0-180.0 180.0   5.0 450.0                            LAT/LON1/LON2/DLON/H
   39   48   49   47   47   47   45   43   42   40   37   36   34   33   32   32
   32   33   34   36   38   40   42   44   46   49   51   53   56   58   60   62
   63   64   65   65   65   65   65   65   65   66   67   69   70   71   72   72
   72   72   70   69   66   64   61   58   55   51   48   45   43   41   40   39
   39   39   39   38   44   45   51   48   39                                   
    72.5-180.0 180.0   5.0 450.0                            LAT/LON1/LON2/DLON/H
   39   46   46   43   44   46   44   42   39   37   34   33   30   29   29   28
   29   30   31   33   35   37   38   40   42   44   46   49   51   54   56   58
   61   62   63   64   64   65   65   66   67   69   71   73   75   77   79   80
   80   79   78   76   74   71   68   64   60   56   53   49   46   43   41   40
   39   38   39   38   42   44   48   48   39                                   
    70.0-180.0 180.0   5.0 450.0                            LAT/LON1/LON2/DLON/H
   36   41   44   42   44   43   41   40   38   37   34   32   30   29   28   29
   29   30   32   34   36   37   39   40   42   43   45   46   49   51   54   57
   59   62   63   64   65   66   67   68   70   72   75   78   81   84   86   87
   87   87   85   83   81   78   74   70   66   62   58   54   50   46   43   41
   40   38   39   37   41   42   49   49   36                                   
    67.5-180.0 180.0   5.0 450.0                            LAT/LON1/LON2/DLON/H
   31   37   40   38   41   41   41   40   39   37   35   34   32   31   31   31
   32   33   35   36   38   39   40   41   41   42   42   43   45   48   50   53
   56   59   61   63   64   65   67   68   71   74   77   81   84   87   89   91
   91   90   89   86   84   81   78   74   70   65   61   57   53   49   46   43
   41   38   38   36   38   40   45   43   31                                   
    65.0-180.0 180.0   5.0 450.0                            LAT/LON1/LON2/DLON/H
   27   33   35   35   37   38   39   39   39   39   37   36   35   35   35   35
   36   37   38   40   41   42   43   43   42   42   42   42   44   46   49   52
   55   59   62   64   66   67   69   71   74   77   81   85   89   92   94   95
   95   94   92   90   88   85   82   78   74   70   65   61   57   53   49   46
   43   40   39   36   38   40   44   43   27                                   
    62.5-180.0 180.0   5.0 450.0                            LAT/LON1/LON2/DLON/H
   22   29   30   31   34   36   37   37   38   39   38   39   38   38   38   39
   40   41   42   43   44   44   44   44   44   43   42   42   43   45   48   51
   55   59   62   65   67   70   72   74   77   81   85   89   93   96   98   98
   98   97   96   94   92   89   86   82   77   73   68   64   60   55   51   47
   44   41   39   36   37   38   41   41   22                                   
    60.0-180.0 180.0   5.0 450.0                            LAT/LON1/LON2/DLON/H
   20   26   26   26   29   30   32   33   35   36   36   38   38   38   39   40
   40   41   42   42   43   43   43   43   42   41   41   41   41   43   46   50
   54   58   62   65   68   71   74   77   80   84   88   92   96   99  100  101
  100  100   99   97   96   93   90   85   80   75   70   65   61   56   52   48
   43   40   38   34   36   36   38   38   20                                   
    57.5-180.0 180.0   5.0 450.0                            LAT/LON1/LON2/DLON/H
   19   23   24   24   26   27   29   30   32   34   34   36   37   38   39   39
   40   40   40   40   40   41   41   41   41   41   40   41   42   43   46   50
   54   59   63   68   72   76   79   82   85   89   93   98  102  105  107  107
  107  107  107  106  105  102   98   93   87   81   75   70   65   60   55   51
   46   42   39   36   37   36   37   37   19                                   
    55.0-180.0 180.0   5.0 450.0                            LAT/LON1/LON2/DLON/H
   22   24   24   23   25   26   27   27   29   30   31   33   34   36   37   37
   37   37   36   36   36   37   38   39   39   40   40   41   43   45   48   52
   56   61   66   71   77   81   85   89   92   95  100  104  109  112  115  116
  117  118  118  118  117  115  110  103   96   88   82   77   72   67   62   57
   51   46   43   39   40   38   39   38   22                                   
    52.5-180.0 180.0   5.0 450.0                            LAT/LON1/LON2/DLON/H
   27   27   27   26   27   27   27   26   27   28   28   30   32   33   34   34
   34   33   32   32   32   33   35   37   38   40   41   43   45   47   51   55
   59   65   70   77   83   89   94   98  101  104  108  113  118  122  125  127
  129  130  131  132  132  128  123  115  106   98   91   86   81   76   71   66
   60   54   51   46   45   43   43   41   27                                   
    50.0-180.0 180.0   5.0 450.0                            LAT/LON1/LON2/DLON/H
   35   33   33   31   31   31   30   28   27   27   26   28   29   31   32   32
   31   30   30   29   30   31   33   35   38   40   43   45   48   51   55   59
   64   69   76   83   91   98  104  108  111  114  118  123  128  133  136  139
  141  142  144  145  144  141  134  125  116  108  101   97   92   88   83   78
   71   65   61   55   54   51   51   49   35                                   
    47.5-180.0 180.0   5.0 450.0                            LAT/LON1/LON2/DLON/H
   45   41   40   39   38   38   36   33   30   28   27   28   29   31   31   31
   31   30   29   29   29   30   32   35   38   42   45   48   51   55   59   64
   69   75   82   91  100  108  115  120  123  126  129  134  139  143  147  149
  151  152  154  154  153  148  141  132  124  116  110  107  103  100   95   90
   83   77   73   66   63   61   61   58   45                                   
    45.0-180.0 180.0   5.0 450.0                            LAT/LON1/LON2/DLON/H
   53   50   49   48   46   47   44   39   35   32   30   30   31   32   33   33
   32   31   31   31   31   32   34   36   40   44   48   52   56   60   64   70
   75   82   90   99  109  119  127  133  136  139  141  145  149  153  156  157
  158  158  159  158  156  151  143  135  127  121  117  115  112  109  105  100
   94   88   83   76   73   71   71   69   53                                   
    42.5-180.0 180.0   5.0 450.0                            LAT/LON1/LON2/DLON/H
   60   58   57   57   55   55   52   47   41   38   35   35   36   37   38   38
   37   36   35   35   35   35   36   38   42   47   51   56   60   65   70   75
   82   89   98  108  119  130  140  146  150  152  154  156  160  162  164  164
  163  162  161  159  155  150  142  135  128  124  122  120  118  116  111  107
  101   95   90   84   80   80   80   78   60                                   
    40.0-180.0 180.0   5.0 450.0                            LAT/LON1/LON2/DLON/H
   63   64   63   63   61   62   58   53   48   44   42   42   43   44   45   45
   44   43   42   41   41   40   40   42   45   50   55   60   65   70   75   82
   89   97  106  117  129  142  152  159  163  165  167  169  171  172  172  170
  168  165  163  160  155  149  142  135  131  128  126  125  123  119  114  109
  104   98   93   87   84   84   84   82   63                                   
    37.5-180.0 180.0   5.0 450.0                            LAT/LON1/LON2/DLON/H
   63   65   64   65   63   64   61   57   53   50   49   50   52   54   55   55
   53   52   51   50   48   46   45   46   49   54   60   65   71   76   82   89
   97  106  116  127  140  153  164  172  177  180  181  183  184  184  183  180
  177  174  171  168  162  156  149  142  138  136  134  131  127  121  114  108
  103   97   92   86   83   83   82   81   63                                   
    35.0-180.0 180.0   5.0 450.0                            LAT/LON1/LON2/DLON/H
   61   64   63   63   62   62   60   58   55   54   55   58   62   65   66   66
   64   62   60   58   56   52   50   50   53   59   66   72   77   83   90   97
  106  116  127  139  152  165  177  187  193  197  199  200  201  201  200  197
  195  193  191  187  182  175  167  161  156  152  149  143  135  125  115  108
  102   95   90   83   80   78   77   76   61                                   
    32.5-180.0 180.0   5.0 450.0                            LAT/LON1/LON2/DLON/H
   58   61   60   59   58   58   57   56   55   56   59   64   70   74   76   76
   74   71   69   66   63   58   55   55   59   65   72   79   85   91   99  107
  117  128  139  152  166  179  192  203  211  216  220  222  224  224  224  224
  224  225  225  223  218  210  202  194  187  180  173  163  149  135  122  112
  104   96   90   82   77   74   72   71   58                                   
    30.0-180.0 180.0   5.0 450.0                            LAT/LON1/LON2/DLON/H
   56   59   57   54   54   54   53   53   54   56   60   67   75   81   84   84
   81   78   75   72   68   63   60   60   64   71   79   87   94  101  109  119
  130  142  154  168  182  196  210  222  231  239  245  249  252  254  257  260
  264  268  272  272  268  261  251  240  230  220  207  192  174  155  138  125
  114  105   96   86   79   73   70   68   56                                   
    27.5-180.0 180.0   5.0 450.0                            LAT/LON1/LON2/DLON/H
   59   61   56   52   53   53   51   51   52   54   60   67   76   83   87   87
   85   81   78   75   71   66   63   64   69   77   86   94  102  110  120  131
  143  157  171  186  201  216  230  243  255  265  273  279  284  289  295  302
  311  320  328  331  329  321  309  295  281  266  249  229  207  184  163  148
  134  122  110   97   87   78   74   70   59                                   
    25.0-180.0 180.0   5.0 450.0                            LAT/LON1/LON2/DLON/H
   69   68   61   55   56   56   54   52   52   54   58   66   74   81   85   86
   84   81   77   75   72   68   66   68   73   81   91  100  109  119  130  143
  157  173  189  206  222  238  253  267  281  293  303  312  319  327  336  348
  361  375  386  393  392  384  371  354  335  316  294  271  246  220  198  179
  163  149  133  117  104   91   86   79   69                                   
    22.5-180.0 180.0   5.0 450.0                            LAT/LON1/LON2/DLON/H
   86   82   73   66   67   66   63   58   57   56   59   64   70   76   81   82
   80   77   74   72   70   69   69   71   77   85   95  105  115  127  140  154
  171  189  208  227  245  261  277  292  307  321  334  344  354  365  377  392
  409  427  441  450  450  442  427  407  384  361  337  312  286  261  238  218
  199  183  164  145  130  114  106   95   86                                   
    20.0-180.0 180.0   5.0 450.0                            LAT/LON1/LON2/DLON/H
  112  105   94   86   86   84   79   71   67   63   63   65   68   72   75   75
   74   71   69   69   68   69   71   74   80   88   97  108  119  133  148  166
  185  205  227  247  266  284  300  316  332  347  362  375  387  399  414  431
  451  470  486  495  495  486  469  448  423  399  374  350  325  301  278  258
  238  220  199  180  163  144  132  119  112                                   
    17.5-180.0 180.0   5.0 450.0                            LAT/LON1/LON2/DLON/H
  142  134  123  114  112  107  101   89   82   75   71   68   68   69   70   70
   68   67   65   66   67   69   73   77   84   91   99  110  123  139  157  176
  197  220  243  265  285  303  319  335  352  369  386  401  415  429  445  463
  482  500  514  522  521  512  495  473  449  425  403  381  359  337  316  295
  275  257  235  216  198  178  164  149  142                                   
    15.0-180.0 180.0   5.0 450.0                            LAT/LON1/LON2/DLON/H
  173  165  156  146  141  134  125  112  101   90   82   76   71   69   68   67
   65   64   63   65   67   71   76   81   87   94  102  113  128  146  165  187
  209  232  256  278  298  316  333  350  368  386  405  422  438  453  468  485
  501  516  527  532  529  519  503  484  462  442  423  405  386  367  347  327
  306  289  267  250  232  213  197  182  173                                   
    12.5-180.0 180.0   5.0 450.0                            LAT/LON1/LON2/DLON/H
  199  193  187  176  169  160  150  134  121  108   97   87   79   73   69   67
   65   64   64   66   69   74   80   86   92   99  107  118  134  154  175  197
  219  242  265  287  306  323  340  358  378  398  419  438  455  470  484  497
  510  521  527  529  525  515  501  484  467  451  436  421  407  390  370  350
  329  312  292  277  261  243  227  213  199                                   
    10.0-180.0 180.0   5.0 450.0                            LAT/LON1/LON2/DLON/H
  219  213  210  198  190  179  170  154  139  125  113  100   89   80   74   71
   68   67   67   69   73   79   85   92   98  105  114  127  144  164  185  207
  229  250  272  291  309  326  344  363  384  406  428  448  466  481  493  504
  513  520  522  521  515  505  493  480  467  454  443  431  419  403  384  363
  342  325  308  295  282  266  252  239  219                                   
     7.5-180.0 180.0   5.0 450.0                            LAT/LON1/LON2/DLON/H
  230  225  222  209  201  190  181  166  152  139  127  115  102   91   83   78
   75   73   73   75   79   84   91   98  106  114  124  138  155  175  196  217
