data/edconvlstm_nd/pred1970.15i
     1.0            IONOSPHERE MAPS     GNSS                IONEX VERSION / TYPE
pyspatialgeodesy        IME             05-JAN-18 20:20     PGM / RUN BY / DATE 
Map Name                                                    COMMENT             
Predicted global ionosphere maps (GIM).                     DESCRIPTION         
  2015     7    16     0     0     0                        EPOCH OF FIRST MAP  
  2015     7    17     0     0     0                        EPOCH OF LAST MAP   
  7200                                                      INTERVAL            
    13                                                      # OF MAPS IN FILE   
  NONE                                                      MAPPING FUNCTION    
10.0                                                        ELEVATION CUTOFF    
One-way carrier phase leveled to code                       OBSERVABLES USED    
  6371.0                                                    BASE RADIUS         
 2                                                          MAP DIMENSION       
   450.0 450.0   0.0                                        HGT1 / HGT2 / DHGT  
    87.5 -87.5  -2.5                                        LAT1 / LAT2 / DLAT  
  -180.0 180.0   5.0                                        LON1 / LON2 / DLON  
    -1                                                      EXPONENT            
                                                            END OF HEADER       
[from data line 4290]
    11                                                      START OF TEC MAP    
  2015     7    16    20     0     0                        EPOCH OF CURRENT MAP
    87.5-180.0 180.0   5.0 450.0                            LAT/LON1/LON2/DLON/H
  165  156  144  151  152  150  150  149  148  150  149  150  150  151  151  151
  151  151  151  151  150  150  149  148  147  146  145  145  144  143  142  141
  141  140  140  139  139  139  138  138  138  138  139  139  139  140  140  141
  141  142  142  143  143  144  144  145  145  146  146  146  146  146  146  146
  145  145  144  145  155  153  160  158  165                                   
    85.0-180.0 180.0   5.0 450.0                            LAT/LON1/LON2/DLON/H
  161  159  163  155  152  156  155  157  157  159  159  160  160  161  161  162
  162  162  161  161  160  159  158  157  156  154  153  152  151  150  149  148
  147  146  145  144  144  143  143  143  143  143  143  143  144  144  145  146
  147  148  149  150  151  151  152  153  153  154  154  155  155  155  155  154
  155  154  153  151  154  147  149  150  161                                   
    82.5-180.0 180.0   5.0 450.0                            LAT/LON1/LON2/DLON/H
  144  146  147  144  143  147  150  150  150  152  153  154  155  157  157  158
  158  158  158  157  156  154  153  151  149  147  145  143  142  140  139  138
  136  135  134  134  133  132  132  131  131  131  132  132  133  134  135  137
  138  140  141  143  145  146  147  148  149  149  150  150  150  150  149  148
  148  147  145  148  148  152  143  140  144                                   
    80.0-180.0 180.0   5.0 450.0                            LAT/LON1/LON2/DLON/H
  135  137  141  139  137  137  142  146  148  151  152  156  158  160  162  163
  164  164  163  162  160  157  154  151  148  145  142  140  137  135  133  132
  130  129  127  126  125  124  123  122  122  122  122  123  124  126  127  129
  131  134  136  138  140  142  143  144  145  146  146  147  146  146  146  145
  145  143  142  144  140  136  133  135  135                                   
    77.5-180.0 180.0   5.0 450.0                            LAT/LON1/LON2/DLON/H
  138  132  138  135  136  137  141  144  146  149  151  156  159  162  165  167
  169  169  168  167  164  161  157  153  149  145  141  138  135  133  131  130
  128  127  125  124  122  121  119  118  118  117  118  118  120  122  124  126
  129  131  134  136  138  140  141  143  144  144  144  144  144  143  143  142
  141  140  139  140  142  133  134  142  138                                   
    75.0-180.0 180.0   5.0 450.0                            LAT/LON1/LON2/DLON/H
  139  135  137  134  135  137  139  142  145  150  153  158  162  167  170  173
  175  175  174  173  169  165  161  156  151  146  142  138  136  134  132  131
  130  128  127  125  123  121  119  117  116  115  116  116  118  120  122  124
  127  129  131  133  135  136  138  139  140  141  141  141  141  141  141  141
  139  139  140  138  138  131  132  130  139                                   
    72.5-180.0 180.0   5.0 450.0                            LAT/LON1/LON2/DLON/H
  142  138  139  142  139  140  143  145  147  151  155  160  165  170  174  177
  179  180  180  177  174  170  164  158  152  147  142  139  136  134  133  132
  132  131  129  128  125  123  120  118  116  115  115  116  118  120  122  124
  126  128  130  131  132  133  134  135  136  137  137  138  138  138  139  139
  138  138  139  137  137  132  134  139  142                                   
    70.0-180.0 180.0   5.0 450.0                            LAT/LON1/LON2/DLON/H
  148  144  145  144  141  141  142  145  147  152  156  161  166  171  175  178
  180  181  180  178  175  170  164  158  152  146  142  138  136  135  134  135
  135  134  133  131  128  125  122  119  117  116  116  117  119  121  122  124
  125  126  126  126  126  126  126  127  128  129  131  132  134  135  137  138
  138  139  141  141  141  138  142  143  148                                   
    67.5-180.0 180.0   5.0 450.0                            LAT/LON1/LON2/DLON/H
  157  154  155  155  151  151  151  153  155  160  163  169  174  179  183  186
  187  188  187  185  181  177  171  165  159  153  148  145  143  142  143  144
  144  144  143  140  137  133  130  127  125  124  125  126  128  130  131  132
  132  131  130  128  127  125  125  125  127  129  131  134  136  139  142  144
  145  147  149  148  147  144  147  149  157                                   
    65.0-180.0 180.0   5.0 450.0                            LAT/LON1/LON2/DLON/H
  161  160  160  160  155  154  154  156  158  163  166  172  176  180  184  186
  187  187  186  184  181  177  172  167  161  156  151  148  147  147  148  150
  151  150  149  146  143  139  135  132  130  130  130  132  134  135  136  136
  134  132  129  125  122  119  118  118  120  122  126  130  134  138  142  146
  148  150  153  154  154  152  156  157  161                                   
    62.5-180.0 180.0   5.0 450.0                            LAT/LON1/LON2/DLON/H
  166  165  166  165  161  160  160  161  163  167  171  176  180  184  186  187
  187  187  186  185  183  180  176  171  166  161  158  155  154  155  157  158
  159  158  157  153  149  145  141  139  137  137  138  139  141  142  142  140
  137  133  128  122  117  114  112  113  115  118  123  128  133  138  143  147
  150  154  157  157  158  155  160  159  166                                   
    60.0-180.0 180.0   5.0 450.0                            LAT/LON1/LON2/DLON/H
  167  167  169  168  164  163  163  165  167  170  174  178  181  184  185  186
  185  184  184  183  182  180  177  174  170  166  163  162  162  163  165  166
  167  166  164  160  156  151  148  145  144  144  144  145  146  146  145  142
  138  132  125  118  112  108  106  107  109  114  118  124  129  135  141  146
  150  154  157  157  159  157  163  162  167                                   
    57.5-180.0 180.0   5.0 450.0                            LAT/LON1/LON2/DLON/H
  167  169  171  171  169  169  169  170  171  174  176  179  182  183  184  184
  183  182  181  181  181  180  179  177  174  171  169  169  169  171  173  174
  175  174  171  167  163  158  155  152  151  150  150  150  149  148  146  142
  136  129  121  113  107  103  101  103  106  110  115  120  125  131  137  143
  147  151  155  155  157  157  162  163  167                                   
    55.0-180.0 180.0   5.0 450.0                            LAT/LON1/LON2/DLON/H
  168  172  176  177  176  177  177  177  177  179  179  181  182  182  182  181
  180  179  179  179  180  180  179  178  177  175  174  175  176  178  180  182
  182  181  179  175  171  166  163  160  158  156  154  153  151  148  144  139
  133  126  117  109  103  100   99  101  105  109  113  117  121  126  132  138
  143  148  152  152  155  156  162  163  168                                   
    52.5-180.0 180.0   5.0 450.0                            LAT/LON1/LON2/DLON/H
  170  177  183  185  186  188  188  188  187  186  183  182  182  181  180  179
  178  177  177  178  179  179  179  179  178  177  178  179  181  184  187  189
  190  189  187  184  180  176  172  168  164  161  158  154  150  146  141  136
  130  123  115  108  102   99  100  103  107  111  114  116  118  121  126  132
  138  144  149  150  154  157  164  165  170                                   
    50.0-180.0 180.0   5.0 450.0                            LAT/LON1/LON2/DLON/H
  177  186  193  197  199  203  204  203  200  196  191  187  184  182  180  179
  178  178  178  179  179  180  179  179  179  179  181  183  186  190  193  195
  197  197  196  194  191  186  182  177  172  167  161  155  149  144  139  134
  129  123  116  110  105  103  105  108  113  116  117  117  117  118  122  129
  135  143  149  151  156  161  168  170  177                                   
    47.5-180.0 180.0   5.0 450.0                            LAT/LON1/LON2/DLON/H
  185  197  206  211  215  220  222  221  216  210  202  195  189  185  183  182
  181  182  182  182  182  182  181  180  180  181  183  187  191  195  198  201
  204  205  205  205  202  198  193  187  180  173  165  157  150  144  139  135
  131  127  121  116  112  111  113  117  121  123  123  121  119  118  122  128
  135  145  153  156  162  169  177  179  185                                   
    45.0-180.0 180.0   5.0 450.0                            LAT/LON1/LON2/DLON/H
  196  210  219  225  231  237  240  240  235  228  217  208  199  194  190  189
  188  189  190  190  189  187  184  183  182  184  188  192  197  201  204  208
  211  214  215  216  214  211  205  198  190  181  172  162  154  147  142  140
  138  135  131  126  123  122  124  128  132  133  131  128  124  122  125  132
  140  151  160  165  172  180  189  190  196                                   
    42.5-180.0 180.0   5.0 450.0                            LAT/LON1/LON2/DLON/H
  206  222  230  236  243  251  255  257  253  247  236  225  215  207  202  200
  200  201  202  201  199  195  192  189  189  191  195  200  205  209  212  216
  219  223  226  227  227  224  218  210  201  191  181  171  161  154  150  149
  148  147  144  139  136  135  136  139  142  142  140  135  131  129  132  138
  147  159  170  176  184  193  202  203  206                                   
    40.0-180.0 180.0   5.0 450.0                            LAT/LON1/LON2/DLON/H
  214  229  237  242  250  259  265  270  270  266  257  246  235  226  220  217
  216  216  217  216  213  208  203  199  199  202  207  213  217  220  223  226
  229  233  236  238  238  235  230  222  213  203  193  182  172  165  161  161
  161  160  157  153  149  146  147  149  150  150  148  143  139  137  140  147
  156  169  181  188  196  206  215  215  214                                   
    37.5-180.0 180.0   5.0 450.0                            LAT/LON1/LON2/DLON/H
  218  233  239  244  252  261  270  279  283  283  278  269  259  250  242  238
  236  236  236  235  231  225  219  215  215  219  224  230  233  235  237  238
  241  243  246  248  248  245  240  233  225  216  206  195  185  177  173  172
  172  172  168  163  158  155  154  155  155  155  152  149  146  145  148  155
  164  177  189  197  206  215  224  225  218                                   
    35.0-180.0 180.0   5.0 450.0                            LAT/LON1/LON2/DLON/H
  220  233  239  242  250  260  271  283  292  297  298  293  286  277  269  262
  259  258  257  256  251  245  238  235  235  240  246  251  254  254  254  253
  254  254  255  255  254  252  248  241  234  226  217  206  195  187  182  180
  180  178  174  169  163  159  157  156  156  155  153  151  150  149  153  159
  168  181  194  202  211  221  230  231  220                                   
    32.5-180.0 180.0   5.0 450.0                            LAT/LON1/LON2/DLON/H
  220  232  238  240  249  258  271  285  299  310  316  317  313  305  297  289
  284  281  280  278  274  267  261  258  260  265  271  276  277  276  273  270
  268  265  263  260  258  254  250  244  238  231  223  212  201  191  185  182
  180  178  174  167  162  157  154  153  152  151  150  149  149  150  153  160
  168  181  193  202  211  222  232  234  220                                   
    30.0-180.0 180.0   5.0 450.0                            LAT/LON1/LON2/DLON/H
  221  232  239  240  251  260  273  288  305  320  332  338  339  334  326  318
  311  307  304  301  297  291  286  284  287  292  298  301  301  298  293  288
  282  276  269  263  257  252  246  241  236  230  222  212  200  189  181  176
  174  170  165  159  154  150  147  146  144  143  143  144  145  147  150  156
  163  176  189  199  208  220  231  235  221                                   
    27.5-180.0 180.0   5.0 450.0                            LAT/LON1/LON2/DLON/H
  225  235  244  247  258  267  280  295  313  331  347  358  363  361  355  347
  339  333  329  326  321  317  313  312  315  320  324  327  325  320  313  305
  296  285  273  262  252  244  237  231  226  221  214  204  192  180  170  164
  160  156  151  146  141  139  137  136  135  134  135  137  138  140  143  148
  155  169  181  192  203  216  229  235  225                                   
    25.0-180.0 180.0   5.0 450.0                            LAT/LON1/LON2/DLON/H
  231  242  254  259  271  280  292  305  323  342  360  375  384  386  383  375
  367  360  355  351  347  343  341  340  343  347  350  350  347  340  331  321
  307  292  275  259  245  234  224  217  212  207  200  191  178  165  155  149
  144  139  134  129  127  126  126  126  125  125  127  129  131  132  134  139
  146  160  174  186  199  213  227  236  231                                   
    22.5-180.0 180.0   5.0 450.0                            LAT/LON1/LON2/DLON/H
  239  253  267  274  288  297  308  319  336  354  373  390  403  409  409  404
  396  389  383  378  375  372  370  369  370  372  373  371  366  357  347  334
  317  297  276  255  238  223  211  202  196  191  185  175  163  150  140  132
  127  122  117  114  113  114  116  117  117  118  120  122  123  123  125  129
  137  152  167  181  195  211  227  239  239                                   
    20.0-180.0 180.0   5.0 450.0                            LAT/LON1/LON2/DLON/H
  248  264  279  289  304  314  324  334  349  366  385  403  418  428  432  430
  425  418  412  407  404  401  399  398  397  395  393  388  381  371  359  343
  324  302  277  253  233  215  201  191  184  178  172  162  150  138  127  120
  114  108  103  101  101  104  108  110  112  113  114  116  117  116  117  122
  130  147  163  178  194  212  230  243  248                                   
    17.5-180.0 180.0   5.0 450.0                            LAT/LON1/LON2/DLON/H
  256  274  289  301  317  327  338  347  360  376  394  413  430  444  452  454
  452  447  442  437  434  432  430  426  422  416  409  401  392  381  368  351
  330  305  279  255  233  214  198  186  178  171  165  155  143  130  120  112
  106  100   95   92   93   97  102  105  107  109  110  112  112  111  112  116
  126  143  161  178  195  214  234  248  256                                   
    15.0-180.0 180.0   5.0 450.0                            LAT/LON1/LON2/DLON/H
  259  280  295  307  323  335  346  356  369  384  400  419  438  454  467  474
  475  473  470  467  464  462  459  453  444  434  423  412  401  388  374  356
  334  310  284  260  239  221  205  191  181  173  165  155  142  130  119  111
  104   97   91   88   89   93   98  102  104  105  107  108  107  106  107  113
  123  142  161  179  197  218  239  252  259                                   
    12.5-180.0 180.0   5.0 450.0                            LAT/LON1/LON2/DLON/H
  260  282  297  308  324  337  350  361  374  388  403  421  441  459  475  486
  492  493  493  491  490  488  484  475  463  448  433  420  407  394  378  359
  338  315  292  271  252  236  220  206  194  184  174  161  148  135  124  114
  106   98   91   87   87   91   95   99  101  102  103  103  103  102  104  110
  121  140  161  179  199  220  242  255  260                                   
    10.0-180.0 180.0   5.0 450.0                            LAT/LON1/LON2/DLON/H
  257  281  295  305  321  335  350  362  376  390  404  420  439  458  476  490
  499  505  507  508  509  507  502  491  476  458  441  426  412  397  381  362
  341  320  301  284  270  256  242  227  213  200  187  173  157  143  130  120
  110  101   93   88   88   90   93   95   96   97   97   97   97   97  100  106
  118  138  158  177  198  221  244  257  257                                   
     7.5-180.0 180.0   5.0 450.0                            LAT/LON1/LON2/DLON/H
  254  281  295  304  319  333  349  362  377  390  402  416  432  450  468  484
  496  504  510  514  516  515  510  498  482  463  445  429  415  399  382  363
