data/edconvlstm_nd/pred0190.15i
     1.0            IONOSPHERE MAPS     GNSS                IONEX VERSION / TYPE
pyspatialgeodesy        IME             05-JAN-18 20:20     PGM / RUN BY / DATE 
Map Name                                                    COMMENT             
Predicted global ionosphere maps (GIM).                     DESCRIPTION         
  2015     1    19     0     0     0                        EPOCH OF FIRST MAP  
  2015     1    20     0     0     0                        EPOCH OF LAST MAP   
  7200                                                      INTERVAL            
    13                                                      # OF MAPS IN FILE   
  NONE                                                      MAPPING FUNCTION    
10.0                                                        ELEVATION CUTOFF    
One-way carrier phase leveled to code                       OBSERVABLES USED    
  6371.0                                                    BASE RADIUS         
 2                                                          MAP DIMENSION       
   450.0 450.0   0.0                                        HGT1 / HGT2 / DHGT  
    87.5 -87.5  -2.5                                        LAT1 / LAT2 / DLAT  
  -180.0 180.0   5.0                                        LON1 / LON2 / DLON  
    -1                                                      EXPONENT            
                                                            END OF HEADER       
[from data line 1287]
     4                                                      START OF TEC MAP    
  2015     1    19     6     0     0                        EPOCH OF CURRENT MAP
    87.5-180.0 180.0   5.0 450.0                            LAT/LON1/LON2/DLON/H
   49   54   50   53   53   53   52   49   50   51   51   52   52   52   52   52
   52   52   52   52   52   52   51   51   51   51   51   51   51   51   51   50
   50   49   49   48   48   47   46   45   45   44   44   43   43   42   42   42
   42   42   41   41   41   41   41   41   41   41   41   41   40   40   40   40
   41   42   40   41   46   55   64   62   49                                   
    85.0-180.0 180.0   5.0 450.0                            LAT/LON1/LON2/DLON/H
   37   56   50   52   55   57   57   56   57   58   57   58   58   58   58   57
   57   57   57   57   57   57   57   57   57   58   58   58   59   59   59   59
   60   59   59   59   59   58   57   57   56   55   54   54   53   53   53   52
   52   52   52   52   52   52   52   52   52   52   51   51   51   51   50   50
   51   52   49   51   53   56   64   59   37                                   
    82.5-180.0 180.0   5.0 450.0                            LAT/LON1/LON2/DLON/H
   39   43   52   50   51   53   53   53   54   55   55   56   55   55   54   54
   53   53   52   52   52   52   52   53   53   54   55   56   57   58   59   60
   61   62   62   62   62   62   61   60   59   58   58   57   56   55   55   55
   54   54   54   54   54   54   54   54   54   53   53   52   52   51   50   50
   50   50   47   46   55   50   50   50   39                                   
    80.0-180.0 180.0   5.0 450.0                            LAT/LON1/LON2/DLON/H
   46   43   47   44   49   49   51   51   53   53   53   54   53   52   51   50
   49   48   47   46   46   47   47   48   49   50   52   54   56   58   60   62
   64   66   67   67   67   67   66   65   64   63   62   61   60   59   59   59
   60   60   61   61   62   62   63   63   63   63   62   62   61   59   58   57
   56   53   52   50   57   52   51   51   46                                   
    77.5-180.0 180.0   5.0 450.0                            LAT/LON1/LON2/DLON/H
   56   49   46   43   46   48   51   53   55   56   56   57   56   54   52   50
   48   47   45   44   44   44   44   45   47   49   51   53   56   59   62   65
   68   70   71   72   72   71   70   69   67   66   64   63   63   63   64   66
   68   70   73   75   77   79   81   82   83   83   82   81   80   78   75   73
   70   67   62   60   59   47   46   48   56                                   
    75.0-180.0 180.0   5.0 450.0                            LAT/LON1/LON2/DLON/H
   53   48   44   42   43   47   50   52   54   55   55   56   55   53   51   49
   47   45   44   43   43   43   44   45   47   49   52   54   57   60   63   66
   68   70   71   72   71   71   69   67   66   64   64   64   65   67   70   74
   79   84   89   93   98  101  104  106  108  108  107  106  104  100   97   93
   87   82   77   69   66   53   50   47   53                                   
    72.5-180.0 180.0   5.0 450.0                            LAT/LON1/LON2/DLON/H
   56   47   43   41   43   47   51   53   55   57   57   58   57   55   53   51
   49   47   46   46   46   47   48   50   52   54   56   58   60   63   65   67
   69   71   71   71   71   69   67   66   64   64   64   65   69   73   79   86
   94  102  110  117  124  129  133  136  137  137  136  133  130  125  120  115
  108  101   96   86   78   63   57   55   56                                   
    70.0-180.0 180.0   5.0 450.0                            LAT/LON1/LON2/DLON/H
   61   48   46   44   43   45   49   51   53   55   55   57   56   54   52   50
   48   47   47   48   49   50   52   54   56   57   58   59   60   61   63   64
   65   65   65   65   63   62   60   58   57   58   60   63   69   76   85   96
  107  118  129  139  148  154  159  162  163  162  160  156  151  145  138  131
  123  115  108   97   88   72   68   65   61                                   
    67.5-180.0 180.0   5.0 450.0                            LAT/LON1/LON2/DLON/H
   61   48   45   43   41   43   46   48   50   51   52   54   53   51   50   48
   47   47   47   48   50   52   54   56   57   57   57   57   56   56   55   55
   55   55   55   53   51   49   47   46   46   48   53   59   67   78   90  103
  117  131  144  156  166  173  178  181  181  179  175  170  163  155  146  138
  128  119  113  101   91   77   72   71   61                                   
    65.0-180.0 180.0   5.0 450.0                            LAT/LON1/LON2/DLON/H
   66   50   46   44   41   41   44   46   48   49   50   51   51   50   49   48
   47   47   48   50   52   54   56   58   58   58   56   54   52   50   49   48
   47   47   45   44   42   39   38   38   40   44   51   60   72   85   99  115
  131  147  162  175  186  193  197  199  198  194  189  182  174  164  153  143
  132  121  114  103   95   82   78   78   66                                   
    62.5-180.0 180.0   5.0 450.0                            LAT/LON1/LON2/DLON/H
   70   54   48   45   41   41   42   44   45   46   47   49   49   49   49   48
   48   49   50   51   53   55   57   58   57   56   54   51   48   45   43   42
   41   40   39   38   36   34   33   35   39   46   56   68   82   97  113  130
  147  164  179  193  203  210  213  214  211  207  201  193  183  172  159  146
  133  121  114  103   96   83   80   82   70                                   
    60.0-180.0 180.0   5.0 450.0                            LAT/LON1/LON2/DLON/H
   74   57   50   45   42   40   40   40   41   42   43   45   46   47   47   48
   49   50   51   52   53   54   54   54   53   51   48   45   42   39   38   37
   36   36   35   34   33   32   32   35   42   52   65   80   96  113  129  146
  162  179  194  206  216  222  224  223  220  215  209  201  191  178  163  149
  134  120  112  101   96   83   80   81   74                                   
    57.5-180.0 180.0   5.0 450.0                            LAT/LON1/LON2/DLON/H
   79   61   52   47   44   41   40   39   39   39   39   42   44   45   47   48
   50   51   51   52   52   51   50   49   47   45   43   40   37   36   35   35
   35   36   36   36   35   35   36   41   50   63   79   97  115  132  148  164
  179  194  208  220  228  233  234  232  229  225  219  212  202  189  173  157
  140  124  116  105   99   84   80   82   79                                   
    55.0-180.0 180.0   5.0 450.0                            LAT/LON1/LON2/DLON/H
   83   65   55   49   46   43   41   38   37   36   36   38   40   43   45   48
   50   51   51   51   50   48   46   44   42   40   38   37   35   34   35   36
   37   39   41   41   42   42   45   51   62   78   97  117  136  154  169  183
  197  210  222  232  239  243  243  240  237  233  229  223  214  202  186  169
  151  134  124  112  106   89   83   83   83                                   
    52.5-180.0 180.0   5.0 450.0                            LAT/LON1/LON2/DLON/H
   88   69   58   53   51   47   44   40   38   35   35   36   38   40   43   47
   49   51   51   50   48   46   44   42   40   39   38   37   36   36   38   40
   43   46   49   51   52   54   57   65   77   95  116  138  158  175  190  202
  214  226  237  245  250  252  251  248  244  241  238  233  226  215  200  184
  165  148  137  124  116   97   89   87   88                                   
    50.0-180.0 180.0   5.0 450.0                            LAT/LON1/LON2/DLON/H
   94   73   63   59   57   54   50   45   41   37   35   36   36   39   42   45
   48   50   51   51   49   47   45   44   43   42   42   42   41   42   43   46
   50   54   59   63   65   67   71   79   93  112  134  157  178  195  209  221
  232  242  251  258  262  262  258  254  249  246  243  240  234  225  211  196
  179  163  152  138  128  108   98   95   94                                   
    47.5-180.0 180.0   5.0 450.0                            LAT/LON1/LON2/DLON/H
  100   79   68   66   64   62   58   53   47   42   39   38   37   38   41   44
   47   50   52   53   52   52   51   51   51   51   51   50   50   50   50   53
   57   63   69   74   78   82   86   95  109  128  151  174  195  213  227  238
  249  258  265  271  272  270  264  257  251  246  243  240  235  227  216  203
  189  175  165  151  140  120  110  106  100                                   
    45.0-180.0 180.0   5.0 450.0                            LAT/LON1/LON2/DLON/H
  106   85   75   74   72   71   68   61   55   49   45   43   41   41   42   44
   47   51   54   57   59   60   61   62   63   64   64   62   60   58   58   59
   64   70   77   84   90   95  100  109  123  142  164  187  209  227  242  254
  264  273  279  283  282  277  268  258  249  242  237  233  228  221  211  202
  191  181  172  160  149  130  121  117  106                                   
    42.5-180.0 180.0   5.0 450.0                            LAT/LON1/LON2/DLON/H
  111   91   82   82   80   79   76   70   64   58   53   50   48   46   46   48
   51   55   60   65   69   72   74   76   78   78   77   75   71   67   64   65
   68   74   82   91   99  105  112  122  136  154  176  198  219  237  253  266
  277  286  292  293  291  283  272  259  246  236  228  222  216  209  202  194
  187  179  173  163  154  136  129  125  111                                   
    40.0-180.0 180.0   5.0 450.0                            LAT/LON1/LON2/DLON/H
  115   95   86   87   85   85   82   77   71   66   62   59   57   55   54   56
   59   64   71   77   82   86   88   90   91   91   89   85   80   74   70   69
   71   77   85   95  104  112  122  133  147  165  185  206  226  245  262  276
  288  297  302  302  298  289  277  262  247  234  224  215  208  200  193  187
  181  175  170  162  154  138  132  128  115                                   
    37.5-180.0 180.0   5.0 450.0                            LAT/LON1/LON2/DLON/H
  117   97   88   88   86   85   83   79   75   71   69   69   68   67   67   68
   72   78   85   92   97  100  101  101  101  100   97   92   86   80   75   73
   74   79   86   96  106  117  128  142  158  175  194  213  232  251  268  284
  296  305  309  310  306  298  286  272  257  243  231  221  212  203  196  190
  183  176  171  162  156  140  134  127  117                                   
    35.0-180.0 180.0   5.0 450.0                            LAT/LON1/LON2/DLON/H
  120   98   87   85   83   80   78   75   73   72   73   76   78   80   81   84
   88   94  102  108  111  112  111  109  107  105  102   97   91   85   80   78
   78   81   87   96  107  119  133  149  167  185  203  221  238  256  273  288
  301  309  314  315  314  309  302  291  279  267  255  244  234  226  217  210
  202  191  184  173  167  147  141  129  120                                   
    32.5-180.0 180.0   5.0 450.0                            LAT/LON1/LON2/DLON/H
  127  102   86   81   79   74   70   68   68   69   73   79   85   90   94   98
  104  111  118  123  124  121  116  111  108  105  102   99   94   90   86   83
   82   84   88   95  106  119  135  154  174  194  212  229  245  261  278  292
  303  312  317  321  324  325  324  320  314  305  295  286  278  270  261  252
  240  226  215  199  190  167  158  140  127                                   
    30.0-180.0 180.0   5.0 450.0                            LAT/LON1/LON2/DLON/H
  140  111   92   82   79   72   66   63   62   64   70   78   87   95  102  109
  116  124  130  133  132  126  117  110  105  102  101   99   97   94   91   89
   86   86   88   94  103  116  135  157  180  203  222  238  253  268  283  296
  307  316  323  331  340  348  355  359  359  356  351  345  339  333  325  314
  298  279  264  240  228  200  189  163  140                                   
    27.5-180.0 180.0   5.0 450.0                            LAT/LON1/LON2/DLON/H
  163  131  107   93   89   79   72   66   63   63   67   75   84   94  103  112
  121  129  134  136  133  124  114  106  101   99   99   99   99   99   97   94
   91   89   89   92   99  113  132  157  185  210  231  248  264  278  292  305
  315  325  336  348  363  378  393  406  413  417  419  418  417  414  407  395
  374  351  329  296  280  246  231  202  163                                   
    25.0-180.0 180.0   5.0 450.0                            LAT/LON1/LON2/DLON/H
  197  162  134  117  111  100   91   82   76   72   72   76   82   90   98  108
  117  125  130  131  127  119  110  102   98   98   99  101  103  104  104  101
   97   93   90   90   96  109  130  157  188  217  241  260  277  292  306  319
  330  342  357  374  394  416  438  458  474  486  494  499  503  503  498  484
  461  434  406  366  344  304  285  256  197                                   
    22.5-180.0 180.0   5.0 450.0                            LAT/LON1/LON2/DLON/H
  245  208  177  156  147  134  124  112  102   93   86   84   84   87   92  100
  107  113  118  119  117  113  106  101   99   99  102  105  109  111  111  108
  103   96   91   89   94  106  128  157  191  223  251  274  293  311  326  339
  352  367  385  406  431  457  484  509  531  549  562  571  578  581  578  565
  541  513  482  439  411  369  347  321  245                                   
    20.0-180.0 180.0   5.0 450.0                            LAT/LON1/LON2/DLON/H
  305  269  237  209  195  181  170  156  142  127  113  102   94   90   91   93
   97  101  104  107  108  108  106  104  103  105  109  113  117  120  119  115
  107   99   92   89   93  105  127  159  195  230  262  288  311  332  349  365
  379  396  416  441  467  495  523  551  575  594  607  616  623  628  627  616
  596  572  543  505  473  434  412  390  305                                   
    17.5-180.0 180.0   5.0 450.0                            LAT/LON1/LON2/DLON/H
  372  340  307  274  253  236  224  208  192  172  152  132  115  104   97   95
   94   94   95   99  103  107  110  111  112  115  119  123  127  127  125  118
  109   99   92   89   93  107  130  163  200  238  272  303  330  354  374  391
  407  425  447  472  499  525  551  576  597  613  622  628  634  639  639  631
  617  599  579  551  520  488  473  453  372                                   
    15.0-180.0 180.0   5.0 450.0                            LAT/LON1/LON2/DLON/H
  437  410  378  341  312  295  281  265  247  224  198  171  147  128  116  107
  101   97   96  100  107  114  119  123  125  128  132  135  135  133  127  118
  108   98   91   90   96  111  136  169  208  247  283  316  346  373  395  414
  431  450  473  496  520  543  564  584  600  610  615  617  619  623  623  618
  609  598  587  571  547  524  517  500  437                                   
    12.5-180.0 180.0   5.0 450.0                            LAT/LON1/LON2/DLON/H
  485  464  435  397  363  345  330  316  300  276  248  217  188  164  147  133
  122  114  110  112  120  128  135  139  142  144  145  145  142  136  127  117
  105   96   91   92  100  117  144  178  216  255  291  326  358  386  410  430
  448  468  489  511  530  548  563  578  588  594  595  595  594  595  595  590
  584  578  573  568  554  540  539  526  485                                   
    10.0-180.0 180.0   5.0 450.0                            LAT/LON1/LON2/DLON/H
  509  494  469  431  395  376  362  352  339  318  292  262  233  208  188  172
  157  145  137  137  143  151  157  159  160  158  156  152  146  137  126  115
  105   97   93   96  106  125  153  187  224  261  297  331  363  393  417  438
  457  476  496  515  531  544  555  565  573  576  576  573  570  568  566  561
  555  550  549  549  544  538  539  530  509                                   
     7.5-180.0 180.0   5.0 450.0                            LAT/LON1/LON2/DLON/H
  509  498  475  440  405  384  371  365  356  342  320  296  272  251  234  218
  202  188  177  172  174  178  180  178  173  168  161  155  147  137  127  117
