data/edconvlstm_nd/pred2840.15i
     1.0            IONOSPHERE MAPS     GNSS                IONEX VERSION / TYPE
pyspatialgeodesy        IME             05-JAN-18 20:20     PGM / RUN BY / DATE 
Map Name                                                    COMMENT             
Predicted global ionosphere maps (GIM).                     DESCRIPTION         
  2015    10    11     0     0     0                        EPOCH OF FIRST MAP  
  2015    10    12     0     0     0                        EPOCH OF LAST MAP   
  7200                                                      INTERVAL            
    13                                                      # OF MAPS IN FILE   
  NONE                                                      MAPPING FUNCTION    
10.0                                                        ELEVATION CUTOFF    
One-way carrier phase leveled to code                       OBSERVABLES USED    
  6371.0                                                    BASE RADIUS         
 2                                                          MAP DIMENSION       
   450.0 450.0   0.0                                        HGT1 / HGT2 / DHGT  
    87.5 -87.5  -2.5                                        LAT1 / LAT2 / DLAT  
  -180.0 180.0   5.0                                        LON1 / LON2 / DLON  
    -1                                                      EXPONENT            
                                                            END OF HEADER       
     1                                                      START OF TEC MAP    
  2015    10    11     0     0     0                        EPOCH OF CURRENT MAP
    87.5-180.0 180.0   5.0 450.0                            LAT/LON1/LON2/DLON/H
   82   77   64   55   53   62   58   56   57   58   59   60   60   61   62   62
   62   62   61   61   60   59   59   58   57   55   54   53   52   51   50   49
   49   48   47   47   46   46   46   46   46   46   46   46   47   47   47   47
   48   48   48   49   49   49   49   49   49   50   50   50   50   49   49   50
   50   49   49   50   43   62   65   64   82                                   
    85.0-180.0 180.0   5.0 450.0                            LAT/LON1/LON2/DLON/H
   73   80   61   60   61   72   68   66   67   68   69   69   70   71   71   71
   71   71   70   69   68   67   65   64   62   60   59   57   55   54   53   52
   51   50   49   49   49   49   49   50   50   51   51   52   53   53   54   55
   55   56   56   57   57   57   58   58   58   59   59   59   59   59   60   60
   60   59   61   65   68   76   85   75   73                                   
    82.5-180.0 180.0   5.0 450.0                            LAT/LON1/LON2/DLON/H
   65   57   65   59   59   71   66   64   68   68   70   72   73   74   75   74
   74   73   71   69   67   64   61   58   55   52   48   46   43   41   39   38
   37   36   36   36   36   37   38   39   41   42   43   44   46   47   48   48
   49   50   51   51   52   53   53   54   55   55   56   56   56   56   57   57
   57   56   56   56   64   60   71   73   65                                   
    80.0-180.0 180.0   5.0 450.0                            LAT/LON1/LON2/DLON/H
   75   67   70   60   64   69   67   65   70   71   73   75   77   78   78   78
   77   75   73   70   66   62   58   54   50   47   43   40   38   36   34   33
   32   32   32   32   33   34   35   36   38   39   40   41   42   43   44   45
   45   46   47   47   48   49   50   51   52   53   54   54   55   55   56   56
   56   55   55   54   70   63   76   90   75                                   
    77.5-180.0 180.0   5.0 450.0                            LAT/LON1/LON2/DLON/H
   84   77   67   66   67   70   68   69   74   75   78   81   83   85   85   85
   84   82   79   75   70   65   60   55   50   46   42   39   36   34   32   31
   30   30   30   31   32   33   34   35   36   38   39   40   41   41   42   42
   43   43   43   44   45   46   47   48   49   50   52   53   54   55   56   56
   56   58   58   58   65   68   74   93   84                                   
    75.0-180.0 180.0   5.0 450.0                            LAT/LON1/LON2/DLON/H
   89   75   76   75   72   77   72   73   78   78   81   84   85   86   86   85
   83   80   76   72   66   61   55   50   45   41   37   35   33   31   31   30
   30   31   31   32   33   34   35   36   37   38   38   39   39   40   40   39
   39   39   39   40   40   42   43   45   46   48   50   51   53   54   55   56
   56   58   60   57   64   76   80   92   89                                   
    72.5-180.0 180.0   5.0 450.0                            LAT/LON1/LON2/DLON/H
   88   79   81   79   77   78   75   77   82   82   84   86   86   86   85   84
   81   78   73   68   63   57   52   47   43   39   37   35   34   33   33   33
   33   34   34   34   33   33   34   34   34   35   35   35   35   35   34   33
   33   32   32   32   33   34   35   37   39   42   44   46   48   49   51   52
   53   54   60   60   66   77   85  100   88                                   
    70.0-180.0 180.0   5.0 450.0                            LAT/LON1/LON2/DLON/H
   93   85   88   89   85   86   83   83   87   86   87   87   87   85   83   79
   76   71   67   61   56   51   46   42   38   36   34   34   34   35   36   36
   37   37   37   36   35   34   34   33   33   34   34   34   34   33   32   31
   30   30   29   30   30   32   34   36   39   42   44   47   49   50   52   54
   54   55   62   63   68   81   87   98   93                                   
    67.5-180.0 180.0   5.0 450.0                            LAT/LON1/LON2/DLON/H
   95   90   93   94   89   89   84   84   87   85   85   84   82   79   75   71
   66   61   56   51   47   42   38   35   32   30   30   30   31   33   34   36
   36   35   34   32   30   28   27   27   26   27   27   27   27   27   26   25
   24   23   23   23   24   26   28   31   35   38   41   44   46   48   49   51
   50   51   58   60   66   79   84   96   95                                   
    65.0-180.0 180.0   5.0 450.0                            LAT/LON1/LON2/DLON/H
   96   91   94   95   89   88   83   83   86   84   84   83   79   75   70   65
   60   55   50   46   42   38   34   31   28   27   27   28   29   31   33   34
   34   33   30   28   25   23   21   20   21   21   22   22   23   22   22   21
   20   20   19   20   21   23   26   29   34   38   42   45   47   49   50   51
   50   51   57   59   65   77   84   96   96                                   
    62.5-180.0 180.0   5.0 450.0                            LAT/LON1/LON2/DLON/H
   97   92   95   95   89   88   81   82   86   84   84   83   79   74   69   64
   59   54   50   46   42   38   34   30   28   27   26   27   28   30   31   32
   31   30   27   24   21   18   17   17   17   18   20   21   21   21   21   20
   20   19   19   19   21   23   26   31   36   41   45   49   51   54   55   56
   55   55   60   60   65   77   83   96   97                                   
    60.0-180.0 180.0   5.0 450.0                            LAT/LON1/LON2/DLON/H
   97   93   96   94   87   85   78   79   84   83   83   83   80   76   71   66
   61   57   54   49   45   40   36   32   29   27   26   26   27   27   28   28
   27   25   23   20   17   15   14   15   16   17   19   20   21   21   21   20
   20   19   18   19   20   22   26   31   37   42   47   52   55   58   61   62
   61   60   65   64   68   78   85   97   97                                   
    57.5-180.0 180.0   5.0 450.0                            LAT/LON1/LON2/DLON/H
  101   96   98   95   87   83   77   77   82   82   83   83   82   79   75   71
   68   64   60   55   50   45   39   35   31   28   26   25   25   25   25   25
   24   22   20   17   16   15   15   16   17   19   21   22   22   22   22   21
   21   20   19   18   19   22   26   31   38   44   50   55   59   63   67   70
   70   69   74   72   75   83   89  102  101                                   
    55.0-180.0 180.0   5.0 450.0                            LAT/LON1/LON2/DLON/H
  109  103  105  101   92   86   79   79   82   82   83   84   84   82   80   78
   76   72   67   61   55   48   42   37   33   30   27   25   24   23   23   22
   22   21   19   18   17   18   19   20   22   24   25   25   25   25   25   24
   23   21   19   18   19   21   26   32   39   46   52   57   62   67   73   78
   79   81   86   84   87   93   99  112  109                                   
    52.5-180.0 180.0   5.0 450.0                            LAT/LON1/LON2/DLON/H
  122  116  117  114  103   95   87   85   87   85   85   86   86   86   86   85
   82   78   72   65   57   50   43   39   35   32   29   27   25   23   23   22
   22   22   22   22   23   24   26   27   29   30   31   31   31   30   29   28
   26   24   22   20   20   22   27   34   41   48   54   59   65   71   79   86
   89   93  100   99  103  108  112  126  122                                   
    50.0-180.0 180.0   5.0 450.0                            LAT/LON1/LON2/DLON/H
  139  134  135  132  121  111  103   99   97   93   90   90   90   90   91   90
   87   82   74   66   58   50   45   41   38   36   34   31   28   26   25   25
   25   26   28   29   31   33   35   37   38   39   39   38   37   36   35   34
   32   30   27   25   24   26   31   38   46   53   59   64   69   75   84   93
   99  105  114  116  121  126  129  143  139                                   
    47.5-180.0 180.0   5.0 450.0                            LAT/LON1/LON2/DLON/H
  157  154  155  153  143  133  124  118  113  105   99   96   95   95   96   95
   91   84   75   66   57   51   47   44   43   42   40   37   34   31   30   30
   31   33   35   38   40   42   44   46   47   47   47   46   45   44   43   42
   41   38   35   32   32   34   39   47   55   62   67   71   75   81   90  100
  108  115  126  130  138  144  147  160  157                                   
    45.0-180.0 180.0   5.0 450.0                            LAT/LON1/LON2/DLON/H
  172  172  173  174  165  156  148  140  132  120  112  106  103  102  102  100
   94   86   77   67   59   54   51   50   50   50   48   44   40   37   36   36
   37   40   43   46   48   51   52   53   54   54   54   53   53   52   52   52
   51   49   46   44   43   46   51   60   68   75   79   81   84   90   98  107
  115  124  136  142  151  159  162  174  172                                   
    42.5-180.0 180.0   5.0 450.0                            LAT/LON1/LON2/DLON/H
  181  184  185  188  182  176  169  161  152  138  126  118  114  112  110  107
  100   90   80   72   65   61   60   60   60   59   56   51   47   43   42   42
   43   45   48   51   54   56   57   58   58   59   59   60   60   60   61   62
   62   61   59   57   57   60   66   75   83   89   92   94   96  100  107  116
  122  131  142  149  160  169  173  184  181                                   
    40.0-180.0 180.0   5.0 450.0                            LAT/LON1/LON2/DLON/H
  185  189  190  195  191  188  182  176  167  153  141  132  127  124  121  116
  108   98   88   81   76   73   72   71   70   67   63   57   52   48   46   46
   47   49   51   54   56   58   60   60   61   62   63   65   66   67   69   70
   71   72   71   71   71   74   80   88   96  102  106  107  109  113  119  126
  131  137  148  155  166  176  180  190  185                                   
    37.5-180.0 180.0   5.0 450.0                            LAT/LON1/LON2/DLON/H
  187  190  190  195  193  191  186  183  177  165  154  146  141  138  134  128
  119  110  101   95   91   89   87   84   80   74   67   60   54   50   49   48
   49   50   52   54   57   59   60   61   62   63   66   69   71   73   74   76
   77   79   79   80   81   84   90   98  106  112  116  119  122  127  133  138
  142  147  157  163  172  182  186  197  187                                   
    35.0-180.0 180.0   5.0 450.0                            LAT/LON1/LON2/DLON/H
  192  194  192  193  190  188  184  183  180  171  164  158  154  151  147  140
  131  123  116  112  109  106  101   95   86   77   68   60   54   51   50   49
   50   51   52   55   57   60   61   62   63   65   68   72   74   76   76   77
   78   80   81   82   84   88   94  102  110  118  123  128  134  140  148  154
  158  162  171  177  185  194  199  210  192                                   
    32.5-180.0 180.0   5.0 450.0                            LAT/LON1/LON2/DLON/H
  207  207  201  197  190  185  180  180  180  175  171  168  166  163  158  151
  142  134  129  126  123  118  110   99   87   75   66   58   53   51   51   51
   52   53   55   57   60   62   64   64   65   68   71   74   76   76   74   74
   74   75   77   78   81   86   92  101  110  119  126  134  143  153  164  173
  179  184  194  199  207  216  223  234  207                                   
    30.0-180.0 180.0   5.0 450.0                            LAT/LON1/LON2/DLON/H
  237  236  224  211  199  189  181  180  182  180  178  177  176  173  167  158
  149  142  137  133  128  120  108   95   83   72   63   57   54   53   54   56
   57   58   60   63   66   68   69   70   70   72   75   77   77   74   71   68
   67   67   69   71   74   80   88   97  107  118  127  138  150  165  181  195
  204  212  224  230  239  249  258  270  237                                   
    27.5-180.0 180.0   5.0 450.0                            LAT/LON1/LON2/DLON/H
  283  282  263  242  223  205  193  190  191  189  188  188  187  182  174  164
  153  144  137  130  121  110   97   86   76   69   63   60   58   59   61   64
   66   68   70   73   75   77   78   78   78   79   80   80   77   73   67   62
   60   59   60   62   66   73   82   93  105  117  128  141  157  176  197  217
  232  245  260  268  280  291  303  316  283                                   
    25.0-180.0 180.0   5.0 450.0                            LAT/LON1/LON2/DLON/H
  343  344  317  289  263  238  220  212  210  207  206  204  200  193  182  169
  155  142  131  119  106   93   83   76   73   70   69   68   69   70   73   76
   78   80   83   85   87   89   88   88   87   87   86   84   79   72   64   58
   55   53   53   56   61   69   80   93  106  119  132  146  164  187  213  240
  262  281  299  309  324  338  352  367  343                                   
    22.5-180.0 180.0   5.0 450.0                            LAT/LON1/LON2/DLON/H
  407  410  382  350  318  286  262  249  242  237  232  227  220  210  195  177
  159  141  123  106   90   78   73   73   76   80   82   83   84   86   88   90
   93   95   97   99  100  100   99   98   97   96   93   89   81   72   64   57
   53   51   51   53   58   68   81   96  111  125  140  155  174  199  229  262
  290  316  338  349  368  383  399  416  407                                   
    20.0-180.0 180.0   5.0 450.0                            LAT/LON1/LON2/DLON/H
  464  470  448  417  381  346  317  298  287  278  269  261  250  235  216  194
  170  147  123  100   83   74   74   81   91   99  104  105  104  104  104  106
  108  110  111  112  112  111  110  108  107  105  100   93   84   74   65   58
   54   52   51   53   60   71   86  103  120  136  151  167  187  213  245  282
  316  347  372  386  406  421  438  459  464                                   
    17.5-180.0 180.0   5.0 450.0                            LAT/LON1/LON2/DLON/H
  504  514  503  479  445  410  379  357  342  329  317  304  290  271  248  222
  194  165  135  110   92   85   89  102  116  128  132  131  127  124  122  122
  123  123  124  123  122  120  118  117  115  112  107   98   87   76   67   61
   56   54   52   55   62   75   93  112  130  147  163  180  200  226  260  299
  337  372  399  414  434  449  466  489  504                                   
    15.0-180.0 180.0   5.0 450.0                            LAT/LON1/LON2/DLON/H
  523  538  539  526  499  470  442  420  403  386  371  356  339  318  293  264
  233  199  166  138  120  115  123  138  154  163  164  157  149  143  139  137
  137  136  135  133  130  127  125  124  123  119  112  102   90   78   69   63
   59   56   54   56   64   78   98  119  138  156  173  190  211  238  273  312
  352  388  416  432  450  462  480  505  523                                   
    12.5-180.0 180.0   5.0 450.0                            LAT/LON1/LON2/DLON/H
  523  542  554  553  537  518  496  477  460  443  427  411  394  373  348  319
  287  253  219  190  172  168  176  190  200  201  193  181  169  161  156  153
  151  149  146  142  138  134  132  131  129  124  116  105   92   81   72   66
   61   57   55   56   65   80  100  121  141  159  177  196  219  247  282  321
  361  397  425  440  456  465  483  507  523                                   
    10.0-180.0 180.0   5.0 450.0                            LAT/LON1/LON2/DLON/H
  512  533  552  561  556  547  533  520  506  490  475  461  446  427  405  379
  351  321  291  265  248  242  245  248  246  234  217  199  185  177  172  169
  166  162  157  151  146  142  140  138  135  128  119  107   94   83   74   68
   63   58   55   56   64   79   99  120  139  157  176  197  222  252  287  326
  365  400  427  442  456  463  480  503  512                                   
     7.5-180.0 180.0   5.0 450.0                            LAT/LON1/LON2/DLON/H
  499  519  541  556  559  557  550  541  531  518  506  496  486  472  456  436
  415  393  371  352  337  326  316  303  283  257  232  212  199  192  189  185
