data/edconvlstm_nd/pred0330.15i
     1.0            IONOSPHERE MAPS     GNSS                IONEX VERSION / TYPE
pyspatialgeodesy        IME             05-JAN-18 20:20     PGM / RUN BY / DATE 
Map Name                                                    COMMENT             
Predicted global ionosphere maps (GIM).                     DESCRIPTION         
  2015     2     2     0     0     0                        EPOCH OF FIRST MAP  
  2015     2     3     0     0     0                        EPOCH OF LAST MAP   
  7200                                                      INTERVAL            
    13                                                      # OF MAPS IN FILE   
  NONE                                                      MAPPING FUNCTION    
10.0                                                        ELEVATION CUTOFF    
One-way carrier phase leveled to code                       OBSERVABLES USED    
  6371.0                                                    BASE RADIUS         
 2                                                          MAP DIMENSION       
   450.0 450.0   0.0                                        HGT1 / HGT2 / DHGT  
    87.5 -87.5  -2.5                                        LAT1 / LAT2 / DLAT  
  -180.0 180.0   5.0                                        LON1 / LON2 / DLON  
    -1                                                      EXPONENT            
                                                            END OF HEADER       
[from data line 1716]
     5                                                      START OF TEC MAP    
  2015     2     2     8     0     0                        EPOCH OF CURRENT MAP
    87.5-180.0 180.0   5.0 450.0                            LAT/LON1/LON2/DLON/H
   57   63   61   65   66   67   67   64   66   69   70   72   73   73   74   74
   74   74   74   74   74   73   73   73   73   73   73   73   73   73   73   73
   73   73   72   72   72   72   71   71   70   70   69   68   68   67   67   66
   65   64   63   62   61   60   59   58   57   56   55   54   53   52   51   51
   51   52   51   51   58   63   75   75   57                                   
    85.0-180.0 180.0   5.0 450.0                            LAT/LON1/LON2/DLON/H
   50   66   68   64   66   70   72   73   75   78   79   81   82   83   83   83
   83   83   83   83   83   82   82   82   82   82   82   82   82   83   83   83
   83   83   83   83   83   83   83   83   83   83   82   82   81   81   80   80
   79   78   76   75   74   72   70   68   67   65   63   61   59   57   56   55
   55   55   52   52   54   58   68   69   50                                   
    82.5-180.0 180.0   5.0 450.0                            LAT/LON1/LON2/DLON/H
   50   54   68   63   63   66   69   71   74   77   78   81   81   82   82   81
   80   80   79   78   77   76   76   75   75   75   75   75   76   76   77   78
   78   79   80   81   82   83   84   85   86   87   87   88   89   90   90   90
   90   89   88   87   86   84   81   79   76   74   71   68   65   62   59   57
   55   54   50   50   56   53   50   52   50                                   
    80.0-180.0 180.0   5.0 450.0                            LAT/LON1/LON2/DLON/H
   54   50   61   59   61   60   66   69   73   76   77   80   80   80   80   79
   78   76   75   73   72   71   69   69   68   68   69   69   71   72   73   75
   76   78   80   81   83   85   87   89   92   95   97  100  103  106  108  109
  111  111  111  110  108  106  104  100   97   93   89   84   79   74   70   65
   61   56   53   50   53   51   52   52   54                                   
    77.5-180.0 180.0   5.0 450.0                            LAT/LON1/LON2/DLON/H
   60   52   59   59   58   62   69   73   77   79   81   83   84   84   83   82
   80   79   77   75   73   71   70   69   69   69   69   71   72   74   76   79
   81   83   86   88   91   94   97  101  105  110  116  121  127  132  137  141
  144  146  148  148  147  145  142  138  133  128  122  116  109  102   95   87
   79   72   65   61   58   47   48   53   60                                   
    75.0-180.0 180.0   5.0 450.0                            LAT/LON1/LON2/DLON/H
   59   54   57   59   60   66   72   76   79   82   83   85   84   84   83   81
   80   78   76   74   72   71   70   69   69   69   70   72   74   76   78   81
   83   85   88   90   93   97  101  107  113  121  129  138  147  156  164  171
  177  181  184  185  184  183  179  175  170  164  157  150  141  132  123  113
  102   91   82   71   67   54   54   56   59                                   
    72.5-180.0 180.0   5.0 450.0                            LAT/LON1/LON2/DLON/H
   63   57   59   62   63   72   79   82   85   87   87   88   88   87   86   84
   83   81   80   78   77   76   75   74   74   75   75   77   79   81   83   85
   87   89   91   93   97  102  108  115  124  135  147  159  171  183  194  204
  212  218  222  224  224  222  219  214  208  201  193  185  176  165  154  143
  130  116  105   92   82   66   63   67   63                                   
    70.0-180.0 180.0   5.0 450.0                            LAT/LON1/LON2/DLON/H
   70   60   63   65   66   73   80   84   87   88   88   89   88   87   86   85
   84   83   82   81   80   80   80   80   80   81   82   82   83   85   86   87
   88   89   91   94   98  103  111  121  133  147  162  177  193  208  221  233
  243  250  254  256  256  253  249  243  236  228  219  210  199  188  175  162
  148  133  120  104   92   75   74   78   70                                   
    67.5-180.0 180.0   5.0 450.0                            LAT/LON1/LON2/DLON/H
   68   59   61   63   64   73   79   83   86   87   87   88   87   86   86   86
   86   86   86   86   86   87   87   88   88   88   88   88   88   87   87   87
   88   89   90   93   98  105  114  127  141  158  175  194  211  228  243  256
  266  273  277  279  278  274  268  261  252  243  233  222  210  197  184  170
  155  138  124  108   94   76   73   78   68                                   
    65.0-180.0 180.0   5.0 450.0                            LAT/LON1/LON2/DLON/H
   68   56   57   60   61   69   76   80   84   85   86   87   87   87   87   88
   88   89   90   91   92   93   94   95   95   94   93   92   91   89   88   87
   87   87   88   92   98  107  119  134  151  171  191  211  231  248  264  276
  286  293  296  297  294  289  282  273  263  252  240  227  215  201  186  171
  155  138  123  106   93   75   72   79   68                                   
    62.5-180.0 180.0   5.0 450.0                            LAT/LON1/LON2/DLON/H
   65   50   50   53   55   62   69   74   78   81   82   84   85   86   87   88
   89   90   91   92   94   95   96   97   96   95   93   90   88   85   84   82
   81   82   84   89   96  108  122  140  161  183  205  227  246  264  279  291
  299  304  307  306  303  296  288  278  266  254  241  228  213  198  182  167
  150  132  118  101   88   70   67   76   65                                   
    60.0-180.0 180.0   5.0 450.0                            LAT/LON1/LON2/DLON/H
   64   45   43   45   46   52   59   65   69   73   76   78   80   82   84   86
   87   88   88   89   90   91   91   91   90   88   85   82   79   76   74   73
   73   75   78   85   95  109  127  147  170  194  218  240  259  276  289  299
  306  310  311  310  306  300  291  281  269  256  242  228  213  197  180  164
  146  128  114   97   86   67   64   72   64                                   
    57.5-180.0 180.0   5.0 450.0                            LAT/LON1/LON2/DLON/H
   68   45   40   40   40   44   50   56   61   65   68   72   75   78   80   82
   83   83   83   82   82   82   82   81   80   77   73   70   67   65   64   64
   66   69   75   84   97  114  135  158  183  207  231  252  271  287  299  307
  312  315  315  314  310  305  297  287  275  263  249  236  221  205  188  170
  152  133  119  103   93   73   69   75   68                                   
    55.0-180.0 180.0   5.0 450.0                            LAT/LON1/LON2/DLON/H
   78   52   45   40   38   39   44   48   53   57   61   65   69   72   75   77
   78   77   75   73   72   72   71   70   68   64   60   57   55   54   55   57
   60   66   75   88  104  123  146  170  195  220  243  264  282  296  307  314
  318  319  319  318  316  311  305  297  286  275  262  249  235  220  203  185
  166  148  135  119  110   90   85   86   78                                   
    52.5-180.0 180.0   5.0 450.0                            LAT/LON1/LON2/DLON/H
   95   69   58   49   44   42   44   46   49   52   56   60   64   68   71   73
   73   71   69   66   65   64   63   62   59   55   51   48   47   47   49   53
   59   69   81   97  116  138  161  185  209  232  254  274  291  305  315  322
  325  325  325  324  323  320  315  308  299  289  277  265  252  238  222  205
  186  168  155  141  134  115  109  105   95                                   
    50.0-180.0 180.0   5.0 450.0                            LAT/LON1/LON2/DLON/H
  118   94   81   67   58   53   51   49   50   51   53   57   61   65   68   70
   70   68   65   63   61   61   60   59   56   52   48   45   44   45   49   54
   63   76   92  111  133  156  179  201  223  244  264  283  300  315  325  331
  333  333  332  332  331  330  326  320  311  302  291  280  268  255  240  223
  205  188  175  162  157  141  135  129  118                                   
    47.5-180.0 180.0   5.0 450.0                            LAT/LON1/LON2/DLON/H
  140  121  108   92   80   71   64   59   56   55   55   58   60   64   68   70
   70   68   66   64   64   64   64   63   60   56   51   48   47   48   52   59
   71   86  106  128  152  176  198  218  237  255  273  292  309  324  335  341
  343  342  341  340  339  338  334  328  319  309  298  287  276  263  249  234
  216  200  186  174  171  160  156  150  140                                   
    45.0-180.0 180.0   5.0 450.0                            LAT/LON1/LON2/DLON/H
  157  145  135  119  106   93   83   73   67   63   61   62   64   67   71   73
   73   72   71   71   72   74   75   74   71   66   61   57   54   55   58   66
   79   97  120  146  172  196  217  234  250  266  282  300  317  333  345  351
  353  351  348  346  345  342  338  331  321  310  298  286  275  262  248  233
  216  199  185  174  172  164  164  161  157                                   
    42.5-180.0 180.0   5.0 450.0                            LAT/LON1/LON2/DLON/H
  163  156  152  140  129  116  103   91   81   75   71   71   72   74   77   79
   79   79   80   82   86   89   91   90   85   79   73   67   63   62   64   71
   85  106  133  162  190  214  234  250  263  276  291  307  325  341  353  359
  360  358  354  351  348  345  339  330  319  306  293  280  267  254  240  224
  206  189  173  161  159  152  155  157  163                                   
    40.0-180.0 180.0   5.0 450.0                            LAT/LON1/LON2/DLON/H
  155  153  154  147  141  130  118  106   96   88   83   82   82   84   86   87
   87   88   90   95  101  106  107  105   99   92   84   76   71   67   68   76
   91  114  143  175  205  230  250  265  276  288  300  316  332  348  360  366
  366  363  358  355  351  347  341  332  320  306  291  276  262  247  232  215
  197  177  159  144  138  129  133  139  155                                   
    37.5-180.0 180.0   5.0 450.0                            LAT/LON1/LON2/DLON/H
  139  137  141  139  139  132  123  114  106   99   95   94   94   94   95   95
   95   97  101  108  115  120  121  117  110  100   91   83   76   72   72   79
   95  120  152  186  218  245  265  280  291  301  312  326  341  356  367  372
  371  368  364  362  360  357  351  343  331  317  301  285  269  253  236  219
  199  178  156  136  122  106  109  114  139                                   
    35.0-180.0 180.0   5.0 450.0                            LAT/LON1/LON2/DLON/H
  123  116  120  119  124  121  118  113  109  105  103  103  104  104  103  102
  102  104  110  118  125  129  128  122  114  104   94   86   79   74   74   81
   98  125  159  196  231  259  281  297  308  318  328  340  354  367  376  380
  380  378  376  376  377  377  374  368  358  346  331  316  299  282  265  248
  227  204  179  151  129  101   96   97  123                                   
    32.5-180.0 180.0   5.0 450.0                            LAT/LON1/LON2/DLON/H
  115  100   99   97  104  103  104  104  105  105  106  108  110  110  109  107
  107  110  116  124  130  132  128  121  112  102   93   86   80   76   76   84
  102  131  168  207  244  275  299  317  329  339  349  360  372  383  390  394
  394  395  396  401  406  410  411  409  403  394  383  369  354  338  321  304
  284  261  235  199  169  126  110  100  115                                   
    30.0-180.0 180.0   5.0 450.0                            LAT/LON1/LON2/DLON/H
  124   98   90   83   87   86   89   92   96  100  104  109  111  112  111  109
  109  113  119  126  129  128  123  115  105   97   89   84   80   77   79   89
  109  140  180  221  260  293  319  340  355  366  376  386  396  406  412  416
  418  421  427  436  446  455  461  463  463  460  454  444  432  418  403  388
  370  348  321  280  243  186  157  134  124                                   
    27.5-180.0 180.0   5.0 450.0                            LAT/LON1/LON2/DLON/H
  156  121  101   84   81   77   79   82   87   93   99  105  109  111  110  109
  109  113  119  124  125  121  114  106   98   91   86   83   81   82   86   98
  121  154  195  237  278  313  342  365  383  397  408  418  428  437  443  448
  452  459  470  484  500  513  523  531  536  539  539  535  528  518  507  494
  479  460  432  387  344  275  232  199  156                                   
    25.0-180.0 180.0   5.0 450.0                            LAT/LON1/LON2/DLON/H
  213  170  138  107   93   82   79   81   85   90   95  101  105  107  107  107
  108  112  117  119  117  112  105   99   93   88   86   85   86   90   98  113
  137  171  212  256  297  333  365  392  413  430  444  456  467  477  485  491
  499  510  526  546  565  582  596  607  617  626  631  634  632  628  621  612
  600  584  556  510  462  384  327  289  213                                   
    22.5-180.0 180.0   5.0 450.0                            LAT/LON1/LON2/DLON/H
  294  245  201  156  127  107   96   93   93   95   98  101  103  104  105  105
  107  110  114  114  110  104   99   96   93   91   90   92   95  102  112  129
  155  189  231  274  316  353  387  417  442  463  481  497  511  524  534  544
  556  572  593  616  637  655  670  683  696  708  718  726  730  731  729  723
  714  701  674  630  576  496  431  392  294                                   
    20.0-180.0 180.0   5.0 450.0                            LAT/LON1/LON2/DLON/H
  387  337  285  229  184  155  133  123  116  113  110  108  107  107  107  107
  108  110  112  110  105  101   98   98   99  100  100  102  107  115  127  145
  171  206  248  291  332  371  407  439  468  493  516  536  555  572  586  600
  616  636  659  683  703  720  733  745  757  770  782  793  801  806  807  803
  794  783  760  720  665  593  532  494  387                                   
    17.5-180.0 180.0   5.0 450.0                            LAT/LON1/LON2/DLON/H
  474  428  375  318  256  221  189  170  156  145  135  126  121  117  115  113
  113  113  113  109  104  101  102  106  111  114  115  116  119  126  138  157
  185  220  261  304  345  384  422  457  489  518  544  570  593  614  632  650
  668  690  713  735  753  765  774  781  791  801  812  822  831  837  839  833
  823  813  794  760  710  651  605  574  474                                   
    15.0-180.0 180.0   5.0 450.0                            LAT/LON1/LON2/DLON/H
  536  497  452  400  332  294  255  231  208  189  171  155  143  135  129  124
  121  119  116  111  107  105  110  118  126  131  131  129  129  133  145  165
  193  229  270  312  353  393  431  468  503  535  565  594  621  645  666  686
  706  727  749  768  781  789  792  795  798  803  810  817  823  827  825  816
  802  788  771  743  704  661  632  616  536                                   
    12.5-180.0 180.0   5.0 450.0                            LAT/LON1/LON2/DLON/H
  560  530  495  453  391  356  318  291  265  241  216  193  173  158  147  138
  131  126  120  115  111  112  120  132  143  148  147  141  137  138  149  169
  198  235  275  316  356  397  436  474  510  544  577  608  637  662  685  706
  726  747  766  782  792  795  794  792  789  788  788  789  790  788  781  766
  747  727  708  683  657  629  615  614  560                                   
    10.0-180.0 180.0   5.0 450.0                            LAT/LON1/LON2/DLON/H
  552  527  501  468  420  391  360  338  314  290  262  234  207  186  168  154
  142  132  125  119  116  120  130  145  158  165  161  151  143  142  152  172
  202  238  278  318  358  398  438  476  513  547  581  612  641  667  690  711
  730  750  768  781  789  790  787  782  775  768  761  756  751  743  730  709
  683  657  633  609  591  575  570  579  552                                   
     7.5-180.0 180.0   5.0 450.0                            LAT/LON1/LON2/DLON/H
  525  501  480  454  421  400  377  362  346  327  301  271  241  213  189  168
  151  138  128  122  121  126  138  155  171  177  172  160  150  148  157  177
