data/edconvlstm_nd/pred3050.15i
     1.0            IONOSPHERE MAPS     GNSS                IONEX VERSION / TYPE
pyspatialgeodesy        IME             05-JAN-18 20:20     PGM / RUN BY / DATE 
Map Name                                                    COMMENT             
Predicted global ionosphere maps (GIM).                     DESCRIPTION         
  2015    11     1     0     0     0                        EPOCH OF FIRST MAP  
  2015    11     2     0     0     0                        EPOCH OF LAST MAP   
  7200                                                      INTERVAL            
    13                                                      # OF MAPS IN FILE   
  NONE                                                      MAPPING FUNCTION    
10.0                                                        ELEVATION CUTOFF    
One-way carrier phase leveled to code                       OBSERVABLES USED    
  6371.0                                                    BASE RADIUS         
 2                                                          MAP DIMENSION       
   450.0 450.0   0.0                                        HGT1 / HGT2 / DHGT  
    87.5 -87.5  -2.5                                        LAT1 / LAT2 / DLAT  
  -180.0 180.0   5.0                                        LON1 / LON2 / DLON  
    -1                                                      EXPONENT            
                                                            END OF HEADER       
[from data line 3432]
     9                                                      START OF TEC MAP    
  2015    11     1    16     0     0                        EPOCH OF CURRENT MAP
    87.5-180.0 180.0   5.0 450.0                            LAT/LON1/LON2/DLON/H
  101  109  113  120  127  129  130  130  133  137  138  140  142  143  144  145
  146  146  146  145  144  143  142  140  138  136  133  131  128  125  122  120
  117  114  112  109  107  104  102  101   99   97   96   95   95   94   94   94
   94   94   94   94   94   94   95   95   95   95   96   96   97   97   98   98
  100  101  100   97  102  101  111  109  101                                   
    85.0-180.0 180.0   5.0 450.0                            LAT/LON1/LON2/DLON/H
  106  113  128  119  123  131  134  138  142  146  148  151  153  155  157  158
  159  159  159  159  158  157  155  153  150  147  144  141  137  134  130  126
  123  119  116  113  110  108  105  103  101  100   99   98   97   97   97   97
   97   97   97   97   98   98   98   98   98   98   98   99   99   99   99  100
  102  102  100   96   99  102  103  101  106                                   
    82.5-180.0 180.0   5.0 450.0                            LAT/LON1/LON2/DLON/H
   84   97  104  103  110  118  125  130  135  140  145  149  152  155  158  160
  161  162  163  163  162  160  158  156  152  148  144  139  134  129  123  118
  113  109  104  100   97   94   91   88   86   85   83   83   82   82   82   83
   83   84   85   85   86   86   86   86   86   86   85   85   84   84   84   84
   85   85   83   81   84   96   89   88   84                                   
    80.0-180.0 180.0   5.0 450.0                            LAT/LON1/LON2/DLON/H
   67   77   84   86   92   98  106  113  120  126  131  137  141  145  148  150
  153  154  155  155  155  153  151  148  144  139  133  127  120  114  107  101
   95   89   84   80   76   73   70   68   67   65   65   65   65   66   67   69
   71   73   75   77   78   79   79   79   79   78   77   76   74   73   72   71
   71   70   69   68   66   74   71   78   67                                   
    77.5-180.0 180.0   5.0 450.0                            LAT/LON1/LON2/DLON/H
   66   68   69   71   78   85   93  100  107  113  118  124  129  134  137  141
  144  147  149  151  152  152  150  147  143  137  130  123  115  106   98   91
   84   78   73   68   64   61   58   55   53   52   51   52   53   54   57   60
   63   67   70   74   76   78   79   79   79   77   75   73   71   68   66   64
   63   62   61   61   58   60   60   69   66                                   
    75.0-180.0 180.0   5.0 450.0                            LAT/LON1/LON2/DLON/H
   53   57   54   59   64   71   76   82   90   96  101  106  111  116  120  125
  129  134  139  144  147  150  151  150  147  141  134  125  116  107   97   89
   82   75   70   66   62   58   55   52   50   48   48   48   49   51   54   57
   62   67   71   75   79   81   82   82   81   79   77   74   70   67   64   62
   60   59   58   56   55   54   52   51   53                                   
    72.5-180.0 180.0   5.0 450.0                            LAT/LON1/LON2/DLON/H
   51   52   49   54   56   63   68   73   78   83   87   92   97  102  107  113
  120  127  136  144  152  158  162  164  162  157  149  140  129  118  107   98
   90   83   77   72   68   64   60   56   53   50   48   47   47   49   52   56
   61   67   72   77   81   84   85   85   83   81   78   75   71   67   64   62
   60   58   58   55   54   54   53   55   51                                   
    70.0-180.0 180.0   5.0 450.0                            LAT/LON1/LON2/DLON/H
   49   51   48   51   53   57   60   64   70   74   78   83   87   92   97  105
  113  124  136  149  162  173  181  186  186  183  175  165  153  140  128  117
  108  100   94   88   83   78   73   67   62   58   54   52   51   52   54   58
   63   68   73   78   81   84   85   85   83   81   78   74   71   68   65   63
   61   60   60   58   57   57   59   59   49                                   
    67.5-180.0 180.0   5.0 450.0                            LAT/LON1/LON2/DLON/H
   51   52   48   51   53   57   60   64   69   72   76   80   85   90   96  105
  116  130  145  163  180  195  207  215  217  214  206  195  181  167  154  141
  131  122  114  107  100   93   86   79   72   66   60   56   54   54   55   58
   61   66   70   74   77   79   80   79   78   76   74   71   69   66   65   64
   63   62   62   59   58   58   58   58   51                                   
    65.0-180.0 180.0   5.0 450.0                            LAT/LON1/LON2/DLON/H
   48   50   46   50   50   54   57   61   66   70   74   79   84   89   97  107
  119  136  155  176  197  217  232  242  246  243  235  223  209  194  179  166
  154  144  134  125  117  108   99   90   81   73   66   61   57   55   54   55
   57   59   62   64   66   67   67   67   66   65   64   62   61   60   59   59
   59   59   60   58   57   58   59   59   48                                   
    62.5-180.0 180.0   5.0 450.0                            LAT/LON1/LON2/DLON/H
   45   47   43   47   48   51   55   59   64   70   75   80   86   93  102  113
  127  145  166  190  213  234  251  262  266  264  256  244  229  214  200  186
  173  162  151  140  129  117  106   96   86   77   69   63   58   54   52   51
   50   50   51   51   51   52   52   52   53   53   52   52   52   52   52   53
   53   53   55   53   53   52   52   53   45                                   
    60.0-180.0 180.0   5.0 450.0                            LAT/LON1/LON2/DLON/H
   42   43   39   43   43   46   50   55   61   67   74   81   88   97  107  119
  135  154  175  199  222  244  261  272  276  273  266  254  240  227  213  200
  188  175  163  150  137  124  111  100   89   80   72   65   59   55   51   48
   45   43   41   40   39   39   39   40   41   42   43   44   45   46   47   47
   47   47   48   47   47   46   45   48   42                                   
    57.5-180.0 180.0   5.0 450.0                            LAT/LON1/LON2/DLON/H
   42   42   39   42   42   45   48   53   59   66   74   83   92  103  114  128
  144  162  183  205  227  247  262  272  276  273  265  255  244  232  221  210
  199  186  173  159  145  130  117  105   95   86   79   72   66   61   56   51
   47   43   39   36   34   33   33   35   37   39   42   44   46   47   47   47
   47   46   47   45   45   42   41   45   42                                   
    55.0-180.0 180.0   5.0 450.0                            LAT/LON1/LON2/DLON/H
   48   46   44   47   46   49   52   56   61   68   77   86   97  109  123  137
  153  171  189  209  227  244  257  265  268  265  258  249  241  233  225  217
  207  195  182  167  152  138  124  113  103   95   89   83   77   71   66   60
   54   49   44   40   37   36   36   38   41   45   48   51   53   55   55   54
   53   51   51   49   49   45   43   46   48                                   
    52.5-180.0 180.0   5.0 450.0                            LAT/LON1/LON2/DLON/H
   60   58   57   58   58   60   62   64   69   75   82   93  104  118  132  148
  164  180  195  211  226  239  250  256  257  254  248  241  235  230  226  221
  213  203  190  176  161  147  134  124  115  108  103   98   92   86   80   74
   69   63   58   53   49   47   47   50   53   58   62   65   68   69   69   68
   65   63   62   60   60   56   53   54   60                                   
    50.0-180.0 180.0   5.0 450.0                            LAT/LON1/LON2/DLON/H
   78   76   76   77   76   79   79   81   83   88   94  104  115  129  144  160
  175  190  203  215  226  236  243  247  248  244  239  234  231  228  226  223
  217  208  197  184  171  159  147  137  129  123  118  114  109  103   97   91
   86   81   76   71   67   64   63   65   69   74   79   82   84   85   85   84
   81   79   78   77   77   74   72   70   78                                   
    47.5-180.0 180.0   5.0 450.0                            LAT/LON1/LON2/DLON/H
   98   97   98   99   99  102  102  103  104  107  112  120  131  144  159  174
  189  201  212  221  230  237  242  244  244  241  236  231  228  227  226  223
  219  212  203  193  182  171  161  151  143  137  132  128  122  116  110  105
  101   97   93   88   84   80   79   80   84   88   93   96   98   99  100   99
   97   96   95   95   96   95   94   90   98                                   
    45.0-180.0 180.0   5.0 450.0                            LAT/LON1/LON2/DLON/H
  115  117  117  121  122  126  126  127  128  131  135  142  151  163  176  190
  203  214  223  230  236  242  246  248  247  244  239  233  229  226  224  222
  218  213  207  200  193  184  174  165  156  148  142  136  130  123  117  112
  110  108  105  100   95   90   88   89   92   97  101  104  107  108  109  110
  109  108  108  109  113  113  114  109  115                                   
    42.5-180.0 180.0   5.0 450.0                            LAT/LON1/LON2/DLON/H
  124  128  130  137  141  146  148  150  152  155  159  166  174  184  195  207
  218  228  235  241  246  251  254  256  256  252  246  238  232  226  222  219
  216  213  210  208  203  197  187  176  165  155  147  139  130  122  116  112
  110  110  108  104   98   93   90   90   93   97  102  105  108  110  112  113
  113  114  115  117  122  124  126  122  124                                   
    40.0-180.0 180.0   5.0 450.0                            LAT/LON1/LON2/DLON/H
  122  129  132  142  150  158  163  167  171  177  182  190  198  207  216  225
  233  241  247  252  257  261  265  267  266  262  255  245  235  227  221  217
  216  216  217  218  216  210  200  186  172  159  147  137  126  116  109  106
  105  105  104  100   94   89   85   85   88   93   98  101  104  106  108  110
  111  112  114  115  120  123  125  124  122                                   
    37.5-180.0 180.0   5.0 450.0                            LAT/LON1/LON2/DLON/H
  111  118  122  136  147  157  166  175  183  192  201  211  220  228  235  241
  247  253  258  263  267  272  275  277  276  271  263  252  240  231  224  221
  222  226  231  235  235  228  215  198  180  163  148  134  122  111  103  100
  100  100   99   95   89   84   81   81   84   89   94   97   99  100  102  103
  104  105  106  107  109  111  113  114  111                                   
    35.0-180.0 180.0   5.0 450.0                            LAT/LON1/LON2/DLON/H
   95  100  105  120  132  144  157  171  184  199  213  227  238  247  252  256
  259  263  267  271  276  280  282  283  281  276  268  258  247  239  235  235
  240  248  256  261  261  252  236  214  192  171  153  138  124  112  104  101
  101  102  100   96   91   86   83   84   87   92   96   98   99   99   99   99
   98   97   97   96   95   94   95   99   95                                   
    32.5-180.0 180.0   5.0 450.0                            LAT/LON1/LON2/DLON/H
   82   83   86  100  112  124  140  157  176  195  215  234  249  259  265  268
  269  271  274  278  282  284  284  284  281  278  272  266  259  256  257  263
  273  284  295  300  297  285  264  238  211  188  168  151  137  126  118  116
  115  115  113  109  104  100   98   99  102  105  108  109  108  105  103  101
   98   95   93   89   85   80   80   85   82                                   
    30.0-180.0 180.0   5.0 450.0                            LAT/LON1/LON2/DLON/H
   76   73   73   84   93  103  119  138  161  184  209  232  251  264  272  274
  275  276  279  282  285  285  284  281  280  279  278  277  278  283  291  304
  320  335  346  349  342  324  298  269  239  214  194  177  164  154  149  146
  146  144  141  137  133  129  128  128  129  131  132  131  127  122  117  112
  106  101   97   90   83   75   72   75   76                                   
    27.5-180.0 180.0   5.0 450.0                            LAT/LON1/LON2/DLON/H
   79   72   68   76   81   88  103  121  145  171  198  224  246  262  272  276
  278  280  282  286  287  286  282  279  279  282  288  296  306  320  337  358
  379  396  406  405  391  368  338  306  275  250  230  215  204  197  193  192
  190  187  183  178  174  172  170  169  168  167  165  161  155  146  139  132
  124  117  109  101   92   80   75   73   79                                   
    25.0-180.0 180.0   5.0 450.0                            LAT/LON1/LON2/DLON/H
   91   80   72   76   79   83   96  112  135  159  186  212  236  254  267  274
  278  281  285  289  290  288  284  281  284  292  305  322  342  365  391  418
  443  461  467  460  440  412  379  346  316  292  274  261  253  248  246  245
  241  236  230  225  222  221  219  215  211  206  200  193  183  173  164  155
  146  138  129  120  110   95   87   79   91                                   
    22.5-180.0 180.0   5.0 450.0                            LAT/LON1/LON2/DLON/H
  107   94   83   84   84   87   98  112  132  154  177  201  224  244  259  269
  277  283  288  293  295  293  290  290  297  311  331  356  384  415  447  478
  504  520  521  507  481  449  415  384  358  336  320  309  302  299  298  295
  289  280  272  266  265  264  261  255  246  237  227  217  206  194  184  176
  166  160  149  142  131  114  104   93  107                                   
    20.0-180.0 180.0   5.0 450.0                            LAT/LON1/LON2/DLON/H
  123  108   95   94   94   96  108  120  138  156  175  195  215  235  252  265
  276  285  293  300  303  304  304  308  319  338  365  395  429  464  498  528
  551  562  557  537  508  475  444  417  394  376  361  351  344  340  336  329
  319  307  297  291  291  290  286  277  265  252  240  228  216  204  195  188
  180  175  164  159  149  133  122  111  123                                   
    17.5-180.0 180.0   5.0 450.0                            LAT/LON1/LON2/DLON/H
  133  120  105  103  104  106  120  133  149  165  180  196  213  232  250  266
  279  291  301  310  315  319  324  333  349  373  403  437  471  505  536  562
  579  582  572  549  519  489  463  442  424  407  392  379  369  360  352  340
  325  309  298  293  292  292  288  277  263  249  237  224  213  202  194  188
  182  179  170  167  158  145  135  126  133                                   
    15.0-180.0 180.0   5.0 450.0                            LAT/LON1/LON2/DLON/H
  134  124  110  108  110  113  130  145  162  177  190  204  219  237  255  273
  289  303  314  324  332  339  349  363  384  411  443  475  507  535  559  577
  586  584  570  547  520  496  476  461  445  428  409  391  374  359  344  327
  307  289  277  272  273  273  269  259  247  234  223  212  200  191  185  180
  176  174  166  164  157  148  139  131  134                                   
    12.5-180.0 180.0   5.0 450.0                            LAT/LON1/LON2/DLON/H
  126  118  108  107  111  116  136  153  173  190  204  217  233  251  270  289
  307  322  334  344  353  363  376  395  420  449  480  509  534  554  569  578
  580  574  559  540  519  501  488  476  461  440  415  389  364  342  319  297
  274  256  244  241  243  244  242  235  226  217  208  197  186  177  172  168
  164  162  156  153  148  142  134  127  126                                   
    10.0-180.0 180.0   5.0 450.0                            LAT/LON1/LON2/DLON/H
  112  106   99  100  106  114  137  157  181  201  218  235  252  272  293  313
  332  347  358  368  377  389  405  428  455  484  513  537  554  565  571  572
  570  563  551  537  523  512  503  493  475  449  416  381  349  319  291  265
  242  225  216  215  217  220  219  216  212  207  200  190  179  169  163  159
  154  151  144  141  136  131  123  117  112                                   
     7.5-180.0 180.0   5.0 450.0                            LAT/LON1/LON2/DLON/H
   98   93   88   91   98  109  134  157  183  208  231  252  274  297  320  341
  361  376  387  396  405  417  435  458  486  515  540  558  568  572  572  570
