data/edconvlstm_nd/pred2480.15i
     1.0            IONOSPHERE MAPS     GNSS                IONEX VERSION / TYPE
pyspatialgeodesy        IME             05-JAN-18 20:20     PGM / RUN BY / DATE 
Map Name                                                    COMMENT             
Predicted global ionosphere maps (GIM).                     DESCRIPTION         
  2015     9     5     0     0     0                        EPOCH OF FIRST MAP  
  2015     9     6     0     0     0                        EPOCH OF LAST MAP   
  7200                                                      INTERVAL            
    13                                                      # OF MAPS IN FILE   
  NONE                                                      MAPPING FUNCTION    
10.0                                                        ELEVATION CUTOFF    
One-way carrier phase leveled to code                       OBSERVABLES USED    
  6371.0                                                    BASE RADIUS         
 2                                                          MAP DIMENSION       
   450.0 450.0   0.0                                        HGT1 / HGT2 / DHGT  
    87.5 -87.5  -2.5                                        LAT1 / LAT2 / DLAT  
  -180.0 180.0   5.0                                        LON1 / LON2 / DLON  
    -1                                                      EXPONENT            
                                                            END OF HEADER       
[from data line 429]
     2                                                      START OF TEC MAP    
  2015     9     5     2     0     0                        EPOCH OF CURRENT MAP
    87.5-180.0 180.0   5.0 450.0                            LAT/LON1/LON2/DLON/H
  100  105  107  108  107  105  102  101  102  102  102  102  102  102  102  101
  100   99   97   96   94   92   90   88   86   84   82   80   78   77   75   74
   73   72   71   70   70   70   70   70   70   70   71   72   73   73   74   75
   76   78   79   80   81   81   82   83   84   85   85   86   87   87   88   89
   91   93   92   92   94  102  106  101  100                                   
    85.0-180.0 180.0   5.0 450.0                            LAT/LON1/LON2/DLON/H
  103  118  108  114  117  115  114  113  114  114  114  114  114  113  112  112
  110  109  107  105  102  100   97   94   92   89   86   84   81   79   78   76
   75   74   74   73   73   73   73   74   75   75   76   77   79   80   81   83
   84   85   86   88   89   90   91   92   93   94   95   96   97   98   98  100
  102  104  103  106  105  107  112  103  103                                   
    82.5-180.0 180.0   5.0 450.0                            LAT/LON1/LON2/DLON/H
  108  114  125  122  121  122  121  121  123  123  122  123  122  122  121  120
  118  116  114  111  107  104  100   96   92   88   84   80   77   75   72   70
   69   68   68   67   68   68   69   70   71   73   74   76   78   80   82   84
   86   87   89   91   92   94   96   97   98  100  101  102  103  104  105  107
  108  110  108  108  115  105  105  103  108                                   
    80.0-180.0 180.0   5.0 450.0                            LAT/LON1/LON2/DLON/H
  119  120  120  118  118  118  121  121  123  123  122  123  122  122  121  120
  118  115  113  109  105  100   95   90   85   80   75   70   66   63   61   59
   58   57   57   57   58   59   60   62   64   66   68   71   73   76   78   81
   83   85   87   89   91   93   94   96   97   99  100  101  102  103  104  106
  106  106  105  104  116  111  113  109  119                                   
    77.5-180.0 180.0   5.0 450.0                            LAT/LON1/LON2/DLON/H
  122  122  118  121  116  117  121  123  124  123  122  122  122  121  120  119
  117  114  111  108  103   98   92   86   80   74   68   63   59   56   53   52
   51   51   52   52   54   55   57   59   62   64   67   71   74   77   80   82
   85   87   89   91   93   95   97   99  100  102  103  104  105  105  105  107
  107  107  104  106  113  108  110  111  122                                   
    75.0-180.0 180.0   5.0 450.0                            LAT/LON1/LON2/DLON/H
  120  121  119  123  117  118  120  121  121  120  117  117  115  114  112  110
  109  106  104  100   96   91   85   79   72   66   61   56   52   49   47   46
   46   47   48   49   50   52   54   56   59   62   65   68   72   75   78   81
   84   86   88   90   92   93   95   97   99  101  102  103  104  105  105  106
  105  105  103  100  107  107  109  112  120                                   
    72.5-180.0 180.0   5.0 450.0                            LAT/LON1/LON2/DLON/H
  117  123  124  126  122  122  123  124  123  120  117  115  112  109  106  104
  102   99   97   94   91   86   81   75   69   63   57   53   49   47   47   47
   47   49   50   51   52   53   55   57   60   63   67   71   75   78   82   85
   87   89   91   92   94   95   97   99  101  103  105  106  107  108  109  110
  109  108  108  106  109  109  111  114  117                                   
    70.0-180.0 180.0   5.0 450.0                            LAT/LON1/LON2/DLON/H
  123  128  130  132  128  127  127  127  126  121  116  112  107  102   98   94
   91   89   87   85   83   79   75   69   63   58   53   49   47   46   46   47
   48   50   51   51   52   52   53   55   57   61   65   70   74   79   82   85
   88   89   91   92   94   95   97  100  102  105  107  109  111  112  113  114
  113  112  112  111  115  114  117  118  123                                   
    67.5-180.0 180.0   5.0 450.0                            LAT/LON1/LON2/DLON/H
  126  133  135  136  132  131  131  129  127  122  116  110  103   96   90   85
   81   78   76   75   73   70   67   62   57   52   48   44   43   43   44   45
   47   48   48   48   47   47   47   48   50   54   58   63   68   73   77   80
   83   84   85   87   88   90   92   95   98  102  105  108  110  111  112  114
  114  113  114  113  117  118  121  123  126                                   
    65.0-180.0 180.0   5.0 450.0                            LAT/LON1/LON2/DLON/H
  130  137  139  140  136  135  135  134  132  126  119  112  104   96   88   81
   75   72   69   68   66   64   61   58   53   49   45   43   42   42   43   45
   47   47   47   45   43   42   41   42   44   48   53   58   64   69   73   77
   79   81   82   84   85   87   90   94   98  102  106  110  112  114  116  118
  117  117  118  116  121  122  126  129  130                                   
    62.5-180.0 180.0   5.0 450.0                            LAT/LON1/LON2/DLON/H
  134  142  143  144  140  139  139  138  137  132  125  118  109  100   90   81
   74   69   66   64   62   60   58   55   51   48   45   43   42   43   45   46
   47   47   46   43   40   38   37   37   40   44   49   55   61   66   71   74
   77   79   81   83   86   88   92   96  101  106  110  114  117  119  121  123
  123  123  124  122  126  128  132  136  134                                   
    60.0-180.0 180.0   5.0 450.0                            LAT/LON1/LON2/DLON/H
  137  144  145  146  141  140  141  141  141  136  131  124  116  106   95   85
   76   69   64   61   59   57   55   52   49   47   45   44   44   45   46   47
   47   46   44   42   38   36   35   36   38   42   48   54   59   65   69   73
   77   80   83   86   89   93   97  102  107  111  116  119  122  125  127  129
  129  129  130  127  130  132  136  141  137                                   
    57.5-180.0 180.0   5.0 450.0                            LAT/LON1/LON2/DLON/H
  139  145  147  147  143  141  142  143  143  140  135  130  122  112  102   91
   81   72   65   60   56   54   52   50   48   47   46   46   46   47   48   48
   48   47   45   42   40   38   37   38   41   45   50   55   61   66   71   76
   81   85   90   94   99  103  108  112  117  121  125  128  130  132  134  136
  137  137  137  135  136  137  141  147  139                                   
    55.0-180.0 180.0   5.0 450.0                            LAT/LON1/LON2/DLON/H
  142  148  149  150  145  143  144  145  145  142  138  133  127  118  108   97
   86   76   67   61   56   53   50   49   49   49   49   49   50   50   51   51
   51   50   48   47   45   44   44   45   48   51   56   60   65   70   76   82
   88   95  101  107  113  118  123  128  131  134  136  137  138  140  141  144
  145  145  146  143  143  143  146  153  142                                   
    52.5-180.0 180.0   5.0 450.0                            LAT/LON1/LON2/DLON/H
  147  152  153  154  148  147  148  148  148  145  141  136  130  123  114  103
   92   81   72   64   58   54   52   52   52   53   54   55   55   56   56   56
   56   55   55   54   54   54   54   56   58   61   64   68   72   77   83   90
   99  107  116  124  131  137  142  146  148  149  149  148  148  148  149  152
  153  154  155  151  151  150  153  160  147                                   
    50.0-180.0 180.0   5.0 450.0                            LAT/LON1/LON2/DLON/H
  154  158  159  161  155  153  155  155  154  150  145  140  134  127  119  109
   98   88   78   70   64   60   58   58   59   60   61   62   63   62   62   62
   62   63   63   64   65   66   68   69   71   73   75   77   81   86   92  101
  111  122  133  143  151  158  163  166  167  166  163  160  158  156  157  160
  161  162  164  160  160  158  161  168  154                                   
    47.5-180.0 180.0   5.0 450.0                            LAT/LON1/LON2/DLON/H
  161  167  168  170  163  162  165  164  162  157  151  145  139  132  124  116
  106   96   87   80   74   70   68   68   69   69   70   71   71   70   69   69
   70   71   73   76   78   80   81   82   83   84   85   87   90   95  102  112
  124  136  149  160  170  178  183  185  185  182  177  172  168  165  165  167
  169  171  172  169  169  167  170  176  161                                   
    45.0-180.0 180.0   5.0 450.0                            LAT/LON1/LON2/DLON/H
  170  177  177  180  174  173  174  173  171  165  159  153  146  139  132  123
  115  107   99   93   88   84   82   81   81   80   80   79   78   77   76   76
   77   80   83   86   89   91   93   93   94   94   95   96   99  104  111  122
  134  148  162  175  185  194  199  201  199  195  190  183  177  174  173  175
  176  178  180  176  176  174  178  183  170                                   
    42.5-180.0 180.0   5.0 450.0                            LAT/LON1/LON2/DLON/H
  178  187  187  190  184  182  184  182  180  175  168  162  156  148  141  133
  125  119  113  108  104  101   98   95   93   91   88   86   84   83   82   82
   84   87   91   94   97   99  101  101  101  101  102  104  106  111  119  129
  142  156  170  184  195  204  209  212  210  206  200  194  188  183  182  183
  184  185  186  183  183  181  186  190  178                                   
    40.0-180.0 180.0   5.0 450.0                            LAT/LON1/LON2/DLON/H
  186  195  195  197  193  191  191  190  188  183  178  172  166  159  151  143
  137  131  127  124  120  117  113  108  103   99   95   91   89   87   86   87
   89   92   96   99  102  103  104  104  105  106  107  109  113  117  124  134
  145  159  173  187  199  209  215  218  218  215  210  204  199  195  193  193
  193  193  194  190  190  188  193  197  186                                   
    37.5-180.0 180.0   5.0 450.0                            LAT/LON1/LON2/DLON/H
  194  202  202  203  200  197  197  196  195  190  186  182  177  170  162  154
  148  143  140  137  134  130  124  118  111  104   98   94   91   89   89   90
   93   96   99  101  103  104  104  105  106  108  110  113  117  121  127  135
  145  157  172  186  199  209  217  221  223  221  218  214  210  207  205  205
  204  203  203  198  197  195  201  205  194                                   
    35.0-180.0 180.0   5.0 450.0                            LAT/LON1/LON2/DLON/H
  204  211  210  209  206  203  202  201  201  197  194  191  187  180  172  164
  157  152  149  147  143  138  131  122  114  106  100   95   92   90   91   92
   95   97  100  102  102  102  103  104  106  109  112  116  119  122  126  132
  141  152  166  181  195  207  216  222  225  226  225  224  222  221  220  220
  218  216  215  210  208  206  212  217  204                                   
    32.5-180.0 180.0   5.0 450.0                            LAT/LON1/LON2/DLON/H
  220  225  222  219  215  211  209  208  207  205  202  200  196  189  181  172
  164  158  154  150  146  140  132  123  114  106   99   95   92   92   92   94
   96   99  100  101  101  101  101  103  105  109  113  116  119  121  123  127
  134  145  159  174  189  203  214  222  226  229  231  232  234  235  236  237
  234  232  231  225  223  221  229  235  220                                   
    30.0-180.0 180.0   5.0 450.0                            LAT/LON1/LON2/DLON/H
  243  246  241  235  230  225  222  219  218  215  213  210  205  198  188  178
  167  159  153  148  142  136  127  119  111  104   99   95   94   94   95   96
   98  100  101  101  101  101  101  103  106  109  113  115  116  117  118  121
  127  137  151  168  184  199  211  220  226  231  235  240  245  249  253  255
  254  252  251  246  243  241  251  259  243                                   
    27.5-180.0 180.0   5.0 450.0                            LAT/LON1/LON2/DLON/H
  274  274  267  261  255  249  243  239  236  231  227  222  215  206  195  182
  169  158  149  141  134  127  120  113  107  103   99   97   97   97   99  100
  101  102  103  103  103  103  104  105  107  109  111  112  112  112  112  115
  121  131  146  162  180  195  208  219  226  233  240  247  256  264  270  274
  275  276  277  272  269  268  279  289  274                                   
    25.0-180.0 180.0   5.0 450.0                            LAT/LON1/LON2/DLON/H
  308  307  300  294  288  282  275  268  262  255  247  239  229  217  203  188
  171  156  144  133  125  119  113  109  105  103  102  101  102  103  104  105
  106  106  106  106  106  106  107  107  108  108  108  107  106  105  106  108
  115  127  142  159  176  192  207  218  228  237  246  257  268  279  288  295
  299  303  306  302  299  299  311  324  308                                   
    22.5-180.0 180.0   5.0 450.0                            LAT/LON1/LON2/DLON/H
  344  342  335  333  328  323  315  306  297  287  275  263  248  233  215  197
  177  158  141  128  120  114  110  108  107  106  106  107  108  109  110  110
  110  109  109  109  110  110  110  109  107  105  103  101   99   98   99  103
  112  124  140  157  174  191  206  221  234  245  257  270  284  297  309  318
  325  331  338  336  332  332  345  360  344                                   
    20.0-180.0 180.0   5.0 450.0                            LAT/LON1/LON2/DLON/H
  376  375  371  372  368  365  358  349  339  326  311  293  274  254  234  212
  188  165  146  131  121  116  114  113  113  113  113  113  114  115  116  115
  113  112  111  112  113  113  112  109  105  101   97   94   92   92   94   99
  109  123  139  156  173  191  209  226  243  258  272  287  302  317  331  342
  351  361  370  371  367  366  378  394  376                                   
    17.5-180.0 180.0   5.0 450.0                            LAT/LON1/LON2/DLON/H
  403  403  402  406  404  404  398  391  382  368  351  330  306  282  258  233
  207  182  160  143  133  128  126  125  124  122  120  119  119  120  120  118
  116  114  113  114  115  115  112  108  103   98   93   89   87   87   90   96
  107  122  138  155  172  192  213  235  256  275  292  309  325  341  355  367
  379  391  402  405  399  397  409  423  403                                   
    15.0-180.0 180.0   5.0 450.0                            LAT/LON1/LON2/DLON/H
  424  425  426  430  431  432  429  425  419  407  390  367  342  315  289  262
  234  207  184  167  156  150  146  142  138  133  128  124  123  123  123  121
  118  116  115  116  117  116  113  107  101   95   90   86   84   84   87   94
  105  120  137  154  172  194  219  247  273  296  315  333  351  366  380  393
  405  419  431  435  428  423  433  446  424                                   
    12.5-180.0 180.0   5.0 450.0                            LAT/LON1/LON2/DLON/H
  439  441  442  444  447  449  447  446  444  436  421  400  375  348  321  294
  266  240  217  200  188  180  171  163  153  143  134  128  126  126  126  125
  122  120  119  119  119  118  113  107  100   95   90   87   84   83   85   92
  103  118  135  153  173  197  227  259  290  316  338  358  376  392  405  418
  430  443  455  459  451  444  452  462  439                                   
    10.0-180.0 180.0   5.0 450.0                            LAT/LON1/LON2/DLON/H
  452  454  453  451  454  455  453  454  454  450  440  423  400  376  350  325
  300  275  255  238  224  211  197  182  166  152  140  132  129  130  131  130
  127  125  123  123  122  120  114  108  101   96   92   90   87   85   85   90
  101  116  133  153  174  202  234  270  304  334  358  380  399  414  427  439
  450  463  474  478  469  460  466  474  452                                   
     7.5-180.0 180.0   5.0 450.0                            LAT/LON1/LON2/DLON/H
  466  467  462  455  457  455  451  451  452  450  444  431  413  392  370  348
  326  306  288  272  256  238  218  197  177  159  145  137  134  135  136  136
