data/edconvlstm_nd/pred3640.15i
     1.0            IONOSPHERE MAPS     GNSS                IONEX VERSION / TYPE
pyspatialgeodesy        IME             05-JAN-18 20:20     PGM / RUN BY / DATE 
Map Name                                                    COMMENT             
Predicted global ionosphere maps (GIM).                     DESCRIPTION         
  2015    12    30     0     0     0                        EPOCH OF FIRST MAP  
  2015    12    31     0     0     0                        EPOCH OF LAST MAP   
  7200                                                      INTERVAL            
    13                                                      # OF MAPS IN FILE   
  NONE                                                      MAPPING FUNCTION    
10.0                                                        ELEVATION CUTOFF    
One-way carrier phase leveled to code                       OBSERVABLES USED    
  6371.0                                                    BASE RADIUS         
 2                                                          MAP DIMENSION       
   450.0 450.0   0.0                                        HGT1 / HGT2 / DHGT  
    87.5 -87.5  -2.5                                        LAT1 / LAT2 / DLAT  
  -180.0 180.0   5.0                                        LON1 / LON2 / DLON  
    -1                                                      EXPONENT            
                                                            END OF HEADER       
[from data line 429]
     2                                                      START OF TEC MAP    
  2015    12    30     2     0     0                        EPOCH OF CURRENT MAP
    87.5-180.0 180.0   5.0 450.0                            LAT/LON1/LON2/DLON/H
   55   61   52   53   51   54   49   47   48   48   49   49   49   49   48   48
   47   47   46   45   44   43   42   41   41   40   39   38   38   37   37   36
   36   36   36   36   37   37   38   38   39   39   40   41   41   41   42   42
   43   43   43   43   43   43   43   43   43   43   43   42   42   42   42   42
   43   43   42   42   40   59   60   52   55                                   
    85.0-180.0 180.0   5.0 450.0                            LAT/LON1/LON2/DLON/H
   49   59   49   53   54   56   54   53   54   54   54   54   54   53   52   51
   50   49   47   46   44   43   41   40   39   37   36   36   35   35   35   35
   35   36   36   37   38   40   41   42   43   45   46   47   48   48   49   49
   49   49   48   48   47   47   46   45   45   44   44   43   43   43   42   43
   44   45   44   47   54   53   67   54   49                                   
    82.5-180.0 180.0   5.0 450.0                            LAT/LON1/LON2/DLON/H
   43   41   58   53   52   56   53   52   54   55   54   54   54   53   52   50
   48   45   43   40   37   35   32   30   28   26   25   24   23   23   23   24
   24   26   27   29   31   33   35   38   40   42   44   46   47   48   48   48
   48   47   46   45   44   42   41   40   39   38   37   36   35   35   35   35
   36   37   37   36   49   41   49   53   43                                   
    80.0-180.0 180.0   5.0 450.0                            LAT/LON1/LON2/DLON/H
   53   53   61   54   56   54   55   54   58   58   57   58   57   56   54   52
   49   46   44   41   38   35   32   30   28   26   24   23   22   22   22   23
   24   26   28   30   32   35   38   40   43   45   47   49   50   51   51   50
   49   47   45   43   41   39   37   35   34   33   32   31   31   30   30   31
   33   33   34   34   51   44   47   58   53                                   
    77.5-180.0 180.0   5.0 450.0                            LAT/LON1/LON2/DLON/H
   58   61   58   53   52   52   53   55   58   58   57   58   57   55   53   51
   48   45   42   38   35   32   29   26   23   21   19   18   17   17   18   19
   20   22   25   27   30   33   36   39   42   44   46   48   49   49   49   48
   46   44   42   39   36   34   31   29   27   26   25   24   24   23   24   25
   26   28   28   30   39   35   38   48   58                                   
    75.0-180.0 180.0   5.0 450.0                            LAT/LON1/LON2/DLON/H
   54   58   62   57   52   53   53   54   57   57   55   55   54   53   50   48
   45   42   39   36   33   30   27   25   22   21   20   19   19   19   20   21
   23   25   27   29   31   34   36   39   41   44   45   47   48   47   47   45
   42   40   36   33   30   28   26   24   22   21   21   20   20   21   22   24
   25   27   29   28   37   38   41   48   54                                   
    72.5-180.0 180.0   5.0 450.0                            LAT/LON1/LON2/DLON/H
   56   59   63   56   54   53   53   55   57   56   54   53   51   49   47   45
   43   41   39   36   34   32   29   27   26   25   24   24   24   25   26   27
   28   29   30   32   34   35   37   39   41   43   44   45   45   44   43   41
   38   35   32   29   26   25   23   22   22   22   22   23   23   24   26   29
   30   32   37   37   45   45   48   55   56                                   
    70.0-180.0 180.0   5.0 450.0                            LAT/LON1/LON2/DLON/H
   64   65   70   64   58   56   56   56   58   56   53   52   49   46   44   42
   40   39   38   36   35   34   32   31   30   30   30   30   31   32   32   33
   33   34   34   34   35   36   37   38   39   40   41   41   41   40   39   36
   34   31   28   26   25   25   25   26   27   28   30   31   33   34   37   40
   41   43   48   49   56   57   59   61   64                                   
    67.5-180.0 180.0   5.0 450.0                            LAT/LON1/LON2/DLON/H
   71   71   74   67   60   56   54   53   54   51   48   46   42   39   37   35
   34   33   33   33   33   32   31   31   30   30   31   31   32   33   33   32
   32   31   30   29   29   29   29   29   30   31   31   32   31   30   29   27
   24   22   21   20   21   23   25   28   31   34   37   39   41   43   45   48
   50   52   57   58   66   66   67   68   71                                   
    65.0-180.0 180.0   5.0 450.0                            LAT/LON1/LON2/DLON/H
   80   77   78   70   62   57   54   53   53   49   45   42   38   35   32   31
   30   30   31   31   31   31   30   30   29   29   30   30   31   31   30   29
   27   26   24   23   22   21   21   22   23   23   24   24   24   23   21   20
   18   17   17   18   21   25   30   35   40   44   48   50   52   54   56   59
   61   62   68   68   76   76   78   78   80                                   
    62.5-180.0 180.0   5.0 450.0                            LAT/LON1/LON2/DLON/H
   89   85   84   76   67   60   57   55   54   50   45   42   38   34   32   31
   30   30   31   31   31   31   30   29   28   28   28   28   28   28   27   25
   23   21   19   18   17   17   17   18   19   20   20   20   20   20   19   18
   17   17   18   21   25   32   39   46   52   57   61   64   66   67   69   71
   73   74   78   78   86   86   87   88   89                                   
    60.0-180.0 180.0   5.0 450.0                            LAT/LON1/LON2/DLON/H
   97   92   90   81   71   64   59   56   55   50   45   42   38   34   32   31
   31   31   31   31   31   29   27   26   24   23   23   23   23   23   22   20
   18   17   15   14   14   15   15   16   17   18   19   19   19   19   18   18
   17   18   21   25   31   39   48   57   64   69   73   75   76   77   79   81
   81   82   87   86   93   93   94   94   97                                   
    57.5-180.0 180.0   5.0 450.0                            LAT/LON1/LON2/DLON/H
  105  100   98   89   78   69   64   60   57   51   46   42   38   35   34   33
   33   32   32   31   30   27   24   22   20   19   19   19   19   19   18   17
   16   15   14   14   15   16   17   18   19   20   21   22   22   22   22   22
   22   23   27   32   39   49   58   68   75   80   83   85   86   86   87   89
   89   90   94   93  100   99  101  101  105                                   
    55.0-180.0 180.0   5.0 450.0                            LAT/LON1/LON2/DLON/H
  114  110  107   99   87   77   70   65   60   53   47   43   39   37   35   34
   34   34   33   31   28   25   22   20   18   17   17   17   17   17   17   16
   16   15   16   17   18   20   22   23   24   25   26   27   28   28   29   29
   30   31   35   40   49   58   68   77   84   88   91   92   93   93   94   96
   96   96  100  100  106  105  107  107  114                                   
    52.5-180.0 180.0   5.0 450.0                            LAT/LON1/LON2/DLON/H
  126  123  119  112  100   89   81   73   66   57   49   44   40   38   37   36
   36   35   33   30   27   24   21   19   19   18   18   19   19   19   19   18
   19   20   21   23   25   28   30   31   32   33   34   35   36   37   38   39
   40   41   45   50   58   68   77   85   91   95   97   98   99   99  101  103
  103  103  107  107  113  112  114  114  126                                   
    50.0-180.0 180.0   5.0 450.0                            LAT/LON1/LON2/DLON/H
  138  137  133  127  115  104   94   84   75   63   53   47   43   40   39   38
   38   36   34   31   28   25   23   23   23   23   24   24   24   24   24   24
   25   26   29   32   34   37   39   41   42   43   43   44   46   47   49   50
   51   53   56   61   69   77   85   92   96   99  101  103  104  106  108  110
  110  111  114  114  120  119  122  122  138                                   
    47.5-180.0 180.0   5.0 450.0                            LAT/LON1/LON2/DLON/H
  150  150  146  143  132  121  111   98   86   72   60   52   47   44   42   41
   40   38   35   32   30   28   28   29   31   32   33   32   32   31   30   30
   31   34   37   40   44   47   49   50   51   52   52   53   55   57   59   61
   63   64   67   72   78   85   92   97  101  103  105  108  111  113  116  118
  118  118  120  120  126  124  128  128  150                                   
    45.0-180.0 180.0   5.0 450.0                            LAT/LON1/LON2/DLON/H
  157  158  155  155  147  137  126  114   99   83   69   59   53   49   47   46
   43   41   38   35   34   34   36   39   41   43   43   42   40   38   36   36
   37   40   43   48   51   54   56   58   58   59   60   61   63   66   68   71
   73   75   77   81   87   93   98  102  105  107  110  113  117  120  123  125
  125  124  126  124  129  127  131  132  157                                   
    42.5-180.0 180.0   5.0 450.0                            LAT/LON1/LON2/DLON/H
  157  159  157  160  155  148  139  127  112   95   79   69   62   57   55   52
   49   46   43   41   41   42   46   50   53   54   53   50   46   43   40   39
   40   43   47   52   56   59   61   62   63   65   66   67   69   72   76   79
   81   83   85   89   94   99  103  107  109  111  115  119  123  127  129  131
  130  129  130  127  130  128  130  132  157                                   
    40.0-180.0 180.0   5.0 450.0                            LAT/LON1/LON2/DLON/H
  151  153  151  157  155  151  144  135  122  104   89   79   71   67   64   60
   57   53   51   50   50   53   57   60   63   63   60   56   50   45   41   40
   41   45   49   55   59   62   64   65   67   69   70   72   74   77   80   84
   86   88   91   95  100  105  109  113  115  118  121  126  130  133  136  137
  136  134  134  130  131  127  128  131  151                                   
    37.5-180.0 180.0   5.0 450.0                            LAT/LON1/LON2/DLON/H
  143  142  141  147  147  145  142  136  126  111   97   87   81   77   73   70
   67   64   62   61   62   65   67   69   70   69   65   59   52   46   42   41
   42   46   51   57   61   64   66   68   70   72   74   76   78   80   83   86
   89   92   95  100  106  112  117  121  123  126  130  134  138  141  143  145
  144  142  141  137  135  130  129  132  143                                   
    35.0-180.0 180.0   5.0 450.0                            LAT/LON1/LON2/DLON/H
  137  133  131  134  134  133  132  130  124  112  101   94   88   85   83   80
   77   75   75   75   76   76   77   76   75   71   66   60   54   49   45   45
   46   50   56   61   65   68   69   71   73   76   78   79   81   82   85   88
   91   94   99  105  112  120  126  131  134  138  141  145  149  152  155  158
  158  157  157  152  149  142  140  141  137                                   
    32.5-180.0 180.0   5.0 450.0                            LAT/LON1/LON2/DLON/H
  140  133  128  126  123  121  121  121  118  110  102   97   93   91   90   88
   87   87   87   88   88   86   84   80   77   72   67   62   58   54   52   52
   54   58   64   69   72   74   74   75   77   79   81   82   83   84   85   88
   91   95  102  110  119  129  137  143  147  151  154  158  162  166  171  177
  180  181  183  178  175  168  166  164  140                                   
    30.0-180.0 180.0   5.0 450.0                            LAT/LON1/LON2/DLON/H
  159  150  139  130  121  115  113  113  111  106  100   97   96   95   94   94
   94   95   96   97   96   92   87   82   77   72   69   66   65   64   64   65
   67   71   76   80   82   82   81   80   81   83   84   84   84   84   85   87
   91   96  104  115  126  138  148  155  161  165  169  173  178  184  194  204
  211  216  220  217  216  210  210  204  159                                   
    27.5-180.0 180.0   5.0 450.0                            LAT/LON1/LON2/DLON/H
  197  186  168  150  134  122  115  111  109  104  100   98   97   96   96   96
   97   99  100  100   98   93   86   81   76   74   73   73   75   78   80   82
   85   88   92   94   93   91   88   86   85   85   86   85   84   83   84   86
   90   96  106  119  133  147  158  168  175  181  186  190  197  207  222  238
  250  259  267  266  268  264  267  258  197                                   
    25.0-180.0 180.0   5.0 450.0                            LAT/LON1/LON2/DLON/H
  253  244  217  189  166  146  132  122  115  108  102   99   98   97   96   96
   97   98   98   97   94   89   83   80   78   78   80   84   89   95   99  102
  105  107  108  108  104   99   94   90   88   86   85   84   82   81   81   83
   88   96  108  124  140  156  170  181  190  198  204  210  219  234  254  276
  294  307  318  319  326  326  332  321  253                                   
    22.5-180.0 180.0   5.0 450.0                            LAT/LON1/LON2/DLON/H
  322  315  281  246  218  189  166  147  134  121  112  106  101   98   96   95
   94   93   92   89   86   82   80   80   81   85   90   96  105  113  119  123
  124  124  122  118  111  104   97   91   87   85   83   80   78   77   77   79
   85   95  110  128  148  166  182  196  207  217  225  233  245  264  289  316
  337  354  367  370  380  387  397  384  322                                   
    20.0-180.0 180.0   5.0 450.0                            LAT/LON1/LON2/DLON/H
  392  391  354  314  283  249  216  188  166  147  131  119  110  103   98   94
   91   87   84   80   77   76   78   83   89   95  102  110  120  129  135  138
  136  133  127  120  111  103   95   89   84   81   77   74   72   71   71   75
   82   95  112  134  156  176  194  211  225  238  248  258  273  294  322  352
  377  395  409  413  425  437  452  441  392                                   
    17.5-180.0 180.0   5.0 450.0                            LAT/LON1/LON2/DLON/H
  452  458  423  384  353  316  276  241  211  184  161  142  127  114  105   98
   91   84   78   73   72   74   81   91  100  108  115  123  131  139  143  143
  138  131  123  114  105   96   89   84   79   75   71   68   65   64   66   71
   80   95  115  139  162  185  205  224  241  256  269  282  298  321  351  382
  406  424  437  442  454  471  489  482  452                                   
    15.0-180.0 180.0   5.0 450.0                            LAT/LON1/LON2/DLON/H
  493  506  478  444  416  380  337  298  263  231  201  175  151  133  119  108
   98   88   79   74   73   79   91  104  116  124  128  132  136  140  141  138
  130  121  111  102   94   87   82   78   74   70   66   62   60   60   62   68
   80   96  118  143  168  191  212  233  253  271  287  301  319  342  371  400
  422  438  449  453  464  483  504  502  493                                   
    12.5-180.0 180.0   5.0 450.0                            LAT/LON1/LON2/DLON/H
  512  529  511  484  462  429  388  349  313  279  245  212  183  159  141  127
  114  102   91   85   86   94  108  123  135  140  139  137  136  135  132  126
  117  107   98   91   85   80   77   75   72   69   64   61   58   58   61   68
   81   99  122  146  171  194  217  239  261  281  298  314  332  354  381  407
  425  438  446  448  457  475  498  502  512                                   
    10.0-180.0 180.0   5.0 450.0                            LAT/LON1/LON2/DLON/H
  512  529  521  501  486  459  422  387  354  321  286  251  217  190  169  153
  139  126  116  109  110  119  133  146  154  154  148  140  133  127  121  113
  104   96   89   84   80   78   77   76   75   72   68   64   61   61   64   72
   85  103  126  150  174  197  219  242  264  285  303  320  338  359  383  404
  419  428  432  433  439  455  478  488  512                                   
     7.5-180.0 180.0   5.0 450.0                            LAT/LON1/LON2/DLON/H
  501  515  513  499  490  469  438  409  382  352  320  285  251  222  200  185
  172  160  150  145  145  152  163  171  173  167  155  142  131  122  114  106
