data/edconvlstm_nd/pred2760.15i
     1.0            IONOSPHERE MAPS     GNSS                IONEX VERSION / TYPE
pyspatialgeodesy        IME             05-JAN-18 20:20     PGM / RUN BY / DATE 
Map Name                                                    COMMENT             
Predicted global ionosphere maps (GIM).                     DESCRIPTION         
  2015    10     3     0     0     0                        EPOCH OF FIRST MAP  
  2015    10     4     0     0     0                        EPOCH OF LAST MAP   
  7200                                                      INTERVAL            
    13                                                      # OF MAPS IN FILE   
  NONE                                                      MAPPING FUNCTION    
10.0                                                        ELEVATION CUTOFF    
One-way carrier phase leveled to code                       OBSERVABLES USED    
  6371.0                                                    BASE RADIUS         
 2                                                          MAP DIMENSION       
   450.0 450.0   0.0                                        HGT1 / HGT2 / DHGT  
    87.5 -87.5  -2.5                                        LAT1 / LAT2 / DLAT  
  -180.0 180.0   5.0                                        LON1 / LON2 / DLON  
    -1                                                      EXPONENT            
                                                            END OF HEADER       
[from data line 4290]
    11                                                      START OF TEC MAP    
  2015    10     3    20     0     0                        EPOCH OF CURRENT MAP
    87.5-180.0 180.0   5.0 450.0                            LAT/LON1/LON2/DLON/H
  117  112  100  106  110  109  108  107  108  111  111  113  114  115  116  117
  117  118  118  118  117  117  116  115  114  113  112  111  110  109  108  107
  106  106  105  105  104  104  103  103  103  103  102  102  102  102  101  101
  101  101  100  100   99   99   99   98   98   98   98   97   97   97   97   96
   96   96   95   94  104  100  115  119  117                                   
    85.0-180.0 180.0   5.0 450.0                            LAT/LON1/LON2/DLON/H
  112  107  112  102  104  109  109  112  113  116  117  119  121  122  124  125
  125  126  125  125  124  123  122  121  120  118  117  115  114  113  112  111
  110  109  108  108  107  106  106  105  105  105  104  104  103  103  102  102
  101  101  100  100   99   99   98   98   97   97   97   96   96   96   96   96
   97   97   94   92   97   96  100   99  112                                   
    82.5-180.0 180.0   5.0 450.0                            LAT/LON1/LON2/DLON/H
   82   87   87   83   88   95   99  101  104  108  110  114  116  119  121  122
  123  124  123  122  121  119  117  115  113  110  108  106  104  103  101  100
   99   98   97   97   96   96   95   94   94   93   93   92   92   91   90   90
   89   88   88   87   86   85   84   84   83   83   82   82   82   82   82   81
   82   81   79   82   86   96   88   86   82                                   
    80.0-180.0 180.0   5.0 450.0                            LAT/LON1/LON2/DLON/H
   60   65   70   69   73   77   85   91   96  102  106  111  114  118  120  122
  122  122  121  119  117  114  110  107  103  100   96   93   91   89   87   86
   85   84   84   83   83   82   82   81   80   80   79   79   78   77   77   76
   75   75   74   73   72   71   70   69   68   68   67   67   67   67   67   68
   68   68   67   68   68   72   68   75   60                                   
    77.5-180.0 180.0   5.0 450.0                            LAT/LON1/LON2/DLON/H
   58   58   61   60   67   73   81   88   95  101  107  113  118  122  124  126
  126  125  124  121  118  114  109  105  100   96   92   88   85   83   81   80
   80   79   79   79   79   79   78   77   76   75   73   72   72   71   70   70
   69   69   68   67   66   64   63   62   61   60   59   59   59   59   60   60
   61   61   61   62   63   64   63   74   58                                   
    75.0-180.0 180.0   5.0 450.0                            LAT/LON1/LON2/DLON/H
   55   56   55   56   64   71   78   86   95  103  109  116  121  125  127  127
  127  126  123  120  116  112  107  103   98   93   88   84   81   79   77   76
   76   77   77   77   77   77   76   75   73   72   71   69   69   68   68   68
   67   67   66   65   64   62   61   59   58   57   56   56   57   57   59   60
   61   62   63   60   60   59   58   60   55                                   
    72.5-180.0 180.0   5.0 450.0                            LAT/LON1/LON2/DLON/H
   57   57   56   60   65   72   81   88   96  104  111  117  122  125  127  126
  125  123  120  117  113  109  104   99   94   89   83   78   75   72   70   69
   69   70   71   72   72   72   71   69   67   66   64   63   62   62   63   63
   64   64   63   63   61   59   58   56   54   53   52   52   53   54   56   58
   59   61   62   59   59   59   60   65   57                                   
    70.0-180.0 180.0   5.0 450.0                            LAT/LON1/LON2/DLON/H
   65   63   61   65   69   76   83   91   99  108  115  120  124  125  125  124
  122  119  117  114  111  108  105  101   96   90   84   79   74   70   68   67
   66   67   68   69   70   69   68   66   64   61   60   59   59   59   60   62
   63   63   63   63   61   59   57   54   52   51   51   51   52   54   57   60
   62   64   66   65   65   65   68   72   65                                   
    67.5-180.0 180.0   5.0 450.0                            LAT/LON1/LON2/DLON/H
   73   71   70   74   79   85   92  100  107  115  121  126  128  129  127  125
  122  120  118  116  115  113  111  107  102   96   89   82   76   70   67   64
   63   63   64   65   65   64   63   61   58   56   54   54   54   56   58   60
   62   63   64   63   62   59   57   55   53   52   51   52   53   55   58   62
   64   66   68   68   67   69   71   75   73                                   
    65.0-180.0 180.0   5.0 450.0                            LAT/LON1/LON2/DLON/H
   79   79   78   82   86   92   98  105  112  120  125  129  130  129  127  124
  122  120  119  119  120  120  119  116  111  105   97   89   82   75   69   65
   63   62   62   62   62   61   59   57   54   51   50   50   50   52   55   57
   59   61   61   61   59   57   55   53   51   50   50   51   53   55   58   61
   64   67   70   71   72   75   79   84   79                                   
    62.5-180.0 180.0   5.0 450.0                            LAT/LON1/LON2/DLON/H
   83   84   84   89   93   99  104  110  117  123  128  132  133  132  130  128
  126  125  125  127  129  130  129  126  121  114  106   97   88   80   73   67
   63   60   59   58   58   57   55   52   49   47   46   46   47   48   51   53
   55   57   57   57   56   54   52   51   50   50   50   52   53   55   57   60
   62   65   68   69   71   75   80   84   83                                   
    60.0-180.0 180.0   5.0 450.0                            LAT/LON1/LON2/DLON/H
   85   88   90   95   98  103  108  114  120  126  131  135  137  137  136  134
  133  133  135  138  140  141  140  137  131  124  116  107   98   90   81   74
   68   64   61   59   58   57   55   52   50   48   46   46   47   48   49   51
   52   53   53   53   52   51   50   50   51   51   53   54   55   56   58   59
   61   63   66   67   70   76   82   87   85                                   
    57.5-180.0 180.0   5.0 450.0                            LAT/LON1/LON2/DLON/H
   86   91   95  100  104  108  113  117  123  129  135  140  144  146  146  146
  146  147  149  151  153  153  150  146  139  132  125  118  111  102   94   85
   77   71   66   64   62   61   60   58   55   53   52   51   51   51   51   51
   51   51   51   50   50   51   51   53   55   57   59   60   61   61   61   61
   62   63   66   67   70   76   82   89   86                                   
    55.0-180.0 180.0   5.0 450.0                            LAT/LON1/LON2/DLON/H
   90   98  104  108  113  117  120  124  129  135  142  149  155  159  161  162
  163  163  164  165  165  162  158  151  145  139  134  129  124  118  109  100
   90   82   76   73   72   71   70   68   66   64   63   61   60   59   57   55
   54   52   52   51   52   54   56   59   62   65   68   70   70   68   67   66
   65   67   69   70   73   80   86   93   90                                   
    52.5-180.0 180.0   5.0 450.0                            LAT/LON1/LON2/DLON/H
   99  108  116  120  125  129  132  135  139  146  153  162  170  177  180  182
  182  181  180  178  174  169  162  154  147  143  141  140  138  134  126  116
  105   95   89   85   85   85   84   83   81   79   78   76   74   71   67   64
   60   58   57   57   58   60   64   68   73   77   80   82   81   78   76   74
   72   74   77   78   82   88   94  100   99                                   
    50.0-180.0 180.0   5.0 450.0                            LAT/LON1/LON2/DLON/H
  112  123  133  137  142  147  149  152  157  164  172  183  193  200  204  205
  203  199  194  189  182  174  165  156  150  147  148  150  151  148  141  131
  119  108  101   99   99  100  101  100   99   97   95   93   90   86   81   76
   71   68   66   66   68   71   75   80   86   91   94   95   93   89   86   83
   81   83   87   90   95  101  107  113  112                                   
    47.5-180.0 180.0   5.0 450.0                            LAT/LON1/LON2/DLON/H
  131  142  153  158  164  170  172  176  180  188  198  210  220  228  232  230
  225  217  208  199  189  179  169  160  154  153  155  159  161  159  152  141
  128  117  111  110  112  114  116  116  115  113  112  110  106  101   95   89
   84   80   78   78   80   82   87   92   98  104  107  107  104   99   95   92
   90   93   98  104  110  117  125  130  131                                   
    45.0-180.0 180.0   5.0 450.0                            LAT/LON1/LON2/DLON/H
  151  164  176  182  189  195  198  202  208  218  229  241  253  260  261  257
  247  234  221  209  198  187  176  168  163  161  163  166  166  163  155  143
  131  122  117  118  122  126  129  129  128  127  125  123  120  115  109  102
   97   93   90   90   90   93   97  102  108  113  116  115  112  107  102   99
   97  102  109  117  126  135  145  150  151                                   
    42.5-180.0 180.0   5.0 450.0                            LAT/LON1/LON2/DLON/H
  171  186  198  206  213  220  223  230  237  249  261  275  287  293  292  284
  270  253  236  221  209  199  189  181  175  172  171  170  167  160  151  139
  129  122  120  123  129  135  138  138  137  135  133  132  129  124  118  112
  107  102   99   98   97   99  102  106  112  117  120  119  116  111  106  103
  102  107  116  127  140  152  164  171  171                                   
    40.0-180.0 180.0   5.0 450.0                            LAT/LON1/LON2/DLON/H
  187  205  217  226  234  242  246  254  264  278  293  308  320  326  323  312
  294  273  254  238  226  216  208  200  193  186  180  172  164  154  143  133
  125  122  124  129  137  142  145  144  142  139  137  135  133  129  124  118
  112  108  104  101   99   99  101  105  110  115  118  118  116  111  107  104
  103  109  120  133  149  165  180  189  187                                   
    37.5-180.0 180.0   5.0 450.0                            LAT/LON1/LON2/DLON/H
  198  219  232  241  249  257  263  273  285  302  319  337  350  356  353  340
  320  297  276  259  248  239  231  222  213  202  189  175  161  148  138  131
  127  128  133  140  147  152  152  149  145  141  138  136  134  131  126  120
  114  108  103   99   96   95   96   99  104  109  112  114  112  109  106  103
  102  108  120  135  153  174  191  202  198                                   
    35.0-180.0 180.0   5.0 450.0                            LAT/LON1/LON2/DLON/H
  205  228  243  249  258  264  272  283  299  318  339  358  373  381  379  367
  346  323  301  285  274  265  256  246  234  219  201  182  164  150  142  139
  141  146  153  160  164  165  162  156  149  143  139  137  134  130  126  120
  113  107  100   95   91   89   90   93   97  101  105  108  108  106  104  102
  101  107  119  135  154  179  198  211  205                                   
    32.5-180.0 180.0   5.0 450.0                            LAT/LON1/LON2/DLON/H
  211  235  250  254  262  267  276  288  305  327  350  372  390  400  401  391
  373  351  330  314  302  292  282  270  256  238  217  196  177  165  160  163
  170  179  186  190  190  185  176  166  156  148  143  139  135  131  126  120
  113  105   97   91   87   85   86   88   92   96  100  103  105  104  103  102
  101  106  118  135  155  182  203  216  211                                   
    30.0-180.0 180.0   5.0 450.0                            LAT/LON1/LON2/DLON/H
  217  240  256  257  265  267  276  288  307  330  355  379  400  414  418  412
  398  379  359  343  330  318  306  293  278  261  241  221  204  196  197  206
  217  228  233  231  223  210  195  180  167  158  151  145  140  135  129  123
  115  106   98   91   87   86   87   89   92   95   99  102  104  105  106  105
  104  110  121  138  158  185  209  222  217                                   
    27.5-180.0 180.0   5.0 450.0                            LAT/LON1/LON2/DLON/H
  225  247  263  261  268  269  277  288  308  331  356  382  405  423  432  431
  421  405  388  372  357  344  331  318  304  290  274  258  248  245  253  267
  281  290  289  277  258  236  215  196  182  171  163  156  150  143  137  130
  121  112  103   97   93   92   93   94   96   98  101  103  106  108  110  111
  110  117  128  145  164  192  217  229  225                                   
    25.0-180.0 180.0   5.0 450.0                            LAT/LON1/LON2/DLON/H
  236  255  271  268  276  275  283  293  312  334  359  385  409  430  443  447
  442  430  415  400  385  371  358  346  336  326  317  309  306  311  324  341
  354  356  343  320  289  259  233  213  198  187  178  170  163  156  149  141
  132  122  113  107  104  103  103  104  104  104  105  107  109  112  115  117
  119  126  138  155  175  201  227  238  236                                   
    22.5-180.0 180.0   5.0 450.0                            LAT/LON1/LON2/DLON/H
  249  265  279  278  288  288  296  305  322  343  366  391  416  439  455  464
  463  456  444  430  416  402  391  381  376  372  370  370  375  386  402  416
  420  408  382  346  308  273  246  227  214  204  195  186  178  170  163  155
  145  135  126  120  117  116  116  114  112  110  109  110  111  114  119  123
  126  136  148  166  186  211  237  247  249                                   
    20.0-180.0 180.0   5.0 450.0                            LAT/LON1/LON2/DLON/H
  263  275  289  291  304  306  315  325  340  359  380  404  429  453  472  484
  488  484  475  464  453  441  432  426  424  426  430  436  445  457  468  471
  460  434  396  352  311  277  253  237  227  219  210  201  193  184  176  168
  158  148  139  133  130  129  127  124  120  116  113  111  112  115  120  125
  131  143  156  176  195  220  244  257  263                                   
    17.5-180.0 180.0   5.0 450.0                            LAT/LON1/LON2/DLON/H
  273  284  299  305  321  327  339  349  365  382  402  425  449  474  495  509
  517  517  513  506  498  490  483  480  481  485  491  498  504  507  506  494
  468  430  385  340  302  274  256  245  238  232  224  214  205  195  187  178
  168  158  149  143  140  138  136  131  125  119  114  110  110  112  118  125
  132  147  161  181  200  224  249  264  273                                   
    15.0-180.0 180.0   5.0 450.0                            LAT/LON1/LON2/DLON/H
  280  291  309  319  339  349  364  377  392  410  429  452  476  501  524  541
  552  557  557  555  551  547  542  540  540  542  544  543  538  529  512  486
  449  405  360  320  291  271  261  255  250  243  235  225  214  204  193  183
  173  162  154  148  145  143  139  133  126  118  111  107  105  107  113  122
  131  147  163  183  201  226  250  268  280                                   
    12.5-180.0 180.0   5.0 450.0                            LAT/LON1/LON2/DLON/H
  283  298  317  331  353  368  387  402  420  439  459  483  508  534  557  577
  591  600  605  608  609  607  604  600  594  589  580  566  547  524  494  458
  416  373  334  305  286  276  271  268  263  255  246  234  222  209  197  185
  173  163  154  149  146  143  138  131  122  113  106  101  100  102  109  118
  129  146  162  182  200  225  250  270  283                                   
    10.0-180.0 180.0   5.0 450.0                            LAT/LON1/LON2/DLON/H
  285  305  326  341  366  384  406  424  445  466  488  514  540  566  590  612
  629  642  653  660  664  664  660  650  637  619  596  568  536  503  467  427
  386  348  320  302  294  291  289  285  278  269  257  244  229  215  199  184
  171  160  152  147  144  140  135  126  117  108  101   96   95   98  106  116
  127  145  161  180  198  224  249  270  285                                   
     7.5-180.0 180.0   5.0 450.0                            LAT/LON1/LON2/DLON/H
  288  313  335  352  378  398  423  442  464  487  512  540  567  594  618  640
  660  677  691  702  708  708  701  684  660  629  593  555  516  479  442  404
