data/edconvlstm_nd/pred2600.15i
     1.0            IONOSPHERE MAPS     GNSS                IONEX VERSION / TYPE
pyspatialgeodesy        IME             05-JAN-18 20:20     PGM / RUN BY / DATE 
Map Name                                                    COMMENT             
Predicted global ionosphere maps (GIM).                     DESCRIPTION         
  2015     9    17     0     0     0                        EPOCH OF FIRST MAP  
  2015     9    18     0     0     0                        EPOCH OF LAST MAP   
  7200                                                      INTERVAL            
    13                                                      # OF MAPS IN FILE   
  NONE                                                      MAPPING FUNCTION    
10.0                                                        ELEVATION CUTOFF    
One-way carrier phase leveled to code                       OBSERVABLES USED    
  6371.0                                                    BASE RADIUS         
 2                                                          MAP DIMENSION       
   450.0 450.0   0.0                                        HGT1 / HGT2 / DHGT  
    87.5 -87.5  -2.5                                        LAT1 / LAT2 / DLAT  
  -180.0 180.0   5.0                                        LON1 / LON2 / DLON  
    -1                                                      EXPONENT            
                                                            END OF HEADER       
[from data line 3861]
    10                                                      START OF TEC MAP    
  2015     9    17    18     0     0                        EPOCH OF CURRENT MAP
    87.5-180.0 180.0   5.0 450.0                            LAT/LON1/LON2/DLON/H
  112  117  113  118  123  121  121  119  119  122  122  123  124  125  126  126
  127  127  127  126  126  125  124  122  121  120  118  116  115  113  112  111
  109  108  108  107  106  106  106  106  106  107  107  108  108  109  110  111
  111  112  113  114  115  116  116  117  117  117  118  118  117  117  117  116
  116  116  113  110  116  114  126  121  112                                   
    85.0-180.0 180.0   5.0 450.0                            LAT/LON1/LON2/DLON/H
  119  117  128  115  114  119  119  122  123  126  126  128  129  131  132  133
  134  134  134  133  132  131  130  128  126  124  122  120  118  116  114  112
  110  109  108  107  107  106  106  106  107  107  108  108  109  110  111  113
  114  115  116  118  119  120  121  121  122  122  122  122  122  122  121  121
  121  119  115  110  111  111  114  112  119                                   
    82.5-180.0 180.0   5.0 450.0                            LAT/LON1/LON2/DLON/H
  102  104  105  100  103  108  112  114  116  120  122  126  128  131  133  135
  136  137  137  136  135  133  131  128  125  122  119  116  112  109  106  104
  101  100   98   97   96   96   96   96   96   97   98   99  100  102  103  105
  107  109  111  113  114  116  117  118  119  119  119  119  119  118  116  115
  114  112  107  104  104  113  104  101  102                                   
    80.0-180.0 180.0   5.0 450.0                            LAT/LON1/LON2/DLON/H
   80   81   87   84   87   88   95  100  105  110  115  120  124  129  132  135
  137  138  137  136  135  132  129  125  120  116  111  106  102   97   93   90
   87   84   82   81   80   80   79   80   80   80   81   82   84   86   88   90
   92   95   97  100  102  104  106  107  108  109  109  109  108  107  105  103
  102  100   96   93   88   91   86   90   80                                   
    77.5-180.0 180.0   5.0 450.0                            LAT/LON1/LON2/DLON/H
   76   72   73   71   76   80   86   92   98  104  110  118  124  130  135  139
  142  143  143  142  140  137  134  129  124  118  112  106  100   94   89   85
   81   78   76   74   73   72   71   71   70   70   71   71   72   74   76   78
   80   83   86   89   92   94   96   98   99  100  100   99   98   97   95   93
   91   89   86   83   79   78   76   81   76                                   
    75.0-180.0 180.0   5.0 450.0                            LAT/LON1/LON2/DLON/H
   63   63   62   63   68   73   78   84   92  100  107  116  123  130  135  140
  143  145  145  144  142  139  136  131  125  119  113  106   99   93   87   82
   78   75   73   71   69   68   67   66   65   64   64   63   64   64   66   68
   70   73   76   79   81   84   86   88   89   89   90   90   89   88   87   86
   84   83   81   76   72   70   67   63   63                                   
    72.5-180.0 180.0   5.0 450.0                            LAT/LON1/LON2/DLON/H
   60   60   58   62   64   69   76   81   88   95  103  112  120  127  133  138
  141  144  144  144  143  141  137  133  127  121  114  107  100   93   86   81
   77   73   71   69   67   65   63   62   59   57   56   54   53   53   54   56
   57   60   62   65   67   69   71   72   73   74   74   75   75   74   74   73
   72   72   70   66   63   64   63   64   60                                   
    70.0-180.0 180.0   5.0 450.0                            LAT/LON1/LON2/DLON/H
   58   60   59   62   64   67   72   77   85   93  101  109  117  124  129  134
  137  140  141  142  142  140  138  135  130  124  118  111  103   96   90   84
   80   76   74   71   69   67   64   61   58   55   52   50   48   47   47   48
   49   51   53   54   56   57   58   59   60   61   62   62   63   64   65   66
   66   65   66   63   62   63   65   66   58                                   
    67.5-180.0 180.0   5.0 450.0                            LAT/LON1/LON2/DLON/H
   61   63   62   66   68   71   76   80   87   94  101  109  117  123  128  133
  136  139  141  143  144  144  143  141  137  131  125  118  111  104   97   91
   87   83   79   76   74   70   67   63   58   54   50   47   45   44   44   44
   44   45   46   47   48   48   48   48   49   49   50   52   53   55   56   58
   58   59   59   57   56   60   61   63   61                                   
    65.0-180.0 180.0   5.0 450.0                            LAT/LON1/LON2/DLON/H
   60   65   64   68   69   72   76   80   86   93  100  107  114  120  124  129
  132  136  140  143  145  147  147  145  142  138  132  126  119  113  106  100
   95   90   86   82   78   74   69   64   59   55   50   47   45   43   43   42
   42   42   42   41   41   40   39   39   38   39   40   42   44   46   48   50
   51   53   54   54   54   59   61   64   60                                   
    62.5-180.0 180.0   5.0 450.0                            LAT/LON1/LON2/DLON/H
   59   65   65   70   71   75   78   82   87   93   99  106  112  118  123  127
  132  136  141  145  149  151  152  151  148  144  140  134  129  123  117  111
  105   99   94   89   83   78   72   66   61   56   52   49   47   46   45   44
   43   41   40   38   37   35   33   32   32   32   33   35   37   40   42   43
   44   45   47   47   48   53   56   58   59                                   
    60.0-180.0 180.0   5.0 450.0                            LAT/LON1/LON2/DLON/H
   55   62   64   69   71   74   78   81   86   91   97  103  109  115  120  125
  130  136  142  148  152  155  156  155  153  150  146  142  138  134  128  122
  116  109  102   96   89   82   75   69   63   59   56   53   52   50   49   47
   45   43   40   38   35   33   30   29   28   28   29   31   33   35   36   37
   38   38   39   39   41   46   50   53   55                                   
    57.5-180.0 180.0   5.0 450.0                            LAT/LON1/LON2/DLON/H
   50   59   62   69   72   76   80   83   87   91   96  102  108  114  120  125
  132  138  145  152  157  159  160  159  157  155  153  151  149  146  142  136
  129  121  113  105   97   89   82   75   70   66   63   62   61   59   57   55
   51   48   44   41   38   35   32   30   29   29   30   31   32   33   34   34
   34   33   33   33   36   40   44   47   50                                   
    55.0-180.0 180.0   5.0 450.0                            LAT/LON1/LON2/DLON/H
   48   57   63   70   75   79   83   86   89   92   96  102  107  114  120  126
  133  141  148  155  159  162  162  161  159  158  158  158  158  157  155  149
  142  133  124  115  106   98   91   84   79   76   74   73   72   70   67   63
   58   54   50   46   43   40   38   36   34   34   33   34   34   35   35   34
   32   31   31   31   33   36   40   43   48                                   
    52.5-180.0 180.0   5.0 450.0                            LAT/LON1/LON2/DLON/H
   48   58   65   74   80   86   90   92   93   95   98  103  108  114  120  127
  135  143  150  156  161  162  162  161  160  160  162  164  167  167  165  161
  153  144  135  126  117  109  102   96   91   88   86   85   84   81   77   72
   67   61   57   54   51   49   47   45   43   42   41   40   39   39   38   37
   35   34   33   32   34   37   40   43   48                                   
    50.0-180.0 180.0   5.0 450.0                            LAT/LON1/LON2/DLON/H
   52   62   71   81   88   96  101  102  102  102  103  106  111  117  123  130
  137  144  151  157  161  162  162  161  161  162  166  170  174  175  173  168
  161  152  143  135  128  121  115  109  104  101   98   97   95   92   87   81
   75   70   66   64   62   61   60   58   55   53   51   49   47   45   44   42
   41   40   40   39   40   42   45   47   52                                   
    47.5-180.0 180.0   5.0 450.0                            LAT/LON1/LON2/DLON/H
   61   70   80   91   99  108  113  115  114  113  112  114  117  122  127  133
  140  146  152  158  161  162  162  162  163  166  170  175  179  179  177  171
  164  156  149  143  138  133  127  122  117  113  110  107  104  100   95   89
   83   79   76   75   75   75   74   72   69   66   63   59   56   54   52   51
   49   49   50   50   50   51   53   55   61                                   
    45.0-180.0 180.0   5.0 450.0                            LAT/LON1/LON2/DLON/H
   71   80   89  102  110  120  126  128  127  126  124  125  127  130  134  139
  144  150  155  160  163  165  166  167  169  172  177  180  182  181  177  170
  163  157  152  149  146  143  139  133  127  123  119  115  111  106  101   95
   90   87   86   87   88   89   88   86   83   79   75   71   67   64   62   61
   60   61   62   62   63   63   65   66   71                                   
    42.5-180.0 180.0   5.0 450.0                            LAT/LON1/LON2/DLON/H
   81   90   98  111  120  130  136  141  140  140  138  138  139  142  145  148
  152  156  160  165  168  171  173  175  178  181  184  186  185  181  175  167
  161  157  155  155  155  153  149  143  136  130  125  121  116  111  105  100
   97   95   96   97   99  100  100   99   95   91   86   82   77   74   72   71
   71   72   74   75   75   75   75   75   81                                   
    40.0-180.0 180.0   5.0 450.0                            LAT/LON1/LON2/DLON/H
   89   97  105  117  126  137  144  150  152  154  153  153  154  155  157  160
  162  165  169  173  177  180  183  186  189  192  194  193  189  182  174  167
  163  161  162  163  164  163  158  151  143  136  131  126  120  115  109  105
  102  102  103  105  107  108  108  107  103   99   95   90   87   84   82   81
   81   82   83   83   83   83   83   83   89                                   
    37.5-180.0 180.0   5.0 450.0                            LAT/LON1/LON2/DLON/H
   92  100  108  119  129  139  149  157  162  166  167  168  169  170  172  173
  174  176  180  184  188  192  196  199  202  204  204  202  196  188  181  175
  172  173  175  178  178  175  168  159  150  142  136  130  125  119  113  109
  107  107  107  109  110  111  111  110  107  103  100   97   94   92   91   90
   88   88   89   88   87   87   86   86   92                                   
    35.0-180.0 180.0   5.0 450.0                            LAT/LON1/LON2/DLON/H
   92  101  108  119  129  139  151  161  170  177  180  183  184  185  186  187
  187  189  192  196  201  205  209  212  214  216  216  213  208  202  197  194
  194  196  199  200  197  190  180  168  157  149  142  137  131  124  118  114
  111  109  109  109  109  109  109  108  106  104  101  100   98   97   97   95
   93   92   91   89   87   86   85   87   92                                   
    32.5-180.0 180.0   5.0 450.0                            LAT/LON1/LON2/DLON/H
   90  100  108  118  128  138  151  164  175  185  191  196  198  199  200  200
  201  202  205  209  214  218  221  224  226  229  230  230  228  226  225  227
  230  233  234  231  223  210  195  179  167  158  151  145  138  131  123  117
  113  109  107  105  104  104  104  104  103  101  100  100  100  100  100   98
   95   93   90   87   84   83   82   85   90                                   
    30.0-180.0 180.0   5.0 450.0                            LAT/LON1/LON2/DLON/H
   89  100  109  117  127  137  151  165  180  192  201  206  210  212  213  213
  213  214  217  221  225  229  233  235  239  243  248  252  256  260  265  271
  277  280  277  268  253  233  212  193  179  170  162  155  147  138  129  121
  114  108  103  100   98   98   98   98   98   98   98   99  100  101  101   99
   95   92   89   85   82   80   80   84   89                                   
    27.5-180.0 180.0   5.0 450.0                            LAT/LON1/LON2/DLON/H
   90  102  112  118  129  139  152  167  183  196  207  215  220  223  225  225
  226  227  229  232  237  241  245  249  254  261  271  281  292  303  315  325
  331  332  325  308  285  258  231  209  193  183  174  166  156  144  133  123
  114  106  100   95   93   93   94   95   96   96   97   98  100  100  100   99
   95   92   89   84   81   79   79   85   90                                   
    25.0-180.0 180.0   5.0 450.0                            LAT/LON1/LON2/DLON/H
   95  107  117  122  134  143  156  169  185  200  212  222  229  234  237  238
  239  239  242  245  250  255  261  267  275  286  300  317  334  352  368  380
  387  384  370  346  314  280  249  224  207  195  185  175  163  149  137  125
  115  105   98   93   91   92   95   97   98   98   98   99   99  100  100   98
   95   93   90   86   83   80   81   88   95                                   
    22.5-180.0 180.0   5.0 450.0                            LAT/LON1/LON2/DLON/H
  104  114  124  129  141  149  162  174  189  203  216  227  237  244  249  252
  254  255  257  262  268  276  285  294  305  320  337  358  379  400  418  431
  434  426  405  374  337  299  265  238  220  206  194  181  167  152  139  127
  116  107   99   95   94   97  100  102  103  102  101  100  100   99   99   98
   95   94   92   90   88   85   85   92  104                                   
    20.0-180.0 180.0   5.0 450.0                            LAT/LON1/LON2/DLON/H
  113  121  131  137  149  158  171  181  195  208  221  234  245  256  264  270
  274  276  279  285  294  306  319  332  346  362  380  401  423  444  460  468
  467  453  427  392  352  312  277  250  230  214  200  184  168  153  140  130
  120  111  105  101  102  106  110  112  112  109  106  104  101  100   99   98
   96   97   96   94   93   89   89   97  113                                   
    17.5-180.0 180.0   5.0 450.0                            LAT/LON1/LON2/DLON/H
  120  126  135  144  157  168  181  192  204  217  229  243  257  271  283  292
  298  303  308  317  330  346  364  381  396  411  427  444  461  476  487  489
  481  462  433  397  358  320  287  260  239  220  202  184  168  154  143  134
  126  119  114  112  114  118  123  124  122  118  112  107  103  100   98   98
   96   98   98   98   97   93   92  100  120                                   
    15.0-180.0 180.0   5.0 450.0                            LAT/LON1/LON2/DLON/H
  122  128  137  148  164  177  193  204  217  229  242  257  274  290  305  318
  327  335  343  356  373  395  417  437  452  462  471  480  489  496  497  492
  479  457  428  395  360  326  295  269  246  224  203  184  167  155  147  141
  136  131  127  125  128  133  136  136  132  126  118  110  105  100   98   98
   96   98   98   98   97   92   91  100  122                                   
    12.5-180.0 180.0   5.0 450.0                            LAT/LON1/LON2/DLON/H
  119  126  135  150  168  185  204  217  231  245  259  276  294  312  330  346
  359  370  383  399  421  447  473  493  504  509  509  507  505  502  495  483
  465  442  416  388  360  331  304  278  253  229  205  185  170  160  155  152
  149  144  141  140  142  146  148  147  141  132  122  113  105  100   98   97
   95   97   95   94   93   88   86   96  119                                   
    10.0-180.0 180.0   5.0 450.0                            LAT/LON1/LON2/DLON/H
  113  121  132  150  170  191  214  230  248  263  279  297  316  336  355  374
  390  405  421  442  467  496  522  540  547  544  534  522  510  498  484  467
  447  426  405  383  361  338  314  289  262  234  209  189  176  169  167  165
  163  159  155  153  154  156  157  154  146  135  124  113  105   99   97   96
   93   93   91   88   86   82   78   90  113                                   
     7.5-180.0 180.0   5.0 450.0                            LAT/LON1/LON2/DLON/H
  106  117  130  151  173  198  224  244  264  283  300  319  339  358  378  398
  416  434  453  476  504  532  557  571  573  563  546  526  507  489  470  451
