data/edconvlstm_nd/pred0100.15i
     1.0            IONOSPHERE MAPS     GNSS                IONEX VERSION / TYPE
pyspatialgeodesy        IME             05-JAN-18 20:20     PGM / RUN BY / DATE 
Map Name                                                    COMMENT             
Predicted global ionosphere maps (GIM).                     DESCRIPTION         
  2015     1    10     0     0     0                        EPOCH OF FIRST MAP  
  2015     1    11     0     0     0                        EPOCH OF LAST MAP   
  7200                                                      INTERVAL            
    13                                                      # OF MAPS IN FILE   
  NONE                                                      MAPPING FUNCTION    
10.0                                                        ELEVATION CUTOFF    
One-way carrier phase leveled to code                       OBSERVABLES USED    
  6371.0                                                    BASE RADIUS         
 2                                                          MAP DIMENSION       
   450.0 450.0   0.0                                        HGT1 / HGT2 / DHGT  
    87.5 -87.5  -2.5                                        LAT1 / LAT2 / DLAT  
  -180.0 180.0   5.0                                        LON1 / LON2 / DLON  
    -1                                                      EXPONENT            
                                                            END OF HEADER       
[from data line 1716]
     5                                                      START OF TEC MAP    
  2015     1    10     8     0     0                        EPOCH OF CURRENT MAP
    87.5-180.0 180.0   5.0 450.0                            LAT/LON1/LON2/DLON/H
   46   52   49   54   55   55   55   52   53   55   55   55   56   56   56   55
   55   54   54   53   52   52   51   50   50   49   48   48   47   47   46   46
   45   45   44   44   43   43   43   43   43   43   43   44   44   45   45   46
   46   47   47   47   47   47   47   47   46   45   45   44   43   43   42   42
   43   43   41   41   47   53   65   65   46                                   
    85.0-180.0 180.0   5.0 450.0                            LAT/LON1/LON2/DLON/H
   38   57   59   56   58   61   61   61   62   64   64   65   65   65   65   65
   65   65   64   64   63   63   62   62   61   61   60   60   59   58   58   57
   56   56   55   54   54   53   53   53   53   54   54   55   56   56   57   58
   58   59   59   59   59   59   58   58   57   56   55   54   53   52   52   51
   52   52   48   49   51   57   68   64   38                                   
    82.5-180.0 180.0   5.0 450.0                            LAT/LON1/LON2/DLON/H
   37   48   60   56   56   58   59   60   61   63   63   65   65   65   65   65
   65   64   63   63   62   61   61   60   59   59   59   58   58   57   57   56
   55   54   53   52   51   51   51   51   51   52   53   55   56   58   60   61
   63   64   64   65   64   64   63   62   60   58   57   55   53   51   50   49
   49   49   46   45   53   54   54   55   37                                   
    80.0-180.0 180.0   5.0 450.0                            LAT/LON1/LON2/DLON/H
   43   46   55   52   55   53   55   56   58   59   60   61   62   62   62   62
   61   60   60   59   58   58   57   57   57   57   57   58   58   58   57   56
   55   54   53   52   51   50   50   50   51   53   55   58   61   64   67   70
   72   74   75   75   75   74   72   69   66   63   60   57   54   52   49   48
   47   46   46   46   51   54   57   55   43                                   
    77.5-180.0 180.0   5.0 450.0                            LAT/LON1/LON2/DLON/H
   51   49   52   49   49   50   52   53   55   57   57   60   60   61   61   60
   59   59   58   57   56   55   55   55   55   56   57   58   59   59   59   59
   58   57   55   54   53   52   52   53   54   57   61   65   70   75   80   85
   88   91   93   93   92   90   86   82   78   73   68   64   59   55   52   49
   48   46   44   46   47   43   48   49   51                                   
    75.0-180.0 180.0   5.0 450.0                            LAT/LON1/LON2/DLON/H
   46   47   47   45   46   47   48   48   50   51   52   54   54   55   55   54
   53   52   51   51   50   49   49   50   51   53   54   56   57   58   59   59
   58   56   55   53   52   52   53   54   58   62   68   74   82   89   96  102
  107  110  112  111  109  105  101   95   89   82   76   70   64   59   54   51
   49   47   46   44   48   44   49   45   46                                   
    72.5-180.0 180.0   5.0 450.0                            LAT/LON1/LON2/DLON/H
   48   48   48   46   47   49   50   50   51   52   53   55   56   56   56   55
   55   54   53   52   51   51   51   52   53   55   57   59   61   62   63   63
   62   61   60   59   58   58   60   63   68   74   82   91  101  110  120  127
  133  137  138  137  133  128  121  113  106   98   90   83   76   69   64   60
   57   55   55   53   55   51   53   51   48                                   
    70.0-180.0 180.0   5.0 450.0                            LAT/LON1/LON2/DLON/H
   51   50   50   49   49   49   49   49   51   52   53   54   55   55   55   55
   54   53   53   52   51   51   51   52   54   56   58   60   62   63   63   63
   62   61   61   60   60   62   65   70   76   85   96  107  120  132  143  153
  159  163  164  161  156  148  139  130  120  111  102   94   86   78   71   67
   63   60   61   58   60   58   63   59   51                                   
    67.5-180.0 180.0   5.0 450.0                            LAT/LON1/LON2/DLON/H
   50   50   49   49   48   49   49   49   50   51   52   54   55   56   56   56
   56   55   55   54   54   54   54   55   56   58   59   60   61   61   61   61
   61   60   60   61   63   66   70   77   86   97  110  124  138  152  165  176
  183  187  186  182  175  166  155  144  134  124  114  105   95   86   78   72
   66   63   62   60   61   61   64   61   50                                   
    65.0-180.0 180.0   5.0 450.0                            LAT/LON1/LON2/DLON/H
   49   49   48   48   47   49   49   50   51   53   54   55   56   57   58   58
   59   59   59   59   58   58   59   59   60   60   60   60   59   59   58   58
   58   58   60   62   66   71   78   88   99  113  128  144  160  176  190  202
  209  213  212  207  199  188  175  163  151  140  129  119  108   97   86   77
   70   64   62   59   62   62   66   64   49                                   
    62.5-180.0 180.0   5.0 450.0                            LAT/LON1/LON2/DLON/H
   47   46   45   47   46   48   49   51   52   53   54   56   57   58   60   61
   62   63   63   63   63   63   63   62   61   60   59   57   55   53   52   52
   53   55   59   64   70   78   87   99  113  129  146  163  181  198  213  225
  234  238  237  231  222  209  195  181  168  157  146  135  123  109   95   83
   72   64   60   56   57   58   62   62   47                                   
    60.0-180.0 180.0   5.0 450.0                            LAT/LON1/LON2/DLON/H
   43   41   40   42   41   45   47   49   50   52   53   55   56   58   59   61
   63   65   65   66   65   64   63   61   59   57   54   51   48   45   45   45
   47   52   57   65   74   84   96  111  126  144  162  180  199  216  232  245
  254  259  258  252  242  228  213  198  184  172  161  149  136  120  104   88
   74   63   56   51   51   50   54   56   43                                   
    57.5-180.0 180.0   5.0 450.0                            LAT/LON1/LON2/DLON/H
   41   36   36   39   38   42   45   47   49   50   52   54   55   57   59   62
   64   66   66   66   65   63   61   58   55   52   48   44   41   39   39   40
   44   51   59   69   81   94  108  125  142  160  179  198  216  233  249  262
  272  278  279  273  263  248  232  215  201  188  176  165  151  135  116   98
   81   66   57   50   48   44   48   52   41                                   
    55.0-180.0 180.0   5.0 450.0                            LAT/LON1/LON2/DLON/H
   41   35   33   36   36   40   43   45   46   48   49   51   52   54   57   60
   63   65   65   64   62   59   56   53   49   45   41   38   35   34   35   38
   44   53   64   77   91  106  122  140  158  177  196  214  232  248  263  276
  287  293  295  290  280  265  247  230  214  200  188  177  164  148  129  110
   92   75   65   55   51   43   47   52   41                                   
    52.5-180.0 180.0   5.0 450.0                            LAT/LON1/LON2/DLON/H
   47   38   35   37   37   40   42   43   44   45   46   47   49   51   55   58
   61   63   62   60   57   54   51   48   44   40   36   33   32   31   34   39
   47   59   73   88  105  122  139  157  176  195  213  231  247  262  275  288
  298  304  306  302  292  277  258  239  221  207  195  184  172  157  141  123
  105   89   78   67   62   51   52   57   47                                   
    50.0-180.0 180.0   5.0 450.0                            LAT/LON1/LON2/DLON/H
   57   47   41   42   41   43   43   43   43   43   44   45   47   49   52   56
   59   60   59   57   54   51   48   44   41   37   34   32   31   32   35   42
   53   67   84  103  122  141  159  178  197  215  233  248  262  275  286  296
  305  311  312  308  298  283  263  242  223  207  195  184  173  161  147  133
  118  104   95   84   79   66   65   68   57                                   
    47.5-180.0 180.0   5.0 450.0                            LAT/LON1/LON2/DLON/H
   71   60   52   51   49   49   48   46   45   44   44   45   46   48   51   54
   57   58   57   55   52   50   48   45   42   38   35   33   33   34   38   46
   58   76   96  119  140  161  181  200  219  237  254  267  279  288  296  303
  309  313  313  308  298  282  262  240  220  203  189  179  169  159  147  137
  126  116  110  101   96   83   81   83   71                                   
    45.0-180.0 180.0   5.0 450.0                            LAT/LON1/LON2/DLON/H
   85   74   65   63   60   59   55   52   50   48   48   48   49   50   52   55
   57   58   57   56   55   53   52   50   47   43   40   38   37   38   42   50
   63   83  107  133  157  180  201  222  241  260  275  287  295  301  305  308
  311  311  309  304  293  278  258  236  216  197  183  171  161  151  142  134
  127  121  117  111  108   98   95   95   85                                   
    42.5-180.0 180.0   5.0 450.0                            LAT/LON1/LON2/DLON/H
   95   85   77   74   71   69   64   59   57   55   55   55   54   54   55   57
   59   60   61   61   61   61   61   60   57   52   48   44   43   43   45   53
   66   88  114  143  171  196  219  241  262  281  296  306  312  315  315  314
  312  309  305  298  288  274  255  235  215  197  181  167  156  145  135  128
  122  118  116  111  111  103  101  101   95                                   
    40.0-180.0 180.0   5.0 450.0                            LAT/LON1/LON2/DLON/H
  100   91   83   82   80   78   72   68   65   64   64   64   62   61   61   62
   64   66   67   68   70   72   74   73   69   63   57   52   49   48   49   55
   69   91  119  150  180  207  233  257  280  300  315  325  329  329  327  322
  317  311  305  298  289  277  262  244  226  208  192  176  161  146  134  124
  116  111  108  104  104   96   96   98  100                                   
    37.5-180.0 180.0   5.0 450.0                            LAT/LON1/LON2/DLON/H
   98   89   84   84   84   82   79   75   74   74   74   74   73   71   70   70
   71   74   76   79   82   85   87   86   81   73   66   61   57   54   53   58
   70   92  122  155  187  216  244  271  297  319  335  344  348  348  343  337
  329  322  315  308  302  293  283  270  255  240  223  204  185  165  146  130
  116  106   99   92   92   82   84   89   98                                   
    35.0-180.0 180.0   5.0 450.0                            LAT/LON1/LON2/DLON/H
   93   83   80   81   82   83   82   81   81   82   84   85   84   81   79   79
   81   84   87   90   94   97   98   96   90   82   74   69   64   60   58   61
   73   95  125  159  192  224  255  285  313  337  355  366  371  371  367  361
  353  346  340  336  333  329  323  316  306  293  276  255  231  204  177  153
  131  113   99   86   82   68   71   78   93                                   
    32.5-180.0 180.0   5.0 450.0                            LAT/LON1/LON2/DLON/H
   88   78   75   76   79   80   82   83   85   87   90   93   93   91   89   89
   91   94   98  101  104  105  105  102   96   87   80   75   71   67   64   65
   76   98  129  164  199  232  265  298  330  357  377  390  398  400  399  396
  390  385  382  381  382  383  383  380  375  365  349  326  297  264  230  198
  166  138  115   94   85   64   65   73   88                                   
    30.0-180.0 180.0   5.0 450.0                            LAT/LON1/LON2/DLON/H
   91   79   75   74   77   78   81   82   85   88   92   96   98   98   97   97
  100  104  107  109  110  109  108  104   97   89   83   79   75   72   69   71
   82  105  136  171  207  241  276  312  347  377  400  417  428  435  439  439
  438  437  437  440  445  451  455  458  457  450  434  409  377  339  300  261
  221  185  152  123  107   78   74   79   91                                   
    27.5-180.0 180.0   5.0 450.0                            LAT/LON1/LON2/DLON/H
  107   93   85   79   80   80   82   82   83   86   91   96   99  101  102  103
  107  110  113  114  112  110  106  102   96   89   84   81   79   76   75   78
   91  115  147  182  217  252  288  326  363  397  423  443  459  472  481  488
  491  495  500  508  517  526  534  540  541  537  523  498  464  424  381  338
  293  251  211  176  152  114  104  102  107                                   
    25.0-180.0 180.0   5.0 450.0                            LAT/LON1/LON2/DLON/H
  140  125  112   98   94   89   87   83   82   84   88   94   99  102  105  107
  111  114  116  115  111  107  103   99   93   87   83   81   80   80   80   86
  101  126  159  195  229  264  301  341  380  414  443  468  489  507  523  535
  544  553  564  576  588  599  608  615  618  615  603  581  548  509  467  423
  377  333  288  249  218  174  157  146  140                                   
    22.5-180.0 180.0   5.0 450.0                            LAT/LON1/LON2/DLON/H
  190  177  158  134  123  110  100   91   86   84   87   92   98  102  106  109
  112  115  116  114  109  104  100   96   91   86   83   81   81   82   84   93
  111  140  174  209  244  279  316  356  395  430  460  487  513  536  557  575
  590  604  619  635  649  661  669  674  676  674  664  646  619  585  547  507
  464  423  378  339  302  253  230  213  190                                   
    20.0-180.0 180.0   5.0 450.0                            LAT/LON1/LON2/DLON/H
  251  242  221  188  167  145  126  109   97   91   91   95  100  104  108  110
  112  114  114  111  106  102   98   95   91   87   84   82   82   83   87   99
  121  153  189  225  260  295  333  372  410  443  473  502  530  557  582  603
  622  641  660  677  692  701  706  707  707  704  697  684  664  639  611  579
  545  511  470  433  393  342  314  294  251                                   
    17.5-180.0 180.0   5.0 450.0                            LAT/LON1/LON2/DLON/H
  317  311  290  253  223  194  165  140  121  109  104  104  107  110  112  113
  113  112  111  108  104  100   97   96   93   90   86   83   82   83   90  105
  131  165  204  242  278  313  350  388  423  454  483  511  541  569  596  619
  640  661  680  698  710  715  714  711  708  705  700  691  678  663  646  627
  605  583  551  517  476  425  395  375  317                                   
    15.0-180.0 180.0   5.0 450.0                            LAT/LON1/LON2/DLON/H
  375  372  354  317  282  249  213  184  158  141  129  124  122  122  121  118
  114  111  108  106  103  100   99   99   99   96   91   86   82   83   91  110
  139  177  218  258  295  331  367  401  433  461  489  517  546  575  601  624
  644  664  682  696  703  703  698  691  686  682  677  671  664  657  650  642
  633  623  602  575  535  487  456  439  375                                   
    12.5-180.0 180.0   5.0 450.0                            LAT/LON1/LON2/DLON/H
  417  416  402  368  332  299  263  233  206  184  167  155  146  140  134  127
  118  112  107  104  102  101  102  104  105  103   97   90   84   84   94  114
  147  188  232  273  311  346  380  411  439  465  490  518  547  574  598  619
  638  654  669  678  681  677  669  660  653  648  643  638  634  631  631  630
  630  629  618  596  562  518  487  473  417                                   
    10.0-180.0 180.0   5.0 450.0                            LAT/LON1/LON2/DLON/H
  437  434  424  397  364  334  303  279  255  234  213  194  178  166  154  140
  127  115  108  104  102  102  105  109  112  110  103   94   87   87   97  121
  156  200  244  286  323  358  389  417  441  464  488  515  543  569  591  610
  626  640  651  657  656  650  641  631  624  617  612  607  604  604  606  609
  612  614  606  588  557  517  486  476  437                                   
     7.5-180.0 180.0   5.0 450.0                            LAT/LON1/LON2/DLON/H
  434  426  419  399  373  349  326  312  296  280  259  236  215  196  178  158
  139  123  112  107  104  105  108  113  116  115  108   99   92   92  104  130
