data/edconvlstm_nd/pred2260.15i
     1.0            IONOSPHERE MAPS     GNSS                IONEX VERSION / TYPE
pyspatialgeodesy        IME             05-JAN-18 20:20     PGM / RUN BY / DATE 
Map Name                                                    COMMENT             
Predicted global ionosphere maps (GIM).                     DESCRIPTION         
  2015     8    14     0     0     0                        EPOCH OF FIRST MAP  
  2015     8    15     0     0     0                        EPOCH OF LAST MAP   
  7200                                                      INTERVAL            
    13                                                      # OF MAPS IN FILE   
  NONE                                                      MAPPING FUNCTION    
10.0                                                        ELEVATION CUTOFF    
One-way carrier phase leveled to code                       OBSERVABLES USED    
  6371.0                                                    BASE RADIUS         
 2                                                          MAP DIMENSION       
   450.0 450.0   0.0                                        HGT1 / HGT2 / DHGT  
    87.5 -87.5  -2.5                                        LAT1 / LAT2 / DLAT  
  -180.0 180.0   5.0                                        LON1 / LON2 / DLON  
    -1                                                      EXPONENT            
                                                            END OF HEADER       
[from data line 4719]
    12                                                      START OF TEC MAP    
  2015     8    14    22     0     0                        EPOCH OF CURRENT MAP
    87.5-180.0 180.0   5.0 450.0                            LAT/LON1/LON2/DLON/H
  131  118  103  109  111  108  108  106  106  107  106  107  107  107  107  107
  107  107  106  106  105  104  103  102  101  100   99   98   97   96   95   94
   93   92   92   91   91   90   90   90   90   90   91   91   91   92   92   93
   93   94   94   95   95   96   96   97   97   98   98   98   99   99   99   99
   99  100   99   99  111  108  123  128  131                                   
    85.0-180.0 180.0   5.0 450.0                            LAT/LON1/LON2/DLON/H
  128  123  125  115  113  116  116  118  118  119  119  119  119  120  120  120
  119  119  118  117  116  115  113  112  110  109  107  105  104  102  101  100
   98   97   97   96   95   95   95   95   95   95   96   96   97   98   98   99
  100  101  102  103  103  104  105  106  106  107  107  108  108  109  109  109
  110  110  108  107  111  110  113  112  128                                   
    82.5-180.0 180.0   5.0 450.0                            LAT/LON1/LON2/DLON/H
  106  107  108  104  104  108  112  111  111  113  114  115  116  116  117  117
  117  117  116  115  113  111  109  107  105  102  100   98   96   93   92   90
   89   87   86   85   85   84   84   84   84   85   85   86   87   88   89   91
   92   93   94   95   96   97   98   99  100  100  101  101  102  102  102  101
  102  101   99  103  107  117  109  109  106                                   
    80.0-180.0 180.0   5.0 450.0                            LAT/LON1/LON2/DLON/H
   93   97  103   99   99   99  106  109  111  114  115  118  119  121  122  122
  123  122  121  120  118  115  112  109  105  102   98   95   92   90   87   85
   83   81   80   79   78   77   77   77   78   78   79   81   82   83   85   86
   88   89   91   92   93   94   95   96   97   98   99   99  100  100  100  100
  100   99   98   99   99  101   98  106   93                                   
    77.5-180.0 180.0   5.0 450.0                            LAT/LON1/LON2/DLON/H
   96   93  100   97  100  103  108  111  114  117  119  122  125  127  129  131
  132  132  131  129  127  124  120  115  111  107  102   98   95   92   89   87
   85   83   82   81   80   79   78   78   78   79   80   81   82   84   86   87
   89   90   91   92   93   94   95   96   97   98   99   99  100  100  100  100
   99   98   97   97  100   97   99  112   96                                   
    75.0-180.0 180.0   5.0 450.0                            LAT/LON1/LON2/DLON/H
   93   92   95   92   97  102  106  110  114  119  122  126  130  133  136  138
  139  140  139  137  134  130  125  120  115  110  105  100   97   94   92   90
   88   87   85   84   82   81   80   79   79   79   80   81   82   84   85   86
   87   88   88   89   89   90   91   92   94   95   97   98   99  100  101  101
  100   99   98   94   94   90   91   94   93                                   
    72.5-180.0 180.0   5.0 450.0                            LAT/LON1/LON2/DLON/H
   91   88   91   96   97  101  108  111  114  119  122  127  131  135  138  141
  143  143  142  140  137  132  126  119  113  107  101   97   93   90   89   88
   87   86   84   83   81   79   77   76   75   74   75   75   76   78   79   79
   80   80   80   80   80   81   82   84   86   88   91   93   95   96   97   97
   95   94   92   87   86   84   86   95   91                                   
    70.0-180.0 180.0   5.0 450.0                            LAT/LON1/LON2/DLON/H
   92   88   90   93   95   99  104  109  113  118  122  127  131  136  139  142
  144  144  143  141  136  131  124  117  109  103   97   92   89   88   87   87
   86   86   85   83   80   78   75   73   71   70   70   70   70   71   71   71
   70   70   69   69   69   69   71   73   76   80   84   87   90   93   95   95
   94   93   91   88   86   84   87   94   92                                   
    67.5-180.0 180.0   5.0 450.0                            LAT/LON1/LON2/DLON/H
   97   93   96  100  102  106  112  116  119  123  127  132  136  140  144  147
  149  149  147  144  139  133  125  117  108  101   95   90   88   87   87   87
   88   88   86   84   81   78   74   71   69   67   66   65   65   65   64   64
   63   61   60   59   59   60   63   66   70   75   80   85   89   93   95   97
   96   95   92   88   85   84   85   93   97                                   
    65.0-180.0 180.0   5.0 450.0                            LAT/LON1/LON2/DLON/H
  101   98  101  105  106  109  114  118  121  125  129  133  138  142  145  148
  149  149  147  143  138  131  122  114  105   98   92   88   86   85   86   87
   88   88   87   84   80   76   72   68   65   63   61   60   59   58   57   55
   53   51   49   48   48   49   52   56   62   68   74   81   86   91   94   96
   96   96   95   92   90   90   91   99  101                                   
    62.5-180.0 180.0   5.0 450.0                            LAT/LON1/LON2/DLON/H
  109  107  110  112  114  116  120  122  125  128  131  136  140  143  147  149
  150  149  147  143  138  130  122  114  105   98   92   88   86   86   87   88
   89   89   87   84   80   75   71   67   64   61   59   57   56   54   51   49
   46   43   41   40   40   42   45   50   56   63   71   78   85   90   94   97
   97   98   97   95   94   93   95  102  109                                   
    60.0-180.0 180.0   5.0 450.0                            LAT/LON1/LON2/DLON/H
  117  116  119  121  121  122  124  126  128  130  133  137  141  144  147  149
  149  149  146  143  137  131  123  115  107  101   95   92   90   90   91   92
   92   91   88   85   81   76   72   69   66   63   61   59   56   53   50   46
   43   40   38   36   36   38   42   47   54   61   70   77   84   90   95   98
   99  100  100   99   99  100  105  111  117                                   
    57.5-180.0 180.0   5.0 450.0                            LAT/LON1/LON2/DLON/H
  125  125  129  130  129  129  130  130  130  131  134  137  141  144  147  148
  148  147  145  142  138  132  126  119  113  107  103  100   98   98   98   98
   97   95   92   88   83   80   76   74   72   69   67   64   61   57   53   49
   45   42   39   37   37   39   42   48   55   62   70   78   85   90   95   99
  101  103  104  103  105  107  112  118  125                                   
    55.0-180.0 180.0   5.0 450.0                            LAT/LON1/LON2/DLON/H
  133  135  139  139  137  136  136  134  133  133  135  137  140  143  146  147
  147  146  144  142  138  134  130  125  121  117  113  111  109  108  107  106
  103  100   96   92   88   85   83   81   80   78   76   73   68   64   59   55
   51   48   45   43   43   44   47   52   58   66   73   80   86   92   97  101
  103  106  108  108  110  113  120  125  133                                   
    52.5-180.0 180.0   5.0 450.0                            LAT/LON1/LON2/DLON/H
  140  142  146  146  144  144  142  140  137  137  136  138  140  142  143  144
  144  143  142  140  139  137  134  132  129  126  124  122  121  119  117  114
  111  106  102   97   94   91   90   90   90   88   86   83   78   73   69   64
   61   58   55   53   52   52   54   58   64   70   77   83   88   94   99  103
  107  110  113  113  116  119  126  131  140                                   
    50.0-180.0 180.0   5.0 450.0                            LAT/LON1/LON2/DLON/H
  146  148  152  152  151  151  149  147  144  143  141  141  142  142  142  142
  142  141  140  140  140  140  139  139  138  136  135  134  132  130  127  123
  118  113  108  104  100   99   98   99   99   98   96   92   88   83   79   76
   73   70   67   64   62   62   63   66   70   76   81   87   92   97  103  108
  112  117  120  120  123  125  131  137  146                                   
    47.5-180.0 180.0   5.0 450.0                            LAT/LON1/LON2/DLON/H
  150  151  155  156  156  158  157  156  153  151  149  147  146  144  143  142
  141  140  140  141  142  143  145  145  146  145  145  143  142  139  136  131
  126  120  115  110  107  105  105  106  106  106  104  101   97   93   90   87
   85   83   80   77   73   72   72   73   77   82   87   92   97  103  110  116
  121  127  130  130  131  131  135  141  150                                   
    45.0-180.0 180.0   5.0 450.0                            LAT/LON1/LON2/DLON/H
  153  152  156  159  161  164  165  166  164  163  160  157  154  150  147  144
  142  141  142  143  146  148  150  152  153  153  153  151  150  147  143  139
  133  128  122  118  114  112  111  112  112  112  110  107  104  101   99   98
   97   95   92   88   83   81   80   81   84   89   94   99  105  111  119  127
  134  140  143  142  141  138  139  145  153                                   
    42.5-180.0 180.0   5.0 450.0                            LAT/LON1/LON2/DLON/H
  155  152  156  160  164  169  173  176  177  177  173  170  165  159  154  150
  147  146  146  148  151  154  157  159  160  161  160  158  156  153  150  145
  140  135  130  125  121  118  117  116  116  115  114  112  110  108  107  107
  107  105  101   96   91   88   87   88   91   96  101  107  114  122  131  141
  148  155  159  156  153  147  145  150  155                                   
    40.0-180.0 180.0   5.0 450.0                            LAT/LON1/LON2/DLON/H
  157  153  156  161  167  174  180  186  189  191  189  185  179  172  165  160
  156  154  153  155  158  162  165  167  168  168  167  165  162  159  155  151
  147  143  138  133  128  124  121  119  119  118  117  116  115  114  114  114
  114  112  107  102   97   93   92   93   97  102  109  116  125  134  145  156
  165  172  176  172  166  157  152  157  157                                   
    37.5-180.0 180.0   5.0 450.0                            LAT/LON1/LON2/DLON/H
  161  156  159  164  171  179  187  195  201  205  204  201  195  188  180  173
  168  164  163  164  167  170  174  176  177  177  175  173  169  165  161  158
  154  150  145  140  135  130  125  122  121  120  120  119  118  118  118  119
  118  115  110  105   99   96   95   97  101  108  115  125  135  147  159  171
  180  188  192  188  180  169  162  167  161                                   
    35.0-180.0 180.0   5.0 450.0                            LAT/LON1/LON2/DLON/H
  169  163  167  170  178  185  195  204  212  218  220  218  213  205  197  189
  183  178  175  175  177  180  183  186  188  187  186  182  177  173  168  164
  160  156  151  146  140  134  128  124  122  121  121  121  120  120  120  120
  118  115  110  104   99   97   97   99  104  111  120  131  144  157  171  184
  194  202  206  203  194  183  176  179  169                                   
    32.5-180.0 180.0   5.0 450.0                            LAT/LON1/LON2/DLON/H
  182  177  181  183  189  195  205  214  224  231  235  235  231  224  216  208
  200  193  188  186  187  190  194  197  199  199  197  193  187  181  175  170
  165  160  155  149  142  135  129  124  122  121  121  121  120  120  119  118
  116  112  106  101   97   95   96   98  103  111  121  134  149  165  180  194
  203  212  218  215  208  199  193  195  182                                   
    30.0-180.0 180.0   5.0 450.0                            LAT/LON1/LON2/DLON/H
  201  197  203  201  207  211  218  227  237  245  251  252  250  244  237  228
  219  210  203  199  199  201  204  208  211  211  209  204  197  190  182  175
  168  161  155  148  141  133  127  122  120  119  119  118  117  116  114  112
  109  105  100   96   93   92   93   96  100  108  119  134  151  168  185  199
  209  219  226  226  221  214  212  214  201                                   
    27.5-180.0 180.0   5.0 450.0                            LAT/LON1/LON2/DLON/H
  225  222  229  225  230  231  237  244  253  261  267  271  270  266  259  250
  239  228  219  213  211  212  215  219  222  223  221  215  207  198  188  178
  169  160  151  143  135  128  121  117  115  114  114  113  111  109  107  104
  101   98   94   90   89   88   89   91   95  102  114  130  149  168  186  201
  212  223  232  235  233  230  232  234  225                                   
    25.0-180.0 180.0   5.0 450.0                            LAT/LON1/LON2/DLON/H
  251  251  259  253  257  257  261  265  272  280  286  290  290  288  282  272
  261  249  237  229  225  225  228  230  233  233  231  225  216  204  192  180
  168  156  145  136  127  120  114  110  108  107  107  106  103  101   98   96
   93   90   87   85   84   84   84   85   88   95  106  123  143  164  184  200
  212  225  236  242  244  245  250  254  251                                   
    22.5-180.0 180.0   5.0 450.0                            LAT/LON1/LON2/DLON/H
  278  278  287  281  286  285  288  289  295  301  306  310  312  310  305  296
  285  271  259  249  243  241  242  243  244  243  240  233  222  209  195  181
  166  151  138  127  119  113  107  104  102  101  100   99   96   93   90   88
   85   83   82   81   80   80   79   80   81   87   98  115  136  158  179  197
  211  227  240  249  254  258  267  272  278                                   
    20.0-180.0 180.0   5.0 450.0                            LAT/LON1/LON2/DLON/H
  300  302  311  306  312  313  315  316  320  324  328  332  334  333  328  321
  310  297  283  272  265  261  258  257  255  252  247  239  227  212  197  181
  164  147  133  121  114  108  104  101   99   98   97   95   92   88   85   83
   81   79   78   78   77   76   75   74   75   80   90  107  128  152  175  195
  211  229  244  255  262  269  279  287  300                                   
    17.5-180.0 180.0   5.0 450.0                            LAT/LON1/LON2/DLON/H
  316  319  327  325  333  335  339  340  344  348  351  355  356  355  352  345
  336  324  312  300  291  284  278  273  267  262  254  243  229  214  198  182
  164  147  132  121  114  110  106  103  101  100   98   96   93   89   85   82
   79   78   77   77   75   73   71   69   70   74   84  100  121  146  170  193
  212  232  249  261  269  277  288  297  316                                   
    15.0-180.0 180.0   5.0 450.0                            LAT/LON1/LON2/DLON/H
  325  328  336  335  345  350  357  360  365  369  373  376  377  376  374  369
  363  353  342  330  319  309  299  290  281  271  260  247  231  215  200  184
  167  151  136  127  122  119  117  114  111  109  107  104  100   95   90   86
   82   79   78   77   75   72   69   66   67   70   79   94  116  141  167  192
  214  236  255  267  275  283  294  304  325                                   
    12.5-180.0 180.0   5.0 450.0                            LAT/LON1/LON2/DLON/H
  329  333  338  339  348  356  366  372  379  385  390  393  395  395  393  391
  387  381  371  360  347  334  321  307  294  280  266  250  233  217  202  188
  174  159  147  140  138  137  135  132  128  124  121  118  113  107  100   93
   87   83   81   78   75   71   67   65   65   69   77   91  111  137  165  193
  217  241  261  273  279  288  298  308  329                                   
    10.0-180.0 180.0   5.0 450.0                            LAT/LON1/LON2/DLON/H
  332  336  339  339  347  356  368  377  387  394  400  405  408  408  409  409
  408  405  397  386  372  356  340  323  306  289  271  253  234  218  205  194
  182  171  162  158  159  160  158  154  148  143  139  135  129  122  112  103
   94   88   83   80   76   71   67   65   65   69   76   89  109  134  164  193
  220  245  265  277  283  291  302  312  332                                   
     7.5-180.0 180.0   5.0 450.0                            LAT/LON1/LON2/DLON/H
  336  341  343  340  346  354  366  376  388  398  405  412  415  417  419  421
  423  422  416  405  390  373  353  334  314  295  275  255  236  220  208  199
