data/edconvlstm_nd/pred2680.15i
     1.0            IONOSPHERE MAPS     GNSS                IONEX VERSION / TYPE
pyspatialgeodesy        IME             05-JAN-18 20:20     PGM / RUN BY / DATE 
Map Name                                                    COMMENT             
Predicted global ionosphere maps (GIM).                     DESCRIPTION         
  2015     9    25     0     0     0                        EPOCH OF FIRST MAP  
  2015     9    26     0     0     0                        EPOCH OF LAST MAP   
  7200                                                      INTERVAL            
    13                                                      # OF MAPS IN FILE   
  NONE                                                      MAPPING FUNCTION    
10.0                                                        ELEVATION CUTOFF    
One-way carrier phase leveled to code                       OBSERVABLES USED    
  6371.0                                                    BASE RADIUS         
 2                                                          MAP DIMENSION       
   450.0 450.0   0.0                                        HGT1 / HGT2 / DHGT  
    87.5 -87.5  -2.5                                        LAT1 / LAT2 / DLAT  
  -180.0 180.0   5.0                                        LON1 / LON2 / DLON  
    -1                                                      EXPONENT            
                                                            END OF HEADER       
[from data line 1716]
     5                                                      START OF TEC MAP    
  2015     9    25     8     0     0                        EPOCH OF CURRENT MAP
    87.5-180.0 180.0   5.0 450.0                            LAT/LON1/LON2/DLON/H
   72   77   75   79   80   80   78   74   75   76   76   76   76   76   75   74
   73   73   72   72   71   71   71   70   70   70   71   71   71   71   72   72
   72   72   73   73   73   73   74   74   74   75   75   75   76   76   77   77
   77   77   77   77   77   77   76   76   75   75   74   74   73   72   72   72
   72   73   71   70   74   77   87   87   72                                   
    85.0-180.0 180.0   5.0 450.0                            LAT/LON1/LON2/DLON/H
   68   84   86   82   84   87   86   85   85   86   85   85   84   83   82   81
   80   79   78   77   77   77   77   77   77   78   78   79   79   80   81   82
   82   83   84   85   85   86   87   88   88   89   89   90   90   91   91   91
   91   90   90   90   89   89   88   87   86   86   85   84   83   82   81   81
   82   83   78   77   76   81   88   87   68                                   
    82.5-180.0 180.0   5.0 450.0                            LAT/LON1/LON2/DLON/H
   68   80   87   82   82   85   84   84   84   84   83   82   80   79   77   75
   73   71   70   69   68   68   68   68   69   69   70   71   73   74   75   77
   79   80   82   84   85   87   89   91   93   94   95   97   97   98   99   99
   99   98   98   97   96   95   94   93   91   90   88   87   85   84   82   81
   81   81   77   76   78   79   76   76   68                                   
    80.0-180.0 180.0   5.0 450.0                            LAT/LON1/LON2/DLON/H
   71   76   80   78   80   80   80   80   80   80   77   76   73   70   68   65
   62   60   58   57   57   57   57   57   58   60   61   63   65   67   69   71
   73   76   78   81   84   87   91   94   96   99  101  103  105  106  106  107
  106  106  105  104  103  102  100   98   96   93   91   88   86   83   81   80
   79   77   75   74   75   78   79   75   71                                   
    77.5-180.0 180.0   5.0 450.0                            LAT/LON1/LON2/DLON/H
   73   74   75   73   73   76   76   76   76   75   71   70   66   63   59   56
   53   51   49   48   48   48   48   49   51   52   54   56   59   61   63   66
   69   73   76   80   84   89   93   97  101  105  109  111  113  115  116  117
  117  117  116  115  114  112  110  108  105  102   98   95   92   88   85   82
   79   77   74   73   71   67   67   69   73                                   
    75.0-180.0 180.0   5.0 450.0                            LAT/LON1/LON2/DLON/H
   63   66   64   64   64   68   67   66   67   65   62   60   56   53   49   46
   43   41   40   39   39   40   41   42   44   46   48   50   53   55   58   61
   64   67   71   76   81   87   92   98  103  108  113  116  119  121  122  123
  123  123  123  122  121  120  118  115  112  108  104  100   96   92   88   84
   80   76   73   67   66   62   62   60   63                                   
    72.5-180.0 180.0   5.0 450.0                            LAT/LON1/LON2/DLON/H
   58   60   58   57   58   61   62   62   61   60   57   56   52   49   46   43
   41   39   38   37   37   38   39   40   42   44   47   49   51   54   56   59
   62   66   70   75   81   88   95  102  108  114  119  124  127  129  131  132
  133  133  133  133  132  131  129  126  123  119  115  111  106  101   97   93
   89   84   80   74   69   63   60   60   58                                   
    70.0-180.0 180.0   5.0 450.0                            LAT/LON1/LON2/DLON/H
   58   54   54   52   51   53   54   54   54   53   51   50   47   45   42   40
   38   37   36   36   36   37   38   40   42   44   46   49   51   53   55   57
   60   63   68   73   80   87   95  103  110  117  122  127  130  133  134  135
  136  137  137  137  137  136  134  132  128  125  121  117  112  108  104  100
   96   91   87   80   73   65   64   64   58                                   
    67.5-180.0 180.0   5.0 450.0                            LAT/LON1/LON2/DLON/H
   55   49   48   46   45   46   47   47   48   48   46   46   45   43   42   40
   39   38   37   37   37   38   39   41   43   45   47   49   50   52   54   55
   58   61   65   70   77   84   93  101  108  115  121  125  128  130  132  133
  133  134  135  136  136  136  135  133  130  126  123  119  116  112  109  106
  102   97   94   86   78   70   66   66   55                                   
    65.0-180.0 180.0   5.0 450.0                            LAT/LON1/LON2/DLON/H
   57   49   46   44   41   42   43   43   43   44   44   45   44   44   43   42
   41   40   40   40   40   40   42   43   45   46   48   50   52   53   54   56
   58   61   65   70   77   85   93  102  109  116  122  126  128  130  131  132
  133  135  136  138  139  139  138  136  133  129  126  123  120  117  115  113
  110  106  103   96   88   79   74   73   57                                   
    62.5-180.0 180.0   5.0 450.0                            LAT/LON1/LON2/DLON/H
   61   50   46   43   40   39   40   40   40   41   41   43   44   45   45   44
   44   43   42   42   42   42   43   44   45   47   48   50   52   53   55   57
   59   62   66   71   78   86   95  103  111  117  122  126  128  130  131  133
  134  136  139  141  142  143  142  140  136  133  129  126  123  121  119  118
  116  113  111  104   97   87   81   81   61                                   
    60.0-180.0 180.0   5.0 450.0                            LAT/LON1/LON2/DLON/H
   68   55   49   44   40   38   37   37   37   38   38   41   42   44   45   45
   45   44   43   42   41   41   41   42   43   44   46   48   50   52   54   56
   59   63   67   73   80   88   96  104  111  117  122  126  128  130  133  135
  137  140  143  146  148  148  147  145  141  137  133  129  126  124  122  121
  119  117  116  110  103   94   88   86   68                                   
    57.5-180.0 180.0   5.0 450.0                            LAT/LON1/LON2/DLON/H
   76   62   55   49   44   40   38   36   36   36   37   39   41   43   45   45
   45   43   42   40   39   39   39   39   40   41   43   45   47   50   53   57
   61   65   71   77   85   93  101  108  114  120  125  129  132  136  139  143
  146  150  154  157  159  160  158  155  151  146  142  138  134  131  129  127
  124  122  121  116  110  102   94   91   76                                   
    55.0-180.0 180.0   5.0 450.0                            LAT/LON1/LON2/DLON/H
   84   70   63   57   50   45   41   38   36   36   36   38   40   42   43   44
   43   41   39   37   36   36   36   36   37   38   39   41   44   47   52   57
   62   68   75   83   91   99  106  113  119  124  129  134  139  144  149  154
  159  163  167  171  173  173  171  168  163  157  153  149  145  141  138  134
  131  127  126  121  116  107  100   96   84                                   
    52.5-180.0 180.0   5.0 450.0                            LAT/LON1/LON2/DLON/H
   93   80   73   67   59   53   48   43   40   37   36   38   39   41   42   42
   41   39   37   35   34   33   34   34   35   36   37   38   41   45   50   57
   64   72   81   90   98  106  113  119  125  130  135  141  148  155  162  168
  173  178  182  185  187  186  184  180  175  169  164  161  158  154  150  145
  140  135  132  127  121  113  106  101   93                                   
    50.0-180.0 180.0   5.0 450.0                            LAT/LON1/LON2/DLON/H
  101   90   83   77   70   64   57   50   45   41   39   39   40   41   42   42
   41   39   37   35   34   33   34   35   36   36   36   37   40   43   49   57
   66   76   87   97  107  116  123  128  133  138  144  152  160  168  176  183
  188  192  195  197  198  197  194  189  183  178  174  172  170  167  163  158
  152  145  141  134  128  119  112  107  101                                   
    47.5-180.0 180.0   5.0 450.0                            LAT/LON1/LON2/DLON/H
  107   98   92   88   81   75   68   60   53   48   44   43   42   43   43   43
   42   40   38   37   36   36   37   38   39   39   39   39   40   43   49   58
   68   81   94  106  117  127  134  139  144  150  156  165  174  183  191  197
  202  204  205  206  205  203  199  194  187  182  179  178  179  178  176  171
  165  157  151  142  135  126  119  114  107                                   
    45.0-180.0 180.0   5.0 450.0                            LAT/LON1/LON2/DLON/H
  111  103   99   96   90   86   79   71   63   56   51   49   47   47   47   46
   45   44   43   42   42   42   44   45   45   44   43   42   42   45   50   59
   71   85  100  115  128  139  147  152  158  164  171  180  189  198  206  211
  213  213  212  211  209  206  201  195  188  183  181  182  184  186  186  184
  178  170  163  152  142  132  126  121  111                                   
    42.5-180.0 180.0   5.0 450.0                            LAT/LON1/LON2/DLON/H
  113  106  102  101   97   94   89   81   73   66   60   57   55   54   54   53
   52   51   50   50   50   51   52   52   52   50   47   45   45   47   52   61
   74   90  107  124  139  151  160  167  173  180  188  197  206  214  220  223
  224  222  220  217  214  210  204  197  189  183  181  183  188  192  194  194
  190  183  175  162  151  138  132  127  113                                   
    40.0-180.0 180.0   5.0 450.0                            LAT/LON1/LON2/DLON/H
  113  106  103  103   99   99   95   89   82   75   70   67   65   64   63   63
   61   61   60   60   61   61   60   59   57   54   51   48   48   49   55   65
   78   95  114  133  150  164  174  182  190  198  206  215  223  230  235  237
  237  235  232  229  226  222  215  207  197  190  186  188  192  198  201  203
  201  195  186  173  159  144  136  132  113                                   
    37.5-180.0 180.0   5.0 450.0                            LAT/LON1/LON2/DLON/H
  113  105  101  100   98   98   96   93   88   83   79   77   76   75   75   74
   72   71   71   71   71   70   67   64   60   57   53   51   51   53   59   69
   83  101  121  141  160  175  187  197  206  216  225  234  241  247  252  255
  256  255  254  252  251  247  241  231  219  209  203  202  204  207  210  212
  211  206  198  183  168  150  140  134  113                                   
    35.0-180.0 180.0   5.0 450.0                            LAT/LON1/LON2/DLON/H
  114  103   98   96   94   95   94   93   91   88   86   86   86   87   87   85
   83   82   82   81   80   77   72   67   61   57   54   53   54   57   64   74
   88  107  128  149  169  186  199  211  222  233  244  253  261  267  273  278
  282  286  288  290  291  289  283  273  259  246  236  229  226  224  224  224
  222  217  209  194  177  155  143  136  114                                   
    32.5-180.0 180.0   5.0 450.0                            LAT/LON1/LON2/DLON/H
  117  104   97   92   90   90   90   90   91   90   90   92   95   97   97   96
   93   92   91   89   87   82   75   68   62   57   55   55   57   62   69   80
   94  112  133  156  177  195  210  223  237  250  262  273  281  289  298  308
  318  326  334  341  345  346  342  331  316  300  285  272  261  251  244  239
  235  229  220  205  187  162  148  138  117                                   
    30.0-180.0 180.0   5.0 450.0                            LAT/LON1/LON2/DLON/H
  125  108   99   91   87   86   86   87   88   89   91   95  100  103  105  104
  102   99   98   96   92   86   77   69   62   58   56   57   60   66   75   86
  100  118  138  161  182  202  219  234  249  264  279  291  303  314  328  343
  360  375  389  401  410  414  412  402  386  367  347  327  307  287  271  260
  251  243  233  217  199  171  156  143  125                                   
    27.5-180.0 180.0   5.0 450.0                            LAT/LON1/LON2/DLON/H
  136  118  106   94   88   85   84   85   86   87   90   96  102  107  109  109
  107  105  102  100   95   88   80   71   64   60   58   60   64   71   80   91
  105  122  142  164  187  207  225  242  259  277  294  309  324  340  360  382
  405  427  447  464  477  485  484  476  460  438  414  387  359  330  304  284
  269  259  248  231  213  184  167  152  136                                   
    25.0-180.0 180.0   5.0 450.0                            LAT/LON1/LON2/DLON/H
  152  133  119  104   96   90   87   86   86   87   89   95  101  107  111  111
  110  107  104  101   97   91   83   76   69   64   62   63   67   75   84   96
  110  126  145  167  190  211  231  249  268  288  307  326  345  367  391  419
  448  475  499  520  536  546  547  540  525  503  476  445  410  373  338  310
  290  276  265  247  230  199  183  166  152                                   
    22.5-180.0 180.0   5.0 450.0                            LAT/LON1/LON2/DLON/H
  172  153  139  121  111  101   97   92   90   89   90   94  100  106  110  111
  110  108  105  102   98   93   88   82   76   71   68   67   71   78   89  101
  114  130  148  170  193  215  236  255  275  297  319  342  365  391  420  452
  483  513  537  558  574  583  586  580  566  547  521  490  452  410  370  336
  312  295  283  265  248  217  201  184  172                                   
    20.0-180.0 180.0   5.0 450.0                            LAT/LON1/LON2/DLON/H
  195  178  164  145  133  120  113  105  100   95   94   96  100  105  109  110
  110  107  104  101   98   95   92   89   85   79   74   72   75   82   93  105
  119  134  152  173  197  220  241  261  282  305  330  355  382  411  442  474
  505  532  552  569  581  588  590  586  575  560  540  514  479  437  395  360
  332  315  301  283  266  237  221  205  195                                   
    17.5-180.0 180.0   5.0 450.0                            LAT/LON1/LON2/DLON/H
  218  204  192  173  161  145  134  123  115  108  103  102  103  106  109  110
  109  107  103   99   97   96   97   96   93   87   81   78   79   86   98  110
  124  139  157  178  202  225  247  267  288  312  339  367  395  425  456  486
  511  531  543  552  559  563  563  561  555  546  534  516  489  453  414  379
  352  334  319  301  285  257  241  226  218                                   
    15.0-180.0 180.0   5.0 450.0                            LAT/LON1/LON2/DLON/H
  240  229  220  203  190  173  160  146  135  125  118  113  111  111  112  112
  111  107  103   98   96   97  100  101  100   95   88   84   85   91  103  116
  130  146  164  185  208  231  253  273  295  320  347  376  406  434  462  486
  504  513  517  518  518  519  519  518  516  514  511  502  485  459  426  395
  369  351  337  319  303  276  261  248  240                                   
    12.5-180.0 180.0   5.0 450.0                            LAT/LON1/LON2/DLON/H
  260  252  245  230  217  199  185  170  158  146  137  130  125  121  119  117
  114  109  103   98   96   97  102  106  106  101   95   90   91   97  109  123
  138  154  171  192  214  237  257  278  300  326  354  383  412  438  461  479
  488  489  484  479  475  473  473  474  475  478  482  482  475  458  434  408
  384  368  353  336  319  294  280  268  260                                   
    10.0-180.0 180.0   5.0 450.0                            LAT/LON1/LON2/DLON/H
  278  272  266  252  240  221  206  191  179  168  159  151  143  136  130  125
  120  114  106   99   96   98  103  109  110  106  100   96   97  104  116  130
  145  161  178  198  219  240  260  281  303  330  358  387  414  438  457  468
  471  467  458  449  444  442  441  443  446  451  458  463  463  455  438  418
  398  382  367  352  335  311  298  287  278                                   
     7.5-180.0 180.0   5.0 450.0                            LAT/LON1/LON2/DLON/H
  295  290  283  268  256  237  221  207  197  187  180  172  163  153  144  136
  128  119  110  102   98  100  105  111  113  110  105  101  103  109  121  135
