data/edconvlstm_nd/pred3150.15i
     1.0            IONOSPHERE MAPS     GNSS                IONEX VERSION / TYPE
pyspatialgeodesy        IME             05-JAN-18 20:20     PGM / RUN BY / DATE 
Map Name                                                    COMMENT             
Predicted global ionosphere maps (GIM).                     DESCRIPTION         
  2015    11    11     0     0     0                        EPOCH OF FIRST MAP  
  2015    11    12     0     0     0                        EPOCH OF LAST MAP   
  7200                                                      INTERVAL            
    13                                                      # OF MAPS IN FILE   
  NONE                                                      MAPPING FUNCTION    
10.0                                                        ELEVATION CUTOFF    
One-way carrier phase leveled to code                       OBSERVABLES USED    
  6371.0                                                    BASE RADIUS         
 2                                                          MAP DIMENSION       
   450.0 450.0   0.0                                        HGT1 / HGT2 / DHGT  
    87.5 -87.5  -2.5                                        LAT1 / LAT2 / DLAT  
  -180.0 180.0   5.0                                        LON1 / LON2 / DLON  
    -1                                                      EXPONENT            
                                                            END OF HEADER       
[from data line 1287]
     4                                                      START OF TEC MAP    
  2015    11    11     6     0     0                        EPOCH OF CURRENT MAP
    87.5-180.0 180.0   5.0 450.0                            LAT/LON1/LON2/DLON/H
   34   43   39   41   41   42   41   37   38   40   40   41   42   42   43   43
   44   44   44   44   44   44   44   44   44   44   44   44   43   43   43   43
   44   44   44   44   45   45   45   46   46   47   47   47   47   47   47   47
   47   46   46   45   44   43   42   42   41   40   39   38   37   36   35   35
   36   36   34   34   40   51   59   55   34                                   
    85.0-180.0 180.0   5.0 450.0                            LAT/LON1/LON2/DLON/H
   23   49   45   45   47   49   49   49   49   51   51   52   53   53   54   54
   54   55   55   55   55   55   55   55   55   55   54   54   54   54   54   55
   55   55   56   56   57   58   59   59   60   61   61   62   62   62   62   61
   60   60   59   58   57   55   54   53   52   51   50   49   48   47   46   46
   46   46   43   45   49   50   61   52   23                                   
    82.5-180.0 180.0   5.0 450.0                            LAT/LON1/LON2/DLON/H
   25   35   47   43   44   46   46   45   47   48   48   50   51   51   52   52
   53   53   53   53   53   52   52   51   51   50   50   50   49   49   49   50
   50   51   52   54   55   57   59   60   62   64   65   66   66   66   66   66
   65   63   62   61   59   57   56   54   53   51   50   48   47   45   44   43
   43   43   40   40   50   43   43   41   25                                   
    80.0-180.0 180.0   5.0 450.0                            LAT/LON1/LON2/DLON/H
   35   37   45   39   44   42   43   43   44   45   45   47   48   49   49   50
   50   50   50   50   49   49   48   48   47   46   46   45   45   45   45   46
   47   48   50   52   54   57   59   62   65   67   69   71   72   72   72   71
   70   69   67   65   63   61   60   58   56   54   53   51   49   47   45   44
   43   41   41   40   48   42   41   40   35                                   
    77.5-180.0 180.0   5.0 450.0                            LAT/LON1/LON2/DLON/H
   46   43   44   37   38   38   39   39   40   40   40   42   42   43   43   44
   44   44   44   44   43   43   42   41   40   39   39   38   37   37   38   38
   40   41   43   46   49   52   56   59   62   66   68   71   72   73   74   73
   73   72   71   69   68   67   65   64   63   61   59   57   55   52   50   48
   45   43   41   42   42   31   33   35   46                                   
    75.0-180.0 180.0   5.0 450.0                            LAT/LON1/LON2/DLON/H
   44   45   45   40   39   40   40   39   39   39   37   38   38   38   38   38
   39   39   39   39   38   38   37   37   36   36   35   35   34   34   34   35
   36   37   39   42   45   48   52   55   59   63   66   69   72   73   74   75
   75   75   75   75   75   75   75   74   74   73   71   69   67   64   60   57
   54   51   49   45   46   36   36   36   44                                   
    72.5-180.0 180.0   5.0 450.0                            LAT/LON1/LON2/DLON/H
   52   50   49   43   43   45   46   44   43   41   39   39   38   37   37   36
   36   36   36   36   36   36   36   36   36   36   36   36   36   36   36   36
   37   38   39   41   44   47   50   54   58   62   66   70   73   76   78   80
   81   82   84   85   87   88   90   91   91   91   89   87   84   81   76   73
   69   65   64   60   58   47   46   45   52                                   
    70.0-180.0 180.0   5.0 450.0                            LAT/LON1/LON2/DLON/H
   60   56   57   51   50   51   51   49   47   45   42   41   38   37   36   35
   34   34   34   35   35   36   37   37   38   39   40   40   41   41   40   40
   40   40   41   42   43   45   48   52   56   60   64   69   73   77   80   83
   87   90   93   97  101  104  107  110  111  111  109  106  102   97   92   87
   82   78   76   71   68   58   59   56   60                                   
    67.5-180.0 180.0   5.0 450.0                            LAT/LON1/LON2/DLON/H
   60   57   56   52   51   53   53   51   50   47   43   41   38   36   34   33
   32   32   32   33   33   35   36   38   40   41   43   44   44   44   43   42
   40   39   39   39   39   41   43   46   49   53   58   63   69   74   79   84
   90   95  101  107  113  118  123  126  127  127  124  120  115  109  102   96
   90   84   83   76   73   65   63   62   60                                   
    65.0-180.0 180.0   5.0 450.0                            LAT/LON1/LON2/DLON/H
   60   56   54   51   49   52   53   53   52   50   46   44   40   38   35   34
   33   33   33   33   34   36   38   40   42   45   47   48   48   47   45   43
   41   39   37   37   37   37   39   42   45   50   55   61   68   75   82   89
   97  105  114  122  130  137  143  146  147  145  141  136  129  121  112  105
   98   91   88   81   77   70   68   68   60                                   
    62.5-180.0 180.0   5.0 450.0                            LAT/LON1/LON2/DLON/H
   57   52   49   46   45   48   51   52   52   51   48   46   43   41   39   37
   36   36   35   36   36   38   40   42   45   48   49   50   50   48   45   42
   39   37   35   34   34   35   37   40   43   48   54   62   70   78   88   98
  108  119  130  140  150  159  164  167  167  163  157  150  141  132  123  114
  106   98   94   86   81   73   70   70   57                                   
    60.0-180.0 180.0   5.0 450.0                            LAT/LON1/LON2/DLON/H
   55   47   42   39   37   40   44   46   48   48   47   46   44   42   41   40
   39   39   38   38   38   38   40   42   45   47   48   48   47   44   41   37
   34   32   31   31   31   32   35   38   42   48   55   63   73   84   95  107
  120  133  146  158  170  178  184  185  182  177  169  161  151  142  132  123
  114  105  100   91   85   75   70   70   55                                   
    57.5-180.0 180.0   5.0 450.0                            LAT/LON1/LON2/DLON/H
   57   44   38   33   31   33   37   40   42   44   44   44   44   44   43   43
   43   42   41   40   39   39   40   41   43   44   45   44   41   38   34   31
   29   28   28   28   29   31   35   39   44   51   60   70   81   94  107  121
  136  151  165  179  190  199  203  203  198  191  182  173  165  156  147  139
  129  119  113  103   96   83   76   74   57                                   
    55.0-180.0 180.0   5.0 450.0                            LAT/LON1/LON2/DLON/H
   65   47   39   32   28   28   32   34   37   38   39   41   42   43   44   45
   45   45   43   42   40   39   39   39   40   40   40   38   35   31   28   26
   24   24   25   27   29   32   37   42   50   58   69   80   94  108  123  138
  154  169  184  198  209  217  220  218  212  203  194  187  180  174  167  160
  150  139  133  122  114   97   89   84   65                                   
    52.5-180.0 180.0   5.0 450.0                            LAT/LON1/LON2/DLON/H
   81   59   48   38   32   30   32   32   33   34   34   37   39   41   44   45
   46   46   44   42   40   39   38   38   37   37   35   33   30   26   23   22
   22   23   25   28   32   36   42   49   58   69   81   95  110  125  141  157
  173  187  202  215  225  232  234  230  223  215  207  201  197  194  190  184
  175  164  157  145  136  116  107  100   81                                   
    50.0-180.0 180.0   5.0 450.0                            LAT/LON1/LON2/DLON/H
  102   78   65   53   44   40   39   36   34   33   32   34   36   39   42   44
   45   45   44   42   40   39   38   37   36   35   33   30   27   24   22   21
   23   25   29   32   37   42   49   58   70   83   97  112  128  144  161  176
  190  204  216  228  238  244  245  241  233  224  218  214  213  213  212  208
  200  190  182  168  158  137  128  119  102                                   
    47.5-180.0 180.0   5.0 450.0                            LAT/LON1/LON2/DLON/H
  124  102   88   75   64   58   53   46   40   36   33   34   35   37   40   42
   43   43   42   41   40   39   38   37   36   34   32   30   27   25   23   24
   26   30   34   39   44   50   58   70   83   99  115  131  147  164  179  193
  206  217  228  239  247  252  253  248  240  232  226  224  226  228  229  227
  220  210  200  185  175  154  146  137  124                                   
    45.0-180.0 180.0   5.0 450.0                            LAT/LON1/LON2/DLON/H
  141  122  110   99   88   81   73   61   52   44   38   37   37   38   39   40
   41   40   40   40   40   39   39   38   37   36   34   32   30   28   28   29
   32   36   41   46   52   59   69   82   98  115  133  150  166  181  196  208
  219  228  237  246  254  258  258  253  245  238  232  231  233  236  238  237
  231  220  210  193  183  162  157  149  141                                   
    42.5-180.0 180.0   5.0 450.0                            LAT/LON1/LON2/DLON/H
  148  134  124  117  110  103   93   79   66   55   48   44   42   41   41   40
   40   39   39   40   41   42   43   42   41   40   38   37   35   33   33   34
   37   42   47   53   59   67   79   95  113  132  150  167  182  197  210  221
  230  238  245  252  259  263  262  257  250  242  237  235  236  238  239  238
  232  221  209  192  181  160  156  150  148                                   
    40.0-180.0 180.0   5.0 450.0                            LAT/LON1/LON2/DLON/H
  145  131  124  122  119  116  106   93   80   68   60   55   51   49   46   44
   42   41   42   44   46   48   49   49   47   46   44   42   40   38   37   38
   41   46   52   58   66   76   90  108  129  149  167  183  197  210  222  232
  240  247  253  259  265  268  268  263  256  249  243  240  239  238  237  235
  228  216  203  184  171  148  145  139  145                                   
    37.5-180.0 180.0   5.0 450.0                            LAT/LON1/LON2/DLON/H
  133  117  110  111  112  112  106   97   88   79   72   67   63   60   56   52
   50   49   50   52   55   57   58   57   55   52   50   47   44   42   41   41
   44   49   56   63   72   84  101  121  144  164  182  196  209  222  233  243
  251  257  264  270  275  278  278  275  269  262  256  251  247  243  239  235
  227  214  200  178  162  134  129  123  133                                   
    35.0-180.0 180.0   5.0 450.0                            LAT/LON1/LON2/DLON/H
  120   96   87   88   92   94   93   90   86   82   79   78   75   72   68   65
   63   62   63   65   68   69   69   67   63   59   55   52   49   46   44   44
   46   51   58   67   78   93  112  135  159  180  196  210  221  233  244  255
  264  272  280  287  293  296  297  295  290  285  278  272  265  259  252  246
  237  224  209  185  164  129  121  112  120                                   
    32.5-180.0 180.0   5.0 450.0                            LAT/LON1/LON2/DLON/H
  114   79   63   63   65   69   71   74   76   78   80   83   84   82   80   78
   77   78   79   80   81   82   80   77   72   66   61   56   53   49   47   46
   48   53   61   72   85  103  125  149  174  195  211  223  234  246  259  271
  283  294  303  312  319  323  325  325  322  318  313  306  298  290  282  276
  266  254  238  211  188  144  130  117  114                                   
    30.0-180.0 180.0   5.0 450.0                            LAT/LON1/LON2/DLON/H
  125   75   50   44   43   46   50   56   62   68   75   82   85   87   88   89
   90   92   93   93   93   92   90   86   80   73   66   61   56   52   49   48
   50   55   65   77   93  113  137  163  189  210  225  238  250  263  277  293
  308  322  334  345  354  359  363  364  365  363  359  353  345  337  329  323
  315  304  289  260  237  187  166  146  125                                   
    27.5-180.0 180.0   5.0 450.0                            LAT/LON1/LON2/DLON/H
  159   95   59   41   34   34   37   43   50   59   68   76   82   86   90   94
   98  100  101  101   99   98   95   92   86   79   71   64   59   55   52   51
   53   59   69   83  101  123  149  176  203  224  241  255  268  284  302  320
  339  357  373  387  397  404  410  414  416  417  415  410  404  397  391  386
  379  369  356  327  306  254  227  202  159                                   
    25.0-180.0 180.0   5.0 450.0                            LAT/LON1/LON2/DLON/H
  217  145   97   63   46   38   38   40   46   54   63   70   76   81   86   92
   98  101  102  101   99   98   97   95   90   83   75   67   62   59   58   58
   60   66   75   89  108  131  158  187  215  238  256  273  291  310  332  354
  377  399  419  435  448  457  464  470  475  477  477  474  470  466  462  458
  453  444  431  404  387  337  304  279  217                                   
    22.5-180.0 180.0   5.0 450.0                            LAT/LON1/LON2/DLON/H
  293  220  165  114   83   65   57   54   55   60   65   69   72   76   81   87
   92   95   95   94   93   93   95   96   93   87   79   71   67   66   66   67
   69   73   81   94  113  137  165  195  224  249  272  293  315  340  365  392
  418  444  467  487  502  512  520  527  533  537  538  538  536  534  533  530
  525  518  504  481  466  423  386  366  293                                   
    20.0-180.0 180.0   5.0 450.0                            LAT/LON1/LON2/DLON/H
  376  308  252  192  148  119   99   88   81   80   79   78   76   75   77   81
   85   86   85   84   85   88   92   95   95   91   84   78   75   75   76   77
   78   80   86   97  115  139  168  199  230  259  286  313  340  369  399  429
  459  487  513  534  550  561  569  576  581  586  588  589  590  591  591  590
  586  579  566  548  534  499  463  451  376                                   
    17.5-180.0 180.0   5.0 450.0                            LAT/LON1/LON2/DLON/H
  450  393  341  283  231  194  163  142  127  116  107   99   91   84   81   81
   80   79   77   77   79   84   91   97   99   97   91   85   83   84   86   87
   86   85   88   97  114  138  168  200  234  267  298  330  363  396  429  461
  492  522  548  569  584  593  600  606  611  615  617  619  621  624  626  625
  622  618  608  595  581  556  526  521  450                                   
    15.0-180.0 180.0   5.0 450.0                            LAT/LON1/LON2/DLON/H
  503  459  415  368  316  275  238  210  187  168  151  135  119  107   97   91
   86   81   77   77   80   87   95  102  106  105   99   94   91   92   94   94
   91   88   88   95  111  135  165  200  236  272  308  344  380  416  450  483
  514  543  568  587  599  607  611  615  619  623  625  627  629  632  634  633
  631  628  623  617  604  587  566  566  503                                   
    12.5-180.0 180.0   5.0 450.0                            LAT/LON1/LON2/DLON/H
  532  498  463  430  384  346  308  279  252  227  205  183  161  143  128  115
  105   96   90   89   92   99  106  113  116  115  109  103   99   99  100   98
   93   87   86   92  108  133  164  199  237  276  314  353  391  427  461  493
  523  550  571  588  598  604  608  610  613  614  615  616  617  618  619  617
  616  615  615  614  604  594  581  581  532                                   
    10.0-180.0 180.0   5.0 450.0                            LAT/LON1/LON2/DLON/H
  537  508  481  459  423  392  361  336  310  285  260  236  212  190  171  154
  139  127  119  116  117  120  125  128  129  126  120  113  108  106  103   99
   92   86   84   91  108  133  164  199  238  278  318  358  395  430  463  493
  520  544  563  577  587  593  597  599  599  599  597  596  595  594  592  589
  587  588  591  595  589  584  574  572  537                                   
     7.5-180.0 180.0   5.0 450.0                            LAT/LON1/LON2/DLON/H
  524  496  474  456  432  410  388  372  352  331  309  287  265  243  223  205
  187  173  162  155  151  149  148  146  143  139  132  125  118  113  107  100
