data/edconvlstm_nd/pred1570.15i
     1.0            IONOSPHERE MAPS     GNSS                IONEX VERSION / TYPE
pyspatialgeodesy        IME             05-JAN-18 20:20     PGM / RUN BY / DATE 
Map Name                                                    COMMENT             
Predicted global ionosphere maps (GIM).                     DESCRIPTION         
  2015     6     6     0     0     0                        EPOCH OF FIRST MAP  
  2015     6     7     0     0     0                        EPOCH OF LAST MAP   
  7200                                                      INTERVAL            
    13                                                      # OF MAPS IN FILE   
  NONE                                                      MAPPING FUNCTION    
10.0                                                        ELEVATION CUTOFF    
One-way carrier phase leveled to code                       OBSERVABLES USED    
  6371.0                                                    BASE RADIUS         
 2                                                          MAP DIMENSION       
   450.0 450.0   0.0                                        HGT1 / HGT2 / DHGT  
    87.5 -87.5  -2.5                                        LAT1 / LAT2 / DLAT  
  -180.0 180.0   5.0                                        LON1 / LON2 / DLON  
    -1                                                      EXPONENT            
                                                            END OF HEADER       
     1                                                      START OF TEC MAP    
  2015     6     6     0     0     0                        EPOCH OF CURRENT MAP
    87.5-180.0 180.0   5.0 450.0                            LAT/LON1/LON2/DLON/H
  192  208  218  205  203  204  201  200  200  199  200  200  199  199  198  198
  197  196  195  193  192  190  188  187  185  183  182  180  179  178  177  176
  175  175  174  174  174  175  175  176  176  177  178  179  180  181  182  183
  185  186  187  188  189  190  190  191  192  193  193  194  194  194  195  196
  196  198  199  201  201  197  197  210  192                                   
    85.0-180.0 180.0   5.0 450.0                            LAT/LON1/LON2/DLON/H
  218  219  214  211  215  215  213  213  213  212  213  213  212  212  211  211
  210  208  206  204  202  200  197  194  192  189  187  184  182  181  179  178
  177  176  176  176  176  177  177  178  179  181  182  184  185  187  188  190
  192  193  195  196  198  199  200  201  202  203  204  205  206  206  207  207
  208  209  212  215  209  212  212  219  218                                   
    82.5-180.0 180.0   5.0 450.0                            LAT/LON1/LON2/DLON/H
  218  218  220  216  218  219  217  217  219  219  219  220  220  220  219  218
  217  215  213  210  207  203  199  195  191  187  184  180  177  175  173  171
  170  169  169  169  169  170  171  172  174  176  178  180  182  184  187  189
  191  194  196  198  200  202  203  205  206  207  208  209  209  210  210  211
  212  213  214  215  214  203  207  204  218                                   
    80.0-180.0 180.0   5.0 450.0                            LAT/LON1/LON2/DLON/H
  213  217  213  209  212  215  218  220  222  223  224  225  226  227  227  226
  225  223  220  217  213  208  203  198  192  187  182  178  174  171  168  166
  165  164  164  164  165  166  167  169  171  174  176  179  182  185  188  191
  194  197  199  202  204  206  207  209  210  211  211  212  212  212  212  213
  212  212  212  211  216  205  210  208  213                                   
    77.5-180.0 180.0   5.0 450.0                            LAT/LON1/LON2/DLON/H
  211  207  205  206  205  208  214  218  221  222  225  227  229  230  231  231
  230  229  226  222  218  213  207  200  194  187  181  176  171  168  165  164
  163  162  162  163  164  165  167  168  170  173  175  178  182  185  189  193
  196  199  202  205  207  209  210  211  211  211  211  211  211  210  210  210
  209  209  206  205  210  206  205  208  211                                   
    75.0-180.0 180.0   5.0 450.0                            LAT/LON1/LON2/DLON/H
  210  201  200  202  201  204  209  214  218  220  223  226  228  230  232  233
  233  232  231  228  224  218  212  205  197  190  183  177  172  169  167  166
  166  166  167  168  168  169  170  171  172  174  177  180  183  187  191  195
  198  202  205  207  209  210  211  211  211  211  211  210  210  209  208  208
  207  207  204  197  200  201  200  206  210                                   
    72.5-180.0 180.0   5.0 450.0                            LAT/LON1/LON2/DLON/H
  198  196  197  196  194  198  203  208  213  215  218  221  224  227  229  230
  232  232  231  229  226  221  214  207  198  190  183  177  173  170  169  170
  171  172  173  174  174  174  173  173  173  174  176  179  182  186  190  194
  197  200  203  205  206  207  207  207  207  207  207  206  206  206  206  206
  205  204  203  197  197  196  198  206  198                                   
    70.0-180.0 180.0   5.0 450.0                            LAT/LON1/LON2/DLON/H
  197  191  194  194  192  194  200  204  210  212  215  218  221  223  226  228
  230  231  232  231  228  224  218  210  201  193  185  179  176  174  175  177
  179  181  182  182  181  179  177  175  174  174  175  178  181  185  189  193
  196  198  200  202  203  203  204  204  204  204  204  205  205  205  206  207
  206  206  205  200  202  201  201  209  197                                   
    67.5-180.0 180.0   5.0 450.0                            LAT/LON1/LON2/DLON/H
  199  195  197  194  191  194  198  202  207  209  211  214  217  219  222  224
  227  229  230  231  229  225  219  212  203  194  187  182  179  179  180  183
  187  189  189  188  185  181  176  173  171  170  171  174  177  181  185  188
  191  193  195  196  197  198  199  200  201  202  203  204  205  206  207  209
  209  210  209  204  208  207  206  216  199                                   
    65.0-180.0 180.0   5.0 450.0                            LAT/LON1/LON2/DLON/H
  203  200  202  198  193  195  198  201  205  206  208  211  213  215  217  220
  222  225  227  228  228  225  220  213  204  196  189  185  183  184  186  190
  193  195  194  190  185  179  173  168  165  164  165  168  172  176  180  182
  184  186  188  189  191  193  195  197  199  201  203  205  207  208  210  212
  213  215  215  211  217  216  216  225  203                                   
    62.5-180.0 180.0   5.0 450.0                            LAT/LON1/LON2/DLON/H
  210  209  211  205  199  199  200  202  205  204  206  208  210  212  214  216
  219  221  223  225  225  223  219  213  206  199  193  190  189  191  194  197
  199  199  196  190  183  175  167  162  159  158  160  163  167  171  174  176
  178  179  181  184  187  190  194  198  201  205  208  210  212  213  215  217
  219  221  222  220  226  227  228  235  210                                   
    60.0-180.0 180.0   5.0 450.0                            LAT/LON1/LON2/DLON/H
  218  220  222  215  207  205  205  204  205  204  204  205  207  209  211  213
  215  217  219  220  221  220  217  213  208  203  199  197  197  198  201  203
  203  200  195  187  177  168  161  156  153  153  155  159  162  165  168  169
  171  172  175  179  184  190  196  201  207  211  214  217  218  219  220  222
  223  226  228  227  235  236  238  244  218                                   
    57.5-180.0 180.0   5.0 450.0                            LAT/LON1/LON2/DLON/H
  227  231  233  226  217  214  212  209  208  204  203  203  205  207  209  211
  212  213  214  215  215  215  214  212  210  207  205  205  206  207  208  208
  205  200  191  181  171  162  155  151  149  150  152  155  158  160  162  163
  164  166  170  176  183  191  200  207  213  218  222  224  225  224  224  225
  226  229  232  233  241  244  247  251  227                                   
    55.0-180.0 180.0   5.0 450.0                            LAT/LON1/LON2/DLON/H
  236  243  245  238  229  226  222  218  214  208  204  204  204  206  208  209
  209  209  209  210  211  211  212  212  212  212  213  214  216  216  216  213
  207  198  188  176  166  158  152  149  148  149  150  153  154  155  156  156
  157  161  166  174  184  194  204  213  220  226  229  231  231  229  228  228
  228  231  235  238  246  250  254  256  236                                   
    52.5-180.0 180.0   5.0 450.0                            LAT/LON1/LON2/DLON/H
  245  254  258  252  244  241  237  231  224  215  209  207  206  207  208  208
  208  207  207  207  208  209  211  214  216  219  222  224  225  225  222  216
  207  196  184  173  163  156  152  150  150  150  150  151  151  151  150  150
  152  156  163  173  185  198  209  218  226  231  235  236  235  233  231  230
  230  234  239  242  250  254  259  261  245                                   
    50.0-180.0 180.0   5.0 450.0                            LAT/LON1/LON2/DLON/H
  255  266  271  267  261  259  256  248  240  228  220  214  212  211  210  210
  209  208  208  208  209  211  214  217  221  226  230  233  234  232  226  218
  207  195  183  172  165  159  157  155  154  153  152  150  149  147  145  145
  147  152  161  173  187  200  212  222  229  235  239  240  239  237  234  233
  234  238  244  248  256  260  265  266  255                                   
    47.5-180.0 180.0   5.0 450.0                            LAT/LON1/LON2/DLON/H
  266  278  285  283  280  279  277  269  260  246  235  227  222  219  216  215
  213  212  212  213  215  217  220  224  228  233  238  240  240  236  228  218
  206  195  184  176  170  166  164  163  161  158  154  151  147  145  143  142
  145  150  160  173  188  202  214  223  231  237  242  244  244  242  240  239
  241  246  252  256  264  268  273  274  266                                   
    45.0-180.0 180.0   5.0 450.0                            LAT/LON1/LON2/DLON/H
  278  291  299  300  299  300  299  292  282  268  256  246  238  231  226  223
  221  220  221  223  226  228  230  233  236  240  243  245  242  236  227  216
  206  197  189  182  178  175  174  172  169  164  159  153  149  145  143  143
  145  150  160  173  188  202  214  223  232  239  245  249  250  249  248  249
  251  257  264  268  276  279  284  285  278                                   
    42.5-180.0 180.0   5.0 450.0                            LAT/LON1/LON2/DLON/H
  292  304  314  316  317  319  319  314  306  293  280  269  259  249  241  235
  232  232  234  238  241  243  243  244  244  246  247  247  242  234  224  215
  207  201  196  192  189  186  184  181  177  172  165  159  154  150  147  146
  147  152  161  173  187  201  213  223  232  241  250  256  260  261  261  263
  266  273  281  284  292  294  298  300  292                                   
    40.0-180.0 180.0   5.0 450.0                            LAT/LON1/LON2/DLON/H
  308  318  329  331  333  335  336  333  328  318  307  297  285  272  261  252
  247  247  250  255  259  260  259  256  254  252  251  248  241  231  222  214
  209  207  206  203  201  198  195  191  187  181  175  169  164  159  156  153
  153  155  162  173  186  200  212  223  234  246  257  267  273  276  278  280
  284  291  299  302  310  312  316  319  308                                   
    37.5-180.0 180.0   5.0 450.0                            LAT/LON1/LON2/DLON/H
  327  335  345  347  348  350  351  350  348  343  336  327  315  301  286  274
  267  265  268  273  277  278  274  269  264  260  256  250  241  230  221  215
  214  215  216  215  212  208  204  201  198  193  188  182  177  172  167  163
  160  159  164  173  185  199  212  225  238  253  267  280  289  294  297  300
  304  310  318  321  330  331  337  339  327                                   
    35.0-180.0 180.0   5.0 450.0                            LAT/LON1/LON2/DLON/H
  349  355  365  366  365  364  365  366  368  367  365  360  349  333  316  300
  290  286  287  291  294  294  289  282  275  269  263  255  244  232  223  218
  219  223  225  224  220  215  212  210  208  206  203  198  193  187  180  173
  166  163  165  172  183  198  212  227  243  260  278  294  305  312  315  318
  322  328  335  338  348  350  357  361  349                                   
    32.5-180.0 180.0   5.0 450.0                            LAT/LON1/LON2/DLON/H
  374  378  387  387  384  382  381  383  389  393  395  394  386  370  350  330
  316  308  306  308  309  307  302  295  287  280  272  263  250  237  227  223
  224  229  231  229  224  219  216  216  217  218  216  212  206  199  190  180
  171  165  164  169  180  195  211  228  246  266  286  304  318  326  330  332
  336  341  348  352  364  367  377  383  374                                   
    30.0-180.0 180.0   5.0 450.0                            LAT/LON1/LON2/DLON/H
  400  403  413  413  408  405  404  406  414  421  428  430  424  409  388  365
  345  332  325  322  321  319  314  307  299  292  283  273  259  244  232  226
  227  230  232  228  222  217  215  218  222  225  225  221  214  205  194  183
  172  164  161  164  174  189  207  225  245  266  288  308  324  334  340  342
  346  351  358  363  377  381  393  402  400                                   
    27.5-180.0 180.0   5.0 450.0                            LAT/LON1/LON2/DLON/H
  424  427  439  442  437  435  433  436  445  454  463  468  465  451  429  403
  378  359  345  337  332  328  324  318  311  303  294  282  266  249  235  227
  225  226  225  220  214  209  209  213  219  224  225  221  213  202  191  178
  167  158  154  157  166  181  199  218  239  260  283  305  324  336  344  348
  352  357  364  371  386  392  406  418  424                                   
    25.0-180.0 180.0   5.0 450.0                            LAT/LON1/LON2/DLON/H
  442  447  462  470  466  467  467  472  480  491  501  507  505  493  471  444
  415  389  368  353  344  338  334  328  321  312  301  287  270  251  234  223
  217  214  211  205  199  196  197  202  209  213  213  209  200  189  178  167
  157  149  145  146  154  169  186  206  227  249  272  296  317  333  344  351
  356  362  369  377  392  399  416  430  442                                   
    22.5-180.0 180.0   5.0 450.0                            LAT/LON1/LON2/DLON/H
  453  461  478  492  491  496  501  507  517  528  538  545  544  534  514  485
  453  421  394  372  358  349  343  336  327  316  303  286  266  245  226  211
  202  197  192  186  181  179  181  186  191  194  193  187  178  168  159  150
  143  137  133  134  141  154  172  192  212  234  258  282  306  326  341  351
  359  366  375  383  398  404  421  437  453                                   
    20.0-180.0 180.0   5.0 450.0                            LAT/LON1/LON2/DLON/H
  453  464  483  502  506  516  525  536  548  559  569  576  577  570  552  525
  492  456  422  394  374  361  351  342  329  314  296  276  254  231  211  195
  184  177  171  166  162  161  163  166  168  169  166  160  152  144  137  131
  127  123  120  121  127  139  156  176  197  219  243  268  295  318  338  353
  364  373  382  391  403  408  425  440  453                                   
    17.5-180.0 180.0   5.0 450.0                            LAT/LON1/LON2/DLON/H
  446  458  478  498  507  520  535  550  565  577  588  596  599  596  582  559
  527  490  451  418  391  373  358  343  325  304  281  258  234  211  191  175
  165  157  152  148  146  146  146  147  146  143  139  133  126  120  116  113
  111  109  107  107  113  125  142  162  183  205  229  256  285  312  336  355
  370  382  392  401  410  412  427  441  446                                   
    15.0-180.0 180.0   5.0 450.0                            LAT/LON1/LON2/DLON/H
  435  448  464  484  494  509  526  545  563  577  589  600  607  608  600  582
  553  517  477  439  407  382  361  339  314  287  259  233  209  188  171  157
  148  142  139  137  136  136  135  132  128  122  117  111  107  103  100   99
   98   96   95   95  100  112  129  150  171  194  220  248  279  309  337  360
  378  393  405  413  418  417  431  442  435                                   
    12.5-180.0 180.0   5.0 450.0                            LAT/LON1/LON2/DLON/H
  425  437  449  464  473  487  503  523  542  558  572  586  597  603  602  590
  567  534  495  455  418  386  358  329  298  265  234  206  183  166  152  143
  137  134  132  132  132  132  130  125  117  109  103   99   96   93   91   89
   88   86   84   84   90  102  119  140  163  187  215  245  278  310  340  367
  388  405  418  426  428  424  436  446  425                                   
    10.0-180.0 180.0   5.0 450.0                            LAT/LON1/LON2/DLON/H
  421  432  440  448  453  461  475  492  510  526  541  557  571  583  587  581
  563  536  500  460  420  382  348  313  277  240  207  180  161  148  139  135
  133  132  132  133  134  134  131  123  114  105   99   95   93   91   88   85
   81   78   75   75   80   93  111  134  158  184  214  246  281  314  346  374
  398  417  431  438  439  434  445  453  421                                   
     7.5-180.0 180.0   5.0 450.0                            LAT/LON1/LON2/DLON/H
  426  437  440  441  441  443  450  461  476  490  504  519  536  549  557  556
  544  522  490  451  410  370  331  292  253  216  184  160  145  136  133  132
