data/edconvlstm_nd/pred2290.15i
     1.0            IONOSPHERE MAPS     GNSS                IONEX VERSION / TYPE
pyspatialgeodesy        IME             05-JAN-18 20:20     PGM / RUN BY / DATE 
Map Name                                                    COMMENT             
Predicted global ionosphere maps (GIM).                     DESCRIPTION         
  2015     8    17     0     0     0                        EPOCH OF FIRST MAP  
  2015     8    18     0     0     0                        EPOCH OF LAST MAP   
  7200                                                      INTERVAL            
    13                                                      # OF MAPS IN FILE   
  NONE                                                      MAPPING FUNCTION    
10.0                                                        ELEVATION CUTOFF    
One-way carrier phase leveled to code                       OBSERVABLES USED    
  6371.0                                                    BASE RADIUS         
 2                                                          MAP DIMENSION       
   450.0 450.0   0.0                                        HGT1 / HGT2 / DHGT  
    87.5 -87.5  -2.5                                        LAT1 / LAT2 / DLAT  
  -180.0 180.0   5.0                                        LON1 / LON2 / DLON  
    -1                                                      EXPONENT            
                                                            END OF HEADER       
[from data line 858]
     3                                                      START OF TEC MAP    
  2015     8    17     4     0     0                        EPOCH OF CURRENT MAP
    87.5-180.0 180.0   5.0 450.0                            LAT/LON1/LON2/DLON/H
   85   86   84   89   90   88   87   85   86   87   88   89   90   90   91   91
   91   91   91   91   91   91   91   90   90   90   89   89   88   88   87   87
   86   85   85   84   84   84   83   83   82   82   82   81   81   81   81   81
   80   80   80   80   80   80   80   79   79   79   79   79   78   78   77   78
   79   80   78   78   83   89   93   84   85                                   
    85.0-180.0 180.0   5.0 450.0                            LAT/LON1/LON2/DLON/H
   81   92   82   87   92   91   92   92   93   94   95   96   97   98   99   99
   99   99   99   99   99   99   98   98   98   97   97   97   96   96   95   95
   95   94   94   94   93   93   92   92   91   91   91   90   90   89   89   89
   88   88   88   88   88   88   88   88   88   88   87   87   87   87   86   86
   87   88   85   87   86   87   93   84   81                                   
    82.5-180.0 180.0   5.0 450.0                            LAT/LON1/LON2/DLON/H
   86   85   91   89   90   93   94   95   98   99  100  102  103  104  104  105
  105  104  104  103  102  102  101  101  100   99   99   98   98   98   97   97
   97   97   96   96   96   96   96   95   95   94   94   93   93   92   92   92
   92   92   92   92   92   93   93   93   93   94   94   94   94   94   93   93
   93   93   89   89   95   84   81   78   86                                   
    80.0-180.0 180.0   5.0 450.0                            LAT/LON1/LON2/DLON/H
   94   86   81   80   84   85   89   91   94   96   96   99  100  101  101  100
  100   99   98   96   95   94   93   92   91   90   90   89   89   89   89   89
   90   90   91   92   92   92   92   92   92   91   91   90   90   89   89   89
   89   89   90   90   91   91   92   93   94   95   96   96   97   97   97   97
   96   94   92   91   97   90   88   81   94                                   
    77.5-180.0 180.0   5.0 450.0                            LAT/LON1/LON2/DLON/H
   96   88   79   80   79   83   88   91   94   96   96   99   99  100  100   99
   97   95   93   91   89   87   85   84   83   82   81   81   81   81   81   82
   83   84   86   87   88   89   90   90   90   89   89   89   88   88   88   89
   90   91   92   93   94   95   96   98   99  101  102  104  105  106  107  107
  106  105  100  101  101   89   87   84   96                                   
    75.0-180.0 180.0   5.0 450.0                            LAT/LON1/LON2/DLON/H
   91   87   77   78   76   80   84   86   89   90   90   92   93   93   92   90
   88   85   82   79   76   74   71   70   68   67   66   66   66   66   67   68
   70   71   74   76   78   80   81   81   82   82   81   81   81   82   82   84
   85   86   88   89   91   92   94   96   98  100  103  105  108  110  112  114
  113  112  108  103  103   94   91   88   91                                   
    72.5-180.0 180.0   5.0 450.0                            LAT/LON1/LON2/DLON/H
   91   91   82   81   80   83   87   89   90   91   91   93   93   92   91   88
   85   82   79   76   72   70   67   65   64   62   61   61   61   61   62   63
   65   67   70   73   75   78   79   81   81   82   82   83   83   85   87   88
   91   93   94   96   97   98  100  101  103  106  109  113  116  120  123  126
  127  127  124  120  115  104   99   96   91                                   
    70.0-180.0 180.0   5.0 450.0                            LAT/LON1/LON2/DLON/H
   98   97   89   86   83   85   86   87   88   87   87   88   87   86   85   82
   80   76   73   70   67   64   61   59   58   56   55   55   54   54   55   56
   58   60   63   67   70   73   75   77   78   79   80   81   83   86   88   91
   94   97   98   99  100  100  101  102  103  106  109  113  118  123  128  133
  135  136  134  131  126  116  112  105   98                                   
    67.5-180.0 180.0   5.0 450.0                            LAT/LON1/LON2/DLON/H
  102  102   94   90   85   84   84   82   82   80   79   79   79   78   76   75
   72   70   67   64   61   59   56   55   53   52   51   50   49   48   48   49
   50   52   55   58   61   64   67   69   71   72   74   77   80   84   88   92
   95   97   99   99   99   98   98   98   99  101  104  108  114  120  125  132
  136  137  138  135  131  122  118  112  102                                   
    65.0-180.0 180.0   5.0 450.0                            LAT/LON1/LON2/DLON/H
  107  109   99   95   89   86   83   80   78   74   72   72   71   71   70   69
   67   65   63   61   58   56   54   53   52   51   50   49   48   47   46   46
   46   47   49   52   55   58   61   64   66   69   72   76   80   86   91   95
   99  101  102  102  100   99   98   97   97   99  101  106  111  117  124  131
  136  138  139  138  135  128  125  119  107                                   
    62.5-180.0 180.0   5.0 450.0                            LAT/LON1/LON2/DLON/H
  113  116  107  102   95   89   85   80   75   70   67   66   65   65   65   65
   64   62   61   59   57   55   53   52   51   51   50   49   48   47   46   44
   44   44   45   47   50   53   56   59   63   67   71   77   83   89   95  100
  103  105  106  105  103  102  100   99   99  100  102  106  111  117  123  130
  135  138  139  138  137  132  129  124  113                                   
    60.0-180.0 180.0   5.0 450.0                            LAT/LON1/LON2/DLON/H
  119  123  114  108  101   94   88   81   74   68   63   61   60   59   60   60
   59   59   57   56   54   52   50   49   49   49   49   49   48   47   45   43
   41   41   41   42   45   48   51   55   60   65   71   78   86   93  100  105
  108  109  109  108  107  105  104  103  104  104  106  109  113  118  123  129
  133  135  137  137  137  133  132  127  119                                   
    57.5-180.0 180.0   5.0 450.0                            LAT/LON1/LON2/DLON/H
  124  129  121  116  110  102   95   86   78   69   63   59   57   56   56   56
   56   55   54   52   50   48   46   45   45   45   46   47   47   47   45   42
   40   38   38   39   41   44   48   53   59   66   74   83   92  100  107  111
  114  115  114  114  113  112  112  112  113  114  116  118  120  123  126  131
  133  135  137  136  137  134  133  129  124                                   
    55.0-180.0 180.0   5.0 450.0                            LAT/LON1/LON2/DLON/H
  128  134  127  123  119  111  105   94   85   75   66   61   57   54   53   53
   52   52   50   48   45   43   41   40   40   41   43   44   45   45   44   41
   39   37   36   36   39   42   47   53   60   68   78   89   99  108  115  119
  121  121  121  120  120  120  121  123  124  126  127  129  130  131  133  135
  136  137  138  136  137  134  135  131  128                                   
    52.5-180.0 180.0   5.0 450.0                            LAT/LON1/LON2/DLON/H
  132  138  132  130  127  122  116  106   96   84   74   66   59   55   52   51
   50   49   47   45   42   40   38   36   36   38   39   42   43   44   43   40
   38   36   35   36   38   42   48   54   63   73   85   97  108  118  124  128
  129  129  128  128  128  129  131  134  136  138  140  140  141  141  141  142
  142  141  141  139  139  136  137  133  132                                   
    50.0-180.0 180.0   5.0 450.0                            LAT/LON1/LON2/DLON/H
  134  141  135  136  135  132  129  120  110   97   85   75   66   59   54   51
   49   48   47   44   42   39   37   36   35   36   38   40   42   42   42   40
   38   37   36   38   41   45   51   59   68   80   93  107  119  129  135  139
  140  139  138  137  137  139  141  144  147  149  150  151  151  150  150  150
  149  147  147  144  143  139  140  137  134                                   
    47.5-180.0 180.0   5.0 450.0                            LAT/LON1/LON2/DLON/H
  136  142  137  139  140  140  139  132  124  111   98   86   75   65   58   54
   51   50   49   47   44   41   39   38   37   38   39   40   41   42   41   40
   39   39   39   42   45   50   56   64   75   88  102  116  129  140  147  151
  152  151  149  147  147  148  150  153  155  157  158  158  158  157  157  157
  156  155  154  150  149  144  144  141  136                                   
    45.0-180.0 180.0   5.0 450.0                            LAT/LON1/LON2/DLON/H
  137  141  136  140  143  145  147  142  135  124  111   98   85   73   65   59
   56   54   53   52   50   47   45   44   43   42   42   42   42   42   42   42
   42   42   44   47   50   55   62   70   82   95  111  126  139  150  158  162
  164  163  161  158  157  157  158  160  161  162  163  163  162  162  162  163
  162  162  162  158  156  150  150  147  137                                   
    42.5-180.0 180.0   5.0 450.0                            LAT/LON1/LON2/DLON/H
  138  141  135  138  142  146  150  148  143  134  122  110   96   83   73   66
   63   61   61   59   57   56   54   53   51   50   48   46   45   44   43   44
   45   47   49   52   56   61   67   75   87  102  117  133  147  158  167  173
  176  176  173  170  167  166  166  166  167  167  167  167  166  166  166  168
  168  169  169  166  163  157  156  153  138                                   
    40.0-180.0 180.0   5.0 450.0                            LAT/LON1/LON2/DLON/H
  141  141  134  137  140  144  150  149  147  139  130  120  107   94   83   76
   72   70   69   68   67   65   64   62   61   58   55   51   48   46   46   47
   49   52   55   58   61   64   70   79   91  106  122  138  153  165  175  183
  187  187  185  181  178  176  176  176  176  176  175  173  172  171  171  173
  175  176  177  175  172  165  163  160  141                                   
    37.5-180.0 180.0   5.0 450.0                            LAT/LON1/LON2/DLON/H
  147  144  135  136  139  141  147  147  146  141  135  127  117  105   94   86
   81   80   78   77   75   74   73   71   69   66   62   57   53   50   50   51
   53   56   59   61   63   66   71   79   92  108  125  141  156  169  180  190
  196  197  196  193  190  190  190  191  191  190  188  186  183  181  180  181
  183  185  186  185  182  175  173  169  147                                   
    35.0-180.0 180.0   5.0 450.0                            LAT/LON1/LON2/DLON/H
  156  150  140  138  139  140  144  143  143  140  136  132  124  114  105   97
   92   89   87   85   83   81   80   78   76   73   68   62   58   55   54   56
   58   60   62   63   63   65   69   78   91  107  124  141  156  170  183  195
  202  206  206  205  205  206  209  212  213  212  209  205  201  196  193  193
  194  196  198  196  194  186  185  180  156                                   
    32.5-180.0 180.0   5.0 450.0                            LAT/LON1/LON2/DLON/H
  169  162  150  146  144  142  143  142  141  138  137  136  131  123  115  107
  102   98   95   92   89   87   85   83   81   77   72   67   63   60   59   60
   62   63   63   62   61   62   66   74   87  104  122  139  154  169  184  197
  207  213  215  217  221  227  233  238  241  240  237  232  226  219  213  210
  209  210  212  210  208  200  199  193  169                                   
    30.0-180.0 180.0   5.0 450.0                            LAT/LON1/LON2/DLON/H
  185  178  166  159  155  149  148  144  141  139  139  139  137  131  124  116
  110  106  102   98   94   91   89   86   84   81   76   72   68   66   65   65
   65   64   63   60   58   58   61   69   83  100  118  136  151  167  183  198
  210  218  224  230  238  250  261  269  273  273  269  263  255  246  237  231
  227  227  228  226  223  216  216  209  185                                   
    27.5-180.0 180.0   5.0 450.0                            LAT/LON1/LON2/DLON/H
  203  198  186  177  171  163  159  152  147  143  143  144  143  138  132  124
  118  113  108  103   99   96   93   90   87   84   81   77   74   72   71   69
   67   64   61   57   54   53   57   65   79   96  115  132  148  164  181  197
  211  222  232  243  257  274  290  302  307  307  302  296  287  276  264  256
  249  247  247  244  241  234  234  227  203                                   
    25.0-180.0 180.0   5.0 450.0                            LAT/LON1/LON2/DLON/H
  224  219  209  199  190  181  175  165  158  152  150  150  149  145  138  131
  124  118  113  108  105  102   99   95   92   88   85   83   81   78   76   73
   69   64   58   53   50   50   54   63   76   93  111  129  145  161  179  196
  212  226  239  255  275  298  318  332  338  337  333  326  318  306  293  282
  272  269  268  263  259  251  252  246  224                                   
    22.5-180.0 180.0   5.0 450.0                            LAT/LON1/LON2/DLON/H
  245  241  233  223  213  202  194  182  172  164  159  157  155  150  144  137
  130  123  118  114  111  109  106  103   98   94   91   89   87   84   80   75
   69   63   56   51   49   50   54   63   76   92  109  126  142  159  177  195
  213  229  246  267  292  318  341  357  363  361  357  351  344  333  320  308
  297  292  290  283  277  269  270  265  245                                   
    20.0-180.0 180.0   5.0 450.0                            LAT/LON1/LON2/DLON/H
  266  263  257  247  235  223  214  201  189  177  169  164  160  155  149  142
  135  128  123  120  119  118  116  112  106  100   96   94   92   88   84   77
   69   62   55   51   50   52   57   65   76   91  108  125  141  157  176  195
  213  232  252  277  305  333  357  373  378  377  374  370  365  357  346  334
  322  315  311  303  295  285  287  283  266                                   
    17.5-180.0 180.0   5.0 450.0                            LAT/LON1/LON2/DLON/H
  287  284  280  269  258  244  234  219  206  191  180  172  165  160  154  147
  140  134  129  127  128  128  127  121  114  107  101   98   95   91   85   78
   70   62   56   53   54   57   62   69   79   92  108  124  140  156  175  194
  214  235  257  284  314  343  367  382  388  388  386  384  382  378  370  360
  347  339  333  323  313  301  303  301  287                                   
    15.0-180.0 180.0   5.0 450.0                            LAT/LON1/LON2/DLON/H
  308  305  301  289  278  264  252  236  221  204  189  178  170  164  159  153
  147  141  137  137  138  139  137  131  122  112  105  100   96   91   85   78
   71   64   59   58   60   64   68   74   82   93  107  123  139  156  174  193
  214  237  262  290  320  349  373  388  395  396  396  397  399  398  393  384
  372  362  353  341  330  317  319  317  308                                   
    12.5-180.0 180.0   5.0 450.0                            LAT/LON1/LON2/DLON/H
  330  327  323  308  297  281  267  251  235  216  198  184  174  169  164  160
  155  150  147  148  149  150  147  138  127  115  106   99   94   90   85   79
   73   67   65   65   68   72   76   79   85   94  107  122  138  155  173  193
  215  239  265  295  325  354  378  395  403  407  408  412  416  418  415  407
  395  383  372  359  347  333  335  334  330                                   
    10.0-180.0 180.0   5.0 450.0                            LAT/LON1/LON2/DLON/H
  352  349  344  326  314  296  280  263  246  225  205  190  179  173  170  167
  163  160  158  159  160  158  153  143  129  116  104   97   91   87   84   80
   76   73   72   73   77   81   83   84   87   94  106  120  136  153  172  192
  215  241  269  299  330  359  384  403  415  421  424  428  433  437  435  428
  415  403  390  376  363  350  351  351  352                                   
     7.5-180.0 180.0   5.0 450.0                            LAT/LON1/LON2/DLON/H
  374  373  365  344  331  311  292  274  256  234  213  196  184  178  175  173
  171  168  167  167  167  163  155  143  128  114  102   93   88   85   83   82
