data/edconvlstm_nd/pred2400.15i
     1.0            IONOSPHERE MAPS     GNSS                IONEX VERSION / TYPE
pyspatialgeodesy        IME             05-JAN-18 20:20     PGM / RUN BY / DATE 
Map Name                                                    COMMENT             
Predicted global ionosphere maps (GIM).                     DESCRIPTION         
  2015     8    28     0     0     0                        EPOCH OF FIRST MAP  
  2015     8    29     0     0     0                        EPOCH OF LAST MAP   
  7200                                                      INTERVAL            
    13                                                      # OF MAPS IN FILE   
  NONE                                                      MAPPING FUNCTION    
10.0                                                        ELEVATION CUTOFF    
One-way carrier phase leveled to code                       OBSERVABLES USED    
  6371.0                                                    BASE RADIUS         
 2                                                          MAP DIMENSION       
   450.0 450.0   0.0                                        HGT1 / HGT2 / DHGT  
    87.5 -87.5  -2.5                                        LAT1 / LAT2 / DLAT  
  -180.0 180.0   5.0                                        LON1 / LON2 / DLON  
    -1                                                      EXPONENT            
                                                            END OF HEADER       
[from data line 4719]
    12                                                      START OF TEC MAP    
  2015     8    28    22     0     0                        EPOCH OF CURRENT MAP
    87.5-180.0 180.0   5.0 450.0                            LAT/LON1/LON2/DLON/H
  109   96   81   86   89   86   86   84   85   88   88   89   90   92   93   93
   94   94   95   95   94   94   93   92   91   89   88   86   85   83   81   79
   78   76   75   73   72   71   70   69   68   67   67   66   66   65   65   65
   65   65   66   66   66   67   67   68   68   69   69   70   70   71   71   71
   72   72   71   71   83   81   99  109  109                                   
    85.0-180.0 180.0   5.0 450.0                            LAT/LON1/LON2/DLON/H
  104   94   96   84   83   88   88   91   93   96   96   99  100  102  103  105
  105  106  106  106  106  105  104  102  101   99   96   94   92   89   87   84
   82   80   78   76   74   73   71   70   69   68   68   67   67   66   66   66
   66   67   67   67   68   68   69   70   70   71   71   72   73   73   74   74
   75   75   73   72   78   79   83   83  104                                   
    82.5-180.0 180.0   5.0 450.0                            LAT/LON1/LON2/DLON/H
   75   73   74   69   71   77   81   82   84   87   90   93   96   99  101  104
  105  107  108  108  108  107  106  104  101   98   95   92   89   85   82   79
   76   74   72   70   68   66   65   64   63   62   61   60   59   59   59   59
   58   58   59   59   59   60   60   61   61   62   62   63   63   64   64   64
   65   64   62   66   72   82   75   77   75                                   
    80.0-180.0 180.0   5.0 450.0                            LAT/LON1/LON2/DLON/H
   56   57   62   58   60   61   69   74   78   83   87   92   96  100  103  106
  108  110  112  112  112  111  109  106  103  100   95   91   87   82   78   75
   72   69   67   65   64   63   61   60   59   58   57   56   55   55   54   54
   54   53   53   54   54   54   54   55   55   56   56   57   58   58   59   59
   59   59   57   59   61   64   61   71   56                                   
    77.5-180.0 180.0   5.0 450.0                            LAT/LON1/LON2/DLON/H
   60   54   58   55   59   63   69   74   79   83   88   93   98  102  106  109
  112  115  117  118  118  118  116  114  110  106  101   96   91   87   83   80
   77   76   75   74   73   73   72   71   70   69   68   66   65   64   63   62
   61   60   59   59   59   58   58   58   58   58   59   59   60   60   61   61
   61   60   60   61   64   63   63   79   60                                   
    75.0-180.0 180.0   5.0 450.0                            LAT/LON1/LON2/DLON/H
   59   55   55   52   58   63   69   74   81   87   92   97  101  105  108  111
  113  115  117  118  119  118  117  115  112  108  103   98   94   90   86   84
   83   82   83   83   84   85   85   84   83   82   80   78   76   74   72   70
   69   68   66   65   64   63   63   62   62   62   62   63   64   65   66   67
   67   68   67   64   64   61   60   65   59                                   
    72.5-180.0 180.0   5.0 450.0                            LAT/LON1/LON2/DLON/H
   64   58   58   61   62   67   75   79   84   90   94   98  102  104  106  107
  108  110  111  112  113  113  113  111  108  104  100   95   91   87   85   84
   84   85   87   90   92   94   94   94   93   91   88   85   82   80   77   75
   73   71   70   68   66   65   63   62   62   62   62   63   64   66   68   69
   69   70   69   65   64   64   64   73   64                                   
    70.0-180.0 180.0   5.0 450.0                            LAT/LON1/LON2/DLON/H
   70   64   63   64   66   71   78   84   92   97  102  105  106  107  106  105
  104  104  104  104  105  105  105  104  101   98   94   90   86   83   82   82
   84   86   90   93   96   98   99   98   96   94   91   87   84   81   79   76
   75   73   71   69   67   65   64   62   61   61   62   64   66   68   71   73
   74   75   76   74   73   72   74   81   70                                   
    67.5-180.0 180.0   5.0 450.0                            LAT/LON1/LON2/DLON/H
   79   73   71   74   76   81   89   96  103  108  112  114  115  113  110  107
  104  102  101  100  100  101  100   99   97   93   89   85   82   80   79   80
   82   85   88   92   95   96   97   96   94   91   87   84   81   78   76   75
   74   72   71   69   67   65   63   62   61   61   63   65   68   71   74   77
   79   80   81   78   77   78   77   84   79                                   
    65.0-180.0 180.0   5.0 450.0                            LAT/LON1/LON2/DLON/H
   83   79   77   80   82   87   95  103  111  117  122  124  123  120  115  110
  105  101   98   97   96   96   95   94   91   88   84   80   77   75   74   75
   76   79   82   85   86   87   87   85   83   80   77   74   72   70   69   68
   68   67   66   65   63   61   59   58   57   58   61   64   67   71   74   78
   80   83   84   84   83   85   86   92   83                                   
    62.5-180.0 180.0   5.0 450.0                            LAT/LON1/LON2/DLON/H
   87   84   82   85   87   93  101  108  117  124  129  132  131  128  123  117
  110  105  101   99   97   96   94   92   89   85   81   77   73   71   70   70
   71   72   74   75   75   74   73   71   69   66   64   62   61   60   59   59
   59   59   59   58   57   55   53   52   53   55   58   62   65   69   73   76
   78   81   83   83   82   85   87   92   87                                   
    60.0-180.0 180.0   5.0 450.0                            LAT/LON1/LON2/DLON/H
   89   87   86   88   90   95  103  110  119  127  133  137  138  135  131  125
  118  113  108  104  101   99   96   92   89   84   80   76   72   70   68   68
   67   67   67   66   65   63   60   58   56   55   54   53   52   51   51   51
   51   51   51   51   50   48   47   47   49   52   56   60   64   68   71   73
   74   77   79   79   81   85   89   95   89                                   
    57.5-180.0 180.0   5.0 450.0                            LAT/LON1/LON2/DLON/H
   90   89   89   92   94   98  104  111  119  126  133  139  141  140  137  132
  127  121  116  112  108  104  100   96   92   87   82   78   75   72   70   69
   68   67   65   62   59   56   53   51   50   49   49   48   48   47   46   45
   45   45   45   45   44   43   43   44   46   50   55   60   64   67   69   69
   70   71   73   74   77   82   88   94   90                                   
    55.0-180.0 180.0   5.0 450.0                            LAT/LON1/LON2/DLON/H
   93   94   95   98   99  103  107  112  118  125  132  138  141  142  141  138
  134  130  125  121  116  112  107  102   97   92   87   83   80   77   76   74
   73   71   69   65   61   57   54   52   51   51   51   51   49   47   45   43
   41   41   40   40   40   40   40   42   45   50   55   61   65   67   68   67
   66   67   69   69   73   80   87   93   93                                   
    52.5-180.0 180.0   5.0 450.0                            LAT/LON1/LON2/DLON/H
   98  100  104  107  108  110  112  115  119  124  130  135  140  142  142  140
  138  135  132  128  123  118  113  108  103   98   93   90   87   85   84   83
   82   80   78   75   71   67   63   61   60   60   60   59   56   52   47   44
   41   40   39   39   39   39   40   42   46   51   58   64   68   69   69   68
   66   66   67   67   72   79   87   94   98                                   
    50.0-180.0 180.0   5.0 450.0                            LAT/LON1/LON2/DLON/H
  106  109  115  118  120  121  121  122  123  126  130  134  138  140  141  141
  140  138  136  133  129  124  120  115  110  106  102   98   96   94   93   93
   93   93   93   91   87   83   80   77   76   75   74   72   67   61   54   48
   44   42   41   41   41   42   43   45   49   55   62   69   73   74   73   71
   69   68   69   70   74   82   90   96  106                                   
    47.5-180.0 180.0   5.0 450.0                            LAT/LON1/LON2/DLON/H
  115  120  127  131  134  134  133  132  131  132  133  136  139  140  140  140
  140  139  137  135  133  129  126  122  119  115  111  108  105  104  103  104
  106  108  109  109  107  104  100   96   94   93   90   86   80   72   63   56
   51   49   47   47   47   47   48   51   55   61   68   75   79   81   80   78
   76   76   76   76   81   87   95  101  115                                   
    45.0-180.0 180.0   5.0 450.0                            LAT/LON1/LON2/DLON/H
  124  130  138  143  146  147  146  143  141  141  141  142  142  142  141  140
  139  139  138  137  136  134  132  130  128  124  121  117  114  113  113  114
  118  122  126  128  127  124  120  116  112  110  106  100   92   83   74   67
   62   59   57   56   56   56   57   59   62   68   75   82   87   89   89   88
   86   86   87   87   90   96  103  108  124                                   
    42.5-180.0 180.0   5.0 450.0                            LAT/LON1/LON2/DLON/H
  132  137  145  151  156  157  156  154  151  151  150  150  148  146  143  141
  140  139  139  139  138  138  138  138  137  134  130  126  123  121  121  123
  128  134  140  144  145  142  138  133  128  124  120  113  105   95   87   80
   75   72   70   68   67   67   67   68   71   76   83   89   94   97   98   98
   98   99  100   99  102  106  112  116  132                                   
    40.0-180.0 180.0   5.0 450.0                            LAT/LON1/LON2/DLON/H
  137  141  148  154  160  162  162  161  160  160  159  158  156  152  148  144
  142  142  141  141  142  143  144  145  145  143  139  134  130  128  128  131
  137  145  152  158  160  158  153  147  142  137  132  126  117  109  101   94
   90   86   83   81   79   78   77   77   79   83   89   96  101  104  106  108
  108  110  112  111  113  116  120  125  137                                   
    37.5-180.0 180.0   5.0 450.0                            LAT/LON1/LON2/DLON/H
  141  143  149  154  161  164  165  166  167  168  168  167  164  159  154  150
  147  146  145  145  145  147  149  151  152  151  147  142  138  136  137  141
  147  156  164  171  173  171  166  160  155  151  146  140  132  123  116  110
  105  100   95   91   89   87   86   85   86   90   95  101  106  109  112  115
  117  120  122  121  123  125  129  133  141                                   
    35.0-180.0 180.0   5.0 450.0                            LAT/LON1/LON2/DLON/H
  144  145  150  154  160  163  166  169  172  175  176  176  172  167  161  156
  153  151  150  149  150  151  154  156  158  157  154  150  147  146  148  153
  160  169  177  184  186  184  179  173  170  167  163  157  148  139  132  125
  118  111  104   98   95   93   92   91   91   94   98  104  109  112  116  120
  123  127  130  129  130  132  137  142  144                                   
    32.5-180.0 180.0   5.0 450.0                            LAT/LON1/LON2/DLON/H
  150  150  154  157  162  166  170  174  179  183  185  185  181  175  169  163
  159  157  155  154  154  155  157  160  162  162  160  158  157  159  162  168
  175  184  192  198  199  197  192  188  186  185  182  176  166  156  146  137
  128  118  108  100   96   94   94   94   94   96  100  105  110  114  118  122
  126  132  135  135  137  139  145  151  150                                   
    30.0-180.0 180.0   5.0 450.0                            LAT/LON1/LON2/DLON/H
  160  161  165  166  171  174  179  184  189  194  196  196  192  185  177  171
  166  162  160  158  158  159  161  164  167  168  168  168  170  174  179  186
  193  201  207  211  211  208  205  203  204  205  203  196  184  171  158  145
  133  119  107   97   93   92   93   94   94   96  100  106  111  115  120  125
  129  136  140  140  143  146  155  162  160                                   
    27.5-180.0 180.0   5.0 450.0                            LAT/LON1/LON2/DLON/H
  176  176  181  182  187  191  195  200  206  211  212  211  206  198  189  180
  173  168  165  163  163  164  167  170  174  176  178  180  185  191  198  205
  211  217  220  221  220  217  215  215  219  222  221  213  198  181  164  148
  132  115  101   91   87   87   89   91   92   94   99  105  111  117  122  128
  134  141  146  147  151  155  167  174  176                                   
    25.0-180.0 180.0   5.0 450.0                            LAT/LON1/LON2/DLON/H
  196  197  203  204  210  214  219  224  229  234  234  232  225  215  203  192
  182  175  171  170  170  172  176  180  185  189  192  196  202  209  216  222
  226  227  227  225  221  218  217  221  227  232  231  222  205  185  164  145
  127  108   93   83   79   80   83   86   88   91   96  104  112  119  127  134
  141  149  155  157  162  167  182  189  196                                   
    22.5-180.0 180.0   5.0 450.0                            LAT/LON1/LON2/DLON/H
  218  219  226  228  236  242  247  253  258  262  262  258  250  238  223  208
  195  186  181  179  181  185  190  196  202  206  211  215  220  226  231  234
  233  229  224  218  212  209  210  215  224  230  230  220  201  180  158  138
  119  100   85   75   72   73   77   80   82   86   93  103  114  124  133  143
  151  161  168  171  177  182  199  205  218                                   
    20.0-180.0 180.0   5.0 450.0                            LAT/LON1/LON2/DLON/H
  240  241  248  251  261  269  276  283  290  294  294  290  281  267  250  231
  214  202  196  195  198  204  211  218  225  230  234  236  239  241  242  238
  231  221  210  201  194  191  193  199  208  215  215  205  188  167  147  128
  110   93   79   69   66   68   71   74   76   81   90  102  116  129  142  154
  165  176  185  188  194  200  217  223  240                                   
    17.5-180.0 180.0   5.0 450.0                            LAT/LON1/LON2/DLON/H
  258  259  265  270  282  292  302  311  320  326  327  324  315  301  282  261
  241  226  218  217  221  229  238  247  254  258  260  259  257  253  247  236
  221  205  189  176  168  166  168  175  184  190  189  181  166  149  133  118
  103   89   76   67   64   65   67   69   71   77   87  101  118  136  152  168
  181  194  204  208  214  220  236  241  258                                   
    15.0-180.0 180.0   5.0 450.0                            LAT/LON1/LON2/DLON/H
  274  274  278  285  298  309  321  333  345  354  358  357  350  338  319  297
  275  258  249  247  251  259  269  279  286  289  287  281  273  262  247  229
  207  185  165  151  143  141  143  149  155  159  158  151  141  130  119  110
  100   88   77   68   64   63   63   64   66   72   84  101  121  142  163  182
  198  213  225  229  234  240  256  260  274                                   
    12.5-180.0 180.0   5.0 450.0                            LAT/LON1/LON2/DLON/H
  288  288  290  295  308  320  334  348  364  376  383  386  383  374  358  338
  316  298  287  283  286  293  302  311  317  317  311  301  286  268  246  221
  195  169  148  133  125  122  124  127  130  132  130  125  119  114  110  106
   99   90   80   71   65   62   61   60   62   69   81   99  122  147  172  194
  213  231  245  250  255  262  277  280  288                                   
    10.0-180.0 180.0   5.0 450.0                            LAT/LON1/LON2/DLON/H
  303  303  304  306  318  328  343  358  377  392  403  410  411  407  396  379
  360  341  328  322  321  326  333  339  343  340  331  316  297  273  247  219
  190  164  142  128  120  117  117  116  116  114  110  107  105  104  105  105
  101   93   83   74   66   62   58   57   59   65   77   96  121  149  177  203
  225  246  262  269  274  282  298  300  303                                   
     7.5-180.0 180.0   5.0 450.0                            LAT/LON1/LON2/DLON/H
  323  325  324  322  331  338  352  367  386  403  417  428  434  435  429  417
  401  384  369  359  354  354  357  361  361  357  345  327  305  280  253  225
