data/edconvlstm_nd/pred0180.15i
     1.0            IONOSPHERE MAPS     GNSS                IONEX VERSION / TYPE
pyspatialgeodesy        IME             05-JAN-18 20:20     PGM / RUN BY / DATE 
Map Name                                                    COMMENT             
Predicted global ionosphere maps (GIM).                     DESCRIPTION         
  2015     1    18     0     0     0                        EPOCH OF FIRST MAP  
  2015     1    19     0     0     0                        EPOCH OF LAST MAP   
  7200                                                      INTERVAL            
    13                                                      # OF MAPS IN FILE   
  NONE                                                      MAPPING FUNCTION    
10.0                                                        ELEVATION CUTOFF    
One-way carrier phase leveled to code                       OBSERVABLES USED    
  6371.0                                                    BASE RADIUS         
 2                                                          MAP DIMENSION       
   450.0 450.0   0.0                                        HGT1 / HGT2 / DHGT  
    87.5 -87.5  -2.5                                        LAT1 / LAT2 / DLAT  
  -180.0 180.0   5.0                                        LON1 / LON2 / DLON  
    -1                                                      EXPONENT            
                                                            END OF HEADER       
[from data line 2574]
     7                                                      START OF TEC MAP    
  2015     1    18    12     0     0                        EPOCH OF CURRENT MAP
    87.5-180.0 180.0   5.0 450.0                            LAT/LON1/LON2/DLON/H
   67   75   76   81   84   84   83   80   81   83   82   83   82   82   81   80
   80   79   78   77   76   75   74   73   73   72   71   70   70   69   68   67
   67   66   65   64   64   63   62   62   61   60   60   59   59   58   58   57
   57   57   56   56   56   56   56   57   57   58   58   59   60   61   62   63
   65   67   66   65   69   72   85   86   67                                   
    85.0-180.0 180.0   5.0 450.0                            LAT/LON1/LON2/DLON/H
   67   80   91   81   83   86   86   87   87   89   88   88   87   87   86   85
   84   84   83   82   82   81   81   80   80   79   79   78   77   77   76   75
   74   73   72   72   71   70   68   67   66   65   65   64   63   62   61   60
   60   59   59   58   58   58   58   59   59   60   61   62   63   64   65   67
   70   71   68   67   70   76   84   84   67                                   
    82.5-180.0 180.0   5.0 450.0                            LAT/LON1/LON2/DLON/H
   59   72   81   75   76   78   80   81   81   82   81   81   80   79   78   76
   75   74   73   73   72   72   71   71   71   71   71   71   70   70   70   70
   69   69   68   67   67   66   64   63   62   60   58   57   55   53   52   50
   49   47   46   46   45   45   45   45   45   46   47   48   50   51   53   55
   58   59   58   58   65   75   75   76   59                                   
    80.0-180.0 180.0   5.0 450.0                            LAT/LON1/LON2/DLON/H
   58   66   74   69   71   71   73   73   75   75   73   73   71   69   68   66
   65   64   63   63   62   62   63   63   63   64   65   65   66   67   68   69
   69   70   70   70   70   69   68   67   65   63   61   59   56   53   51   48
   46   44   42   40   39   38   38   38   38   38   39   41   42   43   45   47
   50   51   52   53   58   68   70   73   58                                   
    77.5-180.0 180.0   5.0 450.0                            LAT/LON1/LON2/DLON/H
   63   67   68   64   65   67   68   69   70   68   66   65   63   61   59   57
   56   55   54   54   54   55   56   57   58   59   60   62   63   65   67   69
   72   74   76   78   79   79   79   78   76   74   71   68   65   61   58   55
   51   48   46   43   41   40   39   38   38   38   39   40   41   42   43   45
   46   47   48   50   53   56   61   64   63                                   
    75.0-180.0 180.0   5.0 450.0                            LAT/LON1/LON2/DLON/H
   52   59   58   57   59   61   61   61   61   60   57   55   53   50   48   46
   45   45   45   46   47   49   51   53   55   57   59   61   64   67   70   74
   78   83   87   90   93   95   95   95   94   92   89   86   83   79   75   71
   67   63   59   55   52   49   47   46   45   44   44   44   44   45   45   46
   46   47   47   46   50   50   52   47   52                                   
    72.5-180.0 180.0   5.0 450.0                            LAT/LON1/LON2/DLON/H
   46   53   53   53   54   58   58   57   57   55   52   50   47   44   42   40
   40   40   40   42   44   47   50   53   56   58   61   64   67   70   75   81
   87   94  100  105  110  113  114  115  114  112  110  107  104  100   96   91
   86   81   76   71   66   61   58   55   53   51   50   49   49   48   48   48
   47   46   47   45   48   47   49   47   46                                   
    70.0-180.0 180.0   5.0 450.0                            LAT/LON1/LON2/DLON/H
   41   47   50   50   52   54   54   54   54   52   50   47   44   41   39   38
   37   38   39   41   44   48   53   58   62   65   68   71   75   79   85   93
  101  109  117  124  130  134  136  137  137  136  134  132  129  126  121  116
  109  102   95   88   81   75   69   64   60   57   54   52   51   50   49   49
   47   46   46   43   46   44   49   46   41                                   
    67.5-180.0 180.0   5.0 450.0                            LAT/LON1/LON2/DLON/H
   35   43   45   48   51   54   55   56   56   54   52   50   47   44   42   41
   40   40   41   44   47   52   58   64   69   72   76   79   83   89   96  104
  114  124  133  142  148  152  155  156  156  156  155  154  152  149  144  137
  130  121  112  102   93   84   76   69   63   58   54   51   50   48   47   47
   46   44   44   41   43   42   44   42   35                                   
    65.0-180.0 180.0   5.0 450.0                            LAT/LON1/LON2/DLON/H
   30   39   41   46   48   53   55   56   57   56   54   53   50   48   46   44
   43   43   44   47   51   57   63   70   76   81   85   90   95  101  110  120
  131  142  153  161  167  171  173  174  175  176  176  176  174  171  165  157
  147  136  124  112  100   89   78   69   61   54   49   46   43   42   41   41
   41   41   42   39   42   42   43   43   30                                   
    62.5-180.0 180.0   5.0 450.0                            LAT/LON1/LON2/DLON/H
   26   34   35   42   45   50   52   55   56   56   56   55   54   52   50   48
   47   46   47   49   53   58   65   72   79   85   92   98  105  113  123  135
  147  159  169  177  183  186  187  188  189  190  191  191  190  186  179  169
  157  143  129  115  101   88   75   64   55   47   40   36   34   33   33   34
   35   35   37   35   38   38   39   41   26                                   
    60.0-180.0 180.0   5.0 450.0                            LAT/LON1/LON2/DLON/H
   24   30   30   37   39   44   47   50   51   53   53   54   54   53   52   51
   49   48   48   49   52   56   63   70   78   87   95  104  114  125  137  150
  162  174  184  191  195  197  197  198  199  200  202  203  201  196  187  175
  161  145  129  114   99   84   71   59   48   39   33   29   27   26   26   28
   29   29   32   32   35   35   36   39   24                                   
    57.5-180.0 180.0   5.0 450.0                            LAT/LON1/LON2/DLON/H
   24   27   27   33   35   39   42   45   47   49   50   52   53   54   53   52
   51   50   48   48   50   54   59   67   77   88   99  112  125  138  152  165
  179  190  199  205  208  208  208  208  209  211  214  215  212  206  195  181
  165  148  132  116  101   86   73   60   49   40   33   29   27   26   27   28
   29   30   33   33   37   36   37   40   24                                   
    55.0-180.0 180.0   5.0 450.0                            LAT/LON1/LON2/DLON/H
   28   30   28   32   33   37   38   40   42   44   46   49   51   52   52   52
   51   50   49   48   48   51   56   64   76   89  104  120  136  152  167  181
  193  204  211  216  218  217  216  216  218  221  224  225  222  215  203  187
  170  153  137  122  108   94   81   69   58   49   42   37   34   33   33   34
   34   35   38   38   43   41   41   44   28                                   
    52.5-180.0 180.0   5.0 450.0                            LAT/LON1/LON2/DLON/H
   36   36   33   35   35   38   38   39   40   41   43   46   48   49   50   51
   51   50   49   49   49   51   56   65   78   94  112  130  149  166  181  195
  207  216  222  226  226  225  224  224  226  230  233  235  232  224  211  195
  179  163  148  134  121  108   96   84   73   65   58   53   50   48   47   46
   45   46   49   49   54   52   51   52   36                                   
    50.0-180.0 180.0   5.0 450.0                            LAT/LON1/LON2/DLON/H
   47   47   42   42   42   43   42   41   40   41   42   44   46   48   49   50
   51   52   52   52   53   55   61   71   85  103  123  144  163  181  195  208
  218  225  230  233  234  233  232  232  234  238  242  243  240  232  220  206
  191  177  163  151  138  126  114  102   93   85   79   74   71   67   64   62
   60   59   62   62   67   66   65   63   47                                   
    47.5-180.0 180.0   5.0 450.0                            LAT/LON1/LON2/DLON/H
   60   61   55   55   53   54   50   47   45   45   45   46   47   48   50   51
   54   56   58   59   61   65   72   83   99  118  139  160  179  195  208  218
  226  232  237  239  240  240  240  240  242  245  249  250  247  240  229  217
  204  192  181  169  156  143  130  119  110  103   98   93   89   85   81   77
   73   71   72   73   78   79   79   75   60                                   
    45.0-180.0 180.0   5.0 450.0                            LAT/LON1/LON2/DLON/H
   71   75   70   70   67   67   61   56   53   52   51   52   52   52   53   56
   59   62   66   69   73   79   87  100  117  137  157  177  194  207  217  225
  231  237  242  245  247  248  248  248  249  252  254  255  253  247  238  229
  218  208  197  184  170  155  141  129  120  113  108  104  100   95   89   84
   79   76   76   77   83   88   89   86   71                                   
    42.5-180.0 180.0   5.0 450.0                            LAT/LON1/LON2/DLON/H
   78   86   83   84   82   81   74   68   64   62   61   61   60   60   61   63
   67   71   76   81   87   95  106  120  137  156  175  193  206  217  224  231
  236  242  248  253  256  257  258  257  258  259  261  261  259  255  248  240
  232  222  210  195  177  159  143  130  121  114  109  104   99   93   87   82
   76   73   72   73   81   88   91   90   78                                   
    40.0-180.0 180.0   5.0 450.0                            LAT/LON1/LON2/DLON/H
   80   90   90   94   93   92   85   79   74   72   71   71   70   70   70   73
   77   81   87   94  102  112  124  139  156  174  191  205  216  224  230  236
  243  251  258  265  269  271  271  270  269  270  271  271  269  266  260  253
  245  234  220  201  180  159  140  126  115  108  102   96   90   84   78   72
   67   63   62   62   71   79   84   85   80                                   
    37.5-180.0 180.0   5.0 450.0                            LAT/LON1/LON2/DLON/H
   77   88   91   97   97   96   91   85   81   80   80   80   80   80   81   84
   87   92   98  105  115  126  140  155  171  188  203  215  224  231  237  245
  255  265  275  283  288  289  289  288  287  287  288  287  286  282  277  270
  260  247  229  208  183  159  138  122  111  102   95   88   81   74   68   63
   58   54   52   51   58   65   71   74   77                                   
    35.0-180.0 180.0   5.0 450.0                            LAT/LON1/LON2/DLON/H
   72   82   85   92   93   93   89   86   84   84   85   87   88   89   91   94
   98  102  108  115  125  137  151  166  181  196  210  221  230  238  246  258
  272  287  300  309  314  315  314  313  312  312  313  313  311  307  300  292
  280  264  244  219  193  167  146  129  117  107   99   90   82   74   69   65
   60   54   50   46   50   52   57   63   72                                   
    32.5-180.0 180.0   5.0 450.0                            LAT/LON1/LON2/DLON/H
   69   75   76   83   84   84   82   81   82   83   86   90   93   95   99  102
  106  110  115  123  133  145  159  172  186  201  214  226  236  246  258  275
  294  314  331  342  347  347  345  344  345  346  347  347  345  339  331  321
  307  289  267  242  216  191  170  153  140  130  121  112  103   95   89   85
   80   73   67   57   56   50   52   56   69                                   
    30.0-180.0 180.0   5.0 450.0                            LAT/LON1/LON2/DLON/H
   73   73   69   76   76   75   74   74   76   79   83   88   93   97  102  107
  112  116  121  129  139  151  163  176  188  202  216  229  241  255  272  295
  321  347  368  381  386  385  382  382  383  386  388  388  385  379  369  357
  342  323  303  280  256  234  214  198  186  176  167  158  149  141  134  130
  123  114  105   88   79   65   61   60   73                                   
    27.5-180.0 180.0   5.0 450.0                            LAT/LON1/LON2/DLON/H
   86   80   70   75   74   72   70   70   71   74   79   84   89   95  102  108
  113  118  124  132  143  155  167  178  190  203  217  232  247  265  288  317
  350  383  408  423  427  425  423  423  425  429  432  432  429  422  412  399
  384  367  350  331  313  295  278  263  250  241  234  228  220  211  204  196
  188  177  163  140  123   99   87   76   86                                   
    25.0-180.0 180.0   5.0 450.0                            LAT/LON1/LON2/DLON/H
  110   98   81   83   81   78   75   73   73   74   76   79   84   90   97  104
  111  117  125  135  146  159  171  182  193  205  220  236  255  277  305  340
  379  417  446  463  468  466  463  463  467  471  475  475  472  465  455  444
  431  418  405  394  382  369  354  340  328  320  316  312  307  298  287  276
  263  250  231  205  181  148  127  107  110                                   
    22.5-180.0 180.0   5.0 450.0                            LAT/LON1/LON2/DLON/H
  143  125  103  100   97   92   88   84   82   80   79   79   81   85   91   99
  106  114  123  135  149  164  177  189  200  212  226  244  265  291  322  361
  404  446  478  497  504  502  500  500  504  509  512  512  510  504  496  487
  478  469  462  456  450  441  428  413  400  394  394  395  393  383  369  353
  335  320  296  271  242  204  175  149  143                                   
    20.0-180.0 180.0   5.0 450.0                            LAT/LON1/LON2/DLON/H
  180  159  132  125  119  112  107  101   96   92   87   84   83   84   88   94
  101  110  121  136  152  170  186  200  211  223  237  255  278  305  338  379
  425  468  503  524  532  533  531  532  534  538  540  540  538  534  530  524
  519  515  511  509  504  495  480  463  449  444  447  454  455  447  430  408
  386  370  345  324  294  258  227  196  180                                   
    17.5-180.0 180.0   5.0 450.0                            LAT/LON1/LON2/DLON/H
  213  194  164  152  143  133  128  120  113  106   99   93   89   88   89   93
   99  109  121  137  157  178  198  214  227  239  253  271  293  320  354  395
  440  484  519  542  553  556  556  556  556  557  558  557  556  555  553  552
  550  548  545  543  536  524  505  483  466  461  468  477  481  473  454  428
  404  388  366  352  327  299  271  238  213                                   
    15.0-180.0 180.0   5.0 450.0                            LAT/LON1/LON2/DLON/H
  235  222  196  179  166  154  147  137  129  121  112  105   98   94   93   96
  101  110  123  141  163  188  212  233  248  261  274  291  311  337  369  408
  451  493  528  552  565  570  572  572  571  570  568  567  566  567  568  569
  568  566  563  557  546  529  504  478  458  452  458  468  472  462  440  411
  385  370  355  348  333  316  297  266  235                                   
    12.5-180.0 180.0   5.0 450.0                            LAT/LON1/LON2/DLON/H
  242  239  221  200  184  169  161  150  141  132  123  115  108  103  101  101
  106  115  128  147  171  200  229  254  273  287  299  313  331  354  384  419
  458  497  529  553  569  578  582  583  581  578  574  572  572  573  575  576
  575  572  566  555  539  515  486  457  435  426  430  437  437  424  399  367
  340  326  316  317  313  309  300  274  242                                   
    10.0-180.0 180.0   5.0 450.0                            LAT/LON1/LON2/DLON/H
  236  241  231  210  194  177  169  157  147  139  130  123  117  111  109  109
  113  122  135  155  181  213  247  276  298  313  324  335  351  372  397  428
  461  495  525  549  567  579  587  590  589  585  581  578  577  577  577  577
  574  568  558  543  522  494  462  431  408  396  395  397  392  376  348  314
  286  272  265  271  276  284  283  262  236                                   
     7.5-180.0 180.0   5.0 450.0                            LAT/LON1/LON2/DLON/H
  219  231  227  206  192  175  167  156  147  140  133  127  122  118  115  116
  120  130  144  164  192  227  265  298  323  338  347  356  369  387  409  435
