data/edconvlstm_nd/pred0860.15i
     1.0            IONOSPHERE MAPS     GNSS                IONEX VERSION / TYPE
pyspatialgeodesy        IME             05-JAN-18 20:20     PGM / RUN BY / DATE 
Map Name                                                    COMMENT             
Predicted global ionosphere maps (GIM).                     DESCRIPTION         
  2015     3    27     0     0     0                        EPOCH OF FIRST MAP  
  2015     3    28     0     0     0                        EPOCH OF LAST MAP   
  7200                                                      INTERVAL            
    13                                                      # OF MAPS IN FILE   
  NONE                                                      MAPPING FUNCTION    
10.0                                                        ELEVATION CUTOFF    
One-way carrier phase leveled to code                       OBSERVABLES USED    
  6371.0                                                    BASE RADIUS         
 2                                                          MAP DIMENSION       
   450.0 450.0   0.0                                        HGT1 / HGT2 / DHGT  
    87.5 -87.5  -2.5                                        LAT1 / LAT2 / DLAT  
  -180.0 180.0   5.0                                        LON1 / LON2 / DLON  
    -1                                                      EXPONENT            
                                                            END OF HEADER       
[from data line 2145]
     6                                                      START OF TEC MAP    
  2015     3    27    10     0     0                        EPOCH OF CURRENT MAP
    87.5-180.0 180.0   5.0 450.0                            LAT/LON1/LON2/DLON/H
  133  131  126  135  139  143  146  149  155  161  165  170  174  178  181  185
  187  190  192  194  196  197  199  200  200  201  201  201  201  201  200  199
  198  197  196  194  191  189  187  184  181  178  174  171  168  164  160  157
  153  149  146  142  138  135  131  128  125  121  119  116  113  111  109  108
  107  108  107  107  111  112  123  132  133                                   
    85.0-180.0 180.0   5.0 450.0                            LAT/LON1/LON2/DLON/H
  110  113  120  124  128  137  143  150  156  163  168  174  178  183  187  191
  194  197  200  202  204  206  208  209  210  211  211  212  212  212  212  212
  211  210  209  207  205  202  199  196  193  189  185  180  176  172  167  162
  157  153  148  143  139  134  130  125  121  117  113  109  106  103  100   98
   98   98   95   95   94   98  103  113  110                                   
    82.5-180.0 180.0   5.0 450.0                            LAT/LON1/LON2/DLON/H
   86   93   97  101  106  117  125  134  143  151  158  166  172  177  183  187
  191  194  197  199  201  203  204  206  207  209  210  212  214  215  217  218
  218  219  218  217  215  212  209  206  201  197  192  186  181  175  169  164
  158  152  146  140  134  128  123  117  111  106  100   95   90   85   81   77
   74   73   68   70   72   76   77   81   86                                   
    80.0-180.0 180.0   5.0 450.0                            LAT/LON1/LON2/DLON/H
   74   77   82   89   96  105  115  127  137  147  155  163  170  176  181  185
  188  191  192  193  194  194  194  195  196  197  200  202  205  208  212  215
  218  220  221  221  220  219  216  213  209  205  201  196  191  187  182  177
  172  167  162  157  151  146  140  134  128  121  114  107  100   93   86   80
   75   70   63   62   60   62   66   69   74                                   
    77.5-180.0 180.0   5.0 450.0                            LAT/LON1/LON2/DLON/H
   74   71   75   82   87   97  107  118  129  138  146  155  161  167  172  175
  177  178  178  177  176  175  174  174  175  176  179  183  189  195  201  207
  213  219  223  225  227  227  226  224  222  219  216  213  210  207  204  201
  198  195  192  188  185  180  176  170  164  158  150  142  133  124  114  105
   95   86   76   72   68   61   62   69   74                                   
    75.0-180.0 180.0   5.0 450.0                            LAT/LON1/LON2/DLON/H
   73   72   70   78   83   93  101  111  121  130  137  145  150  155  159  161
  162  162  161  159  156  153  151  149  149  151  155  160  167  176  185  195
  204  213  220  225  228  230  231  231  230  230  229  229  229  229  229  229
  229  228  227  226  224  222  219  215  210  204  197  189  179  168  157  145
  131  118  105   93   84   73   71   69   73                                   
    72.5-180.0 180.0   5.0 450.0                            LAT/LON1/LON2/DLON/H
   76   73   69   75   78   88   95  103  112  119  126  132  137  141  144  145
  146  145  144  141  137  134  130  128  128  129  133  139  148  159  171  184
  196  207  217  224  229  233  235  237  238  240  242  244  247  249  252  255
  257  259  260  260  260  259  257  254  251  246  239  231  222  210  198  184
  169  153  136  120  105   89   84   81   76                                   
    70.0-180.0 180.0   5.0 450.0                            LAT/LON1/LON2/DLON/H
   81   72   68   72   74   81   87   94  102  108  113  119  122  125  128  129
  130  130  128  126  122  119  115  113  112  113  117  124  134  147  161  175
  190  203  214  222  229  234  238  241  244  248  253  257  262  267  271  275
  278  281  282  283  283  282  280  278  274  270  264  257  247  237  224  210
  194  177  159  140  122  103   97   93   81                                   
    67.5-180.0 180.0   5.0 450.0                            LAT/LON1/LON2/DLON/H
   79   69   65   69   69   76   82   88   95  100  104  109  111  114  116  118
  120  120  120  118  115  112  109  107  106  107  111  118  128  141  156  172
  187  201  213  223  230  236  241  246  252  258  264  271  277  283  288  291
  293  295  294  293  292  289  286  283  279  274  269  262  254  244  232  219
  204  187  169  149  130  110  101   98   79                                   
    65.0-180.0 180.0   5.0 450.0                            LAT/LON1/LON2/DLON/H
   77   66   60   63   62   67   73   79   86   91   95   99  102  104  106  108
  110  111  112  111  110  108  106  104  104  105  109  117  127  141  156  172
  188  202  214  224  232  240  247  254  262  270  279  286  293  298  302  303
  303  301  298  294  289  283  278  273  268  262  257  251  243  234  223  211
  197  182  166  147  130  111  103  101   77                                   
    62.5-180.0 180.0   5.0 450.0                            LAT/LON1/LON2/DLON/H
   74   61   55   56   54   58   64   70   76   82   86   90   93   95   97   99
  102  103  105  105  105  104  103  103  103  105  110  118  128  141  157  173
  188  202  215  225  235  244  253  263  273  284  294  302  308  312  313  312
  308  303  295  287  278  270  262  255  248  243  237  232  225  216  206  195
  183  169  156  139  123  106   99   99   74                                   
    60.0-180.0 180.0   5.0 450.0                            LAT/LON1/LON2/DLON/H
   76   60   52   50   47   49   53   59   65   71   76   80   83   86   88   90
   92   94   95   96   96   97   97   99  101  104  110  118  129  142  157  173
  189  203  215  227  237  248  260  273  286  298  310  318  324  326  324  320
  313  304  294  283  271  260  250  241  234  229  224  218  212  204  194  184
  172  159  147  132  119  103   98   98   76                                   
    57.5-180.0 180.0   5.0 450.0                            LAT/LON1/LON2/DLON/H
   85   67   56   50   45   44   47   51   56   61   66   71   74   77   79   81
   82   83   84   85   86   87   90   93   97  102  109  118  129  143  158  175
  190  205  219  231  243  256  270  285  300  315  327  336  341  341  338  331
  322  312  300  288  275  262  251  242  235  230  226  221  215  206  196  185
  173  160  149  136  125  109  104  102   85                                   
    55.0-180.0 180.0   5.0 450.0                            LAT/LON1/LON2/DLON/H
  104   85   71   60   52   47   46   47   50   54   59   63   67   69   71   72
   73   74   74   74   75   78   81   87   93  100  108  118  130  144  160  178
  194  210  224  238  251  266  282  299  316  332  345  354  358  358  353  346
  338  328  317  304  291  279  268  259  252  248  244  240  234  226  215  203
  189  175  164  150  141  126  119  114  104                                   
    52.5-180.0 180.0   5.0 450.0                            LAT/LON1/LON2/DLON/H
  129  112   96   80   68   59   53   50   51   53   56   59   62   64   66   67
   68   68   68   67   68   71   76   84   92  101  110  121  133  148  165  183
  201  217  233  247  262  278  296  314  333  350  363  372  376  376  371  365
  358  350  341  331  319  307  296  287  281  277  275  271  265  256  244  231
  215  199  186  173  163  149  141  132  129                                   
    50.0-180.0 180.0   5.0 450.0                            LAT/LON1/LON2/DLON/H
  157  142  127  109   94   80   70   63   60   59   60   61   62   63   65   66
   67   67   67   66   67   71   77   86   96  106  116  128  140  155  173  192
  210  228  244  260  276  293  311  330  349  366  380  390  394  394  391  387
  382  377  370  361  351  339  328  319  312  309  306  303  298  289  276  261
  244  227  211  196  186  172  164  154  157                                   
    47.5-180.0 180.0   5.0 450.0                            LAT/LON1/LON2/DLON/H
  180  170  158  139  123  107   94   82   76   72   70   69   69   68   69   70
   71   72   72   72   73   77   84   94  105  117  127  138  151  166  183  203
  222  240  257  274  291  308  327  346  365  382  396  406  411  412  410  408
  406  403  397  389  378  365  352  341  334  329  327  324  318  310  298  283
  265  247  229  212  200  187  179  171  180                                   
    45.0-180.0 180.0   5.0 450.0                            LAT/LON1/LON2/DLON/H
  189  186  179  165  150  135  121  106   97   90   86   83   80   79   78   79
   81   83   83   83   85   89   96  107  119  131  141  151  163  177  195  214
  234  253  270  288  306  324  343  362  380  397  412  422  427  429  429  428
  426  423  417  408  394  378  362  348  338  331  327  323  318  310  300  286
  270  252  232  214  201  188  181  176  189                                   
    42.5-180.0 180.0   5.0 450.0                            LAT/LON1/LON2/DLON/H
  182  185  185  178  168  156  144  130  119  111  105  100   96   93   92   93
   95   97   98   98   99  103  111  121  134  145  155  164  175  189  206  225
  244  263  282  300  319  339  358  377  396  413  428  439  445  447  447  445
  442  438  429  417  400  380  360  342  329  319  313  307  300  293  283  272
  257  239  219  199  185  172  167  165  182                                   
    40.0-180.0 180.0   5.0 450.0                            LAT/LON1/LON2/DLON/H
  160  167  174  174  172  166  159  148  138  130  123  117  112  108  107  108
  110  112  113  113  114  117  123  134  146  157  166  174  185  198  215  233
  252  271  291  311  332  352  373  393  413  432  447  459  465  467  465  462
  457  450  440  424  405  382  360  340  323  310  299  290  280  271  261  251
  236  219  197  176  159  144  141  140  160                                   
    37.5-180.0 180.0   5.0 450.0                            LAT/LON1/LON2/DLON/H
  132  139  149  154  160  161  161  156  150  144  138  132  127  124  122  123
  125  127  127  126  125  126  132  141  152  162  171  180  191  204  221  239
  258  278  298  320  344  367  390  413  434  454  471  483  489  490  488  483
  477  469  458  443  424  402  379  357  338  321  306  292  278  265  253  242
  227  208  184  158  137  117  113  112  132                                   
    35.0-180.0 180.0   5.0 450.0                            LAT/LON1/LON2/DLON/H
  112  113  121  128  139  144  151  153  152  150  147  143  139  137  136  136
  137  138  137  135  132  131  134  142  152  162  172  182  194  208  225  244
  264  284  307  331  358  385  411  437  461  482  500  512  518  519  517  513
  509  503  494  483  467  449  428  407  386  366  347  328  309  291  276  261
  245  224  197  165  138  109  100   95  112                                   
    32.5-180.0 180.0   5.0 450.0                            LAT/LON1/LON2/DLON/H
  111  102  100  106  116  124  135  141  145  147  148  147  146  145  145  146
  146  145  143  139  135  132  133  138  148  158  170  181  195  211  230  250
  271  294  319  347  378  408  438  466  492  515  533  546  553  556  556  556
  555  555  553  548  539  527  511  492  471  449  426  402  378  355  335  317
  298  275  245  207  175  134  117  102  111                                   
    30.0-180.0 180.0   5.0 450.0                            LAT/LON1/LON2/DLON/H
  135  113   99   98  105  110  121  128  135  140  143  146  147  149  150  151
  151  149  146  141  136  131  130  134  143  154  167  181  197  216  237  260
  283  309  338  369  403  437  469  499  527  551  570  584  594  599  604  610
  617  625  632  637  638  635  626  611  591  568  542  514  485  456  430  406
  382  357  326  283  247  197  168  140  135                                   
    27.5-180.0 180.0   5.0 450.0                            LAT/LON1/LON2/DLON/H
  188  152  124  112  111  111  118  124  130  135  139  142  145  149  151  152
  151  149  146  142  136  131  129  132  140  152  167  183  202  224  249  274
  301  330  362  398  434  469  503  534  563  588  608  624  637  648  659  673
  689  707  726  742  755  761  760  750  733  710  683  652  618  582  547  516
  487  459  426  381  345  290  246  210  188                                   
    25.0-180.0 180.0   5.0 450.0                            LAT/LON1/LON2/DLON/H
  266  220  177  152  139  131  131  133  136  138  140  142  144  147  149  150
  149  147  145  142  138  134  132  134  142  154  170  188  211  236  263  293
  323  357  393  431  468  504  537  568  597  622  644  662  679  696  716  738
  764  792  821  847  869  884  889  884  869  847  819  787  750  708  667  627
  594  565  530  487  451  396  339  300  266                                   
    22.5-180.0 180.0   5.0 450.0                            LAT/LON1/LON2/DLON/H
  360  311  255  215  188  171  162  157  154  152  149  147  146  146  147  147
  146  144  143  143  141  139  138  140  147  159  176  196  221  250  281  314
  350  387  427  466  503  537  569  598  627  652  675  696  717  739  766  795
  828  863  897  929  955  973  980  977  963  941  913  880  843  802  759  717
  681  653  622  584  547  498  438  399  360                                   
    20.0-180.0 180.0   5.0 450.0                            LAT/LON1/LON2/DLON/H
  454  409  347  295  252  227  207  195  184  175  166  158  152  148  146  144
  143  142  143  145  146  146  146  148  154  166  183  205  233  266  301  339
  378  419  460  499  534  565  595  624  651  677  701  723  747  773  803  837
  872  907  941  971  995 1011 1017 1012  997  973  943  910  874  836  797  757
  723  701  678  647  615  577  527  489  454                                   
    17.5-180.0 180.0   5.0 450.0                            LAT/LON1/LON2/DLON/H
  523  491  435  380  325  293  265  243  224  207  190  175  163  154  148  143
  141  141  143  146  150  152  153  154  159  171  189  215  247  283  323  364
  406  447  488  525  558  587  615  643  671  698  722  745  769  797  827  859
  891  921  948  971  988  997  998  989  972  947  917  884  849  813  776  738
  707  691  680  659  637  614  584  554  523                                   
    15.0-180.0 180.0   5.0 450.0                            LAT/LON1/LON2/DLON/H
  552  535  495  448  390  357  325  297  270  244  220  198  178  163  153  146
  142  141  143  147  151  154  154  155  160  174  196  226  261  301  343  385
  426  467  507  542  573  601  629  657  686  714  739  762  786  812  839  865
  889  909  925  936  942  942  936  924  907  884  857  827  793  757  719  679
  646  630  627  616  609  604  596  578  552                                   
    12.5-180.0 180.0   5.0 450.0                            LAT/LON1/LON2/DLON/H
  544  539  517  482  432  403  373  343  311  281  251  223  198  178  164  154
  148  145  145  147  150  151  150  151  160  178  204  237  274  315  357  398
  438  478  516  551  581  609  636  666  697  726  752  775  797  818  839  857
  871  879  882  881  875  867  857  844  829  811  789  763  732  695  654  610
  570  548  545  540  549  561  569  565  544                                   
    10.0-180.0 180.0   5.0 450.0                            LAT/LON1/LON2/DLON/H
  517  520  513  485  447  423  397  369  338  307  276  247  220  197  179  167
  159  153  149  147  146  145  144  148  160  182  212  247  286  327  367  406
  444  481  518  551  581  609  638  670  703  734  760  782  801  818  832  842
  845  843  836  826  815  802  791  780  769  756  740  719  690  653  608  558
  511  480  471  467  483  506  524  528  517                                   
     7.5-180.0 180.0   5.0 450.0                            LAT/LON1/LON2/DLON/H
  486  497  497  471  443  424  401  376  347  319  291  264  238  215  197  185
  174  165  157  149  144  140  139  146  162  188  222  259  299  338  374  410
