data/edconvlstm_nd/pred1110.15i
     1.0            IONOSPHERE MAPS     GNSS                IONEX VERSION / TYPE
pyspatialgeodesy        IME             05-JAN-18 20:20     PGM / RUN BY / DATE 
Map Name                                                    COMMENT             
Predicted global ionosphere maps (GIM).                     DESCRIPTION         
  2015     4    21     0     0     0                        EPOCH OF FIRST MAP  
  2015     4    22     0     0     0                        EPOCH OF LAST MAP   
  7200                                                      INTERVAL            
    13                                                      # OF MAPS IN FILE   
  NONE                                                      MAPPING FUNCTION    
10.0                                                        ELEVATION CUTOFF    
One-way carrier phase leveled to code                       OBSERVABLES USED    
  6371.0                                                    BASE RADIUS         
 2                                                          MAP DIMENSION       
   450.0 450.0   0.0                                        HGT1 / HGT2 / DHGT  
    87.5 -87.5  -2.5                                        LAT1 / LAT2 / DLAT  
  -180.0 180.0   5.0                                        LON1 / LON2 / DLON  
    -1                                                      EXPONENT            
                                                            END OF HEADER       
[from data line 429]
     2                                                      START OF TEC MAP    
  2015     4    21     2     0     0                        EPOCH OF CURRENT MAP
    87.5-180.0 180.0   5.0 450.0                            LAT/LON1/LON2/DLON/H
  222  228  227  224  224  221  218  217  218  218  218  219  220  220  221  221
  221  221  221  220  219  218  217  215  213  211  209  207  205  203  202  201
  200  200  199  200  200  201  202  203  204  206  207  208  210  211  212  214
  215  216  217  218  219  220  221  222  222  223  223  224  224  224  224  224
  224  226  226  227  229  226  219  224  222                                   
    85.0-180.0 180.0   5.0 450.0                            LAT/LON1/LON2/DLON/H
  235  234  224  227  231  227  225  224  225  225  225  226  227  228  229  230
  230  230  230  230  228  227  225  222  219  216  212  209  206  203  200  198
  197  196  196  196  197  198  200  202  204  206  208  210  212  214  216  218
  220  221  223  225  226  228  230  231  232  234  235  236  236  237  237  237
  239  240  239  242  235  233  228  229  235                                   
    82.5-180.0 180.0   5.0 450.0                            LAT/LON1/LON2/DLON/H
  238  235  230  230  231  227  224  224  225  226  226  228  230  231  233  235
  236  236  236  235  233  230  227  222  216  211  205  199  193  188  184  180
  178  177  176  177  178  180  183  186  189  192  195  198  201  203  206  209
  211  214  217  219  222  225  228  231  234  236  238  241  242  244  245  246
  247  248  246  247  246  236  233  222  238                                   
    80.0-180.0 180.0   5.0 450.0                            LAT/LON1/LON2/DLON/H
  231  234  224  223  223  220  220  220  222  222  223  226  228  231  234  237
  239  240  240  240  238  234  229  222  215  207  198  190  182  175  169  165
  162  161  161  163  166  169  173  177  181  185  189  192  195  198  201  204
  206  209  212  216  219  223  227  231  234  238  242  245  248  250  252  254
  255  254  250  250  251  241  242  224  231                                   
    77.5-180.0 180.0   5.0 450.0                            LAT/LON1/LON2/DLON/H
  233  230  224  222  219  216  217  217  218  218  220  223  226  229  232  235
  238  240  241  241  239  235  229  222  213  203  192  181  171  163  156  151
  149  148  150  153  157  161  167  172  176  180  184  187  190  192  194  197
  199  202  206  210  214  218  223  228  233  238  243  247  251  255  258  261
  262  262  258  256  258  250  244  231  233                                   
    75.0-180.0 180.0   5.0 450.0                            LAT/LON1/LON2/DLON/H
  240  237  229  227  223  220  219  218  219  219  219  221  223  224  226  228
  231  233  235  236  235  233  228  221  211  200  188  176  165  155  148  143
  141  141  143  148  153  159  164  170  175  178  181  184  185  187  189  191
  193  196  200  204  209  214  219  225  231  237  243  249  254  259  263  267
  268  269  267  261  260  257  253  243  240                                   
    72.5-180.0 180.0   5.0 450.0                            LAT/LON1/LON2/DLON/H
  244  246  239  235  231  227  226  224  224  223  221  221  220  218  217  216
  217  218  221  223  225  225  222  217  209  198  186  173  162  152  144  139
  137  138  141  146  152  158  164  169  173  176  178  179  180  181  183  185
  188  191  196  200  205  211  217  223  230  237  243  250  256  261  265  270
  272  274  273  270  267  262  261  255  244                                   
    70.0-180.0 180.0   5.0 450.0                            LAT/LON1/LON2/DLON/H
  256  255  250  246  241  237  235  233  233  231  228  224  219  213  206  202
  199  199  201  205  209  212  213  210  203  193  182  170  158  148  141  136
  135  135  138  143  148  154  159  164  167  169  169  170  171  172  174  178
  182  187  193  199  205  211  218  224  231  239  246  252  258  263  267  272
  274  276  276  274  274  271  272  268  256                                   
    67.5-180.0 180.0   5.0 450.0                            LAT/LON1/LON2/DLON/H
  264  265  259  255  249  245  243  242  242  240  236  231  222  210  199  189
  182  180  181  186  192  198  201  200  195  187  177  166  155  146  139  135
  133  133  134  137  141  146  150  153  155  156  156  157  158  160  165  170
  177  185  193  201  208  215  222  230  237  245  252  258  264  268  270  273
  274  275  275  274  275  274  276  277  264                                   
    65.0-180.0 180.0   5.0 450.0                            LAT/LON1/LON2/DLON/H
  269  268  263  259  252  247  245  246  248  247  243  237  225  210  194  179
  168  163  164  169  176  183  187  187  184  177  168  158  150  142  137  132
  130  128  128  129  130  133  135  137  138  139  139  140  143  147  154  163
  173  184  195  205  214  222  230  238  246  255  262  269  273  276  276  276
  275  274  273  271  272  273  277  280  269                                   
    62.5-180.0 180.0   5.0 450.0                            LAT/LON1/LON2/DLON/H
  270  268  264  258  251  244  242  243  247  248  247  242  230  214  195  177
  164  156  155  159  165  171  174  174  170  163  156  149  144  139  135  131
  127  124  121  119  118  119  120  121  122  122  123  125  129  136  145  158
  172  186  199  212  222  232  242  251  260  270  278  285  289  290  288  285
  281  276  273  270  269  270  275  279  270                                   
    60.0-180.0 180.0   5.0 450.0                            LAT/LON1/LON2/DLON/H
  271  267  262  253  245  235  232  234  240  243  245  242  233  218  200  182
  168  159  155  156  159  162  162  159  154  148  143  139  137  136  134  131
  126  120  115  111  108  107  107  108  108  109  110  112  118  126  139  154
  171  188  204  219  231  243  254  265  276  287  297  305  309  309  306  301
  293  286  280  274  271  270  273  278  271                                   
    57.5-180.0 180.0   5.0 450.0                            LAT/LON1/LON2/DLON/H
  277  270  264  252  241  228  223  223  228  232  236  237  232  221  206  191
  178  169  164  161  160  158  153  147  140  135  132  132  134  136  137  134
  129  121  114  108  103  101  101  101  101  102  103  105  111  121  135  153
  172  191  209  225  239  253  266  279  293  306  318  327  333  333  330  324
  314  304  296  287  281  277  279  283  277                                   
    55.0-180.0 180.0   5.0 450.0                            LAT/LON1/LON2/DLON/H
  291  283  275  260  247  230  220  216  218  221  225  228  227  222  213  203
  193  185  178  171  164  156  147  138  131  126  126  130  136  141  144  142
  135  127  118  111  106  104  103  102  102  102  102  105  110  121  136  154
  174  195  214  231  247  263  279  295  310  326  340  352  359  361  359  353
  343  333  323  311  302  294  294  297  291                                   
    52.5-180.0 180.0   5.0 450.0                            LAT/LON1/LON2/DLON/H
  317  309  297  280  266  246  231  220  216  215  217  220  222  222  219  215
  209  202  193  183  171  159  146  136  129  127  129  136  145  152  155  153
  146  137  128  121  116  113  112  111  109  108  107  109  114  124  139  158
  178  199  219  238  256  274  293  311  329  347  363  376  385  389  389  385
  378  368  358  344  333  322  320  322  317                                   
    50.0-180.0 180.0   5.0 450.0                            LAT/LON1/LON2/DLON/H
  352  345  332  315  299  277  257  239  227  220  217  218  221  223  225  225
  223  217  207  194  180  165  152  143  137  137  141  150  160  167  169  166
  158  149  141  135  131  128  126  124  121  118  117  117  122  132  146  164
  185  205  226  246  267  288  309  329  349  367  384  398  408  414  417  417
  413  408  399  385  372  360  356  358  352                                   
    47.5-180.0 180.0   5.0 450.0                            LAT/LON1/LON2/DLON/H
  394  388  375  360  343  321  296  271  252  237  228  226  226  229  233  235
  234  228  218  205  190  176  165  158  154  156  161  169  177  182  182  177
  169  160  154  150  148  145  143  139  135  131  128  128  132  142  156  173
  193  214  235  257  280  303  326  347  367  385  401  415  425  433  439  443
  445  444  439  427  415  403  399  400  394                                   
    45.0-180.0 180.0   5.0 450.0                            LAT/LON1/LON2/DLON/H
  437  433  421  409  392  372  344  315  289  267  252  245  242  243  245  246
  244  238  228  215  203  192  184  180  178  180  184  189  194  194  190  182
  174  167  164  163  163  162  158  153  148  143  140  140  144  153  167  184
  204  225  247  271  295  320  344  365  383  399  414  426  437  446  454  462
  470  474  474  466  456  447  442  443  437                                   
    42.5-180.0 180.0   5.0 450.0                            LAT/LON1/LON2/DLON/H
  475  473  463  454  439  420  392  362  332  306  287  275  268  265  263  259
  254  247  237  227  219  212  208  206  205  205  205  205  204  199  192  183
  175  171  171  174  176  175  171  165  159  154  151  151  156  165  179  196
  216  238  261  285  312  338  362  382  398  412  425  437  448  458  468  478
  489  498  501  499  493  487  483  482  475                                   
    40.0-180.0 180.0   5.0 450.0                            LAT/LON1/LON2/DLON/H
  506  507  496  489  475  458  432  403  375  348  328  314  304  295  287  277
  267  257  248  242  238  236  234  232  230  226  221  215  208  200  191  182
  177  176  179  184  187  187  182  175  168  164  162  163  167  176  190  208
  228  250  273  299  327  355  379  398  413  426  438  450  462  473  484  496
  509  519  526  528  524  524  521  516  506                                   
    37.5-180.0 180.0   5.0 450.0                            LAT/LON1/LON2/DLON/H
  534  536  522  512  497  483  458  434  409  387  370  358  346  332  315  298
  281  269  262  259  259  260  259  256  249  241  232  222  213  204  196  189
  186  188  193  198  201  198  192  184  178  174  173  174  178  186  199  216
  237  259  283  310  339  368  394  414  429  441  454  468  482  496  509  522
  535  545  552  556  556  562  560  551  534                                   
    35.0-180.0 180.0   5.0 450.0                            LAT/LON1/LON2/DLON/H
  566  568  547  528  512  496  472  451  433  417  407  399  388  370  346  320
  298  284  278  278  280  282  279  273  264  253  242  232  224  218  213  210
  210  212  216  219  218  213  204  196  190  186  185  185  187  193  204  221
  241  263  288  315  347  378  406  428  445  459  475  492  511  528  544  559
  572  581  589  593  595  607  605  591  566                                   
    32.5-180.0 180.0   5.0 450.0                            LAT/LON1/LON2/DLON/H
  608  611  583  553  531  511  484  464  448  440  436  434  425  404  374  342
  315  299  293  295  298  297  292  284  275  266  258  252  249  247  247  248
  249  251  251  249  243  233  222  211  204  200  197  195  194  196  205  221
  240  262  286  314  347  381  412  438  459  478  499  522  545  568  589  607
  622  631  639  644  649  665  660  642  608                                   
    30.0-180.0 180.0   5.0 450.0                            LAT/LON1/LON2/DLON/H
  663  671  639  598  569  545  511  487  470  463  463  464  455  433  398  361
  330  313  307  307  307  304  298  292  288  286  286  287  290  295  300  303
  305  303  297  288  274  259  244  231  222  216  210  203  198  196  202  215
  233  255  279  308  342  378  413  443  469  494  521  550  581  611  637  660
  680  692  703  710  718  738  730  708  663                                   
    27.5-180.0 180.0   5.0 450.0                            LAT/LON1/LON2/DLON/H
  732  748  720  675  641  613  572  539  514  501  497  495  484  458  420  378
  345  324  316  312  308  303  300  302  309  318  328  338  348  358  367  373
  372  365  350  330  308  287  268  252  240  230  220  209  198  193  195  207
  225  246  271  301  336  374  411  445  476  507  540  576  613  649  682  711
  737  755  772  784  796  820  811  789  732                                   
    25.0-180.0 180.0   5.0 450.0                            LAT/LON1/LON2/DLON/H
  810  835  820  780  746  718  672  629  591  565  549  538  519  487  443  397
  360  336  321  312  303  299  304  318  339  362  383  401  416  430  440  444
  439  423  399  369  339  312  289  271  256  242  227  211  196  187  187  197
  216  239  267  298  334  373  413  450  485  520  558  598  640  680  719  754
  786  811  834  854  868  897  895  877  810                                   
    22.5-180.0 180.0   5.0 450.0                            LAT/LON1/LON2/DLON/H
  891  920  923  897  868  845  800  750  700  659  626  599  568  525  474  424
  381  350  328  311  300  300  315  344  379  415  446  469  485  497  504  502
  490  465  431  392  356  325  301  281  263  246  228  208  190  179  178  189
  209  235  266  300  339  379  420  459  497  535  575  617  661  704  746  786
  823  853  882  909  926  956  966  958  891                                   
    20.0-180.0 180.0   5.0 450.0                            LAT/LON1/LON2/DLON/H
  966  990 1012 1002  985  972  935  884  827  773  724  681  635  582  522  464
  415  375  344  321  308  313  339  380  429  474  509  530  540  544  541  530
  509  476  435  391  352  322  298  279  261  242  222  201  182  170  169  181
  204  235  270  308  349  392  434  474  512  551  591  633  676  719  763  805
  846  879  912  945  962  988 1011 1017  966                                   
    17.5-180.0 180.0   5.0 450.0                            LAT/LON1/LON2/DLON/H
 1018 1036 1075 1078 1077 1078 1053 1006  949  889  831  776  720  658  591  526
  468  418  378  348  336  345  379  429  485  531  560  570  566  554  537  516
  488  450  406  363  328  301  282  265  249  231  211  191  173  162  161  175
  201  236  276  318  362  406  449  490  529  566  605  644  686  728  771  815
  856  890  925  959  977  995 1026 1044 1018                                   
    15.0-180.0 180.0   5.0 450.0                            LAT/LON1/LON2/DLON/H
 1034 1050 1099 1114 1128 1143 1132 1094 1043  985  926  869  810  746  677  608
  543  486  438  403  389  401  438  489  541  576  587  575  548  518  489  461
  429  392  353  317  289  270  257  245  231  215  197  179  163  152  153  168
  196  235  279  326  372  417  460  501  540  578  616  655  695  737  779  821
  860  892  925  956  970  980 1014 1041 1034                                   
    12.5-180.0 180.0   5.0 450.0                            LAT/LON1/LON2/DLON/H
 1022 1036 1089 1112 1136 1161 1160 1132 1090 1040  988  937  885  827  765  699
  635  576  524  487  472  481  512  552  583  592  572  533  486  444  410  381
  352  322  292  268  251  240  232  223  212  198  182  166  152  143  145  160
  189  230  277  325  372  417  461  502  543  584  623  664  705  747  788  828
  865  892  920  944  951  954  985 1017 1022                                   
    10.0-180.0 180.0   5.0 450.0                            LAT/LON1/LON2/DLON/H
  999 1011 1058 1082 1109 1137 1142 1121 1088 1048 1007  968  927  883  833  780
  726  674  627  591  573  575  588  600  595  565  513  453  399  358  328  304
  283  262  245  232  223  218  213  206  196  183  170  156  144  136  137  151
  179  220  267  316  363  408  451  495  539  582  626  670  714  758  800  838
  871  894  916  932  933  930  956  988  999                                   
     7.5-180.0 180.0   5.0 450.0                            LAT/LON1/LON2/DLON/H
  982  990 1025 1042 1063 1087 1091 1074 1048 1017  987  959  931  900  866  830
  793  757  723  694  673  659  643  614  565  498  425  360  314  285  267  253
