data/edconvlstm_nd/pred3480.15i
     1.0            IONOSPHERE MAPS     GNSS                IONEX VERSION / TYPE
pyspatialgeodesy        IME             05-JAN-18 20:20     PGM / RUN BY / DATE 
Map Name                                                    COMMENT             
Predicted global ionosphere maps (GIM).                     DESCRIPTION         
  2015    12    14     0     0     0                        EPOCH OF FIRST MAP  
  2015    12    15     0     0     0                        EPOCH OF LAST MAP   
  7200                                                      INTERVAL            
    13                                                      # OF MAPS IN FILE   
  NONE                                                      MAPPING FUNCTION    
10.0                                                        ELEVATION CUTOFF    
One-way carrier phase leveled to code                       OBSERVABLES USED    
  6371.0                                                    BASE RADIUS         
 2                                                          MAP DIMENSION       
   450.0 450.0   0.0                                        HGT1 / HGT2 / DHGT  
    87.5 -87.5  -2.5                                        LAT1 / LAT2 / DLAT  
  -180.0 180.0   5.0                                        LON1 / LON2 / DLON  
    -1                                                      EXPONENT            
                                                            END OF HEADER       
[from data line 3003]
     8                                                      START OF TEC MAP    
  2015    12    14    14     0     0                        EPOCH OF CURRENT MAP
    87.5-180.0 180.0   5.0 450.0                            LAT/LON1/LON2/DLON/H
   37   45   46   49   52   51   51   47   48   50   50   50   50   50   50   50
   50   50   50   49   49   49   48   48   47   47   47   46   46   46   46   45
   45   45   45   44   44   44   44   43   43   43   43   43   43   43   43   44
   44   44   44   45   45   45   45   46   46   46   46   46   45   45   45   45
   46   45   42   40   44   46   60   64   37                                   
    85.0-180.0 180.0   5.0 450.0                            LAT/LON1/LON2/DLON/H
   36   49   62   47   49   52   51   52   52   54   54   55   55   55   55   55
   55   56   56   56   56   56   56   56   56   56   55   55   55   55   54   54
   54   53   53   53   52   52   52   51   51   51   50   50   50   50   50   50
   50   51   51   51   51   51   52   52   52   52   52   52   51   51   51   51
   51   50   46   43   48   48   58   53   36                                   
    82.5-180.0 180.0   5.0 450.0                            LAT/LON1/LON2/DLON/H
   23   35   46   39   42   43   44   45   45   47   47   48   48   48   48   48
   48   48   48   49   49   49   49   49   50   50   50   50   49   49   49   49
   49   48   48   48   47   47   46   45   45   44   44   43   43   43   43   43
   43   43   43   43   44   44   44   44   45   45   44   44   44   44   43   43
   43   43   39   37   45   50   49   45   23                                   
    80.0-180.0 180.0   5.0 450.0                            LAT/LON1/LON2/DLON/H
   16   25   39   34   38   37   39   39   41   43   43   44   44   44   44   44
   44   43   43   44   44   45   45   46   46   46   47   47   47   47   47   47
   47   47   47   46   46   45   44   43   42   41   40   39   38   38   38   38
   38   39   39   40   41   42   42   42   43   43   42   42   42   41   41   40
   40   40   38   37   39   44   43   45   16                                   
    77.5-180.0 180.0   5.0 450.0                            LAT/LON1/LON2/DLON/H
   28   30   32   27   30   30   33   34   36   37   37   39   39   39   39   38
   38   38   38   39   40   41   42   43   44   45   45   46   46   46   46   46
   46   47   47   46   46   44   43   41   39   36   34   33   32   31   31   31
   32   33   34   36   37   39   40   40   41   41   40   40   39   38   37   36
   35   34   32   32   31   32   36   39   28                                   
    75.0-180.0 180.0   5.0 450.0                            LAT/LON1/LON2/DLON/H
   18   24   25   24   27   28   29   31   33   35   35   37   36   36   36   35
   35   35   36   37   39   41   43   45   47   48   49   49   49   49   49   49
   50   50   51   51   50   49   46   44   40   37   34   32   30   29   29   29
   30   32   34   36   38   39   41   41   42   42   41   41   40   39   38   37
   35   35   34   32   33   31   31   27   18                                   
    72.5-180.0 180.0   5.0 450.0                            LAT/LON1/LON2/DLON/H
   24   27   26   25   26   26   29   29   31   32   32   32   32   31   29   28
   28   28   30   32   35   39   43   46   49   51   52   52   51   51   51   51
   52   53   54   54   54   52   49   46   42   37   33   29   27   26   25   26
   27   29   31   33   35   37   39   39   40   40   39   38   37   36   36   35
   34   33   33   32   33   31   32   32   24                                   
    70.0-180.0 180.0   5.0 450.0                            LAT/LON1/LON2/DLON/H
   25   29   30   28   29   27   28   29   32   33   33   33   32   30   28   26
   26   27   29   33   38   45   51   56   60   62   63   62   61   60   59   59
   59   61   62   63   63   61   58   54   48   43   38   33   30   28   28   28
   29   31   33   35   37   38   39   40   40   40   39   38   38   37   37   37
   37   37   37   36   37   36   40   39   25                                   
    67.5-180.0 180.0   5.0 450.0                            LAT/LON1/LON2/DLON/H
   30   33   32   30   31   30   31   32   34   35   34   34   32   29   26   25
   24   25   29   34   41   50   58   66   71   74   75   73   71   68   67   66
   66   68   69   71   71   69   66   61   55   49   43   38   34   32   31   31
   31   32   34   35   36   37   37   37   37   37   37   36   36   36   36   37
   37   37   38   37   38   37   39   38   30                                   
    65.0-180.0 180.0   5.0 450.0                            LAT/LON1/LON2/DLON/H
   31   35   34   33   32   31   31   32   34   35   35   34   32   29   26   24
   24   25   30   36   46   57   68   77   84   87   87   86   82   79   77   75
   75   76   78   79   79   77   73   68   61   55   49   43   39   37   35   34
   33   33   33   33   33   33   33   33   33   33   33   33   33   33   34   35
   36   37   39   38   40   41   43   41   31                                   
    62.5-180.0 180.0   5.0 450.0                            LAT/LON1/LON2/DLON/H
   32   36   34   34   33   32   31   32   34   35   34   34   31   28   25   24
   24   26   31   39   50   62   75   85   93   97   97   96   93   89   86   85
   84   85   86   86   85   83   79   73   66   59   53   48   44   41   38   36
   33   31   30   28   28   27   27   28   28   28   28   29   29   30   31   32
   33   34   36   36   38   39   41   40   32                                   
    60.0-180.0 180.0   5.0 450.0                            LAT/LON1/LON2/DLON/H
   31   35   34   34   32   30   29   29   30   32   32   31   29   26   24   22
   23   26   31   40   52   65   79   90   97  102  104  103  101   98   96   94
   93   93   93   92   90   87   82   76   69   62   56   51   47   43   40   36
   32   28   25   23   22   21   22   22   22   23   24   24   25   26   27   28
   29   30   31   31   34   35   38   36   31                                   
    57.5-180.0 180.0   5.0 450.0                            LAT/LON1/LON2/DLON/H
   30   35   34   35   33   30   29   29   29   30   30   30   28   26   24   23
   24   28   34   44   56   69   82   92  100  106  109  110  111  110  109  107
  106  105  103  101   98   93   88   82   75   69   63   58   54   49   44   39
   34   29   25   23   21   20   21   21   22   23   24   25   26   26   27   28
   28   28   30   30   33   33   35   35   30                                   
    55.0-180.0 180.0   5.0 450.0                            LAT/LON1/LON2/DLON/H
   32   37   37   38   36   33   31   30   30   30   30   30   29   27   26   26
   28   32   40   50   61   73   84   93  101  107  113  117  120  122  122  121
  119  117  114  110  106  101   95   89   83   77   71   67   62   57   51   45
   39   34   29   26   25   24   24   25   26   27   28   29   30   30   30   30
   30   29   30   30   33   33   35   34   32                                   
    52.5-180.0 180.0   5.0 450.0                            LAT/LON1/LON2/DLON/H
   37   42   43   44   42   39   36   34   33   33   32   32   31   30   29   30
   34   40   49   59   69   79   87   95  102  109  116  124  129  133  135  135
  132  129  124  120  115  109  104   98   93   88   83   78   73   67   60   54
   48   42   38   36   34   34   34   34   35   36   37   38   38   38   38   37
   36   35   35   34   37   37   37   37   37                                   
    50.0-180.0 180.0   5.0 450.0                            LAT/LON1/LON2/DLON/H
   45   50   51   54   51   50   45   42   40   38   37   36   35   34   35   38
   43   51   60   70   79   86   92   97  104  112  121  131  138  144  146  145
  142  138  133  128  123  119  114  110  105  100   96   91   85   79   72   65
   59   55   52   50   49   48   47   47   47   47   48   49   49   49   48   47
   46   44   44   43   44   44   44   44   45                                   
    47.5-180.0 180.0   5.0 450.0                            LAT/LON1/LON2/DLON/H
   55   61   62   65   64   63   58   54   50   47   45   43   42   41   43   48
   55   65   75   85   92   97  100  104  110  118  129  139  147  151  152  151
  147  143  139  135  132  129  125  122  118  114  110  105   99   92   85   78
   73   70   67   66   64   63   61   59   58   58   58   58   59   59   59   58
   57   55   55   53   54   54   54   53   55                                   
    45.0-180.0 180.0   5.0 450.0                            LAT/LON1/LON2/DLON/H
   66   71   72   77   77   77   72   68   63   59   55   53   51   51   54   60
   69   80   91  101  107  109  111  114  119  128  138  147  153  155  153  150
  147  144  141  140  139  138  137  134  131  128  123  118  111  104   96   90
   86   83   81   79   77   74   71   67   65   64   63   64   65   66   66   67
   66   65   65   64   64   64   64   62   66                                   
    42.5-180.0 180.0   5.0 450.0                            LAT/LON1/LON2/DLON/H
   72   77   77   84   86   87   83   80   75   71   67   64   62   63   67   74
   84   96  108  117  122  124  125  127  132  140  148  154  156  154  150  146
  144  143  144  145  147  148  148  146  143  139  134  128  121  113  106  100
   95   93   90   87   83   79   74   69   66   64   63   64   65   67   69   71
   71   71   72   71   71   72   72   69   72                                   
    40.0-180.0 180.0   5.0 450.0                            LAT/LON1/LON2/DLON/H
   73   77   77   85   88   91   88   87   84   81   77   75   74   75   80   88
   99  112  123  132  137  139  140  142  146  153  159  161  158  152  146  142
  142  145  149  154  159  161  161  159  155  150  144  137  129  121  113  107
  102   98   94   89   83   77   71   66   62   60   59   59   61   64   67   70
   72   73   74   73   73   74   73   71   73                                   
    37.5-180.0 180.0   5.0 450.0                            LAT/LON1/LON2/DLON/H
   68   71   70   79   83   87   87   88   87   86   84   83   84   87   93  102
  113  125  137  146  151  154  154  156  161  166  169  167  160  152  145  144
  148  156  164  172  177  179  178  174  168  161  153  145  137  128  120  112
  106  100   94   87   80   72   66   61   58   55   53   53   55   58   62   66
   69   70   72   71   71   71   70   68   68                                   
    35.0-180.0 180.0   5.0 450.0                            LAT/LON1/LON2/DLON/H
   59   61   61   69   72   77   80   83   85   87   87   89   91   96  104  114
  126  138  149  158  164  167  168  170  173  177  178  173  165  157  153  157
  167  180  193  202  206  205  200  193  184  174  165  155  146  137  128  120
  112  104   96   87   78   71   65   61   58   55   53   51   52   54   58   62
   65   66   67   66   66   64   63   62   59                                   
    32.5-180.0 180.0   5.0 450.0                            LAT/LON1/LON2/DLON/H
   48   51   51   57   60   64   68   73   78   82   86   90   95  102  112  124
  136  148  159  168  175  178  180  182  184  186  186  182  176  171  174  185
  202  221  235  243  244  240  230  218  205  192  181  171  161  152  143  134
  124  114  104   94   85   79   75   72   69   65   61   57   55   56   58   62
   63   63   64   63   62   59   56   57   48                                   
    30.0-180.0 180.0   5.0 450.0                            LAT/LON1/LON2/DLON/H
   41   45   43   48   49   51   55   61   68   74   81   87   95  105  118  131
  144  156  167  177  184  188  190  191  192  194  195  194  193  196  208  228
  252  274  289  294  291  281  267  250  233  218  205  194  184  175  166  157
  146  135  123  113  106  101   98   96   93   88   81   73   68   66   66   67
   67   66   66   62   61   57   54   55   41                                   
    27.5-180.0 180.0   5.0 450.0                            LAT/LON1/LON2/DLON/H
   39   43   40   42   42   43   46   50   57   64   72   81   91  104  120  136
  150  163  175  185  193  197  198  198  200  202  206  210  217  230  252  281
  311  335  349  351  342  327  308  287  268  250  236  225  216  208  199  190
  179  168  157  148  142  139  137  135  131  123  112  101   92   86   82   80
   77   75   73   68   67   60   57   57   39                                   
    25.0-180.0 180.0   5.0 450.0                            LAT/LON1/LON2/DLON/H
   45   48   42   42   41   40   41   43   48   55   63   73   85  100  118  137
  154  169  181  192  200  204  205  205  207  211  219  230  247  271  303  339
  373  398  409  406  392  372  350  327  306  288  274  263  255  248  241  232
  222  212  202  195  191  190  188  184  177  165  151  136  123  113  106  100
   94   90   85   79   78   71   66   65   45                                   
    22.5-180.0 180.0   5.0 450.0                            LAT/LON1/LON2/DLON/H
   58   58   49   47   45   42   41   41   44   50   56   65   77   94  115  137
  157  173  187  198  206  211  212  213  215  223  236  255  280  314  354  395
  430  453  460  452  434  411  388  365  345  328  315  305  298  293  288  280
  271  262  254  249  246  244  240  233  221  206  188  171  155  142  132  123
  114  108  102   96   95   87   81   77   58                                   
    20.0-180.0 180.0   5.0 450.0                            LAT/LON1/LON2/DLON/H
   75   72   61   57   53   49   47   45   46   49   54   61   72   89  111  136
  159  177  192  203  212  218  220  223  228  239  257  282  315  355  399  441
  474  492  494  482  462  439  418  398  381  367  356  348  342  338  334  328
  319  310  302  297  293  289  281  268  253  234  216  198  182  168  156  145
  134  127  119  114  113  105   98   92   75                                   
    17.5-180.0 180.0   5.0 450.0                            LAT/LON1/LON2/DLON/H
   92   87   74   70   64   59   56   52   52   54   57   62   72   88  112  138
  163  184  199  211  220  227  231  237  245  260  282  311  348  390  433  471
  498  511  508  494  474  455  437  423  411  401  392  386  382  378  374  367
  357  346  337  329  321  312  299  283  264  245  228  213  199  185  173  161
  150  143  134  130  130  121  114  107   92                                   
    15.0-180.0 180.0   5.0 450.0                            LAT/LON1/LON2/DLON/H
  105   99   86   81   75   68   66   60   59   60   63   68   77   94  118  146
  173  195  211  223  232  240  247  255  268  286  310  341  377  415  452  483
  503  509  503  490  474  460  449  441  434  428  422  417  413  408  402  393
  380  366  352  339  327  312  295  276  257  240  226  215  205  194  183  172
  160  153  144  141  140  132  125  119  105                                   
    12.5-180.0 180.0   5.0 450.0                            LAT/LON1/LON2/DLON/H
  111  105   93   89   83   77   74   68   66   67   70   76   87  105  131  160
  188  211  228  239  249  257  267  280  296  316  341  369  400  430  459  481
  493  495  489  478  468  461  457  454  452  448  444  440  434  428  419  406
  389  370  350  332  314  296  276  256  238  225  216  210  204  196  187  177
  167  160  151  147  145  138  131  124  111                                   
    10.0-180.0 180.0   5.0 450.0                            LAT/LON1/LON2/DLON/H
  110  105   95   93   88   82   80   74   72   73   78   87  100  120  148  179
  208  232  250  262  271  281  293  308  327  349  371  394  416  437  456  469
  476  477  473  468  465  464  465  466  466  464  461  455  448  438  427  410
  389  364  339  316  295  273  252  233  217  208  204  203  201  196  189  181
  171  165  156  150  145  138  132  124  110                                   
     7.5-180.0 180.0   5.0 450.0                            LAT/LON1/LON2/DLON/H
  105  102   94   93   90   85   83   77   75   78   85   96  113  137  167  200
  230  256  274  287  297  308  322  339  360  380  399  414  427  439  449  457
