data/edconvlstm_nd/pred1900.15i
     1.0            IONOSPHERE MAPS     GNSS                IONEX VERSION / TYPE
pyspatialgeodesy        IME             05-JAN-18 20:20     PGM / RUN BY / DATE 
Map Name                                                    COMMENT             
Predicted global ionosphere maps (GIM).                     DESCRIPTION         
  2015     7     9     0     0     0                        EPOCH OF FIRST MAP  
  2015     7    10     0     0     0                        EPOCH OF LAST MAP   
  7200                                                      INTERVAL            
    13                                                      # OF MAPS IN FILE   
  NONE                                                      MAPPING FUNCTION    
10.0                                                        ELEVATION CUTOFF    
One-way carrier phase leveled to code                       OBSERVABLES USED    
  6371.0                                                    BASE RADIUS         
 2                                                          MAP DIMENSION       
   450.0 450.0   0.0                                        HGT1 / HGT2 / DHGT  
    87.5 -87.5  -2.5                                        LAT1 / LAT2 / DLAT  
  -180.0 180.0   5.0                                        LON1 / LON2 / DLON  
    -1                                                      EXPONENT            
                                                            END OF HEADER       
[from data line 3003]
     8                                                      START OF TEC MAP    
  2015     7     9    14     0     0                        EPOCH OF CURRENT MAP
    87.5-180.0 180.0   5.0 450.0                            LAT/LON1/LON2/DLON/H
  173  170  162  167  167  168  167  166  167  168  168  168  169  170  170  171
  172  173  174  175  175  176  177  178  178  179  180  180  180  181  181  181
  181  181  181  181  181  181  181  181  181  180  180  180  180  180  180  180
  180  179  179  179  179  178  178  177  177  177  176  175  175  174  173  173
  171  171  169  168  173  171  175  175  173                                   
    85.0-180.0 180.0   5.0 450.0                            LAT/LON1/LON2/DLON/H
  162  161  168  163  161  165  165  166  167  168  168  169  169  170  171  172
  173  175  176  177  178  179  181  182  183  183  184  185  185  186  186  186
  186  186  185  185  185  184  184  184  183  183  183  183  182  182  182  182
  182  182  182  181  181  181  180  180  180  179  178  178  177  176  176  175
  174  174  170  167  166  160  164  169  162                                   
    82.5-180.0 180.0   5.0 450.0                            LAT/LON1/LON2/DLON/H
  146  154  154  150  148  153  154  154  155  155  155  156  157  158  159  161
  163  165  167  169  171  173  175  177  179  180  182  183  184  184  184  184
  184  184  183  182  181  180  179  179  178  177  177  177  176  176  176  176
  176  176  176  176  176  176  175  175  174  174  173  172  170  169  168  166
  165  163  159  160  156  158  155  146  146                                   
    80.0-180.0 180.0   5.0 450.0                            LAT/LON1/LON2/DLON/H
  144  147  151  149  147  148  149  151  152  153  152  153  154  155  156  158
  160  163  166  169  171  174  177  179  182  184  185  187  188  188  189  188
  188  187  185  184  182  181  179  178  177  177  176  176  176  176  177  177
  177  177  177  177  177  177  177  176  176  175  174  172  171  169  167  165
  163  161  156  157  151  147  147  140  144                                   
    77.5-180.0 180.0   5.0 450.0                            LAT/LON1/LON2/DLON/H
  151  147  152  152  150  153  152  153  153  152  151  151  151  152  153  155
  157  161  164  168  171  175  178  182  185  187  190  192  193  194  195  195
  194  193  191  189  187  184  183  181  180  179  179  178  179  179  179  180
  180  181  181  181  181  181  181  180  180  179  177  176  173  171  168  166
  163  160  155  155  155  146  146  145  151                                   
    75.0-180.0 180.0   5.0 450.0                            LAT/LON1/LON2/DLON/H
  155  155  157  159  158  162  162  161  161  160  157  156  155  155  155  157
  159  163  166  170  175  179  182  186  189  192  195  198  200  201  202  202
  201  200  198  195  192  189  187  185  184  183  183  183  183  184  184  185
  185  186  186  186  186  187  187  187  186  186  184  183  181  178  176  173
  169  166  161  158  157  151  152  144  155                                   
    72.5-180.0 180.0   5.0 450.0                            LAT/LON1/LON2/DLON/H
  158  161  163  168  166  170  171  171  169  167  164  161  159  157  157  158
  160  163  167  171  175  179  183  187  190  193  196  199  202  204  205  206
  206  204  202  199  196  193  190  188  186  185  185  186  186  187  187  187
  187  187  187  187  187  187  188  188  189  189  188  187  186  184  181  178
  174  170  166  162  159  155  156  154  158                                   
    70.0-180.0 180.0   5.0 450.0                            LAT/LON1/LON2/DLON/H
  164  166  168  173  172  177  179  179  178  176  172  168  165  163  161  162
  163  166  169  173  177  180  184  186  189  192  195  198  201  204  206  207
  208  207  204  201  198  194  191  189  187  187  187  187  188  188  188  187
  187  186  185  184  184  185  186  187  188  189  190  191  190  189  188  185
  181  177  173  168  165  161  164  162  164                                   
    67.5-180.0 180.0   5.0 450.0                            LAT/LON1/LON2/DLON/H
  166  169  172  178  179  184  187  188  188  186  182  179  175  172  171  170
  171  173  176  179  182  184  186  188  190  192  195  198  201  205  208  209
  210  210  208  205  201  198  195  192  191  191  192  192  192  192  191  189
  187  185  183  182  182  183  184  186  188  190  193  195  196  197  196  195
  191  187  182  176  170  166  168  166  166                                   
    65.0-180.0 180.0   5.0 450.0                            LAT/LON1/LON2/DLON/H
  165  168  170  176  176  183  186  190  191  191  189  186  183  180  178  177
  178  179  181  183  184  185  186  187  188  190  193  196  199  203  207  209
  211  211  209  206  203  199  196  195  194  194  195  195  195  194  192  189
  185  182  180  178  178  178  180  182  186  189  193  197  200  202  202  202
  199  195  190  184  178  172  174  171  165                                   
    62.5-180.0 180.0   5.0 450.0                            LAT/LON1/LON2/DLON/H
  160  163  163  169  169  175  180  185  188  190  190  189  187  185  184  183
  184  184  185  186  186  185  185  185  186  188  190  194  198  202  205  208
  210  211  210  208  205  201  198  197  196  197  198  198  198  195  192  188
  183  179  177  175  174  175  177  180  184  188  193  197  201  204  206  206
  204  200  195  188  180  173  173  171  160                                   
    60.0-180.0 180.0   5.0 450.0                            LAT/LON1/LON2/DLON/H
  153  154  153  156  155  162  167  173  179  183  185  187  187  186  186  186
  186  186  186  186  184  183  182  182  183  185  188  192  196  200  204  208
  210  211  211  209  207  204  201  200  199  200  201  201  200  196  192  187
  182  178  175  174  174  175  177  179  183  187  192  197  201  205  207  207
  205  201  195  189  180  171  170  167  153                                   
    57.5-180.0 180.0   5.0 450.0                            LAT/LON1/LON2/DLON/H
  145  144  142  143  141  146  151  158  165  172  176  180  182  183  184  185
  186  186  186  184  182  179  178  179  181  185  189  193  198  201  205  209
  212  214  214  214  211  209  206  205  204  205  205  205  202  198  193  188
  183  179  177  177  177  179  180  183  186  189  194  198  201  204  205  205
  202  198  193  186  177  167  165  161  145                                   
    55.0-180.0 180.0   5.0 450.0                            LAT/LON1/LON2/DLON/H
  139  136  133  132  128  132  136  143  151  159  165  170  174  176  179  181
  183  184  183  181  178  176  175  177  181  186  192  197  201  204  208  211
  215  218  220  220  218  216  213  211  211  211  210  209  206  201  196  190
  186  184  183  184  185  187  188  190  192  194  197  200  202  202  202  201
  197  193  187  180  171  161  158  154  139                                   
    52.5-180.0 180.0   5.0 450.0                            LAT/LON1/LON2/DLON/H
  135  131  128  125  119  122  125  131  139  147  154  161  165  169  173  176
  179  181  180  178  175  174  174  177  183  190  197  202  206  209  212  215
  220  224  227  228  228  225  222  220  219  218  217  215  211  206  200  195
  192  191  192  194  196  198  199  199  200  201  202  203  203  201  199  196
  191  186  180  174  165  155  153  148  135                                   
    50.0-180.0 180.0   5.0 450.0                            LAT/LON1/LON2/DLON/H
  134  129  126  123  116  117  120  125  133  141  148  154  159  163  168  172
  177  179  179  178  175  174  176  180  188  196  204  209  212  214  217  221
  227  232  237  240  239  237  234  231  228  227  225  222  218  213  207  203
  201  201  203  206  208  210  210  210  210  209  209  208  205  202  197  192
  186  181  175  169  161  152  149  145  134                                   
    47.5-180.0 180.0   5.0 450.0                            LAT/LON1/LON2/DLON/H
  133  130  128  125  118  118  121  125  133  141  147  153  158  162  166  172
  177  181  182  181  179  178  181  187  195  204  212  217  219  221  224  229
  235  243  249  253  254  251  248  244  240  238  235  232  227  222  217  214
  212  213  216  218  220  221  220  219  219  218  216  214  210  203  197  190
  183  178  172  167  159  151  149  144  133                                   
    45.0-180.0 180.0   5.0 450.0                            LAT/LON1/LON2/DLON/H
  133  132  130  128  123  123  125  130  137  145  152  157  161  165  170  176
  182  187  189  189  187  186  189  196  204  213  221  225  227  229  233  239
  247  256  264  269  271  268  264  259  255  252  249  245  240  235  230  227
  226  226  228  229  229  229  228  227  226  225  224  220  215  207  199  191
  184  178  173  167  160  153  151  146  133                                   
    42.5-180.0 180.0   5.0 450.0                            LAT/LON1/LON2/DLON/H
  132  133  132  130  126  127  130  136  144  153  160  165  169  173  178  185
  192  198  200  200  198  198  200  206  215  223  230  234  236  239  243  251
  261  273  282  289  291  289  284  279  274  269  265  261  256  250  246  242
  240  239  239  238  237  235  234  233  233  232  231  228  222  213  205  196
  188  183  177  172  164  158  155  149  132                                   
    40.0-180.0 180.0   5.0 450.0                            LAT/LON1/LON2/DLON/H
  131  134  133  130  127  128  133  140  150  160  169  175  179  184  190  197
  205  211  214  214  212  211  212  218  226  233  240  243  246  250  257  267
  280  293  304  312  315  313  308  302  296  291  286  281  275  269  264  260
  257  254  251  248  245  242  240  240  240  240  239  236  230  221  212  204
  196  190  184  179  170  164  161  153  131                                   
    37.5-180.0 180.0   5.0 450.0                            LAT/LON1/LON2/DLON/H
  131  135  133  129  126  127  132  140  153  165  175  184  190  196  203  212
  220  227  230  229  226  224  225  229  236  243  249  254  258  264  274  287
  302  317  330  339  343  341  337  330  323  316  310  304  297  291  285  280
  275  271  265  260  255  252  250  250  250  250  249  245  239  231  223  214
  206  201  194  188  178  172  167  158  131                                   
    35.0-180.0 180.0   5.0 450.0                            LAT/LON1/LON2/DLON/H
  136  139  136  129  124  125  130  138  151  166  179  189  198  207  216  226
  235  242  245  243  240  237  237  240  246  253  260  266  272  281  294  309
  327  344  358  368  373  373  368  361  353  345  337  329  322  315  308  303
  297  290  283  276  271  267  265  264  264  263  261  256  250  242  234  227
  218  212  205  199  189  182  176  165  136                                   
    32.5-180.0 180.0   5.0 450.0                            LAT/LON1/LON2/DLON/H
  146  148  144  133  126  124  128  134  148  163  178  191  203  215  227  238
  248  255  257  256  252  248  247  249  255  262  270  278  287  300  315  334
  353  371  387  398  404  404  400  392  383  374  364  356  347  340  334  328
  322  315  307  299  293  289  287  285  283  280  275  268  261  254  247  239
  231  225  216  211  200  194  186  176  146                                   
    30.0-180.0 180.0   5.0 450.0                            LAT/LON1/LON2/DLON/H
  163  162  157  144  134  130  130  134  145  159  174  190  204  219  233  247
  258  265  267  266  261  257  255  257  262  271  280  291  303  319  337  358
  379  398  414  426  432  433  429  421  411  400  390  380  372  365  359  354
  349  342  335  328  322  318  315  312  307  299  290  281  272  264  258  251
  243  236  227  222  211  207  198  188  163                                   
    27.5-180.0 180.0   5.0 450.0                            LAT/LON1/LON2/DLON/H
  183  181  176  162  149  143  139  138  146  157  170  186  203  220  237  251
  263  271  274  273  269  264  262  263  269  278  290  303  319  337  358  380
  401  420  436  447  453  454  450  443  433  421  410  401  393  388  384  380
  377  372  366  360  355  351  347  340  331  318  304  291  280  272  267  261
  253  246  236  231  222  218  211  202  183                                   
    25.0-180.0 180.0   5.0 450.0                            LAT/LON1/LON2/DLON/H
  205  201  198  186  171  162  154  149  151  158  169  183  200  219  237  253
  265  274  278  277  274  270  267  269  275  285  298  314  333  353  375  398
  419  436  450  460  465  466  462  455  446  435  424  416  410  406  405  403
  401  398  394  389  385  380  373  362  348  329  311  294  282  274  270  266
  259  252  242  237  229  228  222  216  205                                   
    22.5-180.0 180.0   5.0 450.0                            LAT/LON1/LON2/DLON/H
  221  219  217  209  194  185  174  165  162  164  170  182  198  216  235  252
  265  274  279  280  278  274  272  273  280  291  306  324  344  366  389  411
  430  446  457  465  468  468  465  459  450  441  432  425  421  420  420  420
  420  418  415  410  403  395  385  370  350  328  307  289  276  270  268  266
  260  254  245  240  233  233  229  225  221                                   
    20.0-180.0 180.0   5.0 450.0                            LAT/LON1/LON2/DLON/H
  229  230  229  226  215  206  195  183  175  173  174  183  197  214  232  249
  263  274  280  282  281  278  276  278  285  297  313  332  354  377  400  420
  437  450  458  463  464  464  461  457  450  442  434  429  428  428  430  432
  432  430  425  418  407  394  378  359  337  314  293  275  264  260  260  260
  257  252  243  238  232  231  230  228  229                                   
    17.5-180.0 180.0   5.0 450.0                            LAT/LON1/LON2/DLON/H
  227  231  231  233  226  220  210  199  188  182  180  185  196  212  229  246
  261  272  280  283  283  281  280  283  290  303  320  341  364  387  408  427
  441  451  456  458  458  457  456  453  448  442  436  433  433  435  438  440
  439  435  427  415  398  378  357  335  313  292  272  258  249  246  249  251
  249  246  238  232  226  225  224  222  227                                   
    15.0-180.0 180.0   5.0 450.0                            LAT/LON1/LON2/DLON/H
  217  223  223  227  225  222  216  207  197  189  185  188  196  210  226  243
  258  271  280  285  286  286  286  289  298  311  330  351  374  396  417  434
  446  453  455  455  454  453  453  452  449  444  440  438  438  441  444  445
  443  436  423  404  380  354  329  306  285  267  252  241  234  233  235  239
  239  237  230  224  217  214  213  209  217                                   
    12.5-180.0 180.0   5.0 450.0                            LAT/LON1/LON2/DLON/H
  203  210  208  212  214  212  210  205  197  191  186  188  195  207  223  239
  255  269  279  286  289  291  293  298  308  323  342  363  386  408  427  442
  452  457  457  456  455  454  455  456  455  451  447  445  445  448  450  449
  444  433  415  391  361  330  302  279  262  248  236  228  222  221  223  226
  227  227  221  214  207  201  198  192  203                                   
    10.0-180.0 180.0   5.0 450.0                            LAT/LON1/LON2/DLON/H
  189  196  191  193  195  194  195  193  189  185  182  184  192  203  219  236
  253  268  279  287  293  297  302  311  322  338  357  378  400  421  439  452
  461  464  465  463  462  462  464  466  465  462  457  453  452  453  453  450
  443  429  407  379  345  311  282  261  246  235  227  220  215  213  213  215
  216  217  211  205  197  188  183  175  189                                   
     7.5-180.0 180.0   5.0 450.0                            LAT/LON1/LON2/DLON/H
  180  183  176  175  175  172  174  174  174  172  172  176  185  197  213  231
  249  266  279  288  297  305  314  325  339  356  375  394  414  433  450  462
