data/edconvlstm_nd/pred0850.15i
     1.0            IONOSPHERE MAPS     GNSS                IONEX VERSION / TYPE
pyspatialgeodesy        IME             05-JAN-18 20:20     PGM / RUN BY / DATE 
Map Name                                                    COMMENT             
Predicted global ionosphere maps (GIM).                     DESCRIPTION         
  2015     3    26     0     0     0                        EPOCH OF FIRST MAP  
  2015     3    27     0     0     0                        EPOCH OF LAST MAP   
  7200                                                      INTERVAL            
    13                                                      # OF MAPS IN FILE   
  NONE                                                      MAPPING FUNCTION    
10.0                                                        ELEVATION CUTOFF    
One-way carrier phase leveled to code                       OBSERVABLES USED    
  6371.0                                                    BASE RADIUS         
 2                                                          MAP DIMENSION       
   450.0 450.0   0.0                                        HGT1 / HGT2 / DHGT  
    87.5 -87.5  -2.5                                        LAT1 / LAT2 / DLAT  
  -180.0 180.0   5.0                                        LON1 / LON2 / DLON  
    -1                                                      EXPONENT            
                                                            END OF HEADER       
[from data line 858]
     3                                                      START OF TEC MAP    
  2015     3    26     4     0     0                        EPOCH OF CURRENT MAP
    87.5-180.0 180.0   5.0 450.0                            LAT/LON1/LON2/DLON/H
  152  155  152  152  150  149  146  145  147  149  151  154  155  157  159  160
  161  162  162  162  161  160  159  158  157  155  154  152  151  149  148  147
  145  144  143  142  142  141  141  141  140  141  141  141  142  142  143  144
  144  145  146  146  147  147  147  147  147  147  147  147  146  145  144  144
  145  146  145  145  147  150  152  150  152                                   
    85.0-180.0 180.0   5.0 450.0                            LAT/LON1/LON2/DLON/H
  153  161  147  150  150  149  149  149  151  153  155  158  161  163  165  166
  167  168  168  167  166  165  163  161  159  157  154  152  150  147  146  144
  142  141  140  140  140  140  140  140  141  142  144  145  147  149  151  153
  154  156  158  159  160  161  162  163  163  163  163  163  162  161  159  159
  159  159  156  158  152  153  151  150  153                                   
    82.5-180.0 180.0   5.0 450.0                            LAT/LON1/LON2/DLON/H
  162  157  151  143  141  140  140  140  144  146  149  153  156  159  162  164
  165  165  165  164  162  160  157  153  150  146  142  139  135  132  130  128
  126  125  124  124  124  125  126  127  129  131  134  137  140  144  147  151
  155  158  161  164  167  170  172  173  175  176  176  176  175  173  171  170
  168  166  162  162  163  154  148  142  162                                   
    80.0-180.0 180.0   5.0 450.0                            LAT/LON1/LON2/DLON/H
  164  156  143  133  132  131  132  134  138  141  145  150  154  158  162  164
  165  166  165  163  160  157  153  148  143  138  133  128  124  121  118  116
  114  114  113  114  114  115  117  119  122  125  129  133  138  143  148  154
  159  165  170  174  178  182  186  188  191  192  193  193  193  191  189  187
  184  179  173  170  173  162  159  146  164                                   
    77.5-180.0 180.0   5.0 450.0                            LAT/LON1/LON2/DLON/H
  169  156  144  135  128  128  129  131  134  138  141  147  152  156  159  161
  162  162  161  159  155  151  146  141  135  130  124  119  115  112  109  108
  107  108  108  109  110  112  114  116  119  122  127  132  137  144  150  157
  164  171  178  184  190  195  200  204  208  210  212  213  214  213  212  210
  207  202  194  191  191  177  168  158  169                                   
    75.0-180.0 180.0   5.0 450.0                            LAT/LON1/LON2/DLON/H
  177  167  152  142  132  130  129  129  132  134  137  142  146  149  150  151
  151  150  149  146  143  139  134  129  123  118  112  108  104  101  100   99
   99  100  102  103  105  107  109  111  114  117  122  127  133  140  148  157
  165  173  181  189  196  202  208  213  217  221  223  226  227  228  228  228
  225  221  215  209  209  197  189  176  177                                   
    72.5-180.0 180.0   5.0 450.0                            LAT/LON1/LON2/DLON/H
  188  182  167  153  142  138  136  134  135  136  137  140  141  141  141  139
  137  135  133  131  129  126  123  118  114  109  104  100   97   95   94   95
   96   97   99  101  103  105  107  109  112  115  120  126  133  140  149  159
  168  177  186  194  202  208  214  219  223  227  230  232  234  236  237  239
  238  236  233  230  228  217  209  197  188                                   
    70.0-180.0 180.0   5.0 450.0                            LAT/LON1/LON2/DLON/H
  205  197  182  166  152  146  141  138  138  138  137  137  135  131  126  122
  117  114  113  112  111  110  109  107  103   99   96   92   90   88   88   89
   90   92   93   95   96   98  100  102  105  109  114  120  128  136  146  156
  167  177  187  195  203  209  215  219  223  227  230  232  234  236  238  241
  242  241  240  241  240  232  228  217  205                                   
    67.5-180.0 180.0   5.0 450.0                            LAT/LON1/LON2/DLON/H
  213  207  192  175  161  153  147  143  142  141  138  136  130  123  114  106
  100   96   95   95   97   98   99   98   95   92   89   86   83   82   81   82
   83   84   84   85   86   87   88   91   94   99  105  112  121  131  141  153
  164  175  186  195  202  208  213  217  221  224  226  228  230  232  234  236
  238  238  239  240  241  236  233  228  213                                   
    65.0-180.0 180.0   5.0 450.0                            LAT/LON1/LON2/DLON/H
  218  214  198  180  166  157  150  146  145  143  141  137  129  118  106   96
   88   84   84   85   88   91   93   93   91   88   84   81   79   78   77   77
   76   76   76   75   75   76   77   80   84   90   98  107  117  128  140  153
  165  177  187  196  204  209  214  218  221  224  226  229  230  231  231  232
  233  233  234  235  236  234  233  231  218                                   
    62.5-180.0 180.0   5.0 450.0                            LAT/LON1/LON2/DLON/H
  219  216  201  182  168  157  150  146  145  143  141  137  128  117  104   93
   85   81   80   83   86   89   91   91   88   85   81   78   76   74   73   72
   71   70   68   66   65   65   67   70   76   83   93  104  116  128  141  155
  168  180  190  200  207  213  217  221  225  229  232  234  235  235  234  233
  231  228  228  228  229  228  228  227  219                                   
    60.0-180.0 180.0   5.0 450.0                            LAT/LON1/LON2/DLON/H
  219  215  201  180  166  154  145  141  140  138  136  133  126  116  105   95
   88   84   83   85   88   90   91   89   86   82   78   75   74   73   72   70
   68   65   63   60   58   58   60   64   70   79   90  103  116  130  144  157
  171  183  195  204  212  218  224  229  234  239  243  247  248  248  245  242
  236  230  226  224  224  222  222  221  219                                   
    57.5-180.0 180.0   5.0 450.0                            LAT/LON1/LON2/DLON/H
  224  217  204  182  167  153  142  136  133  130  127  125  120  114  107  100
   95   92   92   92   93   93   92   89   84   80   77   75   74   74   73   72
   69   66   63   60   58   57   59   63   70   80   92  105  120  134  148  162
  176  189  201  212  221  228  234  241  248  254  261  266  269  269  266  261
  253  243  236  230  228  224  223  220  224                                   
    55.0-180.0 180.0   5.0 450.0                            LAT/LON1/LON2/DLON/H
  236  227  214  190  175  159  145  135  128  121  117  115  112  109  107  105
  103  101  100   99   98   96   93   89   85   81   79   78   79   80   80   78
   75   72   68   66   64   64   65   68   74   84   96  110  125  140  154  169
  183  198  211  222  232  241  249  257  266  274  282  289  294  295  293  288
  278  266  257  248  244  236  232  228  236                                   
    52.5-180.0 180.0   5.0 450.0                            LAT/LON1/LON2/DLON/H
  256  246  232  209  194  175  158  142  129  117  109  105  103  103  105  107
  108  108  106  104  102   98   95   92   89   87   86   87   89   90   90   89
   86   82   80   78   77   76   76   78   83   92  104  117  132  147  162  177
  193  209  224  237  248  258  268  277  287  296  306  314  319  322  321  317
  308  296  285  274  268  256  250  243  256                                   
    50.0-180.0 180.0   5.0 450.0                            LAT/LON1/LON2/DLON/H
  280  271  256  235  221  201  181  160  140  121  107   99   96   97  101  105
  109  109  108  106  103  101   99   98   98   98   99  101  103  104  104  101
   98   95   94   93   93   92   92   92   95  102  113  127  142  157  173  189
  207  224  241  256  269  280  290  300  309  319  328  336  342  345  346  344
  338  328  317  304  296  282  274  267  280                                   
    47.5-180.0 180.0   5.0 450.0                            LAT/LON1/LON2/DLON/H
  303  295  280  264  250  231  210  185  159  134  114  101   94   94   97  102
  106  107  106  104  104  104  106  109  112  114  117  118  119  118  116  113
  109  107  106  107  108  108  107  106  107  113  124  138  153  170  187  205
  224  244  262  278  292  304  314  323  331  339  346  352  357  360  362  362
  359  353  345  333  323  307  299  293  303                                   
    45.0-180.0 180.0   5.0 450.0                            LAT/LON1/LON2/DLON/H
  321  314  301  289  275  258  237  211  182  153  128  110   99   96   97  100
  102  102  102  103  106  111  117  123  128  132  134  133  131  128  123  119
  116  114  115  117  120  121  119  117  118  124  135  150  168  185  204  224
  244  265  285  302  316  328  338  345  351  355  359  362  365  366  368  370
  370  368  363  354  344  328  320  315  321                                   
    42.5-180.0 180.0   5.0 450.0                            LAT/LON1/LON2/DLON/H
  331  324  313  303  290  274  255  230  203  173  146  125  111  103  101  100
  100  100  102  106  112  121  130  138  144  147  146  143  137  132  126  122
  119  118  120  124  127  129  128  126  127  134  147  164  184  203  223  244
  266  287  307  324  339  350  359  364  367  368  369  369  368  368  368  370
  372  373  372  366  356  342  335  329  331                                   
    40.0-180.0 180.0   5.0 450.0                            LAT/LON1/LON2/DLON/H
  335  324  313  301  289  275  258  238  215  188  163  142  126  116  110  106
  103  103  107  114  124  135  145  153  156  156  153  146  139  133  128  125
  123  123  124  128  131  133  132  132  135  144  159  179  200  221  242  263
  285  306  326  343  358  370  378  382  384  383  381  378  375  372  370  370
  371  373  374  371  363  350  344  335  335                                   
    37.5-180.0 180.0   5.0 450.0                            LAT/LON1/LON2/DLON/H
  337  319  305  287  275  260  246  231  214  194  174  157  142  131  122  116
  112  113  119  129  142  153  160  164  163  160  154  147  140  136  134  134
  133  132  132  133  135  136  136  136  141  153  172  194  216  237  258  279
  300  321  341  359  374  388  398  403  405  404  401  398  394  389  384  381
  380  380  380  378  372  362  355  341  337                                   
    35.0-180.0 180.0   5.0 450.0                            LAT/LON1/LON2/DLON/H
  346  320  300  272  258  240  224  213  202  190  177  166  154  144  135  129
  126  129  137  150  162  170  172  170  166  160  154  149  145  145  148  151
  151  149  145  142  140  140  140  141  148  162  183  206  230  251  270  290
  311  331  351  370  389  406  420  429  434  435  434  432  429  424  418  413
  408  405  402  399  395  389  381  361  346                                   
    32.5-180.0 180.0   5.0 450.0                            LAT/LON1/LON2/DLON/H
  376  344  315  275  253  226  205  193  185  179  173  167  161  153  147  142
  142  147  158  171  181  184  180  172  165  161  158  157  159  164  171  177
  178  173  165  156  151  147  146  147  155  170  192  216  238  258  277  296
  316  336  357  379  402  424  444  459  468  473  477  479  480  478  474  469
  462  456  451  445  442  441  428  404  376                                   
    30.0-180.0 180.0   5.0 450.0                            LAT/LON1/LON2/DLON/H
  439  403  363  311  276  238  205  186  175  169  167  165  162  158  154  153
  155  163  175  187  193  190  181  172  167  167  171  177  185  195  206  214
  215  207  192  177  166  159  154  154  160  175  196  220  241  260  278  297
  316  337  359  383  410  439  465  486  502  513  523  532  540  546  547  546
  541  535  528  519  517  519  498  471  439                                   
    27.5-180.0 180.0   5.0 450.0                            LAT/LON1/LON2/DLON/H
  536  500  447  387  338  288  239  206  185  174  169  167  164  161  159  159
  164  173  184  193  195  189  179  173  175  184  197  211  224  239  252  261
  260  246  225  203  185  173  164  160  163  175  195  217  238  257  275  294
  314  336  359  386  418  452  485  513  535  553  569  586  602  616  626  633
  636  634  630  619  618  622  588  559  536                                   
    25.0-180.0 180.0   5.0 450.0                            LAT/LON1/LON2/DLON/H
  655  625  564  500  437  377  311  262  226  204  191  182  174  168  164  165
  169  176  184  189  188  183  179  182  195  215  239  259  278  294  307  312
  305  285  257  228  204  186  172  163  162  170  187  209  230  250  269  290
  313  336  362  392  428  468  507  541  569  592  615  637  660  681  701  717
  731  738  740  733  734  738  695  664  655                                   
    22.5-180.0 180.0   5.0 450.0                            LAT/LON1/LON2/DLON/H
  773  754  698  637  565  497  417  351  299  263  237  217  200  186  178  174
  175  177  180  181  180  181  187  203  230  263  296  322  340  353  360  358
  343  315  280  246  217  193  175  161  155  160  175  197  220  243  266  290
  316  343  371  404  443  488  532  570  602  629  654  681  708  736  763  787
  810  826  838  839  842  849  807  777  773                                   
    20.0-180.0 180.0   5.0 450.0                            LAT/LON1/LON2/DLON/H
  865  858  819  771  698  628  540  462  396  347  308  276  247  222  204  193
  187  182  179  177  179  188  208  240  282  326  363  387  398  401  397  385
  361  326  287  249  218  192  171  153  144  147  161  184  211  238  266  295
  325  356  388  424  465  511  558  599  632  660  686  713  742  773  805  836
  865  888  907  916  920  927  903  879  865                                   
    17.5-180.0 180.0   5.0 450.0                            LAT/LON1/LON2/DLON/H
  915  919  904  873  806  744  658  576  503  444  396  354  314  278  249  228
  213  200  191  188  194  214  248  294  347  394  427  440  437  424  406  383
  351  313  273  237  207  183  161  143  132  134  149  174  205  237  270  304
  339  375  410  448  490  537  584  626  659  686  710  734  760  792  826  860
  894  919  941  954  956  960  959  947  915                                   
    15.0-180.0 180.0   5.0 450.0                            LAT/LON1/LON2/DLON/H
  921  936  942  929  876  825  750  672  600  540  490  444  397  352  313  282
  258  238  224  220  232  261  307  363  416  455  472  466  444  414  383  352
  317  280  244  214  191  170  150  132  122  124  141  169  203  239  276  314
  353  393  432  471  514  559  606  647  680  706  726  746  769  797  830  865
  899  923  944  956  953  948  964  964  921                                   
    12.5-180.0 180.0   5.0 450.0                            LAT/LON1/LON2/DLON/H
  894  919  937  937  901  866  805  737  672  618  573  531  485  436  391  354
  323  299  282  279  296  332  383  436  476  495  488  461  421  379  340  306
  272  240  212  191  175  159  142  126  116  119  137  167  203  242  281  321
  363  406  447  488  529  573  618  658  691  715  735  752  773  798  829  862
  892  911  928  932  921  907  929  935  894                                   
    10.0-180.0 180.0   5.0 450.0                            LAT/LON1/LON2/DLON/H
  851  878  899  906  889  869  823  767  712  667  632  600  561  517  473  435
  404  380  364  363  382  418  462  498  514  506  476  432  382  335  295  262
  232  208  188  175  165  153  138  124  116  119  137  167  204  243  281  321
  364  408  452  493  534  577  620  661  694  718  737  755  776  802  831  860
  886  899  907  901  882  857  875  882  851                                   
     7.5-180.0 180.0   5.0 450.0                            LAT/LON1/LON2/DLON/H
  810  830  846  855  853  847  814  767  721  685  661  640  613  579  543  512
  488  470  459  460  475  500  523  532  520  489  443  392  342  298  261  231
