data/edconvlstm_nd/pred2270.15i
     1.0            IONOSPHERE MAPS     GNSS                IONEX VERSION / TYPE
pyspatialgeodesy        IME             05-JAN-18 20:20     PGM / RUN BY / DATE 
Map Name                                                    COMMENT             
Predicted global ionosphere maps (GIM).                     DESCRIPTION         
  2015     8    15     0     0     0                        EPOCH OF FIRST MAP  
  2015     8    16     0     0     0                        EPOCH OF LAST MAP   
  7200                                                      INTERVAL            
    13                                                      # OF MAPS IN FILE   
  NONE                                                      MAPPING FUNCTION    
10.0                                                        ELEVATION CUTOFF    
One-way carrier phase leveled to code                       OBSERVABLES USED    
  6371.0                                                    BASE RADIUS         
 2                                                          MAP DIMENSION       
   450.0 450.0   0.0                                        HGT1 / HGT2 / DHGT  
    87.5 -87.5  -2.5                                        LAT1 / LAT2 / DLAT  
  -180.0 180.0   5.0                                        LON1 / LON2 / DLON  
    -1                                                      EXPONENT            
                                                            END OF HEADER       
[from data line 429]
     2                                                      START OF TEC MAP    
  2015     8    15     2     0     0                        EPOCH OF CURRENT MAP
    87.5-180.0 180.0   5.0 450.0                            LAT/LON1/LON2/DLON/H
  110  113  115  118  117  115  112  111  112  112  112  113  113  113  113  113
  112  112  111  110  109  109  107  106  105  104  103  102  101   99   98   98
   97   96   95   95   94   94   94   94   93   93   94   94   94   94   95   95
   95   96   96   96   97   97   97   97   98   98   98   98   98   99   99  100
  102  103  102  101  104  109  111  104  110                                   
    85.0-180.0 180.0   5.0 450.0                            LAT/LON1/LON2/DLON/H
  113  123  111  120  123  122  120  120  121  122  122  122  122  122  122  121
  120  119  118  117  115  114  112  110  108  107  105  103  102  100   99   98
   97   96   95   95   95   94   94   95   95   95   95   96   96   96   97   97
   98   98   99   99  100  100  101  101  101  102  102  103  103  103  103  105
  107  108  107  109  109  110  113  105  113                                   
    82.5-180.0 180.0   5.0 450.0                            LAT/LON1/LON2/DLON/H
  117  117  128  127  127  128  128  128  131  131  131  132  132  131  130  129
  128  126  124  122  120  118  115  112  110  107  104  102  100   98   96   95
   94   93   92   92   92   92   93   93   94   94   95   95   96   97   97   98
   99  100  100  101  102  103  103  104  104  105  105  106  107  107  108  109
  110  111  109  109  116  106  107  106  117                                   
    80.0-180.0 180.0   5.0 450.0                            LAT/LON1/LON2/DLON/H
  126  124  122  124  126  127  130  132  134  135  134  135  134  133  132  131
  129  126  124  121  118  115  111  108  104  101   97   94   91   89   87   86
   85   84   84   85   85   86   86   87   88   89   89   90   91   92   93   94
   95   96   97   98   99  100  100  101  101  102  103  103  104  104  105  106
  107  107  106  106  119  114  116  112  126                                   
    77.5-180.0 180.0   5.0 450.0                            LAT/LON1/LON2/DLON/H
  131  128  124  130  127  130  135  138  140  140  139  139  138  136  134  132
  130  127  124  121  117  114  110  106  101   97   93   90   87   84   82   81
   81   81   81   82   83   84   85   86   87   88   89   90   91   92   94   95
   97   98  100  101  102  103  104  105  105  106  106  107  107  107  108  109
  109  110  107  110  118  114  115  116  131                                   
    75.0-180.0 180.0   5.0 450.0                            LAT/LON1/LON2/DLON/H
  128  126  123  131  126  130  133  136  138  137  136  135  133  130  127  125
  122  119  116  113  110  106  103   98   94   89   85   81   78   76   74   74
   74   75   76   77   78   79   80   81   82   82   83   84   85   87   89   91
   92   94   96   97   99  100  101  101  102  103  103  104  104  104  104  105
  105  106  105  101  109  111  112  115  128                                   
    72.5-180.0 180.0   5.0 450.0                            LAT/LON1/LON2/DLON/H
  122  125  125  130  128  131  134  137  139  137  135  133  130  126  122  119
  116  113  111  109  106  103  100   96   91   87   82   78   75   73   72   72
   72   74   75   77   78   79   79   80   80   80   81   82   84   86   89   91
   94   96   98  100  101  102  103  104  104  105  106  106  106  106  107  108
  108  108  109  107  110  110  110  115  122                                   
    70.0-180.0 180.0   5.0 450.0                            LAT/LON1/LON2/DLON/H
  124  125  126  131  128  130  133  135  137  135  131  129  124  119  115  111
  108  105  104  102  101   99   96   92   87   82   77   73   70   68   67   68
   69   71   72   74   75   75   75   75   75   75   76   77   80   83   86   90
   93   95   98   99  101  102  103  104  105  106  107  108  108  108  109  110
  110  110  111  110  113  112  113  116  124                                   
    67.5-180.0 180.0   5.0 450.0                            LAT/LON1/LON2/DLON/H
  123  124  124  128  124  125  127  129  130  128  124  121  116  110  105  101
   97   95   95   94   94   92   90   86   81   76   71   67   64   62   62   62
   63   64   65   66   67   66   66   65   64   65   66   68   71   75   80   84
   88   91   93   94   96   97   98   99  101  102  104  105  105  106  106  108
  108  108  109  109  113  112  113  116  123                                   
    65.0-180.0 180.0   5.0 450.0                            LAT/LON1/LON2/DLON/H
  123  123  122  125  121  120  122  123  125  123  119  116  111  105   99   94
   91   89   89   89   89   88   86   82   77   72   67   63   60   59   59   59
   59   60   60   60   60   59   58   57   56   56   58   61   66   71   76   81
   85   87   89   90   91   92   94   96   98  101  103  105  106  106  107  108
  108  108  110  110  115  114  115  118  123                                   
    62.5-180.0 180.0   5.0 450.0                            LAT/LON1/LON2/DLON/H
  125  124  122  125  120  117  118  119  120  118  115  112  108  102   96   92
   88   87   86   87   87   86   84   79   74   69   65   61   59   58   58   58
   57   57   56   55   54   53   52   51   51   51   54   58   63   69   74   79
   83   86   87   87   88   90   92   95   98  101  104  107  108  109  110  111
  111  111  113  113  118  118  119  122  125                                   
    60.0-180.0 180.0   5.0 450.0                            LAT/LON1/LON2/DLON/H
  129  127  124  126  120  116  115  115  116  114  111  110  106  101   96   91
   88   86   85   86   86   84   81   76   71   66   62   60   59   58   58   57
   56   54   53   51   50   48   48   47   47   49   52   56   62   68   74   79
   82   84   85   85   86   88   90   94   99  103  107  110  112  113  113  115
  115  115  116  116  121  121  122  126  129                                   
    57.5-180.0 180.0   5.0 450.0                            LAT/LON1/LON2/DLON/H
  135  132  130  131  124  118  116  115  114  112  109  108  105  101   97   93
   90   88   87   86   85   83   78   73   68   63   61   60   60   60   60   58
   56   53   51   49   48   47   47   47   48   50   53   58   64   70   76   80
   83   84   84   85   86   88   92   97  102  107  112  115  117  118  119  121
  121  121  122  121  126  126  128  133  135                                   
    55.0-180.0 180.0   5.0 450.0                            LAT/LON1/LON2/DLON/H
  143  139  138  139  132  126  122  119  116  112  109  107  105  102   99   95
   92   90   89   88   86   82   77   71   66   62   60   61   62   63   62   61
   58   55   52   50   50   49   50   51   52   54   58   62   68   74   79   82
   84   85   85   86   88   92   96  102  108  113  118  121  124  125  127  128
  128  129  130  129  133  133  135  140  143                                   
    52.5-180.0 180.0   5.0 450.0                            LAT/LON1/LON2/DLON/H
  152  149  149  151  144  138  134  128  123  116  111  109  106  104  101   99
   96   94   93   91   88   84   78   72   66   63   62   63   65   66   66   64
   61   58   55   54   54   55   56   57   58   61   64   68   72   77   82   85
   86   87   88   90   93   98  103  109  115  120  124  127  130  132  134  137
  138  138  140  138  141  141  143  148  152                                   
    50.0-180.0 180.0   5.0 450.0                            LAT/LON1/LON2/DLON/H
  161  161  161  165  159  154  149  142  134  124  117  112  109  107  105  103
  101   99   98   96   93   88   82   76   70   67   66   68   70   71   71   69
   66   63   62   61   62   63   64   65   66   68   70   73   77   81   85   88
   90   92   94   96  101  106  112  117  122  126  130  133  135  138  141  145
  147  149  151  149  151  150  152  157  161                                   
    47.5-180.0 180.0   5.0 450.0                            LAT/LON1/LON2/DLON/H
  170  172  174  179  175  171  167  158  148  136  126  119  114  111  109  108
  106  105  104  102   99   95   89   83   78   74   74   74   76   77   76   74
   72   70   70   70   71   73   73   74   74   75   77   79   81   84   88   91
   94   98  101  105  110  116  122  126  130  132  134  136  139  143  147  153
  156  160  162  161  162  160  162  166  170                                   
    45.0-180.0 180.0   5.0 450.0                            LAT/LON1/LON2/DLON/H
  178  182  184  191  188  185  183  174  163  150  138  129  123  118  116  114
  113  112  111  109  106  102   97   92   88   84   83   83   83   83   82   80
   79   79   79   80   81   82   82   82   81   82   82   83   85   87   91   95
  100  105  110  115  121  126  131  135  136  137  138  139  142  146  152  159
  164  169  172  172  173  170  171  174  178                                   
    42.5-180.0 180.0   5.0 450.0                            LAT/LON1/LON2/DLON/H
  185  190  191  199  197  195  194  187  177  164  151  141  133  128  125  123
  121  120  118  116  113  110  106  102   99   96   94   92   91   90   88   87
   87   87   88   89   90   89   88   87   87   87   87   87   88   91   95  101
  107  113  119  125  131  136  139  141  142  141  141  142  145  149  156  164
  170  177  182  183  184  180  180  182  185                                   
    40.0-180.0 180.0   5.0 450.0                            LAT/LON1/LON2/DLON/H
  192  196  195  202  202  200  200  195  188  176  164  154  146  140  136  133
  131  128  125  121  118  116  114  112  110  108  106  103  100   97   96   95
   95   96   97   97   97   95   93   91   91   90   91   91   92   94   99  106
  114  121  128  133  138  143  146  147  147  146  145  147  149  154  160  169
  176  184  190  192  194  190  190  190  192                                   
    37.5-180.0 180.0   5.0 450.0                            LAT/LON1/LON2/DLON/H
  202  203  200  203  203  200  201  198  194  184  175  167  160  154  150  146
  141  137  131  126  122  120  120  120  120  119  117  113  109  106  104  103
  104  104  105  104  102   98   95   94   93   93   94   94   95   97  103  111
  120  128  134  139  144  148  151  152  152  152  152  154  157  161  167  175
  183  191  199  202  205  201  202  201  202                                   
    35.0-180.0 180.0   5.0 450.0                            LAT/LON1/LON2/DLON/H
  216  214  208  206  203  198  198  198  197  191  184  179  174  169  165  160
  153  146  138  130  125  123  124  126  129  129  127  123  119  115  113  112
  112  112  110  108  104  100   96   95   95   96   97   97   97  100  106  114
  123  131  137  142  147  152  156  158  160  161  163  166  169  172  177  184
  192  200  208  213  217  215  217  216  216                                   
    32.5-180.0 180.0   5.0 450.0                            LAT/LON1/LON2/DLON/H
  236  232  222  215  208  200  198  198  198  195  192  190  187  184  180  174
  166  155  144  135  129  126  128  132  136  137  136  132  128  124  121  120
  119  117  114  110  105  100   97   95   96   97   99   98   98  101  106  115
  124  132  138  143  148  155  161  166  170  173  177  181  184  187  191  197
  203  212  220  226  232  232  237  236  236                                   
    30.0-180.0 180.0   5.0 450.0                            LAT/LON1/LON2/DLON/H
  262  257  245  232  222  209  204  202  203  201  201  200  200  198  194  187
  177  164  151  140  133  130  132  137  142  144  143  140  135  131  128  126
  123  119  114  109  104   99   96   95   96   98   98   98   97   98  103  112
  121  129  135  141  149  158  168  176  183  188  194  199  202  205  208  213
  218  227  236  242  249  253  260  261  262                                   
    27.5-180.0 180.0   5.0 450.0                            LAT/LON1/LON2/DLON/H
  292  289  274  260  246  230  220  214  213  211  211  212  212  211  207  199
  188  173  158  145  138  136  138  143  147  150  149  145  140  136  132  128
  123  117  111  106  101   97   95   94   95   96   96   94   92   93   97  106
  116  124  132  140  151  164  177  189  199  206  213  218  222  224  227  231
  237  246  256  262  270  275  286  290  292                                   
    25.0-180.0 180.0   5.0 450.0                            LAT/LON1/LON2/DLON/H
  323  322  308  294  279  261  248  237  232  228  226  226  225  223  218  210
  196  180  164  152  145  144  146  150  153  154  152  148  143  137  132  126
  119  112  105  100   97   95   93   93   93   92   90   87   84   84   89   98
  108  119  129  140  155  172  190  205  217  226  232  238  242  244  247  253
  259  268  278  284  292  299  311  319  323                                   
    22.5-180.0 180.0   5.0 450.0                            LAT/LON1/LON2/DLON/H
  350  353  342  333  318  301  285  269  259  251  246  243  240  236  229  218
  203  186  171  159  154  153  155  158  159  157  154  148  142  135  128  121
  112  104   98   94   93   92   92   91   89   86   83   78   75   75   80   89
  101  114  127  143  162  184  205  222  235  244  251  256  260  263  268  275
  283  293  303  309  315  321  335  347  350                                   
    20.0-180.0 180.0   5.0 450.0                            LAT/LON1/LON2/DLON/H
  371  378  373  370  359  343  327  308  294  281  272  265  258  251  240  227
  209  192  176  167  163  163  165  165  164  159  153  146  138  129  121  113
  104   96   91   89   90   91   91   88   84   79   74   69   66   66   71   81
   95  110  127  147  171  196  220  239  252  261  267  271  276  281  288  297
  307  318  328  333  337  342  356  371  371                                   
    17.5-180.0 180.0   5.0 450.0                            LAT/LON1/LON2/DLON/H
  384  395  396  400  394  383  368  348  331  315  301  290  279  266  252  235
  215  197  182  174  172  173  173  172  167  160  151  142  132  122  113  104
   95   89   85   86   89   91   91   87   80   73   67   62   59   59   65   76
   91  108  129  153  180  208  233  252  266  274  280  285  290  298  307  319
  331  342  353  357  358  361  374  390  384                                   
    15.0-180.0 180.0   5.0 450.0                            LAT/LON1/LON2/DLON/H
  391  404  409  420  420  413  401  383  366  348  331  315  300  283  264  243
  221  202  188  181  179  180  179  175  167  158  148  137  126  115  106   97
   90   85   84   86   90   93   92   86   78   70   63   58   55   56   62   73
   88  108  131  158  187  216  242  262  276  285  291  296  304  314  326  340
  353  365  375  379  377  377  389  404  391                                   
    12.5-180.0 180.0   5.0 450.0                            LAT/LON1/LON2/DLON/H
  394  407  414  427  432  429  422  408  393  375  356  338  319  298  275  251
  227  207  193  186  184  183  180  174  165  155  144  132  120  109  101   94
   89   86   86   90   94   97   94   87   78   69   62   58   56   57   62   72
   88  109  134  162  192  220  246  266  281  292  300  308  318  330  344  360
  374  386  395  398  394  391  401  415  394                                   
    10.0-180.0 180.0   5.0 450.0                            LAT/LON1/LON2/DLON/H
  397  408  414  425  433  433  429  420  408  392  373  354  332  309  284  258
  233  212  197  189  185  182  177  169  159  149  139  127  116  107  100   95
   92   91   92   96  100  101   97   89   80   71   65   61   60   60   64   73
   88  109  134  163  192  220  245  267  284  297  309  319  332  346  362  378
  391  402  411  413  407  403  413  424  397                                   
     7.5-180.0 180.0   5.0 450.0                            LAT/LON1/LON2/DLON/H
  404  411  414  420  427  428  426  420  412  398  380  361  339  315  289  263
  238  217  200  190  183  176  169  161  152  143  134  125  116  108  104  101
