data/edconvlstm_nd/pred1870.15i
     1.0            IONOSPHERE MAPS     GNSS                IONEX VERSION / TYPE
pyspatialgeodesy        IME             05-JAN-18 20:20     PGM / RUN BY / DATE 
Map Name                                                    COMMENT             
Predicted global ionosphere maps (GIM).                     DESCRIPTION         
  2015     7     6     0     0     0                        EPOCH OF FIRST MAP  
  2015     7     7     0     0     0                        EPOCH OF LAST MAP   
  7200                                                      INTERVAL            
    13                                                      # OF MAPS IN FILE   
  NONE                                                      MAPPING FUNCTION    
10.0                                                        ELEVATION CUTOFF    
One-way carrier phase leveled to code                       OBSERVABLES USED    
  6371.0                                                    BASE RADIUS         
 2                                                          MAP DIMENSION       
   450.0 450.0   0.0                                        HGT1 / HGT2 / DHGT  
    87.5 -87.5  -2.5                                        LAT1 / LAT2 / DLAT  
  -180.0 180.0   5.0                                        LON1 / LON2 / DLON  
    -1                                                      EXPONENT            
                                                            END OF HEADER       
[from data line 4719]
    12                                                      START OF TEC MAP    
  2015     7     6    22     0     0                        EPOCH OF CURRENT MAP
    87.5-180.0 180.0   5.0 450.0                            LAT/LON1/LON2/DLON/H
  176  162  145  152  152  151  150  148  148  148  147  147  146  146  145  144
  144  143  142  142  141  140  139  139  138  137  136  135  134  133  132  131
  130  129  128  127  126  126  125  124  124  124  124  124  124  125  125  126
  127  128  128  129  130  131  132  133  134  135  136  137  138  139  140  141
  141  142  143  145  158  156  161  165  176                                   
    85.0-180.0 180.0   5.0 450.0                            LAT/LON1/LON2/DLON/H
  175  173  173  165  161  164  162  163  162  161  160  160  159  158  157  156
  156  155  154  153  153  152  151  150  149  148  147  146  145  143  142  141
  139  138  136  135  133  132  131  130  130  129  129  130  130  131  131  132
  134  135  136  138  139  141  142  144  145  146  148  149  150  152  153  154
  156  157  158  157  164  156  157  159  175                                   
    82.5-180.0 180.0   5.0 450.0                            LAT/LON1/LON2/DLON/H
  161  167  164  161  159  163  163  162  159  159  158  157  156  155  154  153
  152  151  150  150  149  148  147  146  146  144  143  142  140  138  136  134
  132  130  128  126  124  122  121  119  119  118  118  118  119  120  121  123
  125  127  129  131  133  135  137  139  140  142  143  145  146  147  149  150
  152  152  153  159  164  170  164  157  161                                   
    80.0-180.0 180.0   5.0 450.0                            LAT/LON1/LON2/DLON/H
  158  165  165  161  157  158  159  161  160  160  159  158  157  156  155  154
  153  152  151  150  150  149  149  148  147  145  144  142  140  138  136  133
  130  128  125  122  120  117  115  113  112  112  111  112  113  114  116  118
  121  123  126  129  131  133  135  136  138  139  140  141  142  144  145  147
  149  150  152  154  157  155  156  157  158                                   
    77.5-180.0 180.0   5.0 450.0                            LAT/LON1/LON2/DLON/H
  166  164  168  164  164  167  167  169  168  168  167  166  165  165  164  163
  162  161  161  160  160  160  159  158  157  156  154  152  150  148  145  143
  140  137  134  132  129  126  124  122  120  120  119  120  121  123  126  129
  132  135  138  141  143  145  146  147  148  148  148  148  148  149  150  151
  152  153  155  157  164  157  164  169  166                                   
    75.0-180.0 180.0   5.0 450.0                            LAT/LON1/LON2/DLON/H
  165  164  164  160  160  165  164  166  167  169  169  169  169  168  167  167
  166  165  165  164  164  164  163  162  160  158  156  154  151  149  146  144
  141  139  137  134  132  129  127  125  123  122  122  122  123  126  128  132
  135  139  142  145  147  149  149  149  148  147  146  146  145  145  146  147
  148  150  152  150  156  150  156  153  165                                   
    72.5-180.0 180.0   5.0 450.0                            LAT/LON1/LON2/DLON/H
  163  162  163  164  162  167  169  171  172  175  175  176  176  176  176  175
  174  173  173  172  171  170  168  165  163  159  156  153  150  147  145  143
  141  140  138  137  135  133  131  129  128  126  126  126  127  129  132  135
  140  144  147  151  153  154  154  153  151  149  148  146  145  144  145  145
  146  147  149  148  153  148  155  160  163                                   
    70.0-180.0 180.0   5.0 450.0                            LAT/LON1/LON2/DLON/H
  164  162  162  161  159  164  166  170  173  177  179  181  182  182  182  181
  180  178  177  175  173  171  167  163  158  153  148  144  140  137  136  135
  134  134  134  134  133  132  131  129  127  125  124  123  123  125  128  131
  135  139  143  147  149  150  150  149  147  145  143  141  140  140  141  142
  142  144  147  147  153  149  157  160  164                                   
    67.5-180.0 180.0   5.0 450.0                            LAT/LON1/LON2/DLON/H
  171  168  168  169  168  173  175  180  183  188  190  193  195  196  196  195
  193  191  189  186  183  178  173  167  160  152  146  140  135  132  131  131
  132  133  135  135  136  135  134  132  130  127  125  124  124  124  126  129
  133  138  142  145  148  149  150  149  148  146  145  144  143  143  145  146
  147  149  152  151  157  153  160  165  171                                   
    65.0-180.0 180.0   5.0 450.0                            LAT/LON1/LON2/DLON/H
  177  174  174  175  172  178  179  184  188  193  196  200  202  204  204  203
  201  198  195  192  187  181  174  166  157  147  139  132  128  125  125  126
  127  130  132  133  134  133  132  130  128  125  122  119  118  117  118  120
  123  127  131  134  137  139  140  141  141  141  141  141  142  143  146  148
  149  152  156  157  165  161  170  175  177                                   
    62.5-180.0 180.0   5.0 450.0                            LAT/LON1/LON2/DLON/H
  186  185  183  184  181  187  187  192  196  201  203  207  210  211  212  211
  209  206  203  198  193  186  178  168  158  148  139  132  127  125  125  127
  129  131  133  134  134  134  132  130  127  124  120  116  114  111  111  111
  113  116  119  123  126  129  131  133  135  137  139  141  144  146  149  152
  154  157  161  163  172  168  178  183  186                                   
    60.0-180.0 180.0   5.0 450.0                            LAT/LON1/LON2/DLON/H
  195  194  192  194  189  195  194  199  201  206  208  212  214  216  216  216
  214  211  207  203  198  191  183  173  163  153  144  137  134  132  133  134
  136  138  138  138  137  135  133  131  128  124  120  116  111  108  105  104
  104  106  108  111  114  118  121  125  129  133  138  142  146  149  153  156
  158  162  166  168  179  176  188  194  195                                   
    57.5-180.0 180.0   5.0 450.0                            LAT/LON1/LON2/DLON/H
  200  201  199  202  198  204  202  205  207  210  211  214  216  217  218  217
  216  213  210  206  201  196  189  181  172  163  156  151  148  148  148  149
  150  149  148  145  142  140  137  134  131  127  123  118  113  109  104  101
   99   99  100  102  105  109  114  119  125  131  137  143  148  152  156  159
  162  166  171  173  185  183  195  202  200                                   
    55.0-180.0 180.0   5.0 450.0                            LAT/LON1/LON2/DLON/H
  204  206  205  208  205  212  210  213  213  215  214  215  216  217  218  217
  215  213  210  208  205  201  196  191  184  178  173  170  169  169  170  169
  168  164  160  155  150  146  142  139  136  133  129  125  120  114  109  104
  100   98   97   98  101  105  110  117  124  132  139  146  151  155  160  163
  165  170  175  177  189  189  201  209  204                                   
    52.5-180.0 180.0   5.0 450.0                            LAT/LON1/LON2/DLON/H
  204  207  207  212  210  219  218  221  221  220  218  217  217  217  217  216
  214  211  209  208  206  205  204  201  198  195  192  191  191  192  192  190
  185  179  172  165  158  153  149  145  143  140  137  134  129  123  117  111
  106  102  100  100  102  106  111  119  127  135  143  150  155  160  164  167
  169  174  180  182  194  194  204  214  204                                   
    50.0-180.0 180.0   5.0 450.0                            LAT/LON1/LON2/DLON/H
  203  206  208  215  216  226  228  231  231  229  225  222  220  219  218  216
  214  211  209  209  209  211  212  212  212  212  211  212  212  213  211  207
  201  192  183  174  167  161  156  153  151  148  147  144  140  135  129  122
  116  112  109  108  109  112  118  125  134  143  151  158  163  166  170  174
  176  181  187  190  200  200  208  219  203                                   
    47.5-180.0 180.0   5.0 450.0                            LAT/LON1/LON2/DLON/H
  203  205  209  217  221  234  238  243  242  240  235  231  227  224  222  219
  216  213  211  211  214  217  221  224  226  227  228  229  230  229  226  220
  211  202  191  182  175  169  165  161  158  157  156  154  152  147  142  135
  130  125  122  120  121  123  128  136  144  153  161  168  173  177  180  184
  187  192  199  201  208  207  213  226  203                                   
    45.0-180.0 180.0   5.0 450.0                            LAT/LON1/LON2/DLON/H
  207  206  211  221  228  242  248  255  256  254  248  243  238  234  230  225
  221  218  217  218  221  226  231  236  239  241  242  243  242  240  235  227
  218  208  198  190  184  178  174  170  167  165  164  164  162  159  155  149
  144  140  137  135  135  137  141  148  157  166  174  181  186  190  194  198
  202  208  214  216  221  217  221  235  207                                   
    42.5-180.0 180.0   5.0 450.0                            LAT/LON1/LON2/DLON/H
  215  211  217  228  236  251  259  266  269  268  263  257  252  246  241  236
  231  228  226  228  232  238  244  249  252  254  255  254  252  247  241  232
  223  214  205  199  193  189  184  180  176  174  173  174  173  171  167  163
  159  155  153  151  150  151  155  161  170  179  188  196  202  207  211  216
  219  225  231  233  235  229  232  246  215                                   
    40.0-180.0 180.0   5.0 450.0                            LAT/LON1/LON2/DLON/H
  229  221  228  238  247  261  269  277  281  282  278  273  267  261  255  249
  245  241  240  242  247  253  259  264  268  269  268  266  261  254  246  237
  228  220  214  209  205  201  196  191  186  184  183  184  184  182  179  175
  172  169  167  165  163  163  166  171  180  190  201  210  218  224  229  234
  237  243  249  250  251  243  245  260  229                                   
    37.5-180.0 180.0   5.0 450.0                            LAT/LON1/LON2/DLON/H
  248  238  244  253  261  271  279  286  292  295  292  289  283  277  271  266
  261  258  257  260  265  271  277  282  285  285  283  279  272  263  254  244
  236  229  224  220  217  214  209  203  198  195  195  196  196  194  190  186
  183  181  179  176  173  171  173  178  186  198  210  222  232  239  245  250
  253  258  263  265  265  257  259  275  248                                   
    35.0-180.0 180.0   5.0 450.0                            LAT/LON1/LON2/DLON/H
  271  259  265  271  277  283  288  295  302  306  307  305  300  294  289  283
  279  276  276  279  284  290  297  302  304  304  301  294  285  275  264  254
  246  240  235  232  229  225  220  215  210  207  207  208  208  205  201  196
  193  190  186  182  178  174  174  178  187  199  213  228  240  250  257  261
  263  268  272  276  276  269  272  290  271                                   
    32.5-180.0 180.0   5.0 450.0                            LAT/LON1/LON2/DLON/H
  295  284  290  292  295  297  299  304  312  318  321  321  318  313  308  303
  299  296  295  298  303  309  316  321  324  323  319  312  301  289  277  266
  257  250  245  241  237  233  228  223  219  218  219  220  219  215  209  203
  198  194  189  183  177  172  170  173  181  194  210  227  242  253  262  266
  268  272  276  281  282  278  283  304  295                                   
    30.0-180.0 180.0   5.0 450.0                            LAT/LON1/LON2/DLON/H
  319  309  315  315  316  314  314  317  325  332  337  339  338  334  330  325
  320  317  315  316  320  326  332  338  341  340  336  328  316  302  288  276
  265  256  249  243  239  234  230  226  224  224  226  228  226  221  213  206
  199  194  187  179  171  164  161  162  169  182  199  218  236  250  259  264
  266  270  274  281  284  285  291  315  319                                   
    27.5-180.0 180.0   5.0 450.0                            LAT/LON1/LON2/DLON/H
  340  332  339  338  339  335  332  335  342  351  357  361  361  359  355  350
  345  339  335  333  335  340  346  351  354  353  348  339  326  310  294  279
  265  253  243  235  229  225  222  220  220  223  226  228  226  220  211  202
  194  187  180  171  162  154  149  148  154  166  184  204  224  240  251  257
  259  265  269  278  283  288  297  324  340                                   
    25.0-180.0 180.0   5.0 450.0                            LAT/LON1/LON2/DLON/H
  355  350  359  360  362  358  356  357  365  374  381  387  389  389  386  381
  373  365  357  351  350  352  356  360  361  359  353  342  327  310  290  271
  253  237  224  215  209  206  205  206  208  213  217  219  216  209  200  191
  183  176  168  159  149  141  136  134  138  149  166  186  207  225  238  247
  251  258  264  274  281  291  302  332  355                                   
    22.5-180.0 180.0   5.0 450.0                            LAT/LON1/LON2/DLON/H
  364  362  374  377  382  381  381  384  391  401  410  417  421  423  421  416
  407  396  383  372  365  363  364  365  363  358  349  336  319  298  276  252
  230  211  197  187  182  181  183  186  190  195  199  200  197  190  181  173
  167  160  153  145  137  129  124  121  124  132  148  168  189  209  225  236
  243  252  261  272  281  293  306  338  364                                   
    20.0-180.0 180.0   5.0 450.0                            LAT/LON1/LON2/DLON/H
  367  368  382  387  397  401  404  410  419  430  439  449  455  460  460  456
  447  432  414  397  384  375  370  366  360  350  337  321  302  279  254  228
  203  182  167  158  156  157  161  165  170  174  177  177  173  167  159  152
  147  142  137  131  125  119  115  112  112  119  132  151  173  194  212  227
  237  250  261  273  282  297  311  345  367                                   
    17.5-180.0 180.0   5.0 450.0                            LAT/LON1/LON2/DLON/H
  366  369  384  392  406  414  423  431  442  455  466  478  488  495  498  497
  488  472  450  427  406  389  377  365  353  339  322  303  281  257  231  204
  179  158  144  137  137  142  147  151  154  156  156  154  150  144  137  132
  128  125  122  118  115  112  109  106  106  110  121  138  159  181  202  221
  235  252  265  277  287  303  318  350  366                                   
    15.0-180.0 180.0   5.0 450.0                            LAT/LON1/LON2/DLON/H
  364  368  384  391  409  421  433  445  458  472  485  500  513  524  531  533
  527  512  488  459  430  405  384  365  346  327  307  286  263  240  214  188
  164  145  132  129  131  138  143  146  146  144  142  138  132  126  121  116
  113  111  110  109  109  108  107  104  103  105  114  129  150  172  196  217
  236  255  271  284  293  309  326  356  364                                   
    12.5-180.0 180.0   5.0 450.0                            LAT/LON1/LON2/DLON/H
  361  367  382  389  408  422  438  450  465  480  495  511  527  541  552  558
  557  545  522  490  454  420  391  365  342  319  296  275  253  231  207  183
  161  144  134  134  139  147  152  152  148  142  136  130  124  117  112  107
  104  102  102  103  106  108  108  106  103  104  111  124  144  167  192  216
  237  260  277  291  299  317  334  362  361                                   
    10.0-180.0 180.0   5.0 450.0                            LAT/LON1/LON2/DLON/H
  362  369  383  388  406  421  437  450  466  480  495  512  529  544  558  569
  572  566  545  513  473  433  398  367  341  316  293  272  252  232  211  190
  170  156  149  151  159  167  170  166  158  149  140  133  126  119  113  107
  102  100   99  102  106  109  111  109  106  105  110  122  140  164  190  216
  239  263  282  296  305  324  342  367  362                                   
     7.5-180.0 180.0   5.0 450.0                            LAT/LON1/LON2/DLON/H
  365  374  387  391  408  421  436  448  462  476  490  505  521  536  550  563
  571  570  554  524  483  441  402  370  343  320  298  278  260  242  224  206
