data/edconvlstm_nd/pred2630.15i
     1.0            IONOSPHERE MAPS     GNSS                IONEX VERSION / TYPE
pyspatialgeodesy        IME             05-JAN-18 20:20     PGM / RUN BY / DATE 
Map Name                                                    COMMENT             
Predicted global ionosphere maps (GIM).                     DESCRIPTION         
  2015     9    20     0     0     0                        EPOCH OF FIRST MAP  
  2015     9    21     0     0     0                        EPOCH OF LAST MAP   
  7200                                                      INTERVAL            
    13                                                      # OF MAPS IN FILE   
  NONE                                                      MAPPING FUNCTION    
10.0                                                        ELEVATION CUTOFF    
One-way carrier phase leveled to code                       OBSERVABLES USED    
  6371.0                                                    BASE RADIUS         
 2                                                          MAP DIMENSION       
   450.0 450.0   0.0                                        HGT1 / HGT2 / DHGT  
    87.5 -87.5  -2.5                                        LAT1 / LAT2 / DLAT  
  -180.0 180.0   5.0                                        LON1 / LON2 / DLON  
    -1                                                      EXPONENT            
                                                            END OF HEADER       
[from data line 3432]
     9                                                      START OF TEC MAP    
  2015     9    20    16     0     0                        EPOCH OF CURRENT MAP
    87.5-180.0 180.0   5.0 450.0                            LAT/LON1/LON2/DLON/H
   92   98   97  102  106  105  105  102  102  105  104  104  104  105  105  105
  105  105  104  104  104  103  103  102  102  101  100  100   99   98   98   97
   96   95   94   94   93   92   91   91   90   90   89   89   89   89   89   90
   90   90   90   91   91   91   92   92   93   93   93   93   94   94   94   94
   95   96   94   91   97   95  109  107   92                                   
    85.0-180.0 180.0   5.0 450.0                            LAT/LON1/LON2/DLON/H
   96   99  111   98   98  104  104  106  106  109  108  109  109  109  110  110
  109  109  109  108  108  107  107  106  106  105  105  104  103  103  102  101
  100   99   98   97   96   95   94   94   93   92   91   91   90   90   90   90
   90   90   91   91   91   92   92   92   93   93   93   93   93   94   94   94
   95   95   91   88   90   91   98   98   96                                   
    82.5-180.0 180.0   5.0 450.0                            LAT/LON1/LON2/DLON/H
   81   88   93   88   90   95   99  100  101  103  104  105  105  106  106  106
  106  106  105  105  104  104  103  103  102  102  102  101  101  100  100   99
   98   97   96   95   93   92   91   89   88   87   85   85   84   83   83   83
   83   83   83   84   84   84   85   85   85   85   85   85   85   85   85   85
   86   86   82   81   83   92   88   86   81                                   
    80.0-180.0 180.0   5.0 450.0                            LAT/LON1/LON2/DLON/H
   66   69   79   76   77   79   84   88   91   94   95   98   98   99   99   99
   99   98   97   96   96   95   95   94   94   94   94   94   94   94   93   93
   92   91   90   88   87   85   83   81   79   77   75   74   73   72   71   70
   70   70   70   71   71   71   71   71   71   71   70   70   69   69   69   69
   70   70   69   69   68   73   74   78   66                                   
    77.5-180.0 180.0   5.0 450.0                            LAT/LON1/LON2/DLON/H
   65   64   67   65   68   71   77   81   84   87   89   92   93   95   95   95
   94   94   92   91   91   90   90   90   90   91   92   92   93   93   93   92
   92   91   90   88   86   84   81   79   76   73   70   68   66   64   63   62
   61   61   61   61   61   61   61   60   59   58   57   56   55   55   55   54
   55   55   56   57   59   59   62   67   65                                   
    75.0-180.0 180.0   5.0 450.0                            LAT/LON1/LON2/DLON/H
   56   56   56   57   60   65   69   73   78   82   85   88   90   91   91   91
   90   89   88   86   86   85   86   87   88   89   91   92   93   94   94   94
   94   93   92   91   89   87   84   81   78   74   71   68   65   62   60   58
   57   57   56   56   56   55   55   54   53   51   50   49   47   47   47   47
   48   49   50   49   52   52   53   51   56                                   
    72.5-180.0 180.0   5.0 450.0                            LAT/LON1/LON2/DLON/H
   54   54   53   56   57   61   67   71   75   79   82   85   87   88   88   88
   87   85   84   83   83   83   83   85   87   89   90   92   94   95   95   95
   95   94   94   92   91   89   87   84   80   76   72   68   64   60   58   55
   54   53   52   51   50   49   48   47   45   43   41   40   39   38   38   39
   40   41   44   43   45   47   50   51   54                                   
    70.0-180.0 180.0   5.0 450.0                            LAT/LON1/LON2/DLON/H
   53   52   52   54   55   58   62   67   72   77   80   83   85   86   86   85
   84   83   82   81   81   82   84   86   88   91   93   95   96   97   97   97
   97   96   96   95   94   93   91   89   86   82   77   73   68   63   60   57
   54   53   51   50   49   47   45   43   41   39   37   36   35   34   35   36
   38   40   43   43   46   47   52   53   53                                   
    67.5-180.0 180.0   5.0 450.0                            LAT/LON1/LON2/DLON/H
   52   51   51   54   56   58   64   68   73   77   81   84   86   87   87   86
   84   83   82   82   83   84   86   88   91   93   95   96   97   97   96   96
   95   94   94   93   93   93   92   91   88   85   81   76   71   67   62   59
   56   54   52   50   49   47   45   43   40   38   36   34   34   34   35   37
   38   40   42   42   45   47   50   49   52                                   
    65.0-180.0 180.0   5.0 450.0                            LAT/LON1/LON2/DLON/H
   47   49   48   52   53   56   61   66   72   77   81   84   86   87   87   85
   84   83   83   83   84   87   89   92   94   96   97   98   98   97   96   94
   93   92   91   91   92   92   93   92   91   89   85   81   76   71   66   62
   59   56   54   52   50   47   45   43   41   38   37   35   34   34   36   37
   39   41   44   43   45   48   51   50   47                                   
    62.5-180.0 180.0   5.0 450.0                            LAT/LON1/LON2/DLON/H
   42   44   44   48   50   54   59   64   70   76   81   85   87   88   88   87
   85   85   85   86   87   90   92   95   97   98   99   99   98   96   95   93
   91   89   88   88   89   90   91   92   91   90   87   83   79   74   70   65
   62   59   56   53   51   49   47   45   43   41   39   38   37   36   37   39
   40   41   43   42   43   44   46   46   42                                   
    60.0-180.0 180.0   5.0 450.0                            LAT/LON1/LON2/DLON/H
   36   37   38   43   45   48   54   60   67   73   79   84   87   88   88   87
   86   86   86   87   89   92   94   96   98   99   99   99   99   97   96   93
   91   89   88   87   87   89   90   91   92   91   89   86   81   77   72   68
   64   61   58   55   53   51   49   48   46   44   42   40   39   38   38   39
   39   39   40   38   39   39   41   40   36                                   
    57.5-180.0 180.0   5.0 450.0                            LAT/LON1/LON2/DLON/H
   30   32   33   39   42   45   51   57   65   72   78   83   87   89   89   89
   89   89   89   90   92   94   96   98  100  101  102  102  103  103  102  100
   98   95   93   92   92   93   94   95   96   95   94   91   87   83   78   73
   69   66   62   59   57   55   54   53   52   51   49   46   44   42   41   41
   40   40   39   36   36   35   36   36   30                                   
    55.0-180.0 180.0   5.0 450.0                            LAT/LON1/LON2/DLON/H
   30   31   32   37   40   43   49   56   64   71   77   83   87   90   91   92
   92   92   93   93   95   96   98   99  101  103  105  107  109  111  111  111
  109  106  104  102  101  101  102  103  103  103  101   98   94   89   85   80
   76   72   68   65   63   61   61   60   60   59   57   54   51   48   46   44
   43   41   40   36   35   33   34   34   30                                   
    52.5-180.0 180.0   5.0 450.0                            LAT/LON1/LON2/DLON/H
   34   34   35   40   42   46   52   58   65   72   78   84   88   92   94   95
   96   96   97   97   98   99  100  102  104  107  110  114  118  121  123  124
  123  120  118  116  115  114  115  115  114  113  111  107  103   99   94   89
   84   80   76   73   70   69   69   69   70   69   67   63   59   55   52   50
   48   46   45   40   39   37   37   36   34                                   
    50.0-180.0 180.0   5.0 450.0                            LAT/LON1/LON2/DLON/H
   43   43   43   47   49   53   58   64   70   76   81   87   91   95   98  100
  101  102  102  102  103  103  104  106  109  113  117  123  128  132  135  136
  135  134  132  130  129  129  129  129  128  125  122  119  114  109  104   99
   95   90   86   82   80   78   79   80   81   81   79   75   70   65   62   59
   57   55   54   50   48   46   46   45   43                                   
    47.5-180.0 180.0   5.0 450.0                            LAT/LON1/LON2/DLON/H
   56   55   55   59   59   64   68   73   78   83   87   92   96   99  103  106
  108  109  109  110  110  110  111  113  117  121  127  132  137  141  143  144
  144  144  143  142  143  144  144  143  141  138  135  130  126  121  116  111
  106  101   96   93   90   89   89   91   93   94   92   88   83   77   74   71
   69   67   66   62   61   59   61   58   56                                   
    45.0-180.0 180.0   5.0 450.0                            LAT/LON1/LON2/DLON/H
   69   69   69   72   71   75   79   85   89   93   96   99  103  106  109  113
  115  117  118  118  119  120  122  124  128  133  137  142  145  146  147  148
  148  148  149  151  154  156  158  157  154  150  146  142  137  132  127  121
  116  111  107  103  100   99  100  102  105  106  105  101   96   91   87   84
   82   81   80   77   75   75   76   73   69                                   
    42.5-180.0 180.0   5.0 450.0                            LAT/LON1/LON2/DLON/H
   78   80   79   83   82   86   90   95   99  103  106  108  111  114  118  121
  124  126  127  129  130  132  135  138  142  146  150  151  151  150  148  147
  148  150  153  158  163  168  170  169  165  161  156  152  147  142  136  131
  125  121  116  112  109  108  109  111  115  117  116  113  109  104  100   98
   95   93   92   89   88   88   90   86   78                                   
    40.0-180.0 180.0   5.0 450.0                            LAT/LON1/LON2/DLON/H
   83   85   85   89   88   93   98  104  109  113  115  118  120  123  127  130
  133  135  137  139  142  146  150  154  158  161  163  161  158  153  149  148
  149  153  159  167  175  180  182  181  176  170  165  160  156  150  144  138
  132  127  123  119  116  114  115  118  122  124  125  123  119  115  111  108
  105  103  101   98   96   96   97   94   83                                   
    37.5-180.0 180.0   5.0 450.0                            LAT/LON1/LON2/DLON/H
   82   84   84   89   90   95  102  110  116  121  124  127  130  133  136  139
  141  143  146  150  155  160  165  170  174  177  177  174  168  161  156  155
  158  165  174  184  193  199  199  195  188  180  174  169  164  157  150  143
  137  133  128  124  121  119  119  122  126  129  130  129  126  123  119  116
  112  108  105  101   98   97   97   95   82                                   
    35.0-180.0 180.0   5.0 450.0                            LAT/LON1/LON2/DLON/H
   79   79   78   85   87   93  101  111  120  127  132  136  139  143  146  148
  150  152  155  160  166  173  179  185  191  194  194  191  185  178  175  176
  183  192  204  215  223  226  223  215  204  194  186  179  173  165  157  149
  142  137  133  128  125  122  122  124  127  130  132  132  130  127  124  120
  115  110  106  101   96   93   92   90   79                                   
    32.5-180.0 180.0   5.0 450.0                            LAT/LON1/LON2/DLON/H
   75   74   72   79   82   88   98  110  121  131  138  144  149  154  157  158
  159  161  165  171  178  186  194  201  207  212  215  214  211  208  209  215
  225  238  250  260  265  263  255  242  226  212  202  193  185  176  166  156
  148  142  137  132  128  124  123  124  126  129  131  132  131  129  126  122
  116  109  104   98   92   87   86   83   75                                   
    30.0-180.0 180.0   5.0 450.0                            LAT/LON1/LON2/DLON/H
   76   71   67   74   77   83   94  107  121  133  143  152  159  164  168  169
  170  172  176  183  191  200  208  216  224  232  239  244  247  250  257  269
  284  298  310  317  317  309  294  275  254  237  224  213  203  191  178  166
  157  149  143  138  132  127  125  124  125  127  129  131  131  129  127  122
  116  109  103   96   89   82   82   78   76                                   
    27.5-180.0 180.0   5.0 450.0                            LAT/LON1/LON2/DLON/H
   81   73   67   72   75   80   91  105  121  135  148  159  168  175  180  182
  183  185  190  198  207  216  224  233  243  255  268  280  291  302  317  334
  353  368  378  379  372  357  335  311  287  267  251  238  225  211  196  181
  170  160  153  145  138  132  128  126  125  126  128  129  130  129  127  124
  118  111  105   98   91   82   83   77   81                                   
    25.0-180.0 180.0   5.0 450.0                            LAT/LON1/LON2/DLON/H
   92   80   72   76   78   83   93  107  123  138  153  165  176  185  192  196
  199  202  208  217  226  234  243  252  265  281  300  319  338  359  380  403
  424  438  442  437  422  400  374  346  321  300  283  268  253  236  218  201
  187  176  166  156  148  140  134  130  128  127  127  128  129  129  128  126
  122  116  111  104   98   89   91   83   92                                   
    22.5-180.0 180.0   5.0 450.0                            LAT/LON1/LON2/DLON/H
  105   91   81   84   84   90   99  112  129  144  159  172  185  195  204  211
  216  223  231  240  249  257  266  276  291  310  334  360  386  413  440  465
  484  494  492  479  458  431  403  375  351  331  315  299  282  263  243  224
  208  194  183  171  161  152  144  138  133  130  129  129  129  129  130  129
  127  124  120  114  108  100  103   94  105                                   
    20.0-180.0 180.0   5.0 450.0                            LAT/LON1/LON2/DLON/H
  117  103   92   93   93   98  108  121  137  153  167  181  194  206  217  227
  236  246  256  267  276  284  293  304  320  342  369  398  429  459  487  510
  525  528  519  499  474  446  419  395  375  358  344  328  310  289  268  248
  231  216  203  190  179  168  158  149  142  136  133  131  130  131  131  132
  132  131  128  123  119  112  116  107  117                                   
    17.5-180.0 180.0   5.0 450.0                            LAT/LON1/LON2/DLON/H
  124  113  101  101  102  107  118  131  148  163  177  190  203  217  230  243
  257  270  284  296  305  314  323  335  352  375  403  433  463  491  515  532
  540  536  521  498  472  446  423  405  391  379  367  352  334  312  291  271
  254  239  224  211  198  186  174  163  153  144  138  135  133  132  132  134
  134  135  134  130  126  122  125  118  124                                   
    15.0-180.0 180.0   5.0 450.0                            LAT/LON1/LON2/DLON/H
  123  116  106  106  107  113  126  140  157  173  186  200  213  228  243  260
  277  295  310  324  334  343  353  366  384  407  433  460  486  508  525  533
  533  523  504  481  457  437  420  409  401  394  385  370  351  330  309  290
  274  259  245  232  218  205  191  177  164  154  145  139  135  133  132  133
  134  136  135  131  128  125  128  122  123                                   
    12.5-180.0 180.0   5.0 450.0                            LAT/LON1/LON2/DLON/H
  114  113  105  104  107  114  130  146  164  180  194  208  223  238  255  274
  295  316  334  348  359  369  380  395  414  436  459  480  499  512  520  520
  513  498  479  459  440  426  417  412  410  405  397  381  361  340  320  303
  288  275  261  248  235  221  206  190  175  162  152  144  138  133  131  130
  130  132  131  127  123  121  124  119  114                                   
    10.0-180.0 180.0   5.0 450.0                            LAT/LON1/LON2/DLON/H
  100  103   96   97  102  111  130  148  167  184  199  214  230  247  266  287
  310  332  352  366  378  389  403  420  440  460  478  493  504  509  508  502
  490  474  457  441  428  421  418  418  418  414  403  386  364  343  324  308
  295  283  271  259  246  231  215  199  182  168  156  146  138  131  127  125
  124  125  124  119  114  112  114  110  100                                   
     7.5-180.0 180.0   5.0 450.0                            LAT/LON1/LON2/DLON/H
   85   89   84   86   93  104  126  145  166  184  200  217  235  254  274  297
  321  344  364  379  390  403  419  438  458  476  491  499  503  502  497  487
