data/edconvlstm_nd/pred1420.15i
     1.0            IONOSPHERE MAPS     GNSS                IONEX VERSION / TYPE
pyspatialgeodesy        IME             05-JAN-18 20:20     PGM / RUN BY / DATE 
Map Name                                                    COMMENT             
Predicted global ionosphere maps (GIM).                     DESCRIPTION         
  2015     5    22     0     0     0                        EPOCH OF FIRST MAP  
  2015     5    23     0     0     0                        EPOCH OF LAST MAP   
  7200                                                      INTERVAL            
    13                                                      # OF MAPS IN FILE   
  NONE                                                      MAPPING FUNCTION    
10.0                                                        ELEVATION CUTOFF    
One-way carrier phase leveled to code                       OBSERVABLES USED    
  6371.0                                                    BASE RADIUS         
 2                                                          MAP DIMENSION       
   450.0 450.0   0.0                                        HGT1 / HGT2 / DHGT  
    87.5 -87.5  -2.5                                        LAT1 / LAT2 / DLAT  
  -180.0 180.0   5.0                                        LON1 / LON2 / DLON  
    -1                                                      EXPONENT            
                                                            END OF HEADER       
[from data line 3861]
    10                                                      START OF TEC MAP    
  2015     5    22    18     0     0                        EPOCH OF CURRENT MAP
    87.5-180.0 180.0   5.0 450.0                            LAT/LON1/LON2/DLON/H
  188  182  171  179  180  180  180  179  179  180  180  180  179  179  178  177
  176  175  174  173  171  170  168  167  165  163  162  160  159  158  157  156
  155  155  154  154  154  155  155  156  157  158  159  160  161  162  163  164
  165  166  167  167  168  169  169  169  170  170  170  171  171  171  171  171
  171  171  171  172  181  181  183  184  188                                   
    85.0-180.0 180.0   5.0 450.0                            LAT/LON1/LON2/DLON/H
  180  181  187  183  181  186  187  188  189  189  189  189  188  188  187  186
  185  184  182  180  179  177  175  172  170  168  166  164  162  160  159  158
  157  156  156  156  156  157  158  159  160  161  163  165  166  168  169  170
  172  173  174  174  175  176  176  176  177  177  177  177  177  177  177  177
  178  178  177  177  180  174  176  180  180                                   
    82.5-180.0 180.0   5.0 450.0                            LAT/LON1/LON2/DLON/H
  162  172  175  174  175  182  185  187  187  188  189  189  189  189  188  187
  185  184  182  179  177  174  171  168  165  162  159  157  154  151  149  147
  145  144  144  144  145  146  147  149  151  154  156  158  161  163  165  167
  168  170  171  172  172  173  173  173  173  173  172  172  171  170  170  169
  169  168  167  171  170  175  170  163  162                                   
    80.0-180.0 180.0   5.0 450.0                            LAT/LON1/LON2/DLON/H
  155  163  170  170  171  175  179  184  186  188  189  190  190  190  189  188
  187  185  183  180  177  174  171  168  165  161  157  154  150  147  144  141
  139  137  137  137  138  139  142  144  147  150  154  157  159  162  164  166
  168  169  170  171  171  172  172  171  171  170  168  167  166  164  163  162
  162  161  160  163  160  155  155  154  155                                   
    77.5-180.0 180.0   5.0 450.0                            LAT/LON1/LON2/DLON/H
  155  155  163  164  166  171  175  180  183  186  187  189  190  190  190  189
  188  186  184  182  180  178  176  173  170  167  164  160  156  153  149  146
  143  141  140  140  141  143  145  148  152  155  158  162  164  166  168  170
  171  172  172  172  172  172  172  171  169  167  165  163  160  158  156  154
  152  151  150  152  155  146  149  152  155                                   
    75.0-180.0 180.0   5.0 450.0                            LAT/LON1/LON2/DLON/H
  152  154  158  160  162  168  171  175  179  183  185  187  188  188  188  188
  187  186  185  184  183  183  182  180  179  176  174  170  167  163  159  155
  152  150  148  148  148  150  152  155  158  161  164  166  168  169  170  170
  170  170  170  169  169  168  167  166  165  163  160  158  155  152  150  148
  147  146  146  145  148  142  145  141  152                                   
    72.5-180.0 180.0   5.0 450.0                            LAT/LON1/LON2/DLON/H
  152  155  158  163  162  167  171  175  177  181  183  185  186  187  187  187
  186  186  186  187  188  189  189  190  189  188  186  183  180  176  173  169
  165  162  160  159  159  160  162  164  167  169  171  172  172  172  171  169
  168  167  166  165  165  164  163  162  160  158  156  153  151  148  146  144
  142  142  143  142  144  141  146  147  152                                   
    70.0-180.0 180.0   5.0 450.0                            LAT/LON1/LON2/DLON/H
  158  161  163  166  165  168  171  174  177  181  183  185  186  186  186  186
  186  186  187  189  192  194  197  198  199  199  197  195  192  189  185  181
  177  174  171  170  169  169  170  172  174  175  176  175  174  171  169  166
  163  161  159  158  157  156  155  154  153  152  150  148  145  143  142  142
  141  141  143  144  147  147  153  152  158                                   
    67.5-180.0 180.0   5.0 450.0                            LAT/LON1/LON2/DLON/H
  167  172  175  177  176  179  180  183  186  189  191  193  194  194  194  193
  193  194  196  199  202  206  209  211  212  211  210  208  205  203  199  196
  192  189  186  184  182  182  183  184  185  185  184  183  180  176  171  167
  163  161  158  157  156  155  154  153  152  151  149  148  146  145  144  145
  145  146  149  150  152  154  160  159  167                                   
    65.0-180.0 180.0   5.0 450.0                            LAT/LON1/LON2/DLON/H
  174  181  183  185  184  186  187  190  192  196  198  200  201  200  200  199
  199  200  202  206  210  214  216  218  218  217  216  214  212  210  208  205
  203  199  196  193  191  191  191  191  192  191  190  187  182  177  172  166
  162  158  155  153  152  151  149  148  147  146  145  144  143  142  143  144
  145  147  151  154  158  161  169  166  174                                   
    62.5-180.0 180.0   5.0 450.0                            LAT/LON1/LON2/DLON/H
  179  188  191  193  193  195  196  199  201  205  208  210  211  210  208  207
  207  208  211  215  218  221  223  224  223  221  219  217  216  215  214  213
  211  208  205  202  200  199  199  199  199  199  197  193  187  181  174  169
  163  160  156  154  152  150  148  146  145  143  142  141  141  140  141  143
  144  147  152  155  159  163  172  169  179                                   
    60.0-180.0 180.0   5.0 450.0                            LAT/LON1/LON2/DLON/H
  178  189  193  197  198  202  203  206  209  213  216  218  219  218  216  214
  214  216  218  221  224  226  226  226  224  221  219  218  218  219  220  220
  219  217  214  211  209  207  207  208  208  207  204  199  193  186  179  173
  167  163  160  157  153  150  147  145  142  140  139  138  137  137  138  139
  141  144  149  152  157  161  171  167  178                                   
    57.5-180.0 180.0   5.0 450.0                            LAT/LON1/LON2/DLON/H
  174  187  192  198  202  207  209  213  216  221  223  225  225  224  222  220
  220  221  223  225  227  228  227  225  223  221  220  220  221  224  226  228
  228  227  224  221  219  217  217  217  217  216  213  208  201  193  186  179
  173  169  165  161  157  153  148  144  141  138  136  134  133  133  134  135
  137  140  145  147  152  157  167  163  174                                   
    55.0-180.0 180.0   5.0 450.0                            LAT/LON1/LON2/DLON/H
  168  183  190  197  204  212  215  220  224  228  230  231  230  228  226  224
  224  225  226  227  228  227  226  224  223  222  222  224  228  232  236  239
  239  239  236  233  231  229  229  229  228  227  223  217  209  201  193  186
  181  176  171  166  161  155  150  145  141  137  134  132  131  130  130  132
  133  137  141  143  148  152  162  158  168                                   
    52.5-180.0 180.0   5.0 450.0                            LAT/LON1/LON2/DLON/H
  163  179  186  197  205  216  221  227  231  235  236  236  234  231  228  226
  226  226  227  227  227  226  225  225  225  226  229  233  238  243  248  251
  252  251  249  246  243  242  241  240  239  237  232  225  217  208  200  193
  187  182  177  171  165  158  152  147  142  138  135  132  130  129  129  130
  132  135  139  140  145  149  159  155  163                                   
    50.0-180.0 180.0   5.0 450.0                            LAT/LON1/LON2/DLON/H
  161  178  185  197  208  222  228  235  240  244  245  244  240  236  232  230
  229  229  228  228  227  226  226  228  231  235  241  247  253  258  262  265
  266  265  263  260  257  255  253  252  250  246  240  232  224  215  207  200
  194  188  181  175  168  161  155  150  146  142  139  137  134  132  132  133
  135  138  141  143  147  151  161  157  161                                   
    47.5-180.0 180.0   5.0 450.0                            LAT/LON1/LON2/DLON/H
  164  181  187  200  212  228  236  245  251  256  256  254  249  244  239  236
  234  233  232  230  229  229  231  236  242  249  256  263  269  274  278  279
  280  279  277  274  271  268  265  262  259  254  247  239  230  221  213  206
  199  192  185  178  171  165  160  156  153  150  148  145  142  140  140  141
  142  145  149  149  154  157  166  163  164                                   
    45.0-180.0 180.0   5.0 450.0                            LAT/LON1/LON2/DLON/H
  171  187  192  205  217  235  245  256  263  269  270  268  263  256  251  247
  244  242  239  237  236  237  241  248  257  266  274  281  286  290  292  294
  294  293  292  290  286  282  277  272  266  260  253  244  235  227  219  211
  204  196  188  181  174  169  166  164  163  162  160  158  155  152  152  152
  153  156  159  160  164  166  175  173  171                                   
    42.5-180.0 180.0   5.0 450.0                            LAT/LON1/LON2/DLON/H
  180  195  198  211  222  240  253  265  275  282  285  284  279  273  267  262
  258  255  252  249  248  250  256  265  274  283  291  297  302  305  307  309
  310  311  311  308  303  296  289  281  274  266  258  250  241  233  225  218
  209  200  192  184  178  175  174  174  176  176  176  174  171  168  166  166
  166  168  170  170  174  176  185  184  180                                   
    40.0-180.0 180.0   5.0 450.0                            LAT/LON1/LON2/DLON/H
  189  202  204  215  227  244  258  272  284  294  300  301  298  292  286  280
  276  272  269  266  265  269  275  284  293  300  307  312  316  320  324  328
  331  334  335  332  325  314  303  291  282  273  265  257  249  241  233  224
  215  205  195  188  183  181  183  186  189  192  192  191  187  183  181  180
  178  179  180  179  182  184  193  193  189                                   
    37.5-180.0 180.0   5.0 450.0                            LAT/LON1/LON2/DLON/H
  196  207  208  218  228  245  260  275  290  302  311  315  314  310  305  300
  295  292  288  286  287  291  297  304  310  316  321  326  332  339  346  353
  360  366  367  362  352  336  320  304  292  282  274  265  257  249  240  231
  220  209  199  191  188  188  191  196  201  206  207  205  202  197  193  191
  187  186  186  184  186  187  198  198  196                                   
    35.0-180.0 180.0   5.0 450.0                            LAT/LON1/LON2/DLON/H
  200  210  211  219  229  244  260  276  292  306  318  325  327  325  321  317
  313  310  308  308  310  314  320  324  328  331  336  343  352  363  375  388
  399  406  407  400  384  363  341  321  306  294  285  276  267  258  248  237
  224  212  202  195  192  193  198  204  211  216  218  216  212  206  201  197
  193  190  188  185  185  186  198  198  200                                   
    32.5-180.0 180.0   5.0 450.0                            LAT/LON1/LON2/DLON/H
  203  212  213  220  230  243  259  275  292  307  321  330  336  336  334  330
  328  326  326  329  333  338  341  344  345  348  354  365  380  397  415  432
  446  454  454  443  421  394  365  341  322  308  297  287  276  265  254  241
  227  214  203  197  195  197  201  208  215  221  224  222  217  210  204  199
  193  189  186  181  181  182  194  195  203                                   
    30.0-180.0 180.0   5.0 450.0                            LAT/LON1/LON2/DLON/H
  205  215  217  224  234  245  262  275  292  307  321  333  340  343  343  341
  339  340  342  347  354  359  362  363  364  368  378  395  416  439  462  483
  499  507  503  487  460  426  391  362  339  323  310  297  284  271  258  243
  229  215  205  198  196  198  202  208  216  222  224  223  217  209  203  196
  190  185  181  176  175  176  190  190  205                                   
    27.5-180.0 180.0   5.0 450.0                            LAT/LON1/LON2/DLON/H
  209  220  224  231  242  252  269  281  296  310  323  336  344  349  350  350
  349  352  357  364  373  379  383  384  386  394  410  432  459  488  514  537
  553  558  550  529  496  456  416  382  356  336  320  305  290  275  260  244
  229  215  205  199  197  197  200  205  212  218  220  219  213  205  197  191
  184  180  176  171  170  171  185  186  209                                   
    25.0-180.0 180.0   5.0 450.0                            LAT/LON1/LON2/DLON/H
  214  227  233  242  255  265  281  292  305  317  329  341  351  357  359  360
  361  365  372  381  391  398  403  406  413  426  447  476  507  537  565  587
  600  601  589  562  525  481  438  400  370  346  327  310  293  277  261  245
  229  216  205  199  195  194  195  199  204  210  213  211  206  198  190  184
  178  176  172  168  167  169  183  183  214                                   
    22.5-180.0 180.0   5.0 450.0                            LAT/LON1/LON2/DLON/H
  220  235  243  254  270  280  298  308  321  330  341  352  361  369  373  375
  377  382  389  400  410  419  425  432  443  462  489  520  552  581  605  623
  632  629  612  582  543  498  453  413  380  354  333  314  296  279  263  246
  230  216  205  197  193  190  189  191  195  200  203  202  197  190  183  178
  173  172  169  166  166  168  181  182  220                                   
    20.0-180.0 180.0   5.0 450.0                            LAT/LON1/LON2/DLON/H
  226  243  253  265  284  297  317  328  340  349  358  368  378  386  392  395
  398  404  411  421  432  441  449  460  476  499  528  558  586  610  628  640
  644  637  618  587  549  506  463  423  389  361  339  319  302  285  268  251
  234  218  206  196  190  185  183  183  186  190  193  192  188  182  177  172
  169  169  168  165  165  167  179  181  226                                   
    17.5-180.0 180.0   5.0 450.0                            LAT/LON1/LON2/DLON/H
  228  247  259  273  295  310  333  346  359  369  378  388  399  408  415  421
  425  431  438  447  456  466  476  489  508  532  559  585  605  619  629  634
  634  625  606  578  544  507  467  429  396  369  347  328  311  295  279  261
  242  223  208  197  188  182  179  178  180  183  184  183  180  176  172  168
  165  166  165  163  163  165  175  178  228                                   
    15.0-180.0 180.0   5.0 450.0                            LAT/LON1/LON2/DLON/H
  225  246  259  276  301  318  343  359  376  387  397  409  420  432  441  448
  454  460  467  474  482  491  502  517  536  559  580  597  607  611  612  612
  608  598  582  560  533  503  469  435  405  379  358  341  326  311  293  274
  252  231  213  200  190  183  178  176  177  178  178  176  174  171  169  166
  163  163  161  159  158  159  167  171  225                                   
    12.5-180.0 180.0   5.0 450.0                            LAT/LON1/LON2/DLON/H
  216  237  253  273  299  319  347  366  385  399  411  424  438  452  464  474
  482  489  495  501  507  516  527  542  559  576  589  595  595  590  585  580
  576  569  557  541  522  499  472  442  415  391  373  358  343  328  309  288
  263  240  220  204  194  186  181  178  178  177  175  172  169  167  166  164
  160  158  155  151  149  149  155  161  216                                   
    10.0-180.0 180.0   5.0 450.0                            LAT/LON1/LON2/DLON/H
  201  223  241  263  291  313  343  364  386  403  417  433  449  465  479  492
  503  511  518  523  528  536  547  560  573  583  587  584  575  565  557  552
  549  545  538  527  514  497  475  450  425  403  387  373  359  342  322  298
  271  246  224  208  197  190  185  183  181  178  174  169  166  165  164  161
  157  153  146  140  137  136  140  149  201                                   
     7.5-180.0 180.0   5.0 450.0                            LAT/LON1/LON2/DLON/H
  183  207  225  250  279  303  334  358  381  400  416  433  451  469  485  500
  513  524  531  536  542  549  559  571  579  582  579  568  555  544  537  535
