data/edconvlstm_nd/pred3080.15i
     1.0            IONOSPHERE MAPS     GNSS                IONEX VERSION / TYPE
pyspatialgeodesy        IME             05-JAN-18 20:20     PGM / RUN BY / DATE 
Map Name                                                    COMMENT             
Predicted global ionosphere maps (GIM).                     DESCRIPTION         
  2015    11     4     0     0     0                        EPOCH OF FIRST MAP  
  2015    11     5     0     0     0                        EPOCH OF LAST MAP   
  7200                                                      INTERVAL            
    13                                                      # OF MAPS IN FILE   
  NONE                                                      MAPPING FUNCTION    
10.0                                                        ELEVATION CUTOFF    
One-way carrier phase leveled to code                       OBSERVABLES USED    
  6371.0                                                    BASE RADIUS         
 2                                                          MAP DIMENSION       
   450.0 450.0   0.0                                        HGT1 / HGT2 / DHGT  
    87.5 -87.5  -2.5                                        LAT1 / LAT2 / DLAT  
  -180.0 180.0   5.0                                        LON1 / LON2 / DLON  
    -1                                                      EXPONENT            
                                                            END OF HEADER       
[from data line 2145]
     6                                                      START OF TEC MAP    
  2015    11     4    10     0     0                        EPOCH OF CURRENT MAP
    87.5-180.0 180.0   5.0 450.0                            LAT/LON1/LON2/DLON/H
   52   61   62   65   68   69   71   67   69   73   74   75   76   77   77   78
   78   78   78   78   77   77   77   76   76   75   75   74   74   73   73   72
   72   71   70   70   69   68   68   67   66   65   65   64   63   62   62   61
   60   59   59   58   57   56   56   55   54   54   53   52   52   51   51   51
   51   52   50   49   55   59   72   73   52                                   
    85.0-180.0 180.0   5.0 450.0                            LAT/LON1/LON2/DLON/H
   49   65   74   64   67   72   74   75   77   81   82   84   85   86   86   87
   87   87   87   87   87   87   87   86   86   86   85   85   84   84   83   83
   82   82   81   80   80   79   78   78   77   76   74   73   72   71   69   68
   67   66   65   64   63   62   61   60   60   59   58   57   57   56   55   55
   56   56   52   51   54   58   69   69   49                                   
    82.5-180.0 180.0   5.0 450.0                            LAT/LON1/LON2/DLON/H
   45   51   65   59   61   65   69   71   75   78   80   82   83   84   84   84
   84   84   84   84   84   84   84   84   84   84   84   84   84   83   83   83
   83   84   84   84   85   85   85   84   84   83   81   80   78   77   75   73
   72   70   68   67   66   65   64   62   61   60   59   57   56   54   53   52
   51   50   46   45   51   54   53   54   45                                   
    80.0-180.0 180.0   5.0 450.0                            LAT/LON1/LON2/DLON/H
   46   43   56   52   56   56   61   64   68   71   73   75   75   76   76   75
   75   75   75   75   76   77   77   78   79   79   79   80   80   80   81   82
   83   85   87   89   91   93   94   95   95   94   93   92   90   88   85   83
   81   79   78   76   75   73   72   70   69   67   65   63   61   58   55   52
   50   47   45   42   45   48   48   50   46                                   
    77.5-180.0 180.0   5.0 450.0                            LAT/LON1/LON2/DLON/H
   54   44   50   49   50   53   58   61   65   66   67   69   68   67   67   66
   65   65   65   67   68   70   72   74   75   76   77   77   78   79   80   83
   86   91   96  101  106  110  113  116  117  117  116  114  112  109  106  104
  102  100   98   97   96   94   93   91   89   87   84   81   77   73   69   64
   59   54   49   45   43   37   39   44   54                                   
    75.0-180.0 180.0   5.0 450.0                            LAT/LON1/LON2/DLON/H
   52   45   47   48   49   53   56   57   59   60   59   59   57   55   53   52
   51   51   52   54   56   60   64   67   70   71   72   73   73   75   77   81
   87   94  102  111  119  127  133  137  140  141  140  138  136  133  130  127
  125  123  122  120  118  116  115  112  110  108  105  101   97   92   86   80
   73   66   60   52   49   41   40   39   52                                   
    72.5-180.0 180.0   5.0 450.0                            LAT/LON1/LON2/DLON/H
   60   54   54   55   55   60   62   62   61   61   58   57   53   50   47   45
   43   43   45   48   52   58   63   68   71   73   74   74   74   76   79   85
   93  104  116  129  141  152  161  168  171  172  171  169  166  163  159  156
  154  152  149  147  144  142  139  136  133  130  126  122  117  112  106   99
   91   83   77   68   62   54   50   51   60                                   
    70.0-180.0 180.0   5.0 450.0                            LAT/LON1/LON2/DLON/H
   71   66   67   68   67   69   68   67   66   64   60   58   53   49   45   42
   40   40   42   46   53   61   68   74   78   79   79   78   78   79   83   90
  101  115  131  148  163  177  188  196  201  202  200  198  194  190  186  182
  179  176  173  169  165  160  156  151  146  142  138  133  128  123  117  110
  103   95   89   80   75   68   67   67   71                                   
    67.5-180.0 180.0   5.0 450.0                            LAT/LON1/LON2/DLON/H
   79   78   80   80   79   81   80   78   76   73   69   66   61   57   52   48
   46   46   49   54   62   70   78   84   87   88   86   84   83   84   88   97
  111  128  148  167  186  202  214  222  226  227  225  221  216  212  207  203
  199  195  190  184  178  171  163  156  150  144  138  134  129  124  119  113
  107  100   95   87   83   79   78   77   79                                   
    65.0-180.0 180.0   5.0 450.0                            LAT/LON1/LON2/DLON/H
   85   89   91   91   90   92   89   88   85   83   79   77   73   70   65   62
   59   59   62   67   75   83   91   96   98   97   94   90   88   89   96  107
  124  144  167  189  209  225  238  246  250  250  247  242  237  231  226  221
  217  211  205  196  187  177  166  156  147  139  132  127  122  117  112  107
  102   97   94   88   87   87   87   87   85                                   
    62.5-180.0 180.0   5.0 450.0                            LAT/LON1/LON2/DLON/H
   86   92   95   95   94   96   93   92   90   89   87   87   85   83   81   78
   76   75   77   81   87   94   99  103  103  100   96   91   90   93  101  116
  137  160  184  208  228  244  256  263  267  266  262  257  251  245  239  234
  229  222  214  203  191  178  165  152  140  130  122  115  110  104   99   94
   89   85   83   80   81   84   86   87   86                                   
    60.0-180.0 180.0   5.0 450.0                            LAT/LON1/LON2/DLON/H
   82   89   91   90   90   91   89   87   87   87   87   90   91   92   93   92
   90   89   89   90   93   97  100  102  100   96   91   87   87   93  106  125
  149  175  201  224  243  258  269  275  277  276  272  266  259  253  248  242
  236  229  220  208  194  179  163  149  135  124  114  106   98   92   85   79
   74   70   69   67   70   74   78   78   82                                   
    57.5-180.0 180.0   5.0 450.0                            LAT/LON1/LON2/DLON/H
   75   81   82   81   81   82   80   78   78   79   82   87   91   96   99  100
  100   97   95   94   94   95   95   95   92   88   83   81   84   94  111  135
  163  191  217  240  257  270  278  283  284  283  278  272  266  261  255  250
  245  237  228  216  201  186  170  155  140  128  117  107   98   89   80   73
   66   60   60   58   62   64   68   69   75                                   
    55.0-180.0 180.0   5.0 450.0                            LAT/LON1/LON2/DLON/H
   68   72   72   71   71   71   69   67   66   67   71   77   84   91   97  101
  102   99   95   91   88   87   86   84   81   77   75   75   82   97  119  147
  178  207  233  253  268  277  284  287  287  286  282  277  272  267  262  258
  252  245  236  225  211  197  182  168  154  141  129  118  107   96   85   76
   67   60   58   55   58   58   62   61   68                                   
    52.5-180.0 180.0   5.0 450.0                            LAT/LON1/LON2/DLON/H
   64   65   64   63   63   64   61   58   56   56   58   64   72   81   89   95
   98   96   91   85   80   77   75   73   71   69   69   73   83  102  128  160
  192  222  247  264  275  282  285  287  288  287  284  280  276  273  269  265
  260  253  245  234  223  211  198  185  172  160  149  137  125  113  100   89
   77   69   65   61   62   59   61   59   64                                   
    50.0-180.0 180.0   5.0 450.0                            LAT/LON1/LON2/DLON/H
   66   64   61   61   61   62   59   54   50   48   48   53   60   69   78   86
   90   89   84   77   72   68   67   66   66   66   68   75   89  110  139  173
  206  235  257  271  279  282  284  286  287  287  286  284  281  278  275  272
  266  260  252  243  233  223  212  201  190  179  168  157  146  133  119  107
   94   85   79   73   72   68   69   65   66                                   
    47.5-180.0 180.0   5.0 450.0                            LAT/LON1/LON2/DLON/H
   72   69   65   65   65   68   63   57   51   46   44   46   51   59   68   77
   82   82   77   71   66   64   63   65   67   69   74   82   98  121  150  184
  216  244  263  274  279  281  282  284  286  288  288  287  285  283  280  276
  271  264  256  247  239  229  220  210  200  191  181  171  160  148  135  123
  111  102   95   88   87   83   83   79   72                                   
    45.0-180.0 180.0   5.0 450.0                            LAT/LON1/LON2/DLON/H
   81   78   74   75   75   78   74   66   58   51   46   45   48   55   63   72
   77   77   74   69   65   64   66   69   73   77   84   94  109  131  160  191
  221  247  264  273  277  278  281  284  287  289  290  289  288  286  283  278
  272  264  256  247  238  229  219  210  200  191  182  172  163  152  141  131
  121  113  107  101  101   99   98   96   81                                   
    42.5-180.0 180.0   5.0 450.0                            LAT/LON1/LON2/DLON/H
   89   87   84   87   87   91   87   80   71   63   56   53   54   58   66   73
   77   78   75   72   70   71   74   78   83   89   96  106  121  141  166  194
  221  245  261  270  274  277  281  286  290  292  292  291  289  286  282  277
  270  261  252  243  233  223  212  201  190  181  172  163  154  145  136  127
  119  113  109  105  107  108  109  108   89                                   
    40.0-180.0 180.0   5.0 450.0                            LAT/LON1/LON2/DLON/H
   90   92   90   96   97  101   99   94   87   79   72   68   68   71   76   81
   84   84   82   80   79   81   85   89   95  100  108  118  131  148  169  194
  218  240  256  267  274  280  286  291  295  297  296  293  290  286  282  275
  267  258  249  239  228  215  202  190  178  167  158  149  139  130  122  115
  108  103  101   99  103  107  110  110   90                                   
    37.5-180.0 180.0   5.0 450.0                            LAT/LON1/LON2/DLON/H
   85   89   89   96   99  103  104  103   99   95   91   88   87   89   92   95
   96   95   93   91   91   93   96   99  104  109  117  127  139  154  171  192
  214  235  252  266  277  286  294  301  305  304  301  297  293  288  283  277
  269  260  251  241  229  215  201  186  173  162  151  141  130  119  109  101
   94   88   86   84   89   93   98  100   85                                   
    35.0-180.0 180.0   5.0 450.0                            LAT/LON1/LON2/DLON/H
   77   81   81   89   93   97  101  104  105  106  106  107  108  109  110  110
  110  108  105  103  103  103  104  106  109  114  123  133  145  159  174  192
  212  233  252  269  284  297  308  315  318  316  311  306  301  297  292  286
  279  272  264  255  243  229  214  200  186  175  163  151  137  123  110   99
   88   79   74   70   72   74   82   84   77                                   
    32.5-180.0 180.0   5.0 450.0                            LAT/LON1/LON2/DLON/H
   68   71   70   77   81   84   89   95  102  108  115  120  123  125  125  124
  122  119  116  114  112  111  109  109  110  116  126  138  151  164  179  195
  214  235  256  276  295  311  324  332  335  332  326  321  317  314  310  306
  301  296  291  284  274  261  247  234  222  211  199  185  168  150  132  117
  101   86   76   65   62   60   68   70   68                                   
    30.0-180.0 180.0   5.0 450.0                            LAT/LON1/LON2/DLON/H
   63   63   59   65   67   68   73   81   91  101  113  123  130  133  134  132
  129  126  123  120  117  114  110  108  109  116  127  142  157  172  186  201
  220  241  264  287  308  327  343  352  355  353  348  344  341  340  339  336
  334  332  331  327  320  310  299  289  279  270  259  243  224  202  179  159
  137  116   99   79   68   59   65   63   63                                   
    27.5-180.0 180.0   5.0 450.0                            LAT/LON1/LON2/DLON/H
   67   63   55   58   57   55   58   65   76   88  103  116  126  131  133  132
  129  126  123  120  117  112  108  105  107  115  129  146  164  181  195  211
  229  251  275  299  323  345  362  373  378  377  375  373  374  375  376  377
  378  380  383  383  380  374  367  360  354  348  337  321  299  273  247  222
  196  170  145  115   95   78   78   70   67                                   
    25.0-180.0 180.0   5.0 450.0                            LAT/LON1/LON2/DLON/H
   83   76   63   59   55   50   50   53   62   74   88  103  114  120  123  123
  122  120  118  116  112  108  104  102  105  115  131  152  172  190  206  222
  241  263  287  313  338  361  380  394  401  404  405  408  412  417  421  425
  430  436  443  448  450  447  444  442  439  435  425  407  383  354  325  296
  266  237  206  169  142  116  109   94   83                                   
    22.5-180.0 180.0   5.0 450.0                            LAT/LON1/LON2/DLON/H
  115  105   87   74   66   56   52   50   56   64   76   88   98  105  108  110
  110  110  109  108  105  102   99   99  104  117  135  157  179  200  218  235
  254  276  301  327  353  377  397  413  423  430  436  443  451  460  468  475
  484  494  505  513  517  517  517  518  518  514  503  484  458  427  395  364
  333  303  269  232  200  170  155  135  115                                   
    20.0-180.0 180.0   5.0 450.0                            LAT/LON1/LON2/DLON/H
  161  150  128  106   90   75   66   59   59   63   70   78   86   91   94   96
   98   99  100  100   98   96   95   97  106  120  141  164  187  208  228  247
  267  289  313  339  365  390  411  429  443  454  464  475  487  499  510  521
  532  543  555  563  567  568  569  569  569  564  551  530  503  471  439  408
  379  354  321  289  257  229  209  189  161                                   
    17.5-180.0 180.0   5.0 450.0                            LAT/LON1/LON2/DLON/H
  211  206  183  152  127  106   91   79   73   72   74   77   80   83   85   87
   89   90   92   92   92   91   92   98  109  126  147  170  193  215  236  257
  277  300  324  350  376  400  423  442  458  473  486  501  515  530  542  554
  565  576  585  591  592  590  588  586  583  574  559  536  509  478  448  420
  396  377  353  331  304  282  264  245  211                                   
    15.0-180.0 180.0   5.0 450.0                            LAT/LON1/LON2/DLON/H
  254  259  239  205  173  148  127  109   97   90   86   85   84   83   84   85
   86   87   88   89   89   89   93  101  115  133  154  176  198  220  242  263
  285  308  332  358  383  408  431  451  470  486  502  518  533  548  560  572
  582  590  595  595  591  586  580  574  566  554  536  512  485  457  429  404
  385  374  360  349  332  319  307  292  254                                   
    12.5-180.0 180.0   5.0 450.0                            LAT/LON1/LON2/DLON/H
  281  294  282  251  218  192  169  147  130  116  107  100   95   91   90   89
   89   89   90   90   90   91   96  106  122  141  161  181  202  223  246  268
  291  315  339  364  390  414  436  457  477  495  512  528  542  555  566  576
  583  588  588  584  576  566  557  548  536  520  500  476  449  422  396  374
  358  351  347  346  340  336  331  320  281                                   
    10.0-180.0 180.0   5.0 450.0                            LAT/LON1/LON2/DLON/H
  290  308  301  276  250  228  208  186  165  147  132  120  111  105  101   99
   97   96   95   95   96   98  104  114  130  148  167  186  206  228  250  273
  296  320  344  369  393  417  439  461  482  501  518  531  543  553  562  570
  576  578  576  568  558  546  535  523  509  492  470  445  418  390  364  342
  326  322  323  329  332  334  335  327  290                                   
     7.5-180.0 180.0   5.0 450.0                            LAT/LON1/LON2/DLON/H
  286  304  299  279  263  247  234  217  197  177  159  143  131  122  116  112
  108  105  103  103  105  108  113  123  138  155  174  193  213  234  256  278
