data/edconvlstm_nd/pred0940.15i
     1.0            IONOSPHERE MAPS     GNSS                IONEX VERSION / TYPE
pyspatialgeodesy        IME             05-JAN-18 20:20     PGM / RUN BY / DATE 
Map Name                                                    COMMENT             
Predicted global ionosphere maps (GIM).                     DESCRIPTION         
  2015     4     4     0     0     0                        EPOCH OF FIRST MAP  
  2015     4     5     0     0     0                        EPOCH OF LAST MAP   
  7200                                                      INTERVAL            
    13                                                      # OF MAPS IN FILE   
  NONE                                                      MAPPING FUNCTION    
10.0                                                        ELEVATION CUTOFF    
One-way carrier phase leveled to code                       OBSERVABLES USED    
  6371.0                                                    BASE RADIUS         
 2                                                          MAP DIMENSION       
   450.0 450.0   0.0                                        HGT1 / HGT2 / DHGT  
    87.5 -87.5  -2.5                                        LAT1 / LAT2 / DLAT  
  -180.0 180.0   5.0                                        LON1 / LON2 / DLON  
    -1                                                      EXPONENT            
                                                            END OF HEADER       
     1                                                      START OF TEC MAP    
  2015     4     4     0     0     0                        EPOCH OF CURRENT MAP
    87.5-180.0 180.0   5.0 450.0                            LAT/LON1/LON2/DLON/H
  168  174  181  171  171  172  169  169  169  169  170  170  170  170  170  169
  168  167  166  165  163  162  160  159  157  155  154  152  151  150  149  147
  147  146  146  145  145  145  146  146  147  147  148  149  149  150  151  152
  152  153  154  154  155  156  156  157  157  158  158  158  158  158  159  159
  160  161  162  162  161  160  161  168  168                                   
    85.0-180.0 180.0   5.0 450.0                            LAT/LON1/LON2/DLON/H
  185  184  172  176  182  183  180  180  180  180  180  180  180  179  178  176
  175  173  171  168  166  164  161  158  156  153  150  148  145  143  141  139
  138  137  137  137  138  139  140  141  142  144  146  147  149  150  151  153
  154  155  156  157  158  159  160  161  161  162  163  163  164  164  164  165
  166  168  169  171  164  170  170  172  185                                   
    82.5-180.0 180.0   5.0 450.0                            LAT/LON1/LON2/DLON/H
  182  180  182  184  190  192  191  192  195  195  195  195  194  193  191  188
  185  182  179  175  172  168  164  160  155  151  147  143  139  135  132  130
  128  127  127  128  129  130  132  135  137  140  142  144  146  148  150  152
  153  155  156  158  159  160  161  163  164  165  166  166  167  167  168  170
  171  172  173  171  170  162  166  166  182                                   
    80.0-180.0 180.0   5.0 450.0                            LAT/LON1/LON2/DLON/H
  181  184  183  187  195  200  205  209  213  214  215  216  214  212  209  204
  199  194  189  184  178  172  167  161  155  149  143  137  132  127  123  121
  119  119  119  121  123  126  129  133  136  139  142  144  147  148  150  152
  153  155  156  158  159  161  162  163  165  166  167  168  169  170  171  172
  173  173  173  171  177  171  176  178  181                                   
    77.5-180.0 180.0   5.0 450.0                            LAT/LON1/LON2/DLON/H
  189  190  191  197  203  209  219  227  233  235  238  238  237  233  228  221
  214  206  199  192  185  179  172  166  159  152  145  138  131  126  122  119
  118  118  120  122  125  129  133  137  140  143  145  147  148  149  150  150
  151  152  153  154  156  158  160  161  163  165  166  168  169  170  171  173
  173  175  175  174  179  182  182  187  189                                   
    75.0-180.0 180.0   5.0 450.0                            LAT/LON1/LON2/DLON/H
  201  201  200  206  212  219  230  240  249  253  256  257  254  248  240  230
  219  209  200  192  185  179  173  166  160  153  145  138  132  126  122  120
  119  120  122  125  129  133  137  140  143  144  145  145  145  145  144  144
  144  145  146  148  150  152  154  157  159  161  163  165  166  167  169  171
  171  173  175  171  177  185  185  192  201                                   
    72.5-180.0 180.0   5.0 450.0                            LAT/LON1/LON2/DLON/H
  203  209  209  212  218  227  239  250  262  269  273  273  268  259  247  232
  218  206  195  186  180  175  170  166  160  155  148  141  135  129  125  123
  122  123  126  129  132  136  139  142  143  143  142  140  138  136  135  134
  134  134  136  139  142  145  149  152  155  157  159  161  162  163  165  167
  168  171  175  173  177  185  187  199  203                                   
    70.0-180.0 180.0   5.0 450.0                            LAT/LON1/LON2/DLON/H
  211  213  213  219  225  234  246  260  274  283  288  288  282  269  252  233
  215  199  187  179  174  170  168  165  161  156  150  144  138  132  128  126
  125  126  128  131  134  137  139  140  140  138  136  133  129  126  123  122
  123  124  128  132  136  141  146  150  154  156  159  160  162  162  164  166
  167  170  176  176  182  191  192  205  211                                   
    67.5-180.0 180.0   5.0 450.0                            LAT/LON1/LON2/DLON/H
  215  219  216  222  227  235  248  263  280  292  300  301  293  277  256  233
  212  194  182  174  170  168  167  166  163  158  152  145  139  133  129  126
  125  126  127  129  131  132  133  132  130  127  123  118  114  110  107  106
  108  111  116  122  129  136  141  146  151  154  156  158  160  160  161  163
  164  168  174  174  183  193  195  209  215                                   
    65.0-180.0 180.0   5.0 450.0                            LAT/LON1/LON2/DLON/H
  217  219  215  221  226  232  244  261  280  296  307  310  302  285  262  237
  214  196  183  176  173  173  172  170  167  161  153  146  138  132  128  125
  123  123  123  123  124  124  123  122  119  115  110  104   99   95   92   92
   95  100  107  116  125  133  140  146  150  154  157  159  161  162  163  164
  164  168  174  175  183  195  197  212  217                                   
    62.5-180.0 180.0   5.0 450.0                            LAT/LON1/LON2/DLON/H
  219  220  216  219  223  226  237  254  276  295  309  316  311  295  272  247
  224  206  195  189  186  185  182  178  171  163  153  144  136  130  125  122
  120  118  117  116  115  115  113  111  108  104   99   93   88   83   81   82
   85   92  102  112  123  133  141  147  152  156  160  163  165  167  168  170
  170  172  178  178  185  196  199  215  219                                   
    60.0-180.0 180.0   5.0 450.0                            LAT/LON1/LON2/DLON/H
  223  224  220  220  223  223  231  247  269  289  306  316  314  302  282  260
  241  225  215  210  206  201  195  186  175  163  151  141  133  127  122  118
  115  113  111  109  108  107  106  104  101   97   92   87   82   77   75   76
   80   88   99  111  123  134  143  149  155  159  164  168  172  176  178  180
  180  181  187  187  191  201  203  219  223                                   
    57.5-180.0 180.0   5.0 450.0                            LAT/LON1/LON2/DLON/H
  235  237  232  230  231  227  231  243  263  281  299  311  313  306  292  276
  261  249  241  235  228  219  207  192  177  162  149  138  131  125  121  118
  114  111  108  106  105  104  103  102  100   97   93   88   83   78   76   77
   81   89  100  113  125  137  145  152  157  163  168  175  181  187  191  195
  195  197  202  201  205  212  214  231  235                                   
    55.0-180.0 180.0   5.0 450.0                            LAT/LON1/LON2/DLON/H
  256  260  255  251  251  244  243  249  263  277  291  302  307  305  297  288
  280  273  266  258  248  233  216  197  179  163  150  141  134  130  126  122
  118  114  111  109  108  107  107  107  106  104  100   95   91   86   84   84
   87   94  105  117  129  140  149  156  161  167  174  182  191  200  208  213
  215  218  224  223  226  231  232  249  256                                   
    52.5-180.0 180.0   5.0 450.0                            LAT/LON1/LON2/DLON/H
  287  294  287  283  283  274  269  267  272  279  287  295  300  300  299  297
  294  290  284  274  260  243  223  203  184  170  159  151  146  142  138  133
  128  123  119  117  116  116  117  118  117  116  112  108  104  100   97   96
   98  103  112  122  134  144  153  160  166  173  181  191  203  215  225  233
  238  243  250  249  252  256  257  275  287                                   
    50.0-180.0 180.0   5.0 450.0                            LAT/LON1/LON2/DLON/H
  323  332  326  325  324  315  306  297  293  290  291  293  295  297  299  301
  301  299  292  281  266  248  229  211  196  185  177  171  166  161  155  148
  141  135  131  128  127  128  129  131  131  130  127  123  119  116  113  111
  112  115  121  129  140  150  159  167  174  182  192  204  217  231  244  254
  261  269  278  277  281  286  288  305  323                                   
    47.5-180.0 180.0   5.0 450.0                            LAT/LON1/LON2/DLON/H
  359  370  368  369  369  362  352  336  324  312  304  299  298  298  301  304
  305  302  294  282  267  252  238  226  216  208  202  197  190  182  173  164
  155  147  142  139  138  140  142  143  144  143  141  138  135  133  130  128
  126  127  130  137  146  157  167  177  186  196  207  220  235  249  263  275
  284  295  305  305  311  316  320  337  359                                   
    45.0-180.0 180.0   5.0 450.0                            LAT/LON1/LON2/DLON/H
  389  401  404  408  410  407  398  380  361  342  327  316  310  308  309  310
  308  303  293  282  271  261  254  247  242  237  231  223  213  200  187  175
  165  156  151  148  148  150  152  154  155  154  153  151  150  149  147  144
  141  139  140  145  154  165  177  189  200  212  225  239  254  269  282  295
  306  318  329  331  339  343  349  365  389                                   
    42.5-180.0 180.0   5.0 450.0                            LAT/LON1/LON2/DLON/H
  408  422  427  435  440  441  435  419  399  377  357  342  332  327  324  322
  317  308  298  289  283  279  278  276  272  266  256  242  227  210  194  181
  170  163  159  157  157  159  162  164  164  163  163  162  162  163  162  159
  155  151  150  154  163  175  190  204  217  231  245  260  275  289  303  315
  326  339  352  355  363  366  374  389  408                                   
    40.0-180.0 180.0   5.0 450.0                            LAT/LON1/LON2/DLON/H
  420  432  437  446  454  460  458  447  431  410  391  374  363  355  349  342
  333  322  312  307  306  308  309  307  300  287  270  250  230  211  195  184
  176  172  170  169  169  171  172  174  173  173  172  173  174  176  175  172
  167  161  159  162  171  186  202  219  234  250  265  282  298  312  325  338
  349  362  374  378  384  387  397  412  420                                   
    37.5-180.0 180.0   5.0 450.0                            LAT/LON1/LON2/DLON/H
  431  438  440  447  457  464  465  460  451  436  421  407  397  388  380  370
  358  346  338  337  339  343  343  335  318  297  272  248  227  210  198  191
  188  187  187  187  187  187  187  187  186  185  184  185  187  188  187  182
  176  169  166  168  178  194  213  232  250  268  285  303  321  338  352  366
  377  389  400  403  407  410  422  440  431                                   
    35.0-180.0 180.0   5.0 450.0                            LAT/LON1/LON2/DLON/H
  450  451  447  448  456  463  464  464  462  454  445  436  429  422  413  402
  389  379  374  374  378  378  370  351  325  295  268  245  228  217  211  210
  212  214  215  214  213  211  209  207  204  201  200  201  202  201  197  190
  181  173  169  171  180  197  218  240  261  282  302  324  346  366  385  401
  413  424  433  434  437  442  457  479  450                                   
    32.5-180.0 180.0   5.0 450.0                            LAT/LON1/LON2/DLON/H
  486  482  468  459  461  464  464  466  469  467  464  459  455  450  444  434
  423  414  412  413  413  404  385  355  321  290  266  251  242  239  240  244
  249  253  254  251  247  243  238  233  227  223  221  220  219  215  207  196
  184  174  168  169  178  195  216  240  264  289  314  341  369  397  423  444
  460  471  477  475  480  488  505  533  486                                   
    30.0-180.0 180.0   5.0 450.0                            LAT/LON1/LON2/DLON/H
  545  537  514  493  485  483  478  479  483  484  482  480  477  474  469  461
  453  447  444  442  435  416  386  350  317  291  277  272  274  279  286  293
  299  302  300  295  288  281  272  264  256  249  245  242  237  229  216  200
  185  173  167  167  175  190  211  235  262  290  320  354  390  428  463  494
  516  529  535  531  540  554  573  604  545                                   
    27.5-180.0 180.0   5.0 450.0                            LAT/LON1/LON2/DLON/H
  628  619  592  560  541  532  520  517  518  516  512  506  501  497  492  485
  477  471  465  457  440  412  378  344  318  305  304  312  324  336  345  352
  356  355  350  341  331  319  308  296  284  274  268  263  255  242  224  204
  186  173  166  165  171  185  205  230  258  289  323  363  408  455  502  544
  576  595  604  604  616  640  662  693  628                                   
    25.0-180.0 180.0   5.0 450.0                            LAT/LON1/LON2/DLON/H
  729  721  698  664  634  617  597  586  580  572  560  547  535  525  517  508
  497  487  474  457  431  400  368  344  333  334  347  367  386  402  411  413
  411  405  395  382  367  352  336  321  306  295  286  279  268  251  229  206
  186  172  165  164  169  181  199  224  253  286  324  369  421  478  535  587
  630  657  673  683  700  733  762  791  729                                   
    22.5-180.0 180.0   5.0 450.0                            LAT/LON1/LON2/DLON/H
  837  829  815  790  754  731  704  685  669  652  629  605  583  565  550  534
  517  499  477  451  420  390  367  357  361  378  403  430  453  466  470  465
  455  441  425  406  387  369  351  334  318  305  296  288  276  256  231  206
  186  173  166  164  167  177  195  219  248  283  323  372  430  493  557  618
  669  704  730  751  772  809  846  879  837                                   
    20.0-180.0 180.0   5.0 450.0                            LAT/LON1/LON2/DLON/H
  930  923  918  906  876  853  826  800  776  750  717  681  647  619  594  569
  543  514  483  450  417  391  379  382  402  431  463  491  508  514  507  491
  472  450  428  405  384  366  348  332  317  305  297  290  278  257  232  206
  186  173  166  163  165  175  192  217  247  282  324  376  436  503  571  636
  692  732  765  795  817  851  893  936  930                                   
    17.5-180.0 180.0   5.0 450.0                            LAT/LON1/LON2/DLON/H
  983  980  987  986  970  957  935  911  885  853  813  768  724  685  649  615
  578  539  499  461  428  407  404  420  450  484  513  531  536  526  506  480
  452  425  400  378  359  343  330  317  306  298  292  286  275  255  230  205
  185  173  165  161  163  172  191  217  249  287  330  383  444  511  580  645
  702  743  778  810  831  855  896  951  983                                   
    15.0-180.0 180.0   5.0 450.0                            LAT/LON1/LON2/DLON/H
  977  983 1006 1017 1018 1018 1008  992  971  943  904  856  806  758  715  671
  625  577  530  487  454  437  441  464  496  524  538  536  521  495  464  431
  400  372  350  332  320  312  305  297  290  285  282  278  268  249  225  201
  183  171  163  158  160  170  190  220  257  297  343  396  457  523  588  649
  703  743  776  805  821  833  868  928  977                                   
    12.5-180.0 180.0   5.0 450.0                            LAT/LON1/LON2/DLON/H
  923  938  979 1003 1015 1027 1030 1026 1016  999  968  926  879  830  783  734
  681  627  574  528  495  480  486  507  529  538  527  500  465  429  394  360
  330  308  294  288  286  285  283  280  276  273  271  267  257  240  217  196
  179  167  158  153  155  166  191  226  267  311  359  414  474  537  598  654
  703  738  768  790  798  799  823  880  923                                   
    10.0-180.0 180.0   5.0 450.0                            LAT/LON1/LON2/DLON/H
  854  878  926  956  972  990 1001 1009 1013 1010  994  966  928  886  842  795
  742  685  631  584  549  532  532  540  540  520  481  433  387  347  313  285
  264  255  256  263  269  273  273  270  266  263  260  255  245  227  207  187
  171  160  151  146  149  164  192  231  275  322  371  427  488  550  607  658
  702  734  760  774  774  766  779  828  854                                   
     7.5-180.0 180.0   5.0 450.0                            LAT/LON1/LON2/DLON/H
  800  827  872  896  909  926  941  957  973  983  982  968  945  916  882  843
  796  744  692  646  610  585  569  553  523  475  415  354  304  268  244  231
