data/edconvlstm_nd/pred0040.15i
     1.0            IONOSPHERE MAPS     GNSS                IONEX VERSION / TYPE
pyspatialgeodesy        IME             05-JAN-18 20:20     PGM / RUN BY / DATE 
Map Name                                                    COMMENT             
Predicted global ionosphere maps (GIM).                     DESCRIPTION         
  2015     1     4     0     0     0                        EPOCH OF FIRST MAP  
  2015     1     5     0     0     0                        EPOCH OF LAST MAP   
  7200                                                      INTERVAL            
    13                                                      # OF MAPS IN FILE   
  NONE                                                      MAPPING FUNCTION    
10.0                                                        ELEVATION CUTOFF    
One-way carrier phase leveled to code                       OBSERVABLES USED    
  6371.0                                                    BASE RADIUS         
 2                                                          MAP DIMENSION       
   450.0 450.0   0.0                                        HGT1 / HGT2 / DHGT  
    87.5 -87.5  -2.5                                        LAT1 / LAT2 / DLAT  
  -180.0 180.0   5.0                                        LON1 / LON2 / DLON  
    -1                                                      EXPONENT            
                                                            END OF HEADER       
[from data line 429]
     2                                                      START OF TEC MAP    
  2015     1     4     2     0     0                        EPOCH OF CURRENT MAP
    87.5-180.0 180.0   5.0 450.0                            LAT/LON1/LON2/DLON/H
   71   81   75   76   72   74   70   67   68   68   68   69   69   69   69   69
   68   68   67   66   65   65   64   63   62   61   60   59   58   57   56   55
   55   54   54   54   54   54   55   55   56   57   58   59   60   61   63   64
   65   66   67   68   69   69   70   70   71   71   71   72   71   71   71   72
   73   73   71   70   71   85   90   81   71                                   
    85.0-180.0 180.0   5.0 450.0                            LAT/LON1/LON2/DLON/H
   75   93   83   87   87   88   85   84   84   84   83   84   84   83   83   82
   81   79   78   76   74   72   70   68   66   64   63   61   59   58   57   56
   55   55   55   55   56   57   58   59   61   63   64   66   68   70   72   74
   75   77   78   80   81   82   83   83   84   85   85   86   86   87   87   88
   90   90   89   91   94   95  105   91   75                                   
    82.5-180.0 180.0   5.0 450.0                            LAT/LON1/LON2/DLON/H
   83   89  107   97   92   94   91   90   91   91   91   92   92   92   91   90
   88   86   83   81   78   74   71   68   65   62   59   56   53   51   49   48
   47   47   47   48   49   51   54   56   59   62   65   68   71   74   77   79
   81   83   85   87   88   89   90   91   92   93   94   94   95   96   96   98
   99   99   97   95  106   94   98   94   83                                   
    80.0-180.0 180.0   5.0 450.0                            LAT/LON1/LON2/DLON/H
  104  107  110   98   96   91   92   90   92   91   90   91   90   90   88   86
   84   81   77   73   69   65   61   57   53   50   46   44   41   40   38   38
   38   38   40   42   44   47   50   54   57   61   65   69   72   76   79   82
   84   86   88   90   91   92   93   93   94   94   95   96   97   98   99  101
  103  102  102  102  116  106  107  104  104                                   
    77.5-180.0 180.0   5.0 450.0                            LAT/LON1/LON2/DLON/H
  112  115  111  102   93   90   90   89   90   88   86   86   86   85   83   81
   78   75   71   67   63   59   54   50   46   43   40   37   35   34   34   34
   35   36   39   42   45   49   53   56   60   65   68   72   76   79   82   84
   86   88   90   91   91   92   92   92   92   92   93   93   94   96   98  100
  102  104  104  107  114  106  106  105  112                                   
    75.0-180.0 180.0   5.0 450.0                            LAT/LON1/LON2/DLON/H
  115  117  117  110   97   94   92   90   89   86   83   82   80   78   76   74
   71   68   64   60   57   53   50   46   43   41   38   37   36   36   36   38
   40   42   45   48   52   56   60   63   67   70   74   76   79   81   83   85
   87   87   88   88   88   88   87   86   86   86   86   87   89   91   94   97
  100  103  106  106  116  113  113  111  115                                   
    72.5-180.0 180.0   5.0 450.0                            LAT/LON1/LON2/DLON/H
  122  126  127  119  108  102  100   96   93   88   83   81   78   75   72   70
   67   64   62   59   57   54   52   50   48   47   45   45   45   46   47   49
   52   55   58   61   65   68   72   75   78   80   82   84   86   87   88   88
   89   89   89   88   87   86   85   84   83   83   83   84   86   89   94   99
  103  108  114  117  125  122  122  121  122                                   
    70.0-180.0 180.0   5.0 450.0                            LAT/LON1/LON2/DLON/H
  138  140  142  135  122  115  111  105  100   93   86   82   76   72   68   64
   61   59   57   55   54   53   53   52   51   51   51   51   53   54   57   59
   62   65   68   71   74   77   79   82   83   85   86   86   87   87   87   87
   86   86   86   85   84   83   81   80   79   79   80   82   85   89   95  101
  107  112  120  125  134  134  136  133  138                                   
    67.5-180.0 180.0   5.0 450.0                            LAT/LON1/LON2/DLON/H
  150  154  154  147  134  126  120  112  106   97   87   80   73   67   62   58
   55   53   52   52   52   53   53   54   54   54   55   56   58   59   62   64
   67   69   71   73   75   77   79   80   81   82   82   81   81   80   79   78
   77   77   77   77   76   76   75   75   75   76   77   80   84   89   96  103
  110  116  125  131  141  143  146  144  150                                   
    65.0-180.0 180.0   5.0 450.0                            LAT/LON1/LON2/DLON/H
  164  167  165  159  147  138  131  122  114  103   92   83   75   67   61   57
   54   53   53   53   55   56   57   58   58   59   59   60   62   64   65   67
   69   70   71   72   72   73   74   75   76   76   76   75   73   72   70   69
   68   68   69   70   71   72   74   75   76   78   81   85   91   97  104  112
  119  124  133  139  149  153  158  157  164                                   
    62.5-180.0 180.0   5.0 450.0                            LAT/LON1/LON2/DLON/H
  176  181  179  172  161  152  143  134  125  112  100   90   80   71   65   61
   58   57   57   58   59   60   61   61   61   62   62   63   65   66   67   68
   68   68   68   67   67   68   69   70   70   71   70   68   66   64   61   60
   59   60   63   66   70   73   77   80   83   87   92   98  105  112  120  128
  134  139  146  151  160  164  170  169  176                                   
    60.0-180.0 180.0   5.0 450.0                            LAT/LON1/LON2/DLON/H
  188  193  190  181  171  162  152  143  133  119  106   95   84   76   69   65
   63   62   62   62   62   62   61   60   60   60   61   62   63   64   65   65
   64   63   61   60   60   61   62   63   64   64   63   61   58   55   53   51
   51   53   57   63   69   76   82   88   93   99  106  114  122  131  139  147
  152  155  162  165  172  175  181  180  188                                   
    57.5-180.0 180.0   5.0 450.0                            LAT/LON1/LON2/DLON/H
  200  205  201  190  180  171  160  149  138  124  110   98   88   80   74   71
   69   67   65   64   61   59   57   55   54   54   55   57   59   61   61   60
   59   57   56   55   55   56   57   59   60   60   59   57   53   50   47   46
   46   50   55   63   72   81   90   98  106  114  123  133  143  152  161  169
  173  175  180  182  188  189  194  192  200                                   
    55.0-180.0 180.0   5.0 450.0                            LAT/LON1/LON2/DLON/H
  216  220  213  199  190  179  166  154  141  126  111   99   89   82   77   74
   72   69   66   62   57   52   48   46   45   46   48   52   55   57   57   57
   55   54   52   52   53   54   56   58   60   60   58   56   52   49   46   45
   46   50   57   66   77   89  100  110  120  129  140  151  162  172  182  190
  193  194  199  201  206  206  210  207  216                                   
    52.5-180.0 180.0   5.0 450.0                            LAT/LON1/LON2/DLON/H
  234  238  228  212  201  189  174  159  145  127  111   98   88   82   78   75
   73   69   64   57   50   44   39   36   37   39   43   48   52   55   56   56
   54   53   53   54   56   58   61   63   64   64   63   60   56   53   50   49
   50   55   62   72   85   98  110  122  133  143  154  166  178  190  199  207
  211  213  218  219  225  224  228  224  234                                   
    50.0-180.0 180.0   5.0 450.0                            LAT/LON1/LON2/DLON/H
  254  257  244  228  217  203  185  168  150  130  112   98   88   81   78   75
   73   68   61   53   44   37   33   31   32   36   42   49   54   57   58   57
   56   57   58   61   64   67   70   72   73   73   71   68   65   61   59   58
   60   64   71   81   94  107  121  133  145  156  167  179  192  203  213  221
  225  227  233  235  242  242  247  242  254                                   
    47.5-180.0 180.0   5.0 450.0                            LAT/LON1/LON2/DLON/H
  273  276  261  245  235  219  199  179  158  136  115  100   89   82   78   75
   72   67   59   51   43   36   32   31   34   39   46   53   58   61   61   60
   60   61   65   69   74   78   81   83   84   84   82   80   76   73   71   70
   72   75   82   92  104  118  131  144  156  167  178  190  202  213  222  230
  234  237  242  246  255  256  262  258  273                                   
    45.0-180.0 180.0   5.0 450.0                            LAT/LON1/LON2/DLON/H
  286  290  275  262  251  235  214  192  170  145  123  105   92   84   79   76
   72   67   61   53   46   41   37   37   41   47   54   60   64   65   63   62
   63   66   71   78   84   88   92   94   95   95   94   92   88   86   84   83
   84   88   93  102  114  128  142  155  167  178  189  200  210  220  227  234
  238  241  246  250  260  264  271  268  286                                   
    42.5-180.0 180.0   5.0 450.0                            LAT/LON1/LON2/DLON/H
  290  295  283  272  262  247  226  205  182  157  133  115  100   90   83   79
   75   71   67   62   57   52   50   50   53   58   64   68   69   68   65   63
   64   69   77   84   91   96   99  102  103  105  104  102   99   97   95   95
   96   99  104  113  124  138  153  166  178  190  200  210  219  226  232  237
  239  241  245  249  259  265  272  271  290                                   
    40.0-180.0 180.0   5.0 450.0                            LAT/LON1/LON2/DLON/H
  286  291  281  272  264  251  231  214  193  169  146  127  111   99   91   85
   81   79   77   76   73   70   67   65   66   69   72   74   73   69   65   63
   66   72   80   89   95  100  103  105  108  110  111  109  107  105  103  104
  105  108  113  121  133  148  164  178  191  203  213  222  229  235  239  242
  242  241  243  246  254  260  268  268  286                                   
    37.5-180.0 180.0   5.0 450.0                            LAT/LON1/LON2/DLON/H
  278  280  271  262  256  245  228  215  198  178  157  140  124  111  101   94
   91   90   91   93   93   89   84   79   76   76   77   77   74   69   66   65
   68   75   83   91   97  100  103  106  109  113  114  113  111  108  107  108
  109  112  118  128  141  158  175  190  204  216  227  235  242  247  250  252
  250  247  246  247  252  257  265  265  278                                   
    35.0-180.0 180.0   5.0 450.0                            LAT/LON1/LON2/DLON/H
  270  269  259  247  242  232  219  209  197  181  165  151  137  124  113  105
  101  101  105  109  109  105   96   87   81   79   78   77   75   72   70   70
   74   81   88   94   98  100  101  104  108  112  114  114  111  108  107  107
  109  113  120  132  148  166  185  202  217  229  240  249  257  262  267  269
  267  261  259  256  260  264  270  268  270                                   
    32.5-180.0 180.0   5.0 450.0                            LAT/LON1/LON2/DLON/H
  272  266  252  235  228  219  207  199  191  180  168  158  146  134  123  114
  109  110  114  119  118  111   99   88   80   77   78   78   78   78   78   81
   85   90   95   99  100   99   99  102  106  110  113  111  108  105  103  104
  106  111  120  134  153  173  194  212  228  241  253  263  273  281  288  293
  292  287  283  279  282  285  291  284  272                                   
    30.0-180.0 180.0   5.0 450.0                            LAT/LON1/LON2/DLON/H
  288  279  258  234  224  213  200  191  185  176  168  161  152  141  129  120
  114  114  118  120  117  108   94   83   76   75   79   83   87   90   93   97
  101  104  106  106  104  101   99  100  104  108  110  108  104  100   98   99
  102  109  120  137  158  181  202  221  237  251  264  276  288  300  312  322
  325  322  321  316  320  325  330  317  288                                   
    27.5-180.0 180.0   5.0 450.0                            LAT/LON1/LON2/DLON/H
  325  312  283  252  237  220  203  191  183  174  167  162  154  144  133  122
  116  114  114  113  107   97   85   76   74   78   85   94  102  109  116  121
  124  124  122  117  112  106  102  102  104  107  108  105  101   97   94   95
   99  108  122  142  166  191  213  231  246  260  274  288  304  321  339  355
  364  367  369  366  374  383  387  368  325                                   
    25.0-180.0 180.0   5.0 450.0                            LAT/LON1/LON2/DLON/H
  382  367  329  291  270  247  222  203  190  178  170  164  156  146  134  123
  115  110  106  101   94   84   77   75   79   89  101  114  126  137  146  152
  153  148  141  132  122  114  108  105  106  107  106  103   99   95   93   94
   99  111  128  153  180  206  228  245  259  272  286  302  321  342  366  390
  406  417  425  425  438  453  456  432  382                                   
    22.5-180.0 180.0   5.0 450.0                            LAT/LON1/LON2/DLON/H
  455  441  395  352  324  294  259  231  209  193  181  171  161  149  136  124
  114  105   98   90   83   78   78   84   96  111  128  144  158  172  182  187
  184  174  160  146  134  123  115  111  109  108  106  103   99   95   94   96
  104  118  140  169  200  227  248  264  275  287  301  318  340  365  394  423
  446  465  479  485  504  527  530  503  455                                   
    20.0-180.0 180.0   5.0 450.0                            LAT/LON1/LON2/DLON/H
  531  523  477  432  396  358  312  273  242  219  201  187  172  158  143  130
  118  106   96   87   82   84   93  108  127  147  167  183  197  208  217  218
  211  195  176  158  143  131  122  116  112  110  107  104  100   98   98  101
  111  129  156  189  222  251  271  284  295  305  320  339  362  391  422  453
  480  504  524  536  559  589  596  571  531                                   
    17.5-180.0 180.0   5.0 450.0                            LAT/LON1/LON2/DLON/H
  598  598  561  518  476  431  376  327  287  256  232  212  193  174  158  144
  131  118  106   98   98  107  125  148  173  196  213  225  233  239  242  239
  227  207  185  164  148  135  126  120  115  111  108  105  103  101  102  108
  120  141  171  208  243  272  291  303  313  324  341  362  388  418  449  480
  508  534  556  574  598  632  645  624  598                                   
    15.0-180.0 180.0   5.0 450.0                            LAT/LON1/LON2/DLON/H
  643  651  627  592  549  501  441  385  338  302  272  247  222  200  182  168
  155  143  132  128  133  149  174  204  232  251  259  260  257  256  253  245
  229  207  184  163  148  137  128  122  117  113  110  107  106  105  107  114
  128  151  184  222  258  287  305  318  328  342  361  387  415  445  475  504
  529  554  577  598  620  653  670  656  643                                   
    12.5-180.0 180.0   5.0 450.0                            LAT/LON1/LON2/DLON/H
  662  675  664  640  601  556  495  439  390  351  318  288  260  235  216  202
  191  181  174  174  185  207  238  270  293  300  293  279  266  256  247  235
  218  197  176  159  147  137  130  124  119  115  113  110  109  109  111  119
  134  159  192  230  266  293  312  325  338  355  378  407  437  467  495  520
  542  564  585  608  627  655  671  665  662                                   
    10.0-180.0 180.0   5.0 450.0                            LAT/LON1/LON2/DLON/H
  660  675  671  657  626  588  533  482  437  398  365  333  303  277  257  244
  236  230  227  232  248  275  307  332  340  328  304  278  256  240  226  213
  199  184  169  157  148  140  133  128  123  120  117  115  113  113  115  123
  138  163  196  233  266  292  312  327  342  361  387  418  450  480  505  526
  545  564  584  605  621  642  657  658  660                                   
     7.5-180.0 180.0   5.0 450.0                            LAT/LON1/LON2/DLON/H
  646  658  659  649  629  599  554  512  474  440  409  378  349  322  303  291
  285  283  285  294  313  339  364  375  362  331  293  259  232  214  200  191
