data/edconvlstm_nd/pred1180.15i
     1.0            IONOSPHERE MAPS     GNSS                IONEX VERSION / TYPE
pyspatialgeodesy        IME             05-JAN-18 20:20     PGM / RUN BY / DATE 
Map Name                                                    COMMENT             
Predicted global ionosphere maps (GIM).                     DESCRIPTION         
  2015     4    28     0     0     0                        EPOCH OF FIRST MAP  
  2015     4    29     0     0     0                        EPOCH OF LAST MAP   
  7200                                                      INTERVAL            
    13                                                      # OF MAPS IN FILE   
  NONE                                                      MAPPING FUNCTION    
10.0                                                        ELEVATION CUTOFF    
One-way carrier phase leveled to code                       OBSERVABLES USED    
  6371.0                                                    BASE RADIUS         
 2                                                          MAP DIMENSION       
   450.0 450.0   0.0                                        HGT1 / HGT2 / DHGT  
    87.5 -87.5  -2.5                                        LAT1 / LAT2 / DLAT  
  -180.0 180.0   5.0                                        LON1 / LON2 / DLON  
    -1                                                      EXPONENT            
                                                            END OF HEADER       
[from data line 3861]
    10                                                      START OF TEC MAP    
  2015     4    28    18     0     0                        EPOCH OF CURRENT MAP
    87.5-180.0 180.0   5.0 450.0                            LAT/LON1/LON2/DLON/H
  243  229  214  218  222  226  225  225  226  228  229  230  232  234  235  237
  238  240  241  242  243  243  243  243  242  241  241  239  238  237  235  234
  232  231  229  228  227  225  224  223  222  221  221  220  220  220  220  220
  220  220  220  221  221  221  221  221  221  221  221  221  221  221  221  221
  220  219  217  218  226  227  219  229  243                                   
    85.0-180.0 180.0   5.0 450.0                            LAT/LON1/LON2/DLON/H
  218  211  212  210  209  216  215  218  219  221  223  226  228  231  234  236
  239  241  243  244  245  246  246  246  245  244  242  241  239  237  235  233
  231  228  227  225  223  222  220  219  219  218  218  218  218  219  219  220
  220  221  222  222  223  223  224  224  224  224  223  223  222  221  220  219
  219  217  215  216  219  205  205  217  218                                   
    82.5-180.0 180.0   5.0 450.0                            LAT/LON1/LON2/DLON/H
  187  187  184  187  190  199  199  202  203  207  210  213  217  221  226  230
  235  238  242  244  246  247  247  246  244  242  239  236  233  229  226  222
  219  216  213  210  208  206  205  204  204  203  204  204  205  206  208  209
  211  212  214  215  217  218  218  219  219  218  218  217  216  214  212  210
  208  205  201  205  206  202  195  182  187                                   
    80.0-180.0 180.0   5.0 450.0                            LAT/LON1/LON2/DLON/H
  169  163  163  167  166  173  173  178  182  186  189  195  200  206  213  219
  226  231  236  240  243  244  244  242  240  236  232  227  222  217  212  207
  202  198  195  191  189  187  186  185  185  185  185  186  188  190  192  194
  196  198  201  202  204  205  206  206  206  206  204  203  201  198  196  193
  190  186  183  184  184  167  162  160  169                                   
    77.5-180.0 180.0   5.0 450.0                            LAT/LON1/LON2/DLON/H
  165  153  152  158  158  164  163  168  171  175  179  185  192  199  208  217
  225  233  240  245  249  251  251  249  246  241  235  229  222  216  209  203
  198  194  190  187  184  183  181  181  180  181  181  182  184  186  188  190
  193  195  198  200  201  202  203  203  202  201  199  197  194  191  188  184
  180  176  172  171  175  156  151  156  165                                   
    75.0-180.0 180.0   5.0 450.0                            LAT/LON1/LON2/DLON/H
  166  156  153  158  157  162  161  164  167  171  175  180  188  196  206  216
  226  235  243  250  254  256  256  254  250  244  237  229  221  214  206  200
  194  190  186  184  181  180  179  178  178  178  178  179  180  182  184  186
  188  190  192  193  194  195  195  194  193  192  190  187  184  181  178  174
  170  167  164  161  164  150  149  150  166                                   
    72.5-180.0 180.0   5.0 450.0                            LAT/LON1/LON2/DLON/H
  174  168  164  171  168  173  171  173  174  176  179  184  191  199  209  220
  232  242  252  259  264  267  267  265  260  253  245  236  227  219  211  205
  199  195  192  190  188  187  186  185  184  184  184  184  184  185  186  187
  188  189  190  190  190  189  188  187  185  183  181  179  176  173  170  167
  163  161  159  157  161  151  156  160  174                                   
    70.0-180.0 180.0   5.0 450.0                            LAT/LON1/LON2/DLON/H
  185  183  181  187  184  189  186  187  187  188  189  192  198  206  215  226
  238  249  259  267  273  276  276  273  268  260  252  242  233  224  217  211
  206  202  199  197  196  194  193  192  190  189  188  187  187  186  186  185
  185  184  183  182  180  178  176  174  172  170  168  166  165  162  161  159
  156  156  156  156  162  158  167  169  185                                   
    67.5-180.0 180.0   5.0 450.0                            LAT/LON1/LON2/DLON/H
  195  200  199  206  204  209  206  206  204  204  204  206  210  217  226  236
  247  259  269  277  284  287  288  285  280  273  264  255  246  238  231  226
  221  218  215  213  211  208  206  204  202  200  198  196  194  192  189  187
  185  183  180  176  173  169  165  162  159  158  156  156  155  154  153  153
  152  153  155  156  163  164  175  176  195                                   
    65.0-180.0 180.0   5.0 450.0                            LAT/LON1/LON2/DLON/H
  197  207  207  216  216  221  218  218  217  216  215  217  220  225  233  242
  253  263  273  282  289  293  294  292  287  281  273  265  258  251  245  240
  236  233  229  226  222  219  215  212  209  206  203  200  196  192  188  184
  180  175  171  165  160  154  149  146  143  141  141  141  141  141  142  142
  142  145  149  152  162  167  179  179  197                                   
    62.5-180.0 180.0   5.0 450.0                            LAT/LON1/LON2/DLON/H
  191  205  207  216  219  224  224  224  224  224  223  224  227  231  238  246
  255  265  275  283  290  295  296  296  292  288  282  277  272  267  263  259
  255  251  246  240  234  229  224  219  216  212  208  204  199  193  187  181
  175  169  162  156  149  142  136  132  129  128  128  129  130  131  132  133
  133  137  141  144  155  163  174  175  191                                   
    60.0-180.0 180.0   5.0 450.0                            LAT/LON1/LON2/DLON/H
  178  195  198  207  212  219  221  222  224  225  225  227  230  234  240  247
  255  263  272  280  287  292  295  295  294  292  290  288  286  285  283  280
  275  270  262  254  245  237  231  225  221  217  213  208  202  194  186  179
  171  163  156  148  140  133  127  122  119  119  119  121  122  124  125  125
  126  129  133  136  147  155  165  166  178                                   
    57.5-180.0 180.0   5.0 450.0                            LAT/LON1/LON2/DLON/H
  163  181  187  195  202  210  214  217  220  222  224  226  230  234  239  245
  252  260  267  275  281  287  290  293  294  296  298  300  302  303  303  301
  296  288  279  268  256  246  238  232  228  224  220  214  206  198  188  179
  170  161  153  145  137  130  124  119  117  117  118  119  121  122  122  123
  122  124  128  130  140  147  156  157  163                                   
    55.0-180.0 180.0   5.0 450.0                            LAT/LON1/LON2/DLON/H
  152  171  179  186  195  204  209  213  217  220  223  226  230  235  240  245
  251  257  263  270  276  281  286  290  294  299  305  311  317  321  323  321
  315  306  294  281  268  256  247  241  237  233  229  223  214  204  193  182
  172  163  155  147  140  133  128  124  123  123  124  125  126  126  126  126
  125  126  128  130  138  144  151  153  152                                   
    52.5-180.0 180.0   5.0 450.0                            LAT/LON1/LON2/DLON/H
  151  169  179  186  195  206  211  215  220  223  226  229  234  239  244  248
  253  257  262  268  274  279  284  290  296  304  313  322  331  337  340  337
  331  320  307  293  279  267  258  252  248  244  240  233  223  211  199  188
  178  169  161  154  147  142  138  135  135  135  136  137  137  136  136  135
  134  135  136  137  142  146  153  157  151                                   
    50.0-180.0 180.0   5.0 450.0                            LAT/LON1/LON2/DLON/H
  160  178  188  196  206  217  223  226  230  233  235  239  244  249  253  257
  261  264  268  272  277  282  288  294  302  311  322  334  344  350  352  349
  342  331  317  303  290  279  270  264  260  257  251  243  232  219  206  194
  185  176  169  162  157  153  151  150  150  150  151  151  151  150  150  149
  148  149  149  150  154  156  162  168  160                                   
    47.5-180.0 180.0   5.0 450.0                            LAT/LON1/LON2/DLON/H
  180  198  207  216  225  237  242  245  248  250  252  256  260  265  270  273
  276  278  280  283  288  292  297  303  311  321  333  344  354  359  360  356
  347  337  325  312  301  291  283  278  273  268  261  250  238  224  211  200
  191  183  176  170  166  163  162  162  164  165  165  165  164  164  164  164
  163  165  165  166  169  170  177  185  180                                   
    45.0-180.0 180.0   5.0 450.0                            LAT/LON1/LON2/DLON/H
  204  222  231  241  250  261  265  268  270  272  274  278  283  288  292  295
  296  297  299  301  304  308  312  318  325  334  345  355  362  365  364  359
  351  341  331  322  313  305  298  292  285  278  268  256  241  227  214  203
  195  187  181  175  171  169  169  170  172  174  174  174  174  173  174  176
  176  179  179  181  183  184  191  201  204                                   
    42.5-180.0 180.0   5.0 450.0                            LAT/LON1/LON2/DLON/H
  227  245  253  265  274  283  287  289  291  295  298  303  308  314  318  321
  321  322  322  324  326  329  333  337  343  350  358  365  370  371  369  363
  356  349  341  335  329  323  316  308  299  288  275  260  244  229  216  206
  197  189  182  176  171  170  170  172  175  176  177  177  178  179  181  183
  184  187  188  189  192  193  200  211  227                                   
    40.0-180.0 180.0   5.0 450.0                            LAT/LON1/LON2/DLON/H
  242  262  269  282  291  298  301  304  308  314  319  327  334  341  346  348
  349  348  348  349  351  354  356  360  364  369  375  379  382  383  381  377
  372  367  362  358  353  348  340  329  317  302  286  268  250  234  221  210
  201  193  184  176  171  169  169  171  174  176  177  178  180  181  184  186
  187  190  189  190  193  194  201  211  242                                   
    37.5-180.0 180.0   5.0 450.0                            LAT/LON1/LON2/DLON/H
  248  268  277  288  297  302  307  310  318  327  336  347  357  366  373  376
  376  375  375  376  378  380  383  385  388  392  396  400  402  405  406  406
  404  401  398  394  390  383  372  358  342  324  305  285  266  248  234  222
  211  201  190  181  175  172  173  174  177  179  180  182  183  185  187  189
  188  189  187  186  187  188  194  204  248                                   
    35.0-180.0 180.0   5.0 450.0                            LAT/LON1/LON2/DLON/H
  247  268  278  288  296  299  305  310  321  334  349  364  377  389  397  402
  403  402  402  404  406  409  411  413  416  419  424  429  435  442  450  455
  458  457  454  448  441  430  415  397  377  356  335  314  293  274  258  244
  230  218  205  196  189  186  186  187  189  190  192  193  195  196  196  196
  192  190  184  181  181  180  185  193  247                                   
    32.5-180.0 180.0   5.0 450.0                            LAT/LON1/LON2/DLON/H
  245  265  278  286  293  295  302  308  322  339  358  377  394  409  420  426
  429  429  430  432  435  438  440  443  447  452  460  470  482  498  515  529
  537  537  530  520  506  488  467  444  421  398  376  354  332  312  293  276
  260  245  233  223  218  216  215  216  216  216  217  217  218  217  215  210
  203  197  188  182  179  176  179  185  245                                   
    30.0-180.0 180.0   5.0 450.0                            LAT/LON1/LON2/DLON/H
  246  265  279  288  296  298  305  312  328  347  369  391  410  427  440  449
  454  455  457  460  464  468  471  475  481  490  503  521  544  571  598  621
  633  632  620  600  576  549  521  493  467  444  423  401  379  357  335  315
  297  282  270  263  261  260  260  260  259  258  256  255  253  249  243  235
  225  215  202  193  187  181  182  186  246                                   
    27.5-180.0 180.0   5.0 450.0                            LAT/LON1/LON2/DLON/H
  252  270  284  295  307  310  318  325  341  362  384  406  426  444  460  471
  478  481  485  489  493  498  502  507  517  531  552  579  613  652  690  720
  733  728  706  674  638  601  566  534  507  484  464  444  422  399  376  354
  335  321  313  311  312  315  317  316  314  311  307  304  298  290  281  269
  256  243  228  216  206  197  194  199  252                                   
    25.0-180.0 180.0   5.0 450.0                            LAT/LON1/LON2/DLON/H
  263  280  293  309  325  331  341  347  363  382  403  424  443  462  479  492
  502  508  512  518  523  528  533  541  554  574  603  639  683  730  773  804
  813  799  767  723  677  632  591  557  529  507  488  470  450  427  403  381
  364  354  352  356  364  370  373  372  369  365  359  353  344  333  321  308
  293  280  263  248  233  220  215  221  263                                   
    22.5-180.0 180.0   5.0 450.0                            LAT/LON1/LON2/DLON/H
  278  294  305  325  347  356  367  375  389  407  425  443  461  480  498  513
  525  534  540  546  552  557  563  573  590  616  651  695  742  790  830  854
  855  831  789  738  686  636  592  555  525  503  486  470  451  430  408  390
  378  374  380  392  405  414  417  416  411  405  397  388  377  365  353  341
  328  317  302  284  263  246  239  249  278                                   
    20.0-180.0 180.0   5.0 450.0                            LAT/LON1/LON2/DLON/H
  292  308  317  341  368  381  393  401  415  430  446  462  478  496  515  533
  548  560  568  574  580  585  592  603  623  654  693  737  781  821  850  862
  853  822  775  721  667  616  570  529  497  473  455  440  424  407  391  380
  376  381  395  413  429  438  441  437  431  422  412  400  388  376  366  358
  350  344  332  314  288  267  259  274  292                                   
    17.5-180.0 180.0   5.0 450.0                            LAT/LON1/LON2/DLON/H
  301  315  323  351  382  398  412  421  435  449  463  477  493  511  531  552
  570  584  594  601  607  612  618  631  654  686  724  761  793  818  834  835
  817  782  734  681  629  580  533  490  453  425  405  389  376  365  358  356
  361  375  395  416  432  440  440  434  425  414  402  389  375  365  358  354
  353  353  346  329  301  276  268  286  301                                   
    15.0-180.0 180.0   5.0 450.0                            LAT/LON1/LON2/DLON/H
  299  309  319  350  383  403  420  432  446  460  473  487  502  521  543  566
  588  605  617  626  631  636  642  656  679  708  737  761  779  790  793  785
  762  724  678  631  585  540  494  450  409  376  352  334  323  319  320  328
  342  361  384  404  418  421  417  408  397  385  372  357  344  335  332  333
  337  343  340  324  296  269  260  280  299                                   
    12.5-180.0 180.0   5.0 450.0                            LAT/LON1/LON2/DLON/H
  284  288  301  335  371  394  416  431  448  463  477  492  508  528  551  577
  601  622  637  647  652  656  663  676  696  717  734  744  749  749  744  729
  703  667  626  587  549  510  468  423  379  341  312  292  282  282  291  306
  326  348  369  385  392  389  380  368  356  343  328  313  301  295  295  299
  307  316  316  301  274  247  237  256  284                                   
    10.0-180.0 180.0   5.0 450.0                            LAT/LON1/LON2/DLON/H
  258  259  273  308  347  374  403  422  443  461  477  493  511  532  556  583
  610  633  651  662  668  673  679  689  702  714  720  721  718  711  699  681
  655  624  591  560  531  499  460  416  370  329  296  275  265  268  281  301
  323  344  360  368  366  355  340  324  310  296  282  268  257  253  255  262
  271  280  280  265  241  216  204  221  258                                   
     7.5-180.0 180.0   5.0 450.0                            LAT/LON1/LON2/DLON/H
  227  228  242  278  317  349  384  410  436  458  476  495  513  535  559  586
  613  638  657  669  677  682  688  694  701  706  707  704  696  684  670  652
