data/edconvlstm_nd/pred3040.15i
     1.0            IONOSPHERE MAPS     GNSS                IONEX VERSION / TYPE
pyspatialgeodesy        IME             05-JAN-18 20:20     PGM / RUN BY / DATE 
Map Name                                                    COMMENT             
Predicted global ionosphere maps (GIM).                     DESCRIPTION         
  2015    10    31     0     0     0                        EPOCH OF FIRST MAP  
  2015    11     1     0     0     0                        EPOCH OF LAST MAP   
  7200                                                      INTERVAL            
    13                                                      # OF MAPS IN FILE   
  NONE                                                      MAPPING FUNCTION    
10.0                                                        ELEVATION CUTOFF    
One-way carrier phase leveled to code                       OBSERVABLES USED    
  6371.0                                                    BASE RADIUS         
 2                                                          MAP DIMENSION       
   450.0 450.0   0.0                                        HGT1 / HGT2 / DHGT  
    87.5 -87.5  -2.5                                        LAT1 / LAT2 / DLAT  
  -180.0 180.0   5.0                                        LON1 / LON2 / DLON  
    -1                                                      EXPONENT            
                                                            END OF HEADER       
[from data line 3432]
     9                                                      START OF TEC MAP    
  2015    10    31    16     0     0                        EPOCH OF CURRENT MAP
    87.5-180.0 180.0   5.0 450.0                            LAT/LON1/LON2/DLON/H
  107  118  119  126  131  133  134  134  136  139  140  142  143  145  146  147
  147  148  148  148  147  147  145  144  143  141  139  137  135  133  131  129
  127  125  123  121  119  118  116  115  113  112  111  110  109  108  107  107
  107  106  106  106  106  106  106  107  107  107  108  108  109  109  110  111
  112  113  111  108  112  111  121  119  107                                   
    85.0-180.0 180.0   5.0 450.0                            LAT/LON1/LON2/DLON/H
  113  122  137  127  129  137  139  143  146  150  151  154  155  157  159  160
  161  162  162  162  161  161  159  157  155  153  150  148  145  142  140  137
  135  133  130  129  127  125  123  122  120  119  117  116  115  113  112  112
  111  110  110  110  110  110  110  110  110  110  111  111  112  112  113  114
  116  117  114  109  110  112  114  113  113                                   
    82.5-180.0 180.0   5.0 450.0                            LAT/LON1/LON2/DLON/H
   98  111  117  113  117  125  130  135  139  143  147  151  154  157  159  162
  164  166  167  167  167  165  163  161  158  154  150  146  141  137  133  130
  127  124  122  119  117  115  113  111  109  107  105  103  102  100   99   98
   97   97   97   97   97   97   97   97   97   98   98   98   98   98   99   99
  101  102   99   97   98  108  101  101   98                                   
    80.0-180.0 180.0   5.0 450.0                            LAT/LON1/LON2/DLON/H
   81   91   99   98  102  106  113  119  125  129  133  138  142  146  150  154
  157  159  161  162  162  161  158  155  150  145  139  133  127  122  117  113
  110  107  105  103  102  100   98   97   95   93   90   89   87   86   85   84
   84   85   85   86   87   88   88   89   89   89   88   88   88   87   87   87
   88   89   88   87   82   88   84   91   81                                   
    77.5-180.0 180.0   5.0 450.0                            LAT/LON1/LON2/DLON/H
   80   82   85   84   88   93   98  104  109  113  117  123  127  133  137  143
  148  152  156  159  160  160  158  154  148  141  134  126  118  111  105  101
   97   95   94   93   92   90   89   87   84   82   79   77   75   73   73   73
   74   75   77   79   81   82   84   84   84   84   83   82   80   79   78   77
   77   77   78   78   75   74   73   80   80                                   
    75.0-180.0 180.0   5.0 450.0                            LAT/LON1/LON2/DLON/H
   70   74   73   74   78   83   86   90   95   99  102  107  112  117  123  130
  137  144  151  157  161  163  162  159  153  145  136  126  116  107  100   95
   92   90   89   89   89   89   87   85   82   79   75   72   69   68   68   69
   71   73   76   79   82   85   86   87   87   86   84   82   80   78   76   74
   73   73   74   72   71   68   67   63   70                                   
    72.5-180.0 180.0   5.0 450.0                            LAT/LON1/LON2/DLON/H
   68   70   68   70   71   76   78   81   84   87   89   93   97  103  109  118
  127  138  149  160  168  173  175  173  167  158  147  135  122  112  103   97
   93   91   91   91   91   90   88   85   81   76   70   66   63   61   61   62
   65   69   73   77   81   84   86   87   87   85   83   80   77   74   72   69
   68   67   68   66   67   66   66   65   68                                   
    70.0-180.0 180.0   5.0 450.0                            LAT/LON1/LON2/DLON/H
   67   68   67   69   69   73   74   77   80   82   83   86   89   94  100  110
  123  137  153  169  183  192  198  198  193  184  172  157  143  130  119  111
  106  103  102  102  101   99   96   91   85   78   72   66   62   59   59   61
   64   68   73   77   81   84   86   87   87   86   83   80   77   74   71   69
   67   66   67   65   66   66   69   67   67                                   
    67.5-180.0 180.0   5.0 450.0                            LAT/LON1/LON2/DLON/H
   67   68   67   69   70   74   75   78   81   82   83   84   86   90   96  107
  122  141  162  183  202  216  225  228  224  215  202  186  170  154  141  131
  124  119  116  114  111  108  102   96   88   79   71   65   60   57   56   58
   60   64   69   73   77   80   82   83   84   83   81   78   76   72   70   68
   66   64   65   62   63   64   66   64   67                                   
    65.0-180.0 180.0   5.0 450.0                            LAT/LON1/LON2/DLON/H
   62   65   63   67   68   72   74   78   81   83   84   85   86   89   96  107
  124  147  172  198  221  240  252  257  256  248  235  219  202  186  171  158
  148  140  134  129  123  117  110  101   91   81   72   65   59   55   54   54
   56   58   61   64   67   70   72   74   74   74   73   72   70   67   65   63
   62   61   61   59   60   62   64   64   62                                   
    62.5-180.0 180.0   5.0 450.0                            LAT/LON1/LON2/DLON/H
   55   58   57   61   63   67   71   76   81   85   87   88   89   92   99  111
  129  154  182  211  238  259  273  280  280  273  262  247  231  215  199  184
  172  161  151  142  133  123  113  103   92   81   71   63   57   53   51   50
   50   50   51   53   55   57   59   61   63   63   63   63   62   61   59   58
   56   55   55   53   53   54   55   57   55                                   
    60.0-180.0 180.0   5.0 450.0                            LAT/LON1/LON2/DLON/H
   47   51   50   54   56   60   64   71   78   84   88   92   94   97  104  117
  136  162  191  222  249  271  286  293  294  289  280  268  254  240  225  210
  195  181  167  154  141  129  117  104   93   82   72   64   58   54   50   48
   46   44   43   43   44   45   47   50   52   53   54   55   55   54   54   53
   51   50   49   47   47   47   47   50   47                                   
    57.5-180.0 180.0   5.0 450.0                            LAT/LON1/LON2/DLON/H
   41   46   46   49   50   54   59   66   75   83   90   96  101  106  114  127
  146  171  200  229  256  276  290  297  299  295  289  280  271  260  247  233
  218  201  185  168  153  138  124  110   98   87   78   71   65   60   56   53
   49   46   43   41   40   41   43   46   48   50   52   53   54   54   54   53
   51   49   49   46   45   43   42   46   41                                   
    55.0-180.0 180.0   5.0 450.0                            LAT/LON1/LON2/DLON/H
   42   46   47   49   49   52   57   64   74   84   94  103  110  118  127  140
  159  183  209  235  258  276  287  293  295  293  290  285  280  273  264  252
  237  220  202  183  166  149  134  120  108   97   89   82   76   72   67   63
   58   54   50   47   45   46   48   50   53   55   57   58   58   59   59   59
   57   55   54   51   49   45   43   47   42                                   
    52.5-180.0 180.0   5.0 450.0                            LAT/LON1/LON2/DLON/H
   51   54   55   56   55   57   61   67   77   88   99  111  121  132  143  157
  174  195  218  239  258  271  280  284  285  285  285  284  284  281  275  266
  252  236  217  199  181  164  148  134  121  111  103   97   92   87   83   78
   74   69   65   62   60   60   62   64   67   68   69   69   69   69   70   70
   68   67   66   63   60   54   51   53   51                                   
    50.0-180.0 180.0   5.0 450.0                            LAT/LON1/LON2/DLON/H
   66   68   70   70   68   70   72   78   86   97  110  123  136  149  161  176
  192  210  228  245  258  267  272  275  275  276  278  281  283  283  281  274
  262  247  230  213  196  180  165  151  138  127  119  113  108  104  100   96
   92   89   85   83   82   82   83   84   86   86   86   85   84   83   84   84
   83   83   82   79   76   71   67   66   66                                   
    47.5-180.0 180.0   5.0 450.0                            LAT/LON1/LON2/DLON/H
   85   85   87   88   86   89   90   94  102  112  125  139  153  168  182  196
  211  226  240  252  261  266  268  268  269  270  272  276  280  281  280  274
  265  253  239  225  211  196  182  167  154  142  134  127  122  118  115  112
  109  107  105  104  103  103  104  105  105  104  103  100   98   97   97   98
   98   99   99   98   96   90   87   83   85                                   
    45.0-180.0 180.0   5.0 450.0                            LAT/LON1/LON2/DLON/H
  103  102  103  106  105  109  110  115  121  132  143  158  173  188  203  217
  230  242  253  261  266  269  269  268  267  268  270  273  275  275  273  269
  261  252  242  232  221  210  196  181  166  154  143  136  131  126  123  120
  119  119  119  118  117  117  118  118  119  118  115  112  109  108  108  109
  109  110  112  112  113  108  106  101  103                                   
    42.5-180.0 180.0   5.0 450.0                            LAT/LON1/LON2/DLON/H
  113  113  114  120  121  126  129  135  141  152  164  178  194  209  223  236
  248  258  266  272  275  276  275  273  272  272  272  271  270  267  264  259
  254  248  242  236  229  220  207  191  174  159  147  139  132  127  123  120
  120  121  122  122  121  120  121  122  123  122  120  117  115  113  113  113
  114  116  118  120  122  120  117  113  113                                   
    40.0-180.0 180.0   5.0 450.0                            LAT/LON1/LON2/DLON/H
  112  113  114  124  129  136  142  150  158  170  182  198  213  228  242  254
  265  273  280  284  286  286  284  282  280  278  276  272  266  261  255  251
  247  245  243  241  236  228  215  197  178  161  147  137  129  122  117  114
  114  115  116  115  114  113  114  115  117  118  118  116  114  112  112  112
  111  113  116  119  121  121  118  116  112                                   
    37.5-180.0 180.0   5.0 450.0                            LAT/LON1/LON2/DLON/H
  103  104  106  118  126  135  145  157  168  182  197  214  230  245  259  270
  279  287  292  296  297  296  294  291  288  285  281  274  266  258  253  250
  249  249  250  250  247  238  223  204  182  163  147  135  125  117  111  107
  106  107  107  105  103  101  102  104  108  110  111  110  109  108  107  106
  105  105  108  110  112  112  109  109  103                                   
    35.0-180.0 180.0   5.0 450.0                            LAT/LON1/LON2/DLON/H
   88   89   91  104  113  123  137  153  169  187  205  224  243  259  273  284
  292  299  304  306  307  304  301  297  294  290  286  279  271  264  260  260
  263  266  268  268  264  253  236  214  190  169  152  139  128  120  112  108
  106  105  103  100   97   94   94   97  101  104  106  106  106  105  104  101
   98   97   98   99   99   97   94   97   88                                   
    32.5-180.0 180.0   5.0 450.0                            LAT/LON1/LON2/DLON/H
   74   74   76   86   96  105  122  141  162  184  207  229  250  269  284  295
  304  309  313  315  314  309  303  298  294  292  290  286  282  280  281  286
  292  298  300  298  290  276  256  231  206  184  166  153  143  134  127  122
  119  117  114  109  103  100   99  102  105  107  108  108  108  107  105  102
   97   93   92   90   88   84   81   85   74                                   
    30.0-180.0 180.0   5.0 450.0                            LAT/LON1/LON2/DLON/H
   66   65   66   72   78   87  105  125  149  175  202  228  253  274  291  304
  312  318  321  321  317  309  300  293  290  291  294  297  300  306  315  326
  337  345  346  340  327  308  284  257  231  209  192  180  170  163  157  153
  150  147  143  136  130  125  123  123  124  123  121  120  119  118  116  111
  104   98   95   90   85   78   74   78   66                                   
    27.5-180.0 180.0   5.0 450.0                            LAT/LON1/LON2/DLON/H
   67   65   64   65   68   74   91  110  135  163  192  222  250  275  294  308
  318  324  327  325  317  306  294  286  285  290  299  311  325  341  359  378
  395  403  402  390  370  346  319  292  266  245  229  218  211  206  202  200
  198  196  191  184  176  170  166  163  159  153  147  142  139  137  135  131
  122  115  107  100   93   82   75   76   67                                   
    25.0-180.0 180.0   5.0 450.0                            LAT/LON1/LON2/DLON/H
   78   74   70   68   68   71   85  102  125  152  182  213  244  271  293  310
  321  327  329  325  316  302  289  281  282  292  309  331  355  382  410  436
  457  466  461  442  416  387  358  331  307  287  273  263  258  256  256  257
  258  256  252  245  237  230  224  217  207  194  182  172  166  163  161  157
  148  140  129  120  110   94   85   80   78                                   
    22.5-180.0 180.0   5.0 450.0                            LAT/LON1/LON2/DLON/H
   95   88   81   77   76   78   90  103  122  146  173  204  236  265  290  308
  321  329  330  325  314  300  286  280  285  301  325  356  389  424  460  493
  516  523  512  488  456  424  395  370  348  331  317  309  305  306  309  313
  315  315  312  305  298  291  282  271  254  235  216  202  193  190  188  185
  177  169  155  145  131  111   98   88   95                                   
    20.0-180.0 180.0   5.0 450.0                            LAT/LON1/LON2/DLON/H
  113  102   93   90   88   91  102  112  128  147  170  198  229  260  286  307
  321  330  332  327  316  302  291  289  298  319  349  385  424  464  504  538
  559  563  548  520  486  453  426  404  385  369  355  345  341  341  345  350
  354  354  350  344  338  331  323  309  289  265  242  224  214  210  210  208
  201  194  178  167  151  127  111  100  113                                   
    17.5-180.0 180.0   5.0 450.0                            LAT/LON1/LON2/DLON/H
  124  112  101  100  100  106  118  128  140  155  173  198  227  257  285  307
  324  334  336  332  323  313  306  309  322  347  380  417  457  497  535  565
  583  582  565  536  503  473  449  430  414  397  380  366  357  354  355  358
  360  358  354  350  345  341  334  322  302  277  253  235  225  221  222  222
  216  210  192  181  162  137  120  109  124                                   
    15.0-180.0 180.0   5.0 450.0                            LAT/LON1/LON2/DLON/H
  124  111  101  103  107  117  133  144  155  167  183  205  232  261  289  313
  332  343  347  345  338  332  332  340  358  384  416  451  486  521  552  576
  587  583  566  539  511  485  466  451  435  415  392  371  354  344  339  337
  335  331  328  325  324  324  321  311  295  274  252  235  226  223  224  224
  219  214  196  184  164  139  122  112  124                                   
    12.5-180.0 180.0   5.0 450.0                            LAT/LON1/LON2/DLON/H
  115  102   92   98  105  120  142  156  170  182  197  217  243  272  300  326
  346  360  366  365  362  361  366  379  400  426  454  483  510  536  558  573
  578  573  559  538  516  498  483  469  451  427  396  365  338  319  307  298
  292  287  284  284  286  290  291  287  276  260  243  229  221  218  219  218
  213  206  190  177  158  135  118  109  115                                   
    10.0-180.0 180.0   5.0 450.0                            LAT/LON1/LON2/DLON/H
  102   89   80   88   98  117  144  163  181  197  213  234  260  289  318  345
  367  383  391  394  394  397  407  424  446  469  491  511  529  544  556  564
  566  562  553  540  527  515  503  489  468  437  398  357  320  292  272  258
  248  242  240  242  247  254  259  259  254  244  232  221  214  211  210  207
  200  193  178  165  148  127  111  103  102                                   
     7.5-180.0 180.0   5.0 450.0                            LAT/LON1/LON2/DLON/H
   91   79   69   78   90  110  141  165  188  208  228  252  279  309  339  368
  392  411  422  426  429  436  449  469  490  509  525  535  543  549  554  557
