data/edconvlstm_nd/pred2330.15i
     1.0            IONOSPHERE MAPS     GNSS                IONEX VERSION / TYPE
pyspatialgeodesy        IME             05-JAN-18 20:20     PGM / RUN BY / DATE 
Map Name                                                    COMMENT             
Predicted global ionosphere maps (GIM).                     DESCRIPTION         
  2015     8    21     0     0     0                        EPOCH OF FIRST MAP  
  2015     8    22     0     0     0                        EPOCH OF LAST MAP   
  7200                                                      INTERVAL            
    13                                                      # OF MAPS IN FILE   
  NONE                                                      MAPPING FUNCTION    
10.0                                                        ELEVATION CUTOFF    
One-way carrier phase leveled to code                       OBSERVABLES USED    
  6371.0                                                    BASE RADIUS         
 2                                                          MAP DIMENSION       
   450.0 450.0   0.0                                        HGT1 / HGT2 / DHGT  
    87.5 -87.5  -2.5                                        LAT1 / LAT2 / DLAT  
  -180.0 180.0   5.0                                        LON1 / LON2 / DLON  
    -1                                                      EXPONENT            
                                                            END OF HEADER       
[from data line 5148]
    13                                                      START OF TEC MAP    
  2015     8    22     0     0     0                        EPOCH OF CURRENT MAP
    87.5-180.0 180.0   5.0 450.0                            LAT/LON1/LON2/DLON/H
  111  111  113  106  104  106  104  102  103  103  103  103  103  103  103  103
  102  101  100   99   98   97   96   95   94   92   91   90   89   88   88   87
   86   86   85   85   85   85   85   85   85   86   86   86   87   87   88   88
   89   89   90   90   90   91   91   91   91   91   91   91   92   92   92   93
   94   94   93   94   90   96  105  103  111                                   
    85.0-180.0 180.0   5.0 450.0                            LAT/LON1/LON2/DLON/H
  113  114   96  103  106  110  107  106  107  107  108  108  108  108  107  107
  106  105  104  103  101   99   98   96   94   93   91   90   88   87   86   85
   85   84   84   84   84   84   84   84   85   85   86   87   87   88   89   89
   90   90   91   91   92   92   93   93   93   93   94   94   94   94   94   95
   96   96   97  100   98  106  113  110  113                                   
    82.5-180.0 180.0   5.0 450.0                            LAT/LON1/LON2/DLON/H
  109  101  110  108  109  114  112  112  115  115  116  117  117  117  116  116
  115  113  111  109  107  104  102   99   96   94   91   89   87   85   84   82
   81   81   80   80   80   80   81   81   82   83   84   85   86   87   88   89
   90   90   91   92   92   93   93   94   94   95   95   96   96   97   97   98
   98   98   98   97  100   93  100  103  109                                   
    80.0-180.0 180.0   5.0 450.0                            LAT/LON1/LON2/DLON/H
  116  105  103  101  106  110  112  114  118  118  120  122  122  122  122  121
  120  118  115  112  109  105  101   97   93   90   86   83   80   78   76   74
   73   72   72   71   71   71   72   73   74   75   76   77   79   80   82   83
   84   85   86   86   87   88   89   90   90   91   92   93   93   94   94   95
   94   93   92   91  105   97  106  115  116                                   
    77.5-180.0 180.0   5.0 450.0                            LAT/LON1/LON2/DLON/H
  122  110  101  109  107  111  116  121  125  126  129  131  132  132  132  131
  129  127  123  120  115  110  105  100   95   91   86   83   79   76   74   72
   71   70   69   69   68   68   69   70   71   72   74   76   78   79   81   83
   84   85   85   86   87   88   89   91   92   93   95   96   97   97   98   98
   97   97   95   95  102  103  106  119  122                                   
    75.0-180.0 180.0   5.0 450.0                            LAT/LON1/LON2/DLON/H
  123  105  102  110  108  114  115  120  125  127  130  133  135  135  135  134
  132  129  126  121  116  111  105   98   93   87   82   78   75   72   70   69
   68   67   66   65   64   64   64   64   65   67   69   71   73   76   77   79
   80   81   82   82   83   85   87   89   91   93   95   97   98   99  100  100
   98   97   96   90   96  104  104  116  123                                   
    72.5-180.0 180.0   5.0 450.0                            LAT/LON1/LON2/DLON/H
  112  101   99  105  104  106  108  114  121  123  126  129  131  132  132  132
  130  128  124  120  114  108  101   95   88   82   77   73   70   68   66   65
   64   63   61   60   58   57   56   56   56   58   60   63   65   68   70   71
   72   72   73   73   74   76   78   81   85   88   91   94   96   97   98   98
   96   95   96   91   93  100  104  117  112                                   
    70.0-180.0 180.0   5.0 450.0                            LAT/LON1/LON2/DLON/H
  111   99   98  106  104  107  108  113  120  122  125  129  131  131  132  131
  130  128  125  120  115  108  101   93   86   80   74   71   68   67   66   65
   65   63   61   59   56   54   52   51   51   53   55   58   61   64   66   67
   68   68   68   69   70   72   75   79   84   89   93   97  100  102  103  104
  102  100  101   97   97  104  106  117  111                                   
    67.5-180.0 180.0   5.0 450.0                            LAT/LON1/LON2/DLON/H
  113  102  101  106  102  104  104  108  114  116  120  122  124  125  125  125
  125  123  120  116  110  103   96   87   80   73   68   65   63   62   62   62
   62   60   57   54   50   47   44   42   42   44   46   49   53   55   57   59
   59   59   58   59   60   62   66   71   77   84   90   95   99  101  103  104
  102  100  102   99  101  106  108  119  113                                   
    65.0-180.0 180.0   5.0 450.0                            LAT/LON1/LON2/DLON/H
  118  106  104  108  104  103  101  105  111  112  115  117  118  119  120  120
  120  118  116  112  106   99   91   83   75   68   63   61   60   60   61   61
   60   58   55   51   46   42   39   37   37   38   41   44   47   50   52   52
   52   51   51   51   52   55   60   66   73   80   88   94   98  101  104  104
  103  103  105  103  106  113  114  126  118                                   
    62.5-180.0 180.0   5.0 450.0                            LAT/LON1/LON2/DLON/H
  126  115  112  114  108  105  103  105  110  110  111  113  114  115  116  116
  116  115  113  109  104   97   88   80   72   66   62   60   59   60   62   62
   61   58   54   50   45   40   37   35   36   38   40   44   47   49   50   50
   49   47   46   46   48   51   56   63   71   80   88   94   99  103  105  107
  106  106  110  109  113  121  122  133  126                                   
    60.0-180.0 180.0   5.0 450.0                            LAT/LON1/LON2/DLON/H
  135  125  122  123  115  110  106  107  110  108  109  110  111  111  112  112
  112  111  109  106  100   93   86   78   70   65   61   60   61   62   63   63
   62   59   54   49   44   40   38   37   38   40   43   46   48   50   50   49
   47   45   44   44   46   50   55   63   71   80   88   95  100  103  106  108
  108  109  114  115  120  129  130  140  135                                   
    57.5-180.0 180.0   5.0 450.0                            LAT/LON1/LON2/DLON/H
  145  136  133  133  124  118  113  112  113  110  109  109  108  108  109  109
  109  108  106  102   97   91   84   77   71   66   64   64   64   65   66   66
   63   60   55   51   46   44   42   42   44   46   49   51   53   53   52   50
   48   46   45   46   48   52   58   65   74   82   90   96  101  104  107  109
  110  112  118  120  126  136  137  147  145                                   
    55.0-180.0 180.0   5.0 450.0                            LAT/LON1/LON2/DLON/H
  153  146  144  144  135  128  123  120  119  114  111  109  108  107  107  107
  106  105  102   99   95   89   84   79   74   71   69   69   70   70   70   68
   66   62   58   54   51   50   50   51   53   55   57   59   59   58   56   54
   51   50   49   50   53   57   64   71   79   87   94   99  103  105  108  111
  113  116  123  125  132  142  143  153  153                                   
    52.5-180.0 180.0   5.0 450.0                            LAT/LON1/LON2/DLON/H
  160  155  154  155  147  140  134  131  128  121  116  112  110  108  107  106
  105  103  100   97   94   90   86   83   80   78   77   76   76   76   75   72
   69   65   62   60   59   59   60   62   64   66   67   67   66   64   62   59
   57   56   56   58   61   66   72   79   87   94   99  103  106  108  111  114
  116  120  128  130  137  146  148  157  160                                   
    50.0-180.0 180.0   5.0 450.0                            LAT/LON1/LON2/DLON/H
  165  162  161  164  158  152  147  143  139  130  123  118  114  112  110  108
  106  103  101   98   96   93   92   90   89   87   86   85   84   82   80   77
   74   70   68   67   68   69   71   74   75   77   77   76   74   71   68   65
   64   63   64   67   71   76   83   90   96  102  106  109  111  112  115  118
  121  126  133  136  142  149  151  160  165                                   
    47.5-180.0 180.0   5.0 450.0                            LAT/LON1/LON2/DLON/H
  168  166  166  171  167  163  159  156  151  142  133  127  122  118  115  113
  109  106  103  101  100  100  100  100  100   99   97   95   92   89   86   83
   80   77   76   76   78   80   82   85   86   86   86   83   80   77   74   72
   71   71   73   76   81   87   94  100  106  111  114  116  116  117  120  123
  127  132  139  141  146  153  154  162  168                                   
    45.0-180.0 180.0   5.0 450.0                            LAT/LON1/LON2/DLON/H
  169  168  169  175  173  171  169  167  163  154  145  138  132  127  124  120
  116  112  109  108  108  109  111  112  113  111  108  104  100   96   92   89
   86   85   84   85   87   89   91   93   94   93   91   88   85   81   79   77
   77   78   81   84   89   96  103  109  115  119  121  122  122  123  125  129
  133  138  146  147  151  156  157  165  169                                   
    42.5-180.0 180.0   5.0 450.0                            LAT/LON1/LON2/DLON/H
  171  171  170  177  177  177  176  176  174  166  158  151  144  139  134  130
  125  121  118  117  118  120  123  125  125  123  118  113  107  102   98   95
   93   91   91   92   93   95   97   98   98   96   94   91   88   85   83   82
   82   83   85   89   95  101  109  116  122  126  128  128  128  128  131  135
  139  145  152  153  157  161  161  169  171                                   
    40.0-180.0 180.0   5.0 450.0                            LAT/LON1/LON2/DLON/H
  175  174  173  179  179  180  181  183  183  177  170  164  158  153  147  142
  137  133  130  129  130  133  136  138  137  133  127  119  112  107  103  100
   98   97   97   97   97   98   98   99   98   97   95   92   90   88   87   86
   86   86   87   91   96  104  112  120  126  131  133  134  134  134  137  141
  145  151  158  159  164  168  168  175  175                                   
    37.5-180.0 180.0   5.0 450.0                            LAT/LON1/LON2/DLON/H
  181  180  178  182  182  182  184  188  191  187  182  177  172  167  161  156
  150  146  143  142  144  146  149  150  148  142  134  125  116  110  106  104
  102  101  100   99   98   97   97   96   96   96   95   93   91   90   89   88
   87   86   86   89   95  103  112  121  129  134  137  139  140  141  144  148
  152  157  165  166  172  177  178  184  181                                   
    35.0-180.0 180.0   5.0 450.0                            LAT/LON1/LON2/DLON/H
  191  190  186  187  186  186  189  195  199  198  195  191  186  181  176  170
  164  159  157  156  157  159  161  160  157  150  140  129  120  113  109  106
  104  103  101   99   97   95   94   93   94   95   95   94   93   92   91   89
   87   84   83   85   91  101  111  122  130  136  141  144  146  148  151  155
  159  164  171  174  180  187  189  195  191                                   
    32.5-180.0 180.0   5.0 450.0                            LAT/LON1/LON2/DLON/H
  204  204  200  198  196  195  198  204  210  210  208  205  201  196  190  184
  178  173  170  169  170  171  172  171  166  158  147  135  124  116  111  107
  105  104  102   99   95   92   90   91   92   94   95   95   94   93   91   88
   84   81   79   81   87   98  110  122  131  138  143  148  152  156  160  164
  167  171  178  181  189  198  202  209  204                                   
    30.0-180.0 180.0   5.0 450.0                            LAT/LON1/LON2/DLON/H
  220  221  218  215  212  210  214  219  225  226  225  223  218  212  205  198
  191  185  182  181  182  183  184  182  177  168  155  142  130  120  113  109
  106  104  102   98   94   90   88   89   91   94   95   95   94   92   89   86
   81   77   74   77   84   96  109  122  131  139  145  152  158  165  170  174
  177  180  187  189  198  209  216  224  220                                   
    27.5-180.0 180.0   5.0 450.0                            LAT/LON1/LON2/DLON/H
  238  241  239  236  234  233  236  240  247  248  247  244  239  231  223  215
  206  199  194  193  194  196  196  195  189  179  165  151  136  124  116  110
  107  105  103   99   94   90   89   89   91   93   94   94   92   89   86   81
   77   73   71   73   81   94  109  122  132  140  147  155  165  174  182  187
  189  192  197  199  208  221  230  241  238                                   
    25.0-180.0 180.0   5.0 450.0                            LAT/LON1/LON2/DLON/H
  257  262  262  262  261  261  263  267  273  275  275  271  265  256  246  235
  224  214  208  206  207  209  210  208  202  191  176  160  144  129  119  113
  109  106  103  100   96   93   91   91   91   92   92   91   88   84   81   76
   72   69   68   71   80   93  108  122  133  141  149  159  172  184  195  202
  205  207  211  211  220  234  246  258  257                                   
    22.5-180.0 180.0   5.0 450.0                            LAT/LON1/LON2/DLON/H
  276  282  285  289  290  292  294  297  303  306  307  304  296  286  275  261
  247  234  226  222  223  225  226  223  215  203  186  168  150  135  123  115
  110  107  105  102  100   97   95   93   91   90   88   86   83   79   75   71
   68   66   66   69   78   91  106  121  133  142  152  164  180  196  210  220
  224  226  229  228  235  249  262  277  276                                   
    20.0-180.0 180.0   5.0 450.0                            LAT/LON1/LON2/DLON/H
  294  302  308  316  319  321  324  327  334  338  340  338  332  321  308  292
  275  260  248  243  242  243  242  237  227  212  194  175  156  140  127  118
  112  109  108  108  106  103  100   95   91   88   85   82   78   74   71   67
   65   63   64   67   74   86  102  118  132  143  155  170  189  209  227  240
  245  249  252  250  256  267  282  298  294                                   
    17.5-180.0 180.0   5.0 450.0                            LAT/LON1/LON2/DLON/H
  312  321  330  341  345  347  349  353  360  367  372  372  368  358  345  328
  309  290  276  268  265  263  259  250  236  217  197  177  159  143  130  121
  116  114  114  115  113  110  104   97   90   85   81   78   75   71   68   65
   63   61   61   63   69   79   95  112  129  144  159  177  198  222  244  260
  269  274  278  276  280  290  304  322  312                                   
    15.0-180.0 180.0   5.0 450.0                            LAT/LON1/LON2/DLON/H
  331  340  351  362  366  367  368  372  380  389  397  401  399  392  380  363
  344  325  309  297  290  283  273  259  240  218  196  176  159  145  133  125
  121  120  121  122  121  116  108   99   90   83   78   75   73   70   66   63
   61   59   58   58   62   71   86  105  125  143  162  183  208  235  260  279
  292  300  306  305  308  315  330  348  331                                   
    12.5-180.0 180.0   5.0 450.0                            LAT/LON1/LON2/DLON/H
  349  359  369  380  382  382  381  384  392  402  412  419  421  417  408  394
  377  358  341  327  314  300  284  262  238  213  190  171  156  145  136  129
  127  127  128  128  126  119  110   99   89   82   78   76   74   71   67   62
   59   57   55   53   55   62   77   97  120  142  165  190  217  246  274  297
  312  324  332  333  337  342  358  376  349                                   
    10.0-180.0 180.0   5.0 450.0                            LAT/LON1/LON2/DLON/H
  368  378  386  393  393  391  389  390  397  406  416  425  429  429  424  414
  401  385  369  352  333  312  288  260  232  204  181  164  153  144  138  134
  132  132  132  131  127  120  110   99   90   83   79   77   76   73   68   62
   58   54   51   49   48   54   68   90  115  141  167  195  225  256  286  311
  329  343  355  359  364  368  385  404  368                                   
     7.5-180.0 180.0   5.0 450.0                            LAT/LON1/LON2/DLON/H
  385  396  400  404  402  398  394  393  397  403  411  419  424  426  425  420
  412  400  385  366  343  316  285  253  222  194  172  158  149  144  140  137
