data/edconvlstm_nd/pred3290.15i
     1.0            IONOSPHERE MAPS     GNSS                IONEX VERSION / TYPE
pyspatialgeodesy        IME             05-JAN-18 20:20     PGM / RUN BY / DATE 
Map Name                                                    COMMENT             
Predicted global ionosphere maps (GIM).                     DESCRIPTION         
  2015    11    25     0     0     0                        EPOCH OF FIRST MAP  
  2015    11    26     0     0     0                        EPOCH OF LAST MAP   
  7200                                                      INTERVAL            
    13                                                      # OF MAPS IN FILE   
  NONE                                                      MAPPING FUNCTION    
10.0                                                        ELEVATION CUTOFF    
One-way carrier phase leveled to code                       OBSERVABLES USED    
  6371.0                                                    BASE RADIUS         
 2                                                          MAP DIMENSION       
   450.0 450.0   0.0                                        HGT1 / HGT2 / DHGT  
    87.5 -87.5  -2.5                                        LAT1 / LAT2 / DLAT  
  -180.0 180.0   5.0                                        LON1 / LON2 / DLON  
    -1                                                      EXPONENT            
                                                            END OF HEADER       
[from data line 858]
     3                                                      START OF TEC MAP    
  2015    11    25     4     0     0                        EPOCH OF CURRENT MAP
    87.5-180.0 180.0   5.0 450.0                            LAT/LON1/LON2/DLON/H
   25   33   24   27   24   26   24   20   21   22   22   23   24   24   25   25
   26   26   26   27   27   27   27   28   28   28   28   29   29   29   29   29
   29   29   29   28   28   28   28   27   27   27   27   26   26   26   26   26
   26   26   26   26   26   26   26   26   26   26   26   26   25   25   24   24
   25   24   22   22   25   41   47   39   25                                   
    85.0-180.0 180.0   5.0 450.0                            LAT/LON1/LON2/DLON/H
    9   32   23   26   27   29   28   27   28   29   29   30   31   31   32   32
   32   32   32   32   32   32   32   31   31   31   32   32   32   32   33   33
   34   34   34   34   35   35   35   35   34   34   34   34   34   33   33   33
   33   34   34   34   34   34   35   35   35   35   35   35   35   34   33   33
   34   34   31   33   38   38   51   36    9                                   
    82.5-180.0 180.0   5.0 450.0                            LAT/LON1/LON2/DLON/H
    6   16   29   26   24   27   26   25   27   27   28   30   31   32   32   33
   33   32   32   31   30   30   29   28   28   27   27   27   28   28   29   30
   31   32   32   33   33   34   34   34   34   33   33   33   32   32   32   32
   32   33   33   34   34   35   36   36   37   37   37   37   37   37   36   36
   36   35   32   30   42   31   36   33    6                                   
    80.0-180.0 180.0   5.0 450.0                            LAT/LON1/LON2/DLON/H
   24   28   34   27   29   28   29   28   30   31   32   34   36   37   38   38
   37   36   35   33   31   30   28   27   26   25   25   25   26   27   28   30
   31   33   34   35   36   37   37   37   36   35   35   34   33   33   33   33
   33   34   35   37   38   40   41   43   44   45   47   47   48   48   48   47
   47   45   45   42   52   42   40   40   24                                   
    77.5-180.0 180.0   5.0 450.0                            LAT/LON1/LON2/DLON/H
   41   40   36   29   27   27   28   28   30   31   32   35   37   39   40   40
   39   38   36   33   30   28   25   23   21   20   20   20   21   22   24   26
   29   31   33   35   36   37   36   36   35   33   32   30   29   29   29   30
   31   33   36   38   41   45   48   51   53   56   58   59   60   61   60   60
   59   57   55   54   54   40   39   39   41                                   
    75.0-180.0 180.0   5.0 450.0                            LAT/LON1/LON2/DLON/H
   46   45   42   34   28   28   29   29   31   32   33   36   38   40   42   42
   41   40   37   34   31   28   25   22   21   19   19   20   21   23   25   27
   30   33   35   36   37   37   36   35   33   31   29   27   26   25   26   27
   30   33   38   42   47   52   57   61   65   68   71   73   75   76   75   75
   73   71   69   64   65   53   49   48   46                                   
    72.5-180.0 180.0   5.0 450.0                            LAT/LON1/LON2/DLON/H
   57   51   48   38   33   33   34   34   34   35   35   38   40   42   43   44
   43   42   40   37   33   30   27   25   23   22   22   22   24   26   28   31
   33   36   37   38   38   38   36   34   31   29   26   24   23   24   25   28
   32   38   44   51   58   65   71   76   81   85   89   91   93   93   93   92
   90   88   88   84   82   68   63   62   57                                   
    70.0-180.0 180.0   5.0 450.0                            LAT/LON1/LON2/DLON/H
   70   61   58   48   41   38   38   37   37   37   37   39   40   42   43   43
   43   42   40   37   35   32   29   28   26   26   26   27   28   30   33   35
   36   38   38   38   37   35   33   31   28   25   23   22   22   23   26   31
   37   45   53   62   71   79   87   93   98  102  105  107  108  108  108  107
  104  102  102   98   95   82   80   75   70                                   
    67.5-180.0 180.0   5.0 450.0                            LAT/LON1/LON2/DLON/H
   77   68   63   52   44   41   39   37   36   34   33   35   35   36   36   37
   36   36   34   33   31   29   28   27   27   27   28   29   30   32   33   34
   34   34   33   32   30   28   25   23   21   19   18   17   18   21   25   32
   40   50   60   71   81   90   98  104  109  112  115  116  116  116  114  113
  110  107  108  103  101   90   87   84   77                                   
    65.0-180.0 180.0   5.0 450.0                            LAT/LON1/LON2/DLON/H
   84   73   66   56   47   43   41   38   36   34   32   32   31   31   31   31
   31   30   30   29   28   27   27   27   28   29   30   31   32   33   33   33
   32   31   29   26   24   22   19   18   16   16   16   17   19   23   28   37
   47   58   71   83   94  103  111  116  120  123  125  125  125  123  121  119
  115  112  112  107  106   95   93   91   84                                   
    62.5-180.0 180.0   5.0 450.0                            LAT/LON1/LON2/DLON/H
   88   77   69   59   50   46   43   41   38   35   32   31   29   28   27   27
   27   27   27   27   27   26   27   28   29   31   32   34   34   34   33   32
   30   28   26   23   21   19   17   17   17   17   19   21   24   29   36   45
   56   69   82   95  107  116  123  128  132  134  135  135  134  132  129  127
  122  117  116  111  109   98   96   96   88                                   
    60.0-180.0 180.0   5.0 450.0                            LAT/LON1/LON2/DLON/H
   92   80   71   60   51   47   44   41   38   35   31   30   27   26   24   24
   24   24   24   24   24   24   25   26   28   30   32   33   33   32   31   29
   27   25   23   21   19   18   17   18   19   22   24   27   31   36   43   52
   64   78   92  105  116  126  132  137  140  142  143  143  143  141  138  134
  129  123  120  114  111  100   97   96   92                                   
    57.5-180.0 180.0   5.0 450.0                            LAT/LON1/LON2/DLON/H
   98   84   74   63   54   49   46   42   39   35   32   30   27   25   24   23
   23   23   23   23   22   22   23   24   26   29   31   32   31   30   29   27
   26   25   24   23   22   21   22   23   26   29   33   37   40   45   52   61
   72   86  100  114  125  134  140  145  148  151  153  154  154  153  150  147
  140  133  129  122  118  105  101  100   98                                   
    55.0-180.0 180.0   5.0 450.0                            LAT/LON1/LON2/DLON/H
  106   91   80   69   59   53   48   43   40   35   32   30   27   25   24   24
   24   24   24   23   21   21   21   23   25   28   30   31   30   29   27   27
   26   27   27   28   28   28   29   32   35   40   44   48   51   55   61   69
   81   94  108  121  133  142  148  153  157  160  163  165  167  167  165  162
  155  146  142  133  128  114  109  107  106                                   
    52.5-180.0 180.0   5.0 450.0                            LAT/LON1/LON2/DLON/H
  119  103   92   80   69   61   54   47   42   37   33   31   28   27   26   27
   27   27   26   24   22   21   22   24   28   31   33   34   33   31   29   29
   30   33   35   37   39   40   41   44   47   52   56   59   63   66   71   79
   90  103  117  130  141  150  157  162  166  170  173  176  179  180  179  177
  171  162  156  147  142  126  121  118  119                                   
    50.0-180.0 180.0   5.0 450.0                            LAT/LON1/LON2/DLON/H
  134  119  107   96   83   74   64   54   47   40   35   33   31   29   29   30
   31   30   29   27   25   25   26   30   34   38   41   41   39   37   35   35
   37   41   46   50   52   53   54   56   59   63   67   71   74   78   83   91
  101  113  127  140  151  160  167  172  176  179  182  185  188  190  190  189
  184  176  170  160  155  139  135  130  134                                   
    47.5-180.0 180.0   5.0 450.0                            LAT/LON1/LON2/DLON/H
  147  135  122  113  101   90   78   65   55   46   40   37   34   33   33   34
   34   34   33   31   30   31   34   39   45   50   52   52   49   46   43   43
   46   52   58   63   66   67   67   68   70   73   77   81   84   89   95  103
  114  126  138  151  162  171  177  181  183  185  186  188  191  194  195  195
  191  184  178  169  164  149  146  141  147                                   
    45.0-180.0 180.0   5.0 450.0                            LAT/LON1/LON2/DLON/H
  155  145  134  128  117  106   93   78   65   54   46   42   39   37   37   37
   37   37   37   37   38   41   45   52   58   63   66   64   61   56   53   52
   55   61   68   73   77   78   77   77   78   80   84   89   94  101  108  117
  128  139  151  162  173  181  186  189  189  188  187  187  189  192  194  195
  192  186  180  172  167  154  151  147  155                                   
    42.5-180.0 180.0   5.0 450.0                            LAT/LON1/LON2/DLON/H
  153  146  137  134  125  117  105   90   76   64   55   50   46   43   42   41
   41   42   42   44   47   52   58   65   72   76   78   76   71   65   61   60
   63   68   75   80   84   85   84   83   84   86   90   96  103  112  122  132
  142  153  163  173  183  190  195  195  193  189  186  184  185  187  190  192
  190  185  179  170  165  152  150  147  153                                   
    40.0-180.0 180.0   5.0 450.0                            LAT/LON1/LON2/DLON/H
  143  137  129  128  123  118  108   96   84   73   64   59   54   51   49   47
   47   47   50   54   59   65   72   78   83   86   86   83   77   71   67   66
   67   72   78   83   87   88   87   87   87   90   95  102  112  123  135  146
  156  165  174  183  192  199  203  203  199  193  187  184  184  187  190  192
  190  185  178  169  162  148  144  142  143                                   
    37.5-180.0 180.0   5.0 450.0                            LAT/LON1/LON2/DLON/H
  129  119  111  111  108  106  101   93   85   77   70   66   63   60   57   55
   54   56   59   65   71   78   84   88   90   91   89   85   80   74   71   69
   71   74   79   83   86   88   88   89   90   94   99  108  120  133  147  159
  168  176  184  192  201  209  214  214  209  202  196  193  194  197  201  203
  201  194  187  176  166  148  141  138  129                                   
    35.0-180.0 180.0   5.0 450.0                            LAT/LON1/LON2/DLON/H
  118  101   90   87   84   84   83   81   79   75   72   71   69   68   66   64
   64   66   71   78   84   90   93   94   93   90   87   83   79   75   73   72
   73   75   79   82   85   87   88   90   92   97  104  114  127  142  157  170
  179  186  193  202  213  223  229  231  228  222  218  216  218  223  228  231
  228  220  211  199  185  161  150  143  118                                   
    32.5-180.0 180.0   5.0 450.0                            LAT/LON1/LON2/DLON/H
  119   90   73   65   60   60   62   64   66   66   68   71   72   73   73   73
   74   77   83   90   96   99   98   95   91   86   83   80   77   76   75   75
   76   77   79   81   83   86   88   90   94   99  107  118  132  149  165  178
  187  195  203  214  227  241  251  255  255  253  251  252  257  264  271  275
  273  264  255  241  225  196  180  167  119                                   
    30.0-180.0 180.0   5.0 450.0                            LAT/LON1/LON2/DLON/H
  138   97   71   54   44   40   42   46   51   55   59   66   70   74   77   79
   82   86   92   98  102  102   98   92   86   81   78   77   76   76   77   78
   79   79   80   80   82   84   87   90   94  100  109  121  136  154  171  185
  195  204  214  228  246  263  277  286  290  292  294  299  306  315  324  330
  329  322  314  300  284  252  233  212  138                                   
    27.5-180.0 180.0   5.0 450.0                            LAT/LON1/LON2/DLON/H
  180  129   92   62   43   32   30   33   38   43   50   57   65   71   77   81
   85   90   95   99  101   98   93   87   82   78   77   76   77   78   80   82
   83   83   82   82   82   83   85   89   93  100  109  122  138  157  176  191
  204  215  229  247  269  292  311  324  332  338  344  352  362  373  383  390
  391  387  382  368  354  323  302  274  180                                   
    25.0-180.0 180.0   5.0 450.0                            LAT/LON1/LON2/DLON/H
  244  188  141   96   65   43   33   31   33   37   42   50   58   66   72   78
   82   86   90   92   92   89   84   81   79   79   80   81   82   84   86   89
   90   89   87   85   83   82   83   85   90   97  107  121  139  160  180  199
  214  229  247  271  298  325  349  367  380  390  400  410  422  433  444  452
  455  454  451  438  428  401  377  347  244                                   
    22.5-180.0 180.0   5.0 450.0                            LAT/LON1/LON2/DLON/H
  325  271  213  157  113   78   56   45   40   40   42   48   54   61   67   72
   75   77   78   78   77   76   75   77   81   86   90   92   93   94   96   98
   99   96   92   88   83   80   79   80   84   92  104  120  140  163  186  208
  228  248  271  299  331  362  389  411  427  440  453  465  476  487  497  506
  511  513  513  504  496  476  450  423  325                                   
    20.0-180.0 180.0   5.0 450.0                            LAT/LON1/LON2/DLON/H
  412  364  299  237  183  137  101   78   64   56   53   54   58   62   66   67
   67   66   64   63   63   65   70   78   88   98  105  109  110  109  109  108
  105  100   94   87   81   76   73   73   77   86  100  119  142  168  195  220
  245  269  297  329  364  397  425  448  466  480  493  505  516  527  536  544
  550  555  558  553  547  536  513  493  412                                   
    17.5-180.0 180.0   5.0 450.0                            LAT/LON1/LON2/DLON/H
  489  453  389  328  265  211  163  129  104   87   77   73   73   73   72   69
   65   59   55   53   54   60   70   84  100  115  126  130  129  125  120  114
  108  100   91   83   76   70   66   65   70   81   98  120  146  175  206  235
  264  293  324  357  392  424  451  472  488  502  515  526  536  545  553  560
  566  573  578  577  571  572  557  544  489                                   
    15.0-180.0 180.0   5.0 450.0                            LAT/LON1/LON2/DLON/H
  541  521  467  412  348  290  234  192  158  132  114  105  100   96   90   82
   72   63   56   54   56   64   78   97  118  136  148  151  146  137  127  116
  105   94   85   77   70   64   60   59   65   78   98  123  153  185  218  251
  283  315  347  380  411  440  463  481  495  507  519  529  537  544  549  554
  560  566  573  574  569  577  572  566  541                                   
    12.5-180.0 180.0   5.0 450.0                            LAT/LON1/LON2/DLON/H
  563  558  520  474  416  360  301  256  216  184  161  146  137  129  119  106
   92   80   72   69   72   82   98  119  141  160  169  167  158  144  129  114
   99   87   78   71   65   60   56   57   64   78  100  128  161  195  231  266
  299  332  364  394  422  445  464  478  490  500  510  518  525  529  533  536
  539  544  550  551  546  557  559  558  563                                   
    10.0-180.0 180.0   5.0 450.0                            LAT/LON1/LON2/DLON/H
  559  564  541  504  457  407  354  310  269  235  209  192  181  170  157  141
  125  111  102   99  102  112  128  148  168  181  184  177  163  146  128  110
   93   81   73   67   63   59   56   57   65   81  105  136  169  205  241  277
  312  344  374  401  424  443  457  469  479  488  496  503  509  512  515  517
  518  521  524  522  517  525  530  531  559                                   
     7.5-180.0 180.0   5.0 450.0                            LAT/LON1/LON2/DLON/H
  541  550  536  504  470  430  385  347  310  276  251  234  223  213  199  182
  165  151  143  140  144  152  166  180  192  197  192  179  163  145  126  107
