data/edconvlstm_nd/pred0850.15i
     1.0            IONOSPHERE MAPS     GNSS                IONEX VERSION / TYPE
pyspatialgeodesy        IME             05-JAN-18 20:20     PGM / RUN BY / DATE 
Map Name                                                    COMMENT             
Predicted global ionosphere maps (GIM).                     DESCRIPTION         
  2015     3    26     0     0     0                        EPOCH OF FIRST MAP  
  2015     3    27     0     0     0                        EPOCH OF LAST MAP   
  7200                                                      INTERVAL            
    13                                                      # OF MAPS IN FILE   
  NONE                                                      MAPPING FUNCTION    
10.0                                                        ELEVATION CUTOFF    
One-way carrier phase leveled to code                       OBSERVABLES USED    
  6371.0                                                    BASE RADIUS         
 2                                                          MAP DIMENSION       
   450.0 450.0   0.0                                        HGT1 / HGT2 / DHGT  
    87.5 -87.5  -2.5                                        LAT1 / LAT2 / DLAT  
  -180.0 180.0   5.0                                        LON1 / LON2 / DLON  
    -1                                                      EXPONENT            
                                                            END OF HEADER       
[from data line 429]
     2                                                      START OF TEC MAP    
  2015     3    26     2     0     0                        EPOCH OF CURRENT MAP
    87.5-180.0 180.0   5.0 450.0                            LAT/LON1/LON2/DLON/H
  156  164  166  162  160  158  154  153  155  156  157  159  160  161  162  162
  162  162  161  161  160  158  157  155  154  152  151  149  148  146  145  143
  142  141  140  140  139  139  138  138  138  138  139  139  140  140  141  142
  143  144  145  146  147  148  148  149  150  150  151  151  151  151  151  152
  153  155  154  155  156  157  158  161  156                                   
    85.0-180.0 180.0   5.0 450.0                            LAT/LON1/LON2/DLON/H
  166  174  158  162  162  160  158  157  159  160  161  162  163  164  165  165
  165  164  163  161  159  157  155  152  149  147  144  142  139  137  135  134
  133  132  131  131  131  131  132  133  134  135  137  138  140  142  143  145
  147  149  151  152  154  156  157  159  160  161  162  163  164  164  163  164
  166  166  166  169  162  163  162  163  166                                   
    82.5-180.0 180.0   5.0 450.0                            LAT/LON1/LON2/DLON/H
  174  171  169  163  161  158  156  157  159  161  162  164  166  167  167  167
  166  164  162  159  156  152  149  145  141  137  133  129  126  123  120  118
  117  116  116  116  117  118  119  121  123  125  128  130  133  136  138  141
  144  148  151  154  157  160  163  166  168  170  172  174  175  175  176  176
  176  176  175  175  176  166  163  160  174                                   
    80.0-180.0 180.0   5.0 450.0                            LAT/LON1/LON2/DLON/H
  177  174  164  158  156  155  156  158  162  164  167  170  172  173  174  173
  171  168  165  161  156  152  147  141  136  131  126  121  117  114  111  109
  108  107  107  108  110  112  114  116  118  121  124  126  129  132  136  139
  143  147  151  155  159  163  167  171  174  177  180  183  184  186  186  188
  187  185  182  180  185  175  176  169  177                                   
    77.5-180.0 180.0   5.0 450.0                            LAT/LON1/LON2/DLON/H
  182  174  167  163  157  156  159  162  167  170  173  177  180  181  180  178
  175  170  165  160  155  150  144  139  134  129  124  119  114  111  108  106
  105  106  106  108  110  112  114  117  119  121  122  124  127  129  132  135
  139  143  148  153  158  163  168  173  177  182  186  189  192  195  197  199
  199  198  193  193  196  187  185  183  182                                   
    75.0-180.0 180.0   5.0 450.0                            LAT/LON1/LON2/DLON/H
  190  184  177  172  164  163  164  167  172  176  179  184  185  185  182  178
  171  165  158  152  146  141  137  132  128  124  119  115  111  108  105  104
  103  104  105  107  109  111  113  115  117  118  118  119  120  121  124  127
  130  135  140  146  152  158  164  169  175  180  185  189  194  197  201  205
  207  208  206  202  206  202  203  199  190                                   
    72.5-180.0 180.0   5.0 450.0                            LAT/LON1/LON2/DLON/H
  196  197  191  183  174  171  172  175  180  183  187  190  190  187  181  172
  162  153  144  138  133  129  127  124  122  120  116  113  110  107  105  103
  103  103  104  106  109  111  113  115  115  115  115  114  114  114  116  119
  123  128  135  141  148  155  161  167  173  178  183  187  192  197  202  208
  211  214  215  215  219  215  216  213  196                                   
    70.0-180.0 180.0   5.0 450.0                            LAT/LON1/LON2/DLON/H
  211  210  203  194  183  179  178  180  185  188  191  194  191  184  174  161
  147  135  126  119  116  115  115  115  115  114  112  110  107  104  101  100
   99   99   99  101  103  105  106  107  107  107  105  103  102  102  103  106
  112  118  126  135  143  151  158  164  169  174  179  183  188  193  198  204
  209  213  216  219  224  224  229  225  211                                   
    67.5-180.0 180.0   5.0 450.0                            LAT/LON1/LON2/DLON/H
  219  221  212  202  189  183  181  182  186  190  193  195  190  180  166  149
  132  118  109  104  102  103  105  108  109  109  108  105  102   99   96   93
   91   89   89   90   91   92   94   94   94   93   90   88   86   86   87   92
   99  108  118  129  139  148  156  162  167  172  176  180  185  189  194  200
  205  209  213  218  223  226  232  232  219                                   
    65.0-180.0 180.0   5.0 450.0                            LAT/LON1/LON2/DLON/H
  226  228  219  207  193  185  180  181  186  190  193  194  189  178  161  142
  124  109  100   96   96   98  102  105  106  106  104  101   98   94   90   86
   83   80   78   78   78   79   80   81   81   79   77   75   73   73   75   81
   90  101  114  127  139  149  158  164  170  175  179  184  188  192  196  200
  204  208  211  215  220  225  233  235  226                                   
    62.5-180.0 180.0   5.0 450.0                            LAT/LON1/LON2/DLON/H
  230  233  224  210  195  184  178  178  182  186  191  193  188  177  161  142
  124  110  102   98   98  101  104  105  106  104  101   98   94   90   85   81
   76   73   70   68   67   68   69   70   70   69   67   65   63   64   67   74
   85   98  113  128  142  153  162  170  176  182  188  193  198  202  206  209
  210  211  213  215  219  224  232  236  230                                   
    60.0-180.0 180.0   5.0 450.0                            LAT/LON1/LON2/DLON/H
  233  236  227  211  195  182  173  171  175  179  184  187  185  176  163  147
  132  120  112  109  108  108  108  107  105  101   97   94   90   86   82   78
   73   68   64   62   61   61   62   64   64   64   62   60   58   59   63   71
   84   99  115  131  146  158  168  177  185  193  201  209  216  221  224  226
  225  222  221  220  221  225  232  236  233                                   
    57.5-180.0 180.0   5.0 450.0                            LAT/LON1/LON2/DLON/H
  241  243  234  216  200  184  172  168  169  171  176  180  179  175  166  156
  145  136  129  124  121  117  113  109  103   98   95   91   89   86   83   79
   74   69   65   62   61   62   63   65   65   65   63   61   59   60   65   73
   86  102  119  136  151  164  175  186  196  207  218  229  238  245  250  252
  249  243  239  234  232  233  238  242  241                                   
    55.0-180.0 180.0   5.0 450.0                            LAT/LON1/LON2/DLON/H
  255  256  247  228  212  194  179  171  168  167  169  172  173  172  169  164
  158  152  146  139  132  125  117  109  103   98   95   93   92   91   89   86
   81   77   73   70   69   70   71   73   73   72   70   67   66   66   71   79
   92  108  126  143  158  172  184  196  208  222  236  251  263  273  279  282
  278  271  265  258  253  249  251  254  255                                   
    52.5-180.0 180.0   5.0 450.0                            LAT/LON1/LON2/DLON/H
  276  276  266  248  234  215  198  185  177  170  167  167  167  168  169  169
  167  164  158  149  140  130  120  112  106  102  101  101  101  101  100   97
   93   89   85   83   83   85   86   86   86   84   81   78   76   76   80   89
  101  117  134  151  167  181  194  208  222  238  255  272  288  300  308  312
  310  304  297  288  281  273  272  273  276                                   
    50.0-180.0 180.0   5.0 450.0                            LAT/LON1/LON2/DLON/H
  302  302  290  276  264  247  229  212  198  184  174  169  166  166  168  170
  171  168  162  153  142  132  124  118  114  113  114  115  116  116  114  110
  106  102  100   99  100  102  103  103  101   98   95   91   89   89   92  101
  113  129  146  163  179  194  209  223  239  256  275  293  309  323  333  339
  339  336  331  321  314  303  300  299  302                                   
    47.5-180.0 180.0   5.0 450.0                            LAT/LON1/LON2/DLON/H
  328  328  316  308  298  285  267  247  228  208  191  179  171  168  168  169
  169  166  159  151  142  135  130  128  128  130  132  133  133  130  126  122
  117  113  112  113  115  118  119  119  116  113  109  105  103  103  107  115
  127  142  160  178  195  211  227  243  259  276  293  310  325  338  348  356
  360  361  359  352  345  334  331  329  328                                   
    45.0-180.0 180.0   5.0 450.0                            LAT/LON1/LON2/DLON/H
  351  351  341  338  330  320  305  285  263  238  215  197  184  176  172  169
  165  160  154  147  143  140  140  143  146  150  152  150  146  140  133  126
  121  119  119  122  126  130  132  131  129  126  122  119  117  118  121  129
  142  158  176  195  213  231  248  265  280  295  309  323  336  346  354  361
  367  372  376  373  370  361  359  357  351                                   
    42.5-180.0 180.0   5.0 450.0                            LAT/LON1/LON2/DLON/H
  369  368  361  360  354  347  335  317  295  269  243  221  203  190  181  172
  164  156  151  148  148  150  155  160  165  168  167  161  152  142  133  126
  121  120  122  126  132  137  140  140  138  136  134  132  131  131  135  143
  156  172  192  213  233  253  271  287  301  313  324  334  342  348  353  358
  364  372  380  384  384  379  381  378  369                                   
    40.0-180.0 180.0   5.0 450.0                            LAT/LON1/LON2/DLON/H
  383  379  371  368  364  359  350  336  318  294  268  245  226  209  194  181
  168  159  154  155  159  166  172  177  179  178  173  162  150  138  130  124
  122  122  125  130  137  143  146  147  146  145  144  143  143  143  147  155
  168  185  206  229  251  273  292  308  320  329  337  343  347  348  350  353
  358  367  377  386  390  391  396  393  383                                   
    37.5-180.0 180.0   5.0 450.0                            LAT/LON1/LON2/DLON/H
  394  385  374  366  364  360  351  341  327  307  285  265  247  229  211  194
  178  168  165  169  177  185  189  189  186  180  171  158  146  136  131  130
  130  131  134  138  143  149  152  153  153  153  153  153  153  153  155  163
  176  194  216  240  265  289  310  326  337  345  351  354  356  355  353  353
  356  364  375  386  393  401  410  407  394                                   
    35.0-180.0 180.0   5.0 450.0                            LAT/LON1/LON2/DLON/H
  411  397  382  367  364  357  347  338  326  310  293  278  262  246  228  209
  192  183  183  190  198  203  201  195  186  176  165  154  146  142  142  146
  149  151  151  152  155  158  161  162  161  161  161  161  160  159  160  166
  179  197  220  246  273  300  323  341  354  362  368  372  373  371  368  366
  367  373  384  395  404  420  433  429  411                                   
    32.5-180.0 180.0   5.0 450.0                            LAT/LON1/LON2/DLON/H
  445  430  410  385  379  366  349  337  324  309  295  283  272  258  241  223
  208  200  202  210  216  215  206  192  180  170  163  158  157  159  166  175
  181  182  179  175  174  174  174  173  171  169  169  168  165  162  161  166
  178  196  219  246  275  304  330  351  366  377  385  392  396  398  397  396
  398  403  412  421  432  455  469  466  445                                   
    30.0-180.0 180.0   5.0 450.0                            LAT/LON1/LON2/DLON/H
  506  491  466  435  421  401  375  354  334  315  299  288  277  265  250  233
  221  215  218  224  225  217  202  186  175  171  172  176  182  192  205  218
  225  224  217  207  200  196  192  187  182  177  175  171  166  161  158  161
  172  191  214  241  271  301  330  353  371  384  396  408  419  428  435  441
  447  455  464  471  483  510  521  518  506                                   
    27.5-180.0 180.0   5.0 450.0                            LAT/LON1/LON2/DLON/H
  593  582  555  522  499  471  433  399  367  338  316  299  284  270  255  240
  229  225  226  227  222  209  193  182  180  187  199  212  225  241  259  273
  279  274  260  244  231  221  212  202  191  183  177  171  164  156  152  154
  165  183  206  233  263  295  326  352  373  390  406  423  441  458  474  491
  508  524  536  543  555  585  591  587  593                                   
    25.0-180.0 180.0   5.0 450.0                            LAT/LON1/LON2/DLON/H
  694  690  671  642  612  575  524  475  429  387  352  324  301  280  262  246
  235  228  224  219  210  197  188  188  201  223  247  270  290  309  326  336
  336  324  304  280  261  245  230  213  197  184  175  167  158  149  144  147
  158  177  200  227  257  291  324  354  379  400  421  442  466  490  514  541
  571  596  616  627  642  675  676  672  694                                   
    22.5-180.0 180.0   5.0 450.0                            LAT/LON1/LON2/DLON/H
  790  795  797  782  746  703  640  579  518  462  412  370  333  302  277  257
  243  231  221  209  199  192  196  214  245  284  320  350  371  386  395  397
  387  366  337  307  282  260  240  218  197  181  169  159  150  141  136  140
  153  173  197  225  257  292  329  363  392  417  442  467  495  524  555  589
  627  661  689  709  728  763  768  765  790                                   
    20.0-180.0 180.0   5.0 450.0                            LAT/LON1/LON2/DLON/H
  864  876  905  905  871  828  762  694  624  557  494  436  384  340  306  280
  260  242  225  209  200  205  226  266  317  370  412  439  452  455  451  439
  418  387  351  316  287  262  239  215  191  173  160  150  141  133  130  135
  149  171  198  228  262  300  341  379  413  442  469  497  527  559  592  630
  673  712  746  776  797  832  847  853  864                                   
    17.5-180.0 180.0   5.0 450.0                            LAT/LON1/LON2/DLON/H
  901  919  969  984  956  921  861  797  727  657  587  518  453  397  353  321
  295  271  247  230  227  245  286  347  412  467  503  515  511  495  474  448
  416  378  338  302  274  251  229  205  183  164  152  142  134  127  125  132
  148  173  202  235  272  314  358  402  440  472  501  529  558  589  622  660
  705  745  782  818  841  869  896  913  901                                   
    15.0-180.0 180.0   5.0 450.0                            LAT/LON1/LON2/DLON/H
  900  925  984 1010  991  968  923  870  811  747  678  606  535  471  420  383
  352  324  297  280  286  319  378  450  514  555  567  555  527  492  456  419
  381  340  301  270  249  232  215  195  175  158  146  138  130  124  122  129
  147  174  207  244  284  328  377  425  467  503  534  562  588  616  646  681
  723  761  798  836  858  877  911  935  900                                   
    12.5-180.0 180.0   5.0 450.0                            LAT/LON1/LON2/DLON/H
  873  903  960  987  980  973  945  908  864  814  754  688  619  554  501  462
  431  402  377  365  380  426  493  559  600  608  588  548  499  451  407  367
  327  290  258  236  223  215  204  189  172  157  146  137  129  122  120  126
  145  174  209  248  291  338  390  442  489  528  561  589  615  641  667  698
  735  768  803  837  855  863  898  923  873                                   
    10.0-180.0 180.0   5.0 450.0                            LAT/LON1/LON2/DLON/H
  836  866  909  931  935  943  933  913  886  852  807  752  691  632  584  550
  523  500  481  478  502  551  608  645  647  614  560  500  443  395  354  317
  282  250  227  213  208  205  199  187  173  160  149  139  129  121  117  122
  139  169  206  247  291  340  394  449  499  541  575  606  635  661  686  714
  745  773  804  832  843  844  872  892  836                                   
     7.5-180.0 180.0   5.0 450.0                            LAT/LON1/LON2/DLON/H
  806  827  852  864  876  893  896  891  881  863  833  792  742  693  654  628
  612  599  591  597  623  661  689  686  643  573  497  432  384  349  319  290
