data/edconvlstm_nd/pred1750.15i
     1.0            IONOSPHERE MAPS     GNSS                IONEX VERSION / TYPE
pyspatialgeodesy        IME             05-JAN-18 20:20     PGM / RUN BY / DATE 
Map Name                                                    COMMENT             
Predicted global ionosphere maps (GIM).                     DESCRIPTION         
  2015     6    24     0     0     0                        EPOCH OF FIRST MAP  
  2015     6    25     0     0     0                        EPOCH OF LAST MAP   
  7200                                                      INTERVAL            
    13                                                      # OF MAPS IN FILE   
  NONE                                                      MAPPING FUNCTION    
10.0                                                        ELEVATION CUTOFF    
One-way carrier phase leveled to code                       OBSERVABLES USED    
  6371.0                                                    BASE RADIUS         
 2                                                          MAP DIMENSION       
   450.0 450.0   0.0                                        HGT1 / HGT2 / DHGT  
    87.5 -87.5  -2.5                                        LAT1 / LAT2 / DLAT  
  -180.0 180.0   5.0                                        LON1 / LON2 / DLON  
    -1                                                      EXPONENT            
                                                            END OF HEADER       
[from data line 3432]
     9                                                      START OF TEC MAP    
  2015     6    24    16     0     0                        EPOCH OF CURRENT MAP
    87.5-180.0 180.0   5.0 450.0                            LAT/LON1/LON2/DLON/H
  127  124  116  120  125  124  122  121  122  123  122  123  123  124  124  125
  126  126  127  127  128  128  129  129  130  130  130  130  130  130  130  130
  130  130  130  129  129  129  128  128  128  127  127  127  127  126  126  126
  125  125  124  124  124  123  123  122  122  121  121  121  120  120  120  120
  119  120  118  117  127  120  127  127  127                                   
    85.0-180.0 180.0   5.0 450.0                            LAT/LON1/LON2/DLON/H
  123  121  128  120  121  125  124  125  125  126  126  127  127  128  129  130
  130  131  132  133  134  134  135  136  136  137  137  137  137  137  137  137
  137  137  137  136  136  136  136  135  135  135  134  134  133  133  132  132
  131  131  130  129  129  128  128  127  126  126  125  125  124  124  124  123
  124  124  120  118  120  113  117  116  123                                   
    82.5-180.0 180.0   5.0 450.0                            LAT/LON1/LON2/DLON/H
  102  111  110  107  110  115  115  116  115  116  117  118  118  119  121  122
  123  124  126  127  128  130  131  132  133  134  134  135  135  135  135  135
  135  135  135  135  134  134  134  134  133  133  133  132  132  131  130  129
  128  127  126  125  124  123  122  121  120  119  118  117  116  116  115  114
  114  112  109  111  111  114  107   97  102                                   
    80.0-180.0 180.0   5.0 450.0                            LAT/LON1/LON2/DLON/H
   94   98   99  101  101  103  104  107  107  108  108  109  110  111  112  113
  115  116  118  120  121  123  124  125  126  127  127  128  128  128  128  127
  127  127  126  126  126  126  126  125  125  125  124  124  123  122  121  120
  119  118  116  115  114  113  112  111  109  109  108  107  106  105  104  103
  103  102  100  100   98   97   97   92   94                                   
    77.5-180.0 180.0   5.0 450.0                            LAT/LON1/LON2/DLON/H
  102  102  102  104  105  107  107  109  109  109  109  110  110  111  112  114
  115  117  119  121  123  125  126  127  128  129  129  129  129  129  128  128
  128  128  127  127  127  127  128  128  128  127  127  126  126  125  124  122
  121  119  118  116  115  114  112  111  110  109  108  107  105  104  103  102
  101  100   99   99  101   95   97   97  102                                   
    75.0-180.0 180.0   5.0 450.0                            LAT/LON1/LON2/DLON/H
  103  104  101  104  107  110  109  110  110  111  109  110  110  110  111  112
  114  116  118  119  121  123  124  125  126  126  126  126  126  126  126  125
  125  125  125  125  125  125  126  126  126  126  126  125  124  123  121  120
  118  116  115  113  112  110  109  108  107  106  105  104  103  102  101  101
  100  100   99   96   99   95   99   90  103                                   
    72.5-180.0 180.0   5.0 450.0                            LAT/LON1/LON2/DLON/H
  107  109  106  112  113  116  116  117  115  115  114  113  113  113  113  114
  116  117  119  121  123  124  125  125  126  126  126  125  125  125  125  125
  125  125  126  126  126  127  127  128  128  128  128  127  126  124  123  121
  119  118  116  114  113  112  110  109  108  107  106  105  105  104  103  103
  102  102  102   99  101   99  104   99  107                                   
    70.0-180.0 180.0   5.0 450.0                            LAT/LON1/LON2/DLON/H
  110  113  110  115  116  118  118  119  118  117  115  114  113  113  113  114
  115  117  119  120  121  122  122  122  122  122  122  122  122  122  123  124
  125  125  126  126  127  127  128  128  129  129  128  127  126  124  122  120
  118  117  115  113  112  110  109  107  106  105  104  103  103  103  103  104
  104  104  104  102  105  104  110  104  110                                   
    67.5-180.0 180.0   5.0 450.0                            LAT/LON1/LON2/DLON/H
  113  117  115  120  121  123  123  124  122  122  120  118  117  116  116  117
  118  119  121  122  122  122  122  121  120  119  119  119  120  121  123  125
  126  127  127  128  128  128  129  129  130  130  130  129  127  125  123  122
  120  118  116  115  113  111  109  107  105  104  103  102  103  103  104  106
  106  107  108  106  107  107  112  106  113                                   
    65.0-180.0 180.0   5.0 450.0                            LAT/LON1/LON2/DLON/H
  113  119  116  120  121  123  123  124  123  122  121  119  118  117  117  118
  118  120  120  121  121  120  119  117  116  115  115  116  118  120  123  126
  128  129  130  130  130  130  130  131  131  132  131  130  129  127  125  123
  121  119  118  116  114  111  108  106  103  101   99   99   99  100  102  104
  106  107  109  108  110  111  117  110  113                                   
    62.5-180.0 180.0   5.0 450.0                            LAT/LON1/LON2/DLON/H
  112  119  116  119  121  123  122  123  123  123  121  120  119  119  118  119
  120  120  121  120  119  117  115  113  112  111  111  113  116  120  124  127
  130  131  131  131  130  130  130  131  132  133  133  132  131  129  127  125
  123  121  119  117  115  112  108  104  100   97   95   94   94   95   97  100
  102  105  107  106  109  110  116  109  112                                   
    60.0-180.0 180.0   5.0 450.0                            LAT/LON1/LON2/DLON/H
  109  116  113  116  118  121  120  121  121  121  120  120  119  118  119  119
  120  120  120  118  116  114  111  109  107  107  108  111  115  119  124  129
  131  133  132  131  130  129  130  131  133  135  136  135  134  132  129  127
  125  123  121  119  116  113  108  103   98   94   90   89   88   89   91   94
   96   99  101  100  105  106  113  106  109                                   
    57.5-180.0 180.0   5.0 450.0                            LAT/LON1/LON2/DLON/H
  104  112  109  114  116  120  120  121  121  121  120  119  119  119  119  120
  121  120  119  117  115  112  109  107  105  105  107  110  115  120  126  130
  133  134  133  131  129  129  130  132  135  138  140  140  139  137  134  131
  128  126  124  122  119  115  110  105   99   93   89   85   84   84   85   87
   89   91   93   93   98   99  107  101  104                                   
    55.0-180.0 180.0   5.0 450.0                            LAT/LON1/LON2/DLON/H
   98  106  105  111  115  120  120  122  122  122  120  119  119  119  120  121
  122  121  119  117  114  110  108  106  105  106  108  111  116  121  127  131
  134  134  133  131  130  129  131  135  139  143  145  146  145  143  139  135
  132  129  127  124  122  119  114  108  102   96   90   85   82   81   80   81
   82   83   84   83   88   90   98   93   98                                   
    52.5-180.0 180.0   5.0 450.0                            LAT/LON1/LON2/DLON/H
   91  101  100  108  114  122  123  125  124  124  121  120  119  119  120  122
  123  122  120  117  114  111  109  108  108  109  111  114  118  123  128  132
  134  135  134  132  131  132  134  139  144  149  152  153  152  149  145  141
  136  133  130  128  126  123  119  114  108  101   95   89   85   81   79   78
   76   76   75   73   77   79   87   83   91                                   
    50.0-180.0 180.0   5.0 450.0                            LAT/LON1/LON2/DLON/H
   83   94   95  105  114  124  127  129  129  127  124  122  120  120  121  123
  124  124  122  119  117  114  113  113  114  115  117  120  123  126  130  133
  136  136  136  135  135  137  141  146  152  157  160  161  160  157  152  147
  141  137  133  131  130  128  126  122  117  111  104   98   92   86   82   78
   74   71   69   65   68   69   75   73   83                                   
    47.5-180.0 180.0   5.0 450.0                            LAT/LON1/LON2/DLON/H
   74   88   89  102  113  126  130  133  133  132  128  125  123  122  123  125
  126  126  125  123  121  120  120  121  123  124  126  128  129  132  134  137
  140  141  142  143  145  148  152  157  162  166  169  169  168  164  159  153
  147  142  137  135  134  134  133  131  127  122  116  110  103   96   89   83
   77   72   67   61   62   62   66   64   74                                   
    45.0-180.0 180.0   5.0 450.0                            LAT/LON1/LON2/DLON/H
   67   82   83   97  110  125  131  136  137  136  133  129  126  125  125  127
  129  129  129  129  128  129  130  132  134  136  137  138  139  140  142  145
  149  152  155  158  161  165  169  173  176  178  179  178  176  173  167  161
  154  148  143  140  139  139  140  139  137  134  130  125  118  110  102   93
   85   77   69   61   60   58   60   58   67                                   
    42.5-180.0 180.0   5.0 450.0                            LAT/LON1/LON2/DLON/H
   61   76   77   91  105  121  129  135  139  139  137  134  131  129  129  130
  132  133  134  135  137  138  141  143  146  148  150  151  152  153  156  160
  165  171  176  181  185  189  191  193  194  193  192  190  187  183  177  170
  163  155  149  146  144  145  146  147  147  146  143  140  134  126  117  107
   97   87   77   67   63   58   58   56   61                                   
    40.0-180.0 180.0   5.0 450.0                            LAT/LON1/LON2/DLON/H
   59   73   72   85   99  114  124  132  138  141  141  139  137  136  135  135
  136  138  140  143  146  149  152  155  159  162  164  167  168  171  175  181
  189  198  207  214  218  220  221  219  216  213  209  204  200  195  189  182
  173  164  157  152  150  150  151  152  154  155  155  153  150  143  134  123
  111  100   89   77   71   64   62   58   59                                   
    37.5-180.0 180.0   5.0 450.0                            LAT/LON1/LON2/DLON/H
   61   73   69   80   92  106  116  127  135  141  144  145  145  144  142  141
  142  144  147  152  156  160  163  167  171  176  180  184  189  194  201  211
  222  235  246  254  258  258  255  250  244  237  230  224  218  212  204  195
  185  174  166  159  156  154  154  156  158  161  163  164  163  158  150  139
  127  115  103   90   83   74   71   66   61                                   
    35.0-180.0 180.0   5.0 450.0                            LAT/LON1/LON2/DLON/H
   68   76   69   77   86   99  109  121  132  142  148  152  154  154  152  150
  149  151  155  161  166  170  174  178  183  189  196  204  212  221  232  246
  261  277  290  298  301  299  293  285  276  266  257  248  240  231  222  210
  198  185  174  166  161  157  156  157  159  163  168  172  173  170  163  153
  141  129  117  105   97   87   85   78   68                                   
    32.5-180.0 180.0   5.0 450.0                            LAT/LON1/LON2/DLON/H
   80   85   74   78   84   95  104  117  131  143  152  160  164  165  164  161
  159  160  165  170  175  179  183  188  194  203  213  224  236  249  265  283
  302  319  332  340  341  337  329  320  309  299  288  277  265  253  240  226
  210  196  182  172  164  159  156  156  158  163  169  174  178  177  172  163
  152  141  129  118  112  102  101   93   80                                   
    30.0-180.0 180.0   5.0 450.0                            LAT/LON1/LON2/DLON/H
   95   96   83   84   86   95  104  117  132  146  158  168  175  178  177  174
  171  171  175  180  184  188  191  196  204  215  229  244  260  277  297  317
  338  355  367  373  372  367  359  350  341  330  319  306  291  275  258  240
  221  204  188  175  165  158  154  153  155  160  166  173  177  178  175  167
  157  147  137  127  123  116  117  108   95                                   
    27.5-180.0 180.0   5.0 450.0                            LAT/LON1/LON2/DLON/H
  110  109   94   93   93  101  110  123  137  151  164  177  186  192  192  188
  185  184  187  190  193  195  198  204  213  226  243  261  280  301  322  344
  364  380  390  394  392  387  380  373  365  357  346  331  314  294  272  250
  229  209  191  177  165  156  151  149  151  155  161  167  171  173  171  165
  156  148  139  131  130  125  129  121  110                                   
    25.0-180.0 180.0   5.0 450.0                            LAT/LON1/LON2/DLON/H
  122  120  106  105  104  111  120  132  146  159  172  185  197  204  206  204
  200  199  199  201  202  203  205  210  220  235  253  274  295  317  339  360
  378  392  399  400  398  393  389  385  381  375  365  350  330  307  283  258
  234  212  193  176  163  153  147  145  146  149  153  157  160  162  161  156
  149  142  135  128  130  129  135  129  122                                   
    22.5-180.0 180.0   5.0 450.0                            LAT/LON1/LON2/DLON/H
  127  127  116  116  115  123  133  145  157  169  181  194  207  216  220  219
  216  214  213  212  211  210  210  215  225  240  260  281  303  324  345  364
  380  390  394  394  391  388  387  388  388  385  376  362  341  316  290  263
  238  215  194  176  161  151  145  142  142  142  144  145  147  147  147  144
  138  133  127  122  125  127  134  131  127                                   
    20.0-180.0 180.0   5.0 450.0                            LAT/LON1/LON2/DLON/H
  125  128  121  122  124  133  145  157  169  179  189  201  215  226  232  233
  231  229  227  224  221  217  216  220  229  244  263  284  304  324  343  359
  371  378  380  379  378  379  382  386  389  389  383  369  348  323  296  269
  243  218  196  177  162  151  145  142  139  138  136  134  133  132  132  130
  126  122  117  112  116  120  126  126  125                                   
    17.5-180.0 180.0   5.0 450.0                            LAT/LON1/LON2/DLON/H
  117  123  120  123  129  139  153  166  178  187  195  207  220  232  240  243
  243  242  240  236  231  226  223  225  233  246  264  283  301  319  335  348
  357  362  364  365  367  371  378  385  391  393  388  374  354  329  303  276
  250  225  201  180  164  154  148  144  140  136  131  126  123  120  119  118
  115  112  108  103  106  110  115  117  117                                   
    15.0-180.0 180.0   5.0 450.0                            LAT/LON1/LON2/DLON/H
  106  113  113  119  127  139  156  170  183  192  200  211  224  236  245  250
  252  252  251  247  240  234  230  231  237  248  263  279  296  311  325  337
  345  351  354  358  364  371  380  389  395  397  393  380  360  337  312  286
  260  234  209  187  170  159  153  149  144  137  129  122  116  113  111  110
  108  105  102   97   98  100  103  106  106                                   
    12.5-180.0 180.0   5.0 450.0                            LAT/LON1/LON2/DLON/H
   95  102  103  110  119  133  152  168  183  194  203  214  226  238  246  251
  255  257  257  254  248  241  237  236  240  248  261  275  290  305  318  330
  340  348  355  362  370  379  388  396  402  403  398  386  367  346  323  299
  273  246  219  196  178  166  160  155  149  140  130  121  114  110  107  106
  104  103   99   94   94   94   94   98   95                                   
    10.0-180.0 180.0   5.0 450.0                            LAT/LON1/LON2/DLON/H
   87   93   93  100  109  123  143  161  179  193  204  215  227  237  244  249
  254  257  258  257  252  246  241  239  242  248  259  272  287  302  318  332
  345  355  364  374  384  393  401  407  410  410  404  392  376  356  335  312
  286  258  230  205  185  173  166  161  154  144  133  124  116  111  108  107
  104  104  101   96   95   93   91   94   87                                   
     7.5-180.0 180.0   5.0 450.0                            LAT/LON1/LON2/DLON/H
   86   89   87   92   99  112  132  152  173  189  203  215  226  235  241  245
  249  253  255  255  251  247  243  240  242  248  258  272  289  306  324  341
