data/edconvlstm_nd/pred1440.15i
     1.0            IONOSPHERE MAPS     GNSS                IONEX VERSION / TYPE
pyspatialgeodesy        IME             05-JAN-18 20:20     PGM / RUN BY / DATE 
Map Name                                                    COMMENT             
Predicted global ionosphere maps (GIM).                     DESCRIPTION         
  2015     5    24     0     0     0                        EPOCH OF FIRST MAP  
  2015     5    25     0     0     0                        EPOCH OF LAST MAP   
  7200                                                      INTERVAL            
    13                                                      # OF MAPS IN FILE   
  NONE                                                      MAPPING FUNCTION    
10.0                                                        ELEVATION CUTOFF    
One-way carrier phase leveled to code                       OBSERVABLES USED    
  6371.0                                                    BASE RADIUS         
 2                                                          MAP DIMENSION       
   450.0 450.0   0.0                                        HGT1 / HGT2 / DHGT  
    87.5 -87.5  -2.5                                        LAT1 / LAT2 / DLAT  
  -180.0 180.0   5.0                                        LON1 / LON2 / DLON  
    -1                                                      EXPONENT            
                                                            END OF HEADER       
[from data line 4290]
    11                                                      START OF TEC MAP    
  2015     5    24    20     0     0                        EPOCH OF CURRENT MAP
    87.5-180.0 180.0   5.0 450.0                            LAT/LON1/LON2/DLON/H
  201  189  176  184  185  186  186  185  185  186  185  186  185  185  184  184
  183  182  181  180  178  177  175  173  172  170  168  166  165  163  161  160
  159  157  156  155  155  154  153  153  153  153  153  154  154  155  156  157
  158  159  160  161  162  163  164  165  166  166  167  168  169  170  171  171
  171  172  172  174  185  187  188  192  201                                   
    85.0-180.0 180.0   5.0 450.0                            LAT/LON1/LON2/DLON/H
  194  196  200  195  192  197  198  200  200  201  201  201  201  201  200  199
  198  197  196  194  192  190  188  186  184  182  179  177  175  172  170  168
  166  165  163  162  161  160  159  159  159  159  159  160  160  161  162  163
  165  166  167  168  170  171  172  173  174  175  176  177  178  179  180  181
  183  183  184  184  188  182  184  190  194                                   
    82.5-180.0 180.0   5.0 450.0                            LAT/LON1/LON2/DLON/H
  180  190  193  192  192  199  202  203  203  205  206  207  207  207  206  205
  204  203  201  198  196  193  190  187  184  180  177  173  170  166  163  160
  157  155  153  151  149  148  147  147  147  147  148  149  150  151  153  155
  157  159  161  163  164  166  168  169  170  172  173  174  174  175  176  176
  177  177  177  182  183  189  186  180  180                                   
    80.0-180.0 180.0   5.0 450.0                            LAT/LON1/LON2/DLON/H
  180  190  195  195  194  199  203  208  210  212  214  215  216  216  216  215
  214  212  210  207  204  201  197  194  190  186  181  177  173  169  165  161
  158  155  152  150  148  146  145  145  145  146  147  148  150  152  154  156
  159  161  163  165  167  169  170  171  173  174  174  175  175  176  176  177
  178  177  178  181  180  175  177  177  180                                   
    77.5-180.0 180.0   5.0 450.0                            LAT/LON1/LON2/DLON/H
  183  183  191  193  195  201  205  210  212  216  217  219  220  221  221  221
  220  218  216  214  211  208  204  200  196  191  187  182  178  174  169  165
  162  158  155  153  151  149  148  147  147  148  149  150  152  154  157  159
  161  164  166  168  169  171  172  173  173  174  174  174  174  174  175  174
  174  173  174  175  179  170  175  181  183                                   
    75.0-180.0 180.0   5.0 450.0                            LAT/LON1/LON2/DLON/H
  181  182  186  188  190  197  200  205  209  213  214  217  218  219  220  220
  219  218  217  215  212  210  206  203  199  195  191  186  182  178  174  171
  167  164  161  158  156  154  153  152  152  152  153  154  156  158  160  162
  164  166  167  168  169  169  170  170  170  170  171  171  171  171  171  172
  171  171  172  170  173  165  169  167  181                                   
    72.5-180.0 180.0   5.0 450.0                            LAT/LON1/LON2/DLON/H
  180  180  184  190  190  197  201  205  207  210  212  215  216  217  218  218
  218  217  216  215  213  211  208  205  201  197  193  189  185  182  178  175
  172  169  167  164  161  159  157  156  155  155  156  156  158  159  160  162
  163  164  164  164  164  164  163  163  163  163  164  165  165  166  167  168
  167  168  169  167  168  162  166  171  180                                   
    70.0-180.0 180.0   5.0 450.0                            LAT/LON1/LON2/DLON/H
  183  182  185  189  189  194  197  200  202  205  207  209  210  212  212  213
  213  212  211  210  209  207  205  202  199  196  192  189  185  183  180  178
  175  173  170  168  165  163  160  159  158  157  157  157  158  158  159  159
  158  158  157  155  154  153  152  151  151  152  153  155  157  160  162  165
  165  166  169  168  170  165  170  172  183                                   
    67.5-180.0 180.0   5.0 450.0                            LAT/LON1/LON2/DLON/H
  191  191  195  199  199  203  205  207  208  210  211  213  214  215  216  216
  216  215  214  213  212  211  209  206  203  200  196  193  190  188  187  185
  183  181  178  176  173  170  167  165  163  162  161  161  161  160  160  159
  157  155  153  150  147  145  144  143  143  145  148  151  155  159  163  167
  170  172  175  175  176  172  176  179  191                                   
    65.0-180.0 180.0   5.0 450.0                            LAT/LON1/LON2/DLON/H
  199  200  203  206  205  209  209  210  210  211  211  213  214  215  216  216
  215  214  213  211  210  209  207  205  202  198  195  193  191  189  188  188
  186  184  181  178  174  171  168  165  164  162  161  160  159  158  156  154
  151  147  143  139  135  132  130  129  130  133  137  142  148  154  160  165
  169  174  178  180  183  180  186  187  199                                   
    62.5-180.0 180.0   5.0 450.0                            LAT/LON1/LON2/DLON/H
  207  210  213  217  216  219  218  218  217  218  217  219  220  220  221  220
  219  217  215  213  211  210  208  206  203  200  197  195  194  193  193  193
  192  189  186  181  177  173  170  167  165  164  163  161  159  157  154  151
  146  141  136  130  126  122  120  119  121  124  130  136  143  150  157  164
  169  175  181  183  187  185  192  194  207                                   
    60.0-180.0 180.0   5.0 450.0                            LAT/LON1/LON2/DLON/H
  213  217  221  225  225  228  227  226  225  224  224  224  225  226  226  224
  222  219  217  214  212  211  209  207  205  202  200  199  199  199  200  200
  198  195  190  185  180  176  172  170  168  167  165  163  161  157  153  149
  143  137  130  124  118  114  111  111  113  117  123  130  138  145  153  161
  167  173  179  183  188  189  197  199  213                                   
    57.5-180.0 180.0   5.0 450.0                            LAT/LON1/LON2/DLON/H
  216  221  227  231  233  236  236  235  233  232  231  231  232  232  231  229
  226  223  219  216  214  212  211  210  208  206  205  205  206  208  209  208
  206  202  196  190  184  180  177  175  173  171  170  167  164  159  154  149
  142  135  128  121  114  109  107  106  109  113  119  126  134  141  149  156
  162  169  176  179  186  188  197  200  216                                   
    55.0-180.0 180.0   5.0 450.0                            LAT/LON1/LON2/DLON/H
  216  223  230  235  239  244  245  244  242  241  239  238  238  238  237  234
  230  226  221  218  216  214  214  213  213  212  212  214  215  218  219  219
  216  211  204  197  191  187  184  182  180  178  176  172  168  163  157  151
  144  137  129  121  114  109  106  106  108  112  117  124  131  137  145  151
  157  163  170  175  182  186  197  200  216                                   
    52.5-180.0 180.0   5.0 450.0                            LAT/LON1/LON2/DLON/H
  215  224  231  238  244  252  253  254  252  250  247  245  244  243  241  238
  234  229  224  220  218  217  217  218  218  219  220  222  225  228  229  228
  225  219  212  205  200  195  192  190  188  185  182  177  172  167  161  155
  148  141  133  125  117  112  108  108  110  113  118  123  129  135  141  147
  152  159  166  171  179  185  196  200  215                                   
    50.0-180.0 180.0   5.0 450.0                            LAT/LON1/LON2/DLON/H
  215  226  233  241  249  259  262  264  262  260  256  254  251  249  246  243
  238  233  228  224  221  221  222  223  225  227  229  231  234  237  238  237
  233  228  221  215  210  206  203  200  197  193  188  183  177  171  165  159
  153  146  139  131  123  117  113  112  114  117  120  124  129  134  140  146
  151  158  166  171  179  186  198  202  215                                   
    47.5-180.0 180.0   5.0 450.0                            LAT/LON1/LON2/DLON/H
  217  230  237  246  255  267  271  274  274  272  268  264  260  257  253  249
  244  239  234  229  227  227  228  230  232  234  237  239  242  244  244  243
  240  235  230  225  221  218  214  210  205  200  193  187  181  175  169  164
  159  153  145  137  130  123  119  118  119  121  124  128  131  136  142  148
  154  162  170  176  184  193  204  209  217                                   
    45.0-180.0 180.0   5.0 450.0                            LAT/LON1/LON2/DLON/H
  224  238  245  254  263  275  281  285  286  285  281  277  272  268  264  259
  254  248  243  238  236  235  236  238  240  243  245  247  248  249  249  249
  247  244  241  238  235  231  227  221  214  206  199  191  185  179  174  169
  165  159  153  145  137  130  126  125  125  127  129  132  136  140  147  155
  162  171  180  186  195  204  215  221  224                                   
    42.5-180.0 180.0   5.0 450.0                            LAT/LON1/LON2/DLON/H
  234  249  256  263  272  284  290  296  298  299  296  293  288  283  278  273
  268  261  255  250  247  246  246  248  250  252  254  255  256  256  256  255
  255  255  254  253  251  247  241  233  223  214  205  197  190  184  179  175
  171  166  159  151  143  136  132  130  131  133  135  138  141  147  154  163
  172  182  193  200  209  218  230  236  234                                   
    40.0-180.0 180.0   5.0 450.0                            LAT/LON1/LON2/DLON/H
  246  262  269  275  283  293  300  305  310  312  312  310  307  303  297  292
  285  278  271  265  261  259  259  260  262  264  266  266  266  266  266  267
  269  271  273  272  270  264  255  245  233  222  213  204  197  190  185  181
  177  172  165  156  148  141  137  135  136  138  140  143  147  153  162  172
  182  195  206  214  223  233  246  252  246                                   
    37.5-180.0 180.0   5.0 450.0                            LAT/LON1/LON2/DLON/H
  259  276  283  287  295  303  309  315  321  326  329  330  328  325  320  313
  306  297  289  282  277  275  274  275  277  279  281  282  282  282  282  285
  289  293  296  296  291  283  271  258  244  232  222  213  205  198  192  187
  182  176  168  160  151  144  140  138  139  141  143  147  151  157  167  179
  190  204  216  226  235  246  259  265  259                                   
    35.0-180.0 180.0   5.0 450.0                            LAT/LON1/LON2/DLON/H
  271  289  297  299  307  313  319  324  332  340  346  350  351  349  345  337
  328  318  308  300  294  291  290  291  293  297  301  304  305  305  307  311
  317  322  324  321  313  301  285  269  254  242  231  222  213  205  198  192
  185  178  170  161  152  146  141  140  140  142  145  148  152  159  168  181
  193  208  221  232  241  253  268  275  271                                   
    32.5-180.0 180.0   5.0 450.0                            LAT/LON1/LON2/DLON/H
  281  299  309  311  319  324  329  335  344  354  364  371  375  375  371  363
  352  340  328  318  312  309  308  309  312  318  325  330  334  337  340  345
  351  355  354  347  334  315  296  278  262  249  239  229  220  211  202  195
  187  179  170  161  152  146  142  140  140  142  144  147  150  156  166  178
  190  206  220  232  242  254  271  279  281                                   
    30.0-180.0 180.0   5.0 450.0                            LAT/LON1/LON2/DLON/H
  289  306  318  322  331  336  342  346  357  369  382  393  400  401  398  389
  377  362  348  337  330  327  327  328  333  341  351  361  368  373  377  382
  387  388  383  368  348  323  300  279  263  251  241  232  222  212  203  194
  186  177  168  159  151  145  141  139  139  140  142  144  147  151  159  171
  183  199  214  226  238  250  268  278  289                                   
    27.5-180.0 180.0   5.0 450.0                            LAT/LON1/LON2/DLON/H
  293  310  324  331  344  350  356  361  372  386  402  415  425  428  426  417
  404  387  370  358  351  348  347  349  354  365  378  392  402  409  414  418
  420  416  403  380  352  322  295  273  258  246  237  228  219  209  200  191
  182  173  164  155  149  144  140  138  137  138  139  140  142  145  151  161
  173  189  204  218  230  243  262  274  293                                   
    25.0-180.0 180.0   5.0 450.0                            LAT/LON1/LON2/DLON/H
  295  312  327  339  355  364  372  378  390  406  423  439  450  456  455  448
  434  415  397  383  375  371  370  371  377  388  404  421  434  442  446  447
  443  432  411  380  345  310  281  259  244  234  226  219  210  201  192  184
  176  168  159  151  145  141  139  137  135  135  135  136  136  138  143  151
  162  179  194  209  222  236  255  268  295                                   
    22.5-180.0 180.0   5.0 450.0                            LAT/LON1/LON2/DLON/H
  295  312  328  344  364  377  388  396  410  426  444  462  476  484  486  480
  467  448  429  413  404  398  395  394  399  410  427  444  457  464  465  461
  451  433  405  368  328  290  261  240  226  218  212  205  198  190  183  176
  169  160  152  145  140  138  136  134  133  132  132  132  132  132  135  142
  153  170  186  201  216  230  249  264  295                                   
    20.0-180.0 180.0   5.0 450.0                            LAT/LON1/LON2/DLON/H
  294  311  328  346  370  386  401  412  428  445  465  485  501  512  517  514
  503  485  465  448  436  427  421  418  420  429  444  459  470  473  469  460
  444  420  387  347  306  269  240  221  209  202  197  193  187  181  175  169
  161  153  145  138  134  132  132  131  130  129  128  128  127  126  129  135
  146  164  181  197  213  227  246  262  294                                   
    17.5-180.0 180.0   5.0 450.0                            LAT/LON1/LON2/DLON/H
  291  309  326  345  370  389  408  422  440  460  481  502  521  535  545  547
  540  525  505  486  470  457  447  439  438  444  455  466  471  468  459  444
  424  397  363  324  285  251  225  208  198  193  189  186  181  176  170  164
  156  147  138  131  127  127  127  127  126  126  125  124  122  121  123  130
  141  159  177  194  211  226  246  262  291                                   
    15.0-180.0 180.0   5.0 450.0                            LAT/LON1/LON2/DLON/H
  287  307  322  341  366  387  408  424  444  466  488  512  532  551  565  573
  572  560  542  521  502  484  469  458  453  454  460  464  463  453  438  419
  397  370  338  304  271  242  221  207  198  194  191  189  185  179  172  164
  154  143  133  125  122  121  122  123  123  122  121  120  118  117  119  125
  136  155  175  192  210  227  247  263  287                                   
    12.5-180.0 180.0   5.0 450.0                            LAT/LON1/LON2/DLON/H
  283  304  320  336  360  380  402  419  441  462  486  510  533  555  574  588
  592  586  570  549  526  505  486  471  462  459  459  457  449  434  414  393
  370  345  319  292  267  246  230  218  211  207  205  202  198  190  180  168
  155  142  129  121  117  116  118  119  119  119  117  115  113  112  114  120
  132  151  171  189  208  227  249  264  283                                   
    10.0-180.0 180.0   5.0 450.0                            LAT/LON1/LON2/DLON/H
  279  303  318  332  355  372  394  411  431  452  475  499  523  546  568  586
  597  596  583  563  538  514  494  477  467  461  455  447  433  414  392  369
  348  328  308  290  274  261  250  241  234  230  228  225  218  207  192  175
  158  141  127  117  112  112  113  114  115  114  112  110  107  106  109  115
  126  145  164  183  203  225  249  264  279                                   
     7.5-180.0 180.0   5.0 450.0                            LAT/LON1/LON2/DLON/H
  277  304  321  333  354  369  390  404  422  440  460  482  504  527  549  569
  583  587  578  560  536  513  493  478  467  459  450  438  420  398  374  353
