data/edconvlstm_nd/pred2510.15i
     1.0            IONOSPHERE MAPS     GNSS                IONEX VERSION / TYPE
pyspatialgeodesy        IME             05-JAN-18 20:20     PGM / RUN BY / DATE 
Map Name                                                    COMMENT             
Predicted global ionosphere maps (GIM).                     DESCRIPTION         
  2015     9     8     0     0     0                        EPOCH OF FIRST MAP  
  2015     9     9     0     0     0                        EPOCH OF LAST MAP   
  7200                                                      INTERVAL            
    13                                                      # OF MAPS IN FILE   
  NONE                                                      MAPPING FUNCTION    
10.0                                                        ELEVATION CUTOFF    
One-way carrier phase leveled to code                       OBSERVABLES USED    
  6371.0                                                    BASE RADIUS         
 2                                                          MAP DIMENSION       
   450.0 450.0   0.0                                        HGT1 / HGT2 / DHGT  
    87.5 -87.5  -2.5                                        LAT1 / LAT2 / DLAT  
  -180.0 180.0   5.0                                        LON1 / LON2 / DLON  
    -1                                                      EXPONENT            
                                                            END OF HEADER       
     1                                                      START OF TEC MAP    
  2015     9     8     0     0     0                        EPOCH OF CURRENT MAP
    87.5-180.0 180.0   5.0 450.0                            LAT/LON1/LON2/DLON/H
  103  101  101   94   94   97   94   93   93   92   92   92   92   91   90   90
   89   87   86   85   83   82   80   78   77   75   74   72   71   70   69   68
   67   66   65   65   64   64   64   64   64   64   64   64   64   64   64   64
   64   65   65   65   66   66   66   67   67   68   69   69   70   71   72   73
   75   76   77   78   75   86   94   93  103                                   
    85.0-180.0 180.0   5.0 450.0                            LAT/LON1/LON2/DLON/H
  105  109   91   97  101  107  103  102  102  101  101  100   99   98   97   96
   94   93   91   89   87   85   83   80   78   76   74   72   71   69   68   67
   66   65   65   65   65   65   65   65   65   66   66   66   67   67   67   67
   68   68   69   69   70   70   71   72   72   73   74   75   76   77   78   79
   81   83   85   90   91   99  107  102  105                                   
    82.5-180.0 180.0   5.0 450.0                            LAT/LON1/LON2/DLON/H
  105   99  109  108  110  116  112  111  113  111  111  110  109  107  106  104
  102   99   97   94   91   88   85   82   79   76   72   70   67   65   63   61
   60   60   59   59   60   60   61   62   63   64   64   65   65   66   66   67
   67   68   68   69   70   71   72   73   74   75   76   77   78   79   81   83
   84   86   88   88   95   90   97   99  105                                   
    80.0-180.0 180.0   5.0 450.0                            LAT/LON1/LON2/DLON/H
  119  109  108  106  112  115  115  115  117  116  115  115  113  111  109  107
  105  102   99   96   93   89   85   81   77   72   68   64   61   57   55   53
   52   52   52   53   54   55   57   58   59   60   61   61   62   62   63   63
   64   64   65   66   67   68   69   70   72   73   74   75   76   77   79   80
   82   82   84   84  101   95  104  113  119                                   
    77.5-180.0 180.0   5.0 450.0                            LAT/LON1/LON2/DLON/H
  129  117  108  115  115  118  119  121  123  121  121  120  118  116  114  111
  108  106  103  100   97   94   90   85   80   75   69   64   60   56   53   51
   50   50   51   53   54   56   58   60   61   62   62   63   63   63   63   63
   64   64   65   67   68   69   71   72   74   75   76   77   78   78   80   81
   82   84   85   88   97   99  103  117  129                                   
    75.0-180.0 180.0   5.0 450.0                            LAT/LON1/LON2/DLON/H
  130  113  108  115  114  118  115  117  120  118  117  116  114  110  107  104
  102  100   98   96   94   92   88   84   79   73   67   61   56   52   49   47
   47   48   49   52   54   57   59   60   62   62   62   62   62   62   61   62
   62   63   64   66   68   70   72   74   75   77   78   79   79   79   80   81
   80   82   84   81   89   99  101  113  130                                   
    72.5-180.0 180.0   5.0 450.0                            LAT/LON1/LON2/DLON/H
  117  105  103  107  106  107  106  109  112  110  109  108  105  101   97   93
   91   89   88   88   88   87   85   82   77   72   65   59   54   49   46   45
   45   46   48   50   53   55   57   58   58   58   58   57   56   55   55   55
   56   57   59   62   65   67   70   73   75   76   77   78   78   78   78   78
   77   77   81   79   84   92   99  114  117                                   
    70.0-180.0 180.0   5.0 450.0                            LAT/LON1/LON2/DLON/H
  113  100   98  105  102  103  102  105  109  108  107  105  101   96   91   87
   83   82   81   82   83   84   83   81   76   71   64   58   52   48   46   45
   45   46   48   50   53   54   56   56   56   55   54   53   52   51   51   52
   53   56   59   62   66   70   74   77   80   82   83   84   84   83   83   83
   80   79   82   81   84   93   98  111  113                                   
    67.5-180.0 180.0   5.0 450.0                            LAT/LON1/LON2/DLON/H
  109   96   95   99   95   96   94   98  103  102  102  101   96   90   84   78
   73   71   71   72   74   76   76   74   70   64   58   52   48   44   42   40
   40   41   43   44   46   47   47   47   46   45   44   43   42   42   42   43
   45   48   52   56   61   66   71   75   78   81   83   84   84   84   83   82
   80   78   80   79   83   91   95  110  109                                   
    65.0-180.0 180.0   5.0 450.0                            LAT/LON1/LON2/DLON/H
  107   93   92   96   90   90   88   92   99   99  100   99   95   89   81   74
   68   65   64   65   67   69   68   67   63   58   53   48   45   42   39   38
   38   38   38   39   39   40   40   39   38   38   37   36   36   36   36   37
   40   43   47   52   57   62   67   72   77   80   83   85   86   86   86   84
   82   80   82   80   84   93   97  113  107                                   
    62.5-180.0 180.0   5.0 450.0                            LAT/LON1/LON2/DLON/H
  108   95   94   96   89   87   85   89   96   98  101  101   98   91   83   75
   69   65   63   63   63   64   63   60   57   53   49   46   44   42   40   38
   37   36   35   35   35   34   34   34   33   33   33   33   34   34   35   36
   38   40   44   48   53   59   64   70   75   80   84   87   89   90   90   89
   86   84   87   84   88   97  101  117  108                                   
    60.0-180.0 180.0   5.0 450.0                            LAT/LON1/LON2/DLON/H
  112   99   99  100   91   86   83   87   94   96  100  103  101   96   89   80
   73   68   65   63   62   60   58   55   52   49   46   45   44   43   41   39
   37   34   33   32   31   31   31   31   31   32   33   34   34   35   36   36
   38   40   42   46   50   55   60   66   72   77   82   87   90   92   94   94
   91   90   92   90   93  102  105  122  112                                   
    57.5-180.0 180.0   5.0 450.0                            LAT/LON1/LON2/DLON/H
  120  107  108  107   97   90   86   88   93   95  100  104  104  101   96   88
   81   75   71   67   64   60   56   52   48   46   46   46   47   46   45   41
   38   35   32   31   31   31   32   32   33   35   36   38   39   39   40   40
   40   41   42   45   48   53   58   63   69   75   81   87   92   95   98   99
   97   96   99   97  101  109  112  128  120                                   
    55.0-180.0 180.0   5.0 450.0                            LAT/LON1/LON2/DLON/H
  129  118  119  119  108   99   93   92   95   96  100  104  107  106  103   97
   91   85   80   75   69   63   57   52   48   47   48   50   52   52   50   46
   41   37   35   34   34   35   36   38   39   41   43   45   46   46   46   45
   44   44   45   46   49   53   58   63   69   75   82   88   94   99  103  105
  104  104  107  106  110  116  120  136  129                                   
    52.5-180.0 180.0   5.0 450.0                            LAT/LON1/LON2/DLON/H
  138  130  132  133  123  113  105  101  100   98  100  105  108  110  109  106
  102   97   91   85   78   70   63   57   53   53   55   57   60   59   56   51
   46   42   40   40   41   43   45   46   48   50   52   54   55   55   54   52
   50   49   49   50   53   56   61   66   72   78   85   91   97  103  108  111
  111  112  116  114  118  124  128  143  138                                   
    50.0-180.0 180.0   5.0 450.0                            LAT/LON1/LON2/DLON/H
  147  141  144  148  140  131  122  115  110  105  104  107  110  113  115  114
  112  109  105   99   91   83   74   68   64   64   66   68   70   68   64   58
   52   49   48   49   52   54   56   58   59   60   62   63   64   64   63   61
   59   57   56   57   60   64   69   74   80   85   91   96  102  108  113  117
  118  120  124  122  126  131  135  151  147                                   
    47.5-180.0 180.0   5.0 450.0                            LAT/LON1/LON2/DLON/H
  153  150  154  161  157  151  143  134  125  116  112  112  114  118  120  122
  122  121  119  115  108  100   91   85   81   80   81   82   82   78   72   65
   60   57   58   61   64   68   69   70   70   71   72   73   73   73   71   69
   67   66   66   67   70   74   80   85   90   95   99  104  108  113  119  123
  125  128  132  130  134  138  143  158  153                                   
    45.0-180.0 180.0   5.0 450.0                            LAT/LON1/LON2/DLON/H
  157  157  162  173  172  170  165  155  144  131  124  121  122  124  127  130
  132  134  134  132  127  121  113  107  103  101  100   98   94   87   80   73
   68   67   69   74   78   81   83   83   82   82   82   82   82   81   79   78
   76   76   76   77   81   86   92   98  103  107  110  113  116  120  125  130
  133  136  140  138  141  145  150  165  157                                   
    42.5-180.0 180.0   5.0 450.0                            LAT/LON1/LON2/DLON/H
  160  161  168  182  186  188  185  177  166  151  141  136  134  135  137  140
  143  147  150  150  149  144  138  133  128  125  120  114  106   96   87   80
   77   78   82   87   92   94   95   94   93   93   93   92   91   89   87   86
   85   85   85   87   91   97  104  110  115  118  120  122  124  127  132  137
  140  145  150  148  150  153  158  172  160                                   
    40.0-180.0 180.0   5.0 450.0                            LAT/LON1/LON2/DLON/H
  164  167  174  190  198  203  204  198  188  174  163  156  152  151  152  154
  157  162  167  170  170  168  163  158  153  147  139  128  115  103   93   88
   86   89   94  100  104  106  106  105  104  104  104  102  100   97   95   94
   93   92   93   94   98  104  111  118  123  126  128  130  132  135  140  145
  149  155  161  160  161  163  167  182  164                                   
    37.5-180.0 180.0   5.0 450.0                            LAT/LON1/LON2/DLON/H
  172  175  183  198  208  215  218  216  209  196  186  179  174  172  171  173
  175  180  185  189  190  189  185  180  174  165  153  138  122  109   99   96
   97  101  106  111  114  115  115  115  116  117  117  115  111  107  103  101
  100   98   97   98  101  107  114  122  128  131  134  136  139  143  148  155
  160  167  174  175  175  176  180  195  172                                   
    35.0-180.0 180.0   5.0 450.0                            LAT/LON1/LON2/DLON/H
  186  189  196  208  219  227  230  231  227  217  209  204  200  197  196  196
  198  201  205  208  208  205  201  195  188  177  162  145  128  114  107  105
  108  113  118  122  124  124  125  126  129  132  132  129  123  117  111  108
  105  102  100   98  101  106  115  123  130  134  137  141  145  151  158  165
  172  180  190  193  193  194  198  212  186                                   
    32.5-180.0 180.0   5.0 450.0                            LAT/LON1/LON2/DLON/H
  208  211  216  225  233  239  242  243  243  236  231  228  226  224  223  223
  223  224  225  225  222  217  211  204  194  183  167  149  133  121  115  116
  120  125  129  132  133  133  135  138  143  147  148  143  135  126  118  112
  108  103   99   97   98  104  113  122  130  135  140  145  151  159  168  177
  186  196  208  213  215  215  220  234  208                                   
    30.0-180.0 180.0   5.0 450.0                            LAT/LON1/LON2/DLON/H
  237  241  244  248  254  257  258  258  259  255  252  252  252  252  252  251
  250  248  245  241  234  226  216  207  196  184  169  152  138  128  125  127
  132  136  139  140  141  142  145  151  157  162  162  155  145  133  122  114
  108  102   97   94   95  101  111  122  130  136  142  149  158  168  180  191
  201  213  228  234  238  240  246  259  237                                   
    27.5-180.0 180.0   5.0 450.0                            LAT/LON1/LON2/DLON/H
  270  276  277  280  284  283  282  280  279  276  275  277  279  281  282  281
  278  273  265  255  244  232  220  207  195  182  169  155  143  136  135  137
  141  145  146  146  147  149  154  161  169  173  172  163  150  136  123  113
  106   99   94   91   92   99  110  122  131  138  145  154  166  179  193  206
  218  232  248  255  262  266  274  287  270                                   
    25.0-180.0 180.0   5.0 450.0                            LAT/LON1/LON2/DLON/H
  306  312  313  317  321  319  315  311  308  304  304  305  308  311  313  312
  306  296  283  268  253  238  223  208  194  181  168  157  148  143  142  144
  147  148  148  148  150  155  162  169  176  178  174  164  149  134  120  110
  102   96   91   89   91   99  111  123  134  142  150  161  176  192  209  224
  237  252  268  275  284  289  301  315  306                                   
    22.5-180.0 180.0   5.0 450.0                            LAT/LON1/LON2/DLON/H
  337  344  349  358  363  363  358  351  346  341  340  341  343  346  346  343
  334  319  300  281  263  245  227  210  194  180  167  158  150  146  146  146
  146  146  146  149  153  160  167  174  177  176  170  158  144  129  116  107
  100   94   91   89   93  101  114  127  139  148  158  171  188  207  225  242
  257  273  288  294  303  310  325  339  337                                   
    20.0-180.0 180.0   5.0 450.0                            LAT/LON1/LON2/DLON/H
  362  368  380  396  404  408  406  399  393  387  384  384  384  384  382  375
  361  340  317  294  273  254  234  214  195  179  167  157  150  146  144  143
  143  142  143  148  155  163  170  173  173  168  159  147  135  123  112  104
   99   95   92   93   97  106  119  133  146  156  167  182  201  222  243  261
  277  292  306  311  320  325  344  359  362                                   
    17.5-180.0 180.0   5.0 450.0                            LAT/LON1/LON2/DLON/H
  377  383  402  425  437  447  450  447  444  439  435  433  431  427  420  408
  387  361  333  307  284  264  242  219  197  179  165  155  148  143  140  139
  137  137  140  147  155  163  168  168  163  155  145  135  126  117  110  104
  100   97   96   98  102  111  125  139  153  165  177  194  215  238  260  279
  296  311  323  327  334  337  357  374  377                                   
    15.0-180.0 180.0   5.0 450.0                            LAT/LON1/LON2/DLON/H
  383  389  413  442  459  473  483  486  488  486  484  482  478  471  458  439
  413  381  349  321  296  273  249  223  198  177  162  151  144  139  136  135
  134  135  139  146  154  161  162  159  151  140  131  123  118  114  110  106
  102  100  100  102  107  116  129  144  158  172  186  204  227  252  276  297
  313  327  338  341  345  346  368  385  383                                   
    12.5-180.0 180.0   5.0 450.0                            LAT/LON1/LON2/DLON/H
  385  390  417  448  468  484  497  507  516  521  523  523  518  508  492  468
  437  401  365  334  307  281  253  224  197  175  159  148  141  137  135  134
  134  136  139  146  152  156  155  149  139  128  119  115  114  113  111  108
  105  103  102  103  108  116  129  145  160  174  191  211  237  264  290  312
  329  342  352  354  356  354  376  396  385                                   
    10.0-180.0 180.0   5.0 450.0                            LAT/LON1/LON2/DLON/H
  387  393  419  446  465  481  495  509  524  535  543  547  544  534  516  489
  455  417  380  346  315  285  254  222  194  172  158  148  142  139  138  138
  139  140  143  147  151  152  149  141  130  119  113  111  113  115  114  110
  106  102  101  101  104  112  125  140  156  172  191  214  243  273  301  325
  343  356  364  365  366  363  385  407  387                                   
     7.5-180.0 180.0   5.0 450.0                            LAT/LON1/LON2/DLON/H
  394  399  421  441  455  467  479  495  513  530  542  550  550  542  525  499
  466  429  391  355  320  285  250  217  190  171  160  153  148  146  146  147
