data/edconvlstm_nd/pred0160.15i
     1.0            IONOSPHERE MAPS     GNSS                IONEX VERSION / TYPE
pyspatialgeodesy        IME             05-JAN-18 20:20     PGM / RUN BY / DATE 
Map Name                                                    COMMENT             
Predicted global ionosphere maps (GIM).                     DESCRIPTION         
  2015     1    16     0     0     0                        EPOCH OF FIRST MAP  
  2015     1    17     0     0     0                        EPOCH OF LAST MAP   
  7200                                                      INTERVAL            
    13                                                      # OF MAPS IN FILE   
  NONE                                                      MAPPING FUNCTION    
10.0                                                        ELEVATION CUTOFF    
One-way carrier phase leveled to code                       OBSERVABLES USED    
  6371.0                                                    BASE RADIUS         
 2                                                          MAP DIMENSION       
   450.0 450.0   0.0                                        HGT1 / HGT2 / DHGT  
    87.5 -87.5  -2.5                                        LAT1 / LAT2 / DLAT  
  -180.0 180.0   5.0                                        LON1 / LON2 / DLON  
    -1                                                      EXPONENT            
                                                            END OF HEADER       
[from data line 1716]
     5                                                      START OF TEC MAP    
  2015     1    16     8     0     0                        EPOCH OF CURRENT MAP
    87.5-180.0 180.0   5.0 450.0                            LAT/LON1/LON2/DLON/H
   49   55   52   56   58   58   58   55   57   59   59   60   60   60   61   61
   60   60   60   60   60   59   59   59   59   58   58   58   58   57   57   57
   56   56   56   55   55   54   53   52   52   51   50   49   49   48   48   47
   47   46   46   45   45   44   43   43   42   42   41   41   40   40   39   40
   41   42   40   41   45   51   63   67   49                                   
    85.0-180.0 180.0   5.0 450.0                            LAT/LON1/LON2/DLON/H
   37   61   61   61   64   67   68   68   70   71   71   72   72   72   72   72
   72   72   72   72   71   71   71   71   71   71   70   70   70   70   69   69
   68   68   67   67   66   66   65   64   63   62   62   61   60   59   59   58
   57   56   55   55   54   53   52   51   50   49   49   48   47   47   46   47
   48   49   46   47   50   55   62   60   37                                   
    82.5-180.0 180.0   5.0 450.0                            LAT/LON1/LON2/DLON/H
   33   50   59   56   57   60   62   62   64   65   65   66   66   66   66   65
   65   65   65   65   65   65   65   65   65   65   65   65   65   65   65   65
   65   65   65   64   64   64   63   62   62   61   60   59   58   57   56   55
   54   53   53   52   51   50   49   47   46   45   44   42   41   40   39   39
   40   41   38   39   47   49   49   50   33                                   
    80.0-180.0 180.0   5.0 450.0                            LAT/LON1/LON2/DLON/H
   41   49   56   53   57   58   60   60   62   63   62   63   62   62   61   60
   60   60   60   60   60   61   62   62   63   63   63   64   64   64   65   65
   65   66   66   67   67   67   67   67   67   66   65   65   64   63   63   62
   62   62   61   61   60   59   58   56   54   52   49   47   45   42   40   39
   39   37   37   37   44   47   49   51   41                                   
    77.5-180.0 180.0   5.0 450.0                            LAT/LON1/LON2/DLON/H
   54   54   57   54   56   59   61   61   63   63   62   62   60   59   58   57
   56   56   57   57   59   60   61   62   63   63   63   64   64   64   65   65
   66   68   69   71   73   75   76   77   78   78   78   78   78   78   79   80
   81   82   83   84   85   84   83   81   78   74   70   66   62   58   54   51
   47   45   42   43   44   39   44   48   54                                   
    75.0-180.0 180.0   5.0 450.0                            LAT/LON1/LON2/DLON/H
   53   55   54   54   55   59   60   59   60   59   56   55   53   51   49   48
   48   48   50   51   54   56   58   60   62   62   63   63   63   63   63   64
   65   67   70   73   76   79   83   85   88   89   91   92   94   96   98  102
  105  109  112  115  116  116  115  112  108  102   96   90   84   77   71   66
   60   56   53   48   49   42   45   44   53                                   
    72.5-180.0 180.0   5.0 450.0                            LAT/LON1/LON2/DLON/H
   57   55   55   55   56   60   62   60   59   57   54   52   48   46   43   42
   42   44   46   49   52   56   59   62   64   65   64   64   63   62   62   62
   63   65   69   73   78   83   89   93   98  102  105  108  111  116  121  127
  133  140  146  150  153  153  151  147  141  133  125  117  108  100   92   85
   78   72   68   62   59   51   52   52   57                                   
    70.0-180.0 180.0   5.0 450.0                            LAT/LON1/LON2/DLON/H
   60   56   58   57   57   59   60   59   57   54   51   47   43   40   38   37
   37   39   42   46   51   56   60   64   66   66   66   64   62   60   58   57
   58   59   63   68   74   81   89   96  103  109  114  119  125  132  139  148
  158  167  175  181  184  184  181  174  166  156  146  136  125  115  106   98
   89   82   77   70   66   58   61   61   60                                   
    67.5-180.0 180.0   5.0 450.0                            LAT/LON1/LON2/DLON/H
   57   55   56   57   57   60   60   59   58   55   51   47   43   39   37   36
   36   39   42   47   52   58   63   66   68   69   67   65   61   57   54   52
   51   52   56   61   69   77   87   97  106  115  122  130  137  146  156  167
  179  191  200  207  210  208  203  194  183  171  159  147  135  124  113  104
   94   85   80   72   68   61   62   63   57                                   
    65.0-180.0 180.0   5.0 450.0                            LAT/LON1/LON2/DLON/H
   56   55   54   56   55   58   59   59   58   55   52   49   45   41   38   38
   38   41   44   49   54   60   65   69   71   71   69   65   61   56   52   49
   47   47   51   56   65   76   88  100  112  123  133  143  152  162  174  187
  201  213  224  230  231  228  220  209  196  182  168  154  141  129  116  105
   95   85   78   69   66   60   62   64   56                                   
    62.5-180.0 180.0   5.0 450.0                            LAT/LON1/LON2/DLON/H
   53   51   50   51   51   54   56   56   56   55   52   50   47   44   42   41
   42   44   47   51   56   61   66   69   70   70   68   64   60   55   50   46
   44   44   47   53   63   76   90  106  120  134  146  157  167  178  191  205
  219  231  241  246  246  241  231  217  203  188  174  160  146  132  118  105
   92   80   72   62   59   53   56   61   53                                   
    60.0-180.0 180.0   5.0 450.0                            LAT/LON1/LON2/DLON/H
   50   45   44   45   44   47   49   50   51   51   50   50   48   46   45   45
   46   47   49   52   56   59   62   65   66   65   63   60   56   51   47   43
   41   42   46   53   64   79   96  114  131  147  160  172  183  194  206  219
  233  245  253  257  255  248  237  223  209  195  181  167  153  138  122  106
   90   75   65   55   51   43   47   54   50                                   
    57.5-180.0 180.0   5.0 450.0                            LAT/LON1/LON2/DLON/H
   49   41   38   39   38   41   43   44   46   47   48   48   48   48   48   49
   49   50   51   53   54   56   57   59   60   59   58   56   53   49   46   43
   42   44   49   58   72   89  108  128  147  164  179  191  201  212  223  234
  246  257  264  266  263  256  245  232  219  207  195  183  169  153  135  116
   96   78   66   53   49   38   42   49   49                                   
    55.0-180.0 180.0   5.0 450.0                            LAT/LON1/LON2/DLON/H
   51   41   36   36   35   37   38   39   41   42   44   45   46   48   49   50
   51   52   52   51   51   51   52   53   53   53   53   51   49   47   45   45
   46   50   57   69   84  104  125  147  167  185  199  211  221  229  239  248
  258  267  272  273  270  262  252  241  231  222  213  203  190  173  154  132
  109   88   74   59   53   40   42   50   51                                   
    52.5-180.0 180.0   5.0 450.0                            LAT/LON1/LON2/DLON/H
   58   45   40   39   37   39   39   39   39   40   41   43   44   46   49   51
   52   53   52   51   50   49   49   50   50   50   50   49   48   47   47   48
   51   58   68   83  102  123  146  168  189  206  220  231  240  247  254  262
  269  275  279  279  275  268  259  251  244  237  231  222  210  194  174  152
  128  105   89   73   65   49   50   56   58                                   
    50.0-180.0 180.0   5.0 450.0                            LAT/LON1/LON2/DLON/H
   69   55   49   47   45   46   46   44   42   42   42   42   43   46   48   51
   53   54   53   52   50   50   50   51   52   52   52   51   50   49   50   52
   58   67   81   99  121  144  168  190  210  227  240  250  257  263  268  273
  279  283  284  283  278  272  265  258  253  248  243  235  224  208  189  168
  145  124  108   91   82   66   64   69   69                                   
    47.5-180.0 180.0   5.0 450.0                            LAT/LON1/LON2/DLON/H
   82   69   62   60   58   59   57   54   50   48   46   45   45   47   49   52
   55   56   56   55   55   55   57   58   60   60   59   57   56   54   54   57
   64   76   93  114  139  164  188  211  230  245  257  266  271  276  279  283
  286  287  287  284  279  272  266  260  255  251  245  237  225  210  193  175
  156  138  124  108   99   84   82   85   82                                   
    45.0-180.0 180.0   5.0 450.0                            LAT/LON1/LON2/DLON/H
   92   81   75   75   74   75   72   67   63   58   54   52   50   50   52   55
   58   60   61   62   63   66   69   71   73   72   71   68   64   61   60   62
   70   83  103  127  154  180  206  228  246  260  271  277  282  285  288  289
  290  290  287  283  277  270  263  256  251  244  237  227  214  200  184  170
  156  143  132  118  111   99   96   98   92                                   
    42.5-180.0 180.0   5.0 450.0                            LAT/LON1/LON2/DLON/H
   97   89   85   87   87   89   87   82   77   71   65   62   59   58   60   62
   65   68   70   73   76   80   84   87   88   87   85   80   75   70   67   68
   75   89  110  136  164  193  218  241  258  271  281  286  290  292  294  294
  294  291  287  281  274  267  259  252  244  235  224  212  197  182  168  157
  147  138  130  119  113  102  100  102   97                                   
    40.0-180.0 180.0   5.0 450.0                            LAT/LON1/LON2/DLON/H
   94   88   86   90   93   96   97   94   89   83   78   74   71   70   71   73
   76   79   83   86   90   95   99  102  103  101   98   93   86   80   74   74
   80   93  115  142  171  201  227  250  267  280  289  294  297  299  300  300
  299  295  291  285  278  272  264  255  244  232  219  203  187  170  155  144
  135  127  121  111  105   94   94   96   94                                   
    37.5-180.0 180.0   5.0 450.0                            LAT/LON1/LON2/DLON/H
   84   78   77   82   87   93   96   96   95   91   88   86   84   84   84   86
   90   93   97  101  105  110  113  115  114  112  108  103   97   89   83   81
   85   98  119  145  175  205  233  257  275  288  297  303  306  309  310  311
  310  307  303  300  296  291  284  275  263  249  233  216  197  177  159  145
  133  122  114  102   94   80   81   84   84                                   
    35.0-180.0 180.0   5.0 450.0                            LAT/LON1/LON2/DLON/H
   73   65   63   67   73   79   85   88   90   90   91   93   94   96   98  100
  104  108  111  115  118  121  123  122  120  117  114  111  105   98   92   89
   92  104  123  149  179  209  238  263  283  298  308  315  319  323  327  329
  329  329  329  329  330  329  325  317  305  291  275  257  237  214  191  170
  151  133  120  102   90   69   71   74   73                                   
    32.5-180.0 180.0   5.0 450.0                            LAT/LON1/LON2/DLON/H
   67   55   49   52   56   61   67   73   77   81   86   92   98  103  108  112
  116  120  124  126  128  129  127  124  120  117  115  114  111  106  100   97
  100  110  129  153  182  213  242  269  291  308  321  330  337  344  350  355
  360  364  368  375  381  385  385  380  370  357  343  327  306  281  252  222
  193  166  146  118  102   72   73   73   67                                   
    30.0-180.0 180.0   5.0 450.0                            LAT/LON1/LON2/DLON/H
   72   54   43   43   44   46   51   56   61   66   74   85   95  104  112  118
  124  129  132  134  134  132  128  122  117  114  113  114  113  110  106  104
  108  118  136  160  188  218  248  276  301  321  336  348  359  370  380  390
  399  409  420  433  448  459  465  463  455  445  433  420  401  374  338  299
  258  221  192  155  135   95   92   87   72                                   
    27.5-180.0 180.0   5.0 450.0                            LAT/LON1/LON2/DLON/H
   95   72   53   47   45   42   44   45   48   53   62   74   87   99  109  118
  126  132  135  137  136  132  126  119  112  109  109  111  112  111  110  111
  116  128  146  169  195  225  255  285  312  335  354  370  385  400  416  431
  446  462  480  501  524  544  556  559  555  547  538  528  512  483  443  394
  342  296  257  213  189  142  133  121   95                                   
    25.0-180.0 180.0   5.0 450.0                            LAT/LON1/LON2/DLON/H
  142  115   88   74   65   56   51   47   46   48   55   66   79   92  103  114
  122  129  133  135  134  130  123  115  109  105  105  106  108  110  111  115
  124  137  156  179  206  235  265  296  324  350  372  393  413  433  454  475
  496  518  544  573  603  631  649  655  653  647  641  635  620  593  549  494
  435  383  336  290  260  210  193  176  142                                   
    22.5-180.0 180.0   5.0 450.0                            LAT/LON1/LON2/DLON/H
  211  183  152  127  110   92   79   68   59   56   58   66   77   88   99  108
  116  123  127  129  129  126  120  114  107  103  102  103  104  106  110  117
  129  146  167  191  218  248  278  309  339  366  391  416  440  465  492  518
  544  571  601  635  670  701  722  730  730  725  721  716  705  679  636  581
  522  471  421  377  343  295  270  249  211                                   
    20.0-180.0 180.0   5.0 450.0                            LAT/LON1/LON2/DLON/H
  294  269  237  205  177  151  129  108   92   81   77   79   85   93  100  106
  112  116  120  123  123  121  118  113  108  104  101  100  100  102  107  117
  132  153  177  204  233  263  294  325  355  383  410  437  465  494  524  554
  583  612  644  677  711  739  758  766  766  762  760  757  749  727  689  639
  587  543  499  462  425  382  355  330  294                                   
    17.5-180.0 180.0   5.0 450.0                            LAT/LON1/LON2/DLON/H
  376  358  330  296  256  224  194  166  142  123  112  107  107  108  110  111
  113  114  116  117  118  118  116  114  111  107  103   99   96   97  103  116
  135  159  187  217  248  279  311  341  371  399  427  456  486  518  550  580
  609  637  664  692  719  740  754  760  759  756  755  755  750  734  704  663
  622  590  557  528  493  455  431  404  376                                   
    15.0-180.0 180.0   5.0 450.0                            LAT/LON1/LON2/DLON/H
  435  427  409  377  331  296  262  231  202  178  159  148  140  135  130  126
  122  119  117  116  116  116  117  117  116  113  107  100   95   94  101  116
  138  165  196  229  262  295  327  357  386  414  442  471  503  535  566  595
  620  643  663  682  699  712  719  721  719  717  716  718  717  708  687  657
  627  605  585  564  534  499  479  455  435                                   
    12.5-180.0 180.0   5.0 450.0                            LAT/LON1/LON2/DLON/H
  461  459  450  426  381  350  319  291  261  235  212  195  182  170  159  148
  138  131  125  121  118  118  120  122  123  120  112  103   95   94  102  119
  143  172  205  239  274  308  340  371  399  426  454  484  514  545  574  599
  618  634  646  656  663  667  669  668  665  662  662  665  667  664  651  631
  610  596  583  568  544  511  492  474  461                                   
    10.0-180.0 180.0   5.0 450.0                            LAT/LON1/LON2/DLON/H
  455  449  446  428  393  369  347  328  305  283  261  242  224  208  192  176
  161  148  138  130  125  123  125  128  129  126  118  107   98   96  105  122
  148  178  212  247  283  317  350  381  409  436  463  492  521  549  573  593
  607  617  622  625  624  623  621  619  616  613  613  617  620  621  614  600
  585  573  562  548  527  495  477  462  455                                   
     7.5-180.0 180.0   5.0 450.0                            LAT/LON1/LON2/DLON/H
  423  408  406  391  368  352  341  334  324  310  293  277  260  242  223  204
  186  169  155  143  135  131  131  133  134  131  122  111  101  100  109  127
