data/edconvlstm_nd/pred1100.15i
     1.0            IONOSPHERE MAPS     GNSS                IONEX VERSION / TYPE
pyspatialgeodesy        IME             05-JAN-18 20:20     PGM / RUN BY / DATE 
Map Name                                                    COMMENT             
Predicted global ionosphere maps (GIM).                     DESCRIPTION         
  2015     4    20     0     0     0                        EPOCH OF FIRST MAP  
  2015     4    21     0     0     0                        EPOCH OF LAST MAP   
  7200                                                      INTERVAL            
    13                                                      # OF MAPS IN FILE   
  NONE                                                      MAPPING FUNCTION    
10.0                                                        ELEVATION CUTOFF    
One-way carrier phase leveled to code                       OBSERVABLES USED    
  6371.0                                                    BASE RADIUS         
 2                                                          MAP DIMENSION       
   450.0 450.0   0.0                                        HGT1 / HGT2 / DHGT  
    87.5 -87.5  -2.5                                        LAT1 / LAT2 / DLAT  
  -180.0 180.0   5.0                                        LON1 / LON2 / DLON  
    -1                                                      EXPONENT            
                                                            END OF HEADER       
[from data line 3432]
     9                                                      START OF TEC MAP    
  2015     4    20    16     0     0                        EPOCH OF CURRENT MAP
    87.5-180.0 180.0   5.0 450.0                            LAT/LON1/LON2/DLON/H
  216  214  206  215  216  219  220  220  221  223  223  224  225  226  226  227
  227  227  227  227  227  226  226  225  224  223  222  221  219  218  217  215
  214  213  211  210  209  208  207  206  205  204  204  203  203  203  203  202
  202  202  202  202  202  202  202  202  202  202  202  202  202  202  202  203
  202  204  203  204  210  213  213  213  216                                   
    85.0-180.0 180.0   5.0 450.0                            LAT/LON1/LON2/DLON/H
  201  206  214  213  212  219  221  224  225  226  227  228  229  229  230  231
  231  231  232  231  231  231  230  229  228  227  226  224  223  221  219  217
  216  214  212  210  209  207  206  205  204  204  203  203  202  202  202  202
  202  202  201  201  201  201  201  201  200  200  200  200  200  200  201  201
  202  203  202  203  205  202  205  211  201                                   
    82.5-180.0 180.0   5.0 450.0                            LAT/LON1/LON2/DLON/H
  181  197  201  201  203  210  214  216  217  219  221  222  224  225  227  228
  229  230  231  232  232  232  232  231  231  229  228  226  224  222  219  217
  214  211  209  206  204  202  200  199  197  196  195  195  194  194  194  193
  193  193  193  192  192  191  191  190  189  189  188  188  187  187  187  187
  188  188  187  192  190  196  194  186  181                                   
    80.0-180.0 180.0   5.0 450.0                            LAT/LON1/LON2/DLON/H
  172  186  193  194  195  199  203  209  211  214  215  218  220  222  224  225
  227  228  229  230  231  231  231  230  230  229  227  225  223  221  218  215
  211  208  205  202  200  198  196  195  194  193  193  193  193  193  193  193
  193  193  192  192  191  191  190  189  187  186  185  183  182  181  180  180
  180  180  179  183  180  176  176  172  172                                   
    77.5-180.0 180.0   5.0 450.0                            LAT/LON1/LON2/DLON/H
  170  175  182  183  185  189  192  196  199  201  203  206  209  212  214  217
  219  222  223  225  226  228  228  229  229  229  228  227  225  223  220  217
  214  211  208  206  204  202  201  200  199  199  198  198  198  197  197  197
  196  196  195  194  193  192  190  189  186  184  181  179  176  174  172  171
  169  169  168  171  172  166  166  165  170                                   
    75.0-180.0 180.0   5.0 450.0                            LAT/LON1/LON2/DLON/H
  165  172  176  178  179  183  185  188  191  194  196  199  201  204  207  210
  213  215  218  220  223  225  226  228  229  229  229  229  227  226  224  221
  219  217  214  213  211  210  210  209  209  209  208  208  207  206  205  204
  203  202  201  200  198  196  194  191  188  185  182  178  174  171  168  166
  164  163  163  164  165  162  162  153  165                                   
    72.5-180.0 180.0   5.0 450.0                            LAT/LON1/LON2/DLON/H
  160  169  173  176  176  179  181  183  185  187  189  192  195  198  201  204
  207  210  213  217  220  223  226  228  229  230  230  230  229  228  226  225
  223  222  221  221  221  221  221  221  221  220  219  218  216  214  211  209
  207  205  203  200  198  196  193  190  186  182  178  173  168  163  160  157
  154  153  153  155  156  155  157  154  160                                   
    70.0-180.0 180.0   5.0 450.0                            LAT/LON1/LON2/DLON/H
  157  167  172  175  175  178  179  181  182  185  187  189  192  194  197  200
  203  207  211  216  220  224  227  229  231  231  231  230  229  228  227  226
  226  226  227  228  229  230  231  232  232  230  228  225  222  218  214  210
  207  203  200  197  194  191  188  184  180  175  170  165  159  154  149  146
  143  142  143  145  148  151  155  152  157                                   
    67.5-180.0 180.0   5.0 450.0                            LAT/LON1/LON2/DLON/H
  151  164  171  176  178  182  183  185  187  190  192  195  197  200  202  205
  208  213  217  223  228  232  235  237  238  237  236  234  232  230  229  229
  230  231  233  236  239  241  243  244  243  241  238  233  227  221  216  210
  205  201  197  193  190  186  183  179  175  169  164  158  151  145  140  136
  132  131  132  134  138  143  147  147  151                                   
    65.0-180.0 180.0   5.0 450.0                            LAT/LON1/LON2/DLON/H
  139  155  162  170  173  179  182  186  189  193  195  199  201  203  205  208
  212  217  223  229  235  240  243  244  243  240  237  233  230  228  228  229
  231  233  237  241  245  248  251  251  250  247  242  235  227  219  211  204
  198  192  187  182  178  175  171  167  163  157  151  145  138  131  125  120
  116  115  116  118  124  131  137  138  139                                   
    62.5-180.0 180.0   5.0 450.0                            LAT/LON1/LON2/DLON/H
  121  140  148  158  164  173  178  184  189  194  198  202  205  207  210  213
  218  224  231  238  244  249  251  251  248  243  237  232  228  227  227  229
  232  236  240  245  250  254  256  257  255  251  244  235  226  216  206  198
  190  183  177  172  168  164  160  156  152  147  141  134  126  119  112  106
  101   99  100  101  105  112  118  122  121                                   
    60.0-180.0 180.0   5.0 450.0                            LAT/LON1/LON2/DLON/H
  102  120  129  141  149  160  169  177  185  191  197  202  205  209  212  217
  222  229  237  245  252  256  258  256  251  244  237  231  227  227  228  232
  236  241  246  251  256  260  263  263  261  255  247  237  227  216  205  196
  187  180  173  167  163  158  155  151  146  141  134  127  119  111  104   98
   91   88   86   85   88   93   99  104  102                                   
    57.5-180.0 180.0   5.0 450.0                            LAT/LON1/LON2/DLON/H
   84  101  110  123  133  147  158  168  178  186  192  198  203  207  212  218
  226  234  243  251  258  262  262  259  253  246  238  233  230  231  235  240
  247  252  257  262  266  270  272  272  269  264  255  245  233  222  212  202
  193  185  178  171  166  161  157  153  148  142  136  128  120  112  105   98
   90   85   82   79   79   80   84   89   84                                   
    55.0-180.0 180.0   5.0 450.0                            LAT/LON1/LON2/DLON/H
   75   87   96  109  121  136  149  160  171  179  186  193  198  205  212  220
  229  239  248  256  262  265  265  262  257  250  243  239  239  242  248  256
  263  269  273  277  280  283  285  285  282  276  268  257  246  236  226  217
  208  200  192  185  178  173  168  164  158  152  145  138  130  122  115  108
  100   94   90   84   80   78   79   82   75                                   
    52.5-180.0 180.0   5.0 450.0                            LAT/LON1/LON2/DLON/H
   76   84   92  103  116  133  147  158  168  176  182  188  195  202  212  223
  234  244  253  260  265  269  269  268  263  258  254  252  254  259  267  276
  283  289  293  295  297  299  300  300  298  292  284  275  264  255  246  237
  229  220  211  203  196  190  184  179  174  168  161  154  147  139  133  127
  119  114  108  101   94   88   86   85   76                                   
    50.0-180.0 180.0   5.0 450.0                            LAT/LON1/LON2/DLON/H
   88   91   97  107  120  138  152  163  172  178  183  188  194  203  215  228
  241  251  260  266  271  275  277  278  276  273  271  271  275  281  290  299
  306  311  313  314  315  315  316  316  315  310  303  294  284  275  266  258
  250  241  231  222  214  207  201  196  191  186  179  173  166  160  155  150
  144  140  134  127  118  110  104  101   88                                   
    47.5-180.0 180.0   5.0 450.0                            LAT/LON1/LON2/DLON/H
  108  109  112  120  133  151  165  175  183  188  190  193  199  209  222  237
  251  262  270  276  281  286  291  294  295  295  294  295  299  305  313  320
  327  330  332  332  332  332  332  332  330  326  319  310  300  291  283  275
  267  257  246  235  226  218  212  208  204  199  194  189  183  179  176  173
  170  167  162  157  147  138  131  125  108                                   
    45.0-180.0 180.0   5.0 450.0                            LAT/LON1/LON2/DLON/H
  133  131  132  139  151  168  182  192  199  203  203  204  209  219  234  251
  265  276  284  289  295  302  309  316  320  321  320  320  322  326  332  338
  342  345  347  347  347  347  347  347  344  339  331  322  311  301  293  284
  274  263  251  239  228  220  214  210  207  204  200  197  193  191  191  191
  190  190  187  185  174  166  159  152  133                                   
    42.5-180.0 180.0   5.0 450.0                            LAT/LON1/LON2/DLON/H
  154  153  152  158  169  185  199  210  217  220  219  220  224  234  249  266
  282  293  300  306  313  322  332  341  346  347  345  343  342  343  346  350
  354  358  360  362  363  364  364  363  359  352  341  330  317  306  296  286
  275  262  248  235  223  215  209  205  203  201  198  196  195  194  196  199
  201  204  203  204  195  188  182  175  154                                   
    40.0-180.0 180.0   5.0 450.0                            LAT/LON1/LON2/DLON/H
  169  168  166  172  183  197  213  224  233  237  237  237  241  251  266  284
  299  310  318  325  333  344  356  366  370  370  366  361  358  357  359  363
  368  373  378  383  386  388  388  384  377  367  354  339  324  311  299  288
  275  261  246  231  218  209  202  198  195  194  193  191  191  191  194  199
  202  208  209  211  203  199  194  187  169                                   
    37.5-180.0 180.0   5.0 450.0                            LAT/LON1/LON2/DLON/H
  175  175  172  178  189  201  219  233  244  252  254  255  259  269  284  301
  317  328  337  346  356  369  381  389  392  389  383  378  375  376  379  385
  393  400  408  416  421  424  423  417  406  392  375  356  338  322  309  296
  283  268  252  237  223  211  203  197  194  192  190  189  188  188  191  195
  198  205  206  208  201  198  194  186  175                                   
    35.0-180.0 180.0   5.0 450.0                            LAT/LON1/LON2/DLON/H
  174  174  171  176  187  198  218  234  250  262  268  273  278  288  302  319
  335  347  357  368  380  393  404  411  412  408  402  400  401  406  415  425
  436  447  457  466  473  476  473  465  451  432  410  388  367  349  334  320
  307  292  275  259  244  231  220  212  207  203  200  197  194  192  193  194
  196  200  200  199  192  188  185  174  174                                   
    32.5-180.0 180.0   5.0 450.0                            LAT/LON1/LON2/DLON/H
  171  169  164  169  179  189  211  231  252  269  281  289  296  307  321  338
  353  367  379  391  404  417  428  433  433  431  430  433  443  456  473  489
  503  517  529  539  546  548  543  531  513  490  465  439  415  394  378  364
  350  336  320  303  286  271  257  247  239  233  228  223  217  212  208  206
  203  203  199  194  185  177  174  160  171                                   
    30.0-180.0 180.0   5.0 450.0                            LAT/LON1/LON2/DLON/H
  170  164  156  162  170  180  204  226  252  275  292  305  315  327  341  357
  373  387  401  415  430  442  452  458  461  463  470  483  504  529  555  578
  598  613  625  633  636  635  626  611  589  563  535  506  480  457  440  425
  412  398  382  366  348  331  315  302  291  283  275  268  259  249  241  233
  225  219  209  199  187  173  167  149  170                                   
    27.5-180.0 180.0   5.0 450.0                            LAT/LON1/LON2/DLON/H
  173  163  150  157  166  176  201  226  255  282  303  321  334  348  363  379
  395  410  425  441  456  470  481  489  497  508  525  552  586  624  661  691
  714  727  734  735  732  725  711  691  666  638  608  578  551  527  508  493
  480  467  453  437  420  403  386  372  360  349  339  329  317  303  289  274
  260  248  232  216  200  181  170  148  173                                   
    25.0-180.0 180.0   5.0 450.0                            LAT/LON1/LON2/DLON/H
  183  169  150  158  168  179  204  230  261  291  317  338  355  370  385  401
  418  434  451  468  485  500  514  529  545  567  598  639  686  735  779  813
  833  841  838  828  814  797  776  752  726  697  668  639  611  587  566  550
  536  524  512  498  484  469  454  441  428  417  406  395  382  364  346  325
  305  287  265  245  224  201  183  158  183                                   
    22.5-180.0 180.0   5.0 450.0                            LAT/LON1/LON2/DLON/H
  197  181  157  164  175  186  212  239  271  303  331  355  374  392  408  425
  441  459  478  497  516  535  554  577  604  639  684  737  794  848  893  922
  935  931  913  889  863  838  813  787  760  733  706  677  649  621  598  579
  565  554  545  535  525  515  504  492  481  471  461  450  437  419  398  374
  349  327  302  278  254  227  205  177  197                                   
    20.0-180.0 180.0   5.0 450.0                            LAT/LON1/LON2/DLON/H
  212  196  169  173  184  196  222  248  281  314  343  369  392  412  430  447
  466  485  507  529  551  575  601  633  673  721  776  835  892  942  979  998
  997  978  946  909  875  846  820  795  770  745  719  689  658  627  599  578
  563  554  547  542  538  534  529  523  515  506  498  488  476  458  436  409
  381  358  332  308  282  254  228  201  212                                   
    17.5-180.0 180.0   5.0 450.0                            LAT/LON1/LON2/DLON/H
  223  208  181  181  191  204  229  255  288  320  351  379  405  428  449  468
  489  512  537  563  590  620  654  695  744  800  858  914  963 1000 1022 1026
 1011  979  937  895  859  832  809  787  764  740  712  680  643  607  576  552
  537  529  525  525  527  531  534  534  531  525  519  510  498  479  456  426
  397  373  348  325  300  272  246  221  223                                   
    15.0-180.0 180.0   5.0 450.0                            LAT/LON1/LON2/DLON/H
  227  210  187  185  193  206  232  257  289  323  354  385  413  440  464  487
  511  538  568  599  632  667  707  756  810  866  918  961  993 1011 1017 1008
  983  945  901  862  831  808  789  771  750  726  695  658  617  575  540  515
  500  493  492  496  504  515  525  532  533  530  525  516  504  485  460  428
  397  371  348  327  305  277  253  230  227                                   
    12.5-180.0 180.0   5.0 450.0                            LAT/LON1/LON2/DLON/H
  220  201  182  180  187  199  227  253  286  320  353  386  417  448  476  503
  531  563  597  634  671  711  756  807  860  909  946  970  981  982  975  958
  931  896  860  829  805  789  774  759  739  712  678  637  590  546  509  483
  468  462  463  470  482  498  513  523  527  525  518  508  495  475  449  416
  383  357  335  315  296  270  247  226  220                                   
    10.0-180.0 180.0   5.0 450.0                            LAT/LON1/LON2/DLON/H
  205  184  168  166  171  185  214  244  279  315  350  385  420  455  487  518
  549  584  623  663  704  747  794  843  890  926  945  948  942  932  919  901
  878  852  827  806  791  781  770  756  735  707  669  624  576  530  494  469
  455  451  453  461  475  491  506  516  518  514  503  490  473  452  426  393
  360  333  312  294  278  254  232  213  205                                   
     7.5-180.0 180.0   5.0 450.0                            LAT/LON1/LON2/DLON/H
  187  164  150  148  151  165  197  230  269  308  346  384  423  461  497  531
  565  602  643  686  728  772  818  862  898  919  921  910  894  880  867  854
