data/edconvlstm_nd/pred0110.15i
     1.0            IONOSPHERE MAPS     GNSS                IONEX VERSION / TYPE
pyspatialgeodesy        IME             05-JAN-18 20:20     PGM / RUN BY / DATE 
Map Name                                                    COMMENT             
Predicted global ionosphere maps (GIM).                     DESCRIPTION         
  2015     1    11     0     0     0                        EPOCH OF FIRST MAP  
  2015     1    12     0     0     0                        EPOCH OF LAST MAP   
  7200                                                      INTERVAL            
    13                                                      # OF MAPS IN FILE   
  NONE                                                      MAPPING FUNCTION    
10.0                                                        ELEVATION CUTOFF    
One-way carrier phase leveled to code                       OBSERVABLES USED    
  6371.0                                                    BASE RADIUS         
 2                                                          MAP DIMENSION       
   450.0 450.0   0.0                                        HGT1 / HGT2 / DHGT  
    87.5 -87.5  -2.5                                        LAT1 / LAT2 / DLAT  
  -180.0 180.0   5.0                                        LON1 / LON2 / DLON  
    -1                                                      EXPONENT            
                                                            END OF HEADER       
[from data line 1287]
     4                                                      START OF TEC MAP    
  2015     1    11     6     0     0                        EPOCH OF CURRENT MAP
    87.5-180.0 180.0   5.0 450.0                            LAT/LON1/LON2/DLON/H
   57   60   55   59   59   58   57   54   54   55   55   55   55   55   55   55
   54   54   54   54   53   53   53   52   52   52   51   51   51   51   50   50
   50   50   50   50   50   50   50   50   50   50   50   50   50   51   51   51
   52   52   52   52   52   52   52   52   52   52   52   51   51   50   50   50
   51   51   49   50   55   63   72   69   57                                   
    85.0-180.0 180.0   5.0 450.0                            LAT/LON1/LON2/DLON/H
   46   62   57   58   60   62   62   61   61   62   61   62   62   62   62   61
   61   61   61   60   60   60   59   59   59   59   59   58   58   58   58   58
   58   58   58   58   58   58   58   58   58   59   59   59   60   60   61   61
   62   62   63   63   63   63   63   63   63   63   62   62   61   60   59   59
   60   60   56   57   59   63   72   68   46                                   
    82.5-180.0 180.0   5.0 450.0                            LAT/LON1/LON2/DLON/H
   49   52   61   57   56   58   59   58   59   59   59   60   60   60   60   59
   59   58   58   57   57   56   56   56   55   55   55   55   55   55   56   56
   56   57   57   57   57   58   58   58   59   59   60   61   62   63   64   65
   66   66   67   68   69   69   69   69   69   68   67   67   65   64   62   62
   61   60   57   55   63   58   58   58   49                                   
    80.0-180.0 180.0   5.0 450.0                            LAT/LON1/LON2/DLON/H
   57   51   55   51   54   54   56   55   56   57   57   58   58   58   58   57
   57   56   56   55   55   54   54   54   53   53   54   54   54   55   56   57
   58   58   59   59   60   60   61   61   62   63   64   65   67   68   70   71
   73   75   76   78   79   79   80   80   79   78   77   76   74   72   70   68
   66   63   61   59   64   60   60   58   57                                   
    77.5-180.0 180.0   5.0 450.0                            LAT/LON1/LON2/DLON/H
   63   52   52   49   49   51   54   55   56   57   57   59   59   59   59   59
   58   58   57   57   56   56   55   55   55   55   55   56   57   58   60   61
   63   64   65   66   67   68   68   69   70   71   72   74   76   78   81   84
   86   89   91   94   95   96   97   97   96   95   93   91   89   86   82   79
   76   72   67   65   63   52   51   55   63                                   
    75.0-180.0 180.0   5.0 450.0                            LAT/LON1/LON2/DLON/H
   59   49   46   46   44   48   51   52   53   54   54   56   56   57   57   57
   57   56   56   56   56   56   56   56   56   56   57   58   59   61   63   65
   68   69   71   72   73   73   74   74   75   77   79   81   84   87   91   94
   98  102  106  109  111  112  113  113  112  110  108  105  101   98   93   90
   84   79   74   67   65   53   51   52   59                                   
    72.5-180.0 180.0   5.0 450.0                            LAT/LON1/LON2/DLON/H
   60   48   45   44   44   48   52   52   53   54   54   56   57   57   57   57
   57   57   57   57   58   58   59   59   59   59   60   61   63   65   68   71
   73   75   77   78   78   79   79   80   81   83   86   89   93   98  103  108
  114  119  124  128  132  134  135  134  133  130  127  123  119  115  110  105
   99   93   88   81   75   60   55   58   60                                   
    70.0-180.0 180.0   5.0 450.0                            LAT/LON1/LON2/DLON/H
   65   49   48   47   45   47   50   50   51   51   51   53   53   54   54   54
   55   55   56   57   58   59   60   61   61   61   61   62   64   66   69   71
   74   76   77   77   77   77   77   78   80   82   86   90   96  102  109  116
  124  132  139  145  149  152  153  153  151  148  144  139  134  128  122  117
  111  103   98   90   82   68   64   65   65                                   
    67.5-180.0 180.0   5.0 450.0                            LAT/LON1/LON2/DLON/H
   65   50   47   47   45   46   48   48   48   48   48   50   50   50   51   51
   52   53   54   56   57   59   61   61   61   60   60   59   60   62   64   66
   68   70   70   70   69   69   69   70   72   75   80   86   93  101  110  120
  130  140  150  158  164  168  170  170  167  164  159  153  147  140  132  126
  118  110  104   95   87   72   66   68   65                                   
    65.0-180.0 180.0   5.0 450.0                            LAT/LON1/LON2/DLON/H
   69   52   48   48   45   46   48   48   48   48   47   49   49   50   50   51
   52   53   55   57   60   62   64   64   63   62   60   58   57   58   59   61
   63   64   63   63   61   60   60   62   65   69   76   84   93  103  114  127
  140  153  165  175  183  188  191  190  188  184  178  171  163  155  145  137
  128  118  111  101   93   78   71   72   69                                   
    62.5-180.0 180.0   5.0 450.0                            LAT/LON1/LON2/DLON/H
   72   54   49   48   45   46   47   47   48   47   48   49   50   50   51   52
   53   55   57   60   63   66   67   68   66   63   60   57   55   54   55   56
   57   57   57   55   54   52   53   55   59   65   74   83   95  107  121  136
  152  167  182  195  204  210  213  212  210  205  199  191  182  171  160  149
  138  127  119  108   98   82   75   76   72                                   
    60.0-180.0 180.0   5.0 450.0                            LAT/LON1/LON2/DLON/H
   75   54   47   45   42   43   44   45   45   46   46   48   49   50   51   53
   54   56   59   61   65   67   69   69   66   62   58   53   50   49   49   50
   51   51   50   48   46   45   46   49   55   63   73   85   98  113  129  147
  165  183  200  214  224  230  232  232  229  224  218  209  199  187  174  161
  147  134  125  113  103   84   77   77   75                                   
    57.5-180.0 180.0   5.0 450.0                            LAT/LON1/LON2/DLON/H
   78   53   45   42   40   39   41   42   43   44   45   48   49   51   53   54
   56   58   60   62   65   67   68   68   65   61   55   50   46   45   45   46
   47   47   46   44   42   42   43   48   55   65   78   93  108  125  144  163
  183  203  220  234  244  250  251  250  247  242  236  227  217  204  189  174
  159  144  135  122  112   90   82   82   78                                   
    55.0-180.0 180.0   5.0 450.0                            LAT/LON1/LON2/DLON/H
   82   54   44   39   36   36   37   38   40   41   43   46   48   50   53   55
   57   59   61   62   63   65   66   65   63   58   52   47   43   41   41   43
   44   45   45   44   42   42   45   50   60   72   87  104  123  142  163  184
  205  224  241  254  262  266  266  263  259  255  249  241  231  218  202  187
  170  155  145  132  122   99   91   89   82                                   
    52.5-180.0 180.0   5.0 450.0                            LAT/LON1/LON2/DLON/H
   90   58   45   39   35   34   34   36   38   39   42   45   47   49   52   56
   58   60   60   60   61   61   62   62   60   55   50   45   41   39   40   42
   44   46   47   47   47   48   51   58   68   83  101  121  142  163  185  207
  227  246  261  272  277  278  275  271  266  261  256  249  240  227  211  196
  179  165  156  144  135  111  103  100   90                                   
    50.0-180.0 180.0   5.0 450.0                            LAT/LON1/LON2/DLON/H
  100   66   51   43   38   36   35   36   37   39   41   44   46   49   52   56
   59   60   60   59   58   58   59   59   58   55   50   44   41   39   40   43
   46   49   52   53   55   57   61   69   81   97  117  139  163  186  209  230
  249  266  279  286  288  286  280  274  267  261  256  249  241  229  215  200
  185  173  165  155  149  126  118  115  100                                   
    47.5-180.0 180.0   5.0 450.0                            LAT/LON1/LON2/DLON/H
  113   79   63   53   47   43   41   40   40   41   43   45   46   49   52   56
   59   60   60   58   57   57   59   60   59   57   52   47   43   41   42   45
   49   53   58   62   65   68   73   82   95  113  135  159  184  208  231  252
  269  284  293  297  296  290  282  272  264  256  249  243  234  223  211  198
  185  176  170  162  159  140  133  129  113                                   
    45.0-180.0 180.0   5.0 450.0                            LAT/LON1/LON2/DLON/H
  126   95   78   69   61   55   51   48   47   47   47   48   49   51   54   57
   60   62   62   60   59   60   62   64   64   62   58   52   47   45   45   47
   51   57   63   69   74   80   86   96  110  129  152  178  204  228  251  270
  286  298  305  306  302  294  284  272  261  250  241  232  223  213  202  191
  181  174  170  165  165  150  144  140  126                                   
    42.5-180.0 180.0   5.0 450.0                            LAT/LON1/LON2/DLON/H
  137  110   96   87   78   70   64   59   57   55   54   55   55   56   58   61
   64   66   67   66   66   67   69   72   73   70   66   59   53   49   48   49
   53   60   68   75   82   89   98  109  125  145  168  194  220  245  266  285
  299  310  315  315  310  302  291  279  266  252  239  226  215  204  193  184
  176  169  167  163  164  152  148  143  137                                   
    40.0-180.0 180.0   5.0 450.0                            LAT/LON1/LON2/DLON/H
  144  121  109  102   94   85   77   71   67   65   64   64   63   64   65   68
   71   74   76   76   76   78   80   82   83   80   75   67   60   54   51   51
   55   62   70   79   88   97  107  120  137  158  183  208  234  257  278  296
  310  320  326  327  325  319  311  301  287  270  251  233  218  204  193  184
  175  168  164  159  159  146  144  138  144                                   
    37.5-180.0 180.0   5.0 450.0                            LAT/LON1/LON2/DLON/H
  146  126  116  109  103   95   87   80   76   74   73   74   74   75   76   78
   82   85   88   89   90   91   92   94   93   90   84   75   67   60   56   55
   57   63   72   81   91  101  114  129  148  170  195  220  244  267  287  305
  320  332  340  346  349  349  347  340  328  309  285  261  240  223  209  199
  188  176  169  159  156  138  137  130  146                                   
    35.0-180.0 180.0   5.0 450.0                            LAT/LON1/LON2/DLON/H
  144  123  114  108  104   97   90   85   81   79   80   83   85   86   88   90
   94   98  102  104  104  104  103  103  101   97   90   82   73   66   61   59
   60   65   73   82   92  104  118  136  157  180  205  229  253  275  295  314
  332  347  361  373  383  392  397  396  386  366  339  310  283  262  246  233
  219  202  190  171  163  135  135  125  144                                   
    32.5-180.0 180.0   5.0 450.0                            LAT/LON1/LON2/DLON/H
  143  117  106   99   97   92   87   83   81   80   82   88   92   96   98  101
  105  111  116  118  117  115  112  108  105  100   94   86   79   72   66   64
   64   67   73   81   91  104  121  141  164  188  213  237  260  282  304  325
  347  368  388  408  426  443  456  462  456  438  410  377  346  321  303  288
  270  249  230  201  186  146  142  130  143                                   
    30.0-180.0 180.0   5.0 450.0                            LAT/LON1/LON2/DLON/H
  148  112   97   88   86   83   80   78   76   76   80   88   95  100  105  109
  115  121  127  129  127  121  115  110  105  100   95   88   82   76   71   68
   67   69   73   80   89  103  122  145  170  196  220  244  267  291  315  340
  366  393  420  447  474  498  519  532  533  519  491  456  423  396  376  359
  338  314  289  250  228  175  165  150  148                                   
    27.5-180.0 180.0   5.0 450.0                            LAT/LON1/LON2/DLON/H
  166  118   96   84   80   76   74   72   70   70   75   84   92  100  107  113
  120  128  135  136  131  123  114  107  102   98   93   88   84   79   74   71
   69   70   73   78   87  102  122  148  175  202  227  252  276  302  329  358
  390  422  455  489  522  554  582  603  611  602  577  542  508  480  459  442
  420  393  362  315  288  224  204  187  166                                   
    25.0-180.0 180.0   5.0 450.0                            LAT/LON1/LON2/DLON/H
  203  144  113   94   86   79   75   71   67   66   70   78   87   96  104  113
  122  131  137  137  131  121  111  104   99   95   91   88   85   81   78   75
   72   71   73   77   86  101  124  151  180  208  235  260  287  316  347  380
  415  452  490  527  565  603  639  668  683  680  658  626  593  566  547  531
  510  484  448  396  361  292  260  244  203                                   
    22.5-180.0 180.0   5.0 450.0                            LAT/LON1/LON2/DLON/H
  260  192  153  127  111  100   91   82   74   69   70   75   83   92  101  110
  121  130  136  135  128  118  108  101   97   94   91   89   87   85   82   79
   76   73   73   77   86  102  126  155  186  215  243  271  301  333  367  404
  441  480  520  560  601  642  682  715  735  737  721  694  665  643  627  614
  597  574  537  486  443  373  333  317  260                                   
    20.0-180.0 180.0   5.0 450.0                            LAT/LON1/LON2/DLON/H
  328  257  213  183  157  141  125  110   95   84   79   80   84   91   99  109
  120  128  133  131  124  115  108  103   99   96   94   92   91   90   88   84
   79   75   74   77   86  104  130  160  192  223  252  283  316  351  389  426
  465  504  544  583  623  662  701  735  757  763  753  733  712  697  688  679
  667  650  617  572  524  457  416  400  328                                   
    17.5-180.0 180.0   5.0 450.0                            LAT/LON1/LON2/DLON/H
  398  333  287  254  218  198  175  155  132  114  101   95   94   97  104  113
  122  129  131  129  123  116  112  108  106  103  101  100   99   98   94   89
   82   76   74   78   88  108  135  167  200  232  263  296  332  370  409  447
  485  522  559  594  627  661  694  723  743  752  748  737  727  720  717  714
  708  698  675  640  592  530  496  481  398                                   
    15.0-180.0 180.0   5.0 450.0                            LAT/LON1/LON2/DLON/H
  460  406  361  327  283  258  232  209  182  158  138  124  117  115  119  125
  132  135  135  131  126  122  119  118  117  115  113  111  109  106  101   94
   86   79   77   80   92  113  142  175  209  241  274  309  347  387  427  464
  500  534  565  592  616  639  661  682  698  707  709  709  708  711  715  717
  717  714  703  678  637  585  560  546  460                                   
    12.5-180.0 180.0   5.0 450.0                            LAT/LON1/LON2/DLON/H
  506  464  422  387  338  310  284  262  236  209  185  166  152  145  144  147
  150  150  145  140  135  132  131  131  131  130  127  124  119  115  109  101
   92   84   81   85   98  120  150  184  218  251  284  321  360  401  439  475
  508  537  561  580  594  604  615  626  636  644  652  660  668  678  687  694
  700  703  701  686  655  616  598  584  506                                   
    10.0-180.0 180.0   5.0 450.0                            LAT/LON1/LON2/DLON/H
  534  500  459  421  373  344  320  303  282  259  235  214  196  185  180  179
  177  172  163  155  148  145  145  146  146  145  141  135  129  123  116  109
   99   91   88   92  105  128  159  193  227  260  293  330  369  409  446  479
  508  533  551  562  567  569  570  572  577  585  596  610  625  640  653  661
  669  675  679  671  651  624  609  593  534                                   
     7.5-180.0 180.0   5.0 450.0                            LAT/LON1/LON2/DLON/H
  543  511  470  428  384  357  337  326  313  298  279  260  243  230  223  218
  211  201  188  175  167  162  160  160  160  157  151  143  136  130  124  117
