data/edconvlstm_nd/pred1120.15i
     1.0            IONOSPHERE MAPS     GNSS                IONEX VERSION / TYPE
pyspatialgeodesy        IME             05-JAN-18 20:20     PGM / RUN BY / DATE 
Map Name                                                    COMMENT             
Predicted global ionosphere maps (GIM).                     DESCRIPTION         
  2015     4    22     0     0     0                        EPOCH OF FIRST MAP  
  2015     4    23     0     0     0                        EPOCH OF LAST MAP   
  7200                                                      INTERVAL            
    13                                                      # OF MAPS IN FILE   
  NONE                                                      MAPPING FUNCTION    
10.0                                                        ELEVATION CUTOFF    
One-way carrier phase leveled to code                       OBSERVABLES USED    
  6371.0                                                    BASE RADIUS         
 2                                                          MAP DIMENSION       
   450.0 450.0   0.0                                        HGT1 / HGT2 / DHGT  
    87.5 -87.5  -2.5                                        LAT1 / LAT2 / DLAT  
  -180.0 180.0   5.0                                        LON1 / LON2 / DLON  
    -1                                                      EXPONENT            
                                                            END OF HEADER       
[from data line 429]
     2                                                      START OF TEC MAP    
  2015     4    22     2     0     0                        EPOCH OF CURRENT MAP
    87.5-180.0 180.0   5.0 450.0                            LAT/LON1/LON2/DLON/H
  220  224  226  223  224  222  219  219  220  220  221  222  222  222  222  222
  222  221  221  220  219  217  215  214  212  209  207  205  203  201  199  197
  196  195  194  194  194  194  194  194  195  195  196  197  197  198  199  200
  201  202  204  205  206  207  207  208  209  210  210  211  211  211  211  212
  212  215  215  217  219  217  212  222  220                                   
    85.0-180.0 180.0   5.0 450.0                            LAT/LON1/LON2/DLON/H
  229  230  223  226  231  229  228  228  229  229  230  230  231  231  231  231
  230  230  229  228  227  225  222  220  217  214  211  207  204  201  199  196
  194  193  192  192  192  192  192  193  194  195  196  197  198  200  201  203
  204  206  208  209  211  212  214  215  216  217  218  219  220  220  221  222
  223  225  224  228  222  220  219  224  229                                   
    82.5-180.0 180.0   5.0 450.0                            LAT/LON1/LON2/DLON/H
  229  230  228  228  231  229  228  230  232  233  233  235  235  236  236  236
  235  234  233  231  229  226  222  218  214  209  204  198  193  189  184  181
  178  176  175  174  175  176  177  178  180  182  184  185  187  190  192  194
  197  199  202  205  208  211  213  216  218  220  222  224  225  226  226  228
  229  230  228  230  230  221  222  215  229                                   
    80.0-180.0 180.0   5.0 450.0                            LAT/LON1/LON2/DLON/H
  219  227  220  219  222  222  224  227  230  231  232  234  235  236  236  235
  234  233  231  228  226  222  218  213  207  201  194  187  180  174  168  164
  161  159  158  158  160  162  164  167  169  172  174  176  178  181  183  186
  189  192  196  200  204  208  211  215  218  221  224  226  228  229  230  232
  232  232  229  229  230  222  227  215  219                                   
    77.5-180.0 180.0   5.0 450.0                            LAT/LON1/LON2/DLON/H
  215  219  216  215  215  216  220  223  227  228  230  232  233  233  232  230
  228  225  223  220  217  213  209  204  197  190  183  175  167  160  153  149
  146  144  145  146  149  153  156  160  163  166  168  170  172  174  177  179
  183  187  191  196  201  206  211  215  220  224  227  230  232  233  235  237
  237  237  233  232  232  226  224  220  215                                   
    75.0-180.0 180.0   5.0 450.0                            LAT/LON1/LON2/DLON/H
  217  221  216  216  215  216  220  223  227  229  231  232  232  229  225  220
  215  211  207  204  202  199  196  192  187  180  173  164  156  148  142  137
  134  134  135  138  142  147  152  156  160  163  165  167  168  170  172  174
  178  182  187  193  200  206  212  218  223  228  232  235  238  239  241  243
  244  244  241  235  234  230  230  231  217                                   
    72.5-180.0 180.0   5.0 450.0                            LAT/LON1/LON2/DLON/H
  219  227  223  222  221  221  224  228  232  234  235  235  231  224  215  206
  197  190  185  182  181  181  180  179  175  170  164  156  148  140  134  130
  127  127  129  133  138  144  149  154  158  161  163  164  165  166  168  171
  175  180  187  194  202  210  218  224  230  235  239  242  245  246  248  250
  251  252  250  247  242  237  238  242  219                                   
    70.0-180.0 180.0   5.0 450.0                            LAT/LON1/LON2/DLON/H
  230  234  231  230  227  226  230  234  239  241  242  239  232  220  205  190
  176  166  159  157  157  159  162  163  162  159  154  147  140  133  127  123
  121  121  123  127  132  138  144  148  152  155  156  157  157  159  161  165
  171  178  187  197  207  217  226  234  240  245  249  252  253  254  255  257
  257  258  257  256  252  248  251  256  230                                   
    67.5-180.0 180.0   5.0 450.0                            LAT/LON1/LON2/DLON/H
  240  244  239  238  234  232  234  239  245  249  250  246  236  220  200  179
  160  146  138  136  138  142  146  150  151  149  145  140  133  127  122  118
  116  115  117  120  125  130  135  139  143  145  146  147  148  150  154  160
  168  179  190  203  215  227  238  247  254  259  262  264  264  263  262  263
  263  263  262  261  258  255  259  266  240                                   
    65.0-180.0 180.0   5.0 450.0                            LAT/LON1/LON2/DLON/H
  248  248  243  241  236  232  234  239  247  253  255  253  242  224  200  175
  152  136  126  123  125  130  135  139  141  140  137  132  127  122  118  114
  112  111  111  113  116  120  124  128  131  133  134  135  137  141  147  155
  167  180  195  210  225  239  252  262  270  275  278  278  277  274  271  270
  268  267  265  263  261  258  264  271  248                                   
    62.5-180.0 180.0   5.0 450.0                            LAT/LON1/LON2/DLON/H
  253  251  246  241  235  229  230  235  245  252  258  259  250  233  208  182
  157  139  128  123  124  128  132  135  135  133  130  127  123  120  117  114
  111  108  107  107  108  111  114  117  120  121  123  124  127  133  141  153
  167  183  201  219  236  253  267  280  289  295  297  297  294  289  284  280
  276  272  269  266  262  259  266  273  253                                   
    60.0-180.0 180.0   5.0 450.0                            LAT/LON1/LON2/DLON/H
  256  252  247  239  232  224  222  226  236  246  255  260  257  243  223  198
  174  155  142  136  135  135  135  134  132  129  125  123  121  120  118  116
  112  109  106  104  104  105  107  109  111  113  114  116  121  128  138  152
  169  188  208  228  247  265  282  296  307  315  318  318  314  308  302  296
  289  283  277  271  264  260  266  274  256                                   
    57.5-180.0 180.0   5.0 450.0                            LAT/LON1/LON2/DLON/H
  262  258  252  241  233  221  216  218  226  236  247  257  259  253  239  220
  200  182  169  160  154  150  145  139  133  128  124  123  123  124  124  122
  118  114  109  106  105  105  106  107  108  109  110  113  118  127  139  155
  174  194  215  236  257  277  296  312  326  336  340  341  337  331  324  317
  308  299  291  282  273  266  271  279  262                                   
    55.0-180.0 180.0   5.0 450.0                            LAT/LON1/LON2/DLON/H
  274  271  264  253  243  229  219  216  220  227  238  250  258  259  254  243
  229  214  201  190  180  169  159  148  139  132  129  129  131  133  134  132
  129  123  118  114  112  111  111  111  111  111  112  115  121  131  145  162
  182  202  223  244  265  287  308  328  345  357  364  366  364  358  351  344
  334  324  314  301  289  280  283  293  274                                   
    52.5-180.0 180.0   5.0 450.0                            LAT/LON1/LON2/DLON/H
  297  295  287  276  265  249  235  225  223  225  232  244  255  262  265  262
  255  244  233  220  206  192  177  163  152  145  142  143  145  148  149  147
  143  137  131  127  124  123  121  120  119  118  118  122  128  139  154  173
  192  212  233  253  275  298  321  343  363  378  387  391  390  386  381  375
  367  356  345  329  314  302  305  317  297                                   
    50.0-180.0 180.0   5.0 450.0                            LAT/LON1/LON2/DLON/H
  328  328  318  310  298  282  264  248  239  234  235  242  253  263  271  274
  273  267  258  246  231  215  199  184  172  165  162  163  165  167  167  163
  158  152  146  143  140  138  136  133  130  128  129  132  140  152  168  187
  206  226  245  265  287  310  335  359  381  397  408  413  414  412  410  407
  401  393  382  365  347  335  336  351  328                                   
    47.5-180.0 180.0   5.0 450.0                            LAT/LON1/LON2/DLON/H
  366  367  358  352  340  324  304  283  267  254  248  250  256  266  275  281
  283  280  274  264  252  237  222  209  198  191  188  188  188  186  183  177
  171  165  161  158  156  154  151  147  143  140  140  144  153  166  183  203
  223  242  261  280  302  325  350  375  397  414  426  431  433  434  434  435
  433  429  420  404  387  374  376  392  366                                   
    45.0-180.0 180.0   5.0 450.0                            LAT/LON1/LON2/DLON/H
  408  409  401  397  383  369  348  325  304  285  272  267  268  273  280  285
  287  286  282  276  268  258  247  236  227  221  216  213  208  202  194  186
  179  175  173  172  171  169  165  160  155  152  152  157  166  180  198  219
  240  260  279  299  320  343  367  392  413  430  440  446  449  451  454  458
  461  461  456  444  429  418  421  436  408                                   
    42.5-180.0 180.0   5.0 450.0                            LAT/LON1/LON2/DLON/H
  450  450  441  436  421  408  388  366  344  322  304  293  289  288  290  291
  290  289  287  285  282  278  271  264  257  250  242  234  223  212  201  191
  184  182  182  183  184  182  177  172  167  164  164  169  178  193  212  234
  256  278  298  318  339  362  386  409  429  444  455  461  466  470  475  481
  487  490  489  481  470  463  468  478  450                                   
    40.0-180.0 180.0   5.0 450.0                            LAT/LON1/LON2/DLON/H
  490  487  473  463  448  435  416  397  377  356  338  325  316  310  305  300
  296  293  292  294  297  298  295  290  283  274  262  249  233  218  205  195
  190  190  192  195  196  193  189  183  178  176  176  181  189  203  222  245
  269  293  315  336  358  380  404  426  445  460  472  480  487  493  500  508
  516  520  522  517  510  509  513  516  490                                   
    37.5-180.0 180.0   5.0 450.0                            LAT/LON1/LON2/DLON/H
  528  519  498  479  462  448  429  414  398  382  368  356  346  336  326  315
  306  301  302  307  314  318  318  313  304  292  277  260  242  225  213  205
  202  203  206  209  209  206  201  195  190  189  189  192  199  211  229  252
  277  303  327  350  373  396  419  441  461  477  491  503  514  524  535  544
  552  557  560  556  552  558  560  555  528                                   
    35.0-180.0 180.0   5.0 450.0                            LAT/LON1/LON2/DLON/H
  567  552  523  494  473  455  434  421  409  399  391  384  375  363  349  334
  321  315  317  324  333  339  338  331  320  306  290  273  255  241  230  225
  224  225  227  228  226  221  215  209  205  204  203  204  208  217  232  254
  281  308  334  359  384  408  432  455  475  494  512  529  545  561  575  588
  597  603  607  602  602  613  610  599  567                                   
    32.5-180.0 180.0   5.0 450.0                            LAT/LON1/LON2/DLON/H
  614  594  558  520  493  470  444  429  419  413  410  407  400  388  371  353
  339  332  334  343  352  357  354  345  333  321  307  293  279  268  261  258
  257  257  256  252  247  240  232  226  222  220  218  216  216  220  233  254
  280  309  337  363  389  415  440  464  486  508  530  553  576  598  617  633
  645  654  659  655  659  676  667  650  614                                   
    30.0-180.0 180.0   5.0 450.0                            LAT/LON1/LON2/DLON/H
  674  651  615  572  539  509  475  454  442  435  433  431  424  411  392  371
  355  348  349  357  365  368  364  357  349  342  334  325  316  309  305  303
  301  297  290  281  271  261  252  245  240  237  233  227  223  223  232  251
  276  305  334  362  389  415  441  467  492  518  545  573  602  630  655  676
  692  703  710  709  718  742  730  710  674                                   
    27.5-180.0 180.0   5.0 450.0                            LAT/LON1/LON2/DLON/H
  746  725  698  657  619  584  542  511  490  478  470  464  454  436  412  389
  370  360  359  364  369  372  372  370  371  372  373  371  367  363  361  358
  353  342  327  311  295  281  270  262  256  251  245  236  228  224  230  247
  272  300  329  357  384  411  439  467  495  525  557  590  625  658  688  712
  732  747  756  760  774  804  796  780  746                                   
    25.0-180.0 180.0   5.0 450.0                            LAT/LON1/LON2/DLON/H
  827  808  803  773  736  699  650  608  574  549  531  515  495  468  438  408
  384  369  362  362  366  372  379  388  399  411  421  425  426  424  421  415
  403  384  359  334  313  297  284  275  267  261  252  242  231  225  229  244
  268  296  325  353  380  409  438  468  500  534  569  606  644  681  713  741
  764  782  795  804  822  856  859  856  827                                   
    22.5-180.0 180.0   5.0 450.0                            LAT/LON1/LON2/DLON/H
  904  889  914  902  873  840  791  740  693  654  620  589  555  516  475  436
  403  378  363  357  360  372  389  411  434  457  474  483  485  482  474  461
  439  409  376  345  321  304  290  280  272  265  256  244  233  226  228  242
  265  293  323  352  381  411  442  475  510  545  583  622  660  698  732  762
  787  809  826  841  861  896  913  928  904                                   
    20.0-180.0 180.0   5.0 450.0                            LAT/LON1/LON2/DLON/H
  966  956 1011 1017 1001  981  940  888  833  782  734  687  638  585  529  477
  432  395  369  357  361  378  406  439  474  504  526  535  532  520  502  476
  444  406  369  338  316  301  289  279  271  264  255  244  233  227  229  242
  265  294  324  355  387  419  453  488  524  561  598  636  674  711  745  775
  803  826  847  870  892  921  952  983  966                                   
    17.5-180.0 180.0   5.0 450.0                            LAT/LON1/LON2/DLON/H
 1004 1006 1079 1098 1097 1093 1065 1020  968  913  857  800  740  674  606  539
  479  428  390  371  374  396  432  474  515  548  565  565  548  520  487  452
  414  376  343  319  303  291  281  272  265  259  252  243  233  226  228  241
  264  294  327  362  397  433  470  506  542  578  614  651  687  721  754  784
  813  837  861  888  912  933  971 1012 1004                                   
    15.0-180.0 180.0   5.0 450.0                            LAT/LON1/LON2/DLON/H
 1015 1032 1108 1133 1145 1158 1146 1113 1069 1020  966  909  846  775  699  621
  546  481  431  405  405  429  469  515  554  577  578  558  521  478  437  399
  364  334  311  295  287  280  273  265  258  252  246  239  229  222  223  235
  259  291  327  366  405  445  485  524  560  596  631  666  701  734  764  793
  821  845  870  897  920  934  973 1015 1015                                   
    12.5-180.0 180.0   5.0 450.0                            LAT/LON1/LON2/DLON/H
 1006 1031 1096 1120 1143 1169 1172 1152 1121 1083 1040  991  935  869  793  711
  628  552  494  462  458  480  517  554  577  578  554  512  462  414  373  340
  315  295  283  278  276  273  267  259  251  245  240  232  223  214  213  224
  247  281  321  364  408  452  494  536  574  610  646  681  717  749  778  805
  832  855  880  904  924  933  965 1000 1006                                   
    10.0-180.0 180.0   5.0 450.0                            LAT/LON1/LON2/DLON/H
  990 1014 1058 1076 1101 1133 1145 1137 1119 1095 1066 1032  990  935  868  790
  708  632  571  535  527  542  566  581  574  545  498  443  390  347  316  294
  280  272  269  271  274  273  266  256  246  239  233  224  213  202  199  207
  230  265  308  355  402  449  495  539  579  617  655  693  731  765  794  820
  847  870  894  915  930  936  959  982  990                                   
     7.5-180.0 180.0   5.0 450.0                            LAT/LON1/LON2/DLON/H
  983 1001 1020 1026 1046 1074 1086 1083 1074 1061 1046 1027  999  960  906  840
  769  701  646  611  598  599  598  581  542  487  425  369  325  296  279  271
