data/edconvlstm_nd/pred2990.15i
     1.0            IONOSPHERE MAPS     GNSS                IONEX VERSION / TYPE
pyspatialgeodesy        IME             05-JAN-18 20:20     PGM / RUN BY / DATE 
Map Name                                                    COMMENT             
Predicted global ionosphere maps (GIM).                     DESCRIPTION         
  2015    10    26     0     0     0                        EPOCH OF FIRST MAP  
  2015    10    27     0     0     0                        EPOCH OF LAST MAP   
  7200                                                      INTERVAL            
    13                                                      # OF MAPS IN FILE   
  NONE                                                      MAPPING FUNCTION    
10.0                                                        ELEVATION CUTOFF    
One-way carrier phase leveled to code                       OBSERVABLES USED    
  6371.0                                                    BASE RADIUS         
 2                                                          MAP DIMENSION       
   450.0 450.0   0.0                                        HGT1 / HGT2 / DHGT  
    87.5 -87.5  -2.5                                        LAT1 / LAT2 / DLAT  
  -180.0 180.0   5.0                                        LON1 / LON2 / DLON  
    -1                                                      EXPONENT            
                                                            END OF HEADER       
[from data line 4290]
    11                                                      START OF TEC MAP    
  2015    10    26    20     0     0                        EPOCH OF CURRENT MAP
    87.5-180.0 180.0   5.0 450.0                            LAT/LON1/LON2/DLON/H
  125  119  109  115  118  115  115  113  113  114  113  114  114  114  114  114
  113  113  112  111  111  109  108  107  106  104  103  102  100   99   98   97
   97   96   95   95   95   95   95   95   96   96   97   98   99  100  101  103
  104  105  107  108  109  110  111  112  113  114  114  115  115  115  115  115
  114  114  112  111  120  118  130  131  125                                   
    85.0-180.0 180.0   5.0 450.0                            LAT/LON1/LON2/DLON/H
  125  121  127  116  114  119  119  121  121  123  122  123  123  123  123  122
  122  121  120  119  117  116  114  112  110  108  106  104  103  101  100   99
   98   97   96   96   96   95   96   96   96   97   98   99  100  102  103  105
  107  109  111  113  114  116  118  119  120  121  122  122  122  122  122  121
  121  121  117  114  116  114  116  117  125                                   
    82.5-180.0 180.0   5.0 450.0                            LAT/LON1/LON2/DLON/H
  101  103  106  102  104  109  113  114  115  117  118  120  121  121  122  121
  121  120  119  118  116  115  113  110  108  105  103  101   99   97   95   94
   92   91   90   89   88   88   87   87   86   86   87   87   88   90   91   93
   95   97  100  102  104  106  108  110  111  112  113  113  113  112  111  110
  109  108  104  105  106  114  105  106  101                                   
    80.0-180.0 180.0   5.0 450.0                            LAT/LON1/LON2/DLON/H
   84   88   96   94   97   99  107  113  117  120  123  126  127  128  128  128
  127  126  125  122  120  117  114  111  108  104  101   97   94   92   89   87
   85   83   82   81   79   78   77   76   75   75   75   75   76   78   79   82
   84   87   91   94   97   99  102  104  105  106  107  107  106  105  104  102
  101   99   96   95   91   92   87   96   84                                   
    77.5-180.0 180.0   5.0 450.0                            LAT/LON1/LON2/DLON/H
   81   80   89   89   97  102  112  119  124  129  134  138  141  143  144  144
  143  141  139  137  134  131  128  125  121  117  113  109  106  102   99   97
   94   92   90   88   86   83   81   78   76   73   72   70   70   70   72   74
   76   79   82   85   88   91   93   95   96   96   96   95   94   92   91   89
   87   85   83   83   83   80   79   93   81                                   
    75.0-180.0 180.0   5.0 450.0                            LAT/LON1/LON2/DLON/H
   76   80   86   89   98  108  117  125  133  142  147  153  156  159  159  159
  158  156  153  150  147  144  140  137  132  128  123  119  114  110  107  104
  101   98   96   94   91   88   84   81   77   74   71   69   68   67   68   69
   72   74   77   80   82   84   86   87   87   87   86   85   84   82   81   79
   77   76   76   73   72   71   69   73   76                                   
    72.5-180.0 180.0   5.0 450.0                            LAT/LON1/LON2/DLON/H
   75   81   87   97  105  117  128  137  146  155  162  169  173  176  176  176
  174  171  168  165  162  159  155  151  146  141  135  130  124  119  115  111
  108  105  102  100   96   92   88   83   79   74   70   67   64   63   63   63
   65   67   69   71   72   73   73   73   72   71   70   69   67   66   65   64
   63   63   63   62   63   65   66   76   75                                   
    70.0-180.0 180.0   5.0 450.0                            LAT/LON1/LON2/DLON/H
   78   86   93  103  112  124  134  146  156  167  175  182  186  188  188  186
  184  181  179  176  173  170  167  163  158  152  145  138  131  125  119  114
  110  107  104  100   96   92   88   83   78   73   68   65   62   60   60   60
   61   62   63   63   63   63   62   60   59   57   56   55   54   54   54   54
   53   54   57   59   61   66   71   81   78                                   
    67.5-180.0 180.0   5.0 450.0                            LAT/LON1/LON2/DLON/H
   85   95  103  115  125  138  149  162  172  182  191  198  202  203  202  200
  198  195  192  190  187  185  182  177  171  164  156  147  139  131  123  117
  112  107  103   99   94   90   85   80   75   70   66   63   61   59   58   58
   58   59   59   58   57   56   54   52   50   48   47   46   46   47   48   50
   50   53   55   58   61   69   75   85   85                                   
    65.0-180.0 180.0   5.0 450.0                            LAT/LON1/LON2/DLON/H
   89  101  109  121  131  144  155  167  178  189  198  204  208  209  208  206
  203  201  199  198  197  195  192  187  181  173  164  153  143  134  125  117
  110  104   98   93   87   82   77   72   68   64   61   59   57   56   55   54
   54   53   52   51   50   47   45   42   40   38   38   38   39   41   43   45
   47   50   55   58   63   73   81   94   89                                   
    62.5-180.0 180.0   5.0 450.0                            LAT/LON1/LON2/DLON/H
   94  107  114  126  137  149  160  173  183  194  203  209  213  214  213  212
  210  209  208  207  206  205  201  196  189  180  170  159  147  137  126  117
  108  100   92   85   78   72   66   62   59   57   55   54   53   53   52   50
   49   48   47   45   43   41   39   37   35   34   34   35   37   40   43   46
   48   51   56   59   64   74   83   95   94                                   
    60.0-180.0 180.0   5.0 450.0                            LAT/LON1/LON2/DLON/H
   99  111  119  131  141  152  164  175  186  197  205  211  215  216  216  216
  216  216  216  216  215  212  208  202  195  185  175  164  154  143  132  121
  111  100   90   81   73   65   60   56   53   52   52   53   53   52   51   49
   47   45   43   42   40   39   37   36   35   34   35   37   40   43   47   50
   52   54   58   61   65   75   84   98   99                                   
    57.5-180.0 180.0   5.0 450.0                            LAT/LON1/LON2/DLON/H
  106  117  126  138  148  159  171  182  192  202  209  214  217  219  220  221
  223  224  225  224  222  219  213  206  198  190  181  172  163  153  142  131
  119  106   94   83   73   65   59   55   53   53   54   55   56   55   53   50
   48   45   43   42   42   42   41   41   41   41   42   45   48   52   56   58
   59   61   64   66   68   77   85   99  106                                   
    55.0-180.0 180.0   5.0 450.0                            LAT/LON1/LON2/DLON/H
  118  130  140  152  163  173  185  195  204  212  217  220  222  224  226  229
  232  234  235  234  230  224  217  209  202  195  188  182  175  166  156  144
  130  117  103   91   80   72   65   62   60   60   62   63   64   62   59   56
   52   50   48   48   49   50   51   52   53   53   55   57   61   64   68   71
   71   72   74   75   76   83   91  104  118                                   
    52.5-180.0 180.0   5.0 450.0                            LAT/LON1/LON2/DLON/H
  134  147  160  172  185  197  208  217  224  228  230  230  231  232  235  239
  243  245  245  242  236  228  219  211  205  200  196  192  187  180  170  157
  142  127  113  101   91   83   77   74   72   73   74   76   76   74   70   66
   62   59   58   59   61   63   66   68   69   69   71   73   76   80   83   86
   85   86   87   88   89   95  102  113  134                                   
    50.0-180.0 180.0   5.0 450.0                            LAT/LON1/LON2/DLON/H
  155  169  186  198  214  227  238  245  250  251  249  246  244  244  246  250
  254  256  255  250  242  232  223  215  210  207  205  203  199  191  180  165
  150  135  122  111  103   97   92   89   87   88   90   91   91   89   85   80
   76   73   73   74   77   80   84   86   87   87   87   89   92   95   99  101
  101  102  103  105  107  112  119  127  155                                   
    47.5-180.0 180.0   5.0 450.0                            LAT/LON1/LON2/DLON/H
  177  194  213  227  244  260  270  277  279  277  272  266  261  259  260  263
  266  267  264  258  248  238  229  222  218  217  216  213  207  196  182  165
  148  134  123  116  111  108  105  103  102  103  104  106  106  104  100   96
   92   90   89   91   94   98  101  103  103  103  103  103  106  109  113  116
  116  117  119  122  126  131  141  147  177                                   
    45.0-180.0 180.0   5.0 450.0                            LAT/LON1/LON2/DLON/H
  197  216  238  253  272  289  299  306  306  304  296  287  280  275  275  276
  278  278  274  266  257  247  239  233  230  229  226  220  209  193  174  155
  138  126  118  115  115  115  115  114  113  114  115  117  117  116  113  110
  107  105  105  107  110  113  116  117  117  115  114  115  117  120  124  127
  127  129  132  137  144  151  162  169  197                                   
    42.5-180.0 180.0   5.0 450.0                            LAT/LON1/LON2/DLON/H
  211  232  255  272  292  310  321  328  328  326  317  308  298  292  289  289
  289  288  284  277  268  260  253  249  246  242  236  224  206  184  161  140
  124  115  112  113  116  120  121  121  120  120  122  123  125  124  122  120
  118  117  117  118  120  123  125  126  125  123  122  122  124  128  131  134
  134  136  140  147  156  165  179  189  211                                   
    40.0-180.0 180.0   5.0 450.0                            LAT/LON1/LON2/DLON/H
  217  241  263  281  302  320  332  340  342  341  334  325  315  308  303  302
  300  298  295  289  283  276  271  267  262  255  243  225  200  173  148  129
  116  110  111  115  121  125  127  126  125  124  125  126  128  128  127  125
  123  122  122  123  125  127  128  129  128  126  125  126  128  131  134  135
  135  137  142  150  161  173  187  202  217                                   
    37.5-180.0 180.0   5.0 450.0                            LAT/LON1/LON2/DLON/H
  215  240  263  281  303  320  334  343  347  349  344  337  329  321  316  313
  311  309  307  304  300  295  290  285  278  267  250  225  197  169  146  131
  123  122  125  130  135  137  137  133  130  128  127  128  129  129  128  126
  124  123  122  122  123  125  127  127  127  126  125  126  128  131  132  133
  131  133  138  147  157  171  186  204  215                                   
    35.0-180.0 180.0   5.0 450.0                            LAT/LON1/LON2/DLON/H
  210  234  257  275  297  313  329  338  346  350  350  345  339  332  327  323
  321  320  320  319  317  313  307  300  290  276  255  230  202  178  161  154
  154  158  162  164  163  160  154  146  139  135  133  132  132  130  128  125
  122  120  118  117  119  121  123  125  125  124  124  125  126  128  129  128
  125  126  131  139  149  164  179  198  210                                   
    32.5-180.0 180.0   5.0 450.0                            LAT/LON1/LON2/DLON/H
  205  228  251  268  290  304  321  332  343  350  352  351  347  341  336  333
  331  331  333  333  332  327  319  310  298  282  263  240  219  204  199  203
  211  218  220  216  206  193  179  165  155  147  143  141  138  135  131  127
  122  117  114  113  114  118  121  123  124  123  123  123  124  125  124  122
  118  119  124  132  141  156  172  190  205                                   
    30.0-180.0 180.0   5.0 450.0                            LAT/LON1/LON2/DLON/H
  206  228  250  265  287  299  317  330  343  352  357  357  354  350  345  342
  340  341  343  344  341  335  325  313  301  288  273  258  248  247  257  275
  292  301  297  281  258  233  210  190  175  165  159  155  151  146  140  133
  125  118  113  112  114  118  122  125  125  124  123  122  123  122  121  118
  114  116  121  130  139  154  171  187  206                                   
    27.5-180.0 180.0   5.0 450.0                            LAT/LON1/LON2/DLON/H
  216  236  259  271  293  304  323  336  350  360  366  367  364  360  355  351
  349  349  350  349  344  335  323  312  302  293  287  284  289  305  331  363
  388  395  381  350  312  273  241  216  198  187  180  174  168  162  154  145
  135  126  119  117  119  123  128  131  130  128  125  123  122  120  119  117
  114  117  124  134  145  160  178  193  216                                   
    25.0-180.0 180.0   5.0 450.0                            LAT/LON1/LON2/DLON/H
  235  254  277  288  310  322  340  353  368  378  383  383  380  374  368  362
  357  355  352  349  341  330  318  308  302  302  306  317  338  371  414  457
  485  485  455  406  352  303  264  237  219  208  201  195  190  183  174  164
  152  141  132  128  129  133  137  138  136  132  127  124  121  119  118  117
  116  123  131  145  158  174  195  206  235                                   
    22.5-180.0 180.0   5.0 450.0                            LAT/LON1/LON2/DLON/H
  260  279  302  314  338  350  370  382  396  405  409  408  403  395  386  376
  368  360  353  345  334  322  312  306  306  314  330  355  390  438  491  538
  559  544  497  432  367  312  272  247  232  224  220  215  211  205  197  186
  173  160  149  143  143  145  147  146  142  136  129  124  121  118  118  119
  120  131  142  159  175  194  217  228  260                                   
    20.0-180.0 180.0   5.0 450.0                            LAT/LON1/LON2/DLON/H
  286  307  330  345  372  386  406  419  434  442  445  442  435  424  412  397
  383  369  356  342  328  317  309  309  317  334  360  395  441  494  548  584
  589  554  491  417  349  297  262  243  235  232  232  230  228  223  216  206
  193  179  167  159  156  156  155  152  146  138  130  124  120  118  118  121
  125  139  153  173  191  213  241  253  286                                   
    17.5-180.0 180.0   5.0 450.0                            LAT/LON1/LON2/DLON/H
  309  333  358  376  406  422  445  459  475  484  487  484  476  463  446  426
  405  384  364  345  329  318  315  321  337  362  395  436  482  531  570  585
  566  514  441  366  305  262  238  229  229  233  237  239  238  236  231  222
  209  195  183  174  168  165  162  156  149  139  130  123  118  117  118  122
  129  145  162  183  204  230  261  277  309                                   
    15.0-180.0 180.0   5.0 450.0                            LAT/LON1/LON2/DLON/H
  326  355  382  403  436  455  480  497  514  526  532  531  523  509  489  465
  438  410  382  358  339  331  333  345  368  398  433  472  510  542  558  547
  506  440  366  298  249  221  210  211  220  231  239  243  244  243  239  231
  220  207  194  184  177  171  165  158  149  139  129  121  117  116  118  122
  129  147  166  188  211  240  275  294  326                                   
    12.5-180.0 180.0   5.0 450.0                            LAT/LON1/LON2/DLON/H
  336  370  400  423  459  480  508  527  549  564  574  577  572  559  539  512
  481  447  414  385  365  358  365  383  409  440  472  501  524  534  524  489
  431  359  289  236  203  190  192  203  218  232  243  248  249  247  243  236
  225  213  201  191  182  174  166  158  149  138  128  120  116  115  117  120
  127  145  165  187  211  243  281  303  336                                   
    10.0-180.0 180.0   5.0 450.0                            LAT/LON1/LON2/DLON/H
  341  379  413  438  475  500  529  551  575  595  611  619  619  609  590  564
  532  496  459  427  407  401  410  431  456  483  507  524  529  518  486  433
  365  294  235  197  181  182  194  211  229  244  254  258  258  254  249  240
  229  216  204  194  184  175  166  158  149  139  128  121  117  116  117  119
  124  141  160  182  208  243  281  305  341                                   
     7.5-180.0 180.0   5.0 450.0                            LAT/LON1/LON2/DLON/H
  344  385  421  448  487  514  545  567  594  618  638  652  657  652  638  616
  586  552  515  483  462  456  465  483  505  525  538  542  531  504  457  395
