data/edconvlstm_nd/pred2660.15i
     1.0            IONOSPHERE MAPS     GNSS                IONEX VERSION / TYPE
pyspatialgeodesy        IME             05-JAN-18 20:20     PGM / RUN BY / DATE 
Map Name                                                    COMMENT             
Predicted global ionosphere maps (GIM).                     DESCRIPTION         
  2015     9    23     0     0     0                        EPOCH OF FIRST MAP  
  2015     9    24     0     0     0                        EPOCH OF LAST MAP   
  7200                                                      INTERVAL            
    13                                                      # OF MAPS IN FILE   
  NONE                                                      MAPPING FUNCTION    
10.0                                                        ELEVATION CUTOFF    
One-way carrier phase leveled to code                       OBSERVABLES USED    
  6371.0                                                    BASE RADIUS         
 2                                                          MAP DIMENSION       
   450.0 450.0   0.0                                        HGT1 / HGT2 / DHGT  
    87.5 -87.5  -2.5                                        LAT1 / LAT2 / DLAT  
  -180.0 180.0   5.0                                        LON1 / LON2 / DLON  
    -1                                                      EXPONENT            
                                                            END OF HEADER       
[from data line 858]
     3                                                      START OF TEC MAP    
  2015     9    23     4     0     0                        EPOCH OF CURRENT MAP
    87.5-180.0 180.0   5.0 450.0                            LAT/LON1/LON2/DLON/H
   81   85   83   87   85   85   83   80   80   81   80   81   80   80   80   79
   78   77   77   76   75   74   73   73   72   71   71   71   71   71   71   71
   71   72   72   73   73   74   75   76   77   79   80   81   82   84   85   86
   87   87   88   88   89   89   89   89   88   88   87   87   86   85   84   84
   84   84   82   82   86   93   97   86   81                                   
    85.0-180.0 180.0   5.0 450.0                            LAT/LON1/LON2/DLON/H
   75   90   80   85   87   88   87   86   86   87   86   86   86   85   84   83
   82   81   79   78   76   75   74   73   72   71   70   70   70   70   70   71
   71   72   73   75   76   78   80   81   83   85   87   89   91   93   94   96
   97   98   99  100  100  100  100  100   99   99   98   97   96   94   93   92
   93   92   88   89   90   92   99   89   75                                   
    82.5-180.0 180.0   5.0 450.0                            LAT/LON1/LON2/DLON/H
   79   82   92   86   85   88   89   88   89   90   89   89   89   88   86   85
   83   80   78   75   73   70   68   66   65   64   63   62   62   62   63   64
   65   67   68   71   73   76   79   82   85   88   91   94   97  100  103  105
  107  109  110  111  112  112  112  112  111  110  109  107  105  104  101  100
   99   97   93   91   98   90   88   85   79                                   
    80.0-180.0 180.0   5.0 450.0                            LAT/LON1/LON2/DLON/H
   88   86   86   80   83   83   86   86   88   88   87   88   87   86   84   82
   79   76   73   69   66   63   60   57   55   54   53   53   53   53   54   55
   57   59   62   64   67   71   74   78   82   86   90   94   98  101  105  108
  111  113  115  117  118  118  119  118  117  116  115  113  111  108  106  104
  102   98   96   95  102   97   96   87   88                                   
    77.5-180.0 180.0   5.0 450.0                            LAT/LON1/LON2/DLON/H
   93   88   84   81   78   82   85   87   88   88   87   88   87   86   84   82
   78   75   71   67   63   59   55   53   50   48   47   47   47   48   49   51
   53   55   58   61   64   68   71   75   80   84   89   94   98  103  107  112
  115  119  122  124  126  127  128  128  127  126  124  122  120  117  115  112
  109  107  102  102  103   93   92   89   93                                   
    75.0-180.0 180.0   5.0 450.0                            LAT/LON1/LON2/DLON/H
   90   88   83   79   75   79   81   81   82   82   81   82   81   79   77   75
   72   68   64   60   56   52   49   46   43   42   41   41   42   43   44   46
   48   50   52   55   57   60   63   66   70   74   79   84   89   95  100  105
  110  114  118  121  124  125  127  127  127  126  125  124  121  119  117  115
  112  109  106  101  103   96   94   92   90                                   
    72.5-180.0 180.0   5.0 450.0                            LAT/LON1/LON2/DLON/H
   94   92   87   81   79   81   83   83   83   82   81   81   79   77   75   73
   70   66   63   59   55   52   49   46   44   43   43   43   44   46   47   49
   51   52   54   55   56   58   60   63   66   71   75   81   87   93   99  105
  111  116  121  125  128  130  132  133  133  133  132  131  129  127  125  124
  122  119  118  115  113  105  101   99   94                                   
    70.0-180.0 180.0   5.0 450.0                            LAT/LON1/LON2/DLON/H
  103   98   94   86   81   82   82   81   81   79   76   76   73   71   69   67
   64   62   60   57   54   52   49   47   46   45   45   46   47   49   50   51
   52   53   53   53   53   54   55   56   59   63   68   74   81   88   95  102
  109  114  119  124  127  130  132  134  135  135  135  134  132  131  129  128
  126  124  124  122  121  114  111  107  103                                   
    67.5-180.0 180.0   5.0 450.0                            LAT/LON1/LON2/DLON/H
  104  100   94   85   80   79   79   77   76   73   70   69   66   64   61   59
   58   57   55   54   52   50   49   48   47   46   47   47   48   49   50   51
   50   50   48   47   46   45   45   46   48   52   57   64   72   80   88   95
  102  108  114  118  122  125  128  130  132  132  132  131  130  128  126  126
  124  122  124  122  122  117  114  110  104                                   
    65.0-180.0 180.0   5.0 450.0                            LAT/LON1/LON2/DLON/H
  106  102   95   85   79   77   77   75   73   70   67   65   62   60   58   56
   55   55   55   54   54   53   52   51   50   50   50   50   51   51   51   51
   49   47   45   42   40   38   38   39   41   46   52   59   68   77   86   94
  101  107  112  116  120  124  127  130  132  133  133  132  130  128  126  124
  123  121  122  122  123  119  117  114  106                                   
    62.5-180.0 180.0   5.0 450.0                            LAT/LON1/LON2/DLON/H
  106  103   96   85   79   77   76   73   72   69   66   64   61   58   57   56
   56   56   57   57   57   56   56   55   54   53   53   53   53   52   51   50
   47   45   41   38   36   34   34   35   38   43   50   58   68   78   87   95
  102  108  113  117  121  125  128  132  134  135  136  135  133  130  127  125
  123  121  122  121  123  120  118  116  106                                   
    60.0-180.0 180.0   5.0 450.0                            LAT/LON1/LON2/DLON/H
  107  103   95   84   78   75   74   71   70   67   64   62   59   57   56   55
   56   57   58   58   58   58   57   56   55   54   53   53   52   51   49   46
   44   41   38   35   33   32   32   33   37   43   51   60   71   81   90   98
  105  110  114  118  122  126  131  134  137  139  139  138  136  133  130  128
  124  121  121  121  122  120  118  116  107                                   
    57.5-180.0 180.0   5.0 450.0                            LAT/LON1/LON2/DLON/H
  109  105   97   86   80   76   74   71   69   66   63   61   59   57   56   56
   57   58   59   59   59   58   57   55   54   53   52   51   49   48   46   43
   41   38   36   34   33   33   33   36   40   47   56   66   77   87   97  105
  111  115  119  123  127  132  136  140  143  145  146  145  144  141  138  135
  131  127  126  124  126  122  120  117  109                                   
    55.0-180.0 180.0   5.0 450.0                            LAT/LON1/LON2/DLON/H
  115  111  103   91   84   80   77   73   69   65   61   59   57   56   55   56
   56   57   58   58   57   56   54   53   51   50   49   48   46   45   42   40
   39   38   37   37   37   37   39   42   46   53   63   73   85   96  105  112
  118  122  126  129  134  139  144  148  151  152  153  153  152  150  148  145
  141  137  135  132  132  128  126  122  115                                   
    52.5-180.0 180.0   5.0 450.0                            LAT/LON1/LON2/DLON/H
  125  121  113  101   94   89   85   78   73   66   61   58   56   54   54   54
   55   55   55   55   54   53   51   50   49   48   48   46   45   43   41   40
   40   40   41   43   44   46   47   50   55   62   71   83   94  105  114  122
  127  131  135  139  143  148  153  157  159  160  160  160  160  159  159  158
  154  150  148  144  143  137  135  130  125                                   
    50.0-180.0 180.0   5.0 450.0                            LAT/LON1/LON2/DLON/H
  138  135  127  116  109  103   97   88   80   70   62   58   55   53   52   52
   52   52   52   52   51   50   50   49   49   49   49   47   46   44   42   42
   43   45   48   51   54   56   58   61   65   72   81   92  104  115  125  132
  138  143  147  151  156  160  164  166  167  166  165  165  166  167  168  169
  167  164  162  157  155  149  147  141  138                                   
    47.5-180.0 180.0   5.0 450.0                            LAT/LON1/LON2/DLON/H
  153  151  143  135  127  121  114  102   90   78   67   61   56   53   51   50
   49   49   49   49   49   50   50   51   52   53   52   51   49   47   46   46
   48   52   56   61   65   67   69   71   75   81   91  102  114  125  135  144
  151  156  161  165  170  174  176  176  174  171  169  168  169  171  174  177
  177  175  174  170  167  161  159  153  153                                   
    45.0-180.0 180.0   5.0 450.0                            LAT/LON1/LON2/DLON/H
  165  165  158  153  144  139  131  117  103   88   75   67   61   56   52   50
   48   47   47   48   50   52   54   56   58   59   58   56   54   51   50   51
   54   58   64   70   74   76   78   79   83   90  100  111  124  136  147  156
  164  171  176  181  184  187  187  185  180  175  171  169  170  173  176  180
  182  182  181  178  177  171  168  163  165                                   
    42.5-180.0 180.0   5.0 450.0                            LAT/LON1/LON2/DLON/H
  172  174  168  166  159  154  146  131  115   99   85   76   68   62   57   52
   49   48   49   50   53   57   60   64   66   67   65   62   59   56   54   55
   58   63   69   75   80   82   83   85   89   97  108  120  133  146  158  168
  178  185  191  196  199  200  198  194  187  180  175  172  172  174  178  182
  184  185  185  183  182  177  174  169  172                                   
    40.0-180.0 180.0   5.0 450.0                            LAT/LON1/LON2/DLON/H
  175  177  172  171  166  162  155  141  125  109   95   86   78   71   64   58
   54   53   54   56   60   64   69   72   74   74   71   67   63   59   57   58
   60   65   71   77   81   84   86   88   94  103  115  129  143  156  168  180
  190  199  205  209  212  212  209  203  196  188  182  179  179  180  181  184
  186  186  186  185  184  179  175  170  175                                   
    37.5-180.0 180.0   5.0 450.0                            LAT/LON1/LON2/DLON/H
  174  174  169  167  165  162  156  144  130  115  103   96   89   82   75   68
   63   62   63   66   70   74   77   80   81   79   76   71   66   62   59   60
   62   66   71   76   80   83   86   90   97  108  122  137  151  164  177  189
  200  209  216  220  223  223  220  215  208  201  196  194  193  193  192  192
  191  191  190  189  188  182  177  170  174                                   
    35.0-180.0 180.0   5.0 450.0                            LAT/LON1/LON2/DLON/H
  173  170  162  158  157  154  149  140  129  117  108  103   98   92   85   78
   74   73   75   77   80   83   85   86   85   82   78   73   68   64   62   62
   63   67   71   75   78   81   84   90   99  112  127  143  157  170  183  195
  207  217  224  229  232  233  232  228  224  220  218  218  218  216  213  210
  206  203  201  199  197  189  182  172  173                                   
    32.5-180.0 180.0   5.0 450.0                            LAT/LON1/LON2/DLON/H
  177  169  158  150  148  143  138  131  123  114  108  105  102   98   93   88
   85   85   86   88   90   91   91   90   88   84   79   74   70   67   65   65
   66   68   71   73   76   79   83   89  100  114  130  146  160  172  185  198
  210  221  229  235  239  243  244  245  244  245  247  250  251  249  244  238
  231  226  222  218  215  205  197  184  177                                   
    30.0-180.0 180.0   5.0 450.0                            LAT/LON1/LON2/DLON/H
  191  178  163  148  143  136  128  121  114  107  103  103  102  100   96   94
   93   93   95   96   96   95   94   92   89   85   81   77   74   72   71   71
   71   72   73   74   75   77   81   88   99  114  131  146  160  171  183  196
  209  221  231  239  246  253  258  263  268  273  280  286  290  288  283  275
  266  259  254  248  244  232  224  207  191                                   
    27.5-180.0 180.0   5.0 450.0                            LAT/LON1/LON2/DLON/H
  217  200  180  159  149  137  126  116  108  101   98   98   98   97   95   95
   96   98   99   99   98   96   94   92   90   88   85   82   80   79   79   79
   79   78   77   76   76   77   80   87   97  112  128  143  156  167  179  192
  206  219  232  243  253  264  274  284  294  304  315  324  330  330  326  318
  308  301  295  287  282  269  262  244  217                                   
    25.0-180.0 180.0   5.0 450.0                            LAT/LON1/LON2/DLON/H
  255  235  210  185  170  153  138  123  111  101   95   94   93   92   91   92
   94   97   97   97   95   93   92   92   93   93   92   90   89   89   89   89
   88   86   83   80   78   77   79   85   94  107  123  138  151  162  174  187
  202  218  233  247  262  277  292  307  320  334  347  359  367  369  367  361
  353  346  341  332  327  315  308  290  255                                   
    22.5-180.0 180.0   5.0 450.0                            LAT/LON1/LON2/DLON/H
  302  282  251  224  204  183  164  144  127  112  101   95   91   88   87   89
   91   92   92   90   88   88   90   94   98  100  102  102  102  101  101  100
   98   95   90   85   81   78   79   82   90  102  116  131  145  157  169  184
  200  218  236  255  273  293  311  329  345  360  374  387  397  402  403  400
  395  391  387  378  374  363  355  341  302                                   
    20.0-180.0 180.0   5.0 450.0                            LAT/LON1/LON2/DLON/H
  353  335  303  275  250  226  202  177  154  134  118  105   96   90   88   87
   88   87   85   82   81   83   89   97  105  111  114  115  115  114  113  112
  108  103   96   90   84   80   78   79   85   96  110  125  140  153  167  183
  202  223  244  265  287  309  330  349  366  381  395  407  418  425  430  432
  430  429  428  421  416  409  401  391  353                                   
    17.5-180.0 180.0   5.0 450.0                            LAT/LON1/LON2/DLON/H
  402  387  358  332  304  278  251  220  193  167  145  127  112  102   95   92
   90   86   81   78   77   82   91  103  114  123  127  129  128  127  124  121
  116  109  101   93   86   80   77   77   81   90  104  121  137  152  168  186
  208  231  254  279  303  327  349  368  384  398  410  421  431  441  449  454
  457  459  461  456  452  447  441  435  402                                   
    15.0-180.0 180.0   5.0 450.0                            LAT/LON1/LON2/DLON/H
  441  432  409  388  360  333  304  271  240  210  183  159  139  123  113  106
  100   92   85   80   80   86   98  112  126  135  140  141  140  137  133  128
  121  113  104   95   87   80   76   74   78   86  101  118  135  153  171  192
  216  241  268  294  320  344  365  384  399  411  421  430  440  450  461  470
  476  481  484  482  477  475  471  469  441                                   
    12.5-180.0 180.0   5.0 450.0                            LAT/LON1/LON2/DLON/H
  469  463  446  432  408  385  356  322  289  257  227  199  175  155  141  130
  120  109   99   92   91   97  110  125  139  148  152  152  149  145  140  132
  124  115  105   96   88   80   75   73   76   84   98  116  136  155  175  199
  224  252  280  307  333  357  378  395  410  422  431  440  448  459  470  480
  487  493  498  497  492  492  492  494  469                                   
    10.0-180.0 180.0   5.0 450.0                            LAT/LON1/LON2/DLON/H
  487  483  470  461  444  424  398  366  334  302  271  242  215  193  176  162
  149  135  123  114  111  116  127  140  152  159  162  160  157  151  144  135
  125  115  106   97   88   80   75   72   74   83   97  115  135  156  178  203
  230  258  287  315  340  364  385  403  418  431  442  450  458  468  478  487
  494  499  504  504  500  502  505  509  487                                   
     7.5-180.0 180.0   5.0 450.0                            LAT/LON1/LON2/DLON/H
  499  497  486  478  467  450  427  399  370  339  309  280  253  231  214  199
  185  170  155  145  140  141  148  157  165  169  170  167  162  156  147  136
