data/edconvlstm_nd/pred1900.15i
     1.0            IONOSPHERE MAPS     GNSS                IONEX VERSION / TYPE
pyspatialgeodesy        IME             05-JAN-18 20:20     PGM / RUN BY / DATE 
Map Name                                                    COMMENT             
Predicted global ionosphere maps (GIM).                     DESCRIPTION         
  2015     7     9     0     0     0                        EPOCH OF FIRST MAP  
  2015     7    10     0     0     0                        EPOCH OF LAST MAP   
  7200                                                      INTERVAL            
    13                                                      # OF MAPS IN FILE   
  NONE                                                      MAPPING FUNCTION    
10.0                                                        ELEVATION CUTOFF    
One-way carrier phase leveled to code                       OBSERVABLES USED    
  6371.0                                                    BASE RADIUS         
 2                                                          MAP DIMENSION       
   450.0 450.0   0.0                                        HGT1 / HGT2 / DHGT  
    87.5 -87.5  -2.5                                        LAT1 / LAT2 / DLAT  
  -180.0 180.0   5.0                                        LON1 / LON2 / DLON  
    -1                                                      EXPONENT            
                                                            END OF HEADER       
[from data line 4290]
    11                                                      START OF TEC MAP    
  2015     7     9    20     0     0                        EPOCH OF CURRENT MAP
    87.5-180.0 180.0   5.0 450.0                            LAT/LON1/LON2/DLON/H
  176  160  144  151  151  152  153  153  154  156  157  159  161  162  164  166
  167  168  170  171  171  172  173  173  173  173  173  173  173  172  172  172
  171  170  170  169  168  168  167  166  165  164  164  163  162  161  160  160
  159  158  157  157  156  155  155  154  154  153  152  152  151  150  150  149
  148  147  146  148  157  157  160  169  176                                   
    85.0-180.0 180.0   5.0 450.0                            LAT/LON1/LON2/DLON/H
  156  151  151  147  145  150  151  154  156  158  160  163  165  168  170  172
  174  176  177  178  179  180  181  181  181  181  181  181  181  180  180  179
  178  177  176  175  174  173  172  170  169  168  166  165  164  162  161  160
  159  158  157  156  155  155  154  154  153  152  152  151  151  150  149  149
  149  148  146  146  150  142  144  151  156                                   
    82.5-180.0 180.0   5.0 450.0                            LAT/LON1/LON2/DLON/H
  128  129  130  128  127  133  137  140  142  146  150  154  158  162  165  169
  172  174  176  178  179  180  181  181  181  181  181  180  180  179  178  177
  176  175  173  172  170  168  167  165  163  161  159  157  155  153  152  150
  149  148  147  146  145  145  144  143  143  142  141  140  139  138  137  136
  135  133  131  136  137  140  134  132  128                                   
    80.0-180.0 180.0   5.0 450.0                            LAT/LON1/LON2/DLON/H
  121  124  129  126  124  128  133  139  143  149  154  160  165  170  175  178
  182  184  186  187  188  188  188  188  188  187  186  185  184  183  182  181
  180  178  177  175  173  171  169  167  165  163  161  159  157  155  154  153
  152  151  150  150  149  149  148  148  147  147  146  145  143  142  141  140
  139  136  135  136  135  128  127  132  121                                   
    77.5-180.0 180.0   5.0 450.0                            LAT/LON1/LON2/DLON/H
  130  126  133  131  129  134  137  143  148  154  159  166  173  178  183  187
  190  192  193  194  194  193  193  192  191  190  189  187  186  185  184  183
  182  181  180  178  177  175  173  171  169  167  165  163  161  160  159  158
  157  157  157  157  157  157  156  156  155  155  154  153  151  150  149  147
  145  143  142  142  145  135  138  148  130                                   
    75.0-180.0 180.0   5.0 450.0                            LAT/LON1/LON2/DLON/H
  143  142  145  142  139  144  146  151  157  164  170  178  184  190  194  197
  199  200  199  198  197  195  194  192  190  189  187  186  185  184  183  183
  182  181  180  179  178  177  175  173  172  170  168  167  165  165  164  164
  164  165  165  165  166  166  166  165  165  164  164  163  162  161  160  159
  158  156  156  154  155  146  150  150  143                                   
    72.5-180.0 180.0   5.0 450.0                            LAT/LON1/LON2/DLON/H
  159  159  161  161  155  158  160  164  168  175  181  189  195  200  203  205
  205  204  202  200  197  194  192  189  187  185  183  182  180  179  179  178
  178  178  177  177  176  175  174  173  171  170  169  168  167  167  167  168
  169  169  170  171  171  171  171  170  170  169  169  168  168  168  168  167
  166  166  166  165  166  159  164  169  159                                   
    70.0-180.0 180.0   5.0 450.0                            LAT/LON1/LON2/DLON/H
  180  179  180  179  171  173  174  177  181  188  194  201  206  210  211  211
  209  206  202  199  195  191  188  186  183  181  179  177  175  174  173  173
  173  173  173  172  172  171  171  170  168  167  166  166  166  166  167  168
  169  170  171  171  171  171  170  169  169  169  169  170  170  171  173  174
  174  175  177  176  178  174  181  183  180                                   
    67.5-180.0 180.0   5.0 450.0                            LAT/LON1/LON2/DLON/H
  202  202  204  203  196  197  196  199  201  207  212  218  222  225  225  223
  219  215  210  205  201  197  194  191  189  186  183  181  179  178  177  176
  176  175  175  175  174  174  173  172  171  170  169  169  170  170  172  173
  174  175  175  174  173  172  170  170  169  170  171  173  175  177  180  183
  184  186  188  188  189  186  193  196  202                                   
    65.0-180.0 180.0   5.0 450.0                            LAT/LON1/LON2/DLON/H
  216  219  220  221  214  214  212  213  215  220  224  229  232  233  232  228
  223  218  213  208  205  202  199  196  193  191  188  186  184  182  181  179
  178  177  176  175  174  173  172  170  169  168  167  167  167  168  169  171
  171  171  170  168  166  164  162  161  161  162  164  168  172  176  180  184
  186  189  192  193  197  194  203  205  216                                   
    62.5-180.0 180.0   5.0 450.0                            LAT/LON1/LON2/DLON/H
  226  232  234  236  230  231  228  228  228  232  235  238  241  241  238  234
  229  223  219  215  212  210  208  206  204  201  199  196  194  193  191  189
  187  184  182  179  177  175  174  172  170  168  166  166  166  166  167  168
  168  166  164  161  158  155  153  152  152  154  158  163  168  174  180  184
  187  190  193  194  197  196  205  208  226                                   
    60.0-180.0 180.0   5.0 450.0                            LAT/LON1/LON2/DLON/H
  229  238  242  246  242  243  239  238  237  239  240  243  244  243  241  237
  232  227  223  221  219  219  218  217  215  213  211  209  208  206  205  202
  199  195  190  186  183  180  177  174  171  168  166  164  163  163  163  163
  162  160  156  152  148  145  143  142  143  146  150  156  163  169  176  182
  185  188  191  191  195  194  204  208  229                                   
    57.5-180.0 180.0   5.0 450.0                            LAT/LON1/LON2/DLON/H
  227  239  246  251  249  251  248  245  243  243  243  244  244  243  241  237
  233  230  227  226  226  227  227  226  226  224  223  223  223  222  221  218
  213  207  201  196  191  187  183  179  175  170  167  164  162  160  159  158
  156  153  149  144  140  137  135  135  137  140  145  151  158  165  172  178
  181  184  187  186  190  190  200  204  227                                   
    55.0-180.0 180.0   5.0 450.0                            LAT/LON1/LON2/DLON/H
  223  238  247  254  255  258  255  252  248  246  244  243  242  241  239  236
  234  231  230  230  231  233  234  234  235  235  235  236  237  238  237  233
  228  221  213  206  200  195  191  185  180  174  169  165  161  159  156  154
  151  147  143  139  135  132  131  132  134  138  143  148  154  160  167  173
  176  180  183  182  185  187  197  202  223                                   
    52.5-180.0 180.0   5.0 450.0                            LAT/LON1/LON2/DLON/H
  219  237  248  256  260  265  263  259  254  250  246  243  241  239  237  235
  233  232  232  232  234  236  238  240  241  242  244  246  249  250  250  247
  240  232  223  215  209  204  199  193  186  179  172  167  162  158  155  151
  148  144  140  137  134  133  133  134  137  140  143  147  151  155  161  167
  171  176  180  180  183  186  196  201  219                                   
    50.0-180.0 180.0   5.0 450.0                            LAT/LON1/LON2/DLON/H
  219  237  250  260  266  273  272  269  263  258  251  246  243  240  238  236
  235  234  234  234  236  238  241  244  247  249  252  255  258  260  260  256
  249  240  231  223  217  212  207  201  194  186  178  171  165  160  155  151
  148  145  142  140  139  139  140  142  144  146  147  148  149  151  156  162
  167  174  180  181  186  189  200  204  219                                   
    47.5-180.0 180.0   5.0 450.0                            LAT/LON1/LON2/DLON/H
  223  241  254  264  272  281  283  281  276  270  262  255  250  246  243  242
  240  238  237  237  238  241  245  249  253  256  258  262  265  267  267  263
  256  246  237  230  225  221  216  210  202  194  185  178  171  165  159  155
  151  149  148  147  148  149  151  153  155  155  154  151  149  149  152  157
  164  173  181  185  191  196  206  211  223                                   
    45.0-180.0 180.0   5.0 450.0                            LAT/LON1/LON2/DLON/H
  230  247  259  269  279  290  295  295  292  287  278  271  264  259  255  252
  249  246  244  243  244  247  252  257  262  264  266  269  271  273  273  269
  262  253  244  238  233  230  227  221  213  204  195  187  179  173  167  162
  158  157  157  158  159  161  163  165  166  165  161  156  151  148  150  155
  163  174  185  191  199  205  216  220  230                                   
    42.5-180.0 180.0   5.0 450.0                            LAT/LON1/LON2/DLON/H
  239  255  266  276  287  299  306  310  310  307  300  292  284  278  273  268
  264  259  255  253  254  258  264  270  274  276  277  278  279  281  281  278
  271  263  255  249  246  243  240  234  225  216  207  199  191  184  177  172
  168  167  168  169  172  174  176  177  176  173  168  160  154  150  150  156
  164  177  189  199  208  216  227  231  239                                   
    40.0-180.0 180.0   5.0 450.0                            LAT/LON1/LON2/DLON/H
  250  265  274  283  294  306  316  323  327  328  324  317  310  303  296  290
  283  276  270  268  269  274  281  287  291  292  291  290  291  293  294  292
  287  280  273  267  264  261  256  249  241  231  222  213  205  197  190  183
  180  179  179  181  183  185  186  186  184  179  173  165  158  154  154  159
  167  181  194  206  216  225  237  242  250                                   
    37.5-180.0 180.0   5.0 450.0                            LAT/LON1/LON2/DLON/H
  260  276  285  292  301  313  324  334  343  348  348  345  339  332  324  316
  307  298  291  288  289  295  302  308  311  311  309  307  308  311  314  315
  313  307  299  293  288  283  276  268  257  247  237  229  220  211  203  196
  192  190  190  191  193  193  193  191  188  183  177  169  163  160  160  165
  173  186  199  211  222  233  246  252  260                                   
    35.0-180.0 180.0   5.0 450.0                            LAT/LON1/LON2/DLON/H
  271  287  298  302  311  320  331  342  355  365  370  371  369  363  355  345
  334  323  315  312  314  319  325  331  333  332  330  329  332  337  343  347
  347  342  334  325  316  307  297  286  274  262  252  242  233  223  214  207
  202  199  199  199  199  199  197  194  190  185  178  173  168  167  168  173
  180  191  204  216  227  239  253  261  271                                   
    32.5-180.0 180.0   5.0 450.0                            LAT/LON1/LON2/DLON/H
  282  300  313  316  322  330  339  350  365  379  389  396  397  394  387  376
  363  351  342  339  340  344  350  354  355  355  354  355  361  369  379  387
  388  383  372  359  344  330  316  301  286  273  262  252  242  232  222  214
  208  205  203  203  202  201  199  195  190  184  179  175  173  173  176  181
  186  197  207  219  229  244  259  270  282                                   
    30.0-180.0 180.0   5.0 450.0                            LAT/LON1/LON2/DLON/H
  292  312  329  332  338  343  349  359  375  391  406  417  423  423  417  406
  393  380  371  367  367  369  373  375  377  378  380  384  393  406  419  428
  430  423  408  388  367  346  326  308  291  277  266  255  245  235  225  217
  210  206  203  202  202  201  199  195  189  183  178  176  176  178  183  187
  192  201  211  222  232  247  264  279  292                                   
    27.5-180.0 180.0   5.0 450.0                            LAT/LON1/LON2/DLON/H
  302  324  344  350  355  358  362  371  386  404  420  435  446  450  446  436
  423  410  401  395  393  393  394  396  398  401  406  415  427  442  456  465
  465  454  433  405  376  349  325  303  286  272  260  250  240  231  221  213
  207  202  198  197  198  198  197  194  188  182  177  175  177  180  185  190
  194  204  213  224  234  251  269  288  302                                   
    25.0-180.0 180.0   5.0 450.0                            LAT/LON1/LON2/DLON/H
  311  334  356  365  371  374  377  385  399  416  434  452  465  473  473  465
  453  441  430  423  419  417  415  415  418  423  432  443  456  471  484  491
  486  469  440  405  369  336  308  286  269  256  247  238  229  220  212  204
  198  192  189  188  190  193  194  191  186  179  174  172  174  178  183  188
  193  203  214  226  237  254  273  295  311                                   
    22.5-180.0 180.0   5.0 450.0                            LAT/LON1/LON2/DLON/H
  316  339  362  375  383  388  391  399  412  429  446  466  482  493  497  492
  483  471  460  452  445  440  436  436  439  445  455  466  478  490  498  499
  488  463  427  385  344  308  279  258  243  234  227  220  214  206  199  191
  184  178  175  175  179  184  187  187  182  175  169  166  167  171  176  182
  188  200  213  227  239  256  275  300  316                                   
    20.0-180.0 180.0   5.0 450.0                            LAT/LON1/LON2/DLON/H
  316  337  360  376  387  395  400  409  422  439  456  476  495  509  517  517
  510  501  490  481  472  464  459  457  459  466  474  482  489  494  495  489
  471  440  398  352  308  271  244  225  214  208  205  202  197  191  184  177
  169  163  159  159  164  171  177  179  175  169  162  159  159  161  166  172
  179  194  209  226  238  255  274  300  316                                   
    17.5-180.0 180.0   5.0 450.0                            LAT/LON1/LON2/DLON/H
  310  329  349  367  381  393  403  414  428  444  462  482  502  520  532  537
  535  528  520  510  500  490  482  478  479  483  487  489  489  486  479  464
  440  404  359  312  269  234  210  195  188  187  188  187  184  179  172  164
  155  148  143  143  149  157  164  167  165  160  153  149  148  150  154  160
  169  186  203  222  235  251  269  295  310                                   
    15.0-180.0 180.0   5.0 450.0                            LAT/LON1/LON2/DLON/H
  298  315  332  350  368  384  397  411  427  444  461  481  503  523  539  549
  553  551  545  536  525  514  505  499  496  495  493  488  479  468  454  433
  404  366  321  276  237  206  186  175  172  174  178  180  178  173  165  156
  146  136  130  129  134  141  149  154  153  149  144  140  138  139  143  149
  158  177  196  215  229  244  261  285  298                                   
    12.5-180.0 180.0   5.0 450.0                            LAT/LON1/LON2/DLON/H
  284  300  314  332  351  369  386  402  419  436  453  473  495  517  537  552
  562  566  564  557  547  535  524  516  509  502  492  480  465  448  428  404
  373  335  293  253  219  194  178  170  170  174  179  181  180  174  165  153
  141  130  122  119  122  129  136  140  141  138  133  130  128  129  133  139
  148  167  187  206  221  235  251  274  284                                   
    10.0-180.0 180.0   5.0 450.0                            LAT/LON1/LON2/DLON/H
  270  286  299  316  336  354  373  389  407  424  441  459  480  503  525  545
  560  569  572  568  560  549  537  526  515  502  486  468  449  429  408  383
  353  318  281  247  220  201  188  182  181  185  189  190  187  180  169  155
  141  128  118  114  115  119  125  129  130  127  124  121  120  121  125  131
  140  159  177  196  211  226  241  262  270                                   
     7.5-180.0 180.0   5.0 450.0                            LAT/LON1/LON2/DLON/H
  261  279  293  309  327  345  363  378  395  411  426  443  462  483  506  527
  546  560  567  568  562  552  541  528  513  495  476  456  436  417  397  374
