data/edconvlstm_nd/pred2250.15i
     1.0            IONOSPHERE MAPS     GNSS                IONEX VERSION / TYPE
pyspatialgeodesy        IME             05-JAN-18 20:20     PGM / RUN BY / DATE 
Map Name                                                    COMMENT             
Predicted global ionosphere maps (GIM).                     DESCRIPTION         
  2015     8    13     0     0     0                        EPOCH OF FIRST MAP  
  2015     8    14     0     0     0                        EPOCH OF LAST MAP   
  7200                                                      INTERVAL            
    13                                                      # OF MAPS IN FILE   
  NONE                                                      MAPPING FUNCTION    
10.0                                                        ELEVATION CUTOFF    
One-way carrier phase leveled to code                       OBSERVABLES USED    
  6371.0                                                    BASE RADIUS         
 2                                                          MAP DIMENSION       
   450.0 450.0   0.0                                        HGT1 / HGT2 / DHGT  
    87.5 -87.5  -2.5                                        LAT1 / LAT2 / DLAT  
  -180.0 180.0   5.0                                        LON1 / LON2 / DLON  
    -1                                                      EXPONENT            
                                                            END OF HEADER       
[from data line 3003]
     8                                                      START OF TEC MAP    
  2015     8    13    14     0     0                        EPOCH OF CURRENT MAP
    87.5-180.0 180.0   5.0 450.0                            LAT/LON1/LON2/DLON/H
  117  126  124  130  132  132  132  129  130  132  132  132  132  132  132  132
  132  132  132  132  132  132  132  132  132  131  131  131  130  130  129  128
  128  127  126  125  125  124  124  123  123  123  123  122  122  123  123  123
  123  123  123  123  123  123  123  123  123  124  124  124  124  124  124  124
  124  125  123  120  127  122  133  128  117                                   
    85.0-180.0 180.0   5.0 450.0                            LAT/LON1/LON2/DLON/H
  121  127  140  131  131  136  136  137  138  139  138  139  138  138  138  138
  138  138  138  138  138  138  138  138  138  138  138  137  137  136  135  134
  133  133  132  131  130  129  129  128  128  127  127  127  127  127  127  128
  128  128  128  128  128  129  129  129  129  129  129  129  129  129  129  129
  130  131  126  123  122  121  127  127  121                                   
    82.5-180.0 180.0   5.0 450.0                            LAT/LON1/LON2/DLON/H
  111  124  129  124  125  129  131  133  133  134  133  134  133  133  133  133
  133  133  133  133  134  134  135  135  136  136  136  136  136  135  134  133
  132  130  129  128  126  126  125  124  124  124  124  124  124  124  125  125
  125  126  126  126  126  127  126  126  126  126  125  125  124  124  123  123
  123  123  119  118  117  124  119  114  111                                   
    80.0-180.0 180.0   5.0 450.0                            LAT/LON1/LON2/DLON/H
  103  112  120  118  118  119  122  125  126  128  127  128  127  126  126  126
  126  126  126  127  128  129  130  131  132  133  133  133  133  132  131  129
  128  126  124  122  120  119  118  118  118  117  118  118  118  119  119  120
  120  121  121  121  121  121  121  121  120  119  118  117  116  115  114  114
  114  113  111  110  107  111  113  110  103                                   
    77.5-180.0 180.0   5.0 450.0                            LAT/LON1/LON2/DLON/H
  102  106  111  111  112  115  117  120  121  121  120  121  120  119  118  118
  118  118  119  120  122  124  126  128  131  133  134  135  135  134  133  131
  129  127  125  122  121  119  118  118  118  118  118  119  120  120  121  121
  122  122  123  123  123  122  122  121  119  118  116  114  112  109  107  106
  105  104  101  102  102  101  104  105  102                                   
    75.0-180.0 180.0   5.0 450.0                            LAT/LON1/LON2/DLON/H
   92   99  101  104  106  111  112  114  116  117  116  115  114  113  112  111
  111  111  112  114  116  119  122  126  129  132  134  136  137  137  135  134
  132  129  127  125  123  122  121  121  121  121  122  122  123  123  123  123
  123  124  123  123  123  122  121  120  118  116  113  111  108  105  103  101
   99   97   96   93   95   95   98   91   92                                   
    72.5-180.0 180.0   5.0 450.0                            LAT/LON1/LON2/DLON/H
   84   91   93   98   99  105  108  111  111  112  111  111  109  108  106  105
  104  104  106  108  111  115  119  123  128  132  135  137  138  139  138  137
  135  133  131  129  127  127  126  127  127  128  128  128  128  128  128  127
  127  126  126  125  124  123  122  120  118  115  112  109  106  102   99   97
   94   92   90   87   87   89   92   90   84                                   
    70.0-180.0 180.0   5.0 450.0                            LAT/LON1/LON2/DLON/H
   78   83   86   90   92   97  100  103  105  107  106  105  104  102  100   99
   98   98   99  102  105  110  115  120  124  129  133  135  137  138  138  138
  136  135  133  132  131  131  132  133  134  134  135  134  133  132  131  129
  128  126  125  124  123  121  120  118  116  113  110  107  104  100   97   94
   91   88   86   83   83   84   89   87   78                                   
    67.5-180.0 180.0   5.0 450.0                            LAT/LON1/LON2/DLON/H
   72   76   79   83   86   91   95   99  102  104  104  104  103  102  100   99
   98   98   99  101  105  109  114  119  124  128  132  135  137  138  139  139
  138  137  137  136  136  137  138  140  141  142  142  141  139  137  135  132
  130  128  126  125  123  121  120  118  116  114  112  109  106  102   99   96
   92   88   85   81   79   80   83   81   72                                   
    65.0-180.0 180.0   5.0 450.0                            LAT/LON1/LON2/DLON/H
   66   70   71   75   77   83   87   92   95   99  100  101  101  101  100   98
   98   98   99  101  105  109  113  118  122  126  129  132  135  137  138  139
  139  139  139  139  140  142  144  146  148  149  148  147  144  141  138  135
  132  129  127  125  123  121  119  118  116  115  113  111  108  105  101   98
   94   90   86   82   79   79   82   81   66                                   
    62.5-180.0 180.0   5.0 450.0                            LAT/LON1/LON2/DLON/H
   62   63   64   67   69   74   79   84   88   92   95   98   99  100  100  100
   99   99  101  103  106  109  113  117  120  123  126  128  131  134  136  138
  139  140  140  141  142  144  147  150  152  153  152  150  147  143  139  136
  132  130  127  125  123  121  120  118  118  117  116  114  112  108  104  100
   95   90   87   82   78   76   78   78   62                                   
    60.0-180.0 180.0   5.0 450.0                            LAT/LON1/LON2/DLON/H
   59   58   57   60   60   65   70   75   79   84   88   93   96   98   99  100
  100  100  102  103  106  109  112  114  116  119  121  124  127  130  134  136
  138  140  141  142  143  146  148  151  153  155  154  152  148  144  140  136
  133  131  129  127  125  123  121  120  120  119  119  117  115  111  106  101
   95   90   85   80   76   74   76   75   59                                   
    57.5-180.0 180.0   5.0 450.0                            LAT/LON1/LON2/DLON/H
   59   55   54   56   56   59   63   67   71   76   81   87   92   95   98  100
  101  102  103  105  107  109  111  112  114  115  117  120  124  129  133  137
  140  142  143  144  146  148  151  154  156  157  156  154  150  146  143  140
  137  136  134  132  130  128  127  125  125  125  124  122  119  115  108  102
   95   89   84   79   75   72   74   73   59                                   
    55.0-180.0 180.0   5.0 450.0                            LAT/LON1/LON2/DLON/H
   60   55   54   56   54   57   59   62   65   70   75   81   87   92   96   99
  101  102  104  105  107  108  109  110  111  112  114  118  123  128  134  138
  142  145  146  147  149  151  153  156  158  159  158  156  153  149  146  144
  143  142  141  139  138  135  133  132  131  130  129  127  123  117  110  102
   94   87   82   77   74   71   73   72   60                                   
    52.5-180.0 180.0   5.0 450.0                            LAT/LON1/LON2/DLON/H
   65   60   58   60   58   59   60   61   62   66   71   77   84   90   95   98
  101  103  105  106  107  108  108  109  109  110  113  117  123  129  136  141
  145  149  150  152  153  155  158  160  162  162  161  159  156  153  151  150
  150  150  149  148  146  144  141  139  137  136  134  132  127  120  111  102
   93   86   81   76   74   72   75   73   65                                   
    50.0-180.0 180.0   5.0 450.0                            LAT/LON1/LON2/DLON/H
   70   67   66   68   65   65   64   64   64   66   70   76   83   89   95   99
  103  105  107  108  108  108  108  108  109  110  114  119  125  132  138  144
  149  153  156  158  159  162  164  166  168  168  167  164  161  159  158  157
  158  158  158  157  155  152  149  146  143  141  139  136  130  122  113  103
   94   86   81   77   76   75   78   76   70                                   
    47.5-180.0 180.0   5.0 450.0                            LAT/LON1/LON2/DLON/H
   77   76   76   78   75   74   72   71   69   71   74   80   86   92   97  102
  106  109  111  112  112  111  110  110  111  113  117  122  128  135  141  147
  153  157  161  164  167  170  173  175  176  175  174  171  168  166  165  165
  166  167  166  165  162  159  155  152  149  146  143  139  133  125  116  106
   96   89   84   80   79   79   83   81   77                                   
    45.0-180.0 180.0   5.0 450.0                            LAT/LON1/LON2/DLON/H
   83   85   85   88   86   84   82   80   78   79   82   87   92   98  104  109
  113  117  119  119  118  116  114  114  115  118  122  127  133  139  144  150
  156  161  167  172  176  180  183  185  186  185  183  180  177  175  174  174
  174  174  174  172  169  165  161  157  153  150  146  142  136  128  120  110
  101   94   90   85   85   85   89   86   83                                   
    42.5-180.0 180.0   5.0 450.0                            LAT/LON1/LON2/DLON/H
   88   91   91   95   94   93   90   89   88   89   91   96  101  107  113  119
  124  127  129  128  126  123  121  121  122  125  130  134  139  143  147  152
  158  166  173  181  187  193  196  198  198  196  194  190  187  184  183  182
  182  182  180  177  174  170  166  161  157  153  149  145  140  133  125  117
  109  102   97   93   91   91   94   90   88                                   
    40.0-180.0 180.0   5.0 450.0                            LAT/LON1/LON2/DLON/H
   89   93   93   97   97   97   96   96   96   98  101  106  112  118  124  130
  136  140  142  140  137  133  130  129  131  135  139  142  145  148  151  155
  162  171  182  192  200  207  211  212  211  209  206  202  198  195  193  192
  191  189  186  183  179  175  170  166  162  157  153  149  144  138  132  125
  118  111  106  100   97   97   99   93   89                                   
    37.5-180.0 180.0   5.0 450.0                            LAT/LON1/LON2/DLON/H
   88   92   91   95   96   97   97   99  101  105  109  115  121  128  135  142
  149  153  155  153  149  144  140  139  141  145  149  152  153  154  156  161
  169  180  193  205  215  223  226  227  226  223  219  215  210  207  204  202
  200  197  194  190  185  181  177  172  167  162  157  153  149  144  139  133
  127  120  114  108  103  101  102   95   88                                   
    35.0-180.0 180.0   5.0 450.0                            LAT/LON1/LON2/DLON/H
   86   87   85   88   90   92   94   97  101  106  112  120  127  136  144  153
  160  166  168  166  161  155  151  149  151  155  159  161  162  162  164  170
  180  193  208  222  233  240  244  244  242  238  234  229  225  221  217  215
  212  209  205  200  195  190  185  180  174  168  163  158  154  150  145  141
  134  128  121  114  107  104  104   97   86                                   
    32.5-180.0 180.0   5.0 450.0                            LAT/LON1/LON2/DLON/H
   83   83   79   80   82   84   87   91   97  104  111  120  130  140  151  160
  169  175  178  176  171  165  160  158  160  164  169  171  173  173  177  184
  196  211  227  242  253  260  262  262  259  256  251  247  242  237  234  231
  228  224  219  214  208  202  195  188  181  175  169  164  160  156  151  146
  140  133  126  118  111  107  107   99   83                                   
    30.0-180.0 180.0   5.0 450.0                            LAT/LON1/LON2/DLON/H
   81   79   74   73   74   76   79   83   90   97  106  117  128  141  153  164
  174  181  184  183  179  173  168  166  168  173  178  182  185  188  194  203
  217  234  251  265  276  281  283  282  279  275  271  267  262  257  253  249
  246  243  238  231  224  216  207  198  190  182  175  170  165  161  155  150
  143  136  129  120  114  110  110  102   81                                   
    27.5-180.0 180.0   5.0 450.0                            LAT/LON1/LON2/DLON/H
   82   79   72   70   70   71   73   76   82   89   98  110  124  138  152  165
  175  182  187  188  185  180  175  173  175  180  187  194  200  206  215  228
  244  261  277  291  299  304  304  303  300  297  294  289  284  279  275  271
  268  265  259  251  242  231  219  208  197  188  181  176  170  164  158  152
  144  137  129  121  116  114  115  106   82                                   
    25.0-180.0 180.0   5.0 450.0                            LAT/LON1/LON2/DLON/H
   86   83   75   72   70   70   71   71   75   81   90  103  118  134  150  163
  173  181  187  190  188  184  180  178  181  187  196  206  216  227  240  255
  272  290  305  316  323  326  327  325  324  321  318  314  309  303  298  295
  292  288  282  273  260  246  231  217  205  195  187  180  174  167  160  152
  144  136  129  122  119  118  120  112   86                                   
    22.5-180.0 180.0   5.0 450.0                            LAT/LON1/LON2/DLON/H
   92   90   82   78   75   74   72   70   72   77   85   97  113  130  146  159
  170  179  186  190  190  188  185  184  186  194  206  219  234  250  267  284
  301  317  330  339  345  348  349  348  348  346  344  340  334  328  322  318
  315  311  303  292  277  259  241  225  211  200  192  185  178  170  162  153
  144  137  130  124  122  123  125  118   92                                   
    20.0-180.0 180.0   5.0 450.0                            LAT/LON1/LON2/DLON/H
   99   99   91   87   83   81   78   74   73   76   82   94  110  127  143  157
  167  177  184  190  192  191  189  189  193  203  217  234  253  273  293  311
  328  342  353  360  365  368  370  371  371  371  369  364  358  351  344  339
  335  330  322  309  291  270  250  232  217  206  197  190  182  173  164  155
  145  138  132  127  126  127  128  123   99                                   
    17.5-180.0 180.0   5.0 450.0                            LAT/LON1/LON2/DLON/H
  105  107  100   96   93   89   85   80   78   78   83   94  109  126  142  156
  166  176  184  191  194  195  195  196  202  213  230  250  273  296  317  336
  351  363  372  377  382  386  390  392  394  394  391  386  378  370  363  357
  352  345  335  320  301  278  257  238  224  213  204  196  187  178  168  159
  149  142  135  131  130  130  131  126  105                                   
    15.0-180.0 180.0   5.0 450.0                            LAT/LON1/LON2/DLON/H
  109  112  107  104  101   97   93   86   84   83   87   96  110  127  143  156
  167  177  186  193  198  200  202  206  214  227  245  268  292  316  338  356
  370  380  387  392  397  402  407  411  413  412  408  402  393  384  376  369
  362  354  343  326  305  283  262  245  231  221  212  203  193  183  174  165
  155  148  141  136  134  132  131  126  109                                   
    12.5-180.0 180.0   5.0 450.0                            LAT/LON1/LON2/DLON/H
  111  114  109  108  105  101   98   92   90   89   92   99  112  128  144  158
  170  181  190  197  203  206  210  217  228  243  262  286  311  335  356  373
  385  393  399  404  410  416  422  425  426  424  419  411  402  392  383  375
  367  357  343  326  305  284  265  250  239  229  220  210  200  190  180  172
  163  156  148  141  138  133  130  124  111                                   
    10.0-180.0 180.0   5.0 450.0                            LAT/LON1/LON2/DLON/H
  111  112  108  108  106  102  100   95   94   93   96  102  114  129  145  160
  173  185  195  203  209  214  221  231  244  260  281  304  328  352  371  386
  397  403  409  414  420  426  431  434  433  428  421  412  402  392  382  373
  363  352  337  319  300  281  266  255  246  237  227  216  205  195  186  178
  170  163  155  147  141  133  128  122  111                                   
     7.5-180.0 180.0   5.0 450.0                            LAT/LON1/LON2/DLON/H
  109  109  104  104  103   99   98   95   95   95   98  103  114  129  146  162
  177  190  201  210  216  223  232  245  260  279  299  321  344  365  383  396
