data/edconvlstm_nd/pred0960.15i
     1.0            IONOSPHERE MAPS     GNSS                IONEX VERSION / TYPE
pyspatialgeodesy        IME             05-JAN-18 20:20     PGM / RUN BY / DATE 
Map Name                                                    COMMENT             
Predicted global ionosphere maps (GIM).                     DESCRIPTION         
  2015     4     6     0     0     0                        EPOCH OF FIRST MAP  
  2015     4     7     0     0     0                        EPOCH OF LAST MAP   
  7200                                                      INTERVAL            
    13                                                      # OF MAPS IN FILE   
  NONE                                                      MAPPING FUNCTION    
10.0                                                        ELEVATION CUTOFF    
One-way carrier phase leveled to code                       OBSERVABLES USED    
  6371.0                                                    BASE RADIUS         
 2                                                          MAP DIMENSION       
   450.0 450.0   0.0                                        HGT1 / HGT2 / DHGT  
    87.5 -87.5  -2.5                                        LAT1 / LAT2 / DLAT  
  -180.0 180.0   5.0                                        LON1 / LON2 / DLON  
    -1                                                      EXPONENT            
                                                            END OF HEADER       
[from data line 858]
     3                                                      START OF TEC MAP    
  2015     4     6     4     0     0                        EPOCH OF CURRENT MAP
    87.5-180.0 180.0   5.0 450.0                            LAT/LON1/LON2/DLON/H
  193  193  193  196  198  196  194  192  193  193  193  192  191  189  188  186
  184  181  179  177  174  172  170  168  166  164  163  161  160  159  158  158
  158  158  158  158  159  159  160  161  161  162  163  163  164  165  166  166
  167  168  168  168  169  169  169  170  170  170  170  170  171  171  171  172
  174  177  177  180  184  183  182  181  193                                   
    85.0-180.0 180.0   5.0 450.0                            LAT/LON1/LON2/DLON/H
  197  201  195  200  204  203  204  203  204  203  202  201  200  197  195  192
  189  186  183  180  176  173  170  168  165  163  161  159  158  157  156  156
  156  157  158  159  160  162  163  164  166  167  169  170  171  172  174  175
  176  176  177  178  178  178  179  179  179  179  179  179  180  180  180  181
  183  186  185  189  186  186  186  183  197                                   
    82.5-180.0 180.0   5.0 450.0                            LAT/LON1/LON2/DLON/H
  204  206  205  204  206  207  208  208  209  209  207  206  204  201  198  194
  190  185  181  176  171  166  161  157  153  150  147  144  142  141  141  141
  142  144  146  148  151  153  156  159  161  164  166  168  170  172  174  175
  177  178  179  180  180  181  181  181  181  181  182  182  182  182  183  184
  186  187  186  190  193  188  188  179  204                                   
    80.0-180.0 180.0   5.0 450.0                            LAT/LON1/LON2/DLON/H
  205  210  203  203  208  211  214  215  217  217  215  214  211  207  203  198
  192  186  180  174  167  161  155  149  144  139  136  133  131  130  130  131
  133  136  140  144  148  152  156  160  164  167  170  173  176  178  181  183
  184  186  187  188  189  190  190  190  190  190  190  190  190  190  190  192
  193  193  191  194  198  194  200  182  205                                   
    77.5-180.0 180.0   5.0 450.0                            LAT/LON1/LON2/DLON/H
  205  207  204  205  209  212  216  218  220  220  219  217  214  210  205  199
  192  185  178  171  164  157  150  143  137  132  128  125  123  122  122  124
  127  131  136  142  147  153  159  164  169  173  177  180  183  186  188  190
  193  195  196  198  199  200  200  200  200  200  200  200  200  200  201  203
  204  205  201  203  206  200  200  190  205                                   
    75.0-180.0 180.0   5.0 450.0                            LAT/LON1/LON2/DLON/H
  204  207  201  203  206  210  214  216  219  219  217  215  211  206  200  193
  186  179  171  164  158  151  144  138  132  127  122  119  117  116  116  118
  121  126  131  138  144  151  157  163  169  173  178  181  185  188  191  194
  197  200  203  205  207  208  209  209  209  209  208  208  209  210  211  214
  214  216  213  210  210  206  205  198  204                                   
    72.5-180.0 180.0   5.0 450.0                            LAT/LON1/LON2/DLON/H
  202  207  202  201  204  207  211  214  216  216  214  211  205  199  191  183
  176  168  162  157  152  147  142  137  132  127  123  119  116  114  114  115
  118  122  127  133  140  147  154  161  166  172  176  181  185  189  193  198
  203  207  211  215  218  220  221  221  220  220  219  219  219  220  221  224
  226  228  227  225  221  215  211  206  202                                   
    70.0-180.0 180.0   5.0 450.0                            LAT/LON1/LON2/DLON/H
  208  208  203  201  202  203  206  209  211  210  207  203  195  186  177  168
  160  153  149  145  143  141  138  135  132  128  123  118  115  112  110  109
  110  113  117  123  129  135  142  148  155  161  166  172  177  183  190  197
  204  211  217  223  227  230  231  231  230  228  226  225  225  225  227  230
  233  235  235  235  232  226  223  219  208                                   
    67.5-180.0 180.0   5.0 450.0                            LAT/LON1/LON2/DLON/H
  210  210  203  199  198  198  201  203  205  203  199  194  184  174  162  152
  144  138  136  135  135  136  136  135  132  128  124  119  114  109  105  102
  101  102  104  107  112  118  124  131  137  144  151  158  165  174  183  193
  203  213  223  230  236  240  241  240  239  236  234  232  230  229  230  232
  235  237  239  239  237  233  230  229  210                                   
    65.0-180.0 180.0   5.0 450.0                            LAT/LON1/LON2/DLON/H
  215  212  204  198  194  193  195  197  199  197  192  186  175  163  150  139
  131  127  125  126  129  131  132  132  131  127  123  117  111  105   99   95
   91   89   89   91   94   99  105  112  120  128  136  145  155  166  179  192
  206  219  231  241  248  252  253  253  250  247  244  241  238  236  235  236
  238  239  240  241  242  240  237  237  215                                   
    62.5-180.0 180.0   5.0 450.0                            LAT/LON1/LON2/DLON/H
  221  216  207  198  193  190  191  192  194  191  187  180  169  156  144  133
  125  120  120  121  124  126  128  128  126  123  118  113  106  100   93   87
   81   77   76   76   78   83   89   96  105  114  125  136  148  162  177  194
  210  227  241  253  261  266  268  268  265  262  258  255  251  248  245  244
  243  243  243  244  246  245  243  243  221                                   
    60.0-180.0 180.0   5.0 450.0                            LAT/LON1/LON2/DLON/H
  229  221  211  199  193  187  187  187  188  185  180  174  164  153  141  130
  123  119  117  118  119  120  120  119  117  114  110  105   99   93   86   79
   73   68   65   65   67   71   77   85   95  106  118  132  146  162  180  198
  218  236  253  266  276  282  285  285  283  280  277  274  270  265  261  258
  254  250  250  249  252  250  249  246  229                                   
    57.5-180.0 180.0   5.0 450.0                            LAT/LON1/LON2/DLON/H
  241  231  220  204  197  189  185  183  182  178  174  168  160  151  141  132
  125  121  118  117  116  114  112  110  107  104  100   97   93   87   81   75
   69   63   60   59   61   66   73   82   92  104  118  133  149  167  186  206
  227  247  265  281  292  299  303  305  304  302  300  298  294  289  284  278
  271  265  262  259  261  258  257  251  241                                   
    55.0-180.0 180.0   5.0 450.0                            LAT/LON1/LON2/DLON/H
  257  246  233  215  206  195  188  182  179  173  168  163  157  150  142  135
  129  125  121  118  114  110  106  102   99   96   94   91   89   85   80   74
   68   63   60   60   62   67   75   84   95  108  122  138  155  174  194  216
  238  260  279  296  309  318  323  326  327  327  327  325  322  318  311  304
  294  285  279  273  273  269  268  261  257                                   
    52.5-180.0 180.0   5.0 450.0                            LAT/LON1/LON2/DLON/H
  277  266  251  232  222  208  198  187  179  170  164  159  154  149  144  139
  134  130  125  121  116  111  106  101   98   95   93   92   90   87   83   78
   73   69   66   66   69   75   82   92  103  116  131  147  164  184  205  227
  250  273  294  312  326  337  344  348  351  353  354  353  352  347  341  332
  320  310  301  292  290  285  283  276  277                                   
    50.0-180.0 180.0   5.0 450.0                            LAT/LON1/LON2/DLON/H
  300  289  273  255  243  228  214  199  186  173  164  158  154  150  147  143
  139  134  130  126  122  117  112  108  105  102  101   99   97   95   91   87
   82   79   77   78   81   86   94  103  114  126  141  157  175  195  217  240
  264  288  310  329  344  355  363  369  373  375  377  378  377  373  367  358
  346  335  325  313  309  304  301  296  300                                   
    47.5-180.0 180.0   5.0 450.0                            LAT/LON1/LON2/DLON/H
  323  314  298  282  268  252  235  216  199  182  170  163  158  154  151  146
  142  139  136  133  131  129  126  123  120  118  115  113  110  107  103   98
   94   91   90   91   94   99  106  114  125  137  151  168  186  207  230  254
  279  303  326  345  360  372  380  386  390  393  394  395  394  390  384  376
  365  355  345  333  328  323  320  317  323                                   
    45.0-180.0 180.0   5.0 450.0                            LAT/LON1/LON2/DLON/H
  343  336  322  309  293  277  260  238  217  197  182  173  166  161  156  150
  146  143  142  143  145  146  146  144  141  138  134  130  125  120  115  111
  107  104  103  104  107  112  117  125  134  146  161  178  198  220  244  269
  295  319  342  361  375  386  394  399  402  404  404  404  402  398  392  385
  377  368  359  349  343  339  336  336  343                                   
    42.5-180.0 180.0   5.0 450.0                            LAT/LON1/LON2/DLON/H
  357  351  340  330  314  300  283  261  238  216  199  187  179  171  163  155
  150  148  150  155  161  166  168  167  164  159  153  146  140  134  128  123
  119  116  115  116  118  121  126  132  141  153  169  188  210  233  258  284
  310  335  357  375  389  399  406  410  413  413  412  410  407  402  396  390
  383  377  369  361  355  350  348  351  357                                   
    40.0-180.0 180.0   5.0 450.0                            LAT/LON1/LON2/DLON/H
  364  357  347  340  326  314  299  279  258  235  217  204  194  183  172  162
  155  155  161  170  179  187  190  188  184  177  169  161  153  146  140  135
  131  129  127  126  126  128  132  137  146  159  177  197  221  246  272  298
  325  349  370  388  402  412  420  424  427  427  425  421  416  411  404  398
  391  385  379  373  367  362  360  362  364                                   
    37.5-180.0 180.0   5.0 450.0                            LAT/LON1/LON2/DLON/H
  366  356  346  338  328  317  304  289  270  250  233  220  209  196  183  170
  164  165  174  186  198  205  208  205  198  190  181  173  165  158  153  149
  145  142  139  136  134  134  136  141  150  165  184  206  231  257  284  311
  337  361  382  401  416  428  438  445  448  449  448  444  439  432  424  417
  409  402  396  389  383  378  376  374  366                                   
    35.0-180.0 180.0   5.0 450.0                            LAT/LON1/LON2/DLON/H
  369  355  341  329  321  311  300  289  274  258  243  232  221  208  193  180
  175  178  189  202  214  220  220  215  207  199  192  185  178  173  169  165
  161  157  151  146  142  140  140  144  154  169  190  214  240  267  293  320
  346  370  392  413  431  448  462  472  479  483  484  483  479  473  466  457
  447  437  428  417  410  405  401  392  369                                   
    32.5-180.0 180.0   5.0 450.0                            LAT/LON1/LON2/DLON/H
  380  362  343  324  316  304  292  283  272  259  248  238  229  216  203  191
  187  192  204  218  227  230  227  221  214  208  204  200  196  191  188  184
  179  173  166  158  151  147  145  148  157  173  195  220  247  274  300  326
  352  377  400  424  447  469  489  505  518  527  533  538  541  542  538  532
  519  503  488  467  454  447  437  423  380                                   
    30.0-180.0 180.0   5.0 450.0                            LAT/LON1/LON2/DLON/H
  407  386  361  333  323  307  291  282  271  260  250  242  234  224  212  203
  201  207  218  230  236  235  231  226  223  222  222  221  218  214  210  205
  199  192  182  172  162  155  150  151  159  175  198  224  252  278  303  329
  355  380  406  434  463  492  519  541  559  573  586  600  614  627  636  638
  629  611  585  549  525  508  487  468  407                                   
    27.5-180.0 180.0   5.0 450.0                            LAT/LON1/LON2/DLON/H
  455  433  399  364  349  330  308  294  281  269  258  250  242  233  223  217
  215  221  230  238  240  239  236  236  239  244  248  249  246  241  236  230
  223  213  201  187  174  163  156  154  161  176  199  226  254  280  305  330
  357  384  413  445  480  516  549  577  600  620  638  659  683  708  730  744
  744  731  702  655  619  589  555  530  455                                   
    25.0-180.0 180.0   5.0 450.0                            LAT/LON1/LON2/DLON/H
  526  504  461  419  398  376  348  328  311  295  280  269  259  250  241  234
  232  235  240  243  244  244  248  255  267  278  284  285  281  274  266  257
  246  233  217  199  183  168  158  154  159  174  197  225  254  281  307  333
  361  390  423  459  500  541  580  613  640  662  685  709  739  771  802  824
  833  827  802  755  714  678  637  606  526                                   
    22.5-180.0 180.0   5.0 450.0                            LAT/LON1/LON2/DLON/H
  615  594  542  494  466  443  410  385  364  343  323  306  292  279  268  258
  252  249  249  250  251  257  269  288  307  323  330  328  319  308  295  281
  265  246  226  205  186  168  156  149  153  167  192  221  252  281  310  339
  369  402  437  477  521  566  607  643  672  696  720  746  776  810  843  869
  885  888  872  832  793  760  725  688  615                                   
    20.0-180.0 180.0   5.0 450.0                            LAT/LON1/LON2/DLON/H
  713  690  631  579  543  519  485  459  435  412  387  364  343  325  307  291
  278  268  262  261  265  279  303  332  359  375  378  370  354  336  316  295
  273  249  226  203  182  163  148  139  141  156  182  214  248  281  314  346
  381  417  455  498  543  588  629  663  693  718  742  768  796  826  856  880
  899  909  904  878  846  822  804  763  713                                   
    17.5-180.0 180.0   5.0 450.0                            LAT/LON1/LON2/DLON/H
  802  776  714  659  617  594  562  538  516  492  465  437  411  385  360  335
  312  294  283  280  290  313  348  386  414  426  421  403  378  350  322  295
  269  243  218  195  172  153  136  127  128  143  170  206  244  282  319  356
  394  434  475  518  562  604  641  673  701  726  751  776  802  828  851  870
  886  899  904  894  871  856  857  819  802                                   
    15.0-180.0 180.0   5.0 450.0                            LAT/LON1/LON2/DLON/H
  864  836  778  724  678  656  629  608  590  569  543  515  485  454  420  386
  353  327  312  310  325  357  400  440  465  467  449  418  383  347  314  284
  256  230  206  183  162  143  126  116  117  131  160  199  241  283  324  366
  408  451  494  536  576  613  646  673  698  722  746  772  797  819  838  852
  866  878  890  891  880  868  879  854  864                                   
    12.5-180.0 180.0   5.0 450.0                            LAT/LON1/LON2/DLON/H
  897  868  818  767  720  698  675  659  645  627  605  580  551  518  480  438
  399  368  350  350  370  407  451  486  500  487  454  412  369  329  295  266
  240  216  194  173  155  137  121  111  111  125  155  195  240  285  330  374
  419  463  506  547  583  615  643  666  687  709  733  758  783  804  821  834
  847  858  873  882  880  871  881  872  897                                   
    10.0-180.0 180.0   5.0 450.0                            LAT/LON1/LON2/DLON/H
  908  878  837  790  744  722  701  686  673  657  638  618  594  564  526  484
  442  411  394  397  419  455  492  514  511  481  435  385  340  304  274  248
  226  205  186  169  152  137  122  111  110  124  153  193  239  285  331  376
  422  467  510  549  582  612  637  658  677  697  718  742  765  786  802  815
  828  840  856  870  875  868  875  879  908                                   
     7.5-180.0 180.0   5.0 450.0                            LAT/LON1/LON2/DLON/H
  905  878  843  798  755  731  708  691  676  658  640  623  605  582  551  514
  477  449  436  441  461  490  513  516  494  449  396  346  307  278  254  234
