data/edconvlstm_nd/pred0620.15i
     1.0            IONOSPHERE MAPS     GNSS                IONEX VERSION / TYPE
pyspatialgeodesy        IME             05-JAN-18 20:20     PGM / RUN BY / DATE 
Map Name                                                    COMMENT             
Predicted global ionosphere maps (GIM).                     DESCRIPTION         
  2015     3     3     0     0     0                        EPOCH OF FIRST MAP  
  2015     3     4     0     0     0                        EPOCH OF LAST MAP   
  7200                                                      INTERVAL            
    13                                                      # OF MAPS IN FILE   
  NONE                                                      MAPPING FUNCTION    
10.0                                                        ELEVATION CUTOFF    
One-way carrier phase leveled to code                       OBSERVABLES USED    
  6371.0                                                    BASE RADIUS         
 2                                                          MAP DIMENSION       
   450.0 450.0   0.0                                        HGT1 / HGT2 / DHGT  
    87.5 -87.5  -2.5                                        LAT1 / LAT2 / DLAT  
  -180.0 180.0   5.0                                        LON1 / LON2 / DLON  
    -1                                                      EXPONENT            
                                                            END OF HEADER       
[from data line 858]
     3                                                      START OF TEC MAP    
  2015     3     3     4     0     0                        EPOCH OF CURRENT MAP
    87.5-180.0 180.0   5.0 450.0                            LAT/LON1/LON2/DLON/H
  119  119  119  123  123  120  118  117  118  120  121  122  123  124  124  123
  123  122  120  118  116  114  111  109  106  104  102   99   98   96   94   93
   92   91   91   90   90   90   91   91   92   93   94   95   96   98   99  101
  103  105  106  108  109  111  112  113  114  115  115  115  116  115  115  115
  116  117  116  116  121  123  126  121  119                                   
    85.0-180.0 180.0   5.0 450.0                            LAT/LON1/LON2/DLON/H
  116  126  117  121  123  121  121  121  122  124  124  126  127  128  128  127
  126  124  122  120  117  114  111  108  104  101   98   96   94   92   90   89
   88   88   88   88   88   89   90   91   93   94   96   98  101  103  106  108
  111  113  116  118  120  123  124  126  127  129  129  130  130  130  129  129
  130  131  127  129  125  125  126  120  116                                   
    82.5-180.0 180.0   5.0 450.0                            LAT/LON1/LON2/DLON/H
  120  121  123  119  117  116  116  116  118  120  122  125  126  128  128  128
  126  124  121  118  114  109  105  100   95   91   87   84   81   78   77   76
   75   75   76   77   78   80   82   84   87   90   93   96   99  103  106  110
  114  117  121  125  128  132  135  138  140  142  143  144  145  145  144  144
  143  143  139  139  141  130  124  116  120                                   
    80.0-180.0 180.0   5.0 450.0                            LAT/LON1/LON2/DLON/H
  129  124  116  111  109  106  108  109  111  114  117  121  124  126  128  128
  126  124  120  115  110  104   98   91   85   80   75   71   68   65   64   64
   64   65   67   69   72   75   78   81   84   88   92   96  100  104  108  113
  118  123  128  133  138  143  148  152  156  159  161  163  164  164  164  164
  163  160  156  154  155  145  143  126  129                                   
    77.5-180.0 180.0   5.0 450.0                            LAT/LON1/LON2/DLON/H
  142  132  121  114  105  102  102  102  105  107  110  116  120  123  125  126
  125  122  118  113  107  100   93   87   80   74   69   65   63   61   61   62
   64   67   70   74   78   81   85   89   93   97  101  104  109  113  118  123
  129  135  141  148  154  161  167  173  178  182  185  188  190  191  192  192
  191  189  183  181  178  164  158  147  142                                   
    75.0-180.0 180.0   5.0 450.0                            LAT/LON1/LON2/DLON/H
  160  150  134  124  111  104  101   98   99  101  104  109  113  116  118  118
  118  115  112  108  103   97   90   84   78   72   68   65   64   63   65   67
   70   74   78   82   86   90   94   98  101  104  107  111  114  119  124  129
  136  143  151  159  167  175  183  190  196  201  206  209  212  214  216  218
  217  216  213  206  202  192  185  175  160                                   
    72.5-180.0 180.0   5.0 450.0                            LAT/LON1/LON2/DLON/H
  186  178  160  144  128  118  111  106  104  104  105  108  111  112  113  113
  112  111  109  106  103   99   95   90   85   81   78   76   75   76   78   82
   86   90   95   99  103  106  109  112  114  117  119  122  126  130  136  143
  151  160  169  179  189  198  206  213  220  225  229  232  235  237  240  243
  243  244  244  240  236  224  216  207  186                                   
    70.0-180.0 180.0   5.0 450.0                            LAT/LON1/LON2/DLON/H
  221  211  192  170  150  134  123  114  110  106  104  105  104  103  102  101
  100   99   99  100  100   99   98   95   92   90   87   86   87   88   91   95
   99  103  107  110  113  115  117  118  119  120  122  125  129  134  141  150
  160  171  183  194  205  215  224  231  237  241  245  248  250  252  254  258
  260  262  264  263  262  254  248  239  221                                   
    67.5-180.0 180.0   5.0 450.0                            LAT/LON1/LON2/DLON/H
  245  238  218  194  172  152  137  125  117  110  105  102   98   94   91   88
   87   87   90   93   97  100  101  102  100   99   97   97   97   99  102  105
  109  112  114  115  116  116  115  115  115  115  117  120  125  132  142  153
  166  180  194  207  220  230  239  245  250  253  255  257  258  259  260  263
  265  268  271  272  274  269  265  260  245                                   
    65.0-180.0 180.0   5.0 450.0                            LAT/LON1/LON2/DLON/H
  263  259  239  215  193  171  154  139  129  119  110  104   97   90   84   79
   78   79   84   90   96  102  106  108  108  107  105  104  104  106  108  111
  113  114  114  113  111  110  108  106  106  106  108  112  119  129  141  155
  171  188  205  220  234  245  253  259  263  265  266  267  267  266  266  266
  267  269  272  273  277  275  274  271  263                                   
    62.5-180.0 180.0   5.0 450.0                            LAT/LON1/LON2/DLON/H
  272  270  254  231  211  189  170  154  142  129  118  108   98   89   81   76
   74   76   81   89   97  104  109  111  110  108  106  104  104  105  106  108
  109  108  107  104  101   98   95   93   92   93   96  102  110  122  137  155
  175  195  214  231  246  257  266  272  276  278  279  279  278  276  274  272
  270  269  270  270  273  272  273  273  272                                   
    60.0-180.0 180.0   5.0 450.0                            LAT/LON1/LON2/DLON/H
  273  273  260  239  223  203  183  167  152  137  123  111  100   89   81   75
   74   76   81   88   96  102  106  106  104  100   97   95   94   95   96   97
   97   96   93   90   86   83   80   78   78   79   83   90  100  114  132  153
  175  198  219  238  254  267  276  283  288  291  293  294  293  291  287  283
  277  272  270  266  267  265  268  267  273                                   
    57.5-180.0 180.0   5.0 450.0                            LAT/LON1/LON2/DLON/H
  274  275  265  246  233  214  195  177  161  144  128  114  102   91   83   78
   76   77   82   87   92   96   97   95   92   87   83   80   80   81   82   83
   83   82   79   76   73   71   68   67   66   68   72   80   92  108  128  151
  175  200  224  245  262  277  287  296  303  308  312  314  315  313  309  303
  294  285  278  270  268  262  264  265  274                                   
    55.0-180.0 180.0   5.0 450.0                            LAT/LON1/LON2/DLON/H
  279  280  272  254  245  227  208  188  169  149  131  116  103   93   86   81
   80   80   82   84   86   86   85   81   76   71   67   65   65   66   68   70
   70   70   69   67   65   63   62   61   60   62   67   75   88  105  126  151
  177  203  228  251  270  286  299  310  319  327  333  338  341  340  336  329
  318  306  297  284  278  268  269  269  279                                   
    52.5-180.0 180.0   5.0 450.0                            LAT/LON1/LON2/DLON/H
  293  293  285  269  261  244  224  201  178  154  133  117  104   95   89   86
   84   82   81   80   78   76   72   67   62   58   55   53   54   56   59   61
   62   63   63   63   64   63   62   61   61   62   67   75   89  107  129  155
  182  209  235  259  280  298  313  326  337  347  355  362  367  368  366  360
  349  336  324  308  299  284  283  283  293                                   
    50.0-180.0 180.0   5.0 450.0                            LAT/LON1/LON2/DLON/H
  315  313  304  290  283  266  245  218  190  162  138  120  107   99   94   90
   88   84   80   76   71   67   63   58   54   51   50   50   51   53   55   58
   60   61   63   66   68   69   69   68   67   67   72   81   96  115  138  164
  191  219  246  271  293  313  329  343  355  366  375  383  389  392  392  388
  379  367  356  339  327  310  307  307  315                                   
    47.5-180.0 180.0   5.0 450.0                            LAT/LON1/LON2/DLON/H
  340  338  327  316  307  291  268  238  206  174  146  126  112  104   99   95
   91   86   80   74   68   64   60   57   55   54   54   54   55   57   58   60
   62   64   68   72   76   79   79   78   76   77   82   92  108  129  153  179
  207  234  261  286  309  329  346  360  371  381  388  395  401  405  407  406
  401  393  383  369  357  340  336  335  340                                   
    45.0-180.0 180.0   5.0 450.0                            LAT/LON1/LON2/DLON/H
  362  360  349  339  330  314  291  259  224  189  159  137  121  111  105  101
   96   90   84   77   72   69   67   66   66   66   66   66   66   66   65   66
   67   70   75   80   85   89   90   88   87   89   95  107  124  147  172  199
  226  252  279  303  326  345  361  374  383  389  393  397  402  406  410  412
  410  406  400  390  380  367  362  360  362                                   
    42.5-180.0 180.0   5.0 450.0                            LAT/LON1/LON2/DLON/H
  375  371  360  352  343  328  306  276  241  205  174  150  133  121  113  108
  103   97   92   87   85   83   83   83   84   84   84   82   80   77   74   73
   73   76   82   88   94   97   98   98   98  101  109  123  143  167  193  220
  246  272  296  320  341  360  374  384  390  393  394  395  397  401  405  409
  410  409  407  401  395  385  380  376  375                                   
    40.0-180.0 180.0   5.0 450.0                            LAT/LON1/LON2/DLON/H
  375  367  356  348  340  327  309  283  252  219  190  165  146  133  124  117
  113  109  107  106  106  107  108  108  107  105  102   98   93   88   83   81
   81   83   88   94   99  103  105  105  107  112  123  140  162  188  215  241
  266  289  312  334  355  372  386  394  397  397  395  394  395  399  404  409
  412  412  411  407  403  395  391  383  375                                   
    37.5-180.0 180.0   5.0 450.0                            LAT/LON1/LON2/DLON/H
  367  352  338  327  322  311  296  276  253  226  200  178  159  145  135  129
  126  126  128  131  135  137  137  134  129  124  118  111  104   98   93   90
   89   91   95   99  104  107  109  110  114  122  135  155  179  206  233  258
  281  303  325  346  366  383  397  405  408  407  404  403  405  410  417  424
  426  425  423  418  414  407  400  387  367                                   
    35.0-180.0 180.0   5.0 450.0                            LAT/LON1/LON2/DLON/H
  359  336  318  300  294  283  271  258  242  224  204  186  169  154  145  140
  140  144  151  159  165  167  164  157  148  139  130  123  116  109  104  101
  100  101  103  106  109  111  113  116  121  131  146  168  193  220  247  271
  292  312  333  354  375  394  410  420  425  426  427  429  434  443  453  461
  462  458  453  443  437  428  417  398  359                                   
    32.5-180.0 180.0   5.0 450.0                            LAT/LON1/LON2/DLON/H
  364  334  308  280  271  257  245  236  226  215  202  188  174  161  153  150
  153  161  173  185  192  191  184  173  161  151  143  136  131  125  121  117
  116  115  116  117  118  118  120  123  129  139  156  178  203  230  255  278
  298  317  337  360  383  406  426  441  451  457  463  472  485  501  516  525
  525  517  507  489  480  466  449  424  364                                   
    30.0-180.0 180.0   5.0 450.0                            LAT/LON1/LON2/DLON/H
  394  356  319  282  265  246  230  221  214  206  197  187  175  165  159  158
  163  174  188  201  207  204  195  182  171  164  160  157  155  151  147  144
  141  139  137  135  133  132  131  133  137  147  162  184  209  235  259  280
  299  318  340  365  393  421  447  468  485  500  515  534  557  582  604  617
  616  603  585  558  545  526  498  471  394                                   
    27.5-180.0 180.0   5.0 450.0                            LAT/LON1/LON2/DLON/H
  453  410  360  313  287  261  238  224  215  207  198  188  176  167  163  163
  168  178  192  204  208  205  196  188  183  184  187  191  193  192  189  184
  179  174  168  162  155  150  146  145  147  153  167  186  210  236  260  281
  300  320  344  372  405  440  473  502  528  552  577  607  641  677  707  724
  723  708  684  650  631  607  567  539  453                                   
    25.0-180.0 180.0   5.0 450.0                            LAT/LON1/LON2/DLON/H
  544  497  432  376  340  308  277  254  238  225  211  197  183  173  168  166
  169  176  186  194  198  197  194  195  202  215  229  242  250  252  247  238
  227  216  204  191  179  169  162  156  154  157  168  185  209  235  259  281
  302  325  353  386  425  466  507  544  578  610  643  681  723  766  802  824
  827  814  789  753  730  705  657  628  544                                   
    22.5-180.0 180.0   5.0 450.0                            LAT/LON1/LON2/DLON/H
  656  611  533  471  423  386  345  312  287  266  244  222  202  187  178  173
  170  171  175  180  185  188  196  210  233  260  287  308  321  322  312  295
  276  255  235  215  198  184  173  164  158  158  166  182  206  234  261  286
  310  337  370  409  453  501  547  590  630  668  705  745  788  834  872  897
  905  899  881  852  827  805  761  730  656                                   
    20.0-180.0 180.0   5.0 450.0                            LAT/LON1/LON2/DLON/H
  771  731  649  586  528  486  438  397  362  331  299  267  238  216  200  188
  177  170  168  171  177  189  208  238  277  318  354  379  390  386  367  339
  308  278  250  226  206  190  178  166  157  154  161  178  204  235  266  295
  324  356  395  439  488  539  589  635  678  716  752  789  829  871  908  934
  948  951  945  929  906  889  859  830  771                                   
    17.5-180.0 180.0   5.0 450.0                            LAT/LON1/LON2/DLON/H
  867  834  760  702  638  595  543  497  455  415  374  332  293  262  238  217
  198  184  177  178  187  206  238  282  334  382  419  439  441  425  394  354
  313  276  245  221  202  188  175  163  152  148  154  173  203  238  273  307
  342  380  423  472  523  575  626  672  712  747  779  810  843  879  911  937
  955  967  975  974  958  944  930  908  867                                   
    15.0-180.0 180.0   5.0 450.0                            LAT/LON1/LON2/DLON/H
  928  905  847  797  734  694  646  600  554  509  461  412  365  326  294  265
  239  219  208  209  222  248  289  342  397  441  468  474  461  431  388  339
  293  256  228  207  193  182  171  158  146  141  147  168  201  240  280  319
  358  401  449  500  552  603  650  693  730  760  786  810  835  863  890  914
  936  954  974  986  980  967  964  951  928                                   
    12.5-180.0 180.0   5.0 450.0                            LAT/LON1/LON2/DLON/H
  953  939  900  861  805  771  729  688  644  598  548  496  446  402  365  332
  301  278  267  269  286  316  360  411  456  486  494  481  451  408  357  307
  264  232  211  197  188  179  169  155  142  135  142  164  199  241  284  327
  370  418  468  520  570  617  659  697  729  754  775  794  814  836  858  879
  903  925  953  974  976  965  967  961  953                                   
    10.0-180.0 180.0   5.0 450.0                            LAT/LON1/LON2/DLON/H
  951  947  925  894  848  820  785  751  712  669  622  572  524  480  443  410
  380  358  350  355  374  403  440  477  503  511  497  465  421  371  320  275
  241  217  203  195  190  183  171  156  141  134  140  163  198  240  284  329
  376  425  477  528  574  616  653  686  713  736  754  772  790  810  828  848
  871  894  925  950  959  948  952  949  951                                   
     7.5-180.0 180.0   5.0 450.0                            LAT/LON1/LON2/DLON/H
  936  941  931  907  869  847  817  788  754  715  672  628  586  548  515  487
  462  446  443  453  470  492  512  528  531  515  481  435  384  335  291  256
