data/edconvlstm_nd/pred3440.15i
     1.0            IONOSPHERE MAPS     GNSS                IONEX VERSION / TYPE
pyspatialgeodesy        IME             05-JAN-18 20:20     PGM / RUN BY / DATE 
Map Name                                                    COMMENT             
Predicted global ionosphere maps (GIM).                     DESCRIPTION         
  2015    12    10     0     0     0                        EPOCH OF FIRST MAP  
  2015    12    11     0     0     0                        EPOCH OF LAST MAP   
  7200                                                      INTERVAL            
    13                                                      # OF MAPS IN FILE   
  NONE                                                      MAPPING FUNCTION    
10.0                                                        ELEVATION CUTOFF    
One-way carrier phase leveled to code                       OBSERVABLES USED    
  6371.0                                                    BASE RADIUS         
 2                                                          MAP DIMENSION       
   450.0 450.0   0.0                                        HGT1 / HGT2 / DHGT  
    87.5 -87.5  -2.5                                        LAT1 / LAT2 / DLAT  
  -180.0 180.0   5.0                                        LON1 / LON2 / DLON  
    -1                                                      EXPONENT            
                                                            END OF HEADER       
[from data line 3432]
     9                                                      START OF TEC MAP    
  2015    12    10    16     0     0                        EPOCH OF CURRENT MAP
    87.5-180.0 180.0   5.0 450.0                            LAT/LON1/LON2/DLON/H
   54   61   63   65   69   67   67   63   64   66   65   66   66   67   67   67
   67   67   67   67   66   66   65   65   64   64   63   63   62   62   61   61
   60   60   59   59   58   58   58   57   57   57   57   57   57   57   58   58
   58   59   59   59   60   60   60   61   61   61   61   62   62   62   62   62
   63   63   59   56   58   60   74   77   54                                   
    85.0-180.0 180.0   5.0 450.0                            LAT/LON1/LON2/DLON/H
   58   66   80   63   65   68   67   67   67   69   69   69   69   70   70   71
   71   71   72   72   72   71   71   71   70   70   69   69   68   68   67   66
   66   65   64   63   63   62   61   61   61   60   60   60   60   60   60   61
   61   62   62   63   63   64   64   64   65   65   66   66   66   66   67   67
   68   67   62   58   62   64   71   66   58                                   
    82.5-180.0 180.0   5.0 450.0                            LAT/LON1/LON2/DLON/H
   44   53   62   53   56   58   58   59   59   60   61   62   62   63   64   64
   65   66   66   66   66   66   66   65   65   64   63   63   62   61   60   59
   58   57   56   55   54   53   52   51   50   50   50   49   49   50   50   51
   51   52   52   53   53   54   54   55   55   56   56   57   57   57   57   58
   58   57   54   51   58   66   64   61   44                                   
    80.0-180.0 180.0   5.0 450.0                            LAT/LON1/LON2/DLON/H
   32   40   52   45   49   47   50   50   52   53   54   56   57   58   59   61
   62   63   63   64   64   64   63   62   61   60   59   58   57   56   55   54
   53   51   50   48   47   45   44   43   42   41   41   41   41   42   43   44
   45   46   47   48   48   49   49   50   50   51   51   51   52   52   52   52
   52   52   51   50   50   58   54   58   32                                   
    77.5-180.0 180.0   5.0 450.0                            LAT/LON1/LON2/DLON/H
   41   42   42   36   39   39   41   42   44   45   46   49   51   54   56   58
   60   61   63   63   64   63   62   61   60   58   57   55   53   52   51   49
   48   46   44   42   39   37   34   32   31   30   30   30   31   32   34   35
   37   39   40   41   42   43   43   44   44   44   44   44   44   44   45   44
   45   44   43   42   41   44   47   50   41                                   
    75.0-180.0 180.0   5.0 450.0                            LAT/LON1/LON2/DLON/H
   28   33   33   31   35   35   36   37   40   42   44   47   49   53   56   59
   62   64   66   67   67   67   66   64   62   60   58   56   54   52   51   49
   47   45   43   40   37   34   31   28   26   26   25   26   28   30   32   34
   37   39   41   42   43   44   44   44   43   43   43   44   44   44   44   44
   44   44   43   42   41   40   39   35   28                                   
    72.5-180.0 180.0   5.0 450.0                            LAT/LON1/LON2/DLON/H
   33   35   32   31   32   32   34   35   37   38   40   43   47   51   55   59
   63   67   69   71   72   72   70   68   65   62   59   56   53   51   50   48
   46   44   41   38   34   30   26   23   20   19   19   20   22   25   28   31
   34   37   39   40   40   40   40   39   39   38   38   38   39   39   39   39
   39   39   38   36   36   36   36   37   33                                   
    70.0-180.0 180.0   5.0 450.0                            LAT/LON1/LON2/DLON/H
   31   34   34   33   34   33   34   35   39   41   43   47   50   55   60   66
   71   76   80   83   84   85   83   81   77   73   69   65   61   59   57   55
   53   50   47   43   38   33   28   24   21   20   20   22   24   27   31   34
   38   40   42   43   42   42   41   40   39   39   39   40   40   41   42   42
   42   42   41   39   39   39   42   42   31                                   
    67.5-180.0 180.0   5.0 450.0                            LAT/LON1/LON2/DLON/H
   34   36   35   35   36   36   38   39   41   43   45   49   54   59   65   72
   78   85   90   94   96   97   96   94   90   84   79   74   69   66   63   61
   58   55   51   46   41   35   29   24   22   20   21   23   25   29   32   36
   39   41   42   42   41   39   38   37   36   36   37   38   40   41   42   43
   43   42   41   38   38   38   39   38   34                                   
    65.0-180.0 180.0   5.0 450.0                            LAT/LON1/LON2/DLON/H
   32   36   35   37   37   37   39   40   43   44   47   51   56   62   69   77
   85   93   99  105  108  110  110  108  103   97   91   84   79   74   71   68
   65   61   57   50   44   37   30   25   22   21   22   24   27   30   33   36
   38   39   39   38   36   35   33   32   32   33   34   37   39   41   42   43
   44   44   43   41   41   41   42   42   32                                   
    62.5-180.0 180.0   5.0 450.0                            LAT/LON1/LON2/DLON/H
   32   36   35   37   38   38   39   41   43   44   47   52   57   65   73   82
   91  100  108  114  119  122  122  120  116  109  102   95   88   83   79   75
   72   67   61   54   46   39   32   27   24   23   24   25   28   30   32   33
   34   34   33   32   30   28   27   27   28   29   31   34   37   39   41   42
   42   42   42   40   40   40   41   41   32                                   
    60.0-180.0 180.0   5.0 450.0                            LAT/LON1/LON2/DLON/H
   32   35   34   37   37   35   36   38   39   41   44   49   56   64   74   84
   94  104  113  120  125  129  130  129  124  118  110  103   96   90   86   82
   78   72   65   57   48   40   33   28   26   25   25   27   28   28   28   28
   27   26   25   24   22   21   21   21   23   25   28   31   33   35   37   38
   38   39   39   38   39   40   40   40   32                                   
    57.5-180.0 180.0   5.0 450.0                            LAT/LON1/LON2/DLON/H
   33   36   35   38   37   35   36   36   38   40   43   49   56   66   76   87
   98  109  118  125  131  135  137  136  132  126  119  112  105  100   95   91
   87   81   73   64   55   46   39   34   32   31   32   32   31   30   28   26
   24   22   21   20   19   18   18   19   22   25   28   31   33   34   35   36
   36   37   39   39   40   41   41   42   33                                   
    55.0-180.0 180.0   5.0 450.0                            LAT/LON1/LON2/DLON/H
   38   40   39   41   40   37   36   37   38   40   43   49   57   68   79   91
  102  113  121  129  135  139  141  140  138  133  127  120  115  110  106  102
   97   90   82   73   63   54   48   43   41   40   40   39   37   33   30   26
   23   21   20   19   18   18   19   21   24   28   31   33   35   35   35   36
   36   37   40   41   42   44   44   45   38                                   
    52.5-180.0 180.0   5.0 450.0                            LAT/LON1/LON2/DLON/H
   47   48   47   48   46   43   41   40   41   43   46   53   61   71   83   95
  106  116  125  132  137  141  143  143  141  138  133  128  124  120  117  113
  108  101   93   83   74   66   59   56   54   52   51   49   45   40   35   31
   27   25   24   24   23   24   25   28   31   35   38   40   40   39   39   39
   39   41   44   46   48   50   50   51   47                                   
    50.0-180.0 180.0   5.0 450.0                            LAT/LON1/LON2/DLON/H
   58   59   58   59   56   53   49   48   48   50   53   59   67   77   89  100
  111  121  128  135  139  143  145  146  145  143  139  136  132  129  126  122
  117  110  103   94   86   78   73   69   67   66   63   60   55   49   43   39
   36   34   34   33   33   34   36   39   42   45   48   48   47   46   45   44
   45   48   52   55   57   59   60   59   58                                   
    47.5-180.0 180.0   5.0 450.0                            LAT/LON1/LON2/DLON/H
   70   71   71   71   68   65   61   59   59   61   64   70   77   86   96  107
  117  125  132  138  142  145  147  148  148  147  145  142  139  136  132  128
  123  117  110  103   97   91   86   83   80   78   75   70   65   59   54   50
   48   47   46   46   45   46   47   50   53   56   57   57   55   53   52   52
   53   57   62   65   68   70   71   69   70                                   
    45.0-180.0 180.0   5.0 450.0                            LAT/LON1/LON2/DLON/H
   80   82   81   83   80   77   73   72   72   75   78   84   90   97  106  115
  123  131  137  142  146  149  151  152  153  152  150  147  143  139  134  129
  125  120  115  111  106  102   98   95   91   87   83   78   73   68   64   61
   60   59   58   57   56   56   57   59   61   63   64   63   61   59   58   59
   61   66   71   74   77   80   81   78   80                                   
    42.5-180.0 180.0   5.0 450.0                            LAT/LON1/LON2/DLON/H
   85   87   87   91   88   86   83   83   85   89   94   99  105  111  117  125
  132  138  143  148  151  154  156  158  158  156  154  150  144  138  133  127
  123  120  118  116  114  111  108  104   99   94   89   84   79   75   72   71
   70   69   67   65   62   61   61   62   64   66   66   65   64   63   63   65
   68   73   77   80   82   85   86   83   85                                   
    40.0-180.0 180.0   5.0 450.0                            LAT/LON1/LON2/DLON/H
   83   86   86   92   91   90   89   92   95  102  108  115  120  125  130  136
  141  147  151  155  159  162  163  164  163  161  157  151  144  137  130  125
  122  121  121  122  122  120  116  111  105   98   92   87   83   80   78   77
   76   73   70   66   62   60   59   60   62   63   64   64   64   64   66   69
   73   77   80   82   83   85   85   83   83                                   
    37.5-180.0 180.0   5.0 450.0                            LAT/LON1/LON2/DLON/H
   76   78   79   87   87   88   89   95  101  111  120  129  135  140  145  149
  153  158  162  165  169  171  172  172  170  166  161  153  145  136  130  126
  125  127  130  133  134  132  127  119  111  102   95   90   86   84   82   80
   78   74   69   63   58   55   54   55   57   59   60   61   62   63   66   71
   74   77   80   79   79   79   79   79   76                                   
    35.0-180.0 180.0   5.0 450.0                            LAT/LON1/LON2/DLON/H
   66   67   68   77   79   82   86   94  104  117  129  140  148  155  160  164
  167  171  174  177  180  181  181  179  175  171  165  157  149  142  138  137
  139  144  149  153  154  150  143  132  120  110  102   96   92   89   86   83
   79   73   67   60   55   52   51   52   54   56   57   59   60   63   66   70
   74   76   77   75   73   72   70   72   66                                   
    32.5-180.0 180.0   5.0 450.0                            LAT/LON1/LON2/DLON/H
   58   57   57   66   69   72   78   89  102  118  134  148  159  168  174  179
  182  185  187  190  191  191  188  184  180  175  170  165  160  157  157  161
  168  176  182  186  184  177  166  151  136  123  113  106  102   98   94   89
   83   76   69   62   57   55   54   55   57   59   60   61   63   65   68   71
   73   74   74   72   68   65   62   65   58                                   
    30.0-180.0 180.0   5.0 450.0                            LAT/LON1/LON2/DLON/H
   53   51   49   58   61   63   71   82   98  117  136  153  168  179  188  193
  197  199  200  201  201  198  193  188  184  181  180  179  180  184  191  201
  213  223  229  230  224  212  196  177  159  143  132  124  118  113  107  101
   94   87   79   74   70   68   68   69   69   70   71   71   71   72   74   75
   76   75   75   73   68   64   60   62   53                                   
    27.5-180.0 180.0   5.0 450.0                            LAT/LON1/LON2/DLON/H
   55   52   48   54   56   58   65   77   94  114  135  155  173  188  199  206
  210  211  211  210  207  202  196  190  187  189  193  201  210  222  237  253
  269  281  286  282  271  253  232  209  188  170  157  148  141  135  128  121
  114  107  101   97   95   94   94   93   92   91   90   89   87   86   84   84
   82   81   81   78   73   69   65   64   55                                   
    25.0-180.0 180.0   5.0 450.0                            LAT/LON1/LON2/DLON/H
   63   58   52   56   57   58   64   75   91  111  134  155  176  193  206  215
  220  221  220  216  211  203  196  191  192  199  212  229  248  268  291  314
  334  345  346  337  319  295  269  243  220  201  187  177  169  162  156  149
  143  138  134  132  131  130  128  125  122  119  116  112  109  104  100   97
   93   92   91   89   85   80   77   72   63                                   
    22.5-180.0 180.0   5.0 450.0                            LAT/LON1/LON2/DLON/H
   75   69   61   62   62   63   68   78   94  113  134  156  177  195  210  221
  226  227  225  219  212  203  196  193  199  214  236  262  290  319  348  376
  397  407  402  386  362  333  304  276  252  233  219  208  200  192  186  181
  177  174  172  172  171  170  166  160  154  148  143  138  132  125  118  112
  107  105  104  102   99   94   92   83   75                                   
    20.0-180.0 180.0   5.0 450.0                            LAT/LON1/LON2/DLON/H
   88   80   72   70   70   70   76   86  101  119  139  159  179  197  213  224
  231  232  228  222  214  205  199  200  212  235  265  299  334  368  402  431
  450  454  444  421  392  362  332  304  281  263  249  237  228  221  216  213
  211  210  210  210  208  204  198  189  180  173  167  161  153  144  134  126
  120  118  116  115  112  108  107   95   88                                   
    17.5-180.0 180.0   5.0 450.0                            LAT/LON1/LON2/DLON/H
   96   88   80   77   76   77   85   96  112  131  150  168  186  203  219  230
  237  238  234  228  219  211  208  214  231  260  297  336  374  411  443  469
  482  480  464  438  408  378  350  325  305  288  274  262  252  245  240  238
  238  238  238  237  233  226  216  205  194  186  180  174  166  156  146  137
  130  128  126  124  122  118  116  105   96                                   
    15.0-180.0 180.0   5.0 450.0                            LAT/LON1/LON2/DLON/H
   99   92   84   80   80   82   93  106  126  146  165  183  199  215  230  241
  248  250  247  240  233  226  226  236  258  291  331  371  410  443  469  486
  492  484  464  438  410  384  360  340  322  308  294  281  270  261  256  254
  253  253  252  249  242  232  219  206  195  187  182  176  170  160  151  142
  136  133  130  127  124  121  118  110   99                                   
    12.5-180.0 180.0   5.0 450.0                            LAT/LON1/LON2/DLON/H
   95   91   83   79   80   83   97  115  138  162  183  202  218  234  248  260
  267  270  268  262  256  252  254  267  292  327  366  404  437  462  478  486
  484  472  452  428  405  384  366  351  337  324  310  295  281  269  262  259
  257  254  251  244  235  222  208  195  185  179  175  171  166  158  150  143
  136  134  129  125  120  116  113  108   95                                   
    10.0-180.0 180.0   5.0 450.0                            LAT/LON1/LON2/DLON/H
   87   85   78   76   77   81   99  120  148  177  202  223  240  257  272  285
  294  298  298  294  289  287  292  307  332  365  401  432  456  470  477  476
  468  455  437  417  400  386  374  363  352  340  324  306  288  272  261  255
  250  245  238  229  218  204  190  178  171  167  165  163  159  153  146  140
  134  131  125  118  112  108  104  101   87                                   
     7.5-180.0 180.0   5.0 450.0                            LAT/LON1/LON2/DLON/H
   78   78   71   71   73   78  100  124  157  189  218  243  264  282  300  315
  327  334  335  333  331  331  337  352  375  404  432  454  467  472  470  464
