data/edconvlstm_nd/pred3390.15i
     1.0            IONOSPHERE MAPS     GNSS                IONEX VERSION / TYPE
pyspatialgeodesy        IME             05-JAN-18 20:20     PGM / RUN BY / DATE 
Map Name                                                    COMMENT             
Predicted global ionosphere maps (GIM).                     DESCRIPTION         
  2015    12     5     0     0     0                        EPOCH OF FIRST MAP  
  2015    12     6     0     0     0                        EPOCH OF LAST MAP   
  7200                                                      INTERVAL            
    13                                                      # OF MAPS IN FILE   
  NONE                                                      MAPPING FUNCTION    
10.0                                                        ELEVATION CUTOFF    
One-way carrier phase leveled to code                       OBSERVABLES USED    
  6371.0                                                    BASE RADIUS         
 2                                                          MAP DIMENSION       
   450.0 450.0   0.0                                        HGT1 / HGT2 / DHGT  
    87.5 -87.5  -2.5                                        LAT1 / LAT2 / DLAT  
  -180.0 180.0   5.0                                        LON1 / LON2 / DLON  
    -1                                                      EXPONENT            
                                                            END OF HEADER       
[from data line 858]
     3                                                      START OF TEC MAP    
  2015    12     5     4     0     0                        EPOCH OF CURRENT MAP
    87.5-180.0 180.0   5.0 450.0                            LAT/LON1/LON2/DLON/H
   34   45   39   41   38   40   37   34   34   35   34   35   34   34   34   34
   34   34   34   33   33   33   32   32   32   31   31   31   31   31   31   31
   31   31   32   32   32   33   33   33   33   34   34   34   34   34   34   34
   34   34   34   34   34   34   34   34   34   34   34   34   34   34   34   35
   36   36   34   35   39   54   60   51   34                                   
    85.0-180.0 180.0   5.0 450.0                            LAT/LON1/LON2/DLON/H
   23   47   39   41   42   44   43   41   41   42   41   41   41   41   41   41
   40   40   39   39   39   38   38   38   37   37   37   37   37   37   37   37
   38   38   39   39   40   41   41   42   42   42   43   43   42   42   42   42
   41   41   40   40   40   40   40   39   39   39   40   40   40   40   40   41
   42   42   41   44   51   51   65   51   23                                   
    82.5-180.0 180.0   5.0 450.0                            LAT/LON1/LON2/DLON/H
   25   34   46   41   39   42   41   39   40   40   40   41   41   41   40   40
   40   39   38   38   37   36   35   35   34   33   33   33   33   33   33   34
   35   36   37   38   39   40   41   42   43   43   43   43   43   43   42   41
   40   40   39   38   38   38   38   38   38   38   38   38   39   39   39   40
   40   41   40   40   54   44   49   45   25                                   
    80.0-180.0 180.0   5.0 450.0                            LAT/LON1/LON2/DLON/H
   37   42   48   39   41   39   40   38   39   39   39   40   40   40   39   39
   38   38   37   36   35   34   33   33   32   32   31   31   31   31   32   33
   34   35   37   38   40   42   43   44   45   46   46   45   45   44   43   42
   40   39   38   37   37   36   36   36   37   37   38   38   39   40   40   41
   42   42   44   44   56   48   47   47   37                                   
    77.5-180.0 180.0   5.0 450.0                            LAT/LON1/LON2/DLON/H
   47   48   45   36   34   33   34   33   34   34   33   34   35   35   35   34
   33   32   31   30   29   28   27   26   25   24   24   23   23   23   24   25
   26   28   29   31   33   35   37   38   39   40   40   40   39   38   37   35
   34   32   32   31   31   31   32   33   34   35   36   37   38   39   40   41
   41   42   42   44   48   36   38   40   47                                   
    75.0-180.0 180.0   5.0 450.0                            LAT/LON1/LON2/DLON/H
   43   46   45   36   31   32   32   31   32   32   31   32   32   32   32   31
   30   29   28   27   26   25   25   24   23   23   22   22   22   22   22   23
   23   25   26   28   30   32   34   35   37   38   38   38   37   35   34   32
   31   30   29   30   30   32   34   36   38   40   42   43   44   45   46   47
   46   47   48   46   50   40   40   41   43                                   
    72.5-180.0 180.0   5.0 450.0                            LAT/LON1/LON2/DLON/H
   48   46   46   34   32   32   33   33   33   32   32   33   33   32   32   31
   30   29   28   27   26   26   26   26   25   25   25   25   24   24   24   24
   24   25   26   27   29   31   32   34   36   37   37   37   36   35   33   32
   31   31   32   33   35   38   42   45   48   51   54   55   56   57   57   57
   57   56   59   58   60   48   47   47   48                                   
    70.0-180.0 180.0   5.0 450.0                            LAT/LON1/LON2/DLON/H
   55   49   50   40   35   34   35   34   35   34   33   34   34   33   32   31
   30   29   28   28   28   28   29   29   30   30   30   30   29   28   27   27
   26   26   26   26   27   29   30   32   34   35   36   36   36   35   34   33
   33   34   36   40   44   49   54   59   64   67   70   71   72   71   70   69
   67   66   68   66   67   56   55   52   55                                   
    67.5-180.0 180.0   5.0 450.0                            LAT/LON1/LON2/DLON/H
   57   50   49   40   35   34   34   34   34   33   32   33   32   31   29   28
   26   25   25   25   26   27   28   30   31   32   32   31   30   29   28   26
   24   23   22   22   22   23   24   26   27   29   30   31   31   30   30   31
   32   35   39   45   51   58   65   71   76   80   83   83   83   81   78   76
   73   70   72   69   70   60   58   55   57                                   
    65.0-180.0 180.0   5.0 450.0                            LAT/LON1/LON2/DLON/H
   61   52   49   41   34   33   33   34   34   33   32   32   31   30   28   26
   25   24   24   24   25   27   29   31   32   33   33   33   31   30   27   25
   23   20   19   17   17   17   19   20   22   24   26   27   28   28   29   30
   33   38   44   52   61   70   78   85   91   95   97   97   95   92   88   84
   80   76   77   73   74   64   62   60   61                                   
    62.5-180.0 180.0   5.0 450.0                            LAT/LON1/LON2/DLON/H
   64   55   51   42   35   34   34   35   35   35   34   34   32   31   29   27
   26   25   25   26   27   29   31   33   34   35   35   34   32   30   27   25
   22   20   18   16   15   16   17   18   21   23   25   27   28   29   31   34
   38   45   53   63   74   84   93  101  106  110  111  111  108  104   99   95
   89   84   84   79   79   69   67   66   64                                   
    60.0-180.0 180.0   5.0 450.0                            LAT/LON1/LON2/DLON/H
   69   59   53   43   36   33   34   34   35   34   33   33   32   31   29   28
   27   27   27   27   28   29   31   32   33   34   33   31   29   27   25   23
   21   19   17   15   15   15   16   18   20   23   26   28   29   31   33   38
   44   52   62   74   85   96  105  112  118  121  122  121  118  114  109  104
   98   92   91   86   84   74   71   70   69                                   
    57.5-180.0 180.0   5.0 450.0                            LAT/LON1/LON2/DLON/H
   76   66   58   46   38   35   34   34   34   34   32   33   32   31   30   30
   30   29   29   29   28   29   29   30   31   31   30   28   25   23   22   21
   20   19   18   17   17   17   18   20   23   26   29   32   34   36   39   44
   52   62   73   85   96  107  115  122  126  129  130  129  128  124  120  116
  109  103  101   95   93   82   79   76   76                                   
    55.0-180.0 180.0   5.0 450.0                            LAT/LON1/LON2/DLON/H
   86   75   66   53   43   38   36   35   34   32   31   31   31   30   31   32
   32   32   31   29   28   27   27   27   28   27   26   24   22   20   19   19
   20   21   22   22   22   22   23   25   28   31   35   37   40   43   47   53
   62   73   84   96  107  116  123  129  133  135  136  137  136  134  131  127
  121  114  112  106  103   91   88   84   86                                   
    52.5-180.0 180.0   5.0 450.0                            LAT/LON1/LON2/DLON/H
  100   89   78   65   53   46   42   38   36   33   31   30   30   31   32   34
   35   34   33   30   27   25   25   25   26   27   26   24   22   20   20   20
   23   25   28   29   30   30   31   32   35   39   42   45   48   52   57   64
   74   85   97  108  117  125  131  135  138  141  143  144  144  143  141  138
  133  126  123  116  114  101   98   93  100                                   
    50.0-180.0 180.0   5.0 450.0                            LAT/LON1/LON2/DLON/H
  113  104   92   80   67   59   52   45   40   36   32   32   31   32   34   36
   37   37   34   31   27   25   25   26   28   30   30   29   26   24   23   24
   28   32   36   40   41   42   42   43   45   47   51   54   58   63   69   77
   87   99  110  120  128  135  139  142  145  147  149  151  152  152  150  148
  142  136  132  125  122  110  108  103  113                                   
    47.5-180.0 180.0   5.0 450.0                            LAT/LON1/LON2/DLON/H
  125  118  107   97   84   75   66   57   49   42   37   35   34   35   37   39
   40   39   35   31   28   26   28   31   35   38   39   38   35   32   30   31
   35   40   46   51   54   55   54   53   54   56   59   63   68   73   81   90
  101  112  123  132  139  144  147  150  152  153  155  157  158  158  156  154
  148  141  137  129  126  115  115  111  125                                   
    45.0-180.0 180.0   5.0 450.0                            LAT/LON1/LON2/DLON/H
  131  127  117  111   99   91   82   71   61   52   46   42   40   40   41   42
   42   41   38   34   31   31   34   40   46   50   52   50   46   42   39   39
   42   48   55   62   65   66   65   63   63   64   67   71   77   84   93  103
  114  125  134  142  148  152  155  157  159  160  162  163  163  162  159  156
  149  142  137  129  126  115  116  113  131                                   
    42.5-180.0 180.0   5.0 450.0                            LAT/LON1/LON2/DLON/H
  129  128  120  118  110  103   95   85   75   65   57   53   50   48   48   47
   46   44   42   39   39   40   45   52   59   63   65   63   58   52   48   46
   49   55   63   70   74   75   73   71   70   71   74   79   85   93  103  114
  125  135  144  150  156  160  162  164  166  167  168  168  167  164  160  155
  149  141  135  127  122  112  112  111  129                                   
    40.0-180.0 180.0   5.0 450.0                            LAT/LON1/LON2/DLON/H
  121  120  115  116  112  109  103   95   86   76   69   65   62   59   57   55
   52   51   49   49   50   53   59   65   72   76   76   73   67   61   55   52
   54   59   67   75   80   81   79   77   76   76   79   85   92  101  112  123
  134  143  151  157  162  166  169  171  173  174  174  174  171  167  162  156
  149  142  136  127  121  108  107  106  121                                   
    37.5-180.0 180.0   5.0 450.0                            LAT/LON1/LON2/DLON/H
  110  108  103  105  104  105  103   98   91   84   79   77   74   71   68   64
   61   59   59   61   64   68   74   79   82   84   83   79   72   66   60   57
   58   63   70   77   82   83   82   80   79   81   84   90   98  108  119  131
  141  149  156  162  167  172  176  179  181  182  183  182  179  174  168  163
  157  150  144  135  127  111  106  105  110                                   
    35.0-180.0 180.0   5.0 450.0                            LAT/LON1/LON2/DLON/H
  102   95   89   89   90   92   94   92   90   86   84   85   84   82   78   74
   70   70   72   76   80   85   88   89   89   87   83   79   74   68   64   61
   62   65   71   78   82   83   83   81   82   84   88   95  103  114  125  137
  146  154  160  166  172  178  183  187  191  193  194  194  192  188  183  180
  176  170  167  158  148  127  118  113  102                                   
    32.5-180.0 180.0   5.0 450.0                            LAT/LON1/LON2/DLON/H
  104   88   78   73   73   76   79   80   81   81   83   87   90   90   87   83
   81   82   86   91   96   99   98   95   90   84   79   75   72   70   67   66
   66   69   73   77   80   81   81   81   83   86   91   99  108  119  131  142
  151  159  165  172  179  186  192  197  202  206  209  211  211  210  209  209
  208  206  205  197  186  161  149  138  104                                   
    30.0-180.0 180.0   5.0 450.0                            LAT/LON1/LON2/DLON/H
  119   94   77   65   60   61   64   65   68   70   75   83   89   92   92   90
   89   92   98  104  107  107  102   94   86   79   74   71   71   71   72   72
   72   73   75   77   78   78   78   80   83   88   94  102  112  124  137  149
  158  166  174  182  190  197  204  211  217  223  229  233  237  240  244  249
  252  254  257  251  241  213  199  181  119                                   
    27.5-180.0 180.0   5.0 450.0                            LAT/LON1/LON2/DLON/H
  152  117   91   70   58   53   53   53   55   58   65   75   83   89   92   92
   94   98  104  109  110  106   98   89   80   74   70   70   72   75   78   80
   80   79   79   77   76   75   75   77   82   88   96  105  117  130  144  157
  168  178  187  197  206  214  221  229  236  244  252  261  269  277  285  295
  302  309  316  310  304  276  261  238  152                                   
    25.0-180.0 180.0   5.0 450.0                            LAT/LON1/LON2/DLON/H
  200  159  123   91   70   58   51   47   46   49   55   64   74   81   86   89
   93   98  103  106  104   98   90   82   76   72   72   73   78   83   88   91
   91   88   84   80   76   73   72   75   80   87   96  107  121  136  152  167
  181  194  206  219  229  238  246  253  262  271  282  293  305  317  330  343
  353  363  372  367  365  339  325  302  200                                   
    22.5-180.0 180.0   5.0 450.0                            LAT/LON1/LON2/DLON/H
  259  214  171  129  100   78   62   51   46   45   48   55   63   70   76   81
   85   90   93   93   90   85   79   76   75   77   79   83   89   96  102  104
  103   99   91   84   76   71   70   72   78   86   96  109  124  143  162  180
  198  214  231  246  259  268  276  283  292  303  315  328  342  357  373  388
  400  411  420  415  416  395  382  363  259                                   
    20.0-180.0 180.0   5.0 450.0                            LAT/LON1/LON2/DLON/H
  319  275  227  180  144  113   88   70   57   50   48   51   56   61   66   71
   75   78   79   77   74   71   71   74   80   87   94  101  107  113  118  119
  116  108   98   87   77   70   67   69   74   82   94  109  127  149  171  194
  215  236  256  275  289  299  307  314  324  335  348  362  377  393  409  423
  435  445  453  448  450  436  427  415  319                                   
    17.5-180.0 180.0   5.0 450.0                            LAT/LON1/LON2/DLON/H
  370  331  283  236  197  160  127  102   82   68   59   55   55   57   60   64
   66   66   65   63   61   62   67   78   91  105  115  123  128  132  133  131
  125  114  102   89   77   69   65   65   70   78   91  108  130  154  180  206
  231  255  279  299  315  325  333  340  350  362  375  389  404  420  434  446
  455  461  466  461  463  457  453  449  370                                   
    15.0-180.0 180.0   5.0 450.0                            LAT/LON1/LON2/DLON/H
  405  376  333  290  251  212  174  145  120   98   81   70   64   62   62   63
   63   61   58   55   55   59   71   88  109  127  139  145  147  147  144  138
  128  116  101   88   77   68   63   63   66   75   88  108  132  159  188  216
  243  270  295  317  333  343  351  359  369  381  393  407  421  435  447  455
  459  461  462  457  457  458  461  462  405                                   
    12.5-180.0 180.0   5.0 450.0                            LAT/LON1/LON2/DLON/H
  424  405  372  335  301  263  224  193  164  138  115   97   85   79   75   73
   69   65   61   59   60   68   84  107  131  151  162  164  161  155  148  138
  126  112   99   87   76   69   64   62   65   73   88  109  135  164  194  223
  252  279  305  327  343  353  361  369  379  390  401  414  427  439  448  452
  451  448  446  440  439  443  451  456  424                                   
    10.0-180.0 180.0   5.0 450.0                            LAT/LON1/LON2/DLON/H
  428  419  397  367  341  308  272  242  213  183  156  134  117  107  100   94
   89   83   78   76   79   89  108  132  155  172  178  174  166  156  144  132
  119  107   95   86   78   71   66   64   67   75   91  113  140  169  199  228
  256  283  309  330  345  355  363  371  380  390  401  413  425  436  443  443
  438  432  427  419  418  422  431  436  428                                   
     7.5-180.0 180.0   5.0 450.0                            LAT/LON1/LON2/DLON/H
  424  420  407  384  368  343  313  287  259  229  200  176  157  144  135  127
  119  112  108  108  112  123  140  160  177  186  184  175  162  149  136  124
