data/edconvlstm_nd/pred0380.15i
     1.0            IONOSPHERE MAPS     GNSS                IONEX VERSION / TYPE
pyspatialgeodesy        IME             05-JAN-18 20:20     PGM / RUN BY / DATE 
Map Name                                                    COMMENT             
Predicted global ionosphere maps (GIM).                     DESCRIPTION         
  2015     2     7     0     0     0                        EPOCH OF FIRST MAP  
  2015     2     8     0     0     0                        EPOCH OF LAST MAP   
  7200                                                      INTERVAL            
    13                                                      # OF MAPS IN FILE   
  NONE                                                      MAPPING FUNCTION    
10.0                                                        ELEVATION CUTOFF    
One-way carrier phase leveled to code                       OBSERVABLES USED    
  6371.0                                                    BASE RADIUS         
 2                                                          MAP DIMENSION       
   450.0 450.0   0.0                                        HGT1 / HGT2 / DHGT  
    87.5 -87.5  -2.5                                        LAT1 / LAT2 / DLAT  
  -180.0 180.0   5.0                                        LON1 / LON2 / DLON  
    -1                                                      EXPONENT            
                                                            END OF HEADER       
[from data line 1287]
     4                                                      START OF TEC MAP    
  2015     2     7     6     0     0                        EPOCH OF CURRENT MAP
    87.5-180.0 180.0   5.0 450.0                            LAT/LON1/LON2/DLON/H
   91   88   82   85   86   84   82   79   80   81   80   81   81   80   80   79
   79   78   77   76   75   74   73   73   72   72   71   71   71   71   71   71
   71   71   71   71   71   71   71   72   72   72   73   74   74   76   77   78
   80   81   83   84   86   87   88   89   90   90   90   90   89   89   87   87
   87   87   84   83   85   87   93   94   91                                   
    85.0-180.0 180.0   5.0 450.0                            LAT/LON1/LON2/DLON/H
   78   86   78   80   82   82   82   81   82   83   83   84   84   84   84   84
   84   83   82   81   80   80   79   78   78   77   77   77   77   77   77   77
   77   77   77   77   77   78   78   78   78   79   79   80   82   83   85   87
   89   92   94   96   99  101  102  104  105  105  105  105  104  103  101  100
  100   99   93   92   87   88   90   89   78                                   
    82.5-180.0 180.0   5.0 450.0                            LAT/LON1/LON2/DLON/H
   78   75   75   70   68   70   70   69   72   73   74   76   77   77   78   78
   77   77   76   74   73   72   71   70   69   69   68   68   69   69   69   70
   70   71   71   72   72   72   73   73   74   75   76   78   80   82   85   89
   93   97  101  105  109  113  116  118  120  121  121  120  119  117  114  111
  108  105   98   94   93   84   77   78   78                                   
    80.0-180.0 180.0   5.0 450.0                            LAT/LON1/LON2/DLON/H
   81   69   62   58   58   57   58   59   62   64   66   69   71   73   74   74
   74   73   72   70   68   67   65   63   62   62   61   62   62   63   64   66
   67   68   70   71   71   72   72   73   74   75   76   79   82   86   90   96
  102  109  116  123  129  135  140  144  146  148  148  148  146  142  138  134
  128  121  113  106  103   91   86   79   81                                   
    77.5-180.0 180.0   5.0 450.0                            LAT/LON1/LON2/DLON/H
   88   69   60   55   50   51   53   54   57   60   63   68   71   74   76   77
   78   77   75   73   71   68   66   64   62   61   61   61   62   64   66   68
   70   73   75   76   78   79   79   80   81   82   84   87   91   96  103  112
  121  131  141  151  161  169  176  182  186  188  189  188  185  181  175  169
  161  152  139  132  122  100   92   85   88                                   
    75.0-180.0 180.0   5.0 450.0                            LAT/LON1/LON2/DLON/H
   92   73   60   54   49   50   50   50   53   56   59   64   68   71   74   75
   76   75   74   72   69   67   64   62   61   60   60   60   61   63   66   68
   71   74   76   78   79   80   81   81   82   84   86   90   96  104  113  125
  137  151  164  178  190  200  208  215  219  221  221  220  217  212  206  199
  189  178  165  151  139  116  105   93   92                                   
    72.5-180.0 180.0   5.0 450.0                            LAT/LON1/LON2/DLON/H
   99   79   66   59   53   53   54   53   55   58   61   66   69   72   75   76
   76   76   75   74   72   69   67   65   64   62   62   62   63   65   67   70
   72   75   77   79   80   81   82   84   85   88   92   98  106  116  129  143
  159  176  192  208  221  232  240  246  249  250  249  246  242  236  230  223
  213  202  189  175  159  133  120  109   99                                   
    70.0-180.0 180.0   5.0 450.0                            LAT/LON1/LON2/DLON/H
  112   88   75   67   60   57   57   56   57   59   61   65   67   69   71   72
   73   73   73   72   72   71   70   68   67   66   65   65   65   66   68   69
   71   72   73   74   75   76   78   80   83   87   94  102  113  126  142  160
  179  198  217  233  247  258  264  268  269  267  264  260  254  248  241  234
  225  214  202  188  172  147  137  128  112                                   
    67.5-180.0 180.0   5.0 450.0                            LAT/LON1/LON2/DLON/H
  118   93   81   73   65   61   60   59   59   60   62   64   66   67   68   68
   69   69   70   71   72   73   73   73   72   71   69   68   68   67   67   67
   67   66   66   66   66   67   69   72   78   85   94  106  119  135  154  174
  196  217  237  254  267  276  280  280  277  273  267  261  254  247  240  233
  224  214  203  189  175  152  142  138  118                                   
    65.0-180.0 180.0   5.0 450.0                            LAT/LON1/LON2/DLON/H
  126   99   86   78   68   64   62   61   62   62   63   65   65   65   65   65
   65   66   68   70   73   76   77   78   78   76   75   73   71   69   68   66
   64   62   60   58   57   58   61   67   75   86   99  114  131  150  171  193
  216  238  258  275  286  292  292  289  282  275  267  259  252  245  237  230
  222  211  201  188  176  156  148  146  126                                   
    62.5-180.0 180.0   5.0 450.0                            LAT/LON1/LON2/DLON/H
  130  102   89   78   68   63   61   61   61   62   62   64   64   63   63   62
   62   64   66   69   73   76   79   80   80   79   77   74   72   69   66   63
   60   57   53   50   49   50   54   62   73   88  105  124  144  166  188  211
  234  256  276  291  300  302  300  293  284  275  267  259  253  246  239  231
  222  211  201  188  177  157  151  151  130                                   
    60.0-180.0 180.0   5.0 450.0                            LAT/LON1/LON2/DLON/H
  135  103   88   74   64   57   55   55   56   57   59   60   60   60   60   60
   60   61   63   67   71   74   77   78   78   77   74   71   68   65   62   59
   56   52   48   44   43   44   50   60   75   93  114  137  159  182  204  227
  250  272  290  303  310  311  306  298  288  280  272  267  261  256  249  241
  231  219  209  194  185  163  157  153  135                                   
    57.5-180.0 180.0   5.0 450.0                            LAT/LON1/LON2/DLON/H
  142  107   90   71   60   51   48   48   50   52   53   56   57   57   58   58
   59   60   62   65   68   71   73   73   73   71   68   65   62   60   58   56
   53   50   46   43   42   45   51   64   81  103  127  152  176  199  221  244
  266  286  303  315  321  320  315  307  299  292  288  284  280  276  269  262
  250  237  227  212  203  177  168  161  142                                   
    55.0-180.0 180.0   5.0 450.0                            LAT/LON1/LON2/DLON/H
  154  116   96   73   61   49   44   43   44   45   47   50   52   54   55   57
   58   60   61   63   64   66   67   67   65   63   60   58   56   54   54   53
   52   51   49   48   47   50   58   72   91  115  141  167  192  216  238  260
  280  300  316  327  332  332  328  322  316  312  309  308  305  300  294  285
  274  261  250  234  225  197  185  173  154                                   
    52.5-180.0 180.0   5.0 450.0                            LAT/LON1/LON2/DLON/H
  171  132  110   83   69   54   46   42   41   41   43   45   48   50   53   56
   58   60   61   61   61   62   62   61   60   57   55   53   52   52   52   53
   55   56   56   56   58   62   70   84  104  129  156  183  209  233  254  275
  296  314  330  340  346  346  344  340  336  334  333  332  328  323  315  306
  294  282  272  256  247  218  203  189  171                                   
    50.0-180.0 180.0   5.0 450.0                            LAT/LON1/LON2/DLON/H
  190  151  129  103   87   70   58   51   46   43   42   44   46   49   53   56
   59   60   61   60   60   60   60   60   58   56   55   53   52   53   54   56
   59   62   65   68   71   77   86  100  120  145  172  199  225  249  271  292
  311  329  345  355  361  363  361  359  357  355  353  350  344  336  327  317
  306  296  286  271  263  235  221  208  190                                   
    47.5-180.0 180.0   5.0 450.0                            LAT/LON1/LON2/DLON/H
  207  172  152  129  113   95   80   68   58   52   48   47   47   50   53   57
   60   61   61   61   61   62   63   63   63   61   60   59   58   58   59   61
   65   69   74   80   85   93  103  118  137  161  187  214  240  264  287  308
  328  345  360  370  376  378  377  375  372  369  364  356  346  334  322  312
  303  295  287  275  268  244  232  222  207                                   
    45.0-180.0 180.0   5.0 450.0                            LAT/LON1/LON2/DLON/H
  218  187  172  156  143  125  108   93   79   68   60   56   54   55   57   59
   62   63   63   64   65   68   70   71   72   72   71   69   68   67   66   66
   69   74   81   89   97  107  120  136  155  178  203  229  254  279  302  324
  343  360  373  383  388  389  388  385  380  373  363  349  333  317  303  294
  286  282  276  267  261  242  232  228  218                                   
    42.5-180.0 180.0   5.0 450.0                            LAT/LON1/LON2/DLON/H
  218  191  184  175  166  151  136  119  103   89   78   70   65   64   64   65
   66   67   68   70   73   77   80   83   84   85   84   82   80   76   72   70
   72   77   85   95  106  119  135  152  173  195  219  243  268  293  316  338
  357  372  384  392  396  397  395  391  384  374  358  338  317  298  283  274
  268  265  259  252  246  229  222  222  218                                   
    40.0-180.0 180.0   5.0 450.0                            LAT/LON1/LON2/DLON/H
  209  185  182  178  174  163  152  139  124  109   97   88   81   77   75   74
   74   76   78   81   85   89   93   95   97   97   97   95   91   85   78   74
   73   77   85   97  111  128  147  168  190  213  236  259  283  306  329  350
  369  383  394  401  405  406  404  401  393  380  362  339  316  296  282  274
  269  263  255  244  235  215  209  209  209                                   
    37.5-180.0 180.0   5.0 450.0                            LAT/LON1/LON2/DLON/H
  195  170  168  164  164  157  151  144  134  123  113  105   98   92   89   87
   87   88   91   95   99  103  105  106  107  108  108  106  101   93   84   77
   74   77   85   97  113  133  156  181  207  231  254  276  298  321  343  363
  380  394  405  413  418  422  424  422  416  404  386  365  344  328  318  311
  304  294  279  259  244  215  206  198  195                                   
    35.0-180.0 180.0   5.0 450.0                            LAT/LON1/LON2/DLON/H
  187  156  149  139  140  136  134  134  131  126  121  117  112  107  103  101
  102  104  109  113  115  116  115  114  114  115  116  115  109  100   90   80
   75   75   82   95  113  136  163  193  222  249  273  294  315  336  357  377
  394  409  421  432  442  450  457  460  458  450  436  420  406  397  391  387
  377  360  338  307  284  243  225  204  187                                   
    32.5-180.0 180.0   5.0 450.0                            LAT/LON1/LON2/DLON/H
  194  154  137  118  114  108  109  113  116  118  119  120  119  116  114  114
  116  121  126  130  130  127  122  119  119  121  123  122  117  107   94   83
   75   74   81   93  112  137  167  202  235  266  291  313  333  354  374  394
  413  430  446  461  477  492  505  515  520  518  512  505  499  498  498  495
  482  458  427  384  353  302  272  238  194                                   
    30.0-180.0 180.0   5.0 450.0                            LAT/LON1/LON2/DLON/H
  223  174  144  113  100   89   87   91   97  103  110  115  118  119  119  122
  127  134  140  144  141  135  127  123  123  126  129  129  123  113   99   86
   78   76   81   92  110  136  169  207  245  280  308  331  352  372  394  416
  437  458  480  502  525  547  568  586  600  608  612  616  621  629  635  634
  618  586  544  489  448  384  341  299  223                                   
    27.5-180.0 180.0   5.0 450.0                            LAT/LON1/LON2/DLON/H
  280  223  178  134  111   91   81   81   84   91   98  106  112  115  118  123
  131  140  148  150  146  138  130  127  128  132  136  136  131  119  106   93
   84   81   84   93  110  135  169  209  251  289  321  347  370  393  416  441
  468  495  523  553  583  613  643  669  692  710  726  743  761  779  792  793
  775  738  686  619  567  485  426  385  280                                   
    25.0-180.0 180.0   5.0 450.0                            LAT/LON1/LON2/DLON/H
  369  302  243  189  154  124  103   93   89   90   94  100  105  109  113  119
  128  138  146  149  146  139  134  132  136  142  146  146  140  129  116  103
   94   89   90   96  110  133  166  208  253  294  330  360  387  414  442  472
  504  538  573  610  647  684  720  754  785  813  839  867  895  923  942  943
  924  886  831  758  694  600  531  496  369                                   
    22.5-180.0 180.0   5.0 450.0                            LAT/LON1/LON2/DLON/H
  486  409  339  277  231  192  157  133  117  108  104  104  106  108  110  115
  122  131  139  143  142  139  138  141  148  156  161  160  153  142  128  115
  104   97   95   98  109  130  163  205  251  296  336  372  404  436  469  504
  543  583  624  666  706  747  787  825  862  895  927  961  995 1027 1048 1050
 1032  999  948  881  809  716  653  624  486                                   
    20.0-180.0 180.0   5.0 450.0                            LAT/LON1/LON2/DLON/H
  612  532  457  394  335  289  240  202  171  149  134  126  121  117  115  115
  119  124  131  135  138  141  146  154  165  174  178  175  166  153  137  122
  110  101   97   98  108  128  160  202  250  297  342  383  421  458  497  537
  580  625  668  711  751  790  829  868  904  938  970 1002 1035 1065 1086 1088
 1074 1050 1014  960  889  810  767  747  612                                   
    17.5-180.0 180.0   5.0 450.0                            LAT/LON1/LON2/DLON/H
  721  647  580  524  456  406  345  293  247  211  184  167  154  143  134  128
  125  125  128  133  139  146  157  170  184  194  195  188  174  156  138  122
  109  101   96   97  107  127  159  202  251  301  349  394  438  480  522  565
  611  656  699  739  774  808  842  875  907  934  960  984 1008 1030 1045 1047
 1039 1026 1009  976  920  860  840  834  721                                   
    15.0-180.0 180.0   5.0 450.0                            LAT/LON1/LON2/DLON/H
  789  729  680  636  571  522  457  395  337  289  252  226  206  188  172  157
  146  139  137  140  147  158  173  190  204  212  208  194  174  151  132  117
  106   99   95   97  108  129  163  207  256  307  358  406  453  498  542  586
  631  674  714  747  776  802  828  853  875  893  906  917  928  937  943  943
  941  940  945  935  905  866  861  868  789                                   
    12.5-180.0 180.0   5.0 450.0                            LAT/LON1/LON2/DLON/H
  812  767  737  707  655  613  553  488  425  372  330  300  275  252  228  205
  185  169  161  160  165  177  193  210  222  224  213  193  167  144  125  113
  104   98   96  100  112  136  172  216  266  317  367  417  465  510  554  596
  638  678  712  739  761  779  797  814  826  834  835  833  829  825  824  824
  830  840  861  870  864  845  843  858  812                                   
    10.0-180.0 180.0   5.0 450.0                            LAT/LON1/LON2/DLON/H
  801  768  752  730  693  660  609  552  494  444  405  377  352  327  299  269
  241  217  200  192  194  202  215  228  234  228  211  187  162  140  124  114
  107  102  101  106  121  147  184  229  278  327  376  424  471  515  555  595
  632  668  697  720  737  751  764  776  782  783  776  765  752  741  736  737
  748  766  793  812  821  814  808  821  801                                   
     7.5-180.0 180.0   5.0 450.0                            LAT/LON1/LON2/DLON/H
  773  750  737  717  689  663  620  573  527  489  461  441  423  402  375  343
  309  277  252  236  230  232  237  240  237  225  206  183  161  143  129  120
