data/edconvlstm_nd/pred0520.15i
     1.0            IONOSPHERE MAPS     GNSS                IONEX VERSION / TYPE
pyspatialgeodesy        IME             05-JAN-18 20:20     PGM / RUN BY / DATE 
Map Name                                                    COMMENT             
Predicted global ionosphere maps (GIM).                     DESCRIPTION         
  2015     2    21     0     0     0                        EPOCH OF FIRST MAP  
  2015     2    22     0     0     0                        EPOCH OF LAST MAP   
  7200                                                      INTERVAL            
    13                                                      # OF MAPS IN FILE   
  NONE                                                      MAPPING FUNCTION    
10.0                                                        ELEVATION CUTOFF    
One-way carrier phase leveled to code                       OBSERVABLES USED    
  6371.0                                                    BASE RADIUS         
 2                                                          MAP DIMENSION       
   450.0 450.0   0.0                                        HGT1 / HGT2 / DHGT  
    87.5 -87.5  -2.5                                        LAT1 / LAT2 / DLAT  
  -180.0 180.0   5.0                                        LON1 / LON2 / DLON  
    -1                                                      EXPONENT            
                                                            END OF HEADER       
[from data line 3432]
     9                                                      START OF TEC MAP    
  2015     2    21    16     0     0                        EPOCH OF CURRENT MAP
    87.5-180.0 180.0   5.0 450.0                            LAT/LON1/LON2/DLON/H
  121  131  129  135  139  139  138  135  136  137  136  136  136  136  136  136
  136  136  136  136  136  136  136  136  136  135  135  135  134  134  133  132
  131  130  129  128  127  125  124  123  122  120  119  119  118  118  118  118
  118  118  118  119  119  120  120  121  122  122  123  124  124  125  126  127
  127  129  128  126  133  129  139  132  121                                   
    85.0-180.0 180.0   5.0 450.0                            LAT/LON1/LON2/DLON/H
  129  132  144  132  132  137  137  138  138  139  137  137  137  137  137  136
  137  137  137  137  137  137  138  138  138  138  138  137  137  136  136  135
  134  132  131  129  127  126  124  122  120  119  118  116  116  115  115  115
  115  115  116  117  117  118  119  120  121  121  122  123  124  125  126  126
  128  129  126  123  124  122  126  126  129                                   
    82.5-180.0 180.0   5.0 450.0                            LAT/LON1/LON2/DLON/H
  116  124  128  121  123  128  130  130  129  129  128  127  126  126  125  125
  125  126  126  127  127  128  129  130  131  131  132  132  132  132  132  131
  130  128  126  124  121  119  116  113  111  108  106  104  102  101  101  101
  101  101  102  103  104  105  106  107  108  108  109  110  111  111  112  113
  115  115  114  114  113  120  113  110  116                                   
    80.0-180.0 180.0   5.0 450.0                            LAT/LON1/LON2/DLON/H
  100  102  109  105  105  105  110  112  113  113  112  112  112  112  112  112
  113  114  115  116  118  120  121  123  124  126  127  127  128  128  127  126
  124  122  119  116  112  108  104  100   96   92   89   87   85   84   83   83
   84   85   87   88   90   92   93   94   95   96   96   96   96   96   96   96
   97   98   97   98   93   95   92   94  100                                   
    77.5-180.0 180.0   5.0 450.0                            LAT/LON1/LON2/DLON/H
   94   90   95   93   94   95   99  101  102  102  102  102  103  103  104  106
  107  109  112  115  117  120  123  126  128  131  133  134  135  136  136  135
  134  131  128  124  119  113  107  102   96   91   86   82   79   77   76   76
   77   78   80   82   84   86   87   89   89   90   89   89   88   87   86   85
   85   84   85   86   85   80   79   84   94                                   
    75.0-180.0 180.0   5.0 450.0                            LAT/LON1/LON2/DLON/H
   82   82   83   83   84   86   88   90   92   93   94   95   97   99  101  104
  107  111  115  120  124  129  133  136  139  141  143  145  146  147  147  146
  144  141  138  133  127  120  113  106   99   93   87   83   79   76   75   74
   75   76   77   80   82   84   85   86   87   87   86   86   84   83   81   80
   79   78   78   76   76   72   70   66   82                                   
    72.5-180.0 180.0   5.0 450.0                            LAT/LON1/LON2/DLON/H
   78   78   78   82   81   84   87   88   89   91   92   95   98  101  105  110
  116  122  129  135  142  147  152  156  158  160  161  162  162  163  163  162
  160  158  154  149  143  136  128  120  112  104   97   91   86   82   79   77
   76   76   77   79   80   81   83   83   84   84   84   83   82   81   79   78
   76   76   76   74   73   70   69   69   78                                   
    70.0-180.0 180.0   5.0 450.0                            LAT/LON1/LON2/DLON/H
   75   76   76   79   78   80   81   83   85   88   91   95   99  105  111  118
  126  135  144  153  162  169  174  177  179  179  178  177  176  175  174  173
  172  169  166  161  155  148  140  132  124  116  108  101   94   89   84   81
   78   76   76   75   75   76   76   77   78   78   79   79   79   78   78   77
   75   75   76   74   74   71   73   70   75                                   
    67.5-180.0 180.0   5.0 450.0                            LAT/LON1/LON2/DLON/H
   73   75   74   78   79   82   82   85   87   91   95  101  107  115  123  133
  143  155  167  178  188  195  201  203  203  200  197  193  190  187  185  184
  182  180  177  173  167  161  153  146  138  130  122  114  106   99   92   86
   81   76   73   71   70   69   69   70   71   73   74   76   77   78   79   79
   79   78   79   76   75   74   73   70   73                                   
    65.0-180.0 180.0   5.0 450.0                            LAT/LON1/LON2/DLON/H
   66   69   67   73   74   77   77   81   84   89   95  103  111  120  131  142
  155  169  183  196  207  216  221  222  220  215  209  203  197  193  190  189
  187  185  183  178  173  168  161  155  148  140  132  123  114  104   95   86
   78   71   65   61   58   56   56   57   59   62   65   68   71   73   75   76
   77   77   78   76   75   75   74   71   66                                   
    62.5-180.0 180.0   5.0 450.0                            LAT/LON1/LON2/DLON/H
   56   60   58   65   67   70   71   75   80   87   94  104  114  126  138  151
  165  180  196  210  223  232  237  237  234  227  219  210  203  198  195  193
  192  190  187  183  178  172  166  160  154  147  139  129  118  106   94   82
   71   62   54   49   45   43   43   45   47   51   55   60   64   67   69   71
   72   73   74   71   71   70   68   66   56                                   
    60.0-180.0 180.0   5.0 450.0                            LAT/LON1/LON2/DLON/H
   45   49   47   54   56   59   62   66   72   81   91  102  114  127  140  153
  169  185  201  217  231  240  246  246  241  234  225  216  209  204  201  199
  198  196  192  187  181  176  170  164  159  152  143  132  120  106   91   77
   65   54   45   39   35   33   33   35   39   43   48   53   57   61   63   65
   66   67   67   64   64   62   60   60   45                                   
    57.5-180.0 180.0   5.0 450.0                            LAT/LON1/LON2/DLON/H
   36   39   39   46   48   50   54   59   66   76   88  100  114  127  140  154
  170  186  203  219  234  244  250  251  247  240  232  224  218  214  212  211
  209  206  202  196  189  183  177  171  166  159  149  138  124  108   92   77
   63   52   44   38   34   32   32   35   38   42   47   52   56   59   61   62
   63   63   63   60   59   56   54   55   36                                   
    55.0-180.0 180.0   5.0 450.0                            LAT/LON1/LON2/DLON/H
   34   36   36   43   43   46   50   56   64   75   87  101  114  128  142  156
  171  187  204  221  235  246  252  254  252  247  241  235  231  228  227  226
  224  221  215  208  201  194  188  182  176  169  159  146  130  113   97   81
   68   58   50   45   42   40   41   43   46   49   53   57   61   63   64   64
   64   63   64   61   59   55   52   54   34                                   
    52.5-180.0 180.0   5.0 450.0                            LAT/LON1/LON2/DLON/H
   40   41   41   46   46   48   53   58   67   78   91  105  118  132  146  160
  175  191  208  223  237  248  255  259  259  256  253  249  247  245  245  244
  241  237  230  222  215  208  202  197  191  183  172  158  141  124  107   93
   81   72   65   61   59   58   58   59   61   64   67   69   71   72   73   73
   71   71   71   68   66   61   58   59   40                                   
    50.0-180.0 180.0   5.0 450.0                            LAT/LON1/LON2/DLON/H
   55   54   54   57   57   59   63   68   77   88  101  114  128  141  154  169
  184  201  216  231  243  254  261  266  269  269  268  266  264  263  261  259
  256  251  244  237  230  224  220  215  209  200  188  173  155  138  122  108
   98   90   85   81   79   78   78   79   80   82   83   85   86   86   87   86
   85   85   85   83   81   75   72   69   55                                   
    47.5-180.0 180.0   5.0 450.0                            LAT/LON1/LON2/DLON/H
   76   73   72   74   74   76   79   84   93  104  116  129  141  154  168  183
  199  215  230  243  254  264  271  278  282  284  284  283  280  276  273  269
  264  258  252  246  242  239  237  233  227  217  204  188  170  152  137  124
  115  108  103   99   97   95   94   95   95   97   98   99  100  101  102  102
  101  102  102  102  100   94   91   85   76                                   
    45.0-180.0 180.0   5.0 450.0                            LAT/LON1/LON2/DLON/H
   98   93   90   92   92   94   97  102  111  122  134  146  159  171  186  202
  218  234  247  259  268  276  284  291  297  300  300  296  290  283  276  269
  263  257  253  250  250  250  251  248  242  231  217  199  181  164  149  137
  128  120  114  109  105  102  100  100  101  103  106  108  111  113  116  117
  117  118  119  119  119  114  110  103   98                                   
    42.5-180.0 180.0   5.0 450.0                            LAT/LON1/LON2/DLON/H
  115  109  104  106  107  109  112  118  128  140  152  165  177  190  206  223
  239  254  266  275  282  289  297  304  310  313  311  304  294  283  272  263
  256  252  250  251  255  259  261  260  253  241  225  207  188  171  157  144
  134  125  117  109  102   97   94   94   97  100  105  110  115  119  123  126
  127  129  129  131  132  128  124  118  115                                   
    40.0-180.0 180.0   5.0 450.0                            LAT/LON1/LON2/DLON/H
  121  116  110  113  115  116  120  128  139  153  167  180  194  209  225  243
  260  273  283  290  296  301  308  315  320  321  316  307  293  279  267  257
  252  250  251  256  263  269  273  270  262  247  230  211  192  176  161  148
  136  125  114  103   93   86   82   82   86   92   99  106  113  119  124  128
  129  131  132  132  133  131  127  123  121                                   
    37.5-180.0 180.0   5.0 450.0                            LAT/LON1/LON2/DLON/H
  116  111  105  110  113  113  119  128  142  159  176  192  208  225  243  262
  278  290  298  303  307  312  317  323  326  325  319  308  294  280  269  262
  260  261  266  274  282  288  289  284  272  255  235  215  197  180  165  152
  139  127  113  100   87   77   71   72   77   84   93  101  108  115  121  124
  125  126  126  124  124  122  119  117  116                                   
    35.0-180.0 180.0   5.0 450.0                            LAT/LON1/LON2/DLON/H
  102   97   93   99  102  101  108  120  137  158  179  199  218  238  258  278
  293  304  311  315  318  322  326  330  331  329  323  312  301  291  285  284
  287  293  301  310  318  321  317  306  288  267  245  225  206  190  176  162
  150  137  123  108   93   80   73   73   78   86   94  102  108  113  117  120
  119  118  116  112  109  107  103  104  102                                   
    32.5-180.0 180.0   5.0 450.0                            LAT/LON1/LON2/DLON/H
   87   82   79   84   86   83   93  106  126  151  177  202  226  249  271  291
  307  317  323  326  330  333  335  337  338  336  331  325  319  317  320  327
  338  350  361  371  376  372  360  340  315  289  265  243  225  210  196  185
  174  163  151  136  119  105   95   92   96  102  109  114  116  118  119  119
  117  114  110  103   97   92   89   91   87                                   
    30.0-180.0 180.0   5.0 450.0                            LAT/LON1/LON2/DLON/H
   76   71   67   71   71   67   77   91  114  143  174  204  232  258  282  303
  318  328  334  339  343  346  347  348  348  347  347  347  350  359  375  394
  415  433  448  455  454  441  417  387  354  323  296  274  256  242  230  221
  215  209  200  187  170  153  140  133  133  136  139  139  137  134  131  129
  124  119  113  103   95   87   83   84   76                                   
    27.5-180.0 180.0   5.0 450.0                            LAT/LON1/LON2/DLON/H
   74   69   63   64   61   56   66   80  105  137  171  205  237  266  291  313
  328  339  347  353  359  362  362  362  362  365  370  379  395  419  450  484
  515  540  554  556  543  517  481  441  402  367  339  317  300  287  278  273
  272  272  270  261  244  224  205  192  186  184  182  177  170  162  156  151
  144  138  130  117  106   95   88   84   74                                   
    25.0-180.0 180.0   5.0 450.0                            LAT/LON1/LON2/DLON/H
   83   76   66   64   60   54   64   77  103  136  172  209  243  273  300  321
  338  350  361  371  378  381  380  379  381  388  401  422  452  491  539  587
  627  652  659  648  622  584  540  494  453  418  391  370  354  342  335  335
  340  347  352  348  332  309  284  264  250  242  234  224  212  201  192  185
  177  171  160  147  132  116  104   94   83                                   
    22.5-180.0 180.0   5.0 450.0                            LAT/LON1/LON2/DLON/H
  103   93   76   72   67   60   70   83  108  141  179  216  250  281  308  331
  349  364  378  390  399  402  401  399  404  417  440  473  517  571  630  685
  723  739  733  710  675  632  585  540  501  469  446  427  413  402  396  398
  408  422  434  435  420  394  363  335  314  299  286  272  257  244  234  227
  219  213  200  188  168  146  130  113  103                                   
    20.0-180.0 180.0   5.0 450.0                            LAT/LON1/LON2/DLON/H
  129  115   92   85   79   73   83   95  120  153  190  226  260  291  318  342
  362  381  398  414  424  426  424  423  432  453  486  530  583  643  703  752
  780  783  766  736  698  656  615  575  543  518  499  483  469  457  451  453
  464  482  498  502  489  460  425  392  366  346  329  313  298  285  275  268
  260  255  240  230  207  179  161  138  129                                   
    17.5-180.0 180.0   5.0 450.0                            LAT/LON1/LON2/DLON/H
  153  137  110  100   94   89   99  111  136  168  204  239  273  303  331  357
  380  402  423  440  451  452  450  452  467  496  537  586  639  693  741  776
  791  786  764  734  700  664  630  601  578  560  546  533  517  502  491  489
  497  513  529  534  522  494  458  423  395  374  356  341  327  315  307  300
  293  288  273  263  238  208  189  163  153                                   
    15.0-180.0 180.0   5.0 450.0                            LAT/LON1/LON2/DLON/H
  170  153  124  113  106  104  115  128  152  184  219  254  287  318  348  376
  403  428  452  471  481  482  481  486  507  542  587  633  676  714  745  766
  772  763  742  716  688  661  638  620  606  596  586  572  553  532  512  502
  503  513  524  527  515  490  458  427  401  382  366  353  341  331  324  317
  309  304  289  278  255  224  206  180  170                                   
    12.5-180.0 180.0   5.0 450.0                            LAT/LON1/LON2/DLON/H
  177  158  131  120  115  115  128  143  169  201  235  270  303  335  368  399
  429  458  484  504  514  515  516  526  552  590  632  668  695  715  731  741
  741  731  714  694  674  656  643  634  629  625  616  600  576  546  517  496
  485  485  488  488  478  458  434  410  391  376  364  352  342  332  325  317
  307  301  286  275  254  225  209  184  177                                   
    10.0-180.0 180.0   5.0 450.0                            LAT/LON1/LON2/DLON/H
  173  154  129  122  118  121  137  156  184  218  253  287  321  355  390  425
  459  491  518  538  548  550  555  569  597  633  667  691  704  711  716  718
  715  707  694  679  665  654  649  648  648  646  637  618  587  549  511  478
  456  445  440  437  429  417  402  388  377  368  359  347  335  324  315  305
  293  284  269  257  239  215  199  177  173                                   
     7.5-180.0 180.0   5.0 450.0                            LAT/LON1/LON2/DLON/H
  164  145  123  120  119  124  144  166  198  234  271  306  341  377  414  452
  489  522  551  572  582  587  595  612  638  669  694  708  712  712  710  709
