data/edconvlstm_nd/pred1650.15i
     1.0            IONOSPHERE MAPS     GNSS                IONEX VERSION / TYPE
pyspatialgeodesy        IME             05-JAN-18 20:20     PGM / RUN BY / DATE 
Map Name                                                    COMMENT             
Predicted global ionosphere maps (GIM).                     DESCRIPTION         
  2015     6    14     0     0     0                        EPOCH OF FIRST MAP  
  2015     6    15     0     0     0                        EPOCH OF LAST MAP   
  7200                                                      INTERVAL            
    13                                                      # OF MAPS IN FILE   
  NONE                                                      MAPPING FUNCTION    
10.0                                                        ELEVATION CUTOFF    
One-way carrier phase leveled to code                       OBSERVABLES USED    
  6371.0                                                    BASE RADIUS         
 2                                                          MAP DIMENSION       
   450.0 450.0   0.0                                        HGT1 / HGT2 / DHGT  
    87.5 -87.5  -2.5                                        LAT1 / LAT2 / DLAT  
  -180.0 180.0   5.0                                        LON1 / LON2 / DLON  
    -1                                                      EXPONENT            
                                                            END OF HEADER       
[from data line 1716]
     5                                                      START OF TEC MAP    
  2015     6    14     8     0     0                        EPOCH OF CURRENT MAP
    87.5-180.0 180.0   5.0 450.0                            LAT/LON1/LON2/DLON/H
  181  171  165  169  172  172  171  171  174  176  177  179  180  182  183  184
  184  185  185  185  185  185  185  184  183  183  182  181  180  179  179  178
  177  177  176  176  176  176  175  175  175  175  175  175  175  175  174  174
  174  173  173  172  171  170  169  168  167  166  165  164  163  162  161  160
  160  161  159  160  163  163  167  173  181                                   
    85.0-180.0 180.0   5.0 450.0                            LAT/LON1/LON2/DLON/H
  169  163  165  166  169  172  174  176  179  181  183  186  187  189  191  192
  192  193  193  194  193  193  193  192  191  190  189  189  188  187  186  185
  185  184  184  184  184  184  184  184  184  184  184  184  184  183  183  183
  182  181  180  179  178  177  176  174  173  171  169  168  166  165  163  162
  162  162  158  159  156  156  162  169  169                                   
    82.5-180.0 180.0   5.0 450.0                            LAT/LON1/LON2/DLON/H
  161  163  162  160  163  167  170  173  177  181  183  187  189  191  193  194
  195  196  196  196  196  195  194  193  191  190  189  187  186  185  184  183
  183  183  183  184  185  185  186  187  188  188  189  190  190  190  190  190
  189  189  188  186  185  183  181  179  177  175  172  169  167  164  161  159
  157  155  150  152  151  153  156  151  161                                   
    80.0-180.0 180.0   5.0 450.0                            LAT/LON1/LON2/DLON/H
  162  162  161  161  163  166  171  175  180  183  186  190  193  195  197  198
  198  198  198  197  196  195  193  190  188  186  184  181  180  178  178  178
  178  179  180  182  184  187  189  191  194  196  198  200  201  203  204  205
  205  205  205  204  203  201  199  197  194  191  188  184  181  177  173  169
  166  162  156  156  153  153  160  150  162                                   
    77.5-180.0 180.0   5.0 450.0                            LAT/LON1/LON2/DLON/H
  167  165  165  165  167  170  174  178  183  186  189  192  194  196  197  198
  198  198  197  196  194  191  189  186  182  179  176  174  172  171  171  172
  174  177  180  184  189  193  197  202  206  210  214  217  221  223  226  228
  229  230  230  230  229  228  226  223  220  217  213  209  205  199  194  189
  183  178  169  167  165  160  161  157  167                                   
    75.0-180.0 180.0   5.0 450.0                            LAT/LON1/LON2/DLON/H
  170  171  167  168  170  173  176  179  184  186  188  190  191  192  192  192
  192  191  190  189  186  184  180  176  172  168  164  162  160  160  161  164
  168  173  179  185  192  198  205  211  217  223  228  234  239  243  246  249
  251  253  254  254  253  252  250  248  245  242  239  235  230  225  219  213
  206  199  188  180  175  170  169  164  170                                   
    72.5-180.0 180.0   5.0 450.0                            LAT/LON1/LON2/DLON/H
  173  176  172  172  173  174  178  180  183  184  185  185  185  184  184  183
  182  181  180  179  177  174  170  166  162  157  153  151  150  151  154  159
  166  173  181  190  198  206  214  222  229  236  243  250  256  261  265  268
  270  271  271  271  270  268  266  264  262  259  257  254  250  246  240  235
  227  220  209  200  189  181  178  175  173                                   
    70.0-180.0 180.0   5.0 450.0                            LAT/LON1/LON2/DLON/H
  179  179  175  174  172  172  174  175  177  177  176  175  174  172  170  169
  168  167  166  166  164  162  158  154  150  145  142  140  141  143  149  156
  165  174  185  195  204  214  223  231  240  248  255  262  269  274  278  280
  281  281  280  277  275  272  269  267  265  263  262  260  259  256  253  249
  242  235  224  214  202  193  191  187  179                                   
    67.5-180.0 180.0   5.0 450.0                            LAT/LON1/LON2/DLON/H
  182  183  177  176  172  169  170  169  169  168  166  165  163  160  158  156
  155  154  154  154  153  152  149  146  142  138  136  135  137  142  149  158
  168  180  191  202  212  222  232  240  249  258  266  273  280  284  287  288
  287  285  281  277  272  268  264  260  258  257  256  256  257  256  255  253
  249  244  234  224  212  203  199  196  182                                   
    65.0-180.0 180.0   5.0 450.0                            LAT/LON1/LON2/DLON/H
  187  188  180  177  170  165  163  161  160  158  156  154  152  149  147  144
  143  142  143  143  143  142  141  139  136  134  134  135  139  145  154  165
  176  188  200  211  222  232  241  250  259  267  276  283  290  294  295  295
  292  287  281  274  267  261  255  251  248  247  246  247  249  250  251  251
  249  246  239  232  222  214  211  207  187                                   
    62.5-180.0 180.0   5.0 450.0                            LAT/LON1/LON2/DLON/H
  193  195  186  180  170  162  158  153  151  148  146  144  142  140  137  135
  133  132  132  133  134  134  133  133  133  133  135  139  145  153  163  174
  186  198  209  220  230  239  248  257  266  275  284  292  298  302  303  300
  296  289  281  273  265  257  251  245  241  238  237  238  240  241  243  245
  245  245  240  235  228  223  221  218  193                                   
    60.0-180.0 180.0   5.0 450.0                            LAT/LON1/LON2/DLON/H
  202  204  194  185  172  162  154  146  142  138  136  134  133  131  129  126
  124  123  123  123  124  125  126  127  129  133  138  144  153  162  173  184
  195  206  216  226  235  244  253  262  272  281  291  299  305  309  310  307
  301  294  286  278  270  261  253  246  241  236  234  233  233  234  236  238
  239  240  239  237  234  232  232  228  202                                   
    57.5-180.0 180.0   5.0 450.0                            LAT/LON1/LON2/DLON/H
  215  216  206  194  180  166  155  143  136  130  127  126  125  123  121  119
  117  116  115  115  115  117  119  122  127  133  141  151  161  172  183  193
  203  212  220  229  238  247  257  266  276  286  296  305  312  317  318  315
  311  304  298  290  282  274  266  258  250  244  239  236  234  233  233  234
  235  238  239  239  239  241  242  239  215                                   
    55.0-180.0 180.0   5.0 450.0                            LAT/LON1/LON2/DLON/H
  230  231  222  208  192  176  161  146  135  126  121  119  118  116  115  114
  112  111  110  109  109  110  113  117  125  134  145  157  170  181  192  201
  208  215  222  230  239  249  259  269  279  290  300  310  318  324  326  326
  323  319  314  308  302  295  286  277  268  259  252  246  241  237  235  235
  235  238  240  242  245  250  252  249  230                                   
    52.5-180.0 180.0   5.0 450.0                            LAT/LON1/LON2/DLON/H
  247  247  240  225  209  191  173  154  139  127  119  115  113  111  111  110
  110  109  108  107  106  107  110  116  125  137  150  164  178  190  199  206
  212  217  223  231  240  251  262  273  283  293  303  314  323  331  336  337
  337  335  333  330  325  319  310  300  289  279  269  260  253  247  242  240
  240  243  245  248  251  258  261  259  247                                   
    50.0-180.0 180.0   5.0 450.0                            LAT/LON1/LON2/DLON/H
  262  261  256  242  227  209  189  167  149  133  122  115  111  109  109  109
  110  111  111  110  109  109  112  119  129  142  157  172  185  197  205  211
  215  218  224  232  243  255  267  278  287  296  306  317  328  338  345  349
  351  352  352  351  348  342  333  323  311  299  287  277  267  259  253  249
  248  250  252  255  259  266  268  267  262                                   
    47.5-180.0 180.0   5.0 450.0                            LAT/LON1/LON2/DLON/H
  273  271  268  256  243  225  206  182  161  143  129  119  113  110  110  111
  114  116  117  117  115  116  119  126  137  151  165  180  193  203  211  215
  218  221  226  235  247  261  274  284  293  300  309  320  333  344  353  360
  364  366  368  368  365  360  351  340  328  315  303  291  280  271  264  260
  258  260  261  262  265  272  274  273  273                                   
    45.0-180.0 180.0   5.0 450.0                            LAT/LON1/LON2/DLON/H
  277  275  273  263  252  237  219  196  175  155  139  128  120  115  114  116
  120  124  126  126  125  126  129  137  148  161  175  188  200  210  217  221
  223  226  231  241  254  269  283  293  300  306  314  325  338  351  363  370
  376  379  381  381  378  372  364  353  340  328  315  303  292  282  275  271
  269  270  270  270  271  277  277  277  277                                   
    42.5-180.0 180.0   5.0 450.0                            LAT/LON1/LON2/DLON/H
  276  272  270  261  253  240  225  206  186  167  151  139  129  123  121  123
  128  133  136  136  136  137  141  149  160  172  185  197  207  216  223  228
  231  234  239  249  264  280  294  304  310  315  321  332  346  360  373  381
  387  391  393  394  391  385  376  365  354  341  328  315  303  293  287  283
  281  281  280  278  277  281  280  279  276                                   
    40.0-180.0 180.0   5.0 450.0                            LAT/LON1/LON2/DLON/H
  272  266  262  252  245  235  224  209  193  177  163  151  142  135  132  133
  137  141  144  145  145  147  152  160  171  183  194  204  214  223  230  236
  239  243  249  259  274  292  306  316  321  325  331  342  356  371  384  394
  401  406  410  411  409  404  396  387  375  363  348  334  320  309  301  297
  294  294  291  287  284  286  284  282  272                                   
    37.5-180.0 180.0   5.0 450.0                            LAT/LON1/LON2/DLON/H
  269  260  254  241  233  224  217  207  196  184  174  165  156  149  145  144
  146  149  150  150  151  154  160  170  181  191  201  210  219  228  237  244
  249  253  259  270  286  303  319  329  334  338  344  354  369  385  399  410
  419  427  434  439  440  438  432  423  412  399  382  364  347  332  321  315
  311  309  304  299  294  294  291  287  269                                   
    35.0-180.0 180.0   5.0 450.0                            LAT/LON1/LON2/DLON/H
  272  260  249  232  222  213  208  202  196  189  183  178  171  165  159  157
  156  155  154  153  154  158  166  176  187  197  206  214  223  233  243  251
  257  262  268  280  296  315  332  343  348  352  358  369  384  400  416  429
  441  454  467  478  485  487  484  478  467  452  432  409  386  365  350  340
  333  328  321  314  307  306  301  296  272                                   
    32.5-180.0 180.0   5.0 450.0                            LAT/LON1/LON2/DLON/H
  282  267  252  231  218  208  204  201  198  195  193  191  187  181  175  170
  165  161  158  155  155  160  169  181  192  201  209  216  225  236  246  256
  263  269  276  288  305  325  343  355  362  366  373  384  400  417  434  450
  468  487  508  528  542  551  552  548  537  520  496  467  437  409  388  372
  360  352  342  333  324  321  315  309  282                                   
    30.0-180.0 180.0   5.0 450.0                            LAT/LON1/LON2/DLON/H
  301  284  264  241  225  214  209  207  205  205  205  206  204  199  192  184
  176  168  162  157  157  163  173  185  196  204  210  217  226  236  247  257
  265  272  281  294  313  334  353  366  374  379  387  399  416  434  452  472
  496  523  553  582  606  621  627  625  614  595  567  533  496  461  432  409
  392  379  366  355  344  340  331  327  301                                   
    27.5-180.0 180.0   5.0 450.0                            LAT/LON1/LON2/DLON/H
  324  306  284  262  244  233  226  223  220  220  221  223  222  217  209  199
  188  178  168  162  162  168  179  190  199  205  210  216  224  234  244  254
  263  272  283  298  318  340  360  374  383  390  399  412  429  448  469  493
  522  557  596  634  665  686  696  696  686  665  635  596  554  513  477  448
  425  409  393  379  366  358  349  345  324                                   
    25.0-180.0 180.0   5.0 450.0                            LAT/LON1/LON2/DLON/H
  348  330  309  290  272  262  253  248  244  241  241  242  241  235  226  214
  202  189  179  172  171  177  187  196  203  206  209  213  219  228  238  248
  258  269  282  300  322  344  364  379  389  398  408  422  440  460  482  509
  542  583  628  671  706  730  741  742  732  712  682  644  601  558  518  484
  458  438  419  403  386  375  364  361  348                                   
    22.5-180.0 180.0   5.0 450.0                            LAT/LON1/LON2/DLON/H
  367  350  331  319  303  295  286  280  272  267  264  263  260  253  243  230
  217  204  193  185  184  189  196  203  206  206  205  207  211  219  228  238
  249  263  280  301  324  347  367  382  393  403  415  430  449  469  492  520
  554  596  641  683  717  739  748  748  738  721  695  663  625  585  547  512
  484  463  444  424  404  388  375  371  367                                   
    20.0-180.0 180.0   5.0 450.0                            LAT/LON1/LON2/DLON/H
  377  360  346  340  329  323  315  309  300  292  286  282  277  269  258  246
  233  220  209  201  199  202  206  208  207  202  198  197  200  206  215  226
  239  256  277  300  325  348  368  383  396  407  421  437  456  476  498  525
  557  595  634  669  695  710  715  713  705  692  674  651  624  592  560  529
  503  482  463  441  418  396  382  375  377                                   
    17.5-180.0 180.0   5.0 450.0                            LAT/LON1/LON2/DLON/H
  376  358  349  348  341  339  334  329  320  311  303  297  290  281  270  258
  247  236  226  217  213  213  213  210  204  195  187  183  184  190  200  213
  229  249  273  299  325  349  369  385  399  413  428  445  463  483  503  526
  553  582  610  633  649  655  656  652  647  641  633  621  605  584  560  535
  513  495  478  455  428  401  384  372  376                                   
    15.0-180.0 180.0   5.0 450.0                            LAT/LON1/LON2/DLON/H
  366  346  340  340  337  337  335  333  326  318  311  304  297  287  277  267
  258  249  239  230  223  219  214  207  196  183  172  166  166  173  184  200
  220  243  269  296  323  348  369  387  403  419  436  453  471  489  507  526
  545  564  580  590  594  594  591  588  587  587  588  587  581  570  554  536
  518  504  488  465  437  405  386  368  366                                   
    12.5-180.0 180.0   5.0 450.0                            LAT/LON1/LON2/DLON/H
  355  333  326  321  320  318  318  319  317  312  306  301  295  287  278  270
  264  257  248  238  227  218  209  197  183  167  155  147  147  155  170  189
  212  237  263  291  319  345  368  388  407  425  444  462  479  496  512  527
  540  549  554  553  550  545  542  542  545  551  558  563  564  560  550  536
  522  510  497  474  447  411  389  367  355                                   
    10.0-180.0 180.0   5.0 450.0                            LAT/LON1/LON2/DLON/H
  350  325  313  301  296  291  291  294  294  293  291  289  284  278  272  267
  263  258  250  237  224  210  197  182  166  149  136  128  129  139  156  179
  204  230  257  284  311  338  362  385  407  428  449  468  485  501  516  530
  540  544  542  536  529  524  523  527  534  543  552  559  562  560  551  539
  527  517  505  484  458  421  397  372  350                                   
     7.5-180.0 180.0   5.0 450.0                            LAT/LON1/LON2/DLON/H
  355  329  310  288  277  267  264  266  267  268  269  269  267  263  259  257
  255  252  243  230  214  197  180  164  147  131  118  111  113  124  145  170
