data/edconvlstm_nd/pred2280.15i
     1.0            IONOSPHERE MAPS     GNSS                IONEX VERSION / TYPE
pyspatialgeodesy        IME             05-JAN-18 20:20     PGM / RUN BY / DATE 
Map Name                                                    COMMENT             
Predicted global ionosphere maps (GIM).                     DESCRIPTION         
  2015     8    16     0     0     0                        EPOCH OF FIRST MAP  
  2015     8    17     0     0     0                        EPOCH OF LAST MAP   
  7200                                                      INTERVAL            
    13                                                      # OF MAPS IN FILE   
  NONE                                                      MAPPING FUNCTION    
10.0                                                        ELEVATION CUTOFF    
One-way carrier phase leveled to code                       OBSERVABLES USED    
  6371.0                                                    BASE RADIUS         
 2                                                          MAP DIMENSION       
   450.0 450.0   0.0                                        HGT1 / HGT2 / DHGT  
    87.5 -87.5  -2.5                                        LAT1 / LAT2 / DLAT  
  -180.0 180.0   5.0                                        LON1 / LON2 / DLON  
    -1                                                      EXPONENT            
                                                            END OF HEADER       
[from data line 3003]
     8                                                      START OF TEC MAP    
  2015     8    16    14     0     0                        EPOCH OF CURRENT MAP
    87.5-180.0 180.0   5.0 450.0                            LAT/LON1/LON2/DLON/H
   96  103  100  105  108  108  107  104  105  108  107  108  108  109  109  109
  109  110  110  110  110  110  110  110  110  110  109  109  109  109  108  108
  108  107  106  106  105  105  105  104  104  104  104  104  105  105  106  106
  107  107  108  108  109  109  110  110  110  110  110  110  109  109  108  108
  107  107  104  100  104   98  110  109   96                                   
    85.0-180.0 180.0   5.0 450.0                            LAT/LON1/LON2/DLON/H
   99  100  112  101  102  107  106  108  109  111  111  112  112  113  113  114
  114  114  114  114  114  114  114  114  114  114  114  114  113  113  112  112
  111  110  110  109  108  107  107  107  106  107  107  107  108  108  109  110
  111  112  113  114  115  116  116  117  117  117  117  117  116  115  115  114
  114  112  106  100   98   95  101  102   99                                   
    82.5-180.0 180.0   5.0 450.0                            LAT/LON1/LON2/DLON/H
   88   95   98   93   95  100  103  105  106  108  109  111  111  112  112  113
  113  113  114  114  114  114  114  114  114  114  115  115  115  115  114  114
  113  111  110  109  107  106  105  104  104  103  104  104  105  107  108  110
  112  113  115  117  118  120  121  121  122  122  121  121  119  118  116  114
  113  110  104   99   95   98   91   88   88                                   
    80.0-180.0 180.0   5.0 450.0                            LAT/LON1/LON2/DLON/H
   81   81   88   86   87   89   92   97   99  102  103  105  106  107  107  108
  108  108  108  108  108  108  108  109  109  110  111  112  112  113  112  111
  110  108  106  103  100   98   96   95   94   94   94   95   97   99  102  104
  107  109  112  114  116  118  120  121  121  121  121  120  119  117  114  112
  109  106  100   95   88   87   85   86   81                                   
    77.5-180.0 180.0   5.0 450.0                            LAT/LON1/LON2/DLON/H
   84   79   82   82   83   87   90   94   97   99  100  102  102  103  104  104
  104  104  104  104  104  104  105  106  107  109  111  113  115  116  117  116
  115  112  109  105  101   97   94   91   90   89   90   91   94   96   99  103
  106  109  112  115  118  120  122  123  124  124  124  122  121  118  115  111
  108  103   98   93   88   81   80   83   84                                   
    75.0-180.0 180.0   5.0 450.0                            LAT/LON1/LON2/DLON/H
   78   76   74   77   80   85   87   91   95   98   98  100  100  101  101  101
  101  101  100  100  100  100  101  102  104  107  110  114  117  120  123  123
  122  119  115  110  104   98   93   90   87   87   87   89   92   95   98  102
  105  108  111  114  117  119  121  122  123  123  123  122  120  118  115  111
  107  102   97   89   86   79   78   73   78                                   
    72.5-180.0 180.0   5.0 450.0                            LAT/LON1/LON2/DLON/H
   76   73   73   77   79   85   89   92   94   97   97   98   98   99   99   99
   98   98   98   97   97   97   97   98  100  104  108  114  119  125  129  132
  132  130  125  119  112  104   98   93   89   88   89   91   93   96   99  102
  105  107  109  111  113  115  116  118  119  119  119  118  117  115  112  109
  105  100   95   88   83   78   76   76   76                                   
    70.0-180.0 180.0   5.0 450.0                            LAT/LON1/LON2/DLON/H
   76   72   73   77   78   83   86   90   92   95   95   96   96   97   96   96
   96   96   96   95   94   94   93   94   96  100  106  113  121  130  137  142
  145  143  139  132  123  114  106  100   96   95   95   97   99  101  103  104
  105  106  106  107  108  108  109  110  111  111  111  111  110  109  107  105
  101   97   93   86   82   77   79   77   76                                   
    67.5-180.0 180.0   5.0 450.0                            LAT/LON1/LON2/DLON/H
   75   73   75   78   80   84   87   90   92   94   94   95   96   96   96   97
   97   97   96   96   94   93   92   92   93   97  103  111  122  133  144  152
  157  157  153  146  137  127  118  111  107  105  105  106  107  108  108  108
  107  106  104  103  103  102  102  102  102  102  103  102  102  101  101   99
   97   93   90   84   79   76   76   75   75                                   
    65.0-180.0 180.0   5.0 450.0                            LAT/LON1/LON2/DLON/H
   75   75   76   79   79   83   85   89   90   92   93   94   95   96   97   97
   98   98   98   97   95   93   92   90   91   94  101  111  124  138  152  163
  171  173  171  164  154  144  135  127  123  121  121  121  121  120  118  115
  112  109  105  103  101   99   98   97   97   96   96   95   95   94   94   93
   92   89   87   82   79   77   78   77   75                                   
    62.5-180.0 180.0   5.0 450.0                            LAT/LON1/LON2/DLON/H
   74   74   76   78   78   81   83   86   87   89   90   92   94   95   97   98
   99   99   99   98   96   94   91   90   90   93   99  110  125  141  158  173
  183  187  186  180  171  161  151  144  140  138  138  137  135  132  128  123
  118  113  109  106  103  100   98   97   95   93   92   90   89   88   87   86
   85   82   81   77   75   74   76   75   74                                   
    60.0-180.0 180.0   5.0 450.0                            LAT/LON1/LON2/DLON/H
   73   73   74   76   75   77   79   81   82   84   85   88   91   93   95   96
   97   98   97   97   95   93   90   89   89   92   99  111  127  146  165  182
  194  200  200  195  186  177  168  162  158  156  155  153  149  145  139  132
  126  121  117  113  111  108  105  102   99   96   93   90   87   84   82   80
   78   75   73   71   70   69   72   71   73                                   
    57.5-180.0 180.0   5.0 450.0                            LAT/LON1/LON2/DLON/H
   70   71   72   73   72   74   74   76   77   79   81   84   87   91   93   95
   96   96   95   94   93   92   90   89   90   94  102  115  133  153  174  192
  205  213  214  210  202  194  186  181  178  175  173  170  165  158  151  144
  138  134  130  128  126  124  121  117  112  107  102   97   92   87   82   78
   75   71   68   65   64   64   67   66   70                                   
    55.0-180.0 180.0   5.0 450.0                            LAT/LON1/LON2/DLON/H
   68   69   69   70   68   70   70   71   71   73   75   79   83   87   90   92
   92   92   91   91   90   90   90   90   93   99  108  123  142  163  184  203
  216  224  226  222  216  209  203  199  196  193  189  184  178  170  162  156
  151  148  146  146  145  144  141  136  131  124  117  109  101   94   87   81
   75   69   65   61   60   59   63   62   68                                   
    52.5-180.0 180.0   5.0 450.0                            LAT/LON1/LON2/DLON/H
   66   66   66   67   65   67   67   67   67   68   70   74   78   82   86   88
   88   88   87   87   87   88   89   92   98  106  118  134  153  175  196  214
  227  235  236  234  229  224  220  216  213  210  205  198  190  181  174  167
  164  162  163  164  165  164  161  157  151  143  134  125  115  106   97   89
   81   73   67   60   58   56   59   58   66                                   
    50.0-180.0 180.0   5.0 450.0                            LAT/LON1/LON2/DLON/H
   65   65   64   65   63   65   65   65   64   65   66   69   73   78   82   84
   85   85   84   84   85   87   90   96  104  115  130  147  168  189  209  226
  238  245  247  246  243  239  237  234  231  226  220  212  202  193  185  179
  176  176  178  180  181  181  179  174  168  160  151  141  130  120  110  101
   92   82   74   65   61   57   59   58   65                                   
    47.5-180.0 180.0   5.0 450.0                            LAT/LON1/LON2/DLON/H
   64   64   64   64   62   64   64   64   64   64   64   67   71   75   79   82
   84   84   84   84   85   88   93  101  112  126  143  163  184  204  223  238
  249  255  258  258  257  256  255  253  249  244  236  227  216  206  197  191
  187  187  188  190  192  191  189  185  179  172  163  154  143  133  124  115
  106   96   86   76   68   62   62   61   64                                   
    45.0-180.0 180.0   5.0 450.0                            LAT/LON1/LON2/DLON/H
   65   65   64   64   61   64   64   65   65   65   65   68   71   75   80   83
   85   86   86   87   89   93   99  108  121  137  157  178  199  219  236  250
  261  267  271  272  273  274  274  273  270  264  255  245  234  223  213  204
  198  195  195  195  195  194  192  188  183  177  169  161  152  144  136  130
  123  113  103   90   80   71   69   66   65                                   
    42.5-180.0 180.0   5.0 450.0                            LAT/LON1/LON2/DLON/H
   66   66   64   64   61   64   65   66   67   68   68   71   74   79   83   86
   89   90   92   93   95  100  107  117  132  149  170  191  213  232  249  262
  273  280  285  289  292  294  296  296  293  287  278  268  256  244  231  220
  210  203  199  196  195  192  189  185  181  176  170  163  156  149  145  142
  138  131  121  107   95   83   78   74   66                                   
    40.0-180.0 180.0   5.0 450.0                            LAT/LON1/LON2/DLON/H
   69   68   65   65   61   64   66   68   69   71   73   76   80   84   89   92
   95   98   99  102  105  110  117  128  142  161  181  203  224  243  260  273
  285  294  301  307  312  316  319  320  317  312  304  295  283  269  254  238
  223  211  203  197  193  189  185  181  176  172  167  161  155  151  149  149
  149  145  137  124  109   95   88   83   69                                   
    37.5-180.0 180.0   5.0 450.0                            LAT/LON1/LON2/DLON/H
   72   71   67   65   61   64   66   69   72   75   78   83   87   92   96  100
  103  106  108  111  115  121  128  139  154  171  191  212  233  251  268  284
  297  309  319  327  334  339  342  343  342  338  332  323  312  297  279  259
  239  222  210  202  196  190  185  179  174  169  163  158  153  150  150  153
  155  155  149  137  122  107   98   92   72                                   
    35.0-180.0 180.0   5.0 450.0                            LAT/LON1/LON2/DLON/H
   78   74   69   66   61   63   65   69   73   79   84   90   96  101  105  108
  111  114  117  121  126  132  140  151  164  181  199  219  239  257  275  293
  309  324  337  347  354  359  363  364  364  361  357  351  341  325  305  281
  257  238  223  213  206  198  191  183  176  169  163  157  151  148  148  152
  157  159  156  146  132  116  107   99   78                                   
    32.5-180.0 180.0   5.0 450.0                            LAT/LON1/LON2/DLON/H
   85   80   73   68   63   63   64   68   74   81   88   96  103  109  114  116
  118  120  124  129  136  143  152  162  175  189  206  224  242  261  281  301
  321  339  354  364  372  376  379  381  381  381  379  374  365  350  328  303
  278  258  243  232  224  215  206  195  185  176  167  159  153  148  147  150
  154  158  156  148  137  122  113  104   85                                   
    30.0-180.0 180.0   5.0 450.0                            LAT/LON1/LON2/DLON/H
   93   87   79   73   66   65   65   68   74   81   90  100  109  117  121  123
  124  126  130  136  144  153  162  172  183  196  211  227  245  264  285  308
  330  351  367  378  385  388  390  392  393  394  394  391  383  368  347  323
  300  281  267  258  249  239  227  214  200  188  177  167  157  150  147  147
  150  153  152  146  138  126  118  109   93                                   
    27.5-180.0 180.0   5.0 450.0                            LAT/LON1/LON2/DLON/H
  102   96   87   80   73   70   68   69   74   81   91  102  113  121  127  129
  130  132  136  143  151  161  171  181  191  202  215  230  247  266  289  313
  338  360  377  387  392  394  395  396  398  400  401  399  392  379  360  339
  319  304  294  287  278  267  252  235  218  202  188  176  165  155  148  145
  144  145  145  141  136  126  121  113  102                                   
    25.0-180.0 180.0   5.0 450.0                            LAT/LON1/LON2/DLON/H
  110  105   96   90   83   79   75   73   76   82   91  102  114  124  131  135
  136  139  143  150  159  168  178  187  197  207  219  233  250  270  293  319
  344  367  383  391  394  394  394  395  396  399  400  399  393  382  366  349
  335  326  320  314  306  292  274  254  234  215  199  185  172  161  151  143
  139  137  136  133  132  125  123  116  110                                   
    22.5-180.0 180.0   5.0 450.0                            LAT/LON1/LON2/DLON/H
  115  113  105  100   94   90   84   81   80   84   90  101  113  125  134  140
  144  147  152  159  167  175  184  192  201  211  223  237  254  275  299  324
  349  371  385  391  392  391  390  390  391  393  394  393  387  377  366  354
  347  343  341  336  326  310  289  267  244  223  205  190  177  165  152  142
  134  130  128  125  126  123  123  118  115                                   
    20.0-180.0 180.0   5.0 450.0                            LAT/LON1/LON2/DLON/H
  118  118  111  109  104  100   94   89   86   87   90   99  111  125  137  146
  152  158  163  169  175  182  189  197  205  215  228  243  261  282  306  330
  353  372  384  389  389  387  385  385  385  386  386  383  378  370  362  356
  354  355  355  349  337  317  294  270  246  225  206  191  179  166  153  140
  129  124  121  119  121  121  122  118  118                                   
    17.5-180.0 180.0   5.0 450.0                            LAT/LON1/LON2/DLON/H
  116  118  113  113  110  107  102   96   91   89   91   97  109  124  139  152
  162  170  176  181  184  188  193  200  209  221  234  251  270  292  314  337
  358  374  384  387  386  385  383  383  382  381  379  375  369  363  358  356
  358  361  360  352  336  314  289  265  242  221  203  189  177  165  152  139
  126  119  115  113  116  117  120  117  116                                   
    15.0-180.0 180.0   5.0 450.0                            LAT/LON1/LON2/DLON/H
  111  115  111  112  110  108  104   98   94   90   90   95  107  123  141  157
  171  182  189  192  194  195  198  204  214  227  243  261  281  302  324  344
  362  376  385  388  388  387  387  386  384  381  376  371  365  360  358  358
  361  363  359  347  327  303  279  256  236  217  200  186  174  163  150  137
  124  116  112  110  112  114  117  114  111                                   
    12.5-180.0 180.0   5.0 450.0                            LAT/LON1/LON2/DLON/H
  104  108  105  106  105  103  101   96   92   89   88   93  104  121  142  162
  179  192  199  202  202  201  203  210  221  236  253  272  293  314  334  353
  368  381  388  392  394  396  396  395  391  386  380  374  369  365  363  363
  365  363  355  339  316  291  268  248  231  215  199  184  172  160  148  135
  123  115  110  108  109  110  113  109  104                                   
    10.0-180.0 180.0   5.0 450.0                            LAT/LON1/LON2/DLON/H
   98  100   96   97   96   93   93   89   87   84   84   89  101  119  141  163
  183  198  207  210  208  207  210  218  230  246  265  284  305  325  344  361
  375  386  394  400  405  408  410  408  403  396  388  382  378  374  372  371
  369  363  350  329  304  280  260  244  231  218  202  187  173  160  148  135
  123  115  110  107  106  107  108  104   98                                   
     7.5-180.0 180.0   5.0 450.0                            LAT/LON1/LON2/DLON/H
   94   94   88   87   86   82   82   79   79   78   80   86   98  117  139  162
  184  200  211  215  214  214  219  228  242  259  277  296  315  334  352  367
