data/edconvlstm_nd/pred2170.15i
     1.0            IONOSPHERE MAPS     GNSS                IONEX VERSION / TYPE
pyspatialgeodesy        IME             05-JAN-18 20:20     PGM / RUN BY / DATE 
Map Name                                                    COMMENT             
Predicted global ionosphere maps (GIM).                     DESCRIPTION         
  2015     8     5     0     0     0                        EPOCH OF FIRST MAP  
  2015     8     6     0     0     0                        EPOCH OF LAST MAP   
  7200                                                      INTERVAL            
    13                                                      # OF MAPS IN FILE   
  NONE                                                      MAPPING FUNCTION    
10.0                                                        ELEVATION CUTOFF    
One-way carrier phase leveled to code                       OBSERVABLES USED    
  6371.0                                                    BASE RADIUS         
 2                                                          MAP DIMENSION       
   450.0 450.0   0.0                                        HGT1 / HGT2 / DHGT  
    87.5 -87.5  -2.5                                        LAT1 / LAT2 / DLAT  
  -180.0 180.0   5.0                                        LON1 / LON2 / DLON  
    -1                                                      EXPONENT            
                                                            END OF HEADER       
[from data line 429]
     2                                                      START OF TEC MAP    
  2015     8     5     2     0     0                        EPOCH OF CURRENT MAP
    87.5-180.0 180.0   5.0 450.0                            LAT/LON1/LON2/DLON/H
  138  143  147  147  146  144  141  140  141  141  141  142  142  141  141  140
  140  139  138  137  136  134  133  132  130  129  128  126  125  124  123  122
  122  121  121  121  121  121  121  121  121  122  122  123  124  124  125  126
  126  127  127  128  128  129  129  129  130  130  130  131  131  131  131  132
  133  135  134  133  136  137  139  138  138                                   
    85.0-180.0 180.0   5.0 450.0                            LAT/LON1/LON2/DLON/H
  144  153  142  150  154  151  151  150  151  151  151  151  151  151  150  149
  148  147  145  143  141  139  137  135  133  131  129  127  126  124  123  122
  121  121  121  121  121  122  123  123  124  125  126  127  128  129  130  131
  132  133  134  135  136  136  137  138  139  139  140  140  141  141  141  142
  143  145  143  145  140  141  142  139  144                                   
    82.5-180.0 180.0   5.0 450.0                            LAT/LON1/LON2/DLON/H
  149  150  157  155  155  155  155  156  158  159  158  159  159  158  157  156
  154  152  150  147  144  141  138  135  132  129  126  124  122  120  118  117
  117  116  117  117  118  119  120  122  123  125  126  128  129  130  132  133
  134  136  137  138  139  140  141  143  144  145  145  146  147  147  148  149
  149  150  147  147  150  139  140  137  149                                   
    80.0-180.0 180.0   5.0 450.0                            LAT/LON1/LON2/DLON/H
  154  156  153  155  155  157  161  163  165  166  166  166  166  166  164  162
  160  157  154  151  147  143  138  134  130  126  122  119  116  114  112  111
  111  111  112  113  115  117  119  121  123  126  128  130  132  134  136  138
  140  141  143  144  145  147  148  150  151  152  153  154  155  155  155  156
  156  155  152  151  158  149  153  146  154                                   
    77.5-180.0 180.0   5.0 450.0                            LAT/LON1/LON2/DLON/H
  156  156  154  159  155  158  164  168  170  171  172  173  173  172  171  168
  166  162  159  154  150  145  139  134  129  125  120  117  114  112  110  110
  110  111  112  114  116  119  121  124  127  130  133  136  139  142  144  146
  148  149  151  152  154  155  157  158  160  161  162  163  164  164  164  164
  163  163  157  157  160  153  154  151  156                                   
    75.0-180.0 180.0   5.0 450.0                            LAT/LON1/LON2/DLON/H
  155  154  152  159  155  159  164  168  172  173  174  176  175  174  173  170
  167  163  158  153  148  142  136  130  125  120  115  111  108  106  106  106
  106  108  110  112  114  117  120  123  126  130  134  137  141  144  147  150
  152  153  154  156  157  158  159  161  163  164  166  167  168  168  168  168
  167  165  160  153  155  152  152  153  155                                   
    72.5-180.0 180.0   5.0 450.0                            LAT/LON1/LON2/DLON/H
  148  153  153  157  156  160  165  170  174  176  178  179  179  177  175  172
  168  164  159  153  148  141  135  129  123  118  113  109  107  105  105  105
  107  109  111  113  115  118  120  123  127  131  135  140  144  149  152  155
  157  158  159  160  161  162  163  165  167  169  170  172  173  173  173  173
  171  169  165  159  156  150  150  153  148                                   
    70.0-180.0 180.0   5.0 450.0                            LAT/LON1/LON2/DLON/H
  149  150  151  157  155  158  164  169  175  177  178  180  179  177  175  171
  167  162  156  150  144  138  131  125  119  113  108  105  103  102  102  103
  105  107  109  110  112  113  115  117  120  124  129  135  141  146  151  154
  156  157  158  158  158  159  160  162  165  167  170  172  173  173  173  174
  172  169  166  161  158  152  152  153  149                                   
    67.5-180.0 180.0   5.0 450.0                            LAT/LON1/LON2/DLON/H
  149  151  151  155  154  156  161  166  171  174  175  177  177  175  172  168
  163  158  152  146  139  132  126  119  113  107  103  100   98   97   98   99
  100  102  103  103  104  104  104  105  108  112  118  124  131  137  143  147
  149  150  150  150  150  151  153  156  159  162  165  168  169  169  169  169
  167  165  162  158  157  152  152  154  149                                   
    65.0-180.0 180.0   5.0 450.0                            LAT/LON1/LON2/DLON/H
  150  152  152  156  154  154  158  163  168  170  172  174  174  173  170  166
  161  155  149  142  135  128  122  115  109  104  100   97   96   95   96   96
   97   98   98   97   96   94   93   93   96  100  106  113  121  129  135  139
  141  142  142  142  142  144  147  151  155  159  163  165  166  166  166  165
  164  162  160  156  157  154  155  158  150                                   
    62.5-180.0 180.0   5.0 450.0                            LAT/LON1/LON2/DLON/H
  155  158  157  160  156  155  158  161  165  167  168  171  171  171  169  165
  160  154  148  141  134  127  120  114  109  104  101   98   96   96   95   96
   95   95   93   91   89   86   84   83   85   90   96  104  113  121  128  133
  135  135  135  135  136  139  143  148  154  159  163  166  167  166  165  164
  162  161  159  157  159  157  160  163  155                                   
    60.0-180.0 180.0   5.0 450.0                            LAT/LON1/LON2/DLON/H
  161  165  164  165  160  157  157  158  161  161  163  165  166  167  166  163
  159  153  146  139  132  126  120  114  110  106  103  101   99   98   97   95
   94   92   89   86   82   79   77   76   78   83   90   98  108  116  123  128
  130  130  130  131  133  137  142  149  156  162  167  169  170  169  167  166
  163  162  161  159  162  161  165  168  161                                   
    57.5-180.0 180.0   5.0 450.0                            LAT/LON1/LON2/DLON/H
  170  175  173  173  167  161  160  159  159  157  157  158  160  161  162  160
  157  152  145  138  132  126  121  117  114  112  109  107  105  103  100   97
   94   90   87   83   79   76   74   75   77   82   88   97  106  115  121  126
  128  129  129  131  134  140  147  155  163  170  174  177  177  175  173  171
  168  166  165  164  167  167  170  174  170                                   
    55.0-180.0 180.0   5.0 450.0                            LAT/LON1/LON2/DLON/H
  180  185  183  183  176  169  166  162  159  154  152  152  153  155  156  156
  153  149  143  137  132  127  124  122  120  119  118  116  113  109  105  100
   95   90   86   82   79   77   77   77   80   85   92   99  108  116  122  127
  130  131  133  135  140  147  156  165  174  180  185  186  186  183  181  178
  175  173  172  171  173  173  176  180  180                                   
    52.5-180.0 180.0   5.0 450.0                            LAT/LON1/LON2/DLON/H
  190  195  194  194  188  180  176  169  163  155  150  148  147  148  150  151
  149  146  142  137  133  130  129  128  128  128  128  126  122  117  111  104
   97   92   87   84   82   82   82   84   87   92   98  105  112  119  125  130
  134  136  139  143  149  157  167  177  185  192  195  196  195  192  190  188
  184  182  181  179  180  179  182  186  190                                   
    50.0-180.0 180.0   5.0 450.0                            LAT/LON1/LON2/DLON/H
  200  205  205  206  200  193  189  180  172  161  152  147  145  144  145  146
  146  145  142  139  136  135  135  136  137  138  138  136  132  126  118  110
  102   96   91   89   88   89   91   93   97  101  106  111  117  123  129  135
  139  144  148  153  160  168  178  188  196  202  204  204  203  200  198  197
  194  193  191  188  188  186  188  192  200                                   
    47.5-180.0 180.0   5.0 450.0                            LAT/LON1/LON2/DLON/H
  209  214  215  218  213  207  203  194  184  171  160  151  146  144  144  145
  145  145  144  142  141  141  142  144  146  147  147  145  141  134  125  116
  108  101   97   95   95   97  100  103  106  110  114  118  122  128  134  140
  146  152  157  163  170  179  188  197  204  208  210  210  208  206  205  205
  204  203  202  198  197  193  195  199  209                                   
    45.0-180.0 180.0   5.0 450.0                            LAT/LON1/LON2/DLON/H
  217  222  223  228  225  221  218  210  199  185  171  160  153  148  147  147
  147  147  147  147  147  148  149  150  152  153  153  151  147  140  131  122
  114  108  104  103  103  105  108  111  115  118  121  124  127  132  138  145
  152  159  166  172  178  186  194  202  208  212  213  213  211  210  211  213
  213  214  213  209  207  202  204  207  217                                   
    42.5-180.0 180.0   5.0 450.0                            LAT/LON1/LON2/DLON/H
  225  229  231  236  235  232  231  223  214  199  185  173  164  157  154  153
  153  153  153  153  153  154  154  154  155  155  155  153  149  143  136  128
  121  116  113  111  110  112  115  118  122  125  127  129  131  136  142  150
  158  165  172  178  184  190  197  204  210  214  216  215  215  215  217  220
  223  226  225  222  219  214  216  219  225                                   
    40.0-180.0 180.0   5.0 450.0                            LAT/LON1/LON2/DLON/H
  234  237  239  243  243  241  240  234  227  213  200  187  177  170  165  163
  161  161  160  159  159  158  157  156  156  155  155  153  150  145  139  133
  128  124  121  119  117  118  120  124  129  132  133  134  136  139  145  153
  162  169  176  181  186  191  198  205  211  216  219  220  221  222  225  230
  235  239  240  237  235  230  233  234  234                                   
    37.5-180.0 180.0   5.0 450.0                            LAT/LON1/LON2/DLON/H
  246  248  249  250  251  248  247  243  237  225  213  202  193  185  179  175
  172  170  168  165  163  161  159  157  156  155  154  152  149  146  142  138
  135  132  129  126  124  124  126  130  135  139  140  140  140  143  148  156
  164  171  177  182  186  192  198  206  214  221  226  229  231  233  237  244
  250  255  258  256  254  250  254  255  246                                   
    35.0-180.0 180.0   5.0 450.0                            LAT/LON1/LON2/DLON/H
  261  264  262  260  261  256  253  250  245  236  226  217  208  201  195  189
  184  179  174  170  166  163  160  158  157  156  154  152  150  147  144  142
  140  139  136  133  130  129  131  136  141  146  147  146  145  146  150  156
  163  170  176  181  186  192  200  210  220  229  236  242  245  249  254  261
  268  275  279  278  277  275  279  279  261                                   
    32.5-180.0 180.0   5.0 450.0                            LAT/LON1/LON2/DLON/H
  281  285  281  275  275  269  264  260  256  248  239  232  225  218  211  203
  195  187  180  173  167  164  162  161  161  160  158  156  153  149  147  145
  145  144  142  139  136  135  137  142  148  152  153  150  147  146  148  154
  160  167  174  180  187  195  205  216  229  240  250  258  263  268  274  281
  289  296  303  303  302  302  307  307  281                                   
    30.0-180.0 180.0   5.0 450.0                            LAT/LON1/LON2/DLON/H
  306  313  306  299  297  289  283  277  272  264  256  249  242  235  227  217
  206  194  183  174  168  165  166  167  169  168  166  163  158  154  150  149
  148  148  146  143  140  139  141  146  152  155  155  151  146  143  143  148
  155  162  171  179  189  200  213  226  241  255  267  276  283  289  295  303
  311  320  328  329  328  329  335  336  306                                   
    27.5-180.0 180.0   5.0 450.0                            LAT/LON1/LON2/DLON/H
  333  343  337  330  328  320  312  305  298  289  279  271  263  254  243  230
  214  199  184  173  168  168  172  177  181  181  178  173  166  160  154  151
  150  149  147  145  142  141  143  147  151  153  151  145  139  134  134  138
  146  156  167  179  192  207  223  239  255  270  283  293  301  308  316  325
  333  343  353  354  354  354  361  364  333                                   
    25.0-180.0 180.0   5.0 450.0                            LAT/LON1/LON2/DLON/H
  361  374  371  368  365  359  352  343  334  322  310  299  288  276  261  243
  223  203  185  173  169  172  180  189  195  195  191  184  175  165  158  153
  150  147  145  142  140  140  141  143  145  145  141  133  125  120  120  126
  136  149  164  180  197  215  234  251  268  283  296  306  315  324  333  344
  353  364  375  378  377  376  383  390  361                                   
    22.5-180.0 180.0   5.0 450.0                            LAT/LON1/LON2/DLON/H
  385  402  403  406  406  403  398  389  379  364  349  334  319  302  282  258
  232  207  187  175  172  179  190  202  208  208  202  192  180  169  159  151
  146  141  138  135  134  134  134  134  133  130  124  116  108  103  105  112
  125  142  161  181  202  223  244  262  279  293  304  314  324  334  345  358
  370  382  394  397  395  394  402  411  385                                   
    20.0-180.0 180.0   5.0 450.0                            LAT/LON1/LON2/DLON/H
  404  422  428  437  441  443  443  436  425  410  392  374  354  331  305  274
  243  214  191  179  178  187  201  213  218  216  207  194  181  168  156  146
  138  132  128  126  125  124  123  120  116  111  104   96   89   86   89  100
  116  136  158  182  206  230  251  271  286  299  309  318  328  339  353  368
  381  395  407  411  408  406  415  427  404                                   
    17.5-180.0 180.0   5.0 450.0                            LAT/LON1/LON2/DLON/H
  415  432  443  456  464  471  476  473  465  451  432  412  389  361  329  292
  256  224  199  187  187  196  209  219  222  216  204  189  175  161  149  138
  129  122  118  115  114  113  110  105   98   91   84   78   72   71   76   89
  108  131  157  183  209  234  257  276  291  302  311  319  329  342  357  374
  389  404  416  421  416  412  424  438  415                                   
    15.0-180.0 180.0   5.0 450.0                            LAT/LON1/LON2/DLON/H
  420  433  445  460  471  482  490  492  489  478  462  442  417  387  350  310
  270  236  211  198  197  205  215  221  218  207  192  177  162  150  139  129
  120  113  108  105  104  101   97   90   82   75   69   64   61   61   68   82
  103  128  155  183  210  236  260  280  295  305  314  322  332  345  361  379
  395  410  422  425  420  415  429  444  420                                   
    12.5-180.0 180.0   5.0 450.0                            LAT/LON1/LON2/DLON/H
  422  430  438  451  464  476  486  491  492  486  474  457  434  403  366  325
  285  250  225  211  208  212  216  216  207  192  174  159  147  137  129  121
  113  106  100   97   95   92   86   79   71   64   60   56   55   56   63   78
  100  126  153  182  209  236  261  282  298  310  319  327  337  350  366  384
  400  414  425  427  421  417  432  448  422                                   
    10.0-180.0 180.0   5.0 450.0                            LAT/LON1/LON2/DLON/H
  424  426  430  437  448  458  468  474  477  474  467  454  435  408  373  334
  296  263  239  224  217  215  212  204  190  171  153  140  131  125  120  114
  107  100   95   91   88   85   79   72   65   60   57   55   55   56   63   77
   98  123  151  179  207  235  261  284  302  317  328  338  348  360  375  391
  405  418  427  428  422  419  435  451  424                                   
     7.5-180.0 180.0   5.0 450.0                            LAT/LON1/LON2/DLON/H
  430  428  426  426  433  439  445  449  452  450  445  437  422  399  369  335
  301  272  249  233  222  214  204  189  170  151  134  124  119  116  113  109
