data/edconvlstm_nd/pred1880.15i
     1.0            IONOSPHERE MAPS     GNSS                IONEX VERSION / TYPE
pyspatialgeodesy        IME             05-JAN-18 20:20     PGM / RUN BY / DATE 
Map Name                                                    COMMENT             
Predicted global ionosphere maps (GIM).                     DESCRIPTION         
  2015     7     7     0     0     0                        EPOCH OF FIRST MAP  
  2015     7     8     0     0     0                        EPOCH OF LAST MAP   
  7200                                                      INTERVAL            
    13                                                      # OF MAPS IN FILE   
  NONE                                                      MAPPING FUNCTION    
10.0                                                        ELEVATION CUTOFF    
One-way carrier phase leveled to code                       OBSERVABLES USED    
  6371.0                                                    BASE RADIUS         
 2                                                          MAP DIMENSION       
   450.0 450.0   0.0                                        HGT1 / HGT2 / DHGT  
    87.5 -87.5  -2.5                                        LAT1 / LAT2 / DLAT  
  -180.0 180.0   5.0                                        LON1 / LON2 / DLON  
    -1                                                      EXPONENT            
                                                            END OF HEADER       
[from data line 1716]
     5                                                      START OF TEC MAP    
  2015     7     7     8     0     0                        EPOCH OF CURRENT MAP
    87.5-180.0 180.0   5.0 450.0                            LAT/LON1/LON2/DLON/H
  131  130  128  132  135  135  134  132  134  136  137  138  138  139  139  140
  140  140  141  141  141  141  141  141  141  141  141  142  142  142  142  143
  143  144  144  144  145  145  146  146  146  146  147  147  147  146  146  146
  145  145  144  143  142  141  140  139  138  136  135  133  132  131  129  128
  127  128  125  123  129  127  132  130  131                                   
    85.0-180.0 180.0   5.0 450.0                            LAT/LON1/LON2/DLON/H
  126  131  135  135  138  140  142  143  145  147  148  149  150  150  151  151
  151  151  151  151  151  151  151  151  151  151  151  151  151  152  152  153
  154  155  156  157  158  158  159  160  160  161  161  161  161  160  160  159
  159  158  157  156  154  153  152  150  149  147  145  143  141  139  137  136
  135  135  129  128  124  125  129  130  126                                   
    82.5-180.0 180.0   5.0 450.0                            LAT/LON1/LON2/DLON/H
  122  129  134  131  134  138  141  143  146  148  149  150  151  151  151  150
  150  150  149  149  148  148  147  147  147  146  146  147  147  148  149  150
  152  153  155  157  159  161  163  164  166  166  167  168  168  168  167  167
  166  165  164  163  161  160  158  156  154  152  149  147  144  141  137  135
  132  131  124  125  123  123  121  115  122                                   
    80.0-180.0 180.0   5.0 450.0                            LAT/LON1/LON2/DLON/H
  122  124  127  129  134  137  141  144  147  149  150  150  150  149  148  147
  145  144  143  142  141  141  140  139  138  138  138  138  138  139  141  143
  145  148  151  155  158  161  164  166  169  170  172  173  173  174  174  174
  173  173  172  171  170  169  168  166  163  161  158  155  151  147  142  139
  135  131  125  125  122  122  126  114  122                                   
    77.5-180.0 180.0   5.0 450.0                            LAT/LON1/LON2/DLON/H
  126  125  128  131  135  140  144  147  150  151  151  150  148  146  144  141
  139  137  136  135  134  133  132  131  130  130  129  129  130  131  133  136
  140  144  149  153  158  163  167  171  174  177  179  181  182  183  184  185
  185  185  185  185  185  184  183  182  180  178  175  171  167  162  156  151
  145  141  132  131  129  123  123  120  126                                   
    75.0-180.0 180.0   5.0 450.0                            LAT/LON1/LON2/DLON/H
  126  127  126  130  134  140  144  146  149  149  148  146  142  138  134  131
  128  126  125  125  124  124  123  122  121  120  120  119  120  121  123  127
  131  137  142  148  154  160  166  170  174  178  181  183  186  187  189  190
  191  192  193  193  194  194  194  194  193  191  189  186  182  177  171  166
  159  153  144  136  133  129  130  123  126                                   
    72.5-180.0 180.0   5.0 450.0                            LAT/LON1/LON2/DLON/H
  132  133  131  133  137  142  146  148  149  148  146  142  137  132  127  123
  120  119  119  120  121  121  121  121  120  119  118  117  117  119  121  125
  130  136  143  150  157  163  170  175  180  184  187  190  193  195  197  198
  200  201  201  202  203  204  205  205  205  205  203  201  199  194  189  184
  178  171  163  155  148  142  139  135  132                                   
    70.0-180.0 180.0   5.0 450.0                            LAT/LON1/LON2/DLON/H
  142  137  135  134  136  138  140  141  142  140  136  132  126  119  114  111
  109  109  111  113  116  117  118  118  117  116  115  114  114  116  119  123
  128  134  142  149  156  163  169  175  180  185  189  192  195  197  199  201
  201  202  202  202  203  203  204  205  206  207  207  207  205  203  199  196
  190  184  176  169  162  156  155  149  142                                   
    67.5-180.0 180.0   5.0 450.0                            LAT/LON1/LON2/DLON/H
  149  144  139  136  135  135  135  134  134  131  127  121  115  109  104  101
  100  102  106  110  114  116  118  118  117  116  115  115  116  117  120  125
  130  136  143  150  157  164  170  176  181  186  190  194  197  200  201  202
  202  201  200  200  199  199  199  200  202  203  205  206  206  205  203  202
  198  194  188  181  175  170  167  161  149                                   
    65.0-180.0 180.0   5.0 450.0                            LAT/LON1/LON2/DLON/H
  158  153  145  139  134  130  128  126  124  121  117  111  105  100   95   93
   94   98  102  108  113  116  118  118  118  117  117  118  120  122  126  131
  136  142  148  155  161  167  173  178  184  189  194  198  202  204  206  206
  204  202  200  197  195  194  194  194  196  198  201  203  204  205  205  205
  203  202  197  193  189  186  184  178  158                                   
    62.5-180.0 180.0   5.0 450.0                            LAT/LON1/LON2/DLON/H
  168  163  153  143  135  127  122  117  114  110  106  102   97   92   89   88
   90   94   99  105  110  113  114  115  115  115  117  120  124  128  133  138
  143  149  154  160  166  171  176  182  187  193  198  203  207  210  211  210
  208  204  200  196  193  191  190  190  192  194  197  199  202  203  204  206
  206  206  204  201  200  199  198  193  168                                   
    60.0-180.0 180.0   5.0 450.0                            LAT/LON1/LON2/DLON/H
  179  174  162  149  137  126  117  109  105  100   96   92   88   85   83   83
   85   89   94   99  102  104  105  106  107  109  114  119  125  132  138  143
  149  154  159  164  169  174  179  184  190  196  202  208  213  215  216  214
  211  207  202  197  193  190  189  189  191  193  196  199  201  202  203  205
  206  207  206  206  207  209  210  205  179                                   
    57.5-180.0 180.0   5.0 450.0                            LAT/LON1/LON2/DLON/H
  191  187  173  158  143  128  116  105   98   92   88   85   82   79   78   79
   81   84   88   91   92   93   93   94   96  101  108  116  125  134  141  147
  153  158  163  168  173  178  183  188  194  201  208  214  219  222  222  220
  217  212  207  202  198  196  195  195  197  199  202  204  205  206  206  207
  208  209  210  210  213  217  220  215  191                                   
    55.0-180.0 180.0   5.0 450.0                            LAT/LON1/LON2/DLON/H
  203  199  186  170  152  134  119  105   95   87   82   78   76   74   74   74
   76   78   79   80   80   79   79   80   84   91  101  112  124  134  142  149
  155  160  165  170  176  181  186  192  199  206  214  220  225  228  228  227
  223  219  214  210  207  205  205  206  208  210  212  213  213  212  211  212
  212  213  214  215  218  224  227  223  203                                   
    52.5-180.0 180.0   5.0 450.0                            LAT/LON1/LON2/DLON/H
  215  211  200  183  165  145  127  110   97   86   79   74   72   71   71   71
   72   72   72   71   69   67   66   69   74   83   95  109  122  133  142  149
  154  160  165  172  178  185  191  198  205  213  220  227  232  234  235  233
  231  227  223  220  217  216  217  219  222  224  225  225  224  222  220  219
  219  220  220  221  224  230  233  230  215                                   
    50.0-180.0 180.0   5.0 450.0                            LAT/LON1/LON2/DLON/H
  224  221  212  196  179  158  140  120  104   90   80   74   71   69   69   69
   69   69   67   64   61   59   59   62   69   80   93  107  121  133  142  148
  154  160  166  173  181  189  197  205  212  220  228  234  239  242  242  241
  239  237  233  230  228  228  229  232  235  238  238  237  234  231  229  228
  228  230  230  229  231  236  238  235  224                                   
    47.5-180.0 180.0   5.0 450.0                            LAT/LON1/LON2/DLON/H
  231  229  221  207  191  172  154  133  115   99   86   78   73   71   70   70
   70   68   66   62   59   58   59   63   71   82   96  110  123  134  143  149
  155  161  168  177  186  196  205  214  222  230  238  244  248  250  251  251
  250  248  245  242  239  239  240  243  247  249  249  247  243  239  237  238
  239  242  241  240  239  243  243  240  231                                   
    45.0-180.0 180.0   5.0 450.0                            LAT/LON1/LON2/DLON/H
  235  232  226  214  201  183  167  147  129  111   97   87   80   76   75   74
   74   72   69   66   64   63   65   71   80   91  103  116  128  138  146  153
  158  165  172  182  193  204  215  224  233  242  249  255  259  261  263  263
  263  261  258  254  251  249  250  253  256  258  258  255  250  246  245  247
  250  254  255  252  249  250  249  245  235                                   
    42.5-180.0 180.0   5.0 450.0                            LAT/LON1/LON2/DLON/H
  237  234  228  217  205  191  178  160  143  125  110   98   90   85   83   81
   81   79   77   75   73   74   77   84   93  103  114  125  136  145  153  160
  166  172  180  190  202  214  226  237  246  255  262  267  271  274  276  278
  279  278  274  269  264  261  261  263  266  268  267  264  259  254  253  256
  262  268  269  265  260  258  255  251  237                                   
    40.0-180.0 180.0   5.0 450.0                            LAT/LON1/LON2/DLON/H
  238  234  227  216  206  194  184  169  155  138  124  112  103   96   92   91
   90   89   87   86   86   88   92   99  107  116  125  135  144  154  162  169
  176  182  190  200  212  225  238  250  260  268  275  281  285  289  292  295
  297  297  294  288  282  277  276  278  281  283  282  278  272  267  266  269
  275  281  283  279  271  267  262  257  238                                   
    37.5-180.0 180.0   5.0 450.0                            LAT/LON1/LON2/DLON/H
  242  236  227  215  204  193  185  174  163  150  137  125  115  108  103  100
   99   99   98   97   98  101  106  113  121  128  135  143  152  163  172  181
  187  193  201  211  223  237  250  262  272  281  288  294  299  303  308  313
  317  318  316  311  305  300  299  301  305  308  307  303  296  289  286  287
  291  297  298  293  283  276  270  264  242                                   
    35.0-180.0 180.0   5.0 450.0                            LAT/LON1/LON2/DLON/H
  249  241  230  216  203  191  185  176  168  158  147  137  127  118  112  109
  107  107  106  106  108  112  118  124  130  136  141  149  158  170  182  191
  199  205  212  222  234  247  260  272  282  291  299  305  311  317  324  331
  337  341  341  338  334  331  331  335  340  344  345  340  332  323  316  313
  313  315  314  307  296  287  280  274  249                                   
    32.5-180.0 180.0   5.0 450.0                            LAT/LON1/LON2/DLON/H
  262  252  238  221  205  192  184  176  171  163  155  146  136  127  120  115
  113  111  111  111  114  119  125  132  136  140  145  152  162  175  189  200
  208  214  221  231  242  255  268  280  290  299  307  314  321  329  338  348
  357  364  367  368  368  369  373  380  387  393  395  391  381  369  356  347
  340  337  331  321  309  298  291  285  262                                   
    30.0-180.0 180.0   5.0 450.0                            LAT/LON1/LON2/DLON/H
  280  268  251  232  212  197  187  178  173  167  161  153  144  134  125  119
  115  113  112  113  116  122  129  136  140  142  146  152  163  177  192  204
  214  221  228  238  249  262  274  285  295  304  312  321  329  339  350  362
  374  385  394  400  406  412  421  431  441  448  451  448  437  422  404  386
  372  361  351  337  323  311  304  298  280                                   
    27.5-180.0 180.0   5.0 450.0                            LAT/LON1/LON2/DLON/H
  300  287  269  248  226  207  194  184  177  172  167  160  151  141  130  122
  116  113  111  111  116  124  132  139  143  144  146  152  163  177  192  205
  215  223  232  242  254  267  278  288  298  307  317  326  337  348  361  375
  390  405  418  431  443  454  467  480  492  501  505  502  492  474  452  428
  405  388  372  354  338  324  317  312  300                                   
    25.0-180.0 180.0   5.0 450.0                            LAT/LON1/LON2/DLON/H
  319  306  288  267  243  222  207  193  185  178  174  168  159  148  137  126
  118  112  109  110  115  125  135  143  146  146  147  151  160  173  188  201
  212  222  233  245  258  271  282  291  301  311  321  332  344  357  372  387
  405  422  440  457  474  490  505  520  532  542  547  545  535  518  493  465
  438  415  394  373  354  338  330  325  319                                   
    22.5-180.0 180.0   5.0 450.0                            LAT/LON1/LON2/DLON/H
  334  321  306  286  261  239  222  207  196  188  183  178  171  159  146  133
  122  113  109  109  117  128  140  147  150  149  147  149  156  167  180  193
  206  218  231  247  262  275  286  295  305  316  328  341  354  368  384  400
  419  438  458  478  497  514  530  544  556  565  569  569  561  545  522  494
  465  439  417  393  372  352  342  338  334                                   
    20.0-180.0 180.0   5.0 450.0                            LAT/LON1/LON2/DLON/H
  342  330  317  300  277  256  238  221  210  201  196  191  185  174  160  144
  130  118  111  112  120  133  145  153  154  151  147  146  150  158  170  183
  197  212  229  248  266  281  292  302  313  325  338  352  367  382  398  415
  433  453  473  493  511  527  542  554  563  571  575  575  569  556  537  512
  485  461  438  413  390  366  354  348  342                                   
    17.5-180.0 180.0   5.0 450.0                            LAT/LON1/LON2/DLON/H
  343  332  322  307  287  267  250  235  223  214  209  206  201  192  177  159
  141  126  118  117  126  138  151  157  157  151  145  141  142  148  159  172
  188  206  228  250  271  288  301  313  325  338  352  367  382  398  414  431
  448  466  485  503  518  532  543  552  560  565  568  568  564  554  539  520
  498  477  457  433  408  380  365  356  343                                   
    15.0-180.0 180.0   5.0 450.0                            LAT/LON1/LON2/DLON/H
  340  329  321  306  289  271  257  243  233  225  221  220  217  209  195  176
  156  138  127  125  132  144  154  158  156  148  139  133  132  137  147  162
  181  203  228  253  277  296  311  325  338  353  368  383  399  414  430  447
  463  480  496  511  523  533  541  547  553  556  558  557  554  546  535  521
  505  489  472  450  425  394  376  364  340                                   
    12.5-180.0 180.0   5.0 450.0                            LAT/LON1/LON2/DLON/H
  337  326  318  301  284  267  256  245  237  230  228  229  229  223  211  193
  171  151  137  133  137  147  154  156  150  140  130  123  122  126  138  154
  176  201  229  257  282  303  321  337  352  367  382  397  413  428  445  461
  477  492  506  518  528  535  541  545  549  551  552  550  546  539  530  520
  508  496  484  464  439  407  387  371  337                                   
    10.0-180.0 180.0   5.0 450.0                            LAT/LON1/LON2/DLON/H
  339  328  316  294  277  260  250  242  235  230  229  231  233  231  221  204
  183  162  147  140  142  147  151  148  140  129  119  112  111  117  130  149
  172  200  229  258  285  308  327  345  361  376  391  406  421  437  453  470
  486  501  515  526  535  541  546  550  552  554  554  552  546  538  529  519
  509  500  490  473  451  420  399  380  339                                   
     7.5-180.0 180.0   5.0 450.0                            LAT/LON1/LON2/DLON/H
  349  338  321  293  272  252  241  234  228  224  223  226  229  229  222  209
  190  170  154  146  144  145  143  137  127  116  106  101  101  108  123  143
