data/edconvlstm_nd/pred0990.15i
     1.0            IONOSPHERE MAPS     GNSS                IONEX VERSION / TYPE
pyspatialgeodesy        IME             05-JAN-18 20:20     PGM / RUN BY / DATE 
Map Name                                                    COMMENT             
Predicted global ionosphere maps (GIM).                     DESCRIPTION         
  2015     4     9     0     0     0                        EPOCH OF FIRST MAP  
  2015     4    10     0     0     0                        EPOCH OF LAST MAP   
  7200                                                      INTERVAL            
    13                                                      # OF MAPS IN FILE   
  NONE                                                      MAPPING FUNCTION    
10.0                                                        ELEVATION CUTOFF    
One-way carrier phase leveled to code                       OBSERVABLES USED    
  6371.0                                                    BASE RADIUS         
 2                                                          MAP DIMENSION       
   450.0 450.0   0.0                                        HGT1 / HGT2 / DHGT  
    87.5 -87.5  -2.5                                        LAT1 / LAT2 / DLAT  
  -180.0 180.0   5.0                                        LON1 / LON2 / DLON  
    -1                                                      EXPONENT            
                                                            END OF HEADER       
[from data line 1716]
     5                                                      START OF TEC MAP    
  2015     4     9     8     0     0                        EPOCH OF CURRENT MAP
    87.5-180.0 180.0   5.0 450.0                            LAT/LON1/LON2/DLON/H
  175  168  162  165  167  167  165  163  166  167  168  170  172  174  176  177
  179  181  183  185  187  188  190  191  192  193  194  194  195  196  196  197
  198  198  199  199  200  200  201  201  201  201  201  201  201  200  200  199
  199  198  197  196  194  193  191  190  188  186  184  182  180  178  175  174
  172  172  169  168  169  167  170  174  175                                   
    85.0-180.0 180.0   5.0 450.0                            LAT/LON1/LON2/DLON/H
  161  159  161  161  161  163  163  163  165  167  168  171  173  175  178  180
  183  186  188  191  193  195  197  198  200  201  202  202  203  204  205  205
  206  207  208  208  209  210  211  211  212  212  213  213  213  213  212  212
  212  211  210  209  207  206  204  202  200  198  195  193  190  187  184  181
  180  179  172  171  166  163  166  170  161                                   
    82.5-180.0 180.0   5.0 450.0                            LAT/LON1/LON2/DLON/H
  149  156  153  148  147  148  148  148  150  153  155  158  161  165  168  172
  176  180  184  187  190  192  194  195  197  197  198  199  199  200  201  202
  204  205  207  208  210  211  213  214  215  216  218  219  219  220  221  221
  222  222  221  221  220  219  217  215  213  210  207  203  200  196  191  188
  184  180  172  171  166  164  162  152  149                                   
    80.0-180.0 180.0   5.0 450.0                            LAT/LON1/LON2/DLON/H
  145  148  143  139  136  134  133  134  137  139  141  145  149  153  158  163
  168  172  176  180  183  185  186  186  187  187  187  187  188  189  190  192
  195  197  200  203  206  208  211  214  216  219  222  224  227  229  231  234
  236  237  239  240  240  240  239  237  235  232  229  225  220  215  210  205
  199  193  183  179  172  166  167  149  145                                   
    77.5-180.0 180.0   5.0 450.0                            LAT/LON1/LON2/DLON/H
  151  147  142  135  129  125  123  122  124  125  127  131  135  140  146  151
  157  163  167  171  174  175  176  175  175  173  173  172  173  175  177  180
  184  189  194  198  203  207  211  215  219  223  227  231  236  241  245  250
  254  258  262  265  267  268  269  268  267  264  261  257  252  247  240  234
  226  219  206  200  192  180  174  161  151                                   
    75.0-180.0 180.0   5.0 450.0                            LAT/LON1/LON2/DLON/H
  157  153  142  134  126  121  116  113  113  113  114  117  120  125  130  136
  142  148  154  158  161  162  162  160  158  156  154  154  154  157  161  166
  172  178  184  190  196  202  207  212  217  223  229  236  242  250  257  264
  271  278  283  288  292  295  297  297  296  295  292  288  283  277  271  264
  256  247  235  222  211  199  191  175  157                                   
    72.5-180.0 180.0   5.0 450.0                            LAT/LON1/LON2/DLON/H
  163  159  148  137  127  119  113  108  106  104  103  104  106  110  114  120
  127  133  140  145  148  149  149  147  144  141  139  138  140  143  148  155
  163  171  178  186  192  198  204  210  216  223  231  239  249  258  268  278
  287  295  302  309  313  317  319  320  319  317  314  310  305  299  293  287
  279  270  259  246  232  218  208  194  163                                   
    70.0-180.0 180.0   5.0 450.0                            LAT/LON1/LON2/DLON/H
  171  163  152  139  128  117  110  103   99   96   93   92   92   94   97  102
  108  116  123  129  133  135  135  133  129  126  124  124  126  131  138  146
  156  165  173  181  188  194  200  206  213  221  231  241  253  265  277  288
  299  308  316  322  326  329  330  330  328  325  321  316  311  305  299  294
  287  280  270  258  245  231  223  210  171                                   
    67.5-180.0 180.0   5.0 450.0                            LAT/LON1/LON2/DLON/H
  171  163  153  139  127  117  108  101   96   91   87   84   82   82   83   87
   93  100  108  115  121  124  124  122  119  116  114  114  118  124  132  142
  152  162  171  178  184  190  195  202  209  219  230  243  257  271  284  297
  308  317  323  328  330  331  330  327  323  319  313  307  301  295  289  285
  279  274  266  255  244  233  224  216  171                                   
    65.0-180.0 180.0   5.0 450.0                            LAT/LON1/LON2/DLON/H
  169  161  150  136  124  113  105   98   93   88   83   79   76   73   73   75
   80   87   95  102  109  112  113  112  109  107  106  107  112  119  129  140
  151  161  170  177  182  187  193  200  208  220  233  247  263  278  293  305
  315  323  327  329  329  326  322  317  311  305  298  291  284  277  271  266
  262  257  252  243  235  227  220  214  169                                   
    62.5-180.0 180.0   5.0 450.0                            LAT/LON1/LON2/DLON/H
  165  156  146  132  120  109  101   93   89   84   80   76   72   68   66   67
   70   76   83   91   97  101  102  101   99   98   98  100  106  115  126  138
  150  161  169  176  181  186  192  200  210  223  238  254  271  287  302  313
  322  327  329  328  324  319  313  306  299  291  284  276  268  260  252  246
  241  237  233  226  221  214  210  206  165                                   
    60.0-180.0 180.0   5.0 450.0                            LAT/LON1/LON2/DLON/H
  165  155  145  129  118  105   96   88   84   80   77   74   70   66   63   62
   63   67   73   79   85   88   90   90   89   88   90   93  100  110  122  136
  149  160  169  176  182  187  194  203  215  230  247  264  282  298  312  322
  329  332  332  329  323  317  309  301  293  286  277  269  260  250  241  234
  227  222  217  212  208  203  200  196  165                                   
    57.5-180.0 180.0   5.0 450.0                            LAT/LON1/LON2/DLON/H
  173  163  152  135  122  107   96   86   81   77   74   72   69   65   62   60
   60   62   66   70   74   77   79   80   80   80   83   87   95  106  119  133
  147  160  170  178  185  192  201  211  225  242  260  278  295  311  323  333
  339  341  340  336  330  323  315  307  299  292  284  276  266  255  244  235
  226  219  213  207  204  200  198  191  173                                   
    55.0-180.0 180.0   5.0 450.0                            LAT/LON1/LON2/DLON/H
  189  179  169  150  136  118  103   90   82   76   74   72   70   66   63   60
   59   60   62   65   67   70   71   73   74   75   78   83   91  101  115  130
  146  160  172  183  192  201  211  224  239  256  275  293  310  325  337  345
  351  353  353  350  344  338  330  323  316  310  303  295  285  274  261  250
  238  229  221  214  211  206  204  195  189                                   
    52.5-180.0 180.0   5.0 450.0                            LAT/LON1/LON2/DLON/H
  210  202  192  173  158  137  119  102   90   82   78   75   73   70   66   64
   62   62   62   64   65   67   69   71   73   75   78   82   89  100  113  129
  146  162  177  190  201  212  225  239  256  274  292  310  326  340  351  360
  366  369  370  368  364  359  352  345  339  333  327  321  312  300  287  274
  260  249  239  230  225  220  217  207  210                                   
    50.0-180.0 180.0   5.0 450.0                            LAT/LON1/LON2/DLON/H
  232  224  216  199  184  163  143  122  106   94   87   83   79   76   72   70
   68   67   67   68   69   71   74   77   79   82   84   87   92  101  114  130
  148  167  184  199  213  226  240  256  274  292  310  327  342  355  366  375
  382  387  390  389  387  382  375  368  361  355  350  344  336  325  312  299
  284  272  260  249  243  237  233  223  232                                   
    47.5-180.0 180.0   5.0 450.0                            LAT/LON1/LON2/DLON/H
  245  239  233  220  207  189  169  146  128  114  104   97   91   85   81   78
   77   76   76   77   78   81   84   88   91   93   94   95   98  106  117  134
  153  173  192  209  225  240  256  273  292  310  328  345  359  371  382  392
  400  405  409  409  407  401  393  384  376  369  363  357  350  340  328  314
  300  289  276  265  256  250  245  236  245                                   
    45.0-180.0 180.0   5.0 450.0                            LAT/LON1/LON2/DLON/H
  243  237  236  230  220  207  191  171  153  137  125  115  106   99   93   90
   88   87   88   89   91   95   99  104  107  108  107  106  107  112  123  138
  158  179  199  218  236  253  270  288  308  327  346  362  376  389  400  410
  418  423  426  426  422  414  404  392  381  372  364  357  349  339  328  315
  303  293  281  269  259  251  246  238  243                                   
    42.5-180.0 180.0   5.0 450.0                            LAT/LON1/LON2/DLON/H
  224  217  219  219  216  210  201  188  174  160  147  136  125  116  109  104
  102  101  101  103  105  110  115  120  122  122  119  115  114  118  128  143
  162  184  205  225  244  262  281  301  322  343  362  380  395  408  419  429
  436  441  442  440  433  423  410  395  381  368  358  349  339  329  317  306
  294  285  274  262  251  239  234  228  224                                   
    40.0-180.0 180.0   5.0 450.0                            LAT/LON1/LON2/DLON/H
  192  180  184  188  192  194  196  192  186  177  167  156  145  134  126  120
  117  116  115  117  120  124  129  133  134  132  127  122  119  123  132  147
  166  187  208  229  249  269  289  312  335  358  379  399  415  429  441  450
  457  459  458  454  446  433  418  402  386  371  359  347  335  323  310  297
  285  274  262  249  236  220  214  207  192                                   
    37.5-180.0 180.0   5.0 450.0                            LAT/LON1/LON2/DLON/H
  160  141  142  146  154  162  173  181  184  183  178  171  161  151  143  136
  132  130  129  130  132  135  139  142  141  136  130  124  121  125  135  150
  168  188  209  230  252  273  296  321  347  373  397  419  437  453  466  476
  481  482  480  474  465  453  439  423  407  392  379  366  352  336  320  305
  289  276  260  243  227  204  196  186  160                                   
    35.0-180.0 180.0   5.0 450.0                            LAT/LON1/LON2/DLON/H
  142  112  107  106  114  123  141  156  168  175  178  177  172  165  157  151
  147  143  141  141  141  143  145  145  141  135  128  122  121  125  136  151
  169  189  210  232  254  278  304  331  359  388  415  440  461  480  494  505
  511  512  510  505  498  489  478  465  452  440  427  414  398  379  360  340
  320  301  281  257  237  206  194  179  142                                   
    32.5-180.0 180.0   5.0 450.0                            LAT/LON1/LON2/DLON/H
  149  109   94   85   86   93  110  127  143  157  167  173  174  171  167  162
  158  154  151  149  148  148  147  144  138  131  123  118  118  124  136  152
  169  189  211  234  258  284  312  341  372  404  434  461  486  507  524  537
  546  550  551  550  547  543  538  532  525  517  508  495  479  458  435  409
  383  358  330  299  275  237  218  198  149                                   
    30.0-180.0 180.0   5.0 450.0                            LAT/LON1/LON2/DLON/H
  189  142  115   95   86   84   95  108  122  136  150  161  168  171  171  168
  165  161  157  154  152  150  147  142  135  126  118  113  114  122  136  152
  171  191  213  238  265  293  322  353  385  418  451  481  508  532  554  571
  584  593  600  606  611  615  618  621  622  622  618  609  593  572  545  513
  479  445  409  370  340  297  270  248  189                                   
    27.5-180.0 180.0   5.0 450.0                            LAT/LON1/LON2/DLON/H
  261  213  176  144  124  110  108  110  115  125  137  149  159  166  169  168
  166  163  159  156  154  151  147  141  133  123  114  110  112  122  136  154
  174  195  219  245  274  303  333  365  398  431  465  497  527  555  580  603
  622  639  654  669  682  695  709  722  734  743  746  741  729  707  678  640
  598  556  511  462  427  379  345  326  261                                   
    25.0-180.0 180.0   5.0 450.0                            LAT/LON1/LON2/DLON/H
  362  316  270  230  199  175  156  143  133  131  136  145  154  161  165  166
  164  161  158  156  154  152  149  143  134  124  114  110  113  122  138  157
  178  200  226  254  283  314  344  376  408  441  475  508  541  572  602  630
  657  682  706  729  751  773  795  817  838  855  864  863  854  834  804  763
  717  671  620  565  522  472  437  424  362                                   
    22.5-180.0 180.0   5.0 450.0                            LAT/LON1/LON2/DLON/H
  473  433  383  343  304  272  236  206  179  161  153  154  157  161  163  163
  162  159  156  155  154  154  152  147  138  127  117  112  114  124  140  160
  182  206  233  262  293  324  354  384  416  449  482  516  551  584  618  651
  683  715  746  776  805  831  857  884  909  929  941  942  934  917  889  851
  806  763  714  657  606  559  532  528  473                                   
    20.0-180.0 180.0   5.0 450.0                            LAT/LON1/LON2/DLON/H
  571  538  495  465  421  387  340  294  249  214  191  179  173  170  168  165
  162  158  155  154  154  155  155  151  143  132  121  115  115  124  140  160
  184  210  239  269  300  331  361  391  422  455  488  522  557  593  628  664
  700  735  769  801  829  856  881  907  932  952  963  964  956  940  916  883
  844  808  768  713  662  620  609  612  571                                   
    17.5-180.0 180.0   5.0 450.0                            LAT/LON1/LON2/DLON/H
  630  603  577  565  528  500  450  394  334  284  245  220  202  190  181  173
  167  162  157  154  154  156  157  154  147  136  124  115  114  122  137  159
  184  212  242  273  304  334  365  395  427  460  494  528  563  598  633  669
  704  738  770  798  823  844  865  887  910  928  938  939  931  916  895  866
  833  803  772  723  676  637  643  654  630                                   
    15.0-180.0 180.0   5.0 450.0                            LAT/LON1/LON2/DLON/H
  633  612  605  614  595  581  540  484  419  358  309  271  242  220  203  190
  179  170  162  156  154  156  157  155  147  136  123  112  109  116  133  155
  182  211  242  273  304  335  366  398  431  465  500  535  569  602  635  668
  699  728  753  775  792  807  822  840  858  874  884  885  878  865  847  822
  793  766  740  695  654  616  629  646  633                                   
    12.5-180.0 180.0   5.0 450.0                            LAT/LON1/LON2/DLON/H
  591  570  579  604  607  609  585  539  479  419  365  322  286  256  232  213
  197  183  171  161  156  155  156  153  146  134  118  107  103  110  127  151
  178  208  239  270  301  332  365  399  434  471  506  541  574  605  635  663
  688  710  728  742  752  761  771  784  799  813  822  824  819  809  793  771
  745  720  695  653  615  574  583  603  591                                   
    10.0-180.0 180.0   5.0 450.0                            LAT/LON1/LON2/DLON/H
  528  506  522  552  572  588  581  551  503  451  402  360  323  290  262  239
  220  202  184  169  160  156  155  153  144  130  113  101   97  105  122  146
  174  203  234  265  295  327  361  398  435  474  510  545  578  607  634  658
  677  693  704  713  719  725  732  743  755  767  776  778  774  765  750  729
  705  680  654  614  575  529  529  545  528                                   
     7.5-180.0 180.0   5.0 450.0                            LAT/LON1/LON2/DLON/H
  470  445  458  482  510  534  541  527  494  454  414  379  345  314  287  264
  243  221  199  179  166  160  157  152  142  126  109   97   94  102  119  142
