data/edconvlstm_nd/pred0150.15i
     1.0            IONOSPHERE MAPS     GNSS                IONEX VERSION / TYPE
pyspatialgeodesy        IME             05-JAN-18 20:20     PGM / RUN BY / DATE 
Map Name                                                    COMMENT             
Predicted global ionosphere maps (GIM).                     DESCRIPTION         
  2015     1    15     0     0     0                        EPOCH OF FIRST MAP  
  2015     1    16     0     0     0                        EPOCH OF LAST MAP   
  7200                                                      INTERVAL            
    13                                                      # OF MAPS IN FILE   
  NONE                                                      MAPPING FUNCTION    
10.0                                                        ELEVATION CUTOFF    
One-way carrier phase leveled to code                       OBSERVABLES USED    
  6371.0                                                    BASE RADIUS         
 2                                                          MAP DIMENSION       
   450.0 450.0   0.0                                        HGT1 / HGT2 / DHGT  
    87.5 -87.5  -2.5                                        LAT1 / LAT2 / DLAT  
  -180.0 180.0   5.0                                        LON1 / LON2 / DLON  
    -1                                                      EXPONENT            
                                                            END OF HEADER       
[from data line 3003]
     8                                                      START OF TEC MAP    
  2015     1    15    14     0     0                        EPOCH OF CURRENT MAP
    87.5-180.0 180.0   5.0 450.0                            LAT/LON1/LON2/DLON/H
   87   96   97  105  110  111  111  109  110  113  113  114  114  114  115  115
  115  115  115  115  115  114  114  114  113  113  112  111  110  109  108  107
  106  105  104  102  101  100   99   98   97   96   96   95   95   95   95   95
   95   96   96   96   96   97   97   97   97   97   96   96   96   96   96   96
   97   98   95   92   94   94  105  104   87                                   
    85.0-180.0 180.0   5.0 450.0                            LAT/LON1/LON2/DLON/H
   87   97  109  102  104  110  110  113  114  117  117  118  118  119  119  120
  120  120  121  121  122  122  122  122  122  122  121  121  120  119  117  116
  114  113  111  109  107  105  104  102  101  100  100   99   99   99  100  100
  101  101  102  102  103  103  103  103  103  103  102  102  101  101  100  100
  101  101   96   92   93   96   99  100   87                                   
    82.5-180.0 180.0   5.0 450.0                            LAT/LON1/LON2/DLON/H
   72   82   89   86   88   93   96   99  100  102  103  104  104  105  105  106
  107  108  109  110  111  112  113  114  114  114  114  113  112  111  109  107
  105  103  100   97   94   92   89   87   85   84   83   82   82   83   83   85
   86   87   89   90   91   92   93   93   92   92   91   90   89   88   87   86
   87   86   81   78   80   90   85   87   72                                   
    80.0-180.0 180.0   5.0 450.0                            LAT/LON1/LON2/DLON/H
   61   66   73   71   74   75   79   82   85   87   88   89   90   90   91   92
   93   95   97   99  101  104  106  108  110  111  111  111  110  108  106  104
  101   97   94   90   86   82   78   75   73   71   70   69   70   71   73   75
   78   80   83   85   87   89   89   90   89   88   87   85   83   81   79   77
   76   74   71   68   66   72   69   76   61                                   
    77.5-180.0 180.0   5.0 450.0                            LAT/LON1/LON2/DLON/H
   63   62   62   61   63   65   69   71   74   75   75   76   76   77   77   79
   81   83   87   91   95  100  104  108  111  113  114  115  114  113  111  108
  104  100   95   90   85   80   75   70   66   63   61   61   62   63   66   70
   74   78   82   86   89   92   93   94   93   92   90   87   84   81   77   74
   71   68   65   62   59   57   57   64   63                                   
    75.0-180.0 180.0   5.0 450.0                            LAT/LON1/LON2/DLON/H
   53   55   54   54   56   59   60   62   64   65   64   64   63   63   63   65
   67   71   76   83   90   98  106  112  118  122  125  126  126  125  123  120
  116  111  106   99   93   86   79   73   68   64   61   60   60   62   65   68
   73   78   83   87   91   94   96   96   96   94   92   89   86   82   78   75
   71   67   64   59   57   52   51   47   53                                   
    72.5-180.0 180.0   5.0 450.0                            LAT/LON1/LON2/DLON/H
   53   55   54   56   56   60   61   62   62   61   60   58   57   56   55   56
   59   64   71   81   91  103  114  123  132  138  141  143  144  143  141  138
  134  129  122  115  108   99   91   83   76   70   66   64   63   63   66   69
   73   77   82   86   90   93   95   96   96   95   93   91   88   85   81   78
   74   70   67   62   59   56   54   53   53                                   
    70.0-180.0 180.0   5.0 450.0                            LAT/LON1/LON2/DLON/H
   55   59   60   62   62   65   64   65   65   63   60   58   55   52   51   51
   54   60   70   82   97  112  127  141  152  160  165  168  169  168  167  164
  160  155  148  140  131  121  111  101   92   85   79   75   72   71   71   72
   74   77   80   83   86   88   90   91   91   91   89   88   87   85   83   81
   78   75   73   68   65   62   63   60   55                                   
    67.5-180.0 180.0   5.0 450.0                            LAT/LON1/LON2/DLON/H
   57   65   66   69   70   74   73   74   72   70   67   64   59   56   53   53
   56   63   74   89  107  126  144  161  174  184  190  194  195  195  194  192
  188  183  177  168  158  147  135  123  113  104   96   90   85   81   78   76
   75   75   75   76   78   79   80   81   81   81   81   81   81   81   81   81
   81   79   77   72   69   68   67   63   57                                   
    65.0-180.0 180.0   5.0 450.0                            LAT/LON1/LON2/DLON/H
   56   66   68   72   73   77   77   77   76   74   71   67   63   59   55   55
   58   65   78   95  116  138  160  179  195  206  213  218  220  221  221  219
  216  212  205  196  184  171  158  145  133  123  114  106   99   92   85   79
   73   69   66   64   64   64   64   64   65   65   65   66   68   70   72   74
   76   76   77   73   72   72   71   68   56                                   
    62.5-180.0 180.0   5.0 450.0                            LAT/LON1/LON2/DLON/H
   52   62   64   68   70   75   75   76   75   74   72   69   65   61   58   57
   60   69   82  101  123  147  170  191  208  220  229  234  238  240  240  240
  238  234  227  217  204  190  175  162  149  139  130  121  111  101   90   79
   69   60   54   50   48   47   47   46   47   47   48   49   52   55   58   62
   65   67   69   67   66   66   66   65   52                                   
    60.0-180.0 180.0   5.0 450.0                            LAT/LON1/LON2/DLON/H
   45   54   56   60   61   65   66   67   68   69   68   66   63   60   57   57
   61   70   85  104  128  152  176  197  214  228  237  244  249  253  255  256
  255  251  244  233  219  204  188  175  163  153  144  135  124  111   96   80
   66   55   46   40   36   34   33   33   33   33   34   35   37   40   44   48
   52   55   58   56   57   57   57   58   45                                   
    57.5-180.0 180.0   5.0 450.0                            LAT/LON1/LON2/DLON/H
   39   46   48   52   52   55   55   57   59   61   62   62   60   57   55   56
   62   72   88  108  132  156  179  200  217  231  242  251  257  262  266  268
  268  264  257  246  232  216  201  188  178  170  162  153  141  126  107   88
   71   57   46   39   34   32   31   30   29   29   28   29   30   32   35   39
   43   46   49   48   50   48   49   52   39                                   
    55.0-180.0 180.0   5.0 450.0                            LAT/LON1/LON2/DLON/H
   38   42   43   46   46   47   47   49   51   54   55   56   55   53   52   55
   63   75   92  113  136  159  181  201  218  233  245  255  262  268  272  275
  276  273  266  256  242  226  212  200  192  186  181  173  161  144  123  102
   82   66   55   47   42   40   38   37   35   34   32   31   31   32   33   36
   39   42   46   45   48   45   46   49   38                                   
    52.5-180.0 180.0   5.0 450.0                            LAT/LON1/LON2/DLON/H
   42   45   44   47   45   45   45   46   48   50   52   52   51   50   50   55
   65   80   98  120  142  164  184  203  220  235  248  259  266  272  276  279
  280  278  272  263  250  236  223  213  207  204  201  194  182  164  142  119
   99   83   71   64   59   56   54   52   50   48   45   43   41   40   40   41
   43   45   50   50   53   49   49   51   42                                   
    50.0-180.0 180.0   5.0 450.0                            LAT/LON1/LON2/DLON/H
   54   55   53   55   53   52   51   50   51   53   54   53   51   50   51   58
   70   87  108  130  151  171  190  208  225  241  254  264  271  275  277  279
  279  278  274  267  257  245  233  226  222  220  218  212  200  182  160  137
  117  102   91   84   79   75   73   71   69   66   63   60   57   54   52   52
   53   55   60   61   65   61   60   59   54                                   
    47.5-180.0 180.0   5.0 450.0                            LAT/LON1/LON2/DLON/H
   69   70   68   69   67   67   64   62   62   63   62   60   56   54   56   64
   78   98  120  142  163  182  200  218  235  250  262  271  274  275  275  274
  274  274  273  269  262  253  244  237  234  233  231  226  214  195  174  152
  134  119  109  101   96   91   88   85   84   82   80   77   74   70   68   66
   66   69   73   75   80   78   76   72   69                                   
    45.0-180.0 180.0   5.0 450.0                            LAT/LON1/LON2/DLON/H
   84   86   83   86   85   84   81   79   78   78   75   72   67   64   66   75
   91  112  135  157  177  196  213  230  247  262  272  277  277  273  267  264
  263  265  268  269  267  261  254  248  244  242  239  232  220  202  181  161
  144  130  120  111  104   97   93   90   89   89   89   88   86   83   80   79
   78   81   85   88   95   95   93   87   84                                   
    42.5-180.0 180.0   5.0 450.0                            LAT/LON1/LON2/DLON/H
   93   96   95   99  100  100   97   95   94   94   91   86   80   77   80   90
  107  128  150  171  191  209  227  244  260  273  281  282  276  266  257  252
  252  258  265  272  274  272  266  260  253  249  243  235  221  203  183  164
  148  135  124  113  103   94   88   84   84   85   87   88   88   87   86   84
   84   86   90   95  103  105  103   97   93                                   
    40.0-180.0 180.0   5.0 450.0                            LAT/LON1/LON2/DLON/H
   95   99   99  106  109  110  108  108  107  107  104  100   95   92   96  107
  124  145  165  185  203  221  239  256  271  282  287  283  273  260  249  244
  248  258  271  283  290  291  285  277  267  259  250  239  224  205  185  166
  150  137  124  111   98   87   78   74   73   75   78   81   83   84   83   83
   83   84   88   93  101  105  103   99   95                                   
    37.5-180.0 180.0   5.0 450.0                            LAT/LON1/LON2/DLON/H
   89   93   96  104  110  112  112  113  114  115  113  111  107  108  113  126
  142  160  178  195  212  230  248  265  279  288  289  282  270  257  248  248
  257  273  292  309  319  321  315  304  292  279  267  252  235  215  194  175
  158  144  130  114   99   85   74   68   66   66   69   72   75   77   78   78
   77   78   81   84   91   94   92   92   89                                   
    35.0-180.0 180.0   5.0 450.0                            LAT/LON1/LON2/DLON/H
   78   83   86   95  102  105  107  110  113  115  116  116  116  120  129  142
  158  173  188  203  219  237  255  271  283  289  289  282  271  262  260  267
  284  308  332  353  365  367  359  346  331  315  298  281  261  238  216  196
  179  164  149  133  116  100   87   77   71   69   68   70   72   73   74   75
   74   73   75   74   80   78   79   82   78                                   
    32.5-180.0 180.0   5.0 450.0                            LAT/LON1/LON2/DLON/H
   69   72   75   84   89   92   97  101  105  109  112  116  121  129  141  156
  171  184  195  208  224  241  258  273  284  289  289  285  280  279  286  305
  331  362  392  415  427  427  418  403  385  366  347  326  304  279  256  235
  218  203  188  173  156  139  123  109   99   90   85   82   81   81   81   81
   79   77   76   72   75   69   69   74   69                                   
    30.0-180.0 180.0   5.0 450.0                            LAT/LON1/LON2/DLON/H
   67   68   69   74   78   79   85   89   94   99  104  111  120  133  148  165
  180  191  201  212  227  245  261  274  283  289  291  293  296  307  328  359
  396  434  468  491  501  498  486  470  451  432  411  388  363  337  312  291
  275  262  250  237  221  204  186  168  150  135  122  113  108  104  103  102
   99   96   93   84   83   73   71   73   67                                   
    27.5-180.0 180.0   5.0 450.0                            LAT/LON1/LON2/DLON/H
   76   74   70   72   72   71   76   78   83   88   95  104  116  132  151  170
  185  196  205  217  232  248  264  275  284  290  297  307  323  347  382  426
  473  518  552  573  577  570  556  539  522  503  482  459  433  406  380  360
  346  336  328  319  307  290  270  247  223  200  179  164  152  145  141  139
  135  132  125  114  108   93   87   81   76                                   
    25.0-180.0 180.0   5.0 450.0                            LAT/LON1/LON2/DLON/H
   98   91   82   80   77   72   74   74   77   81   87   97  111  129  151  171
  188  200  210  222  237  254  268  279  287  295  309  329  358  397  446  500
  553  600  632  646  643  631  616  600  585  569  550  527  501  475  451  433
  421  415  412  408  399  384  362  335  304  274  248  226  209  198  192  188
  183  180  171  159  148  127  115  100   98                                   
    22.5-180.0 180.0   5.0 450.0                            LAT/LON1/LON2/DLON/H
  131  120  104   97   89   82   82   79   78   80   84   93  107  126  149  171
  189  203  215  228  245  262  276  285  294  307  328  359  401  452  509  568
  623  666  690  695  686  670  655  641  630  617  600  579  556  532  510  495
  487  484  485  484  478  463  441  411  377  344  314  289  269  255  246  241
  236  233  222  212  196  170  152  129  131                                   
    20.0-180.0 180.0   5.0 450.0                            LAT/LON1/LON2/DLON/H
  170  155  134  121  109   97   95   89   85   84   86   94  107  126  149  172
  193  209  222  238  255  272  286  296  306  324  354  395  447  504  564  622
  671  705  720  716  701  684  670  660  651  641  627  610  589  568  550  538
  532  531  532  531  524  509  486  457  424  393  364  340  320  305  296  289
  284  283  270  263  243  214  193  163  170                                   
    17.5-180.0 180.0   5.0 450.0                            LAT/LON1/LON2/DLON/H
  205  190  165  147  130  116  111  103   96   93   92   98  111  130  153  178
  200  219  235  251  270  287  300  311  324  348  385  434  491  548  604  654
  693  716  720  708  691  674  663  656  651  644  633  618  601  584  569  558
  552  549  546  541  531  513  490  463  436  410  388  369  352  339  331  325
  320  320  307  301  280  251  229  197  205                                   
    15.0-180.0 180.0   5.0 450.0                            LAT/LON1/LON2/DLON/H
  228  215  191  169  149  134  127  117  108  102  101  106  119  137  162  189
  214  235  253  270  288  304  318  330  347  376  419  472  527  579  626  665
  691  701  696  680  663  649  641  637  634  629  621  610  596  582  569  558
  549  541  531  518  501  480  457  435  415  398  384  372  361  352  347  341
  337  337  325  318  298  271  251  222  228                                   
    12.5-180.0 180.0   5.0 450.0                            LAT/LON1/LON2/DLON/H
  234  225  205  182  161  146  139  127  118  112  110  116  129  149  175  204
  233  256  275  292  309  324  337  352  373  407  453  503  552  595  630  656
  670  670  658  642  627  617  612  611  610  607  601  593  583  571  559  546
  532  516  496  474  449  425  403  386  373  365  359  355  350  346  343  338
  334  332  322  313  295  272  255  231  234                                   
    10.0-180.0 180.0   5.0 450.0                            LAT/LON1/LON2/DLON/H
  226  221  206  185  165  150  143  133  124  118  117  125  140  162  191  224
  255  281  301  316  331  344  358  375  400  436  481  526  565  597  620  634
  638  632  619  605  594  589  588  588  588  587  583  577  569  559  546  530
  510  486  457  425  394  368  347  334  327  326  326  327  327  326  325  321
  316  312  302  292  276  258  243  223  226                                   
     7.5-180.0 180.0   5.0 450.0                            LAT/LON1/LON2/DLON/H
  210  209  197  179  162  147  141  132  125  120  122  132  150  176  209  244
  278  305  325  339  352  364  378  398  426  463  503  540  569  589  602  608
