data/edconvlstm_nd/pred2010.15i
     1.0            IONOSPHERE MAPS     GNSS                IONEX VERSION / TYPE
pyspatialgeodesy        IME             05-JAN-18 20:20     PGM / RUN BY / DATE 
Map Name                                                    COMMENT             
Predicted global ionosphere maps (GIM).                     DESCRIPTION         
  2015     7    20     0     0     0                        EPOCH OF FIRST MAP  
  2015     7    21     0     0     0                        EPOCH OF LAST MAP   
  7200                                                      INTERVAL            
    13                                                      # OF MAPS IN FILE   
  NONE                                                      MAPPING FUNCTION    
10.0                                                        ELEVATION CUTOFF    
One-way carrier phase leveled to code                       OBSERVABLES USED    
  6371.0                                                    BASE RADIUS         
 2                                                          MAP DIMENSION       
   450.0 450.0   0.0                                        HGT1 / HGT2 / DHGT  
    87.5 -87.5  -2.5                                        LAT1 / LAT2 / DLAT  
  -180.0 180.0   5.0                                        LON1 / LON2 / DLON  
    -1                                                      EXPONENT            
                                                            END OF HEADER       
[from data line 2145]
     6                                                      START OF TEC MAP    
  2015     7    20    10     0     0                        EPOCH OF CURRENT MAP
    87.5-180.0 180.0   5.0 450.0                            LAT/LON1/LON2/DLON/H
  135  136  134  138  140  139  138  135  137  138  137  138  138  138  138  138
  138  138  138  138  137  137  137  137  136  136  136  135  135  135  135  134
  134  134  134  134  134  134  134  134  134  134  135  135  135  135  136  136
  136  136  136  136  136  135  135  135  134  134  134  133  133  133  132  132
  132  134  132  131  136  134  141  138  135                                   
    85.0-180.0 180.0   5.0 450.0                            LAT/LON1/LON2/DLON/H
  132  138  145  141  141  144  144  145  145  146  146  146  146  147  147  147
  146  146  146  146  146  146  145  145  145  145  144  144  144  144  144  144
  144  143  143  143  143  143  143  143  144  144  144  145  145  145  145  146
  146  146  146  146  145  145  145  144  144  143  143  142  142  141  141  141
  142  142  138  136  134  135  139  142  132                                   
    82.5-180.0 180.0   5.0 450.0                            LAT/LON1/LON2/DLON/H
  128  138  141  136  135  138  139  140  141  142  142  143  143  143  143  143
  143  143  142  142  142  142  142  142  142  142  142  142  142  143  143  143
  143  143  143  143  143  143  143  144  144  145  145  146  147  147  148  148
  149  149  149  149  148  148  147  146  145  144  143  142  141  140  139  138
  138  138  134  134  133  138  136  130  128                                   
    80.0-180.0 180.0   5.0 450.0                            LAT/LON1/LON2/DLON/H
  127  133  135  134  133  133  134  136  138  139  138  139  139  139  139  139
  139  139  138  138  138  138  138  138  138  138  139  139  140  140  141  141
  142  142  142  143  143  143  144  144  145  146  147  149  150  151  152  153
  154  154  155  154  154  153  152  150  149  147  146  144  142  141  139  138
  138  137  133  134  131  136  141  132  127                                   
    77.5-180.0 180.0   5.0 450.0                            LAT/LON1/LON2/DLON/H
  130  131  133  132  130  131  131  132  134  134  134  135  135  135  135  135
  135  134  134  134  134  134  134  134  134  135  136  137  139  140  142  143
  144  146  146  147  148  148  149  150  151  153  155  157  159  161  163  164
  165  166  166  166  165  164  162  160  158  156  153  151  149  146  144  142
  141  139  135  136  136  135  138  136  130                                   
    75.0-180.0 180.0   5.0 450.0                            LAT/LON1/LON2/DLON/H
  126  129  126  127  124  125  125  125  126  127  127  128  128  128  128  128
  127  127  127  127  127  127  127  127  128  129  131  132  135  137  140  143
  145  147  149  150  151  152  153  154  156  158  160  162  165  167  170  171
  173  173  173  173  172  170  168  166  164  161  159  156  154  151  149  147
  145  143  140  137  137  138  140  133  126                                   
    72.5-180.0 180.0   5.0 450.0                            LAT/LON1/LON2/DLON/H
  126  128  123  123  120  120  120  119  120  120  120  121  121  121  121  121
  121  121  121  121  121  121  121  122  123  124  126  128  132  135  139  144
  147  151  153  155  157  158  159  160  162  164  167  169  172  175  177  178
  179  179  179  178  176  174  172  170  168  166  163  161  159  157  155  154
  152  150  147  145  143  143  143  140  126                                   
    70.0-180.0 180.0   5.0 450.0                            LAT/LON1/LON2/DLON/H
  129  127  122  120  114  112  110  109  109  110  109  111  111  112  112  112
  112  112  112  113  113  113  114  114  115  116  118  121  125  130  136  141
  146  151  154  157  159  160  162  163  165  168  170  173  176  178  179  179
  179  178  176  174  172  170  168  166  165  163  162  161  160  158  157  157
  156  155  152  150  148  149  150  147  129                                   
    67.5-180.0 180.0   5.0 450.0                            LAT/LON1/LON2/DLON/H
  130  128  123  119  113  109  105  103  102  102  102  103  104  105  106  106
  106  106  107  107  108  109  109  109  110  111  113  116  120  126  133  139
  145  151  155  158  161  162  164  166  168  171  174  177  179  180  179  178
  176  173  170  167  164  162  160  159  159  159  159  159  159  159  159  160
  160  160  158  156  153  154  154  151  130                                   
    65.0-180.0 180.0   5.0 450.0                            LAT/LON1/LON2/DLON/H
  134  132  125  121  112  106  101   97   96   95   95   96   98   99  100  100
  100  100  101  102  104  105  106  106  107  108  110  113  118  124  131  139
  146  152  157  161  163  166  168  170  173  177  180  182  183  183  181  177
  172  167  163  159  155  153  152  152  153  154  156  157  159  160  161  163
  164  165  164  163  161  163  163  160  134                                   
    62.5-180.0 180.0   5.0 450.0                            LAT/LON1/LON2/DLON/H
  138  137  130  124  113  106   99   93   90   89   88   90   91   93   94   94
   95   95   96   97   99  101  103  104  105  107  109  112  117  124  131  139
  147  154  159  162  165  168  171  174  178  182  186  188  188  186  182  176
  169  162  156  151  148  146  146  147  149  152  154  156  158  160  162  164
  166  168  168  168  166  169  170  166  138                                   
    60.0-180.0 180.0   5.0 450.0                            LAT/LON1/LON2/DLON/H
  143  142  134  127  116  107   97   90   85   82   81   83   84   86   87   88
   88   88   89   91   94   97  100  102  104  106  108  112  118  125  133  141
  148  155  160  164  167  170  173  177  182  187  192  194  194  190  184  176
  168  159  153  148  145  144  144  146  149  151  154  157  159  160  162  164
  166  168  169  169  169  172  174  169  143                                   
    57.5-180.0 180.0   5.0 450.0                            LAT/LON1/LON2/DLON/H
  147  147  140  132  120  110   99   90   83   78   76   77   78   80   81   81
   81   81   82   85   88   93   97  100  104  107  110  115  121  128  136  144
  151  158  163  167  171  174  178  183  189  195  200  202  202  198  190  181
  171  163  156  151  149  148  149  151  154  156  159  161  162  162  163  165
  166  168  169  170  171  174  175  171  147                                   
    55.0-180.0 180.0   5.0 450.0                            LAT/LON1/LON2/DLON/H
  151  151  144  137  125  115  103   91   83   76   72   71   72   74   75   75
   74   74   76   78   83   88   94   99  103  108  113  119  126  133  141  149
  156  162  167  172  176  180  185  190  196  202  208  211  211  206  199  189
  179  171  164  160  158  157  158  160  162  164  166  166  166  165  165  165
  166  167  168  169  170  173  174  169  151                                   
    52.5-180.0 180.0   5.0 450.0                            LAT/LON1/LON2/DLON/H
  152  152  147  141  130  120  108   95   85   76   70   68   68   69   69   69
   69   69   70   73   78   84   91   97  103  109  116  123  130  139  147  154
  161  168  174  179  184  189  193  198  204  211  217  221  221  217  209  200
  191  183  176  172  170  169  170  171  172  173  173  172  171  169  167  167
  167  168  168  168  168  170  171  165  152                                   
    50.0-180.0 180.0   5.0 450.0                            LAT/LON1/LON2/DLON/H
  151  151  147  142  134  125  113  101   90   80   72   69   67   66   66   66
   66   66   67   71   76   83   90   97  104  112  119  127  135  144  152  159
  166  174  181  189  195  200  204  208  214  220  227  231  232  228  222  213
  204  196  190  185  182  181  180  180  181  180  179  178  175  173  171  170
  170  170  169  168  167  167  166  160  151                                   
    47.5-180.0 180.0   5.0 450.0                            LAT/LON1/LON2/DLON/H
  147  147  144  141  134  127  118  107   96   86   78   72   69   67   66   65
   65   65   67   71   76   83   91   99  106  114  122  130  139  147  155  163
  171  180  190  199  207  213  217  220  225  231  238  242  244  241  235  227
  218  210  203  197  192  189  187  186  185  184  183  181  179  177  176  175
  175  174  172  170  167  165  162  155  147                                   
    45.0-180.0 180.0   5.0 450.0                            LAT/LON1/LON2/DLON/H
  141  140  137  136  131  127  120  112  103   94   85   79   74   71   69   68
   67   68   70   73   79   85   93  101  109  117  125  133  141  149  158  166
  175  186  198  210  220  227  231  234  238  244  250  255  258  256  250  242
  233  224  215  207  200  194  191  189  187  186  185  183  182  181  181  182
  182  181  178  174  168  164  159  152  141                                   
    42.5-180.0 180.0   5.0 450.0                            LAT/LON1/LON2/DLON/H
  135  132  129  128  125  121  118  114  109  102   94   88   82   78   74   72
   71   72   74   78   83   89   97  104  112  119  127  135  142  150  159  168
  178  191  206  221  233  241  246  249  252  258  265  271  274  272  267  259
  249  238  227  216  207  199  194  191  189  188  187  186  186  187  188  191
  192  191  187  181  173  165  158  150  135                                   
    40.0-180.0 180.0   5.0 450.0                            LAT/LON1/LON2/DLON/H
  128  124  120  118  115  113  113  112  111  108  103   98   91   85   81   78
   77   77   80   83   88   94  100  107  115  122  129  136  143  151  159  169
  181  196  213  230  244  254  260  264  268  275  283  290  293  292  287  279
  268  256  243  230  218  208  201  198  196  194  193  193  193  195  198  202
  204  203  198  190  179  169  160  150  128                                   
    37.5-180.0 180.0   5.0 450.0                            LAT/LON1/LON2/DLON/H
  125  119  112  107  104  102  104  107  110  111  109  106  100   93   87   83
   82   82   85   88   93   98  104  110  117  123  130  137  144  152  160  170
  183  199  218  237  253  265  273  279  285  293  302  310  315  314  310  302
  291  279  265  251  238  227  219  214  211  208  206  205  206  208  211  216
  218  216  210  200  187  174  164  152  125                                   
    35.0-180.0 180.0   5.0 450.0                            LAT/LON1/LON2/DLON/H
  126  117  108  100   95   92   95  100  107  111  113  111  106  100   93   88
   86   86   88   92   96  100  106  112  118  124  131  138  145  153  162  172
  186  203  222  242  260  274  284  292  301  312  323  332  337  338  335  329
  320  309  296  283  269  258  249  243  238  233  229  226  225  226  228  232
  233  231  224  212  197  182  171  157  126                                   
    32.5-180.0 180.0   5.0 450.0                            LAT/LON1/LON2/DLON/H
  133  122  110   98   90   86   89   94  102  108  113  114  110  104   97   91
   88   88   90   94   98  102  107  112  119  125  132  139  147  155  165  175
  189  206  225  245  264  279  292  304  316  329  341  352  358  361  360  357
  351  344  335  324  313  302  292  283  275  267  260  254  250  248  249  250
  250  246  238  225  209  192  181  165  133                                   
    30.0-180.0 180.0   5.0 450.0                            LAT/LON1/LON2/DLON/H
  146  132  118  104   93   87   88   91   99  106  111  114  112  106   99   93
   90   89   91   95   98  103  107  113  119  125  133  141  150  159  168  179
  192  208  227  247  266  282  297  312  326  341  355  367  375  380  383  383
  383  381  377  371  363  354  344  332  321  309  297  286  278  273  270  269
  266  262  252  237  221  203  192  176  146                                   
    27.5-180.0 180.0   5.0 450.0                            LAT/LON1/LON2/DLON/H
  163  147  133  117  105   97   95   95  100  105  110  113  112  107  101   94
   90   90   91   95   99  103  108  113  119  126  134  143  152  162  172  183
  195  210  228  247  265  282  299  315  332  349  363  375  385  392  399  405
  410  415  417  417  414  407  396  382  367  350  334  319  307  298  292  287
  282  275  264  249  232  214  203  188  163                                   
    25.0-180.0 180.0   5.0 450.0                            LAT/LON1/LON2/DLON/H
  180  165  151  137  124  115  110  106  107  109  112  114  112  108  102   95
   91   90   91   95   99  104  108  113  119  126  134  144  155  166  176  187
  198  212  228  245  262  279  297  314  332  349  363  376  386  397  407  418
  429  439  448  454  455  450  439  423  404  384  364  346  331  319  309  302
  295  286  275  258  242  223  212  199  180                                   
    22.5-180.0 180.0   5.0 450.0                            LAT/LON1/LON2/DLON/H
  195  181  170  158  147  137  130  123  119  117  117  116  114  109  103   97
   92   91   92   96  100  105  109  113  119  126  134  145  156  168  179  189
  201  213  228  243  259  276  293  310  327  343  357  369  381  393  406  421
  436  451  464  473  477  473  461  444  424  403  382  364  348  333  322  313
  303  294  281  265  248  229  218  207  195                                   
    20.0-180.0 180.0   5.0 450.0                            LAT/LON1/LON2/DLON/H
  204  193  185  177  168  159  151  142  134  128  124  121  117  112  106   99
   94   92   93   97  101  106  110  114  119  125  134  144  156  168  180  191
  202  215  229  243  258  273  289  305  321  335  348  359  371  384  399  415
  432  448  462  473  477  473  462  445  425  406  387  371  355  341  328  318
  307  296  283  266  249  231  220  212  204                                   
    17.5-180.0 180.0   5.0 450.0                            LAT/LON1/LON2/DLON/H
  206  198  194  189  183  175  168  158  149  140  133  127  122  116  109  102
   97   95   95   98  102  106  111  115  119  125  133  143  155  167  179  191
  203  217  231  246  260  274  288  302  316  328  338  349  360  373  387  404
  420  435  448  456  458  454  444  429  413  398  383  369  356  342  329  317
  306  294  280  263  246  227  217  210  206                                   
    15.0-180.0 180.0   5.0 450.0                            LAT/LON1/LON2/DLON/H
  202  196  196  192  188  182  177  167  158  148  139  133  126  120  113  106
  101   97   97   98  102  106  110  114  118  123  131  141  153  166  179  192
  205  221  236  251  265  278  290  303  314  324  333  342  352  364  377  391
  405  417  426  431  432  427  418  407  395  385  374  364  352  339  325  313
  300  288  273  256  238  219  210  204  202                                   
    12.5-180.0 180.0   5.0 450.0                            LAT/LON1/LON2/DLON/H
  193  188  190  186  183  177  174  168  160  151  143  136  129  123  116  109
  104  100   98   98  100  104  108  112  116  122  129  139  151  165  179  193
  209  226  243  259  272  284  295  306  317  326  334  342  351  361  372  383
  392  400  405  407  405  401  394  387  380  374  367  358  347  333  319  306
  292  278  263  245  228  209  200  195  193                                   
    10.0-180.0 180.0   5.0 450.0                            LAT/LON1/LON2/DLON/H
  183  180  181  174  171  165  163  159  155  148  142  136  130  124  118  112
  106  102   99   98   98  101  105  109  114  120  127  138  150  165  180  197
  214  233  251  267  280  291  302  312  323  333  341  349  357  365  372  380
  386  390  392  391  388  384  380  376  373  369  363  355  343  328  312  297
  282  267  251  233  217  197  190  185  183                                   
     7.5-180.0 180.0   5.0 450.0                            LAT/LON1/LON2/DLON/H
  177  173  172  162  157  149  148  146  144  140  136  132  128  123  118  113
  108  103   99   96   95   97  101  106  111  118  126  138  151  167  183  201
