data/edconvlstm_nd/pred1950.15i
     1.0            IONOSPHERE MAPS     GNSS                IONEX VERSION / TYPE
pyspatialgeodesy        IME             05-JAN-18 20:20     PGM / RUN BY / DATE 
Map Name                                                    COMMENT             
Predicted global ionosphere maps (GIM).                     DESCRIPTION         
  2015     7    14     0     0     0                        EPOCH OF FIRST MAP  
  2015     7    15     0     0     0                        EPOCH OF LAST MAP   
  7200                                                      INTERVAL            
    13                                                      # OF MAPS IN FILE   
  NONE                                                      MAPPING FUNCTION    
10.0                                                        ELEVATION CUTOFF    
One-way carrier phase leveled to code                       OBSERVABLES USED    
  6371.0                                                    BASE RADIUS         
 2                                                          MAP DIMENSION       
   450.0 450.0   0.0                                        HGT1 / HGT2 / DHGT  
    87.5 -87.5  -2.5                                        LAT1 / LAT2 / DLAT  
  -180.0 180.0   5.0                                        LON1 / LON2 / DLON  
    -1                                                      EXPONENT            
                                                            END OF HEADER       
[from data line 3003]
     8                                                      START OF TEC MAP    
  2015     7    14    14     0     0                        EPOCH OF CURRENT MAP
    87.5-180.0 180.0   5.0 450.0                            LAT/LON1/LON2/DLON/H
  152  154  149  153  156  156  154  152  152  153  152  152  152  151  151  150
  150  150  149  149  148  148  147  146  146  145  144  144  143  142  142  142
  141  141  141  142  142  142  143  143  144  144  145  146  146  147  147  148
  148  148  148  149  149  149  149  150  150  150  151  151  151  152  152  152
  152  153  152  150  156  151  156  153  152                                   
    85.0-180.0 180.0   5.0 450.0                            LAT/LON1/LON2/DLON/H
  151  153  162  155  155  159  158  158  159  159  158  158  157  157  156  156
  155  155  154  153  153  152  151  151  150  149  148  147  147  146  145  145
  145  145  145  145  146  146  147  148  149  150  151  151  152  153  154  154
  154  155  155  155  155  156  156  156  157  157  157  158  158  158  158  159
  160  160  157  154  153  147  150  151  151                                   
    82.5-180.0 180.0   5.0 450.0                            LAT/LON1/LON2/DLON/H
  139  151  151  146  147  151  152  152  151  152  151  151  150  149  149  148
  148  147  147  146  146  145  145  144  143  142  141  140  139  139  138  137
  137  137  137  137  138  139  141  142  143  145  146  147  148  149  150  150
  150  151  151  151  151  151  151  151  151  152  152  152  152  152  152  152
  153  152  149  150  146  148  142  132  139                                   
    80.0-180.0 180.0   5.0 450.0                            LAT/LON1/LON2/DLON/H
  130  137  139  138  137  138  138  141  141  141  140  141  140  139  139  139
  138  138  138  138  138  138  138  138  137  136  135  134  133  132  131  130
  129  128  128  129  130  131  133  134  136  138  139  141  142  142  142  143
  142  142  142  142  142  141  141  141  141  141  141  140  140  140  140  141
  141  141  138  138  133  131  130  123  130                                   
    77.5-180.0 180.0   5.0 450.0                            LAT/LON1/LON2/DLON/H
  126  127  128  128  128  129  129  131  132  131  130  130  130  129  129  129
  129  130  130  131  132  134  135  135  136  136  135  134  133  132  130  128
  127  127  126  127  128  129  131  133  135  137  138  139  140  140  140  139
  139  138  137  136  136  135  134  134  133  132  131  130  129  129  128  128
  128  127  125  125  125  118  118  116  126                                   
    75.0-180.0 180.0   5.0 450.0                            LAT/LON1/LON2/DLON/H
  115  118  116  118  119  121  121  122  123  124  122  122  121  121  121  121
  122  123  125  127  129  132  134  136  138  139  139  139  138  136  134  133
  131  130  129  129  130  132  134  135  137  139  140  140  140  139  138  136
  135  134  133  132  131  130  129  128  127  125  124  122  121  120  119  119
  118  117  116  113  114  110  110  101  115                                   
    72.5-180.0 180.0   5.0 450.0                            LAT/LON1/LON2/DLON/H
  105  109  108  111  111  114  115  116  116  116  114  114  113  112  112  113
  114  116  118  122  126  130  134  137  140  142  143  143  142  141  139  136
  134  133  132  132  133  134  136  138  139  141  141  141  139  138  135  133
  132  130  130  129  128  127  126  124  122  120  118  116  114  112  111  110
  109  108  107  104  104  102  102   98  105                                   
    70.0-180.0 180.0   5.0 450.0                            LAT/LON1/LON2/DLON/H
  100  104  103  106  106  108  109  111  111  111  109  109  107  107  106  107
  108  110  114  118  123  128  133  138  142  145  147  147  147  145  143  141
  138  137  136  135  136  137  139  140  142  143  142  141  139  136  133  131
  129  128  128  128  128  127  126  125  122  119  116  113  110  108  107  106
  105  103  102   99   99   98  101   97  100                                   
    67.5-180.0 180.0   5.0 450.0                            LAT/LON1/LON2/DLON/H
   97  102  102  105  106  108  109  110  110  110  109  108  107  107  106  106
  107  110  113  117  123  128  134  140  145  148  150  151  150  149  146  144
  141  139  138  137  138  139  140  142  144  144  144  142  139  136  132  130
  129  129  129  131  132  132  132  130  127  123  119  116  112  109  106  105
  104  102  100   97   97   96   98   94   97                                   
    65.0-180.0 180.0   5.0 450.0                            LAT/LON1/LON2/DLON/H
   96  102  101  105  105  107  108  109  110  111  110  110  109  109  108  108
  109  110  113  117  122  128  134  140  145  148  151  152  151  150  148  145
  143  142  140  140  140  141  143  145  146  147  147  145  142  138  134  132
  132  133  135  138  141  143  143  141  137  133  128  123  118  114  111  109
  107  105  103  100   99   99  102   98   96                                   
    62.5-180.0 180.0   5.0 450.0                            LAT/LON1/LON2/DLON/H
   96  101  101  104  103  106  107  108  110  111  112  113  113  113  113  113
  113  114  116  119  123  128  133  138  143  147  149  150  150  149  147  145
  144  143  142  142  142  143  144  147  149  151  151  149  145  142  138  137
  137  140  144  149  153  155  156  154  151  146  140  133  127  122  117  114
  111  108  105  102  101  100  103   99   96                                   
    60.0-180.0 180.0   5.0 450.0                            LAT/LON1/LON2/DLON/H
   96  100   99  102  101  103  104  106  108  110  112  115  117  118  118  118
  118  117  118  120  122  126  130  135  139  143  145  146  147  146  145  145
  145  144  144  144  145  146  148  150  153  156  156  155  152  148  146  145
  146  150  155  161  167  170  171  170  166  160  153  146  139  132  126  121
  116  113  109  104  103  101  104  101   96                                   
    57.5-180.0 180.0   5.0 450.0                            LAT/LON1/LON2/DLON/H
   95   98   98  100   98  100  101  102  105  109  112  116  119  121  123  123
  122  121  121  121  122  124  127  131  135  139  141  143  144  145  146  147
  148  149  150  151  151  152  154  157  161  164  165  165  162  159  157  156
  158  162  168  175  181  185  186  185  181  175  168  160  152  144  136  130
  124  119  113  108  105  102  105  102   95                                   
    55.0-180.0 180.0   5.0 450.0                            LAT/LON1/LON2/DLON/H
   95   96   96   98   95   97   97   99  102  106  110  115  119  122  124  125
  124  123  122  121  120  121  123  127  130  134  138  141  143  145  147  150
  153  156  159  160  161  162  164  167  171  174  176  176  174  171  169  168
  170  175  181  187  192  196  197  196  193  188  181  173  165  156  147  139
  132  125  118  112  108  104  105  103   95                                   
    52.5-180.0 180.0   5.0 450.0                            LAT/LON1/LON2/DLON/H
   96   96   97   97   94   96   96   97   99  103  107  112  117  120  123  124
  124  123  122  120  118  118  120  123  127  132  136  140  144  147  151  156
  161  166  170  172  174  175  176  179  183  187  189  189  187  184  182  181
  182  186  190  195  199  202  204  203  201  197  191  184  175  166  157  149
  141  133  125  118  112  107  107  105   96                                   
    50.0-180.0 180.0   5.0 450.0                            LAT/LON1/LON2/DLON/H
   99   99  100  100   96   97   97   97   98  101  105  109  114  117  120  121
  122  122  120  118  117  116  117  120  125  131  137  142  147  152  158  164
  171  178  184  187  189  190  192  194  197  200  202  201  199  196  193  192
  192  194  197  200  202  204  206  206  205  203  198  192  185  176  168  160
  151  143  135  126  119  113  112  110   99                                   
    47.5-180.0 180.0   5.0 450.0                            LAT/LON1/LON2/DLON/H
  105  105  106  106  101  102  101  100  101  103  105  108  111  114  116  118
  119  120  119  118  116  116  117  121  127  134  141  147  153  159  166  174
  182  191  198  204  207  208  209  211  213  215  215  213  210  207  203  201
  201  200  201  201  202  203  204  205  206  205  203  199  193  185  178  171
  163  156  147  138  129  122  119  117  105                                   
    45.0-180.0 180.0   5.0 450.0                            LAT/LON1/LON2/DLON/H
  112  114  114  114  108  109  107  106  106  107  108  110  111  112  114  116
  118  119  120  119  118  118  120  125  132  140  148  155  162  168  176  184
  194  205  214  222  226  229  230  230  231  231  229  225  221  217  213  210
  208  206  204  202  201  201  201  203  205  207  207  204  200  194  188  182
  175  169  161  152  143  135  131  127  112                                   
    42.5-180.0 180.0   5.0 450.0                            LAT/LON1/LON2/DLON/H
  121  124  124  122  116  116  115  114  113  114  114  114  114  114  115  117
  119  121  123  123  123  124  127  133  140  149  158  166  172  179  187  197
  208  220  232  241  248  252  253  253  252  249  245  239  233  227  223  219
  216  212  208  204  201  200  201  203  206  209  210  210  207  203  198  194
  188  184  176  167  158  149  144  140  121                                   
    40.0-180.0 180.0   5.0 450.0                            LAT/LON1/LON2/DLON/H
  131  134  133  130  124  123  122  121  121  122  122  121  120  120  120  122
  124  127  129  130  132  134  137  144  152  161  170  177  184  191  200  211
  224  238  252  264  272  278  280  279  276  270  263  254  246  240  235  230
  226  222  216  211  207  204  204  205  208  212  215  216  214  211  207  204
  200  197  190  182  173  164  159  153  131                                   
    37.5-180.0 180.0   5.0 450.0                            LAT/LON1/LON2/DLON/H
  142  144  141  137  129  128  127  127  128  130  130  130  129  128  129  130
  133  135  138  140  142  145  150  157  165  174  182  190  197  205  216  228
  243  260  276  289  300  307  309  308  303  294  284  273  263  255  250  245
  241  235  229  223  217  213  211  211  214  217  220  222  221  218  215  212
  209  207  201  194  186  179  173  166  142                                   
    35.0-180.0 180.0   5.0 450.0                            LAT/LON1/LON2/DLON/H
  151  152  148  141  132  130  129  130  133  136  138  139  139  139  140  141
  144  146  149  151  154  158  164  170  178  187  195  203  211  221  233  249
  267  285  303  319  331  338  341  339  332  321  308  295  284  275  269  265
  260  254  248  241  234  228  223  221  221  222  225  227  227  224  221  218
  215  214  209  204  197  190  185  177  151                                   
    32.5-180.0 180.0   5.0 450.0                            LAT/LON1/LON2/DLON/H
  160  158  153  143  133  129  129  131  135  140  143  146  148  150  152  154
  156  158  160  163  167  171  177  183  191  199  207  215  225  238  254  273
  294  315  335  352  364  372  374  370  362  350  335  320  308  299  293  289
  284  278  271  263  254  246  238  231  228  228  229  231  230  228  224  221
  218  217  213  210  204  199  194  187  160                                   
    30.0-180.0 180.0   5.0 450.0                            LAT/LON1/LON2/DLON/H
  168  164  157  145  134  129  128  130  136  142  147  152  156  160  164  167
  169  170  172  175  179  183  189  195  201  209  217  227  240  257  277  301
  325  349  369  386  397  403  404  400  390  377  362  347  335  326  321  316
  311  305  297  288  277  265  252  242  234  231  231  232  232  229  225  222
  218  218  214  212  209  205  201  193  168                                   
    27.5-180.0 180.0   5.0 450.0                            LAT/LON1/LON2/DLON/H
  176  169  161  149  135  129  128  130  136  143  149  156  163  169  175  179
  181  182  183  186  190  194  199  204  210  217  226  239  255  276  302  330
  358  383  403  418  427  431  430  424  414  401  387  373  362  355  349  345
  339  332  324  313  299  282  265  250  239  233  232  232  231  228  224  220
  216  215  213  211  210  208  204  198  176                                   
    25.0-180.0 180.0   5.0 450.0                            LAT/LON1/LON2/DLON/H
  181  174  166  153  139  132  130  131  136  144  151  159  168  177  185  189
  192  193  194  197  200  204  207  211  216  224  235  251  271  297  327  358
  388  413  432  443  449  451  447  441  432  420  408  397  388  381  376  371
  365  357  347  333  316  295  274  255  241  233  230  229  229  226  221  217
  212  212  209  209  208  208  205  199  181                                   
    22.5-180.0 180.0   5.0 450.0                            LAT/LON1/LON2/DLON/H
  185  179  170  159  145  137  134  134  138  145  152  161  172  183  193  199
  202  204  205  208  211  213  214  216  221  230  244  263  288  317  350  383
  413  436  452  460  463  461  457  450  443  433  424  416  409  404  399  394
  386  376  364  347  326  302  278  256  241  231  227  226  225  222  218  213
  208  208  205  205  205  205  203  198  185                                   
    20.0-180.0 180.0   5.0 450.0                            LAT/LON1/LON2/DLON/H
  187  183  174  165  151  143  139  138  141  147  154  163  175  187  199  207
  212  215  217  220  222  222  221  222  227  238  254  277  305  336  369  401
  429  449  462  467  467  464  460  455  449  443  436  431  426  422  417  411
  402  390  374  354  330  303  278  256  240  230  224  222  220  218  214  209
  204  203  201  200  201  201  199  194  187                                   
    17.5-180.0 180.0   5.0 450.0                            LAT/LON1/LON2/DLON/H
  186  185  177  169  156  148  144  142  144  149  155  164  176  190  204  214
  221  226  230  232  233  232  229  229  235  247  267  293  322  353  384  413
  438  455  465  468  468  465  462  458  455  451  447  443  439  435  431  423
  413  398  380  357  330  303  277  256  241  230  223  220  217  214  210  206
  201  200  197  196  196  195  193  188  186                                   
    15.0-180.0 180.0   5.0 450.0                            LAT/LON1/LON2/DLON/H
  183  183  176  170  159  151  147  145  147  151  156  164  176  191  206  219
  229  236  242  245  245  242  239  239  246  261  283  310  339  369  397  422
  442  456  464  468  468  467  466  465  464  462  458  454  450  445  440  431
  419  403  383  358  330  302  278  258  244  233  225  219  215  211  208  204
  199  197  193  191  191  189  186  181  183                                   
    12.5-180.0 180.0   5.0 450.0                            LAT/LON1/LON2/DLON/H
  178  180  174  168  159  151  148  145  147  150  155  163  175  190  206  221
  235  245  253  257  257  254  251  252  260  278  302  330  357  383  407  428
  444  456  464  469  471  473  475  476  477  475  470  464  458  452  445  436
  422  405  384  358  330  303  281  263  250  239  229  221  215  210  207  202
  197  194  190  188  186  184  180  173  178                                   
    10.0-180.0 180.0   5.0 450.0                            LAT/LON1/LON2/DLON/H
  173  175  169  165  157  149  146  144  146  149  153  160  171  186  203  221
  237  251  262  267  269  267  265  268  279  299  324  350  375  398  417  433
  446  457  466  472  478  483  488  492  493  489  482  473  464  456  447  437
  422  405  383  358  331  305  285  269  257  245  233  223  216  210  206  201
  196  193  188  186  184  181  175  168  173                                   
     7.5-180.0 180.0   5.0 450.0                            LAT/LON1/LON2/DLON/H
  170  172  166  161  154  146  144  142  143  146  149  156  166  181  198  218
  237  254  268  277  280  281  282  288  301  321  346  370  392  410  425  438
