data/edconvlstm_nd/pred1640.15i
     1.0            IONOSPHERE MAPS     GNSS                IONEX VERSION / TYPE
pyspatialgeodesy        IME             05-JAN-18 20:20     PGM / RUN BY / DATE 
Map Name                                                    COMMENT             
Predicted global ionosphere maps (GIM).                     DESCRIPTION         
  2015     6    13     0     0     0                        EPOCH OF FIRST MAP  
  2015     6    14     0     0     0                        EPOCH OF LAST MAP   
  7200                                                      INTERVAL            
    13                                                      # OF MAPS IN FILE   
  NONE                                                      MAPPING FUNCTION    
10.0                                                        ELEVATION CUTOFF    
One-way carrier phase leveled to code                       OBSERVABLES USED    
  6371.0                                                    BASE RADIUS         
 2                                                          MAP DIMENSION       
   450.0 450.0   0.0                                        HGT1 / HGT2 / DHGT  
    87.5 -87.5  -2.5                                        LAT1 / LAT2 / DLAT  
  -180.0 180.0   5.0                                        LON1 / LON2 / DLON  
    -1                                                      EXPONENT            
                                                            END OF HEADER       
[from data line 4719]
    12                                                      START OF TEC MAP    
  2015     6    13    22     0     0                        EPOCH OF CURRENT MAP
    87.5-180.0 180.0   5.0 450.0                            LAT/LON1/LON2/DLON/H
  222  206  189  195  195  195  195  193  193  193  193  193  193  194  194  194
  194  193  193  193  192  191  190  189  188  187  185  184  183  182  180  179
  178  177  176  176  175  175  174  174  174  174  174  175  175  176  177  177
  178  179  180  181  181  182  183  184  185  186  187  187  188  189  189  190
  190  190  190  192  202  205  202  210  222                                   
    85.0-180.0 180.0   5.0 450.0                            LAT/LON1/LON2/DLON/H
  213  212  212  205  200  203  203  203  202  202  202  202  203  203  203  203
  203  203  203  202  201  200  199  198  196  195  193  191  190  188  187  185
  184  182  181  180  180  179  179  179  179  179  179  180  180  181  182  183
  184  186  187  188  189  191  192  193  195  196  197  198  199  201  202  202
  204  204  205  204  208  200  200  210  213                                   
    82.5-180.0 180.0   5.0 450.0                            LAT/LON1/LON2/DLON/H
  201  206  205  201  198  202  203  202  200  201  201  202  203  203  204  205
  205  206  205  205  204  203  201  199  197  194  192  189  186  184  181  179
  177  175  174  172  171  170  170  170  170  170  171  172  173  174  175  177
  179  181  182  184  186  188  190  192  193  195  197  199  200  202  203  204
  205  205  206  210  210  214  208  207  201                                   
    80.0-180.0 180.0   5.0 450.0                            LAT/LON1/LON2/DLON/H
  203  209  210  203  198  199  200  202  202  203  203  205  206  208  209  211
  212  213  213  212  212  210  208  205  202  199  195  191  188  185  181  179
  176  174  172  171  170  169  169  169  170  170  171  173  174  176  178  180
  182  184  186  189  191  193  195  197  199  201  203  205  207  209  211  213
  214  214  215  217  215  207  206  212  203                                   
    77.5-180.0 180.0   5.0 450.0                            LAT/LON1/LON2/DLON/H
  210  205  211  204  201  202  202  203  203  204  205  207  210  212  215  217
  219  220  221  221  221  219  217  214  210  206  201  197  192  188  185  182
  180  178  176  175  174  174  174  174  174  175  176  178  179  182  184  186
  188  190  192  194  196  198  200  202  205  207  209  212  214  216  218  220
  220  220  222  223  225  213  217  228  210                                   
    75.0-180.0 180.0   5.0 450.0                            LAT/LON1/LON2/DLON/H
  214  208  210  202  197  199  198  198  200  202  203  206  209  212  215  218
  221  223  224  224  224  222  220  216  212  207  202  197  192  189  185  183
  181  180  179  178  178  178  178  178  178  179  180  181  183  185  187  189
  191  192  194  195  197  198  200  202  204  206  208  211  213  216  219  221
  221  223  225  224  223  211  215  220  214                                   
    72.5-180.0 180.0   5.0 450.0                            LAT/LON1/LON2/DLON/H
  216  210  212  209  201  202  201  202  202  204  206  210  213  217  220  223
  226  229  230  231  230  229  226  221  216  211  205  199  194  190  188  186
  185  184  184  184  184  184  183  183  183  183  184  185  186  188  190  192
  194  195  196  197  198  199  201  202  204  207  210  213  215  218  221  223
  223  225  227  227  225  214  219  231  216                                   
    70.0-180.0 180.0   5.0 450.0                            LAT/LON1/LON2/DLON/H
  221  214  214  208  199  199  199  200  201  204  206  210  214  217  221  224
  226  228  230  230  230  228  225  220  214  208  202  196  191  188  186  185
  185  185  185  186  185  185  184  183  182  182  182  182  183  185  186  187
  189  190  191  191  192  193  194  196  198  201  204  207  210  213  216  219
  220  222  225  226  225  216  222  233  221                                   
    67.5-180.0 180.0   5.0 450.0                            LAT/LON1/LON2/DLON/H
  231  223  223  219  210  210  209  210  212  215  217  221  225  228  232  234
  237  239  240  240  239  237  233  228  222  215  208  202  197  194  193  193
  193  194  194  194  194  192  191  189  187  186  185  185  186  187  188  189
  191  192  192  193  193  195  196  199  202  205  209  213  216  219  222  225
  226  229  232  232  231  221  227  239  231                                   
    65.0-180.0 180.0   5.0 450.0                            LAT/LON1/LON2/DLON/H
  237  229  228  224  214  214  213  214  215  219  222  226  230  233  236  239
  241  242  243  243  242  239  235  230  223  216  209  203  199  197  196  196
  197  197  197  196  194  192  189  186  184  182  181  180  180  180  181  182
  183  184  185  185  186  188  190  194  198  203  207  211  214  217  221  223
  224  227  231  233  234  225  231  243  237                                   
    62.5-180.0 180.0   5.0 450.0                            LAT/LON1/LON2/DLON/H
  246  238  236  232  223  222  221  221  223  226  229  233  237  240  243  246
  248  249  249  249  247  244  240  235  229  222  215  210  207  205  205  205
  205  205  203  200  197  193  189  186  183  180  178  177  176  176  177  177
  178  179  179  180  182  184  188  193  199  205  210  215  218  221  224  226
  226  229  233  235  236  228  234  246  246                                   
    60.0-180.0 180.0   5.0 450.0                            LAT/LON1/LON2/DLON/H
  252  244  242  239  230  228  226  226  228  230  233  236  240  244  247  249
  251  252  252  252  250  247  244  239  233  227  222  218  216  215  215  215
  215  213  209  204  198  193  188  185  182  179  177  175  173  172  171  171
  172  172  173  173  175  178  183  190  198  205  212  218  221  224  226  228
  228  230  233  236  238  230  237  249  252                                   
    57.5-180.0 180.0   5.0 450.0                            LAT/LON1/LON2/DLON/H
  258  250  249  245  238  236  234  233  233  234  235  238  241  245  248  251
  253  254  254  253  251  249  246  242  238  234  230  228  227  227  228  228
  226  221  215  208  200  194  189  185  183  180  178  175  172  170  168  167
  167  167  167  167  169  173  179  187  197  206  215  221  225  228  230  231
  231  233  235  237  239  233  239  251  258                                   
    55.0-180.0 180.0   5.0 450.0                            LAT/LON1/LON2/DLON/H
  263  257  257  253  247  246  243  241  240  239  239  240  242  245  248  251
  253  254  254  253  251  249  247  245  242  240  239  239  239  240  241  240
  236  230  221  212  203  196  192  189  187  185  182  178  174  170  167  165
  164  163  162  162  163  167  173  183  194  206  216  224  229  232  235  236
  236  238  239  240  242  236  242  254  263                                   
    52.5-180.0 180.0   5.0 450.0                            LAT/LON1/LON2/DLON/H
  270  265  266  263  259  258  256  253  250  247  244  243  243  245  248  250
  252  252  252  251  250  249  247  246  246  246  246  247  249  251  252  250
  245  237  226  216  206  200  196  194  193  191  187  182  177  172  168  165
  163  161  159  157  158  161  167  178  191  204  217  226  233  237  241  243
  243  245  247  246  247  242  247  259  270                                   
    50.0-180.0 180.0   5.0 450.0                            LAT/LON1/LON2/DLON/H
  280  276  278  276  273  274  272  269  265  260  254  250  248  248  249  251
  251  251  251  250  249  248  248  249  250  251  253  255  257  259  259  257
  251  242  231  220  211  206  203  202  201  198  194  187  181  175  170  167
  164  162  159  156  154  156  162  173  187  203  217  229  238  244  249  253
  255  258  259  257  257  251  256  268  280                                   
    47.5-180.0 180.0   5.0 450.0                            LAT/LON1/LON2/DLON/H
  293  290  292  292  291  293  293  290  285  278  270  264  259  257  255  254
  253  252  251  250  250  250  251  252  254  256  258  260  262  263  263  260
  254  245  235  225  217  213  212  212  210  206  200  193  185  179  174  171
  168  165  161  157  154  154  160  170  185  201  218  232  243  252  260  266
  270  274  275  273  271  265  270  281  293                                   
    45.0-180.0 180.0   5.0 450.0                            LAT/LON1/LON2/DLON/H
  309  308  310  310  311  314  316  314  309  302  293  284  277  272  267  263
  260  257  255  255  255  256  258  260  261  263  265  265  266  265  264  261
  255  248  239  231  226  224  224  223  220  215  207  198  190  183  179  177
  175  172  167  162  158  156  160  169  184  202  220  237  251  263  273  282
  287  293  295  293  290  283  287  298  309                                   
    42.5-180.0 180.0   5.0 450.0                            LAT/LON1/LON2/DLON/H
  329  329  330  330  332  337  340  339  336  330  320  312  303  295  287  279
  272  267  264  264  266  268  269  271  273  273  273  272  270  267  265  262
  257  251  245  241  238  238  238  237  232  225  215  205  196  190  187  186
  184  181  176  170  164  161  163  172  186  204  224  243  260  274  287  298
  305  313  316  315  311  304  308  318  329                                   
    40.0-180.0 180.0   5.0 450.0                            LAT/LON1/LON2/DLON/H
  351  352  352  351  354  359  364  364  364  359  352  344  335  325  313  300
  289  282  279  279  282  285  287  288  288  288  286  282  277  272  267  264
  261  258  255  253  254  255  256  253  247  237  225  214  206  201  198  197
  196  193  187  180  173  169  170  177  190  208  229  249  269  286  301  314
  323  332  336  337  333  326  330  339  351                                   
    37.5-180.0 180.0   5.0 450.0                            LAT/LON1/LON2/DLON/H
  374  376  375  373  376  381  387  389  391  389  386  380  372  360  344  327
  312  303  299  300  303  307  309  310  309  306  302  295  287  280  274  270
  268  267  267  268  272  274  275  272  263  252  239  228  220  216  213  212
  209  205  199  191  183  178  177  182  194  212  233  255  276  295  312  327
  337  347  353  356  352  346  352  360  374                                   
    35.0-180.0 180.0   5.0 450.0                            LAT/LON1/LON2/DLON/H
  397  400  399  395  399  404  409  412  417  419  419  417  411  398  380  359
  340  327  323  324  328  332  334  334  332  328  321  312  301  291  283  279
  277  278  280  284  290  294  294  290  281  269  256  246  238  233  230  227
  223  217  209  200  191  185  183  186  197  213  234  257  280  301  320  335
  346  358  366  370  368  363  371  379  397                                   
    32.5-180.0 180.0   5.0 450.0                            LAT/LON1/LON2/DLON/H
  419  423  423  418  423  428  433  436  442  447  452  454  450  438  418  393
  371  355  349  350  355  359  360  359  356  350  342  330  317  305  295  289
  287  288  292  298  304  309  310  306  297  286  274  265  257  252  247  242
  234  225  215  205  196  189  186  188  196  210  230  254  278  301  321  338
  350  363  372  379  378  376  386  395  419                                   
    30.0-180.0 180.0   5.0 450.0                            LAT/LON1/LON2/DLON/H
  437  444  445  442  449  454  459  461  468  475  483  489  488  476  455  428
  403  385  377  377  381  385  385  383  378  370  360  347  332  318  306  299
  295  296  299  304  310  315  316  313  307  298  289  281  274  268  261  252
  241  229  217  206  197  190  186  186  191  203  222  245  270  295  317  336
  349  364  374  382  383  384  396  407  437                                   
    27.5-180.0 180.0   5.0 450.0                            LAT/LON1/LON2/DLON/H
  450  459  464  464  475  481  486  488  495  503  513  521  522  512  491  464
  437  416  406  404  406  408  406  402  395  386  374  359  343  327  314  304
  298  296  297  300  304  307  309  309  306  301  295  289  282  275  267  255
  242  227  213  202  193  186  182  180  183  193  209  231  257  284  309  329
  345  361  373  381  384  387  401  415  450                                   
    25.0-180.0 180.0   5.0 450.0                            LAT/LON1/LON2/DLON/H
  457  469  477  481  497  506  513  515  522  530  540  550  552  544  525  498
  470  448  435  430  429  428  424  416  406  394  380  364  347  330  314  301
  292  286  283  282  283  285  288  290  291  291  288  284  279  271  261  249
  233  218  204  192  184  178  174  171  172  179  193  214  241  269  297  321
  339  357  370  379  382  387  402  418  457                                   
    22.5-180.0 180.0   5.0 450.0                            LAT/LON1/LON2/DLON/H
  459  472  483  491  512  525  534  538  546  554  564  573  577  571  554  530
  503  480  464  455  450  445  437  425  411  394  377  359  341  323  306  290
  276  265  258  253  251  251  254  259  264  268  269  267  262  255  245  233
  218  202  189  179  172  166  162  160  160  165  177  197  224  254  285  312
  333  353  367  375  379  385  400  419  459                                   
    20.0-180.0 180.0   5.0 450.0                            LAT/LON1/LON2/DLON/H
  454  468  481  492  517  533  547  554  563  571  581  590  594  590  577  557
  534  511  493  479  470  460  446  429  409  388  366  346  327  308  289  271
  253  238  227  218  213  212  215  222  230  237  241  240  236  230  221  210
  197  183  171  163  157  153  150  147  147  151  162  181  208  240  274  305
  329  351  365  373  376  382  396  417  454                                   
    17.5-180.0 180.0   5.0 450.0                            LAT/LON1/LON2/DLON/H
  446  459  472  485  511  530  547  557  569  578  588  597  602  601  593  579
  559  539  519  502  487  472  452  429  402  375  350  328  308  288  269  248
  229  211  197  186  179  176  179  187  197  206  211  210  207  201  195  186
  175  163  154  147  142  139  137  135  135  139  150  168  195  229  265  299
  326  350  365  372  374  380  392  415  446                                   
    15.0-180.0 180.0   5.0 450.0                            LAT/LON1/LON2/DLON/H
  438  449  461  472  498  517  537  549  564  574  584  593  599  602  599  591
  578  560  541  521  502  481  455  425  393  361  332  308  287  268  249  228
  208  190  175  164  156  153  155  163  174  183  187  185  181  176  171  164
  155  147  139  134  131  129  127  126  126  130  140  159  186  220  258  294
  323  349  365  373  374  380  392  414  438                                   
    12.5-180.0 180.0   5.0 450.0                            LAT/LON1/LON2/DLON/H
  433  442  452  459  482  500  520  534  549  561  571  580  588  593  595  593
  586  573  555  535  512  486  455  420  383  348  316  291  270  252  234  215
  196  180  167  157  150  147  149  157  166  173  175  171  165  160  155  149
  142  135  129  126  124  122  120  119  120  124  134  152  179  214  253  290
  320  348  365  375  376  384  397  418  433                                   
    10.0-180.0 180.0   5.0 450.0                            LAT/LON1/LON2/DLON/H
  436  444  451  452  471  485  503  516  532  544  554  563  570  577  583  586
  584  575  560  540  515  485  451  413  374  337  305  279  259  242  227  211
  196  183  174  167  162  160  162  168  175  178  177  170  161  154  148  142
  135  129  124  122  121  119  117  116  116  121  130  148  175  209  248  285
  317  346  365  377  381  393  409  426  436                                   
     7.5-180.0 180.0   5.0 450.0                            LAT/LON1/LON2/DLON/H
  449  458  461  457  471  480  495  506  520  530  538  545  552  558  565  570
  572  567  555  536  511  479  444  405  366  330  298  272  253  239  227  216
