data/edconvlstm_nd/pred3520.15i
     1.0            IONOSPHERE MAPS     GNSS                IONEX VERSION / TYPE
pyspatialgeodesy        IME             05-JAN-18 20:20     PGM / RUN BY / DATE 
Map Name                                                    COMMENT             
Predicted global ionosphere maps (GIM).                     DESCRIPTION         
  2015    12    18     0     0     0                        EPOCH OF FIRST MAP  
  2015    12    19     0     0     0                        EPOCH OF LAST MAP   
  7200                                                      INTERVAL            
    13                                                      # OF MAPS IN FILE   
  NONE                                                      MAPPING FUNCTION    
10.0                                                        ELEVATION CUTOFF    
One-way carrier phase leveled to code                       OBSERVABLES USED    
  6371.0                                                    BASE RADIUS         
 2                                                          MAP DIMENSION       
   450.0 450.0   0.0                                        HGT1 / HGT2 / DHGT  
    87.5 -87.5  -2.5                                        LAT1 / LAT2 / DLAT  
  -180.0 180.0   5.0                                        LON1 / LON2 / DLON  
    -1                                                      EXPONENT            
                                                            END OF HEADER       
[from data line 2145]
     6                                                      START OF TEC MAP    
  2015    12    18    10     0     0                        EPOCH OF CURRENT MAP
    87.5-180.0 180.0   5.0 450.0                            LAT/LON1/LON2/DLON/H
   30   41   41   43   44   43   43   38   37   39   38   38   38   37   37   37
   36   36   36   35   35   35   35   35   34   34   34   34   33   33   33   33
   33   32   32   32   31   31   31   31   31   31   31   32   32   32   33   33
   34   34   35   35   36   36   37   37   38   38   38   38   38   38   38   39
   40   40   38   38   43   50   64   63   30                                   
    85.0-180.0 180.0   5.0 450.0                            LAT/LON1/LON2/DLON/H
   29   56   65   53   54   55   54   53   52   52   51   50   50   49   48   48
   47   47   47   46   46   46   46   46   46   45   45   45   45   45   45   44
   44   44   43   43   43   43   43   43   43   43   43   43   44   44   45   46
   46   47   48   49   49   50   51   51   52   52   53   53   54   54   54   55
   56   56   53   52   57   61   75   66   29                                   
    82.5-180.0 180.0   5.0 450.0                            LAT/LON1/LON2/DLON/H
   31   48   64   55   55   55   54   52   51   51   49   49   47   46   45   44
   43   43   42   42   42   42   41   41   41   41   41   41   41   41   41   40
   40   40   40   39   39   39   39   39   39   39   39   39   40   40   41   42
   42   43   44   45   46   46   47   48   48   49   49   50   51   51   51   52
   53   54   51   50   59   64   68   63   31                                   
    80.0-180.0 180.0   5.0 450.0                            LAT/LON1/LON2/DLON/H
   38   49   66   57   60   56   55   52   52   50   48   47   45   44   42   41
   40   40   39   39   39   39   39   39   39   39   39   39   39   39   39   39
   39   39   38   38   38   38   37   37   37   37   38   38   38   39   40   40
   41   42   43   44   44   45   46   46   47   47   48   48   48   49   50   50
   52   53   53   52   57   64   68   65   38                                   
    77.5-180.0 180.0   5.0 450.0                            LAT/LON1/LON2/DLON/H
   49   53   58   49   50   48   47   45   44   43   40   39   37   35   34   34
   33   33   34   35   35   36   36   37   37   37   37   36   36   36   36   36
   36   36   35   35   35   34   34   34   33   33   34   34   35   35   36   37
   38   39   39   40   40   41   41   40   40   40   40   39   39   39   40   40
   41   42   41   42   43   46   55   53   49                                   
    75.0-180.0 180.0   5.0 450.0                            LAT/LON1/LON2/DLON/H
   33   42   45   41   43   42   41   39   38   37   34   33   32   31   30   30
   30   32   33   34   36   37   38   38   38   38   37   37   36   36   35   35
   35   35   35   35   35   35   35   35   36   36   37   38   38   39   40   41
   42   43   43   43   42   42   41   40   38   37   36   35   34   34   34   34
   34   35   35   34   38   39   45   41   33                                   
    72.5-180.0 180.0   5.0 450.0                            LAT/LON1/LON2/DLON/H
   31   37   38   35   37   39   39   37   36   35   33   32   31   30   30   31
   32   34   36   38   40   41   42   42   42   40   39   38   36   35   35   35
   35   36   36   37   38   39   40   41   42   43   45   46   48   49   50   51
   51   51   51   49   48   46   43   41   38   36   34   33   31   31   30   30
   31   31   33   32   35   36   41   40   31                                   
    70.0-180.0 180.0   5.0 450.0                            LAT/LON1/LON2/DLON/H
   26   32   35   34   35   35   36   36   36   36   35   34   33   33   34   35
   37   39   41   44   46   48   49   48   47   45   42   40   38   36   36   36
   37   38   40   42   44   46   48   50   53   55   58   60   62   64   65   66
   66   64   62   60   56   52   48   45   41   38   36   34   32   32   31   31
   31   32   34   33   36   37   43   43   26                                   
    67.5-180.0 180.0   5.0 450.0                            LAT/LON1/LON2/DLON/H
   23   30   32   31   32   34   35   36   37   37   37   37   37   38   38   40
   42   44   47   50   52   54   54   53   50   47   43   40   37   36   36   37
   38   40   43   46   49   53   56   60   64   68   72   75   78   81   82   82
   81   78   74   69   63   58   52   47   43   40   37   35   34   33   32   33
   33   33   35   34   36   37   42   41   23                                   
    65.0-180.0 180.0   5.0 450.0                            LAT/LON1/LON2/DLON/H
   23   29   29   30   30   32   34   36   38   39   40   41   41   42   43   45
   47   49   52   54   56   57   56   54   51   46   42   38   36   35   35   37
   40   43   47   51   55   60   65   70   76   81   86   91   94   97   98   97
   95   91   85   77   69   62   55   49   44   41   39   37   36   35   35   36
   36   36   38   37   40   41   45   45   23                                   
    62.5-180.0 180.0   5.0 450.0                            LAT/LON1/LON2/DLON/H
   24   29   29   30   30   33   34   36   38   40   42   44   45   46   47   49
   50   52   53   55   56   55   54   51   47   42   38   35   34   34   36   39
   43   47   52   57   62   68   73   80   86   93   99  104  108  111  111  110
  107  101   93   84   74   65   57   50   46   43   41   40   39   38   38   38
   38   39   40   39   42   42   46   47   24                                   
    60.0-180.0 180.0   5.0 450.0                            LAT/LON1/LON2/DLON/H
   28   31   30   30   30   31   33   34   36   38   40   43   44   46   47   48
   49   50   50   50   50   49   47   44   40   35   32   30   31   33   37   42
   47   52   58   63   68   74   80   86   93  100  106  111  115  118  119  117
  113  106   97   87   76   66   57   51   46   44   42   41   40   39   38   38
   38   37   39   38   41   41   44   45   28                                   
    57.5-180.0 180.0   5.0 450.0                            LAT/LON1/LON2/DLON/H
   31   33   32   32   32   32   33   34   35   37   39   41   43   45   46   47
   47   46   46   45   44   42   40   37   34   30   28   28   31   35   41   48
   55   61   67   72   77   83   88   94  101  107  113  118  122  124  125  123
  119  113  104   93   82   71   62   56   52   50   49   48   46   44   42   40
   38   37   39   38   41   40   42   43   31                                   
    55.0-180.0 180.0   5.0 450.0                            LAT/LON1/LON2/DLON/H
   36   37   37   36   35   34   34   34   34   35   36   39   41   42   44   44
   44   43   41   40   38   37   35   32   30   28   27   29   33   39   47   56
   65   72   78   83   88   93   98  103  109  114  119  123  127  129  129  128
  125  120  111  101   90   80   72   66   62   60   59   57   54   51   47   43
   40   38   39   38   41   39   41   41   36                                   
    52.5-180.0 180.0   5.0 450.0                            LAT/LON1/LON2/DLON/H
   42   42   42   41   40   39   37   36   35   35   35   37   39   40   42   42
   42   40   39   37   35   34   33   31   29   28   28   31   37   45   55   66
   75   83   90   95   99  104  108  113  118  122  126  129  132  134  135  134
  132  128  122  113  103   93   85   80   76   74   72   70   66   61   55   50
   45   41   41   40   43   41   42   41   42                                   
    50.0-180.0 180.0   5.0 450.0                            LAT/LON1/LON2/DLON/H
   47   48   48   48   47   46   43   40   38   36   36   37   38   40   41   41
   41   40   38   37   36   35   35   34   32   31   32   36   43   52   64   75
   85   93  100  106  111  116  120  124  128  131  134  136  138  140  141  142
  141  138  133  126  117  108  101   95   91   89   86   83   78   72   65   59
   53   48   47   45   48   46   47   45   47                                   
    47.5-180.0 180.0   5.0 450.0                            LAT/LON1/LON2/DLON/H
   53   55   54   56   55   55   51   46   43   40   39   39   40   41   42   42
   43   42   41   40   40   40   40   40   38   37   38   42   49   59   70   82
   92  101  109  116  123  128  133  137  140  143  144  145  146  147  148  149
  150  148  145  139  131  122  114  108  104  100   97   93   87   81   74   68
   62   57   55   53   55   54   55   52   53                                   
    45.0-180.0 180.0   5.0 450.0                            LAT/LON1/LON2/DLON/H
   57   60   60   63   63   65   60   55   50   47   45   44   44   44   44   45
   46   46   47   47   48   49   49   48   47   45   45   48   55   64   74   85
   95  105  115  124  132  140  146  150  153  155  156  156  155  156  156  157
  158  157  154  149  141  132  123  117  111  107  103   98   93   87   81   76
   71   67   65   61   63   63   66   62   57                                   
    42.5-180.0 180.0   5.0 450.0                            LAT/LON1/LON2/DLON/H
   60   64   63   68   70   73   69   64   59   56   54   53   51   50   50   50
   51   53   55   56   58   59   59   58   55   53   52   54   59   67   76   85
   95  106  118  130  141  151  158  164  167  168  167  166  165  164  164  165
  165  164  161  156  147  138  128  120  114  109  104   99   94   89   85   81
   78   74   72   68   69   71   74   71   60                                   
    40.0-180.0 180.0   5.0 450.0                            LAT/LON1/LON2/DLON/H
   60   65   64   71   74   78   75   72   69   66   64   63   61   58   57   56
   58   60   63   66   68   70   69   67   63   59   58   59   63   69   77   85
   95  107  121  135  149  161  170  176  179  180  179  177  175  173  172  172
  171  170  166  160  152  142  131  122  115  109  103   97   92   88   85   83
   80   77   74   70   72   74   77   75   60                                   
    37.5-180.0 180.0   5.0 450.0                            LAT/LON1/LON2/DLON/H
   58   63   62   69   74   80   78   77   76   75   75   74   71   68   65   64
   65   68   72   75   78   79   77   74   69   65   63   65   69   74   80   88
   98  111  127  144  159  173  182  189  192  192  191  188  186  184  182  180
  178  176  173  167  158  147  136  126  118  111  105   98   93   88   84   82
   79   75   72   68   68   71   74   73   58                                   
    35.0-180.0 180.0   5.0 450.0                            LAT/LON1/LON2/DLON/H
   54   59   58   65   70   76   77   78   79   81   82   83   81   76   72   70
   71   74   78   82   84   85   82   78   73   70   70   72   77   82   88   96
  107  121  139  156  173  186  196  202  205  205  204  202  199  197  195  192
  190  188  185  179  171  160  149  139  130  123  116  108  100   93   87   83
   77   71   66   61   61   62   65   66   54                                   
    32.5-180.0 180.0   5.0 450.0                            LAT/LON1/LON2/DLON/H
   50   54   53   59   64   69   72   75   78   82   86   89   87   83   79   76
   76   79   82   86   88   88   85   81   77   76   78   82   89   95  102  110
  122  138  156  174  190  203  211  217  220  220  220  218  217  215  213  211
  209  207  205  202  195  186  175  165  156  149  141  131  120  109   99   90
   80   69   62   55   54   52   55   58   50                                   
    30.0-180.0 180.0   5.0 450.0                            LAT/LON1/LON2/DLON/H
   48   51   49   54   57   61   65   68   74   79   85   89   90   87   82   79
   79   81   84   87   89   88   86   83   81   82   87   95  103  111  118  128
  141  158  178  196  212  223  231  236  238  240  240  240  240  239  238  237
  236  236  237  236  232  224  215  206  198  190  181  170  156  140  123  108
   91   75   63   53   50   46   49   52   48                                   
    27.5-180.0 180.0   5.0 450.0                            LAT/LON1/LON2/DLON/H
   49   50   48   51   52   55   58   61   67   73   80   86   88   86   83   80
   80   81   84   86   88   87   86   85   86   90   98  108  118  127  135  147
  162  182  203  222  237  247  254  259  262  264  266  267  269  270  270  270
  272  274  278  280  279  274  267  258  250  243  234  221  204  183  161  138
  115   92   76   60   55   47   50   53   49                                   
    25.0-180.0 180.0   5.0 450.0                            LAT/LON1/LON2/DLON/H
   55   55   51   51   51   53   55   56   61   66   73   80   83   83   82   79
   79   79   81   83   84   85   86   87   90   97  107  118  130  140  151  165
  184  207  230  250  265  276  282  287  290  293  296  300  303  305  307  310
  313  319  325  331  333  331  325  317  309  301  291  277  258  234  208  180
  150  122  100   79   71   59   60   62   55                                   
    22.5-180.0 180.0   5.0 450.0                            LAT/LON1/LON2/DLON/H
   68   66   60   55   54   54   55   55   58   62   68   73   77   78   78   77
   76   76   77   79   81   83   86   89   95  103  114  127  140  152  165  182
  204  231  257  279  294  305  312  318  322  326  331  335  340  344  348  352
  358  366  375  384  388  388  383  374  366  357  346  331  311  286  257  226
  193  162  134  110   98   81   79   79   68                                   
    20.0-180.0 180.0   5.0 450.0                            LAT/LON1/LON2/DLON/H
   86   83   73   65   61   61   60   59   60   62   65   69   72   74   74   74
   74   73   73   74   77   81   85   91   99  108  120  134  147  161  176  197
  223  252  280  303  321  333  342  348  354  360  365  371  376  382  387  393
  401  411  422  432  438  438  433  423  413  403  391  376  356  331  302  271
  237  205  174  148  133  112  106  103   86                                   
    17.5-180.0 180.0   5.0 450.0                            LAT/LON1/LON2/DLON/H
  107  103   91   81   74   72   71   68   68   68   68   69   70   71   72   72
   72   71   70   72   75   80   86   94  103  114  127  140  154  169  187  210
  238  269  298  322  341  356  367  376  383  390  396  403  409  415  421  428
  437  448  459  469  475  474  466  455  443  431  419  404  385  362  336  307
  275  246  214  188  170  145  136  131  107                                   
    15.0-180.0 180.0   5.0 450.0                            LAT/LON1/LON2/DLON/H
  128  124  111  100   91   87   86   84   82   80   77   75   73   73   73   73
   72   71   70   71   75   80   88   98  109  121  134  147  162  178  197  222
  251  282  311  335  356  373  387  398  408  415  422  428  434  440  447  454
  463  473  483  491  494  490  481  467  454  441  428  414  397  377  354  329
  302  277  247  222  203  176  165  157  128                                   
    12.5-180.0 180.0   5.0 450.0                            LAT/LON1/LON2/DLON/H
  146  142  130  118  109  104  105  103  101   97   92   86   82   79   78   77
   76   74   74   74   78   84   93  104  116  129  143  157  171  188  208  233
  261  291  318  342  364  384  401  414  425  434  441  447  452  457  463  470
  478  486  494  499  498  492  480  465  450  436  423  410  394  375  356  336
  314  294  268  246  226  199  186  178  146                                   
    10.0-180.0 180.0   5.0 450.0                            LAT/LON1/LON2/DLON/H
  158  154  145  134  126  121  123  123  120  116  109  102   95   90   87   85
   83   82   80   81   84   91  100  113  127  141  155  169  183  200  220  244
  270  296  321  345  367  389  408  425  437  447  453  458  463  467  471  477
  484  491  496  497  494  486  473  457  441  427  413  399  382  365  347  330
  313  297  276  256  238  212  198  189  158                                   
     7.5-180.0 180.0   5.0 450.0                            LAT/LON1/LON2/DLON/H
  166  160  155  145  139  135  139  140  139  135  128  119  111  104   99   96
   94   92   90   91   94  101  111  125  140  155  169  183  197  213  232  254
