data/edconvlstm_nd/pred3320.15i
     1.0            IONOSPHERE MAPS     GNSS                IONEX VERSION / TYPE
pyspatialgeodesy        IME             05-JAN-18 20:20     PGM / RUN BY / DATE 
Map Name                                                    COMMENT             
Predicted global ionosphere maps (GIM).                     DESCRIPTION         
  2015    11    28     0     0     0                        EPOCH OF FIRST MAP  
  2015    11    29     0     0     0                        EPOCH OF LAST MAP   
  7200                                                      INTERVAL            
    13                                                      # OF MAPS IN FILE   
  NONE                                                      MAPPING FUNCTION    
10.0                                                        ELEVATION CUTOFF    
One-way carrier phase leveled to code                       OBSERVABLES USED    
  6371.0                                                    BASE RADIUS         
 2                                                          MAP DIMENSION       
   450.0 450.0   0.0                                        HGT1 / HGT2 / DHGT  
    87.5 -87.5  -2.5                                        LAT1 / LAT2 / DLAT  
  -180.0 180.0   5.0                                        LON1 / LON2 / DLON  
    -1                                                      EXPONENT            
                                                            END OF HEADER       
[from data line 429]
     2                                                      START OF TEC MAP    
  2015    11    28     2     0     0                        EPOCH OF CURRENT MAP
    87.5-180.0 180.0   5.0 450.0                            LAT/LON1/LON2/DLON/H
   60   68   62   60   56   58   54   52   52   52   52   53   53   53   53   53
   53   53   52   52   52   52   51   51   51   50   50   50   50   49   49   49
   49   49   49   50   50   50   51   51   52   52   53   53   54   54   55   55
   55   56   56   56   56   56   56   56   55   55   55   55   54   54   54   54
   55   55   53   53   53   69   75   71   60                                   
    85.0-180.0 180.0   5.0 450.0                            LAT/LON1/LON2/DLON/H
   54   71   59   63   61   63   61   59   59   59   58   58   57   57   56   55
   55   54   53   52   52   51   50   49   49   48   48   47   47   46   46   46
   47   47   47   48   49   50   51   52   53   54   55   56   57   58   59   60
   60   60   61   61   61   61   60   60   60   60   60   59   59   59   59   59
   61   61   60   63   67   69   82   72   54                                   
    82.5-180.0 180.0   5.0 450.0                            LAT/LON1/LON2/DLON/H
   55   58   73   64   59   61   59   56   58   57   56   56   55   55   54   53
   52   50   49   48   47   46   44   43   42   41   40   39   38   38   38   38
   38   39   40   41   43   44   46   48   49   51   53   55   56   58   59   60
   60   61   61   61   60   60   60   59   59   59   58   58   58   58   58   59
   59   60   59   58   69   60   66   69   55                                   
    80.0-180.0 180.0   5.0 450.0                            LAT/LON1/LON2/DLON/H
   65   67   73   62   57   55   55   53   54   53   51   50   49   48   47   45
   44   43   42   41   40   38   38   37   36   35   34   34   33   33   33   33
   34   35   36   38   39   41   43   46   48   50   53   55   57   58   59   60
   61   61   60   60   59   58   58   57   56   55   55   55   55   54   55   56
   57   56   57   56   71   62   65   74   65                                   
    77.5-180.0 180.0   5.0 450.0                            LAT/LON1/LON2/DLON/H
   71   72   71   62   55   53   54   53   54   52   49   49   47   45   44   42
   41   39   38   37   36   35   34   33   32   31   31   30   30   30   30   31
   31   32   33   35   36   38   40   43   45   48   50   53   55   57   58   59
   60   59   59   58   57   56   55   54   54   53   52   52   52   52   53   54
   55   56   56   58   66   58   61   71   71                                   
    75.0-180.0 180.0   5.0 450.0                            LAT/LON1/LON2/DLON/H
   73   75   79   70   60   59   58   57   57   55   51   50   47   45   42   40
   38   37   36   35   34   33   33   33   32   32   33   33   33   33   34   34
   34   35   35   36   37   38   40   42   45   47   50   52   55   56   58   58
   58   58   57   56   55   54   53   53   53   53   53   53   54   55   56   58
   60   61   63   63   71   69   71   76   73                                   
    72.5-180.0 180.0   5.0 450.0                            LAT/LON1/LON2/DLON/H
   83   84   88   78   70   67   67   65   65   61   58   55   51   48   45   42
   40   39   38   38   37   37   38   38   38   39   39   40   41   41   41   41
   41   40   40   40   40   41   42   43   45   48   50   53   55   56   57   57
   57   56   56   55   54   54   54   55   56   57   58   60   61   63   66   69
   71   73   79   81   88   83   85   89   83                                   
    70.0-180.0 180.0   5.0 450.0                            LAT/LON1/LON2/DLON/H
   99   97  100   90   79   75   73   71   70   66   61   58   53   48   44   41
   39   39   39   39   40   40   41   42   43   44   45   47   48   48   48   48
   47   45   44   42   41   41   41   42   44   46   48   50   52   53   54   54
   53   52   52   52   52   54   55   58   60   63   66   69   71   74   77   81
   84   87   94   97  104  101  102  101   99                                   
    67.5-180.0 180.0   5.0 450.0                            LAT/LON1/LON2/DLON/H
  111  108  109   98   85   80   77   74   72   68   62   58   52   46   42   38
   37   36   37   38   39   40   40   41   42   43   45   46   48   48   48   47
   46   43   40   38   36   34   34   35   36   38   40   42   43   43   43   43
   42   41   42   43   45   48   52   57   62   67   71   75   79   82   86   90
   93   97  105  109  117  115  116  114  111                                   
    65.0-180.0 180.0   5.0 450.0                            LAT/LON1/LON2/DLON/H
  123  119  116  105   91   84   80   77   75   70   65   59   53   47   42   38
   37   37   38   39   40   40   40   40   40   41   42   44   46   47   47   45
   43   40   36   33   30   29   28   29   30   32   34   35   36   36   35   34
   33   32   33   36   40   45   52   59   67   74   80   86   90   94   97  102
  105  108  116  120  130  128  132  130  123                                   
    62.5-180.0 180.0   5.0 450.0                            LAT/LON1/LON2/DLON/H
  134  129  125  114   99   91   85   81   79   74   68   63   56   50   44   41
   40   40   41   42   42   41   40   39   38   39   40   42   44   45   45   44
   41   38   34   31   28   27   26   27   28   30   32   33   33   32   30   29
   28   28   29   33   39   47   56   66   76   85   93   99  104  107  111  115
  117  120  127  131  140  140  143  142  134                                   
    60.0-180.0 180.0   5.0 450.0                            LAT/LON1/LON2/DLON/H
  142  137  133  120  104   94   87   83   80   75   70   64   58   52   47   44
   43   44   44   44   43   40   38   35   34   35   36   39   41   42   43   41
   39   36   33   30   28   27   27   27   29   31   33   33   33   31   29   26
   25   25   28   33   40   50   61   73   85   95  104  111  115  118  121  124
  126  128  134  136  145  144  149  148  142                                   
    57.5-180.0 180.0   5.0 450.0                            LAT/LON1/LON2/DLON/H
  149  146  140  128  112  100   90   85   81   76   70   65   59   54   50   48
   48   48   48   46   43   39   35   32   31   32   34   37   40   42   42   41
   39   37   35   33   31   31   31   32   34   36   38   39   38   35   32   29
   28   28   31   37   46   56   69   82   94  105  114  121  125  127  129  131
  132  133  138  139  147  146  150  150  149                                   
    55.0-180.0 180.0   5.0 450.0                            LAT/LON1/LON2/DLON/H
  157  155  150  138  122  108   96   88   83   76   70   65   60   56   53   52
   52   52   51   48   43   38   34   31   31   32   36   39   42   44   44   43
   42   41   40   40   40   40   40   41   43   46   48   48   47   44   41   37
   35   36   40   46   55   66   78   91  103  114  122  128  132  134  135  136
  136  136  140  140  147  145  150  150  157                                   
    52.5-180.0 180.0   5.0 450.0                            LAT/LON1/LON2/DLON/H
  168  167  162  153  137  121  107   96   88   78   70   65   60   57   56   56
   56   55   53   49   44   39   35   34   35   38   42   46   49   50   50   49
   48   48   49   51   52   52   53   54   56   58   60   61   60   57   53   49
   47   48   52   59   68   79   90  101  112  121  129  134  137  138  138  140
  139  139  142  142  147  145  149  150  168                                   
    50.0-180.0 180.0   5.0 450.0                            LAT/LON1/LON2/DLON/H
  179  180  176  170  156  140  124  110   97   84   74   67   62   59   59   59
   59   58   54   50   45   42   41   42   45   49   54   58   60   60   58   57
   57   59   61   64   67   68   68   68   70   72   74   75   74   71   68   64
   63   64   68   75   84   93  103  113  121  128  134  138  140  141  141  143
  143  143  145  145  149  146  149  152  179                                   
    47.5-180.0 180.0   5.0 450.0                            LAT/LON1/LON2/DLON/H
  190  193  190  188  177  161  144  127  111   94   80   71   65   62   61   61
   60   58   55   51   49   48   50   54   59   64   69   72   73   71   68   66
   66   69   74   79   82   83   83   82   83   85   87   88   88   85   82   79
   78   80   85   92  100  109  116  123  129  134  137  140  141  142  143  146
  147  147  150  149  153  149  152  154  190                                   
    45.0-180.0 180.0   5.0 450.0                            LAT/LON1/LON2/DLON/H
  197  201  200  202  193  180  163  146  127  107   90   78   70   66   64   63
   61   58   55   53   54   57   62   68   75   81   85   86   84   80   76   73
   74   78   84   90   94   95   94   93   93   94   97   98   98   97   94   92
   92   95  101  108  116  123  128  133  136  138  140  141  142  143  145  149
  151  152  155  154  157  153  155  157  197                                   
    42.5-180.0 180.0   5.0 450.0                            LAT/LON1/LON2/DLON/H
  198  202  202  207  201  191  176  160  141  120  101   87   77   71   67   64
   61   57   56   57   61   68   76   83   90   95   96   95   91   86   80   78
   79   84   91   98  102  103  102  100   99  100  103  105  105  104  103  102
  103  107  113  120  128  134  138  141  142  142  142  142  143  144  147  151
  154  156  159  159  162  157  158  160  198                                   
    40.0-180.0 180.0   5.0 450.0                            LAT/LON1/LON2/DLON/H
  193  196  195  200  197  190  178  166  150  129  110   96   84   77   72   67
   62   59   59   63   71   80   89   97  102  103  102   98   93   87   82   80
   81   87   94  101  106  106  105  102  102  103  106  108  109  108  107  107
  109  113  120  128  135  142  146  148  148  147  146  145  146  147  150  155
  159  161  164  164  167  162  162  164  193                                   
    37.5-180.0 180.0   5.0 450.0                            LAT/LON1/LON2/DLON/H
  185  185  182  184  182  176  169  161  150  133  116  103   92   84   77   71
   66   64   66   72   82   93  101  106  107  105  101   96   90   85   82   81
   84   89   95  102  106  107  105  103  103  105  107  109  110  109  108  109
  111  115  122  131  140  147  153  155  155  154  153  152  152  154  158  163
  165  167  170  170  173  169  169  170  185                                   
    35.0-180.0 180.0   5.0 450.0                            LAT/LON1/LON2/DLON/H
  181  177  170  165  161  156  151  148  142  130  117  107   98   90   84   77
   73   72   76   84   94  104  110  111  108  102   96   91   87   85   84   85
   88   92   97  103  106  106  105  104  104  106  108  110  109  108  107  107
  109  114  122  131  142  152  159  163  165  164  163  163  164  166  170  174
  176  175  178  180  184  181  183  181  181                                   
    32.5-180.0 180.0   5.0 450.0                            LAT/LON1/LON2/DLON/H
  188  178  166  154  144  137  133  131  130  123  114  108  101   96   90   84
   81   82   87   96  105  111  113  110  103   97   91   88   88   89   91   93
   96   98  102  104  106  106  105  104  105  107  109  109  108  105  103  103
  105  111  119  130  143  155  166  172  176  177  177  178  180  183  188  192
  191  190  192  194  201  201  206  202  188                                   
    30.0-180.0 180.0   5.0 450.0                            LAT/LON1/LON2/DLON/H
  209  197  179  157  142  130  122  119  119  114  110  106  103   99   95   91
   90   92   98  106  112  113  110  104   98   93   91   91   94   98  102  105
  108  109  109  109  108  107  106  106  107  109  110  109  106  102   99   99
  101  107  116  129  144  159  172  182  188  192  194  196  200  205  211  215
  213  210  213  215  226  231  240  234  209                                   
    27.5-180.0 180.0   5.0 450.0                            LAT/LON1/LON2/DLON/H
  249  237  214  184  163  142  127  118  114  109  106  105  104  102   99   97
   97  101  106  111  112  109  103   98   95   95   97  101  107  113  118  123
  124  123  120  116  113  110  109  108  109  110  110  107  103   98   95   95
   97  103  114  129  146  164  180  193  203  209  214  219  226  233  240  244
  241  238  240  243  258  269  283  277  249                                   
    25.0-180.0 180.0   5.0 450.0                            LAT/LON1/LON2/DLON/H
  307  298  270  236  212  182  155  135  122  112  107  105  104  103  101  100
  102  105  109  109  105  100   96   96   99  106  113  120  127  134  140  144
  144  140  133  125  119  114  111  110  110  110  109  106  100   95   91   91
   95  102  115  132  152  173  192  209  222  232  240  248  256  265  274  278
  276  273  275  278  296  313  332  326  307                                   
    22.5-180.0 180.0   5.0 450.0                            LAT/LON1/LON2/DLON/H
  375  372  342  310  285  249  209  173  146  126  115  110  107  105  102  102
  103  105  106  102   95   91   92  100  112  125  136  146  153  159  164  166
  164  156  145  134  124  118  113  111  110  109  107  103   97   92   89   89
   94  104  119  140  164  188  211  230  247  261  272  282  292  302  312  318
  316  314  316  318  337  361  383  378  375                                   
    20.0-180.0 180.0   5.0 450.0                            LAT/LON1/LON2/DLON/H
  442  448  421  394  373  334  282  231  187  154  132  120  113  108  104  102
  102  103  100   93   87   87   95  112  132  152  167  176  181  183  185  184
  178  167  152  138  126  118  113  110  108  107  104  100   94   89   87   89
   96  109  128  153  180  207  232  254  274  290  305  317  329  340  351  358
  358  357  360  360  379  407  429  428  442                                   
    17.5-180.0 180.0   5.0 450.0                            LAT/LON1/LON2/DLON/H
  495  510  491  475  458  421  363  299  240  193  160  139  125  116  109  105
  103  101   96   88   85   90  107  133  161  185  200  206  205  202  198  192
  183  169  152  137  125  117  111  107  105  103  101   97   91   87   86   90
   99  116  139  167  198  227  254  277  298  316  333  347  361  374  386  394
  396  397  400  401  417  445  467  469  495                                   
    15.0-180.0 180.0   5.0 450.0                            LAT/LON1/LON2/DLON/H
  525  545  538  533  523  492  434  366  298  239  195  165  145  130  119  112
  108  104   98   92   92  104  129  162  195  220  231  230  221  210  200  190
  178  163  146  132  122  115  110  105  102  100   98   94   89   85   85   90
  103  122  149  181  214  245  271  294  315  335  353  369  384  399  412  422
  427  429  433  435  447  472  493  496  525                                   
    12.5-180.0 180.0   5.0 450.0                            LAT/LON1/LON2/DLON/H
  529  549  551  556  556  534  483  417  348  285  234  197  171  151  137  127
  121  116  110  106  111  129  161  199  232  252  255  243  225  207  191  178
  166  152  139  127  120  115  110  106  102   99   97   94   89   85   85   92
  107  129  159  193  227  258  283  305  325  345  363  381  398  414  429  440
  447  452  456  459  466  486  505  509  529                                   
    10.0-180.0 180.0   5.0 450.0                            LAT/LON1/LON2/DLON/H
  514  529  535  545  553  541  501  446  383  322  271  232  203  180  162  150
  142  137  133  132  141  165  201  239  266  275  265  243  217  194  176  163
  153  143  133  126  121  118  115  110  106  103  101   97   93   89   89   96
  112  136  167  202  237  266  290  310  328  347  365  383  401  419  435  448
  457  463  469  472  476  489  505  510  514                                   
     7.5-180.0 180.0   5.0 450.0                            LAT/LON1/LON2/DLON/H
  492  498  503  511  524  520  492  451  399  347  302  266  238  214  195  181
  172  167  165  168  182  208  243  275  289  283  261  231  202  178  162  152
