data/edconvlstm_nd/pred1580.15i
     1.0            IONOSPHERE MAPS     GNSS                IONEX VERSION / TYPE
pyspatialgeodesy        IME             05-JAN-18 20:20     PGM / RUN BY / DATE 
Map Name                                                    COMMENT             
Predicted global ionosphere maps (GIM).                     DESCRIPTION         
  2015     6     7     0     0     0                        EPOCH OF FIRST MAP  
  2015     6     8     0     0     0                        EPOCH OF LAST MAP   
  7200                                                      INTERVAL            
    13                                                      # OF MAPS IN FILE   
  NONE                                                      MAPPING FUNCTION    
10.0                                                        ELEVATION CUTOFF    
One-way carrier phase leveled to code                       OBSERVABLES USED    
  6371.0                                                    BASE RADIUS         
 2                                                          MAP DIMENSION       
   450.0 450.0   0.0                                        HGT1 / HGT2 / DHGT  
    87.5 -87.5  -2.5                                        LAT1 / LAT2 / DLAT  
  -180.0 180.0   5.0                                        LON1 / LON2 / DLON  
    -1                                                      EXPONENT            
                                                            END OF HEADER       
[from data line 4719]
    12                                                      START OF TEC MAP    
  2015     6     7    22     0     0                        EPOCH OF CURRENT MAP
    87.5-180.0 180.0   5.0 450.0                            LAT/LON1/LON2/DLON/H
  232  215  197  203  203  204  203  202  202  202  202  202  202  201  201  201
  200  200  199  198  197  196  195  193  192  190  189  188  187  185  184  183
  183  182  181  181  181  180  180  180  180  181  181  181  182  183  183  184
  185  186  187  188  188  189  190  191  192  193  193  194  195  195  196  196
  196  196  196  198  208  211  207  218  232                                   
    85.0-180.0 180.0   5.0 450.0                            LAT/LON1/LON2/DLON/H
  220  218  219  213  208  213  213  213  213  214  214  214  214  214  214  213
  213  212  211  210  209  207  206  204  202  200  198  196  194  193  191  189
  188  187  186  186  185  185  185  184  185  185  185  186  186  187  188  189
  190  191  192  194  195  196  197  199  200  201  202  203  204  204  205  206
  207  207  208  208  214  204  205  216  220                                   
    82.5-180.0 180.0   5.0 450.0                            LAT/LON1/LON2/DLON/H
  204  211  210  209  207  214  214  215  215  216  216  217  218  218  218  218
  218  217  216  214  212  210  207  204  201  197  194  191  188  185  183  180
  178  177  176  175  174  174  173  173  173  174  175  175  176  178  179  181
  183  184  186  188  190  192  194  196  197  199  200  201  202  203  204  204
  205  204  204  210  212  215  211  208  204                                   
    80.0-180.0 180.0   5.0 450.0                            LAT/LON1/LON2/DLON/H
  202  209  211  208  204  209  211  214  216  218  219  221  222  223  224  224
  224  224  222  221  218  215  211  207  202  198  193  189  185  181  178  176
  173  172  170  170  169  169  168  168  169  169  170  171  172  174  176  178
  180  182  184  187  189  191  193  195  197  198  199  200  201  202  202  203
  203  202  203  206  208  198  199  205  202                                   
    77.5-180.0 180.0   5.0 450.0                            LAT/LON1/LON2/DLON/H
  203  201  207  205  204  210  211  215  217  220  222  224  227  229  230  232
  232  232  232  230  227  223  218  213  207  201  196  190  186  181  178  175
  173  172  171  170  170  170  169  169  170  170  171  172  173  174  177  179
  182  184  187  190  192  194  196  198  199  200  201  202  202  202  203  202
  201  201  201  203  209  197  201  212  203                                   
    75.0-180.0 180.0   5.0 450.0                            LAT/LON1/LON2/DLON/H
  201  199  201  200  198  205  206  210  213  217  219  222  225  227  230  232
  233  234  233  232  229  225  220  214  207  200  194  188  183  179  176  174
  172  171  171  171  171  170  170  170  170  170  170  170  172  173  175  178
  180  183  186  188  191  192  194  195  197  197  198  198  198  198  199  198
  197  197  198  197  201  189  193  199  201                                   
    72.5-180.0 180.0   5.0 450.0                            LAT/LON1/LON2/DLON/H
  198  198  201  203  199  206  208  212  214  218  219  223  225  228  231  233
  235  236  236  235  233  229  223  217  209  202  195  189  184  180  177  176
  175  176  176  176  176  175  175  174  173  172  172  172  173  175  177  180
  182  185  188  190  192  194  196  197  198  198  199  199  199  199  199  199
  197  196  196  195  198  188  193  205  198                                   
    70.0-180.0 180.0   5.0 450.0                            LAT/LON1/LON2/DLON/H
  200  200  201  202  198  205  206  210  212  215  216  219  221  224  226  228
  230  231  232  231  229  225  219  213  206  199  192  186  181  178  177  177
  177  178  179  179  178  177  176  174  173  171  171  171  171  173  175  177
  180  182  185  187  189  190  192  193  194  195  196  197  197  197  198  198
  196  196  197  195  198  191  196  207  200                                   
    67.5-180.0 180.0   5.0 450.0                            LAT/LON1/LON2/DLON/H
  208  209  212  213  209  215  215  218  219  221  222  223  225  226  228  229
  231  232  233  233  231  228  223  217  210  204  197  192  189  187  187  188
  189  190  190  190  189  187  184  182  180  178  177  177  177  178  180  182
  184  186  188  190  192  194  196  198  199  201  202  203  205  205  206  207
  205  205  205  204  205  197  203  215  208                                   
    65.0-180.0 180.0   5.0 450.0                            LAT/LON1/LON2/DLON/H
  215  218  220  221  215  221  220  222  222  223  222  222  222  222  223  224
  225  226  227  227  226  223  220  215  209  204  199  195  193  193  194  195
  196  197  197  195  192  189  185  182  179  177  176  176  176  177  178  179
  181  182  184  185  187  189  192  194  197  200  203  205  207  208  210  211
  210  210  211  210  213  206  213  225  215                                   
    62.5-180.0 180.0   5.0 450.0                            LAT/LON1/LON2/DLON/H
  226  229  232  232  226  231  228  228  227  226  224  223  222  221  221  221
  222  222  223  224  223  222  219  216  212  209  206  204  203  204  206  207
  208  207  205  202  197  193  188  184  181  179  177  177  177  177  177  178
  178  178  179  180  182  185  188  193  197  201  205  208  211  213  215  217
  216  217  218  217  220  213  221  235  226                                   
    60.0-180.0 180.0   5.0 450.0                            LAT/LON1/LON2/DLON/H
  236  239  243  243  236  239  236  234  231  229  225  223  220  218  217  217
  217  218  219  219  219  219  218  217  216  214  214  214  215  216  218  219
  219  217  212  207  201  195  189  185  181  179  178  177  176  175  174  173
  172  171  171  171  173  177  182  188  194  200  205  209  212  215  217  219
  218  220  221  221  225  219  229  243  236                                   
    57.5-180.0 180.0   5.0 450.0                            LAT/LON1/LON2/DLON/H
  245  249  253  252  246  248  244  240  235  231  226  222  219  216  214  214
  214  214  215  216  217  217  218  219  220  222  223  225  227  229  231  231
  229  225  219  212  204  197  191  186  183  180  178  176  174  172  170  168
  165  162  161  161  163  168  175  183  190  198  203  208  211  213  216  218
  218  220  222  222  227  223  233  249  245                                   
    55.0-180.0 180.0   5.0 450.0                            LAT/LON1/LON2/DLON/H
  254  257  262  262  256  258  253  247  241  235  228  223  218  215  213  212
  212  212  213  214  215  217  219  222  225  229  233  236  239  241  242  242
  239  233  225  216  208  200  194  189  185  182  179  176  172  169  166  162
  157  154  151  151  153  159  167  177  186  194  201  205  208  210  213  215
  216  219  221  222  227  225  236  253  254                                   
    52.5-180.0 180.0   5.0 450.0                            LAT/LON1/LON2/DLON/H
  262  264  270  271  267  269  263  257  249  241  232  225  220  216  213  212
  211  211  212  213  215  217  221  225  230  236  241  245  248  250  251  250
  246  239  230  221  212  204  199  194  189  184  179  174  170  165  161  156
  151  146  143  142  144  151  160  171  181  191  197  202  204  206  209  212
  214  218  221  223  228  226  236  255  262                                   
    50.0-180.0 180.0   5.0 450.0                            LAT/LON1/LON2/DLON/H
  270  271  277  280  277  280  276  269  261  252  241  233  225  220  217  214
  213  213  213  215  217  220  224  229  235  242  247  252  255  256  257  255
  251  245  236  227  218  211  206  200  194  188  180  174  168  163  158  153
  147  142  138  136  139  145  155  166  178  188  195  200  202  205  209  213
  216  221  226  228  232  229  238  258  270                                   
    47.5-180.0 180.0   5.0 450.0                            LAT/LON1/LON2/DLON/H
  278  277  283  288  288  293  290  284  276  266  255  245  236  229  224  221
  218  217  217  219  221  224  228  234  240  247  253  257  259  260  260  258
  255  250  242  234  227  220  215  209  201  192  182  173  167  162  157  153
  147  142  137  135  136  142  152  164  176  187  195  200  204  207  213  219
  225  232  237  239  241  236  243  262  278                                   
    45.0-180.0 180.0   5.0 450.0                            LAT/LON1/LON2/DLON/H
  287  285  289  296  298  305  304  301  295  286  274  263  253  244  237  231
  227  224  224  226  228  232  236  241  247  253  258  261  262  262  262  262
  260  256  250  244  237  232  226  219  209  197  185  175  168  164  160  157
  152  146  141  137  138  142  151  163  176  188  197  204  210  216  224  233
  241  250  256  257  257  249  253  271  287                                   
    42.5-180.0 180.0   5.0 450.0                            LAT/LON1/LON2/DLON/H
  298  294  297  304  308  316  319  319  315  308  297  286  275  264  255  246
  239  235  234  236  239  243  247  252  257  263  266  267  267  266  266  266
  267  265  261  255  250  245  238  230  218  204  190  180  173  169  167  164
  160  154  148  143  141  144  151  162  176  189  201  211  219  229  240  253
  264  276  282  283  279  268  268  285  298                                   
    40.0-180.0 180.0   5.0 450.0                            LAT/LON1/LON2/DLON/H
  311  305  307  313  318  327  332  336  336  332  324  314  302  290  278  266
  256  249  248  250  254  259  263  267  272  276  278  278  276  274  273  275
  276  276  273  269  263  258  251  241  228  213  198  187  181  178  177  175
  170  164  156  150  146  146  151  161  175  190  205  218  232  245  261  277
  291  305  313  313  305  292  289  304  311                                   
    37.5-180.0 180.0   5.0 450.0                            LAT/LON1/LON2/DLON/H
  326  320  321  325  330  339  346  352  357  357  352  344  334  321  306  290
  277  268  266  268  273  279  284  288  292  295  296  294  289  286  285  286
  289  289  287  282  276  270  263  252  238  223  209  198  193  190  189  186
  181  173  164  155  149  147  150  158  172  189  207  225  243  262  282  302
  318  334  343  343  333  318  314  327  326                                   
    35.0-180.0 180.0   5.0 450.0                            LAT/LON1/LON2/DLON/H
  344  339  340  341  345  352  360  369  377  382  381  377  368  355  339  320
  303  292  288  290  296  303  308  312  316  318  318  314  308  302  299  300
  302  302  299  293  286  279  271  260  247  233  220  211  206  203  201  196
  190  180  169  159  150  145  146  153  166  184  206  229  252  276  300  322
  341  359  369  370  357  343  340  352  344                                   
    32.5-180.0 180.0   5.0 450.0                            LAT/LON1/LON2/DLON/H
  365  362  363  362  365  370  378  387  399  407  411  411  405  393  376  355
  335  320  314  316  322  329  335  339  342  344  342  336  327  319  314  313
  313  312  306  298  289  281  273  263  252  240  230  222  217  213  209  202
  194  183  171  159  149  142  140  146  158  177  201  228  256  283  311  336
  356  376  386  388  376  364  364  376  365                                   
    30.0-180.0 180.0   5.0 450.0                            LAT/LON1/LON2/DLON/H
  388  389  391  388  391  393  400  409  422  434  442  446  444  434  417  395
  372  354  345  345  351  358  363  367  369  369  366  357  345  333  325  321
  318  314  305  295  284  275  267  259  251  242  235  229  223  218  211  202
  192  181  168  156  145  137  134  137  149  167  192  221  252  284  314  341
  362  383  395  399  387  380  383  396  388                                   
    27.5-180.0 180.0   5.0 450.0                            LAT/LON1/LON2/DLON/H
  411  416  421  418  421  422  427  435  449  463  474  482  483  477  462  439
  414  393  381  378  381  386  390  392  392  390  384  372  356  340  328  320
  313  305  293  280  268  258  251  246  241  237  232  227  222  215  206  196
  185  173  161  149  138  130  127  130  139  156  180  210  242  276  308  337
  360  381  394  400  392  390  396  412  411                                   
    25.0-180.0 180.0   5.0 450.0                            LAT/LON1/LON2/DLON/H
  430  441  448  447  453  454  458  465  479  493  507  517  522  520  508  487
  461  437  420  413  412  414  414  413  411  405  394  377  357  337  321  308
  297  285  270  255  242  233  228  225  223  222  221  217  212  203  193  182
  172  161  151  140  131  124  120  123  131  145  167  195  227  262  296  326
  350  373  387  395  390  392  402  420  430                                   
    22.5-180.0 180.0   5.0 450.0                            LAT/LON1/LON2/DLON/H
  444  458  469  471  480  483  488  495  509  523  538  550  559  561  554  535
  510  484  463  451  444  440  436  430  422  410  393  371  346  322  303  286
  271  255  238  222  210  203  200  199  200  202  202  200  194  186  175  165
  156  147  138  130  122  117  115  117  123  135  153  178  209  244  280  312
  337  362  377  387  385  389  400  420  444                                   
    20.0-180.0 180.0   5.0 450.0                            LAT/LON1/LON2/DLON/H
  448  465  478  483  498  504  512  520  534  549  564  579  590  597  595  581
  558  531  507  489  476  465  454  441  426  407  383  355  326  300  277  258
  239  221  204  189  179  174  173  175  177  180  181  179  174  165  155  147
  139  133  126  119  113  110  110  112  118  127  141  162  191  226  262  296
  324  350  367  377  377  381  392  414  448                                   
    17.5-180.0 180.0   5.0 450.0                            LAT/LON1/LON2/DLON/H
  444  460  474  482  500  512  523  534  549  565  581  597  613  624  627  619
  600  574  549  526  505  487  468  447  424  397  366  334  302  273  249  228
  209  190  174  162  155  153  154  156  158  161  161  160  154  146  137  130
  124  119  114  108  104  103  105  109  113  120  131  148  175  209  246  282
  313  341  359  369  369  372  381  404  444                                   
    15.0-180.0 180.0   5.0 450.0                            LAT/LON1/LON2/DLON/H
  433  446  459  467  488  504  519  532  549  566  584  603  622  637  646  644
  631  609  583  557  530  504  476  447  416  382  346  310  278  249  226  205
  185  168  154  146  143  144  146  147  148  149  148  145  139  131  124  117
  112  108  103   99   96   96  100  104  109  114  122  137  161  195  233  271
  303  333  352  363  362  364  371  392  433                                   
    12.5-180.0 180.0   5.0 450.0                            LAT/LON1/LON2/DLON/H
  419  430  440  447  466  484  502  517  535  553  572  593  615  635  648  652
  646  629  606  578  546  513  479  443  406  367  327  291  259  233  211  191
  174  159  149  144  145  147  149  150  148  146  143  138  132  124  116  110
  105  100   95   90   88   89   94   99  103  107  114  127  151  184  223  262
  297  328  348  359  358  359  363  382  419                                   
    10.0-180.0 180.0   5.0 450.0                            LAT/LON1/LON2/DLON/H
  409  418  424  427  444  460  478  492  511  528  548  570  594  616  633  642
  642  632  613  585  552  514  475  435  394  353  313  277  248  225  207  190
  176  164  158  156  159  162  163  161  157  151  146  139  131  123  114  107
  101   95   88   83   81   82   87   92   96  100  106  120  143  176  216  256
  291  323  345  356  356  357  362  377  409                                   
     7.5-180.0 180.0   5.0 450.0                            LAT/LON1/LON2/DLON/H
  408  416  419  417  430  442  457  469  484  500  518  539  562  584  603  616
  620  616  602  577  544  506  465  424  382  342  303  271  246  228  213  200
