data/edconvlstm_nd/pred1060.15i
     1.0            IONOSPHERE MAPS     GNSS                IONEX VERSION / TYPE
pyspatialgeodesy        IME             05-JAN-18 20:20     PGM / RUN BY / DATE 
Map Name                                                    COMMENT             
Predicted global ionosphere maps (GIM).                     DESCRIPTION         
  2015     4    16     0     0     0                        EPOCH OF FIRST MAP  
  2015     4    17     0     0     0                        EPOCH OF LAST MAP   
  7200                                                      INTERVAL            
    13                                                      # OF MAPS IN FILE   
  NONE                                                      MAPPING FUNCTION    
10.0                                                        ELEVATION CUTOFF    
One-way carrier phase leveled to code                       OBSERVABLES USED    
  6371.0                                                    BASE RADIUS         
 2                                                          MAP DIMENSION       
   450.0 450.0   0.0                                        HGT1 / HGT2 / DHGT  
    87.5 -87.5  -2.5                                        LAT1 / LAT2 / DLAT  
  -180.0 180.0   5.0                                        LON1 / LON2 / DLON  
    -1                                                      EXPONENT            
                                                            END OF HEADER       
[from data line 1287]
     4                                                      START OF TEC MAP    
  2015     4    16     6     0     0                        EPOCH OF CURRENT MAP
    87.5-180.0 180.0   5.0 450.0                            LAT/LON1/LON2/DLON/H
  173  166  160  161  163  162  161  160  162  164  165  167  167  168  168  168
  168  167  166  165  164  163  162  161  160  159  158  157  156  156  155  155
  154  154  154  154  154  154  154  154  154  154  154  153  153  152  152  151
  151  150  150  149  149  148  148  147  147  147  147  147  146  146  146  146
  147  149  148  150  153  153  156  163  173                                   
    85.0-180.0 180.0   5.0 450.0                            LAT/LON1/LON2/DLON/H
  165  165  163  164  167  167  168  169  171  173  174  175  176  177  177  177
  176  175  174  172  170  169  167  165  164  163  161  160  159  159  158  158
  158  158  158  159  159  160  161  161  162  162  162  162  162  162  162  161
  161  160  160  160  159  159  159  158  158  158  157  157  157  157  156  157
  158  160  157  159  154  154  157  160  165                                   
    82.5-180.0 180.0   5.0 450.0                            LAT/LON1/LON2/DLON/H
  165  170  166  162  164  165  165  166  169  171  173  175  176  176  176  175
  174  172  170  168  165  162  160  157  155  153  151  150  149  148  148  148
  149  150  152  154  156  158  160  162  163  165  166  166  167  167  167  167
  167  167  166  166  166  166  165  165  165  165  165  164  164  163  163  163
  163  163  160  163  162  158  156  148  165                                   
    80.0-180.0 180.0   5.0 450.0                            LAT/LON1/LON2/DLON/H
  167  170  163  160  161  160  162  163  166  168  169  171  172  172  172  170
  168  165  162  158  155  151  147  144  140  138  135  134  133  133  133  135
  137  140  144  147  151  156  159  163  166  169  171  172  173  174  175  175
  175  176  176  176  176  176  176  176  176  177  176  176  176  176  175  175
  175  173  169  170  169  164  166  151  167                                   
    77.5-180.0 180.0   5.0 450.0                            LAT/LON1/LON2/DLON/H
  175  173  167  164  162  161  162  162  164  165  166  168  168  167  166  164
  161  157  153  148  144  139  135  131  127  124  122  120  120  120  122  125
  129  135  141  147  154  160  166  172  177  181  184  186  188  189  190  191
  192  193  193  194  194  195  195  196  196  196  196  196  196  196  196  196
  194  193  187  187  186  179  174  163  175                                   
    75.0-180.0 180.0   5.0 450.0                            LAT/LON1/LON2/DLON/H
  181  181  172  168  164  162  162  160  161  161  160  161  160  158  155  152
  148  143  138  134  129  125  121  117  113  110  108  106  106  107  110  115
  121  128  136  145  154  163  171  178  184  189  193  196  199  201  203  205
  206  208  209  210  211  211  212  212  212  212  212  213  213  213  214  214
  213  212  207  202  199  193  188  179  181                                   
    72.5-180.0 180.0   5.0 450.0                            LAT/LON1/LON2/DLON/H
  187  188  180  175  169  165  164  161  161  159  157  155  152  149  144  140
  135  130  126  122  118  115  112  109  106  103  101  100  100  101  105  110
  117  126  136  147  157  167  177  185  191  197  202  206  209  212  215  218
  221  223  225  226  227  227  227  226  225  224  224  224  224  225  226  227
  227  227  223  220  214  205  200  195  187                                   
    70.0-180.0 180.0   5.0 450.0                            LAT/LON1/LON2/DLON/H
  196  194  187  181  173  167  165  161  160  156  152  149  144  138  132  126
  120  116  112  108  106  104  103  101  100   98   96   95   95   96  100  105
  113  122  133  145  156  167  176  184  191  197  202  207  212  216  221  225
  229  233  235  236  236  235  233  231  229  227  225  225  225  225  227  229
  230  230  228  226  221  214  211  209  196                                   
    67.5-180.0 180.0   5.0 450.0                            LAT/LON1/LON2/DLON/H
  197  197  191  185  177  170  166  162  160  156  151  146  139  132  124  117
  111  106  102  100   99   98   98   98   97   96   94   93   93   94   97  102
  109  118  129  140  151  161  170  178  185  191  196  201  207  213  219  226
  231  236  238  239  238  236  232  228  224  220  217  216  216  216  217  220
  221  223  222  221  218  213  212  213  197                                   
    65.0-180.0 180.0   5.0 450.0                            LAT/LON1/LON2/DLON/H
  197  199  192  185  177  169  165  161  159  155  150  144  137  128  120  112
  105  100   96   94   94   94   95   95   95   94   93   92   91   92   94   98
  105  114  124  134  145  155  163  171  177  183  188  194  201  209  217  224
  231  236  239  240  238  234  229  223  217  211  207  205  204  203  204  206
  208  209  210  211  210  208  208  209  197                                   
    62.5-180.0 180.0   5.0 450.0                            LAT/LON1/LON2/DLON/H
  195  198  192  183  176  167  161  157  155  151  147  143  136  128  119  111
  103   98   93   91   90   90   91   91   92   91   90   89   88   88   90   93
   99  107  117  127  137  147  155  163  169  175  181  188  195  203  212  221
  229  235  238  239  237  232  225  218  211  205  200  196  194  193  193  194
  195  196  197  198  199  198  200  200  195                                   
    60.0-180.0 180.0   5.0 450.0                            LAT/LON1/LON2/DLON/H
  195  197  191  180  172  162  156  150  147  144  141  138  133  126  119  111
  104   98   93   89   87   85   85   85   85   84   84   84   83   83   84   86
   91   99  108  119  130  140  149  157  164  170  176  183  191  200  209  219
  228  234  238  239  237  233  227  220  213  206  201  198  196  194  192  192
  190  189  189  190  191  191  193  190  195                                   
    57.5-180.0 180.0   5.0 450.0                            LAT/LON1/LON2/DLON/H
  199  200  194  181  173  161  152  143  139  134  132  130  128  124  119  113
  106  100   94   88   84   81   78   77   76   76   77   77   77   77   77   79
   84   92  101  113  124  135  146  154  162  169  176  183  191  200  210  220
  229  236  242  244  244  241  236  231  225  220  216  214  211  209  207  204
  200  196  193  191  191  190  192  188  199                                   
    55.0-180.0 180.0   5.0 450.0                            LAT/LON1/LON2/DLON/H
  211  210  204  189  179  164  152  140  132  125  122  121  120  119  117  114
  109  103   96   89   82   77   72   70   69   69   70   72   72   72   73   75
   79   87   97  110  122  135  146  156  165  173  181  188  195  203  213  223
  233  242  249  253  255  255  253  250  247  244  242  241  240  238  234  230
  222  216  209  204  202  199  200  195  211                                   
    52.5-180.0 180.0   5.0 450.0                            LAT/LON1/LON2/DLON/H
  229  227  221  205  193  176  161  145  132  121  115  112  113  114  115  114
  112  107  100   92   84   76   70   66   65   66   68   70   72   72   73   74
   78   86   97  110  124  137  150  161  172  181  189  196  202  210  219  229
  240  250  259  266  271  274  276  275  275  274  274  274  274  272  268  263
  254  245  235  227  221  217  217  213  229                                   
    50.0-180.0 180.0   5.0 450.0                            LAT/LON1/LON2/DLON/H
  252  249  244  229  216  197  180  158  140  124  114  109  108  110  113  115
  115  112  106   98   89   80   73   69   68   69   72   75   77   78   78   79
   83   91  102  115  129  143  156  169  181  191  199  206  212  219  227  238
  249  261  272  282  289  295  300  302  303  304  305  307  307  306  302  295
  286  276  265  254  246  240  239  238  252                                   
    47.5-180.0 180.0   5.0 450.0                            LAT/LON1/LON2/DLON/H
  275  273  270  258  244  225  205  179  156  135  120  112  109  110  114  117
  119  118  114  107   98   89   83   79   78   81   84   87   89   89   88   89
   92  100  110  123  137  150  164  177  190  202  211  218  223  229  236  247
  260  273  286  298  308  316  322  326  328  329  331  332  333  331  327  320
  311  301  290  278  269  262  262  264  275                                   
    45.0-180.0 180.0   5.0 450.0                            LAT/LON1/LON2/DLON/H
  293  292  291  284  270  253  233  205  178  152  134  122  117  116  119  122
  124  124  122  117  111  104   99   96   96   98  101  104  105  104  102  102
  105  111  121  133  145  158  171  185  199  212  223  230  234  239  247  258
  271  286  300  313  325  335  341  345  347  348  349  350  350  347  341  334
  325  316  306  296  286  280  280  284  293                                   
    42.5-180.0 180.0   5.0 450.0                            LAT/LON1/LON2/DLON/H
  301  300  302  298  286  272  254  228  200  173  152  139  131  128  128  129
  131  132  131  129  125  122  119  117  118  120  122  123  122  119  117  116
  118  124  132  142  153  164  177  191  207  222  234  241  246  251  258  270
  284  300  316  330  343  354  360  363  364  364  365  365  363  358  350  340
  331  323  314  305  297  291  292  295  301                                   
    40.0-180.0 180.0   5.0 450.0                            LAT/LON1/LON2/DLON/H
  300  297  298  294  285  274  260  239  215  190  170  157  149  143  141  140
  140  141  141  141  140  140  139  139  140  141  141  140  137  134  130  129
  130  135  142  150  160  170  183  198  215  232  246  254  259  264  272  285
  301  318  336  352  367  378  386  389  389  389  389  389  385  377  366  354
  342  332  324  314  307  301  301  297  300                                   
    37.5-180.0 180.0   5.0 450.0                            LAT/LON1/LON2/DLON/H
  295  287  285  274  266  255  245  232  215  197  183  173  166  160  156  153
  151  151  151  153  154  156  158  160  160  160  158  154  150  145  141  139
  140  143  149  156  165  176  189  206  225  244  258  268  274  280  289  304
  322  342  362  382  400  414  424  429  431  432  434  435  431  420  405  389
  373  360  350  337  329  318  315  302  295                                   
    35.0-180.0 180.0   5.0 450.0                            LAT/LON1/LON2/DLON/H
  299  283  273  250  238  224  214  208  199  191  186  182  179  175  170  166
  163  162  162  164  167  171  175  177  177  176  171  166  159  153  149  146
  146  148  153  160  170  182  197  216  237  257  273  284  291  299  311  328
  350  374  398  422  444  463  477  487  494  500  505  509  507  496  478  457
  436  418  403  383  372  356  345  322  299                                   
    32.5-180.0 180.0   5.0 450.0                            LAT/LON1/LON2/DLON/H
  325  297  276  239  217  194  179  175  173  175  178  183  185  184  181  178
  175  173  173  175  179  185  189  192  192  189  183  175  167  159  154  150
  148  149  154  163  175  189  207  228  251  272  290  302  311  322  337  359
  385  413  443  472  501  526  547  563  576  590  603  612  614  604  584  559
  532  507  485  455  440  416  393  363  325                                   
    30.0-180.0 180.0   5.0 450.0                            LAT/LON1/LON2/DLON/H
  380  341  305  255  219  185  160  152  151  157  167  178  185  188  188  186
  184  183  183  185  190  197  203  206  206  202  194  184  174  165  157  152
  149  149  154  165  179  197  218  241  265  287  306  321  333  348  369  395
  427  461  497  533  568  600  628  652  674  697  719  736  743  735  715  685
  653  621  590  550  529  496  458  427  380                                   
    27.5-180.0 180.0   5.0 450.0                            LAT/LON1/LON2/DLON/H
  467  418  364  303  255  210  174  156  149  153  162  174  183  188  190  190
  190  190  191  195  201  209  216  221  221  215  206  194  181  170  161  153
  148  148  153  166  184  206  230  254  279  302  322  339  356  377  404  437
  475  516  558  600  642  679  714  745  776  808  838  862  874  870  851  819
  783  745  706  658  629  588  538  510  467                                   
    25.0-180.0 180.0   5.0 450.0                            LAT/LON1/LON2/DLON/H
  578  524  455  386  324  271  222  192  175  170  173  180  185  189  191  193
  194  195  197  202  210  221  230  236  236  229  218  203  188  175  163  153
  147  145  151  166  188  214  240  265  290  314  336  358  380  408  441  481
  525  572  620  667  711  752  789  826  863  901  937  966  983  983  967  937
  900  861  818  766  729  684  631  606  578                                   
    22.5-180.0 180.0   5.0 450.0                            LAT/LON1/LON2/DLON/H
  694  644  566  497  423  363  302  260  230  212  203  200  199  197  196  196
  197  199  203  209  220  232  244  251  250  243  229  212  194  178  163  152
  144  142  148  165  190  219  246  272  297  323  349  375  404  438  478  523
  572  623  673  721  765  804  840  877  917  957  995 1026 1046 1051 1041 1017
  984  949  908  859  817  771  726  705  694                                   
    20.0-180.0 180.0   5.0 450.0                            LAT/LON1/LON2/DLON/H
  789  752  678  616  535  473  407  352  309  276  253  238  226  216  209  206
  205  206  209  217  229  244  257  264  262  252  236  216  195  176  160  147
  138  136  144  162  189  219  248  275  301  329  359  392  427  467  511  559
  610  661  711  756  795  828  859  892  929  966 1002 1032 1054 1065 1063 1048
 1024  997  966  923  883  836  806  790  789                                   
    17.5-180.0 180.0   5.0 450.0                            LAT/LON1/LON2/DLON/H
  840  818  759  712  636  580  516  457  403  356  319  290  267  248  234  224
  219  217  219  226  239  254  267  273  269  255  236  213  190  169  152  140
  131  129  137  155  183  214  244  273  302  334  369  407  447  490  537  585
  635  684  729  768  799  823  846  872  901  932  962  988 1010 1026 1034 1030
 1019 1003  985  953  918  870  855  846  840                                   
    15.0-180.0 180.0   5.0 450.0                            LAT/LON1/LON2/DLON/H
  847  828  785  754  694  652  601  548  492  438  390  351  319  292  269  252
  241  233  232  236  248  262  273  276  268  250  226  201  178  158  142  131
  124  122  130  148  175  207  238  268  301  337  377  419  463  507  553  600
  646  690  728  758  779  793  808  826  847  870  891  911  932  952  969  977
  978  974  969  948  921  876  869  866  847                                   
    12.5-180.0 180.0   5.0 450.0                            LAT/LON1/LON2/DLON/H
  822  794  758  733  691  666  634  597  551  501  453  412  376  343  314  289
  269  255  247  248  255  266  274  272  258  236  210  186  164  147  134  124
  118  117  125  143  169  199  231  263  299  340  383  428  472  515  559  602
  644  682  714  735  747  754  762  775  790  805  817  831  849  872  894  911
  921  926  931  919  899  861  856  853  822                                   
    10.0-180.0 180.0   5.0 450.0                            LAT/LON1/LON2/DLON/H
  780  743  705  673  642  630  616  598  569  533  495  460  428  395  362  330
  301  279  264  258  261  267  269  261  242  217  192  171  154  140  130  122
  117  117  123  140  164  193  224  258  297  340  385  430  473  515  555  595
  633  668  695  712  720  724  731  742  755  764  770  777  791  813  837  856
  871  880  889  881  867  834  827  820  780                                   
     7.5-180.0 180.0   5.0 450.0                            LAT/LON1/LON2/DLON/H
  737  695  652  605  577  572  569  567  555  535  511  489  466  439  406  369
  333  302  279  267  263  263  259  245  223  199  178  162  149  139  131  124
