data/edconvlstm_nd/pred1630.15i
     1.0            IONOSPHERE MAPS     GNSS                IONEX VERSION / TYPE
pyspatialgeodesy        IME             05-JAN-18 20:20     PGM / RUN BY / DATE 
Map Name                                                    COMMENT             
Predicted global ionosphere maps (GIM).                     DESCRIPTION         
  2015     6    12     0     0     0                        EPOCH OF FIRST MAP  
  2015     6    13     0     0     0                        EPOCH OF LAST MAP   
  7200                                                      INTERVAL            
    13                                                      # OF MAPS IN FILE   
  NONE                                                      MAPPING FUNCTION    
10.0                                                        ELEVATION CUTOFF    
One-way carrier phase leveled to code                       OBSERVABLES USED    
  6371.0                                                    BASE RADIUS         
 2                                                          MAP DIMENSION       
   450.0 450.0   0.0                                        HGT1 / HGT2 / DHGT  
    87.5 -87.5  -2.5                                        LAT1 / LAT2 / DLAT  
  -180.0 180.0   5.0                                        LON1 / LON2 / DLON  
    -1                                                      EXPONENT            
                                                            END OF HEADER       
[from data line 1287]
     4                                                      START OF TEC MAP    
  2015     6    12     6     0     0                        EPOCH OF CURRENT MAP
    87.5-180.0 180.0   5.0 450.0                            LAT/LON1/LON2/DLON/H
  174  169  166  170  173  172  171  169  171  173  174  175  175  176  176  177
  177  177  177  177  176  176  175  175  174  173  172  171  170  169  168  167
  166  165  165  164  163  163  162  162  162  162  162  162  162  162  163  163
  163  164  164  165  165  165  165  166  166  165  165  165  165  164  163  163
  163  165  163  162  166  164  165  163  174                                   
    85.0-180.0 180.0   5.0 450.0                            LAT/LON1/LON2/DLON/H
  173  172  171  174  177  178  179  180  181  183  183  184  185  186  186  186
  186  186  186  185  185  184  183  182  181  180  179  178  177  176  175  174
  173  172  171  171  170  170  170  169  169  170  170  170  171  171  172  173
  174  175  176  177  178  179  179  180  180  180  180  180  179  179  177  177
  177  178  173  173  167  166  168  167  173                                   
    82.5-180.0 180.0   5.0 450.0                            LAT/LON1/LON2/DLON/H
  177  178  177  175  176  178  179  180  182  183  184  185  186  186  186  186
  186  185  185  184  183  181  180  178  177  175  174  172  171  170  168  168
  167  166  166  166  166  166  166  167  167  168  169  170  171  172  174  175
  177  179  181  183  185  186  188  189  190  191  191  191  190  189  187  186
  184  183  177  178  176  171  168  160  177                                   
    80.0-180.0 180.0   5.0 450.0                            LAT/LON1/LON2/DLON/H
  180  179  174  175  176  177  180  181  184  185  185  186  187  187  187  187
  186  185  184  183  181  180  178  176  173  171  169  167  165  164  163  162
  162  162  162  163  163  164  165  166  167  169  170  172  174  176  179  182
  185  188  191  194  197  200  202  204  206  207  207  207  206  204  201  199
  195  191  184  184  181  176  179  163  180                                   
    77.5-180.0 180.0   5.0 450.0                            LAT/LON1/LON2/DLON/H
  184  179  178  179  178  180  182  183  185  185  185  186  185  185  185  184
  183  182  181  180  178  176  174  172  169  167  164  162  160  159  158  159
  159  160  162  163  165  167  169  171  173  175  177  180  183  186  190  194
  198  202  206  210  214  218  221  224  226  228  228  228  226  223  220  216
  210  205  195  194  191  183  179  171  184                                   
    75.0-180.0 180.0   5.0 450.0                            LAT/LON1/LON2/DLON/H
  185  183  178  179  179  181  183  183  184  183  182  181  180  179  178  177
  176  175  174  173  172  170  168  165  162  159  157  154  152  152  152  153
  154  157  160  163  166  168  171  174  177  180  183  186  190  195  199  204
  209  214  218  223  227  231  235  238  241  243  243  243  241  238  234  230
  223  217  206  198  194  188  185  178  185                                   
    72.5-180.0 180.0   5.0 450.0                            LAT/LON1/LON2/DLON/H
  187  187  183  182  182  183  184  183  183  181  178  176  174  171  170  168
  167  167  166  166  166  165  163  161  158  155  152  150  148  148  149  151
  154  158  162  167  171  174  178  181  184  188  192  196  201  206  212  217
  222  227  231  235  238  241  244  247  249  251  252  251  250  247  243  239
  233  226  217  210  202  195  190  186  187                                   
    70.0-180.0 180.0   5.0 450.0                            LAT/LON1/LON2/DLON/H
  193  190  186  184  183  181  181  179  178  174  171  167  164  160  158  156
  155  155  155  156  156  156  155  154  151  148  145  143  142  142  144  148
  152  157  163  168  173  177  181  184  188  192  196  202  208  214  220  226
  231  235  238  240  242  243  244  246  247  248  248  248  247  245  242  240
  235  229  221  215  209  203  201  196  193                                   
    67.5-180.0 180.0   5.0 450.0                            LAT/LON1/LON2/DLON/H
  196  194  189  186  184  180  178  174  171  167  162  158  154  150  146  144
  143  143  144  145  147  148  148  147  145  143  140  138  138  139  141  145
  151  157  163  169  174  178  182  185  189  193  199  205  213  220  227  233
  237  240  241  241  241  240  239  238  237  237  237  236  236  235  233  233
  230  227  222  217  212  209  207  203  196                                   
    65.0-180.0 180.0   5.0 450.0                            LAT/LON1/LON2/DLON/H
  201  200  193  189  185  179  175  169  165  159  154  150  145  141  138  135
  134  134  135  136  138  139  140  140  139  138  136  136  136  137  141  146
  152  159  166  171  176  180  183  186  190  195  202  210  218  227  234  240
  244  245  245  243  240  236  233  229  227  225  223  222  222  222  222  223
  223  224  221  219  217  216  216  213  201                                   
    62.5-180.0 180.0   5.0 450.0                            LAT/LON1/LON2/DLON/H
  206  207  200  193  187  180  173  165  159  153  148  144  139  135  131  128
  126  126  127  128  129  131  132  132  133  133  133  133  134  137  141  147
  154  161  168  174  178  182  184  187  191  197  204  213  223  232  240  246
  250  250  249  245  240  235  229  223  219  215  212  210  209  210  211  215
  217  220  221  222  222  223  224  221  206                                   
    60.0-180.0 180.0   5.0 450.0                            LAT/LON1/LON2/DLON/H
  212  215  207  200  192  182  173  163  155  148  142  138  134  130  126  123
  121  119  119  120  120  121  122  124  125  127  128  130  133  136  141  148
  155  162  169  175  180  183  185  188  192  198  206  216  227  237  246  252
  255  255  253  249  243  237  230  223  216  211  207  204  203  203  205  210
  214  219  222  225  227  230  232  228  212                                   
    57.5-180.0 180.0   5.0 450.0                            LAT/LON1/LON2/DLON/H
  221  225  218  209  201  189  177  164  154  145  138  134  130  126  123  119
  117  115  114  113  113  113  114  116  118  121  124  127  131  136  141  148
  156  164  171  177  181  185  187  190  195  201  210  221  232  242  251  257
  261  262  260  256  251  245  237  230  222  216  210  207  205  205  207  212
  217  223  227  230  233  237  239  235  221                                   
    55.0-180.0 180.0   5.0 450.0                            LAT/LON1/LON2/DLON/H
  232  236  231  222  214  201  187  171  158  146  137  132  127  123  120  117
  114  112  111  109  108  107  108  109  112  116  121  125  130  135  142  149
  157  165  172  179  183  187  190  194  198  205  215  225  237  247  256  263
  267  269  268  266  262  256  250  242  235  228  222  217  215  214  216  220
  225  231  234  238  241  244  246  242  232                                   
    52.5-180.0 180.0   5.0 450.0                            LAT/LON1/LON2/DLON/H
  244  248  246  238  231  217  202  183  166  151  139  132  126  122  118  115
  113  112  110  109  107  106  106  108  111  115  120  125  130  136  143  151
  159  167  174  181  186  190  194  198  204  211  220  231  242  253  261  268
  273  276  278  277  275  271  265  257  250  244  238  233  230  229  230  233
  237  242  245  247  249  252  252  248  244                                   
    50.0-180.0 180.0   5.0 450.0                            LAT/LON1/LON2/DLON/H
  256  260  260  255  249  236  220  199  179  160  146  135  127  122  118  115
  114  114  114  113  112  111  111  112  115  119  123  128  132  138  145  153
  162  170  177  184  190  195  200  205  211  218  227  238  249  259  268  275
  281  285  288  289  288  285  279  273  266  260  254  250  247  245  246  249
  252  256  257  258  258  259  259  254  256                                   
    47.5-180.0 180.0   5.0 450.0                            LAT/LON1/LON2/DLON/H
  268  271  273  269  266  254  239  216  194  172  155  141  131  124  119  117
  117  119  121  122  122  122  122  123  126  129  131  134  138  143  150  158
  166  174  181  188  194  200  206  212  218  226  236  246  257  267  276  284
  290  295  299  302  301  298  292  286  279  273  268  264  261  259  260  263
  266  269  270  269  267  268  266  260  268                                   
    45.0-180.0 180.0   5.0 450.0                            LAT/LON1/LON2/DLON/H
  276  278  281  279  279  268  254  231  208  185  165  150  137  128  122  120
  122  125  130  133  135  136  137  139  141  142  143  144  146  150  157  165
  173  180  187  194  200  207  214  220  227  235  245  256  267  278  287  295
  302  308  312  315  314  310  304  297  290  283  278  275  272  271  272  275
  278  282  282  281  278  277  274  268  276                                   
    42.5-180.0 180.0   5.0 450.0                            LAT/LON1/LON2/DLON/H
  283  282  284  283  283  274  262  241  219  195  175  158  145  134  128  126
  128  133  139  145  149  152  155  157  159  159  158  156  156  160  166  173
  181  188  195  201  208  215  222  229  237  246  256  267  279  291  301  310
  317  323  327  330  329  325  318  309  302  295  289  285  282  281  282  285
  289  293  294  293  290  289  285  278  283                                   
    40.0-180.0 180.0   5.0 450.0                            LAT/LON1/LON2/DLON/H
  289  284  283  279  279  272  261  243  223  202  183  167  153  142  135  132
  135  141  148  155  162  167  172  175  177  176  172  169  168  170  175  183
  191  198  204  210  217  224  232  240  248  257  268  280  293  306  317  326
  334  340  346  349  349  345  337  329  320  312  306  300  296  293  294  297
  301  306  308  307  304  303  299  291  289                                   
    37.5-180.0 180.0   5.0 450.0                            LAT/LON1/LON2/DLON/H
  296  286  280  272  269  261  252  238  222  204  188  174  162  150  143  140
  141  147  155  164  172  180  187  191  193  191  186  181  179  180  185  193
  200  208  214  220  227  235  243  252  260  270  281  294  308  322  334  344
  352  360  367  372  374  372  366  358  349  340  332  325  318  313  312  313
  317  322  324  324  322  322  317  308  296                                   
    35.0-180.0 180.0   5.0 450.0                            LAT/LON1/LON2/DLON/H
  307  292  280  266  258  248  240  229  217  204  192  181  170  159  151  147
  148  152  160  169  179  189  198  204  206  204  198  193  189  190  195  202
  209  217  224  230  238  246  255  264  273  283  295  308  323  337  350  361
  370  380  390  399  406  408  405  398  390  381  371  360  351  343  338  337
  338  342  344  344  343  345  339  330  307                                   
    32.5-180.0 180.0   5.0 450.0                            LAT/LON1/LON2/DLON/H
  324  305  286  266  252  240  231  222  213  205  196  188  178  168  160  154
  154  157  164  173  185  197  208  215  217  214  208  202  198  198  202  208
  216  223  231  238  246  255  265  275  285  296  308  321  336  351  364  375
  386  399  413  428  442  450  452  449  442  432  421  408  395  384  375  369
  366  367  368  368  367  371  365  356  324                                   
    30.0-180.0 180.0   5.0 450.0                            LAT/LON1/LON2/DLON/H
  349  325  302  277  257  242  230  222  215  209  203  196  187  177  169  163
  160  162  168  178  191  206  218  226  227  223  217  210  206  204  207  211
  217  224  231  240  250  261  272  284  295  306  318  332  347  361  375  387
  400  416  436  458  478  494  502  504  499  491  478  464  449  433  420  409
  401  397  395  394  392  398  391  383  349                                   
    27.5-180.0 180.0   5.0 450.0                            LAT/LON1/LON2/DLON/H
  379  354  327  300  275  258  244  234  227  221  215  209  199  189  180  173
  169  169  175  185  200  216  229  236  237  231  224  216  211  208  207  208
  211  216  223  234  247  261  275  288  301  313  326  340  354  369  383  397
  412  431  456  484  512  534  549  555  554  546  534  520  503  486  468  451
  438  429  424  420  417  424  417  410  379                                   
    25.0-180.0 180.0   5.0 450.0                            LAT/LON1/LON2/DLON/H
  412  388  359  333  305  286  270  259  250  242  235  227  216  204  194  185
  180  179  184  195  212  229  242  248  246  238  229  220  213  207  202  199
  197  199  207  220  237  255  272  288  302  316  330  345  359  374  389  404
  422  444  472  504  536  564  583  593  594  589  578  565  549  531  512  492
  473  460  451  445  440  446  439  434  412                                   
    22.5-180.0 180.0   5.0 450.0                            LAT/LON1/LON2/DLON/H
  441  422  394  371  343  323  305  293  281  272  262  251  238  224  212  202
  196  193  197  209  226  244  256  259  254  243  232  221  212  202  192  183
  177  177  186  202  223  245  265  283  299  316  331  347  363  378  394  411
  430  454  483  516  550  579  600  612  615  611  603  592  579  564  546  525
  505  488  477  468  461  465  458  453  441                                   
    20.0-180.0 180.0   5.0 450.0                            LAT/LON1/LON2/DLON/H
  464  450  425  405  379  359  341  328  316  305  293  280  264  249  235  223
  215  210  213  224  241  258  268  268  259  245  230  217  205  192  177  164
  155  155  165  184  208  233  255  275  294  313  331  348  365  382  399  419
  440  464  492  523  554  581  602  614  618  615  609  601  593  582  568  549
  529  513  500  489  481  482  474  467  464                                   
    17.5-180.0 180.0   5.0 450.0                            LAT/LON1/LON2/DLON/H
  478  469  447  428  405  385  368  357  346  335  323  309  292  275  260  247
  236  230  230  239  254  268  275  271  257  240  223  207  192  177  160  145
  135  134  145  166  193  220  244  267  288  309  330  349  367  386  406  427
  450  475  501  528  554  577  596  606  609  607  602  598  594  589  580  565
  548  533  521  510  499  497  487  476  478                                   
    15.0-180.0 180.0   5.0 450.0                            LAT/LON1/LON2/DLON/H
  486  479  457  437  414  395  378  369  360  353  343  331  316  301  285  271
  259  249  246  252  262  273  275  266  248  227  208  191  175  159  143  128
  118  118  129  151  178  207  234  258  282  305  328  349  369  390  412  436
  462  487  511  533  554  573  588  597  598  596  592  591  591  590  586  575
  563  551  541  530  519  512  501  485  486                                   
    12.5-180.0 180.0   5.0 450.0                            LAT/LON1/LON2/DLON/H
  491  485  460  433  409  386  369  361  357  354  349  342  332  319  305  292
  278  266  260  260  265  269  265  252  230  207  187  169  154  140  126  114
  106  106  117  138  165  194  223  249  275  301  326  349  370  392  417  444
  473  499  522  542  559  575  587  594  594  591  588  587  590  592  591  585
  576  568  561  551  540  531  517  496  491                                   
    10.0-180.0 180.0   5.0 450.0                            LAT/LON1/LON2/DLON/H
  500  491  461  425  395  368  348  340  338  339  340  339  334  326  317  305
  292  278  267  262  260  257  247  229  206  182  162  146  133  122  112  103
   97   97  107  126  153  182  212  240  268  295  321  345  368  391  418  448
  480  509  533  552  569  584  597  603  602  598  594  593  595  599  599  595
  590  585  581  573  562  551  535  511  500                                   
     7.5-180.0 180.0   5.0 450.0                            LAT/LON1/LON2/DLON/H
  516  505  468  423  386  352  327  316  314  317  322  326  326  323  317  309
  297  283  269  258  249  238  223  202  178  155  137  124  114  107  100   95
