data/edconvlstm_nd/pred2090.15i
     1.0            IONOSPHERE MAPS     GNSS                IONEX VERSION / TYPE
pyspatialgeodesy        IME             05-JAN-18 20:20     PGM / RUN BY / DATE 
Map Name                                                    COMMENT             
Predicted global ionosphere maps (GIM).                     DESCRIPTION         
  2015     7    28     0     0     0                        EPOCH OF FIRST MAP  
  2015     7    29     0     0     0                        EPOCH OF LAST MAP   
  7200                                                      INTERVAL            
    13                                                      # OF MAPS IN FILE   
  NONE                                                      MAPPING FUNCTION    
10.0                                                        ELEVATION CUTOFF    
One-way carrier phase leveled to code                       OBSERVABLES USED    
  6371.0                                                    BASE RADIUS         
 2                                                          MAP DIMENSION       
   450.0 450.0   0.0                                        HGT1 / HGT2 / DHGT  
    87.5 -87.5  -2.5                                        LAT1 / LAT2 / DLAT  
  -180.0 180.0   5.0                                        LON1 / LON2 / DLON  
    -1                                                      EXPONENT            
                                                            END OF HEADER       
     1                                                      START OF TEC MAP    
  2015     7    28     0     0     0                        EPOCH OF CURRENT MAP
    87.5-180.0 180.0   5.0 450.0                            LAT/LON1/LON2/DLON/H
  119  119  125  117  115  117  114  113  114  113  114  114  114  114  114  114
  114  113  113  112  112  111  110  109  108  107  106  105  103  102  102  101
  100   99   99   98   98   98   98   98   98   98   98   98   98   98   98   99
   99   99   99   99   99  100  100  100  100  100  101  101  101  101  102  103
  104  105  105  105  102  106  115  117  119                                   
    85.0-180.0 180.0   5.0 450.0                            LAT/LON1/LON2/DLON/H
  124  125  110  115  119  121  119  118  119  119  119  119  120  120  120  120
  119  119  118  117  116  115  114  113  111  110  108  107  105  104  103  102
  101  100  100  100   99   99   99   99  100  100  100  100  101  101  101  101
  101  102  102  102  102  102  102  102  102  102  102  103  103  103  104  105
  107  107  109  112  109  117  124  124  124                                   
    82.5-180.0 180.0   5.0 450.0                            LAT/LON1/LON2/DLON/H
  123  117  125  122  124  127  125  125  127  127  128  129  129  130  130  129
  129  128  127  126  125  123  121  119  117  115  113  111  109  107  105  104
  103  102  102  102  102  102  102  102  103  103  104  104  104  105  105  105
  105  105  105  105  104  104  104  104  104  104  105  105  106  107  108  109
  110  111  112  112  115  106  113  117  123                                   
    80.0-180.0 180.0   5.0 450.0                            LAT/LON1/LON2/DLON/H
  131  122  120  118  121  124  126  127  130  130  131  132  133  133  133  133
  133  132  131  130  128  126  124  121  118  115  112  110  107  104  102  101
  100   99   99   99  100  100  101  102  103  103  104  105  105  106  106  106
  106  106  106  105  105  104  104  103  103  103  103  104  104  105  106  108
  109  109  110  109  123  114  123  132  131                                   
    77.5-180.0 180.0   5.0 450.0                            LAT/LON1/LON2/DLON/H
  139  128  120  126  122  124  128  131  133  133  135  136  137  138  138  138
  137  137  135  134  132  130  127  124  121  118  114  111  107  105  102  101
  100  100  100  101  102  104  105  106  107  108  109  110  110  111  111  112
  112  112  111  111  110  109  108  107  106  106  106  107  107  108  110  111
  112  114  114  115  123  124  126  140  139                                   
    75.0-180.0 180.0   5.0 450.0                            LAT/LON1/LON2/DLON/H
  142  125  121  128  124  125  125  128  131  132  133  135  136  137  137  136
  135  135  133  132  130  128  125  122  118  114  110  106  103  100   98   97
   96   97   99  101  103  105  107  108  110  110  111  112  113  113  114  115
  115  115  115  114  112  111  110  108  107  107  107  107  108  109  111  113
  113  115  116  110  118  126  126  138  142                                   
    72.5-180.0 180.0   5.0 450.0                            LAT/LON1/LON2/DLON/H
  130  121  119  123  119  118  120  123  127  127  129  131  132  132  132  131
  130  129  127  126  124  122  119  116  112  108  103   99   95   92   90   90
   90   92   95   98  101  103  105  107  108  108  109  109  110  111  112  113
  114  114  114  112  111  109  107  105  104  103  104  104  105  107  109  110
  111  112  115  111  114  121  125  140  130                                   
    70.0-180.0 180.0   5.0 450.0                            LAT/LON1/LON2/DLON/H
  129  118  117  123  118  118  118  121  126  127  129  131  132  132  131  130
  128  126  124  122  121  119  116  113  109  105  100   95   91   88   86   86
   88   90   94   97  101  103  105  106  106  106  105  106  106  108  109  111
  112  113  113  112  110  108  106  104  104  103  104  105  107  108  111  113
  113  114  117  114  116  122  125  137  129                                   
    67.5-180.0 180.0   5.0 450.0                            LAT/LON1/LON2/DLON/H
  129  119  117  121  116  115  115  118  122  124  126  129  130  129  128  126
  123  121  119  117  115  113  111  108  104   99   94   89   85   82   81   81
   82   85   89   92   95   98   98   98   97   96   95   95   96   98  100  102
  104  105  105  105  103  101   99   98   98   99  100  102  104  106  109  111
  112  112  115  112  115  120  122  136  129                                   
    65.0-180.0 180.0   5.0 450.0                            LAT/LON1/LON2/DLON/H
  130  119  118  122  116  114  114  116  121  122  125  128  129  129  127  124
  121  118  116  114  112  110  108  105  101   97   92   87   83   80   79   79
   80   83   86   89   91   92   92   90   88   86   85   85   86   88   90   93
   96   97   98   97   96   94   93   93   94   96   98  101  104  107  109  112
  112  113  115  113  115  120  123  138  130                                   
    62.5-180.0 180.0   5.0 450.0                            LAT/LON1/LON2/DLON/H
  133  123  122  125  118  116  115  117  121  122  126  129  130  130  128  125
  122  119  116  114  112  110  108  106  102   98   94   90   86   83   82   81
   82   83   85   87   88   88   86   84   81   79   77   77   78   80   83   86
   89   90   91   90   90   89   89   90   92   95   99  103  106  110  113  115
  115  115  118  114  116  122  125  140  133                                   
    60.0-180.0 180.0   5.0 450.0                            LAT/LON1/LON2/DLON/H
  137  127  127  130  123  119  118  118  122  122  125  128  130  130  129  126
  123  119  117  114  113  111  110  107  105  102   98   95   92   90   88   87
   86   86   86   86   85   84   82   79   76   73   72   72   73   75   78   81
   83   84   85   85   85   85   86   89   92   97  101  106  110  113  116  118
  118  118  120  117  118  124  127  143  137                                   
    57.5-180.0 180.0   5.0 450.0                            LAT/LON1/LON2/DLON/H
  141  133  134  136  129  125  122  122  124  123  125  127  129  130  129  126
  123  120  118  116  115  114  112  111  109  107  105  103  101   99   97   94
   92   89   87   86   84   82   79   77   74   72   71   71   72   74   76   78
   80   81   81   82   82   84   87   91   96  101  107  111  115  118  121  123
  122  122  124  120  122  128  130  146  141                                   
    55.0-180.0 180.0   5.0 450.0                            LAT/LON1/LON2/DLON/H
  145  139  141  144  137  133  130  128  128  125  125  127  128  128  127  126
  123  121  119  118  117  117  116  115  114  113  112  112  111  110  107  103
   98   94   90   87   85   82   80   77   75   74   74   74   76   77   78   79
   80   80   81   82   83   86   91   96  102  109  114  119  122  125  127  128
  128  128  130  126  126  132  134  150  145                                   
    52.5-180.0 180.0   5.0 450.0                            LAT/LON1/LON2/DLON/H
  148  145  148  152  146  142  139  135  133  129  127  127  127  126  126  124
  123  121  120  120  120  121  120  120  119  119  120  120  121  119  116  111
  104   98   93   89   86   84   83   81   80   80   80   81   82   83   83   83
   82   82   83   84   87   92   98  105  112  118  124  127  130  131  133  135
  135  135  137  132  133  137  138  155  148                                   
    50.0-180.0 180.0   5.0 450.0                            LAT/LON1/LON2/DLON/H
  152  150  154  159  155  151  149  145  142  135  131  129  127  126  125  124
  123  122  122  123  125  126  126  126  125  125  126  128  128  127  123  116
  109  102   96   92   90   89   88   87   87   87   88   89   90   90   89   88
   87   87   87   90   94  100  107  115  123  129  134  136  138  139  140  142
  143  144  146  141  141  144  144  160  152                                   
    47.5-180.0 180.0   5.0 450.0                            LAT/LON1/LON2/DLON/H
  155  155  159  165  163  160  159  156  151  144  138  134  131  128  126  125
  124  124  125  127  130  132  133  132  132  131  132  133  133  131  126  119
  111  104   99   96   95   95   94   94   95   95   96   97   98   97   96   94
   93   92   93   97  102  109  117  126  134  140  144  145  146  146  148  151
  152  154  157  152  151  153  151  167  155                                   
    45.0-180.0 180.0   5.0 450.0                            LAT/LON1/LON2/DLON/H
  160  159  162  170  169  168  169  166  162  154  148  142  137  133  130  128
  127  128  130  133  136  139  140  140  139  137  137  137  136  132  127  119
  112  106  103  101  101  102  102  102  103  104  105  105  105  104  102  100
   99   99  100  104  109  117  126  135  143  149  152  154  154  154  156  160
  162  165  169  164  163  163  161  175  160                                   
    42.5-180.0 180.0   5.0 450.0                            LAT/LON1/LON2/DLON/H
  165  164  166  173  174  174  176  174  172  165  159  153  147  141  137  134
  132  133  135  139  143  147  149  148  146  144  142  140  137  132  125  118
  112  108  107  108  109  110  110  110  111  111  112  112  112  110  108  106
  105  104  106  110  115  123  133  142  150  156  160  161  162  162  165  169
  173  177  182  176  175  174  172  186  165                                   
    40.0-180.0 180.0   5.0 450.0                            LAT/LON1/LON2/DLON/H
  173  170  171  177  178  178  181  181  180  174  169  164  158  151  146  142
  140  140  142  146  151  155  158  157  155  151  147  143  138  131  124  117
  112  111  113  115  118  119  119  119  118  119  119  119  118  116  113  111
  110  109  110  114  119  127  136  146  155  162  166  169  170  171  174  179
  183  188  194  189  188  187  186  199  173                                   
    37.5-180.0 180.0   5.0 450.0                            LAT/LON1/LON2/DLON/H
  185  180  179  182  182  182  185  186  187  183  179  175  169  162  156  151
  148  148  149  153  158  163  166  166  164  159  154  148  140  132  124  118
  115  116  120  124  127  128  127  126  126  126  127  126  124  121  118  115
  113  113  113  115  120  128  137  148  158  166  172  175  177  180  183  189
  193  199  205  201  201  202  201  214  185                                   
    35.0-180.0 180.0   5.0 450.0                            LAT/LON1/LON2/DLON/H
  199  194  192  191  189  187  190  191  193  190  188  184  179  173  166  161
  158  156  157  160  164  169  173  173  171  167  161  154  145  136  127  121
  120  124  129  134  136  136  134  133  133  133  134  133  130  126  122  119
  116  114  113  115  119  127  137  148  159  169  176  181  184  188  193  198
  203  209  216  214  215  218  219  232  199                                   
    32.5-180.0 180.0   5.0 450.0                            LAT/LON1/LON2/DLON/H
  218  213  209  205  200  196  197  198  200  198  196  193  188  183  176  171
  167  164  163  165  169  173  177  179  178  174  168  161  152  142  133  128
  128  132  137  141  143  141  138  137  138  139  140  139  136  131  125  120
  116  113  112  112  116  124  135  147  159  170  178  185  190  195  201  208
  213  220  227  226  230  235  239  252  218                                   
    30.0-180.0 180.0   5.0 450.0                            LAT/LON1/LON2/DLON/H
  241  236  232  224  216  211  210  209  210  208  206  203  198  193  187  181
  176  172  170  170  172  176  180  182  181  179  174  168  159  149  140  135
  135  139  143  145  144  141  138  137  139  142  144  143  139  132  125  119
  114  110  108  108  112  120  131  144  157  169  179  187  194  201  209  217
  223  231  240  240  246  254  260  272  241                                   
    27.5-180.0 180.0   5.0 450.0                            LAT/LON1/LON2/DLON/H
  265  263  258  249  239  232  230  227  226  222  219  215  211  205  199  193
  187  182  178  176  176  178  181  183  183  180  177  172  164  155  147  142
  141  142  144  143  140  135  132  133  136  141  144  143  138  130  121  114
  108  104  101  102  106  115  127  141  154  167  178  188  197  206  216  226
  234  243  254  256  264  274  281  293  265                                   
    25.0-180.0 180.0   5.0 450.0                            LAT/LON1/LON2/DLON/H
  289  291  286  278  266  259  255  250  247  242  237  233  228  222  216  209
  202  195  189  184  182  182  182  182  181  179  176  172  166  158  151  145
  142  140  139  135  129  124  121  123  128  134  138  137  132  123  113  105
   99   95   94   95  100  109  122  137  151  164  176  187  199  211  223  236
  247  258  269  273  282  294  301  313  289                                   
    22.5-180.0 180.0   5.0 450.0                            LAT/LON1/LON2/DLON/H
  311  316  313  307  296  289  285  278  274  267  261  255  250  244  238  230
  222  213  205  197  191  187  185  182  178  174  171  167  163  156  149  142
  137  132  127  121  114  109  108  110  116  122  126  126  121  112  103   95
   90   86   86   88   94  105  119  134  149  162  175  187  201  216  232  248
  261  275  288  292  302  312  320  332  311                                   
    20.0-180.0 180.0   5.0 450.0                            LAT/LON1/LON2/DLON/H
  328  337  337  335  326  319  315  308  303  295  289  283  278  272  265  257
  247  237  225  214  204  196  189  182  174  168  163  159  155  149  142  134
  127  119  112  106  100   96   95   98  103  108  112  112  107   99   91   84
   80   78   79   82   90  101  116  132  147  160  174  188  204  222  242  261
  278  293  307  312  320  329  337  348  328                                   
    17.5-180.0 180.0   5.0 450.0                            LAT/LON1/LON2/DLON/H
  340  352  355  356  350  346  342  336  331  324  318  313  309  304  297  289
  278  265  250  235  220  206  194  182  171  160  152  147  143  138  131  122
  113  105   98   92   88   86   86   88   92   96   99   99   95   89   82   77
   74   73   74   79   87   99  114  130  145  160  174  190  209  230  253  275
  295  313  327  332  338  343  351  361  340                                   
    15.0-180.0 180.0   5.0 450.0                            LAT/LON1/LON2/DLON/H
  347  362  367  371  368  365  362  357  354  348  344  341  339  336  330  321
  309  295  277  257  237  218  200  183  167  153  142  135  130  125  118  110
  101   94   88   83   81   81   81   82   84   87   89   90   87   82   76   73
   71   71   72   77   85   98  113  129  144  159  175  193  215  239  265  290
  312  331  346  350  353  354  362  372  347                                   
    12.5-180.0 180.0   5.0 450.0                            LAT/LON1/LON2/DLON/H
  351  367  373  379  378  375  372  369  367  364  362  363  364  363  358  350
  337  321  301  278  253  228  205  184  164  146  133  124  119  114  108  101
   93   87   83   81   81   81   81   81   81   82   84   85   83   79   75   72
   70   70   71   75   83   96  110  127  143  159  177  197  221  248  277  304
  327  347  361  365  366  364  372  382  351                                   
    10.0-180.0 180.0   5.0 450.0                            LAT/LON1/LON2/DLON/H
  354  370  376  382  382  379  375  371  371  370  371  375  379  380  377  369
  357  341  319  293  263  234  207  183  161  141  126  117  111  107  102   96
   90   86   84   85   86   87   86   84   83   83   85   85   84   81   77   73
   71   70   70   73   81   92  107  124  141  159  178  201  227  257  287  315
  339  359  373  377  376  372  380  391  354                                   
     7.5-180.0 180.0   5.0 450.0                            LAT/LON1/LON2/DLON/H
  358  373  378  382  382  377  372  368  367  368  371  377  382  385  383  377
  366  349  327  299  267  235  206  180  157  137  122  113  108  105  101   96
