data/edconvlstm_nd/pred1560.15i
     1.0            IONOSPHERE MAPS     GNSS                IONEX VERSION / TYPE
pyspatialgeodesy        IME             05-JAN-18 20:20     PGM / RUN BY / DATE 
Map Name                                                    COMMENT             
Predicted global ionosphere maps (GIM).                     DESCRIPTION         
  2015     6     5     0     0     0                        EPOCH OF FIRST MAP  
  2015     6     6     0     0     0                        EPOCH OF LAST MAP   
  7200                                                      INTERVAL            
    13                                                      # OF MAPS IN FILE   
  NONE                                                      MAPPING FUNCTION    
10.0                                                        ELEVATION CUTOFF    
One-way carrier phase leveled to code                       OBSERVABLES USED    
  6371.0                                                    BASE RADIUS         
 2                                                          MAP DIMENSION       
   450.0 450.0   0.0                                        HGT1 / HGT2 / DHGT  
    87.5 -87.5  -2.5                                        LAT1 / LAT2 / DLAT  
  -180.0 180.0   5.0                                        LON1 / LON2 / DLON  
    -1                                                      EXPONENT            
                                                            END OF HEADER       
[from data line 3861]
    10                                                      START OF TEC MAP    
  2015     6     5    18     0     0                        EPOCH OF CURRENT MAP
    87.5-180.0 180.0   5.0 450.0                            LAT/LON1/LON2/DLON/H
  208  201  190  198  200  200  200  200  200  201  201  201  201  200  200  200
  199  198  197  196  195  194  192  191  189  188  186  185  184  183  181  180
  180  179  178  177  177  177  176  176  177  177  178  178  179  180  181  182
  183  184  185  186  186  187  188  189  190  190  191  191  191  192  192  192
  192  192  192  193  201  203  202  203  208                                   
    85.0-180.0 180.0   5.0 450.0                            LAT/LON1/LON2/DLON/H
  199  201  207  204  201  206  207  209  209  210  210  210  210  210  209  209
  208  207  205  204  202  201  199  197  195  193  191  189  188  186  185  183
  182  181  180  179  178  178  177  177  177  178  178  179  180  182  183  184
  186  187  189  190  192  193  194  195  196  197  198  198  199  199  200  200
  201  201  200  199  202  196  198  203  199                                   
    82.5-180.0 180.0   5.0 450.0                            LAT/LON1/LON2/DLON/H
  184  195  197  196  197  203  206  208  208  210  210  211  212  212  211  211
  209  208  206  204  201  199  196  193  190  188  185  183  180  178  176  174
  172  170  169  167  166  165  165  165  165  165  166  168  169  171  173  176
  178  180  183  185  187  188  190  191  192  193  194  194  195  195  195  195
  195  194  193  196  194  199  195  187  184                                   
    80.0-180.0 180.0   5.0 450.0                            LAT/LON1/LON2/DLON/H
  181  191  195  196  195  200  204  209  211  214  215  217  218  218  218  217
  216  214  212  209  206  203  200  197  193  190  187  184  182  179  177  174
  172  170  168  166  164  163  162  161  161  162  163  165  167  169  172  175
  178  181  183  186  188  189  191  192  193  194  194  194  194  194  194  194
  194  193  192  194  190  184  185  181  181                                   
    77.5-180.0 180.0   5.0 450.0                            LAT/LON1/LON2/DLON/H
  184  184  190  191  193  198  201  206  209  213  215  217  219  220  221  220
  219  217  215  212  209  206  203  200  196  193  191  188  186  183  181  179
  176  174  172  169  167  165  163  162  161  162  163  165  167  170  173  176
  179  182  184  186  188  189  190  191  191  192  192  192  192  191  191  191
  189  188  187  188  189  179  181  182  184                                   
    75.0-180.0 180.0   5.0 450.0                            LAT/LON1/LON2/DLON/H
  184  184  187  189  189  195  198  202  206  211  213  216  219  220  221  221
  220  219  217  214  212  209  206  203  201  199  196  195  193  191  190  188
  186  184  181  178  175  172  169  167  166  166  167  168  170  173  176  178
  181  183  185  186  187  188  188  188  189  189  189  189  190  190  190  190
  189  188  188  186  186  177  179  172  184                                   
    72.5-180.0 180.0   5.0 450.0                            LAT/LON1/LON2/DLON/H
  186  187  189  193  191  196  198  202  204  208  210  214  216  218  219  219
  219  218  216  215  213  211  209  207  205  203  201  200  199  198  198  197
  195  193  190  187  183  179  175  173  171  170  171  172  174  176  179  181
  183  184  185  185  185  184  184  184  184  184  185  186  187  188  190  190
  189  189  190  188  186  179  181  181  186                                   
    70.0-180.0 180.0   5.0 450.0                            LAT/LON1/LON2/DLON/H
  195  196  197  198  194  197  198  201  202  205  207  210  212  214  214  215
  214  214  213  212  211  210  209  207  206  204  203  202  202  202  202  202
  201  200  197  193  189  184  180  177  174  173  174  175  177  179  181  182
  183  183  182  181  180  178  177  177  177  178  180  182  185  187  190  192
  192  193  195  195  193  188  192  189  195                                   
    67.5-180.0 180.0   5.0 450.0                            LAT/LON1/LON2/DLON/H
  209  212  214  214  209  211  209  210  210  211  212  214  215  216  217  217
  217  216  216  216  216  215  215  213  212  210  208  207  207  208  209  209
  210  208  206  202  198  193  189  185  183  182  183  184  186  188  189  189
  189  188  186  183  181  178  177  176  177  178  181  185  189  193  197  201
  202  204  206  206  204  201  204  202  209                                   
    65.0-180.0 180.0   5.0 450.0                            LAT/LON1/LON2/DLON/H
  221  227  228  227  221  221  218  216  215  215  214  215  216  216  215  215
  214  214  214  215  216  216  215  214  212  210  208  206  206  207  208  210
  210  210  208  205  200  196  191  188  186  186  187  189  191  192  193  192
  190  188  185  181  177  174  172  171  172  174  178  182  188  193  198  203
  205  208  212  214  214  212  218  216  221                                   
    62.5-180.0 180.0   5.0 450.0                            LAT/LON1/LON2/DLON/H
  230  240  241  240  234  234  229  227  223  222  220  220  219  218  217  216
  215  215  215  216  218  218  218  216  214  211  208  206  205  206  208  209
  211  211  209  206  202  198  195  192  191  192  194  196  198  198  198  196
  193  190  185  181  177  173  171  169  170  172  176  181  186  192  198  203
  205  209  213  216  217  218  225  224  230                                   
    60.0-180.0 180.0   5.0 450.0                            LAT/LON1/LON2/DLON/H
  233  246  249  249  243  244  239  236  232  229  226  224  223  221  219  218
  216  215  216  217  218  219  219  218  215  211  208  206  205  206  207  209
  210  210  209  207  204  201  198  197  197  198  200  202  204  203  202  199
  195  190  186  181  176  172  169  168  167  169  172  176  181  186  191  196
  198  202  206  210  213  217  227  226  233                                   
    57.5-180.0 180.0   5.0 450.0                            LAT/LON1/LON2/DLON/H
  230  246  251  253  250  252  248  245  240  237  233  230  227  225  223  220
  218  217  216  217  219  220  220  219  217  214  211  209  208  208  209  211
  212  212  211  209  207  205  204  203  204  206  208  209  209  208  205  201
  196  191  186  181  176  172  169  166  165  165  166  169  172  176  180  184
  185  189  194  198  203  209  221  222  230                                   
    55.0-180.0 180.0   5.0 450.0                            LAT/LON1/LON2/DLON/H
  222  241  248  253  253  258  257  254  249  245  240  236  233  230  227  224
  221  219  218  218  219  221  222  222  220  218  216  215  214  215  215  216
  216  216  215  214  213  212  212  212  213  215  216  216  215  212  207  201
  195  190  185  180  176  172  168  165  162  160  159  160  161  163  166  168
  169  172  177  181  188  196  210  212  222                                   
    52.5-180.0 180.0   5.0 450.0                            LAT/LON1/LON2/DLON/H
  212  233  243  251  254  262  264  263  259  254  248  243  239  236  232  229
  225  222  220  219  220  221  223  224  224  224  224  224  224  224  224  223
  222  222  221  221  222  222  222  223  223  224  223  222  218  213  207  200
  194  188  183  179  175  171  166  162  158  155  152  151  150  150  151  152
  153  156  160  165  172  183  197  200  212                                   
    50.0-180.0 180.0   5.0 450.0                            LAT/LON1/LON2/DLON/H
  203  225  237  247  255  267  271  273  270  265  258  253  247  243  240  236
  231  227  223  222  221  223  225  227  229  232  233  235  235  235  234  232
  231  230  230  231  233  234  235  235  234  233  231  227  221  214  207  199
  192  186  182  177  173  169  164  159  155  150  146  143  141  139  139  140
  141  143  148  152  160  171  186  189  203                                   
    47.5-180.0 180.0   5.0 450.0                            LAT/LON1/LON2/DLON/H
  197  219  232  245  256  271  279  282  281  277  271  264  258  254  249  245
  240  235  230  227  226  227  229  232  236  240  243  246  247  246  244  242
  240  240  241  243  246  248  249  248  245  242  237  231  223  215  206  198
  191  185  180  176  171  166  161  157  152  147  143  139  136  134  134  134
  135  138  142  146  154  165  180  183  197                                   
    45.0-180.0 180.0   5.0 450.0                            LAT/LON1/LON2/DLON/H
  194  217  229  243  257  274  285  292  293  291  284  278  272  267  262  258
  252  246  241  236  234  234  235  239  243  248  253  256  257  256  254  252
  251  252  254  257  261  263  263  261  256  250  243  235  226  217  207  199
  192  186  180  175  169  164  159  154  150  146  142  139  137  135  135  137
  137  140  144  148  155  165  178  181  194                                   
    42.5-180.0 180.0   5.0 450.0                            LAT/LON1/LON2/DLON/H
  195  217  229  243  258  276  290  299  303  303  298  293  287  282  278  273
  268  261  255  249  246  244  245  247  251  256  262  265  267  267  265  264
  265  267  271  275  279  280  279  274  266  258  248  239  229  220  210  202
  195  188  182  176  169  163  157  153  150  148  146  145  143  143  144  146
  146  149  152  155  161  169  181  183  195                                   
    40.0-180.0 180.0   5.0 450.0                            LAT/LON1/LON2/DLON/H
  198  218  230  243  258  277  292  303  310  313  311  308  304  299  295  290
  285  279  272  266  261  258  257  258  261  266  271  275  277  278  279  281
  285  289  294  298  300  299  295  287  277  266  255  244  234  225  216  208
  201  194  186  178  170  163  158  155  153  153  153  154  155  156  158  160
  161  162  164  165  169  175  186  187  198                                   
    37.5-180.0 180.0   5.0 450.0                            LAT/LON1/LON2/DLON/H
  200  220  230  242  256  274  290  302  313  319  321  321  319  316  312  308
  303  298  291  285  280  275  272  271  273  277  282  287  291  295  299  305
  312  318  323  325  325  320  312  301  287  274  261  250  241  231  223  215
  208  200  192  183  174  166  161  158  158  160  163  166  169  172  175  177
  176  176  175  175  176  181  190  191  200                                   
    35.0-180.0 180.0   5.0 450.0                            LAT/LON1/LON2/DLON/H
  201  220  229  240  254  270  285  298  311  321  328  332  333  332  329  326
  322  317  311  305  299  293  288  286  287  291  297  304  311  319  328  338
  348  355  359  358  353  343  330  314  298  282  268  257  247  238  230  222
  215  207  198  189  179  171  166  164  165  168  172  177  182  186  190  192
  190  188  184  182  181  183  191  192  201                                   
    32.5-180.0 180.0   5.0 450.0                            LAT/LON1/LON2/DLON/H
  201  218  228  237  251  265  280  292  307  320  331  339  343  345  344  342
  339  335  330  325  319  312  306  302  303  309  317  328  339  351  365  379
  392  399  399  393  381  365  347  327  307  289  274  263  252  243  235  227
  220  212  203  194  185  178  173  172  173  176  181  187  192  197  202  203
  200  195  189  185  181  183  189  192  201                                   
    30.0-180.0 180.0   5.0 450.0                            LAT/LON1/LON2/DLON/H
  199  216  225  235  249  262  275  286  301  316  331  343  351  355  357  356
  354  352  348  343  337  330  324  321  323  331  343  358  374  390  408  425
  438  444  439  426  407  384  360  336  313  293  278  265  255  246  237  229
  222  214  206  198  190  184  180  179  180  183  187  192  198  203  207  208
  204  198  190  184  179  179  185  189  199                                   
    27.5-180.0 180.0   5.0 450.0                            LAT/LON1/LON2/DLON/H
  197  214  224  236  249  261  273  283  297  313  330  345  357  364  368  369
  369  367  364  359  353  347  342  340  345  357  374  393  413  433  453  470
  482  483  472  451  425  396  367  339  314  293  277  265  254  244  235  227
  220  213  206  199  193  189  187  185  185  187  189  193  197  202  206  207
  202  196  187  180  175  175  181  186  197                                   
    25.0-180.0 180.0   5.0 450.0                            LAT/LON1/LON2/DLON/H
  196  213  224  238  253  265  276  284  297  312  329  347  361  371  378  381
  383  382  379  374  369  363  359  361  369  385  406  429  451  472  491  506
  513  508  491  464  433  400  368  338  311  289  273  260  249  239  230  222
  215  208  202  197  193  191  190  188  187  187  187  188  192  196  200  201
  197  192  183  176  171  170  176  184  196                                   
    22.5-180.0 180.0   5.0 450.0                            LAT/LON1/LON2/DLON/H
  195  213  225  241  259  272  283  290  301  314  331  349  365  378  387  393
  396  397  394  389  384  379  378  382  394  414  438  461  482  500  515  525
  526  516  494  464  429  395  362  332  304  283  266  253  242  232  222  214
  207  201  196  192  190  189  189  188  186  183  181  180  182  185  189  191
  188  185  177  171  167  166  173  181  195                                   
    20.0-180.0 180.0   5.0 450.0                            LAT/LON1/LON2/DLON/H
  195  212  226  245  265  280  291  298  307  319  334  352  369  385  397  406
  411  412  410  405  400  396  397  404  419  440  463  484  501  513  521  525
  521  507  483  451  418  385  354  324  298  276  260  247  236  225  215  206
  199  192  188  185  184  184  185  184  181  177  173  171  170  172  176  179
  178  176  171  166  163  163  169  179  195                                   
    17.5-180.0 180.0   5.0 450.0                            LAT/LON1/LON2/DLON/H
  191  210  224  245  267  285  298  305  314  325  338  356  374  391  406  417
  424  427  426  422  417  414  416  425  440  460  480  496  506  511  512  510
  502  485  461  432  402  374  346  319  294  274  258  245  233  222  211  201
  192  185  180  177  177  178  178  178  175  170  164  160  158  159  162  166
  166  167  163  160  158  158  165  174  191                                   
    15.0-180.0 180.0   5.0 450.0                            LAT/LON1/LON2/DLON/H
  184  203  219  241  265  285  301  310  319  329  342  358  377  395  412  426
  436  441  441  438  434  431  434  443  457  474  488  497  500  497  492  485
  475  458  437  413  388  365  342  319  296  277  261  247  235  223  211  200
  190  181  175  171  170  171  171  170  166  161  155  150  147  147  149  153
  154  156  154  152  151  151  157  167  184                                   
    12.5-180.0 180.0   5.0 450.0                            LAT/LON1/LON2/DLON/H
  174  192  210  232  257  279  298  309  320  331  343  359  378  397  415  431
  443  450  453  451  447  446  449  457  468  480  489  491  486  478  469  459
  448  433  416  397  379  362  344  325  304  285  269  254  241  228  215  202
  190  180  172  167  165  164  163  161  157  152  145  140  136  135  137  140
  142  144  144  141  140  141  146  155  174                                   
    10.0-180.0 180.0   5.0 450.0                            LAT/LON1/LON2/DLON/H
  160  179  197  220  245  268  290  304  318  330  342  358  376  394  413  430
  444  454  459  458  456  455  457  464  473  480  483  480  471  460  448  438
  428  416  403  390  378  366  352  335  316  297  280  264  249  234  220  206
  192  180  171  165  161  159  156  153  148  142  136  130  127  125  127  129
  130  133  131  129  127  127  131  141  160                                   
     7.5-180.0 180.0   5.0 450.0                            LAT/LON1/LON2/DLON/H
  146  165  184  207  233  256  280  297  313  327  340  355  371  389  407  424
  439  450  457  459  457  456  458  464  471  476  476  470  460  448  437  427
