data/edconvlstm_nd/pred3320.15i
     1.0            IONOSPHERE MAPS     GNSS                IONEX VERSION / TYPE
pyspatialgeodesy        IME             05-JAN-18 20:20     PGM / RUN BY / DATE 
Map Name                                                    COMMENT             
Predicted global ionosphere maps (GIM).                     DESCRIPTION         
  2015    11    28     0     0     0                        EPOCH OF FIRST MAP  
  2015    11    29     0     0     0                        EPOCH OF LAST MAP   
  7200                                                      INTERVAL            
    13                                                      # OF MAPS IN FILE   
  NONE                                                      MAPPING FUNCTION    
10.0                                                        ELEVATION CUTOFF    
One-way carrier phase leveled to code                       OBSERVABLES USED    
  6371.0                                                    BASE RADIUS         
 2                                                          MAP DIMENSION       
   450.0 450.0   0.0                                        HGT1 / HGT2 / DHGT  
    87.5 -87.5  -2.5                                        LAT1 / LAT2 / DLAT  
  -180.0 180.0   5.0                                        LON1 / LON2 / DLON  
    -1                                                      EXPONENT            
                                                            END OF HEADER       
[from data line 2574]
     7                                                      START OF TEC MAP    
  2015    11    28    12     0     0                        EPOCH OF CURRENT MAP
    87.5-180.0 180.0   5.0 450.0                            LAT/LON1/LON2/DLON/H
   37   49   48   50   51   50   50   45   44   46   46   46   46   46   46   46
   46   47   47   47   47   48   48   48   49   49   49   50   50   50   51   51
   51   51   51   51   51   51   50   50   50   50   50   50   50   50   51   51
   51   52   52   52   53   53   53   54   54   54   53   53   53   52   52   52
   52   52   48   46   48   51   65   69   37                                   
    85.0-180.0 180.0   5.0 450.0                            LAT/LON1/LON2/DLON/H
   36   53   63   50   50   53   52   51   51   52   51   52   52   52   53   53
   53   54   54   55   55   56   56   57   57   58   58   59   59   60   60   60
   60   60   60   60   60   59   59   58   58   58   58   58   58   58   58   58
   59   60   60   61   61   62   62   63   63   63   63   63   63   62   62   62
   62   61   56   52   55   57   66   64   36                                   
    82.5-180.0 180.0   5.0 450.0                            LAT/LON1/LON2/DLON/H
   31   41   53   44   45   45   45   44   44   45   44   45   45   45   45   45
   46   46   46   47   47   47   48   49   49   50   51   52   53   54   54   55
   55   55   55   55   54   54   53   52   51   51   50   50   50   50   51   51
   52   53   54   55   56   57   58   58   59   59   59   59   58   58   57   57
   57   56   51   48   53   57   56   55   31                                   
    80.0-180.0 180.0   5.0 450.0                            LAT/LON1/LON2/DLON/H
   28   32   47   40   42   39   40   39   39   40   40   41   41   41   41   42
   42   43   43   43   43   44   44   45   46   47   48   49   51   52   54   55
   56   56   56   56   55   53   52   50   49   47   46   46   45   45   46   47
   48   49   51   52   53   55   56   57   57   57   57   57   56   55   54   53
   52   51   49   47   48   53   52   55   28                                   
    77.5-180.0 180.0   5.0 450.0                            LAT/LON1/LON2/DLON/H
   38   36   41   34   36   35   36   36   37   37   37   38   39   40   41   42
   43   43   43   44   44   43   44   44   45   46   47   49   51   54   56   58
   59   60   60   59   57   55   53   50   47   45   43   42   41   42   42   43
   45   47   49   51   52   54   55   56   56   56   55   54   53   51   50   48
   46   45   42   41   40   39   42   47   38                                   
    75.0-180.0 180.0   5.0 450.0                            LAT/LON1/LON2/DLON/H
   28   31   34   31   32   33   33   33   34   36   36   39   41   43   45   47
   49   50   50   50   49   49   48   48   48   49   50   52   55   58   61   63
   65   67   67   66   64   61   58   55   51   48   46   44   43   43   44   45
   47   48   50   52   53   54   55   55   55   54   53   52   51   49   47   45
   43   42   40   38   39   35   36   34   28                                   
    72.5-180.0 180.0   5.0 450.0                            LAT/LON1/LON2/DLON/H
   28   32   33   30   30   32   32   32   33   35   36   39   42   45   48   52
   54   56   56   56   55   54   52   51   50   51   52   54   57   60   64   67
   70   72   72   72   70   67   64   61   57   54   51   49   48   48   49   50
   51   52   52   53   53   52   52   51   50   49   48   47   46   45   43   42
   40   38   38   36   38   34   35   36   28                                   
    70.0-180.0 180.0   5.0 450.0                            LAT/LON1/LON2/DLON/H
   28   32   35   32   32   32   32   33   35   37   39   43   46   51   55   60
   63   66   67   67   65   63   61   58   57   56   57   59   62   66   70   74
   77   80   81   81   80   78   75   72   69   66   63   61   60   60   60   60
   60   59   58   56   54   52   49   47   46   44   44   43   43   43   42   42
   41   40   41   40   41   38   41   41   28                                   
    67.5-180.0 180.0   5.0 450.0                            LAT/LON1/LON2/DLON/H
   29   35   37   35   34   34   35   36   37   39   41   45   49   54   59   64
   69   72   73   73   71   68   65   62   60   59   60   62   65   69   74   79
   83   86   89   90   89   88   86   84   81   79   77   76   75   74   73   71
   69   67   63   58   53   49   44   41   39   38   38   38   39   40   41   43
   43   43   45   44   45   42   43   41   29                                   
    65.0-180.0 180.0   5.0 450.0                            LAT/LON1/LON2/DLON/H
   31   38   39   38   36   37   37   38   39   41   43   47   51   56   62   67
   72   75   76   76   74   71   67   64   63   62   63   65   69   74   80   85
   90   94   97   99   99   99   98   97   95   94   93   91   90   88   86   82
   78   73   66   58   51   43   37   33   31   30   31   33   36   38   41   43
   45   47   51   50   52   50   50   48   31                                   
    62.5-180.0 180.0   5.0 450.0                            LAT/LON1/LON2/DLON/H
   34   40   40   39   37   39   39   40   41   42   43   46   50   55   60   65
   69   72   72   71   69   67   64   62   61   62   64   68   73   79   86   92
   98  102  106  108  109  109  109  108  108  107  106  105  103  100   95   90
   83   75   65   55   45   37   30   25   24   24   25   28   31   35   38   42
   45   48   53   53   56   54   55   53   34                                   
    60.0-180.0 180.0   5.0 450.0                            LAT/LON1/LON2/DLON/H
   38   41   40   39   37   38   38   39   40   41   41   43   46   49   54   58
   61   62   62   60   59   57   56   56   58   61   65   70   77   85   93  100
  106  111  115  117  118  118  117  117  117  116  115  113  110  106   99   92
   83   73   62   50   39   30   23   19   18   18   20   23   27   30   34   38
   41   45   50   52   56   56   57   55   38                                   
    57.5-180.0 180.0   5.0 450.0                            LAT/LON1/LON2/DLON/H
   40   41   39   39   37   39   39   40   40   41   40   41   42   45   47   50
   51   51   50   49   48   48   49   52   56   62   69   77   86   95  104  113
  120  125  128  129  129  128  128  127  127  126  125  122  118  112  104   95
   84   73   62   50   39   30   24   20   19   20   21   24   27   30   33   36
   39   42   48   50   56   57   58   57   40                                   
    55.0-180.0 180.0   5.0 450.0                            LAT/LON1/LON2/DLON/H
   44   42   41   41   39   41   41   42   42   41   40   40   40   41   42   43
   43   42   41   39   39   41   45   51   59   67   76   87   97  108  119  128
  135  140  142  143  142  140  138  137  136  135  134  130  125  118  109   98
   88   77   66   55   45   37   31   28   26   27   28   29   31   33   34   36
   37   40   45   48   54   56   58   58   44                                   
    52.5-180.0 180.0   5.0 450.0                            LAT/LON1/LON2/DLON/H
   48   46   44   45   44   47   46   46   46   44   41   40   39   39   40   40
   39   37   35   34   35   39   46   55   66   77   88  100  112  123  135  144
  152  156  158  157  155  152  150  148  146  145  143  139  133  125  115  105
   95   85   75   66   58   51   46   43   41   40   40   40   40   40   39   39
   39   40   44   47   54   58   60   60   48                                   
    50.0-180.0 180.0   5.0 450.0                            LAT/LON1/LON2/DLON/H
   55   53   52   53   52   55   54   53   52   49   45   43   41   40   40   40
   38   36   34   34   37   43   53   65   78   91  103  115  127  138  149  158
  165  170  172  171  169  166  162  159  157  155  153  148  142  134  124  115
  105   97   89   81   75   69   65   61   59   58   56   55   53   50   47   45
   44   44   47   50   57   61   64   65   55                                   
    47.5-180.0 180.0   5.0 450.0                            LAT/LON1/LON2/DLON/H
   62   62   62   64   62   66   64   62   60   56   52   48   45   44   43   43
   42   40   39   40   44   53   66   80   94  108  120  130  140  150  159  168
  174  179  182  183  181  178  175  172  169  166  163  159  152  144  135  126
  118  110  103   97   91   86   82   79   76   73   70   68   64   61   57   55
   52   52   54   56   62   67   70   71   62                                   
    45.0-180.0 180.0   5.0 450.0                            LAT/LON1/LON2/DLON/H
   69   72   72   75   74   76   73   72   68   65   60   56   52   50   49   48
   48   47   47   49   56   67   82   97  112  125  135  143  150  157  164  170
  177  183  188  192  193  191  189  185  181  177  173  169  162  155  146  138
  130  122  115  108  102   97   92   89   85   82   78   75   72   69   66   64
   62   62   63   64   69   74   77   77   69                                   
    42.5-180.0 180.0   5.0 450.0                            LAT/LON1/LON2/DLON/H
   72   79   80   84   82   85   81   79   76   73   68   64   60   57   55   55
   55   55   57   61   70   83   99  115  129  140  148  153  156  159  163  169
  176  184  192  199  203  205  203  199  194  189  183  178  171  164  155  147
  139  131  122  114  106   99   94   89   85   81   78   75   72   71   71   71
   71   71   72   72   75   80   82   81   72                                   
    40.0-180.0 180.0   5.0 450.0                            LAT/LON1/LON2/DLON/H
   73   81   82   87   87   88   85   84   82   80   76   73   68   64   62   61
   62   63   66   73   83   97  113  129  142  151  157  159  159  159  161  165
  173  184  196  207  215  219  219  214  207  200  192  185  178  170  162  153
  145  135  125  114  104   95   88   83   78   74   71   69   68   70   72   75
   77   77   78   77   79   82   83   82   73                                   
    37.5-180.0 180.0   5.0 450.0                            LAT/LON1/LON2/DLON/H
   69   78   79   85   85   86   84   84   84   84   82   80   75   71   68   67
   67   70   74   82   94  109  124  139  150  158  163  163  162  160  161  166
  176  190  205  220  231  237  237  231  222  212  202  193  184  175  167  158
  149  138  126  113  100   90   81   75   71   67   64   63   64   67   71   75
   78   79   80   78   78   79   79   78   69                                   
    35.0-180.0 180.0   5.0 450.0                            LAT/LON1/LON2/DLON/H
   63   71   72   77   77   79   78   80   82   85   87   86   82   77   73   71
   71   74   80   90  102  117  131  144  155  163  167  168  167  165  167  174
  187  204  223  240  253  259  258  251  239  226  213  202  192  183  174  165
  156  145  132  118  104   92   83   76   71   68   66   65   65   68   71   75
   77   78   78   75   74   73   71   70   63                                   
    32.5-180.0 180.0   5.0 450.0                            LAT/LON1/LON2/DLON/H
   57   63   63   67   67   68   69   72   78   83   88   89   87   82   77   74
   74   78   85   95  108  122  135  147  157  165  171  175  176  177  182  192
  208  229  250  268  280  285  283  274  260  244  229  216  205  196  187  180
  172  162  150  136  122  110  100   93   88   85   82   80   79   78   78   79
   78   76   75   71   69   65   63   62   57                                   
    30.0-180.0 180.0   5.0 450.0                            LAT/LON1/LON2/DLON/H
   52   56   55   58   58   58   59   63   70   78   85   90   89   85   80   77
   77   81   88   99  112  125  138  149  159  169  178  185  191  196  205  220
  240  263  285  302  312  315  311  299  284  267  252  239  228  219  211  205
  200  193  184  173  160  149  139  132  126  123  119  115  110  104   97   92
   85   79   75   69   66   61   59   58   52                                   
    27.5-180.0 180.0   5.0 450.0                            LAT/LON1/LON2/DLON/H
   51   53   50   51   51   50   51   55   62   71   80   86   88   86   82   79
   79   84   92  104  117  129  140  151  162  174  186  198  209  221  235  255
  279  304  325  339  347  346  339  327  312  296  282  270  260  253  247  243
  241  239  234  227  218  208  198  190  184  180  175  169  159  145  130  116
  102   90   82   73   70   64   63   60   51                                   
    25.0-180.0 180.0   5.0 450.0                            LAT/LON1/LON2/DLON/H
   56   56   50   49   48   47   47   50   55   63   72   80   84   84   81   80
   81   87   97  109  121  134  145  156  168  182  198  214  231  249  270  294
  321  347  366  376  379  375  367  355  342  330  319  310  303  297  294  293
  294  296  298  296  290  282  272  263  255  249  243  234  218  197  174  151
  130  112   99   87   82   75   75   69   56                                   
    22.5-180.0 180.0   5.0 450.0                            LAT/LON1/LON2/DLON/H
   67   65   57   53   50   49   48   48   52   57   65   72   77   79   79   79
   82   89  100  113  127  140  152  164  177  193  212  233  254  278  304  333
  361  385  401  407  405  398  389  380  372  365  360  356  352  349  348  349
  354  361  367  370  367  360  349  337  327  319  311  299  280  253  222  193
  165  142  124  108  103   95   95   87   67                                   
    20.0-180.0 180.0   5.0 450.0                            LAT/LON1/LON2/DLON/H
   84   80   69   62   57   55   53   51   52   55   59   65   70   73   75   77
   82   91  103  117  132  147  161  175  191  209  230  254  279  307  336  366
  393  414  424  425  420  412  405  400  399  399  401  402  403  402  402  405
  412  421  431  436  435  427  413  397  383  372  363  350  328  299  265  233
  202  176  155  136  128  120  120  109   84                                   
    17.5-180.0 180.0   5.0 450.0                            LAT/LON1/LON2/DLON/H
  101   97   84   76   69   64   62   58   57   57   58   61   65   69   72   75
   81   91  105  121  138  156  173  190  208  229  252  278  305  333  361  389
  412  428  434  431  424  417  413  415  421  429  437  444  447  447  447  450
  456  466  475  480  477  466  447  425  406  393  383  371  351  324  293  263
  233  208  185  164  154  145  143  132  101                                   
    15.0-180.0 180.0   5.0 450.0                            LAT/LON1/LON2/DLON/H
  116  112   99   89   81   75   72   68   65   62   60   61   63   66   70   74
   81   92  107  125  145  165  186  207  230  253  277  303  328  354  379  401
  419  429  431  427  421  417  419  427  439  453  466  475  479  479  477  477
  480  486  492  494  487  471  447  420  396  379  369  359  345  325  301  277
  253  231  208  188  175  165  160  150  116                                   
    12.5-180.0 180.0   5.0 450.0                            LAT/LON1/LON2/DLON/H
  124  121  109   99   91   84   83   78   74   70   66   65   66   68   71   75
   82   94  110  130  152  177  202  228  255  280  305  328  350  371  390  405
  417  423  423  420  417  418  425  438  454  472  486  494  497  494  489  485
  484  486  487  484  473  453  425  392  363  343  332  325  316  304  290  275
  259  242  222  202  188  176  169  158  124                                   
    10.0-180.0 180.0   5.0 450.0                            LAT/LON1/LON2/DLON/H
  125  121  111  103   96   89   90   87   84   79   74   71   71   72   74   78
   86   99  116  138  162  190  220  251  281  308  332  352  369  384  396  405
  411  414  415  415  416  422  434  451  469  486  499  504  502  496  488  481
  476  473  469  462  449  426  394  358  325  301  289  283  279  274  268  262
  254  243  226  208  192  178  169  158  125                                   
     7.5-180.0 180.0   5.0 450.0                            LAT/LON1/LON2/DLON/H
  121  117  108  101   97   91   93   93   91   87   82   79   78   78   80   84
   92  106  124  147  174  205  239  274  307  335  356  372  384  393  399  403
