data/edconvlstm_nd/pred2260.15i
     1.0            IONOSPHERE MAPS     GNSS                IONEX VERSION / TYPE
pyspatialgeodesy        IME             05-JAN-18 20:20     PGM / RUN BY / DATE 
Map Name                                                    COMMENT             
Predicted global ionosphere maps (GIM).                     DESCRIPTION         
  2015     8    14     0     0     0                        EPOCH OF FIRST MAP  
  2015     8    15     0     0     0                        EPOCH OF LAST MAP   
  7200                                                      INTERVAL            
    13                                                      # OF MAPS IN FILE   
  NONE                                                      MAPPING FUNCTION    
10.0                                                        ELEVATION CUTOFF    
One-way carrier phase leveled to code                       OBSERVABLES USED    
  6371.0                                                    BASE RADIUS         
 2                                                          MAP DIMENSION       
   450.0 450.0   0.0                                        HGT1 / HGT2 / DHGT  
    87.5 -87.5  -2.5                                        LAT1 / LAT2 / DLAT  
  -180.0 180.0   5.0                                        LON1 / LON2 / DLON  
    -1                                                      EXPONENT            
                                                            END OF HEADER       
[from data line 2145]
     6                                                      START OF TEC MAP    
  2015     8    14    10     0     0                        EPOCH OF CURRENT MAP
    87.5-180.0 180.0   5.0 450.0                            LAT/LON1/LON2/DLON/H
   98  105  105  110  112  113  112  109  111  112  112  112  111  111  111  110
  109  109  108  107  107  106  106  105  105  104  104  103  103  103  103  102
  102  102  101  101  100   99   99   98   97   97   96   96   96   95   95   95
   95   95   94   94   94   93   93   92   92   92   91   91   90   90   90   91
   92   94   93   92   98   97  108  107   98                                   
    85.0-180.0 180.0   5.0 450.0                            LAT/LON1/LON2/DLON/H
   99  110  120  114  116  119  120  121  121  123  121  122  121  120  119  118
  116  115  114  113  112  112  111  111  110  110  110  110  110  110  110  110
  110  110  109  109  108  107  106  105  105  104  103  103  103  102  102  102
  102  102  101  101  101  100  100   99   99   98   97   97   96   96   95   96
   98   99   95   94   94   97  105  107   99                                   
    82.5-180.0 180.0   5.0 450.0                            LAT/LON1/LON2/DLON/H
   96  111  118  115  116  120  122  123  124  124  123  123  121  119  117  114
  112  111  109  107  106  105  105  104  104  105  105  106  107  108  108  109
  110  110  110  109  109  108  107  107  106  105  105  105  105  105  105  105
  106  106  106  106  106  105  104  103  101  100   98   96   95   93   92   91
   92   92   89   89   91   97   95   92   96                                   
    80.0-180.0 180.0   5.0 450.0                            LAT/LON1/LON2/DLON/H
   94  104  113  114  116  118  121  123  124  124  121  120  116  113  110  107
  104  101   99   97   95   94   94   94   94   95   96   98  100  102  104  106
  107  108  109  109  108  108  107  106  106  105  105  106  106  107  108  109
  110  111  112  112  112  111  110  108  105  103  100   97   93   91   88   86
   85   84   82   82   83   90   96   91   94                                   
    77.5-180.0 180.0   5.0 450.0                            LAT/LON1/LON2/DLON/H
   93  101  108  112  114  120  122  125  125  123  119  117  112  108  103   99
   95   92   89   87   85   85   84   85   86   87   89   92   95   99  102  105
  108  110  111  112  112  112  111  111  110  110  111  112  113  115  118  120
  122  124  126  127  127  126  124  121  118  114  109  104   99   94   90   86
   83   81   77   77   78   81   86   88   93                                   
    75.0-180.0 180.0   5.0 450.0                            LAT/LON1/LON2/DLON/H
   83   94   97  104  108  116  118  119  119  117  112  108  102   97   92   87
   83   80   77   75   74   73   73   74   75   77   80   84   88   92   97  102
  106  109  111  113  113  113  113  113  113  113  114  116  119  122  125  129
  132  135  136  137  137  136  134  131  127  122  117  111  105   99   94   89
   84   80   75   71   72   75   80   78   83                                   
    72.5-180.0 180.0   5.0 450.0                            LAT/LON1/LON2/DLON/H
   77   86   89   96  101  110  113  115  114  112  106  102   96   90   85   80
   77   74   72   70   69   69   69   69   71   73   76   80   85   90   96  102
  107  111  115  117  118  119  119  119  119  121  123  125  129  133  137  141
  144  147  148  149  148  147  144  140  136  131  126  120  114  109  103   97
   92   86   80   75   73   74   76   77   77                                   
    70.0-180.0 180.0   5.0 450.0                            LAT/LON1/LON2/DLON/H
   74   79   82   87   92   99  101  103  103  101   96   92   86   81   77   73
   70   68   67   66   66   65   65   66   67   69   72   76   81   87   94  100
  106  112  116  119  121  122  122  123  125  127  129  133  137  141  145  149
  151  153  153  153  151  148  145  141  136  132  128  124  120  115  110  106
  101   94   88   81   76   75   77   78   74                                   
    67.5-180.0 180.0   5.0 450.0                            LAT/LON1/LON2/DLON/H
   70   73   74   78   82   88   91   93   93   91   87   84   80   76   72   70
   68   67   67   67   67   66   66   67   67   68   71   74   79   85   92   98
  105  110  115  119  121  123  125  126  129  132  135  140  144  148  151  153
  154  154  152  150  146  142  138  134  131  128  126  124  122  120  118  116
  112  105   99   90   83   80   79   78   70                                   
    65.0-180.0 180.0   5.0 450.0                            LAT/LON1/LON2/DLON/H
   70   70   69   71   72   76   79   81   82   82   79   77   75   72   70   69
   68   68   69   69   69   69   69   69   70   71   73   76   80   86   92   99
  105  111  116  120  123  126  128  131  135  139  144  149  153  156  158  159
  157  155  151  146  141  136  131  128  125  124  123  124  126  127  127  127
  125  120  114  106   97   92   88   87   70                                   
    62.5-180.0 180.0   5.0 450.0                            LAT/LON1/LON2/DLON/H
   72   70   65   65   63   66   68   70   71   71   71   70   69   69   68   68
   68   68   69   70   70   71   71   71   72   73   75   78   83   88   93   99
  105  110  115  119  123  126  130  134  140  145  151  156  161  163  164  162
  159  154  148  142  135  130  125  121  120  120  121  124  128  132  135  137
  137  134  129  120  111  104   99   96   72                                   
    60.0-180.0 180.0   5.0 450.0                            LAT/LON1/LON2/DLON/H
   78   72   65   61   56   57   57   58   60   60   61   62   62   63   63   64
   64   65   65   66   67   68   69   71   72   74   77   80   84   89   94   99
  104  108  113  117  121  125  130  136  143  149  156  162  167  169  168  165
  160  153  146  139  133  128  123  120  119  119  122  126  131  135  140  143
  144  143  139  132  124  117  111  105   78                                   
    57.5-180.0 180.0   5.0 450.0                            LAT/LON1/LON2/DLON/H
   86   78   68   62   54   52   51   50   51   51   52   54   55   56   57   58
   58   59   59   60   61   63   65   68   71   75   78   83   87   91   96  100
  104  108  112  116  121  126  132  139  147  155  162  169  173  175  174  170
  164  158  151  145  139  134  131  128  127  127  129  133  137  141  145  148
  150  149  147  141  134  128  122  116   86                                   
    55.0-180.0 180.0   5.0 450.0                            LAT/LON1/LON2/DLON/H
   96   86   75   67   56   52   48   45   44   44   45   46   48   49   50   51
   51   51   51   52   54   57   60   64   69   74   79   84   89   93   98  101
  105  108  112  117  122  128  134  142  151  159  168  175  180  182  181  177
  172  166  160  155  151  148  145  143  141  141  142  143  146  148  150  152
  153  152  150  146  141  137  132  125   96                                   
    52.5-180.0 180.0   5.0 450.0                            LAT/LON1/LON2/DLON/H
  107   97   86   76   64   56   50   45   42   41   40   41   42   43   43   44
   44   44   44   45   47   51   55   60   66   73   79   85   90   95   99  103
  106  110  114  119  124  131  138  147  156  165  174  181  187  190  189  186
  182  177  173  169  167  165  163  161  159  158  157  156  156  155  154  154
  153  152  151  148  145  142  138  132  107                                   
    50.0-180.0 180.0   5.0 450.0                            LAT/LON1/LON2/DLON/H
  116  108   98   88   75   66   58   50   45   41   39   38   38   38   38   39
   39   39   39   41   43   47   52   58   65   72   79   85   91   95  100  104
  108  112  117  123  129  136  144  153  163  172  181  189  196  199  200  198
  194  190  187  185  183  182  181  178  176  173  171  168  165  161  157  155
  153  151  150  148  146  145  142  137  116                                   
    47.5-180.0 180.0   5.0 450.0                            LAT/LON1/LON2/DLON/H
  123  117  109  101   88   78   69   60   53   47   42   40   38   37   37   36
   37   37   38   39   42   46   51   58   65   73   79   85   91   95  100  105
  110  115  121  128  136  144  152  162  171  181  191  199  206  210  212  210
  207  203  200  197  196  194  192  190  187  184  181  177  172  166  160  156
  153  151  150  148  146  146  144  139  123                                   
    45.0-180.0 180.0   5.0 450.0                            LAT/LON1/LON2/DLON/H
  126  122  116  111  100   91   81   72   64   57   51   47   43   40   39   38
   38   39   40   42   44   48   54   60   68   75   81   86   91   95  100  105
  111  118  126  135  143  153  162  172  183  193  203  212  219  224  226  224
  221  216  211  207  203  200  197  194  191  189  186  182  176  169  163  158
  155  153  151  148  146  146  144  140  126                                   
    42.5-180.0 180.0   5.0 450.0                            LAT/LON1/LON2/DLON/H
  123  123  119  116  107  100   92   84   76   69   63   58   52   48   45   44
   44   44   45   47   50   53   58   64   71   78   83   88   91   95  100  106
  113  122  131  142  152  163  174  185  196  208  218  227  235  240  242  240
  235  228  221  214  208  202  197  194  192  191  189  185  180  173  166  162
  159  157  154  151  147  146  143  139  123                                   
    40.0-180.0 180.0   5.0 450.0                            LAT/LON1/LON2/DLON/H
  117  118  116  114  108  103   98   92   87   81   76   70   64   59   55   53
   52   53   53   54   56   59   63   69   75   81   86   90   93   96  101  107
  116  126  137  149  161  173  186  199  212  224  236  245  253  258  260  258
  252  243  234  224  214  205  199  195  194  194  194  191  186  179  172  168
  165  163  160  155  149  145  142  137  117                                   
    37.5-180.0 180.0   5.0 450.0                            LAT/LON1/LON2/DLON/H
  109  111  109  107  103  100   98   95   93   91   87   83   77   71   67   64
   63   62   61   61   62   64   67   73   79   85   89   93   96   99  104  110
  120  131  144  158  171  184  199  213  228  243  255  265  273  279  281  279
  273  264  253  241  229  218  209  205  205  206  207  204  198  190  182  178
  175  172  168  161  153  146  141  135  109                                   
    35.0-180.0 180.0   5.0 450.0                            LAT/LON1/LON2/DLON/H
  101  102  101   97   93   93   92   93   95   95   94   92   87   82   78   74
   72   70   68   66   66   67   70   75   82   88   93   97  100  103  108  116
  126  138  152  167  181  196  212  229  246  262  275  286  295  301  304  303
  298  291  281  269  257  245  235  230  229  231  231  227  219  208  198  192
  187  183  177  168  157  147  142  134  101                                   
    32.5-180.0 180.0   5.0 450.0                            LAT/LON1/LON2/DLON/H
   97   96   93   88   83   83   84   87   91   95   97   97   95   90   86   83
   80   76   73   70   68   69   72   77   84   90   96  101  105  109  115  123
  134  147  162  178  193  209  226  245  264  281  296  308  317  324  328  330
  328  324  318  310  299  288  278  272  270  270  268  261  249  234  220  210
  202  195  186  174  162  149  144  136   97                                   
    30.0-180.0 180.0   5.0 450.0                            LAT/LON1/LON2/DLON/H
   99   93   90   82   76   76   78   81   86   92   96   99   98   95   92   89
   85   80   76   72   70   71   74   79   85   92   99  105  110  116  124  133
  144  158  174  190  206  223  242  262  283  301  316  328  338  347  353  358
  361  362  362  359  352  343  333  326  322  319  313  302  285  265  247  231
  218  207  195  181  167  153  148  140   99                                   
    27.5-180.0 180.0   5.0 450.0                            LAT/LON1/LON2/DLON/H
  107   97   93   83   75   74   76   78   83   89   94   97   98   97   94   92
   88   83   78   74   72   73   76   81   87   94  101  109  116  124  133  143
  156  170  187  204  222  240  259  280  301  320  335  348  358  368  377  385
  393  400  406  409  408  401  392  383  376  369  359  343  323  299  276  255
  237  221  205  188  174  159  154  147  107                                   
    25.0-180.0 180.0   5.0 450.0                            LAT/LON1/LON2/DLON/H
  122  108  104   91   83   81   81   81   84   88   92   95   96   96   95   93
   89   84   79   76   75   76   79   84   90   96  104  112  122  132  143  155
  168  184  202  220  238  257  278  299  320  338  353  366  377  387  398  409
  420  432  444  453  456  452  444  434  423  412  398  379  355  330  304  280
  256  235  215  196  181  167  162  157  122                                   
    22.5-180.0 180.0   5.0 450.0                            LAT/LON1/LON2/DLON/H
  140  125  120  108   98   95   94   92   92   93   94   96   96   96   95   93
   89   85   81   79   79   80   83   87   92   99  107  116  127  140  153  166
  181  198  216  236  256  276  297  318  338  356  370  382  393  404  416  428
  441  456  471  483  489  487  479  467  454  440  423  403  379  354  328  302
  276  250  226  205  190  176  172  169  140                                   
    20.0-180.0 180.0   5.0 450.0                            LAT/LON1/LON2/DLON/H
  159  145  141  129  119  115  113  109  105  103  101   99   98   97   95   93
   89   86   83   82   83   85   87   90   95  101  109  119  132  147  162  177
  193  211  231  253  274  295  315  336  356  372  386  397  408  419  431  442
  455  470  485  497  503  501  492  480  465  450  433  413  393  370  347  323
  295  267  240  217  201  187  182  181  159                                   
    17.5-180.0 180.0   5.0 450.0                            LAT/LON1/LON2/DLON/H
  177  165  161  151  141  137  134  128  122  116  111  107  103  100   97   94
   90   87   85   85   86   87   89   92   97  103  111  123  137  153  170  187
  205  224  246  269  291  312  333  353  371  387  400  411  422  432  443  452
  462  474  486  496  500  496  487  474  460  446  431  414  398  380  362  340
  313  285  256  231  214  199  193  192  177                                   
    15.0-180.0 180.0   5.0 450.0                            LAT/LON1/LON2/DLON/H
  192  183  179  170  161  156  152  146  138  131  123  116  110  104  100   96
   92   89   87   86   87   88   89   92   97  104  114  126  142  160  178  197
  216  237  260  284  307  328  348  368  385  400  412  423  434  444  453  460
  466  472  479  484  484  479  470  458  446  435  423  410  399  387  373  355
  330  302  274  247  229  211  204  201  192                                   
    12.5-180.0 180.0   5.0 450.0                            LAT/LON1/LON2/DLON/H
  204  198  193  183  176  169  164  158  150  142  133  125  117  110  104   99
   95   91   88   87   86   86   87   90   96  105  116  130  147  166  186  206
  227  249  273  297  320  341  360  379  395  408  420  431  442  453  460  464
  466  467  469  469  466  459  450  441  433  425  417  408  400  392  382  367
  345  318  291  263  243  223  214  209  204                                   
    10.0-180.0 180.0   5.0 450.0                            LAT/LON1/LON2/DLON/H
  214  209  204  192  184  175  169  163  156  148  140  131  123  115  108  103
   98   93   90   86   84   82   82   85   93  105  118  134  152  172  194  215
  237  260  284  307  329  349  367  384  399  411  422  434  445  456  463  465
  465  463  461  457  452  444  436  430  426  422  418  412  405  397  388  375
  355  331  305  278  256  233  222  214  214                                   
     7.5-180.0 180.0   5.0 450.0                            LAT/LON1/LON2/DLON/H
  221  217  210  196  187  175  168  162  155  148  141  134  126  118  111  106
  101   96   91   85   80   77   76   81   91  105  121  138  157  179  201  224
