data/edconvlstm_nd/pred2030.15i
     1.0            IONOSPHERE MAPS     GNSS                IONEX VERSION / TYPE
pyspatialgeodesy        IME             05-JAN-18 20:20     PGM / RUN BY / DATE 
Map Name                                                    COMMENT             
Predicted global ionosphere maps (GIM).                     DESCRIPTION         
  2015     7    22     0     0     0                        EPOCH OF FIRST MAP  
  2015     7    23     0     0     0                        EPOCH OF LAST MAP   
  7200                                                      INTERVAL            
    13                                                      # OF MAPS IN FILE   
  NONE                                                      MAPPING FUNCTION    
10.0                                                        ELEVATION CUTOFF    
One-way carrier phase leveled to code                       OBSERVABLES USED    
  6371.0                                                    BASE RADIUS         
 2                                                          MAP DIMENSION       
   450.0 450.0   0.0                                        HGT1 / HGT2 / DHGT  
    87.5 -87.5  -2.5                                        LAT1 / LAT2 / DLAT  
  -180.0 180.0   5.0                                        LON1 / LON2 / DLON  
    -1                                                      EXPONENT            
                                                            END OF HEADER       
[from data line 2145]
     6                                                      START OF TEC MAP    
  2015     7    22    10     0     0                        EPOCH OF CURRENT MAP
    87.5-180.0 180.0   5.0 450.0                            LAT/LON1/LON2/DLON/H
  126  128  125  129  131  131  129  127  129  130  130  131  131  131  131  131
  131  131  131  131  130  130  130  129  129  128  128  128  127  127  127  127
  126  126  126  126  125  125  125  124  124  124  124  123  123  123  123  123
  123  123  122  122  122  122  122  122  121  121  121  121  121  121  121  121
  121  123  122  120  125  122  130  129  126                                   
    85.0-180.0 180.0   5.0 450.0                            LAT/LON1/LON2/DLON/H
  124  128  135  131  132  135  135  136  137  138  138  139  139  139  139  139
  139  139  138  138  137  137  136  136  135  135  135  134  134  134  134  134
  133  133  133  133  132  132  131  131  130  130  130  129  129  129  129  129
  129  129  128  128  128  128  128  128  128  128  128  128  128  128  127  128
  129  130  126  124  121  121  126  129  124                                   
    82.5-180.0 180.0   5.0 450.0                            LAT/LON1/LON2/DLON/H
  118  129  131  127  128  131  132  133  135  136  136  137  137  137  137  137
  137  136  136  135  134  134  133  132  132  132  132  132  132  132  133  133
  133  133  133  133  133  132  132  131  131  130  130  130  130  130  130  130
  130  130  129  129  129  129  129  128  128  128  127  127  127  126  125  125
  126  126  122  122  120  123  120  115  118                                   
    80.0-180.0 180.0   5.0 450.0                            LAT/LON1/LON2/DLON/H
  116  122  125  125  126  126  128  130  132  133  133  134  134  134  134  133
  133  132  131  130  129  128  127  127  126  126  126  127  128  129  131  132
  133  134  134  134  134  134  134  133  133  133  133  133  133  133  134  134
  134  134  134  133  133  133  132  132  131  131  130  129  128  127  126  126
  125  124  121  120  117  120  124  115  116                                   
    77.5-180.0 180.0   5.0 450.0                            LAT/LON1/LON2/DLON/H
  118  120  122  123  123  125  126  128  130  131  130  131  131  131  130  130
  129  129  128  127  125  124  123  122  122  122  123  125  127  129  132  135
  137  139  141  142  143  143  143  143  143  143  143  144  145  146  146  147
  147  147  147  146  146  145  144  143  142  141  140  139  137  136  134  132
  130  128  123  122  121  118  119  119  118                                   
    75.0-180.0 180.0   5.0 450.0                            LAT/LON1/LON2/DLON/H
  112  116  112  116  117  120  121  122  124  125  124  124  124  123  123  123
  122  122  121  120  118  117  116  115  114  115  116  119  122  127  131  136
  140  143  146  148  150  150  151  151  151  152  153  155  156  157  158  159
  159  158  158  157  156  155  154  152  151  150  149  148  146  144  142  140
  137  133  128  122  121  118  120  114  112                                   
    72.5-180.0 180.0   5.0 450.0                            LAT/LON1/LON2/DLON/H
  109  112  108  112  113  116  117  118  119  120  118  118  118  118  118  118
  118  118  117  116  115  113  111  110  109  110  112  115  120  126  132  138
  144  149  154  156  158  160  160  161  162  164  166  168  170  171  172  173
  172  171  170  168  166  164  163  161  161  160  159  158  157  155  153  151
  148  143  137  131  125  122  120  117  109                                   
    70.0-180.0 180.0   5.0 450.0                            LAT/LON1/LON2/DLON/H
  110  109  105  107  107  108  109  110  111  111  109  109  109  109  109  110
  111  111  111  110  109  107  104  103  102  102  105  109  115  122  130  138
  146  152  157  161  163  165  166  168  170  172  175  177  180  181  182  182
  180  177  174  171  168  165  164  163  162  162  162  163  163  162  161  159
  156  152  146  139  132  127  126  121  110                                   
    67.5-180.0 180.0   5.0 450.0                            LAT/LON1/LON2/DLON/H
  111  109  104  105  104  104  104  104  104  104  103  103  103  103  104  105
  107  108  108  107  105  103  100   98   97   98  100  105  112  120  129  138
  147  154  160  164  167  169  171  173  176  179  182  186  189  190  190  188
  185  180  175  170  166  163  160  160  160  161  163  164  166  166  166  166
  165  161  155  148  139  134  130  125  111                                   
    65.0-180.0 180.0   5.0 450.0                            LAT/LON1/LON2/DLON/H
  115  112  105  105  102  100   99   99   99   98   97   97   97   98  100  102
  103  105  105  104  102  100   97   95   94   96   99  104  112  121  131  141
  150  157  163  168  172  174  177  180  184  188  192  196  199  200  198  194
  189  182  175  168  163  159  157  156  157  160  162  165  168  170  171  172
  172  170  165  159  151  145  141  134  115                                   
    62.5-180.0 180.0   5.0 450.0                            LAT/LON1/LON2/DLON/H
  121  117  109  106  101   98   96   94   94   93   91   92   93   94   96   98
   99  101  101  100   98   96   94   93   93   95   99  106  114  124  134  144
  153  160  167  171  175  179  182  186  191  197  202  206  208  208  205  199
  191  183  174  166  160  155  153  153  155  158  161  165  168  171  173  175
  176  176  173  168  161  156  151  144  121                                   
    60.0-180.0 180.0   5.0 450.0                            LAT/LON1/LON2/DLON/H
  128  123  114  109  101   97   93   90   88   87   85   86   86   88   90   92
   93   94   94   93   92   90   89   89   91   95  101  109  118  128  138  148
  156  163  170  175  179  184  188  194  200  206  212  216  217  216  211  204
  194  184  174  166  159  155  153  153  155  158  161  164  167  169  171  174
  176  177  176  173  168  164  160  152  128                                   
    57.5-180.0 180.0   5.0 450.0                            LAT/LON1/LON2/DLON/H
  135  129  120  113  104   99   93   88   85   82   80   80   80   81   83   84
   86   86   86   85   84   84   84   86   90   97  105  114  125  135  145  154
  162  168  174  180  185  191  197  203  210  217  223  227  228  225  219  210
  200  189  180  171  165  161  159  159  161  163  165  167  168  169  170  172
  174  177  177  176  173  170  167  160  135                                   
    55.0-180.0 180.0   5.0 450.0                            LAT/LON1/LON2/DLON/H
  142  136  127  119  109  102   95   88   83   79   75   74   74   74   75   76
   76   77   77   76   76   77   80   84   90   99  109  120  132  142  152  160
  167  174  180  186  192  199  206  213  221  228  234  237  237  234  227  218
  208  198  189  181  176  172  170  170  171  172  172  172  170  169  168  169
  171  174  175  175  174  173  171  164  142                                   
    52.5-180.0 180.0   5.0 450.0                            LAT/LON1/LON2/DLON/H
  148  142  134  127  116  108   99   91   84   78   73   71   69   68   68   68
   68   68   68   69   70   73   77   83   91  101  113  126  138  149  159  167
  173  180  186  193  200  207  215  224  232  239  244  247  246  242  235  227
  218  209  201  194  189  186  184  183  182  182  181  178  175  171  168  167
  169  171  173  173  173  173  171  165  148                                   
    50.0-180.0 180.0   5.0 450.0                            LAT/LON1/LON2/DLON/H
  152  148  140  134  124  115  106   97   89   82   75   71   67   65   63   62
   62   62   62   64   67   71   77   84   94  105  118  131  144  155  165  172
  179  186  192  200  208  216  225  233  241  248  253  255  254  250  244  236
  229  221  215  209  204  200  197  195  194  192  189  185  180  174  170  168
  168  170  172  172  172  172  170  165  152                                   
    47.5-180.0 180.0   5.0 450.0                            LAT/LON1/LON2/DLON/H
  154  151  144  140  131  123  115  105   97   89   81   76   70   65   62   60
   59   59   61   63   68   73   80   88   98  110  122  136  148  160  169  177
  185  191  199  207  215  224  233  242  249  256  260  262  261  258  252  246
  240  234  229  223  217  212  208  205  202  200  196  192  185  179  174  172
  172  173  173  173  171  170  168  163  154                                   
    45.0-180.0 180.0   5.0 450.0                            LAT/LON1/LON2/DLON/H
  153  152  146  143  136  130  123  114  107   99   91   84   77   71   65   62
   60   61   63   67   72   79   87   95  104  115  127  140  152  164  174  182
  190  197  205  214  222  232  241  249  257  263  267  268  268  265  261  257
  252  247  241  235  227  221  215  210  207  205  201  197  191  185  180  179
  178  178  178  175  172  169  166  161  153                                   
    42.5-180.0 180.0   5.0 450.0                            LAT/LON1/LON2/DLON/H
  151  150  145  143  138  133  128  121  116  110  103   96   88   80   73   68
   66   66   68   73   79   87   95  103  112  121  132  144  156  168  178  187
  196  204  212  220  229  239  248  257  264  270  274  276  275  274  271  268
  264  259  253  245  236  227  219  214  211  208  205  201  196  191  188  187
  187  186  184  180  175  169  165  159  151                                   
    40.0-180.0 180.0   5.0 450.0                            LAT/LON1/LON2/DLON/H
  147  146  141  139  135  131  128  125  122  119  114  108  100   91   83   77
   74   73   76   80   87   95  103  111  119  127  137  148  160  171  182  193
  202  211  219  228  237  246  256  265  273  279  283  285  285  285  283  281
  278  273  265  256  245  234  225  219  216  213  210  207  202  199  196  196
  196  195  192  186  178  171  166  158  147                                   
    37.5-180.0 180.0   5.0 450.0                            LAT/LON1/LON2/DLON/H
  144  142  136  132  128  125  124  123  124  124  122  118  111  102   94   87
   82   81   82   86   93  101  110  117  125  132  142  152  164  176  187  198
  209  218  227  235  245  255  265  275  284  290  294  297  298  298  298  296
  294  288  280  270  258  247  237  230  226  223  219  215  211  207  205  205
  204  203  199  192  183  174  168  159  144                                   
    35.0-180.0 180.0   5.0 450.0                            LAT/LON1/LON2/DLON/H
  144  139  131  126  121  118  118  118  122  124  126  124  119  111  103   95
   90   87   87   90   96  104  113  121  128  136  145  156  168  180  192  204
  215  225  235  244  253  264  275  286  296  303  308  311  313  314  314  314
  312  307  300  290  278  267  257  250  244  239  234  227  221  216  213  212
  211  209  204  196  186  177  172  162  144                                   
    32.5-180.0 180.0   5.0 450.0                            LAT/LON1/LON2/DLON/H
  147  139  130  122  116  111  111  112  117  121  125  126  123  116  108  100
   94   90   88   90   95  103  112  122  130  138  148  159  172  184  197  209
  221  232  242  252  262  273  286  298  309  317  322  326  328  330  331  332
  332  329  324  315  305  295  286  278  270  262  254  244  235  227  222  219
  216  213  207  199  190  181  176  166  147                                   
    30.0-180.0 180.0   5.0 450.0                            LAT/LON1/LON2/DLON/H
  154  143  133  123  115  110  108  108  112  117  122  124  123  117  110  102
   95   90   86   87   91   99  110  120  130  139  149  161  174  186  199  212
  224  237  248  258  269  282  295  309  320  329  335  338  341  344  347  350
  352  352  349  344  337  329  321  311  301  290  278  264  251  240  231  224
  218  214  208  200  192  184  181  171  154                                   
    27.5-180.0 180.0   5.0 450.0                            LAT/LON1/LON2/DLON/H
  163  150  141  130  121  114  110  108  111  114  118  121  120  115  109  101
   94   87   83   82   86   95  106  117  128  138  149  161  174  186  199  212
  225  239  251  263  275  288  302  316  328  337  343  346  350  354  358  364
  369  373  374  373  370  364  356  345  333  318  301  284  268  252  239  229
  220  214  208  200  194  187  185  176  163                                   
    25.0-180.0 180.0   5.0 450.0                            LAT/LON1/LON2/DLON/H
  173  159  151  141  131  123  118  114  113  115  117  118  117  112  106   98
   91   84   79   78   81   90  102  115  126  137  148  160  172  184  196  209
  223  238  251  264  278  292  306  319  331  339  345  349  353  358  365  373
  381  389  394  397  396  392  385  373  358  340  321  302  283  265  248  235
  223  215  208  201  196  190  188  181  173                                   
    22.5-180.0 180.0   5.0 450.0                            LAT/LON1/LON2/DLON/H
  181  168  162  154  144  136  130  124  121  119  119  118  115  110  103   96
   88   81   76   75   78   87  100  113  124  135  145  156  168  179  191  204
  219  234  249  264  278  292  306  319  329  337  343  347  352  358  367  377
  388  398  406  411  413  410  402  389  372  354  334  315  295  276  258  242
  228  219  211  203  198  192  189  184  181                                   
    20.0-180.0 180.0   5.0 450.0                            LAT/LON1/LON2/DLON/H
  184  173  169  164  156  148  142  135  130  126  123  120  115  109  102   94
   86   79   74   73   77   86   99  111  123  133  142  152  162  173  185  198
  213  230  247  263  278  292  306  317  326  333  338  342  348  355  365  377
  389  401  410  416  418  414  405  391  375  357  339  322  305  287  268  251
  236  226  217  209  202  193  189  184  184                                   
    17.5-180.0 180.0   5.0 450.0                            LAT/LON1/LON2/DLON/H
  182  173  171  168  162  155  150  144  139  134  128  123  117  110  102   93
   86   79   74   73   77   86   98  111  121  130  138  147  157  167  179  193
  210  227  245  263  279  294  306  316  324  329  334  339  345  353  363  376
  388  399  407  412  412  406  396  382  367  351  337  324  311  296  279  263
  248  237  226  216  206  194  188  182  182                                   
    15.0-180.0 180.0   5.0 450.0                            LAT/LON1/LON2/DLON/H
  175  167  166  164  160  154  151  147  143  138  132  126  119  111  103   94
   86   80   76   75   78   86   97  109  119  127  135  143  153  163  176  191
  208  227  247  265  283  298  310  320  326  331  335  339  345  354  364  375
  386  394  400  402  399  392  380  367  354  342  332  324  315  304  290  275
  261  250  238  225  212  194  184  178  175                                   
    12.5-180.0 180.0   5.0 450.0                            LAT/LON1/LON2/DLON/H
  165  158  157  154  150  144  143  141  140  136  131  126  119  111  103   95
   87   81   77   76   78   85   95  106  116  124  131  140  150  162  176  192
  210  230  251  271  290  306  319  328  334  338  342  346  352  359  368  377
  385  391  393  392  386  376  364  352  341  333  327  323  318  310  299  286
  273  262  248  233  216  193  180  172  165                                   
    10.0-180.0 180.0   5.0 450.0                            LAT/LON1/LON2/DLON/H
  157  148  145  140  136  129  128  129  130  128  125  121  116  109  103   95
   88   82   79   77   78   83   92  102  112  121  129  138  150  163  178  195
  214  235  257  278  299  317  331  341  347  351  355  358  363  369  376  383
  388  390  389  385  377  366  353  342  333  327  324  322  318  312  303  293
  281  270  256  239  218  191  176  166  157                                   
     7.5-180.0 180.0   5.0 450.0                            LAT/LON1/LON2/DLON/H
  152  141  136  128  121  113  112  113  115  115  114  111  108  104  100   94
   88   83   80   77   77   80   87   97  108  117  127  138  150  165  181  199
