data/edconvlstm_nd/pred0950.15i
     1.0            IONOSPHERE MAPS     GNSS                IONEX VERSION / TYPE
pyspatialgeodesy        IME             05-JAN-18 20:20     PGM / RUN BY / DATE 
Map Name                                                    COMMENT             
Predicted global ionosphere maps (GIM).                     DESCRIPTION         
  2015     4     5     0     0     0                        EPOCH OF FIRST MAP  
  2015     4     6     0     0     0                        EPOCH OF LAST MAP   
  7200                                                      INTERVAL            
    13                                                      # OF MAPS IN FILE   
  NONE                                                      MAPPING FUNCTION    
10.0                                                        ELEVATION CUTOFF    
One-way carrier phase leveled to code                       OBSERVABLES USED    
  6371.0                                                    BASE RADIUS         
 2                                                          MAP DIMENSION       
   450.0 450.0   0.0                                        HGT1 / HGT2 / DHGT  
    87.5 -87.5  -2.5                                        LAT1 / LAT2 / DLAT  
  -180.0 180.0   5.0                                        LON1 / LON2 / DLON  
    -1                                                      EXPONENT            
                                                            END OF HEADER       
[from data line 3003]
     8                                                      START OF TEC MAP    
  2015     4     5    14     0     0                        EPOCH OF CURRENT MAP
    87.5-180.0 180.0   5.0 450.0                            LAT/LON1/LON2/DLON/H
  181  185  181  190  194  197  198  199  201  203  204  205  205  206  206  206
  205  205  205  204  204  203  203  203  202  202  202  201  201  200  200  199
  198  197  196  195  194  192  191  189  188  186  185  183  182  180  179  178
  177  176  175  174  173  173  172  172  172  172  172  172  172  173  173  174
  174  175  174  174  180  180  184  184  181                                   
    85.0-180.0 180.0   5.0 450.0                            LAT/LON1/LON2/DLON/H
  169  178  191  190  192  200  203  206  209  211  212  213  213  213  213  213
  212  211  211  210  209  209  208  208  208  208  207  207  207  207  206  205
  205  203  202  201  199  197  196  194  192  190  188  186  184  183  181  180
  178  177  176  175  174  174  173  173  173  172  172  172  173  173  173  174
  176  177  175  174  175  173  177  182  169                                   
    82.5-180.0 180.0   5.0 450.0                            LAT/LON1/LON2/DLON/H
  148  168  175  176  181  192  197  202  205  208  210  211  212  212  211  210
  209  208  207  206  206  206  206  206  206  207  207  208  208  208  207  207
  205  204  202  200  198  195  192  189  186  183  180  178  175  173  171  169
  167  165  164  163  162  161  160  160  159  159  158  158  158  158  158  158
  158  159  156  159  158  164  162  156  148                                   
    80.0-180.0 180.0   5.0 450.0                            LAT/LON1/LON2/DLON/H
  132  147  157  160  165  174  181  189  194  198  201  203  203  203  202  201
  199  198  196  196  195  195  196  197  199  200  202  203  204  205  205  205
  204  203  201  198  195  192  189  185  182  179  176  173  170  168  165  163
  162  160  159  157  156  155  154  153  152  151  150  149  148  147  146  145
  145  144  141  143  139  139  140  136  132                                   
    77.5-180.0 180.0   5.0 450.0                            LAT/LON1/LON2/DLON/H
  121  126  135  138  144  153  160  168  174  179  182  185  186  186  185  183
  182  181  180  180  181  183  185  188  191  194  198  200  203  205  206  206
  206  205  203  200  197  193  190  186  182  179  176  173  171  168  166  164
  162  161  159  157  155  154  152  150  149  147  145  143  141  139  137  134
  131  129  125  125  125  120  120  122  121                                   
    75.0-180.0 180.0   5.0 450.0                            LAT/LON1/LON2/DLON/H
  106  112  115  120  125  135  141  149  156  161  165  167  168  168  168  166
  166  166  167  169  172  176  180  185  190  195  199  203  207  209  211  212
  212  211  209  206  203  200  196  193  190  187  184  182  180  178  176  174
  172  170  168  165  162  160  157  154  152  150  147  145  142  139  136  133
  128  124  120  116  115  110  110  104  106                                   
    72.5-180.0 180.0   5.0 450.0                            LAT/LON1/LON2/DLON/H
   97  101  102  107  110  119  126  133  139  144  148  151  152  153  153  153
  154  156  159  164  170  177  184  190  196  202  206  210  214  217  219  220
  220  219  217  215  212  209  206  204  201  199  198  196  195  193  191  189
  186  183  179  175  171  166  162  158  155  151  149  146  143  140  136  133
  128  123  118  112  109  105  105  103   97                                   
    70.0-180.0 180.0   5.0 450.0                            LAT/LON1/LON2/DLON/H
   94   95   95  100  102  109  114  120  126  131  134  137  139  140  141  143
  146  151  158  166  175  185  194  201  208  213  216  220  222  224  226  227
  227  227  225  223  221  218  216  214  213  212  212  211  210  209  207  204
  200  195  190  183  176  170  163  158  153  149  146  143  141  138  135  132
  127  122  118  112  108  105  106  104   94                                   
    67.5-180.0 180.0   5.0 450.0                            LAT/LON1/LON2/DLON/H
   91   94   94   98  100  106  110  115  120  124  128  131  133  136  139  142
  148  156  166  177  189  201  210  218  223  226  228  229  230  231  232  233
  234  233  232  231  229  227  226  225  225  225  226  226  225  224  222  218
  212  206  198  189  180  170  162  154  148  144  140  137  135  133  131  129
  125  121  117  112  107  105  106  104   91                                   
    65.0-180.0 180.0   5.0 450.0                            LAT/LON1/LON2/DLON/H
   87   91   90   95   96  101  105  109  113  117  120  124  128  131  136  142
  150  161  174  188  202  215  225  232  235  235  234  233  233  233  234  236
  236  237  236  235  234  233  233  233  234  235  236  236  235  234  230  225
  218  209  199  188  176  164  154  145  137  132  127  124  122  120  118  117
  114  112  110  106  103  103  104  102   87                                   
    62.5-180.0 180.0   5.0 450.0                            LAT/LON1/LON2/DLON/H
   80   84   85   90   91   96  100  104  108  112  115  120  124  130  136  144
  154  167  182  198  214  227  236  241  242  240  236  234  232  233  234  236
  238  239  239  238  237  237  238  239  240  241  242  242  241  239  234  228
  219  209  197  184  171  158  146  135  127  120  115  111  108  105  103  102
  100   99   98   96   94   95   96   95   80                                   
    60.0-180.0 180.0   5.0 450.0                            LAT/LON1/LON2/DLON/H
   72   76   77   81   84   89   93   97  101  105  109  115  121  128  136  145
  157  171  188  205  221  235  243  246  245  241  236  233  232  233  236  239
  241  243  243  243  242  243  244  245  246  248  248  248  246  243  237  230
  221  210  197  184  170  156  143  132  123  116  109  104  100   95   92   89
   87   85   85   84   84   85   86   85   72                                   
    57.5-180.0 180.0   5.0 450.0                            LAT/LON1/LON2/DLON/H
   66   67   69   73   76   81   86   90   94   99  104  111  118  126  136  147
  160  175  192  210  226  239  247  250  248  243  238  236  236  239  244  248
  251  253  253  252  252  253  254  255  256  257  257  256  253  249  244  236
  227  217  205  192  178  164  152  140  131  122  115  109  102   95   90   85
   81   79   79   79   79   79   79   78   66                                   
    55.0-180.0 180.0   5.0 450.0                            LAT/LON1/LON2/DLON/H
   64   63   65   67   70   76   81   85   89   94  100  108  116  126  137  149
  163  179  196  214  230  243  252  255  254  250  248  247  250  255  261  265
  268  269  268  268  267  267  268  269  270  269  268  267  264  260  254  248
  240  230  220  208  195  182  169  158  149  140  132  125  116  108  100   93
   88   85   83   83   82   81   80   77   64                                   
    52.5-180.0 180.0   5.0 450.0                            LAT/LON1/LON2/DLON/H
   71   68   68   69   71   77   81   85   89   93  100  108  117  128  140  153
  168  185  203  220  237  251  261  266  267  267  267  269  273  280  286  290
  291  291  289  288  287  287  287  287  286  285  283  280  277  273  269  264
  257  250  240  229  217  204  192  181  172  164  157  149  140  131  122  114
  106  102  100   99   97   94   91   86   71                                   
    50.0-180.0 180.0   5.0 450.0                            LAT/LON1/LON2/DLON/H
   88   82   80   78   79   85   89   90   94   98  104  112  122  134  147  162
  179  196  214  232  248  263  275  284  289  292  295  300  306  312  317  319
  318  316  313  311  310  310  309  307  305  301  298  295  292  289  286  281
  276  270  262  251  239  226  213  202  193  186  180  173  165  157  149  141
  134  130  126  125  121  118  113  105   88                                   
    47.5-180.0 180.0   5.0 450.0                            LAT/LON1/LON2/DLON/H
  111  104  100   96   95   99  102  102  105  109  114  122  132  144  159  176
  194  212  230  247  264  281  295  308  317  325  331  337  342  347  349  349
  346  342  339  337  336  335  333  329  323  318  313  309  306  304  301  297
  293  287  278  267  254  239  225  213  204  198  193  188  183  177  172  167
  161  159  155  154  151  147  142  132  111                                   
    45.0-180.0 180.0   5.0 450.0                            LAT/LON1/LON2/DLON/H
  137  132  124  119  116  118  119  118  120  123  128  136  145  158  174  193
  213  232  250  267  284  301  318  334  348  359  367  373  378  380  380  377
  372  368  366  365  365  363  359  351  342  334  327  322  319  317  314  310
  304  297  287  274  258  240  223  210  201  195  191  188  186  183  182  181
  180  180  178  178  177  175  170  160  137                                   
    42.5-180.0 180.0   5.0 450.0                            LAT/LON1/LON2/DLON/H
  159  157  148  143  139  138  137  135  136  140  145  152  162  175  193  213
  234  254  271  287  303  320  339  358  375  389  399  405  408  408  406  403
  399  397  397  399  399  396  388  376  363  351  342  336  332  328  324  318
  311  302  290  274  254  233  213  197  186  180  176  174  174  174  177  180
  182  185  186  189  190  191  187  178  159                                   
    40.0-180.0 180.0   5.0 450.0                            LAT/LON1/LON2/DLON/H
  171  173  165  162  158  154  152  150  151  155  161  169  179  193  211  233
  255  275  291  305  320  336  356  377  396  411  421  427  430  430  430  430
  430  433  438  442  443  438  426  409  391  375  362  354  348  342  336  328
  319  307  293  274  252  228  205  186  173  164  159  157  156  157  162  168
  172  177  179  182  186  190  189  180  171                                   
    37.5-180.0 180.0   5.0 450.0                            LAT/LON1/LON2/DLON/H
  172  178  171  171  169  163  161  159  161  167  174  183  195  210  229  251
  273  293  308  320  333  348  367  388  408  424  434  441  446  450  455  462
  471  482  493  501  503  495  478  455  430  408  392  380  372  364  356  346
  335  322  307  287  263  237  212  190  174  163  156  150  147  147  150  155
  159  163  164  165  170  174  177  168  172                                   
    35.0-180.0 180.0   5.0 450.0                            LAT/LON1/LON2/DLON/H
  165  173  168  169  170  163  162  161  164  172  181  193  207  223  243  266
  288  307  321  332  343  357  375  395  414  430  442  451  461  472  487  505
  525  547  566  579  581  570  547  516  484  457  436  420  409  399  389  378
  367  355  341  322  300  273  247  223  205  190  179  169  161  156  154  156
  155  155  152  148  152  154  159  149  165                                   
    32.5-180.0 180.0   5.0 450.0                            LAT/LON1/LON2/DLON/H
  155  162  157  162  163  156  156  155  161  170  182  197  213  232  254  277
  299  317  330  341  352  365  382  401  419  435  449  464  482  504  531  563
  597  630  658  674  676  660  631  593  554  521  495  477  463  452  442  432
  422  413  402  387  368  344  318  293  272  254  238  222  207  194  186  180
  173  166  156  145  145  141  146  133  155                                   
    30.0-180.0 180.0   5.0 450.0                            LAT/LON1/LON2/DLON/H
  148  152  146  153  154  147  147  147  152  163  177  194  214  235  259  283
  305  324  338  350  362  376  391  409  426  443  462  485  513  548  590  636
  683  727  760  778  778  757  722  678  635  598  569  549  534  522  513  506
  500  496  491  482  468  448  425  400  376  355  333  310  287  265  247  232
  217  202  183  165  159  147  146  128  148                                   
    27.5-180.0 180.0   5.0 450.0                            LAT/LON1/LON2/DLON/H
  149  149  139  148  149  142  141  139  143  153  167  186  208  233  259  284
  308  328  345  360  375  390  405  421  439  459  484  516  557  605  660  719
  776  825  860  876  870  845  806  761  717  679  650  629  614  604  597  594
  593  594  595  593  585  571  551  528  504  480  454  425  394  363  335  310
  285  262  234  208  194  175  164  139  149                                   
    25.0-180.0 180.0   5.0 450.0                            LAT/LON1/LON2/DLON/H
  162  157  141  149  150  143  141  136  137  144  156  175  199  226  255  283
  308  331  352  372  390  407  423  440  458  483  515  557  609  669  734  800
  860  909  939  947  935  907  868  827  787  753  726  707  694  686  682  682
  685  690  694  695  691  680  664  644  621  598  572  541  507  470  436  403
  371  341  304  271  247  221  200  166  162                                   
    22.5-180.0 180.0   5.0 450.0                            LAT/LON1/LON2/DLON/H
  184  175  153  157  158  150  147  140  136  138  147  164  188  217  248  279
  307  334  360  385  407  427  444  461  483  512  552  603  664  730  799  864
  920  961  981  980  962  933  899  866  835  809  788  773  763  757  755  757
  761  765  766  764  757  746  731  712  693  673  651  625  593  557  522  487
  452  421  380  342  309  277  248  204  184                                   
    20.0-180.0 180.0   5.0 450.0                            LAT/LON1/LON2/DLON/H
  211  201  175  171  171  163  159  148  140  137  141  155  178  209  242  275
  306  337  368  398  424  446  464  483  508  542  589  646  711  778  843  900
  944  971  979  968  946  921  897  876  858  842  829  820  813  809  808  808
  808  806  798  786  771  754  736  717  700  686  672  656  633  605  575  542
  510  481  443  405  367  330  297  248  211                                   
    17.5-180.0 180.0   5.0 450.0                            LAT/LON1/LON2/DLON/H
  235  225  199  189  186  178  172  159  147  140  139  150  171  202  237  273
  308  342  377  410  439  462  481  502  530  570  621  681  745  805  859  901
  929  940  936  919  899  881  869  863  859  855  851  846  841  838  834  831
  824  810  789  762  733  706  683  664  650  643  639  635  625  609  588  562
  535  512  480  445  408  368  334  287  235                                   
    15.0-180.0 180.0   5.0 450.0                            LAT/LON1/LON2/DLON/H
  250  241  219  205  198  189  184  169  155  144  140  148  168  199  235  273
  311  349  386  422  451  474  494  517  549  592  646  705  762  812  849  873
  883  881  869  852  838  831  832  840  848  853  855  853  848  843  835  825
  809  782  745  701  658  622  595  577  567  567  573  580  582  577  566  549
  529  513  489  459  425  384  351  310  250                                   
    12.5-180.0 180.0   5.0 450.0                            LAT/LON1/LON2/DLON/H
  254  244  228  213  203  194  189  175  161  149  144  150  169  199  236  275
  316  356  395  431  460  482  503  528  564  611  665  720  767  802  823  830
  827  817  803  791  786  790  803  820  835  845  848  846  839  829  816  799
  773  735  683  626  572  530  503  487  482  487  499  513  523  526  522  512
  499  488  472  446  418  379  347  312  254                                   
    10.0-180.0 180.0   5.0 450.0                            LAT/LON1/LON2/DLON/H
  248  236  225  210  200  191  187  175  162  152  148  154  173  202  239  280
  322  364  403  437  465  487  509  538  578  628  681  729  766  788  795  791
  781  769  759  754  758  771  791  813  830  839  839  832  820  805  787  764
  731  685  626  561  502  460  434  422  420  427  440  456  469  474  472  464
  455  447  435  414  390  355  326  295  248                                   
     7.5-180.0 180.0   5.0 450.0                            LAT/LON1/LON2/DLON/H
  235  222  213  200  190  181  178  169  160  153  152  159  178  208  245  287
  329  371  409  442  468  491  516  549  593  645  695  737  765  778  778  770
