data/edconvlstm_nd/pred1740.15i
     1.0            IONOSPHERE MAPS     GNSS                IONEX VERSION / TYPE
pyspatialgeodesy        IME             05-JAN-18 20:20     PGM / RUN BY / DATE 
Map Name                                                    COMMENT             
Predicted global ionosphere maps (GIM).                     DESCRIPTION         
  2015     6    23     0     0     0                        EPOCH OF FIRST MAP  
  2015     6    24     0     0     0                        EPOCH OF LAST MAP   
  7200                                                      INTERVAL            
    13                                                      # OF MAPS IN FILE   
  NONE                                                      MAPPING FUNCTION    
10.0                                                        ELEVATION CUTOFF    
One-way carrier phase leveled to code                       OBSERVABLES USED    
  6371.0                                                    BASE RADIUS         
 2                                                          MAP DIMENSION       
   450.0 450.0   0.0                                        HGT1 / HGT2 / DHGT  
    87.5 -87.5  -2.5                                        LAT1 / LAT2 / DLAT  
  -180.0 180.0   5.0                                        LON1 / LON2 / DLON  
    -1                                                      EXPONENT            
                                                            END OF HEADER       
[from data line 3003]
     8                                                      START OF TEC MAP    
  2015     6    23    14     0     0                        EPOCH OF CURRENT MAP
    87.5-180.0 180.0   5.0 450.0                            LAT/LON1/LON2/DLON/H
  162  158  149  152  155  155  154  152  153  154  153  154  154  154  155  155
  155  156  156  156  157  157  158  158  158  159  159  160  160  161  161  162
  162  163  163  164  164  164  165  165  165  165  166  166  166  167  167  167
  167  168  168  168  168  168  167  167  167  166  166  165  164  164  163  162
  160  160  157  155  160  155  159  161  162                                   
    85.0-180.0 180.0   5.0 450.0                            LAT/LON1/LON2/DLON/H
  152  152  158  153  153  157  156  157  158  158  158  159  159  160  161  161
  162  162  163  163  164  164  165  165  165  166  166  167  167  167  168  168
  169  169  169  169  169  169  169  169  170  170  170  170  171  171  172  173
  173  174  174  175  175  175  175  175  175  174  174  173  172  171  170  168
  168  167  162  159  157  148  151  155  152                                   
    82.5-180.0 180.0   5.0 450.0                            LAT/LON1/LON2/DLON/H
  133  145  144  141  142  148  149  150  151  152  153  154  155  156  157  158
  159  161  162  163  164  164  165  166  167  167  168  169  169  170  170  171
  171  171  171  170  170  169  169  168  168  168  168  168  169  170  171  172
  173  174  175  176  177  177  177  177  177  176  175  173  172  170  168  166
  164  161  155  155  150  150  144  132  133                                   
    80.0-180.0 180.0   5.0 450.0                            LAT/LON1/LON2/DLON/H
  124  131  133  134  134  137  138  141  143  145  146  148  149  151  153  154
  156  157  159  160  161  162  163  163  164  165  165  166  167  168  168  169
  169  169  168  168  167  166  164  163  163  162  162  162  163  164  166  168
  169  171  173  174  175  176  176  176  175  174  172  170  168  165  163  160
  157  154  148  145  138  132  131  123  124                                   
    77.5-180.0 180.0   5.0 450.0                            LAT/LON1/LON2/DLON/H
  125  127  127  129  131  135  136  139  141  143  145  147  149  152  154  156
  159  161  163  164  166  166  167  168  168  169  170  171  172  173  174  175
  175  175  174  173  172  170  168  166  164  163  162  163  163  165  167  169
  171  174  176  177  179  179  179  179  177  176  173  171  168  164  161  157
  153  149  142  139  137  126  123  122  125                                   
    75.0-180.0 180.0   5.0 450.0                            LAT/LON1/LON2/DLON/H
  120  123  119  125  127  133  134  137  140  143  144  147  150  152  155  158
  161  164  166  167  168  169  169  170  170  170  171  172  173  175  177  178
  179  179  179  178  176  173  170  167  164  163  162  162  162  164  166  169
  172  175  177  179  180  180  180  179  177  175  173  170  166  162  159  155
  150  146  139  133  130  121  119  111  120                                   
    72.5-180.0 180.0   5.0 450.0                            LAT/LON1/LON2/DLON/H
  115  120  116  123  125  132  135  138  141  143  144  147  150  153  156  160
  163  166  168  170  170  170  170  170  169  169  170  171  173  175  177  180
  181  183  183  182  180  176  173  169  166  164  162  162  163  165  167  170
  173  176  178  180  180  180  179  178  176  174  171  168  165  161  157  153
  149  144  137  130  126  118  116  111  115                                   
    70.0-180.0 180.0   5.0 450.0                            LAT/LON1/LON2/DLON/H
  115  118  115  123  125  131  134  138  140  143  144  146  149  152  156  159
  163  166  168  169  169  169  168  166  165  165  165  167  169  172  175  179
  182  184  185  184  182  178  175  171  167  164  163  162  163  165  168  171
  173  176  177  178  178  177  176  174  173  170  168  166  163  160  157  154
  149  144  138  131  126  118  117  112  115                                   
    67.5-180.0 180.0   5.0 450.0                            LAT/LON1/LON2/DLON/H
  115  120  118  126  127  134  136  140  142  144  145  147  149  152  156  159
  163  165  167  167  167  166  164  163  162  161  161  163  165  169  173  177
  181  184  186  186  184  181  178  174  171  169  168  168  169  171  173  175
  177  178  179  179  178  177  175  174  172  171  169  168  166  164  161  159
  154  150  143  135  129  120  118  114  115                                   
    65.0-180.0 180.0   5.0 450.0                            LAT/LON1/LON2/DLON/H
  118  123  121  128  129  135  137  140  142  143  144  146  148  151  155  158
  160  162  163  163  163  162  160  159  158  158  159  161  163  167  172  177
  181  185  187  187  186  184  181  178  176  174  174  174  175  177  178  179
  180  180  180  178  177  176  174  173  172  172  171  171  170  169  167  165
  161  157  151  143  137  128  126  121  118                                   
    62.5-180.0 180.0   5.0 450.0                            LAT/LON1/LON2/DLON/H
  121  127  124  130  130  136  137  139  140  142  142  145  147  150  153  155
  157  158  159  158  157  157  157  157  157  158  160  162  165  168  173  177
  182  185  187  188  187  186  184  182  181  181  182  183  184  185  185  185
  184  183  181  179  177  176  175  175  175  175  176  176  176  175  173  171
  167  163  157  150  143  134  132  128  121                                   
    60.0-180.0 180.0   5.0 450.0                            LAT/LON1/LON2/DLON/H
  125  130  127  131  130  135  135  136  137  138  139  142  145  148  150  152
  154  154  153  152  152  153  154  157  160  163  165  168  170  173  176  180
  184  187  189  190  189  188  187  187  188  189  190  192  193  193  192  190
  187  185  182  180  179  178  178  179  180  181  182  182  182  180  178  175
  171  167  161  154  149  139  138  134  125                                   
    57.5-180.0 180.0   5.0 450.0                            LAT/LON1/LON2/DLON/H
  127  132  129  132  129  133  132  132  133  134  135  138  142  145  148  150
  150  149  148  148  148  150  154  160  165  171  175  177  179  181  184  187
  190  192  194  194  193  192  192  193  195  197  199  201  201  200  198  194
  191  188  185  183  182  182  183  184  186  187  188  188  187  184  180  176
  171  167  161  155  151  142  140  138  127                                   
    55.0-180.0 180.0   5.0 450.0                            LAT/LON1/LON2/DLON/H
  128  132  130  132  127  131  129  128  128  129  131  135  139  142  145  147
  147  146  145  144  146  150  156  165  173  181  186  189  190  191  193  195
  197  199  200  200  199  198  198  199  202  205  207  209  208  206  202  198
  194  190  188  186  186  187  189  190  192  193  193  192  189  184  179  173
  167  162  156  151  148  141  140  138  128                                   
    52.5-180.0 180.0   5.0 450.0                            LAT/LON1/LON2/DLON/H
  127  130  130  131  126  129  126  125  125  126  127  131  136  140  143  145
  145  144  143  143  145  151  160  171  182  191  197  200  201  201  202  204
  206  209  210  209  208  206  206  207  209  212  214  215  214  210  206  201
  196  193  191  191  191  193  194  196  197  197  196  193  188  182  175  167
  159  154  148  144  142  136  136  136  127                                   
    50.0-180.0 180.0   5.0 450.0                            LAT/LON1/LON2/DLON/H
  124  128  129  130  125  128  125  123  123  124  126  129  134  138  141  144
  145  144  143  144  147  154  165  177  189  199  206  209  209  209  211  214
  217  221  222  222  220  218  217  217  218  220  221  221  219  215  209  204
  200  197  196  196  197  198  199  200  200  199  196  192  186  179  170  161
  152  145  140  135  134  130  131  131  124                                   
    47.5-180.0 180.0   5.0 450.0                            LAT/LON1/LON2/DLON/H
  120  126  128  130  125  128  126  124  124  125  126  130  133  137  141  144
  146  146  146  147  151  159  170  183  195  206  212  214  215  216  219  223
  229  235  239  240  238  235  233  231  230  230  230  228  225  220  215  210
  206  203  202  202  202  203  203  203  201  198  195  190  184  176  167  158
  148  140  134  130  129  125  126  127  120                                   
    45.0-180.0 180.0   5.0 450.0                            LAT/LON1/LON2/DLON/H
  118  126  128  130  126  129  127  126  126  128  129  132  135  139  143  147
  150  151  152  153  157  164  175  187  200  210  216  219  220  222  227  234
  244  253  260  262  262  259  255  251  248  246  243  239  235  230  224  219
  215  212  210  209  208  208  206  204  200  197  193  189  183  176  169  159
  149  141  134  129  127  124  125  125  118                                   
    42.5-180.0 180.0   5.0 450.0                            LAT/LON1/LON2/DLON/H
  119  127  130  130  127  129  128  128  130  132  134  137  140  143  147  152
  156  159  160  161  164  170  180  191  203  213  219  223  225  229  237  248
  261  274  285  290  291  288  283  278  273  267  262  257  251  245  239  234
  229  224  221  218  215  212  208  204  200  196  192  189  185  180  174  167
  157  148  140  134  131  128  128  126  119                                   
    40.0-180.0 180.0   5.0 450.0                            LAT/LON1/LON2/DLON/H
  123  132  133  131  127  128  128  129  133  137  140  143  146  149  154  160
  165  168  170  170  172  176  184  195  206  216  224  229  233  239  250  264
  282  299  313  322  325  323  318  312  304  296  289  281  273  266  260  253
  247  240  234  228  223  217  212  206  201  196  193  191  190  188  185  179
  170  161  152  146  141  137  135  132  123                                   
    37.5-180.0 180.0   5.0 450.0                            LAT/LON1/LON2/DLON/H
  132  139  138  133  127  126  126  128  134  140  145  149  153  158  163  170
  175  179  180  180  180  183  189  198  209  221  230  238  245  254  267  284
  305  325  343  355  361  361  357  350  341  331  321  311  302  293  285  277
  268  258  249  240  232  225  218  211  205  200  198  197  198  199  198  193
  185  177  167  160  155  150  147  142  132                                   
    35.0-180.0 180.0   5.0 450.0                            LAT/LON1/LON2/DLON/H
  145  149  145  136  127  124  123  125  132  140  148  155  161  167  174  181
  186  190  190  189  188  189  193  202  214  227  240  251  261  273  287  307
  329  352  372  387  396  398  396  389  379  368  356  344  333  322  312  302
  291  278  266  254  244  236  228  221  214  208  206  206  208  210  210  207
  200  192  182  176  170  166  162  155  145                                   
    32.5-180.0 180.0   5.0 450.0                            LAT/LON1/LON2/DLON/H
  160  161  153  141  129  122  119  120  129  139  149  159  168  176  184  192
  197  199  199  197  195  195  199  207  220  236  252  266  280  293  309  329
  352  376  397  414  425  430  429  423  414  402  389  376  363  351  339  327
  313  298  283  270  259  250  242  234  226  219  216  216  218  220  221  218
  211  204  195  190  184  181  177  170  160                                   
    30.0-180.0 180.0   5.0 450.0                            LAT/LON1/LON2/DLON/H
  174  173  161  148  132  123  117  117  125  136  149  162  174  185  194  201
  205  206  206  204  202  201  204  213  226  244  263  282  298  313  330  349
  371  394  415  433  445  451  452  448  440  429  416  402  387  374  361  348
  332  316  299  285  274  266  258  249  240  232  227  225  226  227  227  224
  217  210  201  198  195  193  190  183  174                                   
    27.5-180.0 180.0   5.0 450.0                            LAT/LON1/LON2/DLON/H
  186  184  170  156  138  126  118  115  122  133  147  163  178  191  202  208
  211  211  210  209  208  208  211  219  233  252  273  295  313  330  347  365
  385  406  426  442  453  460  462  460  454  444  432  418  404  390  377  363
  347  330  313  299  289  280  272  263  252  242  235  231  231  230  229  224
  216  210  203  201  200  200  199  194  186                                   
    25.0-180.0 180.0   5.0 450.0                            LAT/LON1/LON2/DLON/H
  192  190  177  165  146  133  123  117  121  131  146  163  180  195  207  212
  214  213  212  212  213  214  217  225  239  258  281  304  325  342  359  376
  394  412  428  441  451  457  459  458  454  447  436  424  410  397  384  371
  356  339  323  309  299  291  282  271  259  247  237  232  229  227  225  219
  211  205  199  198  199  202  202  198  192                                   
    22.5-180.0 180.0   5.0 450.0                            LAT/LON1/LON2/DLON/H
  190  191  180  172  154  142  130  122  123  131  144  161  180  196  208  213
  213  212  212  214  217  220  225  232  245  264  287  310  331  350  366  382
  397  412  424  434  442  446  448  447  445  439  430  420  408  396  385  372
  359  343  327  314  303  293  282  270  255  242  232  226  222  220  217  211
  203  198  192  192  193  197  199  196  190                                   
    20.0-180.0 180.0   5.0 450.0                            LAT/LON1/LON2/DLON/H
  182  186  178  174  161  149  138  128  126  131  142  159  177  194  205  210
  210  210  211  215  221  226  232  240  252  270  291  313  334  353  369  384
  398  409  419  425  429  432  432  431  429  425  418  410  400  389  380  369
  357  342  327  312  299  287  273  258  242  228  219  213  211  209  206  201
  194  190  185  183  184  187  189  188  182                                   
    17.5-180.0 180.0   5.0 450.0                            LAT/LON1/LON2/DLON/H
  167  174  170  171  162  153  143  134  130  131  140  155  172  188  199  204
  205  206  210  216  224  232  240  249  261  277  296  317  337  355  372  386
  398  407  414  418  419  418  417  415  413  409  404  397  389  381  372  363
  352  338  322  306  289  273  255  238  222  209  201  197  197  197  195  192
  187  183  179  176  175  175  176  174  167                                   
    15.0-180.0 180.0   5.0 450.0                            LAT/LON1/LON2/DLON/H
  149  157  157  161  157  151  144  135  131  130  136  149  165  180  191  197
  200  203  209  217  227  237  247  258  271  286  303  321  341  359  375  389
  400  408  412  414  413  410  406  403  400  397  393  387  380  373  366  358
  347  333  315  296  276  255  234  215  199  188  182  181  183  185  186  185
  181  179  175  171  167  163  162  158  149                                   
    12.5-180.0 180.0   5.0 450.0                            LAT/LON1/LON2/DLON/H
  131  139  140  145  145  143  139  132  128  127  131  141  155  170  181  189
  195  201  209  219  230  242  256  269  283  297  312  329  347  364  380  394
  404  412  415  415  413  408  403  398  394  390  386  381  375  368  362  353
  342  327  308  285  261  237  214  194  179  170  166  167  171  174  178  179
  178  176  173  167  160  153  148  142  131                                   
    10.0-180.0 180.0   5.0 450.0                            LAT/LON1/LON2/DLON/H
  117  122  123  127  129  129  128  124  121  120  124  132  145  159  172  183
  192  202  212  222  234  248  264  280  296  310  324  339  355  372  387  400
  411  418  421  421  418  413  406  400  395  391  386  380  374  367  360  350
  338  322  300  276  249  222  198  179  165  158  156  158  162  167  171  174
  175  176  173  166  157  145  137  130  117                                   
     7.5-180.0 180.0   5.0 450.0                            LAT/LON1/LON2/DLON/H
  109  109  108  110  112  112  114  111  111  111  115  123  134  148  163  177
  191  204  216  227  239  254  272  291  309  324  337  350  364  380  394  407
