data/edconvlstm_nd/pred2570.15i
     1.0            IONOSPHERE MAPS     GNSS                IONEX VERSION / TYPE
pyspatialgeodesy        IME             05-JAN-18 20:20     PGM / RUN BY / DATE 
Map Name                                                    COMMENT             
Predicted global ionosphere maps (GIM).                     DESCRIPTION         
  2015     9    14     0     0     0                        EPOCH OF FIRST MAP  
  2015     9    15     0     0     0                        EPOCH OF LAST MAP   
  7200                                                      INTERVAL            
    13                                                      # OF MAPS IN FILE   
  NONE                                                      MAPPING FUNCTION    
10.0                                                        ELEVATION CUTOFF    
One-way carrier phase leveled to code                       OBSERVABLES USED    
  6371.0                                                    BASE RADIUS         
 2                                                          MAP DIMENSION       
   450.0 450.0   0.0                                        HGT1 / HGT2 / DHGT  
    87.5 -87.5  -2.5                                        LAT1 / LAT2 / DLAT  
  -180.0 180.0   5.0                                        LON1 / LON2 / DLON  
    -1                                                      EXPONENT            
                                                            END OF HEADER       
[from data line 3432]
     9                                                      START OF TEC MAP    
  2015     9    14    16     0     0                        EPOCH OF CURRENT MAP
    87.5-180.0 180.0   5.0 450.0                            LAT/LON1/LON2/DLON/H
   99  106  104  109  113  113  113  111  112  116  116  118  119  120  121  122
  122  123  123  123  123  122  121  121  119  118  117  115  114  112  111  109
  108  106  105  104  103  102  101  101  100  100  100  101  101  102  102  103
  104  105  106  107  107  108  108  109  109  109  109  109  109  109  108  108
  107  107  104  101  107  104  116  111   99                                   
    85.0-180.0 180.0   5.0 450.0                            LAT/LON1/LON2/DLON/H
  105  105  117  103  103  108  109  112  114  117  118  120  122  124  125  127
  128  129  129  129  129  128  128  127  125  124  122  120  118  116  114  112
  110  108  106  105  103  102  101  100  100  100  100  101  101  102  103  105
  106  107  109  110  111  112  113  113  113  114  113  113  112  111  111  110
  109  108  103   98   98   98  104  104  105                                   
    82.5-180.0 180.0   5.0 450.0                            LAT/LON1/LON2/DLON/H
   89   93   96   89   92   97  100  103  106  110  112  116  119  122  124  127
  129  130  131  132  132  131  130  129  127  125  123  120  117  114  111  108
  106  103  100   98   95   93   92   91   90   90   90   91   92   93   95   97
   99  101  104  106  107  109  110  111  111  111  110  109  108  106  104  103
  101   99   94   90   90   97   91   88   89                                   
    80.0-180.0 180.0   5.0 450.0                            LAT/LON1/LON2/DLON/H
   72   71   78   75   76   77   83   88   92   97  101  107  111  115  118  122
  124  127  128  129  129  129  128  126  124  121  118  115  111  108  104  100
   96   93   89   86   83   80   78   76   75   74   74   75   76   78   81   84
   87   90   93   96   99  101  102  103  103  103  102  100   98   96   93   91
   89   86   82   79   75   78   77   78   72                                   
    77.5-180.0 180.0   5.0 450.0                            LAT/LON1/LON2/DLON/H
   68   64   65   63   66   69   74   79   83   88   93   99  104  110  114  119
  122  126  128  130  131  131  131  129  127  125  121  117  113  109  104  100
   95   91   86   82   78   74   71   68   66   65   64   65   66   68   70   74
   77   81   85   89   92   94   96   97   97   96   94   92   90   87   84   80
   78   75   71   69   67   65   66   69   68                                   
    75.0-180.0 180.0   5.0 450.0                            LAT/LON1/LON2/DLON/H
   56   56   55   56   59   64   67   71   77   83   87   93   99  105  109  114
  118  122  126  128  130  132  132  131  130  128  125  121  117  112  107  103
   98   93   88   83   79   74   70   66   63   61   60   60   60   62   64   67
   71   75   79   82   85   87   89   90   89   88   87   85   82   79   76   74
   71   69   66   62   62   60   60   55   56                                   
    72.5-180.0 180.0   5.0 450.0                            LAT/LON1/LON2/DLON/H
   54   54   53   56   57   61   65   68   72   77   82   88   93   98  103  108
  113  117  121  125  129  131  133  133  132  130  127  124  119  115  110  105
  101   96   91   86   81   76   71   66   63   59   57   56   56   56   58   60
   63   66   69   72   74   76   77   77   77   76   74   72   70   68   66   64
   62   61   60   56   56   57   58   58   54                                   
    70.0-180.0 180.0   5.0 450.0                            LAT/LON1/LON2/DLON/H
   54   54   54   56   57   59   62   65   70   75   79   84   88   93   98  102
  106  111  116  122  126  131  134  135  135  134  131  127  123  119  115  111
  106  102   97   92   87   82   76   71   67   63   60   58   57   56   57   58
   59   61   62   64   65   65   65   65   64   63   62   61   60   59   58   58
   57   56   56   54   55   57   61   62   54                                   
    67.5-180.0 180.0   5.0 450.0                            LAT/LON1/LON2/DLON/H
   55   56   55   58   59   61   64   67   71   75   79   84   88   92   95   99
  104  109  115  121  127  133  137  139  140  138  135  131  127  123  120  116
  112  108  103   98   93   88   82   77   73   69   65   63   61   59   59   58
   58   58   57   57   56   56   55   54   53   52   52   52   52   52   52   53
   53   53   53   52   52   55   57   58   55                                   
    65.0-180.0 180.0   5.0 450.0                            LAT/LON1/LON2/DLON/H
   53   55   54   56   57   59   62   66   70   75   78   83   87   90   93   97
  101  106  113  120  128  135  140  143  143  142  139  135  131  128  125  122
  119  115  110  105  100   94   89   84   80   76   73   70   68   65   63   61
   59   56   54   51   49   47   45   44   43   42   42   43   44   45   47   48
   49   50   50   50   51   54   57   58   53                                   
    62.5-180.0 180.0   5.0 450.0                            LAT/LON1/LON2/DLON/H
   48   50   49   52   54   56   60   64   69   74   78   83   87   91   93   97
  101  106  113  122  130  138  143  146  147  145  141  138  135  132  130  128
  125  121  116  111  105   99   94   90   86   83   80   78   75   72   69   65
   61   56   52   48   44   41   38   36   35   36   36   38   39   41   43   44
   45   45   46   45   46   47   50   51   48                                   
    60.0-180.0 180.0   5.0 450.0                            LAT/LON1/LON2/DLON/H
   40   42   42   45   47   49   54   59   65   71   76   82   86   90   93   96
  100  106  113  122  131  139  145  148  147  145  142  139  138  137  136  135
  133  128  123  116  110  104   99   95   92   90   88   85   82   79   74   69
   63   57   51   45   40   37   34   32   31   32   33   35   36   38   40   40
   40   40   39   38   39   40   42   43   40                                   
    57.5-180.0 180.0   5.0 450.0                            LAT/LON1/LON2/DLON/H
   32   34   34   38   41   44   50   55   61   68   74   80   86   90   94   98
  102  108  115  124  133  140  146  148  148  146  144  142  143  144  145  145
  143  138  131  124  117  110  106  103  100   99   97   95   91   87   82   75
   68   61   54   47   42   38   35   34   33   34   35   36   38   38   39   39
   38   36   35   33   34   34   35   35   32                                   
    55.0-180.0 180.0   5.0 450.0                            LAT/LON1/LON2/DLON/H
   25   28   29   34   36   40   46   52   58   65   71   78   84   90   94   99
  104  110  117  125  133  140  144  146  146  145  144  145  148  152  155  156
  153  148  140  132  124  118  114  111  109  108  106  103   99   94   88   81
   74   66   59   52   47   43   41   40   39   40   40   41   41   41   40   39
   37   34   33   30   30   30   31   31   25                                   
    52.5-180.0 180.0   5.0 450.0                            LAT/LON1/LON2/DLON/H
   23   26   28   33   35   39   46   51   57   63   69   76   82   89   94  100
  106  112  119  126  133  138  142  144  144  144  145  149  154  160  164  165
  163  157  148  139  131  126  122  120  119  117  114  111  106  101   95   88
   80   72   66   60   55   52   50   50   49   49   49   48   46   45   43   41
   38   36   34   31   31   30   31   31   23                                   
    50.0-180.0 180.0   5.0 450.0                            LAT/LON1/LON2/DLON/H
   26   29   31   36   38   43   49   54   59   64   69   75   82   88   95  102
  108  115  121  127  133  137  140  141  142  144  147  153  160  166  171  172
  169  162  153  145  138  134  131  130  128  126  122  118  112  107  100   94
   87   80   74   69   66   64   63   63   62   61   59   57   53   50   47   45
   43   40   38   35   36   35   36   37   26                                   
    47.5-180.0 180.0   5.0 450.0                            LAT/LON1/LON2/DLON/H
   34   37   37   43   45   50   56   61   65   69   73   78   84   90   98  105
  112  119  125  130  134  137  139  141  143  146  150  157  164  170  174  174
  170  163  155  148  144  141  140  139  137  134  129  123  117  111  105   99
   94   88   84   80   78   77   77   77   76   74   71   66   62   57   54   51
   49   48   47   44   45   45   46   46   34                                   
    45.0-180.0 180.0   5.0 450.0                            LAT/LON1/LON2/DLON/H
   45   47   47   52   53   59   64   69   73   77   80   84   89   96  103  111
  118  125  130  134  137  139  141  143  146  150  155  161  167  171  173  172
  168  162  155  151  149  148  149  148  146  141  135  128  121  116  110  105
  101   97   94   91   90   90   90   89   88   85   81   76   70   65   61   59
   58   57   57   55   55   56   58   57   45                                   
    42.5-180.0 180.0   5.0 450.0                            LAT/LON1/LON2/DLON/H
   56   57   56   61   62   67   73   79   83   88   91   95  100  105  112  119
  127  133  138  141  143  144  146  148  152  156  161  165  169  170  170  168
  165  160  157  155  156  157  158  157  153  147  140  132  126  120  115  111
  108  105  102  101  100  100  100   99   98   94   89   84   78   73   69   68
   67   67   67   65   65   67   68   67   56                                   
    40.0-180.0 180.0   5.0 450.0                            LAT/LON1/LON2/DLON/H
   64   64   62   67   67   73   79   86   93   99  104  109  113  118  124  131
  138  144  148  150  151  152  153  156  160  164  168  171  172  171  170  168
  167  166  166  167  169  171  171  168  162  155  146  138  132  126  121  117
  114  111  109  108  107  107  106  105  103  100   95   90   85   80   78   77
   76   76   76   73   73   74   75   73   64                                   
    37.5-180.0 180.0   5.0 450.0                            LAT/LON1/LON2/DLON/H
   67   66   64   68   69   74   81   91  100  110  117  124  129  134  139  145
  150  155  158  160  160  161  162  165  169  174  178  179  179  178  177  178
  181  185  188  191  192  191  188  183  175  165  156  148  140  134  129  124
  120  116  114  112  111  110  109  108  106  103   99   95   90   87   85   85
   84   83   82   79   77   77   77   75   67                                   
    35.0-180.0 180.0   5.0 450.0                            LAT/LON1/LON2/DLON/H
   66   65   62   66   67   73   81   92  104  117  128  137  144  149  154  158
  163  166  168  170  170  170  171  174  178  184  189  192  193  194  197  204
  212  220  226  228  226  221  213  203  192  181  170  161  153  145  138  131
  125  120  116  113  111  110  109  108  106  104  101   98   95   93   92   92
   90   88   86   82   78   77   75   73   66                                   
    32.5-180.0 180.0   5.0 450.0                            LAT/LON1/LON2/DLON/H
   63   62   60   63   64   69   79   91  106  121  135  147  156  163  167  170
  173  176  177  178  178  178  179  182  188  196  204  211  216  223  232  246
  260  273  280  279  271  259  244  229  215  202  191  180  170  160  149  139
  130  123  117  113  110  109  108  107  105  104  103  101  100   99   98   98
   96   93   89   84   79   76   73   71   63                                   
    30.0-180.0 180.0   5.0 450.0                            LAT/LON1/LON2/DLON/H
   61   61   60   61   63   68   77   90  106  123  139  154  165  173  177  180
  182  183  185  186  186  186  187  190  198  209  223  236  249  263  281  302
  323  338  344  338  323  302  280  260  243  229  217  205  192  178  163  149
  136  126  118  112  109  108  107  106  106  105  105  105  105  104  104  104
  101   97   93   87   81   77   73   70   61                                   
    27.5-180.0 180.0   5.0 450.0                            LAT/LON1/LON2/DLON/H
   63   63   63   63   65   70   79   91  106  123  140  156  170  179  185  187
  188  190  191  193  194  194  195  200  210  226  246  267  289  312  338  365
  391  408  411  398  375  346  317  293  274  260  247  233  216  198  178  159
  142  129  119  113  109  108  108  108  108  108  108  109  109  110  110  110
  107  103   98   92   86   81   77   73   63                                   
    25.0-180.0 180.0   5.0 450.0                            LAT/LON1/LON2/DLON/H
   69   70   70   70   72   77   85   95  108  124  140  157  171  182  189  192
  194  196  198  201  203  204  206  212  225  246  273  303  333  363  395  427
  455  471  469  450  419  384  351  325  306  292  278  262  242  218  193  170
  150  135  123  116  113  112  113  113  113  113  112  113  114  115  116  116
  112  109  104   98   94   89   84   80   69                                   
    22.5-180.0 180.0   5.0 450.0                            LAT/LON1/LON2/DLON/H
   79   79   79   79   81   87   94  102  113  126  141  156  171  184  193  197
  200  203  207  212  215  217  220  228  245  271  304  339  375  410  445  478
  504  517  510  485  449  411  378  353  336  322  308  289  265  236  207  181
  159  142  130  122  118  118  119  119  119  118  117  117  119  120  121  121
  118  116  111  106  103   98   92   88   79                                   
    20.0-180.0 180.0   5.0 450.0                            LAT/LON1/LON2/DLON/H
   89   89   89   89   92   98  105  112  121  131  143  157  172  186  196  203
  208  213  220  226  231  234  239  250  270  299  335  373  411  447  480  510
  531  538  526  498  460  424  395  374  360  348  333  312  284  252  220  192
  169  152  138  130  126  125  126  126  125  123  122  121  122  124  126  126
  123  121  117  113  111  105   99   95   89                                   
    17.5-180.0 180.0   5.0 450.0                            LAT/LON1/LON2/DLON/H
   97   96   95   96  100  107  116  122  130  138  148  160  176  190  203  212
  219  227  235  244  250  256  263  277  299  329  365  403  438  470  498  520
  534  534  518  489  455  425  402  388  377  367  352  329  298  264  231  203
  181  163  149  139  134  133  133  132  131  128  126  125  126  127  129  130
  127  125  120  116  114  109  102   99   97                                   
    15.0-180.0 180.0   5.0 450.0                            LAT/LON1/LON2/DLON/H
  100   98   96   98  103  111  122  131  139  147  155  167  182  198  212  223
  233  244  255  264  273  280  290  306  329  359  393  426  456  480  499  511
  516  511  493  468  441  418  404  396  389  380  364  340  308  274  242  215
  193  175  160  149  143  140  139  138  135  132  130  128  129  130  132  132
  129  126  120  115  113  107   99   97  100                                   
    12.5-180.0 180.0   5.0 450.0                            LAT/LON1/LON2/DLON/H
   96   94   91   94   99  109  123  135  146  156  165  177  192  208  223  237
  250  262  275  286  296  306  318  336  359  387  416  442  464  478  487  490
  488  478  462  442  424  411  404  401  397  388  371  346  314  281  251  225
  205  187  171  159  151  147  145  142  140  136  133  131  131  132  133  133
  129  125  117  111  108  100   92   91   96                                   
    10.0-180.0 180.0   5.0 450.0                            LAT/LON1/LON2/DLON/H
   89   85   81   85   90  102  119  134  149  163  174  188  204  220  236  251
  266  280  294  307  318  329  344  363  386  410  433  452  465  470  470  466
  458  448  436  423  413  407  406  405  402  392  374  348  318  287  258  235
  215  197  181  167  157  151  148  146  142  139  135  132  132  132  133  133
  127  122  113  106  101   93   83   83   89                                   
     7.5-180.0 180.0   5.0 450.0                            LAT/LON1/LON2/DLON/H
   81   76   72   75   80   91  110  129  149  167  183  199  215  232  248  264
  280  296  310  323  335  349  366  386  408  429  446  458  463  462  455  447
