data/edconvlstm_nd/pred1890.15i
     1.0            IONOSPHERE MAPS     GNSS                IONEX VERSION / TYPE
pyspatialgeodesy        IME             05-JAN-18 20:20     PGM / RUN BY / DATE 
Map Name                                                    COMMENT             
Predicted global ionosphere maps (GIM).                     DESCRIPTION         
  2015     7     8     0     0     0                        EPOCH OF FIRST MAP  
  2015     7     9     0     0     0                        EPOCH OF LAST MAP   
  7200                                                      INTERVAL            
    13                                                      # OF MAPS IN FILE   
  NONE                                                      MAPPING FUNCTION    
10.0                                                        ELEVATION CUTOFF    
One-way carrier phase leveled to code                       OBSERVABLES USED    
  6371.0                                                    BASE RADIUS         
 2                                                          MAP DIMENSION       
   450.0 450.0   0.0                                        HGT1 / HGT2 / DHGT  
    87.5 -87.5  -2.5                                        LAT1 / LAT2 / DLAT  
  -180.0 180.0   5.0                                        LON1 / LON2 / DLON  
    -1                                                      EXPONENT            
                                                            END OF HEADER       
[from data line 3432]
     9                                                      START OF TEC MAP    
  2015     7     8    16     0     0                        EPOCH OF CURRENT MAP
    87.5-180.0 180.0   5.0 450.0                            LAT/LON1/LON2/DLON/H
  165  162  154  161  162  162  161  160  161  163  162  163  164  165  165  166
  167  168  168  169  170  171  171  171  172  172  172  172  172  172  172  171
  171  171  170  170  169  169  169  169  168  168  168  168  168  168  168  168
  168  168  168  167  167  167  166  166  165  164  164  163  163  162  162  161
  160  160  159  158  166  165  170  167  165                                   
    85.0-180.0 180.0   5.0 450.0                            LAT/LON1/LON2/DLON/H
  154  157  165  160  157  161  162  164  164  165  165  166  167  168  169  170
  171  173  174  175  176  177  178  178  179  179  179  179  179  179  178  178
  177  177  176  175  175  174  174  174  174  174  174  174  173  173  173  173
  173  173  172  172  172  171  170  170  169  168  167  167  166  165  164  164
  164  164  161  159  160  155  159  161  154                                   
    82.5-180.0 180.0   5.0 450.0                            LAT/LON1/LON2/DLON/H
  135  144  147  144  143  147  149  150  150  151  152  153  154  156  157  159
  161  163  165  167  169  171  173  174  176  177  177  177  177  177  176  175
  174  173  172  171  170  170  169  169  169  169  170  170  170  170  170  170
  170  170  169  169  168  167  165  164  163  161  160  158  157  155  154  152
  151  150  147  149  147  152  148  142  135                                   
    80.0-180.0 180.0   5.0 450.0                            LAT/LON1/LON2/DLON/H
  131  138  144  143  140  141  143  146  147  148  149  150  152  154  156  158
  161  164  167  169  172  175  177  179  181  182  183  183  183  182  181  180
  178  176  174  173  171  171  170  170  171  171  172  173  174  174  175  175
  175  175  174  174  172  171  169  168  166  163  161  159  157  154  153  151
  150  148  146  147  142  140  141  137  131                                   
    77.5-180.0 180.0   5.0 450.0                            LAT/LON1/LON2/DLON/H
  137  136  143  142  140  141  142  143  143  144  144  145  147  149  151  154
  157  161  165  169  173  176  180  183  185  187  188  189  189  188  187  185
  183  180  178  176  175  174  173  173  174  175  177  178  179  181  181  182
  182  182  181  180  178  176  174  172  169  166  163  160  157  154  152  149
  147  145  144  145  146  139  142  143  137                                   
    75.0-180.0 180.0   5.0 450.0                            LAT/LON1/LON2/DLON/H
  142  144  147  147  144  146  145  145  146  146  146  147  148  149  152  155
  158  162  167  171  175  180  184  187  190  193  194  195  195  194  193  191
  188  186  183  181  179  178  178  178  179  181  183  185  186  188  189  189
  189  188  187  186  184  181  179  176  173  170  167  164  161  158  155  153
  151  149  149  147  148  144  147  139  142                                   
    72.5-180.0 180.0   5.0 450.0                            LAT/LON1/LON2/DLON/H
  147  151  153  155  150  152  152  151  150  150  149  149  149  151  153  155
  159  163  168  172  177  181  185  189  192  194  196  197  197  196  195  193
  190  187  185  182  181  180  179  180  181  183  185  187  188  190  190  190
  190  189  187  185  183  180  178  176  173  170  168  165  162  159  157  155
  152  151  151  151  151  150  153  151  147                                   
    70.0-180.0 180.0   5.0 450.0                            LAT/LON1/LON2/DLON/H
  159  161  163  164  159  159  158  158  157  157  155  155  155  155  157  159
  162  166  171  175  179  183  186  189  192  194  195  196  196  195  194  192
  190  187  185  182  181  180  179  180  181  183  185  186  187  188  188  187
  186  184  182  179  177  174  172  170  168  167  166  164  162  160  159  157
  155  154  155  156  157  158  164  160  159                                   
    67.5-180.0 180.0   5.0 450.0                            LAT/LON1/LON2/DLON/H
  169  174  177  178  174  174  173  174  172  172  170  169  169  169  170  172
  175  178  181  185  188  191  193  195  196  197  198  198  198  197  196  194
  193  190  188  186  184  183  182  183  184  185  186  187  187  187  186  185
  183  181  178  176  173  171  169  168  168  168  168  168  167  167  166  165
  163  162  163  164  164  166  172  169  169                                   
    65.0-180.0 180.0   5.0 450.0                            LAT/LON1/LON2/DLON/H
  177  183  185  186  182  183  183  183  183  183  181  180  179  179  179  181
  184  186  189  191  193  195  195  196  196  197  197  197  196  196  195  194
  192  190  188  186  184  183  182  182  182  183  183  183  183  182  180  178
  176  173  171  168  166  164  162  162  163  164  166  167  169  169  168  168
  166  165  166  168  170  173  181  178  177                                   
    62.5-180.0 180.0   5.0 450.0                            LAT/LON1/LON2/DLON/H
  179  186  189  191  188  190  191  192  192  192  191  190  189  189  189  191
  193  195  197  199  199  199  199  198  197  197  197  196  196  196  195  195
  194  192  190  188  185  183  182  181  180  180  180  180  178  176  174  172
  170  168  166  163  161  159  158  158  160  162  165  168  171  172  172  170
  168  166  167  168  169  173  181  179  179                                   
    60.0-180.0 180.0   5.0 450.0                            LAT/LON1/LON2/DLON/H
  174  182  186  189  187  190  192  194  195  196  195  194  193  193  194  196
  198  200  202  202  202  200  199  198  197  197  196  196  197  197  197  197
  196  195  193  190  187  184  182  180  179  178  177  176  174  172  170  168
  166  165  164  162  160  158  157  157  158  161  165  169  172  173  173  171
  167  164  162  162  163  167  176  175  174                                   
    57.5-180.0 180.0   5.0 450.0                            LAT/LON1/LON2/DLON/H
  165  173  178  182  181  187  190  193  194  195  194  193  193  193  194  197
  199  202  203  203  202  200  199  198  198  198  199  199  200  201  202  202
  201  200  198  195  191  187  184  182  180  179  177  175  173  171  169  168
  167  167  167  166  164  162  160  159  160  162  166  170  173  174  173  170
  165  160  156  154  154  156  165  165  165                                   
    55.0-180.0 180.0   5.0 450.0                            LAT/LON1/LON2/DLON/H
  152  160  166  172  173  180  185  188  190  191  190  189  188  189  191  194
  197  200  201  201  200  198  198  198  199  201  202  204  206  207  208  209
  209  207  205  201  197  193  189  186  184  182  180  177  175  173  171  171
  172  173  174  173  171  168  165  163  163  165  168  172  174  175  174  170
  162  155  150  146  143  143  152  152  152                                   
    52.5-180.0 180.0   5.0 450.0                            LAT/LON1/LON2/DLON/H
  139  147  153  160  164  172  178  183  186  187  185  184  183  184  186  189
  193  196  198  197  197  196  196  198  201  204  207  210  212  214  215  216
  216  215  212  208  204  199  195  192  190  187  185  182  180  178  178  178
  180  182  183  182  179  175  171  168  166  167  170  173  176  176  174  170
  162  154  146  139  134  132  139  139  139                                   
    50.0-180.0 180.0   5.0 450.0                            LAT/LON1/LON2/DLON/H
  128  135  142  150  155  165  174  180  183  185  184  183  182  182  184  187
  190  193  194  194  194  194  196  200  204  209  213  216  219  221  222  224
  223  222  220  216  212  208  204  201  198  196  193  190  188  186  186  188
  190  192  192  190  186  181  176  172  170  170  172  175  177  178  176  172
  164  156  147  139  131  126  131  130  128                                   
    47.5-180.0 180.0   5.0 450.0                            LAT/LON1/LON2/DLON/H
  121  128  134  143  150  161  171  180  186  189  189  188  187  186  187  189
  191  193  194  193  194  195  198  203  209  214  219  222  225  227  229  230
  230  229  227  224  220  217  214  211  208  206  203  200  198  197  197  198
  200  201  200  196  191  185  179  174  172  172  174  177  179  180  179  177
  170  163  154  144  134  127  128  127  121                                   
    45.0-180.0 180.0   5.0 450.0                            LAT/LON1/LON2/DLON/H
  120  126  129  139  147  160  172  183  192  199  202  202  201  199  198  197
  197  197  197  196  196  198  202  208  214  220  224  227  230  232  234  236
  236  236  234  232  230  228  226  224  221  218  215  211  209  208  208  209
  210  209  206  200  194  186  180  176  174  175  177  180  182  184  184  183
  179  173  166  156  144  134  132  129  120                                   
    42.5-180.0 180.0   5.0 450.0                            LAT/LON1/LON2/DLON/H
  123  128  129  138  146  161  175  190  203  213  220  223  222  219  216  212
  209  206  204  202  202  204  209  215  221  227  230  233  235  238  240  242
  244  244  244  244  243  243  242  240  237  233  228  225  222  220  220  220
  219  217  211  204  196  188  183  180  179  181  183  186  188  189  191  191
  189  187  181  172  158  146  142  137  123                                   
    40.0-180.0 180.0   5.0 450.0                            LAT/LON1/LON2/DLON/H
  130  133  131  139  147  162  179  197  214  230  241  246  247  244  239  232
  225  219  214  211  211  213  217  223  229  234  237  240  242  245  249  253
  255  257  258  259  260  261  261  259  255  250  245  239  236  234  233  232
  230  225  218  210  201  194  190  188  189  191  193  195  196  197  198  200
  200  200  196  188  174  161  155  148  130                                   
    37.5-180.0 180.0   5.0 450.0                            LAT/LON1/LON2/DLON/H
  139  139  135  141  148  163  182  203  225  245  260  269  272  270  263  254
  244  235  227  223  221  223  227  232  238  242  246  249  253  257  263  268
  273  276  278  281  283  285  285  283  278  271  263  257  252  249  247  246
  243  237  229  221  213  207  204  203  204  207  208  209  208  207  207  209
  209  211  209  202  189  175  168  160  139                                   
    35.0-180.0 180.0   5.0 450.0                            LAT/LON1/LON2/DLON/H
  149  144  139  142  149  163  183  206  232  255  274  287  293  292  285  274
  262  251  241  235  232  233  236  241  247  252  257  262  267  275  283  291
  297  302  306  309  312  314  314  310  303  294  284  276  270  266  263  261
  258  252  245  238  231  227  225  225  226  227  227  225  222  219  217  216
  217  218  217  212  199  186  180  171  149                                   
    32.5-180.0 180.0   5.0 450.0                            LAT/LON1/LON2/DLON/H
  157  150  143  144  149  163  183  207  234  260  282  298  307  307  302  291
  278  265  254  247  244  244  246  251  257  263  270  277  286  297  308  319
  328  335  340  343  346  347  345  339  330  318  307  297  289  284  281  278
  275  270  265  260  256  253  251  250  250  249  247  243  237  230  225  223
  221  222  221  216  205  193  188  179  157                                   
    30.0-180.0 180.0   5.0 450.0                            LAT/LON1/LON2/DLON/H
  165  154  147  146  149  162  182  205  233  260  284  302  313  316  312  303
  290  277  267  259  255  255  257  261  267  275  284  295  308  323  338  352
  364  372  377  379  380  379  375  367  355  342  329  317  308  302  298  295
  292  290  287  285  282  280  278  276  274  270  265  258  250  241  233  228
  223  222  220  216  206  195  193  184  165                                   
    27.5-180.0 180.0   5.0 450.0                            LAT/LON1/LON2/DLON/H
  170  158  150  149  152  163  181  203  230  256  280  299  312  318  317  311
  300  288  278  271  268  267  269  273  279  288  300  315  332  350  369  386
  400  408  412  413  411  406  400  390  377  363  350  337  327  319  313  310
  308  307  307  307  306  304  300  296  292  286  278  270  260  249  239  231
  223  220  217  212  203  194  194  186  170                                   
    25.0-180.0 180.0   5.0 450.0                            LAT/LON1/LON2/DLON/H
  172  161  154  152  156  165  182  201  225  249  272  291  306  315  318  315
  307  297  289  283  281  281  282  286  292  302  317  335  355  377  399  418
  432  440  442  439  434  426  417  407  394  380  367  354  343  334  327  323
  320  320  320  320  319  316  312  306  300  293  284  275  265  254  243  232
  222  217  212  206  198  191  192  186  172                                   
    22.5-180.0 180.0   5.0 450.0                            LAT/LON1/LON2/DLON/H
  173  164  157  157  161  169  184  200  221  242  263  282  298  309  316  317
  313  306  299  296  295  296  297  300  307  317  333  353  376  401  424  443
  457  463  461  455  447  438  428  417  405  393  381  370  359  348  339  332
  327  325  323  322  319  314  308  303  296  289  281  272  263  252  242  231
  219  212  205  199  192  186  188  183  173                                   
    20.0-180.0 180.0   5.0 450.0                            LAT/LON1/LON2/DLON/H
  170  165  159  160  165  173  187  200  218  236  254  272  289  303  313  318
  318  314  310  308  309  311  313  316  321  332  348  370  394  419  442  460
  472  475  471  462  452  442  432  423  413  403  394  383  373  361  349  338
  329  323  317  311  305  298  291  287  282  277  270  262  254  245  236  225
  214  206  199  192  185  180  182  177  170                                   
    17.5-180.0 180.0   5.0 450.0                            LAT/LON1/LON2/DLON/H
  164  164  158  161  168  175  188  200  216  232  248  265  281  297  310  318
  321  321  320  321  324  327  329  332  336  346  362  383  407  432  453  469
  478  479  473  463  453  443  435  427  420  413  405  397  386  373  358  343
  328  316  305  294  282  272  266  264  263  260  255  248  240  232  225  216
  205  198  190  183  177  172  174  169  164                                   
    15.0-180.0 180.0   5.0 450.0                            LAT/LON1/LON2/DLON/H
  156  158  153  158  166  173  187  199  214  229  244  260  276  292  306  317
  324  327  330  333  338  342  345  347  351  360  375  395  418  441  460  473
  480  478  472  463  454  446  440  434  429  424  418  410  400  385  367  347
  328  309  292  274  258  246  241  241  243  243  238  231  224  217  210  203
  194  188  181  174  168  163  163  159  156                                   
    12.5-180.0 180.0   5.0 450.0                            LAT/LON1/LON2/DLON/H
  145  148  144  150  159  167  182  194  211  226  242  257  273  288  304  316
  326  332  337  343  349  355  358  361  365  374  388  407  428  448  465  476
  480  478  472  464  458  453  449  445  441  437  431  424  413  397  376  353
  329  305  282  259  239  225  220  223  227  229  225  217  208  201  195  188
  181  176  170  164  158  152  151  146  145                                   
    10.0-180.0 180.0   5.0 450.0                            LAT/LON1/LON2/DLON/H
  133  135  132  138  147  156  173  187  205  223  240  256  271  286  301  315
  326  335  342  350  358  365  370  374  379  388  402  419  439  457  472  481
  483  481  475  470  466  464  462  460  456  451  445  436  424  406  384  359
  332  305  278  252  229  214  209  213  219  222  217  207  196  187  180  174
  168  164  158  153  147  140  137  132  133                                   
     7.5-180.0 180.0   5.0 450.0                            LAT/LON1/LON2/DLON/H
  121  122  118  124  133  142  161  177  198  219  238  255  270  285  300  314
  326  337  346  356  365  373  380  386  392  402  416  433  451  468  480  487
