data/edconvlstm_nd/pred0190.15i
     1.0            IONOSPHERE MAPS     GNSS                IONEX VERSION / TYPE
pyspatialgeodesy        IME             05-JAN-18 20:20     PGM / RUN BY / DATE 
Map Name                                                    COMMENT             
Predicted global ionosphere maps (GIM).                     DESCRIPTION         
  2015     1    19     0     0     0                        EPOCH OF FIRST MAP  
  2015     1    20     0     0     0                        EPOCH OF LAST MAP   
  7200                                                      INTERVAL            
    13                                                      # OF MAPS IN FILE   
  NONE                                                      MAPPING FUNCTION    
10.0                                                        ELEVATION CUTOFF    
One-way carrier phase leveled to code                       OBSERVABLES USED    
  6371.0                                                    BASE RADIUS         
 2                                                          MAP DIMENSION       
   450.0 450.0   0.0                                        HGT1 / HGT2 / DHGT  
    87.5 -87.5  -2.5                                        LAT1 / LAT2 / DLAT  
  -180.0 180.0   5.0                                        LON1 / LON2 / DLON  
    -1                                                      EXPONENT            
                                                            END OF HEADER       
[from data line 3432]
     9                                                      START OF TEC MAP    
  2015     1    19    16     0     0                        EPOCH OF CURRENT MAP
    87.5-180.0 180.0   5.0 450.0                            LAT/LON1/LON2/DLON/H
   83   91   93  100  105  104  104  102  103  106  105  106  106  107  107  107
  107  107  107  106  105  105  104  103  101  100   99   97   95   94   92   90
   88   87   85   84   82   81   79   78   78   77   76   76   75   75   75   75
   75   75   76   76   77   77   78   78   79   80   80   81   82   83   83   84
   86   87   85   82   85   86   98   99   83                                   
    85.0-180.0 180.0   5.0 450.0                            LAT/LON1/LON2/DLON/H
   89   97  112  100  103  108  108  111  111  114  113  114  114  114  114  115
  115  115  115  115  114  114  113  112  110  109  107  105  102  100   98   95
   93   91   89   87   85   83   82   80   79   78   78   77   77   77   76   77
   77   77   77   78   79   79   80   81   82   83   84   85   86   87   88   90
   92   92   89   86   89   93   97   94   89                                   
    82.5-180.0 180.0   5.0 450.0                            LAT/LON1/LON2/DLON/H
   76   89   96   93   96  101  104  106  107  108  109  110  110  110  110  110
  111  111  111  112  112  111  110  109  107  105  103  100   97   94   91   88
   84   81   78   76   73   71   69   67   65   64   63   62   62   62   61   62
   62   62   63   64   65   66   67   68   69   70   72   73   75   76   77   79
   81   82   80   78   82   95   91   90   76                                   
    80.0-180.0 180.0   5.0 450.0                            LAT/LON1/LON2/DLON/H
   66   77   86   84   87   90   94   97   99  100  101  102  102  102  103  103
  104  105  107  108  109  109  109  108  106  104  101   98   94   89   85   81
   77   74   70   67   64   61   59   56   55   53   52   51   51   51   51   52
   52   53   54   56   57   58   59   61   62   64   65   67   68   70   71   72
   74   75   75   74   74   84   82   87   66                                   
    77.5-180.0 180.0   5.0 450.0                            LAT/LON1/LON2/DLON/H
   71   75   76   74   78   81   85   88   90   91   91   93   93   94   95   96
   98  101  104  107  110  112  113  113  112  109  105  101   96   91   85   80
   75   71   67   63   59   56   52   49   47   44   43   42   41   41   42   43
   44   46   48   50   52   53   55   57   58   60   61   63   64   65   66   66
   68   68   68   68   67   71   73   78   71                                   
    75.0-180.0 180.0   5.0 450.0                            LAT/LON1/LON2/DLON/H
   59   64   62   63   66   70   72   74   77   79   79   80   80   81   83   86
   89   94  100  106  112  117  120  121  121  118  114  109  102   96   89   83
   78   73   68   64   60   56   52   48   45   42   40   39   38   38   39   41
   43   45   47   49   51   53   54   56   58   59   61   62   63   64   64   65
   65   65   65   63   63   63   63   59   59                                   
    72.5-180.0 180.0   5.0 450.0                            LAT/LON1/LON2/DLON/H
   56   58   56   58   59   62   65   67   68   70   70   71   71   73   75   79
   85   92  101  111  120  128  134  137  137  135  130  123  115  107   99   92
   86   80   75   70   65   60   55   50   46   42   38   36   35   35   36   37
   39   41   44   46   48   50   51   53   55   57   58   60   61   61   62   62
   61   61   60   57   56   57   58   58   56                                   
    70.0-180.0 180.0   5.0 450.0                            LAT/LON1/LON2/DLON/H
   50   52   52   53   54   56   58   60   62   63   64   65   65   67   70   75
   83   94  106  120  133  145  154  160  161  159  153  146  136  127  118  109
  102   95   89   83   78   72   65   59   53   47   43   39   37   37   37   38
   40   42   44   45   47   48   50   52   54   56   58   59   61   62   62   62
   61   60   60   57   56   56   59   58   50                                   
    67.5-180.0 180.0   5.0 450.0                            LAT/LON1/LON2/DLON/H
   46   49   48   51   52   54   57   59   61   62   63   64   65   67   71   78
   87  100  116  133  150  165  177  184  187  185  179  171  161  150  139  130
  122  114  107  100   92   85   77   68   61   54   48   43   40   38   38   39
   40   41   42   43   44   45   46   48   50   52   54   56   58   59   60   60
   60   59   58   54   52   52   53   51   46                                   
    65.0-180.0 180.0   5.0 450.0                            LAT/LON1/LON2/DLON/H
   41   44   43   48   48   51   52   55   57   59   60   62   64   67   72   80
   91  107  125  145  165  183  196  205  209  208  202  194  183  172  162  151
  142  133  124  115  106   96   86   77   67   59   52   47   43   40   39   38
   38   37   37   37   37   37   38   39   41   43   46   48   50   52   53   54
   54   54   54   51   50   51   51   51   41                                   
    62.5-180.0 180.0   5.0 450.0                            LAT/LON1/LON2/DLON/H
   36   40   39   44   45   47   49   52   54   57   59   62   65   70   76   86
   99  116  136  157  178  196  211  220  225  224  219  212  202  192  181  171
  160  150  139  128  116  105   93   82   72   63   56   49   45   42   39   37
   35   34   32   31   30   29   30   31   33   35   37   39   41   42   44   45
   46   46   47   45   45   45   45   46   36                                   
    60.0-180.0 180.0   5.0 450.0                            LAT/LON1/LON2/DLON/H
   32   35   34   40   40   41   43   46   49   53   57   61   67   73   81   93
  107  125  145  166  186  203  217  226  231  231  228  222  214  206  196  186
  175  163  151  137  124  110   97   86   75   66   59   53   48   44   41   37
   34   31   28   25   24   23   23   24   25   27   29   30   32   33   34   35
   36   37   39   38   39   39   39   41   32                                   
    57.5-180.0 180.0   5.0 450.0                            LAT/LON1/LON2/DLON/H
   29   31   30   36   37   37   38   41   45   49   55   62   70   79   89  103
  119  137  156  174  192  206  218  226  231  233  231  228  223  217  209  200
  190  177  163  148  132  118  104   92   82   74   67   61   56   52   47   43
   39   34   30   27   25   24   24   24   25   26   27   27   28   28   29   30
   31   33   35   35   36   35   35   38   29                                   
    55.0-180.0 180.0   5.0 450.0                            LAT/LON1/LON2/DLON/H
   30   31   30   36   36   36   36   38   42   48   55   64   74   86   99  115
  132  150  167  183  196  207  216  222  227  229  230  229  227  224  219  211
  201  189  174  158  141  126  112  101   92   84   78   72   68   63   58   53
   48   43   38   34   32   31   31   31   32   32   31   31   30   30   30   31
   32   33   36   36   37   35   34   37   30                                   
    52.5-180.0 180.0   5.0 450.0                            LAT/LON1/LON2/DLON/H
   34   34   33   39   39   38   37   38   42   49   57   68   80   94  110  127
  146  164  179  192  200  207  212  217  221  224  227  229  229  228  225  219
  210  198  184  168  152  137  124  113  105   98   92   87   82   77   72   66
   61   56   51   47   45   45   45   46   46   45   43   41   39   38   37   38
   39   40   43   43   43   39   37   39   34                                   
    50.0-180.0 180.0   5.0 450.0                            LAT/LON1/LON2/DLON/H
   42   42   40   46   46   44   42   43   47   54   63   75   89  104  122  141
  161  179  193  202  207  210  212  215  219  222  226  228  229  230  228  223
  216  205  192  178  164  150  138  128  120  113  108  102   97   92   86   81
   75   71   67   64   63   63   64   65   65   63   60   57   54   51   50   50
   51   52   55   54   53   49   46   45   42                                   
    47.5-180.0 180.0   5.0 450.0                            LAT/LON1/LON2/DLON/H
   52   52   51   57   56   55   52   52   55   62   73   86  100  116  134  155
  175  193  207  214  217  217  217  219  222  225  228  229  230  229  227  223
  217  209  198  187  175  164  153  144  135  128  122  115  110  104   99   93
   88   84   81   79   79   80   82   83   83   81   78   74   70   67   65   64
   64   65   68   67   65   61   58   55   52                                   
    45.0-180.0 180.0   5.0 450.0                            LAT/LON1/LON2/DLON/H
   63   63   63   69   68   67   63   63   66   74   86   99  113  129  148  168
  189  207  220  226  228  228  228  229  231  233  233  232  230  226  223  219
  214  208  201  194  186  177  167  158  148  140  132  125  118  113  107  102
   98   94   91   90   90   92   94   96   96   94   91   87   83   80   78   76
   75   76   77   78   76   74   70   66   63                                   
    42.5-180.0 180.0   5.0 450.0                            LAT/LON1/LON2/DLON/H
   71   73   74   81   80   78   74   74   78   88  100  115  129  144  161  181
  201  219  232  239  241  242  242  244  245  245  242  236  229  222  217  212
  209  205  202  199  194  187  179  169  158  148  139  131  124  118  113  108
  103   99   96   94   94   96   98  100  101   99   97   94   90   87   85   82
   80   80   82   82   83   82   79   75   71                                   
    40.0-180.0 180.0   5.0 450.0                            LAT/LON1/LON2/DLON/H
   76   79   82   89   89   87   83   84   89  101  115  131  145  159  175  193
  211  228  242  250  255  257  259  261  261  258  251  241  229  219  212  208
  206  205  205  205  203  198  189  178  166  154  144  136  129  123  118  113
  108  103   99   95   94   94   96   98   99   98   96   93   91   88   85   82
   79   77   79   80   82   83   82   80   76                                   
    37.5-180.0 180.0   5.0 450.0                            LAT/LON1/LON2/DLON/H
   76   80   83   92   93   91   89   91   99  113  129  146  161  175  188  204
  220  236  250  260  266  271  274  276  275  270  259  245  231  220  214  211
  211  213  215  217  216  211  202  189  175  163  152  144  137  133  128  123
  117  111  104   98   94   93   93   94   95   94   92   89   86   84   81   77
   73   70   71   72   75   77   77   79   76                                   
    35.0-180.0 180.0   5.0 450.0                            LAT/LON1/LON2/DLON/H
   74   77   80   90   92   91   91   95  105  121  140  160  176  189  201  214
  228  242  256  267  276  282  286  288  285  278  266  251  239  230  227  227
  230  234  238  239  238  231  220  205  190  177  166  159  154  150  147  142
  135  127  118  109  102   98   96   95   94   92   89   86   82   79   76   72
   67   63   62   63   65   68   69   74   74                                   
    32.5-180.0 180.0   5.0 450.0                            LAT/LON1/LON2/DLON/H
   71   72   74   85   88   87   89   95  107  127  149  171  189  203  214  225
  236  248  261  272  282  290  293  294  290  282  271  260  253  251  254  260
  266  271  274  274  270  261  247  230  214  200  189  183  181  179  177  173
  166  157  145  134  123  115  110  107  103   99   93   88   83   79   77   73
   68   62   60   58   59   60   62   67   71                                   
    30.0-180.0 180.0   5.0 450.0                            LAT/LON1/LON2/DLON/H
   69   68   68   78   83   82   86   93  108  129  154  179  199  214  225  235
  243  253  265  276  286  293  296  294  290  283  277  274  275  283  295  307
  318  324  326  323  314  301  284  265  247  233  223  219  218  219  219  216
  210  200  187  173  160  148  139  132  125  117  108   99   92   88   85   83
   78   72   68   63   61   59   61   63   69                                   
    27.5-180.0 180.0   5.0 450.0                            LAT/LON1/LON2/DLON/H
   71   68   65   75   80   80   84   93  109  131  158  184  206  223  235  244
  251  259  268  279  288  293  294  291  287  285  286  292  306  326  348  370
  385  391  390  381  367  349  329  308  289  274  265  262  262  265  267  266
  262  253  240  225  209  194  181  169  158  146  133  120  111  105  104  103
   99   94   87   79   73   67   67   63   71                                   
    25.0-180.0 180.0   5.0 450.0                            LAT/LON1/LON2/DLON/H
   78   71   66   75   81   81   87   96  112  135  161  188  211  229  242  251
  257  264  271  280  288  291  291  288  286  289  299  317  344  377  412  441
  461  467  461  445  425  402  378  356  336  321  311  307  308  312  315  317
  314  307  296  280  263  245  228  213  198  181  164  148  136  130  129  131
  129  124  115  104   94   82   80   69   78                                   
    22.5-180.0 180.0   5.0 450.0                            LAT/LON1/LON2/DLON/H
   88   78   71   78   84   87   94  103  119  141  166  192  215  233  247  256
  262  268  274  281  287  289  288  287  289  299  319  349  389  434  478  515
  537  540  528  505  479  452  427  403  381  364  353  347  346  349  354  357
  357  352  342  327  309  289  270  252  234  215  195  177  163  157  157  161
  161  158  147  134  119  104   97   82   88                                   
    20.0-180.0 180.0   5.0 450.0                            LAT/LON1/LON2/DLON/H
   99   86   78   83   90   94  102  112  129  150  174  198  220  238  253  262
  268  272  277  283  288  290  290  291  299  317  347  388  437  490  541  580
  599  597  579  552  522  494  468  443  419  399  384  374  370  370  374  377
  379  375  367  353  335  315  295  277  258  238  217  198  184  179  182  188
  190  189  177  163  144  126  116   99   99                                   
    17.5-180.0 180.0   5.0 450.0                            LAT/LON1/LON2/DLON/H
  109   94   85   87   94   99  110  121  139  161  184  207  228  246  260  271
  277  280  284  288  292  295  298  305  320  346  383  431  485  540  589  622
  635  627  606  578  550  523  497  472  446  422  402  386  376  373  373  375
  375  372  364  351  335  316  298  280  263  244  225  208  196  193  197  206
  211  211  200  186  164  146  133  117  109                                   
    15.0-180.0 180.0   5.0 450.0                            LAT/LON1/LON2/DLON/H
  116  102   90   90   96  102  115  128  148  171  195  218  238  257  272  284
  291  294  296  299  303  308  315  328  351  384  427  476  527  575  614  637
  642  631  611  587  563  539  515  489  462  434  408  386  369  359  353  351
  349  344  337  325  310  294  278  264  250  235  220  207  200  199  205  213
  219  221  211  198  177  159  147  132  116                                   
    12.5-180.0 180.0   5.0 450.0                            LAT/LON1/LON2/DLON/H
  119  106   93   90   96  101  115  130  153  179  206  230  252  271  288  302
  310  314  316  318  322  330  342  362  391  429  472  517  558  592  616  628
  628  617  600  581  563  544  523  498  469  438  407  378  354  336  324  316
  309  302  293  282  269  257  246  236  228  218  209  201  198  199  205  212
  216  218  209  197  179  164  154  142  119                                   
    10.0-180.0 180.0   5.0 450.0                            LAT/LON1/LON2/DLON/H
  119  108   94   89   93   97  113  130  156  186  216  243  267  288  307  324
  335  341  343  345  350  361  379  405  439  477  515  549  575  594  605  608
  604  594  581  568  555  541  523  500  471  438  403  369  339  314  295  280
  269  259  249  238  227  219  213  210  207  203  199  196  194  196  200  203
  205  205  196  186  173  161  154  143  119                                   
     7.5-180.0 180.0   5.0 450.0                            LAT/LON1/LON2/DLON/H
  116  106   92   87   89   92  109  128  158  192  226  256  282  306  329  348
  362  371  375  378  385  400  422  452  486  520  549  570  582  587  588  585
