data/edconvlstm_nd/pred1680.15i
     1.0            IONOSPHERE MAPS     GNSS                IONEX VERSION / TYPE
pyspatialgeodesy        IME             05-JAN-18 20:20     PGM / RUN BY / DATE 
Map Name                                                    COMMENT             
Predicted global ionosphere maps (GIM).                     DESCRIPTION         
  2015     6    17     0     0     0                        EPOCH OF FIRST MAP  
  2015     6    18     0     0     0                        EPOCH OF LAST MAP   
  7200                                                      INTERVAL            
    13                                                      # OF MAPS IN FILE   
  NONE                                                      MAPPING FUNCTION    
10.0                                                        ELEVATION CUTOFF    
One-way carrier phase leveled to code                       OBSERVABLES USED    
  6371.0                                                    BASE RADIUS         
 2                                                          MAP DIMENSION       
   450.0 450.0   0.0                                        HGT1 / HGT2 / DHGT  
    87.5 -87.5  -2.5                                        LAT1 / LAT2 / DLAT  
  -180.0 180.0   5.0                                        LON1 / LON2 / DLON  
    -1                                                      EXPONENT            
                                                            END OF HEADER       
[from data line 3003]
     8                                                      START OF TEC MAP    
  2015     6    17    14     0     0                        EPOCH OF CURRENT MAP
    87.5-180.0 180.0   5.0 450.0                            LAT/LON1/LON2/DLON/H
  169  168  162  167  169  170  168  167  167  168  167  167  167  167  166  166
  166  166  166  166  166  166  166  166  166  166  166  167  167  167  167  167
  167  167  167  167  168  168  168  168  168  167  167  167  167  167  166  166
  166  165  165  164  163  163  162  162  162  161  161  161  161  161  161  162
  162  163  162  162  169  167  171  169  169                                   
    85.0-180.0 180.0   5.0 450.0                            LAT/LON1/LON2/DLON/H
  165  169  178  172  172  175  174  175  175  175  174  174  173  173  173  172
  172  172  172  173  173  173  173  173  173  174  174  174  174  174  174  175
  175  175  175  175  175  175  175  175  175  175  175  175  174  174  174  173
  172  172  171  170  170  169  168  168  167  167  167  166  166  167  167  167
  169  170  167  167  168  163  168  170  165                                   
    82.5-180.0 180.0   5.0 450.0                            LAT/LON1/LON2/DLON/H
  152  169  171  168  168  173  173  173  172  172  170  170  169  169  168  168
  168  169  169  170  170  171  171  172  173  173  174  174  175  175  175  176
  176  176  177  177  177  177  177  176  176  176  176  175  175  174  174  173
  172  171  170  168  167  166  165  164  163  162  161  161  160  160  161  161
  162  163  161  164  163  169  167  155  152                                   
    80.0-180.0 180.0   5.0 450.0                            LAT/LON1/LON2/DLON/H
  147  159  164  163  161  162  162  163  163  162  161  160  159  159  158  158
  159  160  161  161  162  163  164  165  166  167  168  169  169  170  171  171
  172  172  173  173  173  173  173  173  173  173  173  172  172  172  171  170
  169  168  166  164  163  161  159  157  155  154  152  151  150  150  150  150
  151  152  151  154  152  153  158  148  147                                   
    77.5-180.0 180.0   5.0 450.0                            LAT/LON1/LON2/DLON/H
  147  154  158  158  157  158  157  157  156  155  152  151  150  149  149  150
  151  152  154  156  158  159  161  162  163  164  165  166  167  168  169  170
  172  173  174  174  175  175  175  175  175  175  175  175  175  174  174  173
  172  171  169  167  165  162  160  157  154  152  149  147  146  144  143  143
  143  143  142  144  148  144  148  145  147                                   
    75.0-180.0 180.0   5.0 450.0                            LAT/LON1/LON2/DLON/H
  139  146  146  149  148  150  149  149  148  147  144  142  141  140  140  141
  143  145  147  150  152  154  156  157  158  159  160  161  163  164  166  168
  170  172  173  174  175  176  176  176  176  176  176  176  176  176  175  175
  174  173  171  169  167  164  161  157  154  151  148  145  142  140  138  137
  136  135  134  133  137  136  139  131  139                                   
    72.5-180.0 180.0   5.0 450.0                            LAT/LON1/LON2/DLON/H
  130  137  138  142  142  144  145  144  142  140  137  135  133  132  132  133
  136  138  141  144  147  149  151  152  153  153  154  155  157  159  162  165
  167  170  172  174  175  176  176  177  177  177  177  177  177  177  178  177
  177  176  175  173  170  168  165  161  158  154  151  147  144  141  138  136
  133  131  129  126  127  126  130  127  130                                   
    70.0-180.0 180.0   5.0 450.0                            LAT/LON1/LON2/DLON/H
  123  128  130  134  135  138  139  139  138  136  133  131  129  127  127  128
  130  133  136  139  142  144  145  145  145  146  146  147  149  152  156  160
  164  167  170  173  174  175  176  176  176  176  176  176  176  176  176  176
  176  175  174  173  171  169  166  164  161  158  155  151  148  144  141  137
  133  129  125  122  121  120  124  121  123                                   
    67.5-180.0 180.0   5.0 450.0                            LAT/LON1/LON2/DLON/H
  116  123  125  131  133  137  139  141  140  139  136  133  131  129  128  129
  130  132  135  138  140  141  142  141  141  140  140  141  144  147  151  156
  161  165  169  172  174  175  176  176  176  176  176  177  177  177  177  177
  176  176  175  174  173  172  171  170  168  166  164  161  158  154  150  145
  139  133  127  122  118  116  119  116  116                                   
    65.0-180.0 180.0   5.0 450.0                            LAT/LON1/LON2/DLON/H
  112  118  120  127  129  135  139  142  142  142  139  137  135  132  131  130
  131  132  134  136  137  138  138  137  136  135  136  137  140  144  149  154
  160  165  169  172  175  176  177  177  178  178  178  178  178  177  176  175
  174  174  173  173  173  174  174  174  174  174  173  172  169  165  160  155
  147  140  132  125  120  118  120  117  112                                   
    62.5-180.0 180.0   5.0 450.0                            LAT/LON1/LON2/DLON/H
  109  116  118  124  127  134  139  143  145  146  145  143  141  138  136  135
  134  134  135  136  136  136  136  135  134  134  134  136  139  144  149  155
  160  166  170  174  177  178  180  180  181  181  181  181  180  179  177  175
  173  171  171  172  173  175  177  179  181  182  183  182  180  177  171  165
  156  147  138  130  124  119  121  119  109                                   
    60.0-180.0 180.0   5.0 450.0                            LAT/LON1/LON2/DLON/H
  108  113  115  120  124  132  137  142  146  148  148  147  146  144  142  140
  138  136  135  135  135  134  134  134  133  134  136  138  142  147  153  158
  164  169  174  177  181  183  184  185  186  187  187  186  185  182  179  175
  172  169  169  170  173  176  180  183  186  189  190  191  189  186  180  172
  163  153  143  134  127  122  124  121  108                                   
    57.5-180.0 180.0   5.0 450.0                            LAT/LON1/LON2/DLON/H
  109  112  113  117  120  128  134  139  144  147  148  149  148  148  146  144
  141  139  136  135  134  134  134  134  136  138  141  145  150  155  160  166
  171  176  180  184  188  190  192  194  195  195  196  195  192  189  184  178
  173  170  169  171  174  179  184  188  192  194  196  197  196  192  186  177
  167  156  146  137  130  124  126  123  109                                   
    55.0-180.0 180.0   5.0 450.0                            LAT/LON1/LON2/DLON/H
  110  110  110  114  116  124  129  135  139  142  144  147  148  149  148  147
  144  140  137  135  133  133  134  136  140  144  149  154  160  165  170  175
  180  184  189  193  197  200  202  204  205  206  206  204  201  197  190  183
  177  173  172  174  178  183  188  193  196  199  200  200  198  194  187  178
  166  156  146  137  130  124  127  124  110                                   
    52.5-180.0 180.0   5.0 450.0                            LAT/LON1/LON2/DLON/H
  111  108  108  111  112  120  125  129  133  137  139  142  145  147  149  148
  145  142  138  135  133  134  136  139  144  150  157  164  171  176  181  186
  190  194  199  204  209  212  214  215  216  216  216  214  211  205  198  191
  184  179  177  179  183  189  194  198  200  202  202  201  199  193  186  176
  164  153  143  135  129  123  126  124  111                                   
    50.0-180.0 180.0   5.0 450.0                            LAT/LON1/LON2/DLON/H
  112  107  106  109  110  117  122  126  129  132  135  138  142  145  148  148
  146  143  139  136  134  135  138  143  149  157  165  174  181  187  192  196
  200  206  211  217  222  226  228  228  228  227  226  224  220  214  207  199
  192  187  185  186  191  196  201  204  205  205  203  201  198  192  184  173
  161  149  139  132  126  122  125  122  112                                   
    47.5-180.0 180.0   5.0 450.0                            LAT/LON1/LON2/DLON/H
  112  108  107  109  110  117  122  125  128  131  133  137  141  145  148  149
  148  144  140  137  136  137  141  147  155  164  173  182  190  196  201  206
  211  217  225  232  239  243  244  243  241  239  236  233  229  223  216  208
  201  196  194  195  199  204  208  210  210  208  205  202  198  192  184  173
  160  148  137  130  125  121  124  121  112                                   
    45.0-180.0 180.0   5.0 450.0                            LAT/LON1/LON2/DLON/H
  113  110  109  112  113  120  125  128  131  134  136  139  143  147  150  151
  150  147  143  140  139  141  145  152  161  171  181  190  198  204  209  215
  222  230  240  250  258  262  263  261  257  252  248  244  239  233  226  218
  211  206  203  204  207  212  216  217  215  212  209  205  201  195  187  176
  163  151  139  131  125  122  124  121  113                                   
    42.5-180.0 180.0   5.0 450.0                            LAT/LON1/LON2/DLON/H
  115  114  113  117  119  125  130  134  138  142  144  147  150  153  156  157
  155  152  148  145  144  146  151  159  168  178  189  198  206  212  219  226
  235  246  259  271  281  286  286  282  276  270  263  257  251  244  237  230
  223  217  213  213  216  220  223  223  221  217  213  210  206  201  193  184
  170  158  145  135  129  125  126  122  115                                   
    40.0-180.0 180.0   5.0 450.0                            LAT/LON1/LON2/DLON/H
  118  120  120  124  125  132  137  142  147  152  156  159  161  164  165  165
  163  160  156  152  151  153  159  167  177  188  198  207  215  222  230  239
  251  266  282  298  310  315  315  310  302  293  284  276  268  260  252  244
  236  230  225  223  224  227  230  230  227  223  219  215  212  208  202  194
  181  168  155  144  136  132  132  126  118                                   
    37.5-180.0 180.0   5.0 450.0                            LAT/LON1/LON2/DLON/H
  124  129  129  131  133  138  144  150  157  164  169  173  175  177  177  176
  174  171  166  162  161  164  169  178  188  199  210  219  227  235  245  256
  272  291  311  330  343  350  349  343  333  322  311  300  290  281  272  263
  254  245  239  235  234  236  238  237  234  229  225  221  219  216  212  204
  193  181  166  155  145  141  140  133  124                                   
    35.0-180.0 180.0   5.0 450.0                            LAT/LON1/LON2/DLON/H
  133  140  140  140  141  145  150  156  164  173  180  186  189  191  191  190
  188  184  180  176  175  177  183  192  202  213  223  233  242  252  263  278
  298  321  344  366  381  389  388  381  370  357  344  331  319  307  296  286
  276  266  257  251  248  247  247  245  241  235  230  226  224  222  219  213
  203  192  178  166  157  152  150  142  133                                   
    32.5-180.0 180.0   5.0 450.0                            LAT/LON1/LON2/DLON/H
  144  152  152  150  149  151  155  160  169  179  188  196  202  205  206  206
  204  201  197  194  192  194  199  207  218  228  239  249  260  272  286  305
  328  354  382  405  422  429  428  420  409  395  381  367  352  339  327  315
  304  292  280  271  266  262  259  255  248  240  233  228  225  223  221  217
  209  200  187  177  168  163  161  152  144                                   
    30.0-180.0 180.0   5.0 450.0                            LAT/LON1/LON2/DLON/H
  156  164  163  160  158  157  159  162  171  181  192  202  210  215  219  221
  221  220  218  214  212  213  218  225  235  245  256  267  280  294  312  334
  361  391  420  444  459  466  464  457  445  432  417  402  387  373  359  347
  335  322  309  297  288  281  274  265  254  243  233  226  222  220  219  216
  210  203  193  184  177  172  171  163  156                                   
    27.5-180.0 180.0   5.0 450.0                            LAT/LON1/LON2/DLON/H
  169  176  174  170  168  166  165  165  171  180  191  203  214  223  230  235
  238  240  239  237  235  236  239  245  253  262  273  286  300  318  339  365
  394  425  453  476  489  494  491  484  473  461  448  434  419  405  392  380
  368  354  339  325  312  301  289  275  260  244  230  220  215  212  211  210
  206  202  194  187  183  180  179  172  169                                   
    25.0-180.0 180.0   5.0 450.0                            LAT/LON1/LON2/DLON/H
  178  185  183  181  179  176  173  170  172  179  189  201  215  227  237  246
  254  258  260  260  259  259  261  265  271  279  290  304  322  342  366  393
  423  452  477  495  505  508  505  498  489  479  468  457  444  431  419  408
  396  383  367  351  335  319  302  283  262  242  225  213  206  202  201  201
  199  197  191  187  185  183  184  179  178                                   
    22.5-180.0 180.0   5.0 450.0                            LAT/LON1/LON2/DLON/H
  184  192  190  191  190  187  182  176  174  178  186  198  213  228  242  255
  267  275  280  282  282  282  283  285  289  296  307  323  342  365  390  417
  444  469  489  502  508  509  506  500  493  486  479  470  460  449  439  429
  419  405  389  370  351  331  311  288  263  240  221  207  198  193  192  192
  192  191  186  184  184  184  186  183  184                                   
    20.0-180.0 180.0   5.0 450.0                            LAT/LON1/LON2/DLON/H
  186  194  193  198  198  197  192  184  178  178  184  196  212  229  246  262
  278  290  299  303  304  304  305  306  308  314  325  341  362  385  410  434
  457  477  491  499  503  502  499  494  489  485  481  476  469  460  451  442
  433  419  402  382  360  338  315  290  264  240  219  204  194  188  186  186
  186  186  182  180  181  181  184  182  186                                   
    17.5-180.0 180.0   5.0 450.0                            LAT/LON1/LON2/DLON/H
  184  193  192  200  202  203  199  190  182  180  184  195  211  229  248  268
  287  304  315  321  324  325  325  326  328  333  344  360  381  404  427  448
  466  480  489  494  495  494  491  488  484  482  481  478  472  465  457  449
  439  425  407  385  363  340  317  293  267  244  223  207  196  189  186  185
  184  183  179  176  178  177  180  177  184                                   
    15.0-180.0 180.0   5.0 450.0                            LAT/LON1/LON2/DLON/H
  178  188  188  196  200  202  200  192  185  181  184  195  211  230  251  273
  295  314  328  336  340  343  345  346  348  353  363  380  400  422  442  459
  473  483  488  491  491  490  488  485  483  483  482  479  474  466  459  450
  440  425  406  384  362  340  319  296  274  252  232  216  204  196  192  190
  187  184  179  175  175  173  174  171  178                                   
    12.5-180.0 180.0   5.0 450.0                            LAT/LON1/LON2/DLON/H
  172  181  180  187  191  194  194  188  183  180  183  194  210  229  251  275
  300  322  338  348  354  358  362  365  368  374  384  400  420  440  458  472
  481  487  490  491  491  491  490  489  489  488  487  483  476  467  458  448
  436  421  401  379  358  339  320  301  282  263  245  230  218  209  203  199
  194  189  183  176  174  170  169  164  172                                   
    10.0-180.0 180.0   5.0 450.0                            LAT/LON1/LON2/DLON/H
  167  173  170  175  177  178  180  177  175  174  179  191  207  227  249  275
  301  325  343  355  362  369  376  383  388  394  404  420  440  459  474  485
  491  494  495  495  495  497  498  499  499  498  495  488  477  466  455  444
  430  413  393  373  354  337  322  307  291  274  259  244  232  222  215  209
  202  196  187  180  175  168  165  158  167                                   
     7.5-180.0 180.0   5.0 450.0                            LAT/LON1/LON2/DLON/H
  163  166  160  161  160  159  162  161  161  163  170  183  200  221  244  270
  298  324  343  356  366  376  387  397  405  413  424  440  458  476  490  498
