data/edconvlstm_nd/pred3570.15i
     1.0            IONOSPHERE MAPS     GNSS                IONEX VERSION / TYPE
pyspatialgeodesy        IME             05-JAN-18 20:20     PGM / RUN BY / DATE 
Map Name                                                    COMMENT             
Predicted global ionosphere maps (GIM).                     DESCRIPTION         
  2015    12    23     0     0     0                        EPOCH OF FIRST MAP  
  2015    12    24     0     0     0                        EPOCH OF LAST MAP   
  7200                                                      INTERVAL            
    13                                                      # OF MAPS IN FILE   
  NONE                                                      MAPPING FUNCTION    
10.0                                                        ELEVATION CUTOFF    
One-way carrier phase leveled to code                       OBSERVABLES USED    
  6371.0                                                    BASE RADIUS         
 2                                                          MAP DIMENSION       
   450.0 450.0   0.0                                        HGT1 / HGT2 / DHGT  
    87.5 -87.5  -2.5                                        LAT1 / LAT2 / DLAT  
  -180.0 180.0   5.0                                        LON1 / LON2 / DLON  
    -1                                                      EXPONENT            
                                                            END OF HEADER       
[from data line 429]
     2                                                      START OF TEC MAP    
  2015    12    23     2     0     0                        EPOCH OF CURRENT MAP
    87.5-180.0 180.0   5.0 450.0                            LAT/LON1/LON2/DLON/H
   48   52   44   44   41   43   38   35   36   36   36   37   37   37   37   37
   38   38   38   38   38   38   37   37   37   37   37   37   36   36   36   36
   36   36   36   36   36   36   36   37   37   37   38   38   39   40   40   41
   42   42   43   43   43   44   44   44   44   43   43   43   42   42   41   41
   42   41   40   39   38   56   58   51   48                                   
    85.0-180.0 180.0   5.0 450.0                            LAT/LON1/LON2/DLON/H
   39   52   42   46   45   47   44   42   43   44   44   45   46   46   46   46
   46   46   45   45   44   43   42   41   40   40   39   38   38   37   37   37
   37   37   37   37   38   38   39   39   40   41   42   43   44   45   46   47
   47   48   49   49   49   50   50   50   50   49   49   49   49   48   48   48
   49   49   47   49   55   54   66   53   39                                   
    82.5-180.0 180.0   5.0 450.0                            LAT/LON1/LON2/DLON/H
   32   34   50   46   42   45   42   41   44   45   46   48   50   51   52   52
   52   52   51   50   48   46   44   42   40   38   37   35   34   33   32   31
   31   31   31   31   32   33   34   35   36   38   39   41   42   44   45   46
   47   48   49   49   49   49   49   49   49   49   48   48   47   47   47   47
   47   46   45   42   54   45   50   54   32                                   
    80.0-180.0 180.0   5.0 450.0                            LAT/LON1/LON2/DLON/H
   45   46   53   45   44   40   40   40   44   45   47   50   52   54   56   57
   57   56   55   53   51   48   45   42   39   36   34   32   30   29   28   27
   27   27   27   28   29   30   31   33   34   36   38   39   41   43   44   45
   46   46   47   47   47   47   47   47   47   47   47   47   47   47   47   48
   48   47   47   44   59   51   53   61   45                                   
    77.5-180.0 180.0   5.0 450.0                            LAT/LON1/LON2/DLON/H
   55   56   52   46   41   37   37   38   42   44   46   50   53   56   59   60
   61   60   58   56   53   49   46   42   38   35   32   30   28   26   25   25
   25   25   26   27   28   29   31   33   34   36   38   40   41   43   44   45
   45   45   45   45   45   44   44   44   44   44   44   44   45   46   46   48
   49   49   48   48   54   48   49   56   55                                   
    75.0-180.0 180.0   5.0 450.0                            LAT/LON1/LON2/DLON/H
   58   59   59   52   44   41   40   40   44   45   47   51   54   57   60   61
   62   61   59   56   53   50   46   42   38   35   33   31   29   29   28   28
   29   29   30   31   33   34   36   37   39   40   42   43   44   45   45   45
   45   44   44   43   42   41   41   41   41   41   41   42   44   45   47   50
   51   53   54   51   59   57   56   60   58                                   
    72.5-180.0 180.0   5.0 450.0                            LAT/LON1/LON2/DLON/H
   67   68   67   58   52   48   47   47   50   51   52   55   57   60   61   62
   62   61   60   57   54   51   48   45   42   40   38   37   36   36   36   37
   38   38   39   40   41   42   43   44   45   46   47   48   48   48   48   47
   46   45   44   42   41   41   40   40   40   41   42   43   45   48   51   55
   58   60   65   64   71   68   67   69   67                                   
    70.0-180.0 180.0   5.0 450.0                            LAT/LON1/LON2/DLON/H
   80   80   80   72   64   59   57   56   58   57   57   58   60   60   61   61
   60   59   56   54   52   49   47   45   44   43   42   42   43   43   44   45
   45   46   46   47   47   47   48   48   49   50   50   50   50   49   49   47
   46   45   43   43   42   42   42   42   43   44   46   48   50   53   57   62
   66   69   75   76   83   81   80   76   80                                   
    67.5-180.0 180.0   5.0 450.0                            LAT/LON1/LON2/DLON/H
   90   90   88   81   72   66   63   61   61   60   58   58   58   57   56   55
   53   52   49   47   45   44   42   42   42   42   42   43   44   45   45   46
   46   46   45   45   44   44   44   44   45   45   45   45   45   44   43   42
   41   40   39   39   40   41   42   43   45   47   49   51   54   57   61   67
   70   74   81   82   90   89   88   84   90                                   
    65.0-180.0 180.0   5.0 450.0                            LAT/LON1/LON2/DLON/H
   99   99   95   89   79   72   69   67   66   63   61   59   58   56   54   52
   50   48   46   44   42   41   40   40   41   42   43   44   45   45   45   45
   44   43   41   40   39   38   38   38   39   39   40   40   40   39   38   37
   36   36   37   38   40   43   46   49   52   54   57   60   63   66   70   75
   79   82   88   88   96   97   97   93   99                                   
    62.5-180.0 180.0   5.0 450.0                            LAT/LON1/LON2/DLON/H
  106  105  101   97   87   79   75   72   71   67   64   62   59   57   55   53
   50   48   46   44   42   41   41   42   42   43   44   45   45   45   44   42
   40   38   36   34   33   32   32   32   33   34   35   35   35   35   34   34
   34   35   36   39   43   48   53   58   62   66   70   73   77   80   84   88
   91   94   98   97  103  104  104  102  106                                   
    60.0-180.0 180.0   5.0 450.0                            LAT/LON1/LON2/DLON/H
  110  110  106  101   91   83   78   75   73   68   64   62   60   58   56   54
   52   50   48   46   44   43   43   43   44   44   44   44   43   41   39   37
   34   32   29   28   26   26   25   26   27   28   29   30   30   30   30   30
   30   32   35   39   45   52   58   65   71   77   82   86   90   94   98  102
  104  105  107  105  109  110  111  109  110                                   
    57.5-180.0 180.0   5.0 450.0                            LAT/LON1/LON2/DLON/H
  116  116  111  105   96   86   81   76   73   68   63   61   59   58   58   57
   56   54   52   50   47   46   45   45   44   43   43   41   40   37   34   31
   28   26   24   22   21   21   21   22   23   24   26   27   27   27   27   27
   27   29   33   39   46   55   63   72   80   86   93   99  104  108  112  116
  117  117  118  115  118  118  118  117  116                                   
    55.0-180.0 180.0   5.0 450.0                            LAT/LON1/LON2/DLON/H
  123  124  119  112  103   92   85   79   74   67   61   58   57   57   58   59
   59   57   55   52   50   47   45   44   43   42   40   38   36   33   30   27
   24   22   20   20   19   19   20   21   22   23   24   25   26   26   25   25
   26   28   32   39   47   57   67   76   85   93  101  108  115  121  126  130
  130  129  130  127  129  128  128  126  123                                   
    52.5-180.0 180.0   5.0 450.0                            LAT/LON1/LON2/DLON/H
  134  136  131  123  114  102   94   85   77   67   59   55   54   54   56   58
   59   58   56   53   49   46   44   42   40   38   36   34   32   29   26   23
   21   20   20   20   21   21   21   22   23   24   25   26   27   27   26   26
   27   29   33   40   49   59   70   80   90   98  107  116  125  132  138  142
  142  141  142  140  142  139  140  138  134                                   
    50.0-180.0 180.0   5.0 450.0                            LAT/LON1/LON2/DLON/H
  147  151  145  139  130  118  108   96   85   71   60   54   51   51   53   55
   56   55   53   50   46   43   41   38   36   34   33   31   29   27   24   22
   21   21   22   23   25   25   25   26   26   27   28   30   30   30   30   30
   31   33   37   44   53   63   74   84   94  103  113  123  132  141  148  153
  153  152  154  152  155  152  153  151  147                                   
    47.5-180.0 180.0   5.0 450.0                            LAT/LON1/LON2/DLON/H
  161  166  160  156  148  137  127  112   98   81   66   57   52   50   50   51
   51   50   47   44   42   39   37   35   33   32   30   29   28   26   25   23
   23   24   26   29   31   31   31   31   31   32   33   34   35   36   36   36
   37   39   44   50   59   69   80   90   99  108  118  129  140  149  156  162
  162  162  164  162  166  163  165  164  161                                   
    45.0-180.0 180.0   5.0 450.0                            LAT/LON1/LON2/DLON/H
  172  178  172  171  165  155  146  131  114   94   76   64   56   51   50   49
   47   45   42   40   38   36   35   34   32   31   30   29   28   27   26   25
   25   28   31   34   37   37   37   36   36   36   38   40   41   42   43   44
   45   48   52   58   67   78   88   97  106  115  125  137  148  157  164  168
  169  169  171  170  174  172  176  176  172                                   
    42.5-180.0 180.0   5.0 450.0                            LAT/LON1/LON2/DLON/H
  179  183  177  181  176  168  161  147  129  108   89   75   64   57   53   49
   46   43   40   38   37   37   36   35   33   32   31   30   29   28   26   26
   27   30   35   39   42   43   42   40   40   42   44   46   48   49   51   52
   54   57   61   68   77   87   98  107  116  125  135  146  157  166  171  175
  175  174  177  174  179  178  183  186  179                                   
    40.0-180.0 180.0   5.0 450.0                            LAT/LON1/LON2/DLON/H
  179  181  175  181  178  172  167  155  140  120  102   87   75   66   60   54
   50   46   43   41   41   41   40   39   37   35   33   31   30   28   27   27
   29   32   37   42   45   46   45   44   44   47   50   53   55   56   58   60
   62   65   69   76   86   98  109  119  128  138  148  160  170  177  181  183
  182  180  182  179  183  182  188  193  179                                   
    37.5-180.0 180.0   5.0 450.0                            LAT/LON1/LON2/DLON/H
  176  172  166  172  171  167  163  155  143  126  111   98   87   77   69   63
   57   53   51   50   50   49   47   45   41   38   36   33   30   28   27   28
   30   35   40   45   48   49   48   47   49   52   55   59   61   62   63   65
   67   70   76   84   95  109  122  134  144  155  166  177  186  192  194  195
  192  190  190  186  188  187  193  199  176                                   
    35.0-180.0 180.0   5.0 450.0                            LAT/LON1/LON2/DLON/H
  172  163  156  158  158  154  152  146  137  125  114  105   96   88   80   73
   68   64   62   62   62   60   57   52   47   43   39   36   33   31   30   32
   35   40   45   49   52   52   52   52   53   57   61   64   66   66   66   68
   70   74   80   89  103  120  136  151  164  176  188  199  207  211  211  211
  207  204  204  199  199  196  203  209  172                                   
    32.5-180.0 180.0   5.0 450.0                            LAT/LON1/LON2/DLON/H
  176  161  151  148  146  142  139  134  127  119  111  107  102   96   90   84
   80   77   76   76   74   71   65   59   53   48   44   41   39   37   38   41
   45   49   54   57   59   58   58   57   59   63   67   70   70   68   68   69
   71   75   83   95  112  132  152  170  185  200  213  223  230  233  232  231
  227  225  225  219  218  213  219  224  176                                   
    30.0-180.0 180.0   5.0 450.0                            LAT/LON1/LON2/DLON/H
  192  175  160  152  146  138  132  125  118  111  106  105  103  100   96   93
   90   89   88   87   84   78   71   64   59   55   53   51   50   50   53   57
   61   65   67   69   69   68   66   65   66   70   73   74   72   70   68   69
   72   77   87  102  122  146  169  190  208  224  238  248  254  255  255  254
  252  251  252  247  245  240  246  248  192                                   
    27.5-180.0 180.0   5.0 450.0                            LAT/LON1/LON2/DLON/H
  226  210  188  175  165  152  140  128  117  107  103  102  101  100   98   97
   96   95   95   92   87   80   73   67   65   65   65   66   68   70   75   80
   84   87   86   85   82   79   76   74   74   75   77   76   74   70   68   69
   73   80   92  110  134  160  187  211  232  249  264  273  277  278  278  279
  279  281  284  280  279  275  281  282  226                                   
    25.0-180.0 180.0   5.0 450.0                            LAT/LON1/LON2/DLON/H
  277  264  236  219  206  188  170  149  130  115  106  102  100   99   97   96
   96   96   94   89   83   76   72   71   74   78   84   88   93   98  104  110
  113  113  109  104   98   93   87   83   81   80   80   78   74   70   68   69
   75   84   99  120  147  176  205  231  254  273  288  296  299  299  300  303
  305  312  318  316  316  316  323  325  277                                   
    22.5-180.0 180.0   5.0 450.0                            LAT/LON1/LON2/DLON/H
  342  335  303  286  270  247  221  189  161  138  122  112  106  101   98   95
   94   92   88   82   76   72   73   79   88   98  109  117  124  131  138  143
  145  140  132  122  113  105   97   90   85   82   80   77   73   69   68   70
   78   89  107  130  159  190  220  248  274  295  310  318  320  319  320  324
  330  340  349  350  353  360  369  372  342                                   
    20.0-180.0 180.0   5.0 450.0                            LAT/LON1/LON2/DLON/H
  413  417  391  377  357  328  293  250  210  177  151  134  121  112  105  100
   95   90   84   78   74   75   82   94  110  125  139  150  158  166  172  175
  173  164  151  137  124  113  103   94   87   83   79   76   71   68   68   72
   81   95  114  139  169  201  232  261  289  312  328  336  338  337  338  343
  351  363  374  380  386  399  413  418  413                                   
    17.5-180.0 180.0   5.0 450.0                            LAT/LON1/LON2/DLON/H
  479  500  487  481  458  424  381  327  276  231  196  169  149  134  122  113
  106   98   90   85   84   90  104  122  141  159  173  184  191  196  200  199
  193  180  163  145  130  117  106   96   88   82   78   74   70   68   69   74
   84  100  120  146  176  207  238  269  298  324  341  351  353  353  354  360
  369  382  394  403  412  431  450  457  479                                   
    15.0-180.0 180.0   5.0 450.0                            LAT/LON1/LON2/DLON/H
  528  570  571  575  551  517  470  410  352  298  252  217  189  168  152  139
  128  119  112  108  111  123  141  161  181  197  208  214  217  218  216  211
  201  185  166  147  131  117  106   96   88   83   79   75   72   70   71   77
   88  104  125  151  180  210  241  272  302  329  348  360  364  365  368  375
  384  397  409  421  431  454  477  485  528                                   
    12.5-180.0 180.0   5.0 450.0                            LAT/LON1/LON2/DLON/H
  558  613  626  639  618  587  542  483  425  368  316  274  240  213  193  177
  164  155  149  149  157  173  193  212  227  235  237  235  232  227  221  212
  199  182  163  145  129  116  105   97   90   86   83   80   77   75   77   83
   93  109  129  154  182  211  241  271  301  328  349  363  369  373  378  386
  396  408  420  434  445  467  493  503  558                                   
    10.0-180.0 180.0   5.0 450.0                            LAT/LON1/LON2/DLON/H
  572  630  647  664  650  624  584  534  483  430  379  334  296  267  244  226
  213  204  201  205  218  236  254  268  272  267  257  246  235  225  215  203
  189  174  158  142  128  116  107  100   95   92   90   88   86   84   85   91
  101  115  134  157  183  210  238  266  294  321  344  359  368  375  383  393
  403  415  427  442  454  475  501  510  572                                   
     7.5-180.0 180.0   5.0 450.0                            LAT/LON1/LON2/DLON/H
  576  626  642  657  649  629  595  557  518  476  432  391  355  325  302  284
  270  263  263  270  285  303  316  319  309  289  266  246  231  217  204  191
