data/edconvlstm_nd/pred1870.15i
     1.0            IONOSPHERE MAPS     GNSS                IONEX VERSION / TYPE
pyspatialgeodesy        IME             05-JAN-18 20:20     PGM / RUN BY / DATE 
Map Name                                                    COMMENT             
Predicted global ionosphere maps (GIM).                     DESCRIPTION         
  2015     7     6     0     0     0                        EPOCH OF FIRST MAP  
  2015     7     7     0     0     0                        EPOCH OF LAST MAP   
  7200                                                      INTERVAL            
    13                                                      # OF MAPS IN FILE   
  NONE                                                      MAPPING FUNCTION    
10.0                                                        ELEVATION CUTOFF    
One-way carrier phase leveled to code                       OBSERVABLES USED    
  6371.0                                                    BASE RADIUS         
 2                                                          MAP DIMENSION       
   450.0 450.0   0.0                                        HGT1 / HGT2 / DHGT  
    87.5 -87.5  -2.5                                        LAT1 / LAT2 / DLAT  
  -180.0 180.0   5.0                                        LON1 / LON2 / DLON  
    -1                                                      EXPONENT            
                                                            END OF HEADER       
[from data line 1716]
     5                                                      START OF TEC MAP    
  2015     7     6     8     0     0                        EPOCH OF CURRENT MAP
    87.5-180.0 180.0   5.0 450.0                            LAT/LON1/LON2/DLON/H
  133  125  123  126  130  128  127  124  126  127  127  128  128  128  129  129
  129  129  129  129  130  130  130  130  130  130  130  131  131  131  131  131
  131  131  132  132  132  133  133  134  134  135  136  136  137  138  138  138
  139  139  138  138  138  137  136  135  134  133  132  131  130  128  127  126
  125  126  124  122  127  124  129  129  133                                   
    85.0-180.0 180.0   5.0 450.0                            LAT/LON1/LON2/DLON/H
  126  125  129  128  131  131  131  131  132  133  133  133  133  134  134  134
  134  134  134  134  135  135  135  136  136  136  137  137  137  138  138  139
  139  139  140  141  141  142  143  144  145  146  147  148  149  150  151  152
  152  152  152  151  151  150  149  147  146  144  143  141  139  137  135  134
  133  134  128  128  123  122  126  127  126                                   
    82.5-180.0 180.0   5.0 450.0                            LAT/LON1/LON2/DLON/H
  117  127  127  125  127  129  129  130  131  131  131  132  131  131  131  131
  130  130  130  131  131  131  132  133  133  134  135  135  136  137  137  138
  139  140  141  142  143  145  147  149  151  153  155  157  159  161  162  164
  164  165  165  164  163  162  161  159  156  154  151  149  146  143  139  137
  135  133  127  128  127  125  122  114  117                                   
    80.0-180.0 180.0   5.0 450.0                            LAT/LON1/LON2/DLON/H
  114  121  120  122  124  124  125  126  128  128  127  127  127  126  125  124
  123  122  122  122  123  123  124  125  126  127  127  128  129  130  131  132
  133  134  135  137  139  141  143  146  149  152  156  159  162  165  167  169
  171  172  172  172  171  169  167  165  162  159  156  152  149  145  141  137
  134  131  125  125  122  123  129  115  114                                   
    77.5-180.0 180.0   5.0 450.0                            LAT/LON1/LON2/DLON/H
  118  123  123  124  125  126  127  128  130  129  128  127  126  124  122  120
  119  118  117  117  117  118  119  120  121  123  124  125  126  128  129  130
  132  133  135  136  139  141  144  148  152  157  161  166  171  175  179  182
  184  185  186  186  185  184  182  180  177  174  170  166  161  156  151  147
  142  138  130  129  127  125  127  123  118                                   
    75.0-180.0 180.0   5.0 450.0                            LAT/LON1/LON2/DLON/H
  117  125  120  122  123  125  126  126  127  126  125  123  121  118  116  113
  111  109  108  108  108  109  111  112  113  115  116  118  119  121  123  124
  126  128  129  131  133  136  139  144  148  154  160  166  171  177  181  185
  188  190  191  191  191  190  188  186  183  180  177  173  169  164  159  154
  148  143  135  129  127  125  129  124  117                                   
    72.5-180.0 180.0   5.0 450.0                            LAT/LON1/LON2/DLON/H
  122  129  124  125  125  126  128  127  128  127  125  123  121  118  114  111
  109  107  106  106  106  107  109  111  112  114  115  117  119  121  124  126
  128  130  132  134  136  138  142  146  151  157  164  170  177  183  188  192
  195  197  198  198  198  197  195  193  192  189  187  184  181  177  172  168
  161  156  148  142  135  132  133  130  122                                   
    70.0-180.0 180.0   5.0 450.0                            LAT/LON1/LON2/DLON/H
  130  134  128  126  124  123  123  122  123  121  120  118  116  113  110  106
  104  102  101  101  102  103  105  107  108  110  111  113  116  119  122  126
  129  132  134  135  137  139  142  146  151  157  164  171  178  184  189  193
  196  197  197  197  196  195  194  193  192  191  190  189  187  184  180  177
  171  165  157  151  144  140  142  139  130                                   
    67.5-180.0 180.0   5.0 450.0                            LAT/LON1/LON2/DLON/H
  136  139  132  127  122  119  118  115  115  114  113  113  111  109  106  103
  101   99   99   99  100  101  103  104  105  106  108  110  113  117  122  126
  130  134  136  137  138  140  142  145  150  157  164  171  178  184  188  192
  193  194  193  192  191  190  189  188  188  188  189  189  189  188  186  183
  179  173  166  159  152  148  149  146  136                                   
    65.0-180.0 180.0   5.0 450.0                            LAT/LON1/LON2/DLON/H
  144  145  135  128  120  114  111  107  106  105  105  106  105  104  103  101
  100   99   98   99   99  101  102  102  103  104  105  108  112  117  123  129
  134  139  141  142  143  144  145  149  153  160  167  175  181  187  190  192
  193  192  191  189  187  186  185  185  185  187  189  191  192  192  191  190
  186  181  174  168  162  158  159  157  144                                   
    62.5-180.0 180.0   5.0 450.0                            LAT/LON1/LON2/DLON/H
  151  152  141  130  118  110  104   98   96   95   95   97   98   99   99   99
   98   98   97   98   98   99  100  100  100  101  102  105  110  117  124  132
  139  144  147  148  148  149  150  153  158  165  172  180  186  191  194  195
  195  193  191  189  186  185  184  184  185  187  189  192  194  195  195  194
  191  187  180  176  170  166  168  167  151                                   
    60.0-180.0 180.0   5.0 450.0                            LAT/LON1/LON2/DLON/H
  159  159  147  134  119  107   98   89   86   84   84   87   89   92   93   94
   94   94   94   94   94   95   95   95   95   96   98  102  109  117  125  134
  142  148  151  153  153  154  155  159  164  171  179  187  193  197  199  200
  199  197  194  192  190  188  187  187  188  190  192  195  197  198  197  196
  193  190  185  181  176  174  176  175  159                                   
    57.5-180.0 180.0   5.0 450.0                            LAT/LON1/LON2/DLON/H
  168  168  155  141  122  108   96   85   79   75   74   76   79   83   86   88
   89   89   88   88   88   88   88   89   90   91   95  100  108  117  127  137
  145  151  155  158  159  160  162  166  172  180  188  196  202  206  208  208
  207  205  203  201  200  198  197  197  197  198  199  200  201  201  200  199
  196  193  188  186  183  181  183  183  168                                   
    55.0-180.0 180.0   5.0 450.0                            LAT/LON1/LON2/DLON/H
  177  176  164  150  130  114   99   85   76   69   66   66   69   72   76   79
   80   80   80   79   79   79   80   81   83   87   92   99  108  119  129  139
  147  154  158  162  164  166  170  174  181  189  198  206  213  217  219  219
  218  217  216  215  214  213  212  211  210  210  209  209  208  206  204  202
  199  197  193  191  189  188  190  190  177                                   
    52.5-180.0 180.0   5.0 450.0                            LAT/LON1/LON2/DLON/H
  186  185  174  162  141  124  108   91   78   68   62   60   61   63   66   69
   71   71   70   69   69   69   71   74   78   84   91  100  111  122  132  142
  150  156  161  166  170  173  178  183  190  199  208  217  224  229  231  232
  232  232  233  232  232  231  229  228  226  224  222  219  216  212  209  207
  204  202  199  197  196  196  197  196  186                                   
    50.0-180.0 180.0   5.0 450.0                            LAT/LON1/LON2/DLON/H
  195  192  184  173  154  137  121  102   87   73   63   58   56   57   59   61
   62   62   61   60   60   61   64   69   75   83   93  104  116  127  137  146
  153  159  165  171  176  182  187  193  200  209  219  228  235  241  244  247
  248  250  251  251  251  249  248  246  243  240  236  231  226  221  217  214
  212  211  207  206  205  204  204  203  195                                   
    47.5-180.0 180.0   5.0 450.0                            LAT/LON1/LON2/DLON/H
  202  197  191  183  166  151  135  116  100   84   71   62   57   55   55   56
   57   57   56   55   55   56   60   67   76   86   98  110  123  134  144  152
  158  164  170  177  184  191  197  204  211  219  229  238  247  253  258  262
  265  268  269  270  269  267  265  262  259  255  250  244  237  231  227  225
  223  222  219  217  215  214  213  210  202                                   
    45.0-180.0 180.0   5.0 450.0                            LAT/LON1/LON2/DLON/H
  206  199  194  187  174  161  148  131  115   98   83   72   65   60   57   56
   56   55   54   54   54   56   61   69   79   92  105  118  131  143  152  159
  164  170  177  185  193  201  208  215  221  229  239  249  258  267  273  279
  283  286  287  287  285  283  280  277  275  271  265  258  251  245  240  238
  237  236  233  230  226  224  222  218  206                                   
    42.5-180.0 180.0   5.0 450.0                            LAT/LON1/LON2/DLON/H
  207  198  193  187  176  166  156  142  128  113   98   87   77   70   65   62
   60   59   58   57   58   61   66   75   86   99  113  127  140  152  161  167
  173  178  186  194  204  213  220  226  232  240  249  260  271  281  289  296
  301  304  306  304  302  298  295  293  291  288  283  276  269  262  257  255
  254  253  248  243  238  234  231  227  207                                   
    40.0-180.0 180.0   5.0 450.0                            LAT/LON1/LON2/DLON/H
  206  195  189  182  173  165  157  147  137  125  114  103   93   84   77   72
   69   67   66   66   66   69   75   83   95  108  122  136  149  160  169  176
  182  188  196  206  216  224  231  237  242  250  260  272  284  295  305  313
  319  323  324  323  319  316  313  312  311  309  305  299  291  284  280  277
  274  272  265  258  250  244  240  235  206                                   
    37.5-180.0 180.0   5.0 450.0                            LAT/LON1/LON2/DLON/H
  206  192  186  176  166  159  153  147  141  134  126  118  109  100   91   85
   80   78   77   77   78   80   85   93  104  117  130  144  157  168  178  186
  193  199  207  217  227  235  241  246  252  260  271  284  297  310  322  331
  338  343  345  343  340  337  336  336  337  337  334  328  320  313  307  303
  299  294  284  273  262  254  249  243  206                                   
    35.0-180.0 180.0   5.0 450.0                            LAT/LON1/LON2/DLON/H
  209  193  185  172  160  152  147  143  141  139  135  131  124  115  106   98
   93   90   89   89   90   92   97  104  114  126  138  151  164  176  187  196
  204  211  219  227  236  244  249  254  261  270  282  296  311  325  338  349
  357  363  366  367  366  364  364  366  369  371  369  364  356  348  341  335
  327  319  306  290  276  264  258  252  209                                   
    32.5-180.0 180.0   5.0 450.0                            LAT/LON1/LON2/DLON/H
  218  200  190  173  159  148  142  140  140  141  141  140  135  127  119  111
  105  102  101  100  101  104  108  116  125  136  147  158  170  182  194  205
  213  221  228  235  243  249  255  261  268  279  292  307  323  338  352  364
  375  383  389  393  395  396  398  402  407  410  409  404  396  387  378  369
  359  347  329  310  292  277  269  264  218                                   
    30.0-180.0 180.0   5.0 450.0                            LAT/LON1/LON2/DLON/H
  233  214  201  182  165  152  144  140  141  144  146  147  144  138  129  121
  115  111  110  109  111  114  119  127  136  146  155  165  176  187  200  211
  220  227  234  241  247  253  259  266  275  286  301  317  332  348  363  377
  390  401  411  419  425  430  435  440  446  450  449  445  436  427  417  406
  392  377  356  333  311  293  283  278  233                                   
    27.5-180.0 180.0   5.0 450.0                            LAT/LON1/LON2/DLON/H
  255  233  219  199  179  164  153  148  147  149  152  154  152  146  138  130
  123  118  116  116  118  122  129  138  148  157  164  171  179  189  200  212
  222  230  237  244  251  257  263  270  281  294  308  324  339  355  371  387
  402  416  430  443  453  462  469  476  483  487  486  481  473  463  452  440
  425  407  385  359  334  312  299  295  255                                   
    25.0-180.0 180.0   5.0 450.0                            LAT/LON1/LON2/DLON/H
  278  255  241  221  200  183  171  163  160  160  161  162  160  155  147  138
  130  124  121  120  123  129  138  149  159  167  172  175  179  186  195  207
  218  229  238  247  254  261  268  276  287  300  315  329  344  360  376  393
  410  428  445  462  477  488  498  506  512  516  515  510  502  493  482  470
  455  438  414  387  360  335  318  314  278                                   
    22.5-180.0 180.0   5.0 450.0                            LAT/LON1/LON2/DLON/H
  301  277  263  245  223  207  194  184  178  175  173  172  169  164  156  147
  138  129  124  123  126  134  146  158  168  174  175  174  174  177  185  197
  211  226  239  250  259  267  275  284  295  308  321  335  349  364  380  398
  417  437  457  476  493  507  517  525  531  534  534  529  522  514  505  494
  481  465  443  416  387  358  338  334  301                                   
    20.0-180.0 180.0   5.0 450.0                            LAT/LON1/LON2/DLON/H
  318  294  281  266  245  231  217  208  199  192  188  184  180  175  167  157
  146  136  128  126  129  139  151  164  174  177  174  168  163  164  171  185
  203  223  241  256  268  278  286  295  305  317  330  342  355  369  386  404
  424  444  465  486  503  517  528  535  541  544  543  539  533  527  519  511
  501  487  468  441  412  380  357  352  318                                   
    17.5-180.0 180.0   5.0 450.0                            LAT/LON1/LON2/DLON/H
  329  304  293  280  261  248  236  228  218  210  203  198  193  187  179  168
  156  143  134  130  132  142  155  167  174  173  166  156  148  148  156  173
  196  222  245  265  281  292  301  309  319  330  341  352  364  378  395  413
  432  452  472  491  508  521  531  538  544  547  547  544  539  534  528  521
  513  503  486  461  433  399  373  366  329                                   
    15.0-180.0 180.0   5.0 450.0                            LAT/LON1/LON2/DLON/H
  332  308  298  284  268  256  246  240  231  224  216  210  204  198  191  180
  167  153  141  135  137  145  156  165  168  163  152  139  131  132  143  164
  192  223  252  276  294  308  317  326  335  344  353  364  375  389  406  424
  442  461  479  496  510  522  531  538  544  548  548  546  542  537  532  526
  519  511  497  474  446  411  383  375  332                                   
    12.5-180.0 180.0   5.0 450.0                            LAT/LON1/LON2/DLON/H
  332  308  298  281  266  254  246  242  236  229  223  217  212  207  201  191
  178  164  151  143  143  148  155  160  159  149  135  122  115  117  132  157
  189  225  258  286  307  322  333  341  349  357  366  375  387  401  418  436
  453  470  486  501  514  524  532  539  546  550  552  550  546  541  534  527
  520  512  500  479  452  416  388  379  332                                   
    10.0-180.0 180.0   5.0 450.0                            LAT/LON1/LON2/DLON/H
  331  307  296  275  259  246  238  235  231  227  222  219  215  211  206  199
  188  175  162  153  150  151  153  153  146  134  118  106  101  106  124  152
  188  227  263  293  316  332  343  351  358  365  373  383  396  411  428  446
  464  480  495  508  520  529  537  545  552  557  559  557  553  545  536  526
  515  507  495  475  451  416  389  381  331                                   
     7.5-180.0 180.0   5.0 450.0                            LAT/LON1/LON2/DLON/H
  333  310  297  272  254  238  228  224  221  218  216  213  211  209  206  202
  194  183  172  163  157  154  151  145  134  119  103   92   90   99  119  149
