data/edconvlstm_nd/pred0040.15i
     1.0            IONOSPHERE MAPS     GNSS                IONEX VERSION / TYPE
pyspatialgeodesy        IME             05-JAN-18 20:20     PGM / RUN BY / DATE 
Map Name                                                    COMMENT             
Predicted global ionosphere maps (GIM).                     DESCRIPTION         
  2015     1     4     0     0     0                        EPOCH OF FIRST MAP  
  2015     1     5     0     0     0                        EPOCH OF LAST MAP   
  7200                                                      INTERVAL            
    13                                                      # OF MAPS IN FILE   
  NONE                                                      MAPPING FUNCTION    
10.0                                                        ELEVATION CUTOFF    
One-way carrier phase leveled to code                       OBSERVABLES USED    
  6371.0                                                    BASE RADIUS         
 2                                                          MAP DIMENSION       
   450.0 450.0   0.0                                        HGT1 / HGT2 / DHGT  
    87.5 -87.5  -2.5                                        LAT1 / LAT2 / DLAT  
  -180.0 180.0   5.0                                        LON1 / LON2 / DLON  
    -1                                                      EXPONENT            
                                                            END OF HEADER       
[from data line 3003]
     8                                                      START OF TEC MAP    
  2015     1     4    14     0     0                        EPOCH OF CURRENT MAP
    87.5-180.0 180.0   5.0 450.0                            LAT/LON1/LON2/DLON/H
   46   59   60   61   64   63   63   59   59   62   61   62   62   63   64   64
   65   65   66   67   67   68   68   69   70   70   71   72   72   72   73   73
   73   73   73   72   72   71   71   70   70   70   69   69   69   69   69   69
   69   70   70   70   70   70   70   70   70   70   69   69   68   68   67   66
   66   66   62   58   60   59   75   77   46                                   
    85.0-180.0 180.0   5.0 450.0                            LAT/LON1/LON2/DLON/H
   51   63   75   57   58   61   60   61   61   63   62   63   63   64   65   65
   66   67   68   69   70   71   72   74   75   76   77   78   79   79   80   80
   80   80   79   79   78   77   76   75   74   74   73   73   72   72   72   73
   73   73   73   74   74   74   74   74   74   74   73   73   72   71   71   70
   70   68   63   57   59   60   70   68   51                                   
    82.5-180.0 180.0   5.0 450.0                            LAT/LON1/LON2/DLON/H
   42   52   62   50   51   52   53   53   53   55   54   55   55   55   55   56
   56   57   58   59   60   61   63   65   67   69   71   73   75   76   77   78
   78   78   77   76   75   74   72   70   69   68   67   66   65   65   66   66
   67   68   69   70   71   71   72   72   72   72   72   71   70   69   68   67
   67   65   60   55   58   63   61   58   42                                   
    80.0-180.0 180.0   5.0 450.0                            LAT/LON1/LON2/DLON/H
   37   41   55   46   45   42   44   44   45   46   46   47   46   46   46   46
   47   47   48   49   51   53   56   59   62   65   69   72   75   77   79   80
   81   80   79   78   76   73   70   68   65   63   61   59   59   59   59   61
   62   64   66   68   70   72   73   73   73   73   72   71   70   68   67   66
   65   63   60   56   54   57   56   58   37                                   
    77.5-180.0 180.0   5.0 450.0                            LAT/LON1/LON2/DLON/H
   48   48   51   43   42   41   42   42   42   42   40   41   40   40   39   39
   40   40   41   43   46   50   54   58   63   68   73   77   81   85   87   89
   90   89   88   85   82   79   74   70   66   62   60   58   57   57   58   60
   63   67   70   74   77   79   81   82   82   81   80   79   77   75   73   71
   69   66   64   60   56   52   52   55   48                                   
    75.0-180.0 180.0   5.0 450.0                            LAT/LON1/LON2/DLON/H
   45   48   49   45   44   44   44   43   43   44   42   42   40   39   38   37
   37   37   39   41   45   50   55   61   68   74   80   85   90   93   96   98
   98   98   96   93   89   84   79   74   69   64   60   58   57   57   58   61
   65   69   74   78   81   84   86   87   87   87   85   84   82   80   78   76
   74   72   70   64   62   55   52   48   45                                   
    72.5-180.0 180.0   5.0 450.0                            LAT/LON1/LON2/DLON/H
   55   57   56   54   51   52   51   50   48   47   45   44   42   40   38   36
   35   35   37   40   45   52   59   67   75   82   88   94   98  102  105  107
  108  107  105  102   98   93   87   81   76   70   66   63   61   61   62   64
   67   72   76   80   84   86   88   89   89   88   86   85   83   81   80   78
   77   75   74   70   67   62   58   56   55                                   
    70.0-180.0 180.0   5.0 450.0                            LAT/LON1/LON2/DLON/H
   61   64   65   63   60   60   58   58   57   56   53   52   49   46   43   40
   38   38   41   45   52   61   70   80   88   96  102  107  111  114  117  119
  120  120  118  116  112  107  101   95   89   84   79   75   72   71   70   71
   73   75   78   81   83   85   86   86   85   85   84   83   82   81   80   80
   79   79   80   76   74   69   69   66   61                                   
    67.5-180.0 180.0   5.0 450.0                            LAT/LON1/LON2/DLON/H
   67   71   72   70   68   69   67   67   65   64   62   60   57   54   49   46
   43   43   47   53   62   72   83   94  102  109  114  118  122  125  128  130
  132  132  132  129  126  122  117  111  106  101   96   92   87   84   80   78
   77   76   76   76   77   77   77   76   76   75   75   75   75   75   76   77
   78   78   79   76   74   72   71   67   67                                   
    65.0-180.0 180.0   5.0 450.0                            LAT/LON1/LON2/DLON/H
   66   73   73   74   72   74   73   73   71   70   68   67   64   60   55   51
   49   49   54   62   73   86   98  109  118  124  128  131  135  138  141  145
  147  149  149  147  144  140  136  131  127  123  118  113  107  100   93   86
   80   75   71   68   66   65   64   63   62   62   63   64   65   67   68   70
   72   73   75   74   74   73   72   70   66                                   
    62.5-180.0 180.0   5.0 450.0                            LAT/LON1/LON2/DLON/H
   62   69   70   72   72   75   74   74   72   71   69   68   65   61   57   53
   51   52   58   69   82   96  110  121  129  134  138  141  144  149  154  159
  163  165  165  164  161  157  153  149  145  142  137  132  124  114  103   91
   80   70   62   56   52   49   47   47   47   48   49   51   53   55   57   59
   60   62   65   64   65   65   65   64   62                                   
    60.0-180.0 180.0   5.0 450.0                            LAT/LON1/LON2/DLON/H
   53   60   63   65   66   69   69   69   68   67   65   64   62   58   54   51
   50   53   61   73   88  104  118  128  135  140  144  148  154  161  168  175
  180  183  183  181  177  173  168  165  162  159  155  148  139  126  111   95
   80   66   55   46   40   37   35   34   35   36   38   40   43   44   46   47
   48   49   52   52   55   54   55   56   53                                   
    57.5-180.0 180.0   5.0 450.0                            LAT/LON1/LON2/DLON/H
   43   50   54   57   59   63   63   63   62   61   59   58   56   53   50   48
   48   53   63   77   94  110  123  133  140  144  149  156  164  174  184  194
  200  204  204  200  196  190  185  181  179  177  173  166  156  141  123  104
   85   68   55   45   38   33   31   31   32   33   36   38   40   41   41   41
   40   40   43   43   47   46   47   49   43                                   
    55.0-180.0 180.0   5.0 450.0                            LAT/LON1/LON2/DLON/H
   36   44   48   52   54   58   59   59   58   56   54   53   50   48   45   45
   47   55   67   83  100  116  128  136  142  147  154  163  175  188  200  211
  219  223  222  219  213  207  202  198  195  193  190  183  172  156  137  115
   95   77   62   51   44   39   37   36   37   39   41   43   44   44   43   41
   39   38   40   41   44   43   43   45   36                                   
    52.5-180.0 180.0   5.0 450.0                            LAT/LON1/LON2/DLON/H
   35   42   46   50   52   57   58   58   56   54   51   49   46   44   43   44
   49   59   74   91  108  122  133  140  145  151  160  171  185  200  214  226
  234  238  238  234  229  224  218  214  212  209  206  199  188  172  152  130
  110   91   77   66   58   53   51   50   51   52   54   55   55   54   52   49
   45   43   44   45   48   47   46   47   35                                   
    50.0-180.0 180.0   5.0 450.0                            LAT/LON1/LON2/DLON/H
   40   46   49   52   55   60   61   61   59   56   53   49   46   44   43   47
   55   68   84  102  119  132  140  146  150  157  167  181  196  210  224  234
  242  246  247  246  242  238  234  230  227  224  220  213  201  186  167  147
  127  109   95   85   77   72   69   67   67   68   69   70   70   69   66   62
   58   55   56   56   59   58   57   55   40                                   
    47.5-180.0 180.0   5.0 450.0                            LAT/LON1/LON2/DLON/H
   51   56   58   60   61   67   68   68   66   63   59   54   50   47   48   53
   64   80   99  117  133  144  151  155  160  167  178  191  204  216  226  234
  240  245  248  250  251  250  247  244  241  237  231  224  213  198  181  162
  143  127  113  103   94   88   84   82   81   82   83   84   84   83   81   78
   73   71   72   72   75   74   72   69   51                                   
    45.0-180.0 180.0   5.0 450.0                            LAT/LON1/LON2/DLON/H
   66   70   70   71   71   76   77   77   76   73   68   63   58   55   57   64
   77   95  115  135  150  160  165  169  173  181  190  200  209  215  220  224
  229  236  243  249  255  258  258  257  253  247  240  231  220  206  190  172
  155  140  126  115  106   98   92   89   88   88   89   91   92   93   93   91
   88   86   87   87   91   91   89   84   66                                   
    42.5-180.0 180.0   5.0 450.0                            LAT/LON1/LON2/DLON/H
   80   83   81   82   81   85   86   87   86   84   80   75   69   67   69   78
   93  112  133  152  167  176  181  185  189  196  203  209  211  210  209  210
  214  223  234  246  256  264  268  267  262  255  246  236  224  210  194  178
  161  146  132  120  108   99   92   87   85   85   87   90   93   95   97   97
   96   95   96   97  101  103  101   96   80                                   
    40.0-180.0 180.0   5.0 450.0                            LAT/LON1/LON2/DLON/H
   89   91   89   90   88   92   92   93   94   94   90   86   81   80   83   93
  109  128  149  168  182  191  197  201  206  211  215  215  211  204  198  196
  202  213  229  245  260  271  277  277  271  263  252  239  226  211  195  178
  162  147  132  118  105   93   85   80   78   78   80   83   87   91   94   96
   95   95   96   98  102  105  104  101   89                                   
    37.5-180.0 180.0   5.0 450.0                            LAT/LON1/LON2/DLON/H
   90   93   91   93   91   93   94   96   98   99   98   95   93   93   98  109
  125  144  163  181  195  205  211  216  220  224  225  221  212  201  193  193
  201  216  235  254  271  283  289  289  282  271  258  244  229  212  195  179
  163  147  132  117  103   90   80   74   72   72   74   76   79   83   86   88
   89   88   90   91   95   98   98   97   90                                   
    35.0-180.0 180.0   5.0 450.0                            LAT/LON1/LON2/DLON/H
   87   89   88   91   90   91   91   94   97  100  101  101  101  104  112  124
  140  157  175  192  206  217  224  228  232  235  234  228  218  208  203  206
  219  238  259  278  294  304  308  305  296  284  269  253  236  218  201  184
  168  154  140  125  110   96   85   79   76   75   75   75   76   77   79   80
   80   80   81   81   84   86   86   87   87                                   
    32.5-180.0 180.0   5.0 450.0                            LAT/LON1/LON2/DLON/H
   80   82   82   85   85   85   86   88   92   96  100  103  107  113  123  137
  153  169  186  202  217  227  234  238  241  243  243  239  232  227  229  241
  260  282  302  318  330  335  334  328  317  302  286  268  251  232  214  198
  185  173  162  150  136  122  110  101   97   94   91   88   84   81   79   78
   77   76   77   76   77   76   76   78   80                                   
    30.0-180.0 180.0   5.0 450.0                            LAT/LON1/LON2/DLON/H
   75   76   76   80   80   79   79   80   85   89   95  101  109  119  133  149
  165  181  197  212  226  237  243  246  249  251  253  254  256  261  274  295
  321  345  364  374  378  376  370  359  345  329  311  293  275  256  239  225
  216  209  203  194  183  169  156  146  138  132  125  116  107   98   91   88
   85   83   84   81   79   75   74   73   75                                   
    27.5-180.0 180.0   5.0 450.0                            LAT/LON1/LON2/DLON/H
   74   75   74   77   77   75   74   74   77   82   88   97  108  122  139  158
  175  192  207  223  236  246  251  253  255  260  267  276  288  307  333  365
  397  423  438  441  436  426  413  398  381  363  345  327  309  291  276  266
  261  261  261  258  250  237  223  209  198  187  174  160  145  130  118  112
  107  105  105  100   95   87   83   75   74                                   
    25.0-180.0 180.0   5.0 450.0                            LAT/LON1/LON2/DLON/H
   81   79   76   78   77   75   72   70   72   75   82   92  106  123  143  164
  184  202  218  234  246  254  258  259  262  270  284  303  328  361  400  442
  480  505  515  510  496  479  460  441  422  404  386  368  351  335  323  317
  319  325  333  335  331  318  302  284  267  250  233  213  192  173  157  148
  143  141  140  133  123  110  103   87   81                                   
    22.5-180.0 180.0   5.0 450.0                            LAT/LON1/LON2/DLON/H
   95   90   83   83   82   78   75   72   71   73   79   89  103  122  145  169
  191  211  229  245  256  263  265  266  271  284  305  334  371  416  466  514
  554  578  582  571  551  528  506  486  467  448  431  414  399  385  376  375
  381  394  407  414  411  398  379  356  332  310  287  263  240  218  202  193
  187  186  184  176  161  142  130  106   95                                   
    20.0-180.0 180.0   5.0 450.0                            LAT/LON1/LON2/DLON/H
  114  104   92   90   88   85   82   77   75   75   79   88  102  122  146  173
  198  221  240  255  266  271  272  274  282  300  329  367  414  466  520  570
  607  627  627  612  590  567  546  527  509  492  476  460  447  435  429  429
  438  453  467  475  471  456  432  404  375  348  323  299  277  257  244  236
  232  233  229  221  201  177  159  131  114                                   
    17.5-180.0 180.0   5.0 450.0                            LAT/LON1/LON2/DLON/H
  134  118  103   99   96   92   90   85   82   81   83   90  103  123  148  177
  205  230  251  266  275  278  279  283  296  321  356  400  451  504  556  601
  632  645  642  628  609  591  575  560  546  531  516  502  489  478  472  472
  479  490  500  503  495  475  448  416  385  357  333  312  296  283  275  272
  271  273  268  258  234  207  184  155  134                                   
    15.0-180.0 180.0   5.0 450.0                            LAT/LON1/LON2/DLON/H
  149  129  111  105  101   97   97   92   89   88   89   96  107  127  152  183
  213  241  263  278  285  286  288  295  314  345  385  431  479  527  571  606
  628  635  632  622  611  601  592  584  574  563  549  535  521  509  500  496
  497  500  502  496  481  457  426  394  365  339  319  304  295  291  291  294
  296  299  292  281  253  224  198  171  149                                   
    12.5-180.0 180.0   5.0 450.0                            LAT/LON1/LON2/DLON/H
  154  133  115  107  103   99  100   97   95   94   95  102  114  133  159  191
  224  254  277  290  296  297  299  312  336  371  413  456  497  535  567  591
  604  607  606  603  601  600  600  599  594  585  572  557  542  527  514  503
  495  488  478  463  441  412  381  351  325  304  289  280  279  282  291  299
  304  307  298  286  255  226  200  175  154                                   
    10.0-180.0 180.0   5.0 450.0                            LAT/LON1/LON2/DLON/H
  150  130  113  105  100   97  100   98   97   98  100  108  121  141  170  203
  238  269  292  305  310  311  316  332  362  399  439  475  506  532  552  565
  572  574  577  581  588  596  603  607  605  598  586  569  552  534  516  498
  481  463  443  419  390  360  331  305  284  267  256  251  254  264  277  290
  296  298  288  273  242  214  188  167  150                                   
     7.5-180.0 180.0   5.0 450.0                            LAT/LON1/LON2/DLON/H
  140  122  106   99   95   92   97   96   96   98  103  113  129  152  182  218
  254  286  310  323  327  329  337  357  389  426  460  487  507  522  533  540
