data/edconvlstm_nd/pred2740.15i
     1.0            IONOSPHERE MAPS     GNSS                IONEX VERSION / TYPE
pyspatialgeodesy        IME             05-JAN-18 20:20     PGM / RUN BY / DATE 
Map Name                                                    COMMENT             
Predicted global ionosphere maps (GIM).                     DESCRIPTION         
  2015    10     1     0     0     0                        EPOCH OF FIRST MAP  
  2015    10     2     0     0     0                        EPOCH OF LAST MAP   
  7200                                                      INTERVAL            
    13                                                      # OF MAPS IN FILE   
  NONE                                                      MAPPING FUNCTION    
10.0                                                        ELEVATION CUTOFF    
One-way carrier phase leveled to code                       OBSERVABLES USED    
  6371.0                                                    BASE RADIUS         
 2                                                          MAP DIMENSION       
   450.0 450.0   0.0                                        HGT1 / HGT2 / DHGT  
    87.5 -87.5  -2.5                                        LAT1 / LAT2 / DLAT  
  -180.0 180.0   5.0                                        LON1 / LON2 / DLON  
    -1                                                      EXPONENT            
                                                            END OF HEADER       
[from data line 3003]
     8                                                      START OF TEC MAP    
  2015    10     1    14     0     0                        EPOCH OF CURRENT MAP
    87.5-180.0 180.0   5.0 450.0                            LAT/LON1/LON2/DLON/H
  113  122  122  128  132  133  133  132  134  137  138  139  140  142  143  144
  145  146  146  147  148  148  148  148  148  148  148  148  147  146  145  144
  143  142  140  139  137  135  133  132  130  128  127  126  125  124  123  123
  122  122  121  121  121  121  121  121  121  121  120  120  120  120  120  120
  120  121  120  118  125  123  133  127  113                                   
    85.0-180.0 180.0   5.0 450.0                            LAT/LON1/LON2/DLON/H
  113  120  133  123  124  130  131  135  137  140  141  144  145  147  148  150
  151  152  153  154  154  155  155  156  156  156  156  155  155  154  153  152
  150  148  146  144  142  139  137  134  132  130  128  126  125  124  123  122
  122  122  122  122  122  122  122  122  122  122  121  121  121  121  120  120
  121  121  117  114  114  115  121  121  113                                   
    82.5-180.0 180.0   5.0 450.0                            LAT/LON1/LON2/DLON/H
   92  103  108  104  105  111  116  120  123  127  129  133  135  138  140  142
  144  146  147  149  150  151  153  154  155  155  156  156  156  156  155  154
  152  150  147  144  141  138  134  131  128  125  122  120  118  116  115  114
  114  113  113  113  113  113  113  113  112  112  111  110  109  108  107  106
  105  104  101   99   99  107  102   99   92                                   
    80.0-180.0 180.0   5.0 450.0                            LAT/LON1/LON2/DLON/H
   72   77   85   83   85   88   94  101  106  111  115  120  124  128  131  133
  136  138  140  141  143  145  146  148  149  150  152  152  153  153  152  151
  149  146  143  139  135  131  126  122  117  114  110  107  105  103  102  101
  101  101  101  102  102  102  102  101  101  100   98   97   95   93   91   89
   88   86   83   81   78   82   82   82   72                                   
    77.5-180.0 180.0   5.0 450.0                            LAT/LON1/LON2/DLON/H
   61   61   64   65   66   71   77   84   91   96  102  108  113  118  122  126
  129  131  134  136  138  140  143  145  147  149  151  153  154  155  155  154
  153  150  147  144  139  134  129  124  118  114  109  106  103  101  100  100
  100  100  100  100  100  100   99   98   96   95   93   90   88   85   82   79
   76   72   69   67   66   63   64   67   61                                   
    75.0-180.0 180.0   5.0 450.0                            LAT/LON1/LON2/DLON/H
   47   48   48   51   53   57   62   68   75   83   89   97  103  109  114  118
  122  125  127  130  133  136  139  142  145  148  151  153  155  157  157  158
  157  156  153  150  146  142  136  131  125  120  115  112  109  107  106  105
  105  105  105  104  103  101   99   97   95   93   90   87   84   81   77   73
   69   65   62   56   56   52   52   48   47                                   
    72.5-180.0 180.0   5.0 450.0                            LAT/LON1/LON2/DLON/H
   40   41   39   43   43   48   53   58   65   72   80   88   95  102  108  113
  117  121  124  128  131  134  138  142  145  149  152  154  156  158  159  160
  161  161  160  159  156  152  147  142  137  131  126  122  119  117  116  115
  114  113  111  109  106  103   99   96   92   89   86   83   80   77   73   70
   65   61   58   52   51   48   47   48   40                                   
    70.0-180.0 180.0   5.0 450.0                            LAT/LON1/LON2/DLON/H
   40   39   38   40   39   41   44   49   55   62   71   79   88   95  102  108
  113  117  121  125  129  134  138  142  146  149  152  154  156  158  159  161
  163  164  165  165  164  161  158  153  148  143  138  134  131  129  127  125
  122  120  116  111  106  100   95   90   86   82   80   77   75   73   70   67
   63   59   57   51   50   47   50   50   40                                   
    67.5-180.0 180.0   5.0 450.0                            LAT/LON1/LON2/DLON/H
   41   42   40   42   41   41   43   47   52   58   66   76   84   93  101  107
  113  119  123  128  133  138  142  146  150  152  154  155  156  157  158  160
  162  165  167  169  169  168  166  162  158  153  149  145  142  139  136  134
  130  125  119  111  104   96   89   83   78   75   73   73   72   71   70   69
   66   62   60   54   53   51   52   51   41                                   
    65.0-180.0 180.0   5.0 450.0                            LAT/LON1/LON2/DLON/H
   44   46   42   44   41   41   41   43   47   53   60   69   78   88   96  104
  111  117  123  129  134  140  145  149  152  154  154  154  154  154  155  157
  160  164  168  171  173  173  172  170  166  162  158  154  151  148  144  139
  134  126  117  107   97   87   79   72   68   66   65   66   67   67   68   67
   66   63   62   57   56   56   57   57   44                                   
    62.5-180.0 180.0   5.0 450.0                            LAT/LON1/LON2/DLON/H
   45   47   44   45   42   41   40   41   44   49   55   64   73   83   92  101
  109  117  123  130  136  142  147  150  153  154  153  153  152  152  153  155
  158  163  167  171  174  175  175  173  170  167  163  159  156  152  147  141
  133  123  112  100   88   78   69   62   59   57   58   60   62   64   65   66
   65   63   62   58   57   57   58   58   45                                   
    60.0-180.0 180.0   5.0 450.0                            LAT/LON1/LON2/DLON/H
   45   48   44   46   42   40   38   38   40   44   49   57   66   76   86   96
  105  113  121  128  134  140  145  149  151  151  151  150  150  150  152  155
  159  164  168  172  175  176  176  175  172  170  166  163  159  154  148  140
  130  119  106   93   81   70   62   56   53   53   54   57   60   62   63   64
   63   61   60   56   56   56   57   57   45                                   
    57.5-180.0 180.0   5.0 450.0                            LAT/LON1/LON2/DLON/H
   45   47   45   46   42   40   39   38   38   41   45   52   61   71   81   92
  102  111  119  126  133  138  143  147  149  150  150  150  151  153  157  161
  165  170  174  177  180  181  180  179  177  175  172  169  165  159  152  143
  132  119  106   93   81   71   63   59   57   57   59   61   64   65   66   66
   65   63   62   57   56   55   55   55   45                                   
    55.0-180.0 180.0   5.0 450.0                            LAT/LON1/LON2/DLON/H
   47   48   46   48   44   43   41   40   40   41   44   50   57   67   78   89
  100  110  119  126  131  136  141  144  147  148  150  152  155  160  165  171
  176  180  183  186  187  187  187  185  184  182  180  178  174  167  159  149
  137  124  111   99   88   79   73   70   69   69   70   72   73   74   74   72
   70   67   66   61   59   57   56   55   47                                   
    52.5-180.0 180.0   5.0 450.0                            LAT/LON1/LON2/DLON/H
   52   52   51   53   50   50   48   46   45   46   47   51   57   66   77   89
  101  112  120  127  132  136  140  143  146  148  151  156  162  169  177  184
  189  192  195  196  197  197  196  194  193  192  191  189  185  179  170  159
  147  134  122  111  102   95   90   87   87   87   88   89   89   88   86   83
   80   77   75   70   67   63   61   59   52                                   
    50.0-180.0 180.0   5.0 450.0                            LAT/LON1/LON2/DLON/H
   61   59   59   61   59   60   59   57   55   55   54   57   62   70   80   93
  105  116  125  131  136  139  142  145  148  151  155  161  169  179  188  196
  201  204  206  207  207  207  206  205  204  204  204  203  199  193  184  173
  160  148  137  127  119  113  109  107  107  107  108  108  107  104  101   98
   94   90   88   84   80   75   73   68   61                                   
    47.5-180.0 180.0   5.0 450.0                            LAT/LON1/LON2/DLON/H
   73   71   69   72   70   72   71   70   68   67   65   66   70   77   87  100
  113  124  133  138  142  145  148  151  153  156  161  167  176  186  196  204
  210  212  214  216  217  218  218  217  216  216  216  215  213  207  198  186
  174  162  151  142  134  128  124  122  122  123  124  124  123  120  116  113
  109  106  103  100   97   92   90   82   73                                   
    45.0-180.0 180.0   5.0 450.0                            LAT/LON1/LON2/DLON/H
   85   83   81   84   82   84   83   82   81   79   78   78   81   87   97  110
  123  134  142  147  151  153  156  158  161  163  166  172  180  190  199  207
  212  215  219  222  226  229  230  229  227  226  226  225  223  218  209  197
  184  172  161  151  143  136  131  129  129  131  133  134  134  132  129  125
  122  119  118  116  113  110  108  100   85                                   
    42.5-180.0 180.0   5.0 450.0                            LAT/LON1/LON2/DLON/H
   95   95   92   94   93   94   93   92   91   90   89   90   93   99  109  122
  134  145  152  157  160  163  165  167  169  170  172  176  182  190  198  205
  210  215  221  228  236  241  243  241  238  235  233  233  231  226  216  204
  191  177  165  154  143  135  129  126  127  130  133  136  138  137  135  133
  130  128  127  126  126  124  123  115   95                                   
    40.0-180.0 180.0   5.0 450.0                            LAT/LON1/LON2/DLON/H
  100  101   98  100   98   99   97   97   97   98   98  100  104  111  121  133
  145  155  162  166  169  172  174  177  177  177  177  178  182  188  195  202
  209  216  226  238  249  258  260  256  250  244  240  238  236  230  221  208
  194  179  166  152  139  129  121  117  118  122  127  132  135  136  136  135
  132  131  130  129  130  131  131  123  100                                   
    37.5-180.0 180.0   5.0 450.0                            LAT/LON1/LON2/DLON/H
  100  103   98  100   98   97   96   96   97  100  103  108  114  122  132  144
  154  163  170  174  177  181  183  185  185  184  183  182  185  190  197  205
  214  225  239  255  271  281  283  277  267  257  250  246  242  236  226  213
  198  183  167  152  137  124  115  110  111  115  121  127  131  133  133  132
  130  128  127  126  127  129  130  123  100                                   
    35.0-180.0 180.0   5.0 450.0                            LAT/LON1/LON2/DLON/H
   96   99   95   96   94   91   90   90   93   98  104  111  120  131  142  153
  162  170  176  181  185  188  191  193  193  191  190  189  192  199  208  218
  230  246  264  284  302  313  314  306  292  277  267  260  254  247  237  224
  209  193  177  161  144  130  119  113  113  117  122  127  130  132  132  130
  126  123  121  118  119  122  122  116   96                                   
    32.5-180.0 180.0   5.0 450.0                            LAT/LON1/LON2/DLON/H
   92   95   90   90   87   83   82   82   86   93  101  112  124  137  149  160
  168  175  181  186  191  195  198  199  199  198  198  201  207  217  230  245
  261  280  302  325  344  355  354  342  324  306  292  282  275  267  257  244
  230  215  199  183  167  152  140  133  131  132  135  137  138  138  136  133
  127  121  116  111  110  112  113  107   92                                   
    30.0-180.0 180.0   5.0 450.0                            LAT/LON1/LON2/DLON/H
   89   91   87   85   82   77   75   75   80   87   97  111  126  141  154  164
  172  178  185  192  197  201  203  204  205  206  210  218  230  246  264  284
  305  327  351  374  393  402  399  385  364  343  327  315  306  298  288  276
  263  250  236  221  206  192  180  171  167  165  163  161  157  153  149  143
  135  126  118  109  106  105  106  100   89                                   
    27.5-180.0 180.0   5.0 450.0                            LAT/LON1/LON2/DLON/H
   90   91   86   84   80   75   73   72   76   83   93  108  125  142  156  166
  174  181  188  196  203  207  208  209  210  215  225  239  259  282  307  332
  357  381  406  428  444  450  444  428  407  386  369  356  347  339  330  319
  308  296  285  273  260  247  235  226  218  211  204  196  187  178  171  163
  152  141  129  116  111  106  105   98   90                                   
    25.0-180.0 180.0   5.0 450.0                            LAT/LON1/LON2/DLON/H
   96   96   90   87   84   79   77   74   76   81   91  105  122  140  155  166
  174  181  190  200  208  212  213  214  217  226  242  265  292  322  353  383
  411  436  459  477  489  491  483  467  448  429  414  403  394  386  378  369
  359  349  339  329  319  308  297  286  275  264  251  236  222  210  199  189
  177  164  149  133  124  115  112  103   96                                   
    22.5-180.0 180.0   5.0 450.0                            LAT/LON1/LON2/DLON/H
  106  105   96   93   91   87   85   80   80   83   90  102  118  136  151  163
  172  181  191  202  211  216  218  220  226  240  262  292  326  361  397  430
  459  483  501  514  519  517  508  495  480  467  456  448  441  434  426  417
  408  398  389  379  370  360  349  338  324  309  291  273  255  240  228  217
  205  193  175  158  146  133  125  114  106                                   
    20.0-180.0 180.0   5.0 450.0                            LAT/LON1/LON2/DLON/H
  117  114  104  101   99   96   94   89   86   86   90  100  114  131  147  160
  170  180  192  205  215  221  224  228  238  257  284  319  357  395  432  465
  493  513  525  531  530  525  518  509  501  495  491  487  482  476  467  457
  446  434  421  410  399  389  379  366  352  335  316  296  278  262  250  240
  230  220  203  186  170  154  142  130  117                                   
    17.5-180.0 180.0   5.0 450.0                            LAT/LON1/LON2/DLON/H
  127  123  110  108  105  103  102   96   92   90   91   98  111  127  143  157
  170  182  195  209  220  227  233  240  254  277  308  345  383  421  456  486
  509  523  529  528  524  519  514  512  511  513  515  515  511  504  495  482
  467  450  432  416  402  390  378  366  353  337  320  302  285  271  262  254
  247  240  225  210  191  172  158  144  127                                   
    15.0-180.0 180.0   5.0 450.0                            LAT/LON1/LON2/DLON/H
  131  126  112  110  107  106  105   99   95   92   92   97  109  125  142  158
  173  187  201  215  227  236  244  255  273  299  332  369  405  439  469  493
  509  516  517  513  509  505  505  508  514  522  528  530  527  519  507  491
  471  448  424  401  382  366  353  342  331  319  306  292  280  269  262  257
  253  249  237  224  205  185  169  155  131                                   
    12.5-180.0 180.0   5.0 450.0                            LAT/LON1/LON2/DLON/H
  132  124  110  108  104  103  103   98   94   92   92   97  108  125  143  162
  179  196  211  225  237  247  258  274  296  325  359  392  424  452  474  490
  499  501  499  495  493  493  497  505  515  526  534  536  532  522  508  488
  463  434  403  374  349  330  317  307  300  292  284  276  268  261  256  252
  249  247  238  228  210  189  173  158  132                                   
    10.0-180.0 180.0   5.0 450.0                            LAT/LON1/LON2/DLON/H
  128  119  105  101   97   95   97   92   90   89   91   97  109  127  148  169
  190  208  225  238  250  262  277  297  323  354  386  416  442  462  476  484
  487  486  484  483  485  489  497  508  520  531  537  538  531  519  502  479
  450  416  380  346  318  298  285  277  273  270  268  264  259  254  249  244
  241  239  231  223  207  186  170  154  128                                   
     7.5-180.0 180.0   5.0 450.0                            LAT/LON1/LON2/DLON/H
  125  112   98   93   89   86   88   85   84   86   90   98  112  131  154  179
  203  223  240  254  267  280  298  322  351  383  413  439  458  472  479  482
