data/edconvlstm_nd/pred0080.15i
     1.0            IONOSPHERE MAPS     GNSS                IONEX VERSION / TYPE
pyspatialgeodesy        IME             05-JAN-18 20:20     PGM / RUN BY / DATE 
Map Name                                                    COMMENT             
Predicted global ionosphere maps (GIM).                     DESCRIPTION         
  2015     1     8     0     0     0                        EPOCH OF FIRST MAP  
  2015     1     9     0     0     0                        EPOCH OF LAST MAP   
  7200                                                      INTERVAL            
    13                                                      # OF MAPS IN FILE   
  NONE                                                      MAPPING FUNCTION    
10.0                                                        ELEVATION CUTOFF    
One-way carrier phase leveled to code                       OBSERVABLES USED    
  6371.0                                                    BASE RADIUS         
 2                                                          MAP DIMENSION       
   450.0 450.0   0.0                                        HGT1 / HGT2 / DHGT  
    87.5 -87.5  -2.5                                        LAT1 / LAT2 / DLAT  
  -180.0 180.0   5.0                                        LON1 / LON2 / DLON  
    -1                                                      EXPONENT            
                                                            END OF HEADER       
[from data line 1716]
     5                                                      START OF TEC MAP    
  2015     1     8     8     0     0                        EPOCH OF CURRENT MAP
    87.5-180.0 180.0   5.0 450.0                            LAT/LON1/LON2/DLON/H
   58   69   69   72   72   73   73   69   69   71   71   72   71   71   71   71
   70   70   70   69   69   69   69   69   69   69   69   69   69   69   69   68
   68   68   67   67   66   66   65   64   64   63   62   61   61   60   59   59
   58   58   57   57   57   57   57   57   57   57   58   58   58   59   59   60
   62   63   62   62   68   74   85   83   58                                   
    85.0-180.0 180.0   5.0 450.0                            LAT/LON1/LON2/DLON/H
   61   85   91   82   84   86   86   85   84   86   84   85   84   83   82   81
   80   79   78   78   77   77   77   77   77   77   77   78   78   78   77   77
   77   77   77   76   76   76   75   75   74   74   74   73   72   72   71   71
   70   69   69   68   68   67   67   67   67   67   67   68   68   69   70   72
   74   75   73   72   76   82   94   89   61                                   
    82.5-180.0 180.0   5.0 450.0                            LAT/LON1/LON2/DLON/H
   72   88  103   92   91   93   94   93   93   93   92   92   90   88   85   83
   81   79   78   77   76   76   76   76   76   76   77   77   77   77   77   77
   76   76   76   76   76   76   76   76   76   76   76   75   75   75   74   74
   73   72   72   71   70   69   68   68   68   68   68   69   70   71   72   75
   77   79   78   77   84   87   89   85   72                                   
    80.0-180.0 180.0   5.0 450.0                            LAT/LON1/LON2/DLON/H
   87   97  109  100  102   99  100   99  101  100   97   95   92   88   85   81
   78   75   73   71   71   71   72   73   74   75   76   77   77   78   78   77
   77   77   77   77   77   77   78   78   79   80   81   82   83   84   84   85
   84   84   83   82   80   79   77   76   74   74   74   74   75   76   78   81
   84   85   87   88   91   96   99   92   87                                   
    77.5-180.0 180.0   5.0 450.0                            LAT/LON1/LON2/DLON/H
   95  102  108  101  100  101  102  102  104  102   98   96   91   86   81   76
   72   68   66   65   66   67   69   72   75   77   79   81   82   82   82   81
   81   80   80   80   81   81   83   85   87   89   92   95   97  100  102  104
  105  105  104  103  101   98   95   92   89   87   86   85   85   86   88   90
   92   95   95   97   97   93   95   91   95                                   
    75.0-180.0 180.0   5.0 450.0                            LAT/LON1/LON2/DLON/H
   86   96   99   95   93   98   99   99   99   97   93   90   84   78   72   66
   61   58   56   57   59   62   66   71   75   79   82   84   85   84   83   82
   80   79   78   78   79   80   83   86   90   95  100  105  111  116  121  126
  129  130  130  129  125  121  116  110  105  100   97   94   93   93   94   95
   97   98   99   97   98   95   96   90   86                                   
    72.5-180.0 180.0   5.0 450.0                            LAT/LON1/LON2/DLON/H
   82   91   93   90   89   96   99   99   99   98   93   89   83   76   69   63
   59   56   55   57   61   66   72   79   85   90   94   95   94   92   89   86
   82   80   78   78   79   82   85   90   96  103  111  120  128  137  146  153
  159  163  164  162  157  151  143  135  126  119  112  107  104  102  102  102
  103  104  106  104  103   99   98   95   82                                   
    70.0-180.0 180.0   5.0 450.0                            LAT/LON1/LON2/DLON/H
   80   84   87   86   84   90   93   94   95   94   90   86   79   73   66   60
   56   54   55   58   64   71   79   88   95  101  104  104  102   97   91   85
   80   76   74   73   75   79   84   91   99  108  119  131  143  156  168  179
  187  193  195  193  187  178  167  156  144  133  123  116  110  106  103  103
  102  102  104  102  101   99  102  101   80                                   
    67.5-180.0 180.0   5.0 450.0                            LAT/LON1/LON2/DLON/H
   72   75   78   78   76   83   87   90   90   90   86   82   76   69   64   59
   56   56   58   62   69   78   87   97  105  111  113  111  106   99   90   82
   74   69   67   67   71   76   84   93  103  114  127  141  156  171  186  200
  211  218  221  218  211  201  187  172  157  143  131  121  112  105  100   98
   96   94   96   93   93   93   96   98   72                                   
    65.0-180.0 180.0   5.0 450.0                            LAT/LON1/LON2/DLON/H
   66   68   70   72   69   77   82   86   87   87   83   80   74   69   64   61
   60   61   64   69   76   86   96  105  113  118  119  115  108   98   87   77
   69   64   62   64   70   78   88  100  112  125  140  155  171  189  206  221
  234  242  245  243  235  222  206  189  172  156  141  128  116  106   98   93
   88   85   85   83   84   85   90   95   66                                   
    62.5-180.0 180.0   5.0 450.0                            LAT/LON1/LON2/DLON/H
   61   60   63   65   63   71   76   80   82   82   79   76   72   68   65   63
   64   66   69   75   82   90   99  108  115  118  117  112  103   92   80   69
   62   58   59   64   72   84   97  111  125  140  155  170  187  205  222  238
  251  260  263  260  251  238  221  202  184  166  150  135  121  108   97   88
   81   75   74   71   72   73   79   88   61                                   
    60.0-180.0 180.0   5.0 450.0                            LAT/LON1/LON2/DLON/H
   57   54   55   57   55   61   67   71   73   73   71   70   66   64   63   64
   66   68   72   76   82   88   95  102  107  109  107  100   91   79   68   59
   54   53   57   65   77   92  109  125  141  157  171  186  202  218  235  250
  263  271  274  271  261  247  230  211  193  176  160  144  128  113   98   86
   75   67   65   61   62   60   67   75   57                                   
    57.5-180.0 180.0   5.0 450.0                            LAT/LON1/LON2/DLON/H
   55   49   50   51   49   54   59   62   64   64   63   62   61   60   61   63
   66   69   72   75   78   81   86   90   93   94   91   85   76   66   57   50
   48   51   59   71   88  106  126  145  162  178  192  205  219  233  247  261
  272  279  282  278  269  255  238  221  204  189  174  159  143  126  108   93
   79   68   64   59   60   53   58   66   55                                   
    55.0-180.0 180.0   5.0 450.0                            LAT/LON1/LON2/DLON/H
   56   48   47   48   46   48   51   54   55   55   55   54   54   54   56   60
   63   67   68   69   70   71   73   76   77   77   73   68   60   52   46   44
   45   52   64   81  101  123  145  166  184  200  213  224  235  246  257  268
  278  284  285  282  273  260  245  230  215  202  189  176  160  143  125  107
   91   77   72   65   64   52   55   61   56                                   
    52.5-180.0 180.0   5.0 450.0                            LAT/LON1/LON2/DLON/H
   60   50   48   47   46   47   48   49   49   49   48   48   48   50   52   56
   60   62   63   62   61   60   61   62   62   61   58   53   47   42   39   40
   46   57   72   93  116  140  165  187  206  221  233  242  250  258  266  274
  281  286  287  284  277  265  252  238  226  215  205  193  180  163  144  126
  108   94   87   78   75   59   59   61   60                                   
    50.0-180.0 180.0   5.0 450.0                            LAT/LON1/LON2/DLON/H
   67   56   52   51   51   50   50   49   48   47   46   45   45   46   49   53
   56   58   58   56   53   52   52   52   52   50   47   42   38   35   35   39
   49   63   82  105  131  157  182  205  224  239  251  258  264  269  274  279
  284  288  289  286  280  270  258  247  236  226  218  208  195  180  162  145
  127  113  105   94   89   72   68   68   67                                   
    47.5-180.0 180.0   5.0 450.0                            LAT/LON1/LON2/DLON/H
   76   66   61   60   60   59   57   54   52   50   48   47   46   46   48   51
   54   55   54   51   49   48   48   49   48   46   42   37   34   33   35   41
   53   70   92  117  144  171  197  220  239  254  265  272  276  279  282  284
  287  289  289  287  282  274  263  252  242  233  224  215  203  189  173  157
  141  128  119  108  102   85   80   78   76                                   
    45.0-180.0 180.0   5.0 450.0                            LAT/LON1/LON2/DLON/H
   87   77   73   73   74   73   70   65   61   58   55   52   50   50   51   52
   54   54   52   50   49   49   51   52   51   48   43   38   35   34   36   44
   57   76  100  127  155  183  208  231  250  265  276  283  287  289  289  289
  289  289  289  287  282  275  265  254  243  233  223  213  201  187  173  159
  146  135  125  115  109   95   89   89   87                                   
    42.5-180.0 180.0   5.0 450.0                            LAT/LON1/LON2/DLON/H
   95   87   85   87   90   90   87   81   76   71   66   62   59   57   56   57
   57   57   55   54   54   57   60   61   60   55   49   43   39   38   40   47
   61   81  107  136  165  192  217  239  258  274  285  293  297  299  298  296
  293  291  288  285  281  274  264  252  240  228  216  204  190  177  164  152
  141  131  122  111  106   95   91   94   95                                   
    40.0-180.0 180.0   5.0 450.0                            LAT/LON1/LON2/DLON/H
   98   91   93   98  103  105  103   98   92   85   80   75   70   67   66   65
   65   64   63   63   65   69   73   75   72   66   58   51   46   43   45   51
   64   86  113  143  173  200  225  246  265  281  293  302  308  310  309  306
  301  295  290  286  281  274  264  251  238  224  210  195  180  165  152  141
  131  121  111  100   94   86   85   92   98                                   
    37.5-180.0 180.0   5.0 450.0                            LAT/LON1/LON2/DLON/H
   96   91   95  102  109  114  115  111  105   99   93   88   83   79   78   77
   76   75   74   75   77   82   87   88   84   77   68   60   54   51   51   56
   69   91  120  151  182  210  233  254  273  289  303  314  322  326  326  321
  314  307  299  293  287  280  270  257  243  228  212  195  177  161  147  136
  125  113  100   86   79   71   75   86   96                                   
    35.0-180.0 180.0   5.0 450.0                            LAT/LON1/LON2/DLON/H
   92   87   92   98  106  113  117  116  111  106  101   98   94   91   90   90
   90   89   88   88   91   95   98   98   93   85   76   69   63   60   59   63
   76   98  128  161  193  221  244  265  283  300  315  329  339  346  348  345
  337  328  319  312  305  297  287  276  262  247  230  212  193  175  160  147
  133  117  101   82   72   60   68   81   92                                   
    32.5-180.0 180.0   5.0 450.0                            LAT/LON1/LON2/DLON/H
   91   84   87   89   96  104  111  112  110  106  103  102  100  100  100  102
  103  102  101  100  101  103  105  103   98   91   83   77   73   70   68   72
   85  108  139  174  207  235  258  278  297  315  332  348  363  373  378  377
  370  360  351  343  336  329  320  309  297  284  268  251  231  212  195  180
  163  143  123   97   82   65   73   84   91                                   
    30.0-180.0 180.0   5.0 450.0                            LAT/LON1/LON2/DLON/H
   99   87   85   81   86   93  100  101  101  100  100  100  101  103  107  110
  112  112  111  109  108  107  106  103   99   93   88   85   82   80   80   84
   98  122  154  190  223  252  275  296  315  334  353  373  391  406  415  416
  412  405  397  390  384  377  369  359  349  337  324  308  289  270  252  236
  217  193  169  137  118   94   97  100   99                                   
    27.5-180.0 180.0   5.0 450.0                            LAT/LON1/LON2/DLON/H
  118  101   90   77   78   82   88   89   90   91   92   96   99  103  108  113
  116  117  115  113  109  106  103  100   97   94   92   91   91   91   92   99
  114  139  172  208  242  270  295  316  336  357  378  401  423  442  456  463
  463  459  455  452  448  442  434  424  414  404  393  379  363  346  329  312
  291  266  238  203  180  148  145  136  118                                   
    25.0-180.0 180.0   5.0 450.0                            LAT/LON1/LON2/DLON/H
  151  129  109   84   78   78   80   81   81   83   86   90   94   99  105  111
  115  116  115  111  107  102   99   96   94   94   94   97   99  101  105  114
  132  159  192  227  260  289  315  337  359  381  404  430  456  479  499  511
  518  521  523  524  523  518  509  498  488  478  468  458  445  431  417  401
  381  355  324  288  262  224  213  193  151                                   
    22.5-180.0 180.0   5.0 450.0                            LAT/LON1/LON2/DLON/H
  196  172  142  107   91   85   82   80   79   80   84   88   92   96  101  106
  110  111  110  106  102   98   95   93   92   94   96  100  105  110  116  129
  149  177  211  245  277  307  333  357  381  404  430  458  487  515  540  559
  573  582  589  594  595  591  582  570  558  548  540  532  524  515  505  492
  473  450  418  383  353  311  291  265  196                                   
    20.0-180.0 180.0   5.0 450.0                            LAT/LON1/LON2/DLON/H
  249  224  189  147  122  109  100   93   88   88   90   92   94   96   99  102
  104  105  104  101   97   94   92   92   92   94   98  103  108  114  124  139
  162  192  226  259  291  321  349  375  400  425  452  483  515  546  575  599
  617  630  640  646  648  646  637  626  614  604  596  591  586  582  577  568
  553  534  504  473  439  396  369  341  249                                   
    17.5-180.0 180.0   5.0 450.0                            LAT/LON1/LON2/DLON/H
  302  277  240  198  166  148  132  120  111  108  106  105  104  102  101  101
  101  101   99   97   95   93   93   93   94   96   99  103  108  115  127  145
  171  203  237  270  302  333  363  391  417  443  471  503  537  570  600  625
  644  658  667  673  676  674  668  658  647  638  631  627  625  625  624  619
  609  596  572  544  507  463  435  407  302                                   
    15.0-180.0 180.0   5.0 450.0                            LAT/LON1/LON2/DLON/H
  348  322  289  251  215  194  174  158  145  138  133  128  121  115  110  106
  104  101   98   97   95   95   96   97   98   99  101  102  106  113  126  148
  177  211  245  279  312  344  375  404  430  457  486  519  552  584  612  634
  652  664  672  678  681  680  676  669  659  651  644  640  639  640  642  640
  635  627  610  584  546  502  474  450  348                                   
    12.5-180.0 180.0   5.0 450.0                            LAT/LON1/LON2/DLON/H
  377  352  328  297  263  241  218  200  185  175  167  158  147  136  127  119
  112  107  102   99   99   99  101  103  104  104  102  101  103  109  124  148
  180  216  252  286  320  353  385  414  441  467  496  528  560  589  613  632
  646  656  664  669  671  672  669  664  655  647  641  637  635  635  637  636
  633  628  614  589  551  509  482  460  377                                   
    10.0-180.0 180.0   5.0 450.0                            LAT/LON1/LON2/DLON/H
  387  361  348  328  301  281  258  240  225  214  204  192  178  163  150  139
  128  118  110  105  104  106  108  110  110  108  104  101  101  107  124  150
  184  221  257  293  327  361  393  421  447  472  501  532  562  588  608  623
  635  644  651  655  656  657  655  650  643  635  629  624  622  621  621  619
  614  607  593  567  529  487  461  442  387                                   
     7.5-180.0 180.0   5.0 450.0                            LAT/LON1/LON2/DLON/H
  378  349  346  337  323  307  288  273  259  249  239  226  210  193  179  165
  151  135  123  115  112  114  116  118  117  112  106  101  101  108  125  152
