data/edconvlstm_nd/pred0490.15i
     1.0            IONOSPHERE MAPS     GNSS                IONEX VERSION / TYPE
pyspatialgeodesy        IME             05-JAN-18 20:20     PGM / RUN BY / DATE 
Map Name                                                    COMMENT             
Predicted global ionosphere maps (GIM).                     DESCRIPTION         
  2015     2    18     0     0     0                        EPOCH OF FIRST MAP  
  2015     2    19     0     0     0                        EPOCH OF LAST MAP   
  7200                                                      INTERVAL            
    13                                                      # OF MAPS IN FILE   
  NONE                                                      MAPPING FUNCTION    
10.0                                                        ELEVATION CUTOFF    
One-way carrier phase leveled to code                       OBSERVABLES USED    
  6371.0                                                    BASE RADIUS         
 2                                                          MAP DIMENSION       
   450.0 450.0   0.0                                        HGT1 / HGT2 / DHGT  
    87.5 -87.5  -2.5                                        LAT1 / LAT2 / DLAT  
  -180.0 180.0   5.0                                        LON1 / LON2 / DLON  
    -1                                                      EXPONENT            
                                                            END OF HEADER       
[from data line 2145]
     6                                                      START OF TEC MAP    
  2015     2    18    10     0     0                        EPOCH OF CURRENT MAP
    87.5-180.0 180.0   5.0 450.0                            LAT/LON1/LON2/DLON/H
   72   78   78   83   86   87   86   84   87   90   90   91   92   92   92   91
   91   90   89   88   87   86   85   84   83   82   81   81   80   80   80   80
   80   80   80   80   79   79   79   78   77   76   75   73   72   70   69   67
   65   64   62   61   59   58   57   56   56   55   55   55   56   56   57   58
   60   62   62   61   68   70   83   88   72                                   
    85.0-180.0 180.0   5.0 450.0                            LAT/LON1/LON2/DLON/H
   67   84   93   87   90   94   96   97   99  101  101  102  101  101  100   99
   98   97   96   94   93   91   90   89   88   87   86   86   86   86   87   87
   88   88   89   89   90   90   90   89   88   87   85   83   81   79   76   73
   71   68   65   63   61   59   57   56   56   55   55   56   57   58   60   62
   65   68   66   67   69   75   81   81   67                                   
    82.5-180.0 180.0   5.0 450.0                            LAT/LON1/LON2/DLON/H
   59   82   91   86   88   93   94   96   98   99   99   99   98   96   94   91
   89   86   83   81   79   77   75   74   73   73   73   73   74   76   77   79
   82   84   87   89   91   93   94   95   94   93   92   90   87   84   80   76
   72   68   64   61   57   54   51   49   47   46   46   46   47   48   50   53
   57   60   60   62   68   75   71   68   59                                   
    80.0-180.0 180.0   5.0 450.0                            LAT/LON1/LON2/DLON/H
   62   81   90   87   89   92   94   96   98   99   97   96   93   90   86   82
   77   73   69   66   63   61   60   59   59   59   60   61   63   66   70   74
   79   84   89   94   98  102  105  107  108  108  106  104  101   98   94   89
   85   79   74   69   64   59   54   50   47   45   43   42   43   44   46   49
   53   56   59   61   66   75   77   71   62                                   
    77.5-180.0 180.0   5.0 450.0                            LAT/LON1/LON2/DLON/H
   72   87   93   89   89   94   96   97   99   97   95   92   87   81   75   69
   63   58   54   50   48   47   46   46   47   48   50   53   56   61   67   74
   81   89   98  106  114  121  126  130  133  134  134  132  130  127  123  119
  115  110  104   98   92   85   79   73   68   63   59   57   56   56   56   59
   61   64   65   68   72   74   79   77   72                                   
    75.0-180.0 180.0   5.0 450.0                            LAT/LON1/LON2/DLON/H
   68   85   87   85   84   91   93   93   94   93   89   85   78   72   64   58
   51   46   42   40   38   38   39   40   41   43   46   49   53   59   66   75
   84   95  106  117  128  137  145  151  155  157  159  159  158  156  155  152
  149  146  141  136  129  122  114  106   99   92   86   81   78   76   74   75
   74   75   75   73   77   78   84   78   68                                   
    72.5-180.0 180.0   5.0 450.0                            LAT/LON1/LON2/DLON/H
   68   80   83   81   80   89   92   92   92   90   86   81   74   66   58   51
   45   40   37   35   35   36   38   40   43   46   49   52   57   63   71   80
   92  105  119  132  145  157  167  174  180  184  187  189  190  190  191  192
  192  191  188  185  179  171  163  153  143  134  125  117  111  105  101   98
   95   93   91   86   86   84   88   87   68                                   
    70.0-180.0 180.0   5.0 450.0                            LAT/LON1/LON2/DLON/H
   67   74   78   76   74   82   86   87   88   86   82   76   68   60   52   46
   41   37   35   35   37   40   44   48   51   55   58   61   65   71   78   88
  101  115  131  146  161  174  186  195  201  207  210  213  216  219  222  225
  228  230  230  227  223  215  205  194  182  169  157  147  137  128  121  115
  109  103   99   91   89   85   92   94   67                                   
    67.5-180.0 180.0   5.0 450.0                            LAT/LON1/LON2/DLON/H
   63   67   71   70   69   78   83   85   85   84   79   74   66   58   51   45
   41   39   39   41   44   49   55   60   64   68   70   73   75   80   87   97
  110  126  142  159  176  190  202  212  219  225  230  233  237  241  245  250
  254  258  259  258  254  246  235  223  209  195  181  167  155  143  133  124
  115  107  101   91   87   81   86   92   63                                   
    65.0-180.0 180.0   5.0 450.0                            LAT/LON1/LON2/DLON/H
   60   62   65   65   65   75   81   84   85   84   80   75   68   61   54   49
   46   45   47   50   55   61   68   74   79   82   83   84   86   89   96  107
  121  138  156  174  191  206  219  229  238  245  250  254  258  262  267  271
  276  280  282  281  276  268  256  242  227  211  195  180  165  150  136  124
  113  103   95   85   82   76   80   90   60                                   
    62.5-180.0 180.0   5.0 450.0                            LAT/LON1/LON2/DLON/H
   58   56   59   60   61   70   77   81   82   82   80   76   70   64   59   55
   53   53   55   58   63   70   76   82   86   89   90   90   91   94  101  113
  129  148  167  187  204  220  233  245  254  262  268  273  277  280  283  286
  290  293  294  293  288  279  266  252  235  219  202  185  168  151  134  119
  105   93   85   75   73   67   71   83   58                                   
    60.0-180.0 180.0   5.0 450.0                            LAT/LON1/LON2/DLON/H
   58   54   56   55   57   64   71   75   78   79   77   75   71   67   64   62
   61   60   61   64   68   72   77   82   86   88   88   88   89   94  103  117
  136  157  178  199  217  233  247  259  270  279  286  291  295  297  298  300
  301  303  303  301  295  286  273  258  242  225  209  191  173  153  133  115
   98   84   76   67   67   60   63   75   58                                   
    57.5-180.0 180.0   5.0 450.0                            LAT/LON1/LON2/DLON/H
   63   57   58   55   55   60   66   69   72   74   74   73   72   70   69   68
   67   67   67   67   68   70   73   77   79   81   82   82   85   92  104  122
  144  168  192  214  232  248  262  275  287  298  307  313  316  317  316  315
  315  315  315  312  305  295  282  268  253  238  222  206  187  166  143  122
  102   86   76   68   68   61   62   72   63                                   
    55.0-180.0 180.0   5.0 450.0                            LAT/LON1/LON2/DLON/H
   75   67   65   58   56   58   62   64   67   68   70   71   72   72   73   74
   73   72   70   68   67   66   67   69   71   72   74   76   81   91  106  128
  155  182  208  230  249  264  278  291  304  317  327  334  338  338  336  333
  332  330  329  325  319  309  296  282  269  256  242  227  209  188  164  140
  117   99   88   80   80   71   70   76   75                                   
    52.5-180.0 180.0   5.0 450.0                            LAT/LON1/LON2/DLON/H
   91   83   78   68   63   62   63   63   64   65   67   69   72   75   78   79
   79   77   74   70   67   64   63   64   65   67   69   73   81   93  113  139
  169  199  227  249  267  282  295  308  322  336  347  355  359  359  356  353
  350  347  346  342  335  325  313  300  288  277  266  253  237  216  192  166
  142  122  109  100  100   89   85   87   91                                   
    50.0-180.0 180.0   5.0 450.0                            LAT/LON1/LON2/DLON/H
  110  102   95   84   76   71   69   66   65   65   67   70   74   79   83   85
   86   84   80   75   71   67   65   64   65   68   71   77   86  102  125  154
  186  218  246  268  286  300  313  326  340  354  366  375  379  379  375  371
  367  365  362  359  352  342  330  317  306  296  287  276  262  242  219  194
  169  149  134  124  123  111  106  105  110                                   
    47.5-180.0 180.0   5.0 450.0                            LAT/LON1/LON2/DLON/H
  128  121  114  102   92   86   81   75   71   70   71   75   80   85   90   92
   93   91   88   84   79   75   72   72   73   75   80   87   98  115  140  170
  204  236  264  287  305  319  332  344  357  371  383  391  395  395  390  385
  381  378  375  371  364  353  340  327  315  306  298  288  275  258  237  214
  191  171  155  144  142  131  125  122  128                                   
    45.0-180.0 180.0   5.0 450.0                            LAT/LON1/LON2/DLON/H
  139  135  130  120  111  104   97   88   83   79   79   83   88   93   97  100
  101  100   97   94   90   87   84   84   85   88   93  101  113  131  157  187
  219  251  279  303  322  338  352  364  376  388  398  405  408  406  400  394
  388  384  380  375  366  354  339  325  312  303  294  285  273  257  239  219
  199  181  165  153  151  141  136  134  139                                   
    42.5-180.0 180.0   5.0 450.0                            LAT/LON1/LON2/DLON/H
  140  139  139  133  127  121  115  105   98   92   91   93   98  102  106  108
  108  108  107  105  102  100   98   97   99  103  108  116  129  148  172  201
  232  262  291  316  339  357  373  385  396  405  412  416  417  413  406  397
  390  384  378  371  360  346  329  313  299  289  279  269  257  243  226  210
  193  177  162  150  147  138  135  135  140                                   
    40.0-180.0 180.0   5.0 450.0                            LAT/LON1/LON2/DLON/H
  131  133  138  137  136  134  130  122  113  106  104  105  108  111  114  115
  115  115  115  114  112  110  108  108  110  114  120  129  143  162  186  213
  241  270  299  327  353  376  394  407  416  423  426  428  426  420  411  400
  391  383  375  366  353  337  318  301  286  273  262  251  238  223  208  194
  179  165  150  137  132  122  121  124  131                                   
    37.5-180.0 180.0   5.0 450.0                            LAT/LON1/LON2/DLON/H
  116  121  129  131  137  139  139  134  126  119  115  115  117  120  121  121
  121  121  121  120  118  116  114  114  116  120  127  139  154  174  197  222
  247  275  304  335  366  394  415  430  438  442  443  442  438  431  420  409
  397  388  379  369  355  337  318  300  284  271  258  244  229  213  198  184
  170  156  141  125  116  103  102  106  116                                   
    35.0-180.0 180.0   5.0 450.0                            LAT/LON1/LON2/DLON/H
  103  107  116  120  129  135  140  138  132  126  123  123  124  126  127  127
  126  126  125  123  119  116  114  113  116  121  131  145  163  185  207  231
  254  281  311  345  380  411  436  452  460  462  462  460  456  449  439  427
  416  407  398  388  374  357  338  321  305  291  278  263  247  228  211  196
  181  166  148  126  111   92   89   92  103                                   
    32.5-180.0 180.0   5.0 450.0                            LAT/LON1/LON2/DLON/H
   98   99  105  107  117  124  132  134  131  127  125  126  128  130  131  131
  131  130  127  123  118  113  110  109  112  120  132  149  171  195  219  242
  265  291  322  358  395  430  457  473  481  483  483  483  481  476  469  460
  451  444  437  428  416  401  384  368  354  342  329  314  296  276  257  239
  222  203  182  154  131  102   93   90   98                                   
    30.0-180.0 180.0   5.0 450.0                            LAT/LON1/LON2/DLON/H
  107  103  101   99  106  112  121  124  124  123  123  126  129  131  134  135
  135  134  129  123  116  109  106  105  109  119  134  155  181  208  235  259
  282  309  340  377  415  450  477  493  501  505  507  511  513  513  511  507
  503  500  498  493  484  472  459  445  433  423  411  398  380  359  337  316
  294  273  246  212  182  141  122  107  107                                   
    27.5-180.0 180.0   5.0 450.0                            LAT/LON1/LON2/DLON/H
  132  122  110  100  102  104  112  115  116  117  119  123  127  131  134  137
  139  137  132  124  115  108  103  104  109  120  138  163  193  225  255  282
  307  334  366  402  438  471  496  511  520  526  533  541  550  557  562  566
  571  576  580  581  578  570  561  551  541  532  522  509  492  471  446  421
  395  369  337  298  260  208  177  148  132                                   
    25.0-180.0 180.0   5.0 450.0                            LAT/LON1/LON2/DLON/H
  175  159  135  115  109  106  110  111  112  113  116  120  124  128  133  138
  141  140  134  125  116  109  105  106  112  125  146  175  210  246  280  309
  336  364  395  429  462  491  512  526  535  545  557  573  589  604  619  633
  648  663  676  683  686  683  677  671  664  656  648  636  620  599  572  542
  512  482  445  402  356  295  251  211  175                                   
    22.5-180.0 180.0   5.0 450.0                            LAT/LON1/LON2/DLON/H
  232  210  175  145  129  121  120  118  116  116  117  120  122  126  132  138
  141  141  136  128  120  113  110  112  119  134  157  190  228  267  304  335
  363  392  422  453  482  507  525  538  549  562  580  602  626  650  673  698
  722  746  766  778  782  781  777  773  768  763  757  749  735  714  688  655
  622  592  552  507  455  389  336  288  232                                   
    20.0-180.0 180.0   5.0 450.0                            LAT/LON1/LON2/DLON/H
  293  270  228  189  163  149  142  136  130  128  126  125  124  126  130  136
  141  141  138  131  124  120  118  120  128  145  170  205  244  284  321  353
  383  412  442  471  497  519  535  548  562  579  602  629  658  687  718  748
  779  807  828  840  843  839  833  828  825  822  819  814  804  786  760  728
  696  670  633  591  538  472  419  369  293                                   
    17.5-180.0 180.0   5.0 450.0                            LAT/LON1/LON2/DLON/H
  349  327  285  242  207  188  175  164  154  147  140  135  131  129  131  135
  140  141  138  134  130  126  125  128  137  154  181  216  254  292  328  361
  392  423  453  482  507  527  544  559  575  595  620  649  681  712  744  777
  808  834  852  861  859  852  843  836  831  828  825  822  813  796  772  741
  713  692  665  631  583  525  479  435  349                                   
    15.0-180.0 180.0   5.0 450.0                            LAT/LON1/LON2/DLON/H
  390  374  338  296  255  233  214  199  184  172  161  150  141  135  134  136
  139  140  139  137  135  133  132  134  143  160  187  221  257  294  328  361
  393  424  456  485  511  534  553  571  590  611  636  664  693  723  752  781
  807  828  841  844  840  831  820  810  802  795  790  784  773  753  727  697
  671  657  641  617  582  537  503  469  390                                   
    12.5-180.0 180.0   5.0 450.0                            LAT/LON1/LON2/DLON/H
  413  406  379  342  301  276  254  235  216  200  183  168  153  143  139  139
  140  141  140  140  140  138  136  137  145  162  189  222  257  292  325  357
  389  421  453  484  512  538  561  583  605  627  649  673  697  721  745  767
  786  800  807  807  800  791  780  769  758  747  736  724  707  682  651  619
  593  582  575  561  541  512  492  469  413                                   
    10.0-180.0 180.0   5.0 450.0                            LAT/LON1/LON2/DLON/H
  420  421  404  373  337  311  287  266  244  225  205  185  167  154  146  144
  144  143  143  144  145  143  140  138  145  162  189  222  257  290  322  353
  384  416  448  479  509  538  566  592  616  638  658  678  696  714  731  746
  759  766  769  766  760  753  743  732  719  705  689  671  646  613  576  538
  510  498  494  488  481  468  458  443  420                                   
     7.5-180.0 180.0   5.0 450.0                            LAT/LON1/LON2/DLON/H
  417  424  413  388  359  332  308  286  263  243  222  201  180  165  155  151
  149  147  147  149  150  148  142  139  144  162  190  225  260  293  323  352
