data/edconvlstm_nd/pred1360.15i
     1.0            IONOSPHERE MAPS     GNSS                IONEX VERSION / TYPE
pyspatialgeodesy        IME             05-JAN-18 20:20     PGM / RUN BY / DATE 
Map Name                                                    COMMENT             
Predicted global ionosphere maps (GIM).                     DESCRIPTION         
  2015     5    16     0     0     0                        EPOCH OF FIRST MAP  
  2015     5    17     0     0     0                        EPOCH OF LAST MAP   
  7200                                                      INTERVAL            
    13                                                      # OF MAPS IN FILE   
  NONE                                                      MAPPING FUNCTION    
10.0                                                        ELEVATION CUTOFF    
One-way carrier phase leveled to code                       OBSERVABLES USED    
  6371.0                                                    BASE RADIUS         
 2                                                          MAP DIMENSION       
   450.0 450.0   0.0                                        HGT1 / HGT2 / DHGT  
    87.5 -87.5  -2.5                                        LAT1 / LAT2 / DLAT  
  -180.0 180.0   5.0                                        LON1 / LON2 / DLON  
    -1                                                      EXPONENT            
                                                            END OF HEADER       
[from data line 3003]
     8                                                      START OF TEC MAP    
  2015     5    16    14     0     0                        EPOCH OF CURRENT MAP
    87.5-180.0 180.0   5.0 450.0                            LAT/LON1/LON2/DLON/H
  207  209  204  212  213  215  216  216  218  220  220  221  222  222  223  223
  223  223  223  223  223  223  222  222  222  221  220  220  219  218  217  216
  214  213  211  209  208  206  204  202  201  199  198  197  196  195  195  195
  195  195  195  195  195  196  196  196  197  197  197  198  198  199  199  199
  199  201  200  200  206  208  210  206  207                                   
    85.0-180.0 180.0   5.0 450.0                            LAT/LON1/LON2/DLON/H
  196  202  212  209  208  214  216  218  220  221  221  222  223  223  223  223
  223  224  223  223  223  223  223  223  223  223  222  222  221  220  219  218
  217  215  213  210  208  206  203  201  199  197  196  195  194  194  194  194
  195  195  196  197  198  199  199  200  201  201  202  203  203  203  204  204
  205  206  203  202  202  200  203  207  196                                   
    82.5-180.0 180.0   5.0 450.0                            LAT/LON1/LON2/DLON/H
  180  193  196  193  193  198  202  204  205  206  207  208  209  209  210  210
  210  210  211  211  211  212  213  213  214  215  216  216  216  216  216  214
  213  210  207  204  200  197  193  189  186  184  182  181  180  180  181  182
  183  185  186  188  190  191  193  194  195  196  196  197  197  197  197  196
  196  195  192  193  190  196  194  185  180                                   
    80.0-180.0 180.0   5.0 450.0                            LAT/LON1/LON2/DLON/H
  173  183  187  185  184  187  190  194  197  199  199  201  202  202  203  203
  204  204  204  205  206  207  208  210  212  214  216  218  219  220  220  219
  218  215  212  207  202  197  192  188  184  181  178  177  177  177  179  181
  183  185  188  191  193  195  197  198  199  200  200  200  200  199  198  197
  196  194  190  190  184  182  182  173  173                                   
    77.5-180.0 180.0   5.0 450.0                            LAT/LON1/LON2/DLON/H
  172  171  175  175  174  177  178  181  183  184  184  185  186  187  187  188
  189  189  190  192  193  196  198  201  205  209  213  217  221  224  225  226
  225  223  219  215  209  203  197  191  186  182  180  179  179  180  183  185
  189  192  195  198  201  203  204  206  206  207  206  206  204  203  201  198
  195  192  187  186  184  177  174  170  172                                   
    75.0-180.0 180.0   5.0 450.0                            LAT/LON1/LON2/DLON/H
  170  171  172  173  171  174  174  175  176  177  176  177  177  177  177  178
  178  179  180  182  185  188  192  197  202  208  214  220  226  231  235  237
  237  236  232  227  221  214  207  201  195  192  190  189  190  192  195  199
  202  205  208  211  213  214  215  216  216  215  214  213  211  209  207  204
  200  197  192  188  184  178  175  165  170                                   
    72.5-180.0 180.0   5.0 450.0                            LAT/LON1/LON2/DLON/H
  168  171  171  174  171  173  173  172  172  171  169  169  168  168  168  168
  168  169  171  173  177  181  186  193  200  207  215  222  230  236  241  245
  246  245  242  237  231  223  216  210  204  201  199  200  201  204  207  211
  214  216  218  219  220  220  220  219  218  217  215  214  211  209  206  203
  199  196  191  188  183  179  177  172  168                                   
    70.0-180.0 180.0   5.0 450.0                            LAT/LON1/LON2/DLON/H
  171  174  176  178  175  177  176  175  173  172  170  168  167  166  165  164
  164  165  167  169  173  179  185  192  200  208  217  225  233  240  246  250
  253  252  250  245  239  232  225  218  214  211  211  212  214  216  219  222
  223  224  224  223  222  220  218  216  214  212  210  208  206  204  202  199
  196  192  189  186  182  181  182  178  171                                   
    67.5-180.0 180.0   5.0 450.0                            LAT/LON1/LON2/DLON/H
  169  176  180  185  183  186  185  184  183  182  179  177  175  174  172  171
  170  170  172  175  179  185  192  200  208  216  224  232  240  247  252  257
  259  259  257  253  247  241  234  229  226  224  224  226  228  230  232  233
  233  231  229  225  222  218  214  211  208  206  204  202  200  197  196  194
  190  188  185  182  178  179  181  179  169                                   
    65.0-180.0 180.0   5.0 450.0                            LAT/LON1/LON2/DLON/H
  162  172  177  184  183  188  189  189  189  189  187  186  184  182  180  178
  176  176  177  179  184  190  197  205  213  221  228  235  242  248  253  257
  260  261  259  256  251  246  240  236  234  233  234  236  238  240  240  239
  236  232  228  222  217  212  207  203  199  197  194  192  190  188  186  183
  180  178  176  173  171  173  177  176  162                                   
    62.5-180.0 180.0   5.0 450.0                            LAT/LON1/LON2/DLON/H
  147  159  166  174  176  182  186  189  191  193  193  194  193  192  189  187
  185  183  183  186  190  196  203  210  217  224  230  236  242  247  252  256
  259  260  260  258  254  250  246  243  242  242  243  245  246  246  245  242
  237  232  225  219  213  207  202  198  194  191  189  186  183  180  177  174
  169  166  163  161  158  159  163  163  147                                   
    60.0-180.0 180.0   5.0 450.0                            LAT/LON1/LON2/DLON/H
  129  140  148  156  159  167  174  179  185  190  193  196  197  196  195  192
  189  187  187  188  192  198  204  211  218  224  230  235  240  245  250  254
  258  260  261  260  258  255  252  250  250  250  252  253  253  251  248  244
  238  232  226  220  214  209  204  200  196  193  191  187  183  179  173  168
  162  157  152  148  143  142  146  146  129                                   
    57.5-180.0 180.0   5.0 450.0                            LAT/LON1/LON2/DLON/H
  112  120  127  133  137  146  155  163  172  179  186  191  195  196  196  194
  191  189  188  189  192  197  203  210  217  223  229  234  239  245  251  256
  261  264  267  267  266  264  262  260  260  260  261  261  260  258  253  248
  242  237  232  227  223  219  215  211  208  205  202  198  193  186  178  170
  161  154  147  141  134  129  130  130  112                                   
    55.0-180.0 180.0   5.0 450.0                            LAT/LON1/LON2/DLON/H
  101  103  109  112  116  125  134  144  154  164  174  182  188  191  192  191
  190  188  186  187  190  194  201  208  215  222  228  235  242  248  255  262
  268  274  277  279  279  278  275  273  272  272  272  271  269  266  261  255
  251  247  244  241  239  236  233  230  227  224  221  216  209  200  190  180
  168  159  150  142  132  124  123  121  101                                   
    52.5-180.0 180.0   5.0 450.0                            LAT/LON1/LON2/DLON/H
  100   97   99   99  101  109  118  127  138  150  161  170  177  182  185  186
  186  185  184  185  187  192  199  207  215  223  231  239  248  256  264  273
  280  287  292  295  296  294  292  289  286  285  284  282  279  275  271  266
  263  261  260  259  258  256  253  250  247  245  242  237  229  219  207  195
  182  171  161  153  141  131  126  123  100                                   
    50.0-180.0 180.0   5.0 450.0                            LAT/LON1/LON2/DLON/H
  110  102  101   98   97  103  110  117  129  140  151  161  168  174  178  181
  182  183  183  184  187  192  199  208  218  227  237  247  257  267  277  287
  296  304  310  314  315  314  310  306  302  299  296  294  291  287  283  279
  277  276  277  277  276  274  270  266  263  261  258  254  246  236  224  211
  198  187  177  170  158  148  141  137  110                                   
    47.5-180.0 180.0   5.0 450.0                            LAT/LON1/LON2/DLON/H
  129  119  115  109  104  109  112  118  128  139  149  158  164  169  174  178
  181  183  184  186  189  195  204  214  224  236  247  259  270  280  291  301
  312  321  329  334  337  335  331  325  319  314  310  307  304  300  296  293
  291  291  291  291  288  284  278  273  270  268  265  262  256  247  236  224
  211  202  193  189  179  171  164  160  129                                   
    45.0-180.0 180.0   5.0 450.0                            LAT/LON1/LON2/DLON/H
  152  143  137  130  122  124  125  129  137  147  155  162  166  170  174  179
  183  186  188  191  195  202  211  222  235  247  259  271  282  293  304  315
  326  338  348  355  359  358  354  346  338  331  325  321  317  313  309  305
  303  301  300  297  292  285  277  270  265  263  262  260  256  248  240  230
  219  213  206  204  198  195  189  186  152                                   
    42.5-180.0 180.0   5.0 450.0                            LAT/LON1/LON2/DLON/H
  173  168  161  154  144  144  143  146  153  162  169  174  176  177  180  185
  189  193  196  198  203  211  221  234  247  260  272  283  293  303  314  327
  340  354  368  378  385  386  381  372  362  352  344  338  333  328  323  318
  313  309  304  298  290  280  270  261  256  253  253  252  249  243  237  229
  221  217  212  213  209  212  209  206  173                                   
    40.0-180.0 180.0   5.0 450.0                            LAT/LON1/LON2/DLON/H
  187  187  180  175  165  163  161  164  172  181  187  191  191  190  191  195
  199  203  205  208  213  221  232  246  260  273  284  294  303  312  324  338
  355  373  391  406  416  419  415  406  393  379  368  359  352  346  339  332
  325  318  310  301  290  277  265  255  249  246  246  245  243  238  233  227
  219  216  212  213  212  219  219  216  187                                   
    37.5-180.0 180.0   5.0 450.0                            LAT/LON1/LON2/DLON/H
  191  196  191  186  178  175  175  179  187  198  206  209  208  206  206  208
  212  215  217  219  224  232  244  258  272  285  295  304  312  322  336  354
  376  399  422  441  455  462  459  448  433  416  400  388  379  370  362  353
  344  334  324  313  300  286  273  262  255  252  250  248  245  240  235  229
  221  217  211  210  209  218  220  214  191                                   
    35.0-180.0 180.0   5.0 450.0                            LAT/LON1/LON2/DLON/H
  188  196  191  186  181  177  179  184  195  209  219  224  224  222  222  224
  227  229  230  232  237  245  257  271  285  297  307  315  324  336  354  377
  405  435  463  487  505  514  513  501  482  461  442  426  414  404  394  385
  375  364  353  342  328  315  301  290  281  276  272  268  263  257  250  243
  233  225  216  211  206  213  215  205  188                                   
    32.5-180.0 180.0   5.0 450.0                            LAT/LON1/LON2/DLON/H
  184  191  186  180  176  171  174  179  192  209  223  232  234  235  236  238
  242  244  245  248  252  260  272  285  299  311  321  330  341  357  381  411
  446  482  516  544  565  575  573  560  539  515  492  473  459  448  439  431
  422  413  403  392  380  367  353  340  329  321  314  307  299  291  283  273
  259  247  232  221  210  212  211  197  184                                   
    30.0-180.0 180.0   5.0 450.0                            LAT/LON1/LON2/DLON/H
  184  188  181  173  169  162  165  169  183  201  218  231  238  242  246  251
  256  260  263  266  271  279  289  301  314  327  339  351  366  388  419  457
  499  541  579  609  629  639  635  621  598  572  548  529  515  505  498  493
  488  482  475  466  455  441  426  411  397  385  375  365  354  342  332  319
  301  284  262  245  227  220  215  195  184                                   
    27.5-180.0 180.0   5.0 450.0                            LAT/LON1/LON2/DLON/H
  192  191  179  169  165  157  158  160  172  189  207  223  234  243  251  260
  269  277  282  288  293  300  309  320  333  347  362  378  399  429  468  514
  563  609  647  674  691  696  690  674  652  628  606  589  578  572  569  569
  569  568  564  556  545  530  513  494  476  460  445  432  419  406  394  378
  357  335  308  284  258  242  230  204  192                                   
    25.0-180.0 180.0   5.0 450.0                            LAT/LON1/LON2/DLON/H
  208  204  185  173  168  159  157  156  164  179  197  214  228  241  253  266
  279  292  302  311  318  325  332  342  355  370  389  412  441  479  525  578
  631  676  710  730  738  737  727  712  693  674  659  648  643  642  645  650
  655  657  654  646  632  613  592  569  547  527  510  496  483  470  458  442
  420  396  365  335  301  276  256  226  208                                   
    22.5-180.0 180.0   5.0 450.0                            LAT/LON1/LON2/DLON/H
  233  227  201  186  179  169  164  160  163  175  190  207  223  238  253  269
  286  304  320  334  343  350  357  365  379  398  422  452  489  535  588  643
  694  733  756  765  763  754  741  728  715  705  700  698  700  706  714  723
  730  731  726  712  692  669  642  615  589  567  550  537  526  517  509  496
  476  454  422  388  349  316  292  259  233                                   
    20.0-180.0 180.0   5.0 450.0                            LAT/LON1/LON2/DLON/H
  262  254  224  205  196  185  178  171  170  176  187  203  219  235  252  270
  290  312  334  352  366  374  380  390  405  428  459  497  542  592  645  697
  740  768  778  773  761  746  733  725  721  722  727  735  745  756  766  776
  781  779  767  745  717  686  655  625  596  573  556  546  540  536  533  526
  511  495  467  432  391  355  329  297  262                                   
    17.5-180.0 180.0   5.0 450.0                            LAT/LON1/LON2/DLON/H
  288  279  248  226  215  204  195  186  181  182  190  203  218  235  251  270
  292  317  342  365  382  393  402  413  433  461  499  542  591  641  690  733
  763  777  774  759  740  723  713  712  717  729  744  760  775  788  798  805
  806  797  777  747  711  673  638  605  575  551  535  527  525  526  528  525
  517  508  488  457  419  382  358  329  288                                   
    15.0-180.0 180.0   5.0 450.0                            LAT/LON1/LON2/DLON/H
  303  293  264  241  229  220  211  202  194  191  195  205  220  235  252  270
  292  318  346  372  392  406  419  435  460  494  535  582  629  675  715  746
  764  766  754  734  713  699  694  699  713  733  755  775  792  804  811  813
  807  791  763  725  683  642  605  572  542  518  501  494  493  496  500  500
  496  493  481  456  425  391  371  344  303                                   
    12.5-180.0 180.0   5.0 450.0                            LAT/LON1/LON2/DLON/H
  302  293  268  247  235  226  221  212  204  199  200  208  222  237  253  271
  293  319  347  374  397  415  432  454  484  522  565  611  654  692  723  743
  752  748  734  714  697  687  687  698  717  740  765  786  800  808  810  805
  791  767  733  690  646  606  570  540  512  488  470  461  458  458  460  459
  457  456  451  433  410  380  364  339  302                                   
    10.0-180.0 180.0   5.0 450.0                            LAT/LON1/LON2/DLON/H
  289  280  259  240  230  223  221  215  208  202  202  210  224  240  256  274
  295  321  349  376  399  421  443  470  504  543  586  629  668  699  723  737
  741  736  723  709  698  695  700  713  733  755  776  792  801  802  797  785
  765  735  697  654  612  575  545  519  495  472  452  439  430  425  422  416
  411  410  407  395  379  356  343  319  289                                   
     7.5-180.0 180.0   5.0 450.0                            LAT/LON1/LON2/DLON/H
  267  259  242  226  217  211  213  209  204  199  200  209  224  242  260  279
  301  326  353  380  404  428  454  485  521  561  603  642  677  704  723  734
