data/edconvlstm_nd/pred3100.15i
     1.0            IONOSPHERE MAPS     GNSS                IONEX VERSION / TYPE
pyspatialgeodesy        IME             05-JAN-18 20:20     PGM / RUN BY / DATE 
Map Name                                                    COMMENT             
Predicted global ionosphere maps (GIM).                     DESCRIPTION         
  2015    11     6     0     0     0                        EPOCH OF FIRST MAP  
  2015    11     7     0     0     0                        EPOCH OF LAST MAP   
  7200                                                      INTERVAL            
    13                                                      # OF MAPS IN FILE   
  NONE                                                      MAPPING FUNCTION    
10.0                                                        ELEVATION CUTOFF    
One-way carrier phase leveled to code                       OBSERVABLES USED    
  6371.0                                                    BASE RADIUS         
 2                                                          MAP DIMENSION       
   450.0 450.0   0.0                                        HGT1 / HGT2 / DHGT  
    87.5 -87.5  -2.5                                        LAT1 / LAT2 / DLAT  
  -180.0 180.0   5.0                                        LON1 / LON2 / DLON  
    -1                                                      EXPONENT            
                                                            END OF HEADER       
[from data line 1287]
     4                                                      START OF TEC MAP    
  2015    11     6     6     0     0                        EPOCH OF CURRENT MAP
    87.5-180.0 180.0   5.0 450.0                            LAT/LON1/LON2/DLON/H
   32   37   33   37   37   38   38   35   37   39   40   42   44   45   46   47
   48   49   50   50   50   50   50   50   50   50   49   49   49   48   48   47
   47   47   46   46   45   45   45   44   44   44   44   44   44   43   43   43
   43   43   42   42   41   41   40   39   38   37   36   35   34   33   32   31
   31   31   28   29   34   44   53   50   32                                   
    85.0-180.0 180.0   5.0 450.0                            LAT/LON1/LON2/DLON/H
   17   39   36   37   41   43   43   44   45   48   49   51   53   55   56   57
   58   59   59   60   60   60   60   59   59   59   59   58   58   58   57   57
   57   56   56   56   56   56   56   56   56   56   56   56   56   56   57   56
   56   56   56   55   54   54   53   52   50   49   48   46   45   44   42   41
   41   40   36   37   41   42   55   45   17                                   
    82.5-180.0 180.0   5.0 450.0                            LAT/LON1/LON2/DLON/H
   14   25   38   37   38   40   41   42   45   48   50   53   55   57   59   60
   61   61   61   61   60   60   59   58   57   57   56   56   55   55   55   55
   55   55   55   56   56   57   57   58   59   60   61   62   63   63   64   65
   65   65   65   65   64   63   62   61   59   57   56   53   51   49   46   44
   42   40   36   34   44   37   39   37   14                                   
    80.0-180.0 180.0   5.0 450.0                            LAT/LON1/LON2/DLON/H
   24   26   34   32   37   36   39   39   43   46   48   52   55   57   59   60
   61   61   60   60   59   57   56   55   54   53   52   52   52   52   52   52
   53   53   54   54   55   56   58   59   61   63   64   66   68   70   72   73
   74   75   76   76   76   76   75   74   72   70   68   65   62   58   55   51
   48   44   41   38   44   39   39   37   24                                   
    77.5-180.0 180.0   5.0 450.0                            LAT/LON1/LON2/DLON/H
   34   30   29   27   29   30   32   34   38   42   44   49   52   55   57   58
   59   59   58   57   55   54   52   50   49   48   47   46   46   46   47   47
   48   48   49   50   51   52   54   56   59   61   64   68   71   74   77   80
   83   85   87   89   90   91   91   90   89   87   84   81   77   73   68   63
   58   53   46   42   40   29   31   33   34                                   
    75.0-180.0 180.0   5.0 450.0                            LAT/LON1/LON2/DLON/H
   31   28   25   24   25   27   29   31   34   38   40   44   46   49   50   51
   51   51   50   49   48   46   44   43   42   41   41   41   41   42   42   43
   43   43   43   43   44   45   46   48   51   55   59   63   68   73   77   82
   86   91   94   98  100  102  103  104  103  102   99   96   92   88   83   78
   71   64   57   48   45   35   35   36   31                                   
    72.5-180.0 180.0   5.0 450.0                            LAT/LON1/LON2/DLON/H
   38   32   27   25   27   31   34   35   38   40   42   45   47   48   49   50
   50   49   48   47   45   44   42   41   40   40   40   41   42   43   43   44
   44   43   43   42   42   43   45   47   51   55   60   66   72   79   85   92
   98  104  110  115  119  123  125  126  125  124  122  118  114  110  104   99
   92   85   78   68   61   49   45   46   38                                   
    70.0-180.0 180.0   5.0 450.0                            LAT/LON1/LON2/DLON/H
   48   39   35   33   34   36   38   40   41   43   44   46   46   47   47   47
   46   45   44   43   42   41   40   40   40   40   42   43   45   46   47   47
   46   44   43   41   40   40   42   44   48   54   60   68   75   83   92  100
  108  117  125  132  137  142  144  145  144  142  139  135  130  125  119  114
  107   99   93   83   74   63   61   59   48                                   
    67.5-180.0 180.0   5.0 450.0                            LAT/LON1/LON2/DLON/H
   53   44   39   37   39   40   42   43   44   44   44   45   44   44   43   42
   42   41   40   39   38   38   37   37   38   39   41   44   46   47   47   47
   45   43   40   38   36   36   37   40   45   51   59   68   77   86   96  106
  116  126  136  144  151  156  158  158  156  152  147  142  136  130  123  117
  111  103   97   88   79   70   66   64   53                                   
    65.0-180.0 180.0   5.0 450.0                            LAT/LON1/LON2/DLON/H
   56   49   43   42   42   43   45   46   46   47   45   45   44   43   42   41
   40   40   39   38   37   37   36   37   38   40   42   44   46   48   48   46
   44   41   38   35   33   33   35   38   44   52   61   71   82   92  103  115
  127  138  149  159  167  172  173  172  168  162  155  147  139  131  123  116
  109  102   97   88   81   73   70   67   56                                   
    62.5-180.0 180.0   5.0 450.0                            LAT/LON1/LON2/DLON/H
   57   50   45   43   44   45   47   48   49   49   47   47   45   44   42   42
   41   40   40   39   38   37   37   37   38   40   42   44   45   46   46   45
   42   39   36   33   32   32   35   40   47   56   67   78   89  101  112  125
  137  150  163  174  182  187  188  185  179  171  161  151  141  131  121  113
  105   97   92   83   78   71   68   65   57                                   
    60.0-180.0 180.0   5.0 450.0                            LAT/LON1/LON2/DLON/H
   56   50   44   42   42   43   45   46   47   47   46   46   44   43   42   42
   41   41   40   39   38   37   36   36   36   37   38   40   41   41   41   39
   37   35   32   31   30   31   35   41   50   61   72   84   96  108  119  132
  145  159  173  186  195  200  201  197  189  179  168  156  144  132  120  110
  100   91   85   78   73   66   63   60   56                                   
    57.5-180.0 180.0   5.0 450.0                            LAT/LON1/LON2/DLON/H
   58   50   44   41   40   41   43   43   45   45   44   44   43   42   42   42
   43   42   42   40   39   37   36   35   34   34   35   35   36   36   36   34
   33   32   30   30   31   34   39   46   56   68   81   93  105  116  127  139
  153  168  183  197  208  214  215  211  203  192  180  167  154  141  128  116
  103   92   85   77   73   65   61   58   58                                   
    55.0-180.0 180.0   5.0 450.0                            LAT/LON1/LON2/DLON/H
   63   53   47   41   39   39   40   40   41   41   40   40   40   40   41   42
   43   43   42   40   39   37   35   34   33   32   31   31   31   31   31   30
   30   30   30   31   34   38   44   53   64   77   90  102  113  124  134  146
  159  175  191  207  219  227  229  225  217  207  196  184  171  158  143  130
  115  101   93   84   79   69   65   62   63                                   
    52.5-180.0 180.0   5.0 450.0                            LAT/LON1/LON2/DLON/H
   75   62   54   47   42   40   41   39   38   37   36   36   36   37   38   40
   42   42   42   40   38   36   35   33   32   31   30   29   29   29   29   29
   29   31   33   36   39   44   52   61   73   86  100  112  123  132  142  153
  166  182  200  216  230  239  242  239  233  224  213  203  191  179  165  150
  134  119  109   98   92   81   77   73   75                                   
    50.0-180.0 180.0   5.0 450.0                            LAT/LON1/LON2/DLON/H
   91   77   67   59   52   49   47   43   40   37   34   33   32   33   35   37
   39   40   40   39   37   36   35   35   34   33   32   31   30   30   30   31
   32   35   39   43   47   53   61   70   83   97  110  123  133  142  151  162
  175  190  208  225  239  249  253  251  246  238  230  220  210  199  186  172
  155  140  128  117  109   98   94   90   91                                   
    47.5-180.0 180.0   5.0 450.0                            LAT/LON1/LON2/DLON/H
  109   95   84   77   69   65   61   54   48   42   36   33   31   31   32   35
   37   38   37   37   36   36   36   37   37   37   36   36   35   35   36   37
   39   42   47   52   57   63   70   80   93  107  122  135  145  154  163  173
  185  200  217  233  247  256  260  260  255  249  241  233  224  213  201  188
  173  158  146  133  126  115  112  108  109                                   
    45.0-180.0 180.0   5.0 450.0                            LAT/LON1/LON2/DLON/H
  123  112  101   96   89   85   80   71   62   53   45   39   35   33   33   34
   36   36   36   35   35   37   39   41   43   44   44   44   43   44   44   45
   47   51   55   61   66   72   80   90  103  118  133  147  158  168  177  187
  198  211  226  240  252  260  265  264  260  254  247  238  229  218  207  195
  181  168  156  143  136  125  124  121  123                                   
    42.5-180.0 180.0   5.0 450.0                            LAT/LON1/LON2/DLON/H
  130  120  111  110  105  104   99   90   80   69   59   52   45   41   40   39
   39   38   37   36   37   39   42   46   50   52   53   53   53   53   53   54
   55   58   63   68   73   79   87   98  113  129  145  160  172  183  192  202
  212  223  234  245  255  262  265  265  262  256  248  239  228  217  205  194
  181  169  157  144  136  125  125  122  130                                   
    40.0-180.0 180.0   5.0 450.0                            LAT/LON1/LON2/DLON/H
  125  116  109  111  112  113  110  104   95   85   76   68   61   56   52   50
   48   46   43   41   41   43   47   52   56   59   61   61   61   61   61   60
   61   64   67   72   77   84   93  106  122  140  157  173  185  197  207  217
  226  234  241  249  256  262  265  266  264  258  250  239  227  213  200  189
  177  164  153  139  129  115  114  113  125                                   
    37.5-180.0 180.0   5.0 450.0                            LAT/LON1/LON2/DLON/H
  112  101   94   99  104  109  110  108  103   96   90   84   78   73   69   66
   62   58   54   50   49   50   54   58   62   65   67   68   68   67   66   65
   64   66   69   73   78   86   97  112  131  151  169  184  198  209  220  229
  237  243  247  252  257  263  268  271  271  267  259  247  232  216  201  190
  177  164  151  135  121  102  100   97  112                                   
    35.0-180.0 180.0   5.0 450.0                            LAT/LON1/LON2/DLON/H
   98   82   73   78   86   93   98  100  101   98   96   95   92   89   86   83
   80   75   69   64   60   59   61   64   67   70   71   72   71   71   69   67
   66   66   68   72   78   87  101  119  140  161  179  195  207  219  230  239
  246  250  252  256  261  269  277  284  287  286  280  268  252  235  219  207
  194  179  164  144  125   97   91   87   98                                   
    32.5-180.0 180.0   5.0 450.0                            LAT/LON1/LON2/DLON/H
   89   67   54   57   64   71   78   84   88   90   93   96   98   99   99   98
   96   91   85   78   72   69   68   70   72   74   74   75   74   73   70   68
   66   65   66   70   77   88  104  125  148  170  188  203  215  226  237  246
  252  255  257  262  270  281  294  307  316  320  317  307  292  275  259  247
  233  218  200  174  149  112  100   91   89                                   
    30.0-180.0 180.0   5.0 450.0                            LAT/LON1/LON2/DLON/H
   96   65   45   43   46   51   58   64   71   76   82   90   96  101  104  106
  106  103   98   91   83   78   75   75   76   78   78   78   77   75   72   69
   67   65   66   70   78   91  109  131  156  178  196  209  220  231  241  251
  257  261  265  272  285  302  322  341  357  366  368  361  349  335  320  308
  295  279  259  228  199  153  135  116   96                                   
    27.5-180.0 180.0   5.0 450.0                            LAT/LON1/LON2/DLON/H
  123   84   55   45   41   42   45   50   55   61   68   77   86   94  101  105
  108  108  104   98   90   84   81   81   82   84   84   83   80   78   75   72
   69   68   68   72   80   94  114  138  163  185  202  215  225  236  247  256
  264  270  277  289  307  331  358  384  406  421  428  427  419  408  397  386
  373  357  335  300  270  217  193  165  123                                   
    25.0-180.0 180.0   5.0 450.0                            LAT/LON1/LON2/DLON/H
  175  129   89   67   55   48   46   46   48   52   57   65   74   82   90   97
  102  104  102   97   91   87   85   87   90   92   92   89   86   82   79   77
   74   72   72   76   85  100  120  145  170  191  209  222  233  244  255  266
  275  284  296  313  338  367  400  432  459  480  493  497  494  488  480  471
  460  444  421  384  353  297  267  237  175                                   
    22.5-180.0 180.0   5.0 450.0                            LAT/LON1/LON2/DLON/H
  249  200  152  117   92   74   64   57   55   54   55   59   64   70   77   83
   89   92   93   91   89   88   90   94   99  101  101   97   93   88   85   83
   81   79   78   81   90  106  127  152  176  198  217  231  244  256  269  280
  291  304  321  344  374  408  445  481  512  536  552  560  563  561  557  551
  542  529  506  472  441  385  349  323  249                                   
    20.0-180.0 180.0   5.0 450.0                            LAT/LON1/LON2/DLON/H
  339  295  243  196  154  124  103   87   78   71   66   64   64   65   67   71
   76   79   82   83   85   89   94  102  108  111  110  106  100   95   92   90
   88   85   84   87   96  113  134  158  183  206  226  244  260  274  288  300
  314  330  351  379  412  450  488  524  554  578  596  608  614  616  616  613
  608  599  581  553  520  470  434  413  339                                   
    17.5-180.0 180.0   5.0 450.0                            LAT/LON1/LON2/DLON/H
  427  400  351  297  237  194  161  136  119  104   92   83   75   70   68   67
   69   71   74   78   83   91  100  109  117  120  119  113  106  101   98   96
   93   89   87   91  101  118  140  164  189  214  237  259  278  296  311  325
  341  360  384  415  449  486  521  553  580  602  619  632  640  645  648  647
  646  642  632  612  579  536  509  492  427                                   
    15.0-180.0 180.0   5.0 450.0                            LAT/LON1/LON2/DLON/H
  495  488  451  401  328  275  231  198  174  153  133  116  101   89   81   75
   72   72   74   79   86   96  107  117  125  128  125  118  110  104  101   98
   95   91   89   93  104  122  144  169  195  221  248  274  298  318  335  351
  368  390  416  447  480  512  541  567  588  605  620  632  641  648  651  652
  653  653  650  638  608  575  558  544  495                                   
    12.5-180.0 180.0   5.0 450.0                            LAT/LON1/LON2/DLON/H
  529  535  513  474  402  346  298  263  236  210  185  161  140  121  107   95
   88   83   84   88   96  106  116  126  132  134  129  121  113  106  101   98
   93   89   87   92  104  123  146  171  198  227  257  287  314  337  356  373
  392  415  441  470  498  524  547  565  580  592  604  615  624  630  633  634
  635  637  638  631  607  584  574  560  529                                   
    10.0-180.0 180.0   5.0 450.0                            LAT/LON1/LON2/DLON/H
  529  533  520  491  432  385  344  313  289  265  239  212  186  163  144  127
  115  106  103  105  112  120  129  136  139  138  132  123  113  106  100   95
   91   86   85   90  103  122  145  170  199  230  263  295  324  348  368  387
  407  430  455  480  503  523  539  551  560  569  579  589  598  603  605  605
  605  607  609  604  587  572  564  548  529                                   
     7.5-180.0 180.0   5.0 450.0                            LAT/LON1/LON2/DLON/H
  503  496  483  458  417  382  352  335  321  304  283  258  233  209  187  167
  150  138  131  129  132  138  143  146  145  141  133  123  114  106   99   93
