data/edconvlstm_nd/pred0770.15i
     1.0            IONOSPHERE MAPS     GNSS                IONEX VERSION / TYPE
pyspatialgeodesy        IME             05-JAN-18 20:20     PGM / RUN BY / DATE 
Map Name                                                    COMMENT             
Predicted global ionosphere maps (GIM).                     DESCRIPTION         
  2015     3    18     0     0     0                        EPOCH OF FIRST MAP  
  2015     3    19     0     0     0                        EPOCH OF LAST MAP   
  7200                                                      INTERVAL            
    13                                                      # OF MAPS IN FILE   
  NONE                                                      MAPPING FUNCTION    
10.0                                                        ELEVATION CUTOFF    
One-way carrier phase leveled to code                       OBSERVABLES USED    
  6371.0                                                    BASE RADIUS         
 2                                                          MAP DIMENSION       
   450.0 450.0   0.0                                        HGT1 / HGT2 / DHGT  
    87.5 -87.5  -2.5                                        LAT1 / LAT2 / DLAT  
  -180.0 180.0   5.0                                        LON1 / LON2 / DLON  
    -1                                                      EXPONENT            
                                                            END OF HEADER       
[from data line 4290]
    11                                                      START OF TEC MAP    
  2015     3    18    20     0     0                        EPOCH OF CURRENT MAP
    87.5-180.0 180.0   5.0 450.0                            LAT/LON1/LON2/DLON/H
  151  148  136  140  142  142  141  139  139  141  141  142  143  143  144  144
  144  144  144  144  143  142  141  140  138  137  136  135  134  133  132  131
  131  130  130  130  130  130  130  130  131  131  132  133  133  134  135  136
  137  138  139  140  141  141  142  142  143  143  143  143  143  143  142  142
  141  141  139  139  150  145  152  155  151                                   
    85.0-180.0 180.0   5.0 450.0                            LAT/LON1/LON2/DLON/H
  148  146  150  142  141  146  144  145  146  147  147  149  150  151  152  153
  153  153  152  152  151  149  148  146  145  143  141  140  138  137  136  135
  135  134  134  134  135  135  136  136  137  138  139  140  141  142  143  145
  146  148  149  150  151  152  152  152  153  153  153  152  152  152  152  151
  152  151  149  146  151  140  142  142  148                                   
    82.5-180.0 180.0   5.0 450.0                            LAT/LON1/LON2/DLON/H
  120  125  125  120  123  130  131  132  132  135  136  139  141  143  144  145
  145  145  144  143  141  139  137  134  132  130  128  126  124  122  121  120
  120  120  120  120  121  122  122  123  123  124  124  125  126  127  128  129
  131  133  134  136  137  138  139  139  139  139  139  138  137  137  136  136
  135  134  132  136  138  144  133  126  120                                   
    80.0-180.0 180.0   5.0 450.0                            LAT/LON1/LON2/DLON/H
   96   99  103  100  102  105  108  113  116  120  122  127  130  133  135  136
  136  136  134  132  129  126  123  120  118  115  112  110  108  106  104  103
  103  102  103  103  104  105  105  106  106  105  105  105  105  105  106  108
  110  113  115  118  120  122  123  124  124  123  121  120  119  117  117  116
  116  116  115  116  116  114  106  112   96                                   
    77.5-180.0 180.0   5.0 450.0                            LAT/LON1/LON2/DLON/H
   88   86   91   86   90   93   97  101  105  111  115  121  125  129  132  134
  134  133  131  128  125  121  118  116  113  111  109  107  105  103  102  101
  100  100  100  101  102  103  103  102  101   99   96   93   91   89   89   89
   91   94   97  101  104  107  108  109  108  106  104  101   99   97   96   96
   96   97   99  102  107  103  100  116   88                                   
    75.0-180.0 180.0   5.0 450.0                            LAT/LON1/LON2/DLON/H
   85   85   85   80   82   86   88   93   99  106  111  118  123  128  131  132
  132  130  127  124  120  117  115  113  112  112  111  110  110  108  107  105
  104  104  104  105  107  108  108  106  104   99   94   89   83   79   77   76
   77   80   84   89   93   97   99   99   98   95   92   88   85   82   82   83
   85   88   92   93   98   98   98  106   85                                   
    72.5-180.0 180.0   5.0 450.0                            LAT/LON1/LON2/DLON/H
   89   91   90   87   84   87   89   93   99  107  113  121  128  133  137  138
  137  134  131  127  123  120  118  117  118  119  120  120  120  118  116  114
  112  111  111  112  114  115  116  115  111  106   98   90   81   74   70   68
   68   72   76   82   88   92   95   96   94   91   86   81   77   74   74   76
   79   84   91   95  101  105  109  119   89                                   
    70.0-180.0 180.0   5.0 450.0                            LAT/LON1/LON2/DLON/H
  100  101   98   92   87   88   90   94  101  109  116  125  132  137  141  142
  140  137  133  128  124  122  121  121  123  126  129  130  131  129  126  122
  118  115  114  116  118  121  123  123  121  114  106   95   85   76   69   66
   66   69   75   81   88   93   96   97   95   91   85   80   75   72   72   75
   79   87   95  102  110  114  122  129  100                                   
    67.5-180.0 180.0   5.0 450.0                            LAT/LON1/LON2/DLON/H
  109  109  106  100   95   95   96  101  107  116  124  133  141  147  151  153
  152  149  144  139  134  131  129  129  131  134  137  139  139  137  132  126
  119  114  112  112  115  120  124  126  125  120  112  101   90   80   73   69
   70   73   79   86   93  100  104  105  103   99   93   86   81   78   78   81
   86   94  102  109  117  122  128  134  109                                   
    65.0-180.0 180.0   5.0 450.0                            LAT/LON1/LON2/DLON/H
  111  110  104  100   95   95   96  101  108  117  125  135  144  151  156  158
  159  156  152  147  141  135  132  130  130  133  136  139  139  137  131  123
  114  106  102  101  103  109  115  120  121  119  112  103   93   83   76   73
   73   76   81   88   95  101  105  106  105  100   95   89   83   80   80   83
   87   95  103  109  118  122  127  133  111                                   
    62.5-180.0 180.0   5.0 450.0                            LAT/LON1/LON2/DLON/H
  105  102   97   95   92   94   95  100  107  116  125  135  145  153  160  166
  168  168  165  159  151  143  135  129  126  126  128  131  133  131  125  116
  105   95   87   84   85   90   97  104  108  109  105   99   91   83   78   75
   75   78   82   88   94  100  103  104  103  100   95   89   85   82   81   83
   86   91   97  101  109  111  113  120  105                                   
    60.0-180.0 180.0   5.0 450.0                            LAT/LON1/LON2/DLON/H
   95   89   86   87   86   90   92   97  104  113  122  132  143  153  163  171
  177  179  177  171  161  150  138  127  119  116  117  120  124  124  121  112
  100   88   77   71   70   73   80   87   93   96   95   92   87   82   79   77
   77   79   83   87   91   94   97   98   97   94   90   86   82   80   79   80
   80   83   86   88   93   94   95  103   95                                   
    57.5-180.0 180.0   5.0 450.0                            LAT/LON1/LON2/DLON/H
   84   79   78   81   84   88   91   96  102  110  118  129  140  152  165  177
  186  191  190  184  173  159  142  127  115  108  108  112  118  122  122  116
  105   92   79   69   64   65   69   75   80   84   85   84   82   80   79   79
   79   80   82   83   85   87   88   88   87   86   83   80   78   76   75   75
   73   73   73   72   77   77   76   87   84                                   
    55.0-180.0 180.0   5.0 450.0                            LAT/LON1/LON2/DLON/H
   80   77   79   84   89   94   96  100  105  111  118  128  139  153  169  183
  195  202  202  197  186  170  152  133  118  109  107  112  122  131  136  134
  126  112   97   84   75   71   71   73   76   78   79   80   80   80   80   80
   81   81   81   80   80   79   79   79   78   77   75   73   72   71   71   70
   67   66   63   61   65   66   65   78   80                                   
    52.5-180.0 180.0   5.0 450.0                            LAT/LON1/LON2/DLON/H
   86   87   92   97  103  108  110  111  114  117  122  130  142  156  173  189
  202  210  211  207  197  183  166  148  132  122  120  126  139  153  164  167
  161  149  133  117  104   95   89   85   83   81   81   80   80   81   82   83
   83   82   81   79   76   74   73   72   71   70   68   67   67   67   67   67
   64   62   60   58   63   66   67   80   86                                   
    50.0-180.0 180.0   5.0 450.0                            LAT/LON1/LON2/DLON/H
  102  110  116  121  127  132  132  131  131  131  132  138  148  161  178  194
  206  214  216  213  207  199  187  174  161  152  150  158  172  189  204  210
  208  198  183  167  150  135  122  111  102   95   90   87   85   85   85   86
   86   85   83   80   77   74   72   71   69   67   65   63   63   64   65   66
   64   64   63   63   71   78   82   95  102                                   
    47.5-180.0 180.0   5.0 450.0                            LAT/LON1/LON2/DLON/H
  127  140  146  150  157  161  159  157  154  151  148  150  157  168  183  197
  207  213  215  215  216  216  214  210  204  198  198  205  218  235  249  258
  258  251  239  223  205  186  166  148  131  117  106   99   94   91   90   90
   90   89   87   84   81   79   76   74   71   68   65   63   62   62   65   67
   67   70   71   75   88   99  106  119  127                                   
    45.0-180.0 180.0   5.0 450.0                            LAT/LON1/LON2/DLON/H
  153  169  175  179  186  191  188  185  180  174  167  166  169  177  188  198
  205  208  210  214  222  234  245  253  257  257  257  262  271  283  295  302
  303  298  289  276  258  237  213  188  164  144  127  115  106  100   97   96
   95   94   93   90   88   85   83   81   78   73   69   65   63   63   66   69
   72   77   83   91  109  124  135  147  153                                   
    42.5-180.0 180.0   5.0 450.0                            LAT/LON1/LON2/DLON/H
  174  191  195  202  208  214  213  211  205  198  189  183  182  186  192  198
  201  201  204  212  229  253  278  299  313  318  319  321  324  330  336  338
  338  333  326  316  300  279  253  224  196  171  149  132  120  111  105  102
  100   99   98   96   94   92   90   88   85   80   75   70   67   66   69   73
   77   85   94  106  128  146  159  172  174                                   
    40.0-180.0 180.0   5.0 450.0                            LAT/LON1/LON2/DLON/H
  184  201  205  213  222  230  232  233  229  222  211  203  198  197  199  200
  199  197  201  213  238  272  309  342  364  374  377  376  375  375  373  368
  362  355  348  340  327  308  282  253  223  195  171  151  135  123  115  110
  107  105  103  101   99   97   95   93   90   86   81   76   72   71   72   76
   81   91  102  116  140  159  173  188  184                                   
    37.5-180.0 180.0   5.0 450.0                            LAT/LON1/LON2/DLON/H
  184  200  206  216  228  239  246  251  250  245  235  225  216  211  209  206
  202  200  205  221  251  292  336  376  404  419  425  425  422  416  406  393
  379  367  358  351  341  325  302  274  245  218  193  171  153  139  128  121
  115  111  108  105  102   99   97   95   94   91   87   83   79   77   77   80
   84   93  105  119  143  162  174  192  184                                   
    35.0-180.0 180.0   5.0 450.0                            LAT/LON1/LON2/DLON/H
  179  194  203  216  233  246  258  268  272  271  262  252  241  232  225  219
  214  213  220  238  270  312  358  399  430  449  460  465  464  455  438  416
  393  375  365  358  350  336  316  291  265  239  215  194  175  159  146  136
  128  121  115  109  104  100   97   96   95   95   93   90   87   84   83   84
   86   94  105  118  138  155  166  186  179                                   
    32.5-180.0 180.0   5.0 450.0                            LAT/LON1/LON2/DLON/H
  176  191  206  221  242  258  276  289  299  301  296  287  274  262  251  242
  237  238  246  265  294  333  374  412  443  466  483  495  500  492  472  443
  414  392  379  372  363  350  332  309  286  264  242  221  202  185  170  157
  146  135  125  117  109  104  100   98   98   99  100  100   97   94   92   91
   90   96  105  115  131  146  156  178  176                                   
    30.0-180.0 180.0   5.0 450.0                            LAT/LON1/LON2/DLON/H
  182  200  220  237  263  281  303  320  333  340  338  330  317  301  286  275
  271  273  282  299  324  353  385  416  445  472  496  518  532  531  513  483
  451  428  412  401  387  371  351  331  311  292  272  253  234  217  200  184
  168  153  140  128  120  113  108  105  105  107  110  112  111  108  104  101
   98  102  108  116  129  142  152  175  182                                   
    27.5-180.0 180.0   5.0 450.0                            LAT/LON1/LON2/DLON/H
  201  223  249  268  299  318  343  362  378  388  389  383  369  350  331  316
  311  313  323  337  354  373  394  417  442  470  502  535  562  574  565  540
  510  486  464  442  419  395  373  354  338  323  307  290  271  253  235  215
  195  176  159  146  137  130  124  119  117  119  122  126  126  123  119  114
  110  113  118  125  137  149  161  184  201                                   
    25.0-180.0 180.0   5.0 450.0                            LAT/LON1/LON2/DLON/H
  233  260  289  312  346  367  394  414  433  444  448  443  428  406  381  362
  353  355  363  374  384  393  403  417  438  468  507  552  594  621  625  609
  584  555  522  485  447  415  390  374  364  354  343  327  310  291  271  248
  223  200  181  169  161  155  148  141  135  134  136  139  140  137  133  127
  123  127  132  141  153  168  184  204  233                                   
    22.5-180.0 180.0   5.0 450.0                            LAT/LON1/LON2/DLON/H
  273  305  335  363  401  424  452  472  492  505  511  507  491  466  435  409
  395  394  400  408  413  415  416  422  439  469  515  570  625  666  683  675
  648  610  561  509  459  422  398  386  383  380  374  362  345  326  303  276
  248  222  203  192  187  184  177  167  157  151  150  151  151  148  142  137
  134  141  148  160  175  194  216  233  273                                   
    20.0-180.0 180.0   5.0 450.0                            LAT/LON1/LON2/DLON/H
  313  348  380  413  454  479  508  529  550  565  572  570  555  527  491  458
  437  431  435  440  442  439  435  436  450  481  529  589  650  698  719  712
  680  630  569  506  452  413  392  388  392  398  397  388  373  352  326  296
  265  238  220  212  212  212  206  194  180  168  162  160  158  153  147  142
  140  150  160  177  197  221  250  265  313                                   
    17.5-180.0 180.0   5.0 450.0                            LAT/LON1/LON2/DLON/H
  345  381  414  451  496  524  554  576  599  615  625  627  614  587  549  510
  482  470  470  474  474  469  463  462  473  503  549  607  663  705  723  710
  670  612  545  480  427  391  377  381  395  407  412  406  390  368  340  307
  274  246  229  225  229  233  230  217  198  182  171  166  161  155  148  142
  141  154  168  189  213  243  277  292  345                                   
    15.0-180.0 180.0   5.0 450.0                            LAT/LON1/LON2/DLON/H
  362  399  433  472  520  550  583  608  633  652  666  672  665  642  606  564
  532  514  510  511  510  505  500  499  509  534  573  618  660  688  692  671
  626  567  503  441  392  364  358  371  393  412  421  416  400  375  344  309
  275  247  231  229  237  245  244  231  210  188  174  166  160  153  145  138
  138  152  170  194  222  256  294  309  362                                   
    12.5-180.0 180.0   5.0 450.0                            LAT/LON1/LON2/DLON/H
  363  401  435  476  525  557  592  620  649  673  690  702  703  689  658  620
  585  563  554  552  550  546  543  543  551  570  596  623  644  654  645  617
  572  515  455  401  360  342  346  367  395  418  427  422  403  376  342  306
  271  243  228  228  237  248  249  235  212  187  170  161  155  147  140  133
  133  148  167  193  223  260  300  316  363                                   
    10.0-180.0 180.0   5.0 450.0                            LAT/LON1/LON2/DLON/H
  354  393  428  468  516  550  587  618  651  678  701  719  727  723  703  672
  639  615  602  596  593  590  588  589  595  605  617  625  627  621  602  569
  524  472  419  373  344  336  350  377  406  428  435  426  404  373  337  300
  265  238  224  223  232  243  244  230  205  179  161  152  146  140  134  128
  128  144  164  191  222  260  299  316  354                                   
     7.5-180.0 180.0   5.0 450.0                            LAT/LON1/LON2/DLON/H
  342  384  420  458  505  538  576  608  644  676  703  725  741  746  737  716
  689  666  650  641  636  633  632  632  634  637  636  630  619  602  577  543
