data/edconvlstm_nd/pred0310.15i
     1.0            IONOSPHERE MAPS     GNSS                IONEX VERSION / TYPE
pyspatialgeodesy        IME             05-JAN-18 20:20     PGM / RUN BY / DATE 
Map Name                                                    COMMENT             
Predicted global ionosphere maps (GIM).                     DESCRIPTION         
  2015     1    31     0     0     0                        EPOCH OF FIRST MAP  
  2015     2     1     0     0     0                        EPOCH OF LAST MAP   
  7200                                                      INTERVAL            
    13                                                      # OF MAPS IN FILE   
  NONE                                                      MAPPING FUNCTION    
10.0                                                        ELEVATION CUTOFF    
One-way carrier phase leveled to code                       OBSERVABLES USED    
  6371.0                                                    BASE RADIUS         
 2                                                          MAP DIMENSION       
   450.0 450.0   0.0                                        HGT1 / HGT2 / DHGT  
    87.5 -87.5  -2.5                                        LAT1 / LAT2 / DLAT  
  -180.0 180.0   5.0                                        LON1 / LON2 / DLON  
    -1                                                      EXPONENT            
                                                            END OF HEADER       
[from data line 429]
     2                                                      START OF TEC MAP    
  2015     1    31     2     0     0                        EPOCH OF CURRENT MAP
    87.5-180.0 180.0   5.0 450.0                            LAT/LON1/LON2/DLON/H
   83   90   87   88   87   88   85   84   86   87   88   90   91   92   93   93
   93   92   91   90   88   86   84   82   80   79   77   75   73   71   70   68
   67   66   65   64   64   64   64   64   64   65   65   66   67   68   69   70
   71   72   73   73   74   75   75   76   76   76   76   77   77   76   76   77
   78   78   76   75   77   89   93   86   83                                   
    85.0-180.0 180.0   5.0 450.0                            LAT/LON1/LON2/DLON/H
   86  101   89   95   96   97   95   95   97   98   99  100  101  101  101  100
   99   97   94   91   88   84   80   77   73   69   65   62   59   57   55   54
   53   52   52   52   53   55   56   58   61   63   65   68   70   72   75   77
   78   80   81   82   84   84   85   86   87   87   88   88   89   89   89   90
   91   92   90   92   93   95  103   92   86                                   
    82.5-180.0 180.0   5.0 450.0                            LAT/LON1/LON2/DLON/H
   90   94  109  104  102  105  104  104  108  110  111  113  114  115  114  113
  111  107  103   98   92   86   79   73   66   60   55   50   46   43   40   38
   38   38   38   40   42   45   48   52   56   60   64   68   72   76   79   81
   84   86   87   89   90   91   92   94   95   96   96   97   98   98   99  100
  100  101   99   97  105   94   96   95   90                                   
    80.0-180.0 180.0   5.0 450.0                            LAT/LON1/LON2/DLON/H
  107  110  113  105  107  106  110  112  116  119  120  123  124  125  124  122
  118  113  107  100   92   84   76   68   60   53   47   42   38   35   33   32
   32   33   34   37   40   44   49   53   58   63   68   72   76   80   83   85
   87   89   90   91   92   93   94   96   97   99  100  101  102  103  104  106
  107  106  105  103  115  107  108  107  107                                   
    77.5-180.0 180.0   5.0 450.0                            LAT/LON1/LON2/DLON/H
  117  120  118  114  109  110  116  120  125  128  130  133  135  135  133  130
  126  120  114  106   98   89   81   72   64   57   51   46   42   39   37   37
   37   39   41   45   49   53   58   64   69   74   78   82   85   88   90   91
   92   92   92   93   93   94   96   97   99  102  104  106  108  110  112  114
  115  116  114  115  121  115  116  116  117                                   
    75.0-180.0 180.0   5.0 450.0                            LAT/LON1/LON2/DLON/H
  124  128  128  123  115  117  121  125  130  133  135  137  137  135  132  127
  122  115  109  102   95   88   81   74   68   63   58   54   51   49   47   47
   48   50   52   55   59   63   68   72   77   81   84   87   88   89   90   89
   89   88   87   87   88   89   91   93   96  100  104  107  111  114  117  120
  121  123  124  122  130  130  131  130  124                                   
    72.5-180.0 180.0   5.0 450.0                            LAT/LON1/LON2/DLON/H
  136  142  141  134  127  127  131  134  138  140  140  141  138  134  128  121
  114  107  101   96   91   87   83   79   76   73   70   67   65   63   63   62
   63   64   66   68   72   75   79   82   86   88   90   91   92   92   91   89
   87   86   84   84   84   86   89   93   97  103  108  113  118  122  127  131
  134  137  140  141  147  146  149  149  136                                   
    70.0-180.0 180.0   5.0 450.0                            LAT/LON1/LON2/DLON/H
  159  162  159  152  142  141  143  145  148  149  147  145  139  130  120  110
  101   94   88   85   82   81   80   80   80   79   78   77   76   75   74   74
   74   74   75   76   78   81   83   85   87   88   88   89   88   87   85   83
   81   79   78   78   79   81   86   91   98  106  113  120  126  132  137  143
  146  149  155  159  166  168  173  171  159                                   
    67.5-180.0 180.0   5.0 450.0                            LAT/LON1/LON2/DLON/H
  180  183  176  168  157  154  153  153  155  154  150  144  134  121  108   95
   85   77   73   71   71   72   74   76   77   78   79   78   78   77   76   75
   74   73   73   73   74   75   75   76   77   77   77   76   75   74   72   70
   69   68   67   68   71   75   82   90   99  109  118  127  134  140  145  151
  155  159  166  171  181  185  191  190  180                                   
    65.0-180.0 180.0   5.0 450.0                            LAT/LON1/LON2/DLON/H
  201  204  194  185  174  168  166  165  166  163  157  149  135  119  102   87
   76   69   65   64   66   68   71   74   76   77   77   77   76   75   73   71
   70   68   67   66   65   65   65   65   65   64   64   63   62   61   60   59
   59   59   60   63   68   75   84   95  107  119  131  140  148  154  158  163
  167  170  177  183  195  201  209  208  201                                   
    62.5-180.0 180.0   5.0 450.0                            LAT/LON1/LON2/DLON/H
  218  222  212  203  191  184  179  178  178  174  167  157  141  123  104   88
   75   68   65   64   66   68   70   72   72   72   72   71   70   69   67   65
   63   60   58   56   55   54   54   54   54   53   53   52   52   51   51   52
   53   55   58   63   70   79   91  105  120  134  147  157  165  170  174  177
  179  181  188  193  204  213  220  220  218                                   
    60.0-180.0 180.0   5.0 450.0                            LAT/LON1/LON2/DLON/H
  229  233  225  214  203  195  189  187  186  181  174  163  147  128  109   93
   80   73   69   68   68   69   68   67   65   64   62   61   61   60   58   56
   54   51   49   47   46   45   45   45   45   45   45   44   44   44   45   46
   49   52   57   64   74   86  100  116  132  148  162  173  180  185  187  189
  189  190  195  199  210  217  225  225  229                                   
    57.5-180.0 180.0   5.0 450.0                            LAT/LON1/LON2/DLON/H
  238  241  235  223  214  204  197  193  191  185  177  167  152  134  117  102
   91   83   78   75   72   69   65   61   56   53   52   51   52   52   51   50
   48   46   44   43   42   42   43   43   44   44   44   43   42   43   44   46
   49   54   61   69   80   94  109  127  144  160  175  186  194  198  200  202
  201  200  204  207  216  221  228  230  238                                   
    55.0-180.0 180.0   5.0 450.0                            LAT/LON1/LON2/DLON/H
  248  250  245  232  224  214  205  199  195  187  177  167  154  139  124  112
  101   93   87   81   75   68   61   53   48   44   43   44   46   47   48   48
   47   46   45   45   45   45   46   48   49   49   49   48   47   46   47   50
   53   59   66   75   87  102  118  136  153  170  184  196  204  210  213  214
  213  212  216  217  225  226  233  236  248                                   
    52.5-180.0 180.0   5.0 450.0                            LAT/LON1/LON2/DLON/H
  261  261  256  244  238  228  216  207  199  187  176  165  153  141  129  119
  110  102   93   85   76   66   57   48   42   39   40   42   46   49   50   51
   51   52   52   53   54   55   56   57   59   59   59   57   56   55   55   57
   60   66   73   83   95  111  127  144  161  177  191  203  212  219  224  227
  227  227  231  232  237  236  241  245  261                                   
    50.0-180.0 180.0   5.0 450.0                            LAT/LON1/LON2/DLON/H
  278  277  271  261  257  247  234  221  208  191  175  162  150  140  131  122
  114  105   96   86   76   65   56   48   43   42   44   48   52   56   58   60
   61   62   64   65   67   68   69   70   72   72   72   70   68   66   65   66
   69   74   82   92  106  121  138  154  170  184  197  209  219  228  235  241
  243  245  250  250  255  252  257  260  278                                   
    47.5-180.0 180.0   5.0 450.0                            LAT/LON1/LON2/DLON/H
  296  294  288  280  278  270  256  240  221  199  179  162  149  139  130  122
  114  104   95   85   76   68   60   55   52   52   55   60   65   68   69   70
   71   74   76   79   80   81   81   82   84   84   84   82   80   77   76   77
   79   85   93  104  119  135  152  168  181  193  204  215  226  235  245  253
  259  263  269  270  276  272  277  280  296                                   
    45.0-180.0 180.0   5.0 450.0                            LAT/LON1/LON2/DLON/H
  311  311  304  298  298  293  278  261  239  212  187  166  151  139  130  121
  111  101   93   85   80   75   71   69   68   70   73   76   79   79   78   77
   78   81   85   89   90   90   90   91   92   94   94   93   90   88   87   87
   90   96  105  119  135  153  170  184  196  206  214  224  233  243  254  264
  271  278  286  289  296  294  299  301  311                                   
    42.5-180.0 180.0   5.0 450.0                            LAT/LON1/LON2/DLON/H
  321  322  315  311  312  309  296  280  256  227  198  175  157  143  132  121
  110  100   93   90   90   90   90   90   90   91   92   91   89   85   81   78
   79   84   90   94   96   96   95   95   97  100  101  100   98   96   95   97
  101  108  118  134  152  172  190  204  213  221  227  234  243  252  262  272
  281  289  298  304  312  314  319  318  321                                   
    40.0-180.0 180.0   5.0 450.0                            LAT/LON1/LON2/DLON/H
  325  326  318  315  316  314  304  291  269  240  211  186  166  151  137  124
  112  104  100  102  106  111  115  115  114  111  107  101   94   86   80   77
   79   84   92   97   99   98   97   97  100  103  105  105  104  102  102  105
  109  117  130  147  168  190  209  223  232  238  242  248  255  263  272  281
  289  296  305  314  324  329  334  331  325                                   
    37.5-180.0 180.0   5.0 450.0                            LAT/LON1/LON2/DLON/H
  325  326  315  309  310  307  299  290  273  247  220  197  177  161  146  132
  121  114  114  120  129  136  140  138  132  124  114  105   95   87   81   78
   81   87   95  100  101  100   99  100  103  107  110  110  108  107  107  110
  115  124  138  157  181  205  226  241  251  256  260  265  271  278  285  292
  298  303  311  320  331  341  346  341  325                                   
    35.0-180.0 180.0   5.0 450.0                            LAT/LON1/LON2/DLON/H
  326  325  311  300  298  294  287  281  269  247  224  204  186  170  156  143
  134  130  133  141  152  159  159  152  141  128  117  108  100   93   89   88
   90   96  102  106  106  105  104  105  108  112  114  114  112  110  110  113
  118  126  141  162  189  217  241  258  269  276  280  285  291  298  304  310
  312  314  321  328  341  354  360  352  326                                   
    32.5-180.0 180.0   5.0 450.0                            LAT/LON1/LON2/DLON/H
  335  332  315  298  291  282  274  269  260  243  223  206  191  178  165  154
  147  146  151  160  169  171  166  155  141  128  119  114  111  109  108  109
  111  114  117  118  117  115  113  114  117  120  121  119  115  112  112  113
  117  125  140  163  193  225  253  274  288  297  304  311  317  324  330  334
  334  334  338  343  356  371  378  370  335                                   
    30.0-180.0 180.0   5.0 450.0                            LAT/LON1/LON2/DLON/H
  359  355  336  312  299  284  272  264  255  239  222  207  194  182  171  162
  158  159  164  171  174  171  161  149  136  129  126  129  133  139  143  147
  148  148  146  142  137  132  129  128  130  131  130  126  120  115  113  113
  116  123  137  162  195  231  263  289  307  320  330  338  347  355  362  367
  366  364  367  368  382  397  404  397  359                                   
    27.5-180.0 180.0   5.0 450.0                            LAT/LON1/LON2/DLON/H
  402  400  379  350  331  309  289  275  262  244  227  211  197  185  175  168
  164  166  169  170  167  159  148  139  134  135  143  156  171  187  200  207
  207  200  189  176  164  155  149  147  146  144  140  133  125  119  115  113
  114  121  135  162  197  237  274  305  327  344  357  367  377  388  398  406
  408  407  408  406  420  434  440  436  402                                   
    25.0-180.0 180.0   5.0 450.0                            LAT/LON1/LON2/DLON/H
  465  467  447  416  391  362  332  309  288  265  243  224  206  191  179  171
  167  166  165  159  151  141  134  133  139  154  175  200  228  255  276  285
  279  261  236  212  193  180  171  165  161  156  149  140  130  122  117  114
  114  120  136  165  204  248  290  324  350  371  386  398  409  423  437  450
  458  460  461  457  471  485  492  491  465                                   
    22.5-180.0 180.0   5.0 450.0                            LAT/LON1/LON2/DLON/H
  542  551  538  508  479  443  404  370  338  307  277  250  226  205  189  178
  171  165  157  145  134  127  128  140  160  188  223  261  299  333  356  360
  345  314  276  242  216  198  187  178  171  164  155  144  133  124  118  115
  115  122  140  172  215  263  308  346  376  399  417  431  445  461  481  500
  514  522  524  521  533  549  559  563  542                                   
    20.0-180.0 180.0   5.0 450.0                            LAT/LON1/LON2/DLON/H
  625  642  643  620  588  548  500  455  413  372  332  296  262  233  210  193
  181  169  155  140  130  129  142  166  201  241  285  329  369  400  416  411
  385  344  297  256  226  206  193  183  174  166  156  145  134  125  119  115
  117  125  147  183  230  281  329  370  402  429  449  465  482  502  527  553
  574  588  592  593  602  620  636  645  625                                   
    17.5-180.0 180.0   5.0 450.0                            LAT/LON1/LON2/DLON/H
  704  729  747  734  702  663  610  559  507  457  407  360  316  278  247  223
  205  187  169  155  149  158  182  218  262  307  350  389  420  440  444  428
  393  345  294  251  221  201  188  179  170  161  152  142  132  124  119  117
  119  131  156  196  247  301  350  392  427  455  478  497  517  541  571  601
  629  648  658  665  669  687  710  722  704                                   
    15.0-180.0 180.0   5.0 450.0                            LAT/LON1/LON2/DLON/H
  768  799  831  829  800  768  717  665  610  554  497  441  387  340  301  271
  247  227  208  197  198  217  251  295  338  375  405  427  442  445  434  409
  368  320  271  232  206  190  179  171  163  155  147  138  130  123  119  118
  123  138  168  212  265  320  370  412  447  477  501  522  544  572  605  639
  671  695  709  722  723  738  766  779  768                                   
    12.5-180.0 180.0   5.0 450.0                            LAT/LON1/LON2/DLON/H
  808  844  882  888  867  844  801  756  704  648  589  528  469  414  370  336
  309  288  272  267  278  307  346  386  415  431  437  437  430  416  393  362
  323  280  240  210  191  181  174  168  161  153  146  138  131  124  120  121
  128  147  181  228  282  336  383  423  457  487  512  535  560  590  625  661
  695  721  739  756  755  766  794  808  808                                   
    10.0-180.0 180.0   5.0 450.0                            LAT/LON1/LON2/DLON/H
  824  864  900  912  898  886  853  817  774  724  668  609  549  494  447  412
  385  366  355  359  379  414  450  472  475  461  440  417  391  364  335  304
  272  241  215  197  187  183  179  174  168  161  153  145  137  129  125  126
  135  158  194  242  295  344  387  423  455  483  508  534  562  595  631  668
  702  727  747  765  764  774  799  813  824                                   
     7.5-180.0 180.0   5.0 450.0                            LAT/LON1/LON2/DLON/H
  824  865  895  908  901  896  874  847  814  773  725  672  617  566  522  488
  464  449  445  456  484  517  539  535  505  461  415  374  338  307  280  256
