data/edconvlstm_nd/pred1640.15i
     1.0            IONOSPHERE MAPS     GNSS                IONEX VERSION / TYPE
pyspatialgeodesy        IME             05-JAN-18 20:20     PGM / RUN BY / DATE 
Map Name                                                    COMMENT             
Predicted global ionosphere maps (GIM).                     DESCRIPTION         
  2015     6    13     0     0     0                        EPOCH OF FIRST MAP  
  2015     6    14     0     0     0                        EPOCH OF LAST MAP   
  7200                                                      INTERVAL            
    13                                                      # OF MAPS IN FILE   
  NONE                                                      MAPPING FUNCTION    
10.0                                                        ELEVATION CUTOFF    
One-way carrier phase leveled to code                       OBSERVABLES USED    
  6371.0                                                    BASE RADIUS         
 2                                                          MAP DIMENSION       
   450.0 450.0   0.0                                        HGT1 / HGT2 / DHGT  
    87.5 -87.5  -2.5                                        LAT1 / LAT2 / DLAT  
  -180.0 180.0   5.0                                        LON1 / LON2 / DLON  
    -1                                                      EXPONENT            
                                                            END OF HEADER       
[from data line 429]
     2                                                      START OF TEC MAP    
  2015     6    13     2     0     0                        EPOCH OF CURRENT MAP
    87.5-180.0 180.0   5.0 450.0                            LAT/LON1/LON2/DLON/H
  197  202  205  203  203  201  198  197  198  198  198  199  199  199  199  198
  198  198  197  196  195  193  192  190  189  187  185  183  182  180  179  178
  177  177  176  176  176  177  177  178  178  179  180  181  183  184  185  186
  187  189  190  191  192  193  194  195  196  196  197  197  197  197  196  197
  197  199  198  198  200  198  193  193  197                                   
    85.0-180.0 180.0   5.0 450.0                            LAT/LON1/LON2/DLON/H
  211  212  202  206  211  208  207  207  207  208  208  208  208  208  208  208
  207  206  205  204  202  200  198  196  193  191  188  186  183  181  180  178
  177  177  177  177  177  178  179  180  181  182  184  186  188  189  191  193
  195  197  199  201  202  204  205  207  208  209  209  210  210  210  210  210
  211  211  210  212  206  204  200  199  211                                   
    82.5-180.0 180.0   5.0 450.0                            LAT/LON1/LON2/DLON/H
  218  215  214  212  214  212  210  211  212  212  212  213  213  213  213  212
  212  210  209  207  204  201  198  194  190  186  183  179  176  173  170  168
  167  166  166  167  168  169  170  172  174  177  179  182  185  187  190  193
  196  199  202  204  207  209  212  214  215  217  218  219  219  219  219  220
  219  219  216  217  218  207  205  196  218                                   
    80.0-180.0 180.0   5.0 450.0                            LAT/LON1/LON2/DLON/H
  218  220  213  212  214  214  216  218  219  220  220  221  222  222  222  221
  220  219  217  215  211  208  203  198  193  187  182  177  173  169  166  164
  162  162  162  163  165  167  170  172  175  178  182  185  189  192  196  199
  203  207  210  213  216  219  222  224  226  228  229  230  230  230  230  230
  229  228  223  223  227  217  219  204  218                                   
    77.5-180.0 180.0   5.0 450.0                            LAT/LON1/LON2/DLON/H
  221  218  215  216  214  216  220  222  224  224  224  226  226  226  226  226
  225  223  221  218  215  211  206  200  193  187  180  174  169  165  162  160
  159  160  161  163  165  168  172  175  178  182  186  189  193  197  201  205
  209  213  217  221  224  227  229  232  234  235  236  237  237  237  237  237
  235  234  228  227  230  223  218  211  221                                   
    75.0-180.0 180.0   5.0 450.0                            LAT/LON1/LON2/DLON/H
  222  219  216  219  217  219  223  225  228  228  229  229  229  229  228  227
  226  224  222  220  216  212  206  200  193  185  178  171  166  161  159  158
  158  160  162  165  169  172  176  179  183  186  190  194  198  202  207  211
  215  219  222  226  229  231  234  236  237  239  240  240  241  240  240  241
  239  238  233  226  227  223  219  216  222                                   
    72.5-180.0 180.0   5.0 450.0                            LAT/LON1/LON2/DLON/H
  217  220  218  220  220  222  226  228  231  232  231  232  230  229  227  224
  223  221  219  217  214  210  204  198  190  182  174  168  162  159  158  158
  161  164  168  172  176  179  183  186  190  193  197  201  205  209  213  217
  221  224  227  230  232  234  235  237  238  239  240  241  242  242  242  243
  242  241  238  233  230  223  218  218  217                                   
    70.0-180.0 180.0   5.0 450.0                            LAT/LON1/LON2/DLON/H
  219  217  217  219  219  222  226  229  233  233  233  232  230  227  223  220
  217  215  213  211  209  205  200  193  185  177  169  163  158  156  157  159
  163  168  172  177  181  185  188  190  193  196  200  204  208  212  216  220
  223  226  228  229  230  231  232  233  234  235  237  238  239  240  241  243
  243  242  239  235  234  226  222  221  219                                   
    67.5-180.0 180.0   5.0 450.0                            LAT/LON1/LON2/DLON/H
  220  217  215  217  217  219  223  227  231  232  233  232  229  225  220  216
  212  209  207  205  203  200  195  189  181  172  165  159  156  155  157  161
  166  171  176  181  184  187  189  191  193  195  199  203  208  212  216  219
  222  224  225  225  225  225  226  226  228  229  231  233  235  236  238  241
  242  242  240  236  234  226  223  223  220                                   
    65.0-180.0 180.0   5.0 450.0                            LAT/LON1/LON2/DLON/H
  220  215  212  213  213  214  218  222  227  229  231  231  228  224  218  212
  208  204  202  201  199  196  191  185  177  169  162  158  156  156  160  164
  170  175  179  182  184  186  187  188  190  193  196  201  206  211  215  218
  220  220  220  220  219  219  219  220  222  224  226  229  232  234  237  239
  241  241  240  236  235  228  226  227  220                                   
    62.5-180.0 180.0   5.0 450.0                            LAT/LON1/LON2/DLON/H
  222  216  213  211  210  210  213  217  222  225  228  229  227  223  218  212
  207  203  200  199  197  194  189  183  176  169  163  160  159  161  165  169
  174  177  180  181  181  181  182  183  185  189  193  199  204  209  213  216
  217  217  216  215  215  215  215  217  219  222  226  229  232  235  238  241
  242  243  241  238  237  231  230  232  222                                   
    60.0-180.0 180.0   5.0 450.0                            LAT/LON1/LON2/DLON/H
  226  220  216  212  209  207  208  211  216  219  223  225  226  223  218  213
  208  203  201  199  197  193  189  183  176  170  166  164  165  167  171  174
  176  177  177  176  175  174  174  176  179  184  189  196  202  207  211  214
  215  215  214  213  213  214  216  218  222  225  229  233  236  239  241  244
  245  245  244  241  240  234  235  236  226                                   
    57.5-180.0 180.0   5.0 450.0                            LAT/LON1/LON2/DLON/H
  233  228  224  219  213  209  207  208  211  214  217  221  223  222  219  214
  209  205  202  200  198  194  190  184  179  174  172  172  173  176  178  179
  178  176  172  169  167  166  167  169  174  180  186  193  200  206  210  213
  214  214  214  215  216  218  220  224  229  233  237  240  243  245  247  249
  249  249  247  244  243  238  240  243  233                                   
    55.0-180.0 180.0   5.0 450.0                            LAT/LON1/LON2/DLON/H
  244  240  237  231  224  218  213  210  211  211  213  216  219  219  218  215
  211  208  204  202  199  196  192  187  183  180  180  181  183  185  186  184
  179  173  167  162  159  158  160  165  171  177  185  192  198  204  209  212
  214  216  218  219  222  225  229  234  239  243  247  250  251  252  254  255
  255  254  252  249  248  244  247  250  244                                   
    52.5-180.0 180.0   5.0 450.0                            LAT/LON1/LON2/DLON/H
  258  256  255  248  242  234  227  220  217  213  212  213  215  216  216  215
  212  209  206  204  201  198  195  191  189  188  189  191  194  195  193  188
  179  170  161  155  153  154  157  163  170  177  184  191  197  203  208  212
  217  220  224  227  231  236  241  246  251  255  258  259  260  260  260  262
  261  261  259  256  255  252  256  260  258                                   
    50.0-180.0 180.0   5.0 450.0                            LAT/LON1/LON2/DLON/H
  275  276  275  270  264  256  248  238  230  221  216  214  214  215  215  215
  213  211  208  206  204  201  199  197  196  197  199  202  204  203  199  191
  180  168  159  153  151  154  159  165  172  179  185  191  196  202  208  214
  221  227  233  239  244  249  255  259  264  266  268  268  268  267  267  269
  269  270  268  265  264  262  266  271  275                                   
    47.5-180.0 180.0   5.0 450.0                            LAT/LON1/LON2/DLON/H
  292  295  295  292  289  282  273  261  249  236  226  220  217  216  216  215
  214  213  211  209  207  206  205  204  204  206  208  211  212  210  204  194
  181  169  160  155  155  158  164  171  177  182  187  191  196  202  209  217
  226  236  244  252  258  264  268  272  275  277  277  276  274  273  274  276
  279  280  279  277  276  274  278  284  292                                   
    45.0-180.0 180.0   5.0 450.0                            LAT/LON1/LON2/DLON/H
  310  313  313  313  312  307  299  286  273  256  242  232  225  222  220  219
  218  216  215  213  212  211  211  212  213  215  218  219  219  215  208  197
  184  173  165  162  163  167  173  179  184  187  190  193  197  202  211  222
  234  246  256  265  272  278  282  284  286  287  286  284  282  281  282  286
  290  293  294  293  292  290  293  298  310                                   
    42.5-180.0 180.0   5.0 450.0                            LAT/LON1/LON2/DLON/H
  327  329  328  329  331  328  322  311  297  279  262  249  240  233  229  226
  224  222  221  219  218  218  219  220  222  225  226  227  225  220  211  201
  190  181  175  173  175  179  184  189  192  194  195  196  199  205  215  228
  242  256  268  278  285  290  294  296  297  298  297  295  293  292  294  299
  305  310  312  311  311  309  311  315  327                                   
    40.0-180.0 180.0   5.0 450.0                            LAT/LON1/LON2/DLON/H
  343  345  342  342  346  345  340  332  319  303  286  272  260  251  243  238
  234  231  229  227  226  226  227  230  232  235  236  235  231  225  217  208
  199  193  189  188  189  193  196  199  201  201  201  201  204  210  221  235
  250  265  279  289  297  302  306  309  311  312  311  310  309  308  311  317
  324  330  333  334  334  332  332  335  343                                   
    37.5-180.0 180.0   5.0 450.0                            LAT/LON1/LON2/DLON/H
  362  362  356  354  358  357  354  348  339  325  311  298  285  274  263  255
  248  243  239  237  235  236  238  241  244  247  247  244  239  232  224  217
  211  206  204  203  204  206  209  210  211  211  210  209  212  218  228  242
  258  274  288  299  308  315  320  324  327  330  332  332  331  331  334  339
  347  353  357  358  359  358  356  357  362                                   
    35.0-180.0 180.0   5.0 450.0                            LAT/LON1/LON2/DLON/H
  384  384  376  371  373  371  368  364  358  348  338  327  315  301  288  275
  265  257  251  247  246  247  250  254  259  262  261  257  249  241  233  227
  223  220  218  218  218  218  220  221  221  221  220  219  221  226  236  249
  264  280  295  308  318  327  335  341  347  353  356  359  359  360  362  366
  373  379  383  385  387  386  382  381  384                                   
    32.5-180.0 180.0   5.0 450.0                            LAT/LON1/LON2/DLON/H
  411  412  404  397  396  392  388  383  379  373  366  358  347  332  315  298
  283  272  263  259  257  259  264  270  276  279  278  272  262  252  244  238
  234  231  229  227  226  226  227  228  229  229  229  228  229  233  242  254
  268  284  299  313  326  337  348  358  367  376  383  388  390  391  393  396
  401  405  408  410  413  414  408  407  411                                   
    30.0-180.0 180.0   5.0 450.0                            LAT/LON1/LON2/DLON/H
  443  447  440  433  430  425  418  412  407  402  398  392  381  364  343  322
  302  287  277  271  269  273  279  288  295  298  296  288  277  265  254  246
  240  236  233  230  228  228  229  232  233  234  234  234  234  237  244  255
  269  283  299  314  329  344  358  371  383  395  405  414  419  422  423  424
  427  430  432  434  438  438  434  432  443                                   
    27.5-180.0 180.0   5.0 450.0                            LAT/LON1/LON2/DLON/H
  475  483  481  477  473  468  460  451  444  438  434  428  416  396  372  346
  322  303  290  283  283  288  297  307  314  317  313  303  290  275  262  250
  241  234  228  224  222  222  225  228  231  233  233  233  232  235  241  251
  264  279  295  313  331  348  364  380  394  408  421  433  441  446  448  449
  451  451  451  453  457  459  455  456  475                                   
    25.0-180.0 180.0   5.0 450.0                            LAT/LON1/LON2/DLON/H
  504  516  520  522  520  517  509  498  488  480  473  465  451  428  399  369
  342  320  305  297  297  303  314  324  331  331  325  313  298  280  263  247
  233  222  213  208  206  208  212  217  221  224  224  224  223  226  232  243
  256  272  290  310  331  350  368  384  400  415  430  444  455  463  467  468
  469  467  466  468  472  473  473  477  504                                   
    22.5-180.0 180.0   5.0 450.0                            LAT/LON1/LON2/DLON/H
  526  541  550  560  562  564  558  546  535  523  513  501  483  457  425  391
  361  337  320  311  311  318  329  338  342  339  329  315  297  277  256  236
  217  202  191  185  184  188  193  199  204  207  208  207  208  211  219  231
  246  265  286  308  331  352  371  387  401  416  431  446  460  471  478  481
  482  480  478  479  482  484  487  494  526                                   
    20.0-180.0 180.0   5.0 450.0                            LAT/LON1/LON2/DLON/H
  537  553  567  584  592  599  597  587  575  561  547  532  510  481  447  412
  380  354  335  325  324  331  340  346  344  336  322  304  285  263  240  217
  195  178  165  160  160  164  171  177  182  185  186  187  189  194  204  218
  237  259  282  307  332  354  373  388  401  414  429  445  461  474  485  490
  492  490  488  489  490  491  497  507  537                                   
    17.5-180.0 180.0   5.0 450.0                            LAT/LON1/LON2/DLON/H
  539  552  568  589  602  615  617  611  600  585  570  552  529  499  464  429
  396  368  348  336  334  338  344  344  336  321  302  282  261  240  217  193
  170  152  140  135  137  142  149  155  159  162  164  166  169  177  189  207
  229  254  280  307  333  356  375  390  402  415  428  444  460  476  490  498
  502  501  499  500  498  498  507  518  539                                   
    15.0-180.0 180.0   5.0 450.0                            LAT/LON1/LON2/DLON/H
  534  543  556  578  594  610  616  614  605  592  576  559  536  506  473  439
  407  379  358  344  339  339  339  332  317  295  271  249  229  210  189  167
  146  130  120  117  120  126  132  137  140  143  145  148  153  162  177  197
  222  249  278  306  333  357  377  393  406  419  432  447  464  482  497  508
  514  514  513  514  510  509  519  530  534                                   
    12.5-180.0 180.0   5.0 450.0                            LAT/LON1/LON2/DLON/H
  530  532  540  556  572  588  596  597  591  580  566  549  528  501  471  440
  410  384  362  346  337  332  325  311  289  260  233  210  193  177  161  144
  127  115  108  107  111  117  122  125  127  129  132  136  142  152  167  188
  214  243  274  303  331  357  379  397  413  428  442  457  474  492  509  522
  530  531  531  532  527  525  535  546  530                                   
    10.0-180.0 180.0   5.0 450.0                            LAT/LON1/LON2/DLON/H
  533  530  529  537  549  562  568  569  564  554  542  527  507  484  457  430
  404  379  358  340  327  316  303  282  254  221  193  172  158  148  138  127
  117  109  105  106  110  114  117  119  120  122  125  129  135  144  158  179
  205  235  266  296  326  354  379  402  422  440  457  473  491  509  526  539
  548  551  552  554  548  547  557  567  533                                   
     7.5-180.0 180.0   5.0 450.0                            LAT/LON1/LON2/DLON/H
  549  542  533  531  536  543  543  542  536  525  512  497  479  456  432  409
  386  365  345  326  310  294  275  249  216  183  156  139  131  127  124  120
