data/edconvlstm_nd/pred3040.15i
     1.0            IONOSPHERE MAPS     GNSS                IONEX VERSION / TYPE
pyspatialgeodesy        IME             05-JAN-18 20:20     PGM / RUN BY / DATE 
Map Name                                                    COMMENT             
Predicted global ionosphere maps (GIM).                     DESCRIPTION         
  2015    10    31     0     0     0                        EPOCH OF FIRST MAP  
  2015    11     1     0     0     0                        EPOCH OF LAST MAP   
  7200                                                      INTERVAL            
    13                                                      # OF MAPS IN FILE   
  NONE                                                      MAPPING FUNCTION    
10.0                                                        ELEVATION CUTOFF    
One-way carrier phase leveled to code                       OBSERVABLES USED    
  6371.0                                                    BASE RADIUS         
 2                                                          MAP DIMENSION       
   450.0 450.0   0.0                                        HGT1 / HGT2 / DHGT  
    87.5 -87.5  -2.5                                        LAT1 / LAT2 / DLAT  
  -180.0 180.0   5.0                                        LON1 / LON2 / DLON  
    -1                                                      EXPONENT            
                                                            END OF HEADER       
[from data line 2574]
     7                                                      START OF TEC MAP    
  2015    10    31    12     0     0                        EPOCH OF CURRENT MAP
    87.5-180.0 180.0   5.0 450.0                            LAT/LON1/LON2/DLON/H
   61   68   67   74   77   77   77   76   78   82   83   85   86   87   88   89
   90   91   91   92   92   91   91   91   90   90   89   88   87   86   85   84
   82   81   79   77   75   73   71   69   67   65   64   62   60   59   57   56
   55   54   53   52   51   51   51   50   51   51   51   51   52   52   53   54
   55   57   56   55   58   60   74   82   61                                   
    85.0-180.0 180.0   5.0 450.0                            LAT/LON1/LON2/DLON/H
   54   71   80   75   77   82   83   86   88   91   92   95   96   98   99  100
  101  102  103  103  103  103  103  103  103  102  101  100   99   98   96   95
   93   91   89   87   84   81   79   76   73   70   68   65   62   60   58   56
   54   53   51   51   50   50   50   50   50   51   51   52   53   54   55   57
   59   61   58   56   59   64   70   72   54                                   
    82.5-180.0 180.0   5.0 450.0                            LAT/LON1/LON2/DLON/H
   42   60   69   65   66   70   74   77   80   83   85   89   90   92   94   95
   97   98   99   99  100  100  101  101  101  101  101  100   99   99   98   96
   95   93   91   89   86   84   81   78   74   71   67   64   60   57   54   51
   48   46   44   42   41   41   40   40   41   41   42   43   44   44   45   47
   49   50   48   48   53   61   58   61   42                                   
    80.0-180.0 180.0   5.0 450.0                            LAT/LON1/LON2/DLON/H
   41   54   64   62   64   66   69   73   77   80   82   85   87   89   91   92
   94   95   96   97   98   99   99  100  101  101  102  102  103  103  103  102
  101  100   99   97   95   93   90   87   84   80   76   71   66   62   57   53
   49   46   44   41   40   39   38   38   38   39   39   40   41   42   42   44
   45   46   45   46   49   57   57   62   41                                   
    77.5-180.0 180.0   5.0 450.0                            LAT/LON1/LON2/DLON/H
   52   59   63   60   61   65   68   71   75   77   79   82   84   85   87   88
   90   91   93   94   95   97   98  100  101  103  105  107  108  110  111  112
  113  113  113  113  112  110  108  106  102   98   94   88   83   77   72   66
   61   57   53   50   48   47   46   45   45   45   45   46   46   46   46   47
   47   47   47   48   50   50   54   60   52                                   
    75.0-180.0 180.0   5.0 450.0                            LAT/LON1/LON2/DLON/H
   49   58   58   58   60   65   66   68   71   73   74   75   76   78   79   80
   82   83   85   87   89   92   94   97  100  104  107  111  114  118  121  123
  126  128  129  131  131  131  131  129  127  124  119  114  108  102   95   89
   83   77   72   68   65   63   61   60   59   58   57   57   56   56   55   54
   54   53   53   51   54   52   54   51   49                                   
    72.5-180.0 180.0   5.0 450.0                            LAT/LON1/LON2/DLON/H
   50   57   56   56   57   63   64   65   67   67   67   68   68   69   70   71
   73   75   78   80   84   87   91   95  100  105  111  116  121  126  131  136
  140  143  146  149  151  153  154  153  152  150  146  141  135  128  121  113
  106   99   92   87   82   78   75   73   70   69   67   65   64   62   61   59
   58   56   56   53   56   54   56   56   50                                   
    70.0-180.0 180.0   5.0 450.0                            LAT/LON1/LON2/DLON/H
   49   54   55   55   56   60   60   62   63   63   62   62   62   62   63   64
   66   69   72   75   80   84   90   96  102  109  117  124  131  138  144  150
  155  159  163  167  170  173  175  176  176  174  171  166  160  153  144  136
  127  118  111  103   97   91   86   82   78   75   72   69   67   65   63   62
   60   58   58   54   57   56   61   60   49                                   
    67.5-180.0 180.0   5.0 450.0                            LAT/LON1/LON2/DLON/H
   43   50   52   53   54   58   59   61   62   61   60   59   58   58   58   59
   61   64   68   72   77   83   90   97  105  114  123  131  140  148  155  161
  167  172  176  180  183  186  188  190  190  189  186  181  175  167  158  148
  138  129  120  111  103   95   89   83   78   74   70   68   65   63   61   60
   59   57   58   54   56   56   59   57   43                                   
    65.0-180.0 180.0   5.0 450.0                            LAT/LON1/LON2/DLON/H
   38   46   47   49   50   54   56   58   60   59   58   57   56   55   55   56
   58   61   65   70   76   82   90   99  108  119  129  140  149  158  166  173
  179  184  188  191  194  197  198  200  200  199  196  191  184  176  166  156
  145  134  124  113  104   95   87   79   73   68   64   61   59   57   56   56
   55   55   56   53   56   56   59   59   38                                   
    62.5-180.0 180.0   5.0 450.0                            LAT/LON1/LON2/DLON/H
   32   40   41   43   44   49   52   54   56   57   56   55   53   53   52   53
   55   58   62   67   73   81   89   99  109  121  133  144  155  165  174  181
  188  192  196  198  200  201  202  202  202  200  197  192  185  176  166  155
  143  132  121  109   99   89   80   72   65   60   56   53   51   50   49   50
   50   50   52   50   53   53   55   56   32                                   
    60.0-180.0 180.0   5.0 450.0                            LAT/LON1/LON2/DLON/H
   30   35   35   37   37   42   45   48   51   52   52   52   50   49   49   49
   51   54   58   63   69   77   86   97  108  120  133  145  157  168  178  186
  193  198  200  202  202  202  201  200  199  196  192  187  180  171  161  150
  139  128  116  105   94   83   74   66   59   54   50   47   46   45   45   45
   46   47   49   49   52   51   52   53   30                                   
    57.5-180.0 180.0   5.0 450.0                            LAT/LON1/LON2/DLON/H
   32   33   32   33   33   37   40   43   47   49   50   50   49   48   47   47
   48   50   54   59   66   75   84   95  107  120  133  146  158  170  181  190
  198  203  206  206  205  204  202  199  197  194  190  185  178  170  161  151
  141  130  119  107   96   85   76   68   62   57   54   52   50   49   49   50
   50   50   53   52   55   53   52   54   32                                   
    55.0-180.0 180.0   5.0 450.0                            LAT/LON1/LON2/DLON/H
   41   38   35   34   32   35   38   41   45   47   48   49   48   47   46   45
   46   48   51   57   65   74   84   96  108  120  133  146  158  171  182  193
  202  208  211  211  210  207  204  201  198  194  191  186  180  174  166  158
  149  139  128  117  106   95   86   78   73   69   66   65   64   63   62   62
   61   61   63   62   64   60   58   60   41                                   
    52.5-180.0 180.0   5.0 450.0                            LAT/LON1/LON2/DLON/H
   57   51   46   42   39   41   42   44   47   49   50   51   50   49   47   46
   46   48   52   58   67   77   88   99  111  123  136  148  160  172  184  196
  206  213  216  217  216  213  210  206  203  200  197  193  189  185  179  172
  164  155  145  134  122  112  103   96   91   88   87   86   85   84   83   81
   79   77   78   76   78   75   72   70   57                                   
    50.0-180.0 180.0   5.0 450.0                            LAT/LON1/LON2/DLON/H
   77   71   64   59   53   54   53   54   55   56   56   57   56   55   52   50
   50   51   56   63   72   83   94  106  118  129  141  152  163  175  187  199
  209  217  222  224  224  222  219  216  213  210  208  206  203  200  197  191
  184  176  165  154  142  131  121  114  110  109  108  109  109  108  105  102
   98   95   94   93   95   93   90   86   77                                   
    47.5-180.0 180.0   5.0 450.0                            LAT/LON1/LON2/DLON/H
   99   94   87   82   75   74   71   69   68   68   67   67   66   64   61   59
   57   59   64   72   82   94  105  116  127  138  148  158  168  178  189  201
  211  220  227  231  233  233  232  230  227  224  222  220  219  218  215  211
  204  195  185  172  159  146  136  129  125  124  125  126  127  126  124  120
  115  111  108  106  109  109  108  102   99                                   
    45.0-180.0 180.0   5.0 450.0                            LAT/LON1/LON2/DLON/H
  114  114  109  105   98   96   91   87   84   82   80   79   78   77   74   71
   69   70   76   85   96  107  118  128  138  148  157  165  174  182  192  202
  212  222  231  238  243  246  247  246  243  239  236  235  234  233  230  226
  219  209  197  183  168  154  142  135  131  131  132  135  136  135  133  129
  123  118  115  113  117  120  121  116  114                                   
    42.5-180.0 180.0   5.0 450.0                            LAT/LON1/LON2/DLON/H
  118  125  123  122  117  115  109  104   99   96   93   93   92   91   88   85
   83   84   90  100  111  122  131  140  149  157  165  173  179  186  193  202
  212  223  234  244  252  259  262  262  258  254  249  246  244  243  239  234
  225  214  200  185  168  152  139  131  127  127  129  132  133  133  131  127
  122  117  113  111  116  121  123  120  118                                   
    40.0-180.0 180.0   5.0 450.0                            LAT/LON1/LON2/DLON/H
  111  123  125  128  126  125  120  116  110  107  104  105  105  105  103  100
   98   99  105  114  125  135  143  150  157  165  172  179  185  190  196  203
  213  225  237  250  262  272  277  278  274  267  261  255  252  248  243  235
  225  213  198  180  162  145  131  122  118  118  120  122  123  123  121  119
  114  110  106  103  106  112  114  113  111                                   
    37.5-180.0 180.0   5.0 450.0                            LAT/LON1/LON2/DLON/H
   95  110  115  121  123  124  122  120  116  113  111  113  116  117  116  113
  111  112  117  126  136  144  150  155  162  169  177  184  190  194  200  207
  217  230  244  260  274  287  294  295  290  282  273  266  259  253  246  236
  225  212  196  179  160  141  126  116  112  111  112  113  113  112  110  108
  105  101   97   92   93   96   97   98   95                                   
    35.0-180.0 180.0   5.0 450.0                            LAT/LON1/LON2/DLON/H
   77   93   99  106  110  114  115  115  114  113  113  117  121  125  125  123
  121  121  126  134  143  150  154  158  163  171  180  188  195  200  206  215
  226  240  256  274  291  304  313  314  309  300  290  281  273  265  256  245
  233  220  206  189  170  152  136  125  120  117  116  115  112  109  107  105
  101   97   93   86   84   81   80   82   77                                   
    32.5-180.0 180.0   5.0 450.0                            LAT/LON1/LON2/DLON/H
   64   77   82   87   92   97  101  104  106  107  110  116  122  127  129  128
  125  126  130  138  147  152  155  158  163  172  182  192  201  208  217  227
  241  257  275  294  312  326  336  338  333  325  315  305  297  288  279  268
  256  245  233  218  201  183  167  155  148  144  140  135  129  123  119  115
  111  106  100   90   83   74   71   72   64                                   
    30.0-180.0 180.0   5.0 450.0                            LAT/LON1/LON2/DLON/H
   60   68   69   72   75   79   86   91   95   99  103  111  119  125  128  127
  125  125  130  138  146  152  155  157  163  173  185  197  208  219  231  245
  262  281  301  320  338  353  363  366  363  357  349  342  334  326  317  307
  298  289  280  269  254  237  221  208  199  192  186  178  168  158  151  145
  139  132  124  109   98   82   74   72   60                                   
    27.5-180.0 180.0   5.0 450.0                            LAT/LON1/LON2/DLON/H
   70   71   67   66   66   68   74   79   84   89   95  103  111  118  121  121
  120  121  126  135  144  150  154  157  164  174  188  203  217  232  248  267
  289  311  331  351  369  383  393  399  399  396  393  389  385  379  372  364
  357  352  347  339  326  310  294  279  268  259  250  238  225  212  200  191
  182  174  163  145  130  105   93   83   70                                   
    25.0-180.0 180.0   5.0 450.0                            LAT/LON1/LON2/DLON/H
   92   88   78   71   68   68   71   73   78   82   88   95  102  108  111  112
  111  113  120  129  140  148  154  159  167  178  194  211  228  247  268  293
  318  343  365  384  400  414  425  432  437  440  442  444  445  443  439  434
  431  429  427  422  411  395  377  360  345  333  321  307  291  274  259  246
  235  225  212  193  174  143  125  107   92                                   
    22.5-180.0 180.0   5.0 450.0                            LAT/LON1/LON2/DLON/H
  124  116  100   89   81   77   77   76   77   80   83   87   93   98  100  100
  101  104  112  124  136  147  155  162  172  185  202  221  241  264  290  319
  349  375  397  415  430  443  454  464  474  483  492  500  506  509  509  507
  507  508  507  503  491  473  452  431  412  397  382  367  350  330  312  297
  283  273  257  241  221  188  165  143  124                                   
    20.0-180.0 180.0   5.0 450.0                            LAT/LON1/LON2/DLON/H
  158  149  129  114  102   93   89   84   82   81   81   83   86   89   90   90
   92   97  106  120  134  147  157  167  179  195  214  234  257  283  312  344
  376  403  424  440  454  465  477  490  505  520  535  549  559  566  568  569
  569  569  567  560  546  524  498  472  450  431  416  401  385  366  347  330
  315  306  290  278  259  229  205  182  158                                   
    17.5-180.0 180.0   5.0 450.0                            LAT/LON1/LON2/DLON/H
  186  179  158  141  124  112  104   96   90   86   83   82   82   82   83   83
   86   92  103  118  134  148  161  174  189  208  229  251  275  302  333  366
  397  423  443  458  469  481  494  509  528  547  567  584  597  605  607  606
  604  601  596  585  566  540  509  478  451  429  414  402  388  372  354  337
  323  315  302  295  279  257  237  216  186                                   
    15.0-180.0 180.0   5.0 450.0                            LAT/LON1/LON2/DLON/H
  201  197  179  162  143  127  117  106   96   90   85   82   81   80   79   80
   84   92  105  121  137  153  168  184  203  224  247  271  295  322  351  382
  411  435  453  467  479  490  505  522  542  564  585  602  615  622  622  619
  613  605  596  582  560  529  493  456  424  401  385  375  365  351  335  319
  306  301  293  290  280  267  253  235  201                                   
    12.5-180.0 180.0   5.0 450.0                            LAT/LON1/LON2/DLON/H
  202  202  188  172  154  136  125  112  101   93   87   84   82   80   80   81
   87   97  111  128  145  161  178  197  219  244  269  293  316  341  367  395
  420  441  458  471  484  497  512  530  551  572  592  607  618  622  620  613
  603  592  580  563  538  505  465  423  387  360  344  335  326  315  300  285
  274  271  267  269  266  261  253  237  202                                   
    10.0-180.0 180.0   5.0 450.0                            LAT/LON1/LON2/DLON/H
  196  198  186  173  158  138  127  114  102   94   88   85   83   82   82   85
   92  105  121  139  156  173  191  212  238  266  292  316  338  359  381  404
  425  444  459  474  488  503  520  538  557  576  592  604  611  612  607  598
  585  572  557  539  513  479  437  393  353  324  306  297  290  279  265  250
  239  236  236  241  243  245  241  225  196                                   
     7.5-180.0 180.0   5.0 450.0                            LAT/LON1/LON2/DLON/H
  187  190  180  168  156  136  125  112  101   93   88   86   85   84   85   89
   98  114  133  152  170  187  206  230  258  288  316  339  358  376  394  412
