data/edconvlstm_nd/pred1350.15i
     1.0            IONOSPHERE MAPS     GNSS                IONEX VERSION / TYPE
pyspatialgeodesy        IME             05-JAN-18 20:20     PGM / RUN BY / DATE 
Map Name                                                    COMMENT             
Predicted global ionosphere maps (GIM).                     DESCRIPTION         
  2015     5    15     0     0     0                        EPOCH OF FIRST MAP  
  2015     5    16     0     0     0                        EPOCH OF LAST MAP   
  7200                                                      INTERVAL            
    13                                                      # OF MAPS IN FILE   
  NONE                                                      MAPPING FUNCTION    
10.0                                                        ELEVATION CUTOFF    
One-way carrier phase leveled to code                       OBSERVABLES USED    
  6371.0                                                    BASE RADIUS         
 2                                                          MAP DIMENSION       
   450.0 450.0   0.0                                        HGT1 / HGT2 / DHGT  
    87.5 -87.5  -2.5                                        LAT1 / LAT2 / DLAT  
  -180.0 180.0   5.0                                        LON1 / LON2 / DLON  
    -1                                                      EXPONENT            
                                                            END OF HEADER       
[from data line 1287]
     4                                                      START OF TEC MAP    
  2015     5    15     6     0     0                        EPOCH OF CURRENT MAP
    87.5-180.0 180.0   5.0 450.0                            LAT/LON1/LON2/DLON/H
  167  168  168  174  175  175  174  173  175  178  180  182  183  185  186  187
  187  188  188  188  188  188  188  187  186  185  184  183  182  181  179  178
  177  176  175  174  173  172  171  170  169  168  168  167  167  166  166  166
  165  165  165  164  164  163  163  163  162  162  161  161  160  159  158  159
  159  161  160  160  165  164  166  158  167                                   
    85.0-180.0 180.0   5.0 450.0                            LAT/LON1/LON2/DLON/H
  170  176  173  177  180  182  184  186  188  191  192  194  196  197  199  200
  200  201  201  201  201  200  200  199  197  196  195  193  192  190  189  187
  186  185  184  183  182  181  180  179  179  178  178  177  177  177  176  176
  176  176  175  175  175  174  174  173  172  172  171  170  170  169  168  168
  169  170  166  167  164  166  166  164  170                                   
    82.5-180.0 180.0   5.0 450.0                            LAT/LON1/LON2/DLON/H
  176  174  177  173  174  177  178  180  183  186  187  190  192  194  195  197
  197  198  198  198  197  196  195  193  191  188  186  184  182  180  179  177
  176  176  175  175  174  174  174  174  174  174  174  174  175  175  175  176
  176  176  176  176  176  175  175  174  174  173  172  171  170  169  168  167
  167  166  162  164  166  164  161  152  176                                   
    80.0-180.0 180.0   5.0 450.0                            LAT/LON1/LON2/DLON/H
  175  171  168  166  169  170  173  175  178  180  182  185  187  189  191  192
  193  194  194  194  193  191  189  186  182  179  176  173  170  168  167  166
  166  167  167  168  169  170  170  171  172  173  175  176  177  178  180  181
  182  182  183  183  183  183  183  182  182  181  180  179  178  177  175  175
  173  171  166  168  169  168  170  154  175                                   
    77.5-180.0 180.0   5.0 450.0                            LAT/LON1/LON2/DLON/H
  176  168  167  167  166  167  169  170  171  172  172  174  176  177  179  181
  183  184  185  184  183  181  178  174  169  165  161  157  155  153  153  154
  155  158  160  163  166  168  171  173  175  178  180  183  186  188  190  192
  194  195  196  197  197  197  197  197  197  196  196  195  194  193  191  190
  187  185  179  179  181  176  173  165  176                                   
    75.0-180.0 180.0   5.0 450.0                            LAT/LON1/LON2/DLON/H
  179  175  170  170  168  169  169  168  167  166  165  165  165  166  167  169
  171  173  174  175  174  171  168  163  157  151  146  142  139  139  139  142
  146  150  155  159  164  168  171  175  179  182  186  190  194  197  201  203
  206  207  208  209  209  209  209  209  210  210  210  210  209  209  208  207
  204  202  197  191  192  190  187  179  179                                   
    72.5-180.0 180.0   5.0 450.0                            LAT/LON1/LON2/DLON/H
  186  186  182  180  177  177  176  173  170  167  163  161  159  158  158  160
  162  165  168  169  169  168  164  158  152  145  139  134  132  132  134  138
  144  151  158  164  169  174  179  183  188  192  197  202  207  211  215  218
  220  221  222  222  222  222  221  221  221  222  222  223  223  224  223  223
  222  220  216  212  209  207  204  198  186                                   
    70.0-180.0 180.0   5.0 450.0                            LAT/LON1/LON2/DLON/H
  199  197  193  189  185  183  180  176  172  166  161  156  152  149  149  150
  153  157  161  164  165  165  161  155  148  140  133  127  125  125  129  135
  142  151  159  166  172  178  183  187  192  198  204  209  215  220  224  226
  228  229  228  228  226  225  224  224  224  224  225  226  227  228  229  230
  230  229  226  223  222  222  222  217  199                                   
    67.5-180.0 180.0   5.0 450.0                            LAT/LON1/LON2/DLON/H
  202  203  199  195  190  187  183  178  173  167  160  154  148  144  142  143
  146  151  157  162  165  165  162  156  148  139  131  125  123  123  127  134
  143  152  161  168  174  179  184  189  194  201  207  214  220  225  229  231
  231  231  229  227  225  223  221  220  219  219  220  221  223  224  225  227
  228  229  228  225  225  227  227  225  202                                   
    65.0-180.0 180.0   5.0 450.0                            LAT/LON1/LON2/DLON/H
  205  207  201  197  192  188  184  179  174  167  159  152  145  140  137  138
  141  147  154  160  164  165  162  156  148  139  131  125  122  122  127  134
  143  152  161  168  174  179  184  189  195  202  210  218  225  230  233  234
  234  232  230  226  223  220  217  215  213  213  213  214  216  217  218  220
  222  223  223  222  224  229  230  229  205                                   
    62.5-180.0 180.0   5.0 450.0                            LAT/LON1/LON2/DLON/H
  205  207  201  196  191  186  180  175  170  164  156  149  142  136  132  133
  136  142  150  156  160  161  159  153  145  136  128  122  119  120  124  132
  140  150  158  165  170  175  180  186  194  203  213  222  229  235  237  237
  236  234  230  227  223  219  216  213  211  209  209  209  210  210  211  212
  213  214  215  215  219  224  225  225  205                                   
    60.0-180.0 180.0   5.0 450.0                            LAT/LON1/LON2/DLON/H
  206  207  201  193  188  180  174  168  162  155  148  141  134  128  125  125
  128  134  141  147  150  151  148  142  134  126  120  115  113  114  118  125
  134  142  150  157  162  167  173  181  191  203  215  226  234  240  242  242
  240  238  235  232  228  225  221  218  215  213  211  211  210  209  208  208
  208  208  208  209  213  219  220  218  206                                   
    57.5-180.0 180.0   5.0 450.0                            LAT/LON1/LON2/DLON/H
  211  212  205  195  189  178  170  161  154  146  138  131  124  119  116  115
  118  123  128  133  135  134  130  124  118  112  108  105  104  106  110  117
  125  134  142  149  154  161  168  178  191  205  220  233  242  249  251  251
  250  248  246  244  242  239  236  232  229  226  224  222  220  218  215  214
  211  210  209  210  214  219  219  215  211                                   
    55.0-180.0 180.0   5.0 450.0                            LAT/LON1/LON2/DLON/H
  223  222  217  205  198  185  174  161  150  138  128  120  113  107  104  104
  106  110  114  116  116  113  108  103   99   96   94   93   94   97  102  109
  117  126  134  142  148  156  165  177  193  210  227  242  253  261  264  265
  264  264  264  264  263  261  258  254  250  247  244  242  239  236  232  228
  224  221  219  218  221  225  225  220  223                                   
    52.5-180.0 180.0   5.0 450.0                            LAT/LON1/LON2/DLON/H
  241  240  237  224  217  202  188  170  154  136  122  111  103   97   94   94
   96   98   99   99   97   92   88   84   81   81   82   84   86   90   96  103
  112  121  130  138  146  154  166  180  198  217  236  254  267  276  281  283
  284  286  288  289  289  287  283  279  274  271  269  267  264  260  255  250
  244  240  237  234  235  238  238  233  241                                   
    50.0-180.0 180.0   5.0 450.0                            LAT/LON1/LON2/DLON/H
  262  263  261  251  243  229  214  191  169  145  125  110   99   91   88   87
   88   89   88   86   82   77   72   69   69   71   75   79   84   89   95  103
  112  121  130  139  147  157  170  186  205  227  248  267  282  294  301  305
  308  311  314  317  316  313  308  302  298  295  293  292  289  285  279  274
  268  264  260  255  254  257  257  253  262                                   
    47.5-180.0 180.0   5.0 450.0                            LAT/LON1/LON2/DLON/H
  281  285  285  279  273  262  246  221  193  164  138  117  102   92   87   86
   85   84   82   79   73   68   64   63   65   70   75   81   87   92   99  107
  116  125  135  143  153  164  178  195  215  237  260  280  298  312  321  328
  333  337  340  342  340  335  328  320  315  313  312  312  310  306  301  297
  291  288  284  278  276  277  277  275  281                                   
    45.0-180.0 180.0   5.0 450.0                            LAT/LON1/LON2/DLON/H
  294  299  301  301  299  291  276  252  222  189  158  132  113  101   94   90
   88   86   83   78   73   68   65   65   69   76   83   90   95  101  107  115
  124  134  143  152  162  174  188  206  227  249  272  294  313  329  341  350
  356  361  364  364  360  352  342  333  327  325  325  326  325  322  317  314
  310  307  305  299  295  295  295  292  294                                   
    42.5-180.0 180.0   5.0 450.0                            LAT/LON1/LON2/DLON/H
  297  303  305  309  310  307  296  275  247  213  180  152  130  115  106  101
   97   94   90   85   80   76   74   76   82   89   97  103  108  113  118  126
  135  144  154  163  173  186  201  219  240  261  284  306  327  345  360  371
  379  384  386  385  379  368  355  345  338  336  337  338  337  334  330  326
  323  321  320  315  311  310  309  302  297                                   
    40.0-180.0 180.0   5.0 450.0                            LAT/LON1/LON2/DLON/H
  293  296  295  299  303  302  297  282  259  229  198  170  148  133  123  116
  111  106  102   97   93   90   90   94  100  108  114  119  123  126  131  139
  147  156  165  175  186  199  215  233  252  273  294  316  338  359  377  391
  400  407  410  408  401  390  376  365  358  356  356  357  354  350  345  340
  335  333  332  328  325  322  318  306  293                                   
    37.5-180.0 180.0   5.0 450.0                            LAT/LON1/LON2/DLON/H
  290  285  279  275  279  278  277  269  254  231  207  184  165  150  141  133
  127  122  117  113  111  110  111  115  122  129  135  138  139  141  145  151
  159  167  176  186  197  212  228  246  265  284  304  326  349  371  392  409
  422  431  437  438  433  423  411  400  394  392  392  390  386  379  371  363
  355  351  349  343  341  337  330  311  290                                   
    35.0-180.0 180.0   5.0 450.0                            LAT/LON1/LON2/DLON/H
  297  283  268  253  251  244  243  239  233  220  205  190  176  165  157  151
  144  139  135  132  131  131  134  140  146  152  156  156  155  155  157  163
  169  177  185  195  208  223  241  259  278  296  314  335  358  382  406  427
  444  458  469  476  477  473  464  457  452  450  448  444  438  428  416  404
  391  382  377  369  367  363  352  326  297                                   
    32.5-180.0 180.0   5.0 450.0                            LAT/LON1/LON2/DLON/H
  324  300  277  248  234  217  210  207  206  202  196  190  183  177  172  166
  161  156  153  151  152  154  159  165  171  176  178  176  172  169  170  173
  178  184  192  203  217  235  254  273  291  308  325  344  367  393  420  445
  468  489  508  523  533  537  536  533  531  529  527  522  513  501  485  466
  447  431  421  409  407  404  387  359  324                                   
    30.0-180.0 180.0   5.0 450.0                            LAT/LON1/LON2/DLON/H
  377  346  315  273  243  213  196  187  186  187  188  189  188  186  184  181
  177  174  171  171  173  178  183  190  197  201  201  196  189  184  182  183
  186  190  198  209  226  246  266  285  303  320  337  356  378  406  436  467
  496  525  553  579  600  614  622  625  627  628  626  621  610  595  575  549
  522  499  483  465  462  460  437  409  377                                   
    27.5-180.0 180.0   5.0 450.0                            LAT/LON1/LON2/DLON/H
  457  421  383  331  285  243  212  193  187  187  190  194  196  197  196  195
  193  191  190  191  195  201  208  216  223  226  224  216  206  198  193  192
  192  195  202  215  233  255  276  296  315  332  350  369  393  422  456  493
  529  567  604  640  672  697  713  723  730  734  734  728  717  700  676  645
  611  582  559  535  529  527  500  474  457                                   
    25.0-180.0 180.0   5.0 450.0                            LAT/LON1/LON2/DLON/H
  556  521  477  419  361  310  265  233  217  210  208  210  211  211  211  210
  209  209  210  212  217  225  233  242  249  251  246  235  222  211  204  199
  196  197  204  219  239  261  283  304  325  345  365  386  412  444  482  523
  566  611  656  700  740  772  796  812  823  829  830  825  814  798  773  740
  704  671  643  614  603  598  571  547  556                                   
    22.5-180.0 180.0   5.0 450.0                            LAT/LON1/LON2/DLON/H
  657  630  582  526  459  405  348  305  275  257  247  241  237  232  229  227
  227  228  230  234  240  249  258  267  273  272  264  251  235  222  211  203
  198  197  204  219  241  264  287  310  333  357  381  406  434  469  511  557
  604  652  702  750  794  830  857  876  888  895  897  892  883  869  849  819
  785  754  726  694  677  667  644  621  657                                   
    20.0-180.0 180.0   5.0 450.0                            LAT/LON1/LON2/DLON/H
  738  722  678  632  563  511  450  398  356  325  302  285  271  260  252  247
  247  248  250  255  262  271  281  289  293  289  277  261  243  228  214  203
  195  193  200  217  239  264  288  314  341  370  399  428  460  497  541  589
  638  688  737  785  829  864  890  908  919  925  925  921  915  906  893  871
  844  818  793  762  739  721  709  687  738                                   
    17.5-180.0 180.0   5.0 450.0                            LAT/LON1/LON2/DLON/H
  784  777  741  709  648  605  548  494  443  401  365  337  312  293  278  270
  267  267  269  273  281  291  300  306  306  297  282  263  244  226  211  197
  188  185  193  211  235  261  288  317  349  384  418  451  486  525  570  618
  667  714  761  805  845  876  899  913  921  924  923  919  914  911  905  893
  875  856  836  807  782  755  751  734  784                                   
    15.0-180.0 180.0   5.0 450.0                            LAT/LON1/LON2/DLON/H
  796  786  757  739  694  665  618  569  517  469  425  387  354  327  307  295
  289  286  285  288  295  305  313  316  310  297  278  257  237  219  202  188
  177  175  184  203  229  257  287  320  357  396  435  472  509  549  594  641
  688  731  773  811  845  871  888  898  902  902  900  897  895  895  896  892
  884  871  856  828  802  768  768  756  796                                   
    12.5-180.0 180.0   5.0 450.0                            LAT/LON1/LON2/DLON/H
  780  758  731  720  693  679  646  607  562  514  468  426  389  358  335  319
  309  303  299  299  304  312  317  316  305  287  266  244  225  208  191  176
  166  164  173  193  220  251  284  322  363  407  450  489  528  568  612  657
  701  741  777  810  838  858  870  875  876  875  873  871  871  873  878  880
  878  871  860  833  806  766  766  759  780                                   
    10.0-180.0 180.0   5.0 450.0                            LAT/LON1/LON2/DLON/H
  749  712  682  669  656  654  634  606  571  531  488  449  412  381  357  340
  327  317  309  305  307  310  312  306  291  270  248  228  212  196  181  165
  155  153  162  182  210  244  280  321  366  413  458  499  538  578  621  665
  707  746  779  808  831  847  855  857  857  856  856  855  855  857  862  867
  869  867  858  833  804  761  756  753  749                                   
     7.5-180.0 180.0   5.0 450.0                            LAT/LON1/LON2/DLON/H
  719  672  637  613  606  609  597  579  554  523  488  454  422  395  372  355
  341  327  315  307  303  302  298  288  270  248  228  212  198  185  170  155
