data/edconvlstm_nd/pred2210.15i
     1.0            IONOSPHERE MAPS     GNSS                IONEX VERSION / TYPE
pyspatialgeodesy        IME             05-JAN-18 20:20     PGM / RUN BY / DATE 
Map Name                                                    COMMENT             
Predicted global ionosphere maps (GIM).                     DESCRIPTION         
  2015     8     9     0     0     0                        EPOCH OF FIRST MAP  
  2015     8    10     0     0     0                        EPOCH OF LAST MAP   
  7200                                                      INTERVAL            
    13                                                      # OF MAPS IN FILE   
  NONE                                                      MAPPING FUNCTION    
10.0                                                        ELEVATION CUTOFF    
One-way carrier phase leveled to code                       OBSERVABLES USED    
  6371.0                                                    BASE RADIUS         
 2                                                          MAP DIMENSION       
   450.0 450.0   0.0                                        HGT1 / HGT2 / DHGT  
    87.5 -87.5  -2.5                                        LAT1 / LAT2 / DLAT  
  -180.0 180.0   5.0                                        LON1 / LON2 / DLON  
    -1                                                      EXPONENT            
                                                            END OF HEADER       
[from data line 3861]
    10                                                      START OF TEC MAP    
  2015     8     9    18     0     0                        EPOCH OF CURRENT MAP
    87.5-180.0 180.0   5.0 450.0                            LAT/LON1/LON2/DLON/H
  128  125  117  123  125  123  122  120  120  122  121  122  122  122  123  123
  123  123  123  123  122  122  121  120  120  119  118  117  116  115  114  114
  113  112  111  110  109  109  108  107  107  107  107  107  107  107  107  108
  108  109  110  110  111  112  113  113  114  115  115  116  117  117  117  118
  118  118  117  116  127  122  134  132  128                                   
    85.0-180.0 180.0   5.0 450.0                            LAT/LON1/LON2/DLON/H
  126  126  134  124  123  126  126  127  127  129  128  129  130  130  131  131
  131  131  131  131  130  130  129  128  127  125  124  123  121  120  119  117
  116  114  113  112  110  109  108  107  107  106  106  106  106  106  107  107
  108  109  110  111  112  114  115  116  117  118  119  120  121  122  122  123
  124  124  122  120  122  119  124  123  126                                   
    82.5-180.0 180.0   5.0 450.0                            LAT/LON1/LON2/DLON/H
  108  115  118  113  113  117  120  120  120  122  122  124  125  126  127  128
  129  129  129  129  128  128  127  125  124  123  121  119  117  115  113  111
  109  107  106  104  102  100   98   97   96   95   94   94   94   95   95   96
   98   99  101  102  104  105  107  108  110  111  112  113  114  115  116  116
  117  117  114  116  117  124  118  113  108                                   
    80.0-180.0 180.0   5.0 450.0                            LAT/LON1/LON2/DLON/H
   97  102  108  106  105  106  110  113  115  117  119  121  123  125  127  128
  130  130  131  131  130  129  128  126  125  123  120  118  116  114  111  109
  106  104  101   99   96   93   91   89   87   85   84   84   84   85   86   87
   89   91   92   94   96   98   99  101  103  104  106  107  108  109  110  111
  112  112  111  111  109  110  110  110   97                                   
    77.5-180.0 180.0   5.0 450.0                            LAT/LON1/LON2/DLON/H
   98   98  103  101  102  104  106  110  112  114  116  120  122  125  128  130
  132  133  134  135  134  134  132  131  129  127  124  122  119  117  114  112
  109  106  103  100   97   94   90   87   84   82   81   80   80   81   82   84
   85   87   89   91   93   94   96   97   98   99  101  102  103  104  106  106
  107  107  107  107  108  105  107  111   98                                   
    75.0-180.0 180.0   5.0 450.0                            LAT/LON1/LON2/DLON/H
   94   95   96   95   98  101  103  106  109  113  115  119  122  125  128  131
  134  135  137  138  138  137  136  135  133  130  128  126  123  121  119  117
  115  112  109  106  102   98   94   90   87   84   82   81   81   81   82   84
   86   87   89   90   90   91   92   92   93   94   95   96   98   99  101  103
  104  105  105  102  103  101  104   97   94                                   
    72.5-180.0 180.0   5.0 450.0                            LAT/LON1/LON2/DLON/H
   92   93   93   97   97   99  103  105  107  111  113  117  120  124  127  130
  133  135  136  138  138  138  137  136  134  131  128  126  124  122  120  119
  117  115  112  109  105  101   96   92   88   85   82   81   81   81   83   84
   85   86   87   87   86   85   85   84   84   85   86   87   89   91   94   96
   97   99   99   97   97   97  100   99   92                                   
    70.0-180.0 180.0   5.0 450.0                            LAT/LON1/LON2/DLON/H
   92   93   92   95   95   97   99  103  105  109  112  115  118  121  124  127
  129  131  133  134  135  136  135  134  132  129  127  125  123  121  120  119
  119  117  115  112  108  103   99   94   90   87   85   84   84   84   85   86
   86   86   85   83   81   78   76   75   74   74   75   77   80   83   86   89
   91   93   95   94   95   95  100   98   92                                   
    67.5-180.0 180.0   5.0 450.0                            LAT/LON1/LON2/DLON/H
   94   95   96   99  100  102  105  108  110  113  115  118  121  123  125  127
  129  131  133  134  135  136  135  134  132  130  127  124  123  121  121  120
  120  119  117  114  111  106  102   98   94   92   90   90   90   91   91   91
   90   89   86   83   79   75   72   69   68   68   69   72   75   78   82   86
   88   90   92   91   91   93   97   95   94                                   
    65.0-180.0 180.0   5.0 450.0                            LAT/LON1/LON2/DLON/H
   94   97   97  100  101  103  106  109  111  114  116  119  121  123  124  125
  127  128  129  131  132  133  133  132  131  128  125  123  121  121  121  121
  121  120  118  116  112  108  104  101   98   97   97   97   98   98   98   97
   94   91   86   81   75   70   65   62   61   61   63   65   69   72   76   80
   83   85   88   88   90   93   98   96   94                                   
    62.5-180.0 180.0   5.0 450.0                            LAT/LON1/LON2/DLON/H
   93   98   99  102  104  107  109  112  114  117  118  121  123  125  126  126
  127  128  129  130  131  132  133  132  131  129  126  124  123  122  122  123
  123  122  120  117  113  110  106  104  103  104  105  106  107  107  106  103
   99   94   87   80   73   67   62   59   58   58   59   62   65   69   72   75
   78   80   83   83   86   90   96   93   93                                   
    60.0-180.0 180.0   5.0 450.0                            LAT/LON1/LON2/DLON/H
   91   97   99  103  105  108  110  113  115  117  119  122  124  126  127  128
  128  128  128  129  130  132  132  133  132  130  128  127  126  127  127  128
  128  127  124  121  117  114  111  110  111  113  115  118  119  118  115  110
  104   97   89   81   73   67   62   59   57   57   59   61   63   66   68   70
   72   74   76   77   82   86   94   91   91                                   
    57.5-180.0 180.0   5.0 450.0                            LAT/LON1/LON2/DLON/H
   88   95   98  102  105  109  111  114  115  118  119  122  125  127  129  130
  130  130  129  130  131  132  134  135  135  134  134  133  134  135  137  138
  138  136  133  129  125  122  120  121  123  126  129  131  132  130  125  118
  110  101   92   84   76   70   66   63   61   61   62   62   63   64   65   66
   66   67   70   71   77   82   91   89   88                                   
    55.0-180.0 180.0   5.0 450.0                            LAT/LON1/LON2/DLON/H
   86   94   98  102  106  110  112  115  115  117  118  122  125  128  131  133
  133  132  132  131  132  134  136  138  139  140  141  142  144  146  148  150
  150  148  145  140  136  134  133  134  137  141  144  146  145  141  134  125
  116  106   97   88   82   76   73   70   69   67   66   65   64   63   62   61
   60   61   64   65   72   79   88   87   86                                   
    52.5-180.0 180.0   5.0 450.0                            LAT/LON1/LON2/DLON/H
   85   95   99  104  108  113  115  117  116  117  118  121  124  129  133  135
  136  135  134  133  134  135  138  141  144  146  148  151  154  158  161  163
  163  162  158  154  151  149  149  151  154  157  159  159  156  150  141  131
  121  111  102   94   89   85   82   80   78   75   72   69   66   62   59   57
   56   57   60   61   69   76   85   86   85                                   
    50.0-180.0 180.0   5.0 450.0                            LAT/LON1/LON2/DLON/H
   87   97  102  108  112  118  120  121  120  119  119  121  124  129  134  137
  138  138  137  136  136  138  141  145  149  152  156  160  164  169  173  176
  176  175  172  169  167  166  166  168  171  173  174  172  166  158  147  136
  125  115  108  102   98   95   93   91   88   84   79   74   68   63   59   56
   55   56   58   60   69   76   85   86   87                                   
    47.5-180.0 180.0   5.0 450.0                            LAT/LON1/LON2/DLON/H
   91  102  107  114  119  126  128  129  127  125  123  124  126  131  135  139
  140  140  139  138  139  141  145  149  154  159  164  168  173  178  183  185
  186  186  184  183  182  183  185  186  188  188  187  182  174  163  151  139
  129  120  114  110  107  106  105  103   99   94   87   80   73   66   62   59
   58   59   61   63   71   78   87   88   91                                   
    45.0-180.0 180.0   5.0 450.0                            LAT/LON1/LON2/DLON/H
   97  109  114  122  127  134  137  138  136  134  130  130  131  134  138  141
  143  143  142  142  143  145  149  155  160  166  171  176  181  186  190  193
  194  195  195  196  198  200  202  204  204  202  198  190  180  168  155  143
  133  126  121  118  117  116  116  114  110  103   95   87   79   73   69   67
   65   66   69   70   76   82   90   92   97                                   
    42.5-180.0 180.0   5.0 450.0                            LAT/LON1/LON2/DLON/H
  103  116  121  129  135  142  146  148  146  144  140  139  139  141  143  145
  146  146  146  146  147  150  155  161  167  173  179  185  189  194  197  200
  202  203  205  208  212  217  219  220  218  214  208  198  186  172  159  147
  138  132  128  126  126  126  125  123  119  112  104   96   89   84   81   79
   78   78   80   79   84   88   95   96  103                                   
    40.0-180.0 180.0   5.0 450.0                            LAT/LON1/LON2/DLON/H
  108  121  128  135  141  149  153  156  156  155  152  150  149  149  150  151
  151  151  151  151  153  156  161  167  175  182  188  194  199  203  207  210
  212  214  218  222  228  233  236  236  232  226  218  206  192  177  163  152
  144  138  135  134  133  133  133  131  126  120  113  106  101   98   96   95
   94   93   93   91   93   95  100  101  108                                   
    37.5-180.0 180.0   5.0 450.0                            LAT/LON1/LON2/DLON/H
  113  126  132  139  144  152  156  161  163  164  163  162  161  160  159  159
  158  157  157  158  160  163  168  175  183  191  199  207  212  217  221  224
  227  230  234  240  246  251  253  251  246  238  227  214  199  183  169  158
  150  145  142  140  139  139  138  136  132  126  121  117  114  114  114  114
  112  110  107  103  102  102  106  107  113                                   
    35.0-180.0 180.0   5.0 450.0                            LAT/LON1/LON2/DLON/H
  117  130  136  141  145  152  157  163  167  171  172  173  173  172  171  169
  168  167  166  167  168  171  176  183  192  202  213  222  230  236  242  246
  250  254  257  262  266  269  269  265  257  247  235  221  205  188  174  163
  155  150  146  143  142  141  140  139  135  131  128  126  127  129  131  131
  129  125  121  114  111  109  113  113  117                                   
    32.5-180.0 180.0   5.0 450.0                            LAT/LON1/LON2/DLON/H
  123  134  139  142  146  152  157  163  169  175  180  183  185  186  185  183
  180  179  178  178  179  181  185  192  202  215  228  241  253  262  270  277
  281  284  287  288  289  288  284  277  267  255  241  226  209  192  177  166
  159  153  148  144  142  141  140  139  136  133  132  134  137  141  145  146
  143  139  133  125  120  117  120  120  123                                   
    30.0-180.0 180.0   5.0 450.0                            LAT/LON1/LON2/DLON/H
  130  140  144  146  148  153  157  163  170  179  186  192  197  199  200  199
  197  195  193  193  193  194  197  203  214  229  246  263  279  292  304  313
  319  321  320  317  313  306  297  286  273  258  243  227  209  192  178  167
  159  153  147  142  139  137  137  136  135  133  134  137  143  149  154  155
  152  148  142  134  129  125  129  129  130                                   
    27.5-180.0 180.0   5.0 450.0                            LAT/LON1/LON2/DLON/H
  141  149  151  152  153  158  160  165  173  182  191  200  208  213  216  217
  216  214  212  211  210  210  212  218  229  246  266  287  307  325  340  351
  357  358  354  345  334  322  307  291  274  257  241  223  205  188  174  164
  157  150  144  138  134  132  132  131  131  131  133  137  144  151  157  159
  156  153  148  142  137  134  139  140  141                                   
    25.0-180.0 180.0   5.0 450.0                            LAT/LON1/LON2/DLON/H
  153  160  161  163  163  167  167  171  177  187  197  208  219  228  234  237
  237  236  234  233  231  230  231  236  248  265  288  312  336  356  373  386
  393  391  383  369  352  333  313  292  271  252  233  215  197  181  168  159
  152  145  138  132  127  126  125  125  125  126  128  133  141  148  154  157
  155  153  151  147  144  142  148  150  153                                   
    22.5-180.0 180.0   5.0 450.0                            LAT/LON1/LON2/DLON/H
  165  172  172  176  176  179  179  181  186  194  205  217  230  241  251  257
  260  260  259  257  256  255  255  260  270  288  312  337  362  383  401  413
  419  416  404  385  363  340  316  291  267  245  224  205  187  172  161  154
  147  140  132  125  121  119  119  119  119  120  122  127  133  140  146  149
  149  150  150  149  149  148  155  159  165                                   
    20.0-180.0 180.0   5.0 450.0                            LAT/LON1/LON2/DLON/H
  174  182  183  189  190  194  193  194  198  205  214  227  241  255  268  277
  283  285  285  284  283  282  283  287  297  314  336  361  385  404  420  430
  433  428  414  393  369  344  317  290  264  239  217  197  180  166  157  150
  144  137  128  121  116  114  114  114  114  114  115  119  124  129  135  139
  141  144  147  148  150  151  159  163  174                                   
    17.5-180.0 180.0   5.0 450.0                            LAT/LON1/LON2/DLON/H
  178  187  190  200  203  208  208  209  211  217  225  238  252  268  283  296
  304  309  310  311  311  312  314  318  327  342  362  384  403  419  430  437
  437  430  415  395  371  346  320  292  264  238  214  194  178  165  157  151
  144  136  126  118  113  110  110  110  109  109  110  112  114  118  122  127
  130  135  140  143  146  149  157  163  178                                   
    15.0-180.0 180.0   5.0 450.0                            LAT/LON1/LON2/DLON/H
  175  187  192  205  212  219  221  223  226  231  238  250  264  281  298  312
  323  330  333  335  338  341  345  350  358  371  387  404  419  429  434  436
  434  425  411  393  372  351  327  300  272  244  220  200  184  173  164  157
  149  138  127  118  112  109  108  107  107  106  106  106  107  108  111  116
  119  126  132  136  139  142  150  157  175                                   
    12.5-180.0 180.0   5.0 450.0                            LAT/LON1/LON2/DLON/H
  167  181  190  204  215  224  231  234  240  245  252  262  276  292  310  326
  339  347  353  357  361  367  373  379  388  398  411  423  431  435  435  432
  427  418  406  391  376  359  339  315  287  260  236  216  201  188  178  168
  157  143  130  119  112  109  107  106  105  104  103  102  101  101  103  106
  110  116  122  125  128  132  139  146  167                                   
    10.0-180.0 180.0   5.0 450.0                            LAT/LON1/LON2/DLON/H
  156  172  184  201  215  226  236  243  252  259  266  275  288  303  320  336
  350  360  367  373  379  387  396  404  413  422  431  438  441  440  435  429
  421  413  403  393  383  371  356  334  308  281  258  239  224  210  196  182
  166  148  133  121  114  110  107  106  104  103  102  100   98   96   97   99
  102  108  112  115  116  120  126  134  156                                   
     7.5-180.0 180.0   5.0 450.0                            LAT/LON1/LON2/DLON/H
  146  164  179  196  213  226  241  251  263  273  280  289  299  313  328  344
  357  368  376  383  391  401  412  423  433  441  446  450  449  444  436  428
