data/edconvlstm_nd/pred0600.15i
     1.0            IONOSPHERE MAPS     GNSS                IONEX VERSION / TYPE
pyspatialgeodesy        IME             05-JAN-18 20:20     PGM / RUN BY / DATE 
Map Name                                                    COMMENT             
Predicted global ionosphere maps (GIM).                     DESCRIPTION         
  2015     3     1     0     0     0                        EPOCH OF FIRST MAP  
  2015     3     2     0     0     0                        EPOCH OF LAST MAP   
  7200                                                      INTERVAL            
    13                                                      # OF MAPS IN FILE   
  NONE                                                      MAPPING FUNCTION    
10.0                                                        ELEVATION CUTOFF    
One-way carrier phase leveled to code                       OBSERVABLES USED    
  6371.0                                                    BASE RADIUS         
 2                                                          MAP DIMENSION       
   450.0 450.0   0.0                                        HGT1 / HGT2 / DHGT  
    87.5 -87.5  -2.5                                        LAT1 / LAT2 / DLAT  
  -180.0 180.0   5.0                                        LON1 / LON2 / DLON  
    -1                                                      EXPONENT            
                                                            END OF HEADER       
[from data line 1287]
     4                                                      START OF TEC MAP    
  2015     3     1     6     0     0                        EPOCH OF CURRENT MAP
    87.5-180.0 180.0   5.0 450.0                            LAT/LON1/LON2/DLON/H
  139  143  139  143  141  140  139  136  138  139  140  141  141  142  142  141
  141  141  140  139  139  138  137  137  136  136  135  135  135  135  134  134
  134  134  134  135  135  135  135  136  136  137  138  139  140  141  142  143
  144  144  145  146  146  146  147  146  146  146  145  144  143  142  140  140
  139  140  138  138  142  144  148  139  139                                   
    85.0-180.0 180.0   5.0 450.0                            LAT/LON1/LON2/DLON/H
  138  145  136  139  138  140  140  140  141  143  144  146  146  147  147  147
  146  145  145  144  142  141  140  139  139  138  137  137  136  136  136  136
  136  136  137  137  138  139  140  141  143  145  146  148  150  152  154  156
  158  160  161  163  164  165  166  166  166  165  165  164  162  160  158  156
  155  154  149  148  144  147  146  143  138                                   
    82.5-180.0 180.0   5.0 450.0                            LAT/LON1/LON2/DLON/H
  143  134  135  126  124  124  124  125  128  130  132  135  136  137  137  137
  136  135  133  132  130  128  126  124  122  121  120  119  118  118  119  119
  120  121  122  124  125  127  130  132  135  138  142  145  149  153  156  160
  164  168  171  175  178  180  182  184  184  185  184  183  181  178  174  171
  167  163  155  152  151  144  138  130  143                                   
    80.0-180.0 180.0   5.0 450.0                            LAT/LON1/LON2/DLON/H
  143  129  121  113  113  112  115  117  121  124  127  131  133  135  135  135
  133  131  128  125  121  118  114  111  108  106  104  103  102  102  103  104
  105  107  109  112  114  117  121  124  128  133  138  143  149  155  161  168
  174  181  187  193  199  203  207  211  213  214  214  213  211  207  203  198
  192  183  173  166  162  150  145  129  143                                   
    77.5-180.0 180.0   5.0 450.0                            LAT/LON1/LON2/DLON/H
  142  120  114  109  103  104  107  110  115  118  122  127  130  132  132  132
  130  126  122  118  113  108  104   99   96   93   91   90   90   90   91   93
   95   98  101  104  108  112  116  121  126  131  137  144  152  160  169  178
  188  197  207  215  224  231  237  242  246  249  250  250  249  245  241  235
  226  216  202  192  183  162  149  137  142                                   
    75.0-180.0 180.0   5.0 450.0                            LAT/LON1/LON2/DLON/H
  141  123  112  106   98  100  101  103  107  111  115  120  122  124  124  123
  120  117  112  107  102   97   92   88   85   82   81   80   80   81   82   84
   87   90   94   97  101  106  110  115  121  127  134  142  151  161  173  185
  197  210  221  233  243  253  261  268  273  277  280  281  280  277  273  267
  258  247  234  217  205  183  167  154  141                                   
    72.5-180.0 180.0   5.0 450.0                            LAT/LON1/LON2/DLON/H
  145  128  116  106   98   98   99  101  104  107  110  114  116  117  116  114
  111  107  103   99   94   90   86   82   79   78   76   76   76   77   79   81
   83   86   90   94   98  103  108  113  120  127  135  145  156  168  181  196
  210  224  238  251  262  272  280  287  293  298  300  302  301  299  296  291
  283  273  262  245  231  205  188  177  145                                   
    70.0-180.0 180.0   5.0 450.0                            LAT/LON1/LON2/DLON/H
  156  134  121  108   97   95   94   95   98  100  102  105  105  105  103  100
   97   94   91   88   85   82   80   78   77   76   75   75   75   76   77   78
   79   81   84   87   91   96  101  108  115  123  133  144  156  171  187  203
  219  235  249  262  273  282  290  296  301  305  307  308  308  306  303  299
  293  284  275  259  245  222  208  198  156                                   
    67.5-180.0 180.0   5.0 450.0                            LAT/LON1/LON2/DLON/H
  156  135  120  107   95   91   90   90   92   94   96   97   97   95   93   90
   88   85   83   82   81   80   80   80   79   79   79   79   78   78   77   76
   76   76   77   79   83   87   93  100  109  118  129  142  157  173  191  209
  226  242  257  268  277  285  290  294  297  299  299  299  298  296  292  289
  284  277  269  256  245  224  212  206  156                                   
    65.0-180.0 180.0   5.0 450.0                            LAT/LON1/LON2/DLON/H
  157  135  120  105   91   87   85   85   87   89   90   91   90   88   86   84
   82   80   80   80   81   82   84   85   86   87   87   86   84   82   79   76
   74   72   71   72   75   80   86   95  105  117  130  145  162  180  199  218
  236  252  265  275  282  286  288  290  290  290  290  288  286  282  277  273
  268  261  256  245  237  220  211  207  157                                   
    62.5-180.0 180.0   5.0 450.0                            LAT/LON1/LON2/DLON/H
  155  133  117  100   87   81   78   78   80   82   84   86   85   84   82   81
   79   79   80   81   83   86   88   90   92   93   93   91   88   85   80   75
   71   67   65   64   67   73   81   91  104  118  134  151  169  189  209  229
  247  262  273  281  285  286  286  286  285  284  283  280  276  271  264  258
  252  244  239  230  224  210  203  200  155                                   
    60.0-180.0 180.0   5.0 450.0                            LAT/LON1/LON2/DLON/H
  155  132  115   96   82   74   70   70   71   74   76   79   80   80   80   79
   79   80   81   83   85   88   90   92   94   94   93   91   88   83   78   72
   66   61   58   58   61   67   77   90  105  121  139  158  178  199  219  239
  257  271  280  286  288  288  287  286  285  284  283  280  275  268  260  251
  242  232  227  218  214  200  194  190  155                                   
    57.5-180.0 180.0   5.0 450.0                            LAT/LON1/LON2/DLON/H
  159  137  119   97   83   71   64   62   64   66   69   73   76   78   80   81
   82   83   84   85   87   89   90   91   91   91   90   87   84   79   74   68
   62   58   55   56   59   67   78   93  110  129  148  168  189  210  231  251
  267  280  288  292  293  293  292  292  292  293  292  290  285  278  268  257
  245  233  226  216  213  197  190  184  159                                   
    55.0-180.0 180.0   5.0 450.0                            LAT/LON1/LON2/DLON/H
  171  149  131  106   91   75   65   59   58   58   62   67   72   76   80   82
   84   86   87   87   88   88   88   87   87   85   84   81   78   74   70   65
   61   58   57   58   62   71   83   99  118  138  158  179  200  221  242  261
  277  289  296  299  300  300  301  303  305  307  308  307  302  295  284  273
  259  245  236  224  219  202  194  184  171                                   
    52.5-180.0 180.0   5.0 450.0                            LAT/LON1/LON2/DLON/H
  190  170  152  127  109   90   74   63   57   55   58   63   69   75   80   83
   86   88   89   89   88   87   86   84   83   81   79   77   74   71   69   66
   64   63   63   65   71   80   93  110  129  150  170  191  212  233  253  271
  286  297  303  307  309  310  312  315  319  323  325  324  321  314  304  292
  277  263  252  238  232  214  205  194  190                                   
    50.0-180.0 180.0   5.0 450.0                            LAT/LON1/LON2/DLON/H
  214  196  180  155  136  113   93   75   64   57   58   62   68   74   80   84
   87   89   90   90   89   88   86   85   83   81   79   77   75   73   71   71
   71   72   74   77   83   92  105  122  142  162  183  203  224  245  264  281
  295  305  311  315  317  320  324  328  332  336  337  337  334  327  319  308
  295  281  269  254  246  229  220  210  214                                   
    47.5-180.0 180.0   5.0 450.0                            LAT/LON1/LON2/DLON/H
  236  222  208  187  168  144  120   96   78   67   63   66   70   76   80   84
   87   90   91   91   91   91   90   89   88   87   85   83   81   79   78   79
   81   83   86   90   97  106  119  136  156  176  196  217  237  257  276  292
  305  313  319  322  326  329  333  336  339  341  340  339  335  329  322  313
  302  290  278  264  257  241  234  227  236                                   
    45.0-180.0 180.0   5.0 450.0                            LAT/LON1/LON2/DLON/H
  250  239  230  214  197  174  149  122   99   82   75   74   77   80   84   86
   88   90   91   93   95   96   98   98   99   98   96   94   91   89   88   88
   90   93   97  102  109  119  132  150  169  190  210  231  251  271  288  303
  313  320  325  328  331  334  337  338  338  336  333  329  324  318  312  305
  296  286  276  263  258  245  241  238  250                                   
    42.5-180.0 180.0   5.0 450.0                            LAT/LON1/LON2/DLON/H
  249  240  236  226  213  194  172  146  121  102   91   88   88   89   90   90
   91   92   94   97  101  105  108  111  113  113  111  108  104  100   97   96
   98  101  105  110  118  128  143  162  182  203  224  245  265  284  301  313
  321  326  329  332  335  337  338  336  332  327  321  315  309  302  296  289
  281  273  263  252  248  239  238  237  249                                   
    40.0-180.0 180.0   5.0 450.0                            LAT/LON1/LON2/DLON/H
  233  223  223  216  209  196  181  160  138  120  108  104  102  101  100   98
   97   98  101  105  110  116  121  124  127  127  125  121  116  110  106  103
  102  104  108  114  122  134  151  171  193  215  237  258  278  297  312  322
  328  332  334  337  340  342  341  337  331  323  316  310  304  297  289  281
  272  261  251  239  235  224  226  225  233                                   
    37.5-180.0 180.0   5.0 450.0                            LAT/LON1/LON2/DLON/H
  208  193  191  185  184  178  170  158  143  130  121  118  116  114  112  109
  108  108  111  115  121  127  132  136  138  138  136  132  126  119  112  107
  105  105  108  113  123  137  155  178  202  225  248  270  290  308  322  332
  337  341  345  350  354  357  356  351  344  338  333  329  324  317  307  295
  281  265  252  236  230  214  214  209  208                                   
    35.0-180.0 180.0   5.0 450.0                            LAT/LON1/LON2/DLON/H
  186  160  152  144  146  144  143  140  134  128  124  124  125  125  123  121
  120  121  124  128  132  137  140  143  144  144  142  139  133  125  117  110
  105  104  105  111  121  137  158  183  209  234  258  280  301  319  333  343
  349  356  364  373  381  386  386  383  378  375  375  375  373  366  354  337
  317  296  277  256  245  221  215  200  186                                   
    32.5-180.0 180.0   5.0 450.0                            LAT/LON1/LON2/DLON/H
  177  138  121  107  109  107  109  112  114  115  117  122  126  129  131  132
  133  134  136  139  141  143  145  146  146  146  146  143  138  130  121  112
  105  102  102  108  119  137  161  188  216  242  266  289  311  329  345  356
  367  378  392  408  421  430  434  433  432  434  439  445  447  442  429  408
  382  355  331  302  286  252  237  212  177                                   
    30.0-180.0 180.0   5.0 450.0                            LAT/LON1/LON2/DLON/H
  189  140  112   90   87   82   82   87   92   97  104  112  120  127  133  137
  140  143  145  146  146  145  145  145  146  147  147  146  142  135  125  115
  107  102  102  107  118  138  163  192  222  249  274  298  321  341  358  374
  390  409  431  454  474  488  495  499  504  512  525  537  545  545  532  509
  478  445  414  376  353  308  281  249  189                                   
    27.5-180.0 180.0   5.0 450.0                            LAT/LON1/LON2/DLON/H
  227  171  133  104   93   81   75   76   80   85   91  100  110  119  128  136
  141  145  146  146  144  143  142  143  145  147  149  150  148  142  132  122
  113  107  105  108  119  139  166  196  227  255  281  307  331  354  375  396
  419  446  477  508  536  556  569  579  591  607  627  648  664  669  659  635
  599  561  522  475  441  385  344  310  227                                   
    25.0-180.0 180.0   5.0 450.0                            LAT/LON1/LON2/DLON/H
  293  234  185  149  130  109   95   89   86   87   89   95  102  111  121  129
  135  138  139  138  136  136  138  143  147  152  155  158  157  152  144  133
  122  114  110  111  121  140  168  199  230  260  288  315  342  369  395  421
  452  489  529  569  603  630  650  667  686  709  737  765  787  797  789  763
  725  683  638  584  538  473  425  392  293                                   
    22.5-180.0 180.0   5.0 450.0                            LAT/LON1/LON2/DLON/H
  385  323  263  224  194  166  141  125  115  108  103  102  104  109  116  123
  126  128  127  125  125  129  136  145  154  161  167  170  171  166  156  144
  131  120  114  114  123  141  168  199  232  263  293  324  356  386  417  451
  489  534  582  628  667  698  722  744  769  799  831  862  886  897  888  861
  822  782  737  683  626  562  519  489  385                                   
    20.0-180.0 180.0   5.0 450.0                            LAT/LON1/LON2/DLON/H
  489  423  358  319  277  243  207  183  164  149  136  126  120  119  121  122
  122  119  116  114  117  125  137  152  166  177  184  187  185  178  165  150
  135  123  116  115  122  139  166  198  231  265  299  334  370  406  441  480
  524  574  625  673  712  742  766  790  817  847  879  908  930  939  929  903
  868  835  799  752  694  639  613  586  489                                   
    17.5-180.0 180.0   5.0 450.0                            LAT/LON1/LON2/DLON/H
  582  515  452  419  366  329  286  256  230  207  185  166  152  144  138  133
  127  120  114  112  116  127  145  165  184  197  203  202  196  184  168  151
  135  122  114  112  118  135  162  194  229  266  304  344  384  424  463  505
  552  602  652  695  729  754  774  794  817  842  867  890  906  912  904  882
  857  835  813  780  732  691  682  662  582                                   
    15.0-180.0 180.0   5.0 450.0                            LAT/LON1/LON2/DLON/H
  639  579  528  501  445  407  364  332  303  276  248  221  200  183  170  158
  146  134  126  122  127  139  160  185  206  218  219  213  200  184  165  146
  129  117  108  106  113  131  157  190  227  266  308  351  396  438  480  522
  567  614  658  693  718  734  747  761  775  790  805  818  827  830  826  813
  801  792  785  768  740  711  712  703  639                                   
    12.5-180.0 180.0   5.0 450.0                            LAT/LON1/LON2/DLON/H
  659  610  573  552  499  462  423  394  369  343  313  284  257  235  216  198
  181  165  154  148  150  162  183  208  227  234  229  216  198  179  158  138
  122  110  102  101  109  127  154  187  225  266  310  356  402  446  488  528
  570  610  645  671  687  696  703  710  718  723  726  728  731  734  734  731
  730  730  735  730  721  704  705  706  659                                   
    10.0-180.0 180.0   5.0 450.0                            LAT/LON1/LON2/DLON/H
  653  616  589  568  522  486  451  429  411  391  367  340  314  291  270  249
  229  211  197  187  185  193  210  229  242  242  230  212  191  170  149  130
  115  105   99   99  108  126  152  185  222  264  308  356  403  447  487  525
  561  594  621  639  649  655  660  667  672  671  667  662  662  665  669  672
  676  681  688  690  690  681  679  686  653                                   
     7.5-180.0 180.0   5.0 450.0                            LAT/LON1/LON2/DLON/H
  634  608  583  559  519  483  450  433  423  412  397  378  359  340  322  303
  284  266  250  236  227  227  235  245  249  242  225  203  181  160  141  125
