data/edconvlstm_nd/pred1480.15i
     1.0            IONOSPHERE MAPS     GNSS                IONEX VERSION / TYPE
pyspatialgeodesy        IME             05-JAN-18 20:20     PGM / RUN BY / DATE 
Map Name                                                    COMMENT             
Predicted global ionosphere maps (GIM).                     DESCRIPTION         
  2015     5    28     0     0     0                        EPOCH OF FIRST MAP  
  2015     5    29     0     0     0                        EPOCH OF LAST MAP   
  7200                                                      INTERVAL            
    13                                                      # OF MAPS IN FILE   
  NONE                                                      MAPPING FUNCTION    
10.0                                                        ELEVATION CUTOFF    
One-way carrier phase leveled to code                       OBSERVABLES USED    
  6371.0                                                    BASE RADIUS         
 2                                                          MAP DIMENSION       
   450.0 450.0   0.0                                        HGT1 / HGT2 / DHGT  
    87.5 -87.5  -2.5                                        LAT1 / LAT2 / DLAT  
  -180.0 180.0   5.0                                        LON1 / LON2 / DLON  
    -1                                                      EXPONENT            
                                                            END OF HEADER       
[from data line 2145]
     6                                                      START OF TEC MAP    
  2015     5    28    10     0     0                        EPOCH OF CURRENT MAP
    87.5-180.0 180.0   5.0 450.0                            LAT/LON1/LON2/DLON/H
  138  134  130  134  138  139  139  139  142  145  146  148  150  151  153  154
  155  156  157  158  158  159  159  160  160  160  161  161  161  161  161  161
  161  161  160  160  160  159  158  157  156  155  154  153  151  150  149  147
  145  144  142  140  139  137  135  134  132  131  129  128  126  125  124  123
  123  124  122  121  127  124  131  134  138                                   
    85.0-180.0 180.0   5.0 450.0                            LAT/LON1/LON2/DLON/H
  129  127  135  133  137  140  143  145  149  152  153  156  158  160  161  163
  164  165  166  167  167  168  168  169  170  170  170  171  171  172  172  173
  173  173  173  172  172  171  171  170  168  167  166  164  162  160  158  156
  154  152  150  148  145  143  141  139  137  135  133  131  129  127  126  125
  125  126  121  120  118  116  122  127  129                                   
    82.5-180.0 180.0   5.0 450.0                            LAT/LON1/LON2/DLON/H
  117  125  127  126  130  135  139  143  147  150  153  156  158  160  162  163
  164  165  166  166  167  167  168  168  169  170  171  172  173  174  175  176
  177  178  178  179  179  178  178  177  176  174  173  171  169  167  164  162
  160  157  155  152  149  147  144  141  138  135  133  130  127  124  122  120
  118  117  112  114  113  114  112  107  117                                   
    80.0-180.0 180.0   5.0 450.0                            LAT/LON1/LON2/DLON/H
  115  119  122  125  128  132  136  142  147  150  153  156  159  160  162  162
  163  163  163  163  163  163  163  163  164  165  166  167  169  171  173  175
  177  178  180  181  182  182  182  181  180  179  178  177  175  174  172  170
  168  165  163  161  158  155  152  149  146  143  140  136  133  129  126  123
  120  117  113  113  109  110  115  106  115                                   
    77.5-180.0 180.0   5.0 450.0                            LAT/LON1/LON2/DLON/H
  123  122  125  129  131  135  139  144  149  152  154  157  159  160  160  161
  160  160  159  159  158  158  157  157  158  158  160  162  165  168  171  175
  178  182  184  186  188  189  190  190  189  189  188  188  187  186  185  184
  183  181  180  178  176  174  171  168  165  162  159  155  151  146  142  138
  133  130  122  122  120  116  118  117  123                                   
    75.0-180.0 180.0   5.0 450.0                            LAT/LON1/LON2/DLON/H
  125  127  124  129  131  135  138  142  147  149  151  153  154  154  154  154
  153  152  151  150  149  148  147  147  147  148  150  153  157  161  166  172
  177  181  185  189  191  192  193  194  194  194  194  194  194  194  194  194
  194  193  192  191  190  188  187  185  182  180  177  174  170  166  161  157
  151  146  138  132  129  126  128  122  125                                   
    72.5-180.0 180.0   5.0 450.0                            LAT/LON1/LON2/DLON/H
  130  132  128  132  133  135  139  141  144  145  146  147  147  147  147  146
  145  144  143  143  142  141  140  140  140  141  143  147  151  157  164  171
  177  183  188  192  194  196  197  197  198  198  199  200  201  202  202  203
  203  203  203  202  201  200  199  198  197  196  194  192  190  186  182  178
  172  167  158  151  144  140  138  135  130                                   
    70.0-180.0 180.0   5.0 450.0                            LAT/LON1/LON2/DLON/H
  137  135  132  132  131  131  132  133  135  135  135  136  135  135  134  134
  133  133  133  133  132  132  132  132  132  133  136  140  146  153  161  169
  176  183  189  192  195  196  197  197  198  198  199  201  202  203  204  205
  205  205  204  203  202  202  201  201  201  201  201  201  200  198  196  193
  188  182  174  166  158  152  152  148  137                                   
    67.5-180.0 180.0   5.0 450.0                            LAT/LON1/LON2/DLON/H
  142  140  135  133  130  128  127  125  126  125  124  125  125  124  124  124
  124  125  126  127  128  128  129  129  129  131  133  138  144  152  161  170
  178  185  190  194  196  197  197  197  197  198  199  201  203  204  205  205
  204  203  201  199  198  197  197  197  198  200  201  203  204  204  203  202
  199  194  187  178  169  163  161  157  142                                   
    65.0-180.0 180.0   5.0 450.0                            LAT/LON1/LON2/DLON/H
  149  146  139  135  129  124  120  117  115  114  113  114  114  114  114  114
  115  117  119  122  124  126  127  128  129  131  134  140  147  156  165  175
  183  190  195  197  198  198  198  198  198  199  201  203  205  206  206  205
  203  200  197  194  191  189  189  190  192  195  198  201  204  206  207  207
  206  203  196  189  181  175  173  168  149                                   
    62.5-180.0 180.0   5.0 450.0                            LAT/LON1/LON2/DLON/H
  156  153  145  139  130  122  115  109  106  104  103  104  104  105  106  106
  108  110  113  117  121  124  126  128  130  133  138  144  152  161  171  180
  188  195  199  201  201  200  200  199  200  202  204  206  208  208  208  205
  202  197  192  188  185  183  182  184  186  190  193  197  201  204  206  209
  209  208  203  198  190  185  183  179  156                                   
    60.0-180.0 180.0   5.0 450.0                            LAT/LON1/LON2/DLON/H
  165  162  152  144  132  122  112  104   99   95   94   94   95   96   97   98
  100  103  106  111  115  120  123  127  130  134  140  147  156  166  176  185
  193  198  202  203  203  202  202  202  203  205  207  210  212  212  211  208
  203  197  191  186  182  180  180  181  184  188  192  196  199  203  206  209
  211  211  208  204  198  195  194  188  165                                   
    57.5-180.0 180.0   5.0 450.0                            LAT/LON1/LON2/DLON/H
  177  173  163  153  139  126  114  102   95   90   88   88   89   89   90   91
   93   95  100  104  110  115  119  124  129  135  142  151  161  171  181  190
  197  202  205  206  206  206  206  206  207  210  213  216  218  219  217  213
  208  202  196  191  187  185  185  187  189  193  196  200  202  205  208  211
  214  216  215  212  208  205  204  199  177                                   
    55.0-180.0 180.0   5.0 450.0                            LAT/LON1/LON2/DLON/H
  189  185  176  165  149  134  120  106   96   89   86   84   84   84   84   84
   86   89   93   98  103  109  114  120  127  135  144  153  164  174  184  192
  199  204  207  209  210  210  211  212  213  216  219  223  225  226  225  222
  217  212  206  201  197  195  196  197  200  203  206  208  209  211  213  216
  219  222  222  220  217  216  214  209  189                                   
    52.5-180.0 180.0   5.0 450.0                            LAT/LON1/LON2/DLON/H
  201  196  188  178  161  146  131  115  103   94   88   84   82   80   79   80
   81   84   88   93   98  104  111  118  126  135  145  156  166  177  186  193
  199  205  209  212  215  217  218  219  221  223  226  230  232  234  234  232
  228  224  219  215  212  210  209  211  213  216  218  218  218  219  220  223
  226  230  230  229  227  225  223  217  201                                   
    50.0-180.0 180.0   5.0 450.0                            LAT/LON1/LON2/DLON/H
  210  205  198  189  174  160  144  128  115  104   95   89   84   80   78   78
   79   82   87   92   97  103  110  118  127  137  148  159  169  178  186  193
  200  205  211  216  221  225  227  228  229  231  233  237  240  242  243  243
  241  238  234  230  226  224  223  224  225  227  228  228  227  227  228  231
  234  238  239  238  235  233  230  223  210                                   
    47.5-180.0 180.0   5.0 450.0                            LAT/LON1/LON2/DLON/H
  214  209  204  197  184  171  158  143  129  117  107   98   90   84   80   79
   81   85   89   94   99  105  113  122  132  143  154  163  172  180  187  193
  200  206  214  222  229  234  237  239  239  239  241  244  248  251  253  254
  253  251  248  244  240  236  234  233  234  234  235  234  233  233  235  239
  242  247  247  245  241  237  233  225  214                                   
    45.0-180.0 180.0   5.0 450.0                            LAT/LON1/LON2/DLON/H
  211  206  202  197  188  178  169  156  144  132  121  110  100   92   86   85
   86   90   95  100  105  112  120  130  141  152  162  170  177  183  188  194
  200  208  218  228  238  245  250  251  250  250  251  253  257  261  263  265
  266  265  262  257  252  246  242  239  238  238  238  237  237  238  241  245
  250  254  253  250  244  238  232  224  211                                   
    42.5-180.0 180.0   5.0 450.0                            LAT/LON1/LON2/DLON/H
  203  197  194  190  184  178  173  164  156  146  135  125  113  103   96   93
   94   98  103  108  113  121  130  141  152  163  172  178  183  187  190  195
  201  210  222  235  247  257  262  264  263  262  262  265  268  272  276  279
  280  279  276  271  264  257  250  245  242  241  240  240  241  243  247  253
  258  261  259  253  245  236  229  220  203                                   
    40.0-180.0 180.0   5.0 450.0                            LAT/LON1/LON2/DLON/H
  193  186  183  177  174  170  169  166  162  156  148  139  127  116  108  104
  104  107  110  115  121  129  139  152  164  175  182  187  189  191  193  196
  203  212  226  241  256  268  275  278  277  276  276  278  282  287  292  295
  297  297  295  290  282  273  265  258  253  250  248  248  249  252  257  264
  268  270  266  257  246  234  226  216  193                                   
    37.5-180.0 180.0   5.0 450.0                            LAT/LON1/LON2/DLON/H
  185  176  171  163  160  157  159  160  161  160  157  150  140  129  120  114
  113  113  116  119  125  134  146  160  174  185  192  195  196  196  196  199
  205  215  229  246  264  278  287  291  292  291  292  295  300  306  311  316
  320  322  321  317  309  300  291  283  276  271  267  265  266  269  275  281
  284  283  276  264  249  235  225  214  185                                   
    35.0-180.0 180.0   5.0 450.0                            LAT/LON1/LON2/DLON/H
  183  172  163  152  146  143  146  149  155  159  161  158  150  140  130  123
  119  117  118  120  125  135  149  166  181  193  200  202  201  200  199  201
  207  217  233  251  270  287  298  304  307  308  310  314  321  328  336  343
  349  354  356  354  349  341  332  323  314  306  300  296  295  297  301  305
  306  302  291  275  256  240  229  218  183                                   
    32.5-180.0 180.0   5.0 450.0                            LAT/LON1/LON2/DLON/H
  190  176  164  148  139  133  135  138  145  153  159  161  157  148  138  129
  123  118  116  117  122  133  149  168  185  198  205  207  206  204  203  205
  210  221  236  256  276  295  308  317  321  325  329  335  343  353  363  374
  384  393  399  402  400  395  387  377  367  356  348  341  337  336  337  337
  334  326  311  292  270  250  239  227  190                                   
    30.0-180.0 180.0   5.0 450.0                            LAT/LON1/LON2/DLON/H
  206  189  174  155  141  132  130  130  137  146  155  160  159  152  143  133
  124  117  113  113  118  130  147  168  186  201  209  211  211  209  208  209
  214  225  241  261  283  302  317  328  336  341  347  355  365  378  392  406
  421  435  446  454  458  456  450  440  429  417  405  395  387  382  378  373
  365  354  335  312  288  266  254  243  206                                   
    27.5-180.0 180.0   5.0 450.0                            LAT/LON1/LON2/DLON/H
  229  211  194  173  154  141  135  131  134  142  151  157  158  153  145  135
  125  116  111  109  115  127  145  167  187  202  211  215  215  214  213  215
  221  232  248  269  290  310  327  340  349  357  365  374  387  402  419  437
  456  475  491  504  513  515  512  503  491  478  464  450  438  428  418  408
  395  380  359  334  307  284  271  263  229                                   
    25.0-180.0 180.0   5.0 450.0                            LAT/LON1/LON2/DLON/H
  254  237  219  199  177  162  150  141  139  143  149  155  157  153  145  136
  126  117  111  109  114  127  145  167  187  203  213  217  219  219  220  223
  229  241  258  279  300  320  337  351  362  371  381  391  405  422  441  463
  485  506  527  544  555  560  559  552  540  526  511  496  480  465  451  435
  417  399  377  351  324  301  288  283  254                                   
    22.5-180.0 180.0   5.0 450.0                            LAT/LON1/LON2/DLON/H
  276  261  245  228  206  190  174  161  152  150  152  155  156  152  146  137
  128  120  114  113  118  130  147  168  187  203  213  219  223  225  227  232
  240  253  271  292  313  332  349  363  375  385  395  405  419  436  457  479
  502  525  546  564  577  583  582  576  566  553  538  522  505  487  468  449
  427  408  385  361  334  312  300  299  276                                   
    20.0-180.0 180.0   5.0 450.0                            LAT/LON1/LON2/DLON/H
  288  277  266  254  234  220  202  185  171  163  159  158  156  153  148  140
  133  126  122  121  125  135  150  169  187  201  212  219  225  230  235  243
  253  268  287  308  328  346  361  375  386  397  406  417  430  446  466  487
  508  529  547  563  574  579  578  573  564  554  541  527  511  492  470  447
  424  403  382  359  336  315  305  306  288                                   
    17.5-180.0 180.0   5.0 450.0                            LAT/LON1/LON2/DLON/H
  289  281  276  270  255  244  228  210  192  178  169  163  159  155  150  145
  139  134  131  130  133  141  153  169  184  198  209  218  226  234  243  254
  268  285  304  325  344  360  373  386  397  407  417  426  438  452  468  486
  503  519  532  544  551  553  552  548  542  535  526  515  501  482  459  433
  408  387  368  349  329  310  302  303  289                                   
    15.0-180.0 180.0   5.0 450.0                            LAT/LON1/LON2/DLON/H
  279  274  275  272  264  257  245  229  210  193  179  170  163  158  154  150
  146  142  139  138  139  144  153  166  179  192  203  213  225  237  251  265
  282  301  322  341  359  373  385  396  407  417  425  434  443  454  467  479
  491  500  508  514  517  517  516  513  510  506  501  493  481  463  439  411
  384  363  346  331  315  298  292  293  279                                   
    12.5-180.0 180.0   5.0 450.0                            LAT/LON1/LON2/DLON/H
  262  260  263  261  259  255  249  237  220  203  187  175  167  161  157  154
  151  148  145  142  141  143  149  159  170  182  194  207  222  239  257  276
  295  316  337  356  371  384  394  404  414  423  431  438  446  455  463  471
  477  480  483  484  484  483  482  482  481  480  478  472  461  443  417  387
  357  336  321  309  298  283  278  277  262                                   
    10.0-180.0 180.0   5.0 450.0                            LAT/LON1/LON2/DLON/H
  245  243  247  242  243  241  240  233  221  206  191  179  169  163  159  156
  153  150  146  141  138  137  141  148  158  170  184  199  218  240  262  284
  306  328  348  366  379  390  399  407  416  425  432  439  446  453  459  463
  465  464  463  462  460  460  462  464  466  466  465  459  448  428  400  367
  335  312  299  289  281  268  265  261  245                                   
     7.5-180.0 180.0   5.0 450.0                            LAT/LON1/LON2/DLON/H
  231  229  231  222  223  221  222  219  211  200  188  178  169  162  158  154
  151  147  141  136  130  127  129  135  144  157  172  191  214  239  265  290
