data/edconvlstm_nd/pred3370.15i
     1.0            IONOSPHERE MAPS     GNSS                IONEX VERSION / TYPE
pyspatialgeodesy        IME             05-JAN-18 20:20     PGM / RUN BY / DATE 
Map Name                                                    COMMENT             
Predicted global ionosphere maps (GIM).                     DESCRIPTION         
  2015    12     3     0     0     0                        EPOCH OF FIRST MAP  
  2015    12     4     0     0     0                        EPOCH OF LAST MAP   
  7200                                                      INTERVAL            
    13                                                      # OF MAPS IN FILE   
  NONE                                                      MAPPING FUNCTION    
10.0                                                        ELEVATION CUTOFF    
One-way carrier phase leveled to code                       OBSERVABLES USED    
  6371.0                                                    BASE RADIUS         
 2                                                          MAP DIMENSION       
   450.0 450.0   0.0                                        HGT1 / HGT2 / DHGT  
    87.5 -87.5  -2.5                                        LAT1 / LAT2 / DLAT  
  -180.0 180.0   5.0                                        LON1 / LON2 / DLON  
    -1                                                      EXPONENT            
                                                            END OF HEADER       
[from data line 1716]
     5                                                      START OF TEC MAP    
  2015    12     3     8     0     0                        EPOCH OF CURRENT MAP
    87.5-180.0 180.0   5.0 450.0                            LAT/LON1/LON2/DLON/H
   24   34   31   35   35   36   36   32   32   34   34   34   34   34   34   34
   33   33   33   32   32   31   31   31   30   30   29   29   29   28   28   28
   27   27   27   26   26   25   25   24   24   24   23   23   22   22   22   21
   21   21   20   20   20   19   19   19   19   18   18   18   18   18   18   19
   20   20   19   20   28   37   49   50   24                                   
    85.0-180.0 180.0   5.0 450.0                            LAT/LON1/LON2/DLON/H
   14   42   45   41   44   47   47   46   47   48   48   48   48   48   47   47
   47   47   46   46   46   45   45   45   45   45   44   44   44   44   44   43
   43   43   43   42   42   41   41   40   40   39   39   38   37   37   36   35
   34   34   33   32   32   31   31   30   30   30   29   29   29   29   29   30
   31   32   29   31   38   40   53   47   14                                   
    82.5-180.0 180.0   5.0 450.0                            LAT/LON1/LON2/DLON/H
   14   30   46   43   45   47   47   47   47   48   47   48   47   47   46   45
   45   44   44   43   43   43   43   42   42   42   42   42   42   42   42   42
   42   42   42   42   42   42   42   42   41   41   40   39   39   38   37   36
   35   34   33   32   31   31   30   29   28   28   28   27   27   27   27   28
   28   29   28   29   40   38   40   36   14                                   
    80.0-180.0 180.0   5.0 450.0                            LAT/LON1/LON2/DLON/H
   20   31   47   43   48   48   49   48   48   48   47   47   46   44   43   42
   41   40   40   39   39   39   39   40   40   40   40   40   41   41   41   42
   42   43   43   44   44   45   45   45   45   45   44   43   42   42   40   39
   38   37   36   35   34   33   32   30   29   28   28   27   27   26   26   26
   27   27   29   29   37   37   39   37   20                                   
    77.5-180.0 180.0   5.0 450.0                            LAT/LON1/LON2/DLON/H
   30   36   44   39   42   44   45   45   45   44   42   41   39   37   36   34
   33   32   31   31   31   32   32   33   33   33   33   33   33   34   34   34
   35   36   37   38   39   40   41   41   42   42   42   41   41   40   40   39
   39   38   38   37   36   35   34   32   31   29   28   26   25   25   24   23
   23   23   23   24   27   22   28   30   30                                   
    75.0-180.0 180.0   5.0 450.0                            LAT/LON1/LON2/DLON/H
   21   32   38   36   39   42   43   42   42   41   38   37   34   31   29   27
   26   25   25   26   26   27   29   30   30   31   31   31   30   30   30   30
   31   32   33   35   36   38   39   41   42   42   43   43   43   43   44   44
   45   45   46   46   46   45   44   42   40   38   35   33   31   30   28   27
   26   26   25   23   26   21   26   24   21                                   
    72.5-180.0 180.0   5.0 450.0                            LAT/LON1/LON2/DLON/H
   22   31   35   33   36   41   43   41   41   39   36   34   31   28   25   23
   22   21   21   22   23   25   26   28   29   30   30   29   28   27   27   27
   27   28   30   32   34   36   39   41   43   45   46   47   48   49   51   53
   54   57   59   60   61   61   59   57   54   51   47   44   41   39   36   35
   33   31   31   29   30   25   27   27   22                                   
    70.0-180.0 180.0   5.0 450.0                            LAT/LON1/LON2/DLON/H
   22   29   35   33   36   39   40   40   39   38   35   33   30   27   24   22
   21   21   21   22   24   26   28   30   31   32   32   31   29   28   26   26
   26   26   28   30   33   37   40   43   46   49   51   53   55   57   60   63
   67   71   74   77   79   79   77   74   70   66   61   56   52   49   46   44
   41   39   38   34   34   29   33   31   22                                   
    67.5-180.0 180.0   5.0 450.0                            LAT/LON1/LON2/DLON/H
   21   27   32   31   34   37   38   38   37   36   34   32   29   27   25   23
   22   21   22   23   24   26   29   31   32   33   33   31   29   27   25   24
   23   24   26   29   32   36   40   44   48   51   55   57   60   64   67   72
   78   83   88   92   94   94   92   87   82   75   69   63   58   54   51   49
   46   43   42   37   36   31   33   31   21                                   
    65.0-180.0 180.0   5.0 450.0                            LAT/LON1/LON2/DLON/H
   22   27   31   31   32   36   37   36   36   36   34   33   31   29   28   26
   25   25   25   25   27   29   31   33   35   35   35   33   31   28   26   24
   24   24   26   29   33   38   43   48   53   57   61   64   68   72   77   83
   90   97  103  108  110  110  106  100   92   84   76   69   63   58   54   52
   49   47   45   40   40   35   37   36   22                                   
    62.5-180.0 180.0   5.0 450.0                            LAT/LON1/LON2/DLON/H
   24   28   31   31   32   35   36   36   36   36   35   35   34   33   32   31
   30   29   29   29   29   31   32   34   36   37   36   34   32   29   27   26
   26   27   29   33   37   43   49   54   60   65   70   74   78   83   88   95
  103  111  118  124  126  125  120  112  102   91   81   73   66   60   56   53
   51   48   47   42   41   37   38   39   24                                   
    60.0-180.0 180.0   5.0 450.0                            LAT/LON1/LON2/DLON/H
   28   30   32   31   32   34   34   34   34   34   34   35   35   35   35   34
   33   32   31   30   29   30   31   33   34   35   34   32   30   28   26   26
   27   28   32   36   42   48   55   61   67   73   78   82   87   92   98  105
  114  123  131  136  138  136  130  121  109   97   86   76   68   62   57   53
   49   46   45   41   41   37   38   38   28                                   
    57.5-180.0 180.0   5.0 450.0                            LAT/LON1/LON2/DLON/H
   33   33   34   33   33   34   34   33   33   34   34   35   36   36   37   37
   36   35   33   31   29   29   29   30   31   32   32   30   29   27   26   27
   29   32   37   43   49   56   64   71   77   83   89   93   98  103  110  118
  127  136  144  150  152  149  142  132  120  107   96   86   77   70   63   58
   52   48   46   42   43   38   40   40   33                                   
    55.0-180.0 180.0   5.0 450.0                            LAT/LON1/LON2/DLON/H
   39   38   38   37   35   35   34   33   33   33   33   35   35   36   37   37
   37   36   33   31   28   27   27   28   29   30   29   28   27   26   26   28
   31   36   43   50   58   66   74   82   89   95  101  105  110  116  122  130
  139  149  157  162  164  161  154  144  132  121  110  100   91   83   74   67
   59   53   50   46   46   41   43   43   39                                   
    52.5-180.0 180.0   5.0 450.0                            LAT/LON1/LON2/DLON/H
   46   44   44   42   39   39   37   35   34   34   34   35   35   35   36   37
   37   36   34   31   29   27   27   28   29   29   29   27   25   25   25   28
   34   41   50   59   68   78   86   95  102  108  114  119  124  129  136  144
  152  161  168  173  174  172  165  155  145  135  126  118  110  101   91   81
   71   62   58   53   52   47   48   49   46                                   
    50.0-180.0 180.0   5.0 450.0                            LAT/LON1/LON2/DLON/H
   53   51   51   48   45   45   43   40   38   37   36   36   35   35   35   36
   37   37   35   33   31   29   29   30   31   31   30   28   25   24   26   30
   37   46   57   68   79   90   99  108  116  122  127  132  137  143  149  156
  164  172  178  182  182  178  172  164  155  147  141  135  128  119  109   97
   85   75   69   62   60   55   57   57   53                                   
    47.5-180.0 180.0   5.0 450.0                            LAT/LON1/LON2/DLON/H
   60   58   58   56   53   54   51   48   45   44   41   40   38   36   36   36
   37   38   38   36   35   34   35   36   37   36   34   31   27   25   27   31
   40   51   64   77   90  102  113  122  130  136  141  146  150  156  162  168
  175  180  185  187  185  181  174  166  159  153  149  146  141  133  123  111
   98   87   80   72   69   65   67   68   60                                   
    45.0-180.0 180.0   5.0 450.0                            LAT/LON1/LON2/DLON/H
   66   64   64   64   61   63   61   58   55   53   50   47   43   40   38   38
   39   41   42   42   42   43   44   45   45   44   41   36   31   28   29   34
   43   56   71   86  100  114  126  136  144  150  155  159  163  168  173  178
  183  187  189  189  185  180  172  164  157  152  150  148  145  139  130  119
  107   96   88   80   77   74   75   78   66                                   
    42.5-180.0 180.0   5.0 450.0                            LAT/LON1/LON2/DLON/H
   68   67   67   69   68   72   70   68   66   65   62   58   53   48   44   42
   43   46   48   51   52   54   55   56   55   53   48   42   36   32   32   38
   48   61   77   94  110  125  138  149  157  163  167  171  174  179  183  187
  190  192  191  189  184  176  167  158  150  146  144  143  141  136  128  119
  108   98   91   83   81   79   80   83   68                                   
    40.0-180.0 180.0   5.0 450.0                            LAT/LON1/LON2/DLON/H
   67   66   66   71   71   77   77   77   76   76   75   72   66   59   53   50
   50   53   57   61   64   66   66   66   64   61   56   49   42   38   37   42
   53   67   84  102  119  135  149  161  170  175  179  182  185  189  192  195
  196  196  194  190  184  175  164  154  145  140  137  136  134  129  122  114
  105   95   89   82   80   78   79   83   67                                   
    37.5-180.0 180.0   5.0 450.0                            LAT/LON1/LON2/DLON/H
   62   62   63   68   70   76   78   80   82   84   85   85   80   73   65   60
   59   62   67   71   75   76   76   74   70   66   61   54   48   44   44   49
   59   74   92  110  127  144  159  172  181  187  190  193  196  199  202  204
  204  203  200  196  190  181  170  159  149  142  139  136  132  127  119  111
  101   91   84   77   75   72   73   78   62                                   
    35.0-180.0 180.0   5.0 450.0                            LAT/LON1/LON2/DLON/H
   57   57   57   61   64   70   73   77   82   87   91   94   91   85   78   72
   70   72   77   82   85   85   82   78   73   69   64   59   54   51   51   57
   68   83  100  118  136  153  169  182  191  197  201  204  207  210  213  215
  215  214  212  209  205  198  189  179  170  162  157  152  146  138  128  117
  104   91   82   73   70   64   66   70   57                                   
    32.5-180.0 180.0   5.0 450.0                            LAT/LON1/LON2/DLON/H
   53   51   50   53   55   60   64   69   75   82   90   96   98   94   88   83
   80   82   86   90   92   91   86   80   74   69   66   63   60   58   60   66
   77   93  110  128  146  163  178  192  202  209  213  217  220  224  227  230
  230  231  232  232  232  230  224  217  210  203  197  190  181  170  155  139
  121  103   89   77   71   61   61   64   53                                   
    30.0-180.0 180.0   5.0 450.0                            LAT/LON1/LON2/DLON/H
   52   47   44   45   46   50   54   58   65   73   82   92   97   98   94   90
   88   90   94   97   98   94   88   80   74   70   68   66   65   66   68   76
   88  104  121  139  157  173  189  203  214  222  227  232  237  242  246  250
  252  255  259  264  269  272  272  270  266  262  256  248  237  222  202  180
  155  130  110   91   80   65   64   64   52                                   
    27.5-180.0 180.0   5.0 450.0                            LAT/LON1/LON2/DLON/H
   55   48   42   40   39   42   44   47   53   60   71   82   91   95   95   93
   93   95   99  101  101   96   88   80   74   71   70   70   70   72   77   85
   98  115  133  151  169  186  202  216  228  237  244  251  257  264  270  275
  280  286  293  303  313  322  328  332  333  332  328  320  307  289  264  236
  204  171  144  117  101   81   79   74   55                                   
    25.0-180.0 180.0   5.0 450.0                            LAT/LON1/LON2/DLON/H
   67   56   46   41   38   38   38   39   43   49   59   70   80   87   90   91
   92   95   99  101  100   95   88   81   76   73   72   73   75   78   84   94
  109  126  145  164  183  200  217  233  246  256  265  273  282  290  298  305
  312  321  332  345  360  375  387  396  402  406  404  398  384  363  335  302
  263  224  190  155  133  108  105   95   67                                   
    22.5-180.0 180.0   5.0 450.0                            LAT/LON1/LON2/DLON/H
   87   73   59   49   44   42   39   37   39   43   50   59   69   77   82   85
   88   92   95   97   96   93   88   82   78   75   75   76   79   83   90  102
  119  138  158  178  198  217  235  251  266  278  289  299  309  320  329  338
  347  358  371  387  406  424  441  455  466  472  474  469  456  434  404  367
  324  280  240  200  175  145  140  127   87                                   
    20.0-180.0 180.0   5.0 450.0                            LAT/LON1/LON2/DLON/H
  117  100   82   67   59   54   49   44   43   44   47   53   61   68   73   78
   81   85   88   90   90   89   87   84   81   79   79   80   82   88   97  110
  128  149  171  193  214  234  254  272  287  301  313  326  338  350  361  371
  382  393  408  425  445  464  482  497  509  518  522  520  510  489  460  422
  377  333  290  248  219  187  180  166  117                                   
    17.5-180.0 180.0   5.0 450.0                            LAT/LON1/LON2/DLON/H
  151  134  113   95   83   74   66   59   54   52   52   54   58   63   68   72
   75   78   81   83   84   85   85   85   84   83   83   84   87   92  103  118
  138  160  183  206  228  251  272  291  308  323  337  351  364  377  390  401
  412  424  438  455  472  488  504  516  527  535  540  541  534  517  491  456
  414  372  330  290  260  228  219  205  151                                   
    15.0-180.0 180.0   5.0 450.0                            LAT/LON1/LON2/DLON/H
  185  169  149  128  112  100   89   79   72   67   63   62   63   65   67   69
   71   73   75   76   79   81   84   86   87   87   87   88   90   97  108  125
  146  169  193  217  240  264  287  308  326  342  357  372  386  400  413  424
  436  447  460  472  485  495  504  510  517  523  529  531  528  516  494  465
  429  392  355  320  292  262  251  238  185                                   
    12.5-180.0 180.0   5.0 450.0                            LAT/LON1/LON2/DLON/H
  213  198  181  159  141  126  113  103   94   87   80   75   73   72   72   72
   71   71   72   73   75   79   84   88   91   91   91   91   94  101  114  132
  154  178  202  225  249  274  298  319  338  355  371  387  402  416  428  440
  451  462  471  479  485  488  488  488  489  493  498  502  501  493  477  453
  424  395  364  336  311  283  272  260  213                                   
    10.0-180.0 180.0   5.0 450.0                            LAT/LON1/LON2/DLON/H
  231  216  204  181  164  147  135  125  115  107   98   91   86   83   81   78
   76   74   73   74   76   80   86   91   94   94   94   94   98  107  121  140
  162  185  208  231  255  279  303  325  344  362  379  396  411  424  436  447
  458  467  473  477  477  473  467  462  459  460  463  466  466  460  448  431
  409  387  362  339  319  293  280  269  231                                   
     7.5-180.0 180.0   5.0 450.0                            LAT/LON1/LON2/DLON/H
  240  224  214  191  178  160  149  140  132  124  115  107  101   96   92   88
   84   81   79   79   81   86   91   95   97   96   96   98  103  113  128  147
