data/edconvlstm_nd/pred3110.15i
     1.0            IONOSPHERE MAPS     GNSS                IONEX VERSION / TYPE
pyspatialgeodesy        IME             05-JAN-18 20:20     PGM / RUN BY / DATE 
Map Name                                                    COMMENT             
Predicted global ionosphere maps (GIM).                     DESCRIPTION         
  2015    11     7     0     0     0                        EPOCH OF FIRST MAP  
  2015    11     8     0     0     0                        EPOCH OF LAST MAP   
  7200                                                      INTERVAL            
    13                                                      # OF MAPS IN FILE   
  NONE                                                      MAPPING FUNCTION    
10.0                                                        ELEVATION CUTOFF    
One-way carrier phase leveled to code                       OBSERVABLES USED    
  6371.0                                                    BASE RADIUS         
 2                                                          MAP DIMENSION       
   450.0 450.0   0.0                                        HGT1 / HGT2 / DHGT  
    87.5 -87.5  -2.5                                        LAT1 / LAT2 / DLAT  
  -180.0 180.0   5.0                                        LON1 / LON2 / DLON  
    -1                                                      EXPONENT            
                                                            END OF HEADER       
[from data line 1287]
     4                                                      START OF TEC MAP    
  2015    11     7     6     0     0                        EPOCH OF CURRENT MAP
    87.5-180.0 180.0   5.0 450.0                            LAT/LON1/LON2/DLON/H
   38   46   41   45   45   45   45   42   43   44   44   45   45   45   45   45
   45   44   44   43   43   42   42   41   41   41   40   40   40   39   39   39
   39   39   39   39   38   38   38   38   38   39   39   39   39   39   39   39
   39   39   39   38   38   38   37   37   36   36   35   35   35   34   33   34
   35   35   33   34   39   49   58   54   38                                   
    85.0-180.0 180.0   5.0 450.0                            LAT/LON1/LON2/DLON/H
   24   48   44   46   49   52   52   52   53   54   54   55   55   55   55   55
   54   54   53   52   52   51   51   50   50   50   50   49   49   49   49   50
   50   50   50   51   51   52   52   53   53   54   54   54   54   54   54   54
   54   53   53   52   51   50   49   49   48   47   46   45   44   43   42   42
   43   43   39   42   46   48   59   52   24                                   
    82.5-180.0 180.0   5.0 450.0                            LAT/LON1/LON2/DLON/H
   24   33   45   43   44   48   49   49   51   52   52   53   54   53   53   52
   51   50   49   48   47   46   45   44   43   43   43   43   43   43   44   44
   45   46   47   48   49   50   51   53   54   56   57   58   59   59   59   59
   59   58   57   56   55   54   52   51   49   47   46   44   43   41   40   39
   39   38   35   35   47   40   42   42   24                                   
    80.0-180.0 180.0   5.0 450.0                            LAT/LON1/LON2/DLON/H
   29   31   40   37   43   44   46   46   48   50   50   52   52   51   50   49
   47   46   44   42   40   39   38   37   36   36   35   36   36   37   38   39
   40   42   44   46   48   50   53   55   58   60   63   64   66   67   68   68
   68   67   66   65   63   61   60   58   56   54   51   49   47   45   43   41
   39   37   37   36   45   39   39   40   29                                   
    77.5-180.0 180.0   5.0 450.0                            LAT/LON1/LON2/DLON/H
   37   34   36   32   35   38   40   41   44   45   45   47   47   47   46   44
   42   40   38   36   34   32   30   29   28   28   28   28   28   29   30   32
   34   36   38   41   43   47   50   54   58   61   64   67   70   72   73   74
   75   75   75   74   73   72   70   69   67   65   63   60   57   55   51   49
   45   43   39   38   39   27   29   32   37                                   
    75.0-180.0 180.0   5.0 450.0                            LAT/LON1/LON2/DLON/H
   33   34   34   31   32   36   39   39   41   42   42   43   43   42   40   38
   36   34   32   30   28   27   26   25   24   24   25   25   26   27   28   29
   31   32   34   37   40   43   47   50   55   59   63   67   70   73   75   77
   79   80   81   82   82   82   81   81   80   78   77   75   72   69   66   62
   58   54   50   44   43   31   32   30   33                                   
    72.5-180.0 180.0   5.0 450.0                            LAT/LON1/LON2/DLON/H
   38   37   35   31   33   38   41   41   42   43   42   43   42   41   39   37
   35   33   31   29   28   27   26   26   26   26   27   28   29   30   30   31
   32   33   35   37   39   42   46   50   55   60   65   69   74   78   81   85
   88   90   93   95   97   98   99   99   99   98   97   95   92   89   86   82
   77   72   68   61   56   42   40   40   38                                   
    70.0-180.0 180.0   5.0 450.0                            LAT/LON1/LON2/DLON/H
   46   41   42   38   38   42   44   44   44   44   43   43   42   40   38   36
   34   32   31   29   29   28   28   29   30   31   33   34   35   36   36   36
   36   36   37   38   39   42   45   49   54   59   65   70   76   81   85   90
   95   99  104  107  111  114  115  116  116  116  114  112  109  106  102   98
   94   88   84   76   69   56   54   51   46                                   
    67.5-180.0 180.0   5.0 450.0                            LAT/LON1/LON2/DLON/H
   50   45   44   41   41   44   46   46   46   45   43   43   41   39   38   36
   34   33   31   30   30   30   31   32   34   36   38   39   40   41   40   39
   38   37   36   36   37   38   41   45   49   55   61   68   74   80   86   92
   98  105  111  116  121  125  127  128  127  126  123  120  116  112  108  105
  100   94   91   84   77   65   60   57   50                                   
    65.0-180.0 180.0   5.0 450.0                            LAT/LON1/LON2/DLON/H
   55   48   47   44   44   46   49   49   49   48   46   45   43   42   40   39
   37   36   35   34   34   34   35   37   39   42   44   45   46   45   44   42
   40   38   36   35   35   36   39   43   48   54   61   69   76   83   90   97
  105  113  120  127  133  138  140  140  138  135  131  126  122  116  111  107
  102   97   94   87   82   72   66   64   55                                   
    62.5-180.0 180.0   5.0 450.0                            LAT/LON1/LON2/DLON/H
   57   50   48   46   46   48   50   51   52   51   49   49   47   46   44   43
   42   41   39   38   38   38   39   40   42   44   46   47   47   46   45   42
   40   38   36   34   34   35   38   42   48   56   64   72   80   88   96  104
  112  122  131  139  146  151  153  152  148  143  137  131  125  118  112  106
  101   95   93   87   83   73   68   66   57                                   
    60.0-180.0 180.0   5.0 450.0                            LAT/LON1/LON2/DLON/H
   60   50   47   44   44   45   48   50   50   50   49   49   48   48   47   46
   45   44   42   40   39   38   38   39   41   42   43   43   43   42   40   38
   36   34   32   32   32   33   37   42   49   58   67   76   85   93  101  110
  120  130  140  150  158  163  164  162  157  150  142  135  127  120  112  106
   99   92   91   85   83   72   66   64   60                                   
    57.5-180.0 180.0   5.0 450.0                            LAT/LON1/LON2/DLON/H
   63   50   46   42   42   43   45   47   48   48   48   49   49   49   50   49
   49   47   44   42   39   38   37   37   37   38   38   38   37   35   34   32
   31   31   30   30   31   34   38   45   53   63   74   84   93  102  110  119
  129  141  152  163  171  176  177  174  168  160  152  144  137  129  120  113
  104   96   94   89   87   74   68   64   63                                   
    55.0-180.0 180.0   5.0 450.0                            LAT/LON1/LON2/DLON/H
   69   53   48   42   42   41   43   44   45   45   45   47   48   49   50   51
   50   48   45   42   38   36   35   34   34   33   33   32   30   29   28   27
   27   28   29   31   33   36   42   49   59   70   82   93  103  112  120  130
  140  152  164  175  184  189  190  187  181  173  165  158  152  144  136  127
  117  108  105   99   95   81   75   69   69                                   
    52.5-180.0 180.0   5.0 450.0                            LAT/LON1/LON2/DLON/H
   79   61   54   47   45   44   44   43   43   42   43   44   46   48   49   50
   50   48   45   41   37   35   33   32   32   31   30   28   27   25   24   25
   26   29   31   34   37   41   47   56   67   79   92  104  114  124  133  142
  152  164  176  188  197  202  203  200  194  187  181  176  171  165  157  148
  137  127  122  114  109   94   88   80   79                                   
    50.0-180.0 180.0   5.0 450.0                            LAT/LON1/LON2/DLON/H
   93   74   65   58   54   52   50   46   44   42   42   43   45   46   48   49
   48   46   43   40   37   34   33   33   33   32   31   29   27   26   25   26
   29   32   36   40   44   49   55   64   76   90  103  116  127  137  146  155
  165  176  187  199  208  213  214  211  206  200  195  192  190  186  179  171
  160  149  142  132  126  112  106   98   93                                   
    47.5-180.0 180.0   5.0 450.0                            LAT/LON1/LON2/DLON/H
  109   91   81   75   69   67   62   56   50   47   44   45   45   47   48   48
   47   45   42   39   37   36   36   37   37   37   36   34   32   30   30   31
   34   39   44   49   53   58   65   75   87  101  115  129  141  151  160  169
  178  188  198  208  217  222  223  219  214  209  206  204  203  201  196  189
  178  167  158  147  142  129  125  117  109                                   
    45.0-180.0 180.0   5.0 450.0                            LAT/LON1/LON2/DLON/H
  122  107   98   94   88   85   79   70   62   56   52   50   49   49   49   48
   46   44   41   39   38   39   41   43   44   44   43   42   40   38   37   39
   42   47   53   58   63   69   76   86   98  113  128  142  154  165  175  183
  191  199  207  216  223  228  228  225  219  213  210  209  209  207  203  197
  187  176  166  155  150  139  137  131  122                                   
    42.5-180.0 180.0   5.0 450.0                            LAT/LON1/LON2/DLON/H
  127  115  108  108  104  103   96   86   77   69   63   60   58   56   54   51
   48   45   42   41   42   44   48   51   52   53   52   50   48   46   46   47
   50   55   61   66   72   78   86   97  110  125  140  154  167  179  189  196
  203  209  215  222  229  233  232  228  221  214  209  207  206  204  200  194
  185  173  164  152  147  138  137  134  127                                   
    40.0-180.0 180.0   5.0 450.0                            LAT/LON1/LON2/DLON/H
  121  112  107  110  110  111  107   99   91   82   76   73   69   66   62   58
   53   49   47   46   48   51   55   58   60   60   59   57   55   53   53   53
   56   61   66   73   79   87   96  108  122  137  152  166  180  191  201  209
  214  219  223  229  234  237  237  232  224  216  209  205  202  197  191  185
  175  163  153  142  136  126  125  123  121                                   
    37.5-180.0 180.0   5.0 450.0                            LAT/LON1/LON2/DLON/H
  107   97   93   97  102  106  106  102   97   91   87   84   81   78   73   68
   62   57   54   54   55   58   62   64   65   64   63   61   60   58   57   58
   60   64   70   77   85   94  105  118  133  149  164  178  190  202  212  220
  225  228  232  237  242  246  246  242  234  225  217  210  204  196  187  179
  168  155  144  132  124  110  107  105  107                                   
    35.0-180.0 180.0   5.0 450.0                            LAT/LON1/LON2/DLON/H
   89   75   71   76   82   89   93   94   93   91   90   90   90   88   84   79
   74   69   65   63   64   66   68   69   68   67   65   63   62   61   60   61
   62   66   72   79   88   99  112  127  143  159  174  188  201  212  223  231
  236  240  244  250  257  263  265  263  257  250  241  232  222  211  199  188
  174  159  147  132  120   98   93   89   89                                   
    32.5-180.0 180.0   5.0 450.0                            LAT/LON1/LON2/DLON/H
   75   55   48   52   59   66   72   77   80   82   84   89   92   93   92   89
   85   80   76   74   72   72   73   72   71   68   66   64   63   63   62   63
   64   67   72   80   90  102  118  135  152  169  184  198  211  223  234  243
  249  255  261  270  280  290  296  298  296  292  285  275  263  248  233  219
  203  186  172  151  135  103   94   85   75                                   
    30.0-180.0 180.0   5.0 450.0                            LAT/LON1/LON2/DLON/H
   73   44   32   33   38   44   50   56   62   66   72   79   86   91   94   94
   93   89   86   82   80   78   77   76   74   71   69   66   65   65   64   65
   65   67   72   79   90  104  121  140  159  178  194  209  222  235  247  258
  267  275  286  298  313  327  338  345  349  348  344  336  323  307  289  273
  255  237  220  193  173  131  119  101   73                                   
    27.5-180.0 180.0   5.0 450.0                            LAT/LON1/LON2/DLON/H
   89   50   30   24   25   28   33   39   44   50   56   65   74   83   89   93
   95   93   91   87   85   83   82   81   79   76   73   70   68   67   67   67
   67   68   72   79   90  105  123  144  165  186  204  221  236  250  264  277
  289  302  316  334  353  371  387  400  409  414  415  410  398  382  364  347
  327  308  288  255  231  182  166  140   89                                   
    25.0-180.0 180.0   5.0 450.0                            LAT/LON1/LON2/DLON/H
  128   80   50   34   28   25   26   29   33   37   43   52   61   71   79   86
   90   91   89   87   85   85   85   86   85   83   80   76   73   72   71   71
   70   70   72   78   89  105  125  147  171  194  215  234  252  268  284  300
  315  332  352  373  396  419  439  457  471  483  489  488  481  467  450  433
  414  395  371  332  305  250  229  202  128                                   
    22.5-180.0 180.0   5.0 450.0                            LAT/LON1/LON2/DLON/H
  190  139   99   71   54   42   34   31   31   33   37   44   52   60   68   75
   79   82   82   82   82   84   88   91   92   91   87   83   79   77   76   76
   74   73   73   78   89  106  127  151  177  202  227  250  271  290  308  326
  344  365  388  413  439  464  487  509  528  545  556  561  558  548  534  519
  502  484  458  416  384  328  303  280  190                                   
    20.0-180.0 180.0   5.0 450.0                            LAT/LON1/LON2/DLON/H
  270  220  175  139  109   85   65   53   45   42   42   45   49   54   59   64
   68   70   72   74   77   82   89   95   98   98   95   89   85   82   82   81
   79   76   75   80   91  108  130  156  184  212  241  267  291  312  332  352
  374  397  423  449  476  502  527  549  571  591  606  615  616  610  600  587
  573  558  533  494  454  404  381  363  270                                   
    17.5-180.0 180.0   5.0 450.0                            LAT/LON1/LON2/DLON/H
  353  310  266  228  186  152  120   97   80   68   61   58   56   57   58   59
   60   61   63   66   72   80   89   97  102  103   99   94   89   87   86   85
   82   79   77   81   93  112  136  163  192  223  254  284  310  334  355  377
  400  425  452  478  505  528  551  572  593  613  629  639  642  639  631  621
  610  598  578  546  505  464  450  436  353                                   
    15.0-180.0 180.0   5.0 450.0                            LAT/LON1/LON2/DLON/H
  421  389  352  318  269  230  190  159  134  113   97   85   76   70   65   62
   60   58   59   63   70   80   90   98  103  104  102   97   92   90   89   88
   85   81   80   84   97  117  142  171  201  233  266  297  326  351  374  397
  421  447  473  498  521  541  559  576  592  608  621  630  633  631  625  616
  607  598  586  563  529  500  495  485  421                                   
    12.5-180.0 180.0   5.0 450.0                            LAT/LON1/LON2/DLON/H
  461  437  411  383  334  297  257  226  197  171  146  126  109   95   84   75
   68   64   64   67   74   83   92  100  104  105  102   98   94   92   91   90
   87   83   83   89  103  124  150  179  209  242  275  306  335  361  385  409
  434  459  484  506  526  541  552  563  572  582  590  596  598  597  592  585
  577  572  565  552  531  513  512  504  461                                   
    10.0-180.0 180.0   5.0 450.0                            LAT/LON1/LON2/DLON/H
  473  449  431  406  366  334  302  278  253  227  200  173  149  129  112   98
   87   80   77   78   83   91   98  103  105  105  102   99   96   94   93   91
   89   86   87   94  109  131  157  186  215  247  279  310  338  365  389  414
  438  462  484  504  519  529  535  538  541  545  549  553  555  555  552  546
  540  537  534  529  519  510  507  502  473                                   
     7.5-180.0 180.0   5.0 450.0                            LAT/LON1/LON2/DLON/H
  466  439  420  395  365  338  317  303  288  268  244  217  191  167  146  129
  115  104   98   96   99  104  107  109  108  106  104  101   98   96   95   93
