data/edconvlstm_nd/pred1090.15i
     1.0            IONOSPHERE MAPS     GNSS                IONEX VERSION / TYPE
pyspatialgeodesy        IME             05-JAN-18 20:20     PGM / RUN BY / DATE 
Map Name                                                    COMMENT             
Predicted global ionosphere maps (GIM).                     DESCRIPTION         
  2015     4    19     0     0     0                        EPOCH OF FIRST MAP  
  2015     4    20     0     0     0                        EPOCH OF LAST MAP   
  7200                                                      INTERVAL            
    13                                                      # OF MAPS IN FILE   
  NONE                                                      MAPPING FUNCTION    
10.0                                                        ELEVATION CUTOFF    
One-way carrier phase leveled to code                       OBSERVABLES USED    
  6371.0                                                    BASE RADIUS         
 2                                                          MAP DIMENSION       
   450.0 450.0   0.0                                        HGT1 / HGT2 / DHGT  
    87.5 -87.5  -2.5                                        LAT1 / LAT2 / DLAT  
  -180.0 180.0   5.0                                        LON1 / LON2 / DLON  
    -1                                                      EXPONENT            
                                                            END OF HEADER       
[from data line 1716]
     5                                                      START OF TEC MAP    
  2015     4    19     8     0     0                        EPOCH OF CURRENT MAP
    87.5-180.0 180.0   5.0 450.0                            LAT/LON1/LON2/DLON/H
  167  164  162  170  172  174  175  175  179  183  186  189  191  193  195  197
  199  200  201  202  202  202  202  202  201  200  200  199  198  196  195  194
  193  192  191  189  188  187  185  183  182  180  178  176  173  171  169  167
  165  163  161  159  158  157  155  154  154  153  152  152  152  151  151  151
  152  154  153  153  158  158  163  162  167                                   
    85.0-180.0 180.0   5.0 450.0                            LAT/LON1/LON2/DLON/H
  161  162  165  168  170  175  179  182  186  191  193  197  200  203  205  208
  210  211  212  213  214  214  213  213  212  211  210  209  208  207  206  205
  204  203  202  200  199  198  197  195  193  191  189  187  185  182  180  177
  175  172  170  168  166  164  163  162  161  160  159  158  158  158  157  157
  158  160  156  157  154  157  160  163  161                                   
    82.5-180.0 180.0   5.0 450.0                            LAT/LON1/LON2/DLON/H
  153  157  158  156  157  163  167  171  176  181  185  189  193  196  199  202
  204  206  207  207  208  207  206  205  204  202  201  200  198  197  197  196
  196  196  196  196  195  195  194  194  192  191  189  187  185  182  180  177
  174  171  169  166  164  162  160  159  158  157  156  156  156  155  154  154
  154  154  149  151  151  154  155  151  153                                   
    80.0-180.0 180.0   5.0 450.0                            LAT/LON1/LON2/DLON/H
  150  150  148  148  148  152  156  162  168  173  177  183  187  190  194  197
  199  200  201  202  201  200  199  197  194  192  190  188  187  186  187  187
  189  190  192  193  195  196  198  198  199  198  198  197  195  193  191  188
  186  183  180  178  175  174  172  171  170  170  170  169  169  169  168  168
  167  165  159  160  157  158  162  150  150                                   
    77.5-180.0 180.0   5.0 450.0                            LAT/LON1/LON2/DLON/H
  153  146  145  144  140  143  147  151  157  161  165  170  174  177  180  182
  184  186  186  187  186  184  182  179  176  174  171  170  169  169  171  174
  178  182  187  191  196  200  204  208  210  213  214  215  215  214  212  210
  208  205  203  200  198  196  194  193  193  193  193  194  194  194  194  193
  191  188  180  179  176  170  168  162  153                                   
    75.0-180.0 180.0   5.0 450.0                            LAT/LON1/LON2/DLON/H
  157  151  143  141  135  137  139  141  146  150  153  157  159  161  163  164
  166  167  168  168  168  166  164  160  157  153  151  149  149  151  155  160
  166  173  181  188  196  204  211  218  224  229  233  236  238  239  238  237
  235  232  230  227  224  222  220  219  218  218  219  220  221  222  222  222
  220  217  209  202  195  190  184  174  157                                   
    72.5-180.0 180.0   5.0 450.0                            LAT/LON1/LON2/DLON/H
  164  157  148  142  134  133  134  136  139  142  144  146  147  147  147  148
  148  150  151  152  152  151  149  146  142  139  136  135  135  138  143  150
  159  168  178  189  199  210  220  230  239  247  253  259  263  265  266  265
  263  260  256  253  249  245  242  240  238  238  239  240  241  243  244  245
  244  241  235  228  219  211  203  195  164                                   
    70.0-180.0 180.0   5.0 450.0                            LAT/LON1/LON2/DLON/H
  176  164  153  143  131  128  127  128  131  134  135  136  135  133  132  131
  131  133  135  137  139  139  137  134  131  127  124  123  124  128  134  143
  153  163  175  187  199  212  225  237  249  260  270  277  283  286  288  287
  284  281  276  270  264  258  253  249  246  244  243  244  246  247  249  251
  252  251  247  242  234  227  221  214  176                                   
    67.5-180.0 180.0   5.0 450.0                            LAT/LON1/LON2/DLON/H
  180  168  155  143  129  123  121  122  124  127  128  129  127  124  121  119
  119  121  125  128  131  132  132  129  126  122  119  118  120  124  131  140
  150  162  173  186  199  213  227  242  256  270  282  292  299  303  305  303
  300  294  287  280  271  262  255  248  243  239  238  237  238  240  242  244
  246  247  246  243  238  234  227  222  180                                   
    65.0-180.0 180.0   5.0 450.0                            LAT/LON1/LON2/DLON/H
  183  171  157  142  125  116  112  113  116  120  122  123  120  117  113  111
  111  113  117  122  125  128  128  125  122  119  117  116  118  123  131  140
  150  161  172  184  197  212  228  245  262  278  293  305  313  318  319  317
  313  306  297  287  276  265  255  245  238  233  229  228  227  228  229  231
  233  234  235  234  234  234  229  225  183                                   
    62.5-180.0 180.0   5.0 450.0                            LAT/LON1/LON2/DLON/H
  183  172  158  139  119  107  101  101  105  110  113  115  114  110  107  104
  104  107  111  116  120  122  122  120  117  114  113  113  116  122  129  138
  148  159  169  181  193  208  225  244  264  283  300  314  324  329  330  328
  323  315  306  294  282  270  257  246  237  230  225  222  219  218  217  217
  218  219  220  221  224  227  225  221  183                                   
    60.0-180.0 180.0   5.0 450.0                            LAT/LON1/LON2/DLON/H
  185  175  160  137  114   97   89   87   90   95  100  104  104  102   99   98
   98  101  105  109  112  113  112  110  108  106  105  107  111  117  125  135
  144  154  164  175  188  204  222  243  265  287  307  323  334  340  341  339
  334  327  318  307  295  282  269  257  246  238  232  227  223  219  215  213
  211  209  210  211  217  222  221  215  185                                   
    57.5-180.0 180.0   5.0 450.0                            LAT/LON1/LON2/DLON/H
  193  184  169  140  115   93   81   75   76   81   86   91   93   93   92   92
   93   95   98  100  101  101  100   98   96   95   96   99  104  111  120  129
  140  150  160  171  184  200  220  243  268  292  314  332  345  352  355  355
  351  345  338  328  317  305  293  281  270  261  254  248  243  237  230  224
  218  214  213  212  218  223  222  214  193                                   
    55.0-180.0 180.0   5.0 450.0                            LAT/LON1/LON2/DLON/H
  207  200  186  153  125   98   81   70   67   68   73   78   81   83   84   86
   87   89   91   91   90   88   86   84   83   84   86   89   95  103  113  123
  134  145  156  168  182  199  220  244  271  297  322  342  357  367  372  374
  373  370  366  359  349  339  327  315  305  296  289  282  275  267  258  250
  240  233  228  225  229  233  231  220  207                                   
    52.5-180.0 180.0   5.0 450.0                            LAT/LON1/LON2/DLON/H
  228  224  211  175  147  116   93   75   66   63   64   68   72   75   78   81
   83   84   84   83   81   78   76   74   74   75   78   83   89   97  107  119
  131  143  155  169  183  201  223  248  275  304  330  352  370  383  392  397
  400  401  399  394  387  378  367  355  345  336  328  321  314  305  294  284
  272  262  254  247  248  249  246  233  228                                   
    50.0-180.0 180.0   5.0 450.0                            LAT/LON1/LON2/DLON/H
  251  249  237  203  177  146  117   93   77   67   64   65   67   71   75   78
   81   82   81   79   75   72   70   69   70   72   76   80   86   95  105  117
  131  144  158  172  188  206  228  253  281  310  338  363  384  401  413  422
  429  433  434  431  426  417  405  393  382  372  364  356  348  338  328  317
  306  295  284  274  270  268  263  250  251                                   
    47.5-180.0 180.0   5.0 450.0                            LAT/LON1/LON2/DLON/H
  270  270  259  231  210  181  151  122   98   82   73   70   70   73   76   80
   82   82   81   78   75   72   71   71   73   75   79   83   89   97  108  121
  134  149  163  178  194  213  234  259  287  316  345  373  397  417  433  446
  456  462  465  464  458  448  435  421  408  396  386  376  367  358  349  340
  331  321  310  297  289  283  277  265  270                                   
    45.0-180.0 180.0   5.0 450.0                            LAT/LON1/LON2/DLON/H
  277  278  269  251  236  213  184  154  127  105   90   83   80   81   83   85
   86   86   85   83   81   79   78   79   81   84   87   91   96  104  115  128
  142  156  171  186  202  220  241  266  293  322  352  381  408  431  451  467
  478  486  489  488  481  469  454  437  421  406  393  381  370  361  353  347
  341  335  326  311  300  291  283  272  277                                   
    42.5-180.0 180.0   5.0 450.0                            LAT/LON1/LON2/DLON/H
  271  270  264  256  249  233  210  183  155  131  113  102   96   94   94   94
   94   94   93   93   91   90   90   91   93   95   97  101  106  114  125  137
  151  165  179  193  209  228  248  272  299  328  358  389  418  444  466  483
  496  505  509  507  499  486  469  449  429  411  395  380  366  354  346  342
  339  336  329  315  301  288  280  269  271                                   
    40.0-180.0 180.0   5.0 450.0                            LAT/LON1/LON2/DLON/H
  252  248  243  242  242  234  219  199  175  153  135  123  116  112  109  107
  105  104  104  105  105  104  103  103  104  105  107  110  116  124  135  148
  160  173  186  200  217  235  256  279  305  334  365  396  427  455  480  499
  514  523  529  528  522  509  492  471  450  430  410  391  372  355  344  338
  335  333  327  312  296  279  269  256  252                                   
    37.5-180.0 180.0   5.0 450.0                            LAT/LON1/LON2/DLON/H
  230  216  211  211  216  215  210  199  183  166  152  142  135  130  126  121
  118  116  117  118  119  118  116  113  112  112  114  117  123  133  144  157
  169  181  193  207  224  243  264  287  313  341  373  405  438  468  495  517
  534  548  557  561  559  550  536  518  498  478  455  431  406  383  364  353
  345  341  333  315  295  272  259  241  230                                   
    35.0-180.0 180.0   5.0 450.0                            LAT/LON1/LON2/DLON/H
  214  188  179  175  181  183  186  184  177  168  161  155  151  147  142  136
  132  130  131  133  133  130  125  121  117  116  117  121  128  138  150  163
  175  187  200  215  233  253  274  298  323  352  383  417  450  483  513  540
  563  582  598  610  616  616  609  597  582  563  540  512  481  449  421  400
  385  374  360  335  311  281  262  237  214                                   
    32.5-180.0 180.0   5.0 450.0                            LAT/LON1/LON2/DLON/H
  215  176  159  147  149  151  158  162  163  161  161  162  162  160  156  152
  147  145  146  147  146  141  134  127  121  119  120  124  131  141  154  167
  180  193  207  224  244  266  288  311  336  365  396  431  466  502  537  571
  601  630  655  678  695  706  710  708  699  685  663  634  597  557  518  486
  460  439  416  382  352  313  287  256  215                                   
    30.0-180.0 180.0   5.0 450.0                            LAT/LON1/LON2/DLON/H
  241  191  164  140  134  131  138  143  148  152  157  163  167  169  168  165
  163  161  162  162  159  153  143  134  127  123  123  126  133  143  156  171
  185  200  217  237  260  283  306  329  354  382  413  448  486  526  567  608
  648  686  723  757  788  812  828  837  838  830  812  783  743  696  648  604
  567  535  502  458  422  375  338  301  241                                   
    27.5-180.0 180.0   5.0 450.0                            LAT/LON1/LON2/DLON/H
  296  236  198  163  146  137  137  141  144  150  157  165  171  176  178  178
  177  177  177  177  173  166  156  145  137  132  130  132  137  146  160  175
  192  210  231  254  280  305  328  351  375  402  434  469  509  553  600  649
  698  746  792  838  879  915  943  963  973  973  959  932  892  842  790  739
  692  653  610  558  515  460  413  372  296                                   
    25.0-180.0 180.0   5.0 450.0                            LAT/LON1/LON2/DLON/H
  376  311  263  217  188  172  164  161  159  161  166  172  178  183  187  189
  191  192  192  191  188  182  172  161  152  146  142  141  143  151  163  180
  200  222  247  274  303  330  354  376  399  426  457  493  534  580  632  687
  742  797  851  904  953  996 1031 1058 1075 1081 1072 1049 1013  968  917  864
  814  772  724  667  619  559  502  461  376                                   
    22.5-180.0 180.0   5.0 450.0                            LAT/LON1/LON2/DLON/H
  471  402  348  296  258  236  217  206  195  190  188  189  191  193  197  200
  203  204  204  204  203  199  192  182  173  164  157  151  150  155  167  186
  209  235  265  296  327  355  379  401  425  451  482  518  559  606  660  717
  775  834  891  946  997 1041 1078 1107 1127 1136 1133 1116 1088 1050 1006  958
  911  871  824  764  715  653  593  557  471                                   
    20.0-180.0 180.0   5.0 450.0                            LAT/LON1/LON2/DLON/H
  560  491  438  389  347  320  292  271  251  236  224  216  210  208  209  211
  213  213  213  213  215  215  212  205  195  183  172  163  158  160  171  191
  217  249  283  317  350  379  403  425  449  476  508  543  584  630  683  739
  797  854  909  960 1006 1044 1077 1104 1124 1135 1137 1128 1108 1080 1047 1008
  968  934  892  832  784  723  667  643  560                                   
    17.5-180.0 180.0   5.0 450.0                            LAT/LON1/LON2/DLON/H
  625  560  516  477  436  408  375  346  317  292  270  252  237  228  223  222
  222  220  218  219  223  228  229  225  214  200  185  171  163  162  172  194
  224  260  298  334  368  397  422  446  471  500  533  568  608  652  702  754
  807  857  904  945  979 1006 1030 1051 1069 1082 1088 1087 1078 1062 1041 1014
  985  958  923  864  817  757  708  701  625                                   
    15.0-180.0 180.0   5.0 450.0                            LAT/LON1/LON2/DLON/H
  660  600  568  543  509  483  450  416  382  350  320  293  269  252  241  235
  230  225  221  221  227  234  239  237  226  210  192  174  162  159  170  194
  229  269  308  346  380  410  437  463  492  523  556  592  630  672  717  762
  806  846  879  904  922  935  947  960  975  989 1002 1010 1013 1010 1002  988
  968  948  918  860  814  754  713  720  660                                   
    12.5-180.0 180.0   5.0 450.0                            LAT/LON1/LON2/DLON/H
  669  612  592  580  557  535  504  470  435  401  367  333  303  279  262  251
  241  230  222  220  225  234  240  239  228  211  190  169  155  153  166  194
  232  274  314  352  386  418  448  477  509  542  576  612  649  687  727  765
  799  825  843  852  853  852  853  860  872  888  906  923  937  946  950  946
  933  917  889  830  782  722  688  706  669                                   
    10.0-180.0 180.0   5.0 450.0                            LAT/LON1/LON2/DLON/H
  661  606  595  595  581  564  537  505  472  439  405  369  335  306  284  268
  253  237  224  218  220  228  234  232  220  201  179  159  146  147  164  195
  234  276  315  353  388  421  454  486  519  553  588  624  660  696  732  764
  789  806  812  809  799  788  782  784  793  810  831  854  876  893  904  905
  897  880  849  788  738  677  647  671  661                                   
     7.5-180.0 180.0   5.0 450.0                            LAT/LON1/LON2/DLON/H
  650  596  591  598  592  580  556  526  497  467  434  399  362  331  306  286
  267  247  229  217  215  219  222  218  204  185  165  148  140  144  163  195
