data/edconvlstm_nd/pred1160.15i
     1.0            IONOSPHERE MAPS     GNSS                IONEX VERSION / TYPE
pyspatialgeodesy        IME             05-JAN-18 20:20     PGM / RUN BY / DATE 
Map Name                                                    COMMENT             
Predicted global ionosphere maps (GIM).                     DESCRIPTION         
  2015     4    26     0     0     0                        EPOCH OF FIRST MAP  
  2015     4    27     0     0     0                        EPOCH OF LAST MAP   
  7200                                                      INTERVAL            
    13                                                      # OF MAPS IN FILE   
  NONE                                                      MAPPING FUNCTION    
10.0                                                        ELEVATION CUTOFF    
One-way carrier phase leveled to code                       OBSERVABLES USED    
  6371.0                                                    BASE RADIUS         
 2                                                          MAP DIMENSION       
   450.0 450.0   0.0                                        HGT1 / HGT2 / DHGT  
    87.5 -87.5  -2.5                                        LAT1 / LAT2 / DLAT  
  -180.0 180.0   5.0                                        LON1 / LON2 / DLON  
    -1                                                      EXPONENT            
                                                            END OF HEADER       
[from data line 5148]
    13                                                      START OF TEC MAP    
  2015     4    27     0     0     0                        EPOCH OF CURRENT MAP
    87.5-180.0 180.0   5.0 450.0                            LAT/LON1/LON2/DLON/H
  236  252  261  248  247  249  246  247  247  246  247  247  248  248  248  247
  247  247  246  245  244  242  241  239  238  236  235  233  232  231  230  229
  229  229  229  229  229  230  230  231  231  232  232  233  233  234  234  234
  234  234  235  235  235  236  236  237  237  238  239  239  240  240  241  241
  242  244  246  250  253  250  244  270  236                                   
    85.0-180.0 180.0   5.0 450.0                            LAT/LON1/LON2/DLON/H
  263  263  265  259  264  265  263  263  264  264  265  266  266  267  267  267
  267  266  265  264  262  260  257  255  252  249  247  244  242  240  239  238
  237  237  238  239  240  241  242  243  245  246  247  248  248  249  249  249
  249  250  250  250  250  251  251  252  253  254  255  256  256  257  258  259
  260  261  265  270  266  267  268  280  263                                   
    82.5-180.0 180.0   5.0 450.0                            LAT/LON1/LON2/DLON/H
  264  266  266  262  267  267  266  267  270  271  273  275  277  279  280  280
  280  279  278  275  272  268  264  260  255  250  246  242  238  235  233  231
  230  230  231  232  234  236  238  241  243  245  247  248  249  249  250  250
  250  250  250  251  252  252  254  255  256  258  259  260  262  262  264  265
  265  267  269  271  270  261  266  263  264                                   
    80.0-180.0 180.0   5.0 450.0                            LAT/LON1/LON2/DLON/H
  252  261  256  250  254  257  260  263  267  270  274  278  282  285  287  288
  288  287  285  282  278  273  267  261  255  248  242  236  231  226  223  221
  219  220  221  223  226  229  232  235  238  241  243  244  244  244  244  244
  243  243  243  244  245  246  247  249  251  253  255  257  258  259  260  262
  262  263  263  262  264  256  264  263  252                                   
    77.5-180.0 180.0   5.0 450.0                            LAT/LON1/LON2/DLON/H
  248  249  247  244  244  247  252  257  263  268  274  280  286  291  294  296
  296  295  293  289  284  279  272  265  257  249  241  234  227  221  217  214
  212  212  214  217  220  225  229  233  236  239  240  240  240  239  238  237
  236  235  235  236  237  239  241  243  246  248  250  252  254  255  257  258
  258  259  257  255  259  256  257  264  248                                   
    75.0-180.0 180.0   5.0 450.0                            LAT/LON1/LON2/DLON/H
  250  248  245  241  239  242  247  252  260  265  273  281  288  293  296  298
  298  297  294  291  286  281  275  268  260  252  243  235  227  221  215  212
  210  210  211  215  219  223  228  232  235  236  237  236  234  232  230  228
  226  226  226  227  229  231  234  237  240  243  246  248  250  251  253  254
  255  256  255  250  254  255  257  268  250                                   
    72.5-180.0 180.0   5.0 450.0                            LAT/LON1/LON2/DLON/H
  248  252  250  243  238  239  243  249  257  264  272  280  287  291  294  294
  293  291  288  286  283  279  274  268  261  253  245  236  228  220  214  209
  207  206  207  210  214  218  222  226  228  228  227  225  222  218  215  213
  212  212  213  215  218  222  225  229  233  236  239  242  244  245  247  249
  250  252  253  250  255  255  260  273  248                                   
    70.0-180.0 180.0   5.0 450.0                            LAT/LON1/LON2/DLON/H
  254  257  256  249  242  241  244  249  257  264  273  281  287  290  290  288
  286  283  280  279  277  275  273  268  263  255  247  238  229  221  214  209
  205  203  203  204  207  210  212  214  215  214  211  208  204  200  197  195
  195  196  199  204  209  214  219  224  229  233  236  239  241  242  244  245
  247  249  252  252  259  262  268  280  254                                   
    67.5-180.0 180.0   5.0 450.0                            LAT/LON1/LON2/DLON/H
  262  268  266  257  248  245  247  251  258  265  274  282  287  288  286  282
  278  275  272  272  272  273  272  269  264  257  248  239  230  222  215  208
  203  199  197  195  195  196  197  197  196  194  190  186  181  178  175  175
  177  181  187  194  201  209  216  223  229  234  238  241  243  244  244  245
  246  248  252  253  262  267  274  286  262                                   
    65.0-180.0 180.0   5.0 450.0                            LAT/LON1/LON2/DLON/H
  269  275  273  265  254  249  249  252  259  266  274  282  286  286  282  277
  271  268  266  267  269  271  271  269  264  257  248  239  230  222  215  207
  201  194  188  184  180  178  177  175  173  170  166  161  157  154  153  154
  159  166  175  185  196  206  216  224  232  238  243  247  249  249  249  249
  249  250  253  255  263  269  278  289  269                                   
    62.5-180.0 180.0   5.0 450.0                            LAT/LON1/LON2/DLON/H
  274  281  280  271  261  254  251  253  259  265  273  280  284  283  279  274
  269  265  265  267  269  272  272  269  263  255  247  238  230  223  216  208
  199  190  180  172  166  161  158  155  153  149  145  140  136  133  134  137
  144  154  166  179  193  205  217  227  236  244  251  256  259  260  259  258
  256  256  258  259  264  270  279  290  274                                   
    60.0-180.0 180.0   5.0 450.0                            LAT/LON1/LON2/DLON/H
  277  285  284  277  267  259  255  254  259  263  270  276  280  280  277  273
  270  268  268  271  274  275  273  269  261  252  244  236  230  225  218  210
  199  187  174  163  153  147  143  140  137  134  129  125  121  119  120  124
  133  145  159  174  189  203  216  228  239  249  258  265  270  272  272  270
  267  265  265  263  265  269  278  289  277                                   
    57.5-180.0 180.0   5.0 450.0                            LAT/LON1/LON2/DLON/H
  281  290  289  282  275  267  261  259  261  263  267  271  275  276  275  274
  273  274  275  278  280  279  275  268  259  249  241  235  231  227  222  213
  200  186  170  156  145  138  134  131  129  126  122  117  113  111  112  118
  127  139  154  170  185  200  214  228  241  253  265  274  281  285  286  284
  280  277  275  270  268  269  278  289  281                                   
    55.0-180.0 180.0   5.0 450.0                            LAT/LON1/LON2/DLON/H
  288  297  297  292  288  280  274  270  268  266  267  268  270  272  274  276
  278  280  283  285  285  282  276  267  257  248  241  236  234  231  226  216
  202  185  168  153  142  135  132  130  129  126  123  118  114  112  113  117
  126  137  151  166  182  197  211  226  241  256  271  283  292  298  300  300
  296  292  288  280  276  275  282  295  288                                   
    52.5-180.0 180.0   5.0 450.0                            LAT/LON1/LON2/DLON/H
  301  309  310  307  306  302  297  290  285  277  272  269  269  270  273  278
  282  286  289  290  288  284  277  268  258  250  243  240  238  236  230  219
  203  185  167  152  143  138  136  136  136  134  130  126  122  119  119  123
  130  139  151  165  179  194  209  225  241  259  275  290  301  309  313  314
  312  309  305  295  290  286  293  308  301                                   
    50.0-180.0 180.0   5.0 450.0                            LAT/LON1/LON2/DLON/H
  319  326  328  328  331  331  328  320  311  298  286  277  272  272  275  280
  286  290  292  292  289  285  278  270  262  255  249  246  243  239  231  218
  201  182  165  153  146  143  144  146  146  145  142  138  134  132  132  134
  138  146  155  167  179  194  209  225  243  261  279  294  307  316  322  325
  326  325  322  313  310  306  313  329  319                                   
    47.5-180.0 180.0   5.0 450.0                            LAT/LON1/LON2/DLON/H
  343  349  352  355  361  366  366  359  346  327  308  293  283  280  281  285
  289  292  292  292  289  286  282  276  270  263  257  252  246  238  226  211
  193  176  162  153  150  150  153  156  158  157  155  153  150  148  147  149
  151  156  163  173  184  198  213  230  248  266  283  298  310  319  326  331
  335  337  338  332  333  329  338  356  343                                   
    45.0-180.0 180.0   5.0 450.0                            LAT/LON1/LON2/DLON/H
  369  374  378  383  391  400  404  399  386  363  338  317  302  295  293  294
  294  294  293  292  291  290  289  285  280  273  264  255  245  232  216  199
  182  168  158  153  154  157  162  166  169  170  169  168  167  166  166  166
  167  169  174  182  193  207  222  239  256  273  289  302  313  321  327  333
  339  345  350  349  355  354  365  384  369                                   
    42.5-180.0 180.0   5.0 450.0                            LAT/LON1/LON2/DLON/H
  393  400  404  409  418  429  436  435  423  399  373  348  329  317  311  307
  304  301  298  297  298  300  300  298  291  282  269  255  239  222  204  187
  172  162  156  156  160  166  172  177  180  182  184  184  185  185  184  184
  183  184  187  194  205  219  235  251  267  283  296  308  316  322  328  334
  342  351  359  364  374  377  391  411  393                                   
    40.0-180.0 180.0   5.0 450.0                            LAT/LON1/LON2/DLON/H
  416  425  427  431  439  451  459  460  452  431  406  381  361  346  336  327
  319  313  310  310  313  316  316  312  303  289  271  252  232  213  195  181
  170  164  163  166  172  178  184  190  194  198  201  203  204  203  202  200
  197  196  198  205  215  229  245  261  276  290  302  311  318  323  328  335
  344  355  367  377  391  397  414  436  416                                   
    37.5-180.0 180.0   5.0 450.0                            LAT/LON1/LON2/DLON/H
  439  450  449  450  455  465  472  476  471  455  434  412  394  378  365  352
  341  333  330  331  335  337  335  326  312  293  272  250  230  212  198  187
  180  178  180  185  190  196  202  208  214  219  222  224  224  221  217  212
  207  204  205  210  221  234  250  265  279  291  302  310  317  322  328  336
  347  361  376  388  405  416  435  458  439                                   
    35.0-180.0 180.0   5.0 450.0                            LAT/LON1/LON2/DLON/H
  465  477  474  471  473  479  483  486  485  473  458  441  425  410  395  380
  367  358  356  358  361  360  352  338  318  297  276  256  239  225  216  210
  207  208  210  214  217  222  227  233  240  245  248  248  244  237  228  219
  211  205  204  208  217  231  246  261  274  285  296  305  313  320  329  340
  354  370  388  401  421  437  456  480  465                                   
    32.5-180.0 180.0   5.0 450.0                            LAT/LON1/LON2/DLON/H
  496  508  505  501  499  500  499  501  500  492  481  469  456  442  426  409
  395  387  386  387  387  380  366  347  325  304  287  272  262  255  252  250
  251  251  252  251  251  253  257  264  271  276  277  272  262  249  234  219
  208  199  196  198  205  217  231  246  260  272  283  295  306  319  332  348
  366  387  406  420  444  463  482  504  496                                   
    30.0-180.0 180.0   5.0 450.0                            LAT/LON1/LON2/DLON/H
  534  542  545  544  538  535  529  528  525  519  510  500  488  474  457  439
  424  416  413  412  407  395  376  354  334  319  309  304  302  303  305  306
  306  304  300  294  288  287  290  296  303  307  304  293  276  255  234  215
  199  189  183  182  188  198  212  226  241  254  267  282  299  318  338  360
  385  411  432  447  475  495  514  535  534                                   
    27.5-180.0 180.0   5.0 450.0                            LAT/LON1/LON2/DLON/H
  578  580  594  601  593  588  578  573  568  560  550  539  526  509  489  469
  453  442  437  431  420  402  382  363  349  343  344  349  356  363  368  370
  367  359  347  334  323  318  319  325  331  332  324  307  283  256  229  206
  188  176  169  167  171  180  194  210  226  241  257  275  297  322  349  377
  408  439  462  480  512  532  554  577  578                                   
    25.0-180.0 180.0   5.0 450.0                            LAT/LON1/LON2/DLON/H
  629  620  652  670  663  657  646  638  630  619  606  592  574  552  527  502
  482  467  455  443  426  406  387  375  372  378  391  405  419  428  432  430
  420  404  383  362  346  338  338  344  347  344  331  309  280  248  219  194
  176  164  157  154  157  166  181  199  218  236  255  278  304  334  365  398
  434  468  494  517  552  570  598  627  629                                   
    22.5-180.0 180.0   5.0 450.0                            LAT/LON1/LON2/DLON/H
  685  663  711  739  737  734  724  716  707  694  678  658  634  605  573  542
  515  492  472  451  429  409  397  395  405  422  444  463  477  483  481  472
  453  428  398  370  350  341  341  345  345  338  321  296  266  234  206  183
  166  155  149  146  149  158  175  196  218  239  262  288  318  351  385  421
  460  496  525  554  589  604  640  679  685                                   
    20.0-180.0 180.0   5.0 450.0                            LAT/LON1/LON2/DLON/H
  735  702  760  795  799  803  799  795  788  776  758  734  703  667  627  588
  553  521  491  462  436  419  414  424  444  469  493  510  516  513  502  482
  454  420  384  353  333  325  325  327  325  314  295  271  243  216  193  174
  162  153  148  146  149  159  177  201  227  251  276  304  336  371  406  443
  482  520  552  585  619  631  673  723  735                                   
    17.5-180.0 180.0   5.0 450.0                            LAT/LON1/LON2/DLON/H
  766  730  789  826  834  846  851  854  855  848  833  808  774  733  687  642
  598  556  517  480  453  439  442  460  485  510  526  531  524  507  483  453
  419  380  344  315  299  294  295  296  290  277  258  237  217  198  182  170
  162  157  153  152  155  167  188  215  243  270  296  325  358  392  428  463
  501  538  573  609  640  649  693  752  766                                   
    15.0-180.0 180.0   5.0 450.0                            LAT/LON1/LON2/DLON/H
  768  740  793  828  839  856  868  880  890  894  886  866  835  794  746  696
  647  597  550  509  481  472  480  499  520  532  531  517  491  460  426  391
  355  320  289  268  259  259  261  259  250  235  218  203  191  181  172  166
  162  160  157  156  161  175  199  230  262  290  318  348  381  415  449  482
  517  552  588  623  652  660  701  762  768                                   
    12.5-180.0 180.0   5.0 450.0                            LAT/LON1/LON2/DLON/H
  753  740  781  808  819  837  852  870  888  903  906  896  873  838  795  746
  694  641  591  548  521  513  520  532  537  527  502  465  423  381  343  310
  281  256  238  228  227  231  233  228  216  200  185  174  169  166  164  162
  160  158  156  155  160  177  206  240  274  305  335  367  402  436  467  498
  529  562  597  630  656  666  702  761  753                                   
    10.0-180.0 180.0   5.0 450.0                            LAT/LON1/LON2/DLON/H
  738  742  766  780  788  803  816  834  856  877  891  893  881  857  823  781
  733  682  633  592  566  556  554  548  528  491  440  384  331  288  257  235
  220  210  206  207  213  218  219  211  196  178  165  158  157  158  158  156
  153  150  147  146  153  173  203  239  275  308  341  377  414  450  481  509
  538  568  601  633  657  671  702  758  738                                   
     7.5-180.0 180.0   5.0 450.0                            LAT/LON1/LON2/DLON/H
  738  756  762  762  763  771  777  789  808  831  850  861  861  849  826  794
  755  711  667  631  605  588  570  539  489  424  354  290  240  209  194  190
