data/edconvlstm_nd/pred0920.15i
     1.0            IONOSPHERE MAPS     GNSS                IONEX VERSION / TYPE
pyspatialgeodesy        IME             05-JAN-18 20:20     PGM / RUN BY / DATE 
Map Name                                                    COMMENT             
Predicted global ionosphere maps (GIM).                     DESCRIPTION         
  2015     4     2     0     0     0                        EPOCH OF FIRST MAP  
  2015     4     3     0     0     0                        EPOCH OF LAST MAP   
  7200                                                      INTERVAL            
    13                                                      # OF MAPS IN FILE   
  NONE                                                      MAPPING FUNCTION    
10.0                                                        ELEVATION CUTOFF    
One-way carrier phase leveled to code                       OBSERVABLES USED    
  6371.0                                                    BASE RADIUS         
 2                                                          MAP DIMENSION       
   450.0 450.0   0.0                                        HGT1 / HGT2 / DHGT  
    87.5 -87.5  -2.5                                        LAT1 / LAT2 / DLAT  
  -180.0 180.0   5.0                                        LON1 / LON2 / DLON  
    -1                                                      EXPONENT            
                                                            END OF HEADER       
[from data line 4719]
    12                                                      START OF TEC MAP    
  2015     4     2    22     0     0                        EPOCH OF CURRENT MAP
    87.5-180.0 180.0   5.0 450.0                            LAT/LON1/LON2/DLON/H
  202  184  166  173  174  174  174  173  173  175  175  176  177  177  178  178
  177  177  176  175  173  172  170  168  166  164  163  161  160  158  157  156
  156  156  156  156  156  157  158  159  160  161  162  164  165  167  168  170
  171  172  174  175  176  177  178  179  179  180  180  180  180  180  179  178
  177  176  175  175  186  186  183  191  202                                   
    85.0-180.0 180.0   5.0 450.0                            LAT/LON1/LON2/DLON/H
  185  177  176  172  168  172  172  175  176  178  179  180  181  182  183  183
  183  182  181  179  177  175  172  169  166  163  160  157  155  153  152  151
  150  150  150  150  151  153  154  156  158  160  162  164  166  169  171  173
  176  178  180  182  183  185  186  187  187  188  188  188  188  187  186  185
  184  182  181  178  181  171  169  178  185                                   
    82.5-180.0 180.0   5.0 450.0                            LAT/LON1/LON2/DLON/H
  157  152  148  147  148  153  157  160  161  165  169  173  175  178  180  180
  180  179  177  174  170  166  161  156  151  146  141  137  133  130  128  126
  125  125  126  126  128  129  131  133  136  138  141  143  146  149  152  154
  157  160  163  165  167  169  171  172  173  174  174  174  173  172  170  168
  166  163  160  163  163  166  154  156  157                                   
    80.0-180.0 180.0   5.0 450.0                            LAT/LON1/LON2/DLON/H
  141  136  135  135  135  139  146  154  160  166  172  179  184  188  191  193
  193  191  188  183  177  170  163  155  147  140  133  127  122  118  115  112
  111  111  111  112  114  116  118  121  123  126  129  132  135  138  141  144
  147  150  153  156  159  161  163  165  166  167  167  167  166  165  163  160
  158  154  151  151  148  141  133  144  141                                   
    77.5-180.0 180.0   5.0 450.0                            LAT/LON1/LON2/DLON/H
  138  126  129  128  133  139  145  154  163  172  180  189  197  203  207  209
  208  206  201  194  186  177  168  158  148  139  131  123  117  112  109  107
  105  105  106  107  109  110  112  115  117  119  121  123  125  126  128  130
  132  135  137  139  142  144  146  147  149  150  151  151  151  150  148  146
  143  140  138  138  140  132  131  148  138                                   
    75.0-180.0 180.0   5.0 450.0                            LAT/LON1/LON2/DLON/H
  141  135  135  134  139  147  153  162  174  186  196  206  215  221  226  227
  226  222  215  207  198  187  176  165  154  143  134  126  120  115  111  108
  107  107  107  108  109  111  112  114  115  116  117  118  118  119  119  120
  120  121  122  123  125  126  128  129  131  133  134  135  136  137  137  136
  134  134  133  131  134  128  129  137  141                                   
    72.5-180.0 180.0   5.0 450.0                            LAT/LON1/LON2/DLON/H
  153  149  151  154  157  164  171  180  191  203  215  226  236  243  246  247
  245  240  232  223  212  200  188  176  164  153  143  134  127  122  117  115
  113  112  112  112  113  114  115  116  117  117  116  115  114  113  111  110
  109  108  107  107  107  107  108  109  111  113  115  118  121  123  125  127
  126  128  129  131  135  135  140  155  153                                   
    70.0-180.0 180.0   5.0 450.0                            LAT/LON1/LON2/DLON/H
  174  174  176  176  179  184  190  199  210  223  234  246  255  260  263  262
  258  252  244  234  224  212  200  188  177  165  155  146  138  132  127  124
  121  119  117  116  116  116  117  117  117  117  116  114  111  108  105  103
  100   98   96   94   93   92   92   92   94   96  100  104  109  114  119  123
  125  129  133  137  145  149  159  172  174                                   
    67.5-180.0 180.0   5.0 450.0                            LAT/LON1/LON2/DLON/H
  200  202  205  206  208  212  216  225  235  247  259  270  279  284  285  284
  279  272  265  256  246  236  225  214  202  190  178  168  160  152  146  141
  136  132  129  126  124  124  124  124  124  124  123  120  117  113  109  105
  101   98   95   92   89   87   86   86   88   91   96  103  110  117  124  130
  134  140  145  150  159  167  180  194  200                                   
    65.0-180.0 180.0   5.0 450.0                            LAT/LON1/LON2/DLON/H
  219  223  225  225  226  228  230  237  247  260  271  282  290  294  295  293
  288  282  275  268  261  253  244  233  221  209  197  187  177  169  162  155
  148  141  134  129  125  123  123  123  124  124  123  120  117  112  107  103
   98   94   90   87   84   81   80   80   82   86   93  101  110  120  129  137
  143  150  156  162  173  184  198  212  219                                   
    62.5-180.0 180.0   5.0 450.0                            LAT/LON1/LON2/DLON/H
  233  236  238  237  238  237  239  245  254  266  277  288  296  301  302  300
  297  292  288  283  278  273  265  255  244  231  219  207  197  189  180  171
  162  152  142  133  127  124  123  124  125  126  125  122  118  114  108  103
   99   94   90   87   84   82   80   80   83   88   96  107  119  130  142  151
  157  163  170  174  184  195  209  222  233                                   
    60.0-180.0 180.0   5.0 450.0                            LAT/LON1/LON2/DLON/H
  239  241  244  241  242  240  241  245  254  264  275  286  294  299  301  301
  300  297  295  293  291  287  281  272  261  249  237  226  217  209  200  190
  178  165  152  140  131  126  125  125  127  128  127  125  120  115  109  104
   99   94   91   88   86   84   83   84   88   94  104  116  130  144  157  166
  173  179  184  187  194  204  217  230  239                                   
    57.5-180.0 180.0   5.0 450.0                            LAT/LON1/LON2/DLON/H
  244  246  249  245  245  242  243  245  252  260  269  279  286  292  296  298
  299  299  300  300  299  296  291  283  273  262  252  244  237  230  222  212
  198  181  165  150  139  132  130  131  132  133  132  129  124  118  111  106
  100   96   93   91   90   89   90   92   96  104  114  128  144  159  174  184
  191  197  202  202  206  214  225  236  244                                   
    55.0-180.0 180.0   5.0 450.0                            LAT/LON1/LON2/DLON/H
  255  257  262  256  258  254  254  254  257  261  266  273  279  284  289  293
  296  298  300  301  301  300  295  289  281  272  265  260  256  252  245  234
  219  201  182  164  152  144  141  141  142  142  140  136  130  123  116  110
  104  100   98   97   97   98  100  103  108  116  127  142  159  176  191  204
  212  219  224  224  225  231  240  250  255                                   
    52.5-180.0 180.0   5.0 450.0                            LAT/LON1/LON2/DLON/H
  277  280  286  280  283  279  279  275  273  272  271  272  274  278  283  287
  291  295  297  298  298  297  294  290  284  280  276  275  274  271  265  254
  238  218  198  180  166  158  155  155  155  153  150  144  138  130  123  117
  111  107  105  105  106  109  112  116  121  129  140  155  172  190  208  222
  232  242  249  251  252  257  265  273  277                                   
    50.0-180.0 180.0   5.0 450.0                            LAT/LON1/LON2/DLON/H
  312  317  326  319  324  321  319  312  305  297  288  282  279  279  282  286
  290  292  293  293  293  293  291  289  288  287  287  288  289  286  280  267
  250  230  210  192  180  173  170  169  168  165  160  154  147  139  133  127
  121  118  116  116  119  123  127  131  136  143  153  167  184  203  222  240
  253  267  277  284  286  292  302  309  312                                   
    47.5-180.0 180.0   5.0 450.0                            LAT/LON1/LON2/DLON/H
  359  367  376  370  378  376  373  362  350  335  318  304  295  290  290  291
  292  292  291  290  289  289  290  291  292  294  297  299  298  293  283  268
  250  230  212  198  189  183  181  180  178  174  169  162  155  149  144  139
  134  131  129  130  133  138  143  147  151  156  164  177  194  214  234  254
  271  290  306  318  324  333  347  353  359                                   
    45.0-180.0 180.0   5.0 450.0                            LAT/LON1/LON2/DLON/H
  410  422  431  427  436  436  433  420  404  383  359  338  321  312  307  304
  301  298  294  291  290  291  293  296  300  303  306  305  300  290  275  257
  238  220  206  197  191  189  188  186  184  180  174  168  162  158  155  151
  148  145  144  145  149  154  159  162  164  168  175  187  204  223  244  266
  286  310  331  349  359  373  391  398  410                                   
    42.5-180.0 180.0   5.0 450.0                            LAT/LON1/LON2/DLON/H
  457  474  483  479  490  492  488  475  457  433  405  379  357  343  333  325
  318  312  305  301  300  301  303  307  311  313  313  307  296  279  259  238
  220  206  198  193  192  192  192  190  187  182  177  172  168  166  164  163
  160  158  157  158  162  167  172  174  175  177  183  194  211  231  253  275
  297  325  350  373  387  407  429  438  457                                   
    40.0-180.0 180.0   5.0 450.0                            LAT/LON1/LON2/DLON/H
  494  516  524  520  532  534  532  519  502  478  450  422  399  380  366  355
  344  334  326  321  320  320  322  324  325  323  318  306  289  267  244  223
  208  199  195  196  197  198  197  194  190  185  180  176  173  172  171  170
  169  167  166  167  171  176  180  182  182  182  187  199  216  236  259  282
  304  334  361  387  405  429  456  468  494                                   
    37.5-180.0 180.0   5.0 450.0                            LAT/LON1/LON2/DLON/H
  520  545  554  547  560  561  560  548  534  513  489  464  441  421  405  390
  376  364  356  351  349  348  346  344  340  334  323  307  286  262  240  223
  212  209  210  212  214  212  209  203  197  192  186  182  179  178  176  175
  173  171  169  171  175  180  184  185  183  183  188  200  218  239  262  285
  308  338  366  393  411  441  471  485  520                                   
    35.0-180.0 180.0   5.0 450.0                            LAT/LON1/LON2/DLON/H
  538  564  576  566  579  578  578  567  557  541  522  501  481  463  445  428
  413  400  392  387  384  380  374  366  357  346  332  314  294  275  258  248
  244  245  249  250  247  240  231  221  213  205  200  194  190  185  182  178
  174  170  169  170  175  180  184  185  183  182  186  198  217  239  263  286
  309  339  368  395  413  445  479  494  538                                   
    32.5-180.0 180.0   5.0 450.0                            LAT/LON1/LON2/DLON/H
  554  582  596  584  598  595  595  585  579  568  554  538  521  504  486  468
  452  439  431  425  419  411  400  387  374  361  348  335  321  311  305  304
  309  314  316  311  299  282  264  249  237  228  220  213  206  197  189  181
  175  169  167  168  173  179  184  184  182  180  185  197  216  239  264  288
  311  342  371  397  414  449  485  500  554                                   
    30.0-180.0 180.0   5.0 450.0                            LAT/LON1/LON2/DLON/H
  575  606  623  611  628  623  623  614  611  603  592  579  563  547  528  509
  491  478  468  461  451  438  423  407  393  383  376  372  371  375  383  396
  408  413  408  391  364  333  305  283  267  257  248  239  228  215  202  189
  178  171  167  168  172  179  184  185  183  181  185  197  217  241  267  293
  318  349  379  406  422  457  496  509  575                                   
    27.5-180.0 180.0   5.0 450.0                            LAT/LON1/LON2/DLON/H
  605  639  659  652  673  669  669  661  660  653  644  632  615  596  575  553
  533  516  503  492  477  460  442  427  418  416  420  430  445  466  491  513
  528  527  508  473  428  383  345  318  300  288  279  268  254  238  220  202
  188  177  171  170  174  180  185  186  184  183  187  198  218  243  271  300
  328  363  394  422  439  474  516  527  605                                   
    25.0-180.0 180.0   5.0 450.0                            LAT/LON1/LON2/DLON/H
  640  680  705  706  734  734  735  728  729  723  714  700  681  658  633  606
  581  558  538  519  499  478  460  450  450  461  481  506  538  573  607  633
  642  628  590  536  475  419  375  346  328  317  308  297  282  263  242  221
  203  189  180  177  178  182  186  187  185  184  187  198  218  244  275  308
  340  380  414  444  464  499  543  552  640                                   
    22.5-180.0 180.0   5.0 450.0                            LAT/LON1/LON2/DLON/H
  677  722  754  765  803  809  813  811  814  810  800  784  761  735  705  674
  641  609  579  550  521  497  482  482  496  522  555  593  633  672  705  722
  716  685  631  563  493  433  389  362  347  339  331  322  308  289  267  244
  223  206  194  187  184  185  187  187  185  184  186  196  216  244  278  315
  352  397  435  469  492  527  574  581  677                                   
    20.0-180.0 180.0   5.0 450.0                            LAT/LON1/LON2/DLON/H
  708  757  795  817  865  880  890  894  902  901  893  877  853  825  792  756
  717  674  631  590  553  526  516  526  554  592  634  673  708  736  753  753
  731  685  621  548  478  422  384  364  354  350  345  338  326  310  289  266
  244  225  210  199  192  188  187  185  183  181  183  193  213  243  280  321
  363  411  454  490  517  553  601  608  708                                   
    17.5-180.0 180.0   5.0 450.0                            LAT/LON1/LON2/DLON/H
  727  776  818  850  906  931  949  962  978  984  982  969  948  921  890  853
  808  757  701  646  599  569  564  583  621  663  700  725  740  745  738  717
  680  625  560  493  433  390  365  355  352  352  349  344  335  323  305  284
  263  242  224  209  197  189  184  181  178  176  179  189  210  241  282  326
  371  422  467  506  535  573  620  628  727                                   
    15.0-180.0 180.0   5.0 450.0                            LAT/LON1/LON2/DLON/H
  732  778  821  856  917  950  977  998 1025 1042 1050 1046 1032 1012  985  951
  907  851  786  720  664  630  626  649  685  719  737  735  719  692  659  619
  571  518  463  413  375  352  343  344  348  350  348  343  336  326  312  294
  273  253  233  215  199  186  178  174  171  170  173  185  207  240  283  329
  376  428  474  514  544  585  629  637  732                                   
    12.5-180.0 180.0   5.0 450.0                            LAT/LON1/LON2/DLON/H
  723  765  804  838  898  934  968  998 1036 1066 1086 1095 1093 1082 1065 1038
  999  943  875  803  741  702  694  710  735  748  737  700  648  592  536  482
  433  392  360  339  329  328  334  344  351  351  346  337  329  320  308  292
  273  254  234  214  196  181  171  166  164  164  168  180  204  239  284  331
  378  429  475  515  545  587  629  639  723                                   
    10.0-180.0 180.0   5.0 450.0                            LAT/LON1/LON2/DLON/H
  705  744  776  805  857  892  929  965 1013 1054 1088 1110 1120 1122 1116 1099
 1068 1020  955  883  818  774  756  758  761  745  699  628  548  469  400  345
  309  291  289  299  314  332  348  361  365  359  346  331  317  305  293  278
  261  244  226  207  189  174  164  159  157  158  163  176  201  237  283  331
  377  427  472  511  541  584  625  636  705                                   
     7.5-180.0 180.0   5.0 450.0                            LAT/LON1/LON2/DLON/H
  687  725  749  768  810  839  874  911  964 1013 1056 1090 1113 1127 1132 1128
 1107 1069 1013  947  884  834  803  784  760  712  636  540  441  355  290  249
