data/edconvlstm_nd/pred0630.15i
     1.0            IONOSPHERE MAPS     GNSS                IONEX VERSION / TYPE
pyspatialgeodesy        IME             05-JAN-18 20:20     PGM / RUN BY / DATE 
Map Name                                                    COMMENT             
Predicted global ionosphere maps (GIM).                     DESCRIPTION         
  2015     3     4     0     0     0                        EPOCH OF FIRST MAP  
  2015     3     5     0     0     0                        EPOCH OF LAST MAP   
  7200                                                      INTERVAL            
    13                                                      # OF MAPS IN FILE   
  NONE                                                      MAPPING FUNCTION    
10.0                                                        ELEVATION CUTOFF    
One-way carrier phase leveled to code                       OBSERVABLES USED    
  6371.0                                                    BASE RADIUS         
 2                                                          MAP DIMENSION       
   450.0 450.0   0.0                                        HGT1 / HGT2 / DHGT  
    87.5 -87.5  -2.5                                        LAT1 / LAT2 / DLAT  
  -180.0 180.0   5.0                                        LON1 / LON2 / DLON  
    -1                                                      EXPONENT            
                                                            END OF HEADER       
[from data line 3861]
    10                                                      START OF TEC MAP    
  2015     3     4    18     0     0                        EPOCH OF CURRENT MAP
    87.5-180.0 180.0   5.0 450.0                            LAT/LON1/LON2/DLON/H
  149  150  140  146  148  147  146  145  145  148  148  150  151  153  154  156
  158  160  161  162  164  165  165  166  166  166  166  166  166  165  164  164
  163  162  161  161  160  159  159  158  158  158  157  158  158  158  158  159
  159  160  160  161  161  162  162  162  162  162  162  161  161  160  159  157
  156  155  153  151  159  154  160  154  149                                   
    85.0-180.0 180.0   5.0 450.0                            LAT/LON1/LON2/DLON/H
  144  141  147  138  137  140  140  142  143  146  146  148  150  153  155  158
  160  162  165  167  168  170  171  172  172  172  172  172  171  170  169  168
  167  166  165  164  163  162  161  161  160  160  160  160  160  161  161  162
  162  163  164  165  165  166  166  166  166  166  165  165  164  162  161  159
  159  157  152  148  148  140  141  142  144                                   
    82.5-180.0 180.0   5.0 450.0                            LAT/LON1/LON2/DLON/H
  116  116  115  110  110  114  117  118  119  122  124  128  131  135  139  143
  147  150  154  157  160  163  165  166  167  168  168  167  166  165  163  162
  160  158  156  154  153  151  150  149  148  148  147  147  147  148  149  150
  151  152  153  155  156  156  157  157  156  156  155  153  151  149  147  144
  142  138  134  133  129  131  120  116  116                                   
    80.0-180.0 180.0   5.0 450.0                            LAT/LON1/LON2/DLON/H
   90   88   91   88   87   87   93   98  102  106  110  115  120  125  130  136
  141  146  151  155  159  162  164  166  167  167  166  164  162  160  157  154
  150  147  144  141  139  136  134  132  131  130  129  129  130  131  132  134
  136  138  140  142  144  145  146  146  146  145  143  141  139  136  133  130
  127  123  118  116  107  102   95   98   90                                   
    77.5-180.0 180.0   5.0 450.0                            LAT/LON1/LON2/DLON/H
   81   76   79   75   76   77   82   87   92   96  102  108  114  120  127  133
  139  145  150  156  161  165  168  170  171  171  170  168  165  162  158  154
  149  145  141  137  134  131  127  125  122  120  118  117  117  118  119  121
  124  126  129  132  134  136  136  136  136  134  132  129  126  123  119  116
  112  108  105  103   99   90   87   93   81                                   
    75.0-180.0 180.0   5.0 450.0                            LAT/LON1/LON2/DLON/H
   77   77   77   74   75   78   82   87   94  101  107  114  120  126  132  139
  145  151  158  164  169  174  178  180  181  181  179  176  172  167  162  156
  151  146  141  136  132  128  124  120  116  113  110  109  108  108  109  112
  115  118  122  125  127  129  129  129  127  125  123  120  117  113  110  107
  104  101   99   95   92   86   84   80   77                                   
    72.5-180.0 180.0   5.0 450.0                            LAT/LON1/LON2/DLON/H
   82   83   83   84   83   87   92   97  103  110  117  124  130  136  142  148
  154  161  168  175  181  187  191  194  194  193  190  186  181  175  168  161
  155  149  143  138  132  127  122  117  112  108  103  100   98   97   98  100
  103  107  111  115  117  119  119  118  116  113  110  107  104  101   98   96
   93   92   92   90   89   86   88   89   82                                   
    70.0-180.0 180.0   5.0 450.0                            LAT/LON1/LON2/DLON/H
   93   95   95   95   95   99  103  109  117  125  132  139  144  149  153  158
  164  171  179  187  194  200  205  207  208  206  202  196  189  182  174  166
  159  152  145  139  133  127  121  115  109  103   98   93   90   88   88   90
   93   97  101  105  107  108  108  107  104  101   98   95   92   90   88   86
   84   84   86   86   88   89   95   95   93                                   
    67.5-180.0 180.0   5.0 450.0                            LAT/LON1/LON2/DLON/H
  104  106  106  109  110  115  120  127  135  144  151  158  163  167  170  174
  180  188  196  205  214  221  225  227  227  223  218  211  203  194  186  177
  169  161  153  145  138  131  125  118  111  104   97   91   86   83   82   83
   86   90   94   97  100  101  100   99   96   94   91   89   87   84   83   82
   80   81   82   83   86   89   96   98  104                                   
    65.0-180.0 180.0   5.0 450.0                            LAT/LON1/LON2/DLON/H
  105  108  108  114  116  121  127  136  145  155  163  170  175  178  181  185
  191  199  209  219  228  235  240  241  239  234  228  220  212  204  195  186
  177  167  158  149  140  132  124  117  109  101   94   87   80   76   73   73
   74   77   81   84   87   88   87   86   84   82   80   78   77   76   74   73
   71   71   73   74   80   85   94   96  105                                   
    62.5-180.0 180.0   5.0 450.0                            LAT/LON1/LON2/DLON/H
   98  102  102  111  116  122  130  141  151  163  172  179  184  187  191  195
  203  212  223  234  243  250  253  252  249  244  237  230  222  215  207  198
  188  178  167  155  144  134  125  116  108  100   92   84   76   70   65   63
   63   65   68   71   74   75   75   74   73   72   71   71   70   70   68   66
   64   62   63   63   67   73   81   85   98                                   
    60.0-180.0 180.0   5.0 450.0                            LAT/LON1/LON2/DLON/H
   83   89   91  102  109  116  126  139  151  164  174  182  188  192  197  203
  212  223  235  245  253  258  260  257  253  247  242  236  231  226  220  213
  203  191  178  164  150  137  127  117  109  101   93   84   75   67   61   57
   55   56   58   60   63   64   65   65   64   64   64   65   66   66   64   62
   58   55   53   51   54   59   66   71   83                                   
    57.5-180.0 180.0   5.0 450.0                            LAT/LON1/LON2/DLON/H
   68   75   80   92  102  111  123  137  151  165  176  185  192  198  204  212
  223  234  246  255  261  263  262  258  253  249  245  243  242  240  238  232
  222  209  193  177  160  145  133  123  115  107   99   90   81   71   63   57
   54   53   54   56   58   60   61   61   61   62   63   65   67   67   66   63
   57   53   49   44   45   48   52   58   68                                   
    55.0-180.0 180.0   5.0 450.0                            LAT/LON1/LON2/DLON/H
   58   68   75   89  101  112  126  140  155  169  181  191  199  206  214  224
  236  247  256  262  264  263  260  255  251  249  248  250  253  256  255  251
  242  228  211  192  173  156  143  132  124  117  110  102   92   82   73   66
   61   59   59   60   62   63   64   65   65   66   68   70   72   73   72   69
   64   58   52   46   45   44   46   51   58                                   
    52.5-180.0 180.0   5.0 450.0                            LAT/LON1/LON2/DLON/H
   58   70   80   95  110  123  138  152  167  180  192  202  210  219  229  240
  251  260  266  268  266  261  256  251  248  249  252  258  264  269  271  268
  259  245  226  206  187  169  155  144  137  131  125  118  109  100   91   83
   78   75   73   73   74   75   76   76   76   76   77   79   81   83   83   81
   76   70   64   57   54   51   49   53   58                                   
    50.0-180.0 180.0   5.0 450.0                            LAT/LON1/LON2/DLON/H
   70   83   96  111  130  145  161  175  188  201  211  220  229  238  248  259
  269  275  277  274  268  260  254  249  249  252  258  266  273  279  281  277
  268  254  237  217  198  181  167  157  150  145  140  135  128  120  112  105
  100   97   95   94   94   94   94   93   92   90   90   90   92   94   95   95
   92   88   83   77   72   67   63   65   70                                   
    47.5-180.0 180.0   5.0 450.0                            LAT/LON1/LON2/DLON/H
   92  104  118  136  157  175  191  204  217  228  237  246  254  262  272  282
  289  292  290  282  272  263  256  253  254  259  266  273  278  282  281  277
  268  255  239  222  205  190  177  167  160  155  152  148  144  138  132  127
  124  121  118  116  115  114  113  112  109  105  102  101  102  104  107  109
  108  108  105  101   97   90   85   85   92                                   
    45.0-180.0 180.0   5.0 450.0                            LAT/LON1/LON2/DLON/H
  118  127  142  162  185  205  222  235  247  258  267  274  282  290  299  307
  311  310  303  293  281  271  264  263  265  270  275  278  279  278  273  267
  258  247  234  221  208  195  183  173  166  161  158  155  152  149  147  144
  142  140  138  135  133  132  130  127  123  118  113  110  110  112  116  120
  122  125  124  123  122  114  109  110  118                                   
    42.5-180.0 180.0   5.0 450.0                            LAT/LON1/LON2/DLON/H
  141  148  161  184  209  230  247  261  274  286  295  303  310  318  325  331
  332  328  319  307  294  285  280  279  281  283  284  281  276  269  261  253
  245  237  228  219  210  199  188  177  168  161  157  155  154  154  153  153
  152  151  149  147  144  143  141  137  132  125  119  115  115  117  122  127
  130  135  137  139  139  133  129  132  141                                   
    40.0-180.0 180.0   5.0 450.0                            LAT/LON1/LON2/DLON/H
  154  159  171  197  223  245  263  278  293  307  318  328  335  343  349  353
  352  346  336  324  313  305  300  299  299  298  294  285  275  264  255  248
  242  236  231  225  218  208  196  183  171  162  156  154  153  153  154  155
  155  155  153  150  148  146  144  141  135  128  121  117  116  119  124  129
  132  137  140  142  144  140  138  143  154                                   
    37.5-180.0 180.0   5.0 450.0                            LAT/LON1/LON2/DLON/H
  154  158  171  198  226  247  267  284  302  319  334  346  355  364  370  373
  371  365  355  345  336  328  324  321  318  313  305  294  283  273  267  264
  262  259  255  250  242  229  214  196  180  168  161  157  156  155  155  156
  156  154  152  149  147  146  144  140  135  128  121  117  116  118  123  127
  129  131  133  134  137  135  133  141  154                                   
    35.0-180.0 180.0   5.0 450.0                            LAT/LON1/LON2/DLON/H
  145  148  164  192  220  240  262  281  303  324  343  358  370  380  387  391
  389  384  376  368  361  354  348  342  337  331  323  315  308  306  308  312
  315  314  309  300  286  268  246  222  201  186  177  171  168  165  163  162
  160  157  154  151  148  147  145  141  135  128  121  117  117  118  122  124
  124  123  122  121  121  120  120  129  145                                   
    32.5-180.0 180.0   5.0 450.0                            LAT/LON1/LON2/DLON/H
  132  137  156  182  211  230  255  276  301  326  348  366  381  393  402  407
  407  403  398  393  387  379  370  362  356  353  351  352  357  368  382  397
  406  405  395  377  353  325  294  263  237  218  207  200  194  189  184  179
  175  170  165  161  158  156  153  148  141  133  127  123  122  123  125  126
  122  119  113  108  106  104  104  114  132                                   
    30.0-180.0 180.0   5.0 450.0                            LAT/LON1/LON2/DLON/H
  124  131  152  177  206  224  252  274  302  329  353  374  391  405  416  423
  425  424  422  419  412  402  391  382  379  383  393  409  431  460  491  518
  532  529  510  478  439  397  355  316  285  264  251  242  235  228  220  212
  205  197  191  185  181  178  173  166  157  148  141  137  135  135  135  134
  128  122  112  103   98   94   93  103  124                                   
    27.5-180.0 180.0   5.0 450.0                            LAT/LON1/LON2/DLON/H
  125  134  156  181  211  229  258  281  310  338  364  386  404  419  432  440
  444  446  446  444  437  425  412  404  407  423  450  485  529  578  627  665
  682  673  640  590  534  476  421  374  338  315  302  295  288  279  270  261
  251  242  233  226  221  216  209  198  186  174  165  159  155  153  152  150
  143  134  121  109  102   95   90   99  125                                   
    25.0-180.0 180.0   5.0 450.0                            LAT/LON1/LON2/DLON/H
  137  148  167  195  225  244  274  298  327  356  381  403  421  438  451  461
  466  470  471  470  463  449  436  433  446  477  523  579  643  710  771  815
  830  811  762  695  621  548  482  426  387  364  353  349  344  338  330  320
  310  300  289  281  274  267  256  241  224  208  196  187  181  176  173  171
  164  156  140  128  117  107   98  104  137                                   
    22.5-180.0 180.0   5.0 450.0                            LAT/LON1/LON2/DLON/H
  157  168  185  215  247  268  299  323  352  381  406  427  445  462  475  485
  492  496  499  498  490  477  468  473  499  546  609  683  760  834  898  939
  946  916  854  774  686  601  524  462  421  400  394  395  396  394  390  383
  374  362  350  339  330  319  306  287  266  246  229  217  207  200  196  193
  187  180  164  153  140  125  113  117  157                                   
    20.0-180.0 180.0   5.0 450.0                            LAT/LON1/LON2/DLON/H
  179  188  203  238  273  297  327  352  382  410  435  456  474  491  505  515
  521  526  529  529  523  514  512  527  566  627  703  783  861  931  987 1017
 1012  973  903  815  719  625  542  476  434  417  417  425  434  439  441  439
  431  419  404  390  378  365  348  326  302  278  258  243  231  221  216  212
  207  203  187  177  163  145  132  135  179                                   
    17.5-180.0 180.0   5.0 450.0                            LAT/LON1/LON2/DLON/H
  194  202  218  256  294  322  354  380  411  440  466  488  507  524  539  549
  556  561  565  567  564  562  569  595  645  714  792  867  933  987 1024 1038
 1023  976  904  815  718  623  536  470  429  416  422  438  455  468  478  480
  476  463  447  430  414  398  378  355  328  302  279  261  246  235  228  224
  220  217  204  194  180  162  148  154  194                                   
    15.0-180.0 180.0   5.0 450.0                            LAT/LON1/LON2/DLON/H
  199  207  223  265  306  338  373  402  435  466  494  519  541  560  575  588
  596  602  607  611  614  620  637  672  728  797  866  924  966  995 1010 1007
  981  932  864  783  693  602  518  453  416  405  415  436  459  480  497  505
  504  492  475  455  437  418  397  372  344  316  291  270  254  241  233  227
  223  221  210  201  188  170  158  166  199                                   
    12.5-180.0 180.0   5.0 450.0                            LAT/LON1/LON2/DLON/H
  194  202  221  264  309  346  383  415  451  485  517  546  572  594  613  628
  639  647  654  661  670  684  709  751  807  868  918  948  960  960  953  935
  905  861  804  736  660  579  502  441  405  396  406  428  454  480  501  514
  516  506  489  468  447  426  404  379  352  323  297  274  256  242  232  224
  219  217  207  197  186  171  160  170  194                                   
    10.0-180.0 180.0   5.0 450.0                            LAT/LON1/LON2/DLON/H
  183  192  213  260  308  349  390  424  462  500  536  570  600  626  649  668
  682  692  702  713  727  748  779  823  873  917  942  941  924  900  876  851
  823  789  746  694  634  566  499  444  410  399  407  426  450  476  499  515
  518  510  492  471  448  427  405  381  354  326  299  275  255  240  228  218
  211  208  199  189  179  168  157  168  183                                   
     7.5-180.0 180.0   5.0 450.0                            LAT/LON1/LON2/DLON/H
  170  183  207  256  308  352  396  433  472  513  552  590  625  654  681  704
  722  735  747  761  779  805  840  881  920  943  940  913  875  836  805  781
