data/edconvlstm_nd/pred2420.15i
     1.0            IONOSPHERE MAPS     GNSS                IONEX VERSION / TYPE
pyspatialgeodesy        IME             05-JAN-18 20:20     PGM / RUN BY / DATE 
Map Name                                                    COMMENT             
Predicted global ionosphere maps (GIM).                     DESCRIPTION         
  2015     8    30     0     0     0                        EPOCH OF FIRST MAP  
  2015     8    31     0     0     0                        EPOCH OF LAST MAP   
  7200                                                      INTERVAL            
    13                                                      # OF MAPS IN FILE   
  NONE                                                      MAPPING FUNCTION    
10.0                                                        ELEVATION CUTOFF    
One-way carrier phase leveled to code                       OBSERVABLES USED    
  6371.0                                                    BASE RADIUS         
 2                                                          MAP DIMENSION       
   450.0 450.0   0.0                                        HGT1 / HGT2 / DHGT  
    87.5 -87.5  -2.5                                        LAT1 / LAT2 / DLAT  
  -180.0 180.0   5.0                                        LON1 / LON2 / DLON  
    -1                                                      EXPONENT            
                                                            END OF HEADER       
[from data line 429]
     2                                                      START OF TEC MAP    
  2015     8    30     2     0     0                        EPOCH OF CURRENT MAP
    87.5-180.0 180.0   5.0 450.0                            LAT/LON1/LON2/DLON/H
   86   91   88   90   87   87   84   82   82   83   83   83   83   83   83   83
   83   83   82   82   81   81   81   80   80   80   79   79   79   79   79   79
   78   79   79   79   79   79   79   79   79   79   79   79   79   79   79   79
   79   79   79   79   79   79   80   80   80   80   80   80   80   80   80   80
   82   82   80   80   82   91   95   85   86                                   
    85.0-180.0 180.0   5.0 450.0                            LAT/LON1/LON2/DLON/H
   85   96   84   91   92   92   90   89   90   90   90   90   90   90   90   90
   89   88   88   87   86   85   84   83   82   82   81   80   80   79   79   79
   79   79   79   80   80   80   81   81   81   81   81   81   81   81   80   80
   80   81   81   81   81   82   82   83   83   83   84   84   84   84   84   85
   87   87   85   87   89   92   98   88   85                                   
    82.5-180.0 180.0   5.0 450.0                            LAT/LON1/LON2/DLON/H
   87   88  103   99   96   97   96   96   98   99   98   99   99   99   98   97
   96   95   94   93   91   90   88   86   85   83   82   80   79   79   78   78
   78   78   79   79   80   81   81   82   82   82   82   82   82   81   81   81
   81   82   82   83   84   84   85   86   87   88   89   89   90   90   90   91
   92   91   89   87   97   87   89   90   87                                   
    80.0-180.0 180.0   5.0 450.0                            LAT/LON1/LON2/DLON/H
  101   99  101   98   98   96   99   99  101  101  100  101  101  100  100   99
   98   97   95   93   92   89   87   85   82   80   77   75   74   73   73   73
   73   74   75   77   78   79   80   80   81   80   80   80   79   79   78   78
   78   79   79   80   81   83   84   85   87   88   89   90   90   91   91   92
   93   91   89   88  103   96   99   98  101                                   
    77.5-180.0 180.0   5.0 450.0                            LAT/LON1/LON2/DLON/H
  107  107  104  105   99  100  104  106  107  106  105  105  105  104  103  102
  101  100   98   97   94   92   89   85   82   78   75   73   71   69   69   69
   70   72   74   76   78   80   81   82   82   82   81   81   80   79   79   79
   79   80   81   83   85   86   88   90   92   93   95   96   97   97   97   98
   98   97   94   95  102   97   99  100  107                                   
    75.0-180.0 180.0   5.0 450.0                            LAT/LON1/LON2/DLON/H
  106  107  107  109  101  103  104  105  106  105  103  102  101  100   98   97
   96   95   94   93   91   89   85   82   78   74   70   67   64   63   63   63
   65   67   70   73   75   77   79   80   79   79   78   76   75   74   74   74
   75   77   78   80   83   85   87   89   91   93   95   96   97   97   97   97
   96   96   93   90   97   98   98  101  106                                   
    72.5-180.0 180.0   5.0 450.0                            LAT/LON1/LON2/DLON/H
  103  109  112  111  107  108  110  111  112  110  106  105  102   99   97   95
   94   93   93   92   91   89   86   83   78   74   70   67   64   63   62   63
   65   68   71   74   77   79   80   80   80   79   77   76   74   74   74   75
   76   78   81   83   86   89   91   94   96   98  100  101  101  101  102  102
  101   99   99   96  100   99   99  103  103                                   
    70.0-180.0 180.0   5.0 450.0                            LAT/LON1/LON2/DLON/H
  105  110  115  115  110  111  113  114  115  112  108  105  101   97   93   91
   89   89   89   89   89   88   86   83   79   75   70   67   64   63   62   63
   64   67   69   72   75   76   77   77   75   74   72   71   70   70   71   73
   76   78   81   85   87   90   93   96   98  100  102  103  103  103  103  103
  102  100  100   98  101  100  102  104  105                                   
    67.5-180.0 180.0   5.0 450.0                            LAT/LON1/LON2/DLON/H
  102  109  112  112  107  108  110  111  112  110  105  101   96   90   86   82
   80   79   80   81   82   82   81   79   76   72   68   65   62   60   60   60
   60   62   63   65   66   67   67   66   65   63   62   61   61   62   64   67
   71   74   78   81   83   86   89   91   94   96   98   99  100  100   99  100
   98   96   96   95   98   99  100  103  102                                   
    65.0-180.0 180.0   5.0 450.0                            LAT/LON1/LON2/DLON/H
   98  105  107  108  103  103  105  108  110  108  104  100   94   87   81   76
   73   73   74   76   77   78   78   76   74   71   68   65   63   61   60   59
   58   58   58   58   58   57   57   56   54   53   52   53   54   56   60   64
   68   72   75   78   80   83   85   87   90   93   95   97   98   98   98   98
   97   95   95   93   98   99  101  104   98                                   
    62.5-180.0 180.0   5.0 450.0                            LAT/LON1/LON2/DLON/H
   97  103  104  104   99   98  101  105  108  107  104  100   94   86   79   73
   70   69   69   71   73   75   75   74   72   69   67   66   64   63   61   59
   56   54   52   51   50   49   48   47   46   45   45   46   49   52   57   62
   67   71   74   76   78   80   82   85   88   91   94   97   99  100  100  100
   99   97   98   96  100  102  104  107   97                                   
    60.0-180.0 180.0   5.0 450.0                            LAT/LON1/LON2/DLON/H
   97  102  102  100   93   92   94   98  102  103  101   99   93   85   78   71
   67   65   65   67   68   69   69   68   66   65   64   64   63   62   60   57
   53   49   46   43   41   40   39   38   38   38   39   41   44   49   54   60
   65   69   72   74   76   77   80   82   86   90   94   98  100  102  103  104
  103  101  102  101  104  106  108  111   97                                   
    57.5-180.0 180.0   5.0 450.0                            LAT/LON1/LON2/DLON/H
  102  105  103  100   92   88   89   93   97   99   98   97   92   85   78   71
   66   63   63   63   63   63   62   60   59   58   59   60   61   60   58   54
   49   44   40   37   35   34   34   34   34   34   36   39   43   48   53   59
   64   68   70   73   75   77   80   83   88   92   97  102  106  108  110  112
  111  110  111  110  113  114  115  118  102                                   
    55.0-180.0 180.0   5.0 450.0                            LAT/LON1/LON2/DLON/H
  111  113  110  105   95   89   88   90   93   94   95   94   91   85   78   72
   66   63   61   60   59   56   54   51   50   50   51   54   56   56   54   50
   45   39   35   32   31   31   31   32   33   34   36   39   43   48   54   59
   63   67   70   73   76   79   83   88   93   98  104  109  114  117  119  121
  121  121  122  121  124  124  124  127  111                                   
    52.5-180.0 180.0   5.0 450.0                            LAT/LON1/LON2/DLON/H
  125  126  122  116  105   96   93   91   93   92   92   92   90   85   79   73
   68   64   61   58   55   51   47   43   41   42   44   47   50   52   50   46
   41   36   33   31   31   31   32   34   35   36   38   41   45   50   55   60
   64   68   72   76   80   85   90   96  102  108  114  119  123  127  130  132
  132  132  134  133  136  135  135  137  125                                   
    50.0-180.0 180.0   5.0 450.0                            LAT/LON1/LON2/DLON/H
  140  142  138  133  120  109  103   99   96   93   92   91   89   86   81   76
   71   67   63   59   54   48   43   38   36   37   39   43   46   48   47   44
   40   36   34   33   34   35   37   38   39   41   42   45   49   53   58   63
   67   71   76   81   88   95  102  108  114  120  125  130  134  137  139  142
  143  143  144  143  146  145  145  147  140                                   
    47.5-180.0 180.0   5.0 450.0                            LAT/LON1/LON2/DLON/H
  155  158  154  151  138  127  119  111  105   99   96   94   92   89   85   80
   76   71   67   61   55   49   43   38   36   36   38   42   45   46   46   43
   40   38   37   38   40   42   44   45   46   46   48   50   53   58   62   67
   71   76   82   90   98  107  116  123  128  133  137  140  143  145  147  150
  150  151  152  151  154  153  153  154  155                                   
    45.0-180.0 180.0   5.0 450.0                            LAT/LON1/LON2/DLON/H
  166  170  168  168  156  144  135  125  117  109  103  100   98   95   91   87
   82   77   72   66   59   53   48   44   41   41   42   45   47   47   46   45
   43   42   42   44   47   49   51   52   52   53   54   56   58   62   67   72
   77   83   90  100  111  121  130  137  141  144  146  148  150  151  153  155
  156  156  157  156  158  157  158  159  166                                   
    42.5-180.0 180.0   5.0 450.0                            LAT/LON1/LON2/DLON/H
  173  178  176  179  169  159  150  139  130  120  113  110  107  104  100   95
   91   85   79   73   67   61   57   54   52   51   51   52   52   51   50   48
   47   47   49   52   54   57   57   58   58   59   59   61   64   67   72   78
   84   90   99  110  123  134  143  149  152  153  154  154  155  156  158  160
  161  161  161  159  161  159  160  161  173                                   
    40.0-180.0 180.0   5.0 450.0                            LAT/LON1/LON2/DLON/H
  176  179  178  182  176  167  159  150  141  131  124  121  118  115  111  106
  101   95   88   82   76   72   70   68   67   66   64   62   60   57   55   53
   52   53   56   59   61   63   63   63   63   64   65   67   69   72   78   84
   90   98  107  119  132  144  153  158  159  159  160  160  161  162  164  167
  168  168  167  164  164  161  161  162  176                                   
    37.5-180.0 180.0   5.0 450.0                            LAT/LON1/LON2/DLON/H
  176  177  175  179  176  169  164  157  150  141  135  132  130  128  124  118
  112  104   97   91   86   84   84   84   84   82   79   75   69   65   61   58
   58   59   62   65   67   67   67   67   68   69   71   72   74   77   82   89
   96  104  113  125  138  151  159  163  165  165  166  168  169  171  174  178
  179  179  177  173  171  165  165  164  176                                   
    35.0-180.0 180.0   5.0 450.0                            LAT/LON1/LON2/DLON/H
  178  175  171  173  173  168  165  161  156  149  144  143  142  140  136  130
  122  114  106   99   95   95   97   99  100   98   94   87   80   73   68   65
   64   66   68   71   72   72   71   71   73   75   76   77   78   81   86   92
   99  107  116  128  142  154  163  168  171  173  176  179  183  186  191  196
  198  197  194  187  183  174  173  170  178                                   
    32.5-180.0 180.0   5.0 450.0                            LAT/LON1/LON2/DLON/H
  184  178  172  171  173  169  167  165  162  156  153  152  152  151  147  140
  131  122  113  106  104  105  108  112  113  111  106   98   89   81   74   71
   71   72   75   77   78   77   76   76   78   80   82   82   81   83   87   94
  100  108  117  129  143  157  167  174  179  185  191  197  203  208  214  219
  222  221  217  208  202  190  187  183  184                                   
    30.0-180.0 180.0   5.0 450.0                            LAT/LON1/LON2/DLON/H
  198  192  184  180  182  178  177  175  173  166  162  162  161  160  156  148
  138  128  119  113  111  113  117  121  123  120  114  106   96   88   81   78
   77   79   82   84   84   83   82   82   84   86   86   85   83   83   87   93
  100  108  117  130  145  161  174  184  193  202  212  221  228  235  242  248
  251  250  244  234  225  211  207  202  198                                   
    27.5-180.0 180.0   5.0 450.0                            LAT/LON1/LON2/DLON/H
  220  217  208  203  205  201  201  197  192  183  176  173  171  169  163  155
  144  133  124  118  117  120  124  128  128  125  120  112  103   94   88   85
   85   87   90   92   92   91   89   89   90   91   90   87   83   82   85   91
  100  108  119  133  150  169  185  199  213  226  238  250  258  265  272  279
  281  279  272  261  251  237  232  228  220                                   
    25.0-180.0 180.0   5.0 450.0                            LAT/LON1/LON2/DLON/H
  250  252  243  241  243  239  240  234  224  210  198  190  185  179  172  161
  149  137  129  124  124  127  131  132  131  128  122  116  108  100   94   92
   92   95   99  101  101  100   98   96   96   96   93   88   83   80   83   90
  100  111  123  139  159  180  201  220  237  254  269  281  290  296  302  307
  309  306  299  288  277  264  260  258  250                                   
    22.5-180.0 180.0   5.0 450.0                            LAT/LON1/LON2/DLON/H
  285  294  289  291  293  290  292  283  269  248  229  215  204  194  183  170
  156  143  135  131  132  135  138  137  134  130  125  119  113  106  101   99
  100  104  108  111  111  109  107  104  102  100   95   89   82   79   82   90
  102  115  130  148  171  196  221  244  265  285  301  313  320  325  328  332
  332  329  322  312  301  291  288  290  285                                   
    20.0-180.0 180.0   5.0 450.0                            LAT/LON1/LON2/DLON/H
  322  338  341  349  351  351  354  341  322  295  269  248  231  215  199  182
  166  152  144  141  142  145  146  144  138  133  128  124  118  113  108  107
  109  113  117  120  121  119  116  112  108  104   98   90   82   78   82   91
  105  120  138  159  185  213  242  269  293  315  331  342  348  349  351  352
  351  348  342  333  324  316  316  322  322                                   
    17.5-180.0 180.0   5.0 450.0                            LAT/LON1/LON2/DLON/H
  355  377  386  401  406  410  415  401  379  348  316  288  264  243  222  200
  181  166  157  154  156  158  157  152  145  138  133  130  125  120  115  114
  116  120  124  127  128  127  124  119  114  108  100   91   83   79   82   92
  107  125  145  170  199  230  262  292  318  340  357  366  370  370  369  369
  367  363  358  353  344  339  343  352  355                                   
    15.0-180.0 180.0   5.0 450.0                            LAT/LON1/LON2/DLON/H
  382  404  415  434  444  452  460  449  429  397  363  331  303  276  249  224
  201  184  174  171  171  172  170  163  154  146  141  137  132  127  123  121
  123  126  129  131  132  131  128  123  117  110  101   92   83   79   82   92
  108  128  151  179  211  245  278  309  337  360  376  385  388  388  386  384
  381  378  375  372  365  363  370  382  382                                   
    12.5-180.0 180.0   5.0 450.0                            LAT/LON1/LON2/DLON/H
  401  418  424  443  457  469  481  475  461  433  402  371  341  311  281  252
  226  207  195  190  188  187  183  175  165  155  149  144  139  133  128  126
  127  128  130  131  132  131  128  123  117  109  101   92   84   79   81   91
  107  129  155  185  219  254  289  321  349  372  388  399  403  404  402  399
  396  392  391  391  386  389  399  411  401                                   
    10.0-180.0 180.0   5.0 450.0                            LAT/LON1/LON2/DLON/H
  415  424  420  435  449  463  476  477  469  449  425  399  372  342  311  281
  254  232  218  210  205  201  195  186  174  165  157  151  145  138  132  129
  128  128  128  128  128  127  125  120  113  106   99   92   84   79   80   89
  105  127  155  187  223  259  294  325  354  377  395  407  414  416  415  412
  409  407  408  412  409  415  428  440  415                                   
     7.5-180.0 180.0   5.0 450.0                            LAT/LON1/LON2/DLON/H
  427  428  415  420  430  442  454  459  457  446  430  412  390  364  336  306
  279  257  240  228  220  213  204  194  182  171  163  155  147  140  133  129
