data/edconvlstm_nd/pred1540.15i
     1.0            IONOSPHERE MAPS     GNSS                IONEX VERSION / TYPE
pyspatialgeodesy        IME             05-JAN-18 20:20     PGM / RUN BY / DATE 
Map Name                                                    COMMENT             
Predicted global ionosphere maps (GIM).                     DESCRIPTION         
  2015     6     3     0     0     0                        EPOCH OF FIRST MAP  
  2015     6     4     0     0     0                        EPOCH OF LAST MAP   
  7200                                                      INTERVAL            
    13                                                      # OF MAPS IN FILE   
  NONE                                                      MAPPING FUNCTION    
10.0                                                        ELEVATION CUTOFF    
One-way carrier phase leveled to code                       OBSERVABLES USED    
  6371.0                                                    BASE RADIUS         
 2                                                          MAP DIMENSION       
   450.0 450.0   0.0                                        HGT1 / HGT2 / DHGT  
    87.5 -87.5  -2.5                                        LAT1 / LAT2 / DLAT  
  -180.0 180.0   5.0                                        LON1 / LON2 / DLON  
    -1                                                      EXPONENT            
                                                            END OF HEADER       
[from data line 3003]
     8                                                      START OF TEC MAP    
  2015     6     3    14     0     0                        EPOCH OF CURRENT MAP
    87.5-180.0 180.0   5.0 450.0                            LAT/LON1/LON2/DLON/H
  167  166  160  166  168  168  167  166  168  169  169  169  170  170  170  170
  170  170  170  170  170  169  169  169  169  168  168  168  168  168  167  167
  167  167  167  167  167  167  167  167  167  167  167  167  167  167  167  167
  167  167  168  168  167  167  167  167  167  167  166  166  166  165  165  164
  164  164  163  162  169  167  172  168  167                                   
    85.0-180.0 180.0   5.0 450.0                            LAT/LON1/LON2/DLON/H
  160  163  172  167  166  170  171  172  174  175  175  176  176  177  177  177
  177  177  177  177  177  176  176  176  175  175  175  175  175  175  175  174
  174  174  174  174  173  173  173  173  173  173  173  173  173  173  173  173
  173  173  173  173  173  173  173  172  172  172  172  171  171  170  170  169
  170  170  166  164  164  161  165  167  160                                   
    82.5-180.0 180.0   5.0 450.0                            LAT/LON1/LON2/DLON/H
  144  156  158  155  155  160  163  165  166  168  169  170  171  172  173  173
  173  173  173  173  172  172  172  171  171  171  171  171  171  171  171  171
  171  171  170  170  169  169  169  168  168  168  168  168  168  168  168  168
  168  168  168  168  168  168  168  168  168  167  167  166  165  164  163  161
  161  159  155  156  154  159  157  148  144                                   
    80.0-180.0 180.0   5.0 450.0                            LAT/LON1/LON2/DLON/H
  138  146  151  151  151  154  157  161  163  166  167  169  170  172  173  173
  173  173  173  172  172  171  170  170  169  169  169  169  169  170  169  169
  169  169  168  167  167  166  165  165  165  165  165  166  166  166  167  167
  167  167  168  168  168  168  168  168  168  167  166  165  164  162  160  159
  157  155  151  151  147  146  149  141  138                                   
    77.5-180.0 180.0   5.0 450.0                            LAT/LON1/LON2/DLON/H
  138  141  146  147  148  152  154  158  161  163  164  167  169  170  171  172
  172  172  172  171  170  170  169  169  168  169  169  169  170  170  171  171
  171  170  170  169  168  167  166  166  166  166  166  167  167  168  169  169
  170  170  170  171  171  171  171  171  171  171  170  169  167  165  162  160
  157  153  149  148  147  142  143  141  138                                   
    75.0-180.0 180.0   5.0 450.0                            LAT/LON1/LON2/DLON/H
  135  139  141  144  145  150  152  155  158  161  162  165  167  168  169  170
  171  171  170  170  169  168  168  168  168  168  169  170  171  172  173  174
  174  174  173  172  171  169  169  168  168  168  169  169  170  171  172  172
  173  173  173  173  174  174  174  175  175  175  175  174  172  170  167  164
  160  156  152  146  145  141  143  134  135                                   
    72.5-180.0 180.0   5.0 450.0                            LAT/LON1/LON2/DLON/H
  134  139  140  144  144  148  151  153  155  157  159  161  163  165  166  167
  168  168  167  167  166  166  166  166  166  167  168  170  172  173  175  176
  176  176  175  174  173  171  170  169  169  169  170  171  172  173  174  174
  174  174  174  174  174  175  175  176  177  178  179  178  177  175  173  170
  165  160  155  150  146  143  143  139  134                                   
    70.0-180.0 180.0   5.0 450.0                            LAT/LON1/LON2/DLON/H
  138  140  141  144  143  145  147  149  150  152  154  156  158  160  162  162
  163  163  163  163  162  162  162  162  163  164  166  168  170  172  174  176
  177  177  176  175  173  172  170  169  169  169  170  172  173  173  174  173
  173  172  171  170  171  171  173  175  177  178  180  181  181  180  178  175
  171  165  160  154  150  146  148  144  138                                   
    67.5-180.0 180.0   5.0 450.0                            LAT/LON1/LON2/DLON/H
  144  145  146  148  146  147  148  149  150  152  153  156  158  160  162  163
  163  163  163  163  163  163  163  163  165  166  168  170  173  175  177  179
  180  180  179  178  176  174  173  172  172  172  174  175  176  176  176  175
  173  172  170  169  169  171  172  175  178  181  184  186  187  187  186  184
  180  175  169  162  156  152  152  148  144                                   
    65.0-180.0 180.0   5.0 450.0                            LAT/LON1/LON2/DLON/H
  149  149  148  149  145  145  144  145  146  148  150  153  156  159  161  162
  162  162  162  161  161  161  162  163  164  166  169  171  174  177  179  181
  182  182  181  180  178  176  174  174  174  175  176  178  178  178  177  175
  172  170  168  167  167  168  171  174  178  182  186  189  191  192  191  190
  186  181  175  169  163  158  160  155  149                                   
    62.5-180.0 180.0   5.0 450.0                            LAT/LON1/LON2/DLON/H
  153  151  149  148  143  143  141  141  142  145  148  152  156  159  161  163
  163  162  162  161  160  160  161  163  165  168  171  174  177  179  181  183
  184  184  183  181  180  178  176  176  177  178  180  181  182  181  179  175
  172  169  167  166  167  169  172  176  180  184  188  191  193  194  194  193
  190  185  179  173  166  161  162  158  153                                   
    60.0-180.0 180.0   5.0 450.0                            LAT/LON1/LON2/DLON/H
  154  150  147  146  139  138  136  135  136  140  144  149  154  159  162  163
  164  163  161  160  159  159  161  163  166  170  173  177  180  182  184  185
  185  185  184  183  182  180  179  179  180  182  184  185  185  183  180  176
  173  169  168  167  169  171  175  178  182  186  189  192  193  194  194  193
  189  185  179  172  165  160  161  158  154                                   
    57.5-180.0 180.0   5.0 450.0                            LAT/LON1/LON2/DLON/H
  151  146  143  142  135  134  131  130  132  135  140  147  153  158  163  165
  165  164  162  160  159  159  161  164  168  173  177  181  184  187  188  189
  189  188  187  186  185  185  184  185  186  188  190  191  190  188  184  180
  176  173  171  172  174  177  180  184  187  189  191  192  193  193  192  190
  186  181  175  169  162  156  157  155  151                                   
    55.0-180.0 180.0   5.0 450.0                            LAT/LON1/LON2/DLON/H
  146  141  139  138  131  130  128  127  128  132  137  144  151  158  163  166
  168  167  164  162  160  160  163  167  172  177  182  187  190  192  193  193
  192  192  191  191  191  190  191  192  193  195  197  197  196  193  189  184
  180  178  177  178  181  184  187  190  192  193  193  192  191  189  188  185
  181  176  169  162  155  150  151  149  146                                   
    52.5-180.0 180.0   5.0 450.0                            LAT/LON1/LON2/DLON/H
  140  136  134  135  129  128  126  125  126  130  135  142  150  157  163  168
  170  170  168  165  163  163  166  171  176  182  188  192  195  197  197  197
  196  196  196  197  197  198  199  200  201  202  204  204  202  199  194  190
  186  184  184  185  188  190  193  195  196  195  194  192  189  186  183  180
  175  170  163  156  149  143  144  142  140                                   
    50.0-180.0 180.0   5.0 450.0                            LAT/LON1/LON2/DLON/H
  134  133  132  133  129  129  127  126  128  131  135  142  149  156  163  170
  174  175  174  172  170  170  172  177  183  189  194  198  200  202  202  201
  201  201  203  205  207  208  209  209  209  210  211  210  209  205  200  196
  193  191  191  192  193  195  197  198  198  197  195  191  187  183  180  176
  171  165  158  151  144  138  138  137  134                                   
    47.5-180.0 180.0   5.0 450.0                            LAT/LON1/LON2/DLON/H
  131  133  131  134  131  132  131  130  131  134  137  143  149  156  164  172
  179  182  182  181  179  179  181  186  191  196  200  203  205  206  206  206
  207  209  212  216  219  221  221  220  219  219  218  217  215  211  207  203
  199  197  196  196  196  197  197  198  198  197  195  191  187  183  179  175
  170  164  157  150  142  136  136  134  131                                   
    45.0-180.0 180.0   5.0 450.0                            LAT/LON1/LON2/DLON/H
  129  133  132  135  133  135  134  134  136  138  141  145  151  157  166  176
  184  189  192  191  190  191  193  196  201  204  207  208  209  210  211  212
  215  219  225  230  235  237  236  234  231  229  227  225  223  219  215  210
  206  203  201  199  197  196  196  197  197  197  196  193  189  185  182  178
  172  166  159  152  144  138  137  134  129                                   
    42.5-180.0 180.0   5.0 450.0                            LAT/LON1/LON2/DLON/H
  129  135  132  135  134  136  137  137  140  143  146  150  154  160  169  179
  190  197  201  203  203  204  205  208  211  212  213  213  214  215  217  220
  226  233  242  249  255  256  255  251  246  242  238  236  233  229  224  219
  214  210  206  202  198  196  195  196  197  199  199  197  195  191  188  184
  178  172  165  157  149  143  141  136  129                                   
    40.0-180.0 180.0   5.0 450.0                            LAT/LON1/LON2/DLON/H
  130  135  131  133  132  134  136  138  142  147  151  155  159  165  173  184
  195  204  210  213  215  216  218  219  220  220  220  219  220  222  226  232
  241  252  263  273  279  280  277  271  264  258  254  250  247  242  237  231
  224  219  213  207  202  198  197  198  201  204  205  205  203  201  198  194
  187  181  173  165  156  149  147  140  130                                   
    37.5-180.0 180.0   5.0 450.0                            LAT/LON1/LON2/DLON/H
  130  134  128  127  126  127  130  134  141  148  155  160  165  170  178  188
  200  210  217  222  225  226  228  229  229  228  228  227  228  232  238  248
  261  275  289  300  306  307  303  295  286  279  274  270  266  261  254  246
  239  231  224  217  211  207  206  207  211  214  216  217  216  213  210  205
  198  190  181  173  163  156  153  144  130                                   
    35.0-180.0 180.0   5.0 450.0                            LAT/LON1/LON2/DLON/H
  130  131  124  120  118  118  120  125  135  146  156  164  170  176  183  192
  203  214  223  228  232  234  236  237  237  237  237  237  240  246  255  268
  284  301  317  329  336  335  330  321  312  304  298  294  290  284  276  267
  258  249  241  234  227  223  222  223  226  229  232  232  231  228  223  217
  208  199  189  180  170  162  159  148  130                                   
    32.5-180.0 180.0   5.0 450.0                            LAT/LON1/LON2/DLON/H
  129  129  120  113  109  107  110  115  126  140  154  166  174  180  187  196
  206  217  226  233  237  240  242  244  245  246  248  251  256  264  276  292
  310  330  347  359  364  363  357  348  340  332  327  322  318  311  302  292
  282  273  265  258  252  247  245  245  247  248  249  249  246  242  236  228
  217  207  196  186  175  168  164  152  129                                   
    30.0-180.0 180.0   5.0 450.0                            LAT/LON1/LON2/DLON/H
  131  128  118  109  103  100  101  105  117  133  149  164  175  183  190  198
  208  218  228  235  240  244  247  250  254  258  262  268  276  287  301  318
  338  357  374  385  389  387  381  374  366  360  356  352  348  341  332  321
  311  303  295  289  283  277  273  271  269  268  266  263  260  254  246  236
  223  213  201  191  180  173  169  157  131                                   
    27.5-180.0 180.0   5.0 450.0                            LAT/LON1/LON2/DLON/H
  134  132  120  109  102   97   97   99  110  125  143  161  174  184  192  200
  210  220  229  237  243  248  253  258  265  272  280  289  299  311  326  344
  363  382  397  406  409  406  401  395  390  387  384  381  377  371  362  352
  343  335  329  323  316  309  301  294  288  283  278  273  268  261  252  240
  227  216  204  194  184  177  173  162  134                                   
    25.0-180.0 180.0   5.0 450.0                            LAT/LON1/LON2/DLON/H
  141  140  128  116  107  101   99   98  106  120  138  156  172  184  193  202
  211  222  231  240  247  253  259  268  278  289  300  311  323  336  351  368
  386  402  415  422  422  419  415  412  410  408  407  405  403  398  390  381
  374  368  363  356  347  336  323  310  299  289  281  275  269  261  252  240
  227  216  205  196  186  181  177  167  141                                   
    22.5-180.0 180.0   5.0 450.0                            LAT/LON1/LON2/DLON/H
  149  151  139  127  117  109  105  102  107  117  133  151  168  182  193  203
  214  224  235  244  252  259  269  280  294  308  322  334  347  359  373  388
  403  417  427  431  431  428  425  424  424  424  424  423  422  418  412  406
  400  396  391  383  371  353  334  315  298  284  274  267  262  254  246  235
  223  214  204  197  188  184  180  172  149                                   
    20.0-180.0 180.0   5.0 450.0                            LAT/LON1/LON2/DLON/H
  157  162  152  140  129  121  116  109  110  117  129  146  164  180  193  205
  217  228  239  249  258  268  280  295  312  328  343  356  368  380  392  404
  417  428  435  437  436  434  433  433  435  435  435  435  434  432  428  424
  420  417  411  400  383  359  333  308  287  270  259  252  247  241  234  226
  217  211  203  197  189  185  182  175  157                                   
    17.5-180.0 180.0   5.0 450.0                            LAT/LON1/LON2/DLON/H
  162  170  161  151  141  133  126  118  115  118  127  142  160  177  193  207
  220  233  244  255  265  277  293  311  330  347  362  375  387  397  407  417
  427  435  441  442  441  440  440  442  443  443  443  442  441  439  437  434
  431  428  420  406  383  354  323  294  269  251  239  231  227  224  220  215
  209  205  200  195  188  185  181  175  162                                   
    15.0-180.0 180.0   5.0 450.0                            LAT/LON1/LON2/DLON/H
  162  171  164  156  147  140  134  125  120  120  126  139  156  175  193  209
  224  238  250  261  272  287  305  326  346  364  378  391  401  411  420  429
  436  442  446  448  448  448  450  452  452  450  447  445  443  442  440  438
  434  429  419  401  374  342  307  276  250  231  218  211  207  205  204  202
  200  200  197  192  185  181  178  172  162                                   
    12.5-180.0 180.0   5.0 450.0                            LAT/LON1/LON2/DLON/H
  156  164  159  152  145  139  135  127  123  121  126  137  154  173  193  211
  228  242  254  266  278  295  316  338  360  378  391  402  413  423  432  439
  445  450  453  456  457  459  461  462  461  457  451  446  443  441  438  435
  430  422  409  388  359  324  289  258  233  214  201  194  191  190  190  191
  192  193  192  188  181  175  171  165  156                                   
    10.0-180.0 180.0   5.0 450.0                            LAT/LON1/LON2/DLON/H
  146  152  146  140  135  130  129  124  121  120  124  134  151  171  192  212
  230  246  258  270  283  301  323  347  370  387  400  411  422  433  442  449
  454  458  462  465  468  470  472  472  468  461  453  445  440  436  433  427
  419  408  392  370  340  306  272  244  221  203  191  183  179  178  180  182
  184  187  186  182  174  167  162  155  146                                   
     7.5-180.0 180.0   5.0 450.0                            LAT/LON1/LON2/DLON/H
  135  138  131  124  120  115  117  115  115  116  120  131  147  168  190  212
  232  248  261  273  286  304  328  353  376  393  406  418  430  442  452  460
