data/edconvlstm_nd/pred2220.15i
     1.0            IONOSPHERE MAPS     GNSS                IONEX VERSION / TYPE
pyspatialgeodesy        IME             05-JAN-18 20:20     PGM / RUN BY / DATE 
Map Name                                                    COMMENT             
Predicted global ionosphere maps (GIM).                     DESCRIPTION         
  2015     8    10     0     0     0                        EPOCH OF FIRST MAP  
  2015     8    11     0     0     0                        EPOCH OF LAST MAP   
  7200                                                      INTERVAL            
    13                                                      # OF MAPS IN FILE   
  NONE                                                      MAPPING FUNCTION    
10.0                                                        ELEVATION CUTOFF    
One-way carrier phase leveled to code                       OBSERVABLES USED    
  6371.0                                                    BASE RADIUS         
 2                                                          MAP DIMENSION       
   450.0 450.0   0.0                                        HGT1 / HGT2 / DHGT  
    87.5 -87.5  -2.5                                        LAT1 / LAT2 / DLAT  
  -180.0 180.0   5.0                                        LON1 / LON2 / DLON  
    -1                                                      EXPONENT            
                                                            END OF HEADER       
[from data line 4719]
    12                                                      START OF TEC MAP    
  2015     8    10    22     0     0                        EPOCH OF CURRENT MAP
    87.5-180.0 180.0   5.0 450.0                            LAT/LON1/LON2/DLON/H
  155  140  125  132  133  130  130  128  128  129  128  128  128  128  128  127
  127  126  126  125  124  123  122  122  121  120  119  118  117  116  115  115
  114  113  113  112  112  111  111  111  111  110  110  111  111  111  112  112
  113  113  114  114  115  115  116  117  117  118  119  119  120  121  121  121
  122  122  122  123  135  133  143  146  155                                   
    85.0-180.0 180.0   5.0 450.0                            LAT/LON1/LON2/DLON/H
  152  146  148  139  136  138  138  140  139  141  140  140  140  140  140  140
  139  138  137  136  135  134  132  131  130  129  127  126  125  124  123  122
  121  120  119  118  117  116  116  116  115  115  116  116  116  117  118  118
  119  120  121  122  123  124  125  126  127  128  129  129  130  131  132  132
  134  134  133  132  135  131  132  135  152                                   
    82.5-180.0 180.0   5.0 450.0                            LAT/LON1/LON2/DLON/H
  134  132  132  129  128  131  135  135  134  135  136  137  137  137  137  137
  136  135  134  132  130  128  126  125  123  121  119  118  116  115  114  112
  111  110  109  108  107  106  105  105  104  104  105  105  106  107  108  109
  110  112  113  114  116  117  118  119  120  121  122  123  124  125  126  126
  127  126  125  129  131  138  129  130  134                                   
    80.0-180.0 180.0   5.0 450.0                            LAT/LON1/LON2/DLON/H
  125  125  130  126  125  124  131  135  137  139  141  143  144  145  145  144
  143  142  140  137  135  132  129  127  124  122  120  118  116  115  113  112
  111  110  108  107  105  104  103  103  102  102  103  103  105  106  108  109
  111  113  114  116  117  118  119  120  121  122  123  124  125  126  127  128
  128  128  128  129  127  125  121  129  125                                   
    77.5-180.0 180.0   5.0 450.0                            LAT/LON1/LON2/DLON/H
  127  117  125  122  124  126  132  137  140  144  146  150  152  154  154  154
  153  151  148  145  142  138  134  131  128  125  122  120  119  118  117  116
  115  113  112  111  109  108  106  105  105  105  105  106  108  109  111  113
  115  117  119  120  121  121  122  122  123  124  124  125  126  126  127  128
  127  127  126  127  129  122  124  136  127                                   
    75.0-180.0 180.0   5.0 450.0                            LAT/LON1/LON2/DLON/H
  123  115  118  115  118  123  129  134  140  147  151  156  159  162  163  162
  161  159  155  151  147  143  138  134  130  127  124  122  121  120  119  119
  119  118  117  115  114  112  110  108  107  107  107  108  110  112  114  117
  119  120  121  122  122  122  122  122  122  122  123  123  124  125  126  127
  127  127  127  123  123  115  116  118  123                                   
    72.5-180.0 180.0   5.0 450.0                            LAT/LON1/LON2/DLON/H
  117  109  111  116  116  121  129  135  140  148  154  160  164  168  169  169
  168  165  161  156  150  145  139  133  128  124  121  118  117  116  116  117
  117  117  116  115  113  111  108  106  105  104  104  105  107  109  111  114
  116  117  118  118  118  117  117  116  115  115  116  116  117  118  120  120
  120  120  119  115  113  109  109  118  117                                   
    70.0-180.0 180.0   5.0 450.0                            LAT/LON1/LON2/DLON/H
  116  108  108  110  111  116  123  131  138  147  154  161  166  170  172  172
  171  167  163  157  151  145  138  131  125  120  116  113  111  111  111  113
  114  114  114  113  110  108  104  102   99   98   98   98  100  102  104  106
  108  109  109  109  108  107  106  105  105  105  106  107  108  110  112  113
  113  113  114  112  111  107  109  116  116                                   
    67.5-180.0 180.0   5.0 450.0                            LAT/LON1/LON2/DLON/H
  120  112  113  116  118  122  130  137  144  153  160  168  174  179  181  181
  180  176  171  166  159  152  144  136  129  122  117  113  111  110  111  112
  114  115  115  114  111  108  104  100   97   95   95   95   96   98  100  102
  103  103  103  103  102  101  100   99   99  100  102  104  106  107  110  112
  112  112  112  110  108  106  107  114  120                                   
    65.0-180.0 180.0   5.0 450.0                            LAT/LON1/LON2/DLON/H
  124  117  118  121  122  125  131  137  144  153  160  168  174  179  182  183
  181  178  174  168  162  155  147  139  130  123  116  111  109  108  109  110
  112  113  112  111  108  103   99   95   91   89   87   87   88   89   90   90
   91   90   90   89   88   87   87   87   89   91   93   96   99  102  104  106
  107  108  109  109  109  109  111  118  124                                   
    62.5-180.0 180.0   5.0 450.0                            LAT/LON1/LON2/DLON/H
  131  126  128  130  131  134  138  142  148  154  161  168  175  180  183  184
  184  182  178  173  168  161  154  145  136  128  121  115  112  111  111  112
  113  113  113  110  107  102   97   92   88   85   84   83   83   82   82   82
   81   79   78   77   76   76   77   79   82   86   90   94   97  100  103  104
  105  106  107  107  109  109  113  119  131                                   
    60.0-180.0 180.0   5.0 450.0                            LAT/LON1/LON2/DLON/H
  139  135  138  140  140  140  143  146  149  154  159  165  171  177  180  182
  183  182  179  176  172  166  160  152  144  136  129  123  119  118  117  118
  118  117  115  112  107  102   97   93   89   86   83   82   80   79   77   75
   72   70   68   66   66   67   69   72   77   82   87   92   96   99  102  103
  103  104  106  106  109  112  118  124  139                                   
    57.5-180.0 180.0   5.0 450.0                            LAT/LON1/LON2/DLON/H
  145  142  146  148  148  148  149  150  151  153  157  162  167  172  176  179
  180  180  178  177  174  171  166  160  153  146  140  135  131  130  128  127
  126  123  120  115  111  106  101   97   93   90   88   85   83   80   76   72
   68   64   61   59   59   61   64   69   75   82   88   93   98  101  103  103
  103  104  105  105  109  113  120  126  145                                   
    55.0-180.0 180.0   5.0 450.0                            LAT/LON1/LON2/DLON/H
  149  149  153  155  155  155  155  154  153  153  155  159  163  167  171  173
  175  175  175  175  175  173  171  167  162  157  152  149  146  145  142  140
  136  131  126  121  116  112  108  104  101   99   96   93   90   85   80   75
   69   64   60   57   57   58   62   68   75   83   90   96  100  103  105  105
  105  105  106  106  109  114  123  129  149                                   
    52.5-180.0 180.0   5.0 450.0                            LAT/LON1/LON2/DLON/H
  151  151  157  160  160  161  160  158  156  155  155  156  159  162  164  166
  167  168  170  171  172  173  172  171  168  166  164  163  161  160  157  152
  146  139  133  127  123  119  116  113  111  109  106  103   99   94   88   81
   74   68   63   60   59   60   64   70   77   85   93   99  103  106  108  109
  108  108  109  108  111  116  124  130  151                                   
    50.0-180.0 180.0   5.0 450.0                            LAT/LON1/LON2/DLON/H
  152  153  160  163  164  165  165  164  161  160  158  158  158  159  160  160
  161  162  163  166  168  171  172  173  173  173  174  175  175  173  169  163
  155  146  139  133  129  126  124  123  121  120  118  114  110  105   98   91
   84   77   71   67   64   64   68   73   81   89   96  103  107  110  113  114
  114  114  115  113  116  119  127  133  152                                   
    47.5-180.0 180.0   5.0 450.0                            LAT/LON1/LON2/DLON/H
  154  155  161  165  167  170  171  172  169  168  165  163  161  159  157  156
  155  156  158  161  165  168  171  174  176  178  181  184  185  184  179  171
  162  152  144  138  134  133  132  131  130  129  127  125  121  116  109  103
   96   89   82   76   72   71   73   78   85   93  101  107  112  115  119  122
  123  124  124  122  123  125  132  137  154                                   
    45.0-180.0 180.0   5.0 450.0                            LAT/LON1/LON2/DLON/H
  159  159  165  169  171  175  178  180  180  179  176  172  168  163  158  155
  153  153  155  159  163  167  171  174  178  182  187  191  193  191  186  177
  167  157  148  143  140  138  138  138  138  137  135  133  130  126  120  115
  108  101   94   87   82   79   80   84   91   98  106  112  117  122  127  132
  134  136  137  135  135  135  140  145  159                                   
    42.5-180.0 180.0   5.0 450.0                            LAT/LON1/LON2/DLON/H
  167  167  172  175  178  183  187  191  191  192  189  185  179  171  164  158
  155  154  156  160  165  169  173  177  181  186  191  196  198  197  191  183
  172  162  154  149  146  144  144  144  143  143  142  140  138  134  130  125
  120  113  105   97   91   86   86   89   96  104  112  119  125  131  137  143
  147  150  152  150  149  148  151  156  167                                   
    40.0-180.0 180.0   5.0 450.0                            LAT/LON1/LON2/DLON/H
  181  180  183  186  189  193  198  203  205  207  205  201  193  184  174  166
  162  161  162  166  170  174  178  182  186  191  197  202  204  203  197  189
  180  170  163  157  153  151  150  149  148  148  148  146  144  142  138  134
  129  123  115  106   98   93   92   95  101  109  118  126  133  140  148  155
  160  165  168  166  165  163  166  169  181                                   
    37.5-180.0 180.0   5.0 450.0                            LAT/LON1/LON2/DLON/H
  199  198  200  202  204  207  211  216  220  223  222  218  210  199  188  180
  174  172  173  176  179  183  186  190  194  199  205  210  212  211  206  199
  191  183  175  168  163  159  156  155  154  154  154  153  151  148  144  140
  135  129  121  112  104   98   96   99  106  115  124  134  142  150  158  166
  172  178  182  181  181  179  182  185  199                                   
    35.0-180.0 180.0   5.0 450.0                            LAT/LON1/LON2/DLON/H
  220  220  222  222  223  224  228  233  237  240  241  237  229  218  207  198
  191  188  188  189  192  195  197  201  205  210  216  221  223  222  219  214
  207  200  192  183  175  168  163  161  161  161  161  160  157  153  148  143
  138  132  124  115  107  101   99  102  109  119  129  140  150  159  167  175
  182  189  194  194  195  195  199  200  220                                   
    32.5-180.0 180.0   5.0 450.0                            LAT/LON1/LON2/DLON/H
  242  244  245  244  245  245  247  251  256  260  261  258  251  241  230  221
  213  208  205  205  206  208  211  214  218  224  230  235  237  237  235  232
  227  220  210  198  187  177  171  168  168  169  169  167  162  156  149  143
  138  131  124  116  108  103  101  103  110  120  132  144  155  165  174  182
  189  196  203  204  207  208  214  215  242                                   
    30.0-180.0 180.0   5.0 450.0                            LAT/LON1/LON2/DLON/H
  263  267  269  266  267  267  268  272  276  280  282  281  276  267  258  248
  238  230  225  221  221  222  225  228  233  239  245  250  252  252  252  250
  247  239  227  212  197  185  177  174  175  177  177  173  166  157  148  140
  134  128  121  114  108  103  101  103  109  119  131  144  157  168  178  187
  193  201  209  212  217  219  228  228  263                                   
    27.5-180.0 180.0   5.0 450.0                            LAT/LON1/LON2/DLON/H
  281  287  290  287  289  290  291  294  298  302  306  306  303  297  289  279
  267  256  246  240  237  237  239  242  247  253  259  264  266  267  267  266
  263  254  239  221  202  188  180  177  179  182  182  176  166  154  143  134
  127  122  117  111  106  102  100  101  105  114  126  140  154  167  179  189
  196  205  213  217  224  228  238  239  281                                   
    25.0-180.0 180.0   5.0 450.0                            LAT/LON1/LON2/DLON/H
  294  301  307  305  308  312  313  316  320  325  329  332  332  328  322  312
  299  284  270  260  255  253  255  257  261  266  271  275  277  277  277  277
  272  261  243  222  201  186  179  178  181  183  182  175  162  148  135  126
  119  115  111  108  104  101   98   97  100  107  118  132  148  164  178  190
  199  209  217  222  230  235  247  249  294                                   
    22.5-180.0 180.0   5.0 450.0                            LAT/LON1/LON2/DLON/H
  301  310  317  317  324  330  332  336  341  347  352  357  360  360  356  346
  331  314  296  283  275  272  272  272  274  277  281  282  282  281  280  278
  272  258  237  215  195  181  175  176  179  181  178  169  154  138  125  116
  111  107  105  104  101   99   95   93   93   98  107  121  139  157  175  190
  201  213  222  227  236  241  253  257  301                                   
    20.0-180.0 180.0   5.0 450.0                            LAT/LON1/LON2/DLON/H
  304  314  323  325  334  343  348  353  360  366  373  380  386  389  387  379
  364  345  325  310  300  295  291  289  287  287  287  286  283  280  276  271
  262  246  224  203  186  176  172  173  175  176  171  159  143  127  114  107
  103  101  100  100   99   96   92   88   86   88   96  110  128  150  172  190
  204  218  228  233  242  246  258  265  304                                   
    17.5-180.0 180.0   5.0 450.0                            LAT/LON1/LON2/DLON/H
  304  314  324  328  340  350  358  365  373  381  389  398  407  414  415  409
  396  376  356  340  328  321  314  307  302  297  293  288  281  274  266  258
  246  228  209  191  179  173  171  171  171  169  161  148  131  116  105   99
   97   96   97   97   96   93   88   83   80   80   86   99  118  143  168  191
  208  223  234  239  247  251  263  273  304                                   
    15.0-180.0 180.0   5.0 450.0                            LAT/LON1/LON2/DLON/H
  303  314  324  330  343  354  364  372  381  390  400  411  423  432  436  434
  423  406  388  371  359  349  339  328  317  307  299  289  278  266  255  243
  229  212  196  184  177  175  174  173  169  163  153  139  122  108   99   95
   94   94   94   94   93   90   85   79   74   72   77   89  110  136  165  191
  211  228  239  244  252  256  267  280  303                                   
    12.5-180.0 180.0   5.0 450.0                            LAT/LON1/LON2/DLON/H
  305  315  326  331  345  356  367  375  385  394  406  418  431  443  450  451
  445  432  416  402  389  377  363  348  332  318  305  292  276  261  246  232
  217  203  191  184  183  184  183  177  170  160  148  133  118  106   98   95
   95   94   94   93   91   87   81   74   69   67   71   83  103  131  163  192
  214  232  244  249  256  261  273  288  305                                   
    10.0-180.0 180.0   5.0 450.0                            LAT/LON1/LON2/DLON/H
  309  320  330  336  350  359  370  376  386  396  407  420  434  447  456  460
  459  451  440  427  414  400  384  366  347  329  313  296  278  260  243  228
  214  202  194  193  196  198  194  185  173  161  147  133  119  109  102  100
   98   96   94   91   88   84   78   71   65   63   66   78   99  128  161  191
  215  235  247  253  260  267  280  295  309                                   
     7.5-180.0 180.0   5.0 450.0                            LAT/LON1/LON2/DLON/H
  318  328  338  343  357  364  374  379  389  397  408  420  433  445  455  462
  464  462  454  444  431  416  399  379  358  339  321  302  283  264  247  232
