data/edconvlstm_nd/pred3040.15i
     1.0            IONOSPHERE MAPS     GNSS                IONEX VERSION / TYPE
pyspatialgeodesy        IME             05-JAN-18 20:20     PGM / RUN BY / DATE 
Map Name                                                    COMMENT             
Predicted global ionosphere maps (GIM).                     DESCRIPTION         
  2015    10    31     0     0     0                        EPOCH OF FIRST MAP  
  2015    11     1     0     0     0                        EPOCH OF LAST MAP   
  7200                                                      INTERVAL            
    13                                                      # OF MAPS IN FILE   
  NONE                                                      MAPPING FUNCTION    
10.0                                                        ELEVATION CUTOFF    
One-way carrier phase leveled to code                       OBSERVABLES USED    
  6371.0                                                    BASE RADIUS         
 2                                                          MAP DIMENSION       
   450.0 450.0   0.0                                        HGT1 / HGT2 / DHGT  
    87.5 -87.5  -2.5                                        LAT1 / LAT2 / DLAT  
  -180.0 180.0   5.0                                        LON1 / LON2 / DLON  
    -1                                                      EXPONENT            
                                                            END OF HEADER       
[from data line 3003]
     8                                                      START OF TEC MAP    
  2015    10    31    14     0     0                        EPOCH OF CURRENT MAP
    87.5-180.0 180.0   5.0 450.0                            LAT/LON1/LON2/DLON/H
   84   95   97  104  107  108  109  108  110  113  114  116  117  119  120  121
  122  123  123  123  123  123  122  121  120  119  118  116  114  112  110  107
  105  102   99   96   94   91   88   85   83   81   80   78   77   77   77   76
   77   77   78   79   79   80   81   82   83   84   85   86   87   88   88   89
   90   92   90   87   90   90  102  104   84                                   
    85.0-180.0 180.0   5.0 450.0                            LAT/LON1/LON2/DLON/H
   85  100  114  105  106  113  114  117  120  123  124  127  129  130  132  133
  135  136  136  137  137  137  136  136  135  133  132  130  127  125  122  118
  115  111  107  103   99   95   91   87   84   82   79   78   77   76   76   76
   77   78   79   81   82   84   85   87   89   90   91   93   94   95   95   96
   98   99   95   91   92   95   99   98   85                                   
    82.5-180.0 180.0   5.0 450.0                            LAT/LON1/LON2/DLON/H
   70   89   96   91   92   98  102  106  109  113  116  120  122  125  128  130
  132  134  135  136  137  138  138  138  137  136  135  133  130  127  123  119
  114  109  103   97   91   85   80   75   70   67   64   61   60   59   60   60
   62   63   65   68   70   72   75   77   79   81   82   83   84   85   85   86
   87   87   84   81   82   92   87   88   70                                   
    80.0-180.0 180.0   5.0 450.0                            LAT/LON1/LON2/DLON/H
   60   73   82   78   81   83   88   93   98  102  105  110  113  116  119  122
  125  128  130  132  133  135  136  137  137  137  136  135  133  130  126  121
  115  109  101   94   86   78   71   64   58   53   49   47   45   45   46   47
   50   52   56   59   62   66   69   72   74   77   78   79   80   80   80   80
   80   79   77   74   72   79   77   82   60                                   
    77.5-180.0 180.0   5.0 450.0                            LAT/LON1/LON2/DLON/H
   64   68   70   67   69   73   77   81   86   89   92   97  101  105  109  113
  116  120  123  126  129  132  135  137  139  141  142  142  141  140  137  132
  126  119  110  101   91   80   71   62   54   48   43   40   38   38   39   41
   44   48   52   56   60   64   68   71   74   76   77   78   79   78   77   76
   75   73   71   70   67   66   67   73   64                                   
    75.0-180.0 180.0   5.0 450.0                            LAT/LON1/LON2/DLON/H
   56   62   60   60   62   66   67   70   75   78   81   85   89   93   97  101
  106  110  115  119  124  128  133  137  142  146  149  152  154  154  153  149
  144  136  127  117  105   94   83   72   63   56   51   47   45   44   45   47
   50   53   56   60   64   67   70   73   76   78   79   79   79   78   77   75
   73   70   69   65   65   61   61   57   56                                   
    72.5-180.0 180.0   5.0 450.0                            LAT/LON1/LON2/DLON/H
   56   59   56   57   57   61   63   64   67   70   72   76   79   83   88   92
   98  103  109  115  121  127  134  141  147  154  160  165  169  171  172  170
  165  158  149  138  126  113  101   89   79   71   65   60   57   56   56   57
   58   60   61   63   65   67   69   71   73   75   76   76   76   74   73   71
   68   66   65   61   62   60   59   59   56                                   
    70.0-180.0 180.0   5.0 450.0                            LAT/LON1/LON2/DLON/H
   56   59   57   58   57   60   60   62   65   67   69   72   75   79   83   88
   94  101  108  116  124  132  141  149  158  167  175  182  188  192  194  194
  190  184  175  163  151  138  125  113  103   94   87   82   78   75   73   72
   70   69   68   67   67   66   66   67   68   69   70   71   71   71   70   68
   66   64   64   60   61   60   64   62   56                                   
    67.5-180.0 180.0   5.0 450.0                            LAT/LON1/LON2/DLON/H
   55   60   59   60   59   62   63   65   67   68   70   72   75   78   83   88
   95  103  112  121  130  140  150  160  170  180  189  198  205  210  213  213
  209  203  194  183  171  158  145  134  124  115  108  102   97   93   88   84
   79   75   70   66   63   60   59   59   59   60   62   64   65   66   66   66
   64   63   63   59   60   61   63   61   55                                   
    65.0-180.0 180.0   5.0 450.0                            LAT/LON1/LON2/DLON/H
   51   58   57   58   58   62   63   65   68   69   71   73   75   78   83   89
   97  106  117  128  139  151  162  173  184  194  203  212  220  225  228  229
  226  219  210  199  187  175  163  152  143  135  128  122  115  108  101   93
   85   76   69   61   55   51   48   47   47   49   51   54   56   58   60   60
   60   60   61   58   60   62   64   63   51                                   
    62.5-180.0 180.0   5.0 450.0                            LAT/LON1/LON2/DLON/H
   44   52   51   53   54   57   59   63   66   68   70   72   75   78   83   90
   99  110  121  134  147  160  172  183  193  203  212  221  228  234  237  237
  233  227  218  207  195  183  173  163  155  148  141  134  126  117  106   95
   84   73   63   54   46   41   37   35   36   38   40   44   47   50   52   54
   54   55   56   54   56   57   58   59   44                                   
    60.0-180.0 180.0   5.0 450.0                            LAT/LON1/LON2/DLON/H
   37   44   43   45   45   48   52   56   60   63   66   69   71   75   81   89
   99  111  124  138  152  166  178  189  199  208  217  225  231  237  240  240
  236  229  220  209  198  187  178  170  163  156  149  141  131  120  107   94
   81   69   57   48   40   34   30   29   29   31   34   37   41   44   47   48
   49   49   51   50   52   51   52   53   37                                   
    57.5-180.0 180.0   5.0 450.0                            LAT/LON1/LON2/DLON/H
   33   36   36   38   37   40   44   48   53   57   61   64   68   72   79   88
   99  112  127  142  157  171  183  194  203  211  219  226  232  237  240  240
  237  230  221  211  201  191  184  177  171  165  158  149  137  124  110   96
   82   70   59   50   43   38   34   33   33   34   36   39   42   45   47   49
   49   49   50   49   50   48   47   49   33                                   
    55.0-180.0 180.0   5.0 450.0                            LAT/LON1/LON2/DLON/H
   35   35   33   34   33   36   39   44   49   53   57   60   65   70   77   87
   99  113  129  145  161  175  187  197  205  212  219  225  231  236  239  240
  237  231  223  213  205  197  191  185  180  174  166  157  144  130  116  101
   88   77   67   60   55   51   48   47   46   46   47   49   51   53   54   55
   54   54   55   53   54   50   47   50   35                                   
    52.5-180.0 180.0   5.0 450.0                            LAT/LON1/LON2/DLON/H
   44   41   38   38   35   38   41   44   49   52   56   60   64   70   78   88
  101  116  132  149  165  179  190  199  206  212  218  224  230  235  238  239
  237  233  226  218  211  205  201  196  191  185  177  167  154  140  125  111
  100   90   83   78   74   72   70   69   68   67   66   66   67   67   68   67
   66   65   65   64   65   60   56   56   44                                   
    50.0-180.0 180.0   5.0 450.0                            LAT/LON1/LON2/DLON/H
   62   55   52   50   46   49   50   52   55   58   60   64   68   74   83   94
  107  122  139  156  171  184  194  202  208  214  219  224  229  233  237  238
  238  235  230  225  221  217  213  209  204  198  189  178  166  152  138  126
  115  108  103   99   97   95   94   93   91   90   89   87   86   86   85   83
   81   80   80   80   81   77   73   70   62                                   
    47.5-180.0 180.0   5.0 450.0                            LAT/LON1/LON2/DLON/H
   83   77   72   70   65   66   66   66   67   69   70   73   78   84   93  104
  118  133  150  166  180  192  201  207  212  217  221  225  228  232  234  236
  237  236  235  233  232  230  227  223  217  210  200  190  177  164  152  140
  131  125  120  117  115  114  112  111  111  109  108  106  104  103  101   99
   96   95   95   96   99   97   95   89   83                                   
    45.0-180.0 180.0   5.0 450.0                            LAT/LON1/LON2/DLON/H
  103   99   95   93   87   87   84   83   83   84   84   87   92   98  108  119
  133  148  163  178  191  201  208  213  217  221  223  226  227  229  230  232
  234  237  239  241  243  243  240  235  228  219  209  198  186  174  162  151
  142  136  131  127  124  121  120  120  120  120  120  119  117  115  112  110
  107  106  107  109  114  115  115  108  103                                   
    42.5-180.0 180.0   5.0 450.0                            LAT/LON1/LON2/DLON/H
  115  116  113  113  107  106  102  100   99   99  100  103  108  116  125  137
  150  165  179  193  204  212  217  220  223  225  227  227  226  224  224  226
  230  236  242  249  253  254  252  245  235  224  213  202  191  180  168  156
  146  138  132  126  121  117  116  117  119  121  123  123  121  119  117  114
  111  110  111  114  121  125  126  120  115                                   
    40.0-180.0 180.0   5.0 450.0                            LAT/LON1/LON2/DLON/H
  115  122  121  123  120  117  114  112  111  112  114  119  125  133  144  155
  168  182  196  208  217  223  225  227  228  229  230  228  224  220  219  221
  228  237  248  258  264  266  262  253  240  227  215  204  193  181  168  155
  144  134  126  118  111  106  104  106  111  116  119  120  120  118  115  112
  108  107  108  111  118  123  124  120  115                                   
    37.5-180.0 180.0   5.0 450.0                            LAT/LON1/LON2/DLON/H
  105  115  117  122  121  119  116  116  116  119  123  130  138  148  160  172
  185  198  210  221  228  232  232  232  232  233  232  229  223  218  217  221
  231  245  259  272  279  281  274  262  246  230  217  205  194  182  168  154
  141  130  120  111  102   96   94   97  104  110  115  117  116  113  110  106
  102   99  100  101  106  110  111  109  105                                   
    35.0-180.0 180.0   5.0 450.0                            LAT/LON1/LON2/DLON/H
   89  100  104  110  111  109  109  111  114  119  126  135  146  158  171  184
  197  210  222  231  237  239  237  235  235  235  234  231  226  222  222  230
  244  262  280  294  301  301  292  276  257  239  224  213  201  188  174  158
  145  133  124  115  106   99   97  100  107  114  118  119  116  112  107  103
   97   93   91   89   91   92   91   92   89                                   
    32.5-180.0 180.0   5.0 450.0                            LAT/LON1/LON2/DLON/H
   74   83   88   93   94   94   96   99  105  112  122  134  148  163  178  192
  205  218  229  239  243  244  240  237  235  236  237  236  234  233  238  251
  270  292  312  326  332  329  317  298  277  258  242  230  219  206  191  175
  163  153  146  139  131  124  121  122  127  133  135  133  127  121  114  107
  100   93   88   83   81   77   74   77   74                                   
    30.0-180.0 180.0   5.0 450.0                            LAT/LON1/LON2/DLON/H
   66   72   75   78   78   77   81   85   93  102  114  128  144  161  178  194
  208  221  233  242  247  246  241  237  235  237  241  244  247  252  264  283
  307  333  354  367  371  365  350  330  308  288  273  261  250  237  222  208
  198  192  190  187  181  174  169  167  169  170  168  161  152  142  133  125
  115  106   98   87   82   71   66   68   66                                   
    27.5-180.0 180.0   5.0 450.0                            LAT/LON1/LON2/DLON/H
   68   70   70   70   68   67   70   74   81   90  103  119  136  155  174  191
  206  220  233  243  248  246  241  236  235  239  246  255  265  278  298  325
  355  383  405  416  416  407  390  370  349  330  316  305  294  282  269  257
  251  250  253  255  252  246  238  231  227  223  215  204  190  177  166  156
  144  133  121  107   97   81   72   68   68                                   
    25.0-180.0 180.0   5.0 450.0                            LAT/LON1/LON2/DLON/H
   81   80   75   72   68   65   67   69   74   82   93  108  126  146  166  184
  200  216  230  241  247  246  240  235  235  242  254  269  287  310  338  372
  407  437  457  465  462  451  434  415  397  381  369  359  350  339  327  319
  316  321  329  335  335  327  316  303  292  281  268  252  235  219  206  196
  184  172  157  141  127  104   91   80   81                                   
    22.5-180.0 180.0   5.0 450.0                            LAT/LON1/LON2/DLON/H
  104   97   88   82   76   72   73   71   74   78   86   99  117  136  156  175
  193  210  226  238  245  245  241  237  238  247  264  286  312  343  379  418
  456  486  503  508  502  490  475  460  447  435  426  418  409  400  390  384
  384  391  402  410  410  399  383  364  347  330  313  294  275  259  246  237
  225  214  197  182  165  138  120  103  104                                   
    20.0-180.0 180.0   5.0 450.0                            LAT/LON1/LON2/DLON/H
  128  119  104   96   88   83   83   79   79   80   85   95  110  129  148  167
  186  204  222  235  244  245  243  241  245  257  278  306  339  376  416  458
  495  522  536  537  530  519  508  499  491  485  478  471  464  455  445  438
  437  442  450  455  452  437  416  392  371  353  336  318  301  286  276  268
  259  251  234  221  202  173  154  134  128                                   
    17.5-180.0 180.0   5.0 450.0                            LAT/LON1/LON2/DLON/H
  148  137  119  108   98   93   93   89   86   85   87   95  108  125  144  163
  183  202  220  235  245  249  249  250  257  273  297  329  365  404  445  485
  519  541  551  551  544  537  531  528  527  525  520  513  505  494  482  471
  463  460  461  459  450  431  406  381  359  344  331  318  306  295  288  284
  278  274  258  248  229  202  184  163  148                                   
    15.0-180.0 180.0   5.0 450.0                            LAT/LON1/LON2/DLON/H
  156  146  126  115  103   98   99   95   91   90   91   98  111  127  145  165
  185  205  224  240  251  256  260  265  276  295  322  354  390  428  466  500
  527  544  551  550  547  544  546  549  553  554  550  541  530  516  500  482
  464  450  439  427  412  390  364  339  321  311  305  299  293  286  283  282
  279  278  266  258  241  218  203  181  156                                   
    12.5-180.0 180.0   5.0 450.0                            LAT/LON1/LON2/DLON/H
  153  144  124  112  100   95   98   95   93   93   95  103  116  133  152  172
  193  215  235  251  262  270  277  286  302  323  351  382  414  447  478  505
  525  537  542  543  544  548  556  565  572  574  568  557  542  525  503  477
  449  422  399  378  357  332  307  287  274  270  271  272  271  268  266  266
  265  266  258  252  238  220  206  186  153                                   
    10.0-180.0 180.0   5.0 450.0                            LAT/LON1/LON2/DLON/H
  143  134  114  103   92   86   90   90   90   92   97  109  124  142  163  184
  207  230  250  266  278  288  299  314  333  357  384  411  438  463  486  504
  518  526  532  537  544  554  566  579  587  588  581  566  548  526  499  467
  429  391  357  328  303  278  257  241  234  236  243  248  250  248  247  246
  244  246  240  235  225  210  197  178  143                                   
     7.5-180.0 180.0   5.0 450.0                            LAT/LON1/LON2/DLON/H
  134  124  105   94   84   76   80   81   84   89   98  113  132  153  175  199
  223  248  269  285  298  310  325  344  368  394  418  440  460  477  492  504
