data/edconvlstm_nd/pred1530.15i
     1.0            IONOSPHERE MAPS     GNSS                IONEX VERSION / TYPE
pyspatialgeodesy        IME             05-JAN-18 20:20     PGM / RUN BY / DATE 
Map Name                                                    COMMENT             
Predicted global ionosphere maps (GIM).                     DESCRIPTION         
  2015     6     2     0     0     0                        EPOCH OF FIRST MAP  
  2015     6     3     0     0     0                        EPOCH OF LAST MAP   
  7200                                                      INTERVAL            
    13                                                      # OF MAPS IN FILE   
  NONE                                                      MAPPING FUNCTION    
10.0                                                        ELEVATION CUTOFF    
One-way carrier phase leveled to code                       OBSERVABLES USED    
  6371.0                                                    BASE RADIUS         
 2                                                          MAP DIMENSION       
   450.0 450.0   0.0                                        HGT1 / HGT2 / DHGT  
    87.5 -87.5  -2.5                                        LAT1 / LAT2 / DLAT  
  -180.0 180.0   5.0                                        LON1 / LON2 / DLON  
    -1                                                      EXPONENT            
                                                            END OF HEADER       
[from data line 1287]
     4                                                      START OF TEC MAP    
  2015     6     2     6     0     0                        EPOCH OF CURRENT MAP
    87.5-180.0 180.0   5.0 450.0                            LAT/LON1/LON2/DLON/H
  161  160  159  161  163  161  158  156  157  157  157  157  157  157  157  157
  156  156  155  154  153  153  152  151  150  149  148  147  146  145  144  144
  143  143  142  142  142  142  142  142  142  142  143  144  144  145  146  147
  148  149  150  151  152  153  154  154  154  155  155  155  155  155  154  155
  155  157  156  155  160  158  159  155  161                                   
    85.0-180.0 180.0   5.0 450.0                            LAT/LON1/LON2/DLON/H
  163  168  167  168  169  168  168  167  168  168  168  168  168  168  168  168
  167  166  166  165  164  163  162  161  160  158  157  156  155  155  154  153
  152  152  151  151  151  151  151  151  152  152  153  154  155  157  158  160
  161  163  164  166  167  168  169  170  170  171  171  171  171  171  170  170
  171  172  168  169  164  163  164  161  163                                   
    82.5-180.0 180.0   5.0 450.0                            LAT/LON1/LON2/DLON/H
  167  172  172  166  167  167  166  165  166  166  166  166  167  167  167  166
  166  165  164  163  162  160  159  157  156  154  153  151  150  149  148  148
  147  147  146  146  146  146  147  147  148  149  151  153  155  157  160  162
  164  167  169  171  173  175  176  177  178  178  178  178  178  177  177  176
  176  176  171  172  172  168  163  154  167                                   
    80.0-180.0 180.0   5.0 450.0                            LAT/LON1/LON2/DLON/H
  166  169  164  161  162  161  161  161  161  161  161  162  162  163  163  163
  163  162  161  159  157  155  153  150  148  146  144  142  141  140  139  139
  139  138  138  138  138  139  140  141  142  145  147  150  153  157  160  164
  168  171  174  177  179  181  182  184  184  185  185  184  184  183  182  181
  180  178  173  173  172  169  171  155  166                                   
    77.5-180.0 180.0   5.0 450.0                            LAT/LON1/LON2/DLON/H
  162  163  159  157  155  155  156  155  155  155  155  156  157  158  158  159
  159  159  158  156  153  150  147  144  140  137  135  133  132  132  132  132
  132  133  134  134  135  136  137  139  141  144  148  153  157  162  167  172
  177  181  185  188  190  192  193  194  195  195  194  193  192  191  189  188
  185  183  176  176  174  167  164  157  162                                   
    75.0-180.0 180.0   5.0 450.0                            LAT/LON1/LON2/DLON/H
  155  158  150  150  148  148  148  146  146  146  146  147  148  150  152  153
  154  154  153  151  148  144  140  135  130  127  124  122  121  121  122  124
  125  127  128  129  130  132  134  136  139  143  148  154  160  167  173  179
  185  189  193  196  198  199  199  200  200  199  199  198  197  195  193  192
  189  185  179  173  170  164  161  155  155                                   
    72.5-180.0 180.0   5.0 450.0                            LAT/LON1/LON2/DLON/H
  151  156  149  147  146  145  144  142  141  141  140  142  144  146  148  150
  152  152  152  150  146  141  136  130  124  120  116  115  115  116  119  122
  125  128  130  132  134  135  138  141  145  150  156  163  171  178  185  192
  197  201  204  206  206  206  206  205  204  204  203  202  202  200  199  198
  194  191  185  180  173  165  160  155  151                                   
    70.0-180.0 180.0   5.0 450.0                            LAT/LON1/LON2/DLON/H
  154  155  149  146  142  140  138  135  134  133  132  134  136  139  142  145
  147  148  147  145  141  136  129  122  115  110  106  105  106  109  113  118
  123  127  130  133  135  138  141  144  149  155  163  170  179  187  194  200
  205  208  209  209  208  206  204  202  201  200  200  200  200  199  198  198
  196  192  186  182  175  167  164  159  154                                   
    67.5-180.0 180.0   5.0 450.0                            LAT/LON1/LON2/DLON/H
  155  158  151  147  143  139  136  131  129  127  126  128  130  133  136  139
  142  143  142  140  136  130  123  115  107  101   98   97   99  103  108  115
  121  126  131  134  137  139  143  147  153  160  168  176  185  193  199  205
  208  210  210  207  204  200  197  194  192  192  192  193  194  194  194  195
  194  191  187  182  177  170  167  162  155                                   
    65.0-180.0 180.0   5.0 450.0                            LAT/LON1/LON2/DLON/H
  161  164  157  152  146  141  137  131  127  124  122  124  126  128  132  135
  137  137  137  134  130  124  116  108  101   95   92   91   94  100  107  115
  122  128  133  137  140  143  148  153  160  168  176  184  192  199  205  209
  212  212  210  206  201  196  191  187  185  185  185  187  188  190  191  192
  192  191  188  185  181  176  174  170  161                                   
    62.5-180.0 180.0   5.0 450.0                            LAT/LON1/LON2/DLON/H
  170  174  166  160  154  147  141  134  129  123  121  121  122  124  127  129
  130  130  129  126  122  116  109  102   95   90   87   88   91   98  106  115
  123  129  135  139  143  147  152  159  167  175  183  191  198  204  209  211
  213  212  209  204  198  192  187  183  181  180  181  183  184  186  187  189
  190  190  189  188  186  183  183  180  170                                   
    60.0-180.0 180.0   5.0 450.0                            LAT/LON1/LON2/DLON/H
  180  185  178  172  164  157  149  139  132  125  120  119  118  119  121  122
  122  121  119  115  111  106  101   95   89   85   84   85   90   97  105  114
  123  129  134  139  143  149  156  164  173  182  190  197  202  207  210  212
  212  211  209  204  199  193  187  183  181  180  181  182  183  183  184  186
  187  189  189  190  190  190  192  190  180                                   
    57.5-180.0 180.0   5.0 450.0                            LAT/LON1/LON2/DLON/H
  194  199  193  187  179  171  161  149  139  129  122  118  115  114  114  113
  112  110  107  104  100   96   92   88   85   83   82   85   90   97  105  114
  122  128  134  139  144  151  160  170  180  189  196  202  206  209  212  213
  214  214  212  209  205  200  195  191  188  187  186  186  185  184  184  185
  186  188  190  192  195  198  201  201  194                                   
    55.0-180.0 180.0   5.0 450.0                            LAT/LON1/LON2/DLON/H
  207  213  209  204  197  187  177  162  149  136  125  118  113  109  107  105
  102   99   95   92   89   87   85   83   82   82   83   85   90   97  105  113
  120  127  132  138  145  153  164  175  186  196  203  208  211  213  215  216
  218  220  220  218  215  212  208  204  201  199  197  195  192  189  186  186
  186  188  191  195  200  205  210  210  207                                   
    52.5-180.0 180.0   5.0 450.0                            LAT/LON1/LON2/DLON/H
  220  227  226  222  216  206  195  178  162  145  131  120  111  105  101   98
   94   90   87   84   82   81   81   81   82   83   85   88   92   98  105  112
  119  125  130  137  146  156  169  182  194  204  211  215  217  218  220  223
  226  229  231  231  230  227  224  221  217  214  210  206  201  196  191  189
  189  191  194  199  205  211  216  217  220                                   
    50.0-180.0 180.0   5.0 450.0                            LAT/LON1/LON2/DLON/H
  232  239  241  240  235  226  214  196  178  158  140  125  113  104   98   93
   90   86   83   81   79   80   81   83   85   87   89   91   95  100  105  111
  117  123  130  137  148  160  175  189  202  212  219  223  225  227  229  233
  237  241  244  246  245  243  240  237  233  229  225  219  213  206  200  197
  195  197  199  204  210  217  222  223  232                                   
    47.5-180.0 180.0   5.0 450.0                            LAT/LON1/LON2/DLON/H
  240  248  252  253  250  242  231  214  194  172  150  132  117  105   98   93
   90   87   84   83   82   83   85   88   91   93   95   96   98  102  106  111
  117  123  130  139  151  165  181  197  211  222  229  233  236  238  242  246
  251  255  258  259  258  256  253  250  246  242  237  232  225  218  211  208
  205  206  208  212  216  222  226  227  240                                   
    45.0-180.0 180.0   5.0 450.0                            LAT/LON1/LON2/DLON/H
  245  253  258  260  259  253  243  227  208  185  162  142  124  110  102   97
   94   92   90   89   89   91   93   96   98  100  101  101  102  104  107  112
  117  124  132  142  155  171  188  204  219  231  239  244  248  252  257  262
  266  269  271  270  268  265  262  259  256  253  249  244  238  232  226  223
  220  220  220  222  224  228  230  231  245                                   
    42.5-180.0 180.0   5.0 450.0                            LAT/LON1/LON2/DLON/H
  247  253  258  260  260  255  248  234  217  196  173  152  133  118  109  103
  101  100   99   99   99  100  102  104  106  107  107  106  105  106  109  113
  119  126  135  146  160  176  194  212  227  240  249  256  262  268  273  278
  281  282  281  279  275  272  269  267  265  264  261  258  254  249  246  243
  240  239  237  236  235  236  237  236  247                                   
    40.0-180.0 180.0   5.0 450.0                            LAT/LON1/LON2/DLON/H
  250  252  254  253  253  248  243  233  220  202  182  161  142  127  117  112
  110  110  110  109  109  109  111  112  113  113  112  110  109  109  112  117
  123  130  139  150  164  181  200  218  235  248  259  268  276  283  289  293
  295  294  291  286  282  278  277  277  278  279  278  277  275  272  270  268
  266  263  258  255  251  248  247  244  250                                   
    37.5-180.0 180.0   5.0 450.0                            LAT/LON1/LON2/DLON/H
  255  251  250  244  242  235  231  224  216  202  186  169  151  137  127  121
  120  119  119  118  118  117  118  119  119  118  116  114  112  113  116  121
  128  135  144  155  169  186  205  224  241  256  268  278  287  296  303  307
  308  306  301  296  292  290  291  294  298  302  303  304  303  302  300  299
  296  292  285  278  270  264  261  257  255                                   
    35.0-180.0 180.0   5.0 450.0                            LAT/LON1/LON2/DLON/H
  266  256  249  237  230  221  216  211  206  198  186  173  158  145  135  130
  128  127  127  125  124  123  123  124  124  122  120  117  116  117  121  126
  133  140  148  158  172  189  208  228  246  261  274  285  295  305  313  318
  320  318  314  310  309  310  315  321  329  334  338  339  338  337  335  333
  329  323  315  305  296  287  282  277  266                                   
    32.5-180.0 180.0   5.0 450.0                            LAT/LON1/LON2/DLON/H
  286  269  256  238  225  212  203  198  196  191  184  175  164  152  143  137
  134  133  132  130  129  128  128  128  128  127  124  121  120  121  125  131
  138  144  151  161  174  191  210  230  249  264  277  289  300  311  320  327
  330  331  330  331  333  340  349  359  369  376  380  380  378  375  372  369
  363  357  347  336  325  315  309  303  286                                   
    30.0-180.0 180.0   5.0 450.0                            LAT/LON1/LON2/DLON/H
  314  291  274  250  231  212  200  192  189  186  182  176  167  158  149  142
  139  136  135  134  133  133  133  134  134  132  129  126  124  126  130  135
  141  146  152  161  174  191  211  232  250  266  279  290  302  313  324  333
  340  345  350  356  364  376  389  402  414  421  424  421  417  412  407  402
  395  388  379  367  357  348  339  334  314                                   
    27.5-180.0 180.0   5.0 450.0                            LAT/LON1/LON2/DLON/H
  349  324  301  275  250  226  208  197  191  186  183  178  171  163  154  147
  142  140  138  137  137  138  140  141  141  138  134  130  128  129  133  137
  142  146  151  159  173  190  211  232  250  266  278  290  301  314  326  338
  350  360  371  383  397  412  428  444  455  462  462  457  450  442  435  429
  422  415  407  397  388  381  371  367  349                                   
    25.0-180.0 180.0   5.0 450.0                            LAT/LON1/LON2/DLON/H
  385  362  337  310  281  254  230  214  203  195  189  183  176  168  160  152
  147  143  141  141  143  145  148  150  149  146  140  134  131  131  133  136
  139  142  146  155  169  188  209  231  250  265  278  289  301  314  329  344
  359  374  390  407  425  443  460  474  485  489  488  481  472  463  455  447
  441  436  430  422  415  411  400  397  385                                   
    22.5-180.0 180.0   5.0 450.0                            LAT/LON1/LON2/DLON/H
  418  401  376  350  320  290  263  242  225  211  200  192  184  176  167  159
  152  148  146  147  149  153  157  159  158  152  144  136  131  128  128  130
  131  134  139  149  164  185  208  230  249  265  279  290  303  317  333  350
  368  386  405  425  444  461  477  490  498  501  498  491  482  472  464  458
  452  449  445  440  435  434  423  420  418                                   
    20.0-180.0 180.0   5.0 450.0                            LAT/LON1/LON2/DLON/H
  441  432  411  389  359  328  299  275  252  233  217  204  194  185  175  166
  159  155  153  154  157  161  166  167  164  156  145  134  126  121  120  120
  121  123  129  141  158  181  205  229  249  267  281  294  308  323  340  358
  376  395  415  434  452  467  480  490  495  497  494  488  480  473  466  461
  457  456  454  451  448  448  438  434  441                                   
    17.5-180.0 180.0   5.0 450.0                            LAT/LON1/LON2/DLON/H
  451  450  434  415  388  360  330  305  279  255  234  218  206  195  185  176
  168  163  161  161  163  167  171  171  166  155  141  127  117  111  109  108
  108  111  118  131  152  176  202  227  250  269  286  300  315  331  349  366
  384  402  420  437  452  464  473  480  484  484  482  477  472  467  463  460
  458  458  458  456  453  452  444  439  451                                   
    15.0-180.0 180.0   5.0 450.0                            LAT/LON1/LON2/DLON/H
  450  454  442  423  401  375  347  323  298  272  249  231  217  206  196  186
  178  172  169  167  168  170  172  169  161  148  131  116  105   99   96   95
   95   98  106  122  144  171  199  226  250  272  291  308  324  341  358  375
  391  407  422  436  448  457  464  469  471  471  469  467  464  461  460  459
  458  458  458  456  453  451  443  435  450                                   
    12.5-180.0 180.0   5.0 450.0                            LAT/LON1/LON2/DLON/H
  441  446  435  414  395  371  347  326  304  279  256  238  225  215  206  196
  188  181  175  171  169  168  167  161  151  135  118  103   92   86   83   82
   82   85   95  112  136  164  194  223  250  274  295  314  333  350  367  383
  398  412  425  436  445  452  458  462  464  464  462  460  459  458  458  458
  458  458  458  455  451  446  438  427  441                                   
    10.0-180.0 180.0   5.0 450.0                            LAT/LON1/LON2/DLON/H
  429  432  419  394  376  352  330  312  295  275  255  240  229  221  213  204
  195  187  179  172  167  162  156  148  135  119  103   89   80   75   73   71
   71   75   85  103  127  156  187  218  247  273  296  318  337  356  373  390
  404  418  431  441  449  456  461  465  466  466  464  462  461  461  461  460
  459  459  458  454  448  441  432  419  429                                   
     7.5-180.0 180.0   5.0 450.0                            LAT/LON1/LON2/DLON/H
  419  418  402  371  352  326  304  289  276  261  246  235  228  223  217  209
  200  190  180  170  161  152  143  131  118  103   88   77   70   67   65   63
