data/edconvlstm_nd/pred2980.15i
     1.0            IONOSPHERE MAPS     GNSS                IONEX VERSION / TYPE
pyspatialgeodesy        IME             05-JAN-18 20:20     PGM / RUN BY / DATE 
Map Name                                                    COMMENT             
Predicted global ionosphere maps (GIM).                     DESCRIPTION         
  2015    10    25     0     0     0                        EPOCH OF FIRST MAP  
  2015    10    26     0     0     0                        EPOCH OF LAST MAP   
  7200                                                      INTERVAL            
    13                                                      # OF MAPS IN FILE   
  NONE                                                      MAPPING FUNCTION    
10.0                                                        ELEVATION CUTOFF    
One-way carrier phase leveled to code                       OBSERVABLES USED    
  6371.0                                                    BASE RADIUS         
 2                                                          MAP DIMENSION       
   450.0 450.0   0.0                                        HGT1 / HGT2 / DHGT  
    87.5 -87.5  -2.5                                        LAT1 / LAT2 / DLAT  
  -180.0 180.0   5.0                                        LON1 / LON2 / DLON  
    -1                                                      EXPONENT            
                                                            END OF HEADER       
[from data line 4719]
    12                                                      START OF TEC MAP    
  2015    10    25    22     0     0                        EPOCH OF CURRENT MAP
    87.5-180.0 180.0   5.0 450.0                            LAT/LON1/LON2/DLON/H
  137  129  118  124  128  124  123  121  121  123  122  122  123  123  123  123
  123  122  121  120  119  117  116  114  112  110  108  106  104  102  101   99
   98   97   96   95   94   94   94   94   95   96   97   98   99  101  103  104
  106  108  110  112  113  115  116  118  119  120  121  121  122  122  122  122
  121  121  119  118  128  126  137  139  137                                   
    85.0-180.0 180.0   5.0 450.0                            LAT/LON1/LON2/DLON/H
  141  137  144  133  131  135  134  136  137  138  138  139  140  140  140  140
  140  139  138  136  134  132  129  126  123  120  117  114  111  109  106  104
  102  100   99   97   97   96   96   96   97   98  100  102  104  107  109  112
  115  117  120  123  125  128  130  132  133  134  135  136  137  137  137  136
  137  136  133  129  131  131  130  131  141                                   
    82.5-180.0 180.0   5.0 450.0                            LAT/LON1/LON2/DLON/H
  122  125  127  124  127  131  135  136  137  139  142  144  146  148  149  150
  150  149  148  146  143  140  136  132  128  124  119  115  111  107  104  100
   97   95   92   90   89   87   87   87   87   88   90   92   94   98  101  105
  109  112  116  120  123  127  129  132  134  135  136  137  137  136  136  134
  134  132  130  129  130  141  129  130  122                                   
    80.0-180.0 180.0   5.0 450.0                            LAT/LON1/LON2/DLON/H
  109  115  121  119  123  123  132  137  142  146  151  155  158  161  163  164
  164  163  160  157  154  149  144  139  133  128  122  116  111  106  102   98
   94   91   87   85   82   80   79   79   79   80   82   85   88   92   97  102
  107  112  117  121  126  129  133  135  137  139  139  139  139  138  137  135
  134  132  130  128  121  126  119  128  109                                   
    77.5-180.0 180.0   5.0 450.0                            LAT/LON1/LON2/DLON/H
  113  113  120  117  124  127  136  143  149  155  162  169  174  178  181  183
  183  182  179  176  172  167  161  155  149  143  137  131  125  120  116  112
  108  104  100   96   93   90   87   85   84   83   84   86   89   93   98  103
  108  114  119  123  127  131  134  136  137  138  138  137  136  134  132  130
  128  126  125  124  120  120  119  133  113                                   
    75.0-180.0 180.0   5.0 450.0                            LAT/LON1/LON2/DLON/H
  112  115  118  117  125  131  139  147  156  165  173  180  186  190  193  194
  193  191  188  184  180  175  169  163  157  150  144  139  133  129  125  121
  118  114  110  106  102   98   94   91   89   88   88   89   92   96  100  105
  109  114  118  121  124  126  128  129  129  129  128  127  125  124  122  121
  120  120  120  117  112  113  112  115  112                                   
    72.5-180.0 180.0   5.0 450.0                            LAT/LON1/LON2/DLON/H
  120  123  126  131  135  142  151  159  166  176  184  192  198  202  203  204
  202  199  195  191  186  181  175  168  162  155  149  144  139  135  132  130
  127  124  121  117  112  107  102   98   94   92   91   91   93   96  100  103
  107  110  112  114  115  116  116  115  115  114  112  111  109  107  107  107
  106  108  110  110  107  112  115  124  120                                   
    70.0-180.0 180.0   5.0 450.0                            LAT/LON1/LON2/DLON/H
  130  136  140  144  149  155  161  170  178  188  195  202  206  208  207  205
  201  197  193  188  183  177  172  165  159  152  146  140  136  132  130  128
  126  124  121  118  113  108  102   97   93   90   89   89   91   93   96   99
  100  102  102  101  101   99   98   97   95   94   92   91   90   90   91   92
   94   98  104  108  110  118  126  133  130                                   
    67.5-180.0 180.0   5.0 450.0                            LAT/LON1/LON2/DLON/H
  147  156  161  166  171  177  183  191  197  205  212  217  219  218  216  211
  206  200  194  189  184  178  171  164  156  148  141  135  130  126  124  123
  122  121  118  115  110  105  100   94   90   88   87   87   89   91   93   94
   94   94   92   90   87   85   83   81   79   78   77   77   77   78   81   84
   88   95  102  108  113  126  136  144  147                                   
    65.0-180.0 180.0   5.0 450.0                            LAT/LON1/LON2/DLON/H
  158  170  177  183  188  193  198  204  210  217  222  225  225  222  217  211
  204  197  191  185  180  173  166  158  148  139  130  122  116  112  110  109
  108  106  104  101   97   92   87   82   79   77   76   77   79   81   82   82
   81   78   75   71   68   65   62   61   60   59   60   60   62   65   69   75
   81   91  101  110  118  136  149  159  158                                   
    62.5-180.0 180.0   5.0 450.0                            LAT/LON1/LON2/DLON/H
  170  184  193  199  205  209  214  219  223  228  232  233  232  228  222  215
  207  200  194  188  182  174  165  154  143  131  120  111  104   99   96   94
   93   91   89   86   82   77   73   69   67   66   66   68   70   72   72   71
   68   64   60   55   52   49   48   47   47   48   49   51   55   59   65   72
   80   91  102  112  120  140  154  164  170                                   
    60.0-180.0 180.0   5.0 450.0                            LAT/LON1/LON2/DLON/H
  178  194  204  211  217  220  225  228  232  235  238  238  236  232  226  219
  212  206  200  194  187  177  166  153  139  125  113  103   95   90   86   84
   82   79   77   73   69   66   62   59   58   58   59   61   63   64   64   61
   57   53   48   43   40   39   38   39   40   42   44   47   52   58   65   74
   84   95  106  115  123  143  158  169  178                                   
    57.5-180.0 180.0   5.0 450.0                            LAT/LON1/LON2/DLON/H
  186  203  215  222  229  232  235  237  239  240  241  241  239  236  231  226
  221  216  211  204  195  183  169  154  139  124  111  101   93   88   84   81
   78   74   71   67   64   60   58   56   56   57   58   60   62   62   60   56
   51   46   41   38   36   36   37   39   41   44   46   50   55   62   72   82
   92  104  115  123  128  146  160  171  186                                   
    55.0-180.0 180.0   5.0 450.0                            LAT/LON1/LON2/DLON/H
  198  216  230  236  244  246  248  247  247  246  245  244  243  240  238  235
  232  229  223  215  204  190  175  158  142  128  116  107  100   94   90   86
   82   77   73   69   66   64   62   61   61   62   64   65   66   64   61   57
   51   46   42   40   40   42   44   47   50   52   55   58   64   72   83   95
  106  119  130  136  139  154  165  176  198                                   
    52.5-180.0 180.0   5.0 450.0                            LAT/LON1/LON2/DLON/H
  214  231  247  252  261  263  264  260  257  253  250  248  246  245  245  244
  243  241  235  225  212  196  179  163  148  135  125  118  112  107  102   96
   91   86   81   77   75   73   73   73   74   75   76   76   76   73   69   64
   58   53   50   50   52   55   59   62   64   66   67   70   76   85   97  111
  123  137  148  154  155  166  176  184  214                                   
    50.0-180.0 180.0   5.0 450.0                            LAT/LON1/LON2/DLON/H
  234  250  267  271  282  285  284  278  272  265  259  255  252  252  253  254
  254  252  245  234  219  202  185  169  156  146  138  132  126  120  114  107
  100   95   90   88   87   87   87   88   89   91   91   91   90   86   81   76
   70   66   65   66   70   74   79   82   83   82   82   83   89   98  112  127
  141  156  167  175  176  185  193  199  234                                   
    47.5-180.0 180.0   5.0 450.0                            LAT/LON1/LON2/DLON/H
  255  269  287  291  303  307  305  299  290  281  272  265  262  261  262  263
  263  260  252  240  224  207  190  176  165  157  150  144  137  129  121  112
  104   98   96   95   96   99  101  103  105  106  107  106  104  101   96   91
   86   83   83   86   91   96  100  102  101   98   96   96  101  110  125  141
  156  173  185  195  199  207  216  220  255                                   
    45.0-180.0 180.0   5.0 450.0                            LAT/LON1/LON2/DLON/H
  274  286  304  309  321  328  326  320  310  300  288  280  274  272  272  272
  271  267  258  245  229  213  198  185  175  167  159  150  140  129  117  107
   99   95   94   97  101  106  110  113  116  117  118  118  116  113  109  105
  102  100  101  105  110  115  118  119  116  111  108  107  111  121  136  153
  169  186  200  212  220  229  240  245  274                                   
    42.5-180.0 180.0   5.0 450.0                            LAT/LON1/LON2/DLON/H
  287  299  316  322  335  343  342  338  328  318  306  296  289  285  283  282
  279  273  264  251  236  221  207  195  185  174  163  149  135  119  105   94
   87   85   88   94  102  109  115  119  122  123  125  125  124  122  119  116
  114  114  115  119  124  129  131  130  126  121  116  115  120  130  144  161
  177  194  210  224  236  247  261  270  287                                   
    40.0-180.0 180.0   5.0 450.0                            LAT/LON1/LON2/DLON/H
  294  306  321  328  340  349  351  348  341  333  322  312  304  299  296  292
  288  281  272  260  247  233  219  206  193  178  161  143  124  106   91   80
   76   77   83   93  103  112  118  122  125  126  127  127  127  126  124  122
  121  121  123  127  131  135  137  135  131  125  121  121  126  137  151  167
  182  199  215  230  244  259  275  289  294                                   
    37.5-180.0 180.0   5.0 450.0                            LAT/LON1/LON2/DLON/H
  296  308  321  327  339  347  351  350  347  341  333  325  318  313  309  304
  299  292  283  273  261  247  232  217  199  179  158  135  114   96   83   75
   73   78   87   98  110  119  125  127  128  128  127  127  126  125  124  123
  122  122  124  127  131  134  136  134  130  126  123  124  131  142  156  172
  185  201  217  231  245  264  281  299  296                                   
    35.0-180.0 180.0   5.0 450.0                            LAT/LON1/LON2/DLON/H
  298  309  320  324  335  340  346  346  346  344  340  335  329  325  321  317
  311  305  297  288  276  262  244  225  203  180  156  134  114  100   91   87
   89   95  106  118  128  135  138  137  135  132  129  127  125  123  122  121
  119  118  119  121  125  129  131  130  127  123  122  125  134  146  161  176
  188  203  218  232  245  265  283  301  298                                   
    32.5-180.0 180.0   5.0 450.0                            LAT/LON1/LON2/DLON/H
  306  316  326  325  334  335  340  341  344  344  343  340  338  335  333  329
  324  318  312  303  290  273  252  229  206  183  161  144  131  124  122  122
  127  134  143  152  158  161  159  154  147  141  135  130  126  123  120  118
  115  112  111  113  117  122  125  125  123  121  121  126  136  150  167  182
  194  208  223  236  247  268  286  303  306                                   
    30.0-180.0 180.0   5.0 450.0                            LAT/LON1/LON2/DLON/H
  325  334  343  338  343  338  341  340  343  345  346  345  344  344  343  340
  336  330  324  314  299  278  255  231  209  191  177  170  168  171  177  182
  187  192  196  199  198  193  185  174  164  154  145  137  131  126  121  117
  112  107  105  106  110  116  121  122  121  119  120  126  139  155  173  190
  203  219  234  247  256  277  295  311  325                                   
    27.5-180.0 180.0   5.0 450.0                            LAT/LON1/LON2/DLON/H
  356  366  375  364  367  356  354  350  352  352  353  352  352  352  352  350
  345  339  331  318  300  277  253  231  216  207  206  213  225  240  254  263
  266  264  258  249  238  224  210  195  182  170  159  150  142  134  128  121
  113  106  102  102  107  114  120  123  121  119  120  128  142  161  182  201
  216  235  251  266  275  297  315  328  356                                   
    25.0-180.0 180.0   5.0 450.0                            LAT/LON1/LON2/DLON/H
  398  409  418  405  406  391  384  375  373  371  368  366  364  364  363  359
  353  345  333  317  296  271  249  234  229  233  248  270  298  325  344  352
  347  332  313  290  268  246  227  211  197  186  175  166  157  149  140  131
  120  110  104  103  107  116  123  126  124  121  122  129  144  166  190  213
  232  254  273  292  303  326  345  356  398                                   
    22.5-180.0 180.0   5.0 450.0                            LAT/LON1/LON2/DLON/H
  445  458  468  455  456  440  429  416  410  403  397  390  385  381  378  371
  361  349  333  313  290  266  249  244  251  271  301  339  378  412  430  429
  409  378  343  308  276  250  230  215  205  197  190  182  175  166  156  144
  131  118  109  107  111  119  127  130  127  123  122  130  146  170  198  224
  247  275  298  321  335  360  382  393  445                                   
    20.0-180.0 180.0   5.0 450.0                            LAT/LON1/LON2/DLON/H
  491  507  517  509  513  498  486  470  461  450  438  427  416  408  399  388
  373  355  335  312  288  268  259  265  287  321  363  409  451  480  487  468
  430  384  338  296  261  234  217  208  204  202  200  197  192  184  174  160
  144  128  117  113  117  125  132  134  130  124  123  130  148  173  204  233
  260  292  319  348  365  393  422  433  491                                   
    17.5-180.0 180.0   5.0 450.0                            LAT/LON1/LON2/DLON/H
  526  546  559  556  566  554  546  531  521  508  492  475  459  445  431  413
  392  369  345  320  298  284  284  303  337  380  426  468  499  510  496  457
  404  349  300  258  226  204  194  193  197  202  206  208  206  200  189  174
  156  139  126  120  123  130  136  136  132  125  123  131  149  176  208  239
  269  305  335  367  388  421  456  470  526                                   
    15.0-180.0 180.0   5.0 450.0                            LAT/LON1/LON2/DLON/H
  548  572  587  590  606  601  599  588  581  568  552  532  513  493  473  449
  422  395  368  344  325  319  329  358  398  441  478  502  509  494  456  400
  340  285  240  206  182  170  170  177  189  200  209  215  215  210  199  183
  164  147  133  127  128  133  137  137  131  125  123  131  151  179  212  243
  274  312  344  377  402  439  481  496  548                                   
    12.5-180.0 180.0   5.0 450.0                            LAT/LON1/LON2/DLON/H
  556  582  601  607  630  633  638  633  631  622  609  591  570  548  524  496
  465  435  408  386  374  375  393  425  463  494  509  505  482  440  382  318
  258  212  180  159  148  147  156  171  187  201  212  218  219  213  201  185
  167  150  137  130  129  133  136  135  129  124  123  133  153  182  215  246
  276  314  348  380  407  448  493  510  556                                   
    10.0-180.0 180.0   5.0 450.0                            LAT/LON1/LON2/DLON/H
  554  579  601  610  639  650  662  664  668  665  658  644  626  604  579  550
  518  488  464  447  440  447  466  493  517  526  512  478  428  366  299  236
  186  154  138  133  135  145  161  179  196  208  215  219  217  209  196  180
  163  148  136  130  128  130  132  131  127  123  125  136  157  186  218  248
  277  314  347  379  406  449  496  513  554                                   
     7.5-180.0 180.0   5.0 450.0                            LAT/LON1/LON2/DLON/H
  548  573  594  604  638  656  674  681  691  695  694  686  673  655  632  604
  575  549  529  517  514  519  533  547  551  533  492  432  365  296  232  179
