data/edconvlstm_nd/pred3290.15i
     1.0            IONOSPHERE MAPS     GNSS                IONEX VERSION / TYPE
pyspatialgeodesy        IME             05-JAN-18 20:20     PGM / RUN BY / DATE 
Map Name                                                    COMMENT             
Predicted global ionosphere maps (GIM).                     DESCRIPTION         
  2015    11    25     0     0     0                        EPOCH OF FIRST MAP  
  2015    11    26     0     0     0                        EPOCH OF LAST MAP   
  7200                                                      INTERVAL            
    13                                                      # OF MAPS IN FILE   
  NONE                                                      MAPPING FUNCTION    
10.0                                                        ELEVATION CUTOFF    
One-way carrier phase leveled to code                       OBSERVABLES USED    
  6371.0                                                    BASE RADIUS         
 2                                                          MAP DIMENSION       
   450.0 450.0   0.0                                        HGT1 / HGT2 / DHGT  
    87.5 -87.5  -2.5                                        LAT1 / LAT2 / DLAT  
  -180.0 180.0   5.0                                        LON1 / LON2 / DLON  
    -1                                                      EXPONENT            
                                                            END OF HEADER       
[from data line 3861]
    10                                                      START OF TEC MAP    
  2015    11    25    18     0     0                        EPOCH OF CURRENT MAP
    87.5-180.0 180.0   5.0 450.0                            LAT/LON1/LON2/DLON/H
   64   69   67   68   71   69   69   64   64   67   66   68   68   70   70   71
   72   73   73   74   74   74   74   74   74   74   74   73   73   73   73   72
   72   72   72   72   72   72   72   72   72   72   72   72   72   72   73   73
   73   73   73   74   74   74   74   74   74   73   73   73   72   71   71   70
   70   69   64   59   61   61   76   81   64                                   
    85.0-180.0 180.0   5.0 450.0                            LAT/LON1/LON2/DLON/H
   69   69   81   60   62   64   63   63   63   66   66   67   68   69   71   72
   73   74   75   76   77   77   77   78   78   77   77   77   77   76   76   76
   76   75   75   75   75   75   75   75   75   75   75   75   75   75   75   75
   75   75   75   75   75   75   75   74   74   74   74   73   73   72   71   70
   70   68   62   57   61   62   69   62   69                                   
    82.5-180.0 180.0   5.0 450.0                            LAT/LON1/LON2/DLON/H
   52   54   58   47   51   53   54   54   55   57   58   61   62   64   66   68
   70   71   72   73   74   74   74   74   74   73   72   72   71   70   70   69
   69   68   68   68   67   67   67   66   66   65   65   65   64   64   64   64
   64   64   65   65   65   66   66   66   66   66   66   66   65   64   64   62
   62   59   54   51   55   63   59   54   52                                   
    80.0-180.0 180.0   5.0 450.0                            LAT/LON1/LON2/DLON/H
   28   32   41   34   38   37   40   41   44   47   49   53   56   59   62   65
   67   69   71   72   72   72   72   71   70   68   67   66   64   63   62   61
   60   60   59   58   58   57   56   55   55   54   53   53   52   52   52   52
   52   53   53   54   55   55   56   57   57   57   57   56   56   55   54   52
   51   50   47   45   44   49   43   47   28                                   
    77.5-180.0 180.0   5.0 450.0                            LAT/LON1/LON2/DLON/H
   31   30   28   23   27   27   31   32   36   40   44   49   54   59   64   68
   72   76   78   79   80   80   79   77   74   72   69   66   63   61   59   58
   56   55   54   52   51   49   48   46   44   42   40   39   38   37   37   37
   38   39   40   42   43   45   46   47   47   48   48   48   47   46   45   43
   41   40   38   36   34   35   33   38   31                                   
    75.0-180.0 180.0   5.0 450.0                            LAT/LON1/LON2/DLON/H
   12   18   18   17   21   22   25   28   34   40   45   52   58   65   71   77
   82   86   89   91   91   90   88   85   81   77   73   68   64   61   58   56
   54   52   51   49   47   45   42   40   37   35   33   31   30   29   29   29
   30   31   33   34   36   38   39   40   41   42   42   42   41   41   40   38
   37   36   35   32   32   29   26   24   12                                   
    72.5-180.0 180.0   5.0 450.0                            LAT/LON1/LON2/DLON/H
   18   21   19   22   22   23   28   32   37   43   50   58   66   74   81   88
   94  100  103  105  106  104  101   96   91   84   78   71   66   61   57   54
   51   49   47   44   42   39   35   32   29   26   23   21   20   19   19   19
   20   22   24   25   27   29   31   32   33   34   35   35   35   34   34   33
   32   31   30   27   27   26   25   27   18                                   
    70.0-180.0 180.0   5.0 450.0                            LAT/LON1/LON2/DLON/H
   15   22   22   25   26   27   32   38   46   53   62   71   80   89   97  105
  112  118  122  125  126  124  120  115  107   99   91   82   75   69   63   59
   56   52   49   46   42   39   35   31   27   24   22   20   19   18   18   19
   20   21   23   25   26   28   29   30   31   32   33   33   34   34   34   34
   33   33   33   32   32   31   33   35   15                                   
    67.5-180.0 180.0   5.0 450.0                            LAT/LON1/LON2/DLON/H
   23   28   28   32   34   36   43   49   57   65   74   84   94  103  112  120
  127  133  138  141  141  140  135  129  120  110  100   91   82   74   68   62
   58   53   49   44   40   36   31   28   24   22   20   19   18   18   18   19
   20   21   23   24   25   27   28   29   29   30   31   32   33   33   34   35
   36   36   36   34   33   34   33   35   23                                   
    65.0-180.0 180.0   5.0 450.0                            LAT/LON1/LON2/DLON/H
   26   31   31   37   40   43   50   58   67   76   86   97  107  116  125  132
  139  145  150  153  154  152  148  141  132  121  110  100   90   81   74   67
   61   55   49   44   38   33   29   26   23   22   21   20   20   20   20   21
   21   22   23   24   25   25   26   27   27   28   29   30   31   33   34   36
   37   39   40   39   39   41   41   43   26                                   
    62.5-180.0 180.0   5.0 450.0                            LAT/LON1/LON2/DLON/H
   32   36   36   42   46   52   59   68   77   87   97  108  118  127  135  142
  149  154  158  161  162  160  156  148  139  129  118  107   97   88   79   71
   64   56   49   42   35   30   26   24   23   22   23   23   23   23   23   23
   23   23   23   23   24   24   25   25   26   27   28   29   30   32   34   36
   38   40   42   42   41   43   43   44   32                                   
    60.0-180.0 180.0   5.0 450.0                            LAT/LON1/LON2/DLON/H
   36   38   39   46   50   56   65   74   84   95  106  116  127  136  143  150
  155  160  163  165  166  163  159  152  143  133  122  112  103   94   85   76
   67   58   49   40   33   28   24   23   23   25   26   27   28   27   26   25
   24   23   22   22   22   22   22   23   24   25   26   27   29   30   33   35
   37   40   42   43   43   45   45   47   36                                   
    57.5-180.0 180.0   5.0 450.0                            LAT/LON1/LON2/DLON/H
   40   41   43   51   57   64   73   83   93  104  115  126  136  145  152  158
  163  166  169  170  169  166  161  154  146  137  128  119  111  102   93   83
   73   62   52   43   35   30   27   27   29   31   34   35   35   34   32   29
   27   25   23   23   22   22   23   24   25   27   28   29   30   32   34   37
   39   42   45   46   45   47   47   51   40                                   
    55.0-180.0 180.0   5.0 450.0                            LAT/LON1/LON2/DLON/H
   47   48   51   59   66   74   83   93  103  113  124  134  144  153  161  167
  171  174  175  174  172  168  162  156  148  141  134  127  120  112  103   92
   81   69   58   48   40   35   33   34   37   40   43   44   44   42   39   35
   32   29   27   26   25   25   26   27   29   31   32   33   34   36   38   40
   43   46   50   51   50   51   50   55   47                                   
    52.5-180.0 180.0   5.0 450.0                            LAT/LON1/LON2/DLON/H
   55   57   61   70   78   87   97  106  115  123  132  142  152  161  170  176
  180  182  182  179  175  170  165  158  152  146  141  136  130  123  113  102
   90   77   66   56   49   45   43   45   48   52   54   55   54   51   47   43
   40   37   35   34   33   33   34   35   37   39   40   40   41   42   44   47
   49   53   57   58   57   58   56   61   55                                   
    50.0-180.0 180.0   5.0 450.0                            LAT/LON1/LON2/DLON/H
   66   68   74   84   93  104  113  122  128  135  142  151  160  169  178  185
  189  191  189  186  181  175  169  163  158  154  151  147  142  134  124  111
   98   85   74   66   59   56   55   57   60   64   66   66   64   60   56   53
   51   49   47   46   45   45   46   47   48   49   50   50   50   50   52   55
   57   61   66   68   67   67   65   68   66                                   
    47.5-180.0 180.0   5.0 450.0                            LAT/LON1/LON2/DLON/H
   77   79   86   98  109  121  130  138  143  148  153  159  167  176  185  192
  197  199  197  192  187  181  176  171  168  165  162  159  153  143  131  117
  103   91   81   74   69   66   66   68   71   74   76   75   73   69   66   64
   63   63   62   61   60   59   59   60   60   60   60   59   58   58   60   62
   65   70   74   77   77   76   74   76   77                                   
    45.0-180.0 180.0   5.0 450.0                            LAT/LON1/LON2/DLON/H
   86   88   95  110  122  136  145  153  157  161  164  168  174  182  190  198
  203  204  202  198  193  188  184  181  178  177  174  169  161  149  134  118
  104   92   84   79   76   75   75   77   79   82   83   82   80   77   76   75
   76   77   76   75   74   73   72   72   71   70   68   66   65   64   66   69
   72   76   81   84   84   83   82   83   86                                   
    42.5-180.0 180.0   5.0 450.0                            LAT/LON1/LON2/DLON/H
   90   91   99  116  130  145  156  165  169  173  175  177  181  187  194  201
  206  207  205  202  198  195  193  191  190  188  184  176  165  149  132  115
  101   91   84   81   80   80   81   83   85   87   87   86   84   83   83   84
   86   87   87   86   84   82   81   80   78   76   73   70   69   69   70   73
   76   80   84   87   87   87   85   88   90                                   
    40.0-180.0 180.0   5.0 450.0                            LAT/LON1/LON2/DLON/H
   88   89   97  116  132  149  162  173  179  184  185  187  189  193  199  204
  208  208  207  205  203  202  202  202  201  197  191  180  165  147  128  112
   99   90   86   84   84   85   86   87   89   91   91   90   89   88   89   91
   93   94   92   90   88   86   85   83   81   77   73   71   69   70   72   75
   78   80   84   85   85   85   83   87   88                                   
    37.5-180.0 180.0   5.0 450.0                            LAT/LON1/LON2/DLON/H
   81   82   90  111  129  146  162  176  185  192  195  197  198  201  204  207
  209  209  208  207  208  209  210  211  209  204  195  182  165  146  129  114
  103   97   93   92   92   92   93   94   95   96   96   95   94   94   95   96
   97   96   93   89   86   85   84   82   79   76   72   69   68   70   73   75
   77   78   80   81   79   78   76   83   81                                   
    35.0-180.0 180.0   5.0 450.0                            LAT/LON1/LON2/DLON/H
   72   73   81  102  121  139  158  175  188  199  205  208  209  210  211  212
  212  211  210  211  212  215  217  218  215  209  199  185  168  152  138  127
  120  116  113  111  108  106  105  105  106  107  106  105  103  103  103  103
  101   97   91   86   83   82   81   80   78   74   70   68   69   71   74   76
   76   76   76   75   71   70   66   76   72                                   
    32.5-180.0 180.0   5.0 450.0                            LAT/LON1/LON2/DLON/H
   64   66   75   95  114  131  152  172  190  204  214  219  221  221  220  219
  217  215  214  215  218  221  223  222  219  212  203  192  180  169  162  157
  155  153  149  142  135  130  126  124  123  123  122  120  118  116  115  112
  107   99   90   83   80   80   81   81   79   76   73   72   73   75   78   79
   78   76   74   72   66   62   58   70   64                                   
    30.0-180.0 180.0   5.0 450.0                            LAT/LON1/LON2/DLON/H
   60   64   74   92  110  126  147  169  190  208  221  230  233  234  232  228
  224  221  220  221  224  226  226  225  222  217  211  206  201  199  201  205
  207  206  199  187  173  162  153  149  147  145  143  140  138  136  133  128
  119  107   95   86   82   83   84   85   84   82   81   81   83   84   86   86
   83   80   77   72   65   59   54   67   60                                   
    27.5-180.0 180.0   5.0 450.0                            LAT/LON1/LON2/DLON/H
   63   70   80   96  113  127  147  168  191  211  227  238  244  246  243  239
  233  229  227  227  229  229  229  227  225  225  225  228  233  242  254  266
  274  273  261  241  219  199  186  178  173  170  167  164  162  160  157  150
  138  122  107   96   91   91   94   95   96   95   96   97   99  100  100   98
   93   89   84   78   70   63   55   68   63                                   
    25.0-180.0 180.0   5.0 450.0                            LAT/LON1/LON2/DLON/H
   73   81   93  107  124  136  155  173  195  215  232  245  253  256  254  249
  243  237  234  233  233  232  230  229  231  236  246  258  274  294  317  337
  349  346  327  297  265  237  218  206  199  194  190  188  187  186  183  176
  162  145  127  114  107  107  108  110  111  112  114  116  118  118  117  113
  106  101   94   89   80   71   61   72   73                                   
    22.5-180.0 180.0   5.0 450.0                            LAT/LON1/LON2/DLON/H
   90   97  110  124  141  152  169  186  204  222  238  251  260  264  263  258
  252  245  241  238  236  233  232  234  240  253  272  295  322  353  384  410
  422  414  386  346  304  268  242  226  217  211  208  206  206  208  207  201
  188  170  151  136  128  125  125  126  127  129  132  135  137  136  132  126
  118  113  106  102   93   82   69   79   90                                   
    20.0-180.0 180.0   5.0 450.0                            LAT/LON1/LON2/DLON/H
  108  114  127  143  162  174  190  204  220  234  248  259  268  273  273  268
  260  253  247  242  238  236  236  241  254  275  304  337  373  410  444  470
  477  462  426  378  328  286  255  236  225  218  215  214  216  221  223  220
  210  193  175  159  149  143  140  140  140  142  145  148  149  147  142  135
  126  121  113  111  104   91   78   87  108                                   
    17.5-180.0 180.0   5.0 450.0                            LAT/LON1/LON2/DLON/H
  124  128  142  161  182  196  214  226  240  252  262  272  281  285  285  279
  271  262  254  247  243  241  244  254  274  303  340  381  421  458  488  506
  505  483  442  389  336  290  256  234  221  214  210  210  214  220  226  226
  220  208  192  177  164  156  151  148  148  149  152  154  154  151  145  137
  127  123  115  115  108   96   83   95  124                                   
    15.0-180.0 180.0   5.0 450.0                            LAT/LON1/LON2/DLON/H
  133  137  153  176  200  218  238  250  263  273  282  291  299  303  302  295
  285  274  264  256  252  251  258  273  300  337  380  422  461  490  509  515
  505  478  436  384  332  286  250  227  212  203  198  197  200  207  214  219
  218  210  199  186  174  164  156  153  152  152  153  153  152  148  142  134
  123  119  110  110  106   95   85  100  133                                   
    12.5-180.0 180.0   5.0 450.0                            LAT/LON1/LON2/DLON/H
  135  141  160  186  214  236  259  273  287  298  307  316  324  328  326  318
  307  294  282  273  268  269  279  300  333  374  418  458  487  503  508  502
  486  458  418  372  324  280  245  220  203  192  184  181  182  187  194  200
  204  202  197  187  177  167  159  155  153  153  152  149  146  141  135  127
  117  111  103  101   98   91   83  100  135                                   
    10.0-180.0 180.0   5.0 450.0                            LAT/LON1/LON2/DLON/H
  131  141  164  194  225  251  277  294  311  324  335  345  354  358  356  349
  337  323  309  299  294  297  311  336  371  413  453  483  499  501  494  480
  460  434  401  362  321  282  248  222  203  189  177  170  166  167  172  179
  185  189  189  184  177  169  162  159  157  155  150  145  139  134  128  121
  111  104   95   92   90   84   79   97  131                                   
     7.5-180.0 180.0   5.0 450.0                            LAT/LON1/LON2/DLON/H
  127  141  167  199  233  262  292  312  332  348  363  376  386  392  391  385
  374  360  346  336  331  336  351  377  412  449  480  498  501  492  477  459
