data/edconvlstm_nd/pred3620.15i
     1.0            IONOSPHERE MAPS     GNSS                IONEX VERSION / TYPE
pyspatialgeodesy        IME             05-JAN-18 20:20     PGM / RUN BY / DATE 
Map Name                                                    COMMENT             
Predicted global ionosphere maps (GIM).                     DESCRIPTION         
  2015    12    28     0     0     0                        EPOCH OF FIRST MAP  
  2015    12    29     0     0     0                        EPOCH OF LAST MAP   
  7200                                                      INTERVAL            
    13                                                      # OF MAPS IN FILE   
  NONE                                                      MAPPING FUNCTION    
10.0                                                        ELEVATION CUTOFF    
One-way carrier phase leveled to code                       OBSERVABLES USED    
  6371.0                                                    BASE RADIUS         
 2                                                          MAP DIMENSION       
   450.0 450.0   0.0                                        HGT1 / HGT2 / DHGT  
    87.5 -87.5  -2.5                                        LAT1 / LAT2 / DLAT  
  -180.0 180.0   5.0                                        LON1 / LON2 / DLON  
    -1                                                      EXPONENT            
                                                            END OF HEADER       
[from data line 858]
     3                                                      START OF TEC MAP    
  2015    12    28     4     0     0                        EPOCH OF CURRENT MAP
    87.5-180.0 180.0   5.0 450.0                            LAT/LON1/LON2/DLON/H
   41   50   44   47   46   47   44   40   40   40   39   39   38   38   37   36
   35   34   33   33   32   31   31   30   30   29   29   29   29   28   28   28
   29   29   29   29   30   30   31   31   32   33   33   33   34   34   35   35
   35   35   35   36   36   36   36   36   36   36   36   36   37   36   37   37
   39   39   38   38   44   58   65   53   41                                   
    85.0-180.0 180.0   5.0 450.0                            LAT/LON1/LON2/DLON/H
   34   54   49   50   53   54   53   52   51   51   49   49   48   46   45   44
   42   41   40   38   37   36   35   35   34   34   33   33   33   33   33   33
   34   35   35   36   37   38   39   40   41   41   42   42   42   43   42   42
   42   42   42   41   41   41   41   41   41   41   41   41   42   42   42   43
   45   46   44   48   55   57   71   56   34                                   
    82.5-180.0 180.0   5.0 450.0                            LAT/LON1/LON2/DLON/H
   40   46   63   57   57   60   59   57   57   56   54   53   52   50   48   46
   44   41   39   37   36   34   32   31   30   29   28   28   28   28   28   29
   30   31   32   34   35   37   39   40   41   42   43   44   44   44   44   43
   42   42   41   41   40   40   39   39   40   40   40   41   41   42   42   43
   45   46   46   46   60   52   57   53   40                                   
    80.0-180.0 180.0   5.0 450.0                            LAT/LON1/LON2/DLON/H
   58   59   67   59   63   61   63   62   62   61   58   57   55   53   50   47
   44   41   39   36   34   32   30   29   27   26   26   25   25   26   26   27
   29   30   32   35   37   39   41   43   45   46   47   48   47   47   46   45
   43   42   40   39   38   38   37   37   37   38   38   39   40   41   42   43
   45   46   49   50   63   58   58   55   58                                   
    77.5-180.0 180.0   5.0 450.0                            LAT/LON1/LON2/DLON/H
   63   63   62   56   54   56   59   60   60   58   55   54   51   48   45   42
   39   36   33   30   28   26   24   23   22   21   20   20   20   20   21   23
   24   26   29   31   34   37   40   42   44   46   47   47   47   46   44   42
   40   38   36   35   33   33   32   32   32   33   34   35   36   37   38   39
   41   43   43   47   53   44   46   46   63                                   
    75.0-180.0 180.0   5.0 450.0                            LAT/LON1/LON2/DLON/H
   54   56   56   50   46   50   53   53   53   52   50   49   46   44   41   38
   35   33   30   28   26   25   24   23   22   22   22   21   21   22   22   23
   25   27   29   32   34   37   40   43   45   47   47   47   46   45   43   40
   38   36   34   32   31   31   31   31   32   33   34   36   37   38   39   40
   40   41   43   42   48   42   42   44   54                                   
    72.5-180.0 180.0   5.0 450.0                            LAT/LON1/LON2/DLON/H
   53   52   53   45   43   47   50   51   51   50   48   47   45   43   40   38
   36   34   32   30   29   29   28   28   28   28   28   28   27   27   28   28
   29   30   32   34   36   39   42   44   47   48   49   48   47   45   43   40
   38   36   34   34   34   34   36   37   39   41   43   45   46   47   48   49
   49   49   51   50   53   45   44   46   53                                   
    70.0-180.0 180.0   5.0 450.0                            LAT/LON1/LON2/DLON/H
   57   53   55   47   43   45   47   48   48   48   46   46   44   42   40   39
   37   36   35   34   34   35   36   36   37   37   36   36   35   35   34   34
   34   34   35   36   38   40   42   44   46   47   48   47   46   44   42   40
   38   37   37   38   39   42   45   48   51   54   56   59   60   61   61   62
   61   59   61   59   60   51   51   49   57                                   
    67.5-180.0 180.0   5.0 450.0                            LAT/LON1/LON2/DLON/H
   59   54   54   46   40   41   43   43   43   42   41   41   40   38   37   36
   35   34   34   34   36   37   38   40   40   40   40   39   37   36   35   34
   33   32   32   32   33   34   36   38   39   41   41   41   40   38   36   34
   34   34   36   39   43   48   53   58   62   66   69   71   73   73   73   72
   71   68   69   66   66   57   54   52   59                                   
    65.0-180.0 180.0   5.0 450.0                            LAT/LON1/LON2/DLON/H
   64   57   54   46   40   39   40   40   40   39   38   38   37   36   35   34
   33   33   34   35   37   39   41   42   42   42   41   39   37   36   34   32
   31   29   29   28   28   29   31   32   34   35   36   36   34   33   31   31
   32   34   39   44   51   58   65   71   76   80   84   86   87   87   87   86
   83   80   79   76   75   65   62   60   64                                   
    62.5-180.0 180.0   5.0 450.0                            LAT/LON1/LON2/DLON/H
   70   62   59   50   43   41   41   41   40   39   37   38   37   36   35   34
   34   34   35   36   38   40   42   43   43   42   40   38   36   34   32   30
   29   27   26   26   26   27   28   30   31   33   33   33   32   30   30   31
   33   38   45   54   63   72   80   87   92   96   99  101  102  103  102  100
   97   93   92   87   86   75   72   69   70                                   
    60.0-180.0 180.0   5.0 450.0                            LAT/LON1/LON2/DLON/H
   79   69   64   54   47   44   42   41   40   38   36   36   35   34   34   33
   33   33   34   35   37   38   39   39   38   37   35   33   31   29   27   26
   25   24   24   23   23   24   25   27   29   30   31   30   29   29   29   31
   36   43   53   64   75   85   94  101  105  108  111  113  114  114  113  112
  108  104  103   98   96   86   82   78   79                                   
    57.5-180.0 180.0   5.0 450.0                            LAT/LON1/LON2/DLON/H
   88   78   71   60   52   48   46   43   41   38   35   35   34   34   33   33
   33   33   33   34   34   34   34   34   32   31   29   27   25   24   24   23
   23   23   22   22   23   24   25   27   29   30   31   31   30   31   32   36
   43   52   64   77   89  100  109  114  118  120  121  123  124  124  124  123
  119  114  114  109  108   97   93   88   88                                   
    55.0-180.0 180.0   5.0 450.0                            LAT/LON1/LON2/DLON/H
   99   88   80   68   59   54   50   46   42   38   35   34   33   33   32   32
   32   32   32   31   31   30   29   28   27   25   24   23   22   22   22   22
   22   23   23   24   25   26   28   29   31   33   34   34   34   35   38   44
   52   63   77   91  104  115  122  127  128  129  130  131  132  133  133  132
  129  124  124  120  119  108  104   99   99                                   
    52.5-180.0 180.0   5.0 450.0                            LAT/LON1/LON2/DLON/H
  110   99   90   78   67   62   57   50   45   40   36   35   33   32   32   33
   33   32   31   30   28   26   25   24   23   22   22   22   22   22   23   24
   25   26   27   28   29   31   32   34   36   38   39   40   41   43   48   55
   65   77   91  105  118  129  135  138  138  138  137  138  140  141  141  141
  137  133  133  129  129  118  115  110  110                                   
    50.0-180.0 180.0   5.0 450.0                            LAT/LON1/LON2/DLON/H
  121  110  100   89   78   72   66   58   51   44   39   37   35   34   34   34
   34   33   32   30   27   25   24   23   23   24   25   25   26   27   27   28
   29   31   32   34   36   38   39   41   43   45   46   48   50   54   60   68
   79   92  106  120  132  142  147  149  148  146  145  146  147  148  149  148
  145  141  140  137  137  127  125  120  121                                   
    47.5-180.0 180.0   5.0 450.0                            LAT/LON1/LON2/DLON/H
  130  120  110  101   90   84   77   68   59   51   44   41   38   37   36   36
   36   36   34   32   29   27   26   26   27   29   31   33   34   34   34   34
   35   37   39   41   43   45   47   49   51   52   54   56   60   65   73   82
   93  106  119  132  144  153  157  158  157  154  153  153  154  154  154  153
  150  146  145  142  142  133  131  127  130                                   
    45.0-180.0 180.0   5.0 450.0                            LAT/LON1/LON2/DLON/H
  135  126  118  111  102   96   89   79   70   60   53   49   45   42   41   40
   40   40   38   37   35   33   32   33   35   38   41   43   43   42   41   40
   40   42   44   47   50   52   54   56   58   60   62   65   70   77   85   96
  107  118  130  142  153  161  166  166  165  162  160  159  159  159  157  155
  152  148  147  144  144  136  134  131  135                                   
    42.5-180.0 180.0   5.0 450.0                            LAT/LON1/LON2/DLON/H
  135  128  121  118  110  106   99   90   81   72   64   59   54   50   47   46
   45   45   45   44   43   42   42   43   46   49   51   53   52   49   46   44
   43   45   48   51   54   57   59   62   64   66   69   73   79   87   97  107
  118  128  138  149  159  167  171  173  172  170  168  166  164  162  159  156
  152  148  147  144  143  135  133  131  135                                   
    40.0-180.0 180.0   5.0 450.0                            LAT/LON1/LON2/DLON/H
  132  126  120  119  114  111  106   98   91   83   76   71   64   59   55   52
   52   53   54   54   55   55   55   56   57   59   61   61   58   53   48   45
   44   46   49   53   57   60   63   66   68   71   75   80   87   97  107  118
  127  136  145  153  162  170  176  178  179  177  175  173  170  166  162  159
  154  150  148  145  143  134  131  128  132                                   
    37.5-180.0 180.0   5.0 450.0                            LAT/LON1/LON2/DLON/H
  127  120  114  114  111  110  106  102   97   91   85   81   75   69   63   60
   59   61   63   66   68   68   68   68   68   68   68   66   61   55   49   45
   44   46   50   54   58   61   65   68   72   76   80   87   95  105  117  127
  135  143  150  157  165  173  180  184  186  186  185  182  178  174  169  166
  163  158  157  152  149  137  131  127  127                                   
    35.0-180.0 180.0   5.0 450.0                            LAT/LON1/LON2/DLON/H
  124  113  106  104  102  102  101   99   97   94   91   89   84   77   71   68
   67   69   73   77   80   82   81   79   77   75   73   69   64   57   51   46
   45   47   51   55   58   62   65   69   74   79   85   92  102  113  125  135
  143  149  155  162  170  178  185  191  195  197  197  195  192  188  185  183
  181  178  177  171  165  150  141  134  124                                   
    32.5-180.0 180.0   5.0 450.0                            LAT/LON1/LON2/DLON/H
  127  110   99   94   90   90   91   91   92   91   91   91   88   83   78   74
   74   77   82   88   92   93   92   88   83   80   76   72   66   60   54   50
   49   50   53   56   59   62   65   70   75   81   88   97  107  120  132  143
  151  157  162  169  176  185  193  200  206  210  213  214  213  212  211  213
  213  212  212  205  197  177  165  153  127                                   
    30.0-180.0 180.0   5.0 450.0                            LAT/LON1/LON2/DLON/H
  139  115   97   86   80   79   79   80   82   83   85   88   88   85   82   79
   80   84   90   96  101  102   99   93   87   82   78   74   70   64   60   56
   55   56   57   58   60   61   64   69   74   81   89  100  112  126  139  150
  159  166  172  179  187  195  204  212  220  227  233  237  241  243  247  253
  257  259  261  252  244  218  205  187  139                                   
    27.5-180.0 180.0   5.0 450.0                            LAT/LON1/LON2/DLON/H
  164  130  105   86   76   72   71   71   72   73   76   81   84   83   82   82
   84   89   95  101  105  105  102   96   89   84   81   78   75   71   67   64
   63   63   62   62   61   61   63   67   73   80   89  101  115  131  146  159
  169  177  185  193  201  210  219  229  239  248  258  266  274  282  291  301
  309  314  318  308  301  272  256  234  164                                   
    25.0-180.0 180.0   5.0 450.0                            LAT/LON1/LON2/DLON/H
  200  159  125   98   82   73   69   66   64   64   66   72   76   79   80   82
   85   90   95  101  104  104  101   96   90   86   83   82   80   78   76   74
   73   72   69   65   62   60   61   64   69   77   88  101  117  135  152  168
  180  191  202  212  221  231  241  251  262  275  287  300  312  325  338  353
  363  371  376  366  361  331  313  289  200                                   
    22.5-180.0 180.0   5.0 450.0                            LAT/LON1/LON2/DLON/H
  247  200  158  123  100   86   77   70   64   59   60   64   69   73   76   79
   83   87   92   95   98   99   97   94   90   87   85   85   86   86   86   85
   83   80   75   68   63   59   58   60   65   73   85  100  119  139  160  178
  194  208  222  235  247  257  268  279  291  306  321  337  353  369  386  402
  414  423  429  418  416  388  369  347  247                                   
    20.0-180.0 180.0   5.0 450.0                            LAT/LON1/LON2/DLON/H
  299  249  202  160  132  112   97   84   72   62   59   60   64   68   72   76
   79   82   85   87   90   92   92   91   89   88   88   89   91   93   95   94
   91   85   77   69   61   56   54   56   60   68   81   99  120  144  167  189
  208  227  244  260  274  286  297  309  323  338  355  373  392  410  427  444
  456  465  470  460  460  437  419  400  299                                   
    17.5-180.0 180.0   5.0 450.0                            LAT/LON1/LON2/DLON/H
  350  301  252  208  174  150  129  110   91   75   66   64   65   68   70   73
   75   76   77   79   81   85   88   90   90   90   91   93   97  100  101  100
   95   87   77   67   59   53   51   51   56   64   78   98  122  149  175  200
  223  245  266  285  300  314  326  338  352  368  386  404  423  441  458  472
  482  489  494  487  487  472  457  444  350                                   
    15.0-180.0 180.0   5.0 450.0                            LAT/LON1/LON2/DLON/H
  394  350  304  260  224  195  168  144  119   98   84   77   74   73   73   74
   73   73   72   73   76   82   87   91   92   93   94   97  100  103  104  101
   95   85   75   64   56   51   48   49   53   62   77   98  125  154  183  210
  236  261  284  305  322  337  349  362  376  391  408  426  444  460  474  484
  490  495  498  493  495  489  480  473  394                                   
    12.5-180.0 180.0   5.0 450.0                            LAT/LON1/LON2/DLON/H
  425  389  350  310  275  243  212  184  155  129  111   99   92   87   83   80
   77   74   72   73   77   84   91   96   98   99   99  100  102  104  103   99
   92   83   72   63   56   51   48   49   53   63   79  101  129  160  190  220
  248  274  299  320  338  353  367  379  392  405  420  436  452  466  476  481
  483  485  487  485  488  489  487  485  425                                   
    10.0-180.0 180.0   5.0 450.0                            LAT/LON1/LON2/DLON/H
  445  417  387  351  321  289  255  224  193  166  144  129  118  108  100   93
   86   82   79   79   84   91   99  105  107  107  105  104  104  103  101   97
   90   81   72   64   58   53   51   52   57   67   83  106  135  166  198  228
  256  284  309  330  348  363  376  388  400  411  424  438  451  462  468  469
  467  467  469  470  475  480  483  485  445                                   
     7.5-180.0 180.0   5.0 450.0                            LAT/LON1/LON2/DLON/H
  454  434  412  382  357  328  293  263  231  203  180  163  149  135  123  111
  102   96   92   92   97  105  113  119  120  118  114  110  107  104  101   97
