data/edconvlstm_nd/pred1820.15i
     1.0            IONOSPHERE MAPS     GNSS                IONEX VERSION / TYPE
pyspatialgeodesy        IME             05-JAN-18 20:20     PGM / RUN BY / DATE 
Map Name                                                    COMMENT             
Predicted global ionosphere maps (GIM).                     DESCRIPTION         
  2015     7     1     0     0     0                        EPOCH OF FIRST MAP  
  2015     7     2     0     0     0                        EPOCH OF LAST MAP   
  7200                                                      INTERVAL            
    13                                                      # OF MAPS IN FILE   
  NONE                                                      MAPPING FUNCTION    
10.0                                                        ELEVATION CUTOFF    
One-way carrier phase leveled to code                       OBSERVABLES USED    
  6371.0                                                    BASE RADIUS         
 2                                                          MAP DIMENSION       
   450.0 450.0   0.0                                        HGT1 / HGT2 / DHGT  
    87.5 -87.5  -2.5                                        LAT1 / LAT2 / DLAT  
  -180.0 180.0   5.0                                        LON1 / LON2 / DLON  
    -1                                                      EXPONENT            
                                                            END OF HEADER       
[from data line 2574]
     7                                                      START OF TEC MAP    
  2015     7     1    12     0     0                        EPOCH OF CURRENT MAP
    87.5-180.0 180.0   5.0 450.0                            LAT/LON1/LON2/DLON/H
  136  139  135  141  142  141  139  136  137  138  137  137  137  137  137  137
  137  137  137  138  138  138  138  138  138  138  138  138  138  138  138  138
  138  138  138  138  138  139  139  139  139  139  140  140  140  141  141  141
  142  142  142  143  143  143  143  143  143  143  143  143  143  143  143  142
  142  143  141  139  144  141  149  144  136                                   
    85.0-180.0 180.0   5.0 450.0                            LAT/LON1/LON2/DLON/H
  134  139  148  142  141  143  142  143  142  143  142  142  142  141  142  142
  142  142  143  143  143  143  144  144  144  144  144  144  144  144  144  145
  145  145  145  145  145  145  145  145  146  146  146  146  147  147  147  148
  148  149  149  149  149  150  150  150  150  150  150  150  150  150  150  150
  150  151  146  143  141  141  146  148  134                                   
    82.5-180.0 180.0   5.0 450.0                            LAT/LON1/LON2/DLON/H
  128  138  141  135  133  135  135  135  134  134  133  133  132  132  132  133
  133  134  135  136  136  137  138  138  139  139  140  140  140  141  141  142
  142  142  143  143  143  143  143  143  144  144  144  144  145  145  146  146
  147  147  147  148  148  148  148  148  148  148  148  147  147  146  145  145
  145  144  140  140  137  143  141  136  128                                   
    80.0-180.0 180.0   5.0 450.0                            LAT/LON1/LON2/DLON/H
  127  133  137  135  132  131  131  132  131  130  129  129  128  128  128  128
  129  130  132  133  134  135  136  137  137  138  138  139  139  139  140  140
  140  141  141  141  141  141  141  141  142  142  142  142  143  143  144  144
  145  145  146  146  146  146  146  146  146  145  145  144  143  143  142  141
  141  140  137  138  134  138  141  135  127                                   
    77.5-180.0 180.0   5.0 450.0                            LAT/LON1/LON2/DLON/H
  130  131  134  133  130  131  130  130  128  127  124  124  123  123  124  125
  126  128  130  132  134  136  137  138  138  139  139  139  140  140  140  141
  142  142  143  143  143  144  144  143  143  143  144  144  144  145  146  146
  147  148  148  148  148  148  148  148  147  146  145  144  142  141  140  138
  137  136  132  133  134  132  135  134  130                                   
    75.0-180.0 180.0   5.0 450.0                            LAT/LON1/LON2/DLON/H
  125  128  128  130  128  130  128  128  126  125  122  122  121  121  122  123
  125  128  130  133  135  137  138  139  139  139  139  139  140  140  141  142
  143  143  144  145  145  145  145  145  145  144  145  145  145  146  146  147
  148  148  149  149  149  149  149  148  147  146  145  143  142  140  138  137
  135  133  130  127  129  129  132  125  125                                   
    72.5-180.0 180.0   5.0 450.0                            LAT/LON1/LON2/DLON/H
  121  124  124  127  125  127  127  126  124  123  120  119  118  119  120  122
  124  127  130  133  136  137  138  139  139  139  138  138  138  139  140  141
  142  144  145  145  146  146  146  146  145  145  145  146  146  146  147  148
  148  149  149  150  149  149  149  148  147  146  145  144  143  141  139  137
  135  132  129  126  125  126  128  126  121                                   
    70.0-180.0 180.0   5.0 450.0                            LAT/LON1/LON2/DLON/H
  120  120  120  123  121  121  121  120  119  118  116  116  115  116  118  120
  122  125  128  131  133  135  136  136  135  135  134  134  134  135  136  138
  140  142  143  144  145  145  145  144  144  144  144  144  145  145  145  146
  146  146  146  146  146  146  145  145  145  144  144  143  143  142  140  139
  136  133  130  126  124  125  128  127  120                                   
    67.5-180.0 180.0   5.0 450.0                            LAT/LON1/LON2/DLON/H
  119  119  119  121  119  119  118  118  116  116  114  115  115  117  119  121
  124  127  129  132  133  134  135  134  133  133  132  132  132  133  135  137
  139  141  143  145  145  146  146  145  145  145  145  146  146  146  146  146
  146  146  145  145  145  145  144  144  144  145  145  146  147  147  146  146
  144  140  136  132  127  127  128  126  119                                   
    65.0-180.0 180.0   5.0 450.0                            LAT/LON1/LON2/DLON/H
  121  120  118  119  115  114  112  112  111  111  111  112  114  116  118  121
  123  126  128  129  131  131  131  131  131  130  130  130  131  132  135  138
  140  143  145  147  147  147  147  148  148  148  149  149  149  148  148  147
  146  146  145  144  144  144  144  144  145  146  148  150  152  153  154  154
  153  150  146  142  137  136  136  133  121                                   
    62.5-180.0 180.0   5.0 450.0                            LAT/LON1/LON2/DLON/H
  125  122  119  118  111  109  106  104  104  104  105  108  111  114  117  119
  122  123  124  125  126  126  127  127  128  128  129  130  132  134  137  140
  143  146  148  149  149  149  150  150  151  152  153  153  153  152  151  150
  148  147  146  145  145  144  144  145  147  149  151  154  157  160  162  164
  164  161  157  153  147  144  144  141  125                                   
    60.0-180.0 180.0   5.0 450.0                            LAT/LON1/LON2/DLON/H
  130  125  120  117  108  103   98   95   94   95   97  100  104  108  112  115
  117  118  118  119  119  120  121  123  125  127  129  132  134  137  140  143
  146  149  151  151  152  152  152  154  155  157  158  159  159  157  155  153
  151  150  148  147  147  146  147  148  150  152  155  159  163  166  169  171
  172  170  167  162  156  153  152  148  130                                   
    57.5-180.0 180.0   5.0 450.0                            LAT/LON1/LON2/DLON/H
  136  129  123  118  106   99   92   88   86   86   88   92   96  101  105  109
  111  112  112  112  112  114  117  121  125  129  133  136  139  143  146  149
  153  155  156  157  157  157  157  159  162  164  166  167  166  165  162  160
  157  155  154  153  152  152  153  154  156  158  161  165  169  172  175  178
  179  178  175  171  165  161  159  155  136                                   
    55.0-180.0 180.0   5.0 450.0                            LAT/LON1/LON2/DLON/H
  141  132  125  119  106   97   89   83   79   79   79   83   87   92   97  101
  103  105  105  105  107  110  114  120  127  133  138  142  145  148  152  156
  159  161  162  163  162  162  163  166  169  172  174  175  174  172  169  167
  164  162  160  159  158  159  159  161  163  165  168  171  174  176  179  181
  182  181  179  174  169  165  163  159  141                                   
    52.5-180.0 180.0   5.0 450.0                            LAT/LON1/LON2/DLON/H
  143  134  128  122  109   99   90   82   77   74   73   76   79   83   88   93
   96   99  100  101  103  107  114  122  130  137  143  147  150  154  157  161
  165  168  169  170  169  170  171  174  177  180  182  183  181  179  176  174
  171  169  167  166  166  166  167  168  170  172  175  177  178  180  181  182
  182  181  179  175  169  165  163  158  143                                   
    50.0-180.0 180.0   5.0 450.0                            LAT/LON1/LON2/DLON/H
  143  135  130  126  113  104   94   86   79   75   72   72   73   77   81   87
   91   95   97   99  103  109  117  126  135  143  148  152  154  157  161  166
  170  174  177  178  178  179  180  183  186  189  191  191  189  186  184  181
  179  176  175  173  172  172  174  175  177  179  181  182  183  183  182  182
  181  179  176  172  166  162  159  155  143                                   
    47.5-180.0 180.0   5.0 450.0                            LAT/LON1/LON2/DLON/H
  140  134  131  128  119  110  102   94   86   81   75   73   72   74   78   83
   89   94   97  101  106  113  122  132  141  148  152  155  157  159  163  169
  175  181  185  187  189  190  192  195  198  200  201  200  197  194  191  189
  186  184  181  179  178  178  179  181  184  186  188  188  188  186  184  182
  180  177  173  168  162  157  153  149  140                                   
    45.0-180.0 180.0   5.0 450.0                            LAT/LON1/LON2/DLON/H
  135  130  129  129  123  117  110  104   97   90   84   79   75   75   78   84
   90   96  101  106  112  120  129  139  147  153  156  157  158  160  165  172
  180  188  194  199  202  205  208  211  213  214  214  211  208  204  201  198
  195  192  188  185  183  182  184  186  189  192  194  194  193  191  188  184
  181  176  171  165  157  151  147  142  135                                   
    42.5-180.0 180.0   5.0 450.0                            LAT/LON1/LON2/DLON/H
  129  126  126  127  124  121  117  114  108  102   95   88   83   80   82   88
   95  102  108  113  120  128  138  147  154  158  160  159  160  162  167  176
  186  197  206  213  219  223  227  230  232  233  231  227  222  217  213  209
  206  202  197  192  189  188  189  192  195  199  201  201  200  197  193  188
  183  177  171  164  154  147  142  136  129                                   
    40.0-180.0 180.0   5.0 450.0                            LAT/LON1/LON2/DLON/H
  122  121  122  123  122  121  120  120  117  113  107  100   93   89   90   95
  102  109  116  122  129  138  147  155  160  163  164  163  163  166  172  182
  194  207  219  229  237  244  249  253  255  255  252  247  241  235  230  225
  220  214  208  202  197  195  196  199  203  206  209  209  208  205  200  194
  187  181  173  165  153  144  139  133  122                                   
    37.5-180.0 180.0   5.0 450.0                            LAT/LON1/LON2/DLON/H
  118  117  117  117  116  116  118  121  122  121  117  111  104   99   99  103
  110  117  123  130  138  146  155  162  167  169  170  170  170  173  180  191
  205  220  235  247  258  267  273  278  280  280  277  271  265  258  252  245
  239  232  223  216  210  207  207  209  213  216  218  219  217  213  207  200
  192  184  175  166  154  144  138  131  118                                   
    35.0-180.0 180.0   5.0 450.0                            LAT/LON1/LON2/DLON/H
  117  116  114  111  109  109  112  117  122  124  123  119  113  108  108  111
  116  123  130  137  144  153  162  169  173  176  178  179  180  184  192  204
  219  235  252  266  279  289  297  303  306  306  303  298  291  284  277  269
  262  253  244  235  228  224  223  224  226  228  229  229  226  220  213  205
  196  187  177  168  155  146  140  133  117                                   
    32.5-180.0 180.0   5.0 450.0                            LAT/LON1/LON2/DLON/H
  119  117  114  107  102  102  105  110  117  122  125  123  119  115  114  117
  121  127  134  141  149  159  167  174  180  184  187  190  193  198  206  218
  234  251  269  285  298  310  319  325  329  330  328  324  318  311  303  295
  287  277  268  259  251  246  243  242  242  242  241  238  233  226  217  208
  198  188  178  168  157  148  144  136  119                                   
    30.0-180.0 180.0   5.0 450.0                            LAT/LON1/LON2/DLON/H
  125  122  117  107  100   97   99  102  110  117  122  123  122  119  118  120
  124  129  135  143  152  162  171  179  186  192  197  203  208  214  222  234
  250  268  286  302  315  326  336  343  348  350  350  347  342  336  328  321
  312  303  294  285  278  271  266  262  259  256  252  247  239  229  218  207
  196  186  175  167  157  150  147  140  125                                   
    27.5-180.0 180.0   5.0 450.0                            LAT/LON1/LON2/DLON/H
  133  131  125  112  102   97   97   98  104  111  118  121  121  120  120  121
  124  129  135  143  153  164  174  183  191  199  207  215  222  229  238  250
  266  283  301  315  328  338  347  354  360  363  364  363  360  356  350  343
  335  327  320  312  304  297  290  282  275  268  261  252  241  229  215  203
  190  180  170  163  155  151  149  143  133                                   
    25.0-180.0 180.0   5.0 450.0                            LAT/LON1/LON2/DLON/H
  142  140  135  122  110  103  100   98  102  107  113  117  119  119  119  120
  123  127  134  143  153  165  176  185  195  205  215  225  234  242  252  264
  280  296  312  326  336  344  352  359  365  370  372  373  372  369  365  360
  354  348  342  335  328  319  310  299  289  278  267  254  240  225  210  196
  183  173  164  157  152  150  150  145  142                                   
    22.5-180.0 180.0   5.0 450.0                            LAT/LON1/LON2/DLON/H
  148  149  145  134  122  114  109  103  104  106  111  114  116  117  117  118
  121  125  132  141  152  164  176  186  197  209  221  233  243  252  263  275
  291  307  321  332  340  347  353  359  365  370  374  376  376  376  373  370
  367  363  359  353  346  337  325  311  297  284  269  254  237  219  203  189
  176  166  157  152  148  148  149  146  148                                   
    20.0-180.0 180.0   5.0 450.0                            LAT/LON1/LON2/DLON/H
  150  155  153  145  135  127  120  113  109  109  110  113  114  115  115  116
  119  123  130  139  150  162  174  186  198  212  225  238  249  259  271  284
  300  315  328  337  344  348  353  358  364  368  372  375  376  377  377  376
  375  373  370  365  358  347  333  318  302  286  269  251  232  213  196  183
  171  161  153  148  145  145  147  144  150                                   
    17.5-180.0 180.0   5.0 450.0                            LAT/LON1/LON2/DLON/H
  148  155  155  151  144  137  131  123  117  113  112  113  113  114  114  115
  117  122  128  136  147  159  171  185  198  213  227  240  252  264  277  292
  307  322  334  343  348  351  355  359  363  367  370  373  375  376  378  379
  380  380  378  372  364  351  336  320  302  285  266  247  226  207  191  179
  168  160  153  148  145  144  145  141  148                                   
    15.0-180.0 180.0   5.0 450.0                            LAT/LON1/LON2/DLON/H
  143  151  152  150  147  142  137  130  124  118  115  114  114  114  113  114
  116  120  126  134  143  155  168  183  198  214  228  242  255  268  283  299
  315  330  341  349  354  357  360  363  367  370  371  373  374  376  379  382
  384  385  382  376  366  352  336  318  300  282  263  242  221  202  187  177
  168  161  155  150  146  144  144  138  143                                   
    12.5-180.0 180.0   5.0 450.0                            LAT/LON1/LON2/DLON/H
  137  143  144  142  141  138  136  131  126  121  117  115  115  114  113  113
  115  119  124  131  139  150  165  181  198  215  230  244  258  273  289  306
  323  338  349  357  362  365  368  372  375  376  377  376  376  378  381  385
  388  389  386  378  366  351  334  316  298  279  259  238  216  198  185  177
  170  165  160  156  151  146  144  136  137                                   
    10.0-180.0 180.0   5.0 450.0                            LAT/LON1/LON2/DLON/H
  132  135  133  131  130  128  128  126  124  120  117  115  115  114  113  113
  114  117  122  128  136  147  162  180  199  217  233  248  262  278  296  314
  330  345  356  364  369  374  379  383  386  386  385  383  381  382  385  389
  393  394  390  380  366  349  331  313  295  275  255  233  212  195  184  178
  173  170  166  162  157  150  146  137  132                                   
     7.5-180.0 180.0   5.0 450.0                            LAT/LON1/LON2/DLON/H
  131  128  124  119  116  113  115  116  116  115  113  113  113  112  111  111
  112  116  120  125  133  144  160  180  201  221  237  252  268  285  303  321
