data/edconvlstm_nd/pred1080.15i
     1.0            IONOSPHERE MAPS     GNSS                IONEX VERSION / TYPE
pyspatialgeodesy        IME             05-JAN-18 20:20     PGM / RUN BY / DATE 
Map Name                                                    COMMENT             
Predicted global ionosphere maps (GIM).                     DESCRIPTION         
  2015     4    18     0     0     0                        EPOCH OF FIRST MAP  
  2015     4    19     0     0     0                        EPOCH OF LAST MAP   
  7200                                                      INTERVAL            
    13                                                      # OF MAPS IN FILE   
  NONE                                                      MAPPING FUNCTION    
10.0                                                        ELEVATION CUTOFF    
One-way carrier phase leveled to code                       OBSERVABLES USED    
  6371.0                                                    BASE RADIUS         
 2                                                          MAP DIMENSION       
   450.0 450.0   0.0                                        HGT1 / HGT2 / DHGT  
    87.5 -87.5  -2.5                                        LAT1 / LAT2 / DLAT  
  -180.0 180.0   5.0                                        LON1 / LON2 / DLON  
    -1                                                      EXPONENT            
                                                            END OF HEADER       
[from data line 4290]
    11                                                      START OF TEC MAP    
  2015     4    18    20     0     0                        EPOCH OF CURRENT MAP
    87.5-180.0 180.0   5.0 450.0                            LAT/LON1/LON2/DLON/H
  177  165  150  156  158  157  156  154  154  155  154  155  155  156  156  157
  157  158  158  158  158  158  158  158  158  157  157  156  156  155  154  154
  153  153  152  152  152  151  151  151  151  151  152  152  152  153  154  154
  155  156  157  158  158  159  160  161  162  162  163  163  163  163  163  162
  162  161  160  160  170  168  169  172  177                                   
    85.0-180.0 180.0   5.0 450.0                            LAT/LON1/LON2/DLON/H
  164  160  161  156  152  155  154  156  155  156  155  156  156  157  158  159
  160  160  161  162  162  162  162  162  162  161  161  160  159  158  158  157
  156  156  155  155  154  154  154  154  154  154  154  155  155  156  157  158
  159  160  161  162  163  164  166  167  168  169  169  170  170  170  170  169
  169  168  166  164  167  158  158  163  164                                   
    82.5-180.0 180.0   5.0 450.0                            LAT/LON1/LON2/DLON/H
  140  141  140  137  136  140  141  141  140  141  142  144  145  147  148  150
  152  154  155  157  158  159  159  159  159  158  157  156  155  153  152  151
  150  149  148  147  147  146  146  146  145  145  145  146  146  146  147  148
  149  150  152  153  155  157  159  160  162  163  165  165  166  165  165  164
  162  160  157  160  158  160  150  146  140                                   
    80.0-180.0 180.0   5.0 450.0                            LAT/LON1/LON2/DLON/H
  129  130  131  129  126  127  129  133  134  136  138  140  142  145  147  150
  153  155  157  159  160  161  162  162  161  160  159  157  155  153  151  149
  147  146  145  144  143  143  142  142  142  141  141  140  140  140  140  141
  142  143  145  147  150  152  155  158  160  163  164  165  166  166  165  164
  162  159  156  155  149  142  137  140  129                                   
    77.5-180.0 180.0   5.0 450.0                            LAT/LON1/LON2/DLON/H
  133  126  129  126  125  126  128  132  134  137  139  143  146  149  153  156
  159  162  165  167  169  171  173  173  173  172  170  167  164  161  158  156
  154  153  152  151  151  151  150  149  148  147  146  144  143  142  141  141
  141  142  144  146  148  151  154  158  161  163  166  167  168  168  167  165
  162  159  155  153  151  140  140  146  133                                   
    75.0-180.0 180.0   5.0 450.0                            LAT/LON1/LON2/DLON/H
  136  132  132  128  128  131  132  136  140  144  147  151  154  158  161  163
  166  169  172  174  177  180  182  183  183  181  179  175  172  168  164  161
  159  158  157  157  157  157  156  155  153  151  149  146  143  141  139  137
  137  137  138  140  142  145  149  152  155  159  161  163  164  165  164  163
  160  157  155  150  147  137  139  136  136                                   
    72.5-180.0 180.0   5.0 450.0                            LAT/LON1/LON2/DLON/H
  143  139  140  140  138  141  144  147  150  155  159  164  167  170  172  173
  175  177  179  182  185  189  191  193  193  192  189  184  179  174  169  165
  162  161  161  161  161  162  161  160  158  155  151  147  143  140  137  135
  134  133  134  135  137  140  143  146  149  153  155  158  159  160  160  159
  156  154  152  148  145  139  142  145  143                                   
    70.0-180.0 180.0   5.0 450.0                            LAT/LON1/LON2/DLON/H
  153  150  150  149  148  151  154  158  163  169  173  178  181  182  182  182
  181  182  183  186  189  193  197  199  199  197  193  188  181  174  168  163
  160  158  157  157  158  158  158  156  153  150  145  140  136  132  129  127
  125  125  125  126  128  129  132  134  137  140  143  145  147  149  150  150
  148  147  147  145  145  142  148  149  153                                   
    67.5-180.0 180.0   5.0 450.0                            LAT/LON1/LON2/DLON/H
  163  161  162  163  163  166  169  174  179  186  191  197  200  200  199  196
  194  192  192  194  197  202  206  208  208  206  200  193  185  177  169  163
  159  156  155  155  156  156  155  153  150  145  141  136  131  127  125  123
  122  122  123  123  124  125  126  128  130  132  134  137  139  141  143  145
  144  145  145  144  145  145  151  154  163                                   
    65.0-180.0 180.0   5.0 450.0                            LAT/LON1/LON2/DLON/H
  166  165  166  168  169  171  174  180  186  195  202  208  211  212  210  206
  201  198  196  197  200  204  208  210  209  205  199  190  181  172  164  157
  153  149  148  147  146  145  144  141  137  132  127  122  117  114  112  111
  111  111  112  112  113  113  112  112  112  113  115  118  121  124  127  130
  131  134  136  137  141  145  153  156  166                                   
    62.5-180.0 180.0   5.0 450.0                            LAT/LON1/LON2/DLON/H
  164  166  166  169  171  173  176  183  190  200  209  216  221  223  221  216
  211  206  203  202  204  208  210  211  209  203  195  186  177  169  161  155
  150  146  143  141  139  137  134  131  126  121  115  110  105  102  100  100
  100  101  102  103  103  102  100   98   97   97   98  100  104  108  112  117
  120  124  127  129  133  140  148  152  164                                   
    60.0-180.0 180.0   5.0 450.0                            LAT/LON1/LON2/DLON/H
  158  162  163  167  169  170  174  181  189  200  210  220  227  230  229  225
  220  214  209  207  208  209  210  208  204  198  189  181  174  167  162  157
  153  148  144  140  137  133  129  124  119  113  106  101   96   93   91   90
   91   92   93   93   93   91   89   85   83   81   81   83   87   92   98  104
  109  114  118  120  124  134  142  146  158                                   
    57.5-180.0 180.0   5.0 450.0                            LAT/LON1/LON2/DLON/H
  153  160  163  167  170  171  174  181  189  200  211  222  230  235  237  234
  230  223  217  213  211  210  208  205  199  192  184  178  174  171  169  166
  163  158  153  147  142  137  131  126  119  113  106  100   94   90   87   85
   85   86   87   87   87   85   82   78   74   71   70   72   76   82   90   97
  103  109  115  116  119  128  137  141  153                                   
    55.0-180.0 180.0   5.0 450.0                            LAT/LON1/LON2/DLON/H
  155  165  171  175  179  180  183  188  196  205  215  225  234  241  245  245
  241  234  226  219  214  210  206  201  195  188  182  179  179  180  182  182
  179  175  168  161  154  147  141  134  128  121  114  107  100   94   90   87
   86   85   86   87   87   86   83   79   74   70   67   68   72   78   87   96
  104  112  118  119  122  130  139  141  155                                   
    52.5-180.0 180.0   5.0 450.0                            LAT/LON1/LON2/DLON/H
  165  180  189  192  199  200  203  206  211  218  225  234  242  250  255  256
  252  244  234  224  216  210  205  199  193  188  185  185  189  194  198  200
  199  193  186  178  169  161  154  147  141  134  127  120  112  105   99   95
   92   91   91   92   93   93   91   87   82   76   73   72   75   81   91  101
  111  121  129  131  133  141  149  149  165                                   
    50.0-180.0 180.0   5.0 450.0                            LAT/LON1/LON2/DLON/H
  185  204  217  221  229  232  234  236  238  241  245  250  257  264  269  270
  265  255  242  229  219  212  206  201  196  193  193  196  202  210  215  218
  216  210  202  192  183  174  167  160  154  148  142  136  128  121  114  108
  104  101  101  103  105  106  106  103   97   91   86   84   85   90  100  111
  122  135  145  149  152  160  169  167  185                                   
    47.5-180.0 180.0   5.0 450.0                            LAT/LON1/LON2/DLON/H
  214  235  250  256  267  272  274  274  274  274  273  275  278  284  288  287
  280  267  250  235  223  215  211  207  205  204  205  210  216  223  228  229
  225  219  210  201  192  183  174  167  162  157  153  149  143  137  130  124
  118  115  115  116  120  123  124  122  118  111  105  101  100  104  112  124
  136  151  163  171  176  184  194  192  214                                   
    45.0-180.0 180.0   5.0 450.0                            LAT/LON1/LON2/DLON/H
  245  267  283  291  304  311  314  315  314  313  309  307  307  310  312  309
  298  281  261  243  230  223  220  219  219  219  221  225  229  233  234  232
  227  220  212  203  194  184  175  168  162  160  158  157  154  150  144  138
  133  130  129  131  135  139  143  143  139  133  126  120  118  120  127  137
  150  167  181  193  201  210  222  222  245                                   
    42.5-180.0 180.0   5.0 450.0                            LAT/LON1/LON2/DLON/H
  273  295  310  320  335  344  349  351  353  351  347  344  342  343  342  336
  321  300  276  256  243  237  235  235  236  236  238  239  240  239  235  230
  223  216  209  202  193  183  172  163  158  156  157  159  159  157  154  150
  146  143  143  144  148  153  158  160  158  153  146  139  135  134  140  149
  162  180  197  212  223  234  248  252  273                                   
    40.0-180.0 180.0   5.0 450.0                            LAT/LON1/LON2/DLON/H
  293  314  328  340  355  365  373  379  384  386  384  382  380  379  377  368
  350  325  299  277  264  257  255  255  255  255  254  253  250  244  237  229
  222  217  212  206  197  185  172  161  155  153  155  158  161  162  161  158
  156  154  153  154  158  163  168  172  171  167  160  152  146  144  148  156
  169  189  208  226  241  254  270  280  293                                   
    37.5-180.0 180.0   5.0 450.0                            LAT/LON1/LON2/DLON/H
  306  326  338  350  365  375  387  396  407  414  416  417  417  417  414  404
  384  357  329  307  293  284  280  277  275  273  271  268  263  255  247  239
  234  230  228  222  212  198  181  167  158  155  157  161  164  165  165  164
  163  161  161  161  165  170  176  180  180  176  169  160  152  149  151  158
  170  192  214  235  252  270  288  303  306                                   
    35.0-180.0 180.0   5.0 450.0                            LAT/LON1/LON2/DLON/H
  315  333  344  355  369  379  394  407  423  435  443  449  452  455  452  441
  421  395  368  345  329  317  307  299  294  292  291  289  286  280  274  269
  267  266  264  258  246  227  206  187  175  169  168  170  171  172  171  170
  170  169  169  170  173  177  183  187  187  183  175  165  156  150  150  157
  169  191  215  239  259  281  301  320  315                                   
    32.5-180.0 180.0   5.0 450.0                            LAT/LON1/LON2/DLON/H
  325  341  353  361  376  385  402  418  439  456  469  478  486  490  489  479
  460  436  411  389  370  352  336  323  316  315  318  322  324  324  324  324
  325  326  324  315  298  274  248  223  205  195  190  188  186  184  182  181
  180  180  181  183  186  190  194  197  197  192  183  172  161  154  152  157
  168  191  217  243  264  290  313  334  325                                   
    30.0-180.0 180.0   5.0 450.0                            LAT/LON1/LON2/DLON/H
  341  356  368  375  392  400  420  438  462  482  498  510  520  526  526  516
  499  477  455  434  412  389  367  351  344  348  358  370  381  390  397  402
  406  406  401  387  364  334  302  271  247  231  221  214  209  204  200  198
  197  199  201  204  207  209  211  212  209  203  193  181  170  161  159  162
  172  195  221  248  271  299  326  348  341                                   
    27.5-180.0 180.0   5.0 450.0                            LAT/LON1/LON2/DLON/H
  364  380  394  403  422  432  453  472  497  518  535  549  559  565  564  554
  538  518  497  476  452  426  402  386  384  396  416  438  459  476  489  497
  499  496  484  463  434  398  360  324  294  272  257  246  237  230  225  222
  223  225  229  233  235  235  233  230  224  215  204  192  180  172  169  172
  181  204  229  257  280  311  341  365  364                                   
    25.0-180.0 180.0   5.0 450.0                            LAT/LON1/LON2/DLON/H
  396  414  430  443  468  479  502  521  545  566  582  596  606  610  606  595
  577  558  538  516  492  466  445  436  442  463  494  525  554  576  589  594
  590  577  555  526  490  449  406  367  333  307  290  277  268  261  256  254
  255  259  263  267  267  264  257  248  238  226  214  202  191  183  180  183
  192  214  238  266  291  323  357  383  396                                   
    22.5-180.0 180.0   5.0 450.0                            LAT/LON1/LON2/DLON/H
  430  452  472  492  524  539  562  581  604  623  639  651  659  661  654  639
  620  599  578  555  532  511  499  501  519  550  588  625  656  676  684  678
  659  630  595  556  513  469  426  387  354  329  312  302  296  292  290  289
  291  296  300  302  299  291  278  264  249  235  222  211  201  194  191  193
  202  224  247  274  300  333  371  400  430                                   
    20.0-180.0 180.0   5.0 450.0                            LAT/LON1/LON2/DLON/H
  460  486  512  541  582  601  625  644  666  684  699  711  717  716  706  688
  666  644  621  597  576  564  565  580  609  648  689  726  752  763  756  730
  690  642  591  541  495  452  412  378  350  330  319  315  317  320  322  325
  328  331  334  333  325  311  292  272  254  239  226  215  207  201  199  201
  210  230  252  278  305  340  379  413  460                                   
    17.5-180.0 180.0   5.0 450.0                            LAT/LON1/LON2/DLON/H
  480  509  542  580  629  653  679  698  720  739  754  766  772  770  758  739
  716  693  669  645  628  624  637  665  703  746  785  813  826  819  791  742
  679  611  546  490  442  403  371  346  327  316  314  320  330  342  351  356
  360  362  361  354  340  320  295  271  251  236  224  215  209  204  203  205
  213  232  253  277  306  341  380  418  480                                   
    15.0-180.0 180.0   5.0 450.0                            LAT/LON1/LON2/DLON/H
  485  519  558  603  658  687  715  735  759  779  796  811  819  818  808  790
  768  746  723  702  689  691  712  747  789  830  860  872  865  838  788  718
  636  554  481  421  376  344  321  306  298  297  305  321  341  360  374  381
  384  382  376  363  343  316  288  262  242  227  217  210  206  203  203  204
  211  229  250  274  303  339  377  417  485                                   
    12.5-180.0 180.0   5.0 450.0                            LAT/LON1/LON2/DLON/H
  479  517  561  610  668  701  730  752  778  801  822  840  853  856  849  836
  819  802  782  764  754  760  783  819  860  891  904  896  870  824  758  674
  582  493  418  362  322  298  284  279  280  289  305  328  353  375  391  398
  397  390  377  358  332  302  271  246  227  214  206  201  199  198  198  200
  206  223  244  268  298  335  372  412  479                                   
    10.0-180.0 180.0   5.0 450.0                            LAT/LON1/LON2/DLON/H
  466  510  558  609  667  702  731  753  781  807  832  855  871  880  880  874
  865  854  841  828  820  825  846  877  908  922  916  890  847  789  715  628
  536  451  381  331  300  282  276  278  286  301  322  346  371  391  403  405
  399  386  366  342  312  280  250  226  209  198  192  190  190  190  191  191
  197  214  236  262  293  332  368  407  466                                   
     7.5-180.0 180.0   5.0 450.0                            LAT/LON1/LON2/DLON/H
  454  505  555  607  664  699  727  748  775  802  829  855  876  890  897  899
  899  897  892  883  877  880  895  917  931  927  902  861  808  747  677  598
