data/edconvlstm_nd/pred3510.15i
     1.0            IONOSPHERE MAPS     GNSS                IONEX VERSION / TYPE
pyspatialgeodesy        IME             05-JAN-18 20:20     PGM / RUN BY / DATE 
Map Name                                                    COMMENT             
Predicted global ionosphere maps (GIM).                     DESCRIPTION         
  2015    12    17     0     0     0                        EPOCH OF FIRST MAP  
  2015    12    18     0     0     0                        EPOCH OF LAST MAP   
  7200                                                      INTERVAL            
    13                                                      # OF MAPS IN FILE   
  NONE                                                      MAPPING FUNCTION    
10.0                                                        ELEVATION CUTOFF    
One-way carrier phase leveled to code                       OBSERVABLES USED    
  6371.0                                                    BASE RADIUS         
 2                                                          MAP DIMENSION       
   450.0 450.0   0.0                                        HGT1 / HGT2 / DHGT  
    87.5 -87.5  -2.5                                        LAT1 / LAT2 / DLAT  
  -180.0 180.0   5.0                                        LON1 / LON2 / DLON  
    -1                                                      EXPONENT            
                                                            END OF HEADER       
[from data line 3861]
    10                                                      START OF TEC MAP    
  2015    12    17    18     0     0                        EPOCH OF CURRENT MAP
    87.5-180.0 180.0   5.0 450.0                            LAT/LON1/LON2/DLON/H
   60   63   61   62   67   64   64   59   60   62   61   62   62   63   63   63
   64   64   63   63   63   63   62   62   61   61   60   60   59   59   58   58
   58   57   57   57   57   57   57   57   57   58   58   58   59   59   60   60
   61   62   62   63   63   63   64   64   64   64   64   64   64   64   64   63
   63   62   58   54   57   57   73   77   60                                   
    85.0-180.0 180.0   5.0 450.0                            LAT/LON1/LON2/DLON/H
   64   64   75   55   56   59   57   58   58   60   59   60   61   61   62   62
   63   63   63   63   63   63   62   62   62   61   61   61   60   60   60   59
   59   59   58   58   58   58   58   58   58   58   58   59   59   60   60   61
   61   62   63   63   64   64   65   65   65   66   66   66   66   66   65   65
   65   63   58   53   57   58   65   58   64                                   
    82.5-180.0 180.0   5.0 450.0                            LAT/LON1/LON2/DLON/H
   43   48   52   42   46   47   48   47   48   49   50   52   52   53   54   55
   55   55   55   54   54   53   53   52   52   51   51   50   50   50   49   49
   49   48   48   47   47   46   46   46   46   46   46   47   47   48   48   49
   50   50   51   52   53   53   54   55   55   56   56   56   56   56   56   56
   55   53   50   47   53   60   56   51   43                                   
    80.0-180.0 180.0   5.0 450.0                            LAT/LON1/LON2/DLON/H
   24   30   38   31   34   32   34   35   37   39   41   44   45   47   48   49
   49   49   49   48   47   46   45   45   44   43   43   42   42   42   42   41
   41   40   40   39   38   37   37   36   36   36   36   37   37   38   39   40
   40   41   42   43   44   45   46   46   47   48   48   48   49   48   48   47
   47   46   44   42   42   47   42   45   24                                   
    77.5-180.0 180.0   5.0 450.0                            LAT/LON1/LON2/DLON/H
   28   28   27   22   25   24   27   28   31   33   36   40   43   46   48   50
   51   51   50   49   48   46   45   43   42   41   41   41   40   40   40   40
   39   38   36   35   33   31   30   29   28   28   28   28   29   30   31   32
   33   34   35   36   37   38   39   40   41   42   42   42   42   42   42   41
   40   39   37   36   35   36   34   38   28                                   
    75.0-180.0 180.0   5.0 450.0                            LAT/LON1/LON2/DLON/H
   14   19   18   18   21   20   22   24   28   33   37   42   47   51   54   56
   57   57   56   54   52   50   48   46   44   43   42   42   42   42   41   41
   40   38   36   34   32   29   27   26   25   25   25   25   26   27   28   30
   31   32   33   33   34   35   36   37   38   39   39   40   40   40   40   39
   39   39   37   35   35   31   27   23   14                                   
    72.5-180.0 180.0   5.0 450.0                            LAT/LON1/LON2/DLON/H
   19   21   19   20   20   20   23   25   28   33   39   46   51   57   60   63
   64   64   63   61   58   56   53   50   48   46   44   43   43   43   42   41
   40   38   35   32   28   25   22   20   19   18   18   19   20   21   23   24
   25   25   26   27   27   28   29   30   30   31   32   33   33   33   34   33
   33   33   32   30   30   28   26   26   19                                   
    70.0-180.0 180.0   5.0 450.0                            LAT/LON1/LON2/DLON/H
   18   23   22   23   24   23   25   29   35   42   49   57   64   70   74   77
   79   79   78   77   74   71   68   64   61   58   55   53   52   51   50   48
   47   44   40   35   31   26   23   21   20   19   19   20   22   23   24   25
   26   26   26   26   26   26   27   28   29   30   32   33   34   34   35   35
   35   35   36   34   34   33   35   35   18                                   
    67.5-180.0 180.0   5.0 450.0                            LAT/LON1/LON2/DLON/H
   27   29   28   30   31   30   34   39   45   52   60   69   77   84   89   92
   94   95   95   94   93   89   85   80   75   70   65   61   58   56   55   53
   50   46   42   36   31   26   22   20   18   18   19   20   22   23   24   25
   25   25   24   23   23   23   23   24   26   27   29   31   33   34   35   36
   36   36   36   34   35   36   35   36   27                                   
    65.0-180.0 180.0   5.0 450.0                            LAT/LON1/LON2/DLON/H
   30   34   33   36   37   37   41   46   54   62   72   81   90   97  102  107
  110  112  113  114  113  110  105   99   91   83   76   70   65   62   59   56
   53   49   43   37   31   25   21   19   18   18   19   20   22   24   25   25
   24   23   22   21   20   19   20   21   23   25   28   30   33   35   37   38
   39   40   41   40   40   42   42   44   30                                   
    62.5-180.0 180.0   5.0 450.0                            LAT/LON1/LON2/DLON/H
   36   39   37   41   42   44   48   54   62   71   81   91  100  108  114  119
  123  127  130  132  132  129  123  115  105   95   85   77   70   65   62   58
   54   49   43   36   29   23   19   17   16   16   18   20   21   23   23   22
   21   19   18   16   15   15   15   17   19   22   25   28   31   34   36   38
   39   40   41   40   39   41   42   44   36                                   
    60.0-180.0 180.0   5.0 450.0                            LAT/LON1/LON2/DLON/H
   38   40   39   44   45   47   51   58   66   76   87   97  106  114  121  127
  133  139  143  146  146  143  137  127  116  104   92   82   75   69   64   60
   55   49   43   35   28   22   18   16   15   16   17   19   20   21   21   20
   18   15   13   11   10   10   11   13   16   20   23   26   30   32   35   37
   38   39   40   39   38   40   41   44   38                                   
    57.5-180.0 180.0   5.0 450.0                            LAT/LON1/LON2/DLON/H
   40   41   40   46   47   50   55   63   72   82   93  103  112  120  128  135
  142  149  154  158  158  155  148  138  125  112  100   90   82   76   71   66
   60   54   46   39   31   26   21   19   19   19   20   22   22   22   21   19
   17   14   12   10    9    9   10   13   16   20   24   28   31   33   36   38
   40   41   42   40   38   39   39   44   40                                   
    55.0-180.0 180.0   5.0 450.0                            LAT/LON1/LON2/DLON/H
   43   44   43   49   51   55   61   69   78   89   99  109  118  126  133  141
  149  157  163  166  166  162  154  144  132  119  108   99   91   86   80   75
   68   61   53   45   38   32   28   26   25   26   27   27   27   26   24   21
   18   15   13   11   11   11   13   16   20   24   28   31   34   37   39   42
   43   45   45   43   40   40   39   44   43                                   
    52.5-180.0 180.0   5.0 450.0                            LAT/LON1/LON2/DLON/H
   48   48   47   53   56   62   68   77   87   97  107  116  124  131  139  147
  156  163  169  171  169  165  157  148  137  127  117  109  103   98   92   86
   78   69   61   53   46   41   38   36   36   36   36   36   34   32   29   26
   23   21   19   18   17   18   21   24   29   33   36   39   41   43   45   48
   50   52   53   50   47   44   42   47   48                                   
    50.0-180.0 180.0   5.0 450.0                            LAT/LON1/LON2/DLON/H
   56   55   55   62   65   72   79   89  100  109  118  125  131  138  145  154
  163  170  174  174  172  167  159  151  143  134  127  121  116  111  104   96
   87   77   69   61   56   52   50   49   48   48   47   46   44   42   39   36
   33   31   30   29   29   31   34   37   42   46   48   50   50   51   53   55
   58   61   63   62   57   53   50   54   56                                   
    47.5-180.0 180.0   5.0 450.0                            LAT/LON1/LON2/DLON/H
   66   65   66   72   77   85   93  104  115  124  132  137  141  146  153  162
  170  176  179  178  175  169  163  156  150  144  138  133  128  121  113  103
   92   82   74   68   64   62   61   61   60   60   59   57   55   52   49   47
   45   44   44   44   45   47   50   54   58   61   62   62   60   60   61   64
   67   72   75   74   70   66   62   63   66                                   
    45.0-180.0 180.0   5.0 450.0                            LAT/LON1/LON2/DLON/H
   77   75   76   84   89   99  108  120  131  141  147  151  153  157  163  170
  178  183  185  183  179  174  169  164  159  154  148  142  135  127  116  104
   93   83   76   72   70   70   70   70   70   69   68   66   64   62   59   58
   57   57   58   59   61   63   66   70   73   75   75   73   70   68   68   71
   75   80   85   85   82   78   75   75   77                                   
    42.5-180.0 180.0   5.0 450.0                            LAT/LON1/LON2/DLON/H
   85   83   85   93  100  110  121  135  147  157  163  165  166  169  173  180
  186  191  192  190  187  183  179  174  169  163  156  148  138  127  114  102
   90   80   75   73   75   76   77   77   76   75   74   73   71   69   67   67
   67   68   70   72   74   76   78   81   84   85   84   81   77   74   74   77
   80   85   90   92   90   87   85   84   85                                   
    40.0-180.0 180.0   5.0 450.0                            LAT/LON1/LON2/DLON/H
   89   87   89   99  107  119  131  146  159  171  177  179  180  181  184  190
  195  199  200  200  198  195  191  186  179  171  160  148  136  123  110   98
   87   79   76   77   80   83   84   83   82   80   79   77   76   74   73   73
   74   76   78   79   81   83   85   87   89   90   88   85   81   78   77   79
   82   87   91   92   92   90   89   90   89                                   
    37.5-180.0 180.0   5.0 450.0                            LAT/LON1/LON2/DLON/H
   88   87   89  101  111  122  136  153  168  181  188  192  192  193  195  200
  204  208  210  211  210  208  204  197  188  175  161  147  133  121  110  100
   91   86   84   87   91   93   94   91   88   85   83   81   80   78   77   77
   78   80   81   82   83   84   86   88   89   89   88   85   82   79   79   80
   82   84   87   88   87   86   86   89   88                                   
    35.0-180.0 180.0   5.0 450.0                            LAT/LON1/LON2/DLON/H
   84   83   85   99  110  122  137  155  172  187  196  202  203  204  206  209
  213  216  219  222  223  221  216  207  194  178  163  148  136  127  120  114
  109  106  106  108  111  112  109  104   99   94   91   88   86   84   82   82
   82   83   83   84   84   84   84   85   86   86   85   83   81   79   79   80
   80   80   81   80   79   77   77   83   84                                   
    32.5-180.0 180.0   5.0 450.0                            LAT/LON1/LON2/DLON/H
   78   77   82   96  109  121  137  155  173  189  202  209  213  215  216  219
  221  225  228  232  234  232  225  213  198  182  168  156  150  147  147  147
  146  144  143  143  143  140  133  124  116  109  103   99   96   93   91   89
   89   88   88   86   85   84   83   83   83   83   82   81   81   80   80   80
   79   77   75   72   69   67   66   75   78                                   
    30.0-180.0 180.0   5.0 450.0                            LAT/LON1/LON2/DLON/H
   73   74   80   95  109  120  136  153  173  190  205  215  220  224  226  227
  229  232  236  240  242  239  230  217  202  190  181  177  179  185  194  200
  201  199  195  190  185  176  164  150  138  129  122  116  111  107  104  102
  101   99   97   94   91   88   86   84   83   83   82   82   83   84   85   84
   81   77   73   68   63   59   58   68   73                                   
    27.5-180.0 180.0   5.0 450.0                            LAT/LON1/LON2/DLON/H
   74   76   84   99  113  124  139  155  173  192  208  219  227  232  234  236
  237  239  242  246  246  241  231  220  210  205  205  212  225  241  258  270
  273  268  258  246  233  216  198  180  165  154  145  138  131  126  123  121
  119  116  112  107  102   98   94   92   89   88   87   88   89   91   92   91
   87   82   76   69   63   58   56   65   74                                   
    25.0-180.0 180.0   5.0 450.0                            LAT/LON1/LON2/DLON/H
   79   83   93  108  124  134  147  161  178  195  211  224  233  239  243  245
  245  246  248  250  248  241  232  225  223  229  242  261  285  312  337  353
  356  345  326  303  280  255  231  209  191  178  168  160  153  148  145  143
  141  138  133  127  120  114  109  105  101   98   97   97   99  101  102  101
   95   90   84   77   70   63   60   68   79                                   
    22.5-180.0 180.0   5.0 450.0                            LAT/LON1/LON2/DLON/H
   90   95  107  122  139  150  161  172  187  203  218  231  241  248  253  255
  255  255  255  253  249  242  236  235  244  262  288  319  355  392  423  439
  436  415  385  351  317  285  256  231  212  199  189  180  173  168  165  164
  163  160  155  148  141  133  127  121  117  113  110  110  111  113  113  111
  106  101   95   89   82   74   69   75   90                                   
    20.0-180.0 180.0   5.0 450.0                            LAT/LON1/LON2/DLON/H
  105  109  123  139  158  169  181  190  203  217  230  241  251  260  266  269
  269  268  265  261  254  248  246  254  274  304  341  383  427  467  498  508
  496  465  423  380  339  302  270  244  225  212  202  194  187  182  181  181
  181  179  175  168  159  151  143  137  132  127  124  122  122  123  123  120
  115  111  106  102   96   87   81   86  105                                   
    17.5-180.0 180.0   5.0 450.0                            LAT/LON1/LON2/DLON/H
  119  123  137  156  177  190  203  212  224  236  247  258  268  277  285  289
  290  287  282  275  268  263  267  284  314  353  398  443  487  524  547  547
  524  485  438  390  346  306  273  247  229  216  207  199  192  188  187  189
  190  190  186  179  170  161  154  148  144  139  135  132  131  131  129  126
  121  118  114  113  107   99   92   98  119                                   
    15.0-180.0 180.0   5.0 450.0                            LAT/LON1/LON2/DLON/H
  129  134  149  170  195  210  227  237  249  260  270  281  291  302  311  317
  318  314  308  299  292  291  301  325  361  406  451  492  528  553  561  551
  522  481  434  387  343  303  270  245  227  215  205  196  189  185  185  187
  190  190  187  181  172  163  157  153  149  146  142  139  137  135  132  128
  122  121  118  118  114  106  100  107  129                                   
    12.5-180.0 180.0   5.0 450.0                            LAT/LON1/LON2/DLON/H
  133  139  155  179  207  227  248  261  275  288  299  310  322  335  345  352
  354  350  343  334  328  331  346  376  415  456  494  523  543  551  547  530
  500  461  419  377  337  300  268  243  224  211  199  189  181  176  176  179
  182  183  181  174  166  158  153  151  150  148  145  142  139  136  133  128
  121  120  117  118  114  107  101  111  133                                   
    10.0-180.0 180.0   5.0 450.0                            LAT/LON1/LON2/DLON/H
  132  139  156  184  215  239  266  284  302  317  331  345  359  373  386  394
  397  394  386  378  375  381  401  432  468  501  524  534  535  529  516  497
  470  439  405  371  337  303  273  247  227  210  196  183  173  168  167  169
  172  173  171  166  158  151  147  146  147  147  145  142  139  136  132  126
  118  116  113  112  109  103   98  109  132                                   
     7.5-180.0 180.0   5.0 450.0                            LAT/LON1/LON2/DLON/H
  127  136  155  185  219  247  280  302  325  345  363  381  399  415  429  439
  443  441  435  429  427  437  458  487  516  534  537  529  515  500  484  466
