data/edconvlstm_nd/pred0170.15i
     1.0            IONOSPHERE MAPS     GNSS                IONEX VERSION / TYPE
pyspatialgeodesy        IME             05-JAN-18 20:20     PGM / RUN BY / DATE 
Map Name                                                    COMMENT             
Predicted global ionosphere maps (GIM).                     DESCRIPTION         
  2015     1    17     0     0     0                        EPOCH OF FIRST MAP  
  2015     1    18     0     0     0                        EPOCH OF LAST MAP   
  7200                                                      INTERVAL            
    13                                                      # OF MAPS IN FILE   
  NONE                                                      MAPPING FUNCTION    
10.0                                                        ELEVATION CUTOFF    
One-way carrier phase leveled to code                       OBSERVABLES USED    
  6371.0                                                    BASE RADIUS         
 2                                                          MAP DIMENSION       
   450.0 450.0   0.0                                        HGT1 / HGT2 / DHGT  
    87.5 -87.5  -2.5                                        LAT1 / LAT2 / DLAT  
  -180.0 180.0   5.0                                        LON1 / LON2 / DLON  
    -1                                                      EXPONENT            
                                                            END OF HEADER       
[from data line 3861]
    10                                                      START OF TEC MAP    
  2015     1    17    18     0     0                        EPOCH OF CURRENT MAP
    87.5-180.0 180.0   5.0 450.0                            LAT/LON1/LON2/DLON/H
  105  110  108  114  120  120  119  116  117  119  118  119  118  118  118  117
  117  116  114  113  111  110  108  106  104  102  100   99   97   96   94   93
   92   92   91   91   91   91   91   91   92   92   93   94   95   95   96   97
   98   99  100  101  102  103  104  105  105  106  107  107  108  108  108  108
  109  109  106  102  106  104  115  113  105                                   
    85.0-180.0 180.0   5.0 450.0                            LAT/LON1/LON2/DLON/H
  111  111  123  111  112  118  119  121  121  124  123  124  124  124  124  123
  123  122  120  118  117  114  112  109  107  104  102  100   98   96   94   93
   92   91   90   90   90   90   91   91   91   92   93   94   95   96   97   98
   99  100  101  102  104  105  106  107  107  108  109  109  110  110  110  110
  111  110  106  101  102  103  105  104  111                                   
    82.5-180.0 180.0   5.0 450.0                            LAT/LON1/LON2/DLON/H
   94   97  102   98  104  110  114  115  117  119  120  122  122  122  122  122
  121  120  118  116  113  110  106  102   98   94   91   87   84   81   79   77
   76   75   75   75   75   75   75   75   76   76   77   77   78   79   80   82
   83   85   86   88   90   92   94   95   96   98   99   99  100  100  100  100
  100   99   95   92   93  102   94   94   94                                   
    80.0-180.0 180.0   5.0 450.0                            LAT/LON1/LON2/DLON/H
   75   77   84   82   87   90   96  100  104  108  110  113  115  116  117  118
  117  117  115  112  109  105  100   95   90   84   79   74   70   66   63   61
   60   59   59   59   60   60   61   62   62   63   63   64   65   66   67   69
   71   73   75   78   80   82   85   86   88   89   90   90   90   89   88   87
   87   85   83   80   75   79   72   80   75                                   
    77.5-180.0 180.0   5.0 450.0                            LAT/LON1/LON2/DLON/H
   72   68   70   69   76   81   88   93   98  101  105  110  113  116  119  121
  123  123  123  121  118  114  108  101   94   87   79   72   66   61   57   54
   52   51   51   51   52   53   53   53   53   53   53   53   53   54   55   57
   60   62   65   69   72   75   77   80   81   83   83   83   83   82   80   78
   76   74   72   71   66   65   61   71   72                                   
    75.0-180.0 180.0   5.0 450.0                            LAT/LON1/LON2/DLON/H
   57   57   57   58   64   70   75   80   87   92   97  103  108  113  118  123
  127  131  133  134  133  129  124  117  109   99   90   81   72   65   59   55
   52   51   50   50   50   50   50   50   49   48   48   47   47   47   48   50
   52   55   58   61   65   68   70   72   74   75   76   76   75   74   72   70
   67   66   64   60   58   54   50   50   57                                   
    72.5-180.0 180.0   5.0 450.0                            LAT/LON1/LON2/DLON/H
   53   53   53   58   60   66   72   77   82   88   94  101  108  115  123  131
  139  146  152  156  158  157  153  146  136  125  113  100   89   79   71   64
   59   56   54   52   51   50   49   47   46   44   42   40   39   39   39   41
   43   46   49   53   56   59   62   64   66   67   68   68   68   67   66   64
   61   59   58   54   52   50   49   53   53                                   
    70.0-180.0 180.0   5.0 450.0                            LAT/LON1/LON2/DLON/H
   51   53   54   58   60   64   68   74   80   86   93  101  109  118  128  139
  151  162  173  182  187  190  188  183  174  162  148  133  118  105   93   83
   75   69   64   60   56   53   51   48   46   43   41   39   37   37   37   38
   40   42   46   49   52   55   57   59   60   61   62   62   63   63   63   62
   60   58   57   55   53   53   55   57   51                                   
    67.5-180.0 180.0   5.0 450.0                            LAT/LON1/LON2/DLON/H
   54   56   57   63   66   69   74   79   85   91   99  108  118  128  141  154
  169  184  198  211  220  226  227  223  214  201  186  169  152  136  121  107
   95   85   77   69   63   58   53   50   46   43   41   39   37   36   36   37
   39   41   44   46   49   51   53   54   55   56   57   58   59   59   60   61
   60   59   58   56   54   56   57   58   54                                   
    65.0-180.0 180.0   5.0 450.0                            LAT/LON1/LON2/DLON/H
   53   57   57   63   66   70   74   80   87   96  105  115  126  138  151  166
  183  201  218  234  247  255  258  256  249  237  221  204  185  167  149  132
  116  101   88   76   66   58   52   48   44   42   40   38   37   36   36   36
   37   38   40   42   44   45   46   47   47   47   48   49   50   52   54   55
   56   56   57   56   56   59   60   63   53                                   
    62.5-180.0 180.0   5.0 450.0                            LAT/LON1/LON2/DLON/H
   51   54   53   60   63   68   73   82   91  102  113  125  137  150  165  181
  199  218  236  253  267  276  281  279  272  261  246  229  210  191  172  152
  133  115   97   82   68   58   50   45   42   40   39   38   38   37   36   36
   36   36   37   38   40   40   41   40   40   39   39   40   42   44   46   48
   49   51   52   52   52   54   56   60   51                                   
    60.0-180.0 180.0   5.0 450.0                            LAT/LON1/LON2/DLON/H
   45   46   46   53   56   62   69   80   93  107  121  136  149  163  178  194
  212  230  249  265  279  288  292  290  284  273  260  244  227  209  190  170
  149  127  106   87   70   57   48   43   41   40   40   41   40   39   38   37
   36   35   35   36   37   37   37   36   35   34   33   33   34   36   38   40
   42   43   45   45   46   48   50   56   45                                   
    57.5-180.0 180.0   5.0 450.0                            LAT/LON1/LON2/DLON/H
   39   39   38   45   50   56   66   80   97  114  131  148  162  177  191  207
  224  242  259  273  284  292  294  292  285  276  264  252  238  222  205  186
  164  141  117   95   76   62   52   46   44   45   46   47   47   46   44   41
   39   38   37   38   38   39   39   38   37   35   33   32   33   34   35   37
   38   39   41   40   40   42   43   50   39                                   
    55.0-180.0 180.0   5.0 450.0                            LAT/LON1/LON2/DLON/H
   35   35   33   41   47   55   67   84  103  124  143  161  176  191  205  220
  236  252  266  278  286  290  290  287  281  273  264  254  243  231  216  198
  178  154  130  107   87   71   61   55   53   53   55   56   56   54   52   49
   46   44   44   44   45   46   47   46   44   42   40   38   37   37   38   39
   39   40   41   39   39   39   39   47   35                                   
    52.5-180.0 180.0   5.0 450.0                            LAT/LON1/LON2/DLON/H
   37   35   34   43   50   60   75   93  115  136  156  174  189  203  217  231
  246  260  272  280  285  287  285  281  275  269  262  255  247  237  224  209
  189  167  144  121  101   85   75   68   66   66   67   67   67   65   63   60
   57   55   54   55   56   58   59   59   58   55   52   49   47   47   47   47
   46   46   47   45   43   41   40   47   37                                   
    50.0-180.0 180.0   5.0 450.0                            LAT/LON1/LON2/DLON/H
   44   42   42   52   61   74   90  110  131  153  172  189  203  216  229  243
  256  269  278  284  286  285  283  279  274  269  264  258  251  241  230  215
  197  177  156  136  117  102   91   84   81   79   79   79   78   76   74   72
   70   69   69   69   71   73   75   75   74   71   67   63   60   59   59   59
   58   57   58   55   53   50   48   53   44                                   
    47.5-180.0 180.0   5.0 450.0                            LAT/LON1/LON2/DLON/H
   56   54   56   68   79   95  112  133  153  173  190  205  217  229  241  254
  267  278  285  289  289  288  286  283  280  276  271  264  255  244  231  215
  199  181  163  147  131  118  108  100   95   91   89   88   87   85   84   84
   83   83   83   84   86   88   90   90   89   85   81   77   74   72   71   71
   70   70   70   69   66   63   60   63   56                                   
    45.0-180.0 180.0   5.0 450.0                            LAT/LON1/LON2/DLON/H
   70   68   73   87  101  119  137  157  176  195  210  222  233  243  254  266
  278  287  293  296  296  295  294  293  291  288  282  272  259  244  227  210
  193  178  165  152  141  130  121  113  106  101   97   94   93   92   92   93
   94   95   96   97   98   99  101  101  100   96   92   87   84   82   82   82
   81   81   81   81   79   76   74   76   70                                   
    42.5-180.0 180.0   5.0 450.0                            LAT/LON1/LON2/DLON/H
   81   81   89  105  122  142  160  180  197  215  228  239  248  258  268  279
  290  297  302  304  305  305  306  307  306  302  294  280  262  241  220  200
  184  171  162  154  146  139  131  123  115  108  103   99   97   96   97   98
  100  102  103  103  103  104  106  106  105  101   97   92   89   87   87   87
   86   86   87   88   87   86   84   87   81                                   
    40.0-180.0 180.0   5.0 450.0                            LAT/LON1/LON2/DLON/H
   87   88   98  117  137  157  177  196  213  230  243  255  264  273  283  293
  302  308  312  313  315  316  319  320  320  315  304  286  263  238  214  193
  178  167  161  157  153  147  140  132  124  116  109  105  101  100  100  101
  103  104  104  104  103  104  105  106  104  101   97   93   89   88   87   86
   85   85   86   87   87   87   86   92   87                                   
    37.5-180.0 180.0   5.0 450.0                            LAT/LON1/LON2/DLON/H
   84   87   99  121  144  165  186  205  223  241  255  267  277  287  296  306
  313  319  321  323  325  327  329  330  328  322  309  290  266  241  216  197
  183  175  171  169  166  162  155  146  137  129  121  115  110  107  104  103
  103  103  103  101  101  101  103  103  103  100   95   91   87   85   83   82
   80   79   79   80   80   80   80   88   84                                   
    35.0-180.0 180.0   5.0 450.0                            LAT/LON1/LON2/DLON/H
   76   80   94  117  142  164  187  208  227  246  262  276  288  298  308  317
  323  328  330  332  333  334  334  333  330  323  312  296  276  254  235  220
  210  204  201  198  194  187  179  169  159  150  142  134  127  119  113  108
  105  103  101  100   99  100  102  104  103  100   96   92   87   84   81   78
   74   72   72   71   69   68   68   79   76                                   
    32.5-180.0 180.0   5.0 450.0                            LAT/LON1/LON2/DLON/H
   66   71   85  108  135  158  184  206  228  248  266  282  295  307  316  324
  330  335  338  340  340  339  335  331  326  322  316  308  297  285  275  267
  263  259  255  248  239  228  215  203  192  182  173  163  152  140  128  119
  112  108  105  103  103  105  108  109  109  107  102   97   93   88   84   80
   74   70   68   64   61   57   57   70   66                                   
    30.0-180.0 180.0   5.0 450.0                            LAT/LON1/LON2/DLON/H
   60   65   79  101  129  151  180  203  227  249  269  286  300  311  320  328
  334  340  344  347  346  341  334  327  323  323  326  329  332  334  337  340
  342  340  333  319  301  281  263  247  234  223  212  200  185  168  151  137
  127  120  116  114  115  117  120  122  122  119  115  110  105   99   94   88
   81   75   71   65   60   54   52   63   60                                   
    27.5-180.0 180.0   5.0 450.0                            LAT/LON1/LON2/DLON/H
   61   66   80  100  129  152  182  205  230  252  272  289  302  312  321  328
  336  343  349  353  352  345  334  326  325  333  347  364  382  401  420  436
  445  442  427  401  371  341  315  296  280  268  255  241  222  201  180  163
  150  141  136  134  135  137  140  141  140  137  133  128  123  117  111  104
   95   89   82   74   68   58   53   61   61                                   
    25.0-180.0 180.0   5.0 450.0                            LAT/LON1/LON2/DLON/H
   71   76   88  108  138  163  193  217  241  262  279  293  304  312  319  327
  335  345  354  359  358  350  339  333  337  353  379  412  447  482  516  543
  555  548  521  480  436  396  364  340  324  310  296  278  257  233  210  191
  178  169  164  161  161  162  163  162  160  157  153  149  144  137  130  123
  114  108   99   91   83   70   61   65   71                                   
    22.5-180.0 180.0   5.0 450.0                            LAT/LON1/LON2/DLON/H
   90   93  104  126  158  184  215  239  262  281  294  304  311  315  320  326
  335  347  358  366  366  359  351  349  361  387  426  471  520  568  611  642
  651  634  593  539  483  434  398  373  355  340  324  305  282  258  235  218
  206  199  194  190  188  186  184  180  176  172  170  167  162  156  149  141
  132  128  117  111  101   86   74   76   90                                   
    20.0-180.0 180.0   5.0 450.0                            LAT/LON1/LON2/DLON/H
  115  115  126  151  185  214  246  270  292  308  318  324  325  325  327  331
  340  352  365  374  377  374  371  377  397  434  483  539  594  646  688  712
  712  683  631  567  505  453  415  389  370  354  336  315  291  269  250  238
  230  225  220  215  209  203  197  191  185  182  180  179  176  170  163  156
  147  144  133  129  118  103   89   93  115                                   
    17.5-180.0 180.0   5.0 450.0                            LAT/LON1/LON2/DLON/H
  138  138  151  179  215  247  280  306  327  343  351  353  351  346  343  345
  351  363  376  387  393  395  400  415  446  492  548  605  658  701  731  742
  729  692  634  567  503  450  413  388  369  351  331  308  285  266  253  247
  245  243  239  231  222  212  203  194  188  185  185  186  184  179  172  164
  156  154  144  141  131  116  104  112  138                                   
    15.0-180.0 180.0   5.0 450.0                            LAT/LON1/LON2/DLON/H
  157  156  172  203  242  277  313  341  364  381  389  391  386  379  372  370
  373  382  394  406  415  423  437  462  502  554  610  661  701  725  736  731
  709  667  609  544  483  434  399  376  357  337  314  290  268  252  245  246
  249  251  247  238  226  213  202  192  186  184  186  188  187  181  174  166
  159  157  148  146  138  125  115  128  157                                   
    12.5-180.0 180.0   5.0 450.0                            LAT/LON1/LON2/DLON/H
  166  165  185  219  259  298  337  368  396  416  427  431  428  420  411  405
  405  410  420  431  444  458  480  513  558  610  660  697  716  719  711  693
  664  621  568  510  455  412  382  360  341  319  294  268  247  234  232  237
  245  249  246  236  223  210  198  189  184  184  186  188  186  180  172  163
  155  153  146  143  137  128  121  137  166                                   
    10.0-180.0 180.0   5.0 450.0                            LAT/LON1/LON2/DLON/H
  166  168  190  225  267  307  348  383  415  441  458  468  468  464  456  448
  444  445  451  462  477  497  524  562  607  654  691  709  707  691  669  643
  611  572  527  478  432  396  369  349  329  306  279  252  230  218  218  226
  236  241  240  231  218  206  197  190  188  189  191  191  186  178  168  158
  149  146  139  136  132  126  122  140  166                                   
     7.5-180.0 180.0   5.0 450.0                            LAT/LON1/LON2/DLON/H
  161  167  190  226  267  307  349  386  422  453  477  493  501  501  497  491
  485  483  486  496  513  536  566  604  644  679  700  700  681  654  624  595
