data/edconvlstm_nd/pred1150.15i
     1.0            IONOSPHERE MAPS     GNSS                IONEX VERSION / TYPE
pyspatialgeodesy        IME             05-JAN-18 20:20     PGM / RUN BY / DATE 
Map Name                                                    COMMENT             
Predicted global ionosphere maps (GIM).                     DESCRIPTION         
  2015     4    25     0     0     0                        EPOCH OF FIRST MAP  
  2015     4    26     0     0     0                        EPOCH OF LAST MAP   
  7200                                                      INTERVAL            
    13                                                      # OF MAPS IN FILE   
  NONE                                                      MAPPING FUNCTION    
10.0                                                        ELEVATION CUTOFF    
One-way carrier phase leveled to code                       OBSERVABLES USED    
  6371.0                                                    BASE RADIUS         
 2                                                          MAP DIMENSION       
   450.0 450.0   0.0                                        HGT1 / HGT2 / DHGT  
    87.5 -87.5  -2.5                                        LAT1 / LAT2 / DLAT  
  -180.0 180.0   5.0                                        LON1 / LON2 / DLON  
    -1                                                      EXPONENT            
                                                            END OF HEADER       
[from data line 3861]
    10                                                      START OF TEC MAP    
  2015     4    25    18     0     0                        EPOCH OF CURRENT MAP
    87.5-180.0 180.0   5.0 450.0                            LAT/LON1/LON2/DLON/H
  244  234  222  231  236  238  239  240  242  245  246  248  250  252  253  255
  256  256  257  257  257  257  256  255  253  252  250  248  246  244  241  239
  237  235  233  231  229  227  226  224  223  222  221  220  220  219  219  219
  219  219  219  219  219  220  220  221  221  222  222  223  223  224  224  225
  225  226  225  226  233  237  231  236  244                                   
    85.0-180.0 180.0   5.0 450.0                            LAT/LON1/LON2/DLON/H
  230  233  238  236  237  243  244  247  249  252  254  256  258  260  262  264
  265  266  266  266  266  265  264  263  261  258  256  253  250  247  244  241
  238  235  232  230  227  225  224  222  221  220  219  219  218  218  218  218
  219  219  220  221  222  222  223  224  225  226  227  228  229  229  230  230
  232  232  232  233  235  228  229  239  230                                   
    82.5-180.0 180.0   5.0 450.0                            LAT/LON1/LON2/DLON/H
  212  226  227  229  234  242  245  249  251  255  258  261  264  267  270  272
  274  275  276  276  275  274  273  270  268  265  261  257  253  249  244  240
  235  231  227  224  221  218  215  213  212  210  209  209  209  208  209  209
  210  211  212  213  214  216  217  219  220  221  223  224  225  226  226  227
  227  227  226  230  228  231  228  219  212                                   
    80.0-180.0 180.0   5.0 450.0                            LAT/LON1/LON2/DLON/H
  208  218  222  223  225  231  235  242  246  250  254  258  262  266  269  272
  274  275  276  276  275  274  272  269  266  262  257  253  248  243  238  232
  228  223  219  215  212  209  207  205  204  203  203  202  203  203  204  205
  206  207  209  210  212  214  216  217  219  221  222  223  224  224  225  225
  224  224  223  225  220  212  210  206  208                                   
    77.5-180.0 180.0   5.0 450.0                            LAT/LON1/LON2/DLON/H
  211  212  217  219  222  229  232  239  243  248  252  257  262  266  269  272
  274  275  276  276  276  275  273  270  267  264  259  255  250  245  240  235
  230  225  222  218  215  213  211  209  208  207  206  206  206  206  206  207
  208  209  210  211  212  214  215  217  218  219  220  221  221  221  221  221
  219  218  217  218  217  206  204  204  211                                   
    75.0-180.0 180.0   5.0 450.0                            LAT/LON1/LON2/DLON/H
  209  211  214  216  218  225  229  235  240  246  250  254  258  262  265  267
  269  270  270  270  270  269  268  266  264  260  257  253  248  244  239  235
  231  228  225  222  220  219  217  216  215  213  212  212  211  211  210  210
  211  211  211  211  212  212  212  213  213  214  214  214  214  213  213  212
  210  209  208  208  206  198  198  193  209                                   
    72.5-180.0 180.0   5.0 450.0                            LAT/LON1/LON2/DLON/H
  208  212  217  221  222  230  234  240  244  250  253  258  261  264  266  268
  269  269  270  270  270  270  269  268  266  264  260  257  253  249  245  241
  239  236  235  233  232  231  230  229  227  226  224  222  221  219  218  217
  215  214  213  211  210  208  207  206  205  205  204  203  203  202  201  200
  198  198  198  198  198  193  197  197  208                                   
    70.0-180.0 180.0   5.0 450.0                            LAT/LON1/LON2/DLON/H
  207  214  219  225  227  234  238  243  248  253  257  260  263  265  266  267
  267  267  268  268  269  269  269  268  267  265  262  258  254  251  247  245
  243  242  241  241  241  240  239  238  236  234  231  228  225  223  220  217
  214  211  208  205  201  198  194  191  189  188  186  185  184  183  183  182
  181  181  183  184  187  187  195  196  207                                   
    67.5-180.0 180.0   5.0 450.0                            LAT/LON1/LON2/DLON/H
  204  218  225  232  236  243  248  253  257  262  266  270  273  274  275  275
  275  275  275  276  277  279  279  279  277  274  271  267  263  259  256  254
  252  252  252  252  252  251  250  249  247  244  240  236  232  227  223  218
  214  209  204  199  193  187  182  178  175  172  171  170  169  168  167  167
  166  168  170  173  177  181  190  194  204                                   
    65.0-180.0 180.0   5.0 450.0                            LAT/LON1/LON2/DLON/H
  196  214  223  232  237  245  250  255  261  266  271  275  278  280  281  280
  280  281  282  284  285  287  287  287  284  281  276  271  266  262  259  257
  256  256  256  256  255  255  253  251  249  245  240  235  229  223  216  210
  204  197  191  184  176  169  163  158  154  152  150  149  148  147  147  147
  147  149  153  156  163  171  182  186  196                                   
    62.5-180.0 180.0   5.0 450.0                            LAT/LON1/LON2/DLON/H
  186  208  218  228  235  243  249  255  261  268  274  280  284  287  288  289
  289  290  292  295  297  299  298  297  293  288  282  276  271  267  264  262
  261  260  259  258  257  256  254  252  249  245  240  233  225  217  209  201
  193  185  177  169  161  154  147  142  139  137  136  135  134  133  133  132
  132  134  138  142  149  159  170  174  186                                   
    60.0-180.0 180.0   5.0 450.0                            LAT/LON1/LON2/DLON/H
  175  198  210  220  228  237  243  249  256  265  273  280  287  291  293  295
  297  299  302  304  307  308  307  304  299  292  286  280  275  271  269  267
  266  264  263  261  259  257  254  252  249  245  239  232  223  212  202  192
  183  174  166  158  150  143  137  133  130  129  129  129  128  127  125  124
  123  124  128  131  138  147  157  161  175                                   
    57.5-180.0 180.0   5.0 450.0                            LAT/LON1/LON2/DLON/H
  166  190  203  213  222  230  236  242  250  259  269  279  287  293  298  301
  304  306  310  312  314  314  312  308  302  296  289  284  280  277  276  275
  274  272  270  267  263  260  258  255  253  249  243  235  224  212  200  188
  178  169  161  153  146  140  135  131  130  130  131  132  131  129  127  125
  122  123  125  127  132  140  148  151  166                                   
    55.0-180.0 180.0   5.0 450.0                            LAT/LON1/LON2/DLON/H
  165  187  202  211  220  228  233  237  245  254  265  277  287  296  302  307
  310  314  316  319  320  319  316  311  305  299  294  290  288  287  287  286
  286  284  281  277  273  269  267  264  262  258  252  243  231  218  204  192
  181  171  163  156  150  144  141  139  139  140  142  143  142  140  137  134
  130  130  130  131  134  139  145  148  165                                   
    52.5-180.0 180.0   5.0 450.0                            LAT/LON1/LON2/DLON/H
  172  192  207  216  226  234  237  239  245  254  265  277  289  299  308  314
  318  321  323  324  324  322  319  315  310  305  302  300  300  301  302  302
  301  299  296  292  288  284  281  279  276  272  265  255  242  228  213  200
  189  180  172  165  159  155  152  152  153  155  157  159  159  156  153  148
  143  142  142  143  143  146  150  152  172                                   
    50.0-180.0 180.0   5.0 450.0                            LAT/LON1/LON2/DLON/H
  186  204  219  230  241  249  250  251  255  262  271  283  296  307  317  324
  328  331  332  331  330  328  325  322  318  316  315  315  316  318  320  320
  319  317  314  311  307  303  300  296  293  287  279  268  254  239  224  211
  200  191  184  177  171  168  165  166  167  170  173  175  175  173  169  165
  160  159  157  158  158  159  161  164  186                                   
    47.5-180.0 180.0   5.0 450.0                            LAT/LON1/LON2/DLON/H
  204  222  237  250  262  270  271  270  272  277  284  295  307  319  330  337
  342  343  343  341  339  338  336  334  333  332  333  334  336  338  338  338
  337  335  333  331  328  324  320  315  308  300  290  277  262  247  233  221
  211  202  194  187  182  177  175  175  177  180  183  186  188  186  184  179
  174  174  172  174  174  174  175  181  204                                   
    45.0-180.0 180.0   5.0 450.0                            LAT/LON1/LON2/DLON/H
  222  242  256  273  285  294  295  294  294  297  303  312  323  335  346  354
  359  359  357  355  353  352  352  352  353  354  355  357  357  357  356  354
  352  351  350  350  349  346  340  332  321  309  295  280  264  249  237  226
  218  209  201  193  186  180  177  176  177  180  184  188  191  192  191  188
  184  185  183  186  186  187  189  197  222                                   
    42.5-180.0 180.0   5.0 450.0                            LAT/LON1/LON2/DLON/H
  236  257  272  292  307  316  319  318  318  321  324  333  343  355  366  374
  378  378  375  373  372  372  374  376  377  378  379  379  378  375  372  368
  366  365  367  369  370  367  360  348  333  316  298  280  263  249  237  229
  221  213  204  194  185  178  173  171  171  173  177  182  187  190  192  191
  188  189  188  191  192  194  196  207  236                                   
    40.0-180.0 180.0   5.0 450.0                            LAT/LON1/LON2/DLON/H
  243  265  282  304  322  332  338  340  341  343  346  354  364  376  387  395
  399  399  397  395  395  397  400  402  403  403  402  400  397  393  389  384
  382  382  385  390  393  391  382  367  348  326  304  283  264  249  239  231
  224  216  206  195  184  175  169  165  164  165  168  173  180  185  189  190
  188  189  186  188  190  193  196  208  243                                   
    37.5-180.0 180.0   5.0 450.0                            LAT/LON1/LON2/DLON/H
  243  265  285  306  328  341  351  356  360  363  367  374  384  396  408  417
  421  421  421  421  423  426  428  430  429  427  425  422  419  415  411  408
  406  407  412  418  422  421  411  394  371  346  321  296  275  259  247  239
  232  223  212  200  188  179  171  166  164  163  166  170  177  184  189  190
  188  187  183  182  183  185  187  199  243                                   
    35.0-180.0 180.0   5.0 450.0                            LAT/LON1/LON2/DLON/H
  241  260  282  303  327  342  358  366  373  379  384  392  402  415  428  437
  443  445  446  449  453  456  457  457  454  452  450  449  448  447  446  445
  444  446  451  457  462  461  450  432  409  382  354  327  302  283  269  259
  250  240  228  215  204  195  187  182  178  176  177  180  186  192  196  197
  192  189  182  178  177  175  176  186  241                                   
    32.5-180.0 180.0   5.0 450.0                            LAT/LON1/LON2/DLON/H
  239  256  276  297  322  340  360  372  384  392  400  409  420  433  446  457
  464  469  473  479  484  487  487  484  481  480  481  485  489  495  499  502
  502  503  505  510  513  512  502  484  461  435  406  376  348  325  307  293
  282  270  258  247  237  229  223  217  213  209  207  207  210  213  215  213
  205  198  187  180  176  170  168  176  239                                   
    30.0-180.0 180.0   5.0 450.0                            LAT/LON1/LON2/DLON/H
  243  254  272  295  320  340  363  378  393  405  415  426  438  451  464  476
  485  493  501  509  516  518  517  513  512  515  523  534  548  561  573  579
  581  578  576  575  575  571  560  544  523  498  470  440  409  382  359  341
  327  314  304  295  289  284  280  275  270  263  257  253  250  247  244  238
  227  216  202  191  185  173  167  173  243                                   
    27.5-180.0 180.0   5.0 450.0                            LAT/LON1/LON2/DLON/H
  253  259  270  297  324  346  371  387  405  419  432  444  457  470  484  496
  507  518  529  540  548  550  549  547  550  560  577  599  623  646  665  675
  676  667  656  646  638  629  616  599  580  559  534  505  473  442  416  395
  379  367  359  355  354  353  352  349  343  335  324  314  304  294  284  272
  257  241  224  210  201  186  175  181  253                                   
    25.0-180.0 180.0   5.0 450.0                            LAT/LON1/LON2/DLON/H
  269  270  274  305  335  358  384  401  420  436  451  465  478  492  505  518
  530  543  557  570  580  583  584  586  596  616  644  677  710  741  764  776
  773  755  732  710  691  674  656  637  618  599  578  552  522  490  462  440
  424  415  411  413  417  420  422  420  414  404  391  375  360  343  327  310
  291  273  254  236  222  205  191  199  269                                   
    22.5-180.0 180.0   5.0 450.0                            LAT/LON1/LON2/DLON/H
  284  284  283  316  350  373  399  416  435  454  470  487  501  515  528  541
  555  570  586  600  611  617  622  631  650  680  718  759  797  830  854  863
  853  825  788  752  722  694  668  643  622  605  587  565  538  509  483  463
  451  446  448  455  463  469  471  469  463  451  435  417  397  377  357  336
  317  300  281  262  242  226  211  224  284                                   
    20.0-180.0 180.0   5.0 450.0                            LAT/LON1/LON2/DLON/H
  294  295  293  328  364  387  412  429  449  469  489  507  523  538  552  567
  582  598  615  629  641  650  661  679  707  745  789  832  869  898  917  919
  900  862  814  767  725  687  651  617  590  570  553  535  514  492  474  462
  457  459  467  477  487  493  495  492  484  472  454  432  410  386  364  341
  323  310  294  277  256  240  228  246  294                                   
    17.5-180.0 180.0   5.0 450.0                            LAT/LON1/LON2/DLON/H
  295  297  300  335  373  396  419  436  458  480  503  524  543  560  576  592
  609  626  643  657  670  683  700  725  760  803  847  886  914  933  941  935
  908  864  809  756  707  660  613  567  530  502  484  469  456  446  441  441
  446  456  469  481  491  495  493  488  479  466  446  423  398  373  350  327
  311  301  290  276  258  244  237  257  295                                   
    15.0-180.0 180.0   5.0 450.0                            LAT/LON1/LON2/DLON/H
  286  289  298  333  372  395  420  437  460  485  511  535  557  576  595  615
  634  652  668  682  696  713  736  767  805  847  885  913  929  934  931  916
  885  839  785  731  679  626  568  510  459  422  400  388  384  387  397  412
  428  445  460  471  477  477  471  464  454  440  420  396  370  345  323  302
  287  281  274  262  249  237  233  251  286                                   
    12.5-180.0 180.0   5.0 450.0                            LAT/LON1/LON2/DLON/H
  268  271  285  323  360  385  412  432  457  485  513  540  564  588  610  633
  655  674  690  703  718  739  767  801  840  875  902  915  916  908  894  874
  844  802  753  704  654  598  532  462  399  353  327  316  320  335  360  389
  415  435  448  455  455  449  439  430  419  404  384  361  337  313  293  274
  262  257  252  242  232  223  219  234  268                                   
    10.0-180.0 180.0   5.0 450.0                            LAT/LON1/LON2/DLON/H
  245  249  267  305  342  369  400  423  452  481  511  540  567  593  619  645
  670  690  705  719  737  761  793  828  862  887  899  897  884  865  846  825
  798  764  725  684  640  585  516  438  367  314  284  275  284  309  345  383
  414  434  442  442  434  423  410  398  386  371  350  328  306  286  269  253
  241  237  231  221  213  207  201  215  245                                   
     7.5-180.0 180.0   5.0 450.0                            LAT/LON1/LON2/DLON/H
  225  231  251  289  325  355  390  417  448  479  509  539  567  595  624  652
  678  699  715  731  751  780  813  847  873  885  882  867  844  820  799  781
