data/edconvlstm_nd/pred1200.15i
     1.0            IONOSPHERE MAPS     GNSS                IONEX VERSION / TYPE
pyspatialgeodesy        IME             05-JAN-18 20:20     PGM / RUN BY / DATE 
Map Name                                                    COMMENT             
Predicted global ionosphere maps (GIM).                     DESCRIPTION         
  2015     4    30     0     0     0                        EPOCH OF FIRST MAP  
  2015     5     1     0     0     0                        EPOCH OF LAST MAP   
  7200                                                      INTERVAL            
    13                                                      # OF MAPS IN FILE   
  NONE                                                      MAPPING FUNCTION    
10.0                                                        ELEVATION CUTOFF    
One-way carrier phase leveled to code                       OBSERVABLES USED    
  6371.0                                                    BASE RADIUS         
 2                                                          MAP DIMENSION       
   450.0 450.0   0.0                                        HGT1 / HGT2 / DHGT  
    87.5 -87.5  -2.5                                        LAT1 / LAT2 / DLAT  
  -180.0 180.0   5.0                                        LON1 / LON2 / DLON  
    -1                                                      EXPONENT            
                                                            END OF HEADER       
     1                                                      START OF TEC MAP    
  2015     4    30     0     0     0                        EPOCH OF CURRENT MAP
    87.5-180.0 180.0   5.0 450.0                            LAT/LON1/LON2/DLON/H
  161  160  167  158  159  159  158  159  160  161  163  165  167  168  169  170
  170  170  170  170  169  168  167  166  165  163  162  160  158  157  156  154
  153  152  151  150  149  148  147  146  146  145  144  144  143  143  143  142
  142  142  142  141  141  141  141  141  142  142  142  142  142  142  143  143
  144  145  147  147  147  146  152  167  161                                   
    85.0-180.0 180.0   5.0 450.0                            LAT/LON1/LON2/DLON/H
  170  166  154  156  164  164  163  164  166  168  171  173  175  177  178  179
  179  179  178  177  175  173  171  169  166  163  160  157  155  152  150  148
  147  145  144  143  143  142  142  141  141  141  141  141  140  140  140  140
  140  140  141  141  141  141  142  142  142  143  143  144  144  145  145  146
  147  148  150  153  148  155  160  168  170                                   
    82.5-180.0 180.0   5.0 450.0                            LAT/LON1/LON2/DLON/H
  165  157  160  160  165  167  166  169  173  176  179  183  186  189  190  191
  191  190  189  187  184  181  177  173  168  164  160  155  151  148  145  142
  140  138  137  137  137  137  137  137  137  138  138  138  138  138  139  139
  139  140  141  141  142  143  144  145  145  146  147  148  148  149  150  151
  151  152  153  153  153  145  154  157  165                                   
    80.0-180.0 180.0   5.0 450.0                            LAT/LON1/LON2/DLON/H
  167  162  160  160  166  170  174  178  184  188  193  199  203  207  209  210
  210  208  205  202  197  192  187  181  174  168  162  156  150  146  142  139
  137  136  135  136  136  137  138  139  140  141  142  142  143  143  144  144
  145  146  147  148  149  151  152  153  155  156  157  158  159  159  160  161
  161  161  161  159  166  158  166  173  167                                   
    77.5-180.0 180.0   5.0 450.0                            LAT/LON1/LON2/DLON/H
  178  169  168  168  168  170  178  184  190  196  203  210  215  219  222  223
  222  219  215  210  205  198  191  184  176  168  161  154  147  142  138  135
  134  134  135  136  138  140  142  143  144  145  146  147  147  148  148  149
  150  152  153  155  157  159  161  162  164  165  167  168  168  169  170  171
  170  171  170  169  175  174  178  188  178                                   
    75.0-180.0 180.0   5.0 450.0                            LAT/LON1/LON2/DLON/H
  193  181  180  178  175  177  183  188  196  202  210  217  223  227  229  229
  226  222  217  211  204  197  190  181  173  165  157  150  143  138  135  133
  133  134  136  139  141  144  146  148  150  150  151  151  152  152  153  154
  156  157  160  162  164  167  169  171  173  174  175  176  177  177  178  179
  179  181  181  176  182  187  191  201  193                                   
    72.5-180.0 180.0   5.0 450.0                            LAT/LON1/LON2/DLON/H
  199  195  196  189  183  183  189  194  201  207  214  222  228  231  231  230
  226  221  214  208  200  193  185  177  169  161  153  146  140  136  133  132
  133  135  137  140  143  146  148  150  150  150  150  150  149  150  151  152
  154  157  160  163  166  169  171  173  175  176  178  178  179  179  181  182
  182  185  188  186  190  195  203  216  199                                   
    70.0-180.0 180.0   5.0 450.0                            LAT/LON1/LON2/DLON/H
  211  207  209  203  194  192  196  199  206  211  218  225  230  232  231  227
  222  216  209  202  196  189  181  174  166  158  151  144  139  136  134  133
  134  136  139  141  143  145  146  146  146  144  143  142  142  142  143  145
  149  152  156  160  163  167  169  172  173  175  175  176  176  177  178  180
  181  185  190  191  198  205  214  225  211                                   
    67.5-180.0 180.0   5.0 450.0                            LAT/LON1/LON2/DLON/H
  223  222  222  215  204  200  201  202  208  212  219  225  229  230  227  223
  217  210  203  197  191  186  179  172  165  158  151  145  141  138  136  136
  136  137  138  139  139  139  138  137  134  132  129  127  126  127  129  132
  136  141  146  151  155  159  162  165  166  168  168  169  169  169  171  173
  176  181  187  190  199  208  218  231  223                                   
    65.0-180.0 180.0   5.0 450.0                            LAT/LON1/LON2/DLON/H
  231  231  231  224  213  205  204  204  208  212  218  224  227  227  224  219
  213  207  201  196  191  186  181  175  168  161  155  151  147  145  143  142
  141  140  138  137  135  132  129  125  121  117  114  111  110  111  113  117
  123  129  135  141  146  150  154  156  158  160  160  161  161  161  163  166
  168  175  183  187  197  209  220  232  231                                   
    62.5-180.0 180.0   5.0 450.0                            LAT/LON1/LON2/DLON/H
  237  238  237  231  220  209  205  203  206  209  215  221  224  225  222  218
  212  208  203  200  196  192  187  181  175  169  164  161  158  156  154  151
  148  144  139  135  130  125  120  115  109  104  100   97   96   96   99  104
  110  117  124  130  136  141  145  149  151  153  154  155  155  156  157  161
  164  171  180  185  194  206  217  229  237                                   
    60.0-180.0 180.0   5.0 450.0                            LAT/LON1/LON2/DLON/H
  239  242  241  235  225  212  205  201  202  204  209  215  219  221  220  217
  214  212  209  207  204  200  195  189  183  179  175  174  172  171  168  163
  157  149  141  134  127  120  113  107  101   95   90   87   86   86   89   94
  100  107  114  120  127  132  138  142  146  149  151  152  153  154  156  160
  164  171  180  185  193  204  213  226  239                                   
    57.5-180.0 180.0   5.0 450.0                            LAT/LON1/LON2/DLON/H
  242  246  246  239  230  216  207  201  201  201  204  209  214  216  218  218
  217  217  217  216  213  210  204  199  193  190  189  189  189  188  184  177
  167  156  145  135  127  119  112  105   98   92   87   84   82   82   84   88
   94  100  106  113  119  126  132  139  144  149  152  154  155  157  160  165
  170  177  187  190  197  205  212  225  242                                   
    55.0-180.0 180.0   5.0 450.0                            LAT/LON1/LON2/DLON/H
  247  252  252  245  238  225  216  207  204  201  202  206  209  212  215  217
  219  221  223  223  221  218  213  208  204  203  204  206  207  206  200  190
  177  164  151  140  130  122  115  108  101   95   90   86   84   84   85   88
   92   97  102  108  115  122  131  139  147  153  157  160  162  165  170  177
  183  191  201  203  208  213  217  231  247                                   
    52.5-180.0 180.0   5.0 450.0                            LAT/LON1/LON2/DLON/H
  256  263  263  255  250  240  232  222  216  209  206  206  208  210  213  217
  220  224  226  228  227  224  220  216  214  215  218  222  224  221  214  201
  186  171  157  146  137  129  122  115  109  103   98   94   92   91   91   93
   95   97  101  106  113  122  132  143  152  160  166  169  173  177  183  192
  201  212  222  222  226  229  230  245  256                                   
    50.0-180.0 180.0   5.0 450.0                            LAT/LON1/LON2/DLON/H
  271  279  279  272  269  264  258  247  237  226  218  213  211  211  213  216
  220  224  227  230  230  229  226  224  224  227  231  236  237  233  223  209
  192  176  163  153  145  138  132  125  119  113  109  105  103  102  101  101
  101  102  104  108  115  125  136  149  160  169  176  180  184  189  197  209
  222  235  247  247  251  252  252  268  271                                   
    47.5-180.0 180.0   5.0 450.0                            LAT/LON1/LON2/DLON/H
  292  300  299  293  293  293  291  279  267  251  237  227  220  217  217  218
  221  224  227  230  232  233  233  233  234  238  242  245  244  238  226  210
  194  179  168  160  153  148  142  135  129  124  120  118  116  115  114  112
  110  109  109  113  119  130  142  155  168  178  185  189  193  199  210  224
  240  257  272  274  280  279  280  296  292                                   
    45.0-180.0 180.0   5.0 450.0                            LAT/LON1/LON2/DLON/H
  316  324  321  318  320  325  326  317  303  283  264  249  237  230  226  224
  224  226  229  233  237  240  242  243  244  246  248  249  245  236  223  207
  192  180  172  166  162  157  151  145  140  135  132  131  130  128  127  124
  120  118  117  120  127  137  150  163  176  186  193  198  202  208  219  235
  253  273  291  297  306  306  310  324  316                                   
    42.5-180.0 180.0   5.0 450.0                            LAT/LON1/LON2/DLON/H
  341  348  344  344  348  356  360  352  339  318  296  277  262  250  243  237
  234  233  236  241  247  252  254  255  254  252  250  247  240  230  216  202
  190  181  176  173  170  166  161  155  150  146  144  143  143  142  140  137
  132  129  127  130  137  147  159  172  184  194  201  205  209  215  226  242
  262  284  305  315  327  330  337  351  341                                   
    40.0-180.0 180.0   5.0 450.0                            LAT/LON1/LON2/DLON/H
  366  373  368  369  375  382  387  382  370  350  328  308  291  278  266  258
  251  249  251  257  263  268  269  266  261  255  248  242  233  223  211  200
  191  186  183  182  180  176  170  165  160  157  155  155  156  156  154  150
  145  141  139  141  148  158  169  181  192  201  208  212  216  222  232  248
  268  291  313  328  342  349  362  375  366                                   
    37.5-180.0 180.0   5.0 450.0                            LAT/LON1/LON2/DLON/H
  395  401  397  397  403  409  411  407  396  377  357  338  322  308  295  284
  276  272  273  279  285  287  284  276  266  256  246  238  230  222  213  205
  199  196  195  194  191  187  181  176  171  169  168  169  170  170  168  164
  158  153  151  153  159  168  178  188  198  206  213  218  223  229  240  255
  274  297  320  337  354  366  384  398  395                                   
    35.0-180.0 180.0   5.0 450.0                            LAT/LON1/LON2/DLON/H
  430  436  434  431  437  439  437  431  419  402  384  367  352  338  325  313
  303  299  299  303  307  305  297  285  271  258  248  241  235  230  225  220
  216  214  212  209  205  200  194  189  185  183  183  184  184  184  183  178
  171  165  162  163  168  176  185  194  202  210  217  224  231  239  250  265
  283  306  329  347  367  385  406  423  430                                   
    32.5-180.0 180.0   5.0 450.0                            LAT/LON1/LON2/DLON/H
  475  482  481  477  480  479  471  460  447  429  411  396  382  368  354  341
  331  325  325  327  326  320  307  292  276  264  256  252  251  250  248  245
  241  237  232  226  220  213  208  203  201  200  200  200  200  200  197  191
  183  175  171  171  176  183  191  198  206  215  224  233  242  252  265  280
  299  321  344  360  384  406  430  452  475                                   
    30.0-180.0 180.0   5.0 450.0                            LAT/LON1/LON2/DLON/H
  530  537  540  536  538  533  519  503  486  465  446  429  414  399  383  368
  357  350  347  345  340  329  314  298  285  276  273  274  277  279  279  275
  269  261  251  242  233  226  221  219  217  217  217  217  216  215  211  204
  194  185  179  178  182  189  197  205  214  223  234  246  257  270  284  301
  321  344  364  378  407  432  457  485  530                                   
    27.5-180.0 180.0   5.0 450.0                            LAT/LON1/LON2/DLON/H
  594  596  606  609  611  605  587  566  543  518  493  471  452  433  414  395
  381  371  364  358  348  335  320  307  299  296  299  305  310  313  311  305
  295  281  267  254  243  236  233  232  233  234  233  233  232  229  224  215
  204  193  185  184  187  194  202  212  223  235  247  261  275  290  307  326
  349  372  390  403  437  463  491  528  594                                   
    25.0-180.0 180.0   5.0 450.0                            LAT/LON1/LON2/DLON/H
  663  654  674  691  695  693  675  651  622  591  558  528  500  473  448  424
  405  390  378  366  352  337  325  318  317  322  330  337  342  343  338  327
  312  294  276  260  248  243  242  243  245  247  247  246  244  241  234  223
  210  198  190  187  190  197  208  220  234  248  263  279  295  313  333  356
  382  407  424  438  475  501  535  581  663                                   
    22.5-180.0 180.0   5.0 450.0                            LAT/LON1/LON2/DLON/H
  733  706  733  769  780  785  774  751  720  682  641  600  561  524  490  458
  432  410  391  372  355  340  332  332  339  349  359  366  367  363  352  336
  317  295  274  258  248  245  246  250  253  255  256  254  252  247  238  226
  212  199  190  187  190  198  212  227  245  262  280  298  317  337  360  386
  416  444  462  481  519  542  583  640  733                                   
    20.0-180.0 180.0   5.0 450.0                            LAT/LON1/LON2/DLON/H
  787  748  778  827  849  866  867  852  824  784  736  684  634  586  541  500
  465  433  405  380  359  346  342  349  362  375  383  385  379  366  349  328
  305  283  263  250  243  243  247  252  255  257  258  256  253  246  236  223
  209  196  187  184  187  197  212  232  253  274  294  314  335  358  383  412
  444  475  498  522  562  580  626  691  787                                   
    17.5-180.0 180.0   5.0 450.0                            LAT/LON1/LON2/DLON/H
  807  769  800  856  888  918  935  934  915  879  829  771  712  655  600  550
  504  463  425  393  369  356  357  368  384  396  398  390  372  350  325  301
  279  260  245  237  236  240  246  250  253  254  254  252  247  239  228  214
  201  189  180  177  180  191  210  233  258  281  303  324  347  372  399  430
  466  499  527  556  593  606  653  721  807                                   
    15.0-180.0 180.0   5.0 450.0                            LAT/LON1/LON2/DLON/H
  787  761  796  852  891  931  961  975  970  945  901  845  783  721  661  603
  549  497  451  412  385  373  376  388  401  406  396  373  342  311  284  261
  244  232  226  227  233  241  247  250  250  249  247  243  237  228  215  201
  188  177  169  166  170  182  203  229  256  282  306  329  354  382  412  445
  482  516  547  579  612  621  665  725  787                                   
    12.5-180.0 180.0   5.0 450.0                            LAT/LON1/LON2/DLON/H
  746  737  774  824  861  905  941  967  976  965  933  887  832  773  713  653
  592  534  481  438  408  395  396  404  408  398  371  333  293  259  234  219
  211  211  217  227  239  249  254  253  249  243  238  232  224  213  200  186
  173  162  154  151  155  168  191  219  248  276  303  330  359  390  423  458
  495  529  562  594  623  631  667  712  746                                   
    10.0-180.0 180.0   5.0 450.0                            LAT/LON1/LON2/DLON/H
  708  717  749  786  814  851  885  914  933  936  919  887  845  797  745  688
  628  568  512  466  434  418  412  409  397  369  326  278  237  209  195  192
  197  209  225  243  258  268  268  261  250  239  229  220  210  198  183  168
  155  144  136  133  137  151  174  204  235  266  296  327  361  397  434  471
  507  540  573  604  631  640  668  697  708                                   
     7.5-180.0 180.0   5.0 450.0                            LAT/LON1/LON2/DLON/H
  687  710  733  751  766  789  811  835  857  868  865  848  821  788  748  700
  647  591  537  491  457  434  418  399  369  325  272  225  193  180  182  193
