data/edconvlstm_nd/pred2890.15i
     1.0            IONOSPHERE MAPS     GNSS                IONEX VERSION / TYPE
pyspatialgeodesy        IME             05-JAN-18 20:20     PGM / RUN BY / DATE 
Map Name                                                    COMMENT             
Predicted global ionosphere maps (GIM).                     DESCRIPTION         
  2015    10    16     0     0     0                        EPOCH OF FIRST MAP  
  2015    10    17     0     0     0                        EPOCH OF LAST MAP   
  7200                                                      INTERVAL            
    13                                                      # OF MAPS IN FILE   
  NONE                                                      MAPPING FUNCTION    
10.0                                                        ELEVATION CUTOFF    
One-way carrier phase leveled to code                       OBSERVABLES USED    
  6371.0                                                    BASE RADIUS         
 2                                                          MAP DIMENSION       
   450.0 450.0   0.0                                        HGT1 / HGT2 / DHGT  
    87.5 -87.5  -2.5                                        LAT1 / LAT2 / DLAT  
  -180.0 180.0   5.0                                        LON1 / LON2 / DLON  
    -1                                                      EXPONENT            
                                                            END OF HEADER       
[from data line 429]
     2                                                      START OF TEC MAP    
  2015    10    16     2     0     0                        EPOCH OF CURRENT MAP
    87.5-180.0 180.0   5.0 450.0                            LAT/LON1/LON2/DLON/H
   63   67   61   61   60   61   57   56   57   59   60   61   63   64   64   65
   65   65   65   64   64   63   62   60   59   58   57   56   54   54   53   52
   51   51   50   50   50   50   50   50   50   50   51   51   52   52   52   53
   53   54   54   54   54   55   55   55   55   55   55   55   55   55   54   55
   56   56   54   53   53   68   70   62   63                                   
    85.0-180.0 180.0   5.0 450.0                            LAT/LON1/LON2/DLON/H
   56   66   54   58   58   59   57   56   58   59   60   62   63   64   65   66
   66   66   65   65   63   62   60   58   57   55   53   52   50   49   48   47
   47   47   47   47   47   48   49   50   51   52   53   54   55   56   57   58
   59   59   60   61   61   62   62   62   62   63   63   63   62   62   62   62
   63   62   60   63   66   65   75   64   56                                   
    82.5-180.0 180.0   5.0 450.0                            LAT/LON1/LON2/DLON/H
   52   50   64   58   55   57   55   54   58   59   61   64   66   68   70   71
   71   71   70   68   66   63   60   57   54   51   48   45   43   41   40   39
   38   38   38   39   40   41   42   44   46   47   49   51   52   54   55   57
   58   59   61   62   62   63   64   65   65   65   66   66   66   65   65   65
   65   65   62   60   70   59   63   66   52                                   
    80.0-180.0 180.0   5.0 450.0                            LAT/LON1/LON2/DLON/H
   68   64   67   57   56   52   53   52   56   58   60   64   67   69   71   72
   73   72   70   68   65   61   57   52   48   44   41   38   35   33   32   31
   31   31   32   33   34   35   37   39   40   42   44   46   48   50   51   53
   55   56   58   59   61   63   64   65   67   68   69   70   70   71   71   72
   72   70   69   67   80   71   72   77   68                                   
    77.5-180.0 180.0   5.0 450.0                            LAT/LON1/LON2/DLON/H
   81   76   70   64   56   54   54   55   58   60   62   66   70   73   75   76
   76   75   73   70   65   60   55   50   44   40   35   32   29   27   26   25
   25   26   27   28   30   31   33   35   36   38   40   41   43   45   46   48
   50   52   54   56   58   61   63   66   68   70   72   74   75   76   77   78
   79   79   77   78   84   75   77   82   81                                   
    75.0-180.0 180.0   5.0 450.0                            LAT/LON1/LON2/DLON/H
   87   83   82   74   64   61   59   59   62   63   64   67   70   72   74   74
   74   72   70   66   61   56   50   44   39   34   31   28   25   24   24   24
   24   25   26   27   28   29   30   31   32   33   34   35   36   37   38   40
   41   43   46   48   52   55   59   63   66   70   73   76   78   80   82   84
   85   86   87   84   92   90   90   92   87                                   
    72.5-180.0 180.0   5.0 450.0                            LAT/LON1/LON2/DLON/H
   96   94   93   84   74   69   68   67   69   68   68   70   71   72   72   72
   71   69   66   62   58   53   47   42   38   34   31   29   28   27   27   28
   29   29   30   30   31   31   32   32   32   33   33   33   33   34   35   36
   37   39   42   45   49   54   59   64   69   73   77   80   83   85   88   91
   93   94   98   98  105  103  103  105   96                                   
    70.0-180.0 180.0   5.0 450.0                            LAT/LON1/LON2/DLON/H
  109  107  107   98   86   79   77   75   76   74   72   71   70   68   66   64
   62   60   58   55   51   47   43   39   36   34   33   32   32   33   34   35
   35   36   36   35   35   34   34   33   33   33   33   32   32   32   33   34
   35   37   41   45   50   55   62   68   73   78   83   86   88   90   93   96
   97   99  104  106  113  114  116  114  109                                   
    67.5-180.0 180.0   5.0 450.0                            LAT/LON1/LON2/DLON/H
  115  115  113  104   90   83   80   78   78   75   71   68   63   59   55   52
   50   48   46   44   42   39   37   35   33   32   32   33   34   36   37   38
   38   37   36   34   33   31   30   29   28   28   28   28   28   28   28   29
   31   34   37   42   48   54   62   69   75   81   85   88   90   91   92   94
   95   97  102  105  114  117  119  118  115                                   
    65.0-180.0 180.0   5.0 450.0                            LAT/LON1/LON2/DLON/H
  118  118  115  106   92   85   82   81   81   77   72   67   60   53   48   44
   41   39   39   38   37   35   34   33   32   33   34   36   38   39   40   40
   39   37   35   33   30   28   27   26   26   26   26   27   27   27   28   29
   31   34   38   44   50   58   66   74   81   87   91   94   95   95   96   96
   96   96  101  103  112  116  120  121  118                                   
    62.5-180.0 180.0   5.0 450.0                            LAT/LON1/LON2/DLON/H
  120  120  117  107   94   86   84   84   84   81   75   69   60   52   45   40
   38   37   37   36   36   35   34   34   34   35   37   39   41   42   42   41
   39   36   33   30   28   26   25   25   25   27   28   29   30   31   32   33
   35   39   43   49   56   64   73   82   89   96  100  103  105  105  104  103
  101   99  102  103  111  116  119  121  120                                   
    60.0-180.0 180.0   5.0 450.0                            LAT/LON1/LON2/DLON/H
  122  122  118  107   94   85   83   84   85   82   77   70   61   52   44   40
   38   38   38   38   37   36   35   34   34   36   38   40   41   42   41   39
   36   33   29   27   25   23   23   24   26   28   30   32   33   34   36   37
   40   43   48   54   61   70   79   88   96  103  109  113  115  115  115  114
  111  107  108  107  113  116  119  121  122                                   
    57.5-180.0 180.0   5.0 450.0                            LAT/LON1/LON2/DLON/H
  127  127  123  110   97   87   84   85   86   84   78   72   63   54   48   44
   42   42   42   42   40   38   35   34   34   35   37   38   39   39   38   35
   32   29   26   24   23   23   24   26   29   32   34   37   38   39   40   42
   44   48   53   60   67   76   85   94  103  110  117  122  126  129  130  130
  126  121  120  116  121  121  124  125  127                                   
    55.0-180.0 180.0   5.0 450.0                            LAT/LON1/LON2/DLON/H
  138  138  133  120  105   94   89   88   88   85   79   73   65   58   52   49
   48   48   48   46   42   38   34   32   31   32   34   36   37   36   34   32
   29   27   25   24   24   25   27   30   34   37   40   42   43   44   45   46
   49   53   59   65   73   82   91  100  109  117  124  131  138  143  147  149
  145  139  137  131  133  131  134  135  138                                   
    52.5-180.0 180.0   5.0 450.0                            LAT/LON1/LON2/DLON/H
  155  155  150  137  121  107  101   96   93   88   81   75   68   62   58   56
   55   54   52   48   43   37   33   30   30   31   33   34   35   34   33   31
   29   28   27   28   29   31   33   36   40   43   46   47   48   48   49   50
   54   59   65   73   81   90   99  107  116  124  132  140  149  157  164  168
  166  160  157  149  149  145  148  149  155                                   
    50.0-180.0 180.0   5.0 450.0                            LAT/LON1/LON2/DLON/H
  175  176  171  160  143  128  119  110  103   94   85   78   71   66   63   62
   60   58   54   49   43   37   33   31   31   32   35   36   37   36   35   33
   33   33   34   35   37   39   42   45   48   50   52   53   53   53   53   55
   60   66   73   82   91  101  110  118  125  132  140  148  158  169  178  185
  185  181  177  168  167  161  165  166  175                                   
    47.5-180.0 180.0   5.0 450.0                            LAT/LON1/LON2/DLON/H
  193  197  192  185  169  154  143  130  118  105   93   84   77   72   69   67
   64   60   55   49   43   38   35   35   36   38   40   42   42   41   40   40
   40   41   43   45   47   49   51   53   56   57   58   58   58   58   59   62
   67   75   84   94  105  115  124  132  138  143  149  157  167  178  189  198
  200  197  194  184  183  176  180  182  193                                   
    45.0-180.0 180.0   5.0 450.0                            LAT/LON1/LON2/DLON/H
  207  212  209  207  194  180  167  151  136  118  103   93   85   79   75   71
   67   61   55   50   46   43   42   43   45   47   49   50   49   48   47   47
   49   51   53   56   58   59   60   61   62   63   64   64   63   63   65   69
   76   85   96  109  121  132  141  148  152  155  159  165  174  185  196  205
  209  208  205  197  195  188  192  194  207                                   
    42.5-180.0 180.0   5.0 450.0                            LAT/LON1/LON2/DLON/H
  214  220  218  220  211  201  188  172  154  134  117  104   95   89   83   77
   70   64   58   54   52   52   53   55   58   59   59   59   57   55   55   55
   57   59   62   65   67   67   68   68   68   68   69   69   69   69   72   77
   85   96  109  123  136  149  158  164  167  168  169  173  181  191  201  210
  214  213  212  206  204  198  200  202  214                                   
    40.0-180.0 180.0   5.0 450.0                            LAT/LON1/LON2/DLON/H
  216  220  218  222  219  212  202  188  170  149  131  118  108  101   93   85
   77   70   65   63   64   66   69   71   72   71   69   65   62   60   60   60
   62   65   68   71   72   73   73   73   73   73   73   74   74   76   79   85
   94  106  120  134  149  162  172  178  180  179  179  182  189  198  208  216
  219  219  219  215  214  208  209  210  216                                   
    37.5-180.0 180.0   5.0 450.0                            LAT/LON1/LON2/DLON/H
  219  218  214  217  216  213  206  195  180  161  143  131  122  113  105   95
   87   80   77   78   80   84   86   87   85   80   75   69   65   63   63   64
   66   69   72   74   76   77   77   76   76   77   77   78   79   82   85   92
  101  112  126  141  157  171  182  188  190  189  190  193  201  211  220  228
  230  230  232  230  231  225  226  224  219                                   
    35.0-180.0 180.0   5.0 450.0                            LAT/LON1/LON2/DLON/H
  229  223  214  210  209  206  202  194  183  167  153  142  134  126  117  108
   99   95   94   96   99  102  102   99   93   85   77   70   66   65   66   67
   70   73   75   78   79   80   80   80   80   81   81   82   84   86   90   96
  105  116  129  144  160  175  187  194  197  198  200  207  217  230  241  249
  251  252  256  257  260  257  259  254  229                                   
    32.5-180.0 180.0   5.0 450.0                            LAT/LON1/LON2/DLON/H
  257  245  228  213  207  201  195  189  181  168  157  149  143  135  128  120
  113  111  111  114  115  115  111  103   94   85   77   71   69   69   71   74
   76   79   81   82   84   84   84   85   85   85   85   86   87   89   92   98
  105  116  128  143  159  175  189  198  203  206  212  222  238  256  270  280
  284  286  293  297  304  306  311  302  257                                   
    30.0-180.0 180.0   5.0 450.0                            LAT/LON1/LON2/DLON/H
  308  293  264  235  219  204  192  184  177  167  158  152  147  141  135  129
  125  124  126  126  124  118  110  101   91   84   78   75   75   78   82   85
   88   89   90   91   91   90   90   89   89   88   88   88   89   90   93   98
  105  114  126  140  157  174  189  200  208  215  225  241  264  287  306  320
  327  331  340  347  359  368  377  366  308                                   
    27.5-180.0 180.0   5.0 450.0                            LAT/LON1/LON2/DLON/H
  385  369  327  281  252  224  201  187  177  166  158  152  147  141  136  133
  132  132  132  129  121  111  100   93   88   85   84   85   89   94   99  103
  105  105  104  102  100   98   96   94   93   91   90   90   89   90   92   97
  103  112  124  138  156  174  191  205  216  227  242  264  293  322  347  366
  376  384  395  403  420  437  449  438  385                                   
    25.0-180.0 180.0   5.0 450.0                            LAT/LON1/LON2/DLON/H
  479  467  412  353  310  267  230  204  187  172  160  151  144  138  134  131
  131  132  129  120  108   95   87   85   88   92   97  103  110  117  124  127
  128  126  122  117  112  107  103   99   96   94   92   90   90   90   92   96
  103  112  124  139  158  178  198  215  229  244  264  292  325  359  390  413
  427  438  451  460  481  507  520  510  479                                   
    22.5-180.0 180.0   5.0 450.0                            LAT/LON1/LON2/DLON/H
  573  572  512  446  390  333  280  241  212  189  170  155  144  135  129  126
  126  124  117  104   90   80   78   84   95  108  120  130  139  147  153  155
  154  149  142  133  124  116  109  103   99   95   93   91   90   90   91   95
  103  114  128  144  165  187  210  231  249  269  293  323  359  396  429  456
  474  488  502  513  534  568  584  576  573                                   
    20.0-180.0 180.0   5.0 450.0                            LAT/LON1/LON2/DLON/H
  647  663  610  545  480  415  349  297  256  222  193  169  150  136  127  122
  119  114  104   90   77   73   78   94  114  135  151  164  173  180  184  183
  178  170  159  147  135  124  114  107  101   97   94   92   91   90   91   96
  105  118  133  152  175  201  227  252  274  296  323  354  390  426  460  489
  510  527  541  553  573  613  631  627  647                                   
    17.5-180.0 180.0   5.0 450.0                            LAT/LON1/LON2/DLON/H
  690  723  684  631  567  501  430  369  317  271  231  196  168  148  134  125
  118  110   98   85   78   80   94  118  146  172  190  202  208  211  211  206
  197  185  171  157  142  129  118  109  103   99   96   94   92   90   91   96
  106  121  140  162  187  216  246  273  298  323  350  381  415  449  481  509
  531  549  563  575  593  633  653  653  690                                   
    15.0-180.0 180.0   5.0 450.0                            LAT/LON1/LON2/DLON/H
  702  746  723  688  633  576  508  447  389  335  285  240  203  174  154  140
  129  118  106   97   95  105  127  158  191  217  232  238  238  235  230  220
  207  192  176  160  146  132  121  112  105  101   98   96   93   90   90   95
  107  124  145  169  198  230  262  291  318  344  372  401  432  462  490  515
  536  553  568  578  593  628  649  651  702                                   
    12.5-180.0 180.0   5.0 450.0                            LAT/LON1/LON2/DLON/H
  688  734  728  708  670  627  572  518  463  406  350  299  255  219  192  172
  156  144  134  130  135  152  180  214  244  263  269  266  259  249  238  224
  208  191  175  160  147  134  124  115  108  104  100   97   93   88   87   92
  105  124  148  175  206  239  272  302  330  357  384  412  441  467  491  512
  530  545  558  568  577  605  622  627  688                                   
    10.0-180.0 180.0   5.0 450.0                            LAT/LON1/LON2/DLON/H
  657  698  702  696  676  650  613  573  527  474  419  367  319  279  246  221
  202  189  182  183  195  217  247  276  295  301  294  282  268  254  238  221
  203  186  171  158  147  137  127  119  112  106  102   97   90   84   82   88
  102  123  148  177  209  243  276  306  333  359  387  415  441  465  486  503
  518  531  543  551  556  574  588  593  657                                   
     7.5-180.0 180.0   5.0 450.0                            LAT/LON1/LON2/DLON/H
  622  651  660  662  658  648  629  606  573  530  482  434  389  348  313  285
  265  252  248  254  270  293  316  331  333  322  305  286  268  251  234  215
