data/edconvlstm_nd/pred2420.15i
     1.0            IONOSPHERE MAPS     GNSS                IONEX VERSION / TYPE
pyspatialgeodesy        IME             05-JAN-18 20:20     PGM / RUN BY / DATE 
Map Name                                                    COMMENT             
Predicted global ionosphere maps (GIM).                     DESCRIPTION         
  2015     8    30     0     0     0                        EPOCH OF FIRST MAP  
  2015     8    31     0     0     0                        EPOCH OF LAST MAP   
  7200                                                      INTERVAL            
    13                                                      # OF MAPS IN FILE   
  NONE                                                      MAPPING FUNCTION    
10.0                                                        ELEVATION CUTOFF    
One-way carrier phase leveled to code                       OBSERVABLES USED    
  6371.0                                                    BASE RADIUS         
 2                                                          MAP DIMENSION       
   450.0 450.0   0.0                                        HGT1 / HGT2 / DHGT  
    87.5 -87.5  -2.5                                        LAT1 / LAT2 / DLAT  
  -180.0 180.0   5.0                                        LON1 / LON2 / DLON  
    -1                                                      EXPONENT            
                                                            END OF HEADER       
[from data line 5148]
    13                                                      START OF TEC MAP    
  2015     8    31     0     0     0                        EPOCH OF CURRENT MAP
    87.5-180.0 180.0   5.0 450.0                            LAT/LON1/LON2/DLON/H
  100   97   95   87   85   89   86   85   86   85   86   87   88   88   88   89
   89   89   89   89   88   88   88   87   87   87   86   86   85   85   84   84
   84   83   83   83   83   83   82   82   82   82   81   81   81   81   81   80
   80   80   80   80   80   80   80   80   80   80   80   80   80   80   80   80
   81   80   79   80   75   83   91   89  100                                   
    85.0-180.0 180.0   5.0 450.0                            LAT/LON1/LON2/DLON/H
   99   99   80   85   88   93   89   88   89   89   89   90   90   90   91   91
   90   90   90   89   89   88   88   87   86   85   84   84   83   82   82   82
   81   81   81   81   82   82   82   82   82   81   81   81   81   80   80   80
   80   80   80   80   80   80   80   80   80   81   81   81   81   81   82   82
   83   83   83   86   85   93  101   97   99                                   
    82.5-180.0 180.0   5.0 450.0                            LAT/LON1/LON2/DLON/H
   95   87   96   93   92   99   95   95   97   97   97   98   98   99   98   98
   98   97   96   95   94   93   91   90   88   87   85   83   82   81   80   80
   80   80   80   81   81   82   82   83   83   83   82   82   82   81   81   80
   80   80   80   80   81   81   82   82   83   83   84   84   85   85   85   86
   86   86   85   84   89   81   89   94   95                                   
    80.0-180.0 180.0   5.0 450.0                            LAT/LON1/LON2/DLON/H
  110   99   98   94   98  100  102  102  105  104  104  105  106  105  105  104
  104  103  101  100   98   96   93   91   88   85   83   80   78   77   76   75
   76   76   77   78   80   81   82   82   82   82   81   80   79   79   78   77
   77   77   77   77   78   79   80   81   82   83   84   85   86   86   87   88
   88   87   86   86  102   93  103  113  110                                   
    77.5-180.0 180.0   5.0 450.0                            LAT/LON1/LON2/DLON/H
  124  115  107  112  108  111  113  116  118  117  118  119  118  118  117  116
  115  113  112  110  107  104  101   98   94   90   86   83   80   78   77   77
   77   78   80   82   84   86   87   88   88   87   86   85   83   82   81   80
   80   80   80   81   82   84   85   87   89   90   92   93   94   95   96   97
   97   98   97   98  107  108  111  124  124                                   
    75.0-180.0 180.0   5.0 450.0                            LAT/LON1/LON2/DLON/H
  133  119  118  124  120  124  122  124  127  126  126  126  125  124  123  121
  119  117  115  113  111  108  104  100   96   91   87   83   79   77   75   75
   77   79   82   84   87   89   90   91   90   88   86   84   82   80   79   78
   78   78   79   80   82   84   87   89   91   94   96   97   99  100  101  101
  101  102  103   99  108  118  117  127  133                                   
    72.5-180.0 180.0   5.0 450.0                            LAT/LON1/LON2/DLON/H
  127  122  121  126  123  124  124  127  130  129  129  128  127  125  123  121
  119  117  115  114  112  109  106  102   98   93   87   82   78   75   73   73
   74   77   80   83   85   87   88   87   86   83   80   77   74   72   71   70
   70   71   72   74   77   80   83   86   89   92   94   96   98   99  100  101
  101  101  104  102  107  116  120  132  127                                   
    70.0-180.0 180.0   5.0 450.0                            LAT/LON1/LON2/DLON/H
  129  122  122  130  128  130  128  130  134  132  132  131  129  126  123  120
  118  116  114  113  112  111  109  105  101   95   90   84   79   76   74   73
   74   76   79   82   84   85   85   84   81   78   74   71   68   66   65   65
   66   67   69   72   75   79   82   86   90   93   96   98  100  101  103  104
  103  103  106  106  109  118  121  130  129                                   
    67.5-180.0 180.0   5.0 450.0                            LAT/LON1/LON2/DLON/H
  129  123  122  128  125  126  124  126  129  128  127  126  124  121  117  114
  111  109  109  109  109  109  107  105  100   95   89   83   78   74   71   69
   69   70   72   74   75   75   74   72   69   65   62   58   56   54   54   55
   56   58   61   64   68   72   76   80   84   88   91   94   96   97   99  100
   99   99  103  103  107  116  118  128  129                                   
    65.0-180.0 180.0   5.0 450.0                            LAT/LON1/LON2/DLON/H
  128  120  119  125  121  121  118  121  124  123  123  122  119  116  112  109
  106  105  105  106  107  108  107  105  102   97   91   85   79   74   70   67
   66   65   65   65   65   64   62   60   57   53   50   47   46   45   46   47
   49   52   55   58   61   65   70   74   79   83   87   90   93   94   96   97
   96   96  101  101  106  115  117  129  128                                   
    62.5-180.0 180.0   5.0 450.0                            LAT/LON1/LON2/DLON/H
  131  121  119  124  119  117  114  116  119  118  119  119  117  113  110  107
  105  104  105  106  108  109  109  108  105  100   95   89   83   77   72   67
   64   61   60   58   57   55   53   51   48   46   43   41   40   40   41   43
   45   48   51   54   57   61   66   70   75   80   84   88   91   93   95   97
   96   97  101  102  107  117  119  130  131                                   
    60.0-180.0 180.0   5.0 450.0                            LAT/LON1/LON2/DLON/H
  135  124  122  124  118  114  109  111  114  113  114  115  114  111  108  106
  104  104  106  108  110  111  111  109  106  103   98   92   86   80   74   68
   63   58   55   52   50   48   46   44   43   41   40   39   39   39   40   41
   43   45   47   50   53   57   62   67   72   77   82   86   90   93   96   98
   98   99  105  106  111  121  123  134  135                                   
    57.5-180.0 180.0   5.0 450.0                            LAT/LON1/LON2/DLON/H
  142  132  129  129  121  114  109  109  111  110  110  112  111  110  108  107
  106  107  108  111  112  113  112  110  107  104  100   95   90   83   76   69
   62   56   51   48   46   44   43   42   41   41   40   40   40   41   41   42
   42   43   45   47   51   55   60   65   71   76   81   87   91   95   99  102
  103  105  112  114  120  129  130  141  142                                   
    55.0-180.0 180.0   5.0 450.0                            LAT/LON1/LON2/DLON/H
  151  143  139  138  128  120  113  111  111  108  108  109  110  109  108  108
  108  109  111  113  114  113  111  108  106  103  101   97   93   86   78   70
   61   55   49   46   44   44   43   43   44   44   44   45   45   45   44   44
   43   43   44   46   50   54   60   66   72   78   83   89   94   99  105  109
  112  115  122  125  132  140  141  151  151                                   
    52.5-180.0 180.0   5.0 450.0                            LAT/LON1/LON2/DLON/H
  161  156  152  150  140  130  122  117  114  109  108  108  109  109  109  109
  110  112  114  115  115  113  109  106  104  102  101   99   95   88   80   71
   62   55   50   47   46   47   47   48   49   50   51   51   51   50   49   47
   45   44   45   47   50   56   62   69   76   82   88   93   99  105  112  118
  122  126  134  137  145  153  153  163  161                                   
    50.0-180.0 180.0   5.0 450.0                            LAT/LON1/LON2/DLON/H
  171  168  165  164  154  144  134  127  122  114  111  110  109  109  110  110
  112  114  117  117  116  112  108  105  103  103  102  101   97   90   82   72
   64   57   53   52   52   52   54   55   56   57   58   58   57   56   53   50
   48   47   47   49   54   60   68   75   82   89   94  100  106  113  120  127
  132  138  146  150  157  165  165  175  171                                   
    47.5-180.0 180.0   5.0 450.0                            LAT/LON1/LON2/DLON/H
  177  178  176  176  167  158  148  140  132  122  116  113  112  112  112  113
  115  117  119  119  117  113  108  105  104  104  105  103   99   92   84   74
   66   61   58   57   58   60   61   62   63   64   65   64   63   61   58   55
   52   51   51   54   60   67   75   84   91   97  102  108  114  121  129  136
  142  148  156  160  167  174  175  184  177                                   
    45.0-180.0 180.0   5.0 450.0                            LAT/LON1/LON2/DLON/H
  181  184  183  185  178  171  162  152  143  131  123  119  117  116  116  116
  118  120  122  122  119  115  110  108  107  108  108  107  102   94   85   77
   70   65   63   64   65   67   68   68   69   69   70   70   69   66   64   61
   59   57   58   61   67   75   84   92   99  105  111  116  122  129  137  144
  150  156  164  167  173  180  181  191  181                                   
    42.5-180.0 180.0   5.0 450.0                            LAT/LON1/LON2/DLON/H
  183  187  186  191  185  180  172  164  154  141  133  128  125  123  122  122
  123  124  126  125  123  118  114  112  113  114  114  111  105   96   87   78
   72   69   68   69   71   72   72   72   72   73   74   74   73   72   70   68
   66   66   66   69   75   82   90   99  106  112  117  123  129  136  143  151
  157  163  170  172  177  183  185  197  183                                   
    40.0-180.0 180.0   5.0 450.0                            LAT/LON1/LON2/DLON/H
  184  188  188  193  189  186  180  173  164  151  142  137  134  132  130  130
  130  130  131  130  127  124  121  120  120  121  120  116  107   97   87   80
   74   72   72   73   74   74   74   74   74   75   77   78   78   77   77   76
   75   74   74   76   80   87   94  102  109  116  122  129  135  142  150  157
  163  169  176  178  181  186  189  202  184                                   
    37.5-180.0 180.0   5.0 450.0                            LAT/LON1/LON2/DLON/H
  190  192  192  196  192  190  186  180  173  161  153  148  145  143  141  139
  138  138  138  136  134  131  129  129  130  130  127  120  109   98   87   80
   76   74   74   74   74   74   73   74   75   78   80   82   83   83   83   82
   81   80   78   79   82   87   95  102  111  118  126  134  142  149  157  165
  170  177  184  185  188  193  197  210  190                                   
    35.0-180.0 180.0   5.0 450.0                            LAT/LON1/LON2/DLON/H
  203  204  202  204  200  197  193  189  183  172  164  160  157  154  152  150
  148  147  145  144  141  139  138  139  139  138  133  123  111   98   87   80
   76   74   74   74   73   72   72   73   76   80   84   86   87   88   87   86
   84   82   79   78   80   85   92  101  111  120  130  140  149  157  166  174
  181  187  195  197  200  205  211  224  203                                   
    32.5-180.0 180.0   5.0 450.0                            LAT/LON1/LON2/DLON/H
  225  226  221  220  214  210  205  201  196  186  178  173  169  167  164  161
  159  156  153  151  149  148  148  149  149  146  138  126  111   97   87   80
   76   75   73   73   72   71   71   74   78   84   89   91   92   91   90   88
   84   80   76   74   76   81   89  100  111  123  134  146  157  167  176  186
  193  201  211  213  217  224  232  245  225                                   
    30.0-180.0 180.0   5.0 450.0                            LAT/LON1/LON2/DLON/H
  257  258  250  245  239  232  224  219  214  204  195  189  184  180  177  173
  169  165  162  159  158  158  159  160  158  152  142  127  111   97   87   80
   77   75   73   72   71   70   72   76   82   89   94   96   96   93   90   86
   80   75   70   68   71   77   87   99  112  126  140  153  165  176  187  198
  208  218  229  233  239  248  260  273  257                                   
    27.5-180.0 180.0   5.0 450.0                            LAT/LON1/LON2/DLON/H
  294  298  288  279  273  263  252  245  239  228  217  209  202  196  192  187
  181  175  170  167  167  168  170  170  166  157  144  127  111   97   87   82
   79   76   74   73   72   72   75   80   87   95   99  101   98   93   88   82
   75   68   63   62   66   74   85   99  115  131  146  161  174  186  199  212
  223  235  248  254  263  274  290  305  294                                   
    25.0-180.0 180.0   5.0 450.0                            LAT/LON1/LON2/DLON/H
  331  339  328  317  311  300  286  277  269  257  245  234  225  217  210  203
  195  186  180  176  177  179  182  180  173  161  145  127  110   97   89   84
   82   79   77   76   76   77   81   87   94  100  104  103   99   92   85   77
   69   62   57   56   62   72   86  103  121  139  155  170  184  198  212  227
  240  254  268  275  287  300  320  338  331                                   
    22.5-180.0 180.0   5.0 450.0                            LAT/LON1/LON2/DLON/H
  363  374  364  355  349  337  323  312  303  290  277  265  253  243  233  223
  212  200  191  187  188  191  193  190  179  163  145  126  110   99   91   88
   86   84   83   82   83   86   90   95  101  106  107  104   98   90   81   73
   64   57   53   54   61   74   91  111  132  151  168  183  198  212  227  243
  258  272  287  294  308  322  345  368  363                                   
    20.0-180.0 180.0   5.0 450.0                            LAT/LON1/LON2/DLON/H
  384  397  392  386  382  372  359  348  338  326  313  300  287  275  262  248
  234  219  207  201  201  205  205  198  184  164  144  126  111  101   95   92
   92   91   91   92   94   97  100  104  108  110  109  105   97   88   79   71
   63   56   54   57   66   82  102  125  147  168  185  200  214  228  245  262
  277  291  305  312  325  338  364  391  384                                   
    17.5-180.0 180.0   5.0 450.0                            LAT/LON1/LON2/DLON/H
  394  408  409  408  407  400  390  381  372  361  350  338  325  311  296  279
  261  242  227  219  217  219  216  206  187  164  143  126  113  104   99   98
   99  100  101  104  107  110  112  113  114  113  110  104   96   87   79   72
   65   61   59   64   75   94  116  141  165  185  202  216  231  247  264  282
  298  311  324  329  340  351  377  408  394                                   
    15.0-180.0 180.0   5.0 450.0                            LAT/LON1/LON2/DLON/H
  394  408  414  419  420  418  413  406  400  392  384  374  362  348  332  313
  292  270  251  240  235  232  226  211  188  163  142  127  115  108  104  104
  106  109  113  116  120  123  123  122  119  116  111  104   96   89   82   76
   71   68   68   74   87  106  129  155  178  199  215  230  246  264  284  303
  319  332  342  346  353  360  385  418  394                                   
    12.5-180.0 180.0   5.0 450.0                            LAT/LON1/LON2/DLON/H
  391  404  414  422  425  427  425  422  420  416  412  405  396  383  367  347
  324  299  277  262  252  245  233  213  188  162  142  128  118  112  109  110
  114  119  124  129  133  134  133  129  124  119  113  106   98   91   86   82
   78   75   76   82   95  114  137  162  185  205  222  239  257  279  302  324
  340  353  362  363  367  370  392  426  391                                   
    10.0-180.0 180.0   5.0 450.0                            LAT/LON1/LON2/DLON/H
  393  404  413  422  425  428  428  428  428  429  429  426  420  409  395  375
  352  327  303  283  269  255  238  214  186  160  141  128  120  115  114  116
  121  128  134  140  144  144  141  135  129  122  115  107  100   94   90   86
   82   79   80   85   96  113  135  160  184  204  223  242  264  290  316  341
  359  372  380  380  382  381  400  433  393                                   
     7.5-180.0 180.0   5.0 450.0                            LAT/LON1/LON2/DLON/H
  402  411  419  425  426  426  426  425  428  431  434  435  432  424  412  395
  373  349  323  300  281  261  239  211  182  157  139  128  122  118  117  121
