data/edconvlstm_nd/pred0330.15i
     1.0            IONOSPHERE MAPS     GNSS                IONEX VERSION / TYPE
pyspatialgeodesy        IME             05-JAN-18 20:20     PGM / RUN BY / DATE 
Map Name                                                    COMMENT             
Predicted global ionosphere maps (GIM).                     DESCRIPTION         
  2015     2     2     0     0     0                        EPOCH OF FIRST MAP  
  2015     2     3     0     0     0                        EPOCH OF LAST MAP   
  7200                                                      INTERVAL            
    13                                                      # OF MAPS IN FILE   
  NONE                                                      MAPPING FUNCTION    
10.0                                                        ELEVATION CUTOFF    
One-way carrier phase leveled to code                       OBSERVABLES USED    
  6371.0                                                    BASE RADIUS         
 2                                                          MAP DIMENSION       
   450.0 450.0   0.0                                        HGT1 / HGT2 / DHGT  
    87.5 -87.5  -2.5                                        LAT1 / LAT2 / DLAT  
  -180.0 180.0   5.0                                        LON1 / LON2 / DLON  
    -1                                                      EXPONENT            
                                                            END OF HEADER       
[from data line 858]
     3                                                      START OF TEC MAP    
  2015     2     2     4     0     0                        EPOCH OF CURRENT MAP
    87.5-180.0 180.0   5.0 450.0                            LAT/LON1/LON2/DLON/H
   87   95   93   95   94   94   91   88   88   89   89   90   90   90   89   88
   87   86   85   83   82   80   78   77   76   74   73   73   72   71   71   71
   71   71   71   71   71   72   72   72   73   73   74   75   75   76   77   78
   79   80   81   82   83   85   86   87   88   89   90   91   91   92   92   93
   95   96   95   95  100  107  112  101   87                                   
    85.0-180.0 180.0   5.0 450.0                            LAT/LON1/LON2/DLON/H
   92  108   98  100  102  101   99   97   97   97   97   97   97   97   96   95
   93   91   89   86   84   81   78   76   74   72   71   70   69   69   69   69
   69   70   71   73   74   75   77   79   80   82   83   85   86   88   90   91
   93   95   96   98  100  102  104  105  107  109  110  111  113  113  114  115
  117  118  115  116  116  117  122  112   92                                   
    82.5-180.0 180.0   5.0 450.0                            LAT/LON1/LON2/DLON/H
  111  109  119  107  105  104  102  100  101  101  101  103  103  103  102  101
   98   95   92   88   83   79   75   71   68   65   62   60   59   59   59   59
   61   62   65   67   70   73   76   79   81   84   87   89   92   94   96   99
  101  104  107  110  113  116  119  122  125  127  130  133  135  137  138  140
  140  140  138  136  141  128  122  114  111                                   
    80.0-180.0 180.0   5.0 450.0                            LAT/LON1/LON2/DLON/H
  130  120  115  101   99   93   93   92   93   94   95   98  100  101  100   99
   96   93   88   82   76   70   65   59   55   51   49   47   46   47   48   50
   53   57   61   66   70   75   79   83   87   90   93   95   98  100  103  105
  108  111  115  118  122  126  131  135  139  143  147  151  154  157  159  161
  161  159  157  155  159  148  142  127  130                                   
    77.5-180.0 180.0   5.0 450.0                            LAT/LON1/LON2/DLON/H
  140  123  114  102   92   87   88   88   90   92   95   99  103  106  107  106
  104  100   94   88   81   74   67   61   56   52   49   47   47   48   51   55
   60   65   71   78   84   90   95  100  103  106  108  109  111  112  114  116
  119  122  126  130  135  140  145  151  156  162  167  172  177  181  184  186
  186  185  180  180  178  160  152  142  140                                   
    75.0-180.0 180.0   5.0 450.0                            LAT/LON1/LON2/DLON/H
  147  132  118  105   91   87   86   86   88   90   94  100  105  108  109  109
  107  103   97   91   84   77   71   65   60   56   54   54   55   57   61   66
   72   79   87   94  101  107  112  116  118  119  119  119  118  118  119  120
  122  125  130  135  140  147  153  160  167  173  180  186  192  197  201  204
  204  203  201  194  193  179  170  160  147                                   
    72.5-180.0 180.0   5.0 450.0                            LAT/LON1/LON2/DLON/H
  160  144  130  114  100   94   93   92   94   96  100  106  110  113  115  114
  111  107  102   97   91   85   79   75   71   69   68   68   70   73   77   83
   90   97  105  112  119  125  130  132  133  133  131  129  127  125  124  125
  128  132  137  144  150  158  165  173  180  187  194  201  207  212  217  221
  222  222  221  217  213  196  187  179  160                                   
    70.0-180.0 180.0   5.0 450.0                            LAT/LON1/LON2/DLON/H
  182  164  148  130  114  106  102  100  102  104  107  111  113  114  113  111
  107  103   98   94   90   86   83   81   79   79   79   80   82   86   90   95
  100  107  114  120  127  132  136  137  137  135  132  128  125  122  122  123
  127  132  139  148  156  165  174  182  190  197  204  211  217  222  226  231
  232  232  233  230  228  213  207  199  182                                   
    67.5-180.0 180.0   5.0 450.0                            LAT/LON1/LON2/DLON/H
  195  180  162  144  127  117  110  107  107  108  109  110  110  107  104  100
   96   92   89   86   84   83   82   82   83   84   85   87   89   92   95   98
  102  106  111  116  121  125  127  128  127  124  120  116  112  110  111  114
  120  128  138  149  160  170  180  189  197  204  211  216  221  225  228  231
  233  232  234  231  231  219  216  210  195                                   
    65.0-180.0 180.0   5.0 450.0                            LAT/LON1/LON2/DLON/H
  209  196  178  159  142  130  121  117  116  115  114  112  108  103   97   91
   87   83   81   80   80   81   82   84   86   88   90   92   94   95   96   97
   98   99  102  105  108  111  113  114  112  109  105  101   98   98  100  106
  114  126  139  153  167  180  191  201  209  216  221  225  228  230  231  233
  233  231  232  230  232  223  222  218  209                                   
    62.5-180.0 180.0   5.0 450.0                            LAT/LON1/LON2/DLON/H
  220  210  194  173  157  143  132  127  125  121  118  114  107   99   91   85
   80   77   76   76   78   80   82   84   87   89   91   93   94   94   93   91
   90   88   88   89   91   93   95   96   95   93   89   86   84   85   90   98
  110  125  142  160  176  191  204  215  223  229  234  237  238  239  238  237
  235  232  232  229  231  225  226  222  220                                   
    60.0-180.0 180.0   5.0 450.0                            LAT/LON1/LON2/DLON/H
  229  220  206  183  167  151  138  130  126  122  116  111  102   93   85   79
   75   74   73   74   75   76   78   80   82   84   85   87   88   87   85   82
   78   74   72   72   73   75   77   78   78   76   74   72   72   74   81   92
  108  126  147  167  186  203  217  229  237  243  247  249  250  249  247  245
  242  237  236  232  234  228  228  223  229                                   
    57.5-180.0 180.0   5.0 450.0                            LAT/LON1/LON2/DLON/H
  239  232  218  193  177  158  141  131  125  117  111  104   96   88   81   77
   75   73   73   73   73   72   72   73   73   74   76   77   78   78   76   72
   67   63   60   59   60   62   64   66   66   65   64   63   64   69   78   92
  110  132  155  178  199  218  233  244  253  259  262  264  264  263  261  259
  255  250  248  243  244  236  234  227  239                                   
    55.0-180.0 180.0   5.0 450.0                            LAT/LON1/LON2/DLON/H
  253  245  232  204  187  165  145  130  119  109  101   94   87   82   78   76
   76   75   74   72   69   67   65   63   63   63   64   66   68   69   67   64
   60   56   53   52   53   56   58   60   60   60   59   59   62   68   79   96
  117  141  167  192  214  234  249  261  269  274  277  278  278  278  277  276
  273  268  266  259  260  249  245  235  253                                   
    52.5-180.0 180.0   5.0 450.0                            LAT/LON1/LON2/DLON/H
  272  263  249  221  203  178  153  132  116  101   90   83   78   76   76   77
   77   77   74   71   66   62   59   56   55   55   56   59   61   63   63   61
   58   55   53   53   55   58   60   61   61   60   60   61   65   73   87  106
  130  156  183  209  232  252  267  278  285  289  291  291  291  291  291  292
  291  288  286  279  279  265  259  248  272                                   
    50.0-180.0 180.0   5.0 450.0                            LAT/LON1/LON2/DLON/H
  293  283  268  243  225  197  168  141  118   99   84   76   72   71   74   77
   79   78   74   69   64   59   56   55   54   54   55   57   60   62   63   63
   61   60   59   61   64   67   68   69   68   66   66   67   73   84  101  122
  148  175  203  229  253  272  286  296  302  304  303  301  300  300  302  305
  306  306  306  299  298  282  274  264  293                                   
    47.5-180.0 180.0   5.0 450.0                            LAT/LON1/LON2/DLON/H
  311  301  287  266  249  221  189  158  129  104   86   75   69   70   73   77
   79   77   73   67   63   61   60   61   61   61   62   63   65   67   68   68
   67   67   69   72   76   79   80   80   78   76   75   78   85   99  118  142
  169  197  225  251  274  292  305  314  317  316  313  309  306  305  306  311
  315  318  319  313  312  296  288  279  311                                   
    45.0-180.0 180.0   5.0 450.0                            LAT/LON1/LON2/DLON/H
  322  311  301  286  271  245  214  181  149  119   96   81   73   72   75   78
   78   76   72   68   67   69   72   76   78   78   77   76   75   74   74   73
   73   75   78   83   88   92   93   91   89   87   87   91  100  115  137  163
  191  219  246  271  293  310  322  329  330  328  322  316  310  306  306  310
  316  321  323  320  319  304  296  290  322                                   
    42.5-180.0 180.0   5.0 450.0                            LAT/LON1/LON2/DLON/H
  321  310  303  294  283  262  234  204  171  139  113   94   84   79   79   80
   79   76   73   73   76   83   92   98  101  100   96   91   86   82   79   78
   78   80   86   92   98  102  103  102  100   99   99  104  115  132  155  182
  211  238  264  287  307  323  335  341  342  338  332  323  315  309  306  309
  313  319  323  321  320  306  298  293  321                                   
    40.0-180.0 180.0   5.0 450.0                            LAT/LON1/LON2/DLON/H
  311  297  292  285  278  263  242  219  190  160  133  112   99   91   88   86
   83   81   81   84   93  104  116  124  126  123  115  105   96   90   85   83
   83   85   91   98  105  109  111  110  109  109  111  116  128  146  170  198
  226  252  276  297  316  332  344  351  353  350  344  335  326  317  312  313
  315  320  323  323  322  308  300  291  311                                   
    37.5-180.0 180.0   5.0 450.0                            LAT/LON1/LON2/DLON/H
  297  278  270  260  256  245  233  218  198  173  149  129  115  105   99   95
   91   91   94  103  114  128  139  146  146  139  128  116  106   98   93   90
   89   91   96  102  109  113  115  116  117  118  120  127  139  158  183  209
  236  260  282  302  321  338  352  361  366  366  362  355  346  337  331  330
  330  332  335  334  333  320  308  293  297                                   
    35.0-180.0 180.0   5.0 450.0                            LAT/LON1/LON2/DLON/H
  290  264  249  229  225  216  209  202  191  174  155  140  128  118  111  106
  104  106  114  125  138  149  156  158  154  146  134  124  115  110  105  102
  100  100  102  107  111  115  118  120  122  124  128  136  148  167  191  217
  242  264  284  304  324  344  361  374  383  387  387  383  377  370  366  364
  362  363  364  361  361  349  333  308  290                                   
    32.5-180.0 180.0   5.0 450.0                            LAT/LON1/LON2/DLON/H
  301  268  242  210  198  186  179  177  172  163  152  142  134  127  121  117
  117  124  135  148  158  163  162  158  151  143  136  130  127  125  123  120
  116  113  112  113  115  117  120  122  126  129  134  142  155  175  199  224
  247  267  286  306  328  350  371  389  402  412  418  420  419  416  414  414
  413  412  413  408  410  400  378  345  301                                   
    30.0-180.0 180.0   5.0 450.0                            LAT/LON1/LON2/DLON/H
  340  302  263  216  192  170  158  153  150  145  139  136  132  129  126  125
  129  139  153  165  169  165  156  147  141  137  136  138  142  146  147  144
  139  133  127  123  121  121  122  125  128  132  138  146  161  181  205  230
  252  271  290  311  335  360  385  407  426  441  454  463  469  473  477  480
  481  481  482  476  481  471  442  405  340                                   
    27.5-180.0 180.0   5.0 450.0                            LAT/LON1/LON2/DLON/H
  414  374  320  258  218  182  157  144  136  129  126  125  125  125  125  128
  136  149  164  171  168  156  141  132  129  133  141  151  163  173  179  177
  170  159  148  139  131  127  126  127  129  133  139  149  165  187  212  237
  260  279  299  322  348  376  404  430  454  475  495  512  526  538  550  559
  565  569  571  564  572  563  525  486  414                                   
    25.0-180.0 180.0   5.0 450.0                            LAT/LON1/LON2/DLON/H
  521  485  416  342  286  235  191  161  141  127  120  118  118  119  121  126
  136  150  163  165  156  140  126  121  126  138  155  173  192  208  217  217
  206  190  173  157  144  135  130  128  129  131  137  149  168  193  221  248
  272  294  316  342  371  402  432  461  489  515  541  565  587  608  628  646
  659  667  671  666  675  668  624  585  521                                   
    22.5-180.0 180.0   5.0 450.0                            LAT/LON1/LON2/DLON/H
  647  621  545  467  396  332  266  214  176  149  132  123  119  118  119  123
  132  144  152  151  140  126  119  123  138  159  181  204  227  246  257  255
  241  219  195  173  155  142  134  129  126  128  134  149  171  201  232  263
  290  315  342  371  403  436  468  499  530  561  591  620  648  676  704  728
  748  762  769  769  774  772  734  694  647                                   
    20.0-180.0 180.0   5.0 450.0                            LAT/LON1/LON2/DLON/H
  772  760  687  618  534  462  376  303  244  200  170  150  137  130  126  126
  131  138  141  138  130  124  128  144  169  196  221  244  265  282  289  283
  264  238  210  185  163  147  136  128  123  123  130  147  175  209  245  280
  311  341  372  405  440  474  507  540  573  606  639  670  701  733  764  793
  816  833  845  850  850  853  833  797  772                                   
    17.5-180.0 180.0   5.0 450.0                            LAT/LON1/LON2/DLON/H
  871  872  813  762  675  602  504  415  339  280  236  203  179  161  150  143
  140  140  140  137  136  141  158  187  220  249  270  285  298  306  306  294
  271  243  214  188  167  150  137  127  119  118  125  146  178  217  257  296
  331  365  400  437  473  509  542  575  609  644  678  709  739  770  800  827
  850  868  883  894  892  897  897  872  871                                   
    15.0-180.0 180.0   5.0 450.0                            LAT/LON1/LON2/DLON/H
  926  938  900  868  789  721  623  529  446  378  323  279  243  215  194  178
  167  159  155  155  161  179  209  247  284  309  320  321  319  314  304  286
  261  233  207  185  166  151  139  127  117  114  122  145  180  223  267  308
  346  384  422  461  498  533  566  600  635  670  704  733  759  784  809  830
  849  864  880  894  893  898  911  902  926                                   
    12.5-180.0 180.0   5.0 450.0                            LAT/LON1/LON2/DLON/H
  932  951  934  918  856  799  709  621  541  475  418  369  325  288  257  232
  212  198  191  193  207  235  275  318  352  366  361  344  325  306  287  265
  240  216  196  179  165  154  142  130  118  113  121  145  182  227  272  314
  355  395  435  474  511  546  579  612  648  683  715  741  762  780  797  810
  822  832  847  861  861  867  884  888  932                                   
    10.0-180.0 180.0   5.0 450.0                            LAT/LON1/LON2/DLON/H
  899  918  915  910  867  824  749  673  606  551  503  457  412  370  334  303
  276  257  248  252  272  307  350  391  413  411  385  349  315  288  264  242
  220  201  187  177  168  160  149  136  122  115  121  145  183  228  273  315
  357  398  439  478  514  548  581  614  649  684  714  738  755  768  777  783
  788  793  804  816  817  822  835  846  899                                   
     7.5-180.0 180.0   5.0 450.0                            LAT/LON1/LON2/DLON/H
  847  860  860  857  830  799  740  682  633  596  562  528  489  450  414  382
  353  331  321  327  350  386  425  454  458  433  387  337  296  268  247  227
