data/edconvlstm_nd/pred0660.15i
     1.0            IONOSPHERE MAPS     GNSS                IONEX VERSION / TYPE
pyspatialgeodesy        IME             05-JAN-18 20:20     PGM / RUN BY / DATE 
Map Name                                                    COMMENT             
Predicted global ionosphere maps (GIM).                     DESCRIPTION         
  2015     3     7     0     0     0                        EPOCH OF FIRST MAP  
  2015     3     8     0     0     0                        EPOCH OF LAST MAP   
  7200                                                      INTERVAL            
    13                                                      # OF MAPS IN FILE   
  NONE                                                      MAPPING FUNCTION    
10.0                                                        ELEVATION CUTOFF    
One-way carrier phase leveled to code                       OBSERVABLES USED    
  6371.0                                                    BASE RADIUS         
 2                                                          MAP DIMENSION       
   450.0 450.0   0.0                                        HGT1 / HGT2 / DHGT  
    87.5 -87.5  -2.5                                        LAT1 / LAT2 / DLAT  
  -180.0 180.0   5.0                                        LON1 / LON2 / DLON  
    -1                                                      EXPONENT            
                                                            END OF HEADER       
[from data line 3861]
    10                                                      START OF TEC MAP    
  2015     3     7    18     0     0                        EPOCH OF CURRENT MAP
    87.5-180.0 180.0   5.0 450.0                            LAT/LON1/LON2/DLON/H
  163  164  157  167  171  173  173  174  175  178  178  180  182  183  184  186
  186  187  188  188  187  187  186  185  183  182  180  178  175  173  171  168
  166  163  161  159  157  155  153  151  150  149  148  147  146  145  145  145
  145  145  145  146  146  147  147  148  149  150  151  151  152  153  154  155
  155  157  157  156  165  163  167  164  163                                   
    85.0-180.0 180.0   5.0 450.0                            LAT/LON1/LON2/DLON/H
  158  162  172  167  169  175  177  181  182  185  186  189  191  193  195  197
  198  199  200  200  200  200  199  197  195  193  190  187  184  181  177  174
  171  167  164  161  158  156  153  151  149  148  147  146  145  145  145  145
  145  145  146  147  147  148  149  151  152  153  154  155  157  158  159  160
  162  163  162  160  162  158  158  160  158                                   
    82.5-180.0 180.0   5.0 450.0                            LAT/LON1/LON2/DLON/H
  134  145  149  148  153  160  166  170  172  176  180  184  187  191  195  198
  202  204  206  207  208  208  207  205  203  199  196  191  186  181  176  171
  165  160  155  150  146  142  138  135  132  130  128  126  125  124  124  124
  125  125  126  127  128  130  131  132  134  135  137  138  140  141  142  143
  144  145  144  146  145  152  142  139  134                                   
    80.0-180.0 180.0   5.0 450.0                            LAT/LON1/LON2/DLON/H
  113  122  130  130  135  139  146  153  159  164  169  175  181  186  192  197
  201  205  208  210  211  210  209  207  203  199  194  188  182  175  169  162
  155  148  141  135  130  124  120  116  113  110  108  107  107  107  107  108
  109  111  113  114  116  118  120  122  123  125  127  128  129  130  131  132
  133  133  132  132  126  125  119  122  113                                   
    77.5-180.0 180.0   5.0 450.0                            LAT/LON1/LON2/DLON/H
  104  105  111  111  116  122  128  135  141  148  155  162  170  178  185  192
  198  203  208  211  213  214  213  211  208  203  198  191  184  177  169  161
  153  145  138  131  124  118  112  107  103  100   98   96   95   96   96   98
  100  102  104  106  108  110  111  113  114  115  116  117  118  119  119  119
  118  118  117  117  114  109  107  113  104                                   
    75.0-180.0 180.0   5.0 450.0                            LAT/LON1/LON2/DLON/H
   91   96   99   99  105  111  116  123  131  139  147  156  165  173  181  190
  197  204  210  215  218  220  220  218  215  210  205  198  190  183  175  166
  158  150  142  134  127  120  114  108  103   99   97   95   94   95   96   98
  100  103  105  108  109  111  112  112  113  114  114  115  115  115  115  114
  113  111  110  107  104  100  100   94   91                                   
    72.5-180.0 180.0   5.0 450.0                            LAT/LON1/LON2/DLON/H
   86   91   94   97  100  107  113  120  127  137  146  156  165  175  184  193
  201  210  217  224  229  232  233  232  228  223  217  210  202  194  186  178
  170  162  154  146  138  130  123  116  110  105  102   99   98   98   99  101
  104  106  109  110  111  112  112  112  111  111  111  111  111  110  109  108
  105  104  102   99   97   95   97   97   86                                   
    70.0-180.0 180.0   5.0 450.0                            LAT/LON1/LON2/DLON/H
   85   92   95   98  101  109  114  122  131  142  151  162  172  181  190  199
  208  217  226  234  241  245  247  246  243  238  231  224  216  208  200  192
  185  177  169  160  151  143  134  127  120  114  109  105  103  103  103  105
  107  110  111  112  112  112  110  109  108  108  107  107  107  106  104  103
   99   97   96   93   93   93   97   97   85                                   
    67.5-180.0 180.0   5.0 450.0                            LAT/LON1/LON2/DLON/H
   87   95  100  105  110  118  125  134  143  155  166  178  188  198  206  215
  224  234  243  252  260  266  269  268  264  258  250  242  233  225  218  211
  203  195  187  177  168  158  149  140  132  125  119  114  110  109  108  109
  110  111  112  112  111  110  108  106  104  103  103  103  103  101  100   98
   94   92   90   86   87   89   93   96   87                                   
    65.0-180.0 180.0   5.0 450.0                            LAT/LON1/LON2/DLON/H
   84   93   98  106  112  122  130  140  151  165  177  190  201  211  220  229
  238  248  258  268  277  284  287  286  281  274  266  257  248  241  234  227
  219  211  201  191  180  169  159  149  140  132  124  117  111  107  105  103
  103  103  103  102  100   98   96   94   92   92   92   92   92   90   89   86
   82   79   78   76   78   81   86   93   84                                   
    62.5-180.0 180.0   5.0 450.0                            LAT/LON1/LON2/DLON/H
   77   87   93  103  111  122  132  144  157  172  186  201  214  225  234  244
  253  263  274  285  295  301  304  302  297  288  279  270  262  255  249  242
  234  225  213  201  188  176  165  155  145  136  126  118  110  103   97   94
   91   90   89   88   87   85   83   81   80   80   81   81   81   79   77   73
   69   66   65   63   65   68   73   82   77                                   
    60.0-180.0 180.0   5.0 450.0                            LAT/LON1/LON2/DLON/H
   68   77   84   96  105  117  128  141  156  172  189  205  220  233  244  255
  266  277  288  300  309  315  317  314  307  298  288  280  274  269  264  257
  249  238  224  210  195  182  170  159  149  139  128  118  107   98   89   83
   79   77   76   76   75   74   73   72   71   72   72   73   73   71   67   63
   58   54   53   51   53   56   60   71   68                                   
    57.5-180.0 180.0   5.0 450.0                            LAT/LON1/LON2/DLON/H
   60   68   76   88   99  111  123  136  151  168  186  204  221  236  250  263
  276  288  301  312  320  325  325  321  314  305  296  290  286  283  280  274
  265  252  236  219  202  188  175  164  154  143  132  120  108   96   86   78
   72   70   69   69   69   70   70   69   70   70   71   71   70   68   64   59
   53   49   48   45   47   48   50   62   60                                   
    55.0-180.0 180.0   5.0 450.0                            LAT/LON1/LON2/DLON/H
   58   65   73   86   98  110  122  133  148  164  183  202  220  237  253  269
  284  299  312  323  330  333  332  327  319  311  305  301  299  299  297  291
  281  266  248  229  211  195  182  171  161  151  139  127  113  100   88   80
   74   71   71   72   74   75   76   76   77   77   77   77   76   72   68   63
   57   53   52   49   50   49   49   60   58                                   
    52.5-180.0 180.0   5.0 450.0                            LAT/LON1/LON2/DLON/H
   64   70   79   92  106  118  129  139  151  166  183  202  220  238  256  275
  292  309  323  333  339  341  338  333  327  320  316  315  315  316  315  309
  297  281  261  240  221  205  191  180  170  159  148  136  123  110   99   90
   85   83   83   85   88   90   92   92   92   91   91   89   87   84   79   74
   69   66   65   64   63   61   58   65   64                                   
    50.0-180.0 180.0   5.0 450.0                            LAT/LON1/LON2/DLON/H
   78   84   94  108  124  138  149  157  167  179  194  210  227  244  263  283
  302  320  334  344  349  350  348  344  339  334  332  332  333  334  332  325
  311  293  272  251  232  216  201  189  178  168  157  146  135  124  115  108
  104  103  104  106  109  111  113  113  111  109  107  105  102   98   94   90
   86   85   85   85   84   80   75   79   78                                   
    47.5-180.0 180.0   5.0 450.0                            LAT/LON1/LON2/DLON/H
   98  103  115  132  152  168  179  187  196  206  218  230  243  258  275  295
  315  334  348  358  362  363  361  359  356  353  352  351  351  349  344  334
  319  300  280  260  242  225  210  197  185  174  164  155  147  139  133  129
  126  126  127  128  131  132  133  131  129  125  121  118  115  112  109  106
  103  104  106  108  108  103   97   99   98                                   
    45.0-180.0 180.0   5.0 450.0                            LAT/LON1/LON2/DLON/H
  119  125  138  159  183  203  217  226  236  246  254  263  271  281  295  312
  332  350  364  373  377  378  379  378  377  375  373  369  365  358  348  335
  319  301  283  266  249  234  218  202  188  176  167  160  155  151  149  147
  146  145  145  145  145  145  143  141  137  133  129  125  123  121  120  119
  117  120  122  126  127  122  117  120  119                                   
    42.5-180.0 180.0   5.0 450.0                            LAT/LON1/LON2/DLON/H
  135  142  158  184  213  236  255  267  280  291  300  305  308  313  321  335
  351  368  381  389  393  396  398  399  399  397  391  382  371  358  344  329
  313  297  283  270  257  241  224  206  190  177  168  162  159  158  158  158
  158  156  153  150  147  144  142  139  135  131  127  125  125  125  126  126
  125  127  130  134  135  132  128  134  135                                   
    40.0-180.0 180.0   5.0 450.0                            LAT/LON1/LON2/DLON/H
  142  150  169  200  234  261  285  303  320  336  346  351  351  350  353  361
  374  388  399  407  411  414  417  419  419  414  403  389  371  354  337  323
  310  299  290  280  269  253  234  214  196  181  172  166  163  162  163  163
  161  157  151  144  138  134  131  128  126  123  121  120  122  124  126  127
  126  127  128  130  130  129  126  135  142                                   
    37.5-180.0 180.0   5.0 450.0                            LAT/LON1/LON2/DLON/H
  138  147  170  205  244  274  304  328  352  373  387  394  393  388  386  390
  399  409  419  425  429  432  434  435  433  424  410  391  370  352  338  328
  321  316  311  304  292  274  253  230  210  194  183  175  170  167  166  164
  160  153  144  134  126  121  119  117  116  115  115  116  119  123  126  127
  124  121  119  117  115  113  111  123  138                                   
    35.0-180.0 180.0   5.0 450.0                            LAT/LON1/LON2/DLON/H
  127  137  163  201  242  275  311  341  371  398  418  428  428  423  419  419
  424  432  438  443  446  447  448  446  441  431  415  395  377  363  356  354
  356  356  354  346  331  310  284  259  237  220  207  196  187  179  173  168
  162  152  140  129  120  116  114  114  115  116  118  120  124  128  131  131
  125  119  111  103   98   94   91  105  127                                   
    32.5-180.0 180.0   5.0 450.0                            LAT/LON1/LON2/DLON/H
  116  126  152  191  234  268  309  343  378  411  436  451  455  452  448  447
  449  454  458  461  462  460  458  453  447  437  423  408  397  393  398  408
  419  425  423  410  389  361  330  302  280  262  247  231  216  202  191  182
  173  162  149  137  129  126  126  127  130  132  135  138  141  144  147  144
  135  125  110   96   87   80   74   88  116                                   
    30.0-180.0 180.0   5.0 450.0                            LAT/LON1/LON2/DLON/H
  111  120  145  182  224  259  303  339  378  414  444  464  473  474  472  471
  472  474  477  478  476  471  465  459  453  446  439  434  435  446  467  492
  513  522  517  496  464  427  390  359  336  318  300  280  258  238  222  210
  199  188  177  167  161  159  160  162  164  167  169  170  172  173  173  169
  157  143  122  103   89   77   66   78  111                                   
    27.5-180.0 180.0   5.0 450.0                            LAT/LON1/LON2/DLON/H
  116  123  143  180  219  253  298  335  376  414  446  470  484  490  492  493
  493  494  494  493  488  481  472  466  462  462  465  474  492  522  562  603
  633  642  628  594  548  499  455  421  397  379  360  336  309  284  264  252
  243  235  227  220  216  216  217  218  218  217  216  214  212  210  207  201
  188  173  147  124  105   87   69   77  116                                   
    25.0-180.0 180.0   5.0 450.0                            LAT/LON1/LON2/DLON/H
  131  136  151  185  222  254  298  335  375  413  447  473  492  504  510  513
  513  513  511  508  501  491  482  476  477  486  503  528  566  617  676  729
  761  763  736  686  625  564  512  474  449  431  412  387  358  332  313  304
  299  297  294  292  292  292  291  288  283  277  271  264  256  248  241  232
  219  205  179  155  132  108   85   88  131                                   
    22.5-180.0 180.0   5.0 450.0                            LAT/LON1/LON2/DLON/H
  155  157  167  199  233  263  304  339  378  415  449  478  501  518  529  534
  535  534  531  525  517  505  495  491  499  519  551  595  651  718  787  842
  869  860  819  754  680  608  548  505  478  459  441  418  393  370  358  355
  359  364  368  371  373  373  368  359  347  335  323  310  296  282  269  257
  243  231  208  187  161  132  108  109  155                                   
    20.0-180.0 180.0   5.0 450.0                            LAT/LON1/LON2/DLON/H
  181  182  189  219  249  277  315  348  385  422  456  488  515  537  553  561
  562  560  555  548  537  524  514  513  529  562  609  667  733  804  870  918
  933  913  861  787  704  624  557  508  477  457  440  421  402  390  387  395
  409  423  433  440  442  439  429  413  395  377  360  343  325  305  287  271
  258  248  228  211  185  155  131  135  181                                   
    17.5-180.0 180.0   5.0 450.0                            LAT/LON1/LON2/DLON/H
  202  204  211  239  267  293  329  360  397  433  469  503  534  561  581  593
  596  593  587  579  566  551  541  545  569  613  670  733  798  859  910  942
  946  918  861  784  699  616  543  488  450  426  410  397  388  388  399  420
  444  464  479  486  486  478  462  440  417  394  374  354  333  311  290  272
  259  251  234  222  199  171  149  156  202                                   
    15.0-180.0 180.0   5.0 450.0                            LAT/LON1/LON2/DLON/H
  213  216  227  255  282  309  344  375  412  449  486  523  558  589  614  629
  635  634  628  618  603  587  579  587  618  668  727  785  835  874  903  919
  914  884  829  756  675  593  517  456  412  383  367  359  361  374  399  430
  461  485  499  504  499  486  465  439  412  387  365  344  322  299  277  258
  245  239  226  217  200  177  155  167  213                                   
    12.5-180.0 180.0   5.0 450.0                            LAT/LON1/LON2/DLON/H
  211  217  235  265  294  323  358  391  430  469  508  547  585  620  648  668
  677  678  674  663  648  632  625  637  670  720  774  816  842  856  865  868
  858  830  781  717  644  568  493  428  378  345  328  325  336  360  394  432
  464  487  497  496  487  469  445  417  389  365  343  322  301  278  256  236
  223  218  208  201  189  173  152  166  211                                   
    10.0-180.0 180.0   5.0 450.0                            LAT/LON1/LON2/DLON/H
  201  209  235  269  302  334  372  407  448  490  531  572  611  649  681  704
  718  723  720  711  696  681  676  689  722  767  807  828  830  824  818  812
  800  775  734  682  621  554  484  417  364  328  310  310  325  355  394  431
  460  477  481  474  459  438  413  387  361  337  317  297  278  256  235  216
  202  196  188  181  173  162  143  159  201                                   
     7.5-180.0 180.0   5.0 450.0                            LAT/LON1/LON2/DLON/H
  188  200  230  269  307  343  385  423  467  511  553  595  635  674  708  734
  752  761  762  756  744  732  728  740  769  803  825  828  814  795  779  769
