data/edconvlstm_nd/pred2890.15i
     1.0            IONOSPHERE MAPS     GNSS                IONEX VERSION / TYPE
pyspatialgeodesy        IME             05-JAN-18 20:20     PGM / RUN BY / DATE 
Map Name                                                    COMMENT             
Predicted global ionosphere maps (GIM).                     DESCRIPTION         
  2015    10    16     0     0     0                        EPOCH OF FIRST MAP  
  2015    10    17     0     0     0                        EPOCH OF LAST MAP   
  7200                                                      INTERVAL            
    13                                                      # OF MAPS IN FILE   
  NONE                                                      MAPPING FUNCTION    
10.0                                                        ELEVATION CUTOFF    
One-way carrier phase leveled to code                       OBSERVABLES USED    
  6371.0                                                    BASE RADIUS         
 2                                                          MAP DIMENSION       
   450.0 450.0   0.0                                        HGT1 / HGT2 / DHGT  
    87.5 -87.5  -2.5                                        LAT1 / LAT2 / DLAT  
  -180.0 180.0   5.0                                        LON1 / LON2 / DLON  
    -1                                                      EXPONENT            
                                                            END OF HEADER       
[from data line 1287]
     4                                                      START OF TEC MAP    
  2015    10    16     6     0     0                        EPOCH OF CURRENT MAP
    87.5-180.0 180.0   5.0 450.0                            LAT/LON1/LON2/DLON/H
   40   47   43   47   48   49   49   47   48   51   52   54   56   57   58   59
   60   60   60   60   60   59   59   58   58   57   57   56   56   55   55   54
   54   53   53   52   52   51   51   50   49   49   48   48   47   47   46   46
   45   45   44   43   43   42   41   41   40   39   39   38   37   37   36   36
   37   37   35   35   41   51   61   56   40                                   
    85.0-180.0 180.0   5.0 450.0                            LAT/LON1/LON2/DLON/H
   27   49   46   46   50   53   54   55   57   59   61   63   64   66   67   68
   69   69   69   69   69   68   68   67   67   66   66   66   65   65   65   65
   64   64   64   64   63   63   63   62   62   61   61   60   59   59   58   58
   57   56   56   55   54   53   52   52   51   50   49   48   47   46   45   45
   45   45   41   43   47   49   61   53   27                                   
    82.5-180.0 180.0   5.0 450.0                            LAT/LON1/LON2/DLON/H
   26   34   46   44   46   49   50   52   55   58   60   63   65   66   68   69
   69   69   69   68   67   66   65   64   63   62   62   61   61   61   61   61
   62   62   62   63   63   64   64   64   64   64   64   64   63   63   63   63
   62   62   62   61   60   59   58   57   56   54   53   51   49   48   46   45
   44   43   40   39   49   42   44   42   26                                   
    80.0-180.0 180.0   5.0 450.0                            LAT/LON1/LON2/DLON/H
   34   34   42   38   43   43   46   48   51   54   56   60   62   64   65   66
   66   66   65   64   62   61   59   58   56   55   54   54   54   54   55   56
   57   58   60   61   63   64   65   66   67   67   68   68   69   70   70   71
   71   72   72   72   72   71   70   69   67   65   63   61   58   55   53   50
   48   45   44   42   49   43   43   41   34                                   
    77.5-180.0 180.0   5.0 450.0                            LAT/LON1/LON2/DLON/H
   44   38   38   34   35   37   39   42   45   48   50   54   57   59   60   61
   61   60   59   57   55   52   50   47   45   44   42   42   42   42   44   45
   48   50   52   55   57   59   61   62   64   66   67   69   71   73   75   77
   80   82   84   85   86   86   86   85   84   82   79   76   73   69   65   62
   58   55   50   49   47   35   36   37   44                                   
    75.0-180.0 180.0   5.0 450.0                            LAT/LON1/LON2/DLON/H
   43   39   36   33   31   34   36   37   39   42   44   47   49   51   53   53
   53   52   51   48   46   43   41   38   36   34   33   32   32   33   35   37
   40   42   45   48   50   53   55   57   60   62   65   68   71   75   79   83
   87   91   95   98  101  102  103  103  102  100   97   94   90   86   81   77
   72   68   64   57   55   43   41   40   43                                   
    72.5-180.0 180.0   5.0 450.0                            LAT/LON1/LON2/DLON/H
   51   43   40   34   33   35   37   38   39   41   42   45   47   49   50   51
   50   49   48   46   43   40   37   34   32   30   28   28   28   29   31   33
   36   39   42   45   48   50   53   56   59   63   67   71   77   82   88   94
  100  106  111  116  120  123  125  125  124  122  118  114  110  105  101   96
   92   87   84   78   72   58   54   53   51                                   
    70.0-180.0 180.0   5.0 450.0                            LAT/LON1/LON2/DLON/H
   61   50   47   40   37   37   38   38   39   40   41   43   44   45   46   47
   47   46   45   43   41   39   36   33   31   30   29   28   29   30   31   34
   36   38   41   43   46   48   51   54   58   62   68   74   80   88   95  103
  110  118  124  130  135  139  141  141  140  137  133  128  123  118  113  110
  105  101   99   93   86   74   71   67   61                                   
    67.5-180.0 180.0   5.0 450.0                            LAT/LON1/LON2/DLON/H
   64   53   49   42   38   37   38   37   38   38   38   40   40   41   42   42
   42   42   42   41   40   38   37   35   33   32   31   31   31   31   32   34
   35   36   38   40   41   43   46   50   54   59   66   73   81   89   97  106
  114  123  130  137  142  146  148  148  146  143  138  133  127  122  117  114
  110  106  106  100   94   84   78   75   64                                   
    65.0-180.0 180.0   5.0 450.0                            LAT/LON1/LON2/DLON/H
   67   56   51   43   39   37   38   38   38   39   38   39   39   39   39   40
   40   41   41   42   41   41   40   39   38   37   37   37   36   36   36   36
   36   36   37   38   39   41   44   48   53   59   67   75   83   92  101  110
  119  128  136  143  148  152  154  154  151  147  142  136  130  124  119  116
  113  109  108  103   99   90   85   82   67                                   
    62.5-180.0 180.0   5.0 450.0                            LAT/LON1/LON2/DLON/H
   67   56   51   43   39   38   38   39   40   40   39   40   39   38   38   38
   39   40   41   42   43   43   43   43   43   43   43   42   42   41   39   38
   37   36   36   37   39   41   45   49   55   62   70   78   87   96  105  114
  123  132  140  147  153  158  159  159  156  151  145  139  133  127  122  118
  114  110  110  105  101   92   87   84   67                                   
    60.0-180.0 180.0   5.0 450.0                            LAT/LON1/LON2/DLON/H
   68   56   50   41   38   36   37   38   39   40   39   40   38   37   37   37
   37   38   39   40   41   42   42   43   44   44   44   44   43   41   39   36
   34   33   33   35   37   41   45   51   58   65   73   81   90   98  107  116
  125  134  143  151  158  162  164  163  160  155  149  143  138  132  127  122
  117  112  111  105  101   92   86   82   68                                   
    57.5-180.0 180.0   5.0 450.0                            LAT/LON1/LON2/DLON/H
   71   58   51   42   38   36   37   38   39   40   39   40   38   37   36   36
   36   36   37   38   38   39   40   41   41   42   43   42   41   39   36   33
   31   30   31   34   38   43   49   55   63   70   78   86   94  102  110  119
  129  139  149  159  166  171  173  172  169  164  160  155  150  145  139  134
  127  119  117  110  106   95   87   83   71                                   
    55.0-180.0 180.0   5.0 450.0                            LAT/LON1/LON2/DLON/H
   78   64   56   46   41   38   38   38   39   39   39   39   38   37   36   35
   34   34   34   35   35   35   35   36   37   38   39   38   37   34   31   29
   28   28   30   34   39   46   54   62   70   77   85   92   99  107  115  125
  135  147  159  170  178  184  185  184  181  178  174  171  167  163  157  150
  142  132  127  119  113  101   94   88   78                                   
    52.5-180.0 180.0   5.0 450.0                            LAT/LON1/LON2/DLON/H
   91   76   67   56   49   45   44   42   41   40   39   39   38   37   36   35
   34   34   33   32   31   31   31   32   33   34   34   34   33   31   28   26
   26   27   30   36   43   51   60   69   78   86   93  100  106  114  123  133
  146  160  173  185  194  199  201  199  196  193  190  188  186  183  178  171
  160  149  142  132  125  112  105   98   91                                   
    50.0-180.0 180.0   5.0 450.0                            LAT/LON1/LON2/DLON/H
  108   94   84   74   64   58   54   49   45   43   41   41   40   39   38   37
   36   34   33   31   30   29   29   30   31   32   33   33   32   30   28   26
   27   29   33   40   48   58   68   78   88   96  104  110  116  124  133  146
  160  176  190  203  212  216  216  214  209  206  203  203  202  200  196  189
  178  166  158  147  139  126  120  113  108                                   
    47.5-180.0 180.0   5.0 450.0                            LAT/LON1/LON2/DLON/H
  126  115  105   96   85   77   70   61   54   48   45   44   43   42   41   40
   38   37   35   33   32   31   31   32   33   34   35   35   34   32   31   30
   31   33   39   46   55   66   77   88   99  108  116  122  129  137  147  161
  177  194  209  221  229  231  230  225  219  214  212  211  211  210  207  200
  190  178  170  159  152  140  136  129  126                                   
    45.0-180.0 180.0   5.0 450.0                            LAT/LON1/LON2/DLON/H
  140  132  125  118  107   99   89   76   66   57   51   49   48   47   46   45
   43   41   39   37   37   37   38   39   40   41   42   41   40   38   37   36
   37   40   46   54   63   75   86   98  110  120  129  137  144  153  164  178
  194  211  226  237  243  243  239  232  225  218  214  213  213  212  209  203
  194  184  176  166  161  150  147  141  140                                   
    42.5-180.0 180.0   5.0 450.0                            LAT/LON1/LON2/DLON/H
  146  142  136  133  125  117  106   92   79   68   61   58   56   56   54   52
   49   47   45   45   45   47   48   50   51   52   51   50   48   46   44   44
   45   48   54   62   71   83   95  109  122  134  144  153  161  170  181  195
  211  227  240  249  253  252  246  238  229  221  216  213  211  209  205  200
  192  183  177  169  164  154  151  146  146                                   
    40.0-180.0 180.0   5.0 450.0                            LAT/LON1/LON2/DLON/H
  142  139  135  135  131  125  115  102   89   78   71   68   67   66   64   61
   58   55   54   54   56   59   61   63   63   63   61   58   56   54   52   52
   53   56   61   69   79   91  104  119  134  148  160  170  178  187  197  210
  225  239  251  258  261  259  254  246  237  229  223  218  214  209  203  197
  189  182  177  169  163  151  146  141  142                                   
    37.5-180.0 180.0   5.0 450.0                            LAT/LON1/LON2/DLON/H
  131  124  121  122  122  119  113  104   93   84   79   77   77   77   75   72
   68   65   64   65   68   71   73   74   73   71   68   65   62   60   59   58
   60   62   68   75   85   98  113  129  146  163  176  187  194  202  211  222
  236  249  260  267  271  271  267  262  256  249  242  235  228  220  211  202
  194  186  181  172  164  145  138  131  131                                   
    35.0-180.0 180.0   5.0 450.0                            LAT/LON1/LON2/DLON/H
  117  102   99   99  101  101  100   95   90   84   82   84   86   87   86   83
   79   76   75   76   79   81   82   81   79   75   72   68   66   64   63   63
   64   67   72   80   91  105  121  139  158  176  191  201  209  215  223  233
  246  259  271  280  287  290  292  292  289  285  279  271  261  249  236  224
  213  204  197  184  171  143  132  123  117                                   
    32.5-180.0 180.0   5.0 450.0                            LAT/LON1/LON2/DLON/H
  107   81   74   73   75   77   79   80   79   78   81   86   90   94   95   93
   90   87   86   86   87   88   86   84   80   76   72   69   68   67   67   67
   68   70   76   85   97  112  130  149  170  188  203  214  221  226  233  244
  257  272  287  300  312  321  329  334  337  336  331  323  312  297  281  265
  251  238  227  209  190  150  135  124  107                                   
    30.0-180.0 180.0   5.0 450.0                            LAT/LON1/LON2/DLON/H
  108   69   56   51   51   53   58   62   65   69   74   82   90   96  100  100
   98   97   95   94   93   91   87   83   79   75   72   70   70   70   70   70
   70   73   79   89  102  119  138  159  180  199  214  224  231  237  244  256
  272  290  310  328  346  362  376  387  395  397  395  388  376  360  342  323
  304  287  272  247  223  171  151  138  108                                   
    27.5-180.0 180.0   5.0 450.0                            LAT/LON1/LON2/DLON/H
  126   75   54   42   38   38   42   47   52   58   66   76   86   94  100  103
  104  104  102  100   96   92   87   82   78   75   74   74   74   74   74   73
   73   75   81   92  107  125  145  167  188  207  222  232  240  247  257  272
  291  315  340  364  387  409  429  445  457  463  463  458  448  432  413  391
  368  346  325  294  267  206  182  168  126                                   
    25.0-180.0 180.0   5.0 450.0                            LAT/LON1/LON2/DLON/H
  163  104   74   54   42   37   38   41   45   51   59   68   78   88   96  102
  106  107  105  102   97   92   87   83   81   80   80   80   81   80   79   77
   76   77   83   95  111  130  151  173  194  212  228  240  249  260  273  292
  316  345  375  405  433  459  482  502  517  526  528  525  517  504  484  461
  434  408  381  345  316  252  224  213  163                                   
    22.5-180.0 180.0   5.0 450.0                            LAT/LON1/LON2/DLON/H
  216  154  120   92   70   57   50   48   48   51   56   64   72   81   90   98
  104  106  105  101   96   92   90   89   90   90   91   91   91   90   87   84
   80   80   86   97  114  133  155  176  197  216  233  247  260  275  293  317
  347  380  414  448  479  506  530  551  567  576  580  579  574  564  546  523
  494  464  433  396  364  303  273  269  216                                   
    20.0-180.0 180.0   5.0 450.0                            LAT/LON1/LON2/DLON/H
  275  220  185  154  122  100   83   72   65   63   63   65   70   77   85   93
   99  102  101   98   95   94   96   99  103  106  106  106  104  101   97   91
   85   83   87   98  114  134  156  178  199  219  238  256  274  294  317  346
  379  415  452  486  517  543  565  583  597  606  610  611  609  602  588  566
  538  507  475  439  408  356  327  329  275                                   
    17.5-180.0 180.0   5.0 450.0                            LAT/LON1/LON2/DLON/H
  332  291  260  232  194  164  137  116   99   88   81   77   77   79   84   91
   96   98   97   95   95   98  104  113  120  124  125  122  118  113  106   97
   89   85   87   96  112  132  154  177  199  221  243  266  289  314  343  375
  410  447  483  515  542  563  579  593  603  611  615  617  617  615  606  587
  561  533  504  472  443  404  380  383  332                                   
    15.0-180.0 180.0   5.0 450.0                            LAT/LON1/LON2/DLON/H
  382  358  335  312  276  241  205  174  147  127  112  101   94   90   91   94
   96   97   95   94   96  103  114  128  139  145  144  138  131  122  112  100
   90   84   85   93  109  129  151  175  199  224  250  276  304  334  366  400
  435  470  503  531  552  566  576  583  590  594  597  600  604  606  602  588
  566  542  517  492  468  441  422  424  382                                   
    12.5-180.0 180.0   5.0 450.0                            LAT/LON1/LON2/DLON/H
  423  413  400  382  351  318  277  240  204  176  154  137  123  113  108  105
  104  101   98   96  100  110  125  144  158  164  160  151  139  126  113  100
   89   82   82   90  105  125  148  172  198  226  255  286  318  351  384  418
  451  482  511  533  548  555  559  561  563  565  568  572  578  585  585  576
  558  538  519  500  483  465  451  448  423                                   
    10.0-180.0 180.0   5.0 450.0                            LAT/LON1/LON2/DLON/H
  453  453  445  431  410  380  340  301  261  228  202  181  162  146  135  127
  120  112  106  103  107  119  138  159  174  178  171  157  140  125  111   98
   86   80   80   88  102  122  144  170  197  227  260  293  327  361  395  427
  457  485  508  525  534  537  537  536  536  536  539  544  554  564  568  562
  548  531  516  502  490  479  466  459  453                                   
     7.5-180.0 180.0   5.0 450.0                            LAT/LON1/LON2/DLON/H
  473  477  471  457  444  420  384  346  308  276  250  228  207  188  171  157
  145  132  122  116  118  130  150  170  184  185  173  156  137  120  106   94
