data/edconvlstm_nd/pred3600.15i
     1.0            IONOSPHERE MAPS     GNSS                IONEX VERSION / TYPE
pyspatialgeodesy        IME             05-JAN-18 20:20     PGM / RUN BY / DATE 
Map Name                                                    COMMENT             
Predicted global ionosphere maps (GIM).                     DESCRIPTION         
  2015    12    26     0     0     0                        EPOCH OF FIRST MAP  
  2015    12    27     0     0     0                        EPOCH OF LAST MAP   
  7200                                                      INTERVAL            
    13                                                      # OF MAPS IN FILE   
  NONE                                                      MAPPING FUNCTION    
10.0                                                        ELEVATION CUTOFF    
One-way carrier phase leveled to code                       OBSERVABLES USED    
  6371.0                                                    BASE RADIUS         
 2                                                          MAP DIMENSION       
   450.0 450.0   0.0                                        HGT1 / HGT2 / DHGT  
    87.5 -87.5  -2.5                                        LAT1 / LAT2 / DLAT  
  -180.0 180.0   5.0                                        LON1 / LON2 / DLON  
    -1                                                      EXPONENT            
                                                            END OF HEADER       
[from data line 4290]
    11                                                      START OF TEC MAP    
  2015    12    26    20     0     0                        EPOCH OF CURRENT MAP
    87.5-180.0 180.0   5.0 450.0                            LAT/LON1/LON2/DLON/H
   73   72   67   68   73   68   67   63   63   65   63   63   63   63   62   62
   61   61   60   59   58   58   57   56   55   55   54   54   53   53   53   52
   52   52   52   52   53   53   53   53   54   54   55   55   56   57   58   58
   59   60   61   61   62   63   63   63   64   64   64   64   64   64   63   63
   63   62   58   56   60   62   81   87   73                                   
    85.0-180.0 180.0   5.0 450.0                            LAT/LON1/LON2/DLON/H
   79   78   87   67   67   69   67   68   67   69   68   68   67   67   67   66
   66   65   64   63   62   61   60   59   58   58   57   56   55   55   54   54
   54   54   54   54   54   54   54   54   55   55   56   56   57   58   59   60
   61   62   63   64   65   66   67   67   68   68   68   68   68   68   68   68
   68   66   62   59   63   66   73   67   79                                   
    82.5-180.0 180.0   5.0 450.0                            LAT/LON1/LON2/DLON/H
   61   65   67   58   62   64   65   64   65   66   66   67   67   67   66   66
   65   64   63   61   60   58   56   55   54   52   51   50   50   49   49   49
   49   49   49   49   49   49   49   49   49   49   50   50   51   52   53   55
   56   58   59   61   62   63   64   65   65   66   66   65   65   64   63   62
   62   60   56   54   61   72   68   66   61                                   
    80.0-180.0 180.0   5.0 450.0                            LAT/LON1/LON2/DLON/H
   43   50   58   52   56   56   61   62   65   67   68   70   71   71   71   70
   69   67   65   63   61   58   55   53   51   49   47   46   45   45   45   45
   45   45   45   45   45   45   44   44   44   44   44   44   45   46   47   49
   51   54   56   58   60   61   63   63   64   64   63   63   61   60   59   57
   56   55   52   52   52   59   54   61   43                                   
    77.5-180.0 180.0   5.0 450.0                            LAT/LON1/LON2/DLON/H
   49   49   50   46   53   55   60   63   66   69   71   74   76   77   78   78
   77   75   72   69   66   63   59   56   53   51   49   47   47   47   47   47
   48   48   48   48   48   47   45   44   42   41   40   40   40   41   43   45
   48   51   54   57   59   61   63   64   64   64   62   61   59   57   54   52
   50   48   46   45   44   47   47   54   49                                   
    75.0-180.0 180.0   5.0 450.0                            LAT/LON1/LON2/DLON/H
   37   40   42   41   49   53   58   62   68   73   76   81   84   86   87   87
   86   85   82   78   74   69   65   61   57   54   51   50   49   49   49   50
   51   51   52   52   51   50   48   45   43   41   39   38   38   39   41   43
   47   50   53   56   59   61   63   63   63   63   61   59   57   54   52   49
   47   47   44   42   41   40   37   36   37                                   
    72.5-180.0 180.0   5.0 450.0                            LAT/LON1/LON2/DLON/H
   41   40   41   45   49   53   60   64   69   74   79   84   88   91   93   94
   93   92   89   84   79   74   68   62   57   53   50   48   47   46   47   47
   48   49   49   49   48   46   44   41   38   35   32   31   30   31   33   35
   38   42   45   49   51   53   54   54   54   53   51   49   47   44   42   39
   37   36   33   30   30   32   32   35   41                                   
    70.0-180.0 180.0   5.0 450.0                            LAT/LON1/LON2/DLON/H
   38   40   42   45   50   56   62   68   75   81   87   93   98  102  105  106
  106  105  102   98   92   85   78   71   65   60   55   52   50   49   49   49
   49   49   49   48   47   45   43   40   37   34   31   29   29   30   31   34
   37   40   43   46   48   49   50   50   50   49   47   46   44   42   41   39
   38   37   36   34   35   36   39   42   38                                   
    67.5-180.0 180.0   5.0 450.0                            LAT/LON1/LON2/DLON/H
   44   45   46   51   56   62   69   75   82   87   93  100  105  109  112  115
  115  114  111  107  100   92   84   76   68   61   56   52   49   47   46   44
   43   42   41   40   39   37   35   33   31   28   26   25   25   26   27   30
   32   35   38   40   41   42   42   42   41   41   40   39   38   38   37   37
   36   36   34   32   33   36   37   41   44                                   
    65.0-180.0 180.0   5.0 450.0                            LAT/LON1/LON2/DLON/H
   44   48   49   55   60   66   74   80   87   93   99  105  111  115  119  121
  123  122  120  115  108   99   90   81   72   65   59   54   50   47   44   41
   38   35   33   31   29   28   27   26   25   24   23   22   23   23   25   27
   29   31   32   33   34   34   34   34   34   34   35   35   36   36   37   38
   38   39   40   39   40   44   45   49   44                                   
    62.5-180.0 180.0   5.0 450.0                            LAT/LON1/LON2/DLON/H
   49   53   54   61   66   73   81   87   93   99  105  110  116  120  124  127
  129  129  127  122  114  105   94   84   75   67   61   56   52   48   44   39
   33   28   24   21   20   19   19   19   19   19   20   20   21   22   23   24
   26   27   27   28   28   28   27   28   28   29   30   32   34   35   36   38
   39   40   41   41   41   45   45   51   49                                   
    60.0-180.0 180.0   5.0 450.0                            LAT/LON1/LON2/DLON/H
   52   57   59   66   72   78   86   92   99  104  110  114  119  124  128  131
  134  135  132  127  119  108   97   87   78   71   65   61   58   53   48   41
   33   25   19   15   13   13   13   14   16   17   19   20   21   22   23   23
   23   24   23   23   23   23   23   23   24   26   28   31   33   35   37   39
   40   42   43   42   42   46   47   53   52                                   
    57.5-180.0 180.0   5.0 450.0                            LAT/LON1/LON2/DLON/H
   56   61   64   73   80   87   95  101  107  112  116  121  125  129  133  137
  140  141  139  133  124  113  101   91   83   77   73   71   68   64   58   49
   39   30   22   16   13   13   13   15   18   20   23   25   26   26   26   26
   25   24   23   23   23   23   23   24   25   28   31   34   36   38   40   42
   42   43   44   43   42   45   46   53   56                                   
    55.0-180.0 180.0   5.0 450.0                            LAT/LON1/LON2/DLON/H
   62   68   73   83   91   99  107  112  118  121  124  127  131  134  138  143
  146  147  145  138  129  117  106   96   89   85   83   83   81   78   71   62
   50   39   29   22   19   18   19   21   24   27   30   32   34   33   32   31
   29   27   26   26   26   26   27   28   30   33   36   39   41   43   45   45
   45   45   45   44   42   44   44   52   62                                   
    52.5-180.0 180.0   5.0 450.0                            LAT/LON1/LON2/DLON/H
   68   75   83   95  105  113  121  126  130  132  134  135  137  140  144  148
  152  153  150  144  134  123  112  103   97   94   94   95   95   92   85   75
   62   50   40   33   29   28   29   32   35   39   42   44   44   44   42   39
   36   34   33   33   33   34   35   36   38   40   43   45   48   49   50   50
   49   48   48   46   44   45   44   52   68                                   
    50.0-180.0 180.0   5.0 450.0                            LAT/LON1/LON2/DLON/H
   77   85   96  109  121  131  138  143  145  145  145  145  145  147  150  155
  158  159  156  149  140  129  119  112  107  105  105  106  105  101   94   83
   71   60   51   45   42   41   42   45   48   51   54   56   56   55   52   49
   46   44   43   43   44   45   46   47   48   49   50   52   54   55   56   55
   53   52   51   50   47   47   47   55   77                                   
    47.5-180.0 180.0   5.0 450.0                            LAT/LON1/LON2/DLON/H
   86   96  110  125  138  149  156  160  161  160  158  156  154  155  157  161
  163  164  161  154  146  137  129  122  118  116  115  113  109  103   94   84
   73   64   57   54   53   53   55   57   60   63   65   67   67   66   63   60
   57   55   55   56   57   58   59   59   58   57   57   58   59   60   60   60
   58   57   56   55   52   53   53   60   86                                   
    45.0-180.0 180.0   5.0 450.0                            LAT/LON1/LON2/DLON/H
   94  107  122  138  152  164  171  176  175  174  170  167  164  163  165  167
  169  168  165  159  152  145  139  135  130  126  121  115  106   97   86   76
   67   61   58   58   59   62   64   66   69   71   73   75   76   75   73   70
   68   67   67   68   69   71   71   69   67   64   63   63   63   64   64   63
   61   61   60   60   59   61   62   70   94                                   
    42.5-180.0 180.0   5.0 450.0                            LAT/LON1/LON2/DLON/H
  101  115  132  149  163  175  183  188  188  187  182  178  175  173  173  173
  174  173  169  165  159  155  151  147  142  134  124  112   98   84   72   62
   55   53   54   58   63   67   70   72   74   76   79   81   82   81   80   78
   76   76   76   78   80   81   81   78   74   69   66   65   65   66   66   66
   64   64   64   65   65   69   73   81  101                                   
    40.0-180.0 180.0   5.0 450.0                            LAT/LON1/LON2/DLON/H
  106  121  137  154  168  180  188  195  196  196  193  189  185  183  181  181
  180  178  174  171  168  165  163  158  151  140  124  106   88   71   57   49
   46   47   52   59   66   72   75   77   78   80   82   84   85   85   84   83
   81   81   82   84   87   88   87   84   78   72   68   65   65   65   66   66
   65   65   66   68   70   76   82   92  106                                   
    37.5-180.0 180.0   5.0 450.0                            LAT/LON1/LON2/DLON/H
  108  124  139  154  167  179  189  197  200  202  200  198  195  192  191  189
  187  184  181  179  177  176  173  168  159  144  124  103   81   63   51   45
   45   50   59   68   76   81   83   84   84   84   86   87   88   88   86   85
   84   84   85   87   90   92   91   87   81   73   68   64   63   64   65   65
   64   64   66   69   73   81   89  100  108                                   
    35.0-180.0 180.0   5.0 450.0                            LAT/LON1/LON2/DLON/H
  110  125  138  153  164  175  186  195  201  205  206  205  203  202  200  198
  195  193  190  188  187  186  182  176  164  148  127  104   84   68   59   57
   61   70   80   89   95   98   97   95   93   92   91   91   91   90   88   86
   84   84   85   87   90   92   92   88   82   74   68   64   62   62   63   63
   62   63   65   69   73   84   93  106  110                                   
    32.5-180.0 180.0   5.0 450.0                            LAT/LON1/LON2/DLON/H
  113  128  139  151  161  170  182  193  201  207  210  211  211  210  209  207
  205  203  201  200  198  195  190  181  169  153  134  115  100   90   87   90
   99  110  119  125  127  124  119  113  107  103  100   98   96   94   90   87
   84   83   83   85   89   92   92   89   83   75   68   64   62   61   61   61
   61   61   65   69   74   86   96  110  113                                   
    30.0-180.0 180.0   5.0 450.0                            LAT/LON1/LON2/DLON/H
  120  134  144  153  163  170  181  192  202  209  214  216  217  218  217  216
  214  213  213  212  209  204  195  185  173  160  148  137  130  129  134  144
  157  168  174  175  168  158  146  134  125  117  112  107  104   99   94   89
   85   82   82   84   88   91   92   90   84   77   70   66   63   62   62   61
   61   62   66   71   77   90  101  116  120                                   
    27.5-180.0 180.0   5.0 450.0                            LAT/LON1/LON2/DLON/H
  131  145  156  163  171  176  187  197  207  214  220  222  224  225  225  224
  224  224  225  224  219  211  200  188  179  172  169  168  172  182  195  212
  227  237  238  229  213  194  175  157  143  132  124  118  112  106  100   93
   87   84   83   85   88   91   93   91   86   80   73   68   65   64   64   63
   63   65   69   75   82   97  110  124  131                                   
    25.0-180.0 180.0   5.0 450.0                            LAT/LON1/LON2/DLON/H
  147  163  175  180  188  193  201  210  218  224  228  231  232  233  233  233
  233  234  235  234  228  217  204  193  188  189  196  207  222  241  263  285
  300  306  299  279  253  224  198  176  158  144  134  127  120  114  106   99
   92   88   86   87   90   92   94   92   88   82   76   72   69   67   67   67
   67   70   75   83   91  108  123  135  147                                   
    22.5-180.0 180.0   5.0 450.0                            LAT/LON1/LON2/DLON/H
  168  187  200  205  214  218  225  231  238  241  242  243  243  243  242  242
  241  243  243  241  234  222  209  201  202  211  227  248  273  300  327  350
  362  361  344  314  278  243  211  185  165  150  140  132  126  120  113  106
   99   95   92   92   93   94   95   93   89   84   79   75   72   70   69   70
   71   76   82   92  103  121  139  151  168                                   
    20.0-180.0 180.0   5.0 450.0                            LAT/LON1/LON2/DLON/H
  192  213  229  235  247  252  258  262  266  266  264  261  259  257  255  252
  250  250  250  247  239  228  218  214  220  237  261  289  318  348  374  393
  398  388  362  326  284  245  212  185  165  150  140  133  129  124  118  112
  106  102  100   98   98   97   96   93   89   84   80   76   73   71   71   73
   75   82   89  101  115  136  157  169  192                                   
    17.5-180.0 180.0   5.0 450.0                            LAT/LON1/LON2/DLON/H
  214  239  258  267  282  289  297  300  302  300  295  289  283  278  272  266
  261  258  255  251  244  236  230  231  244  266  294  325  354  379  397  406
  402  384  353  314  273  234  203  178  159  145  135  130  127  124  120  116
  113  110  107  105  102  100   97   93   88   83   79   76   73   71   71   74
   77   86   95  109  126  150  175  188  214                                   
    15.0-180.0 180.0   5.0 450.0                            LAT/LON1/LON2/DLON/H
  232  262  284  296  316  325  337  341  343  341  334  326  317  308  297  287
  276  268  262  257  251  247  246  254  272  298  327  354  376  391  396  392
  379  356  325  289  252  218  190  168  151  138  129  125  123  121  120  118
  117  116  114  111  107  102   98   93   88   83   78   75   72   70   70   72
   76   87   99  115  135  163  191  207  232                                   
    12.5-180.0 180.0   5.0 450.0                            LAT/LON1/LON2/DLON/H
  245  279  304  319  343  356  373  380  384  383  377  368  357  345  330  314
  298  284  273  266  262  263  269  283  304  331  357  377  388  389  381  365
  344  320  292  262  232  205  183  164  148  135  126  121  118  118  117  118
  119  120  120  116  111  105  100   95   89   84   79   75   72   69   68   70
   75   87  100  119  142  173  204  221  245                                   
    10.0-180.0 180.0   5.0 450.0                            LAT/LON1/LON2/DLON/H
  251  290  317  333  362  379  401  412  420  422  419  412  401  387  369  348
  326  306  291  282  279  284  296  315  338  363  383  394  394  383  363  339
  314  290  267  244  223  203  185  169  153  139  128  121  117  116  116  118
  121  124  125  122  116  110  105   99   94   88   83   78   74   70   68   69
   73   86  101  121  146  179  213  231  251                                   
     7.5-180.0 180.0   5.0 450.0                            LAT/LON1/LON2/DLON/H
  254  295  324  341  372  393  420  435  448  454  454  450  441  427  408  384
  358  334  315  304  303  311  327  349  372  393  406  409  400  381  354  326
