data/edconvlstm_nd/pred0410.15i
     1.0            IONOSPHERE MAPS     GNSS                IONEX VERSION / TYPE
pyspatialgeodesy        IME             05-JAN-18 20:20     PGM / RUN BY / DATE 
Map Name                                                    COMMENT             
Predicted global ionosphere maps (GIM).                     DESCRIPTION         
  2015     2    10     0     0     0                        EPOCH OF FIRST MAP  
  2015     2    11     0     0     0                        EPOCH OF LAST MAP   
  7200                                                      INTERVAL            
    13                                                      # OF MAPS IN FILE   
  NONE                                                      MAPPING FUNCTION    
10.0                                                        ELEVATION CUTOFF    
One-way carrier phase leveled to code                       OBSERVABLES USED    
  6371.0                                                    BASE RADIUS         
 2                                                          MAP DIMENSION       
   450.0 450.0   0.0                                        HGT1 / HGT2 / DHGT  
    87.5 -87.5  -2.5                                        LAT1 / LAT2 / DLAT  
  -180.0 180.0   5.0                                        LON1 / LON2 / DLON  
    -1                                                      EXPONENT            
                                                            END OF HEADER       
[from data line 5148]
    13                                                      START OF TEC MAP    
  2015     2    11     0     0     0                        EPOCH OF CURRENT MAP
    87.5-180.0 180.0   5.0 450.0                            LAT/LON1/LON2/DLON/H
  154  162  168  157  159  162  161  162  164  165  166  167  167  167  167  166
  165  164  162  160  158  156  154  152  149  147  144  142  140  137  135  133
  131  130  128  127  125  125  124  123  123  123  123  123  124  124  125  125
  126  127  128  129  130  130  131  132  132  133  133  134  134  134  135  135
  136  137  138  139  136  140  145  153  154                                   
    85.0-180.0 180.0   5.0 450.0                            LAT/LON1/LON2/DLON/H
  169  176  159  160  166  171  170  170  172  173  174  175  175  175  174  173
  171  169  167  165  162  159  157  154  151  148  145  142  139  137  134  132
  129  128  126  125  124  124  124  124  124  125  126  127  128  129  131  132
  134  136  137  139  140  142  143  144  145  146  147  147  148  148  148  149
  150  150  152  156  152  158  164  167  169                                   
    82.5-180.0 180.0   5.0 450.0                            LAT/LON1/LON2/DLON/H
  175  174  176  173  178  183  179  179  183  184  185  186  186  185  183  181
  179  176  173  169  166  162  159  155  151  148  144  140  136  133  130  127
  124  123  121  121  120  121  121  123  124  125  127  129  131  134  136  138
  141  143  146  148  150  153  155  157  158  160  161  162  163  163  164  165
  164  164  166  167  168  160  163  165  175                                   
    80.0-180.0 180.0   5.0 450.0                            LAT/LON1/LON2/DLON/H
  178  175  173  167  173  178  178  181  185  187  189  190  190  188  186  182
  178  173  168  163  157  152  147  143  138  134  130  125  121  118  115  112
  110  109  108  108  109  110  111  113  115  117  119  121  124  126  129  132
  135  138  141  144  146  149  152  154  157  159  160  162  163  163  164  165
  164  162  163  162  170  160  168  181  178                                   
    77.5-180.0 180.0   5.0 450.0                            LAT/LON1/LON2/DLON/H
  184  178  171  173  177  182  185  191  197  199  202  203  202  199  194  188
  180  172  163  155  148  142  136  131  126  122  118  114  111  108  105  103
  102  101  102  102  104  105  107  109  111  113  115  117  119  121  123  125
  127  130  133  136  139  142  145  148  150  153  155  158  159  161  163  165
  165  165  165  165  171  167  173  195  184                                   
    75.0-180.0 180.0   5.0 450.0                            LAT/LON1/LON2/DLON/H
  195  189  185  187  191  197  199  206  213  215  217  217  213  206  197  186
  174  161  150  140  131  124  119  115  111  109  106  104  102  100   99   99
   98   99  100  102  103  105  107  109  111  112  113  114  115  115  116  118
  119  121  123  125  128  130  133  135  138  141  144  147  149  152  156  159
  160  163  166  164  171  177  187  206  195                                   
    72.5-180.0 180.0   5.0 450.0                            LAT/LON1/LON2/DLON/H
  205  211  210  211  215  220  224  231  238  240  241  238  230  219  204  186
  168  151  135  122  113  106  101   99   98   97   97   97   96   96   96   96
   96   97   99  101  102  104  106  108  109  110  110  110  110  110  110  110
  111  112  114  115  117  119  121  122  125  127  130  133  137  142  147  152
  156  161  168  171  180  188  201  222  205                                   
    70.0-180.0 180.0   5.0 450.0                            LAT/LON1/LON2/DLON/H
  230  241  239  242  246  251  254  261  268  269  268  262  250  232  211  186
  162  139  120  105   94   88   85   84   85   87   88   90   91   91   92   92
   93   94   95   96   98  100  101  103  104  104  104  104  103  102  102  102
  103  104  105  107  108  109  110  112  113  115  118  122  127  133  140  148
  153  161  171  178  191  205  217  236  230                                   
    67.5-180.0 180.0   5.0 450.0                            LAT/LON1/LON2/DLON/H
  255  272  268  271  276  281  284  291  297  298  295  287  272  249  221  190
  160  132  110   93   81   75   73   73   76   78   81   82   83   83   83   83
   83   83   83   84   84   85   87   88   89   90   90   90   89   89   88   89
   89   91   93   95   96   98   99  100  101  104  108  113  120  127  136  145
  154  163  176  185  202  218  232  253  255                                   
    65.0-180.0 180.0   5.0 450.0                            LAT/LON1/LON2/DLON/H
  278  298  294  297  303  308  310  317  324  325  322  313  295  269  236  200
  165  133  108   89   77   71   69   70   73   75   77   77   77   76   75   73
   72   70   69   68   68   68   69   71   72   74   75   75   75   75   75   75
   76   78   80   83   85   87   89   90   93   97  102  110  118  128  138  149
  159  170  185  196  214  233  249  270  278                                   
    62.5-180.0 180.0   5.0 450.0                            LAT/LON1/LON2/DLON/H
  297  317  315  316  323  328  329  336  344  346  344  336  318  290  255  216
  178  145  117   97   84   77   74   74   74   75   74   73   71   69   66   64
   61   58   56   54   53   53   54   56   59   62   64   65   65   64   64   63
   64   66   69   73   75   78   81   84   88   94  102  112  123  135  147  160
  171  183  198  210  227  246  264  285  297                                   
    60.0-180.0 180.0   5.0 450.0                            LAT/LON1/LON2/DLON/H
  309  330  328  328  334  338  339  346  354  357  357  350  334  308  274  236
  198  164  137  115  101   91   85   81   78   75   72   68   65   61   58   55
   51   48   45   43   43   43   44   47   50   54   56   58   58   57   55   54
   54   56   60   64   68   71   75   80   87   95  106  119  133  147  162  175
  187  199  215  226  241  258  277  298  309                                   
    57.5-180.0 180.0   5.0 450.0                            LAT/LON1/LON2/DLON/H
  320  340  339  336  342  344  343  349  357  360  360  355  342  319  290  256
  222  190  162  140  122  108   97   88   81   74   69   64   60   56   53   49
   46   44   41   40   39   40   42   44   48   52   55   56   56   54   51   49
   48   50   54   58   63   68   74   80   89  101  114  130  147  163  180  195
  208  221  237  247  261  274  291  313  320                                   
    55.0-180.0 180.0   5.0 450.0                            LAT/LON1/LON2/DLON/H
  333  353  351  346  351  351  348  351  356  357  356  351  340  323  299  272
  244  215  188  164  143  124  108   95   84   75   68   63   58   55   52   50
   48   46   45   44   45   45   47   50   53   56   59   61   60   57   53   50
   48   49   53   58   64   69   76   84   95  109  125  144  163  181  200  217
  231  245  261  271  284  293  307  331  333                                   
    52.5-180.0 180.0   5.0 450.0                            LAT/LON1/LON2/DLON/H
  351  369  366  361  366  364  359  357  357  353  349  343  333  320  302  282
  259  235  210  184  159  137  117  101   88   79   72   67   63   61   58   56
   55   55   55   56   57   58   60   61   63   66   69   70   69   65   60   56
   54   55   59   64   69   75   83   92  104  119  137  157  178  199  220  239
  255  271  287  296  310  316  327  352  351                                   
    50.0-180.0 180.0   5.0 450.0                            LAT/LON1/LON2/DLON/H
  371  391  386  383  388  386  378  371  364  355  345  336  326  314  301  286
  269  247  223  197  171  147  126  109   96   87   81   78   75   72   70   68
   67   68   70   73   75   76   76   76   77   79   81   82   81   77   73   69
   66   67   70   75   81   87   94  103  115  131  149  170  192  214  236  258
  277  294  311  321  335  341  350  375  371                                   
    47.5-180.0 180.0   5.0 450.0                            LAT/LON1/LON2/DLON/H
  391  413  410  410  416  414  405  393  380  364  349  334  322  311  300  287
  272  252  229  204  179  155  135  120  109  102   98   95   92   88   84   81
   80   81   85   89   92   93   93   91   91   91   93   94   94   91   88   84
   82   83   87   91   96  101  107  116  128  143  161  181  202  224  247  270
  291  312  330  340  356  364  373  397  391                                   
    45.0-180.0 180.0   5.0 450.0                            LAT/LON1/LON2/DLON/H
  407  433  432  437  443  442  433  419  402  381  360  341  325  313  301  288
  273  253  231  207  185  164  147  135  126  121  118  115  111  104   97   91
   89   90   95  100  104  106  105  102  101  101  102  104  105  105  103  101
  100  103  106  110  114  118  122  130  141  156  172  190  209  229  251  276
  299  322  341  354  371  381  393  413  407                                   
    42.5-180.0 180.0   5.0 450.0                            LAT/LON1/LON2/DLON/H
  416  446  449  456  462  461  453  440  422  399  375  354  336  321  307  292
  275  255  233  212  194  178  165  155  148  143  139  134  125  114  103   95
   92   94  100  106  111  113  112  109  107  106  108  111  114  116  116  116
  118  121  125  129  132  134  138  145  156  170  184  200  215  233  255  279
  303  327  348  363  380  390  405  421  416                                   
    40.0-180.0 180.0   5.0 450.0                            LAT/LON1/LON2/DLON/H
  421  452  455  460  465  464  457  447  432  411  389  369  351  335  319  301
  282  260  240  223  209  197  187  177  169  161  154  145  132  118  104   96
   93   96  102  109  115  117  116  113  111  111  113  116  120  123  125  127
  130  135  139  143  145  147  151  159  170  184  198  211  224  241  261  285
  308  332  355  371  385  397  412  423  421                                   
    37.5-180.0 180.0   5.0 450.0                            LAT/LON1/LON2/DLON/H
  425  454  454  453  456  451  443  436  426  411  395  379  365  350  335  316
  294  273  255  241  230  221  210  197  184  171  159  147  132  118  106   99
   99  104  110  117  122  124  123  120  117  117  118  121  124  126  129  131
  135  140  144  148  150  153  158  168  181  196  211  224  237  254  274  299
  322  345  368  383  395  407  421  428  425                                   
    35.0-180.0 180.0   5.0 450.0                            LAT/LON1/LON2/DLON/H
  435  460  454  444  441  432  420  414  408  399  390  381  373  363  350  333
  312  293  277  265  255  244  229  209  189  171  156  144  132  122  115  114
  117  123  130  136  139  139  137  132  129  126  126  127  127  128  129  130
  132  136  140  143  146  150  157  169  185  204  221  237  254  273  296  322
  346  368  390  403  415  427  440  444  435                                   
    32.5-180.0 180.0   5.0 450.0                            LAT/LON1/LON2/DLON/H
  461  482  470  446  436  419  402  394  390  384  380  378  376  372  363  348
  331  314  300  289  277  261  238  211  185  165  152  145  140  138  139  144
  151  159  165  169  169  166  160  153  147  142  139  136  133  130  127  126
  126  127  130  132  135  140  148  163  182  205  228  249  270  294  321  350
  376  398  419  431  446  460  468  472  461                                   
    30.0-180.0 180.0   5.0 450.0                            LAT/LON1/LON2/DLON/H
  512  530  511  476  456  432  407  393  385  379  375  375  377  377  372  361
  347  333  320  307  289  266  237  206  179  162  156  157  163  172  182  193
  203  212  216  216  211  203  193  183  173  164  157  150  142  135  129  125
  122  121  121  123  125  130  139  154  176  202  229  256  283  312  345  378
  407  431  451  462  485  504  509  514  512                                   
    27.5-180.0 180.0   5.0 450.0                            LAT/LON1/LON2/DLON/H
  589  607  583  542  514  482  449  425  408  394  385  382  383  383  379  371
  359  346  332  313  289  260  229  200  180  172  175  188  205  224  242  258
  271  279  279  272  260  246  232  217  203  191  179  168  157  146  137  129
  124  120  118  118  120  124  133  149  171  200  230  261  293  327  364  402
  435  462  482  495  529  558  565  574  589                                   
    25.0-180.0 180.0   5.0 450.0                            LAT/LON1/LON2/DLON/H
  682  704  685  646  612  577  534  498  468  441  421  409  403  398  391  381
  368  353  334  309  279  249  222  204  196  201  216  240  267  294  318  337
  349  351  343  328  308  289  269  251  234  218  203  189  175  162  150  140
  132  125  121  119  120  124  133  149  173  202  235  269  305  344  385  425
  461  492  514  529  571  618  637  654  682                                   
    22.5-180.0 180.0   5.0 450.0                            LAT/LON1/LON2/DLON/H
  782  806  800  775  741  706  659  612  566  524  489  463  444  429  412  395
  377  356  330  299  267  242  227  225  234  253  281  314  348  379  402  416
  420  412  393  369  344  321  299  278  258  241  225  209  194  179  166  154
  143  134  127  124  124  128  138  154  177  208  242  280  320  362  407  451
  490  522  547  568  615  679  717  745  782                                   
    20.0-180.0 180.0   5.0 450.0                            LAT/LON1/LON2/DLON/H
  871  897  905  901  874  847  804  751  694  638  587  545  510  479  449  420
  391  362  328  293  264  249  251  269  296  330  368  406  439  463  476  477
  467  446  417  387  360  336  314  293  273  256  240  225  209  194  180  167
  154  143  134  130  130  135  144  160  183  214  250  290  334  381  430  476
  518  552  580  609  658  732  787  827  871                                   
    17.5-180.0 180.0   5.0 450.0                            LAT/LON1/LON2/DLON/H
  931  959  977  991  980  967  936  888  828  765  704  649  599  551  503  458
  417  377  337  301  278  277  298  336  380  425  465  498  519  527  521  503
  477  445  411  380  355  335  315  296  278  263  249  235  221  206  192  178
  164  152  142  138  138  142  151  167  190  221  258  301  347  398  449  498
  542  577  609  645  694  764  829  881  931                                   
    15.0-180.0 180.0   5.0 450.0                            LAT/LON1/LON2/DLON/H
  949  980 1007 1034 1039 1043 1027  989  938  879  819  760  701  639  575  513
  458  408  364  330  316  330  368  422  478  523  554  569  567  550  522  487
  449  412  378  352  334  320  306  292  278  266  255  242  228  214  201  188
  174  161  151  145  145  149  158  174  198  229  267  311  359  411  464  514
  558  594  630  670  716  776  839  897  949                                   
    12.5-180.0 180.0   5.0 450.0                            LAT/LON1/LON2/DLON/H
  928  963  998 1030 1049 1067 1064 1039 1000  956  907  856  798  731  657  584
  518  461  415  385  381  406  457  518  571  604  613  600  570  529  482  437
  395  360  332  315  306  301  294  286  277  269  260  248  234  221  208  195
  182  169  158  152  151  155  166  183  208  239  277  320  368  420  472  522
  566  603  641  683  725  771  825  880  928                                   
    10.0-180.0 180.0   5.0 450.0                            LAT/LON1/LON2/DLON/H
  886  921  958  991 1017 1044 1051 1036 1012  984  953  917  870  809  737  662
  594  536  493  468  471  503  555  608  642  649  627  584  529  471  417  372
  336  309  292  285  286  288  288  285  281  275  266  254  240  226  213  201
  188  175  164  158  157  162  174  194  220  252  288  329  374  423  474  522
  567  606  645  686  723  757  798  844  886                                   
     7.5-180.0 180.0   5.0 450.0                            LAT/LON1/LON2/DLON/H
  844  872  903  930  958  988  998  991  978  967  955  937  908  861  801  735
  675  625  588  571  577  606  644  673  675  646  593  527  460  400  353  320
