data/edconvlstm_nd/pred0800.15i
     1.0            IONOSPHERE MAPS     GNSS                IONEX VERSION / TYPE
pyspatialgeodesy        IME             05-JAN-18 20:20     PGM / RUN BY / DATE 
Map Name                                                    COMMENT             
Predicted global ionosphere maps (GIM).                     DESCRIPTION         
  2015     3    21     0     0     0                        EPOCH OF FIRST MAP  
  2015     3    22     0     0     0                        EPOCH OF LAST MAP   
  7200                                                      INTERVAL            
    13                                                      # OF MAPS IN FILE   
  NONE                                                      MAPPING FUNCTION    
10.0                                                        ELEVATION CUTOFF    
One-way carrier phase leveled to code                       OBSERVABLES USED    
  6371.0                                                    BASE RADIUS         
 2                                                          MAP DIMENSION       
   450.0 450.0   0.0                                        HGT1 / HGT2 / DHGT  
    87.5 -87.5  -2.5                                        LAT1 / LAT2 / DLAT  
  -180.0 180.0   5.0                                        LON1 / LON2 / DLON  
    -1                                                      EXPONENT            
                                                            END OF HEADER       
[from data line 429]
     2                                                      START OF TEC MAP    
  2015     3    21     2     0     0                        EPOCH OF CURRENT MAP
    87.5-180.0 180.0   5.0 450.0                            LAT/LON1/LON2/DLON/H
  103  109  109  110  110  109  107  107  109  111  113  115  117  119  120  121
  122  122  122  121  120  119  117  115  113  111  108  106  104  101   99   98
   96   95   94   92   92   91   90   90   90   89   89   89   89   90   90   91
   91   92   92   93   94   94   95   96   96   97   97   98   98   98   98   99
  100  101   98   97   98  105  108   99  103                                   
    85.0-180.0 180.0   5.0 450.0                            LAT/LON1/LON2/DLON/H
  104  115   99  107  109  109  108  109  111  114  116  119  121  124  126  127
  128  128  128  127  125  123  120  117  113  110  106  102   99   95   93   90
   88   87   85   84   84   83   83   83   83   84   84   85   86   87   88   89
   90   91   93   94   96   97   99  100  102  103  104  105  106  106  107  108
  110  110  107  108  106  107  112  103  104                                   
    82.5-180.0 180.0   5.0 450.0                            LAT/LON1/LON2/DLON/H
  104  104  113  109  106  107  107  108  112  115  118  122  126  129  132  134
  136  136  136  134  132  128  124  118  113  107  101   96   90   86   82   79
   77   75   74   73   73   73   74   75   76   77   78   80   81   83   85   87
   89   91   93   95   98  100  103  105  108  110  112  114  116  117  118  119
  120  119  115  111  117  105  107  107  104                                   
    80.0-180.0 180.0   5.0 450.0                            LAT/LON1/LON2/DLON/H
  115  110  107  102  101   99  102  104  109  112  116  122  127  132  136  140
  142  143  142  140  136  131  125  117  110  102   94   87   81   75   71   68
   66   65   64   64   65   65   67   68   69   71   72   74   76   77   79   81
   84   86   89   92   95   99  102  106  110  113  117  120  122  125  127  129
  130  127  125  122  133  123  125  121  115                                   
    77.5-180.0 180.0   5.0 450.0                            LAT/LON1/LON2/DLON/H
  125  120  114  110  102  101  104  107  112  116  120  127  133  138  143  147
  149  149  148  145  140  134  126  118  108   99   90   82   75   70   66   63
   62   62   62   64   65   67   70   72   74   76   77   79   81   82   84   86
   88   90   94   97  101  105  109  114  118  123  127  132  136  139  142  146
  147  147  143  143  149  141  140  136  125                                   
    75.0-180.0 180.0   5.0 450.0                            LAT/LON1/LON2/DLON/H
  135  133  127  123  112  110  110  112  116  119  123  129  134  138  142  144
  145  145  143  139  134  127  119  110  101   91   83   75   69   64   62   60
   60   61   62   64   66   69   72   74   76   78   79   80   81   81   82   83
   85   88   91   95   99  104  109  114  119  125  130  135  140  145  149  154
  156  157  157  153  160  159  158  155  135                                   
    72.5-180.0 180.0   5.0 450.0                            LAT/LON1/LON2/DLON/H
  148  152  146  140  130  126  126  126  128  130  131  135  137  138  138  138
  136  134  132  128  124  118  111  103   95   87   80   74   70   67   65   65
   66   67   69   72   74   77   79   82   84   85   86   86   86   86   86   87
   89   92   96  100  105  111  116  122  128  133  139  144  149  153  158  163
  166  170  173  171  176  173  174  173  148                                   
    70.0-180.0 180.0   5.0 450.0                            LAT/LON1/LON2/DLON/H
  168  173  166  160  149  144  143  141  143  142  141  141  138  135  131  126
  122  119  116  113  110  106  101   95   90   84   79   75   73   72   71   72
   73   74   76   77   79   81   84   85   87   88   89   88   88   88   88   89
   91   95  100  105  111  117  124  130  135  141  145  150  154  158  162  167
  170  174  179  181  187  187  191  189  168                                   
    67.5-180.0 180.0   5.0 450.0                            LAT/LON1/LON2/DLON/H
  178  186  179  174  163  157  155  153  153  151  147  143  136  127  118  110
  104   99   97   96   95   93   90   87   83   79   76   74   73   72   73   73
   74   74   74   74   75   76   77   79   80   81   82   82   81   81   82   84
   88   93   99  106  113  121  127  134  139  144  148  152  155  157  159  162
  164  167  173  176  184  188  193  195  178                                   
    65.0-180.0 180.0   5.0 450.0                            LAT/LON1/LON2/DLON/H
  184  192  184  182  172  165  163  163  163  160  154  147  135  122  109   98
   89   85   84   84   85   86   85   83   81   78   75   74   73   73   73   72
   72   70   69   68   67   67   68   69   71   72   73   73   73   74   75   79
   84   91   99  108  117  125  133  139  145  150  154  157  159  159  159  159
  159  159  164  166  176  182  189  194  184                                   
    62.5-180.0 180.0   5.0 450.0                            LAT/LON1/LON2/DLON/H
  183  191  185  183  175  169  167  168  169  166  160  150  137  120  104   91
   82   78   78   81   83   85   85   83   80   77   74   72   71   71   70   69
   67   64   61   58   57   56   57   59   61   62   63   64   65   66   68   73
   80   88   99  109  120  129  138  146  153  158  163  166  167  166  165  162
  158  155  157  157  165  172  179  186  183                                   
    60.0-180.0 180.0   5.0 450.0                            LAT/LON1/LON2/DLON/H
  178  184  181  179  172  165  165  166  168  166  160  150  136  119  103   89
   81   78   79   82   85   87   86   82   78   73   69   67   65   64   63   61
   58   54   50   47   46   45   46   48   51   53   54   55   56   57   61   66
   74   85   96  109  120  131  142  151  159  166  172  176  178  178  175  171
  165  158  156  153  157  163  169  177  178                                   
    57.5-180.0 180.0   5.0 450.0                            LAT/LON1/LON2/DLON/H
  176  180  179  176  168  162  161  163  164  162  156  147  134  118  104   92
   85   82   83   86   88   88   85   79   73   67   62   59   58   57   55   52
   49   45   41   38   37   37   39   41   44   46   48   49   49   51   55   61
   70   81   94  107  120  133  144  155  165  174  182  188  193  194  193  189
  180  170  166  159  160  161  166  175  176                                   
    55.0-180.0 180.0   5.0 450.0                            LAT/LON1/LON2/DLON/H
  180  183  182  178  170  163  161  160  160  156  150  142  130  117  105   96
   91   88   89   90   90   87   82   74   66   59   55   52   51   50   48   45
   42   39   35   33   32   33   35   37   40   42   44   45   46   47   51   57
   66   78   91  105  120  133  146  159  171  182  192  200  207  212  213  211
  203  193  186  177  174  170  174  181  180                                   
    52.5-180.0 180.0   5.0 450.0                            LAT/LON1/LON2/DLON/H
  193  195  194  189  181  173  168  163  159  152  144  135  126  116  107  101
   96   93   92   90   88   83   76   68   61   54   50   48   47   46   45   43
   40   37   35   34   34   34   36   38   40   42   43   44   45   47   50   56
   65   77   90  105  120  135  150  164  177  190  202  212  222  229  234  235
  230  221  214  203  198  189  190  197  193                                   
    50.0-180.0 180.0   5.0 450.0                            LAT/LON1/LON2/DLON/H
  214  216  215  211  202  193  185  175  166  154  143  132  123  115  109  105
  100   95   91   87   82   77   71   65   58   54   51   49   49   49   47   45
   43   41   40   40   41   41   42   43   44   45   46   46   47   49   52   58
   67   78   92  107  122  139  155  171  187  200  213  224  235  245  254  259
  257  252  246  235  228  215  215  221  214                                   
    47.5-180.0 180.0   5.0 450.0                            LAT/LON1/LON2/DLON/H
  238  241  240  238  231  222  210  195  181  163  148  135  124  117  112  108
  102   95   87   81   76   73   69   65   61   58   57   56   56   56   54   52
   50   49   49   50   51   52   52   51   50   49   50   51   52   54   57   62
   71   82   95  110  127  145  163  182  198  213  225  237  249  260  271  279
  281  279  276  267  259  244  244  250  238                                   
    45.0-180.0 180.0   5.0 450.0                            LAT/LON1/LON2/DLON/H
  262  265  264  265  261  252  238  220  201  179  159  143  131  123  118  112
  103   93   84   77   75   74   73   72   70   68   67   67   67   66   63   59
   57   56   58   60   62   63   62   59   57   55   55   56   58   60   63   68
   76   87  100  116  133  152  173  193  212  227  239  250  261  273  284  293
  299  300  300  294  287  272  274  279  262                                   
    42.5-180.0 180.0   5.0 450.0                            LAT/LON1/LON2/DLON/H
  281  284  282  287  284  275  261  243  222  197  174  155  142  132  125  117
  107   95   86   81   81   84   86   86   84   82   80   79   76   73   67   63
   60   60   63   67   71   72   70   67   63   62   62   63   65   66   69   74
   81   92  105  121  140  161  183  205  225  241  253  264  274  284  295  304
  310  314  317  315  310  298  300  304  281                                   
    40.0-180.0 180.0   5.0 450.0                            LAT/LON1/LON2/DLON/H
  296  296  293  296  294  285  273  257  237  213  189  169  155  144  136  126
  114  102   95   94   98  103  106  104  100   95   90   86   80   74   67   62
   60   61   66   71   76   78   77   73   70   68   68   70   72   73   75   79
   86   96  110  126  145  167  191  215  237  254  268  279  288  298  307  315
  321  326  332  333  331  323  326  326  296                                   
    37.5-180.0 180.0   5.0 450.0                            LAT/LON1/LON2/DLON/H
  310  304  296  295  291  282  271  259  243  222  201  182  168  157  147  136
  125  116  112  116  123  129  129  123  113  103   95   87   79   71   64   60
   60   63   68   75   80   83   82   80   77   76   76   77   78   79   79   82
   89   99  113  130  150  173  198  224  248  269  285  298  308  318  327  334
  339  344  351  355  356  354  356  351  310                                   
    35.0-180.0 180.0   5.0 450.0                            LAT/LON1/LON2/DLON/H
  328  314  299  290  283  271  262  253  241  225  207  191  178  168  158  148
  138  133  135  142  151  155  150  137  121  106   94   85   77   70   66   64
   65   69   74   79   84   87   88   87   85   84   84   85   84   83   82   85
   91  102  116  133  154  177  203  231  259  284  305  322  336  348  358  365
  370  374  382  388  391  394  397  386  328                                   
    32.5-180.0 180.0   5.0 450.0                            LAT/LON1/LON2/DLON/H
  358  337  314  295  282  266  254  246  237  224  210  197  186  177  167  158
  152  151  158  168  176  175  164  144  123  106   95   88   82   78   76   76
   78   81   84   88   91   94   96   96   95   94   93   92   89   86   85   86
   93  104  119  137  157  180  206  237  269  300  327  350  370  386  399  408
  413  418  427  433  439  447  449  436  358                                   
    30.0-180.0 180.0   5.0 450.0                            LAT/LON1/LON2/DLON/H
  411  384  352  323  301  279  262  250  240  227  215  204  193  184  174  167
  164  167  176  186  191  184  167  145  124  111  104  101  100   99   98   99
  100  102  103  103  103  105  106  107  106  104  102   98   93   89   87   89
   96  109  125  144  163  186  212  243  279  315  349  379  405  427  445  457
  465  472  482  488  498  510  510  497  411                                   
    27.5-180.0 180.0   5.0 450.0                            LAT/LON1/LON2/DLON/H
  490  460  420  381  351  321  295  276  260  244  229  216  204  192  181  174
  172  177  186  193  192  181  163  144  131  126  128  132  136  137  137  137
  136  134  129  124  121  119  120  120  118  114  109  103   97   92   90   93
  102  116  135  156  177  199  225  257  294  333  372  406  438  465  487  505
  517  528  542  549  563  581  578  569  490                                   
    25.0-180.0 180.0   5.0 450.0                            LAT/LON1/LON2/DLON/H
  588  559  518  474  434  397  359  329  303  279  258  241  224  207  192  181
  178  181  187  188  182  171  159  151  152  160  173  185  193  195  193  188
  182  173  161  150  142  138  136  134  130  123  116  108  100   95   94   99
  110  128  150  173  196  219  245  277  315  356  396  434  468  498  524  546
  563  580  597  609  627  654  653  649  588                                   
    22.5-180.0 180.0   5.0 450.0                            LAT/LON1/LON2/DLON/H
  689  667  636  593  546  502  451  408  369  336  307  281  257  233  210  194
  186  185  185  181  173  166  165  173  191  215  240  259  268  267  259  246
  231  213  194  178  165  158  154  148  141  131  121  112  104  100  100  107
  120  141  167  193  218  243  270  303  341  382  422  460  495  525  552  576
  599  620  641  659  682  720  727  731  689                                   
    20.0-180.0 180.0   5.0 450.0                            LAT/LON1/LON2/DLON/H
  774  767  756  722  673  625  563  507  456  412  375  341  308  274  242  218
  203  196  191  183  176  177  190  217  253  291  323  342  347  338  322  301
  277  251  226  205  189  179  171  162  151  139  127  116  109  105  107  116
  132  155  183  213  240  267  297  332  371  412  451  487  519  547  573  597
  621  645  669  693  719  766  785  802  774                                   
    17.5-180.0 180.0   5.0 450.0                            LAT/LON1/LON2/DLON/H
  834  841  851  833  789  743  676  612  553  503  460  420  380  336  293  259
  237  224  214  205  202  213  242  286  335  378  407  418  413  396  372  343
  313  281  251  227  209  197  186  174  161  146  133  122  115  112  114  124
  141  166  196  228  259  290  324  363  404  445  482  514  542  567  590  612
  636  659  683  711  737  785  818  849  834                                   
    15.0-180.0 180.0   5.0 450.0                            LAT/LON1/LON2/DLON/H
  863  883  906  905  871  832  770  705  646  596  553  513  467  416  364  321
  292  276  264  256  259  280  322  377  428  463  476  472  455  430  400  367
  331  296  265  240  223  211  199  185  170  155  141  130  122  118  120  128
  146  171  203  238  273  309  348  392  436  477  511  539  564  586  606  625
  646  667  690  716  739  780  822  864  863                                   
    12.5-180.0 180.0   5.0 450.0                            LAT/LON1/LON2/DLON/H
  868  895  924  934  912  883  830  773  721  679  642  606  561  507  451  404
  372  354  344  340  349  378  427  480  518  529  517  494  465  435  403  368
  331  297  268  247  233  222  210  196  179  163  149  137  128  122  122  129
  145  170  204  241  280  320  365  413  458  497  529  555  580  602  621  638
  657  674  694  716  733  760  804  851  868                                   
    10.0-180.0 180.0   5.0 450.0                            LAT/LON1/LON2/DLON/H
  857  887  915  928  915  897  856  810  770  739  713  684  646  596  542  496
  467  454  449  451  465  497  540  576  584  562  522  481  446  416  386  354
  321  291  267  252  242  232  220  204  187  170  155  142  131  123  120  124
  139  165  200  239  279  322  369  417  461  498  528  556  585  611  633  652
  671  686  703  719  727  741  780  824  857                                   
     7.5-180.0 180.0   5.0 450.0                            LAT/LON1/LON2/DLON/H
  846  870  891  901  894  881  851  818  791  773  758  739  709  667  621  583
  562  557  561  570  587  613  637  641  611  555  492  441  409  386  364  338
