data/edconvlstm_nd/pred3320.15i
     1.0            IONOSPHERE MAPS     GNSS                IONEX VERSION / TYPE
pyspatialgeodesy        IME             05-JAN-18 20:20     PGM / RUN BY / DATE 
Map Name                                                    COMMENT             
Predicted global ionosphere maps (GIM).                     DESCRIPTION         
  2015    11    28     0     0     0                        EPOCH OF FIRST MAP  
  2015    11    29     0     0     0                        EPOCH OF LAST MAP   
  7200                                                      INTERVAL            
    13                                                      # OF MAPS IN FILE   
  NONE                                                      MAPPING FUNCTION    
10.0                                                        ELEVATION CUTOFF    
One-way carrier phase leveled to code                       OBSERVABLES USED    
  6371.0                                                    BASE RADIUS         
 2                                                          MAP DIMENSION       
   450.0 450.0   0.0                                        HGT1 / HGT2 / DHGT  
    87.5 -87.5  -2.5                                        LAT1 / LAT2 / DLAT  
  -180.0 180.0   5.0                                        LON1 / LON2 / DLON  
    -1                                                      EXPONENT            
                                                            END OF HEADER       
[from data line 4290]
    11                                                      START OF TEC MAP    
  2015    11    28    20     0     0                        EPOCH OF CURRENT MAP
    87.5-180.0 180.0   5.0 450.0                            LAT/LON1/LON2/DLON/H
   74   75   70   72   77   74   73   69   70   73   72   73   74   74   75   76
   76   77   77   77   77   77   76   76   75   75   75   74   74   73   73   73
   73   73   73   73   72   72   72   72   72   72   72   72   72   72   72   72
   72   72   71   71   71   71   70   70   70   69   69   69   68   68   67   67
   67   66   62   58   62   63   81   89   74                                   
    85.0-180.0 180.0   5.0 450.0                            LAT/LON1/LON2/DLON/H
   78   77   86   69   70   73   71   73   73   76   75   76   77   78   79   80
   80   81   81   81   81   80   80   79   79   78   77   77   76   76   75   75
   75   74   74   74   74   74   74   74   74   74   74   73   73   73   73   73
   72   72   72   72   72   72   71   71   71   71   70   70   70   70   69   69
   69   68   63   59   63   66   72   68   78                                   
    82.5-180.0 180.0   5.0 450.0                            LAT/LON1/LON2/DLON/H
   58   62   67   58   63   66   67   67   69   71   72   74   75   77   78   79
   80   80   80   80   79   79   78   77   75   74   73   72   71   71   70   70
   69   69   69   69   69   69   69   69   69   68   68   68   67   67   67   67
   67   67   67   67   67   67   67   67   67   66   66   66   65   64   64   63
   62   60   56   54   60   71   66   65   58                                   
    80.0-180.0 180.0   5.0 450.0                            LAT/LON1/LON2/DLON/H
   37   45   56   50   55   54   60   62   66   69   71   74   76   78   79   81
   81   81   81   80   78   77   75   73   70   68   67   65   64   63   62   62
   62   62   62   62   62   62   62   62   62   61   61   60   60   59   59   59
   59   59   59   59   60   60   60   60   60   60   60   59   58   58   56   55
   54   54   51   50   49   57   51   59   37                                   
    77.5-180.0 180.0   5.0 450.0                            LAT/LON1/LON2/DLON/H
   45   46   50   45   52   54   60   63   68   71   74   78   82   85   87   88
   89   89   88   86   84   81   78   74   71   68   65   63   61   60   59   59
   59   59   59   59   59   59   58   57   56   55   54   53   52   51   51   51
   51   52   52   53   54   55   56   56   57   57   56   55   54   53   52   50
   49   48   46   45   44   47   45   57   45                                   
    75.0-180.0 180.0   5.0 450.0                            LAT/LON1/LON2/DLON/H
   38   42   45   44   52   56   62   66   72   78   82   87   91   95   97   99
   99   99   97   94   90   86   81   76   71   67   63   60   58   56   55   55
   55   55   55   55   55   54   53   52   51   49   48   46   45   44   44   44
   44   45   46   47   49   50   51   52   53   53   53   52   52   50   49   48
   47   47   46   44   42   41   37   41   38                                   
    72.5-180.0 180.0   5.0 450.0                            LAT/LON1/LON2/DLON/H
   48   48   50   54   57   62   69   74   78   83   88   94   98  102  105  106
  107  106  104  100   95   89   82   76   69   64   59   55   52   50   49   48
   48   48   47   46   45   44   42   41   39   37   35   34   33   32   32   33
   33   35   36   38   40   42   44   45   46   46   46   46   45   44   43   42
   41   41   40   37   36   36   34   42   48                                   
    70.0-180.0 180.0   5.0 450.0                            LAT/LON1/LON2/DLON/H
   52   54   57   62   66   72   78   84   91   97  103  109  113  117  120  122
  122  122  119  115  109  101   93   85   77   70   64   60   56   54   52   50
   49   47   46   44   42   39   37   35   34   32   31   30   29   29   29   29
   30   32   34   36   38   40   42   43   44   45   46   46   45   45   45   44
   43   43   43   42   41   40   42   49   52                                   
    67.5-180.0 180.0   5.0 450.0                            LAT/LON1/LON2/DLON/H
   61   63   67   73   78   84   91   97  103  108  114  119  124  127  130  132
  133  132  130  125  119  111  102   92   83   75   68   63   59   56   54   51
   49   45   42   39   35   32   30   28   27   26   25   25   25   25   25   26
   27   29   31   33   35   37   39   40   41   42   43   44   44   44   44   44
   43   43   43   41   40   41   40   47   61                                   
    65.0-180.0 180.0   5.0 450.0                            LAT/LON1/LON2/DLON/H
   64   68   74   82   87   94  101  108  115  121  126  131  135  139  142  144
  145  145  143  139  132  123  113  103   93   84   76   70   66   62   58   54
   50   45   39   34   29   25   23   22   21   21   21   22   22   23   24   24
   26   27   28   30   31   33   35   37   38   40   41   42   43   44   45   45
   45   46   47   46   46   47   47   54   64                                   
    62.5-180.0 180.0   5.0 450.0                            LAT/LON1/LON2/DLON/H
   68   74   81   89   96  104  112  119  126  132  137  141  145  148  151  153
  155  156  155  151  144  135  124  112  101   91   83   77   72   68   63   58
   51   44   37   30   24   20   18   17   17   18   19   21   22   23   24   25
   25   26   26   27   29   30   32   34   36   37   39   41   42   44   45   46
   46   47   48   48   47   48   49   55   68                                   
    60.0-180.0 180.0   5.0 450.0                            LAT/LON1/LON2/DLON/H
   71   79   86   96  103  112  121  129  136  143  148  151  154  157  160  163
  165  166  165  161  154  145  133  121  109   99   91   84   79   74   68   62
   54   45   36   28   22   18   16   16   17   19   21   23   25   26   27   26
   26   25   25   25   26   27   29   31   33   36   38   40   42   44   46   48
   48   49   50   49   49   51   53   60   71                                   
    57.5-180.0 180.0   5.0 450.0                            LAT/LON1/LON2/DLON/H
   74   83   92  102  112  121  132  141  149  155  159  162  164  166  169  172
  175  176  175  171  163  153  141  129  117  107   99   92   87   82   76   68
   59   49   40   32   26   23   21   22   23   26   29   31   33   34   33   32
   30   28   27   26   26   27   29   31   34   37   39   42   44   46   48   50
   51   53   53   52   52   54   56   64   74                                   
    55.0-180.0 180.0   5.0 450.0                            LAT/LON1/LON2/DLON/H
   81   89  101  112  123  133  145  155  163  169  173  175  176  177  179  181
  184  185  183  178  169  159  147  136  125  115  107  101   96   90   83   75
   66   56   47   40   35   33   32   33   35   38   41   43   44   44   43   40
   37   34   32   30   30   30   32   35   37   40   42   45   47   49   51   54
   55   56   57   56   55   57   60   68   81                                   
    52.5-180.0 180.0   5.0 450.0                            LAT/LON1/LON2/DLON/H
   88   97  110  123  135  147  160  171  179  185  187  188  187  187  188  190
  192  192  188  182  173  163  152  142  132  124  117  111  105   99   91   83
   74   65   58   53   50   49   49   50   52   55   57   58   58   57   55   51
   47   44   41   39   38   38   39   42   44   47   48   49   50   52   54   57
   59   61   62   61   60   62   65   74   88                                   
    50.0-180.0 180.0   5.0 450.0                            LAT/LON1/LON2/DLON/H
   98  107  122  135  149  163  176  189  196  202  203  201  199  198  198  199
  199  197  192  185  175  166  157  149  142  135  128  122  115  107   99   91
   82   75   70   68   68   68   69   70   71   72   73   74   73   71   68   65
   61   57   54   52   50   50   50   52   54   55   55   55   55   55   57   60
   63   66   68   67   66   68   71   80   98                                   
    47.5-180.0 180.0   5.0 450.0                            LAT/LON1/LON2/DLON/H
  108  117  134  148  163  178  192  205  213  217  217  214  211  208  207  207
  206  202  195  187  178  169  163  158  153  147  141  133  124  114  105   96
   89   84   82   82   85   87   89   89   89   89   88   87   86   84   82   79
   76   73   70   67   65   63   63   64   64   64   62   60   59   58   60   63
   66   70   73   73   72   74   77   87  108                                   
    45.0-180.0 180.0   5.0 450.0                            LAT/LON1/LON2/DLON/H
  116  126  143  159  175  191  206  219  226  230  229  226  221  218  216  215
  212  207  199  189  181  175  171  168  165  160  152  142  131  119  108   98
   92   89   90   94   98  102  104  104  102  100   99   97   96   94   93   92
   90   89   86   83   80   77   76   75   74   72   68   65   62   61   62   65
   68   72   76   78   77   80   83   93  116                                   
    42.5-180.0 180.0   5.0 450.0                            LAT/LON1/LON2/DLON/H
  121  131  149  166  182  199  214  228  235  239  238  234  229  226  223  221
  218  211  203  193  186  181  180  179  177  172  162  149  134  119  107   98
   93   92   95  101  108  112  114  112  110  107  105  103  102  101  101  101
  101  101   99   96   92   88   85   83   80   77   73   68   65   63   64   66
   69   73   77   80   80   84   88   98  121                                   
    40.0-180.0 180.0   5.0 450.0                            LAT/LON1/LON2/DLON/H
  122  133  151  169  186  202  217  231  238  243  242  239  235  232  230  227
  223  216  208  199  193  190  189  189  187  180  167  151  133  117  105   96
   93   94   99  107  114  118  119  116  112  109  106  105  104  104  104  105
  107  107  106  102   98   94   90   86   83   79   75   70   67   65   66   68
   70   73   77   80   81   87   91  102  122                                   
    37.5-180.0 180.0   5.0 450.0                            LAT/LON1/LON2/DLON/H
  120  133  149  168  185  201  216  229  237  242  243  241  239  237  235  232
  228  222  214  207  201  198  198  196  192  183  168  150  131  115  103   97
   96   99  105  113  120  123  122  118  113  109  106  105  104  103  104  105
  107  107  105  102   97   93   89   85   82   78   75   71   68   67   68   70
   71   73   76   79   81   88   93  104  120                                   
    35.0-180.0 180.0   5.0 450.0                            LAT/LON1/LON2/DLON/H
  118  133  148  167  183  198  213  225  234  239  241  241  240  239  237  235
  232  227  220  214  209  206  203  200  193  182  166  148  130  116  108  104
  106  110  117  123  128  129  125  120  114  110  107  105  103  102  102  102
  102  101   99   95   91   87   84   81   79   76   74   71   70   70   71   72
   72   73   75   78   80   88   94  106  118                                   
    32.5-180.0 180.0   5.0 450.0                            LAT/LON1/LON2/DLON/H
  118  135  150  168  183  196  211  223  232  237  240  241  241  240  239  237
  234  230  225  220  215  210  205  199  190  179  164  148  134  125  120  121
  125  130  136  140  141  139  133  126  119  114  111  108  105  103  101   99
   97   94   90   86   83   81   79   78   76   75   73   72   72   72   74   75
   74   73   75   78   80   90   97  110  118                                   
    30.0-180.0 180.0   5.0 450.0                            LAT/LON1/LON2/DLON/H
  123  143  158  173  189  199  213  224  234  239  243  244  244  242  240  237
  234  231  227  223  217  211  203  195  186  176  165  155  147  143  144  149
  155  160  163  163  160  154  146  137  129  123  119  115  111  107  102   98
   93   88   83   79   77   76   76   76   76   76   75   75   75   76   77   78
   76   76   77   81   84   95  104  116  123                                   
    27.5-180.0 180.0   5.0 450.0                            LAT/LON1/LON2/DLON/H
  134  156  173  186  201  211  223  234  242  247  251  252  251  248  244  239
  234  230  226  222  216  208  199  191  185  179  175  171  170  172  178  186
  193  196  195  190  183  173  163  152  144  137  132  126  121  115  109  102
   95   88   82   77   76   77   78   80   80   80   79   79   79   80   81   81
   80   80   82   87   91  104  116  126  134                                   
    25.0-180.0 180.0   5.0 450.0                            LAT/LON1/LON2/DLON/H
  152  176  195  206  222  231  243  252  259  264  267  267  265  260  252  243
  235  229  224  219  213  205  198  192  190  192  195  199  205  212  222  231
  236  235  229  218  206  193  180  169  160  153  146  140  133  127  120  112
  103   94   86   82   81   83   86   87   87   86   85   83   83   83   84   85
   83   85   89   95  102  116  131  140  152                                   
    22.5-180.0 180.0   5.0 450.0                            LAT/LON1/LON2/DLON/H
  174  200  221  232  248  258  270  278  285  289  291  290  286  278  267  253
  241  230  223  217  211  206  202  202  206  215  227  238  249  259  269  276
  277  270  257  240  223  208  196  185  176  168  161  154  147  140  133  125
  116  105   97   92   92   94   96   97   96   93   90   88   86   85   86   87
   87   91   97  106  116  132  150  157  174                                   
    20.0-180.0 180.0   5.0 450.0                            LAT/LON1/LON2/DLON/H
  199  224  248  259  278  289  303  311  319  323  324  322  317  306  291  272
  253  238  227  220  216  215  217  223  235  251  269  285  298  307  314  315
  309  293  272  251  232  217  205  195  187  179  172  165  159  153  147  139
  130  120  111  105  104  106  107  107  104   99   94   90   87   85   85   87
   89   96  105  117  130  148  169  176  199                                   
    17.5-180.0 180.0   5.0 450.0                            LAT/LON1/LON2/DLON/H
  222  248  272  286  308  321  337  347  356  361  363  361  355  343  323  300
  275  255  240  233  231  235  244  257  276  298  319  336  346  350  348  340
  324  300  273  249  230  217  208  201  194  187  180  173  168  163  157  151
  143  133  124  118  116  116  116  114  109  102   95   89   85   83   84   87
   90  100  111  126  142  163  185  195  222                                   
    15.0-180.0 180.0   5.0 450.0                            LAT/LON1/LON2/DLON/H
  239  266  293  308  334  350  369  382  394  402  406  406  400  386  365  337
  307  282  265  258  259  269  284  304  327  351  371  383  386  379  366  347
  322  292  263  238  222  213  207  203  198  191  184  178  173  168  164  159
  151  142  133  127  124  123  122  117  110  102   93   87   83   81   82   85
   90  102  116  132  151  174  198  211  239                                   
    12.5-180.0 180.0   5.0 450.0                            LAT/LON1/LON2/DLON/H
  251  280  308  325  353  372  395  411  427  439  447  450  446  433  411  381
  349  320  302  295  301  315  336  359  383  404  418  421  412  394  369  340
  308  276  247  226  214  209  208  206  201  195  189  183  177  172  167  162
  155  146  138  132  129  127  124  119  110  100   91   85   81   79   81   85
   91  104  119  136  156  182  207  223  251                                   
    10.0-180.0 180.0   5.0 450.0                            LAT/LON1/LON2/DLON/H
  257  289  319  337  367  388  414  431  451  468  481  489  489  479  458  429
  396  367  349  344  352  370  394  417  438  451  454  444  424  395  362  327
  292  260  235  219  212  211  213  213  209  203  196  189  183  177  170  164
  156  148  141  135  131  129  125  119  109   99   90   84   81   80   82   86
   92  106  122  139  159  187  213  230  257                                   
     7.5-180.0 180.0   5.0 450.0                            LAT/LON1/LON2/DLON/H
  261  296  326  345  375  398  424  443  465  486  504  518  523  517  500  474
  444  418  402  399  409  429  452  471  483  484  474  454  425  390  352  316
