data/edconvlstm_nd/pred0990.15i
     1.0            IONOSPHERE MAPS     GNSS                IONEX VERSION / TYPE
pyspatialgeodesy        IME             05-JAN-18 20:20     PGM / RUN BY / DATE 
Map Name                                                    COMMENT             
Predicted global ionosphere maps (GIM).                     DESCRIPTION         
  2015     4     9     0     0     0                        EPOCH OF FIRST MAP  
  2015     4    10     0     0     0                        EPOCH OF LAST MAP   
  7200                                                      INTERVAL            
    13                                                      # OF MAPS IN FILE   
  NONE                                                      MAPPING FUNCTION    
10.0                                                        ELEVATION CUTOFF    
One-way carrier phase leveled to code                       OBSERVABLES USED    
  6371.0                                                    BASE RADIUS         
 2                                                          MAP DIMENSION       
   450.0 450.0   0.0                                        HGT1 / HGT2 / DHGT  
    87.5 -87.5  -2.5                                        LAT1 / LAT2 / DLAT  
  -180.0 180.0   5.0                                        LON1 / LON2 / DLON  
    -1                                                      EXPONENT            
                                                            END OF HEADER       
[from data line 4290]
    11                                                      START OF TEC MAP    
  2015     4     9    20     0     0                        EPOCH OF CURRENT MAP
    87.5-180.0 180.0   5.0 450.0                            LAT/LON1/LON2/DLON/H
  218  206  190  197  199  200  199  199  200  202  202  204  205  207  208  210
  211  212  213  214  214  214  214  214  214  213  213  212  211  211  210  210
  210  209  209  209  209  209  209  210  210  210  210  210  210  210  210  210
  209  209  209  208  208  207  207  206  205  205  204  204  203  203  202  201
  200  199  198  199  208  208  204  208  218                                   
    85.0-180.0 180.0   5.0 450.0                            LAT/LON1/LON2/DLON/H
  203  198  199  195  193  197  197  200  201  203  205  207  209  211  214  216
  218  219  221  222  222  222  222  221  221  220  219  218  217  216  215  214
  213  213  213  213  213  213  214  214  215  215  215  216  216  215  215  215
  214  213  213  212  211  210  210  209  208  207  207  206  205  205  204  203
  203  202  201  200  203  192  190  199  203                                   
    82.5-180.0 180.0   5.0 450.0                            LAT/LON1/LON2/DLON/H
  176  176  173  173  175  181  183  187  188  193  196  201  205  209  213  217
  221  223  225  226  227  227  226  224  222  220  217  215  212  210  208  206
  205  204  204  204  205  206  206  207  208  209  210  210  210  209  209  208
  207  206  204  203  202  201  200  199  198  197  196  196  195  193  192  191
  189  187  185  188  187  187  177  172  176                                   
    80.0-180.0 180.0   5.0 450.0                            LAT/LON1/LON2/DLON/H
  158  156  156  157  158  161  165  173  177  183  188  195  201  207  212  218
  222  225  227  228  228  226  224  221  217  213  209  205  200  197  194  191
  190  189  189  189  191  192  194  196  197  199  199  200  200  199  198  197
  195  193  192  190  189  188  187  186  185  184  184  183  182  181  180  179
  177  175  173  174  169  159  152  155  158                                   
    77.5-180.0 180.0   5.0 450.0                            LAT/LON1/LON2/DLON/H
  152  143  146  147  151  155  160  169  175  183  190  199  207  215  222  228
  233  237  239  239  238  236  232  227  221  215  209  202  197  191  187  184
  182  181  181  182  183  186  188  190  192  193  193  193  192  191  189  186
  184  181  179  177  175  174  173  172  172  171  171  171  170  170  169  168
  167  165  164  163  162  150  147  153  152                                   
    75.0-180.0 180.0   5.0 450.0                            LAT/LON1/LON2/DLON/H
  148  143  144  145  149  154  160  168  177  187  195  205  214  222  230  236
  241  244  245  245  242  238  233  227  220  212  204  197  190  184  178  175
  172  171  171  173  175  177  180  182  183  184  183  182  180  177  174  171
  167  164  161  159  157  156  155  154  154  154  154  155  155  155  156  157
  157  157  157  155  153  144  144  142  148                                   
    72.5-180.0 180.0   5.0 450.0                            LAT/LON1/LON2/DLON/H
  150  147  149  153  156  162  170  178  187  197  207  217  227  235  243  249
  253  256  256  255  251  246  240  232  224  215  206  197  189  182  176  171
  168  167  167  168  170  172  173  175  175  175  173  171  167  163  159  154
  150  146  143  141  139  138  138  137  138  138  139  139  140  142  144  146
  147  149  150  150  150  145  148  151  150                                   
    70.0-180.0 180.0   5.0 450.0                            LAT/LON1/LON2/DLON/H
  157  157  159  162  166  172  179  188  198  209  218  229  238  246  252  257
  261  262  261  259  255  249  242  233  224  215  206  197  189  181  175  170
  167  164  163  163  164  165  165  165  164  162  159  155  150  145  140  135
  130  127  124  122  121  120  120  120  121  121  122  123  124  126  129  133
  136  140  144  146  149  149  156  158  157                                   
    67.5-180.0 180.0   5.0 450.0                            LAT/LON1/LON2/DLON/H
  167  170  173  178  184  191  198  207  217  227  237  246  255  262  267  271
  274  275  273  270  266  260  252  244  235  226  217  208  200  192  186  180
  175  171  169  167  165  164  162  160  158  154  150  144  139  133  127  122
  118  115  112  111  111  111  112  113  114  114  114  115  116  118  122  126
  131  137  143  145  151  154  163  166  167                                   
    65.0-180.0 180.0   5.0 450.0                            LAT/LON1/LON2/DLON/H
  172  178  183  189  196  203  210  220  229  240  249  258  265  272  276  280
  282  282  281  278  273  267  260  253  245  236  228  220  212  205  198  191
  185  179  173  168  164  160  156  152  147  142  137  130  124  118  112  107
  104  101  100  100  101  102  104  105  106  106  105  105  106  108  111  116
  122  130  138  142  151  158  168  172  172                                   
    62.5-180.0 180.0   5.0 450.0                            LAT/LON1/LON2/DLON/H
  176  184  190  197  206  213  221  230  240  250  259  268  275  281  285  288
  290  290  289  287  283  278  272  265  258  251  244  237  231  223  216  208
  199  190  181  173  165  158  152  146  140  134  127  121  114  108  102   98
   95   93   93   94   96   99  101  103  103  103  102  101  101  102  106  111
  117  126  135  141  149  159  169  174  176                                   
    60.0-180.0 180.0   5.0 450.0                            LAT/LON1/LON2/DLON/H
  177  188  195  203  212  219  228  236  246  256  265  273  280  286  290  293
  295  296  296  294  291  286  281  276  270  265  261  256  250  244  236  226
  215  204  191  180  169  159  151  144  137  130  123  116  109  103   98   94
   91   90   90   92   95   98  101  103  104  103  102  100  100  100  104  109
  116  125  134  140  149  160  171  176  177                                   
    57.5-180.0 180.0   5.0 450.0                            LAT/LON1/LON2/DLON/H
  180  192  201  208  218  225  233  241  250  260  268  276  283  288  293  296
  299  300  300  298  296  292  288  285  281  279  276  273  270  264  256  245
  233  218  203  188  175  164  154  146  139  132  125  117  110  104   99   95
   93   92   92   94   97  101  104  107  107  106  105  103  102  103  107  113
  120  129  139  145  153  163  174  179  180                                   
    55.0-180.0 180.0   5.0 450.0                            LAT/LON1/LON2/DLON/H
  187  201  212  218  228  235  243  249  257  265  272  279  285  290  295  298
  301  302  302  301  298  296  293  291  290  290  290  290  288  283  275  263
  249  232  215  198  184  171  162  154  146  140  132  125  118  112  106  102
  100   98   98  100  103  106  110  112  113  112  110  109  109  111  115  122
  129  139  148  154  161  171  182  186  187                                   
    52.5-180.0 180.0   5.0 450.0                            LAT/LON1/LON2/DLON/H
  200  215  228  233  243  251  257  262  268  274  279  285  289  293  297  299
  301  302  302  300  299  297  295  295  297  299  302  303  303  298  290  278
  262  244  226  208  193  181  172  164  158  151  144  137  130  123  118  114
  111  108  107  108  110  113  117  119  120  119  118  117  118  121  126  134
  142  152  162  169  175  184  196  200  200                                   
    50.0-180.0 180.0   5.0 450.0                            LAT/LON1/LON2/DLON/H
  217  234  248  254  263  273  278  282  286  290  292  295  297  299  301  302
  303  303  302  300  299  297  298  299  303  307  312  315  314  310  300  286
  269  251  233  216  202  191  183  176  170  164  157  150  143  137  132  128
  124  121  119  118  119  121  124  127  127  127  126  126  128  132  138  147
  155  167  177  185  192  200  213  218  217                                   
    47.5-180.0 180.0   5.0 450.0                            LAT/LON1/LON2/DLON/H
  237  255  269  276  287  297  302  306  308  311  311  312  311  310  309  308
  307  306  304  302  300  300  301  304  309  315  320  323  322  315  304  288
  270  252  236  221  209  199  192  185  180  174  168  162  155  150  145  142
  138  135  131  129  129  131  133  135  135  135  134  134  137  142  149  157
  166  179  190  200  209  218  232  238  237                                   
    45.0-180.0 180.0   5.0 450.0                            LAT/LON1/LON2/DLON/H
  256  275  288  298  310  322  327  331  334  336  335  333  329  326  322  319
  316  313  310  308  306  307  309  312  317  323  328  329  325  316  302  284
  266  248  234  222  213  205  198  192  187  182  176  170  165  160  157  154
  151  147  143  140  139  140  142  143  143  142  142  142  145  149  156  164
  173  187  199  211  222  232  247  258  256                                   
    42.5-180.0 180.0   5.0 450.0                            LAT/LON1/LON2/DLON/H
  270  289  303  316  329  342  349  354  358  361  359  357  352  347  341  335
  330  325  322  320  319  320  321  324  328  332  334  333  326  313  296  277
  258  242  230  222  215  209  203  197  192  187  182  177  172  169  167  165
  162  158  153  149  148  148  150  151  151  150  148  148  150  153  159  166
  174  188  202  216  228  241  257  271  270                                   
    40.0-180.0 180.0   5.0 450.0                            LAT/LON1/LON2/DLON/H
  277  296  311  325  342  355  365  372  378  383  383  381  376  370  363  356
  350  344  340  339  338  339  340  341  342  343  342  337  326  311  292  272
  253  239  230  225  220  216  210  203  198  193  189  184  180  177  176  174
  172  168  163  158  156  157  158  159  158  156  154  153  153  154  158  163
  170  184  198  213  227  241  258  276  277                                   
    37.5-180.0 180.0   5.0 450.0                            LAT/LON1/LON2/DLON/H
  277  295  312  326  345  359  373  382  392  400  402  403  399  394  388  381
  374  368  365  363  363  363  362  360  358  355  351  343  331  315  295  275
  257  245  238  235  233  229  222  215  209  204  200  196  192  189  187  185
  182  178  173  168  165  166  167  167  165  162  159  156  155  154  155  158
  164  177  192  207  220  236  252  271  277                                   
    35.0-180.0 180.0   5.0 450.0                            LAT/LON1/LON2/DLON/H
  273  289  309  321  342  355  372  385  399  410  417  421  420  417  412  406
  399  394  391  391  391  389  385  380  375  370  364  356  344  328  310  291
  274  263  257  256  255  251  244  236  229  224  221  216  211  206  202  199
  195  190  184  179  176  176  177  176  173  169  165  161  158  155  154  156
  160  173  187  202  213  228  245  263  273                                   
    32.5-180.0 180.0   5.0 450.0                            LAT/LON1/LON2/DLON/H
  272  285  305  315  335  347  366  382  400  416  428  435  438  438  435  429
  423  419  417  417  416  413  407  399  392  387  382  375  366  354  338  321
  306  295  290  289  288  284  277  268  260  255  251  246  239  231  224  218
  213  207  200  194  191  190  189  188  183  178  173  169  164  160  158  158
  162  174  187  201  211  224  241  258  272                                   
    30.0-180.0 180.0   5.0 450.0                            LAT/LON1/LON2/DLON/H
  276  287  306  315  333  343  363  380  401  421  436  448  455  457  456  452
  446  441  439  439  437  433  425  417  410  407  405  403  399  392  381  366
  351  339  333  331  330  325  317  307  299  294  289  283  274  263  252  244
  236  229  221  214  209  206  205  202  196  190  184  180  175  170  168  168
  171  183  195  209  217  228  244  260  276                                   
    27.5-180.0 180.0   5.0 450.0                            LAT/LON1/LON2/DLON/H
  288  296  313  323  341  349  368  384  408  429  448  463  472  478  478  474
  468  462  459  457  454  448  440  433  430  431  435  440  442  441  434  422
  406  391  381  376  372  367  358  348  340  335  330  322  311  298  285  274
  264  255  246  238  231  226  222  217  210  203  197  192  188  183  181  182
  187  199  211  224  231  238  254  270  288                                   
    25.0-180.0 180.0   5.0 450.0                            LAT/LON1/LON2/DLON/H
  307  312  327  340  358  366  383  400  424  446  466  483  495  502  504  500
  493  486  480  475  470  463  455  451  453  462  473  485  493  496  492  479
  460  439  422  411  404  397  389  380  373  369  364  357  346  331  317  305
  295  285  275  264  254  246  239  232  223  215  208  203  199  195  195  197
  203  218  228  242  247  253  267  286  307                                   
    22.5-180.0 180.0   5.0 450.0                            LAT/LON1/LON2/DLON/H
  327  333  346  365  385  392  410  427  450  473  494  512  526  535  538  534
  526  516  507  499  490  481  475  475  484  500  519  535  546  549  543  526
  499  470  444  427  416  408  400  394  390  387  384  378  369  357  344  332
  322  313  301  289  275  263  253  243  233  223  216  211  207  205  205  209
  217  233  244  258  261  266  280  305  327                                   
    20.0-180.0 180.0   5.0 450.0                            LAT/LON1/LON2/DLON/H
  344  352  366  389  414  423  441  460  484  508  529  549  565  577  581  578
  570  558  546  533  520  509  504  508  523  546  568  585  592  589  577  551
  516  477  443  419  404  395  389  386  385  385  385  382  376  368  359  350
  342  333  321  306  289  274  260  248  237  227  219  214  210  209  211  216
  225  242  253  266  269  274  289  320  344                                   
    17.5-180.0 180.0   5.0 450.0                            LAT/LON1/LON2/DLON/H
  352  361  379  407  436  450  471  493  519  545  568  591  611  626  634  633
  626  613  598  581  563  550  545  552  572  596  616  625  622  609  587  553
  510  464  423  394  375  365  361  361  363  366  368  368  368  365  361  356
  349  341  328  312  293  275  259  246  234  225  217  211  208  206  208  214
  223  240  252  264  267  276  291  328  352                                   
    15.0-180.0 180.0   5.0 450.0                            LAT/LON1/LON2/DLON/H
  350  360  382  413  447  468  494  519  548  576  604  631  656  676  689  694
  689  678  662  642  620  604  598  605  623  642  652  649  634  610  579  539
  490  440  396  362  341  330  327  329  333  338  342  345  349  351  351  349
  344  335  323  306  286  267  250  237  227  218  210  205  201  199  200  205
  213  228  240  252  258  270  285  325  350                                   
    12.5-180.0 180.0   5.0 450.0                            LAT/LON1/LON2/DLON/H
  338  350  377  410  449  475  506  534  567  598  629  662  693  721  740  751
  753  746  731  710  686  666  657  659  670  678  674  658  632  600  563  519
  469  418  373  338  315  303  300  303  308  314  318  323  328  333  336  334
  329  320  307  290  270  252  236  225  216  209  201  196  191  189  189  191
  197  210  222  233  243  259  275  314  338                                   
    10.0-180.0 180.0   5.0 450.0                            LAT/LON1/LON2/DLON/H
  323  340  370  404  445  476  510  541  575  609  643  681  718  751  778  795
  805  805  795  776  751  728  712  706  705  700  684  658  625  589  550  505
  456  407  364  330  307  294  290  293  298  303  306  309  314  318  320  317
  310  299  285  268  250  233  220  211  205  198  191  186  181  177  176  176
  179  190  201  213  225  245  263  301  323                                   
     7.5-180.0 180.0   5.0 450.0                            LAT/LON1/LON2/DLON/H
  311  334  366  399  441  474  511  543  578  612  648  687  727  765  796  820
  837  845  842  827  804  779  757  740  727  710  686  655  621  585  547  505
