data/edconvlstm_nd/pred2420.15i
     1.0            IONOSPHERE MAPS     GNSS                IONEX VERSION / TYPE
pyspatialgeodesy        IME             05-JAN-18 20:20     PGM / RUN BY / DATE 
Map Name                                                    COMMENT             
Predicted global ionosphere maps (GIM).                     DESCRIPTION         
  2015     8    30     0     0     0                        EPOCH OF FIRST MAP  
  2015     8    31     0     0     0                        EPOCH OF LAST MAP   
  7200                                                      INTERVAL            
    13                                                      # OF MAPS IN FILE   
  NONE                                                      MAPPING FUNCTION    
10.0                                                        ELEVATION CUTOFF    
One-way carrier phase leveled to code                       OBSERVABLES USED    
  6371.0                                                    BASE RADIUS         
 2                                                          MAP DIMENSION       
   450.0 450.0   0.0                                        HGT1 / HGT2 / DHGT  
    87.5 -87.5  -2.5                                        LAT1 / LAT2 / DLAT  
  -180.0 180.0   5.0                                        LON1 / LON2 / DLON  
    -1                                                      EXPONENT            
                                                            END OF HEADER       
[from data line 3432]
     9                                                      START OF TEC MAP    
  2015     8    30    16     0     0                        EPOCH OF CURRENT MAP
    87.5-180.0 180.0   5.0 450.0                            LAT/LON1/LON2/DLON/H
   92   98   95  100  103  102  102   98   99  102  101  102  103  103  104  105
  105  106  106  107  107  108  108  108  108  108  108  108  108  108  108  108
  108  107  107  107  107  106  106  106  106  106  105  105  105  105  105  105
  105  105  104  104  104  104  104  104  103  103  103  102  102  101  101  100
  100  100   97   94   99   96  110  108   92                                   
    85.0-180.0 180.0   5.0 450.0                            LAT/LON1/LON2/DLON/H
   97   97  109   94   94   98   98   99  100  102  102  103  104  105  106  107
  108  109  109  110  111  111  111  112  112  112  112  112  112  112  111  111
  111  110  110  109  109  108  108  107  107  107  106  106  106  106  106  105
  105  105  105  105  105  105  105  105  104  104  103  103  102  102  101  100
  101  100   95   90   91   90   98  100   97                                   
    82.5-180.0 180.0   5.0 450.0                            LAT/LON1/LON2/DLON/H
   85   88   93   86   87   91   94   95   96   98   99  101  102  103  105  106
  107  108  109  110  111  112  112  113  113  113  113  113  113  112  112  111
  110  110  109  108  107  106  105  105  104  104  103  103  102  102  102  102
  102  102  102  102  102  102  102  101  101  100   99   98   98   97   96   95
   95   93   89   86   87   94   89   88   85                                   
    80.0-180.0 180.0   5.0 450.0                            LAT/LON1/LON2/DLON/H
   74   73   82   78   78   77   82   85   88   91   92   95   97   99  101  103
  104  106  107  108  109  110  110  111  111  111  111  111  110  109  108  107
  106  104  103  102  101   99   98   97   96   95   94   94   93   93   93   93
   93   93   93   93   93   93   93   92   92   91   90   89   88   87   86   85
   85   84   81   80   77   80   81   84   74                                   
    77.5-180.0 180.0   5.0 450.0                            LAT/LON1/LON2/DLON/H
   77   72   76   74   74   76   80   83   86   89   91   94   97  100  102  105
  107  108  110  111  112  113  114  115  115  115  115  114  114  112  111  109
  108  106  104  102  101   99   97   96   94   93   92   91   90   89   89   89
   89   89   89   89   89   89   88   87   86   85   83   82   80   79   78   77
   77   76   75   75   75   73   75   79   77                                   
    75.0-180.0 180.0   5.0 450.0                            LAT/LON1/LON2/DLON/H
   70   68   68   69   71   74   77   80   84   88   90   94   97  101  103  105
  107  109  111  112  113  114  115  116  116  117  116  115  114  113  111  110
  108  106  104  102  100   98   96   94   92   90   89   87   86   86   85   85
   86   86   86   85   85   84   83   82   80   79   77   76   74   73   72   71
   71   71   71   69   71   69   70   65   70                                   
    72.5-180.0 180.0   5.0 450.0                            LAT/LON1/LON2/DLON/H
   68   66   65   69   70   73   77   80   83   87   90   94   98  101  104  106
  108  109  110  111  113  114  115  115  116  116  115  114  113  111  109  107
  106  104  102  100   98   96   94   91   89   86   84   83   81   81   80   80
   80   80   80   79   78   77   76   74   72   70   68   67   65   64   63   63
   62   63   63   62   63   64   66   66   68                                   
    70.0-180.0 180.0   5.0 450.0                            LAT/LON1/LON2/DLON/H
   64   62   63   66   67   70   74   78   82   87   90   95   98  101  103  105
  106  107  108  109  110  112  113  113  114  113  112  111  110  108  106  105
  103  102  100   98   96   94   92   89   87   84   82   80   78   77   77   76
   76   76   75   74   73   71   69   67   65   63   61   59   58   57   56   56
   56   56   57   57   59   61   65   65   64                                   
    67.5-180.0 180.0   5.0 450.0                            LAT/LON1/LON2/DLON/H
   59   60   61   65   67   71   76   80   85   89   93   98  101  104  106  107
  108  108  109  110  111  112  112  113  113  112  110  109  107  105  104  102
  101  100   99   97   96   94   91   89   86   83   80   78   77   76   75   75
   75   74   73   71   69   67   64   62   60   58   56   55   53   52   51   51
   51   51   51   50   52   55   58   58   59                                   
    65.0-180.0 180.0   5.0 450.0                            LAT/LON1/LON2/DLON/H
   52   55   57   61   64   68   73   79   84   90   94   99  102  105  107  107
  108  108  108  109  109  110  111  111  110  109  107  105  103  102  101  100
   99   98   97   96   94   92   90   87   84   82   79   77   76   75   75   75
   75   74   72   69   66   63   60   57   56   54   53   51   50   48   47   46
   46   45   46   46   48   52   56   56   52                                   
    62.5-180.0 180.0   5.0 450.0                            LAT/LON1/LON2/DLON/H
   44   50   52   57   61   66   71   77   83   89   93   99  103  106  107  108
  108  108  109  109  110  111  112  111  110  107  105  102  100   99   99   98
   98   97   96   94   92   90   87   85   83   80   78   77   76   76   76   76
   75   74   71   68   64   60   57   54   53   52   51   50   49   47   45   44
   42   41   41   40   42   45   49   49   44                                   
    60.0-180.0 180.0   5.0 450.0                            LAT/LON1/LON2/DLON/H
   37   44   47   52   56   61   67   73   79   85   90   96  100  104  106  107
  107  108  108  109  110  111  112  111  109  106  103  100   99   98   98   98
   98   97   95   93   90   88   85   83   81   80   78   77   77   77   78   78
   77   75   72   67   62   58   54   52   51   51   51   50   48   46   43   41
   38   36   36   34   37   39   43   43   37                                   
    57.5-180.0 180.0   5.0 450.0                            LAT/LON1/LON2/DLON/H
   32   39   43   48   53   59   65   71   77   82   87   92   97  102  105  107
  108  109  110  111  113  114  114  113  111  107  104  102  101  101  102  103
  102  101   98   95   92   89   87   85   83   82   81   81   81   81   82   82
   82   79   75   70   64   60   56   54   54   54   54   53   51   48   45   42
   38   35   34   32   34   35   38   39   32                                   
    55.0-180.0 180.0   5.0 450.0                            LAT/LON1/LON2/DLON/H
   30   37   41   47   52   57   64   69   74   78   82   88   93   98  103  106
  108  110  112  113  115  116  116  115  113  109  106  105  105  106  108  109
  109  107  104   99   95   92   90   88   87   86   86   86   86   87   87   88
   87   84   80   74   68   64   60   59   59   59   59   58   55   52   48   44
   40   37   35   32   33   33   36   37   30                                   
    52.5-180.0 180.0   5.0 450.0                            LAT/LON1/LON2/DLON/H
   32   37   41   47   52   58   64   69   72   75   79   84   90   96  101  105
  109  112  114  115  117  118  118  117  114  112  109  109  110  112  116  118
  118  115  111  106  101   98   95   94   93   92   92   92   92   93   93   93
   92   90   86   80   75   71   68   67   67   68   67   65   62   57   53   48
   44   41   39   35   36   35   37   38   32                                   
    50.0-180.0 180.0   5.0 450.0                            LAT/LON1/LON2/DLON/H
   36   40   44   50   55   61   67   71   73   75   78   83   89   95  101  106
  111  114  116  118  119  120  120  119  117  114  113  113  115  119  123  126
  126  123  119  114  109  106  103  102  101  100   99   99   99   99   99   99
   99   96   93   89   84   81   79   78   79   79   78   75   70   65   59   55
   51   48   46   43   42   41   42   43   36                                   
    47.5-180.0 180.0   5.0 450.0                            LAT/LON1/LON2/DLON/H
   43   46   48   55   59   66   71   74   76   79   81   86   91   98  104  109
  114  118  120  121  121  122  121  121  119  118  117  118  121  125  130  133
  133  131  127  122  118  115  112  111  109  108  107  106  106  106  106  106
  105  104  102   99   96   93   92   92   92   91   89   85   80   73   68   64
   61   59   57   53   51   49   50   50   43                                   
    45.0-180.0 180.0   5.0 450.0                            LAT/LON1/LON2/DLON/H
   50   52   53   60   63   70   76   80   82   85   88   93   98  104  110  116
  120  123  125  125  125  125  124  124  123  122  121  122  125  130  135  138
  139  137  134  131  128  125  123  121  118  116  115  114  114  113  113  113
  113  113  112  111  109  108  107  106  106  105  102   97   90   83   78   75
   72   70   69   65   62   59   59   58   50                                   
    42.5-180.0 180.0   5.0 450.0                            LAT/LON1/LON2/DLON/H
   55   57   57   64   67   74   80   86   90   95   99  104  110  115  120  125
  129  131  132  131  130  129  129  128  128  127  127  128  130  134  138  142
  143  143  142  140  139  137  134  131  128  125  124  123  123  123  123  123
  123  123  123  123  122  121  121  120  119  117  113  107  100   94   89   86
   84   83   81   77   72   68   67   65   55                                   
    40.0-180.0 180.0   5.0 450.0                            LAT/LON1/LON2/DLON/H
   58   59   59   66   68   75   82   90   97  105  111  118  124  129  133  136
  139  140  141  139  138  136  135  135  135  134  134  134  136  139  143  146
  149  150  151  151  151  150  147  143  139  136  134  134  134  135  135  134
  134  134  134  134  134  133  132  131  129  126  121  116  109  103   99   97
   95   94   92   87   81   75   72   70   58                                   
    37.5-180.0 180.0   5.0 450.0                            LAT/LON1/LON2/DLON/H
   60   60   58   65   68   74   83   93  103  114  123  132  139  143  146  148
  150  150  150  148  146  144  144  144  144  143  142  142  144  147  151  155
  158  161  163  166  167  166  163  158  153  149  148  149  150  151  150  149
  147  146  145  144  143  142  140  138  135  131  127  122  116  112  109  107
  105  103  101   94   86   79   75   72   60                                   
    35.0-180.0 180.0   5.0 450.0                            LAT/LON1/LON2/DLON/H
   60   59   56   63   65   71   82   94  107  121  133  144  151  156  157  158
  159  160  159  158  156  154  153  153  154  154  153  154  156  160  165  170
  175  179  182  185  186  185  181  176  171  168  168  169  171  171  169  166
  162  158  154  151  149  146  143  140  136  132  128  125  121  118  116  115
  113  111  107  100   90   81   75   72   60                                   
    32.5-180.0 180.0   5.0 450.0                            LAT/LON1/LON2/DLON/H
   62   59   55   61   63   69   80   94  109  125  140  152  161  165  166  166
  167  167  167  166  165  164  163  164  165  166  167  169  173  179  187  194
  200  204  208  211  211  209  205  199  194  192  193  195  196  195  191  185
  178  170  163  157  151  146  142  138  134  130  127  125  123  122  121  121
  119  116  112  104   93   82   75   72   62                                   
    30.0-180.0 180.0   5.0 450.0                            LAT/LON1/LON2/DLON/H
   66   60   56   60   62   68   78   93  109  126  142  157  166  171  172  172
  172  173  173  174  174  173  173  175  176  179  182  188  196  206  216  226
  233  238  240  241  240  237  232  226  222  222  223  226  226  222  215  205
  193  181  170  160  151  144  139  134  130  127  124  123  123  124  125  126
  124  121  116  108   97   85   77   72   66                                   
    27.5-180.0 180.0   5.0 450.0                            LAT/LON1/LON2/DLON/H
   73   65   59   62   64   69   79   93  108  125  143  158  169  174  176  176
  176  177  179  180  182  182  184  185  189  194  201  211  224  239  253  265
  272  276  277  276  273  268  263  258  256  256  259  260  257  250  238  224
  208  192  176  162  150  142  135  130  127  124  123  123  124  126  128  130
  129  126  121  114  103   91   81   75   73                                   
    25.0-180.0 180.0   5.0 450.0                            LAT/LON1/LON2/DLON/H
   82   72   65   66   68   74   82   94  109  124  141  157  169  176  179  179
  180  181  184  187  190  192  194  198  203  210  222  237  256  275  293  307
  315  318  316  312  307  302  297  294  293  295  296  295  289  276  260  240
  221  201  182  165  151  140  134  130  127  125  124  124  126  129  132  134
  133  132  128  121  111   99   88   82   82                                   
    22.5-180.0 180.0   5.0 450.0                            LAT/LON1/LON2/DLON/H
   93   80   74   73   75   81   88   99  111  125  141  156  169  177  182  183
  185  187  191  195  200  203  207  212  219  230  246  266  289  312  333  348
  357  358  353  347  340  335  331  330  331  333  333  329  317  299  277  255
  233  211  190  170  154  143  138  135  133  131  130  130  131  134  137  139
  139  139  135  130  121  109   98   91   93                                   
    20.0-180.0 180.0   5.0 450.0                            LAT/LON1/LON2/DLON/H
  102   89   83   81   83   89   96  105  116  129  143  157  170  180  186  190
  192  196  201  206  212  217  223  230  239  253  272  296  322  348  371  387
  394  394  387  379  372  367  365  365  367  368  366  358  341  318  292  267
  244  222  201  180  163  152  147  145  144  142  140  139  138  140  142  145
  145  146  143  139  131  120  107  100  102                                   
    17.5-180.0 180.0   5.0 450.0                            LAT/LON1/LON2/DLON/H
  107   96   90   89   91   96  104  112  123  134  147  161  174  185  193  199
  203  208  214  220  227  234  242  251  262  279  300  326  354  381  404  419
  426  423  416  406  399  395  394  395  397  397  393  380  359  333  305  279
  257  236  215  194  177  166  161  159  159  157  153  150  148  147  149  150
  151  152  150  147  140  128  115  108  107                                   
    15.0-180.0 180.0   5.0 450.0                            LAT/LON1/LON2/DLON/H
  108  100   95   93   96  101  110  119  130  141  153  166  180  193  203  211
  217  223  230  237  245  254  264  275  289  306  329  355  383  410  431  445
  449  446  437  428  421  418  417  418  419  418  411  396  373  345  316  292
  272  253  233  212  194  182  177  175  174  172  167  161  156  154  154  155
  155  157  155  152  145  133  120  113  108                                   
    12.5-180.0 180.0   5.0 450.0                            LAT/LON1/LON2/DLON/H
  106  101   95   95   98  104  114  124  136  148  160  173  188  202  214  224
  233  240  248  256  265  276  288  301  317  335  358  383  409  433  452  463
  465  461  452  444  438  435  434  433  433  430  422  406  382  355  328  307
  289  272  252  231  211  198  191  188  187  183  176  169  162  158  157  156
  156  158  156  154  146  133  120  114  106                                   
    10.0-180.0 180.0   5.0 450.0                            LAT/LON1/LON2/DLON/H
  102   99   93   93   97  103  116  127  141  154  167  181  196  211  225  238
  249  258  266  276  286  299  313  328  344  363  384  407  431  451  466  474
  475  471  463  457  452  448  446  443  440  435  425  409  388  363  340  321
  305  288  268  245  224  208  199  195  192  187  180  171  163  158  156  155
  154  155  153  150  143  129  116  110  102                                   
     7.5-180.0 180.0   5.0 450.0                            LAT/LON1/LON2/DLON/H
   97   96   88   90   95  102  116  128  145  160  175  189  204  220  236  251
  264  275  284  294  306  320  335  352  369  388  408  428  447  464  476  482
