data/edconvlstm_nd/pred3020.15i
     1.0            IONOSPHERE MAPS     GNSS                IONEX VERSION / TYPE
pyspatialgeodesy        IME             05-JAN-18 20:20     PGM / RUN BY / DATE 
Map Name                                                    COMMENT             
Predicted global ionosphere maps (GIM).                     DESCRIPTION         
  2015    10    29     0     0     0                        EPOCH OF FIRST MAP  
  2015    10    30     0     0     0                        EPOCH OF LAST MAP   
  7200                                                      INTERVAL            
    13                                                      # OF MAPS IN FILE   
  NONE                                                      MAPPING FUNCTION    
10.0                                                        ELEVATION CUTOFF    
One-way carrier phase leveled to code                       OBSERVABLES USED    
  6371.0                                                    BASE RADIUS         
 2                                                          MAP DIMENSION       
   450.0 450.0   0.0                                        HGT1 / HGT2 / DHGT  
    87.5 -87.5  -2.5                                        LAT1 / LAT2 / DLAT  
  -180.0 180.0   5.0                                        LON1 / LON2 / DLON  
    -1                                                      EXPONENT            
                                                            END OF HEADER       
[from data line 429]
     2                                                      START OF TEC MAP    
  2015    10    29     2     0     0                        EPOCH OF CURRENT MAP
    87.5-180.0 180.0   5.0 450.0                            LAT/LON1/LON2/DLON/H
   66   73   69   66   64   65   62   60   61   61   61   62   63   63   64   64
   65   65   65   65   65   65   64   64   64   63   63   62   62   61   61   60
   60   60   59   59   59   59   59   59   59   60   60   60   61   61   62   62
   62   63   63   64   64   64   64   64   64   64   64   64   64   63   63   63
   64   64   63   61   61   74   79   80   66                                   
    85.0-180.0 180.0   5.0 450.0                            LAT/LON1/LON2/DLON/H
   63   81   67   69   68   68   66   63   64   64   63   64   64   64   65   65
   65   65   65   65   65   64   64   64   63   62   62   61   61   60   60   60
   60   60   61   61   62   63   64   65   66   67   68   69   70   71   72   73
   74   75   75   76   77   77   78   78   79   79   79   79   79   79   78   79
   79   79   77   79   78   80   89   82   63                                   
    82.5-180.0 180.0   5.0 450.0                            LAT/LON1/LON2/DLON/H
   70   73   82   73   67   68   64   61   63   62   61   62   62   62   63   63
   63   64   63   63   63   62   61   60   59   58   57   56   55   55   54   54
   54   55   56   57   58   60   62   64   66   68   70   72   73   75   77   78
   79   81   82   83   85   86   87   88   90   90   91   92   92   92   92   92
   92   91   89   87   93   81   84   86   70                                   
    80.0-180.0 180.0   5.0 450.0                            LAT/LON1/LON2/DLON/H
   91   90   87   73   67   63   61   58   58   56   55   55   55   56   56   56
   57   57   56   56   55   55   54   53   52   50   49   48   48   47   47   47
   47   48   50   51   53   55   57   59   62   64   66   68   70   72   74   75
   77   78   80   82   84   86   89   91   93   96   98   99  101  102  103  104
  104  102  101   98  109   99  101  105   91                                   
    77.5-180.0 180.0   5.0 450.0                            LAT/LON1/LON2/DLON/H
  112  108   98   85   75   70   66   63   62   59   57   57   57   57   57   57
   57   57   56   56   55   54   52   51   49   48   46   45   44   43   43   43
   44   45   46   48   49   52   54   56   59   61   63   65   66   68   69   71
   72   74   76   79   82   86   90   94   98  102  105  109  112  114  116  119
  120  121  119  121  127  119  121  124  112                                   
    75.0-180.0 180.0   5.0 450.0                            LAT/LON1/LON2/DLON/H
  131  128  119  106   92   85   79   74   71   66   63   62   61   60   59   58
   57   56   55   54   53   52   51   49   48   47   45   44   44   43   43   42
   42   43   43   44   46   47   49   51   52   54   55   56   57   58   59   60
   62   64   66   70   75   80   86   92   98  104  110  115  120  124  128  133
  135  138  140  139  148  149  151  149  131                                   
    72.5-180.0 180.0   5.0 450.0                            LAT/LON1/LON2/DLON/H
  151  150  142  126  113  103   96   89   84   78   73   70   67   64   62   59
   57   55   54   53   53   52   51   51   50   49   48   48   47   47   46   46
   45   45   45   45   45   46   47   49   50   51   52   53   53   53   54   54
   55   58   61   66   72   79   87   95  104  112  119  126  131  136  142  147
  151  155  161  163  171  171  174  172  151                                   
    70.0-180.0 180.0   5.0 450.0                            LAT/LON1/LON2/DLON/H
  176  173  163  148  132  119  110  102   96   88   81   76   70   65   60   56
   52   50   49   49   49   49   49   50   50   50   50   50   50   49   49   48
   47   46   45   44   44   44   45   46   47   47   48   48   48   48   48   49
   50   52   57   63   70   80   90  101  111  121  130  137  142  147  152  158
  162  167  175  179  188  191  196  191  176                                   
    67.5-180.0 180.0   5.0 450.0                            LAT/LON1/LON2/DLON/H
  190  188  176  159  143  129  118  109  101   92   84   77   69   61   54   49
   45   42   42   42   43   44   45   46   46   47   47   47   48   47   47   46
   44   42   40   39   38   37   37   38   39   39   40   40   40   39   39   40
   41   44   49   56   66   77   90  103  115  126  135  142  147  151  155  160
  163  167  176  181  192  197  203  200  190                                   
    65.0-180.0 180.0   5.0 450.0                            LAT/LON1/LON2/DLON/H
  199  196  183  166  149  135  123  114  107   97   88   80   70   61   52   46
   41   39   39   40   42   43   44   44   45   45   45   45   46   45   45   43
   41   39   37   35   33   33   33   34   34   35   35   36   35   35   35   36
   37   41   46   55   66   79   94  109  123  135  144  151  155  158  160  162
  164  167  174  179  191  196  204  204  199                                   
    62.5-180.0 180.0   5.0 450.0                            LAT/LON1/LON2/DLON/H
  201  198  186  169  153  139  127  118  111  102   93   84   74   63   54   47
   43   41   41   43   44   45   45   45   44   43   43   43   43   43   42   41
   39   37   34   33   32   31   32   33   34   35   35   36   36   36   36   36
   38   42   49   58   70   85  101  118  133  146  155  162  166  167  168  168
  168  167  173  176  186  192  200  203  201                                   
    60.0-180.0 180.0   5.0 450.0                            LAT/LON1/LON2/DLON/H
  200  197  185  168  153  138  126  118  111  102   94   85   75   65   56   50
   46   45   46   47   47   47   45   43   41   40   39   39   39   38   38   37
   35   34   33   32   32   32   34   35   36   37   38   38   39   39   39   40
   42   46   53   63   76   92  109  126  142  155  165  171  175  177  177  177
  174  171  174  174  183  186  194  198  200                                   
    57.5-180.0 180.0   5.0 450.0                            LAT/LON1/LON2/DLON/H
  202  197  186  168  153  138  126  117  110  102   93   85   76   67   60   55
   53   52   52   51   50   48   45   42   39   36   35   35   35   35   34   34
   33   33   33   34   35   37   39   41   42   43   44   44   45   45   46   47
   50   54   61   71   85  101  118  136  151  164  174  182  187  190  191  191
  187  182  182  180  185  185  193  197  202                                   
    55.0-180.0 180.0   5.0 450.0                            LAT/LON1/LON2/DLON/H
  208  202  190  173  158  142  129  119  110  100   91   83   76   69   64   60
   59   58   56   55   52   48   44   40   37   35   34   33   33   33   33   33
   33   34   36   39   42   45   48   50   51   52   52   52   53   54   55   57
   59   64   71   82   95  111  129  145  160  173  183  191  198  203  207  208
  205  199  197  192  194  191  197  201  208                                   
    52.5-180.0 180.0   5.0 450.0                            LAT/LON1/LON2/DLON/H
  219  213  200  184  170  154  138  125  114  101   90   82   75   70   67   65
   64   62   59   56   52   48   44   41   39   37   37   36   36   35   35   35
   36   39   42   47   52   56   60   61   62   62   61   61   62   63   65   67
   71   76   84   94  108  124  140  156  170  181  190  198  206  214  221  226
  224  219  216  209  209  202  208  210  219                                   
    50.0-180.0 180.0   5.0 450.0                            LAT/LON1/LON2/DLON/H
  234  229  216  203  189  173  156  140  124  108   93   83   76   72   70   69
   67   64   60   56   52   49   46   45   45   45   45   44   43   42   41   41
   42   45   50   57   63   69   72   73   73   72   71   71   72   73   76   79
   84   90   99  110  124  139  155  169  181  189  196  203  212  222  231  239
  241  238  234  226  225  218  223  223  234                                   
    47.5-180.0 180.0   5.0 450.0                            LAT/LON1/LON2/DLON/H
  248  246  233  224  212  197  180  161  141  120  101   89   80   76   74   72
   69   65   60   55   53   52   52   54   56   57   57   56   54   51   49   47
   48   52   58   66   74   80   84   84   83   82   80   80   81   83   86   91
   97  105  115  127  142  158  173  185  193  198  201  206  214  224  235  245
  249  249  246  239  237  231  236  236  248                                   
    45.0-180.0 180.0   5.0 450.0                            LAT/LON1/LON2/DLON/H
  256  258  247  242  233  221  206  186  163  137  115   99   88   82   78   75
   70   65   60   57   56   58   62   66   70   71   71   69   65   60   56   54
   54   58   65   74   83   90   93   93   92   90   89   88   89   92   96  101
  109  119  131  146  162  178  191  201  206  207  207  208  214  222  233  244
  250  252  250  245  243  239  243  242  256                                   
    42.5-180.0 180.0   5.0 450.0                            LAT/LON1/LON2/DLON/H
  257  261  254  252  246  238  225  207  184  157  132  113   99   91   85   79
   73   67   63   62   64   69   75   80   83   84   82   78   72   66   61   58
   58   62   70   79   89   96   99  100   98   97   96   96   97  100  104  110
  119  131  146  163  180  196  209  217  219  217  214  213  215  222  230  240
  245  247  247  243  243  239  243  242  257                                   
    40.0-180.0 180.0   5.0 450.0                            LAT/LON1/LON2/DLON/H
  251  257  251  251  249  243  234  220  199  173  148  128  113  102   94   86
   78   72   70   72   77   84   90   94   94   92   87   81   74   68   63   60
   61   66   73   83   92   99  103  104  103  102  102  102  104  106  110  116
  127  140  157  176  194  211  223  230  231  229  225  222  223  227  233  239
  242  242  242  240  239  237  239  238  251                                   
    37.5-180.0 180.0   5.0 450.0                            LAT/LON1/LON2/DLON/H
  245  248  243  241  241  237  230  220  204  182  159  141  126  114  104   94
   86   82   82   87   94  100  104  103   99   93   85   78   72   67   64   63
   65   70   78   86   95  102  105  106  106  106  106  107  108  110  113  120
  130  145  164  183  203  220  233  241  243  242  240  239  240  242  245  247
  247  244  244  241  240  238  241  238  245                                   
    35.0-180.0 180.0   5.0 450.0                            LAT/LON1/LON2/DLON/H
  245  244  236  229  228  223  216  209  199  182  164  149  136  124  113  104
   96   94   96  103  110  114  112  106   97   87   79   73   69   67   68   70
   73   78   84   91   98  104  107  107  108  108  109  110  110  111  113  119
  130  145  165  185  206  223  238  248  254  257  259  261  265  268  270  269
  265  260  258  255  254  252  256  251  245                                   
    32.5-180.0 180.0   5.0 450.0                            LAT/LON1/LON2/DLON/H
  262  256  243  226  220  210  200  194  186  175  163  152  142  131  121  112
  106  106  110  117  122  121  113  101   89   79   72   69   70   73   77   82
   87   91   95   99  103  106  108  108  108  109  110  110  110  109  110  115
  126  141  161  182  203  222  238  252  262  271  280  289  298  304  307  305
  298  291  289  285  285  283  290  282  262                                   
    30.0-180.0 180.0   5.0 450.0                            LAT/LON1/LON2/DLON/H
  303  293  272  243  228  209  192  182  174  166  158  151  143  135  126  118
  114  115  119  124  124  117  105   91   80   73   71   73   78   85   94  101
  106  109  110  110  110  110  109  108  107  108  109  109  107  105  105  109
  119  135  154  175  197  217  236  254  271  288  304  321  336  347  353  353
  345  338  336  330  331  331  340  331  303                                   
    27.5-180.0 180.0   5.0 450.0                            LAT/LON1/LON2/DLON/H
  370  358  327  287  261  231  202  183  170  161  154  149  143  136  128  122
  118  118  120  120  115  104   90   79   74   74   79   86   96  107  117  126
  131  131  129  124  119  114  110  107  105  105  105  105  103  100  100  104
  114  129  148  170  191  213  236  259  283  307  331  355  377  394  405  407
  403  397  395  387  390  393  403  394  370                                   
    25.0-180.0 180.0   5.0 450.0                            LAT/LON1/LON2/DLON/H
  458  447  404  356  322  281  237  205  182  168  158  151  144  137  129  122
  117  115  112  107   97   85   75   72   76   86   98  111  124  136  147  155
  159  156  149  139  128  119  111  105  102  100  101  100   98   96   95  100
  111  127  147  169  192  216  242  271  301  330  360  388  415  438  453  461
  461  460  460  452  454  462  473  468  458                                   
    22.5-180.0 180.0   5.0 450.0                            LAT/LON1/LON2/DLON/H
  554  547  500  447  406  357  299  250  215  191  174  161  151  141  131  123
  115  108   99   89   77   68   66   73   89  109  129  147  160  171  180  185
  185  178  165  150  134  121  110  102   98   96   96   95   94   92   93   99
  111  129  150  173  198  226  256  289  323  356  388  418  446  471  490  503
  510  515  518  513  514  529  544  546  554                                   
    20.0-180.0 180.0   5.0 450.0                            LAT/LON1/LON2/DLON/H
  638  642  599  550  505  451  382  320  270  233  205  183  166  151  138  126
  114  101   88   75   65   62   69   87  114  144  171  191  202  207  209  208
  202  190  173  154  136  121  109  100   95   92   92   91   90   88   91   98
  113  132  155  181  209  240  275  312  348  381  410  437  463  488  509  527
  540  551  558  557  559  582  604  613  638                                   
    17.5-180.0 180.0   5.0 450.0                            LAT/LON1/LON2/DLON/H
  695  710  681  645  602  550  478  406  343  292  251  218  191  170  153  136
  120  103   87   74   68   72   88  116  153  190  220  236  240  235  226  217
  205  189  171  151  134  120  108   99   93   91   90   89   87   86   89   98
  115  137  162  191  223  258  296  334  370  399  424  445  467  488  509  528
  545  560  571  576  578  606  638  653  695                                   
    15.0-180.0 180.0   5.0 450.0                            LAT/LON1/LON2/DLON/H
  712  736  725  707  676  635  568  494  423  361  307  263  227  199  177  157
  137  118  102   92   91  102  126  161  203  241  266  273  264  246  226  208
  193  177  160  144  131  119  110  102   96   92   90   87   84   83   87   98
  117  142  170  202  237  275  315  354  386  411  429  444  459  476  494  512
  529  545  559  568  571  599  637  659  712                                   
    12.5-180.0 180.0   5.0 450.0                            LAT/LON1/LON2/DLON/H
  695  720  726  725  712  688  635  569  497  428  366  313  271  237  211  188
  167  149  136  132  138  155  183  220  259  288  300  292  269  239  211  189
  173  160  148  138  130  123  116  109  102   97   93   88   84   81   85   97
  119  146  177  211  248  288  329  366  395  415  427  436  446  458  472  488
  503  518  531  542  546  570  608  635  695                                   
    10.0-180.0 180.0   5.0 450.0                            LAT/LON1/LON2/DLON/H
  655  677  691  702  708  702  667  615  550  483  419  363  317  281  253  230
  210  196  190  193  206  228  256  286  310  321  314  291  257  221  191  169
  155  147  141  137  134  131  126  119  111  104   97   90   84   80   83   97
  120  148  181  216  254  294  334  369  395  411  420  427  433  443  454  466
  479  491  502  512  515  534  568  598  655                                   
     7.5-180.0 180.0   5.0 450.0                            LAT/LON1/LON2/DLON/H
  609  623  640  655  675  684  666  630  578  519  460  407  362  327  300  279
  263  255  258  270  289  311  331  343  343  331  307  275  239  204  176  158
