data/edconvlstm_nd/pred2170.15i
     1.0            IONOSPHERE MAPS     GNSS                IONEX VERSION / TYPE
pyspatialgeodesy        IME             05-JAN-18 20:20     PGM / RUN BY / DATE 
Map Name                                                    COMMENT             
Predicted global ionosphere maps (GIM).                     DESCRIPTION         
  2015     8     5     0     0     0                        EPOCH OF FIRST MAP  
  2015     8     6     0     0     0                        EPOCH OF LAST MAP   
  7200                                                      INTERVAL            
    13                                                      # OF MAPS IN FILE   
  NONE                                                      MAPPING FUNCTION    
10.0                                                        ELEVATION CUTOFF    
One-way carrier phase leveled to code                       OBSERVABLES USED    
  6371.0                                                    BASE RADIUS         
 2                                                          MAP DIMENSION       
   450.0 450.0   0.0                                        HGT1 / HGT2 / DHGT  
    87.5 -87.5  -2.5                                        LAT1 / LAT2 / DLAT  
  -180.0 180.0   5.0                                        LON1 / LON2 / DLON  
    -1                                                      EXPONENT            
                                                            END OF HEADER       
[from data line 5148]
    13                                                      START OF TEC MAP    
  2015     8     6     0     0     0                        EPOCH OF CURRENT MAP
    87.5-180.0 180.0   5.0 450.0                            LAT/LON1/LON2/DLON/H
  142  147  156  148  146  146  144  143  143  142  142  142  142  141  141  140
  139  138  137  136  134  132  131  129  127  125  123  121  119  117  116  114
  113  112  112  111  111  111  111  111  112  112  113  114  115  116  117  118
  119  121  122  123  123  124  125  126  127  127  128  129  130  130  131  133
  134  135  136  136  134  134  140  146  142                                   
    85.0-180.0 180.0   5.0 450.0                            LAT/LON1/LON2/DLON/H
  157  157  145  149  154  154  152  150  150  149  149  149  148  147  147  145
  144  143  141  139  137  134  131  129  126  123  120  117  115  112  110  108
  107  105  104  104  104  104  104  105  106  107  108  110  112  113  115  117
  119  120  122  123  125  126  127  128  130  131  132  133  134  135  137  138
  140  142  144  146  141  147  151  154  157                                   
    82.5-180.0 180.0   5.0 450.0                            LAT/LON1/LON2/DLON/H
  160  156  162  159  161  163  160  160  161  160  159  159  158  157  156  155
  153  151  149  146  143  140  136  132  128  124  120  116  113  109  106  104
  102  100   99   98   98   98   98   99  101  103  105  107  110  113  115  118
  120  123  125  127  128  130  132  133  135  136  138  139  141  142  144  146
  148  150  151  150  150  141  146  148  160                                   
    80.0-180.0 180.0   5.0 450.0                            LAT/LON1/LON2/DLON/H
  166  164  160  159  162  165  168  169  170  168  168  168  168  167  166  165
  163  161  159  155  152  147  143  137  132  127  121  116  111  107  103  100
   98   96   94   93   93   93   94   96   98  101  104  108  112  115  119  123
  126  129  131  133  135  136  138  139  141  142  144  145  147  148  150  152
  153  153  154  153  163  153  160  165  166                                   
    77.5-180.0 180.0   5.0 450.0                            LAT/LON1/LON2/DLON/H
  173  167  163  167  164  167  173  175  177  176  176  177  177  176  176  175
  174  172  170  167  162  158  152  146  139  133  126  121  115  111  107  104
  101   99   98   97   97   97   98  100  103  106  110  115  119  124  129  133
  136  139  141  143  144  145  146  147  148  149  150  151  153  154  156  158
  158  160  158  158  165  164  166  176  173                                   
    75.0-180.0 180.0   5.0 450.0                            LAT/LON1/LON2/DLON/H
  175  164  162  168  165  168  172  175  177  177  178  179  179  179  180  180
  179  178  176  173  168  163  156  149  142  135  128  122  117  113  109  107
  105  103  102  101  101  101  102  103  106  110  114  119  124  130  135  139
  143  145  147  148  148  148  148  148  148  149  150  152  153  155  157  158
  157  159  158  152  157  163  164  175  175                                   
    72.5-180.0 180.0   5.0 450.0                            LAT/LON1/LON2/DLON/H
  162  159  160  164  162  164  169  172  175  175  176  177  178  179  180  180
  180  180  178  175  170  164  157  149  141  133  126  120  116  113  111  109
  108  107  106  104  103  102  102  103  105  108  113  118  124  130  135  139
  143  145  146  146  145  145  144  144  144  145  147  149  151  153  155  156
  156  156  157  151  151  155  161  175  162                                   
    70.0-180.0 180.0   5.0 450.0                            LAT/LON1/LON2/DLON/H
  161  153  157  163  162  164  168  172  176  176  177  178  179  180  181  182
  183  182  180  177  171  164  155  146  137  129  123  117  114  112  112  112
  112  111  110  108  106  103  102  102  103  106  110  115  121  127  133  137
  140  141  142  141  140  139  138  139  140  142  145  148  150  153  155  157
  157  156  157  153  152  155  159  172  161                                   
    67.5-180.0 180.0   5.0 450.0                            LAT/LON1/LON2/DLON/H
  162  156  158  163  162  164  168  171  175  175  176  178  179  180  181  182
  182  182  179  175  168  160  150  139  130  121  115  110  108  108  109  110
  111  111  109  106  102   99   96   94   94   97  101  106  111  117  122  126
  129  130  129  129  127  127  127  128  131  135  139  144  148  151  154  156
  156  156  156  152  152  154  157  171  162                                   
    65.0-180.0 180.0   5.0 450.0                            LAT/LON1/LON2/DLON/H
  165  159  161  167  165  165  168  171  175  174  176  177  179  180  181  182
  183  182  178  173  165  155  144  133  122  114  108  105  104  105  107  109
  110  110  107  103   98   92   88   86   85   87   90   95  101  106  110  114
  115  116  115  114  114  114  116  119  124  129  136  142  147  151  155  157
  157  157  158  153  154  157  161  174  165                                   
    62.5-180.0 180.0   5.0 450.0                            LAT/LON1/LON2/DLON/H
  173  167  169  173  171  169  170  172  175  174  176  178  180  181  183  184
  184  182  178  172  163  152  140  128  118  110  105  103  103  105  108  110
  110  109  105   99   93   86   81   78   78   79   83   87   92   96  100  102
  103  103  102  102  102  103  107  112  119  127  136  143  149  154  158  160
  160  160  162  158  160  163  167  179  173                                   
    60.0-180.0 180.0   5.0 450.0                            LAT/LON1/LON2/DLON/H
  182  178  180  182  177  173  172  172  174  173  174  176  178  180  182  183
  183  181  176  169  160  149  137  127  117  111  107  105  106  108  110  112
  111  108  103   96   88   81   76   74   74   76   79   83   87   90   92   93
   93   93   92   92   93   96  102  109  119  129  139  147  154  158  161  163
  163  164  166  164  166  170  174  185  182                                   
    57.5-180.0 180.0   5.0 450.0                            LAT/LON1/LON2/DLON/H
  192  190  191  191  185  179  175  173  172  170  170  172  175  177  180  181
  180  178  173  166  158  148  138  129  121  116  114  113  114  116  116  116
  113  108  101   94   86   79   75   74   74   77   80   84   86   88   89   89
   88   87   87   87   89   94  101  111  122  134  144  153  159  163  166  167
  167  169  172  170  174  179  183  192  192                                   
    55.0-180.0 180.0   5.0 450.0                            LAT/LON1/LON2/DLON/H
  201  202  202  200  193  185  179  174  172  168  167  168  170  172  175  176
  176  173  169  163  156  148  141  135  130  127  126  126  127  127  125  122
  117  110  102   94   87   81   78   78   80   83   87   89   90   91   90   89
   88   87   87   88   91   97  106  117  129  142  152  161  166  169  170  172
  172  174  177  177  182  188  192  200  201                                   
    52.5-180.0 180.0   5.0 450.0                            LAT/LON1/LON2/DLON/H
  208  211  211  208  200  191  184  178  173  167  164  164  165  167  168  169
  169  168  164  160  155  151  147  144  142  142  142  142  141  139  135  130
  122  114  105   97   90   86   84   85   89   92   96   97   97   96   95   94
   93   92   93   94   98  104  114  125  138  150  160  168  172  174  175  176
  176  179  183  184  190  196  200  208  208                                   
    50.0-180.0 180.0   5.0 450.0                            LAT/LON1/LON2/DLON/H
  214  219  219  215  207  199  192  184  178  170  165  163  162  162  163  163
  163  162  161  159  157  155  155  155  156  157  158  158  156  151  145  137
  128  118  110  102   96   93   92   95   98  103  105  106  105  103  102  101
  101  101  101  103  107  113  123  134  146  158  167  173  177  178  179  180
  181  185  190  192  197  203  207  215  214                                   
    47.5-180.0 180.0   5.0 450.0                            LAT/LON1/LON2/DLON/H
  218  224  224  221  214  207  201  194  187  177  170  165  162  160  160  160
  159  159  159  159  159  161  163  165  168  170  171  170  166  160  151  142
  132  123  115  109  104  101  101  103  107  111  113  113  112  110  109  109
  109  110  111  113  116  122  131  141  153  163  172  177  180  181  183  186
  188  193  199  201  206  211  215  223  218                                   
    45.0-180.0 180.0   5.0 450.0                            LAT/LON1/LON2/DLON/H
  221  227  228  226  221  216  212  205  198  187  178  171  166  162  160  159
  159  159  160  161  164  167  171  174  177  179  180  177  172  164  154  144
  135  127  121  116  111  109  108  110  114  117  119  119  117  115  115  116
  118  119  120  121  124  129  137  146  157  166  174  179  182  184  188  192
  196  202  210  211  216  220  223  232  221                                   
    42.5-180.0 180.0   5.0 450.0                            LAT/LON1/LON2/DLON/H
  226  231  233  232  228  225  223  217  211  200  190  181  174  169  165  163
  162  163  164  166  170  174  177  181  183  184  183  179  172  163  153  144
  137  131  127  123  118  115  114  116  118  121  123  122  121  120  121  123
  125  126  127  127  129  133  140  149  159  168  175  181  185  188  193  200
  206  214  223  224  227  230  233  243  226                                   
    40.0-180.0 180.0   5.0 450.0                            LAT/LON1/LON2/DLON/H
  234  237  240  240  238  235  234  230  224  214  204  194  186  179  175  172
  171  171  172  174  177  181  183  185  186  186  183  177  169  160  150  143
  138  135  132  129  125  121  119  120  122  125  127  127  126  125  127  129
  131  132  131  131  132  136  143  152  161  170  178  184  189  195  201  210
  218  228  237  238  241  243  246  257  234                                   
    37.5-180.0 180.0   5.0 450.0                            LAT/LON1/LON2/DLON/H
  246  249  252  252  250  247  246  242  237  228  218  209  201  194  189  186
  184  183  183  185  187  188  189  189  188  186  182  175  166  157  148  142
  139  138  138  135  131  127  124  124  127  131  133  133  132  132  133  135
  137  136  134  133  134  138  145  155  165  175  183  190  197  203  212  222
  231  242  252  253  256  257  262  273  246                                   
    35.0-180.0 180.0   5.0 450.0                            LAT/LON1/LON2/DLON/H
  265  267  270  269  267  263  260  255  251  242  233  224  217  211  207  203
  200  198  197  197  197  197  196  194  192  189  183  176  166  157  149  144
  143  143  144  142  138  133  130  130  134  138  141  141  140  140  140  141
  141  138  135  133  134  139  148  158  170  181  190  199  207  215  224  235
  245  256  267  268  271  274  280  293  265                                   
    32.5-180.0 180.0   5.0 450.0                            LAT/LON1/LON2/DLON/H
  289  291  294  293  289  283  277  271  266  257  249  241  235  230  227  223
  219  215  213  211  209  207  205  202  199  195  190  181  171  162  154  149
  148  149  150  148  143  138  136  137  142  147  150  150  148  147  146  145
  142  137  133  131  133  139  150  162  174  187  198  208  217  227  237  248
  259  269  280  282  286  292  301  315  289                                   
    30.0-180.0 180.0   5.0 450.0                            LAT/LON1/LON2/DLON/H
  316  320  323  322  318  310  301  293  286  277  269  262  256  252  249  244
  239  234  229  225  222  219  216  213  211  207  202  193  182  171  162  157
  155  155  155  152  148  144  142  144  150  156  159  158  154  151  148  145
  140  133  128  126  129  138  150  164  178  191  203  215  226  238  249  260
  270  281  291  293  301  309  322  338  316                                   
    27.5-180.0 180.0   5.0 450.0                            LAT/LON1/LON2/DLON/H
  344  349  354  355  351  343  333  322  314  303  294  287  282  278  274  268
  262  254  247  241  236  232  229  228  226  224  218  208  196  184  173  166
  161  159  157  155  151  147  146  150  156  161  163  160  155  150  145  140
  133  126  120  119  124  135  149  165  179  193  207  220  234  247  259  271
  280  291  301  304  314  324  342  361  344                                   
    25.0-180.0 180.0   5.0 450.0                            LAT/LON1/LON2/DLON/H
  367  374  383  388  386  379  369  358  348  337  327  319  313  308  302  295
  285  275  265  257  250  246  244  244  243  241  235  224  210  196  183  172
  165  160  157  153  150  148  149  152  157  161  161  156  149  142  135  129
  122  115  110  111  118  131  147  164  180  194  209  223  239  254  268  280
  290  300  310  313  325  337  359  382  367                                   
    22.5-180.0 180.0   5.0 450.0                            LAT/LON1/LON2/DLON/H
  383  392  406  417  418  415  407  397  388  376  366  357  349  342  335  324
  312  298  285  274  266  261  259  259  259  256  248  235  219  202  187  173
  163  156  152  150  148  147  147  149  152  153  151  144  135  127  120  114
  108  102   99  102  111  126  144  161  178  193  209  225  243  261  277  291
  301  310  319  323  335  347  373  398  383                                   
    20.0-180.0 180.0   5.0 450.0                            LAT/LON1/LON2/DLON/H
  390  400  419  436  441  443  441  435  428  418  408  399  390  381  371  357
  341  323  307  292  281  275  272  271  269  264  253  237  219  200  183  168
  156  149  145  144  144  143  142  142  141  140  135  127  117  109  103   98
   93   89   89   93  104  119  137  155  173  189  206  225  246  267  287  302
  313  323  331  334  345  355  383  409  390                                   
    17.5-180.0 180.0   5.0 450.0                            LAT/LON1/LON2/DLON/H
  390  399  421  443  451  459  462  462  460  454  447  439  430  420  407  391
  372  351  330  312  297  287  282  278  272  263  247  228  208  189  172  158
  147  141  139  139  139  137  134  131  127  123  116  108  100   92   87   83
   80   78   79   85   95  110  128  146  164  182  201  223  247  272  295  314
  327  338  346  349  356  363  390  417  390                                   
    15.0-180.0 180.0   5.0 450.0                            LAT/LON1/LON2/DLON/H
  387  395  417  438  449  459  468  475  479  478  475  471  464  454  441  423
  401  378  353  331  311  297  287  278  268  252  232  210  189  171  157  145
  138  134  134  134  134  131  125  119  113  107  101   94   86   80   76   73
   71   70   72   77   87  100  117  135  154  173  194  219  247  276  303  325
  341  354  364  366  370  372  397  423  387                                   
    12.5-180.0 180.0   5.0 450.0                            LAT/LON1/LON2/DLON/H
  386  392  410  428  437  448  459  470  479  485  488  488  485  478  465  448
  427  402  374  347  323  303  287  272  256  235  211  187  167  152  142  135
  131  130  130  131  130  126  119  111  104   97   91   86   80   75   71   68
   66   66   68   72   79   91  107  124  143  164  187  214  245  278  309  335
  355  370  381  384  385  384  406  429  386                                   
    10.0-180.0 180.0   5.0 450.0                            LAT/LON1/LON2/DLON/H
  391  396  407  418  423  431  441  453  465  475  483  488  490  486  477  463
  443  419  390  359  330  304  282  262  239  214  188  165  147  136  130  128
  127  128  129  130  129  124  117  108  101   95   90   86   82   77   73   68
   65   64   65   68   74   84   98  115  134  155  180  209  244  280  314  342
  365  383  396  400  402  398  417  439  391                                   
     7.5-180.0 180.0   5.0 450.0                            LAT/LON1/LON2/DLON/H
  404  408  412  414  414  417  423  432  444  455  465  474  479  479  475  464
  448  425  397  364  331  300  273  248  222  194  168  147  134  127  125  125
