data/edconvlstm_nd/pred1640.15i
     1.0            IONOSPHERE MAPS     GNSS                IONEX VERSION / TYPE
pyspatialgeodesy        IME             05-JAN-18 20:20     PGM / RUN BY / DATE 
Map Name                                                    COMMENT             
Predicted global ionosphere maps (GIM).                     DESCRIPTION         
  2015     6    13     0     0     0                        EPOCH OF FIRST MAP  
  2015     6    14     0     0     0                        EPOCH OF LAST MAP   
  7200                                                      INTERVAL            
    13                                                      # OF MAPS IN FILE   
  NONE                                                      MAPPING FUNCTION    
10.0                                                        ELEVATION CUTOFF    
One-way carrier phase leveled to code                       OBSERVABLES USED    
  6371.0                                                    BASE RADIUS         
 2                                                          MAP DIMENSION       
   450.0 450.0   0.0                                        HGT1 / HGT2 / DHGT  
    87.5 -87.5  -2.5                                        LAT1 / LAT2 / DLAT  
  -180.0 180.0   5.0                                        LON1 / LON2 / DLON  
    -1                                                      EXPONENT            
                                                            END OF HEADER       
[from data line 3003]
     8                                                      START OF TEC MAP    
  2015     6    13    14     0     0                        EPOCH OF CURRENT MAP
    87.5-180.0 180.0   5.0 450.0                            LAT/LON1/LON2/DLON/H
  193  189  183  190  193  195  196  196  198  200  201  203  204  205  206  207
  208  208  209  209  209  209  209  208  208  207  206  205  205  204  203  202
  201  201  200  199  198  197  197  196  196  195  195  194  194  194  193  193
  193  193  192  192  192  191  191  190  190  189  189  188  188  187  187  186
  185  186  184  184  190  191  193  191  193                                   
    85.0-180.0 180.0   5.0 450.0                            LAT/LON1/LON2/DLON/H
  180  184  193  190  191  196  199  201  204  206  207  209  211  212  213  214
  215  216  216  216  216  216  216  215  214  214  213  212  211  210  209  208
  207  206  204  203  203  202  201  200  200  199  199  199  198  198  198  198
  198  197  197  197  196  196  195  195  194  194  193  192  192  191  190  189
  190  190  186  186  186  183  187  191  180                                   
    82.5-180.0 180.0   5.0 450.0                            LAT/LON1/LON2/DLON/H
  162  177  181  180  182  189  193  197  199  203  205  208  210  212  213  214
  216  216  217  217  217  217  217  216  215  214  213  212  211  210  208  206
  205  203  201  200  198  197  196  195  195  194  194  194  194  195  195  195
  195  195  195  194  194  193  192  192  191  190  189  187  186  185  183  182
  181  179  176  178  175  182  181  171  162                                   
    80.0-180.0 180.0   5.0 450.0                            LAT/LON1/LON2/DLON/H
  159  170  177  177  179  184  189  195  199  203  206  209  211  213  214  216
  217  217  217  218  217  217  217  216  215  214  213  212  210  209  207  205
  203  201  199  197  195  194  193  193  193  193  194  195  196  197  198  199
  200  201  201  201  201  200  200  199  198  196  195  193  191  189  187  185
  183  181  177  177  172  171  174  164  159                                   
    77.5-180.0 180.0   5.0 450.0                            LAT/LON1/LON2/DLON/H
  163  167  174  175  177  183  188  193  197  201  203  206  208  209  210  211
  212  212  212  213  213  213  213  213  212  212  211  210  209  208  206  204
  202  200  197  195  194  192  192  192  193  194  196  198  200  203  205  207
  208  209  210  210  210  210  209  209  208  206  205  203  200  197  194  191
  187  184  179  178  177  171  171  168  163                                   
    75.0-180.0 180.0   5.0 450.0                            LAT/LON1/LON2/DLON/H
  163  168  171  175  176  183  187  191  196  199  201  203  204  205  205  205
  205  205  206  206  206  207  207  208  208  208  208  207  207  206  204  202
  200  198  196  194  193  191  191  191  193  195  198  201  205  208  211  214
  216  217  218  218  218  218  218  217  217  216  214  212  210  206  203  200
  195  191  186  181  178  174  174  164  163                                   
    72.5-180.0 180.0   5.0 450.0                            LAT/LON1/LON2/DLON/H
  163  170  172  176  176  183  188  192  195  197  198  199  199  199  198  198
  197  197  198  199  200  201  202  203  204  204  205  204  204  203  202  201
  199  197  195  193  191  190  190  190  192  195  198  202  207  211  214  217
  219  220  221  221  221  221  222  222  221  221  220  218  216  213  210  206
  201  196  191  186  181  178  178  173  163                                   
    70.0-180.0 180.0   5.0 450.0                            LAT/LON1/LON2/DLON/H
  167  171  174  177  177  182  187  191  193  195  196  196  195  194  192  191
  191  191  191  193  195  196  198  200  201  201  202  202  201  201  200  199
  197  196  193  191  189  188  187  188  190  192  196  201  205  209  212  215
  216  217  217  217  217  218  218  219  220  220  220  219  217  214  211  208
  203  198  193  188  183  181  183  178  167                                   
    67.5-180.0 180.0   5.0 450.0                            LAT/LON1/LON2/DLON/H
  170  175  178  182  181  187  191  194  196  198  198  198  197  195  194  192
  192  192  193  195  197  200  202  204  205  205  205  205  204  204  203  202
  200  198  196  194  191  190  189  189  190  193  197  201  205  209  212  213
  214  214  214  214  214  215  217  218  220  221  221  221  219  217  214  210
  206  201  197  192  186  184  185  181  170                                   
    65.0-180.0 180.0   5.0 450.0                            LAT/LON1/LON2/DLON/H
  171  176  177  181  181  186  189  193  196  198  198  199  198  197  195  194
  194  194  196  198  201  204  206  208  209  209  208  208  207  206  205  204
  202  200  198  195  192  190  189  189  190  193  196  200  203  205  207  208
  207  207  206  207  208  210  212  215  218  219  220  219  217  214  211  207
  202  198  194  191  186  185  187  183  171                                   
    62.5-180.0 180.0   5.0 450.0                            LAT/LON1/LON2/DLON/H
  169  174  175  178  178  183  186  190  193  196  198  199  200  200  200  199
  199  199  201  204  207  210  212  214  214  214  214  213  212  211  210  208
  206  204  201  198  195  193  191  191  192  194  197  199  202  203  204  203
  202  201  201  202  205  208  212  216  219  221  222  220  217  213  208  203
  198  194  190  187  182  181  184  181  169                                   
    60.0-180.0 180.0   5.0 450.0                            LAT/LON1/LON2/DLON/H
  163  167  168  171  170  175  178  182  186  190  194  198  200  202  203  203
  203  204  205  208  211  214  216  218  219  219  218  218  218  217  216  214
  211  208  205  202  199  196  195  194  195  197  199  201  203  203  202  201
  200  199  200  202  206  211  217  222  225  227  226  223  218  212  205  199
  192  187  182  180  175  174  178  175  163                                   
    57.5-180.0 180.0   5.0 450.0                            LAT/LON1/LON2/DLON/H
  156  158  159  161  160  165  168  172  177  182  188  194  199  202  205  206
  206  207  208  210  212  215  218  220  221  222  223  224  225  225  224  222
  219  215  212  208  204  202  201  201  202  203  205  207  207  206  205  203
  202  202  204  208  214  220  227  232  236  237  234  229  222  214  205  197
  188  182  176  173  168  167  170  168  156                                   
    55.0-180.0 180.0   5.0 450.0                            LAT/LON1/LON2/DLON/H
  147  147  149  150  149  153  157  161  166  173  180  187  195  200  204  206
  207  207  207  209  211  213  216  219  221  224  227  230  232  234  234  232
  228  224  220  216  212  210  209  209  210  212  214  215  215  213  211  210
  209  210  213  219  225  233  240  245  248  248  244  237  228  218  208  198
  187  180  172  168  162  160  162  160  147                                   
    52.5-180.0 180.0   5.0 450.0                            LAT/LON1/LON2/DLON/H
  139  138  139  140  139  144  148  151  157  164  172  181  190  197  202  205
  206  206  206  206  207  210  213  217  220  225  230  235  240  243  244  243
  239  235  230  226  223  220  219  220  222  224  225  226  225  223  221  220
  220  222  226  232  239  246  252  257  259  257  253  245  235  223  212  201
  189  180  171  166  159  156  156  154  139                                   
    50.0-180.0 180.0   5.0 450.0                            LAT/LON1/LON2/DLON/H
  132  131  132  133  132  138  142  146  152  159  167  177  186  194  200  204
  205  205  205  204  205  207  211  215  220  226  233  241  248  253  255  255
  252  248  244  240  236  234  233  233  235  237  239  239  238  236  234  233
  233  236  240  245  251  257  261  265  265  263  257  249  239  228  217  205
  193  184  174  167  159  155  154  151  132                                   
    47.5-180.0 180.0   5.0 450.0                            LAT/LON1/LON2/DLON/H
  129  128  129  130  130  136  141  146  152  159  167  177  186  194  201  205
  207  207  206  206  206  208  211  216  222  229  238  248  256  263  266  267
  266  263  260  256  253  251  250  250  251  253  254  254  252  250  247  246
  247  249  252  256  259  262  265  266  265  263  257  250  241  231  221  210
  199  189  178  171  163  158  155  152  129                                   
    45.0-180.0 180.0   5.0 450.0                            LAT/LON1/LON2/DLON/H
  129  130  129  130  132  138  144  149  156  164  172  181  190  198  205  211
  214  215  214  212  212  213  216  220  227  235  245  255  265  273  278  280
  281  280  279  277  275  273  271  270  271  272  272  271  268  265  262  260
  260  261  262  263  264  263  263  262  261  258  254  248  241  233  224  215
  204  195  184  177  168  164  161  155  129                                   
    42.5-180.0 180.0   5.0 450.0                            LAT/LON1/LON2/DLON/H
  133  135  133  134  136  143  150  156  164  172  181  190  198  206  214  221
  226  227  227  225  223  224  226  230  236  244  254  265  275  283  289  294
  297  300  302  302  301  299  297  296  295  295  294  291  287  282  278  275
  273  272  271  269  266  262  259  256  255  253  251  247  242  236  229  220
  210  201  191  184  176  172  168  162  133                                   
    40.0-180.0 180.0   5.0 450.0                            LAT/LON1/LON2/DLON/H
  141  144  140  140  143  148  156  162  172  182  191  201  209  218  227  236
  242  246  245  243  241  240  241  244  250  257  266  276  286  294  302  309
  315  322  327  331  332  331  329  327  325  323  321  316  310  303  297  291
  287  284  280  275  269  263  257  254  252  252  252  250  247  242  235  227
  217  209  199  193  185  181  178  169  141                                   
    37.5-180.0 180.0   5.0 450.0                            LAT/LON1/LON2/DLON/H
  151  155  149  148  149  153  160  167  178  189  200  211  221  231  242  253
  262  267  267  265  262  260  260  262  267  273  281  290  299  307  316  325
  335  345  355  362  366  367  366  364  361  358  353  347  339  329  320  312
  306  300  294  287  279  270  263  258  257  259  260  261  258  253  246  237
  226  218  207  202  195  192  189  178  151                                   
    35.0-180.0 180.0   5.0 450.0                            LAT/LON1/LON2/DLON/H
  165  168  160  157  156  157  162  168  180  193  206  219  231  243  256  270
  281  288  290  288  284  281  281  282  286  292  299  306  314  322  332  343
  356  371  384  395  402  405  405  404  401  396  391  383  372  361  350  339
  331  324  316  308  298  288  279  273  272  274  277  278  276  270  262  252
  239  229  218  213  206  203  200  188  165                                   
    32.5-180.0 180.0   5.0 450.0                            LAT/LON1/LON2/DLON/H
  181  182  172  166  162  160  162  166  178  192  207  222  236  251  268  284
  297  307  310  309  306  303  302  303  306  312  318  324  331  339  349  363
  379  396  413  427  437  442  444  444  441  437  431  422  411  398  385  373
  363  355  347  339  328  316  305  297  294  296  299  300  298  291  281  269
  255  243  232  226  218  215  212  198  181                                   
    30.0-180.0 180.0   5.0 450.0                            LAT/LON1/LON2/DLON/H
  197  196  184  175  169  163  161  163  173  187  204  221  238  255  274  293
  309  321  326  327  324  322  322  324  327  332  338  344  350  358  369  384
  403  422  441  456  467  474  478  479  478  475  470  462  451  439  425  413
  402  394  387  378  367  353  338  327  321  321  323  323  320  312  301  287
  271  259  246  239  230  227  223  208  197                                   
    27.5-180.0 180.0   5.0 450.0                            LAT/LON1/LON2/DLON/H
  210  207  196  184  176  167  163  161  169  182  199  217  235  255  276  297
  316  330  337  340  339  339  340  343  347  353  358  364  370  379  391  407
  427  447  465  480  491  498  503  506  507  506  503  497  488  477  465  453
  443  436  429  421  409  392  373  356  346  342  342  341  337  328  316  302
  286  273  259  251  241  237  232  217  210                                   
    25.0-180.0 180.0   5.0 450.0                            LAT/LON1/LON2/DLON/H
  219  216  204  192  183  173  166  162  167  178  193  211  231  252  274  297
  318  334  344  349  351  352  355  360  366  372  378  384  391  400  413  430
  449  468  484  496  505  512  518  522  525  526  525  523  517  509  499  489
  480  474  468  459  445  424  400  378  362  354  350  348  342  334  323  310
  294  282  269  260  249  244  238  224  219                                   
    22.5-180.0 180.0   5.0 450.0                            LAT/LON1/LON2/DLON/H
  222  221  210  199  190  180  173  167  169  177  190  206  226  247  270  293
  315  333  345  353  358  362  367  374  381  389  395  402  410  420  433  450
  468  484  496  505  511  516  522  527  531  535  537  537  535  529  522  514
  508  502  495  484  466  441  412  385  364  351  344  340  334  327  319  308
  295  285  272  263  252  246  240  227  222                                   
    20.0-180.0 180.0   5.0 450.0                            LAT/LON1/LON2/DLON/H
  219  221  211  201  195  187  181  174  173  178  188  203  221  241  264  286
  309  328  343  354  362  369  376  385  394  403  410  417  426  437  451  467
  482  494  502  507  510  514  519  524  530  535  539  542  542  539  535  529
  523  516  507  493  471  441  407  376  352  335  325  319  314  308  303  296
  286  279  269  260  250  243  237  225  219                                   
    17.5-180.0 180.0   5.0 450.0                            LAT/LON1/LON2/DLON/H
  211  215  207  199  196  190  187  180  179  181  188  201  217  236  257  279
  301  321  339  352  362  372  382  393  404  414  422  430  440  452  465  479
  491  500  505  506  507  510  514  520  526  532  537  541  543  542  539  534
  528  519  507  489  462  428  392  359  333  314  301  292  287  283  280  276
  271  266  258  251  242  235  230  217  211                                   
    15.0-180.0 180.0   5.0 450.0                            LAT/LON1/LON2/DLON/H
  200  205  197  191  191  188  188  184  181  182  187  198  213  231  251  271
  293  313  332  347  360  372  385  398  411  422  431  440  451  464  477  489
  498  504  506  506  506  509  513  519  525  530  535  539  541  541  538  533
  526  515  500  477  447  412  376  343  317  296  281  270  262  258  257  255
  252  250  244  239  231  224  219  206  200                                   
    12.5-180.0 180.0   5.0 450.0                            LAT/LON1/LON2/DLON/H
  187  192  183  179  180  180  183  181  179  179  183  193  207  225  244  264
  285  306  325  342  356  369  384  400  415  428  439  450  462  475  487  497
  504  508  509  510  511  514  518  524  529  534  538  540  540  539  535  529
  521  508  490  465  433  399  365  336  311  291  273  258  248  242  239  237
  234  233  229  226  219  212  207  193  187                                   
    10.0-180.0 180.0   5.0 450.0                            LAT/LON1/LON2/DLON/H
  176  179  169  164  166  166  172  171  170  169  173  183  199  217  237  258
  278  299  319  335  350  366  383  401  419  433  446  459  473  486  497  506
  511  514  516  518  521  525  530  535  539  542  544  543  541  537  532  525
  516  502  482  456  426  394  365  340  319  299  280  262  248  239  233  227
  223  221  217  215  208  202  196  181  176                                   
     7.5-180.0 180.0   5.0 450.0                            LAT/LON1/LON2/DLON/H
  169  169  157  151  151  150  156  155  154  154  158  169  186  207  229  251
  272  293  313  330  345  362  381  402  421  439  454  469  484  498  508  515
