data/edconvlstm_nd/pred2470.15i
     1.0            IONOSPHERE MAPS     GNSS                IONEX VERSION / TYPE
pyspatialgeodesy        IME             05-JAN-18 20:20     PGM / RUN BY / DATE 
Map Name                                                    COMMENT             
Predicted global ionosphere maps (GIM).                     DESCRIPTION         
  2015     9     4     0     0     0                        EPOCH OF FIRST MAP  
  2015     9     5     0     0     0                        EPOCH OF LAST MAP   
  7200                                                      INTERVAL            
    13                                                      # OF MAPS IN FILE   
  NONE                                                      MAPPING FUNCTION    
10.0                                                        ELEVATION CUTOFF    
One-way carrier phase leveled to code                       OBSERVABLES USED    
  6371.0                                                    BASE RADIUS         
 2                                                          MAP DIMENSION       
   450.0 450.0   0.0                                        HGT1 / HGT2 / DHGT  
    87.5 -87.5  -2.5                                        LAT1 / LAT2 / DLAT  
  -180.0 180.0   5.0                                        LON1 / LON2 / DLON  
    -1                                                      EXPONENT            
                                                            END OF HEADER       
[from data line 3003]
     8                                                      START OF TEC MAP    
  2015     9     4    14     0     0                        EPOCH OF CURRENT MAP
    87.5-180.0 180.0   5.0 450.0                            LAT/LON1/LON2/DLON/H
  111  120  119  125  129  129  128  126  127  129  128  129  129  130  130  131
  131  131  131  131  131  131  131  131  130  130  129  129  128  127  126  126
  125  124  123  122  122  121  120  119  119  118  118  118  117  117  117  117
  117  117  117  117  117  117  118  118  118  118  118  118  119  119  119  119
  120  121  119  116  121  117  127  124  111                                   
    85.0-180.0 180.0   5.0 450.0                            LAT/LON1/LON2/DLON/H
  114  122  135  126  127  131  131  133  134  136  136  137  137  138  139  139
  140  140  140  140  140  140  140  139  139  138  137  137  136  135  134  133
  131  130  129  127  126  125  123  122  121  120  120  119  119  119  118  118
  118  119  119  119  119  120  120  121  121  121  122  122  123  123  123  124
  125  126  122  118  118  117  122  122  114                                   
    82.5-180.0 180.0   5.0 450.0                            LAT/LON1/LON2/DLON/H
  101  117  122  117  119  124  126  128  129  131  131  133  134  135  137  138
  138  139  140  140  140  140  140  139  139  138  137  136  135  134  133  132
  130  129  127  125  123  122  120  118  117  116  115  114  114  114  114  114
  115  115  115  116  116  117  117  117  118  118  118  118  118  118  118  119
  119  119  115  113  112  119  114  109  101                                   
    80.0-180.0 180.0   5.0 450.0                            LAT/LON1/LON2/DLON/H
   89   99  107  105  106  108  111  115  117  120  122  124  126  128  130  131
  133  134  134  135  135  135  135  134  134  133  133  132  131  130  129  128
  126  124  122  120  117  115  112  110  108  107  106  105  105  105  105  106
  106  107  107  108  108  109  109  109  109  108  108  108  107  107  107  106
  107  106  104  102   99  104  105  102   89                                   
    77.5-180.0 180.0   5.0 450.0                            LAT/LON1/LON2/DLON/H
   85   89   93   92   93   97  100  104  107  109  111  115  117  120  123  125
  127  128  129  130  131  131  131  131  131  130  130  130  130  130  129  128
  127  125  123  120  117  114  111  108  106  104  103  103  103  103  104  105
  106  107  108  108  108  108  107  106  105  104  103  102  100   99   97   96
   95   93   91   90   89   90   91   93   85                                   
    75.0-180.0 180.0   5.0 450.0                            LAT/LON1/LON2/DLON/H
   71   77   76   79   81   86   87   91   95   99  102  106  109  113  116  119
  121  123  124  125  125  126  126  126  127  127  128  128  129  130  130  129
  129  127  125  122  119  115  112  109  107  105  104  104  104  105  106  107
  109  109  110  110  109  108  107  105  103  101   99   97   95   92   90   88
   86   84   81   77   78   79   81   75   71                                   
    72.5-180.0 180.0   5.0 450.0                            LAT/LON1/LON2/DLON/H
   62   67   66   70   71   76   79   83   86   90   94   99  103  107  110  113
  116  118  119  120  121  121  121  122  122  123  124  126  127  128  129  130
  130  129  127  124  121  118  114  111  109  107  107  107  108  110  111  113
  114  115  115  114  112  110  108  105  102   99   97   94   91   88   86   83
   80   77   74   69   69   70   72   71   62                                   
    70.0-180.0 180.0   5.0 450.0                            LAT/LON1/LON2/DLON/H
   57   60   59   62   63   67   69   73   77   82   86   92   96  101  105  108
  111  113  114  115  115  116  116  117  118  119  121  123  125  126  128  129
  129  129  127  125  122  118  115  112  110  109  110  110  112  114  116  117
  118  118  117  115  112  109  106  102   99   96   93   91   88   85   83   80
   76   72   69   65   64   65   69   68   57                                   
    67.5-180.0 180.0   5.0 450.0                            LAT/LON1/LON2/DLON/H
   52   56   56   59   59   62   64   68   72   77   82   88   93   98  102  105
  108  110  111  112  112  113  113  114  115  116  118  119  121  123  125  126
  127  126  125  123  120  117  114  112  111  111  112  113  115  117  119  120
  120  119  117  114  111  107  103   99   96   93   91   89   87   85   83   80
   76   72   68   62   60   61   63   62   52                                   
    65.0-180.0 180.0   5.0 450.0                            LAT/LON1/LON2/DLON/H
   50   55   53   56   55   57   59   62   66   71   77   84   89   95   99  102
  104  106  107  108  109  110  111  112  113  114  115  117  118  120  121  123
  123  123  122  120  118  115  113  112  112  112  114  116  118  120  121  121
  120  118  115  111  106  102   98   94   92   90   89   89   88   87   85   82
   79   74   70   64   62   62   65   64   50                                   
    62.5-180.0 180.0   5.0 450.0                            LAT/LON1/LON2/DLON/H
   49   54   52   54   52   54   54   57   61   66   72   79   85   91   95   99
  101  102  103  105  106  107  108  110  111  112  113  114  115  116  117  118
  119  119  118  116  114  113  111  111  112  113  115  117  119  120  120  119
  117  114  110  105  101   96   93   90   88   88   88   88   89   88   87   85
   81   76   72   66   63   62   64   64   49                                   
    60.0-180.0 180.0   5.0 450.0                            LAT/LON1/LON2/DLON/H
   51   54   52   53   49   50   50   51   55   60   66   73   80   86   90   93
   96   98   99  100  102  104  106  108  110  111  112  112  113  113  114  115
  115  115  115  113  112  111  110  111  112  115  117  119  120  120  118  116
  112  109  104  100   96   92   89   87   86   87   88   90   90   90   89   87
   83   78   74   68   64   63   65   65   51                                   
    57.5-180.0 180.0   5.0 450.0                            LAT/LON1/LON2/DLON/H
   54   55   53   53   49   49   48   48   51   55   60   67   74   80   85   89
   91   94   96   98  100  102  105  108  110  111  112  113  113  113  113  114
  115  115  115  115  114  113  114  115  117  119  121  123  123  121  119  115
  111  107  103   99   96   93   91   90   90   91   93   95   95   95   93   90
   86   81   77   71   67   65   66   66   54                                   
    55.0-180.0 180.0   5.0 450.0                            LAT/LON1/LON2/DLON/H
   59   58   57   57   52   51   49   48   49   52   56   63   69   75   80   84
   88   91   94   97  100  103  106  108  111  113  114  114  114  114  115  116
  117  118  119  119  119  119  119  121  123  125  127  128  127  124  120  116
  112  109  106  103  101   99   97   97   98  100  101  102  102  100   97   93
   88   83   79   73   70   67   69   68   59                                   
    52.5-180.0 180.0   5.0 450.0                            LAT/LON1/LON2/DLON/H
   67   64   64   63   58   57   54   52   51   52   55   60   65   71   76   82
   87   92   96  100  103  106  108  111  113  115  116  116  116  117  118  120
  122  124  125  126  126  127  127  129  130  132  133  133  132  129  125  121
  117  115  113  112  110  109  109  109  110  112  113  113  111  108  103   97
   92   86   82   77   74   71   72   72   67                                   
    50.0-180.0 180.0   5.0 450.0                            LAT/LON1/LON2/DLON/H
   75   73   73   73   68   67   64   60   57   56   57   61   65   70   76   83
   90   97  103  107  110  112  114  115  117  118  119  119  119  119  121  124
  127  130  132  134  135  136  136  137  139  140  140  140  138  135  132  129
  127  125  125  125  124  123  122  122  124  125  126  125  122  116  110  103
   97   91   87   83   80   77   78   77   75                                   
    47.5-180.0 180.0   5.0 450.0                            LAT/LON1/LON2/DLON/H
   84   83   84   85   81   80   76   72   67   65   64   66   69   74   80   88
   97  106  114  119  122  122  122  122  123  123  123  122  121  122  123  127
  131  135  139  142  144  145  146  146  147  147  147  146  145  143  140  139
  138  138  139  139  138  137  135  135  136  138  138  137  132  125  118  110
  103   98   93   89   87   85   85   83   84                                   
    45.0-180.0 180.0   5.0 450.0                            LAT/LON1/LON2/DLON/H
   91   93   94   97   94   94   90   85   80   77   74   75   77   82   88   97
  108  120  129  134  136  134  132  130  130  129  127  125  123  123  125  129
  134  140  145  149  152  154  155  156  156  156  156  155  153  152  151  151
  151  152  152  151  150  147  145  145  146  147  148  146  141  134  126  118
  111  105  101   97   95   93   93   90   91                                   
    42.5-180.0 180.0   5.0 450.0                            LAT/LON1/LON2/DLON/H
   94   99  101  105  104  106  103   99   93   90   87   87   89   93  100  110
  123  135  145  150  151  147  143  140  137  135  132  129  126  124  126  130
  136  143  150  157  161  165  167  169  169  169  168  166  165  164  163  163
  164  164  163  161  158  154  150  149  150  153  154  153  148  141  133  126
  119  114  110  105  102  100   99   96   94                                   
    40.0-180.0 180.0   5.0 450.0                            LAT/LON1/LON2/DLON/H
   94  102  104  109  109  113  111  108  104  101   99  100  102  107  114  125
  138  152  162  166  164  159  153  148  145  142  139  134  129  127  128  133
  140  149  158  166  174  179  184  186  187  187  185  183  181  179  177  177
  176  174  172  167  162  156  151  149  151  153  156  155  152  145  138  132
  127  122  117  112  108  105  103  100   94                                   
    37.5-180.0 180.0   5.0 450.0                            LAT/LON1/LON2/DLON/H
   92  100  103  107  109  113  113  112  111  110  109  111  115  120  128  140
  153  166  175  178  176  169  162  156  153  150  146  140  136  133  134  140
  149  159  171  182  191  200  206  210  212  212  210  206  202  198  195  192
  188  184  179  172  164  157  150  148  149  152  154  154  152  146  141  136
  132  127  123  117  111  107  105  101   92                                   
    35.0-180.0 180.0   5.0 450.0                            LAT/LON1/LON2/DLON/H
   88   96   98  101  103  107  109  110  111  112  115  119  125  132  141  152
  165  177  185  187  183  176  168  162  159  157  154  149  145  144  147  154
  165  178  192  205  217  227  235  242  245  245  242  236  229  221  215  209
  203  196  188  179  169  160  152  148  148  150  152  152  149  145  140  137
  134  130  125  119  113  108  105  101   88                                   
    32.5-180.0 180.0   5.0 450.0                            LAT/LON1/LON2/DLON/H
   85   93   93   94   94   98  101  103  106  110  115  122  130  140  150  161
  173  183  190  191  186  179  171  167  165  164  163  161  160  161  166  177
  190  206  221  236  249  260  270  278  283  283  279  270  260  249  239  230
  221  212  202  191  179  168  159  153  151  151  151  150  146  142  138  136
  133  130  126  119  112  107  105  100   85                                   
    30.0-180.0 180.0   5.0 450.0                            LAT/LON1/LON2/DLON/H
   85   91   90   87   86   89   91   93   98  103  111  121  132  143  154  165
  176  184  190  190  186  179  173  169  169  171  173  175  178  184  194  208
  224  242  258  272  285  297  307  316  322  323  317  307  293  279  266  254
  243  233  222  210  197  185  174  166  161  158  154  150  145  139  135  133
  131  129  125  118  112  106  105   99   85                                   
    27.5-180.0 180.0   5.0 450.0                            LAT/LON1/LON2/DLON/H
   89   93   90   85   82   82   84   85   89   95  104  115  129  142  155  165
  175  182  186  186  183  178  173  172  173  178  184  191  199  211  226  245
  264  283  298  312  323  333  342  351  357  358  353  341  326  310  295  282
  270  259  248  236  223  209  197  187  178  171  163  154  146  138  134  131
  129  127  124  118  113  107  108  102   89                                   
    25.0-180.0 180.0   5.0 450.0                            LAT/LON1/LON2/DLON/H
   96  100   94   87   81   81   80   80   83   89   97  109  123  138  152  162
  170  177  180  181  180  177  174  174  178  185  196  208  223  241  262  284
  306  324  338  348  355  362  369  377  383  385  381  370  355  338  323  310
  299  289  278  267  254  240  226  213  201  189  176  163  151  141  134  131
  129  127  125  119  116  112  113  107   96                                   
    22.5-180.0 180.0   5.0 450.0                            LAT/LON1/LON2/DLON/H
  106  109  101   93   86   83   82   80   81   85   92  103  118  133  147  158
  165  170  174  176  177  177  177  179  184  195  209  227  247  271  296  321
  343  360  370  376  378  381  385  392  398  401  399  390  376  362  348  337
  328  319  310  298  285  270  255  241  226  210  193  175  159  146  137  133
  129  128  127  123  121  118  121  115  106                                   
    20.0-180.0 180.0   5.0 450.0                            LAT/LON1/LON2/DLON/H
  114  118  109  101   93   89   87   83   83   85   90  100  114  129  143  153
  160  165  170  173  176  179  181  185  193  206  224  246  270  297  325  350
  371  385  391  392  391  389  391  396  402  407  407  401  391  379  369  360
  353  346  337  325  310  295  279  264  249  230  210  188  169  153  142  136
  132  131  130  127  127  126  129  123  114                                   
    17.5-180.0 180.0   5.0 450.0                            LAT/LON1/LON2/DLON/H
  120  125  115  108   99   95   92   89   87   88   91   99  112  126  140  150
  157  163  168  173  178  183  188  195  205  221  241  265  291  318  345  369
  388  398  401  398  393  389  389  393  400  406  408  406  400  392  384  378
  372  365  355  342  326  310  295  281  266  247  225  201  180  162  149  141
  135  134  133  132  132  132  135  129  120                                   
    15.0-180.0 180.0   5.0 450.0                            LAT/LON1/LON2/DLON/H
  121  127  117  110  102   98   96   93   92   92   94  101  112  126  140  150
  158  164  169  176  183  190  198  207  220  237  258  282  308  334  359  379
  394  402  402  397  390  385  384  388  395  402  406  407  404  399  393  388
  382  374  363  348  330  314  301  289  276  258  236  212  189  170  156  145
  138  136  136  136  136  136  138  131  121                                   
    12.5-180.0 180.0   5.0 450.0                            LAT/LON1/LON2/DLON/H
  119  124  114  108  101   96   96   94   94   95   98  104  115  128  142  153
  161  168  174  182  190  199  209  221  235  254  275  299  322  345  366  383
  395  400  399  393  387  383  383  386  393  400  405  407  406  402  397  392
  384  375  361  343  325  309  297  288  277  262  241  217  195  176  161  149
  141  138  138  138  137  137  137  130  119                                   
    10.0-180.0 180.0   5.0 450.0                            LAT/LON1/LON2/DLON/H
  113  116  106  101   95   91   92   92   94   96  100  107  118  132  146  158
  168  175  182  190  198  208  220  234  251  271  292  314  335  354  371  385
  394  397  395  391  388  386  387  391  396  402  406  408  407  402  396  388
  378  366  350  330  311  296  285  278  270  257  239  217  196  178  163  151
  142  139  138  138  136  135  133  125  113                                   
     7.5-180.0 180.0   5.0 450.0                            LAT/LON1/LON2/DLON/H
  108  107   97   92   88   84   87   88   92   96  101  109  121  135  150  164
  175  184  192  199  207  217  231  247  267  287  308  328  346  362  376  386
