data/edconvlstm_nd/pred3200.15i
     1.0            IONOSPHERE MAPS     GNSS                IONEX VERSION / TYPE
pyspatialgeodesy        IME             05-JAN-18 20:20     PGM / RUN BY / DATE 
Map Name                                                    COMMENT             
Predicted global ionosphere maps (GIM).                     DESCRIPTION         
  2015    11    16     0     0     0                        EPOCH OF FIRST MAP  
  2015    11    17     0     0     0                        EPOCH OF LAST MAP   
  7200                                                      INTERVAL            
    13                                                      # OF MAPS IN FILE   
  NONE                                                      MAPPING FUNCTION    
10.0                                                        ELEVATION CUTOFF    
One-way carrier phase leveled to code                       OBSERVABLES USED    
  6371.0                                                    BASE RADIUS         
 2                                                          MAP DIMENSION       
   450.0 450.0   0.0                                        HGT1 / HGT2 / DHGT  
    87.5 -87.5  -2.5                                        LAT1 / LAT2 / DLAT  
  -180.0 180.0   5.0                                        LON1 / LON2 / DLON  
    -1                                                      EXPONENT            
                                                            END OF HEADER       
     1                                                      START OF TEC MAP    
  2015    11    16     0     0     0                        EPOCH OF CURRENT MAP
    87.5-180.0 180.0   5.0 450.0                            LAT/LON1/LON2/DLON/H
   93   90   84   74   74   80   77   76   77   77   77   78   78   79   78   78
   78   77   76   75   74   72   71   70   68   67   66   64   63   62   61   60
   59   58   57   57   56   56   55   55   55   55   55   55   56   56   56   57
   58   58   59   60   60   61   61   62   62   62   63   63   63   63   63   64
   64   64   64   65   59   75   80   79   93                                   
    85.0-180.0 180.0   5.0 450.0                            LAT/LON1/LON2/DLON/H
   89   96   76   78   80   88   84   83   83   83   84   84   84   84   84   84
   83   83   82   81   79   78   76   74   73   71   69   67   66   64   63   62
   61   61   60   60   60   60   60   61   61   62   63   63   64   65   66   67
   67   68   69   70   70   71   71   72   72   72   72   72   72   72   72   72
   72   72   74   79   80   88   97   89   89                                   
    82.5-180.0 180.0   5.0 450.0                            LAT/LON1/LON2/DLON/H
   85   79   87   81   81   90   85   82   85   85   85   86   87   87   86   86
   85   83   82   80   77   74   71   68   65   62   59   56   54   52   50   49
   48   48   48   48   49   49   51   52   53   55   57   58   60   61   63   64
   65   67   68   68   69   70   71   71   71   71   71   71   71   71   71   71
   71   71   72   73   80   76   84   87   85                                   
    80.0-180.0 180.0   5.0 450.0                            LAT/LON1/LON2/DLON/H
   97   88   90   81   84   87   83   81   84   83   83   84   84   84   83   82
   80   78   76   73   70   67   63   59   55   52   49   46   44   42   41   40
   40   40   40   41   42   43   45   46   48   49   51   53   55   57   58   60
   61   63   64   65   66   67   67   68   68   68   68   68   68   67   68   68
   67   66   69   69   83   76   89  103   97                                   
    77.5-180.0 180.0   5.0 450.0                            LAT/LON1/LON2/DLON/H
  110  101   92   91   90   91   86   87   89   87   87   87   86   85   83   81
   79   77   74   71   67   63   59   55   51   47   44   41   39   37   36   36
   36   37   38   39   40   42   43   45   46   48   49   51   52   54   55   57
   58   59   61   62   63   64   65   66   66   67   67   66   66   66   66   66
   66   68   70   73   81   81   90  112  110                                   
    75.0-180.0 180.0   5.0 450.0                            LAT/LON1/LON2/DLON/H
  123  110  109  107  104  104   98   97   98   95   93   91   88   85   81   77
   74   71   67   64   61   57   53   49   46   42   40   38   36   36   36   37
   38   40   42   43   45   46   47   48   49   50   51   52   53   54   54   55
   55   56   57   58   60   61   62   63   64   65   65   65   64   64   65   66
   65   68   74   74   83   93  102  118  123                                   
    72.5-180.0 180.0   5.0 450.0                            LAT/LON1/LON2/DLON/H
  133  127  128  125  123  119  115  113  113  108  104   99   93   87   81   75
   70   66   62   59   56   53   50   47   44   42   40   39   39   39   40   42
   43   45   47   48   49   50   51   51   51   51   51   50   50   49   49   48
   48   49   50   51   52   54   56   57   59   60   60   60   60   61   62   64
   65   69   78   83   94  105  117  134  133                                   
    70.0-180.0 180.0   5.0 450.0                            LAT/LON1/LON2/DLON/H
  152  150  150  150  145  142  137  134  132  125  118  110  100   90   81   72
   65   60   56   52   50   48   46   45   43   42   41   41   42   43   45   47
   48   50   52   53   53   54   54   53   53   52   51   50   49   48   47   46
   46   46   47   48   50   52   54   56   58   60   60   61   61   62   64   66
   68   73   84   92  106  121  131  145  152                                   
    67.5-180.0 180.0   5.0 450.0                            LAT/LON1/LON2/DLON/H
  167  170  169  169  163  159  153  150  147  138  129  118  105   91   79   67
   59   52   48   45   44   43   42   41   40   39   39   40   41   42   44   45
   46   47   47   48   48   47   47   47   46   46   45   44   42   41   40   39
   38   39   39   41   43   45   48   51   54   56   58   59   60   61   63   66
   69   75   88   98  114  131  141  154  167                                   
    65.0-180.0 180.0   5.0 450.0                            LAT/LON1/LON2/DLON/H
  178  183  180  180  176  171  164  162  160  151  142  129  113   97   81   68
   58   51   47   44   43   42   41   40   39   39   38   39   39   40   41   41
   41   40   40   39   38   38   38   38   38   39   39   39   38   37   36   35
   35   35   36   37   39   42   45   48   52   55   58   60   62   64   67   71
   74   81   94  104  122  140  149  163  178                                   
    62.5-180.0 180.0   5.0 450.0                            LAT/LON1/LON2/DLON/H
  184  191  188  187  183  178  171  171  170  163  154  141  125  107   90   75
   65   57   53   50   48   46   45   43   41   40   39   39   38   38   37   36
   35   33   31   30   29   29   29   31   32   34   36   36   37   36   35   35
   34   34   35   37   38   41   44   48   53   58   62   66   70   73   77   81
   85   91  104  113  128  147  155  168  184                                   
    60.0-180.0 180.0   5.0 450.0                            LAT/LON1/LON2/DLON/H
  186  194  192  189  184  179  172  173  174  170  163  151  135  118  101   87
   76   68   63   60   56   53   49   46   43   41   39   38   36   35   33   31
   28   26   24   23   22   22   24   26   28   32   34   36   37   37   36   35
   35   35   35   36   38   40   44   49   54   60   67   73   78   83   88   93
   97  104  116  123  135  151  158  171  186                                   
    57.5-180.0 180.0   5.0 450.0                            LAT/LON1/LON2/DLON/H
  189  198  197  192  186  179  172  173  176  174  168  159  144  128  113  100
   90   82   76   70   64   58   53   48   44   41   39   37   35   33   30   27
   25   22   21   20   20   21   23   25   29   33   36   39   40   40   39   38
   37   36   37   38   39   41   45   50   57   65   73   81   88   95  102  109
  113  119  131  137  146  156  163  176  189                                   
    55.0-180.0 180.0   5.0 450.0                            LAT/LON1/LON2/DLON/H
  197  207  205  198  192  184  176  176  178  176  171  163  150  137  124  113
  104   96   88   80   71   62   55   49   44   42   40   38   36   34   31   28
   25   24   23   23   24   26   28   31   35   39   43   46   47   46   45   43
   41   41   41   42   43   45   49   54   61   70   79   88   98  106  116  125
  131  137  149  154  161  166  172  186  197                                   
    52.5-180.0 180.0   5.0 450.0                            LAT/LON1/LON2/DLON/H
  210  222  218  211  205  196  186  184  184  179  173  165  154  143  132  123
  115  107   97   86   75   65   56   50   46   44   43   42   40   38   35   32
   31   30   31   33   35   37   39   42   45   49   53   56   56   55   53   51
   49   48   49   49   51   53   56   61   68   76   85   95  106  116  128  139
  147  155  166  171  178  180  184  199  210                                   
    50.0-180.0 180.0   5.0 450.0                            LAT/LON1/LON2/DLON/H
  228  242  236  230  226  216  205  199  195  187  178  168  157  147  138  131
  123  113  102   89   77   67   59   53   50   49   48   48   47   45   43   41
   40   42   44   47   50   52   54   56   59   62   66   68   68   67   64   62
   60   59   60   61   63   66   68   72   78   85   93  103  113  125  138  151
  161  170  182  187  194  195  199  215  228                                   
    47.5-180.0 180.0   5.0 450.0                            LAT/LON1/LON2/DLON/H
  246  262  255  253  251  242  230  221  212  199  186  174  162  151  142  135
  126  115  103   90   80   70   64   59   57   56   56   56   55   53   51   50
   51   54   58   62   65   68   69   70   72   75   78   80   80   79   76   74
   73   74   75   78   80   83   85   88   92   97  104  112  121  133  146  160
  171  182  193  199  207  210  214  230  246                                   
    45.0-180.0 180.0   5.0 450.0                            LAT/LON1/LON2/DLON/H
  258  277  271  274  275  268  257  246  233  216  199  183  169  157  147  137
  127  115  103   92   84   77   72   69   68   67   66   65   63   61   59   58
   59   63   68   73   77   80   81   81   83   85   88   90   91   90   89   87
   88   89   92   96   99  102  104  106  108  112  116  122  130  140  153  167
  178  189  200  206  216  222  227  242  258                                   
    42.5-180.0 180.0   5.0 450.0                            LAT/LON1/LON2/DLON/H
  261  281  277  286  289  285  277  268  254  235  216  197  180  166  154  141
  129  117  105   97   92   89   86   84   81   78   75   72   69   65   62   61
   63   67   73   79   83   85   86   87   88   91   94   96   98   99   99   99
  100  103  107  112  116  119  122  123  125  126  129  133  139  148  160  173
  183  194  204  211  221  230  235  249  261                                   
    40.0-180.0 180.0   5.0 450.0                            LAT/LON1/LON2/DLON/H
  257  274  271  282  288  287  284  278  268  250  232  213  195  179  164  149
  135  122  113  108  107  106  104  101   95   88   82   76   71   66   62   62
   64   68   73   79   83   85   86   87   89   92   96   99  102  104  105  106
  109  113  117  123  128  132  135  137  138  139  140  143  149  157  168  179
  188  197  208  214  223  234  240  251  257                                   
    37.5-180.0 180.0   5.0 450.0                            LAT/LON1/LON2/DLON/H
  249  261  256  265  274  276  275  275  270  257  243  227  210  194  177  160
  145  134  128  126  127  128  124  117  106   95   85   77   71   66   63   62
   64   68   73   77   81   83   85   87   89   93   96  100  103  106  108  110
  113  116  121  126  131  137  141  145  146  147  149  152  158  166  177  188
  196  203  214  220  227  238  245  255  249                                   
    35.0-180.0 180.0   5.0 450.0                            LAT/LON1/LON2/DLON/H
  245  252  245  247  254  257  258  262  262  256  247  236  223  208  191  175
  161  151  148  148  149  148  140  127  112   97   86   78   73   69   67   67
   69   73   77   80   82   84   86   88   91   95   98  101  103  105  108  109
  111  114  117  122  128  135  141  146  149  151  154  159  167  177  189  200
  207  214  225  232  239  250  259  269  245                                   
    32.5-180.0 180.0   5.0 450.0                            LAT/LON1/LON2/DLON/H
  255  260  249  242  244  245  244  248  252  250  246  241  231  219  204  190
  178  171  169  169  167  160  147  129  111   97   88   83   81   80   80   81
   84   88   90   91   92   92   93   95   98  100  102  103  104  105  106  107
  107  108  110  114  120  128  136  143  148  153  158  165  176  189  203  216
  224  232  244  252  263  275  287  297  255                                   
    30.0-180.0 180.0   5.0 450.0                            LAT/LON1/LON2/DLON/H
  290  297  280  261  257  252  247  247  250  248  247  243  237  226  214  202
  194  189  186  182  174  160  142  123  108   99   95   96   99  102  105  108
  112  114  115  113  110  107  107  108  109  110  110  108  107  107  106  105
  104  102  102  105  111  119  129  138  146  154  162  173  187  204  221  237
  247  257  271  282  298  314  329  341  290                                   
    27.5-180.0 180.0   5.0 450.0                            LAT/LON1/LON2/DLON/H
  353  367  341  312  303  291  277  269  265  259  254  249  242  232  221  212
  206  201  195  184  169  149  130  115  107  106  112  121  130  137  142  147
  151  152  149  143  135  129  125  124  124  123  121  117  114  111  109  107
  104  100   98   99  104  113  124  135  146  157  169  184  202  222  243  262
  276  289  306  320  344  364  382  398  353                                   
    25.0-180.0 180.0   5.0 450.0                            LAT/LON1/LON2/DLON/H
  441  465  433  398  385  365  340  319  303  288  275  264  252  240  228  220
  213  206  194  176  154  132  116  110  113  125  143  160  174  183  189  194
  196  194  187  174  161  150  144  141  140  137  133  128  123  120  116  112
  107  102   98   98  102  110  122  136  150  164  180  199  220  243  267  290
  308  327  347  365  396  424  445  465  441                                   
    22.5-180.0 180.0   5.0 450.0                            LAT/LON1/LON2/DLON/H
  538  574  548  514  499  472  434  398  367  339  315  293  272  253  238  227
  218  205  186  161  136  117  110  116  134  159  187  210  226  234  237  238
  237  229  216  198  180  167  159  155  152  150  145  139  134  129  124  118
  112  105  100   98  102  111  124  140  158  176  196  217  241  266  292  317
  341  365  389  411  449  487  512  535  538                                   
    20.0-180.0 180.0   5.0 450.0                            LAT/LON1/LON2/DLON/H
  624  675  668  645  629  599  550  501  455  414  375  340  307  278  256  240
  224  205  180  152  128  117  122  142  173  209  242  265  276  277  274  268
  260  248  229  208  189  175  166  162  160  158  154  148  141  135  129  121
  113  105   99   97  100  110  126  146  167  189  212  237  263  288  315  342
  371  399  427  453  497  542  574  599  624                                   
    17.5-180.0 180.0   5.0 450.0                            LAT/LON1/LON2/DLON/H
  682  747  763  760  747  718  669  613  559  506  455  404  358  318  287  263
  240  214  185  158  141  140  157  190  231  270  299  313  312  302  290  277
  264  248  229  208  189  175  167  164  162  160  157  151  145  137  129  120
  110  101   95   94   99  110  128  151  175  200  227  254  281  308  334  363
  394  426  457  487  532  579  616  642  682                                   
    15.0-180.0 180.0   5.0 450.0                            LAT/LON1/LON2/DLON/H
  702  776  811  826  821  801  761  712  659  603  543  482  424  374  334  301
  270  240  210  187  179  189  219  261  303  334  347  343  326  304  284  267
  253  238  220  201  184  172  165  163  162  160  157  152  144  136  126  116
  106   97   92   92   99  112  132  155  181  208  237  267  296  323  350  379
  411  445  477  510  552  593  633  658  702                                   
    12.5-180.0 180.0   5.0 450.0                            LAT/LON1/LON2/DLON/H
  688  762  806  835  840  832  807  773  733  683  625  561  498  442  395  354
  318  284  256  240  243  266  305  346  377  387  376  350  318  288  264  248
  237  225  210  194  181  171  166  164  163  161  158  151  143  133  123  112
  103   96   92   93  101  116  136  160  185  213  243  274  305  334  362  391
  424  457  490  522  558  589  626  650  688                                   
    10.0-180.0 180.0   5.0 450.0                            LAT/LON1/LON2/DLON/H
  654  719  763  795  808  811  803  789  768  733  685  627  568  513  464  421
  381  347  323  317  331  363  402  430  435  415  378  334  293  262  242  232
  225  218  207  195  185  178  174  172  169  166  161  154  144  133  122  112
  104   98   96   98  107  122  141  164  188  214  244  277  310  341  370  400
  432  464  497  526  554  575  606  628  654                                   
     7.5-180.0 180.0   5.0 450.0                            LAT/LON1/LON2/DLON/H
  615  664  701  728  744  754  759  764  763  747  715  672  624  577  534  492
  453  421  404  407  429  461  487  489  463  414  357  304  264  239  227  225
