data/edconvlstm_nd/pred3610.15i
     1.0            IONOSPHERE MAPS     GNSS                IONEX VERSION / TYPE
pyspatialgeodesy        IME             05-JAN-18 20:20     PGM / RUN BY / DATE 
Map Name                                                    COMMENT             
Predicted global ionosphere maps (GIM).                     DESCRIPTION         
  2015    12    27     0     0     0                        EPOCH OF FIRST MAP  
  2015    12    28     0     0     0                        EPOCH OF LAST MAP   
  7200                                                      INTERVAL            
    13                                                      # OF MAPS IN FILE   
  NONE                                                      MAPPING FUNCTION    
10.0                                                        ELEVATION CUTOFF    
One-way carrier phase leveled to code                       OBSERVABLES USED    
  6371.0                                                    BASE RADIUS         
 2                                                          MAP DIMENSION       
   450.0 450.0   0.0                                        HGT1 / HGT2 / DHGT  
    87.5 -87.5  -2.5                                        LAT1 / LAT2 / DLAT  
  -180.0 180.0   5.0                                        LON1 / LON2 / DLON  
    -1                                                      EXPONENT            
                                                            END OF HEADER       
[from data line 3861]
    10                                                      START OF TEC MAP    
  2015    12    27    18     0     0                        EPOCH OF CURRENT MAP
    87.5-180.0 180.0   5.0 450.0                            LAT/LON1/LON2/DLON/H
   54   57   55   57   61   58   58   53   54   56   56   57   57   58   59   60
   60   61   62   62   63   63   64   64   65   65   65   66   66   67   67   68
   68   69   69   70   70   70   71   71   71   71   71   71   71   71   70   70
   70   69   69   68   68   67   66   66   65   64   63   62   61   60   59   58
   57   56   51   47   50   50   68   74   54                                   
    85.0-180.0 180.0   5.0 450.0                            LAT/LON1/LON2/DLON/H
   57   60   71   51   52   55   53   54   54   56   56   57   57   58   59   60
   61   62   63   64   65   66   67   67   68   68   69   69   70   70   71   72
   72   73   73   74   74   74   75   75   75   74   74   74   73   73   72   72
   71   71   70   69   69   68   67   67   66   65   64   63   62   61   60   59
   58   56   51   46   51   51   60   54   57                                   
    82.5-180.0 180.0   5.0 450.0                            LAT/LON1/LON2/DLON/H
   39   46   52   42   46   47   48   47   47   48   49   50   51   52   53   54
   55   56   57   59   60   60   61   62   63   63   64   64   65   66   66   67
   68   69   70   70   71   71   71   71   71   71   70   69   69   68   67   66
   66   65   64   64   63   63   62   61   61   60   59   58   56   55   54   52
   51   49   44   42   48   56   53   49   39                                   
    80.0-180.0 180.0   5.0 450.0                            LAT/LON1/LON2/DLON/H
   24   33   45   37   40   39   42   42   43   45   45   47   48   49   50   52
   53   55   56   57   58   59   60   60   61   61   61   61   62   62   63   64
   65   66   67   68   68   69   69   69   68   67   66   65   64   63   62   61
   60   59   59   58   58   58   57   57   56   55   54   52   51   49   48   46
   45   44   41   40   41   47   44   49   24                                   
    77.5-180.0 180.0   5.0 450.0                            LAT/LON1/LON2/DLON/H
   35   38   39   33   37   37   40   40   42   43   43   46   47   49   51   53
   55   57   60   61   63   64   64   64   64   63   62   61   61   61   61   62
   63   64   65   66   66   66   66   65   63   61   60   58   56   55   54   53
   53   53   53   53   53   53   53   53   52   52   50   49   47   45   43   41
   39   38   36   35   36   38   41   46   35                                   
    75.0-180.0 180.0   5.0 450.0                            LAT/LON1/LON2/DLON/H
   29   35   37   34   39   39   42   43   45   47   48   51   52   54   57   59
   62   65   67   69   70   71   70   69   67   65   62   60   58   57   56   56
   57   58   59   60   61   61   60   59   57   55   53   51   49   48   47   47
   47   47   48   49   50   51   52   52   52   52   51   50   48   46   44   42
   41   41   39   37   38   38   38   36   29                                   
    72.5-180.0 180.0   5.0 450.0                            LAT/LON1/LON2/DLON/H
   40   41   41   41   42   43   45   46   47   48   50   52   54   57   59   62
   66   70   74   76   78   79   77   75   71   66   61   56   53   50   48   47
   47   48   49   50   50   50   49   47   45   43   40   38   36   35   34   35
   35   37   38   40   42   43   45   46   46   46   46   44   43   41   40   38
   36   36   34   32   33   36   38   40   40                                   
    70.0-180.0 180.0   5.0 450.0                            LAT/LON1/LON2/DLON/H
   42   43   44   44   45   46   47   49   52   54   56   59   62   65   68   72
   77   82   87   92   94   95   93   88   82   75   67   60   54   49   46   44
   43   43   43   44   44   43   42   41   39   36   34   32   31   30   30   30
   32   33   35   37   40   42   43   45   46   46   46   46   45   44   42   41
   40   39   39   37   39   41   46   48   42                                   
    67.5-180.0 180.0   5.0 450.0                            LAT/LON1/LON2/DLON/H
   47   46   46   47   48   48   50   52   55   57   60   64   67   70   74   79
   85   92   99  104  108  109  106  100   92   83   73   64   56   49   44   41
   39   38   37   37   36   35   34   33   31   29   28   26   25   25   25   26
   27   29   31   33   35   37   39   40   42   43   43   43   43   42   41   40
   39   38   37   36   37   41   43   45   47                                   
    65.0-180.0 180.0   5.0 450.0                            LAT/LON1/LON2/DLON/H
   45   45   45   46   46   46   49   51   56   60   64   68   72   76   80   86
   93  101  109  116  120  121  118  112  102   91   80   69   60   52   46   41
   37   34   32   30   29   28   27   26   25   24   23   22   22   22   23   24
   25   26   27   29   31   32   34   36   38   39   41   42   42   42   42   41
   41   41   41   40   41   45   47   49   45                                   
    62.5-180.0 180.0   5.0 450.0                            LAT/LON1/LON2/DLON/H
   44   44   43   44   45   44   47   51   56   61   67   72   77   82   87   93
  101  109  118  126  130  131  127  120  110   99   87   76   67   58   51   45
   39   34   30   26   24   22   21   21   20   20   21   21   21   22   22   23
   23   24   25   26   27   28   30   32   34   36   38   39   40   41   41   41
   40   41   41   40   40   43   45   47   44                                   
    60.0-180.0 180.0   5.0 450.0                            LAT/LON1/LON2/DLON/H
   41   42   40   42   41   41   44   49   56   63   70   77   83   88   93   99
  107  116  124  131  136  136  132  124  114  104   93   84   75   67   59   52
   44   37   30   25   21   19   18   18   18   19   20   21   21   22   23   23
   23   22   22   23   23   25   26   28   30   33   35   37   39   40   41   41
   40   40   40   39   39   43   44   46   41                                   
    57.5-180.0 180.0   5.0 450.0                            LAT/LON1/LON2/DLON/H
   40   41   40   42   42   42   46   51   60   68   77   85   92   97  102  108
  115  123  131  137  140  139  134  127  118  109  101   94   88   81   73   65
   55   46   37   30   25   22   20   20   21   22   24   25   27   27   27   27
   26   24   24   23   24   25   26   28   30   33   36   38   40   42   43   43
   42   42   42   41   40   43   44   46   40                                   
    55.0-180.0 180.0   5.0 450.0                            LAT/LON1/LON2/DLON/H
   42   44   43   46   46   47   52   58   67   77   87   95  103  108  113  118
  124  131  137  141  142  140  134  127  120  114  109  105  101   96   89   80
   69   57   47   38   32   28   27   27   28   29   31   33   34   35   34   33
   31   29   27   26   27   28   29   32   34   37   39   42   44   45   46   47
   46   46   45   43   42   43   44   47   42                                   
    52.5-180.0 180.0   5.0 450.0                            LAT/LON1/LON2/DLON/H
   47   48   49   53   55   57   63   70   79   89   99  108  115  120  124  129
  134  139  143  145  144  140  134  128  123  120  118  117  115  112  105   95
   82   70   58   49   43   39   37   37   38   40   41   43   44   44   43   42
   39   37   35   34   34   35   37   39   42   44   45   47   49   50   51   52
   52   51   50   48   46   46   45   49   47                                   
    50.0-180.0 180.0   5.0 450.0                            LAT/LON1/LON2/DLON/H
   54   55   58   64   67   72   78   86   94  103  113  121  127  132  136  140
  144  148  150  150  147  142  137  132  129  127  128  129  128  125  117  106
   94   81   69   61   55   52   50   50   50   51   52   54   55   55   54   52
   50   47   45   45   45   47   48   50   52   53   53   54   55   56   57   58
   58   58   57   54   51   50   49   52   54                                   
    47.5-180.0 180.0   5.0 450.0                            LAT/LON1/LON2/DLON/H
   61   63   67   75   81   88   95  103  111  119  127  134  140  144  147  151
  154  157  158  156  152  147  142  138  137  137  138  139  138  133  124  112
   99   87   77   70   66   64   63   62   62   62   63   64   65   65   64   63
   61   59   58   58   58   60   62   63   63   62   61   60   60   61   62   64
   64   64   63   61   57   55   54   57   61                                   
    45.0-180.0 180.0   5.0 450.0                            LAT/LON1/LON2/DLON/H
   67   68   74   85   93  102  110  119  126  134  141  147  151  155  157  161
  164  166  167  165  160  156  151  148  147  147  147  146  142  135  124  112
   99   89   81   77   75   74   73   73   72   71   71   72   73   74   74   73
   72   71   70   70   71   73   74   74   73   71   68   65   64   65   66   68
   68   69   68   66   62   60   58   61   67                                   
    42.5-180.0 180.0   5.0 450.0                            LAT/LON1/LON2/DLON/H
   70   70   77   91  101  112  122  132  139  147  153  158  162  164  167  171
  174  176  176  175  171  167  163  160  159  157  154  150  142  131  119  106
   95   87   82   81   81   82   82   81   79   78   77   78   79   80   81   81
   81   80   80   80   82   83   84   83   80   76   72   69   67   67   69   70
   71   71   70   68   64   62   61   63   70                                   
    40.0-180.0 180.0   5.0 450.0                            LAT/LON1/LON2/DLON/H
   68   68   76   92  104  117  129  140  148  156  162  167  171  174  177  181
  184  186  187  186  183  179  175  172  169  165  159  150  139  126  112  100
   90   85   83   84   87   89   89   88   85   83   82   82   83   85   86   87
   86   86   85   86   87   88   89   87   84   79   74   70   68   68   69   71
   71   70   69   66   63   61   60   64   68                                   
    37.5-180.0 180.0   5.0 450.0                            LAT/LON1/LON2/DLON/H
   63   64   71   89  103  117  131  144  153  163  170  176  180  184  188  191
  194  197  198  197  194  190  186  182  177  170  161  150  137  123  110   99
   92   88   89   92   96   98   98   95   92   89   88   87   88   89   89   89
   88   87   86   86   87   88   89   87   83   79   74   70   68   68   69   70
   69   68   66   63   59   58   57   62   63                                   
    35.0-180.0 180.0   5.0 450.0                            LAT/LON1/LON2/DLON/H
   57   58   65   84   99  114  130  144  156  167  176  184  190  195  199  202
  205  207  208  206  203  199  194  188  182  173  163  152  140  128  118  109
  104  102  104  108  111  112  111  107  102   98   96   94   94   93   92   91
   89   86   84   84   84   85   86   84   81   77   73   70   69   68   69   69
   67   64   62   58   54   53   51   58   57                                   
    32.5-180.0 180.0   5.0 450.0                            LAT/LON1/LON2/DLON/H
   52   54   61   79   94  109  127  143  158  171  182  192  200  206  210  212
  214  215  215  213  209  204  198  191  184  176  167  159  151  143  137  132
  129  128  130  133  134  133  129  123  117  112  108  105  102  100   97   94
   90   85   82   81   81   82   82   82   80   77   74   72   71   70   70   69
   66   62   59   55   50   49   46   54   52                                   
    30.0-180.0 180.0   5.0 450.0                            LAT/LON1/LON2/DLON/H
   50   53   60   77   92  107  124  142  158  173  187  199  208  215  220  221
  221  221  219  216  211  205  198  192  186  181  176  174  172  170  169  168
  166  166  167  167  165  160  153  145  137  131  125  120  115  110  105  100
   94   88   83   81   80   81   82   82   81   80   78   77   76   75   73   71
   66   62   58   53   48   46   42   52   50                                   
    27.5-180.0 180.0   5.0 450.0                            LAT/LON1/LON2/DLON/H
   51   57   64   80   95  108  125  142  159  174  190  204  215  223  227  228
  226  223  219  215  210  204  198  193  190  190  193  197  203  208  212  214
  214  213  211  207  200  191  180  170  160  152  145  138  131  125  118  111
  104   97   91   86   84   84   85   86   86   86   86   86   85   82   79   75
   69   64   60   54   49   45   41   51   51                                   
    25.0-180.0 180.0   5.0 450.0                            LAT/LON1/LON2/DLON/H
   56   64   73   88  103  116  130  145  161  176  191  206  218  227  231  231
  227  222  217  213  207  202  199  198  201  207  217  229  242  254  262  266
  267  264  257  248  235  221  207  194  183  174  165  157  150  142  135  128
  120  112  104   99   95   94   94   94   95   96   97   97   95   92   88   82
   75   70   65   59   54   48   42   53   56                                   
    22.5-180.0 180.0   5.0 450.0                            LAT/LON1/LON2/DLON/H
   65   74   84   99  116  128  141  153  166  179  193  206  218  227  232  231
  226  220  215  210  207  205  205  210  219  233  250  268  286  302  313  318
  317  311  299  283  265  246  229  215  203  192  183  175  167  160  154  147
  140  132  124  117  111  107  106  105  106  107  108  108  107  102   97   90
   82   77   71   66   61   54   46   57   65                                   
    20.0-180.0 180.0   5.0 450.0                            LAT/LON1/LON2/DLON/H
   76   85   96  113  131  144  155  166  176  185  196  207  218  228  232  231
  226  220  214  211  211  213  220  231  247  267  288  310  330  346  357  361
  357  346  329  308  285  264  245  229  217  206  196  188  181  175  171  166
  161  154  146  137  129  123  118  116  116  117  119  119  116  111  104   97
   88   84   78   74   69   62   53   63   76                                   
    17.5-180.0 180.0   5.0 450.0                            LAT/LON1/LON2/DLON/H
   86   95  108  126  146  160  172  181  189  196  203  212  222  231  235  235
  230  224  220  219  223  230  243  261  282  305  329  350  368  382  388  388
  380  366  346  322  297  273  253  237  224  213  203  195  189  185  183  180
  177  172  165  155  145  135  128  124  123  124  125  125  123  117  109  101
   93   89   83   80   77   71   62   71   86                                   
    15.0-180.0 180.0   5.0 450.0                            LAT/LON1/LON2/DLON/H
   94  103  117  137  159  175  189  198  206  211  217  224  233  241  246  246
  243  238  236  238  245  258  276  298  322  346  367  384  397  403  404  399
  388  372  352  328  302  278  258  241  227  215  204  196  190  188  187  187
  186  183  176  166  154  143  134  128  126  126  128  128  125  119  112  103
   94   91   86   84   83   78   70   80   94                                   
    12.5-180.0 180.0   5.0 450.0                            LAT/LON1/LON2/DLON/H
   99  108  124  145  170  188  206  217  226  232  238  245  253  262  268  269
  267  265  264  268  278  294  315  339  363  384  400  410  414  413  408  399
  387  372  354  332  307  283  262  244  229  215  202  192  186  184  184  186
  187  185  180  170  158  146  135  129  126  126  127  128  125  119  111  102
   93   90   86   85   86   82   78   88   99                                   
    10.0-180.0 180.0   5.0 450.0                            LAT/LON1/LON2/DLON/H
  102  112  129  152  178  200  223  237  249  258  265  273  283  292  299  303
  304  303  305  310  321  337  358  381  402  417  425  427  423  416  407  397
  386  373  358  339  317  293  271  252  234  216  201  188  180  177  177  179
  181  181  177  169  158  146  135  129  126  126  127  126  124  118  110  101
   92   88   84   84   86   84   83   93  102                                   
     7.5-180.0 180.0   5.0 450.0                            LAT/LON1/LON2/DLON/H
  104  116  134  157  186  210  238  256  273  286  296  307  318  329  338  345
  349  351  353  358  368  383  401  419  434  442  442  436  428  418  408  399
