data/edconvlstm_nd/pred0140.15i
     1.0            IONOSPHERE MAPS     GNSS                IONEX VERSION / TYPE
pyspatialgeodesy        IME             05-JAN-18 20:20     PGM / RUN BY / DATE 
Map Name                                                    COMMENT             
Predicted global ionosphere maps (GIM).                     DESCRIPTION         
  2015     1    14     0     0     0                        EPOCH OF FIRST MAP  
  2015     1    15     0     0     0                        EPOCH OF LAST MAP   
  7200                                                      INTERVAL            
    13                                                      # OF MAPS IN FILE   
  NONE                                                      MAPPING FUNCTION    
10.0                                                        ELEVATION CUTOFF    
One-way carrier phase leveled to code                       OBSERVABLES USED    
  6371.0                                                    BASE RADIUS         
 2                                                          MAP DIMENSION       
   450.0 450.0   0.0                                        HGT1 / HGT2 / DHGT  
    87.5 -87.5  -2.5                                        LAT1 / LAT2 / DLAT  
  -180.0 180.0   5.0                                        LON1 / LON2 / DLON  
    -1                                                      EXPONENT            
                                                            END OF HEADER       
[from data line 4290]
    11                                                      START OF TEC MAP    
  2015     1    14    20     0     0                        EPOCH OF CURRENT MAP
    87.5-180.0 180.0   5.0 450.0                            LAT/LON1/LON2/DLON/H
  129  129  122  129  134  134  135  135  137  141  143  146  148  151  153  154
  155  156  156  156  155  154  153  152  150  148  147  145  143  141  140  138
  137  136  135  134  133  132  132  131  131  131  131  131  131  131  131  131
  131  131  131  131  131  131  130  130  129  129  128  127  126  125  124  123
  122  121  117  114  120  117  129  125  129                                   
    85.0-180.0 180.0   5.0 450.0                            LAT/LON1/LON2/DLON/H
  132  123  132  122  123  130  132  137  141  147  150  155  158  162  165  167
  169  170  170  170  169  168  166  164  161  159  156  154  152  149  147  145
  143  142  140  139  138  137  136  136  136  135  135  136  136  136  137  137
  138  138  138  138  138  138  138  137  136  135  134  133  131  130  128  126
  125  123  118  112  112  112  112  111  132                                   
    82.5-180.0 180.0   5.0 450.0                            LAT/LON1/LON2/DLON/H
  109  101  101  101  108  116  123  129  136  144  152  160  166  172  177  180
  182  183  182  180  177  174  169  165  160  156  151  148  144  141  138  135
  133  131  130  128  127  126  126  125  125  125  126  127  128  129  130  131
  133  134  135  136  136  137  137  136  135  134  133  131  128  126  123  119
  117  112  106  102  101  107   94   95  109                                   
    80.0-180.0 180.0   5.0 450.0                            LAT/LON1/LON2/DLON/H
   76   69   73   74   82   87   99  110  122  134  146  158  168  176  183  187
  188  188  185  180  173  166  158  151  143  136  131  125  121  118  115  113
  112  110  109  109  108  108  108  108  109  110  111  113  115  117  119  122
  124  126  128  130  131  132  133  132  132  130  128  125  122  118  113  109
  104   99   93   88   79   78   67   75   76                                   
    77.5-180.0 180.0   5.0 450.0                            LAT/LON1/LON2/DLON/H
   69   56   56   58   68   76   90  103  119  134  150  166  180  192  200  204
  205  202  195  186  175  162  150  138  127  118  110  104  100   97   95   94
   94   94   94   95   95   95   96   97   98   99  101  103  106  109  112  116
  119  122  126  128  130  132  133  133  133  131  129  126  122  117  112  106
  100   94   88   82   74   67   59   70   69                                   
    75.0-180.0 180.0   5.0 450.0                            LAT/LON1/LON2/DLON/H
   55   47   46   49   58   68   81   97  116  136  155  174  191  205  214  219
  218  212  201  188  171  154  137  121  108   97   88   82   79   77   77   78
   80   81   83   84   85   86   87   88   89   90   92   95   98  101  105  109
  113  116  120  123  125  127  128  129  129  127  125  123  119  115  110  105
   99   94   88   80   71   62   54   54   55                                   
    72.5-180.0 180.0   5.0 450.0                            LAT/LON1/LON2/DLON/H
   61   53   53   60   65   75   90  107  125  147  170  192  212  228  239  243
  241  233  218  200  178  155  133  113   96   82   73   66   63   62   63   66
   68   72   74   76   78   79   80   80   81   82   84   86   89   92   95   99
  103  106  110  113  115  117  119  120  120  119  118  116  114  111  108  104
   99   94   89   81   72   66   61   67   61                                   
    70.0-180.0 180.0   5.0 450.0                            LAT/LON1/LON2/DLON/H
   69   66   68   73   79   88  101  119  139  162  186  210  232  249  261  266
  263  253  236  214  188  162  136  113   93   78   67   61   58   57   59   62
   65   69   72   74   75   75   76   76   76   76   78   79   82   84   87   90
   93   95   98  100  102  104  105  106  106  106  105  105  104  103  102  100
   97   95   93   88   82   77   77   80   69                                   
    67.5-180.0 180.0   5.0 450.0                            LAT/LON1/LON2/DLON/H
   88   87   90   98  105  113  127  144  163  186  211  237  261  280  294  300
  298  287  268  243  215  185  156  130  107   90   77   68   63   61   62   64
   66   69   71   72   72   72   72   71   71   72   73   74   75   77   79   80
   82   84   85   87   88   89   90   90   91   91   92   92   92   93   93   94
   93   93   92   89   85   85   84   89   88                                   
    65.0-180.0 180.0   5.0 450.0                            LAT/LON1/LON2/DLON/H
   98  102  108  118  126  135  148  164  182  205  230  257  283  304  320  329
  328  317  299  273  244  213  183  155  131  111   96   84   76   71   69   68
   68   68   68   67   66   64   63   62   62   63   64   64   65   66   66   66
   66   67   67   68   68   69   69   70   71   71   72   73   75   76   78   80
   81   84   86   86   85   89   92   99   98                                   
    62.5-180.0 180.0   5.0 450.0                            LAT/LON1/LON2/DLON/H
  105  113  122  135  146  157  169  185  202  223  248  276  303  327  346  357
  358  349  332  307  279  248  218  191  165  143  124  108   96   87   80   75
   71   67   63   60   57   54   53   53   53   54   55   56   56   56   55   54
   53   52   52   52   52   52   52   53   54   54   55   57   59   60   63   65
   67   70   74   75   75   81   86   95  105                                   
    60.0-180.0 180.0   5.0 450.0                            LAT/LON1/LON2/DLON/H
  104  115  129  145  159  172  185  200  216  236  260  288  316  342  363  377
  381  375  359  337  310  282  254  228  203  179  158  138  121  107   94   84
   75   66   59   53   49   45   44   44   45   47   49   49   49   48   46   43
   41   40   39   39   39   39   39   40   40   41   42   44   45   47   49   51
   53   56   59   61   62   70   76   88  104                                   
    57.5-180.0 180.0   5.0 450.0                            LAT/LON1/LON2/DLON/H
   99  114  132  151  169  185  199  214  228  247  269  295  323  350  373  388
  394  390  377  357  334  309  285  261  238  215  192  169  148  129  112   96
   82   69   59   50   44   41   40   41   44   46   48   49   48   45   42   39
   36   34   33   33   33   33   34   34   35   35   36   37   38   39   41   42
   43   45   48   49   50   57   64   79   99                                   
    55.0-180.0 180.0   5.0 450.0                            LAT/LON1/LON2/DLON/H
   96  115  136  159  180  198  214  228  242  257  277  301  327  353  375  391
  397  395  383  366  346  326  306  287  266  244  221  198  175  153  131  111
   93   76   63   52   46   43   42   45   48   51   54   54   52   49   45   41
   37   35   35   34   34   35   35   35   36   36   36   37   37   38   39   40
   40   41   42   43   43   50   56   72   96                                   
    52.5-180.0 180.0   5.0 450.0                            LAT/LON1/LON2/DLON/H
   98  120  145  169  194  214  232  245  257  270  286  305  328  350  370  384
  390  387  376  362  346  331  317  302  285  266  245  222  198  174  151  128
  107   88   72   60   54   51   52   55   59   63   65   65   62   58   53   49
   45   43   43   43   43   43   43   43   42   42   42   42   42   42   43   43
   43   44   45   45   45   51   57   73   98                                   
    50.0-180.0 180.0   5.0 450.0                            LAT/LON1/LON2/DLON/H
  109  133  160  185  212  234  253  267  277  287  299  313  329  347  362  373
  376  372  363  351  340  330  320  310  298  281  262  240  216  193  169  145
  122  101   85   73   66   65   66   70   75   79   81   80   77   72   66   61
   58   57   57   57   56   56   55   54   54   53   52   51   50   50   51   52
   51   53   55   56   56   60   66   82  109                                   
    47.5-180.0 180.0   5.0 450.0                            LAT/LON1/LON2/DLON/H
  126  151  179  204  232  256  277  291  300  308  315  324  334  345  354  360
  361  356  348  339  332  326  322  316  306  291  273  252  229  205  181  157
  134  114   97   87   81   81   83   87   92   96   97   96   92   86   81   77
   74   73   73   73   72   71   69   68   66   64   62   61   59   59   60   61
   62   65   68   71   72   77   84   98  126                                   
    45.0-180.0 180.0   5.0 450.0                            LAT/LON1/LON2/DLON/H
  146  170  198  222  251  277  298  314  324  331  335  339  343  347  351  352
  350  345  338  332  329  327  325  321  312  298  279  257  234  211  187  163
  141  122  107   98   95   95   98  102  106  109  110  108  104   99   94   90
   88   88   88   87   86   84   82   79   76   74   71   69   67   66   67   69
   70   75   80   85   89   96  106  120  146                                   
    42.5-180.0 180.0   5.0 450.0                            LAT/LON1/LON2/DLON/H
  163  186  212  235  263  290  313  331  343  352  355  355  355  354  352  350
  347  342  338  335  334  334  333  329  318  302  281  257  233  209  185  163
  142  125  113  107  105  106  109  112  115  117  117  115  112  107  103  100
   99   99   98   97   95   93   90   86   83   80   77   73   71   69   70   71
   74   79   86   94  102  112  124  139  163                                   
    40.0-180.0 180.0   5.0 450.0                            LAT/LON1/LON2/DLON/H
  173  194  219  240  267  294  319  340  355  366  370  371  368  364  360  356
  352  349  347  347  347  348  346  338  324  304  279  254  228  203  180  159
  141  127  118  114  114  115  117  119  120  120  120  118  115  111  108  105
  104  104  103  101   99   96   92   89   86   82   79   75   72   69   69   70
   72   77   85   95  105  119  134  152  173                                   
    37.5-180.0 180.0   5.0 450.0                            LAT/LON1/LON2/DLON/H
  174  195  218  237  263  288  315  338  357  372  380  382  379  375  370  367
  365  364  365  366  366  365  359  347  328  304  277  250  224  200  179  160
  145  134  127  125  125  126  126  125  124  123  121  119  116  113  109  107
  106  104  102  100   97   95   92   89   86   82   78   75   71   68   66   66
   67   71   79   89  100  117  134  156  174                                   
    35.0-180.0 180.0   5.0 450.0                            LAT/LON1/LON2/DLON/H
  171  192  214  231  256  278  306  330  353  372  384  389  389  386  382  380
  381  383  385  386  384  379  368  352  330  305  278  252  228  206  187  172
  159  151  147  145  145  143  140  136  131  128  125  122  119  115  111  108
  105  103  100   97   94   93   91   89   86   83   79   75   71   68   65   64
   63   66   72   81   92  110  129  154  171                                   
    32.5-180.0 180.0   5.0 450.0                            LAT/LON1/LON2/DLON/H
  169  191  214  228  251  269  297  322  348  370  385  394  396  395  393  393
  396  399  402  401  396  386  372  353  332  309  286  265  245  228  213  200
  190  184  180  178  175  169  161  152  145  138  134  130  125  120  115  111
  107  103   99   96   94   94   93   92   89   86   82   78   75   71   68   66
   63   65   69   76   87  105  125  153  169                                   
    30.0-180.0 180.0   5.0 450.0                            LAT/LON1/LON2/DLON/H
  173  199  222  234  255  269  296  321  348  371  389  400  404  405  404  405
  407  411  412  408  399  386  369  353  337  321  307  293  281  269  258  248
  240  235  230  224  216  204  190  176  165  156  149  143  137  131  124  118
  113  108  103  100   99  100  101  100   97   93   89   85   82   79   76   74
   70   72   74   80   90  108  128  158  173                                   
    27.5-180.0 180.0   5.0 450.0                            LAT/LON1/LON2/DLON/H
  189  218  242  252  272  284  309  332  358  382  401  412  417  418  417  416
  418  419  417  409  396  381  367  357  350  346  343  339  335  330  323  316
  309  302  293  280  263  243  223  204  189  179  170  163  155  147  139  131
  124  118  113  110  110  112  114  112  108  103   99   95   93   91   89   87
   83   86   87   94  103  123  143  173  189                                   
    25.0-180.0 180.0   5.0 450.0                            LAT/LON1/LON2/DLON/H
  218  248  274  284  304  314  338  358  384  406  424  435  439  439  436  433
  431  428  422  410  395  382  373  373  378  386  395  402  407  407  404  398
  389  377  360  337  309  281  254  232  215  203  194  185  176  166  157  148
  141  134  128  126  127  129  130  127  121  114  109  105  104  102  102  101
   99  105  107  116  127  148  169  198  218                                   
    22.5-180.0 180.0   5.0 450.0                            LAT/LON1/LON2/DLON/H
  258  287  314  326  349  361  384  402  425  445  461  470  473  471  465  459
  453  446  435  421  406  397  396  406  423  443  463  479  490  494  491  481
  466  443  414  380  343  308  278  254  237  225  216  207  197  187  176  167
  159  152  147  145  146  147  147  142  134  124  117  113  112  111  112  113
  114  123  128  142  155  178  202  231  258                                   
    20.0-180.0 180.0   5.0 450.0                            LAT/LON1/LON2/DLON/H
  300  328  356  375  403  418  441  457  479  496  510  518  520  516  508  499
  490  478  465  450  437  433  441  460  487  516  542  562  573  575  566  548
  521  487  446  402  359  321  290  267  251  240  232  224  214  204  194  185
  177  171  166  164  164  165  163  156  144  132  124  119  118  117  118  121
  125  139  147  165  182  208  236  267  300                                   
    17.5-180.0 180.0   5.0 450.0                            LAT/LON1/LON2/DLON/H
  337  365  396  421  457  477  502  519  539  556  569  576  578  574  566  555
  542  529  514  501  493  496  511  537  569  600  626  640  644  636  617  587
  548  501  452  402  357  319  291  270  257  248  241  234  226  216  207  198
  192  186  182  179  179  178  175  166  153  140  130  125  123  122  122  125
  131  148  159  181  202  231  265  299  337                                   
    15.0-180.0 180.0   5.0 450.0                            LAT/LON1/LON2/DLON/H
  362  392  427  459  502  528  555  575  597  614  629  638  642  641  634  624
  611  598  585  576  574  582  601  629  659  683  698  700  689  668  636  595
  545  491  436  385  341  307  283  267  257  250  245  239  231  223  214  207
  200  196  192  189  187  186  182  173  159  146  136  130  127  125  125  127
  134  152  165  188  212  246  282  320  362                                   
    12.5-180.0 180.0   5.0 450.0                            LAT/LON1/LON2/DLON/H
  373  405  444  481  530  562  594  617  641  662  680  694  703  708  706  699
  689  679  671  668  671  682  701  723  741  750  747  732  705  669  626  576
  521  464  410  361  323  294  276  264  256  250  245  240  233  225  217  210
  204  200  196  192  190  187  183  175  163  151  142  136  133  130  128  128
  134  151  165  187  213  251  289  327  373                                   
    10.0-180.0 180.0   5.0 450.0                            LAT/LON1/LON2/DLON/H
  370  406  449  487  540  577  612  638  666  691  713  734  750  762  768  768
  765  761  760  762  769  780  793  801  800  789  766  733  691  645  596  543
  489  434  385  343  311  290  276  267  260  254  248  242  235  227  219  212
  206  201  196  192  187  184  180  174  165  155  148  142  138  134  132  130
  134  149  163  182  208  248  286  324  370                                   
     7.5-180.0 180.0   5.0 450.0                            LAT/LON1/LON2/DLON/H
  358  400  445  482  536  574  611  639  669  696  723  749  773  793  808  817
  822  826  832  840  849  857  857  848  828  796  755  708  658  609  560  511
