data/edconvlstm_nd/pred2440.15i
     1.0            IONOSPHERE MAPS     GNSS                IONEX VERSION / TYPE
pyspatialgeodesy        IME             05-JAN-18 20:20     PGM / RUN BY / DATE 
Map Name                                                    COMMENT             
Predicted global ionosphere maps (GIM).                     DESCRIPTION         
  2015     9     1     0     0     0                        EPOCH OF FIRST MAP  
  2015     9     2     0     0     0                        EPOCH OF LAST MAP   
  7200                                                      INTERVAL            
    13                                                      # OF MAPS IN FILE   
  NONE                                                      MAPPING FUNCTION    
10.0                                                        ELEVATION CUTOFF    
One-way carrier phase leveled to code                       OBSERVABLES USED    
  6371.0                                                    BASE RADIUS         
 2                                                          MAP DIMENSION       
   450.0 450.0   0.0                                        HGT1 / HGT2 / DHGT  
    87.5 -87.5  -2.5                                        LAT1 / LAT2 / DLAT  
  -180.0 180.0   5.0                                        LON1 / LON2 / DLON  
    -1                                                      EXPONENT            
                                                            END OF HEADER       
[from data line 3432]
     9                                                      START OF TEC MAP    
  2015     9     1    16     0     0                        EPOCH OF CURRENT MAP
    87.5-180.0 180.0   5.0 450.0                            LAT/LON1/LON2/DLON/H
  120  128  125  130  132  132  131  128  129  131  130  130  131  131  131  132
  132  133  133  133  133  133  133  133  133  132  132  132  131  131  130  130
  130  129  129  129  129  129  128  128  128  128  129  129  129  129  129  130
  130  130  131  131  131  132  132  132  132  132  132  132  132  132  132  132
  132  132  130  127  133  129  140  133  120                                   
    85.0-180.0 180.0   5.0 450.0                            LAT/LON1/LON2/DLON/H
  126  129  140  128  126  131  130  132  132  134  133  134  134  135  136  136
  137  138  138  138  138  138  138  138  138  138  137  137  136  136  135  134
  134  133  133  132  132  132  131  131  131  131  132  132  132  132  133  133
  133  134  134  135  135  135  136  136  136  136  136  136  136  136  136  136
  136  135  131  126  126  124  129  129  126                                   
    82.5-180.0 180.0   5.0 450.0                            LAT/LON1/LON2/DLON/H
  114  121  125  117  117  121  123  124  124  126  127  129  129  131  132  133
  134  135  136  137  137  137  137  137  137  136  136  135  135  134  133  132
  132  131  130  129  129  128  128  127  127  127  127  127  127  128  128  128
  128  129  129  129  130  130  130  130  131  131  130  130  130  130  129  129
  129  128  124  122  120  126  120  116  114                                   
    80.0-180.0 180.0   5.0 450.0                            LAT/LON1/LON2/DLON/H
  100  103  111  106  105  105  108  112  113  116  117  120  122  124  126  128
  130  132  133  134  134  135  134  134  134  133  133  132  131  130  129  127
  126  125  124  123  122  121  120  120  119  119  119  119  118  118  118  118
  118  119  119  119  119  119  119  119  118  118  118  117  117  116  116  115
  115  114  112  112  107  108  106  107  100                                   
    77.5-180.0 180.0   5.0 450.0                            LAT/LON1/LON2/DLON/H
   95   94   98   95   95   98  100  104  106  109  110  114  117  121  124  127
  130  132  134  136  136  137  137  137  136  136  135  134  133  131  130  129
  127  126  124  123  122  121  120  119  118  117  116  115  114  114  113  112
  111  111  110  110  109  108  108  107  106  105  104  104  103  102  101  100
  100   99   99  100   99   96   96   99   95                                   
    75.0-180.0 180.0   5.0 450.0                            LAT/LON1/LON2/DLON/H
   82   84   86   86   87   91   93   97  100  104  107  112  116  120  124  128
  131  134  136  138  139  139  139  139  139  138  137  136  135  134  133  131
  129  128  126  125  123  122  121  120  118  117  116  114  113  111  109  108
  106  105  103  102  100   99   98   97   95   94   92   91   89   88   88   87
   87   87   88   86   88   86   86   81   82                                   
    72.5-180.0 180.0   5.0 450.0                            LAT/LON1/LON2/DLON/H
   72   76   77   81   81   86   89   93   95  100  104  109  114  119  124  129
  132  135  137  139  140  140  140  140  139  139  138  137  136  135  133  132
  130  128  127  125  124  123  122  120  119  117  115  113  110  108  105  102
   99   96   94   92   90   88   86   84   82   80   78   76   74   73   72   72
   72   72   74   73   75   76   78   78   72                                   
    70.0-180.0 180.0   5.0 450.0                            LAT/LON1/LON2/DLON/H
   65   69   71   75   75   79   83   88   92   97  102  108  113  119  124  129
  133  136  138  139  140  140  140  140  139  138  138  137  136  135  133  132
  130  128  127  125  124  123  122  121  120  118  115  112  109  105  101   97
   93   90   87   84   81   78   75   73   70   68   66   64   62   60   60   60
   60   60   63   63   66   68   73   74   65                                   
    67.5-180.0 180.0   5.0 450.0                            LAT/LON1/LON2/DLON/H
   59   64   67   72   73   78   83   89   93   99  104  111  116  122  127  132
  136  139  141  142  142  142  141  140  140  139  138  137  136  135  133  132
  130  129  127  126  125  124  124  123  122  120  118  114  110  105  100   96
   92   88   84   80   77   73   70   67   65   62   60   58   56   55   54   54
   54   54   56   56   58   62   65   66   59                                   
    65.0-180.0 180.0   5.0 450.0                            LAT/LON1/LON2/DLON/H
   53   59   61   67   68   74   80   87   92   99  105  111  117  123  129  133
  137  140  141  142  142  141  141  140  139  138  137  136  135  134  133  132
  130  128  127  126  125  125  125  124  124  122  119  115  110  105  100   95
   90   86   82   78   74   70   66   63   61   59   57   55   53   51   50   50
   50   50   52   53   55   58   62   64   53                                   
    62.5-180.0 180.0   5.0 450.0                            LAT/LON1/LON2/DLON/H
   49   53   56   62   65   72   79   86   93   99  105  112  118  124  130  134
  138  140  141  142  142  141  140  139  138  137  136  135  135  134  133  132
  130  128  126  125  124  124  125  125  125  123  120  116  111  106  100   95
   91   86   82   78   73   69   65   62   60   58   57   55   54   52   51   50
   50   50   51   50   52   53   56   58   49                                   
    60.0-180.0 180.0   5.0 450.0                            LAT/LON1/LON2/DLON/H
   45   48   51   58   61   68   77   85   92   99  105  112  118  123  128  133
  136  138  140  140  140  140  139  138  138  137  136  135  135  135  135  134
  132  130  127  125  125  125  125  126  126  125  122  118  112  107  101   97
   92   88   84   79   74   69   65   62   60   59   58   58   56   55   53   52
   51   50   51   50   50   50   52   54   45                                   
    57.5-180.0 180.0   5.0 450.0                            LAT/LON1/LON2/DLON/H
   44   45   48   55   59   67   77   85   93  100  105  112  117  122  127  131
  135  137  138  138  139  139  139  139  139  138  138  138  139  139  140  139
  137  134  131  129  128  127  128  129  129  128  125  121  116  110  105  100
   96   92   88   83   77   72   67   64   63   63   63   63   62   60   59   57
   56   54   54   52   51   49   50   51   44                                   
    55.0-180.0 180.0   5.0 450.0                            LAT/LON1/LON2/DLON/H
   45   44   47   54   59   68   78   87   95  101  106  112  116  121  125  129
  132  134  135  136  137  138  139  140  141  142  142  143  144  146  147  146
  144  141  137  134  132  132  133  133  134  133  130  126  120  115  110  105
  101   97   93   87   81   75   69   66   66   66   67   68   68   66   64   62
   60   59   58   55   53   51   50   51   45                                   
    52.5-180.0 180.0   5.0 450.0                            LAT/LON1/LON2/DLON/H
   49   47   50   57   61   71   82   92   99  105  109  113  116  119  122  126
  129  131  132  133  135  137  139  142  144  146  147  148  150  153  154  154
  152  149  144  141  139  138  139  139  139  138  136  132  127  121  116  111
  108  104   99   93   85   78   73   69   69   71   72   74   73   72   70   67
   65   64   63   60   58   55   54   54   49                                   
    50.0-180.0 180.0   5.0 450.0                            LAT/LON1/LON2/DLON/H
   56   54   56   63   67   77   88   98  106  112  114  116  118  119  121  124
  126  128  130  131  133  137  141  145  148  151  153  154  157  160  162  162
  160  156  152  148  146  146  146  146  146  145  143  139  134  129  124  119
  115  111  106   99   91   83   77   74   73   76   78   80   79   77   75   72
   70   69   68   66   64   61   61   59   56                                   
    47.5-180.0 180.0   5.0 450.0                            LAT/LON1/LON2/DLON/H
   63   62   64   71   74   84   95  106  114  120  122  123  122  122  123  124
  126  128  129  131  134  138  144  149  154  157  159  161  163  166  168  168
  166  163  159  156  155  155  155  154  153  152  150  147  142  137  132  127
  123  119  113  106   97   89   82   79   79   82   85   86   86   83   80   78
   75   74   74   72   71   69   69   67   63                                   
    45.0-180.0 180.0   5.0 450.0                            LAT/LON1/LON2/DLON/H
   70   71   72   78   81   90  101  113  122  129  132  132  131  129  128  128
  129  130  131  133  137  142  149  155  160  163  165  166  168  171  173  173
  172  169  166  165  165  165  165  163  162  160  157  155  151  146  141  136
  132  127  121  114  105   96   89   86   87   89   92   94   93   90   86   83
   80   79   79   77   77   77   77   74   70                                   
    42.5-180.0 180.0   5.0 450.0                            LAT/LON1/LON2/DLON/H
   75   77   78   83   86   94  105  118  130  139  143  144  142  139  137  135
  135  135  136  138  143  149  156  162  167  170  171  172  173  175  177  178
  177  176  175  176  177  178  177  175  171  168  166  163  160  156  150  145
  140  135  129  121  113  104   97   94   95   98  101  102  100   97   92   89
   85   84   84   82   82   83   84   80   75                                   
    40.0-180.0 180.0   5.0 450.0                            LAT/LON1/LON2/DLON/H
   76   80   80   85   87   95  106  121  135  146  153  156  155  152  148  146
  144  144  145  147  152  158  164  171  175  177  177  178  179  181  184  185
  186  187  189  192  195  196  194  190  184  179  175  172  169  165  159  154
  148  142  136  129  120  112  106  103  104  106  109  109  107  103   99   95
   91   89   88   86   85   86   87   84   76                                   
    37.5-180.0 180.0   5.0 450.0                            LAT/LON1/LON2/DLON/H
   74   79   79   82   84   93  105  121  137  151  161  166  168  166  162  159
  156  155  156  159  163  169  175  180  183  184  185  185  187  190  194  198
  201  204  209  214  218  219  216  209  200  192  187  183  179  174  168  162
  155  149  143  135  127  120  114  111  111  113  115  115  113  109  105  101
   96   93   92   89   88   87   88   84   74                                   
    35.0-180.0 180.0   5.0 450.0                            LAT/LON1/LON2/DLON/H
   70   74   74   77   79   88  101  118  136  153  166  175  179  180  177  173
  169  168  169  172  177  181  185  189  191  192  194  196  200  206  212  218
  224  230  237  244  248  248  242  232  220  209  201  196  191  185  178  170
  162  155  148  140  132  125  120  117  117  118  118  118  117  113  110  106
  101   98   95   92   89   87   86   83   70                                   
    32.5-180.0 180.0   5.0 450.0                            LAT/LON1/LON2/DLON/H
   66   69   69   71   73   82   95  113  132  151  167  180  188  191  190  187
  183  182  184  187  191  194  197  198  200  202  205  211  219  228  238  247
  256  264  272  279  283  281  273  259  244  230  220  211  204  197  188  178
  169  160  152  143  136  129  124  120  119  119  119  118  117  115  113  110
  106  102   99   95   91   87   85   81   66                                   
    30.0-180.0 180.0   5.0 450.0                            LAT/LON1/LON2/DLON/H
   64   65   64   65   68   78   91  107  127  147  166  182  193  200  201  199
  196  196  198  202  205  208  208  209  210  214  220  231  243  257  271  283
  294  304  312  318  320  315  303  288  270  254  241  230  221  210  199  187
  176  165  155  145  137  130  125  122  119  118  117  116  116  115  114  113
  109  106  103   99   95   89   85   81   64                                   
    27.5-180.0 180.0   5.0 450.0                            LAT/LON1/LON2/DLON/H
   65   64   61   62   66   75   87  103  122  142  161  180  195  205  209  209
  208  208  212  216  220  221  220  220  222  228  239  254  272  290  308  323
  335  345  353  356  354  346  332  315  297  280  265  252  240  227  213  199
  184  171  158  147  139  132  127  123  119  116  114  114  114  115  115  115
  112  110  108  103  100   93   88   84   65                                   
    25.0-180.0 180.0   5.0 450.0                            LAT/LON1/LON2/DLON/H
   69   66   62   62   65   74   86  100  117  136  155  175  193  206  214  216
  217  220  224  230  234  234  233  233  237  246  261  281  303  325  345  361
  374  383  388  388  382  371  356  338  321  305  291  276  261  246  229  212
  196  179  164  152  142  135  130  125  120  116  113  112  113  114  116  116
  114  114  112  109  107  100   94   89   69                                   
    22.5-180.0 180.0   5.0 450.0                            LAT/LON1/LON2/DLON/H
   77   72   65   65   68   76   87   99  114  131  149  169  189  205  215  221
  225  230  236  243  247  248  248  248  254  267  286  309  334  358  378  395
  407  414  416  412  402  389  373  357  343  330  316  302  285  267  248  229
  210  191  174  160  150  142  137  131  125  119  114  113  113  115  116  117
  116  117  116  114  114  108  102   97   77                                   
    20.0-180.0 180.0   5.0 450.0                            LAT/LON1/LON2/DLON/H
   85   79   69   70   72   80   90  100  113  128  145  164  185  202  216  224
  231  239  247  255  261  263  264  266  274  290  311  337  362  386  405  420
  430  434  433  426  414  399  384  372  362  352  341  327  309  289  268  247
  226  206  188  172  161  153  147  140  133  125  119  116  116  116  117  118
  117  119  119  118  120  115  109  104   85                                   
    17.5-180.0 180.0   5.0 450.0                            LAT/LON1/LON2/DLON/H
   92   86   74   75   77   84   94  103  115  129  144  162  182  200  216  228
  238  247  258  267  274  277  280  285  296  314  337  362  387  408  425  437
  443  445  440  431  417  403  391  382  377  372  364  350  332  310  288  266
  244  223  204  187  175  166  159  152  144  135  127  123  120  119  119  119
  118  119  119  120  123  119  114  110   92                                   
    15.0-180.0 180.0   5.0 450.0                            LAT/LON1/LON2/DLON/H
   96   90   78   79   80   87   97  107  119  132  146  163  182  201  217  232
  244  256  268  278  286  291  297  305  319  338  361  385  406  424  437  445
  448  447  441  430  417  405  396  392  391  389  382  369  350  327  304  281
  260  240  220  203  189  180  173  165  156  146  138  131  127  124  121  119
  117  118  118  119  122  120  116  112   96                                   
    12.5-180.0 180.0   5.0 450.0                            LAT/LON1/LON2/DLON/H
   96   91   79   81   82   88   99  110  123  137  152  169  187  205  222  238
  252  265  278  288  297  304  312  323  340  360  382  404  421  435  444  448
  449  445  439  429  418  408  401  400  401  401  394  380  360  337  313  291
  271  251  233  216  202  193  185  177  168  158  148  140  134  128  124  120
  116  116  115  115  118  117  113  110   96                                   
    10.0-180.0 180.0   5.0 450.0                            LAT/LON1/LON2/DLON/H
   93   89   79   80   81   87   99  111  126  143  159  177  194  212  229  245
  261  275  287  297  305  314  325  339  358  379  401  419  433  443  449  451
  449  445  438  430  421  413  409  408  409  407  399  383  361  337  313  292
  274  256  238  222  209  200  193  185  176  166  156  148  140  132  125  120
  115  114  111  110  113  111  108  106   93                                   
     7.5-180.0 180.0   5.0 450.0                            LAT/LON1/LON2/DLON/H
   88   85   77   78   79   84   97  110  128  147  167  185  203  221  238  254
  270  283  295  304  313  322  335  352  373  395  415  431  443  451  454  455
