data/edconvlstm_nd/pred1650.15i
     1.0            IONOSPHERE MAPS     GNSS                IONEX VERSION / TYPE
pyspatialgeodesy        IME             05-JAN-18 20:20     PGM / RUN BY / DATE 
Map Name                                                    COMMENT             
Predicted global ionosphere maps (GIM).                     DESCRIPTION         
  2015     6    14     0     0     0                        EPOCH OF FIRST MAP  
  2015     6    15     0     0     0                        EPOCH OF LAST MAP   
  7200                                                      INTERVAL            
    13                                                      # OF MAPS IN FILE   
  NONE                                                      MAPPING FUNCTION    
10.0                                                        ELEVATION CUTOFF    
One-way carrier phase leveled to code                       OBSERVABLES USED    
  6371.0                                                    BASE RADIUS         
 2                                                          MAP DIMENSION       
   450.0 450.0   0.0                                        HGT1 / HGT2 / DHGT  
    87.5 -87.5  -2.5                                        LAT1 / LAT2 / DLAT  
  -180.0 180.0   5.0                                        LON1 / LON2 / DLON  
    -1                                                      EXPONENT            
                                                            END OF HEADER       
[from data line 1287]
     4                                                      START OF TEC MAP    
  2015     6    14     6     0     0                        EPOCH OF CURRENT MAP
    87.5-180.0 180.0   5.0 450.0                            LAT/LON1/LON2/DLON/H
  193  187  183  186  187  186  184  183  185  186  187  189  190  191  192  192
  193  193  194  193  193  193  192  191  190  189  187  186  185  184  183  182
  181  180  180  179  179  179  179  179  180  180  181  182  183  183  184  185
  186  186  187  187  187  187  187  187  186  186  185  185  184  183  182  181
  181  182  180  181  184  182  182  184  193                                   
    85.0-180.0 180.0   5.0 450.0                            LAT/LON1/LON2/DLON/H
  189  187  187  188  190  190  191  191  193  194  196  198  199  201  202  203
  204  204  205  205  204  203  202  201  200  198  197  195  193  192  191  190
  189  188  187  187  187  187  188  188  189  190  191  193  194  195  196  198
  199  200  200  201  201  201  201  201  200  199  198  197  196  195  193  192
  192  192  188  189  183  183  185  187  189                                   
    82.5-180.0 180.0   5.0 450.0                            LAT/LON1/LON2/DLON/H
  188  190  188  183  185  185  186  187  190  191  193  196  198  201  203  205
  206  207  207  207  206  205  203  201  199  196  194  191  189  187  185  184
  183  182  182  182  182  183  184  185  187  189  191  193  196  198  201  203
  205  207  208  209  210  210  210  209  208  207  205  204  202  199  197  195
  193  191  186  187  186  183  183  175  188                                   
    80.0-180.0 180.0   5.0 450.0                            LAT/LON1/LON2/DLON/H
  187  188  182  180  181  180  182  183  186  188  190  193  196  199  202  204
  206  207  207  207  205  203  200  197  193  189  185  182  179  177  175  174
  173  173  173  174  175  177  179  181  184  188  192  196  200  205  209  213
  216  219  221  223  224  224  224  223  222  220  218  215  212  209  206  203
  199  195  189  188  186  183  188  174  187                                   
    77.5-180.0 180.0   5.0 450.0                            LAT/LON1/LON2/DLON/H
  188  186  182  180  179  179  180  180  183  184  185  188  191  194  198  201
  203  205  205  204  202  199  195  190  184  179  174  170  167  165  164  164
  165  167  168  170  173  176  179  183  187  193  198  205  211  217  223  228
  233  237  240  242  243  243  243  242  240  238  235  232  228  223  219  215
  209  205  195  193  191  185  184  178  188                                   
    75.0-180.0 180.0   5.0 450.0                            LAT/LON1/LON2/DLON/H
  187  187  181  180  179  178  179  177  179  179  179  182  184  187  190  194
  196  198  199  198  195  191  185  179  172  165  159  155  153  152  153  155
  158  162  165  169  172  176  181  186  191  198  206  214  222  230  237  244
  249  253  256  258  259  259  258  256  254  252  249  245  241  237  232  227
  221  215  205  198  193  187  186  181  187                                   
    72.5-180.0 180.0   5.0 450.0                            LAT/LON1/LON2/DLON/H
  186  191  185  184  183  180  180  178  178  176  175  176  177  180  183  186
  189  191  192  191  188  182  176  168  160  152  146  142  141  142  146  151
  157  163  169  174  179  184  188  194  201  208  217  226  236  245  252  259
  264  267  269  269  269  267  265  263  261  258  256  253  250  246  242  238
  232  225  216  209  199  191  189  186  186                                   
    70.0-180.0 180.0   5.0 450.0                            LAT/LON1/LON2/DLON/H
  190  193  188  187  184  181  180  177  175  172  169  169  169  170  173  176
  179  181  182  181  177  172  164  155  145  137  131  128  129  133  139  148
  158  167  175  182  187  192  197  202  209  218  227  237  247  257  264  270
  273  275  274  272  270  266  263  259  257  254  253  251  249  247  245  242
  237  231  222  215  205  197  196  194  190                                   
    67.5-180.0 180.0   5.0 450.0                            LAT/LON1/LON2/DLON/H
  191  196  191  190  187  182  180  176  173  169  165  163  163  163  165  168
  171  173  173  172  169  162  154  144  134  126  121  119  122  128  138  150
  162  174  184  191  197  202  206  212  219  227  237  248  258  267  273  277
  278  277  274  269  264  259  253  249  246  243  242  242  242  241  240  239
  236  232  225  218  209  201  200  199  191                                   
    65.0-180.0 180.0   5.0 450.0                            LAT/LON1/LON2/DLON/H
  193  199  193  192  188  183  180  175  171  166  162  160  159  158  160  161
  163  165  165  164  160  154  145  136  126  119  115  114  119  128  140  155
  170  183  194  202  207  212  216  221  228  237  248  258  268  276  281  282
  281  278  272  265  258  251  244  238  234  232  230  230  231  232  233  234
  232  230  225  219  213  207  206  206  193                                   
    62.5-180.0 180.0   5.0 450.0                            LAT/LON1/LON2/DLON/H
  196  204  197  195  190  184  180  174  170  165  161  158  156  156  156  157
  158  159  158  157  153  146  138  130  121  115  113  114  120  131  145  161
  177  191  201  209  215  219  223  229  236  246  256  267  276  283  287  287
  284  278  272  264  256  248  240  234  228  225  223  222  223  224  226  228
  228  227  224  220  216  212  213  213  196                                   
    60.0-180.0 180.0   5.0 450.0                            LAT/LON1/LON2/DLON/H
  203  209  203  199  193  186  181  174  169  163  159  157  155  153  153  153
  153  152  151  149  145  139  132  125  119  115  114  117  124  136  150  166
  181  194  205  212  218  222  227  233  242  252  262  273  282  288  291  291
  287  282  275  268  261  253  245  238  231  226  222  220  220  220  221  223
  223  224  222  221  219  217  220  220  203                                   
    57.5-180.0 180.0   5.0 450.0                            LAT/LON1/LON2/DLON/H
  214  219  213  207  200  191  184  175  169  162  158  155  153  151  150  149
  148  146  145  142  138  133  128  123  119  117  118  123  131  142  155  169
  183  194  204  211  217  223  229  237  246  256  267  278  287  293  296  296
  293  290  285  280  275  268  261  253  245  237  231  227  224  222  222  223
  223  225  224  224  224  224  228  229  214                                   
    55.0-180.0 180.0   5.0 450.0                            LAT/LON1/LON2/DLON/H
  229  232  227  219  211  201  192  180  172  163  157  153  150  148  146  144
  142  141  139  137  133  130  126  123  122  123  126  131  139  148  159  171
  182  191  200  207  214  222  230  239  249  259  270  281  290  297  301  303
  303  302  301  299  296  291  284  276  266  256  248  240  235  231  229  228
  228  229  229  229  231  233  238  240  229                                   
    52.5-180.0 180.0   5.0 450.0                            LAT/LON1/LON2/DLON/H
  247  248  245  237  228  216  205  190  178  166  158  152  148  144  142  140
  138  137  136  134  132  129  128  127  128  131  135  141  148  155  164  172
  180  188  195  203  211  221  231  242  252  263  273  283  293  301  308  312
  316  318  320  321  321  318  311  302  291  280  268  259  251  245  240  239
  237  238  237  238  240  243  248  252  247                                   
    50.0-180.0 180.0   5.0 450.0                            LAT/LON1/LON2/DLON/H
  265  265  264  256  248  236  222  205  189  174  162  153  146  141  138  136
  136  136  136  135  134  133  133  134  137  141  146  151  157  162  168  173
  179  185  192  200  211  222  235  247  258  267  277  287  297  308  317  325
  331  337  341  345  345  343  336  327  315  302  289  278  268  260  255  252
  250  250  249  249  250  254  259  263  265                                   
    47.5-180.0 180.0   5.0 450.0                            LAT/LON1/LON2/DLON/H
  281  280  280  275  268  255  241  222  203  184  169  157  147  140  136  134
  135  137  139  140  140  140  141  144  147  152  157  162  166  169  172  176
  180  185  192  201  213  227  241  254  265  274  282  292  304  316  328  339
  348  355  361  364  365  362  355  345  333  320  307  295  284  276  270  267
  265  264  263  262  261  264  268  274  281                                   
    45.0-180.0 180.0   5.0 450.0                            LAT/LON1/LON2/DLON/H
  293  291  292  288  283  272  258  238  217  196  178  163  151  142  137  135
  137  140  144  147  148  149  151  154  158  163  167  171  173  175  178  181
  185  190  196  206  219  234  250  264  274  282  290  300  312  327  341  354
  364  372  377  379  379  374  367  357  346  333  321  309  299  291  285  282
  281  280  278  275  273  274  277  283  293                                   
    42.5-180.0 180.0   5.0 450.0                            LAT/LON1/LON2/DLON/H
  300  296  297  294  291  281  268  250  229  207  188  171  157  147  140  139
  141  146  150  154  156  158  160  164  168  172  176  178  179  181  183  187
  192  198  204  214  227  244  261  276  286  293  301  310  324  340  356  369
  379  386  390  391  388  383  375  366  357  346  335  324  314  306  301  299
  298  298  294  290  285  285  286  292  300                                   
    40.0-180.0 180.0   5.0 450.0                            LAT/LON1/LON2/DLON/H
  305  297  296  293  291  283  272  256  237  217  198  181  166  155  148  145
  147  152  157  160  163  165  168  172  176  180  182  184  184  186  190  195
  201  208  215  224  237  254  273  288  299  307  314  323  338  354  371  384
  393  398  401  401  399  394  388  381  374  366  356  345  335  326  321  318
  317  317  313  306  300  297  297  301  305                                   
    37.5-180.0 180.0   5.0 450.0                            LAT/LON1/LON2/DLON/H
  310  299  295  288  286  278  268  256  241  223  206  191  177  165  158  155
  156  159  162  165  167  170  173  178  183  186  188  188  189  191  196  203
  211  219  226  234  247  264  284  301  313  321  328  338  352  369  384  396
  405  410  414  415  415  413  410  407  403  397  388  377  365  354  346  343
  341  340  334  326  318  314  311  313  310                                   
    35.0-180.0 180.0   5.0 450.0                            LAT/LON1/LON2/DLON/H
  321  306  297  286  281  272  263  254  242  228  214  201  189  178  171  167
  166  167  168  169  170  173  178  184  189  193  194  193  193  195  201  209
  219  228  235  243  255  272  293  312  326  335  343  353  366  381  395  407
  415  422  429  435  440  444  446  447  446  441  432  419  404  390  379  372
  369  366  360  351  341  335  329  331  321                                   
    32.5-180.0 180.0   5.0 450.0                            LAT/LON1/LON2/DLON/H
  341  323  308  292  283  272  262  254  245  234  224  214  203  194  186  181
  179  177  175  173  174  178  184  191  197  200  200  199  197  199  204  213
  223  232  239  247  259  277  299  320  336  347  356  365  377  391  403  414
  423  434  447  460  473  484  493  498  500  497  487  472  453  434  418  407
  400  396  388  379  368  362  354  355  341                                   
    30.0-180.0 180.0   5.0 450.0                            LAT/LON1/LON2/DLON/H
  371  352  331  312  298  283  271  263  254  246  237  229  220  212  204  198
  193  189  184  181  181  186  194  202  208  210  209  205  202  201  204  212
  221  230  238  246  258  277  300  323  341  355  365  374  385  396  407  418
  430  447  467  489  511  530  545  555  560  557  547  529  507  483  462  446
  435  427  419  409  398  392  382  383  371                                   
    27.5-180.0 180.0   5.0 450.0                            LAT/LON1/LON2/DLON/H
  407  391  366  345  326  309  294  284  274  265  257  250  242  233  225  218
  211  204  198  193  193  198  207  216  221  222  218  212  205  201  202  206
  213  221  229  239  252  272  296  320  341  356  368  378  387  397  408  420
  436  459  487  518  548  575  596  609  616  613  602  583  558  531  505  484
  469  459  450  439  427  423  412  413  407                                   
    25.0-180.0 180.0   5.0 450.0                            LAT/LON1/LON2/DLON/H
  446  434  408  387  365  346  328  316  304  294  284  276  267  257  248  240
  232  224  216  210  209  215  224  233  236  234  226  216  206  198  194  194
  199  206  215  226  242  262  287  312  334  352  365  376  386  396  406  421
  441  470  504  542  578  609  632  647  654  651  640  622  597  569  542  518
  500  488  478  467  455  450  440  441  446                                   
    22.5-180.0 180.0   5.0 450.0                            LAT/LON1/LON2/DLON/H
  481  475  449  431  406  388  368  354  341  328  317  306  295  284  274  264
  256  246  237  231  230  235  243  249  250  243  231  217  203  191  182  178
  179  185  196  209  227  249  274  299  323  343  359  372  383  393  405  422
  446  478  516  555  592  623  646  659  664  661  651  635  615  591  566  543
  525  512  502  491  477  472  463  462  481                                   
    20.0-180.0 180.0   5.0 450.0                            LAT/LON1/LON2/DLON/H
  504  505  481  465  440  424  404  390  376  362  349  336  324  311  300  289
  280  270  261  253  251  254  260  263  258  246  230  212  194  179  166  158
  156  162  173  190  210  233  259  285  309  332  352  368  381  392  406  424
  450  483  519  556  589  616  635  644  646  642  635  625  612  595  576  557
  542  530  521  509  494  487  479  475  504                                   
    17.5-180.0 180.0   5.0 450.0                            LAT/LON1/LON2/DLON/H
  513  517  496  480  457  443  425  413  400  387  373  361  349  336  324  313
  303  293  283  274  270  270  271  269  259  242  221  200  180  163  148  137
  133  138  150  168  191  217  243  270  297  322  345  365  381  394  409  429
  454  485  516  546  572  592  605  611  610  607  603  599  594  587  576  563
  551  542  535  522  506  497  489  480  513                                   
    15.0-180.0 180.0   5.0 450.0                            LAT/LON1/LON2/DLON/H
  510  512  492  473  453  439  424  414  405  395  384  375  365  353  342  332
  323  313  301  290  282  277  273  265  250  228  204  182  162  145  130  118
  113  116  128  148  173  200  228  257  286  314  342  365  383  398  414  434
  459  485  510  532  550  563  571  573  572  569  569  572  574  574  571  564
  557  551  545  532  517  505  496  481  510                                   
    12.5-180.0 180.0   5.0 450.0                            LAT/LON1/LON2/DLON/H
  501  498  476  450  430  415  401  395  389  383  378  374  368  360  352  343
  335  324  312  297  285  275  265  252  232  208  183  161  143  128  114  102
   95   97  109  129  155  184  214  245  277  309  339  366  386  403  420  441
  464  486  506  521  533  541  545  546  545  545  548  555  562  567  568  566
  562  559  555  543  528  514  503  484  501                                   
    10.0-180.0 180.0   5.0 450.0                            LAT/LON1/LON2/DLON/H
  494  485  456  423  399  381  367  361  357  356  356  358  358  355  350  344
  337  327  312  295  277  262  247  230  209  185  161  141  126  113  101   90
   83   83   93  113  139  169  201  234  268  303  337  365  388  406  425  446
  469  490  507  519  528  535  538  540  540  542  548  556  564  570  573  572
  570  570  567  556  541  526  513  492  494                                   
     7.5-180.0 180.0   5.0 450.0                            LAT/LON1/LON2/DLON/H
  495  479  443  403  374  350  332  324  320  320  324  330  336  338  337  334
  328  318  302  282  261  242  224  205  184  162  141  124  111  101   91   81
