data/edconvlstm_nd/pred1810.15i
     1.0            IONOSPHERE MAPS     GNSS                IONEX VERSION / TYPE
pyspatialgeodesy        IME             05-JAN-18 20:20     PGM / RUN BY / DATE 
Map Name                                                    COMMENT             
Predicted global ionosphere maps (GIM).                     DESCRIPTION         
  2015     6    30     0     0     0                        EPOCH OF FIRST MAP  
  2015     7     1     0     0     0                        EPOCH OF LAST MAP   
  7200                                                      INTERVAL            
    13                                                      # OF MAPS IN FILE   
  NONE                                                      MAPPING FUNCTION    
10.0                                                        ELEVATION CUTOFF    
One-way carrier phase leveled to code                       OBSERVABLES USED    
  6371.0                                                    BASE RADIUS         
 2                                                          MAP DIMENSION       
   450.0 450.0   0.0                                        HGT1 / HGT2 / DHGT  
    87.5 -87.5  -2.5                                        LAT1 / LAT2 / DLAT  
  -180.0 180.0   5.0                                        LON1 / LON2 / DLON  
    -1                                                      EXPONENT            
                                                            END OF HEADER       
[from data line 3432]
     9                                                      START OF TEC MAP    
  2015     6    30    16     0     0                        EPOCH OF CURRENT MAP
    87.5-180.0 180.0   5.0 450.0                            LAT/LON1/LON2/DLON/H
  135  135  129  136  138  137  136  134  135  136  135  135  134  134  133  133
  132  132  131  130  129  128  128  127  126  125  124  124  123  122  121  121
  120  119  119  118  118  117  117  117  116  116  117  117  117  118  118  119
  120  120  121  122  123  123  124  125  126  126  127  128  128  129  129  129
  130  131  130  129  138  135  144  139  135                                   
    85.0-180.0 180.0   5.0 450.0                            LAT/LON1/LON2/DLON/H
  135  135  144  136  136  139  139  141  141  142  141  141  140  140  139  138
  138  137  136  135  134  133  132  131  130  129  128  127  126  125  123  122
  121  120  119  119  118  117  117  116  116  116  116  117  117  118  119  120
  121  122  123  124  125  126  127  128  128  129  130  131  131  132  133  133
  134  135  132  130  132  129  134  134  135                                   
    82.5-180.0 180.0   5.0 450.0                            LAT/LON1/LON2/DLON/H
  120  128  130  127  128  132  135  136  136  137  136  137  136  136  135  135
  134  133  132  131  130  129  128  128  127  126  125  124  123  122  121  119
  118  116  115  114  112  111  110  110  109  109  109  110  111  111  112  113
  114  116  117  118  119  120  121  122  122  123  124  124  125  125  125  125
  126  126  123  124  124  131  125  120  120                                   
    80.0-180.0 180.0   5.0 450.0                            LAT/LON1/LON2/DLON/H
  112  117  123  123  123  124  128  131  132  134  134  135  134  134  134  133
  132  131  130  129  128  127  126  126  125  124  124  123  122  121  119  118
  116  114  112  110  108  106  105  104  103  103  103  104  105  106  108  109
  110  111  112  113  114  115  116  117  117  118  118  119  119  119  119  119
  119  118  117  118  114  115  116  113  112                                   
    77.5-180.0 180.0   5.0 450.0                            LAT/LON1/LON2/DLON/H
  113  111  116  118  120  124  127  131  132  133  133  135  135  135  135  134
  134  133  132  132  131  131  130  130  130  130  130  130  129  128  127  126
  123  121  118  116  113  111  109  107  106  106  106  107  108  110  111  112
  113  114  115  115  115  116  116  116  116  116  116  116  115  115  114  114
  113  112  110  110  111  106  108  110  113                                   
    75.0-180.0 180.0   5.0 450.0                            LAT/LON1/LON2/DLON/H
  105  106  108  112  116  122  124  128  130  132  132  134  134  135  135  134
  134  134  133  133  133  133  133  133  134  134  135  136  136  135  135  133
  131  128  125  122  119  116  114  112  111  111  112  113  114  115  117  117
  118  118  118  117  117  116  115  115  114  114  114  113  113  112  111  110
  109  107  105  102  103   99  101   94  105                                   
    72.5-180.0 180.0   5.0 450.0                            LAT/LON1/LON2/DLON/H
  100  101  104  112  115  121  126  129  130  132  132  134  134  135  135  136
  136  136  135  135  135  135  136  136  137  139  140  141  141  142  141  140
  138  135  132  129  125  122  119  118  117  117  117  118  120  121  122  123
  122  122  120  119  117  115  114  112  112  111  110  110  110  109  108  107
  105  103  100   97   96   94   96   95  100                                   
    70.0-180.0 180.0   5.0 450.0                            LAT/LON1/LON2/DLON/H
  100  100  104  111  115  121  124  128  129  131  131  132  133  134  135  135
  135  135  135  135  134  134  135  136  137  138  139  141  142  142  142  142
  140  138  135  132  128  125  122  120  119  120  121  122  124  125  126  126
  125  123  121  118  115  112  110  108  107  107  106  107  107  106  106  105
  103  100   98   94   93   92   95   94  100                                   
    67.5-180.0 180.0   5.0 450.0                            LAT/LON1/LON2/DLON/H
  102  105  110  118  123  128  132  135  136  137  136  137  138  139  140  141
  141  141  140  139  138  138  138  138  138  139  140  141  142  143  144  144
  143  141  138  135  132  128  125  124  123  124  125  127  129  130  130  130
  128  126  123  120  116  113  110  109  108  107  108  108  109  109  109  108
  107  104  101   97   94   93   95   94  102                                   
    65.0-180.0 180.0   5.0 450.0                            LAT/LON1/LON2/DLON/H
  105  110  115  124  128  134  137  139  139  140  139  140  141  142  144  144
  145  144  143  141  139  138  137  137  137  137  138  139  140  141  142  143
  143  141  139  136  133  130  127  126  126  127  128  130  132  132  132  131
  129  126  123  119  116  112  110  108  107  107  108  109  110  111  111  111
  109  107  104  101   99   98  101  100  105                                   
    62.5-180.0 180.0   5.0 450.0                            LAT/LON1/LON2/DLON/H
  108  115  122  130  135  141  143  145  145  145  144  145  146  148  149  150
  150  149  147  144  142  140  139  138  137  137  137  138  139  140  142  143
  144  143  141  138  135  131  129  128  128  130  131  133  134  134  133  132
  130  127  123  120  116  113  111  109  108  109  110  111  112  113  113  113
  112  109  107  104  102  101  105  103  108                                   
    60.0-180.0 180.0   5.0 450.0                            LAT/LON1/LON2/DLON/H
  110  118  125  133  138  144  147  149  148  147  146  147  149  151  153  155
  155  153  150  147  144  141  140  139  138  138  138  138  139  141  144  146
  146  146  144  141  138  134  132  131  132  133  135  136  136  135  134  132
  129  126  123  120  117  114  112  111  110  111  111  112  113  113  113  113
  111  109  107  104  103  103  108  105  110                                   
    57.5-180.0 180.0   5.0 450.0                            LAT/LON1/LON2/DLON/H
  108  117  125  133  138  145  149  150  149  149  148  149  151  154  157  159
  159  157  154  150  146  144  143  142  142  142  142  143  145  148  150  153
  154  153  151  147  143  140  138  137  138  139  140  140  140  138  136  133
  130  128  125  122  119  117  116  115  114  114  114  114  114  113  112  111
  109  107  105  103  102  101  107  105  108                                   
    55.0-180.0 180.0   5.0 450.0                            LAT/LON1/LON2/DLON/H
  104  113  120  129  135  143  147  150  149  149  147  148  151  155  159  162
  163  161  157  153  149  147  147  147  148  149  150  152  154  157  161  163
  163  162  159  155  151  147  145  144  145  145  146  146  144  142  138  135
  132  130  127  124  122  120  119  118  118  118  117  116  114  111  109  107
  105  103  101   99   98   98  104  102  104                                   
    52.5-180.0 180.0   5.0 450.0                            LAT/LON1/LON2/DLON/H
   99  107  114  123  129  138  144  147  148  148  146  148  150  155  160  163
  165  163  160  156  152  151  152  153  156  158  160  163  166  169  173  174
  174  172  168  164  159  155  153  152  152  153  153  152  149  146  142  139
  136  133  130  127  125  123  123  122  122  121  119  117  113  109  106  103
  100   98   97   94   94   93   99   98   99                                   
    50.0-180.0 180.0   5.0 450.0                            LAT/LON1/LON2/DLON/H
   94  101  106  115  122  132  139  144  146  147  146  147  150  155  161  165
  168  167  164  160  157  156  158  161  164  167  171  174  178  182  185  186
  185  182  177  173  168  164  162  161  161  161  161  159  156  152  148  144
  141  137  134  131  128  127  126  126  126  125  123  119  115  110  105  101
   98   96   95   92   92   90   95   95   94                                   
    47.5-180.0 180.0   5.0 450.0                            LAT/LON1/LON2/DLON/H
   91   96  100  109  116  127  135  142  146  148  148  149  152  157  163  169
  172  172  169  165  163  163  165  168  172  177  181  185  189  193  195  195
  194  191  187  182  178  175  172  171  171  170  169  167  164  160  156  152
  148  144  139  135  132  130  130  130  130  129  127  124  119  113  108  104
  100   98   97   93   92   90   93   93   91                                   
    45.0-180.0 180.0   5.0 450.0                            LAT/LON1/LON2/DLON/H
   91   94   97  105  112  123  132  141  147  151  152  154  157  162  169  174
  178  178  176  173  171  171  173  177  181  185  190  194  198  201  203  203
  202  200  197  194  191  188  186  184  182  181  179  177  174  170  166  162
  157  152  146  141  137  135  134  134  135  135  133  130  126  120  115  111
  107  105  103   99   97   94   95   94   91                                   
    42.5-180.0 180.0   5.0 450.0                            LAT/LON1/LON2/DLON/H
   93   95   96  104  110  121  131  142  150  156  159  162  166  171  177  182
  186  187  185  182  180  180  182  185  189  194  198  202  206  208  210  211
  211  211  211  211  209  207  203  200  197  195  193  190  187  183  179  175
  169  162  155  148  143  140  140  140  141  142  141  139  136  132  127  123
  119  116  113  109  105  100  100   98   93                                   
    40.0-180.0 180.0   5.0 450.0                            LAT/LON1/LON2/DLON/H
   98   98   98  105  110  121  132  144  154  162  167  172  176  181  186  192
  195  196  195  192  190  190  191  195  198  202  207  210  213  216  218  220
  224  228  232  234  235  232  228  222  217  213  210  206  203  199  194  189
  182  174  165  157  151  148  147  147  148  149  149  149  147  145  141  137
  133  129  126  120  115  109  108  105   98                                   
    37.5-180.0 180.0   5.0 450.0                            LAT/LON1/LON2/DLON/H
  102  102  100  106  111  122  133  146  159  169  176  182  187  192  197  201
  204  205  204  202  200  200  202  205  208  212  216  220  223  226  229  234
  242  251  260  266  268  265  258  250  242  236  231  226  221  216  210  203
  195  186  176  167  161  157  155  155  155  155  156  157  158  158  155  152
  146  142  137  131  124  118  116  111  102                                   
    35.0-180.0 180.0   5.0 450.0                            LAT/LON1/LON2/DLON/H
  107  106  103  107  112  123  135  149  163  174  183  191  197  202  206  209
  211  212  211  210  210  210  212  215  219  223  228  232  235  239  245  254
  267  282  296  305  307  303  294  282  271  262  255  248  242  235  227  218
  208  197  187  177  170  166  163  161  160  160  161  163  166  167  167  163
  157  151  146  139  131  124  123  117  107                                   
    32.5-180.0 180.0   5.0 450.0                            LAT/LON1/LON2/DLON/H
  110  108  105  108  113  125  137  152  166  178  188  197  204  209  213  214
  216  216  216  217  218  220  223  226  231  236  241  246  251  257  266  280
  298  318  336  347  349  342  330  315  301  289  279  271  261  251  241  229
  218  206  195  186  179  173  169  166  163  161  162  165  169  172  173  169
  162  155  149  142  135  128  128  122  110                                   
    30.0-180.0 180.0   5.0 450.0                            LAT/LON1/LON2/DLON/H
  112  109  106  109  115  127  140  155  169  181  191  200  208  213  216  217
  217  218  219  221  224  228  232  237  243  249  255  262  269  278  291  309
  331  355  374  385  386  377  362  345  328  314  302  291  278  265  251  238
  225  212  201  192  184  177  172  166  161  158  158  162  167  171  172  169
  162  154  147  140  135  129  131  125  112                                   
    27.5-180.0 180.0   5.0 450.0                            LAT/LON1/LON2/DLON/H
  113  110  107  111  117  131  145  158  171  183  192  201  208  213  216  216
  216  217  220  224  229  235  241  248  254  261  269  278  288  300  316  337
  362  387  406  414  412  401  384  365  348  333  320  306  291  275  258  242
  228  215  204  194  185  177  169  161  155  151  150  154  159  164  166  163
  156  149  142  136  132  128  131  126  113                                   
    25.0-180.0 180.0   5.0 450.0                            LAT/LON1/LON2/DLON/H
  113  111  108  113  121  135  150  163  174  184  191  199  206  211  214  214
  214  216  220  226  234  242  250  257  264  272  282  294  306  321  339  362
  386  409  424  429  423  410  393  375  359  344  330  316  299  280  261  243
  228  214  203  192  182  171  162  152  145  140  139  142  148  153  155  154
  147  140  134  129  127  125  129  126  113                                   
    22.5-180.0 180.0   5.0 450.0                            LAT/LON1/LON2/DLON/H
  113  112  109  115  124  140  155  167  177  185  190  197  203  208  211  211
  212  215  220  228  238  248  257  265  273  282  293  307  322  338  357  379
  400  418  428  428  420  406  391  375  361  348  335  320  303  283  263  243
  226  212  199  187  175  162  151  141  133  128  127  129  134  139  142  142
  137  131  126  122  122  121  126  124  113                                   
    20.0-180.0 180.0   5.0 450.0                            LAT/LON1/LON2/DLON/H
  112  113  110  118  127  143  159  171  180  186  189  195  200  205  208  210
  212  216  222  232  243  254  264  272  281  290  303  318  334  351  369  387
  404  416  420  416  406  394  381  369  358  347  336  322  305  285  264  244
  226  210  195  181  166  151  139  129  122  118  116  118  122  126  129  130
  127  123  119  116  116  118  122  121  112                                   
    17.5-180.0 180.0   5.0 450.0                            LAT/LON1/LON2/DLON/H
  110  112  110  118  128  144  159  171  180  185  188  193  198  203  207  210
  214  219  227  237  248  259  270  279  288  298  311  326  342  359  374  388
  399  405  405  398  388  378  369  361  353  345  336  323  308  289  267  246
  227  209  192  175  157  141  128  119  113  110  109  110  112  115  118  120
  118  117  114  111  112  113  117  117  110                                   
    15.0-180.0 180.0   5.0 450.0                            LAT/LON1/LON2/DLON/H
  106  109  107  115  125  140  156  168  177  183  187  192  197  203  209  213
  218  224  232  242  253  265  276  285  294  305  318  333  349  363  375  384
  390  391  388  380  372  365  360  356  351  345  337  326  312  294  273  251
  230  210  190  170  151  133  120  112  108  106  105  105  106  107  110  113
  112  112  110  107  107  108  110  110  106                                   
    12.5-180.0 180.0   5.0 450.0                            LAT/LON1/LON2/DLON/H
   99  102  102  109  118  131  147  160  171  180  185  191  198  205  212  219
  225  232  239  248  259  270  281  292  302  313  326  340  354  365  374  379
  380  378  373  367  362  359  358  356  353  348  341  331  318  301  281  258
  235  212  190  168  147  128  116  108  106  106  105  104  104  104  106  108
  109  109  107  103  102  102  102  103   99                                   
    10.0-180.0 180.0   5.0 450.0                            LAT/LON1/LON2/DLON/H
   90   93   93  100  108  119  134  148  163  174  183  191  200  209  217  225
  233  240  247  255  264  275  287  299  310  321  333  346  358  366  372  373
  372  369  365  362  360  361  362  361  358  353  346  337  325  309  288  265
  240  214  189  166  144  126  113  107  106  106  106  105  104  103  104  106
  107  107  104   99   97   95   94   94   90                                   
     7.5-180.0 180.0   5.0 450.0                            LAT/LON1/LON2/DLON/H
   81   84   83   90   96  106  121  135  153  168  180  192  202  213  223  232
  240  248  254  261  269  279  292  305  318  330  341  352  361  366  369  369
