data/edconvlstm_nd/pred3640.15i
     1.0            IONOSPHERE MAPS     GNSS                IONEX VERSION / TYPE
pyspatialgeodesy        IME             05-JAN-18 20:20     PGM / RUN BY / DATE 
Map Name                                                    COMMENT             
Predicted global ionosphere maps (GIM).                     DESCRIPTION         
  2015    12    30     0     0     0                        EPOCH OF FIRST MAP  
  2015    12    31     0     0     0                        EPOCH OF LAST MAP   
  7200                                                      INTERVAL            
    13                                                      # OF MAPS IN FILE   
  NONE                                                      MAPPING FUNCTION    
10.0                                                        ELEVATION CUTOFF    
One-way carrier phase leveled to code                       OBSERVABLES USED    
  6371.0                                                    BASE RADIUS         
 2                                                          MAP DIMENSION       
   450.0 450.0   0.0                                        HGT1 / HGT2 / DHGT  
    87.5 -87.5  -2.5                                        LAT1 / LAT2 / DLAT  
  -180.0 180.0   5.0                                        LON1 / LON2 / DLON  
    -1                                                      EXPONENT            
                                                            END OF HEADER       
[from data line 1716]
     5                                                      START OF TEC MAP    
  2015    12    30     8     0     0                        EPOCH OF CURRENT MAP
    87.5-180.0 180.0   5.0 450.0                            LAT/LON1/LON2/DLON/H
   22   31   29   32   32   32   32   27   28   29   29   29   29   29   29   28
   28   28   27   27   26   26   26   25   25   25   25   24   24   24   23   23
   23   23   22   22   22   21   21   21   21   20   20   20   20   20   20   20
   20   20   20   20   19   19   19   19   19   19   19   18   18   18   18   19
   20   20   19   20   26   36   49   48   22                                   
    85.0-180.0 180.0   5.0 450.0                            LAT/LON1/LON2/DLON/H
   13   39   42   38   41   43   43   42   42   43   42   42   42   41   41   41
   40   40   40   40   39   39   39   39   39   39   39   39   39   38   38   38
   38   37   37   37   36   36   36   35   35   35   34   34   34   34   34   33
   33   33   32   32   32   31   31   31   31   30   30   31   31   31   31   31
   32   33   31   32   38   41   55   47   13                                   
    82.5-180.0 180.0   5.0 450.0                            LAT/LON1/LON2/DLON/H
   14   27   44   42   43   44   44   43   43   43   43   43   42   41   40   40
   39   38   38   37   37   37   37   37   37   37   37   37   38   38   38   38
   38   37   37   37   37   36   36   36   35   35   35   35   35   34   34   34
   33   33   32   32   31   30   29   29   28   28   28   28   28   28   28   29
   30   31   29   29   41   39   43   39   14                                   
    80.0-180.0 180.0   5.0 450.0                            LAT/LON1/LON2/DLON/H
   20   30   46   42   48   46   47   46   46   46   44   44   43   41   40   38
   37   36   36   35   35   35   35   36   36   37   37   38   39   39   39   40
   40   40   40   39   39   39   39   38   38   38   37   37   37   37   36   36
   35   35   34   33   32   31   29   28   27   27   26   26   26   26   26   27
   28   29   30   30   37   39   41   40   20                                   
    77.5-180.0 180.0   5.0 450.0                            LAT/LON1/LON2/DLON/H
   31   36   42   38   42   42   44   43   44   43   40   39   38   36   34   32
   31   30   30   30   30   30   30   31   32   33   33   34   35   35   36   36
   36   36   35   35   35   34   34   34   34   34   34   34   34   34   35   35
   35   34   34   33   32   30   29   27   25   24   23   22   21   21   21   21
   21   22   21   22   24   22   30   31   31                                   
    75.0-180.0 180.0   5.0 450.0                            LAT/LON1/LON2/DLON/H
   19   30   35   34   37   39   41   40   40   40   37   36   34   32   30   29
   28   27   27   27   27   28   29   30   31   32   33   34   35   35   35   35
   34   34   33   33   32   32   32   32   33   33   34   35   36   37   38   39
   39   40   40   40   39   37   35   32   30   27   25   24   23   22   21   21
   21   21   21   19   22   19   25   24   19                                   
    72.5-180.0 180.0   5.0 450.0                            LAT/LON1/LON2/DLON/H
   18   27   31   28   33   38   40   39   38   38   35   34   31   29   28   26
   25   25   25   25   26   27   28   29   31   32   33   34   34   34   34   33
   32   31   31   30   30   30   31   32   33   34   36   38   39   41   43   45
   47   49   50   50   49   47   44   41   37   33   30   28   26   25   23   23
   22   22   22   22   23   20   25   25   18                                   
    70.0-180.0 180.0   5.0 450.0                            LAT/LON1/LON2/DLON/H
   16   24   30   28   32   35   36   36   36   36   34   33   31   29   28   27
   26   26   26   27   28   29   30   31   33   34   34   34   34   34   33   32
   30   29   28   28   28   29   31   33   35   38   40   43   46   49   52   55
   58   61   63   63   63   61   57   53   48   43   39   36   33   31   30   29
   28   27   27   25   26   22   29   27   16                                   
    67.5-180.0 180.0   5.0 450.0                            LAT/LON1/LON2/DLON/H
   14   22   27   26   29   32   33   33   33   33   31   31   30   29   28   27
   27   26   27   27   28   29   31   32   32   33   33   33   32   31   29   28
   26   25   25   25   26   28   30   34   37   41   45   49   53   57   61   65
   69   72   75   76   75   73   69   63   58   52   47   43   39   37   35   34
   33   31   32   29   28   24   29   27   14                                   
    65.0-180.0 180.0   5.0 450.0                            LAT/LON1/LON2/DLON/H
   16   22   26   25   27   30   31   31   31   31   31   31   30   30   30   29
   29   29   29   29   30   30   31   32   32   32   31   30   29   28   26   25
   23   23   22   23   25   28   32   37   43   49   54   59   64   68   72   76
   81   84   87   88   88   85   80   73   67   60   54   50   46   44   41   40
   38   37   37   33   33   29   32   30   16                                   
    62.5-180.0 180.0   5.0 450.0                            LAT/LON1/LON2/DLON/H
   19   24   26   26   28   30   31   31   31   31   30   31   32   32   32   32
   32   32   31   31   31   31   31   31   31   30   29   28   27   26   25   23
   22   22   22   24   27   31   37   44   52   59   66   71   76   81   85   89
   93   96   99  100   98   95   89   82   74   67   61   56   53   50   47   45
   43   41   41   37   37   32   35   34   19                                   
    60.0-180.0 180.0   5.0 450.0                            LAT/LON1/LON2/DLON/H
   25   27   28   28   29   31   31   30   30   29   29   30   31   32   33   33
   33   32   31   30   29   29   29   28   28   27   25   24   23   23   22   22
   21   22   23   25   29   35   42   51   60   69   77   83   88   92   95   99
  102  105  107  107  105  101   94   87   79   72   65   60   56   53   49   47
   44   42   42   39   39   35   37   35   25                                   
    57.5-180.0 180.0   5.0 450.0                            LAT/LON1/LON2/DLON/H
   30   30   31   31   32   33   33   32   31   30   29   30   31   33   34   34
   34   32   31   29   28   27   27   26   25   24   23   22   22   22   22   22
   23   24   26   29   34   41   50   60   71   81   89   96  101  105  108  110
  112  114  115  114  112  107  100   93   85   78   72   67   63   58   53   49
   46   43   43   41   42   37   39   38   30                                   
    55.0-180.0 180.0   5.0 450.0                            LAT/LON1/LON2/DLON/H
   35   34   34   34   35   37   36   34   32   30   29   30   31   33   34   35
   34   32   29   27   26   25   25   25   24   23   22   22   22   22   23   24
   26   27   30   34   40   48   58   69   81   91  101  109  114  118  120  122
  123  123  123  121  118  113  107  100   93   87   82   77   72   66   59   54
   48   44   44   43   44   40   42   40   35                                   
    52.5-180.0 180.0   5.0 450.0                            LAT/LON1/LON2/DLON/H
   40   38   38   38   39   41   40   37   35   33   31   31   31   33   34   35
   34   31   29   27   25   25   26   26   25   25   24   23   23   24   25   27
   29   32   35   40   47   56   66   78   90  101  111  120  126  131  133  134
  134  132  131  128  124  120  114  108  103   99   95   91   85   78   69   61
   53   48   48   46   48   44   46   44   40                                   
    50.0-180.0 180.0   5.0 450.0                            LAT/LON1/LON2/DLON/H
   45   42   41   42   43   45   45   42   39   36   34   33   33   34   35   36
   34   32   29   27   27   27   28   29   29   28   27   26   26   27   28   30
   32   36   41   47   55   64   75   86   98  109  120  130  137  143  145  146
  144  142  139  135  131  126  121  117  113  111  108  105   99   91   80   70
   61   54   53   51   53   49   51   49   45                                   
    47.5-180.0 180.0   5.0 450.0                            LAT/LON1/LON2/DLON/H
   49   45   44   46   46   50   50   48   45   42   38   37   37   37   38   38
   36   34   31   30   30   32   34   35   36   35   33   31   30   30   31   33
   36   41   47   55   64   73   83   94  105  116  127  138  147  153  156  157
  154  151  146  141  137  132  128  124  122  121  120  117  112  103   92   80
   69   62   59   56   58   55   57   55   49                                   
    45.0-180.0 180.0   5.0 450.0                            LAT/LON1/LON2/DLON/H
   51   48   46   49   49   54   55   53   51   48   45   43   42   42   42   41
   40   37   35   35   36   39   42   44   45   43   40   37   35   34   34   35
   39   45   53   63   73   82   92  101  112  122  134  145  154  161  165  165
  162  158  152  147  141  136  132  129  127  127  126  125  120  112  100   89
   78   69   66   61   62   60   62   60   51                                   
    42.5-180.0 180.0   5.0 450.0                            LAT/LON1/LON2/DLON/H
   52   50   47   51   52   57   58   59   58   56   53   52   50   49   49   47
   45   43   42   42   45   49   53   55   54   51   47   43   40   37   36   37
   41   48   58   70   81   92  101  110  119  129  140  151  160  168  172  172
  169  164  158  151  145  140  134  131  129  128  128  127  123  116  105   94
   84   75   70   65   64   62   64   63   52                                   
    40.0-180.0 180.0   5.0 450.0                            LAT/LON1/LON2/DLON/H
   52   51   48   52   54   59   61   63   64   64   62   62   60   59   58   56
   53   51   50   52   55   60   64   65   63   59   53   48   43   40   38   38
   43   51   64   77   90  102  111  120  128  137  147  157  166  173  177  177
  174  169  163  157  150  144  137  132  129  128  128  127  123  116  107   97
   87   78   72   65   63   61   62   63   52                                   
    37.5-180.0 180.0   5.0 450.0                            LAT/LON1/LON2/DLON/H
   52   52   49   52   54   59   62   65   68   69   70   71   70   70   68   65
   63   61   60   62   66   71   74   73   69   63   57   51   47   43   41   42
   46   56   70   85  100  112  122  130  138  146  155  163  171  178  181  182
  180  176  171  166  159  152  144  138  134  132  130  128  125  118  109  100
   91   81   73   64   60   56   57   59   52                                   
    35.0-180.0 180.0   5.0 450.0                            LAT/LON1/LON2/DLON/H
   51   52   49   52   54   58   61   64   68   72   75   78   79   79   77   75
   72   71   71   73   76   79   80   78   72   65   59   54   50   47   46   47
   52   63   77   93  109  122  133  141  149  157  165  172  179  184  188  189
  189  188  185  181  175  168  160  153  148  145  142  139  134  127  118  108
   98   86   76   64   57   50   50   52   51                                   
    32.5-180.0 180.0   5.0 450.0                            LAT/LON1/LON2/DLON/H
   50   51   49   51   52   55   58   61   66   71   75   81   83   84   84   82
   80   79   79   81   83   85   84   79   72   65   60   56   54   53   53   54
   61   71   86  102  118  131  143  153  162  170  177  183  189  194  198  201
  204  205  206  204  201  194  187  181  176  172  169  165  158  148  137  126
  113   98   84   69   58   46   45   48   50                                   
    30.0-180.0 180.0   5.0 450.0                            LAT/LON1/LON2/DLON/H
   52   52   49   50   50   52   54   57   61   66   72   78   83   86   87   86
   85   85   85   87   88   87   84   79   71   65   60   59   59   59   60   63
   69   80   94  110  126  140  153  165  175  184  192  198  204  209  214  219
  225  230  235  237  235  232  227  222  219  216  213  207  198  186  172  157
  140  121  103   81   65   47   45   48   52                                   
    27.5-180.0 180.0   5.0 450.0                            LAT/LON1/LON2/DLON/H
   57   54   51   51   49   50   51   52   55   59   65   72   78   83   85   86
   87   88   89   89   89   87   83   77   70   64   61   61   63   65   67   71
   77   88  102  117  133  149  163  178  191  202  210  218  224  229  236  243
  252  261  270  275  278  277  276  274  273  272  270  263  253  238  221  202
  180  156  133  105   83   58   54   55   57                                   
    25.0-180.0 180.0   5.0 450.0                            LAT/LON1/LON2/DLON/H
   66   61   56   54   51   51   51   49   50   53   58   65   71   76   80   83
   85   87   88   89   88   85   81   75   69   65   63   64   66   69   72   77
   84   95  109  124  140  157  174  191  207  221  231  240  247  255  263  273
  284  296  308  317  324  327  330  332  334  335  333  327  315  298  278  255
  229  201  174  139  113   79   73   72   66                                   
    22.5-180.0 180.0   5.0 450.0                            LAT/LON1/LON2/DLON/H
   82   73   66   61   57   56   54   50   49   50   53   58   64   69   73   77
   81   84   85   85   84   82   78   74   69   66   65   66   68   71   75   80
   88  100  114  129  147  166  186  206  224  241  254  265  274  283  293  305
  318  333  347  360  370  378  385  391  395  398  397  390  377  359  336  310
  280  250  219  181  151  111  103   98   82                                   
    20.0-180.0 180.0   5.0 450.0                            LAT/LON1/LON2/DLON/H
  103   91   81   73   68   65   61   55   52   51   52   55   59   63   67   71
   75   79   81   81   80   78   76   73   70   68   67   67   69   72   76   82
   91  103  117  134  153  174  197  220  242  260  276  289  301  312  324  337
  352  368  384  399  413  424  434  442  448  451  450  443  430  411  386  359
  327  295  263  224  194  150  139  130  103                                   
    17.5-180.0 180.0   5.0 450.0                            LAT/LON1/LON2/DLON/H
  129  114  102   91   84   79   73   66   61   58   57   57   58   60   63   67
   71   74   76   77   76   75   75   74   73   71   69   68   69   71   74   81
   91  104  119  137  158  182  208  234  257  278  296  312  326  339  352  367
  382  397  413  429  444  457  468  477  483  485  484  477  465  446  422  394
  363  331  299  262  233  189  175  165  129                                   
    15.0-180.0 180.0   5.0 450.0                            LAT/LON1/LON2/DLON/H
  156  141  128  114  106   97   90   82   76   71   68   65   64   63   64   66
   69   72   74   74   74   74   75   76   76   74   72   70   68   69   73   80
   91  105  122  141  164  190  217  245  270  292  312  329  345  360  375  389
  403  417  431  445  458  471  481  488  493  494  492  487  476  460  438  412
  382  353  323  289  263  222  206  195  156                                   
    12.5-180.0 180.0   5.0 450.0                            LAT/LON1/LON2/DLON/H
  181  166  155  138  128  117  109  102   95   90   85   80   75   71   70   70
   72   73   74   74   74   75   78   80   80   78   75   71   69   69   72   80
   92  107  125  145  169  195  224  252  278  302  323  342  359  375  390  404
  416  426  436  446  457  467  475  480  482  482  480  476  468  454  436  413
  386  360  333  303  280  243  227  216  181                                   
    10.0-180.0 180.0   5.0 450.0                            LAT/LON1/LON2/DLON/H
  201  187  177  159  149  135  128  122  116  111  105   98   91   85   80   78
   78   78   77   77   78   80   83   85   85   83   78   74   70   70   74   83
   95  111  128  149  172  199  227  256  282  306  328  348  366  382  397  409
  419  425  431  438  446  454  459  462  462  460  458  455  449  439  423  404
  381  358  333  307  286  253  236  226  201                                   
     7.5-180.0 180.0   5.0 450.0                            LAT/LON1/LON2/DLON/H
  215  201  193  174  164  149  142  138  135  131  125  118  109  101   94   90
   87   85   84   83   84   87   90   93   92   88   83   77   74   74   79   88
