data/edconvlstm_nd/pred3480.15i
     1.0            IONOSPHERE MAPS     GNSS                IONEX VERSION / TYPE
pyspatialgeodesy        IME             05-JAN-18 20:20     PGM / RUN BY / DATE 
Map Name                                                    COMMENT             
Predicted global ionosphere maps (GIM).                     DESCRIPTION         
  2015    12    14     0     0     0                        EPOCH OF FIRST MAP  
  2015    12    15     0     0     0                        EPOCH OF LAST MAP   
  7200                                                      INTERVAL            
    13                                                      # OF MAPS IN FILE   
  NONE                                                      MAPPING FUNCTION    
10.0                                                        ELEVATION CUTOFF    
One-way carrier phase leveled to code                       OBSERVABLES USED    
  6371.0                                                    BASE RADIUS         
 2                                                          MAP DIMENSION       
   450.0 450.0   0.0                                        HGT1 / HGT2 / DHGT  
    87.5 -87.5  -2.5                                        LAT1 / LAT2 / DLAT  
  -180.0 180.0   5.0                                        LON1 / LON2 / DLON  
    -1                                                      EXPONENT            
                                                            END OF HEADER       
[from data line 3861]
    10                                                      START OF TEC MAP    
  2015    12    14    18     0     0                        EPOCH OF CURRENT MAP
    87.5-180.0 180.0   5.0 450.0                            LAT/LON1/LON2/DLON/H
   60   64   63   65   69   67   66   61   62   64   63   64   64   64   64   64
   64   64   64   63   63   62   61   61   60   59   59   58   58   57   57   57
   57   57   57   57   58   58   58   59   59   59   60   60   60   61   61   61
   61   61   62   62   62   62   62   62   62   62   62   61   61   61   61   61
   61   60   56   53   56   58   74   78   60                                   
    85.0-180.0 180.0   5.0 450.0                            LAT/LON1/LON2/DLON/H
   65   67   79   60   62   64   63   63   63   65   65   65   65   66   66   66
   66   66   66   65   65   64   64   63   62   62   61   60   60   60   59   59
   59   60   60   60   60   61   61   62   62   63   63   63   64   64   64   64
   64   64   64   64   64   64   64   64   64   64   64   64   63   63   63   63
   63   62   58   54   59   60   67   61   65                                   
    82.5-180.0 180.0   5.0 450.0                            LAT/LON1/LON2/DLON/H
   46   52   58   49   52   54   55   54   55   56   57   58   59   60   60   60
   60   60   59   58   58   56   55   54   53   52   51   50   50   49   49   49
   49   50   50   50   51   51   52   52   53   53   53   54   54   54   54   54
   54   54   54   54   54   54   54   54   54   54   54   54   53   53   53   53
   53   51   48   46   53   63   59   56   46                                   
    80.0-180.0 180.0   5.0 450.0                            LAT/LON1/LON2/DLON/H
   28   37   46   40   44   43   47   46   49   51   52   55   56   57   57   57
   57   57   56   54   53   51   49   47   45   43   42   41   40   39   39   39
   40   40   41   42   43   44   44   45   45   46   46   46   46   46   46   46
   46   46   46   46   46   47   47   47   47   48   48   48   47   47   47   46
   46   46   45   44   44   52   47   51   28                                   
    77.5-180.0 180.0   5.0 450.0                            LAT/LON1/LON2/DLON/H
   35   37   36   32   35   35   39   40   44   46   48   52   54   57   58   59
   60   60   58   57   54   51   48   45   41   39   36   34   33   32   32   32
   32   33   34   34   35   36   36   36   36   36   36   36   36   36   36   36
   36   36   37   37   38   38   39   40   41   41   41   41   41   41   40   40
   39   39   37   37   36   40   40   45   35                                   
    75.0-180.0 180.0   5.0 450.0                            LAT/LON1/LON2/DLON/H
   20   27   27   26   30   31   34   36   40   44   48   53   56   60   63   65
   66   67   66   64   61   58   53   49   44   40   37   34   32   31   30   30
   31   31   32   32   33   33   33   33   33   32   32   32   31   31   31   31
   31   31   32   33   34   35   36   37   38   38   39   39   39   38   38   38
   37   38   37   36   36   35   32   29   20                                   
    72.5-180.0 180.0   5.0 450.0                            LAT/LON1/LON2/DLON/H
   26   28   26   27   28   28   32   34   37   41   46   51   56   61   65   69
   71   73   73   71   68   64   59   53   47   42   37   33   30   28   27   27
   27   27   27   27   26   26   25   25   24   24   23   23   22   22   22   22
   22   23   23   24   25   27   28   29   30   31   32   32   32   32   32   31
   31   31   30   29   29   30   29   30   26                                   
    70.0-180.0 180.0   5.0 450.0                            LAT/LON1/LON2/DLON/H
   23   27   27   28   29   29   32   35   40   45   51   57   64   70   75   80
   84   87   89   88   86   82   76   69   62   55   49   43   39   36   34   33
   32   31   31   29   28   27   25   24   23   22   22   22   21   21   21   21
   21   22   22   23   25   26   28   29   30   31   32   33   33   33   33   33
   32   32   32   32   32   33   35   37   23                                   
    67.5-180.0 180.0   5.0 450.0                            LAT/LON1/LON2/DLON/H
   29   31   30   31   33   32   37   40   45   50   56   63   70   77   84   90
   96  100  103  103  102   98   92   84   75   67   59   52   47   43   40   38
   36   34   32   29   27   24   22   21   20   19   19   19   19   19   19   20
   20   20   21   22   23   24   26   28   29   30   31   31   31   31   31   32
   31   31   31   30   30   32   32   34   29                                   
    65.0-180.0 180.0   5.0 450.0                            LAT/LON1/LON2/DLON/H
   29   32   31   34   35   35   39   43   49   55   62   70   78   86   93  101
  108  114  118  120  119  116  109  101   91   81   72   64   57   52   47   44
   40   37   33   29   26   23   20   19   18   18   18   19   19   19   19   19
   19   19   19   20   21   22   24   26   27   28   29   30   30   30   30   30
   30   31   32   32   33   35   36   38   29                                   
    62.5-180.0 180.0   5.0 450.0                            LAT/LON1/LON2/DLON/H
   31   34   33   37   38   39   43   48   54   61   69   77   86   94  103  111
  119  126  131  133  133  130  123  114  103   92   82   72   65   58   53   48
   43   38   33   28   24   20   18   17   16   17   18   19   19   20   19   19
   18   17   17   17   18   20   21   23   25   27   28   28   28   28   28   29
   29   30   30   30   31   34   35   36   31                                   
    60.0-180.0 180.0   5.0 450.0                            LAT/LON1/LON2/DLON/H
   33   35   35   39   39   40   45   51   58   66   75   83   92  101  110  120
  128  135  141  144  144  140  133  123  112  100   89   79   71   64   58   52
   46   40   33   27   22   18   16   16   16   17   18   20   20   20   20   18
   17   16   15   14   15   16   18   20   22   24   25   26   26   26   27   27
   27   28   29   29   31   34   35   37   33                                   
    57.5-180.0 180.0   5.0 450.0                            LAT/LON1/LON2/DLON/H
   34   36   37   41   43   45   51   57   65   74   83   92  101  110  119  128
  137  144  149  152  151  147  139  130  119  107   96   87   79   72   65   58
   51   44   37   30   25   21   19   19   20   22   23   25   25   25   23   21
   19   17   15   15   15   16   18   20   23   25   26   27   28   28   28   29
   29   30   30   30   32   35   35   37   34                                   
    55.0-180.0 180.0   5.0 450.0                            LAT/LON1/LON2/DLON/H
   38   41   42   47   49   52   58   66   74   83   92  101  110  119  128  137
  145  152  156  157  156  151  143  133  123  113  103   95   88   81   74   67
   59   51   43   36   30   27   25   26   27   29   31   32   32   31   29   26
   23   21   18   17   17   18   20   22   25   28   30   32   32   32   32   33
   33   34   34   34   35   37   37   39   38                                   
    52.5-180.0 180.0   5.0 450.0                            LAT/LON1/LON2/DLON/H
   44   46   48   54   57   62   69   77   86   94  102  111  119  128  136  145
  152  158  161  161  158  152  145  136  127  119  111  104   98   92   85   77
   69   61   52   45   40   37   36   36   38   40   41   42   41   40   37   34
   31   28   26   24   24   24   26   29   32   35   38   39   40   40   40   40
   40   41   42   41   40   41   41   43   44                                   
    50.0-180.0 180.0   5.0 450.0                            LAT/LON1/LON2/DLON/H
   52   54   57   64   68   75   83   92  100  108  115  122  129  136  144  153
  159  164  165  164  159  153  146  139  133  126  121  115  110  104   97   89
   80   71   63   56   52   49   48   49   50   51   52   52   51   49   47   45
   42   40   38   36   35   35   37   39   42   45   48   49   50   50   49   49
   49   50   51   50   48   48   47   49   52                                   
    47.5-180.0 180.0   5.0 450.0                            LAT/LON1/LON2/DLON/H
   61   62   66   74   80   89   98  108  116  123  128  133  139  145  152  160
  166  169  169  166  161  156  150  145  140  136  132  127  122  115  107   99
   89   81   73   67   64   62   61   61   62   63   63   62   61   59   58   56
   55   54   52   51   50   49   50   52   54   56   58   59   59   59   58   58
   58   59   60   59   57   56   53   56   61                                   
    45.0-180.0 180.0   5.0 450.0                            LAT/LON1/LON2/DLON/H
   68   68   72   83   91  102  112  124  132  138  142  145  149  154  160  167
  172  174  173  170  165  161  156  153  150  147  143  138  132  124  115  105
   96   87   81   76   74   72   72   72   72   72   72   71   70   68   68   67
   67   67   66   65   64   63   63   64   64   65   66   66   66   65   65   65
   65   66   67   66   64   62   60   62   68                                   
    42.5-180.0 180.0   5.0 450.0                            LAT/LON1/LON2/DLON/H
   71   70   74   87   98  111  124  137  146  153  155  158  160  163  168  174
  178  180  179  176  172  168  165  163  160  157  153  146  138  129  119  108
   99   91   86   83   82   81   81   81   80   79   78   77   76   76   76   76
   77   77   77   76   75   74   72   72   71   71   70   70   69   69   68   68
   68   69   70   69   67   65   63   65   71                                   
    40.0-180.0 180.0   5.0 450.0                            LAT/LON1/LON2/DLON/H
   70   68   71   87  100  116  131  146  157  165  168  170  171  174  178  182
  186  187  186  183  181  178  175  173  170  166  160  152  141  131  120  110
  101   95   90   89   89   90   90   89   87   85   84   83   82   81   81   82
   82   83   82   81   80   78   77   75   73   72   70   70   69   68   68   68
   68   69   69   68   66   64   62   66   70                                   
    37.5-180.0 180.0   5.0 450.0                            LAT/LON1/LON2/DLON/H
   64   62   65   83   98  115  133  151  164  174  179  182  183  186  189  193
  195  196  195  193  191  189  186  183  178  172  164  154  143  133  123  114
  107  102   99   98   99  100   99   97   94   91   89   88   87   86   85   84
   83   83   82   80   79   77   76   74   72   69   68   67   66   66   67   67
   67   67   67   65   62   60   57   63   64                                   
    35.0-180.0 180.0   5.0 450.0                            LAT/LON1/LON2/DLON/H
   56   55   58   76   92  111  131  152  169  182  190  194  197  199  202  205
  206  206  206  204  203  200  196  190  184  176  167  158  148  139  132  126
  121  117  114  114  115  115  113  109  104  100   97   95   93   91   88   85
   82   79   77   76   74   74   73   71   69   67   65   64   64   65   65   66
   65   65   64   62   57   55   52   59   56                                   
    32.5-180.0 180.0   5.0 450.0                            LAT/LON1/LON2/DLON/H
   48   49   53   70   86  105  127  150  171  188  200  207  211  214  216  218
  218  218  217  215  213  209  203  195  187  180  172  165  159  155  153  150
  147  144  141  139  138  136  131  125  118  113  109  106  102   98   92   86
   80   76   73   71   70   71   71   70   69   67   65   65   65   66   67   67
   66   65   64   61   55   52   49   57   48                                   
    30.0-180.0 180.0   5.0 450.0                            LAT/LON1/LON2/DLON/H
   44   47   52   67   83  100  123  148  172  193  209  220  226  230  231  232
  231  229  227  225  221  215  207  198  190  185  182  181  181  183  186  188
  187  183  177  172  168  162  155  146  136  129  124  120  115  108   99   90
   82   76   72   71   71   72   73   73   72   71   70   71   71   72   73   72
   71   69   68   64   57   53   49   58   44                                   
    27.5-180.0 180.0   5.0 450.0                            LAT/LON1/LON2/DLON/H
   46   51   56   69   84  100  122  147  173  197  217  231  240  244  246  245
  243  239  236  232  226  218  208  200  195  195  199  206  214  224  233  239
  238  232  222  212  202  192  181  168  157  148  141  136  129  120  110   99
   90   83   79   77   78   79   81   82   82   81   81   82   83   83   83   82
   80   78   75   71   63   57   52   61   46                                   
    25.0-180.0 180.0   5.0 450.0                            LAT/LON1/LON2/DLON/H
   54   60   66   77   92  105  126  150  177  203  225  241  251  257  259  257
  253  248  242  235  227  218  209  203  204  212  225  241  257  274  289  297
  297  287  271  253  236  221  205  190  177  166  158  152  144  134  123  111
  102   96   93   91   92   94   96   97   97   97   97   97   98   98   97   95
   92   90   86   81   73   65   59   67   54                                   
    22.5-180.0 180.0   5.0 450.0                            LAT/LON1/LON2/DLON/H
   69   74   80   91  106  118  137  159  186  212  234  251  261  267  270  268
  262  255  246  237  227  217  211  211  219  236  258  283  307  330  348  358
  355  339  316  290  266  245  225  207  192  181  172  165  157  147  136  126
  118  114  112  112  112  114  115  115  114  113  113  114  114  114  112  108
  104  102   98   93   86   76   67   75   69                                   
    20.0-180.0 180.0   5.0 450.0                            LAT/LON1/LON2/DLON/H
   88   90   97  109  125  137  156  176  202  227  247  262  272  278  280  278
  271  261  250  238  227  219  217  224  241  267  298  329  358  384  403  411
  403  381  350  317  286  260  237  218  202  190  181  173  165  156  146  139
  135  134  134  134  134  133  133  131  130  128  127  128  128  126  123  118
  113  111  107  104   97   86   76   83   88                                   
    17.5-180.0 180.0   5.0 450.0                            LAT/LON1/LON2/DLON/H
  105  105  113  128  146  159  180  200  224  248  266  279  287  292  293  290
  282  269  255  241  231  226  230  245  270  303  339  374  405  429  445  448
  435  408  372  333  297  267  242  222  205  193  183  175  167  159  152  148
  147  150  152  153  152  149  146  144  141  139  137  137  136  133  129  123
  117  116  111  109  104   93   83   91  105                                   
    15.0-180.0 180.0   5.0 450.0                            LAT/LON1/LON2/DLON/H
  117  117  128  146  166  183  206  227  251  273  289  300  307  311  312  308
  298  283  266  252  242  242  252  273  305  342  381  415  442  460  468  465
  449  419  381  340  302  270  244  223  206  192  181  172  164  157  152  152
  155  160  164  165  163  159  155  151  147  144  143  141  139  136  130  123
  116  114  110  108  105   95   87   96  117                                   
    12.5-180.0 180.0   5.0 450.0                            LAT/LON1/LON2/DLON/H
  122  125  139  161  185  206  232  254  279  301  316  326  332  336  337  332
  321  305  287  272  264  267  283  309  344  382  418  446  464  473  474  466
  448  419  383  344  307  274  248  226  208  192  179  168  159  153  150  151
  157  163  168  169  167  163  158  154  150  147  145  143  140  136  130  122
  113  110  104  102  100   92   86   98  122                                   
    10.0-180.0 180.0   5.0 450.0                            LAT/LON1/LON2/DLON/H
  122  129  147  173  201  226  255  280  306  328  344  354  361  366  368  364
  353  336  317  303  298  304  323  351  385  419  448  466  474  474  468  457
  439  415  384  350  316  286  259  236  216  197  181  167  156  150  148  151
  157  164  169  170  167  163  159  155  152  148  146  144  141  137  130  121
  111  105   99   95   93   87   84   96  122                                   
     7.5-180.0 180.0   5.0 450.0                            LAT/LON1/LON2/DLON/H
  120  133  155  183  213  241  273  300  329  352  369  381  391  398  402  400
  391  375  358  345  342  350  369  396  425  451  469  476  474  467  457  446
