data/edconvlstm_nd/pred3270.15i
     1.0            IONOSPHERE MAPS     GNSS                IONEX VERSION / TYPE
pyspatialgeodesy        IME             05-JAN-18 20:20     PGM / RUN BY / DATE 
Map Name                                                    COMMENT             
Predicted global ionosphere maps (GIM).                     DESCRIPTION         
  2015    11    23     0     0     0                        EPOCH OF FIRST MAP  
  2015    11    24     0     0     0                        EPOCH OF LAST MAP   
  7200                                                      INTERVAL            
    13                                                      # OF MAPS IN FILE   
  NONE                                                      MAPPING FUNCTION    
10.0                                                        ELEVATION CUTOFF    
One-way carrier phase leveled to code                       OBSERVABLES USED    
  6371.0                                                    BASE RADIUS         
 2                                                          MAP DIMENSION       
   450.0 450.0   0.0                                        HGT1 / HGT2 / DHGT  
    87.5 -87.5  -2.5                                        LAT1 / LAT2 / DLAT  
  -180.0 180.0   5.0                                        LON1 / LON2 / DLON  
    -1                                                      EXPONENT            
                                                            END OF HEADER       
[from data line 2145]
     6                                                      START OF TEC MAP    
  2015    11    23    10     0     0                        EPOCH OF CURRENT MAP
    87.5-180.0 180.0   5.0 450.0                            LAT/LON1/LON2/DLON/H
   40   51   50   52   54   53   53   49   49   50   50   50   49   49   48   48
   48   47   47   46   46   46   46   45   45   45   45   45   45   46   46   46
   46   46   46   46   46   46   46   46   46   45   45   45   45   44   44   44
   44   43   43   43   43   42   42   42   42   42   42   42   42   42   42   43
   44   45   43   42   47   52   65   67   40                                   
    85.0-180.0 180.0   5.0 450.0                            LAT/LON1/LON2/DLON/H
   38   61   70   58   60   62   62   61   61   62   60   60   59   58   58   57
   56   56   55   55   55   55   55   55   55   55   56   56   56   57   57   57
   57   58   58   58   58   58   58   58   58   58   57   57   56   55   55   54
   53   52   52   51   51   50   50   50   50   50   50   51   51   52   52   53
   55   55   52   51   55   60   70   65   38                                   
    82.5-180.0 180.0   5.0 450.0                            LAT/LON1/LON2/DLON/H
   35   53   67   59   59   60   61   60   60   59   58   57   55   54   52   51
   50   49   48   48   48   48   48   48   48   48   49   49   50   50   51   52
   52   53   54   55   56   56   57   57   58   57   57   56   55   54   53   51
   50   49   48   47   46   45   45   45   45   45   45   45   46   46   47   48
   50   51   48   47   55   60   61   58   35                                   
    80.0-180.0 180.0   5.0 450.0                            LAT/LON1/LON2/DLON/H
   38   50   65   57   60   58   59   58   58   57   55   53   51   48   46   44
   42   41   41   40   40   40   41   41   42   42   43   44   45   46   47   48
   50   52   54   56   58   60   61   62   63   63   63   62   60   58   57   55
   53   51   50   48   47   46   45   45   44   44   44   44   44   45   45   46
   47   47   47   47   51   58   60   59   38                                   
    77.5-180.0 180.0   5.0 450.0                            LAT/LON1/LON2/DLON/H
   44   52   57   51   53   53   54   54   54   52   49   47   44   41   39   36
   35   34   33   33   34   34   35   36   37   38   39   40   41   42   44   46
   49   52   55   59   62   66   69   71   72   72   72   71   69   67   65   63
   61   59   58   56   55   54   53   52   51   50   49   48   47   47   46   46
   46   45   44   44   44   45   50   51   44                                   
    75.0-180.0 180.0   5.0 450.0                            LAT/LON1/LON2/DLON/H
   31   42   45   44   45   47   48   47   47   46   43   41   37   35   32   30
   28   28   28   29   31   32   34   35   37   38   39   39   41   42   44   46
   50   53   58   63   68   74   78   82   85   87   88   87   86   84   82   80
   78   76   74   72   70   68   66   64   62   59   57   55   53   51   49   48
   46   45   43   40   42   40   43   39   31                                   
    72.5-180.0 180.0   5.0 450.0                            LAT/LON1/LON2/DLON/H
   28   36   38   38   39   43   45   45   45   44   41   39   35   32   30   28
   27   28   29   30   33   35   37   39   40   41   41   42   43   44   45   48
   51   56   62   68   75   83   90   96  100  104  106  106  106  104  103  101
   99   97   95   93   90   87   83   79   75   71   67   63   60   57   55   52
   50   47   46   42   42   39   40   39   28                                   
    70.0-180.0 180.0   5.0 450.0                            LAT/LON1/LON2/DLON/H
   27   32   36   36   37   39   41   42   42   42   40   38   35   32   30   29
   29   30   32   35   39   42   44   46   48   48   48   48   48   48   49   51
   54   59   66   74   82   92  101  109  116  121  124  126  126  125  124  123
  121  120  117  114  109  104   98   91   84   78   73   68   63   60   57   54
   52   49   48   43   43   40   43   42   27                                   
    67.5-180.0 180.0   5.0 450.0                            LAT/LON1/LON2/DLON/H
   26   31   33   34   35   38   40   41   42   42   40   39   37   35   33   33
   33   35   38   42   46   49   52   54   55   54   53   52   51   51   52   54
   57   62   69   78   88   99  109  119  127  134  138  140  141  141  141  140
  138  136  133  128  122  114  105   96   87   79   72   66   61   57   54   53
   51   48   48   44   44   41   42   41   26                                   
    65.0-180.0 180.0   5.0 450.0                            LAT/LON1/LON2/DLON/H
   29   33   33   35   34   37   39   41   42   42   41   41   39   38   37   37
   38   41   44   48   52   56   58   59   59   58   57   56   55   55   55   58
   62   67   75   84   95  107  119  130  139  146  151  153  155  155  154  153
  152  149  144  138  130  119  108   96   85   75   66   60   55   51   49   48
   47   46   48   45   47   45   46   47   29                                   
    62.5-180.0 180.0   5.0 450.0                            LAT/LON1/LON2/DLON/H
   33   36   35   36   35   37   38   40   41   42   42   42   41   40   40   41
   42   45   48   51   54   57   58   59   58   57   55   54   55   56   58   62
   67   74   83   92  104  116  128  139  149  155  160  162  163  162  161  160
  158  155  149  141  131  119  105   91   79   68   59   52   47   43   42   41
   42   42   45   43   46   46   48   50   33                                   
    60.0-180.0 180.0   5.0 450.0                            LAT/LON1/LON2/DLON/H
   38   40   38   37   35   36   36   37   38   39   40   41   41   41   41   41
   43   44   46   48   50   51   52   51   50   49   48   49   51   55   60   66
   74   82   91  102  113  125  136  146  155  161  164  165  165  164  163  162
  159  155  149  140  128  115  100   86   73   62   53   45   40   37   35   35
   35   36   40   40   45   45   48   50   38                                   
    57.5-180.0 180.0   5.0 450.0                            LAT/LON1/LON2/DLON/H
   43   44   42   40   37   37   36   36   37   38   38   40   40   40   41   41
   42   43   44   44   44   44   43   42   41   41   41   44   49   55   64   73
   83   93  104  114  125  136  146  155  162  167  169  170  169  168  166  165
  162  158  151  141  129  116  102   88   76   65   56   49   43   39   36   35
   35   35   39   41   46   46   49   51   43                                   
    55.0-180.0 180.0   5.0 450.0                            LAT/LON1/LON2/DLON/H
   48   49   47   45   41   39   37   36   36   37   37   38   39   40   40   41
   41   41   40   40   39   38   36   35   34   35   37   41   48   57   69   82
   94  107  118  128  138  147  156  164  169  173  175  175  174  173  172  170
  167  163  156  146  135  122  109   97   86   77   69   62   55   49   45   41
   39   38   42   43   49   49   51   53   48                                   
    52.5-180.0 180.0   5.0 450.0                            LAT/LON1/LON2/DLON/H
   54   54   53   50   47   45   41   39   38   38   38   38   39   40   40   41
   41   40   39   38   36   35   34   33   33   34   37   42   51   62   76   91
  106  120  132  143  152  159  167  173  178  181  182  183  182  182  181  179
  177  172  165  156  146  134  123  113  104   96   89   82   75   68   61   55
   51   48   50   51   55   54   56   56   54                                   
    50.0-180.0 180.0   5.0 450.0                            LAT/LON1/LON2/DLON/H
   60   61   59   58   55   53   48   45   42   41   40   41   41   41   42   42
   42   41   40   39   38   38   38   38   38   40   43   49   58   70   84  101
  118  133  145  156  164  171  177  183  187  190  192  193  193  193  193  192
  189  184  178  169  159  149  140  131  123  117  111  105   97   89   80   73
   67   63   63   61   64   62   63   61   60                                   
    47.5-180.0 180.0   5.0 450.0                            LAT/LON1/LON2/DLON/H
   66   67   65   66   64   64   59   54   51   48   46   45   45   45   45   46
   46   46   45   45   45   46   48   49   50   52   55   60   68   79   93  109
  126  142  155  166  175  182  188  193  197  200  202  204  205  206  206  205
  202  197  190  181  172  163  154  146  139  133  127  121  114  106   97   90
   84   79   77   74   74   71   71   69   66                                   
    45.0-180.0 180.0   5.0 450.0                            LAT/LON1/LON2/DLON/H
   71   72   70   74   74   75   71   66   62   58   55   53   52   51   51   52
   52   53   54   55   58   60   63   65   67   68   70   73   79   89  101  115
  131  147  161  174  184  193  200  205  209  212  214  215  217  218  218  216
  213  207  199  190  181  172  162  154  146  139  132  126  119  112  105  100
   95   91   88   84   82   80   79   77   71                                   
    42.5-180.0 180.0   5.0 450.0                            LAT/LON1/LON2/DLON/H
   73   73   72   79   81   84   80   77   73   70   66   63   61   60   59   60
   61   63   65   69   73   77   80   82   83   84   84   86   90   97  107  119
  134  150  166  180  193  204  212  218  222  224  225  226  227  228  228  225
  220  213  204  195  185  175  165  154  144  135  127  120  114  108  103  100
   97   95   93   89   87   84   83   82   73                                   
    40.0-180.0 180.0   5.0 450.0                            LAT/LON1/LON2/DLON/H
   70   71   69   78   82   87   85   84   82   80   77   74   71   69   69   69
   70   73   77   82   87   92   95   96   96   96   96   97  100  105  113  124
  138  154  171  188  203  217  226  233  236  237  237  236  237  236  235  232
  226  217  208  198  188  177  166  153  140  129  118  109  102   97   93   92
   92   91   90   87   85   83   81   82   70                                   
    37.5-180.0 180.0   5.0 450.0                            LAT/LON1/LON2/DLON/H
   63   64   63   72   77   83   83   85   85   85   84   83   81   79   78   78
   80   83   88   93   98  102  103  103  102  102  104  106  109  114  122  132
  146  162  181  200  218  233  244  251  253  252  250  248  246  245  243  239
  233  225  216  207  198  187  175  161  145  130  116  104   95   88   84   83
   83   83   83   80   79   76   75   77   63                                   
    35.0-180.0 180.0   5.0 450.0                            LAT/LON1/LON2/DLON/H
   54   56   54   61   66   71   74   78   82   85   87   89   88   87   86   85
   87   90   95  100  104  106  105  104  103  104  108  113  119  126  134  145
  160  177  198  219  239  255  266  272  273  270  266  262  259  258  256  252
  247  241  235  229  222  214  202  188  170  152  133  117  103   93   86   83
   81   79   78   75   73   69   67   70   54                                   
    32.5-180.0 180.0   5.0 450.0                            LAT/LON1/LON2/DLON/H
   47   48   45   50   53   58   62   67   74   80   85   90   92   92   91   91
   93   96  100  104  106  106  103  101  100  104  111  120  130  140  151  164
  180  199  222  244  266  282  293  298  297  292  287  282  279  278  278  276
  274  272  270  268  265  261  252  239  221  200  178  157  138  121  108   99
   91   85   82   76   73   66   64   66   47                                   
    30.0-180.0 180.0   5.0 450.0                            LAT/LON1/LON2/DLON/H
   44   44   39   41   42   44   49   54   62   71   79   87   91   94   94   95
   96   98  102  104  105  103   99   97   98  104  114  128  142  156  170  186
  205  227  251  275  297  314  324  328  325  320  314  310  308  309  311  313
  315  318  320  324  327  328  323  313  296  274  249  223  198  175  154  137
  122  109  101   91   84   73   71   69   44                                   
    27.5-180.0 180.0   5.0 450.0                            LAT/LON1/LON2/DLON/H
   48   45   38   36   34   35   39   44   51   60   70   80   87   92   94   95
   97   99  102  103  102  100   96   95   98  106  119  136  154  172  191  211
  234  259  285  310  332  348  357  360  357  352  348  345  346  350  356  362
  369  377  385  395  404  411  411  404  388  366  339  310  279  248  220  195
  171  151  137  120  109   93   89   81   48                                   
    25.0-180.0 180.0   5.0 450.0                            LAT/LON1/LON2/DLON/H
   62   54   42   35   32   31   34   37   44   52   62   72   81   87   90   93
   95   98  100  100  100   98   96   96  101  111  126  145  166  189  212  237
  264  292  320  345  365  380  388  391  390  387  386  387  392  399  409  421
  433  445  460  476  491  502  507  503  489  466  437  404  369  333  298  266
  235  209  187  164  147  125  117  102   62                                   
    22.5-180.0 180.0   5.0 450.0                            LAT/LON1/LON2/DLON/H
   85   72   55   43   36   34   34   36   41   48   56   65   73   80   84   88
   91   94   96   97   97   97   97  100  107  118  135  156  179  205  233  263
  294  323  350  373  392  406  414  418  420  422  425  431  440  452  467  483
  499  517  536  556  574  588  595  592  579  556  527  491  453  413  373  337
  301  272  244  216  195  166  153  132   85                                   
    20.0-180.0 180.0   5.0 450.0                            LAT/LON1/LON2/DLON/H
  118  100   77   60   50   44   43   42   44   48   54   60   67   73   77   81
   85   89   92   93   94   96   99  104  114  128  146  167  192  221  252  285
  317  347  372  393  410  422  431  438  445  452  462  473  487  504  521  540
  559  579  598  617  634  647  652  649  636  613  584  550  511  471  431  394
  358  328  297  268  243  211  192  169  118                                   
    17.5-180.0 180.0   5.0 450.0                            LAT/LON1/LON2/DLON/H
  153  133  109   88   73   63   59   55   54   55   56   59   63   67   71   75
   79   83   87   89   90   93   99  109  122  138  157  179  205  235  268  302
  334  362  385  404  419  432  442  453  464  477  493  510  528  546  565  584
  602  618  633  645  656  662  664  658  644  623  597  566  531  495  459  425
  393  366  336  309  282  250  227  206  153                                   
    15.0-180.0 180.0   5.0 450.0                            LAT/LON1/LON2/DLON/H
  185  166  142  121  102   89   81   75   69   66   64   63   64   65   68   71
   75   79   82   84   86   90   99  112  128  147  167  190  216  247  280  313
  344  370  391  408  422  436  449  463  479  497  518  538  558  577  594  608
  621  630  636  639  640  639  634  625  611  592  569  543  514  484  454  426
  401  380  355  332  306  276  253  234  185                                   
    12.5-180.0 180.0   5.0 450.0                            LAT/LON1/LON2/DLON/H
  206  189  171  152  132  117  107   98   89   81   74   70   67   66   67   69
   72   76   79   81   83   88   99  114  133  155  177  201  227  257  290  321
  350  373  392  407  422  437  453  471  491  513  536  558  577  593  606  614
  619  620  616  610  603  594  584  572  557  539  520  499  476  451  427  405
  386  372  352  335  313  285  265  249  206                                   
    10.0-180.0 180.0   5.0 450.0                            LAT/LON1/LON2/DLON/H
  217  201  189  172  156  140  131  121  109   98   88   80   74   71   69   70
   73   76   79   80   82   88  100  117  138  162  186  212  239  269  299  328
  353  374  390  405  420  437  456  477  500  525  549  570  587  599  606  608
  606  600  590  578  564  550  536  521  505  489  472  454  434  413  393  375
  360  350  336  323  305  280  263  250  217                                   
     7.5-180.0 180.0   5.0 450.0                            LAT/LON1/LON2/DLON/H
  220  205  197  182  171  156  147  138  125  113  101   91   83   77   74   74
   76   79   82   83   85   91  102  120  143  168  196  224  253  282  310  335
