data/edconvlstm_nd/pred3580.15i
     1.0            IONOSPHERE MAPS     GNSS                IONEX VERSION / TYPE
pyspatialgeodesy        IME             05-JAN-18 20:20     PGM / RUN BY / DATE 
Map Name                                                    COMMENT             
Predicted global ionosphere maps (GIM).                     DESCRIPTION         
  2015    12    24     0     0     0                        EPOCH OF FIRST MAP  
  2015    12    25     0     0     0                        EPOCH OF LAST MAP   
  7200                                                      INTERVAL            
    13                                                      # OF MAPS IN FILE   
  NONE                                                      MAPPING FUNCTION    
10.0                                                        ELEVATION CUTOFF    
One-way carrier phase leveled to code                       OBSERVABLES USED    
  6371.0                                                    BASE RADIUS         
 2                                                          MAP DIMENSION       
   450.0 450.0   0.0                                        HGT1 / HGT2 / DHGT  
    87.5 -87.5  -2.5                                        LAT1 / LAT2 / DLAT  
  -180.0 180.0   5.0                                        LON1 / LON2 / DLON  
    -1                                                      EXPONENT            
                                                            END OF HEADER       
[from data line 1287]
     4                                                      START OF TEC MAP    
  2015    12    24     6     0     0                        EPOCH OF CURRENT MAP
    87.5-180.0 180.0   5.0 450.0                            LAT/LON1/LON2/DLON/H
   27   37   32   35   35   36   35   30   30   31   31   31   31   31   30   30
   29   29   29   28   28   28   28   28   28   28   29   29   30   30   31   31
   32   32   33   33   33   34   34   34   34   34   34   34   34   34   34   34
   33   33   33   33   32   32   32   31   31   30   30   30   29   29   28   28
   29   29   27   28   34   45   55   49   27                                   
    85.0-180.0 180.0   5.0 450.0                            LAT/LON1/LON2/DLON/H
   16   41   40   40   43   45   44   44   44   45   44   44   44   44   43   43
   42   42   41   40   40   40   39   39   39   39   39   40   40   41   41   42
   42   43   43   44   44   44   45   45   45   45   45   45   45   44   44   44
   44   43   43   43   42   42   41   41   40   40   39   39   39   38   38   38
   39   39   36   38   45   46   60   49   16                                   
    82.5-180.0 180.0   5.0 450.0                            LAT/LON1/LON2/DLON/H
   19   30   47   44   45   47   47   47   48   49   49   50   50   49   48   47
   46   44   43   42   41   39   39   38   38   38   38   38   39   39   40   41
   42   43   44   45   45   46   46   47   47   47   47   47   47   47   46   46
   46   45   45   45   44   43   43   42   41   40   40   39   38   38   37   37
   37   38   36   35   48   41   46   42   19                                   
    80.0-180.0 180.0   5.0 450.0                            LAT/LON1/LON2/DLON/H
   30   37   50   45   52   51   53   53   56   57   57   58   58   57   55   53
   51   49   47   45   43   41   40   39   38   38   38   38   39   40   41   42
   43   45   46   47   49   49   50   51   51   51   51   50   50   50   49   49
   48   48   48   47   46   46   45   44   43   43   42   41   40   39   39   39
   39   38   39   39   48   44   46   44   30                                   
    77.5-180.0 180.0   5.0 450.0                            LAT/LON1/LON2/DLON/H
   40   44   47   42   46   48   52   54   57   59   59   60   59   58   55   53
   50   47   44   41   39   37   35   34   33   33   33   33   34   35   36   38
   40   42   44   45   47   48   49   49   49   49   49   48   48   47   47   47
   47   47   47   48   47   47   47   46   45   44   43   42   41   40   39   38
   37   37   36   37   39   31   37   36   40                                   
    75.0-180.0 180.0   5.0 450.0                            LAT/LON1/LON2/DLON/H
   33   42   44   41   43   48   51   54   57   59   59   59   58   56   53   50
   47   44   41   38   36   35   33   33   32   32   32   33   33   35   36   38
   40   42   44   45   47   47   48   48   48   47   47   46   46   45   46   46
   47   48   49   50   51   52   52   52   51   50   49   48   47   46   44   43
   42   41   40   37   39   32   36   35   33                                   
    72.5-180.0 180.0   5.0 450.0                            LAT/LON1/LON2/DLON/H
   36   41   43   38   43   49   54   55   59   60   60   60   58   55   52   49
   46   43   40   38   37   36   35   34   34   35   35   36   36   37   39   40
   42   43   45   46   47   47   47   47   46   46   45   45   45   45   47   48
   50   53   55   57   59   61   62   62   62   61   60   59   57   56   54   53
   51   49   49   46   45   38   41   40   36                                   
    70.0-180.0 180.0   5.0 450.0                            LAT/LON1/LON2/DLON/H
   40   42   46   41   45   49   53   55   58   59   58   58   56   53   50   47
   44   42   40   39   38   37   38   38   39   40   40   41   41   42   43   43
   44   45   46   47   47   46   46   45   44   44   44   44   45   46   48   51
   55   59   63   67   71   73   75   76   76   75   74   72   70   68   66   64
   62   60   59   54   52   44   48   45   40                                   
    67.5-180.0 180.0   5.0 450.0                            LAT/LON1/LON2/DLON/H
   40   41   43   39   42   46   49   51   53   54   53   53   51   49   46   44
   42   40   38   37   37   37   38   39   41   42   43   43   43   43   42   42
   42   42   42   42   41   40   39   39   38   38   39   40   42   45   49   53
   59   64   70   76   81   85   87   88   87   86   84   82   79   77   73   71
   68   65   64   58   55   47   48   46   40                                   
    65.0-180.0 180.0   5.0 450.0                            LAT/LON1/LON2/DLON/H
   42   41   41   38   39   42   46   47   49   50   49   49   48   46   45   43
   41   40   39   38   38   39   40   42   43   45   45   45   44   43   42   41
   40   39   39   38   36   35   34   34   34   35   37   40   44   48   53   59
   66   74   82   89   95   99  101  102  101   99   97   94   91   87   83   79
   75   71   69   62   59   50   50   49   42                                   
    62.5-180.0 180.0   5.0 450.0                            LAT/LON1/LON2/DLON/H
   44   40   40   38   38   41   44   45   46   47   47   48   47   46   46   45
   44   43   42   41   41   42   43   45   46   46   46   45   44   42   40   39
   37   37   36   35   33   32   31   32   33   36   39   44   49   55   61   69
   77   87   96  105  111  116  118  118  116  114  111  107  104   99   94   89
   83   77   74   66   62   52   52   51   44                                   
    60.0-180.0 180.0   5.0 450.0                            LAT/LON1/LON2/DLON/H
   46   41   39   36   36   38   40   41   42   43   43   44   44   45   46   46
   46   45   44   44   43   43   44   44   45   45   44   42   40   38   36   34
   33   32   32   31   30   29   29   30   33   37   42   49   55   62   70   78
   88   99  109  119  126  130  131  130  128  125  122  119  115  110  103   97
   89   82   78   69   65   54   52   51   46                                   
    57.5-180.0 180.0   5.0 450.0                            LAT/LON1/LON2/DLON/H
   50   42   39   36   35   36   38   38   39   39   40   42   43   45   47   48
   49   49   48   46   45   44   44   43   43   42   40   38   36   34   32   30
   30   29   29   29   28   28   29   31   35   41   49   57   64   72   81   90
  100  111  123  132  139  143  144  142  140  137  135  132  128  123  115  108
   98   89   84   75   70   57   54   53   50                                   
    55.0-180.0 180.0   5.0 450.0                            LAT/LON1/LON2/DLON/H
   55   44   41   37   35   36   36   36   36   36   36   39   41   43   46   49
   50   50   49   47   45   44   42   41   40   39   37   35   33   31   29   28
   27   27   28   28   28   29   30   33   39   47   56   65   74   83   91  101
  111  123  134  144  151  154  154  152  150  148  146  145  142  136  128  120
  109   99   92   83   77   64   59   58   55                                   
    52.5-180.0 180.0   5.0 450.0                            LAT/LON1/LON2/DLON/H
   63   50   45   41   38   38   38   36   35   34   34   36   38   41   45   48
   50   50   49   47   45   43   41   40   39   37   35   34   32   30   28   27
   27   27   28   29   30   31   33   38   45   54   65   76   85   94  102  112
  122  134  146  155  162  165  164  162  159  158  157  156  154  149  141  132
  121  110  103   93   87   73   67   65   63                                   
    50.0-180.0 180.0   5.0 450.0                            LAT/LON1/LON2/DLON/H
   72   58   52   47   44   43   42   39   37   35   34   35   36   39   42   45
   47   47   47   45   43   42   41   39   38   37   36   35   33   31   30   28
   28   29   30   32   33   35   38   44   52   63   75   87   97  105  113  122
  133  145  157  166  173  175  173  170  167  166  165  165  164  160  152  143
  133  122  115  105   98   85   79   76   72                                   
    47.5-180.0 180.0   5.0 450.0                            LAT/LON1/LON2/DLON/H
   81   67   60   56   52   51   49   45   42   39   37   36   36   37   39   41
   43   43   43   42   41   41   41   40   40   39   39   38   37   35   33   32
   31   32   34   36   38   41   45   52   61   74   87   98  108  117  125  134
  144  156  168  177  183  185  182  178  174  171  171  171  170  166  159  151
  141  132  126  116  110   97   92   88   81                                   
    45.0-180.0 180.0   5.0 450.0                            LAT/LON1/LON2/DLON/H
   89   75   68   66   62   61   58   54   50   46   42   40   39   38   38   38
   39   39   39   39   40   41   42   42   43   43   43   43   42   40   38   36
   35   35   38   41   44   48   53   61   72   85   99  111  121  129  137  146
  156  168  179  188  194  195  191  185  179  175  173  172  171  167  161  154
  146  138  133  125  119  108  103   99   89                                   
    42.5-180.0 180.0   5.0 450.0                            LAT/LON1/LON2/DLON/H
   94   81   74   74   72   71   68   64   59   55   50   48   44   42   40   38
   37   36   37   38   40   42   44   46   47   48   48   48   47   45   42   39
   38   38   41   45   50   55   61   71   84   98  113  125  135  143  151  159
  169  180  190  199  204  204  200  192  184  178  174  172  169  165  160  154
  148  142  138  130  125  115  110  106   94                                   
    40.0-180.0 180.0   5.0 450.0                            LAT/LON1/LON2/DLON/H
   94   83   77   78   77   78   76   71   67   63   59   57   53   49   45   42
   39   38   38   40   43   46   49   51   52   53   52   52   50   48   45   42
   40   41   44   49   55   62   70   82   97  113  128  140  150  157  165  173
  182  192  201  209  214  214  209  201  191  183  177  173  169  165  160  156
  151  145  141  134  128  118  113  108   94                                   
    37.5-180.0 180.0   5.0 450.0                            LAT/LON1/LON2/DLON/H
   92   81   74   77   78   79   78   75   72   69   67   66   62   58   53   49
   46   44   45   47   50   53   55   57   57   56   55   54   52   49   46   43
   42   43   47   53   60   68   79   93  111  128  144  156  165  173  180  188
  195  203  212  219  225  226  222  214  204  194  186  181  177  173  168  165
  159  153  148  139  132  119  113  107   92                                   
    35.0-180.0 180.0   5.0 450.0                            LAT/LON1/LON2/DLON/H
   89   76   69   70   73   74   73   72   71   70   70   71   70   68   64   60
   56   55   56   57   60   61   62   62   61   59   56   54   52   49   46   44
   43   45   50   57   65   75   88  105  124  143  160  172  181  189  196  202
  209  215  223  231  238  241  240  233  224  214  207  201  197  194  190  186
  179  170  162  150  140  123  114  106   89                                   
    32.5-180.0 180.0   5.0 450.0                            LAT/LON1/LON2/DLON/H
   90   73   64   63   65   65   65   64   65   65   68   72   74   74   73   70
   68   67   68   69   70   69   68   66   64   61   58   55   52   49   47   46
   46   48   54   61   70   81   96  115  136  158  175  188  197  205  211  217
  222  228  235  245  254  261  263  260  254  247  241  237  234  232  228  223
  214  201  188  172  157  135  122  111   90                                   
    30.0-180.0 180.0   5.0 450.0                            LAT/LON1/LON2/DLON/H
   97   76   63   58   59   58   56   55   56   57   61   67   72   75   77   77
   77   78   78   78   77   75   72   70   67   64   61   57   53   51   49   48
   49   52   57   64   74   86  102  123  147  170  189  202  213  221  228  233
  237  242  250  261  274  286  293  295  293  290  287  286  286  285  282  275
  262  245  227  205  186  158  142  126   97                                   
    27.5-180.0 180.0   5.0 450.0                            LAT/LON1/LON2/DLON/H
  115   88   70   60   58   54   51   49   48   49   53   59   66   71   76   78
   81   82   83   83   80   77   75   73   71   69   65   61   57   54   53   53
   53   56   60   67   76   89  106  129  155  180  200  216  228  237  245  250
  254  259  268  282  299  316  328  336  340  342  343  346  348  348  345  336
  320  299  276  249  227  194  175  154  115                                   
    25.0-180.0 180.0   5.0 450.0                            LAT/LON1/LON2/DLON/H
  145  112   90   72   65   59   54   49   46   45   47   52   58   64   70   74
   78   81   82   81   79   77   76   76   77   76   73   68   63   60   59   58
   58   60   63   69   78   91  109  133  160  187  210  228  242  253  262  269
  273  280  291  308  329  350  368  381  391  398  403  408  412  413  408  398
  379  356  330  299  275  240  220  196  145                                   
    22.5-180.0 180.0   5.0 450.0                            LAT/LON1/LON2/DLON/H
  185  149  122   97   83   73   65   57   52   49   48   51   55   59   63   67
   71   74   75   75   75   75   77   80   84   85   82   77   72   68   66   65
   64   63   65   70   78   92  111  135  164  192  218  239  256  270  281  289
  295  304  317  337  362  387  409  427  442  453  461  467  471  470  464  452
  432  409  382  350  327  293  272  247  185                                   
    20.0-180.0 180.0   5.0 450.0                            LAT/LON1/LON2/DLON/H
  235  198  168  135  113   98   88   77   69   63   59   58   59   60   61   63
   65   67   68   69   71   74   79   86   92   95   92   87   82   78   76   73
   69   66   66   69   78   92  111  137  167  197  225  249  269  286  300  310
  319  330  347  370  396  423  447  468  486  500  509  515  516  514  506  493
  474  452  427  397  377  347  325  303  235                                   
    17.5-180.0 180.0   5.0 450.0                            LAT/LON1/LON2/DLON/H
  289  254  224  185  156  136  122  108   98   89   82   77   74   71   68   66
   65   65   66   68   71   76   84   93  101  104  102   97   92   88   85   80
   74   68   65   68   77   92  113  140  170  202  232  259  282  302  318  331
  343  357  376  400  426  452  477  499  518  532  541  544  543  538  530  517
  500  482  461  437  420  396  374  356  289                                   
    15.0-180.0 180.0   5.0 450.0                            LAT/LON1/LON2/DLON/H
  339  310  282  242  206  182  164  149  137  126  116  108  100   93   85   79
   74   72   72   75   79   86   94  103  110  113  111  106  101   97   93   86
   77   69   64   67   76   93  116  144  175  208  240  269  294  316  334  349
  363  379  399  422  446  470  492  513  532  545  552  554  551  545  536  524
  510  497  482  465  452  435  415  400  339                                   
    12.5-180.0 180.0   5.0 450.0                            LAT/LON1/LON2/DLON/H
  379  356  333  295  256  229  209  194  182  169  159  148  137  125  113  103
   95   91   90   93   97  103  109  116  120  121  118  113  108  103   98   90
   80   70   65   67   78   97  121  150  182  216  248  277  304  326  345  361
  376  393  412  432  452  472  492  511  528  541  547  547  543  537  528  518
  508  500  491  481  472  461  443  431  379                                   
    10.0-180.0 180.0   5.0 450.0                            LAT/LON1/LON2/DLON/H
  403  386  367  333  295  267  247  233  222  212  202  191  179  164  149  135
  125  120  118  120  123  126  129  131  130  127  122  117  111  106  100   91
   81   72   68   71   83  103  128  158  191  223  255  284  310  331  350  366
  382  398  415  431  447  463  481  499  515  527  532  533  529  523  515  507
  500  496  492  487  482  474  459  447  403                                   
     7.5-180.0 180.0   5.0 450.0                            LAT/LON1/LON2/DLON/H
  412  397  382  351  317  290  271  259  251  243  236  228  216  201  185  170
  159  153  152  153  154  154  152  147  140  132  125  118  112  106   99   92
