data/edconvlstm_nd/pred2670.15i
     1.0            IONOSPHERE MAPS     GNSS                IONEX VERSION / TYPE
pyspatialgeodesy        IME             05-JAN-18 20:20     PGM / RUN BY / DATE 
Map Name                                                    COMMENT             
Predicted global ionosphere maps (GIM).                     DESCRIPTION         
  2015     9    24     0     0     0                        EPOCH OF FIRST MAP  
  2015     9    25     0     0     0                        EPOCH OF LAST MAP   
  7200                                                      INTERVAL            
    13                                                      # OF MAPS IN FILE   
  NONE                                                      MAPPING FUNCTION    
10.0                                                        ELEVATION CUTOFF    
One-way carrier phase leveled to code                       OBSERVABLES USED    
  6371.0                                                    BASE RADIUS         
 2                                                          MAP DIMENSION       
   450.0 450.0   0.0                                        HGT1 / HGT2 / DHGT  
    87.5 -87.5  -2.5                                        LAT1 / LAT2 / DLAT  
  -180.0 180.0   5.0                                        LON1 / LON2 / DLON  
    -1                                                      EXPONENT            
                                                            END OF HEADER       
[from data line 858]
     3                                                      START OF TEC MAP    
  2015     9    24     4     0     0                        EPOCH OF CURRENT MAP
    87.5-180.0 180.0   5.0 450.0                            LAT/LON1/LON2/DLON/H
   84   88   85   88   86   85   83   80   80   80   79   79   79   78   77   76
   76   75   74   73   72   71   70   70   69   69   69   69   69   69   69   69
   70   70   71   71   72   73   74   75   76   77   78   78   79   80   81   82
   82   83   83   83   83   83   83   83   83   82   82   82   81   81   80   80
   82   82   80   80   84   91   97   90   84                                   
    85.0-180.0 180.0   5.0 450.0                            LAT/LON1/LON2/DLON/H
   77   92   82   87   88   88   87   86   85   85   84   84   83   82   81   79
   78   77   75   74   72   71   70   69   69   68   68   68   68   68   69   70
   71   72   73   75   76   78   79   81   83   84   86   88   89   90   91   92
   93   94   94   94   94   94   94   93   93   92   91   91   90   89   88   88
   89   89   86   87   87   91   97   89   77                                   
    82.5-180.0 180.0   5.0 450.0                            LAT/LON1/LON2/DLON/H
   82   86   94   88   86   88   88   87   87   86   85   84   83   82   80   78
   76   74   72   70   67   66   64   62   61   60   59   59   59   60   61   62
   64   66   68   70   73   76   79   81   84   87   90   92   94   97   98  100
  102  103  103  104  104  103  103  102  101  100   99   98   96   95   93   93
   92   91   88   87   94   87   86   85   82                                   
    80.0-180.0 180.0   5.0 450.0                            LAT/LON1/LON2/DLON/H
   91   91   90   84   85   86   88   87   87   86   84   84   82   80   77   75
   72   69   66   63   61   58   56   54   52   51   50   50   50   51   52   54
   56   59   62   65   68   72   76   79   83   86   89   92   95   98  101  103
  105  107  108  109  109  109  108  107  106  105  103  101   99   97   95   94
   93   90   89   90   98   94   95   88   91                                   
    77.5-180.0 180.0   5.0 450.0                            LAT/LON1/LON2/DLON/H
   95   95   91   88   84   87   90   90   90   89   86   85   83   80   77   74
   71   68   65   62   59   56   53   51   49   47   46   45   45   46   47   49
   52   55   58   62   66   70   74   77   81   85   88   92   96   99  103  106
  109  112  114  115  116  116  116  115  114  112  110  108  106  104  101  100
   98   96   93   96   99   92   92   90   95                                   
    75.0-180.0 180.0   5.0 450.0                            LAT/LON1/LON2/DLON/H
   94   96   92   88   83   87   88   87   87   85   82   81   78   75   72   69
   66   63   60   57   55   53   50   48   45   43   42   41   41   41   42   44
   46   49   52   56   59   62   65   68   71   75   78   82   86   90   94   99
  103  106  109  112  114  115  115  115  115  113  112  110  108  105  103  102
  100   98   97   95   99   95   94   93   94                                   
    72.5-180.0 180.0   5.0 450.0                            LAT/LON1/LON2/DLON/H
   98  101   97   91   87   90   90   89   88   85   81   80   76   73   69   66
   64   61   60   58   56   54   52   50   48   46   44   43   42   42   43   44
   46   49   51   54   56   59   61   64   67   70   73   77   82   87   92   97
  102  107  111  114  117  119  121  122  122  121  120  118  116  114  112  112
  110  108  109  108  110  104  101   99   98                                   
    70.0-180.0 180.0   5.0 450.0                            LAT/LON1/LON2/DLON/H
  108  107  103   95   89   89   89   86   85   81   77   74   70   66   62   59
   57   56   56   55   55   54   53   51   49   47   45   44   43   42   42   43
   45   46   48   50   51   53   54   56   58   61   65   70   75   81   87   93
   99  104  109  114  117  120  123  124  125  125  125  124  122  120  119  118
  117  115  117  117  118  113  112  108  108                                   
    67.5-180.0 180.0   5.0 450.0                            LAT/LON1/LON2/DLON/H
  110  110  104   95   88   86   85   82   79   75   70   66   61   57   53   51
   50   50   51   52   52   53   52   51   49   47   45   43   42   40   40   40
   40   41   41   42   43   43   44   45   47   50   55   60   66   73   80   86
   92   98  103  108  113  117  120  122  124  125  125  125  123  122  120  120
  118  117  119  119  122  118  117  114  110                                   
    65.0-180.0 180.0   5.0 450.0                            LAT/LON1/LON2/DLON/H
  115  113  106   96   88   85   82   79   76   71   66   62   56   52   48   46
   46   47   49   51   53   54   54   53   51   49   46   44   42   40   39   38
   38   38   38   37   37   37   37   39   41   45   50   56   64   71   78   85
   91   97  102  107  112  117  121  124  127  128  129  129  128  127  125  124
  122  120  122  122  126  123  122  120  115                                   
    62.5-180.0 180.0   5.0 450.0                            LAT/LON1/LON2/DLON/H
  118  117  109   98   90   85   82   78   75   70   64   60   54   49   46   45
   45   47   49   52   54   55   55   54   52   50   48   45   43   41   39   38
   37   36   36   35   34   34   35   36   39   44   50   58   66   75   82   88
   94   99  104  109  114  119  124  128  131  134  135  136  135  134  132  130
  127  124  126  125  128  126  126  124  118                                   
    60.0-180.0 180.0   5.0 450.0                            LAT/LON1/LON2/DLON/H
  121  120  112  100   91   86   82   77   73   68   62   58   53   48   45   44
   45   47   50   52   54   54   54   52   51   49   47   45   43   41   39   37
   36   35   34   34   34   34   34   36   40   46   54   63   72   80   88   93
   98  102  106  111  116  121  127  132  136  139  141  142  142  141  139  137
  133  128  128  127  129  127  127  125  121                                   
    57.5-180.0 180.0   5.0 450.0                            LAT/LON1/LON2/DLON/H
  125  123  116  104   95   89   84   78   74   68   61   57   53   49   47   46
   47   49   51   53   54   53   52   50   49   47   46   44   43   41   39   37
   36   36   36   36   36   37   38   41   45   52   61   71   81   90   96  101
  104  107  111  115  121  127  133  139  143  146  149  150  151  151  149  146
  141  135  134  131  132  129  129  127  125                                   
    55.0-180.0 180.0   5.0 450.0                            LAT/LON1/LON2/DLON/H
  128  127  121  109  101   94   88   81   75   68   61   57   52   50   48   48
   49   51   52   53   52   51   49   47   46   45   45   44   43   42   40   39
   38   39   40   41   43   44   45   48   53   61   70   81   91  100  106  110
  113  115  118  123  128  135  141  147  151  155  157  159  160  160  159  157
  152  145  142  137  137  132  131  130  128                                   
    52.5-180.0 180.0   5.0 450.0                            LAT/LON1/LON2/DLON/H
  134  133  127  117  109  103   96   87   79   69   61   57   53   50   50   50
   51   52   53   52   51   49   47   46   45   45   46   46   46   45   43   42
   42   44   46   49   52   54   56   58   63   70   80   91  101  110  116  120
  123  125  128  133  138  145  151  157  161  164  166  167  169  170  170  168
  164  157  152  146  144  137  136  134  134                                   
    50.0-180.0 180.0   5.0 450.0                            LAT/LON1/LON2/DLON/H
  141  140  134  127  120  114  107   96   86   74   64   58   54   51   51   51
   52   52   52   51   50   48   47   47   47   48   50   51   51   50   49   48
   48   51   55   59   63   65   67   69   73   81   90  101  111  120  127  132
  135  138  141  146  151  157  163  168  171  173  174  175  177  178  179  179
  176  169  165  157  153  144  143  142  141                                   
    47.5-180.0 180.0   5.0 450.0                            LAT/LON1/LON2/DLON/H
  148  147  143  138  132  128  121  109   96   81   69   62   56   53   52   52
   52   52   51   51   50   50   50   51   53   55   56   57   57   56   55   54
   55   58   64   69   74   77   78   80   83   90   99  110  121  130  138  144
  149  153  157  161  166  171  176  179  182  182  182  182  183  185  186  188
  186  181  177  169  164  153  152  151  148                                   
    45.0-180.0 180.0   5.0 450.0                            LAT/LON1/LON2/DLON/H
  156  155  151  148  144  142  135  122  107   91   77   68   61   57   55   53
   52   51   51   52   53   54   56   59   61   63   65   65   64   62   60   59
   61   65   71   78   83   86   87   88   92   98  107  118  130  140  150  158
  165  170  174  177  181  185  188  191  192  191  190  189  189  190  191  193
  193  190  187  180  174  163  162  162  156                                   
    42.5-180.0 180.0   5.0 450.0                            LAT/LON1/LON2/DLON/H
  163  162  159  158  155  154  148  136  120  102   87   77   69   63   59   56
   54   53   54   55   58   62   65   69   71   72   73   72   69   67   64   63
   65   69   76   84   89   92   94   95   99  105  115  127  139  151  162  172
  180  187  191  193  195  197  200  201  202  201  198  196  195  195  196  198
  198  197  195  189  184  173  171  171  163                                   
    40.0-180.0 180.0   5.0 450.0                            LAT/LON1/LON2/DLON/H
  171  169  165  165  163  163  158  147  131  113   98   87   79   72   66   62
   59   58   59   62   67   72   76   80   81   81   79   76   72   69   66   65
   67   72   79   86   92   95   97   99  104  112  123  135  148  161  173  185
  194  201  205  206  207  208  210  211  212  211  209  207  205  203  202  203
  203  202  201  197  193  183  180  180  171                                   
    37.5-180.0 180.0   5.0 450.0                            LAT/LON1/LON2/DLON/H
  179  176  171  170  168  168  164  153  139  122  108   98   89   82   75   70
   67   67   69   73   78   84   88   91   90   87   83   78   74   69   66   66
   68   73   80   87   93   96   98  102  108  117  130  143  157  170  183  195
  205  212  215  216  216  217  219  221  223  225  224  223  220  217  214  213
  211  209  208  205  202  193  190  188  179                                   
    35.0-180.0 180.0   5.0 450.0                            LAT/LON1/LON2/DLON/H
  188  184  177  172  170  168  164  155  143  128  115  106   98   91   85   80
   78   78   81   86   91   96   99   99   97   92   85   79   74   69   67   66
   69   74   80   87   92   95   98  102  110  122  136  151  165  178  190  202
  212  219  222  222  223  224  228  233  237  241  243  244  242  238  233  229
  225  221  219  216  214  206  201  196  188                                   
    32.5-180.0 180.0   5.0 450.0                            LAT/LON1/LON2/DLON/H
  201  195  185  175  171  165  160  152  142  130  119  112  104   98   93   90
   89   91   94   98  102  106  107  106  101   94   87   80   75   71   69   69
   71   76   81   86   90   93   97  102  111  124  140  155  170  182  194  205
  215  221  225  227  228  232  238  246  254  261  267  271  271  267  260  254
  246  239  236  232  230  222  217  208  201                                   
    30.0-180.0 180.0   5.0 450.0                            LAT/LON1/LON2/DLON/H
  220  212  198  182  174  163  155  147  139  128  120  114  107  102   98   97
   99  102  106  108  110  111  111  109  104   97   90   84   79   76   74   74
   76   79   83   87   90   92   95  101  110  124  141  157  171  183  194  204
  214  221  226  230  235  242  251  262  273  284  294  301  304  301  294  286
  276  266  260  254  252  243  238  226  220                                   
    27.5-180.0 180.0   5.0 450.0                            LAT/LON1/LON2/DLON/H
  244  235  218  196  183  167  155  145  137  127  119  113  107  103  101  102
  106  110  112  113  112  112  111  110  107  102   96   91   88   85   84   83
   84   86   88   90   91   91   93   98  108  122  138  154  168  179  189  200
  210  220  229  236  245  257  270  284  298  311  324  334  339  339  333  323
  311  300  293  283  280  269  265  251  244                                   
    25.0-180.0 180.0   5.0 450.0                            LAT/LON1/LON2/DLON/H
  274  263  243  217  199  178  163  149  140  129  121  114  108  103  102  105
  109  112  113  111  109  108  109  111  111  109  106  103  101   99   97   96
   95   95   95   94   92   91   91   95  103  116  132  148  162  173  183  195
  207  221  234  247  261  277  294  310  326  341  355  366  374  375  371  363
  351  339  331  318  313  300  297  283  274                                   
    22.5-180.0 180.0   5.0 450.0                            LAT/LON1/LON2/DLON/H
  308  296  273  245  222  197  179  163  151  139  128  119  111  106  105  106
  109  110  108  104  101  102  106  112  117  120  120  119  117  115  113  110
  107  105  102   98   94   91   89   91   98  109  124  140  154  166  177  191
  207  226  244  263  282  302  321  339  354  369  383  395  404  408  407  401
  391  380  371  356  350  335  331  319  308                                   
    20.0-180.0 180.0   5.0 450.0                            LAT/LON1/LON2/DLON/H
  344  331  307  277  251  223  202  184  171  157  144  132  121  114  111  111
  110  108  102   97   94   98  107  117  127  133  136  136  135  133  129  124
  119  113  107  101   94   89   87   87   91  101  115  131  146  159  173  190
  211  234  258  281  304  326  346  364  379  392  405  417  427  434  436  435
  428  420  413  397  388  374  369  358  344                                   
    17.5-180.0 180.0   5.0 450.0                            LAT/LON1/LON2/DLON/H
  380  365  342  312  284  255  233  214  199  184  169  154  141  131  125  121
  116  109  101   94   93   99  111  126  139  147  152  152  151  148  143  136
  128  119  110  102   94   88   84   83   86   94  108  123  139  155  172  193
  218  245  273  299  323  345  365  382  395  407  418  430  441  450  457  461
  460  456  451  437  426  413  407  398  380                                   
    15.0-180.0 180.0   5.0 450.0                            LAT/LON1/LON2/DLON/H
  414  397  376  347  319  292  270  250  234  218  201  184  169  157  148  140
  130  119  108  101  101  109  123  139  152  161  165  165  163  159  153  144
  134  123  111  101   92   85   81   79   81   89  101  118  135  153  173  197
  226  256  285  311  335  357  375  391  403  414  424  435  447  458  469  478
  482  484  483  472  461  450  443  436  414                                   
    12.5-180.0 180.0   5.0 450.0                            LAT/LON1/LON2/DLON/H
  443  426  406  380  354  330  309  290  274  257  239  221  204  191  179  168
  154  139  127  120  120  128  141  155  167  173  174  172  169  165  158  149
  137  123  110   99   89   82   78   76   78   85   97  114  132  151  174  201
  232  263  293  318  341  361  378  392  403  413  423  434  446  459  473  485
  495  502  505  499  489  481  475  469  443                                   
    10.0-180.0 180.0   5.0 450.0                            LAT/LON1/LON2/DLON/H
  467  451  432  409  387  367  347  330  314  296  277  258  241  227  215  202
  187  171  158  151  151  156  165  174  180  181  178  174  170  165  159  149
  136  122  108   96   86   79   75   73   75   82   94  111  129  150  174  203
  235  266  295  320  341  359  375  388  399  409  419  430  442  456  471  486
  498  509  517  516  510  506  501  496  467                                   
     7.5-180.0 180.0   5.0 450.0                            LAT/LON1/LON2/DLON/H
  486  473  453  433  415  400  382  366  350  331  311  292  275  262  250  238
  223  208  197  191  189  190  191  191  190  185  179  173  168  163  157  147
