data/edconvlstm_nd/pred0070.15i
     1.0            IONOSPHERE MAPS     GNSS                IONEX VERSION / TYPE
pyspatialgeodesy        IME             05-JAN-18 20:20     PGM / RUN BY / DATE 
Map Name                                                    COMMENT             
Predicted global ionosphere maps (GIM).                     DESCRIPTION         
  2015     1     7     0     0     0                        EPOCH OF FIRST MAP  
  2015     1     8     0     0     0                        EPOCH OF LAST MAP   
  7200                                                      INTERVAL            
    13                                                      # OF MAPS IN FILE   
  NONE                                                      MAPPING FUNCTION    
10.0                                                        ELEVATION CUTOFF    
One-way carrier phase leveled to code                       OBSERVABLES USED    
  6371.0                                                    BASE RADIUS         
 2                                                          MAP DIMENSION       
   450.0 450.0   0.0                                        HGT1 / HGT2 / DHGT  
    87.5 -87.5  -2.5                                        LAT1 / LAT2 / DLAT  
  -180.0 180.0   5.0                                        LON1 / LON2 / DLON  
    -1                                                      EXPONENT            
                                                            END OF HEADER       
[from data line 858]
     3                                                      START OF TEC MAP    
  2015     1     7     4     0     0                        EPOCH OF CURRENT MAP
    87.5-180.0 180.0   5.0 450.0                            LAT/LON1/LON2/DLON/H
   60   64   60   64   64   64   62   59   59   60   60   61   60   60   60   59
   59   59   58   58   57   57   57   57   58   58   58   58   58   58   59   59
   59   59   59   59   59   59   58   58   58   58   57   57   57   57   56   56
   56   55   55   55   55   54   54   54   53   53   53   53   52   52   52   52
   54   54   53   54   59   72   76   65   60                                   
    85.0-180.0 180.0   5.0 450.0                            LAT/LON1/LON2/DLON/H
   56   69   60   64   67   68   68   67   67   68   67   68   67   67   66   65
   64   63   62   61   61   60   60   60   60   60   60   60   60   60   60   60
   61   61   61   61   62   62   62   62   62   62   62   61   61   60   60   59
   59   58   58   58   57   57   56   56   56   55   55   55   55   55   54   55
   57   58   56   60   65   66   76   67   56                                   
    82.5-180.0 180.0   5.0 450.0                            LAT/LON1/LON2/DLON/H
   66   60   75   69   70   72   72   71   73   73   73   73   72   71   69   67
   66   64   62   61   60   59   58   57   57   56   56   56   56   56   56   56
   57   57   58   59   59   60   60   61   61   61   61   61   60   60   59   59
   58   58   57   57   57   56   56   56   56   56   56   56   56   56   56   57
   58   59   58   58   72   62   63   64   66                                   
    80.0-180.0 180.0   5.0 450.0                            LAT/LON1/LON2/DLON/H
   86   73   76   70   74   70   73   73   75   75   73   73   72   70   67   64
   62   59   56   54   52   51   50   49   48   48   48   48   48   48   49   50
   51   53   54   56   58   59   60   62   62   63   63   63   62   62   61   61
   60   60   60   60   60   60   60   61   61   61   61   62   62   62   63   64
   65   64   66   67   79   70   70   69   86                                   
    77.5-180.0 180.0   5.0 450.0                            LAT/LON1/LON2/DLON/H
   98   82   79   76   73   72   75   76   77   76   74   74   73   70   67   64
   61   57   54   52   49   48   46   45   44   44   43   44   44   45   47   49
   51   53   55   58   61   63   65   66   68   68   69   68   68   68   67   67
   67   68   68   69   71   72   73   74   75   76   76   77   77   78   78   79
   79   79   78   82   86   73   71   73   98                                   
    75.0-180.0 180.0   5.0 450.0                            LAT/LON1/LON2/DLON/H
  104   90   86   81   75   75   76   76   76   74   71   71   69   66   63   59
   56   53   50   48   46   45   44   43   43   43   43   44   45   46   48   50
   52   55   57   60   62   65   67   69   70   71   71   71   71   70   70   71
   72   73   76   78   81   83   86   88   90   91   92   93   94   94   94   95
   94   94   95   93   98   87   83   81  104                                   
    72.5-180.0 180.0   5.0 450.0                            LAT/LON1/LON2/DLON/H
  112   99   95   88   83   82   83   80   79   76   73   71   69   66   62   59
   55   52   50   48   47   47   47   47   47   48   49   50   51   53   54   56
   58   59   61   64   66   68   70   71   73   73   73   73   73   73   73   75
   77   81   85   89   94   99  103  106  109  110  112  112  113  113  113  113
  112  112  114  113  116  104   99   95  112                                   
    70.0-180.0 180.0   5.0 450.0                            LAT/LON1/LON2/DLON/H
  126  112  107   98   90   86   84   81   78   74   70   68   64   60   56   53
   50   47   46   45   45   46   48   49   51   53   54   56   57   58   59   59
   60   61   61   62   64   65   66   67   68   69   69   68   68   68   70   72
   76   82   89   96  104  110  116  120  124  126  127  128  128  127  126  126
  125  124  125  125  128  118  116  109  126                                   
    67.5-180.0 180.0   5.0 450.0                            LAT/LON1/LON2/DLON/H
  129  117  109  101   91   85   81   77   73   69   64   62   58   54   50   47
   44   42   41   41   43   45   48   51   53   56   58   59   60   61   61   60
   60   59   58   58   57   57   58   58   59   59   59   58   58   58   60   64
   71   79   89   99  110  119  126  131  135  138  139  140  139  138  136  134
  132  129  130  129  132  124  122  116  129                                   
    65.0-180.0 180.0   5.0 450.0                            LAT/LON1/LON2/DLON/H
  134  122  112  104   92   84   79   73   70   65   61   59   55   51   47   43
   41   39   39   41   43   47   50   54   57   60   62   64   64   64   64   62
   60   58   56   54   52   51   50   50   51   51   50   50   49   50   52   58
   67   78   92  106  119  131  140  147  151  154  155  156  155  153  150  146
  141  136  135  133  136  129  128  123  134                                   
    62.5-180.0 180.0   5.0 450.0                            LAT/LON1/LON2/DLON/H
  139  127  116  106   94   84   77   71   68   64   60   58   54   50   46   43
   40   39   40   42   45   48   52   56   59   62   64   66   66   66   65   63
   61   58   54   51   48   46   45   44   44   44   44   43   42   43   47   54
   65   80   98  116  133  147  158  165  170  174  176  177  176  174  169  163
  156  147  144  139  141  134  133  129  139                                   
    60.0-180.0 180.0   5.0 450.0                            LAT/LON1/LON2/DLON/H
  145  131  119  106   93   82   73   68   65   61   58   56   52   49   45   43
   41   40   40   42   44   47   51   54   57   59   61   63   63   63   62   61
   58   55   52   48   45   42   40   39   39   39   39   38   37   38   42   51
   65   83  105  127  148  164  177  185  191  195  198  200  200  197  191  183
  172  160  154  148  148  140  139  134  145                                   
    57.5-180.0 180.0   5.0 450.0                            LAT/LON1/LON2/DLON/H
  153  137  123  108   93   80   71   65   62   58   56   54   52   49   46   44
   42   42   41   42   43   45   46   48   50   52   54   56   57   57   57   56
   55   53   50   46   43   40   38   37   38   38   37   37   36   37   42   52
   69   91  117  143  166  185  198  207  213  218  222  224  225  222  216  206
  192  177  169  160  160  150  149  144  153                                   
    55.0-180.0 180.0   5.0 450.0                            LAT/LON1/LON2/DLON/H
  165  147  131  112   96   80   69   62   59   55   52   51   49   47   46   44
   43   43   42   41   40   40   40   40   41   43   45   47   49   50   50   51
   50   50   48   46   43   41   39   38   39   39   39   39   38   40   46   58
   78  104  133  161  186  206  220  229  235  240  244  246  247  245  238  227
  212  195  186  176  175  164  163  157  165                                   
    52.5-180.0 180.0   5.0 450.0                            LAT/LON1/LON2/DLON/H
  181  161  144  121  103   85   71   62   57   52   49   48   47   46   45   45
   45   44   42   40   37   35   33   33   33   34   37   39   41   43   45   46
   47   49   49   49   47   45   43   43   43   44   45   45   45   48   55   70
   92  120  151  181  207  227  241  250  255  258  261  263  263  260  253  242
  226  210  201  191  192  179  179  174  181                                   
    50.0-180.0 180.0   5.0 450.0                            LAT/LON1/LON2/DLON/H
  199  181  162  137  116   95   78   65   58   51   47   46   45   44   45   46
   46   44   41   38   34   31   29   28   28   30   32   35   38   40   42   44
   47   50   53   54   54   52   51   50   51   52   54   54   56   60   69   86
  110  139  171  201  227  246  260  267  271  272  272  271  270  266  258  248
  233  218  210  203  206  195  196  192  199                                   
    47.5-180.0 180.0   5.0 450.0                            LAT/LON1/LON2/DLON/H
  218  201  182  157  135  111   90   74   62   54   48   46   44   44   45   46
   46   44   41   37   32   29   27   27   29   31   34   37   39   41   43   46
   50   54   59   62   63   62   60   60   61   62   64   66   69   74   86  104
  128  158  189  218  243  262  275  281  282  280  276  271  267  261  253  243
  230  218  212  207  214  207  210  208  218                                   
    45.0-180.0 180.0   5.0 450.0                            LAT/LON1/LON2/DLON/H
  232  220  202  180  157  132  107   87   72   61   53   49   47   46   47   48
   48   46   42   38   34   32   31   32   35   38   41   43   45   47   48   51
   55   61   67   71   72   71   70   69   70   72   75   78   82   89  102  122
  146  175  204  232  256  274  286  292  290  284  275  266  257  249  241  231
  220  210  206  205  215  212  218  218  232                                   
    42.5-180.0 180.0   5.0 450.0                            LAT/LON1/LON2/DLON/H
  240  231  217  199  178  152  126  103   85   71   62   56   52   51   51   51
   51   49   46   42   40   40   41   43   47   50   53   54   55   55   56   58
   62   68   74   78   79   79   77   77   78   81   84   88   94  103  118  138
  162  189  216  242  264  283  295  300  297  288  275  261  249  239  229  221
  210  201  198  199  210  210  218  219  240                                   
    40.0-180.0 180.0   5.0 450.0                            LAT/LON1/LON2/DLON/H
  242  235  224  210  193  168  142  118   99   84   73   66   62   59   58   58
   57   56   54   53   52   53   56   59   62   65   66   67   66   65   65   66
   70   75   80   83   83   82   81   81   84   87   91   96  103  114  130  151
  175  200  225  249  271  290  304  310  307  296  281  264  250  239  230  221
  210  200  196  195  206  205  214  213  242                                   
    37.5-180.0 180.0   5.0 450.0                            LAT/LON1/LON2/DLON/H
  239  231  221  210  197  175  151  128  110   95   85   78   73   69   68   67
   67   67   67   68   69   71   74   76   77   78   78   77   76   74   73   73
   76   79   83   84   84   82   81   83   86   91   96  102  111  123  140  161
  185  208  232  256  279  300  316  325  324  315  300  284  270  261  253  244
  232  217  208  202  209  204  211  206  239                                   
    35.0-180.0 180.0   5.0 450.0                            LAT/LON1/LON2/DLON/H
  235  221  210  199  190  172  151  132  116  103   94   88   84   81   79   79
   80   81   84   86   89   90   90   89   88   87   86   84   82   80   79   79
   80   82   84   83   82   80   80   82   87   93  100  107  116  130  148  170
  194  218  242  266  292  316  336  348  351  346  335  322  313  307  302  295
  280  260  244  229  229  216  220  208  235                                   
    32.5-180.0 180.0   5.0 450.0                            LAT/LON1/LON2/DLON/H
  235  211  197  182  176  160  143  128  115  105   98   94   92   89   89   89
   92   95  100  104  106  105  101   97   93   91   89   88   86   85   84   83
   83   84   83   81   78   76   77   81   87   94  101  110  121  136  156  180
  204  230  256  283  311  339  362  379  387  387  382  376  374  374  374  368
  352  327  303  277  270  247  244  223  235                                   
    30.0-180.0 180.0   5.0 450.0                            LAT/LON1/LON2/DLON/H
  245  209  187  168  162  147  133  120  110  101   97   95   95   94   94   96
  100  106  112  117  117  113  106   99   93   91   89   89   89   88   87   86
   86   84   82   78   75   73   74   79   86   93  102  112  125  143  165  191
  218  246  275  306  337  368  395  415  428  434  437  440  445  453  460  459
  443  414  382  345  330  299  286  257  245                                   
    27.5-180.0 180.0   5.0 450.0                            LAT/LON1/LON2/DLON/H
  273  225  192  166  155  138  125  113  104   96   92   92   93   94   96   99
  104  111  118  122  120  113  104   96   91   90   90   91   91   92   91   90
   88   86   82   77   73   72   74   78   85   92  102  114  130  151  177  206
  236  267  300  334  368  401  431  455  472  485  496  508  523  539  554  558
  545  515  477  430  408  368  343  309  273                                   
    25.0-180.0 180.0   5.0 450.0                            LAT/LON1/LON2/DLON/H
  323  265  219  185  166  145  129  114  103   94   89   88   90   92   94   97
  103  110  116  119  116  108  100   94   91   92   94   96   97   98   98   97
   94   90   85   80   76   74   76   79   84   92  102  117  137  162  192  224
  257  292  328  365  402  437  469  496  518  537  555  575  598  623  645  656
  647  619  577  523  496  450  414  380  323                                   
    22.5-180.0 180.0   5.0 450.0                            LAT/LON1/LON2/DLON/H
  395  331  272  231  202  175  153  133  116  101   92   89   89   90   92   94
   97  102  107  109  106  101   96   95   96  100  103  106  108  109  109  108
  104   99   93   87   83   81   81   82   86   92  103  121  145  175  209  244
  281  319  357  396  434  470  504  534  560  583  608  634  664  694  720  735
  731  708  667  613  581  536  495  464  395                                   
    20.0-180.0 180.0   5.0 450.0                            LAT/LON1/LON2/DLON/H
  482  418  352  307  265  233  203  175  148  125  108  100   96   95   93   92
   92   94   96   97   97   96   99  104  110  117  121  124  126  127  126  123
  118  111  104   98   94   91   89   87   88   93  106  127  156  190  227  265
  304  343  383  423  461  497  530  561  590  617  646  675  706  736  762  778
  778  762  730  686  651  613  578  553  482                                   
    17.5-180.0 180.0   5.0 450.0                            LAT/LON1/LON2/DLON/H
  568  516  449  407  351  314  277  240  204  170  143  126  116  110  105   98
   93   90   89   90   93  100  111  123  135  144  148  149  149  148  146  141
  134  125  117  111  106  102   97   93   91   96  110  134  167  205  244  284
  323  364  404  443  479  513  544  575  605  633  661  688  715  741  763  776
  781  773  756  728  697  671  651  633  568                                   
    15.0-180.0 180.0   5.0 450.0                            LAT/LON1/LON2/DLON/H
  636  606  546  509  444  405  364  323  278  234  197  171  154  141  129  117
  105   97   93   95  102  116  136  156  173  181  181  177  173  170  165  158
  149  139  130  123  118  112  105   98   95   99  115  142  178  218  259  299
  339  379  418  455  488  518  546  575  603  629  653  675  695  712  727  738
  746  748  747  737  717  703  699  690  636                                   
    12.5-180.0 180.0   5.0 450.0                            LAT/LON1/LON2/DLON/H
  679  668  621  588  522  485  446  407  361  311  267  234  209  190  170  151
  132  119  112  115  127  148  176  202  220  223  216  205  195  188  181  172
  161  150  141  134  128  121  113  104  100  104  121  149  187  229  270  310
  349  388  425  459  488  514  539  565  590  612  630  645  656  666  673  681
  692  703  714  721  713  709  716  715  679                                   
    10.0-180.0 180.0   5.0 450.0                            LAT/LON1/LON2/DLON/H
  696  697  661  630  570  537  505  472  432  386  342  306  278  252  227  200
  176  158  149  152  169  196  229  257  269  263  245  226  211  200  192  182
  170  159  149  142  136  129  119  110  105  110  127  157  196  237  278  317
  355  392  427  457  482  505  528  552  574  591  604  613  619  623  626  631
  643  659  677  691  692  696  707  710  696                                   
     7.5-180.0 180.0   5.0 450.0                            LAT/LON1/LON2/DLON/H
  690  695  665  634  586  559  533  509  479  442  405  374  347  320  292  262
  234  213  203  207  226  256  288  309  310  292  264  238  219  207  198  188
