data/edconvlstm_nd/pred2320.15i
     1.0            IONOSPHERE MAPS     GNSS                IONEX VERSION / TYPE
pyspatialgeodesy        IME             05-JAN-18 20:20     PGM / RUN BY / DATE 
Map Name                                                    COMMENT             
Predicted global ionosphere maps (GIM).                     DESCRIPTION         
  2015     8    20     0     0     0                        EPOCH OF FIRST MAP  
  2015     8    21     0     0     0                        EPOCH OF LAST MAP   
  7200                                                      INTERVAL            
    13                                                      # OF MAPS IN FILE   
  NONE                                                      MAPPING FUNCTION    
10.0                                                        ELEVATION CUTOFF    
One-way carrier phase leveled to code                       OBSERVABLES USED    
  6371.0                                                    BASE RADIUS         
 2                                                          MAP DIMENSION       
   450.0 450.0   0.0                                        HGT1 / HGT2 / DHGT  
    87.5 -87.5  -2.5                                        LAT1 / LAT2 / DLAT  
  -180.0 180.0   5.0                                        LON1 / LON2 / DLON  
    -1                                                      EXPONENT            
                                                            END OF HEADER       
[from data line 3861]
    10                                                      START OF TEC MAP    
  2015     8    20    18     0     0                        EPOCH OF CURRENT MAP
    87.5-180.0 180.0   5.0 450.0                            LAT/LON1/LON2/DLON/H
  108  109  103  108  112  110  109  106  107  109  108  108  108  109  109  109
  109  110  110  110  109  109  109  108  108  107  106  106  105  104  104  103
  103  102  102  101  101  101  100  100  100   99   99   99   99   99   99   99
   98   98   98   98   98   98   98   98   98   99   99   99   99   99  100  100
  100  101   99   97  105  101  115  115  108                                   
    85.0-180.0 180.0   5.0 450.0                            LAT/LON1/LON2/DLON/H
  111  109  119  106  106  111  110  112  112  114  113  114  114  114  115  115
  115  116  116  115  115  115  114  113  113  112  111  110  109  108  107  106
  105  105  104  103  103  102  102  102  101  101  101  100  100  100  100  100
  100  100  100  100  100  100  100  100  100  101  101  101  101  102  102  103
  104  104  100   97   99   99  104  103  111                                   
    82.5-180.0 180.0   5.0 450.0                            LAT/LON1/LON2/DLON/H
   95   99  102   97   99  103  105  106  106  108  108  109  109  110  111  112
  112  113  113  113  113  112  112  111  110  109  107  106  104  103  102  101
  100   99   98   98   97   97   96   96   96   95   95   95   95   95   94   95
   95   95   95   95   95   95   95   95   95   95   95   95   96   96   96   96
   97   97   94   94   95  104   97   95   95                                   
    80.0-180.0 180.0   5.0 450.0                            LAT/LON1/LON2/DLON/H
   81   85   93   90   91   91   95   98   99  101  102  104  104  105  107  108
  109  110  111  111  111  110  109  108  106  104  102  100   98   96   94   93
   92   91   90   89   89   88   88   87   87   86   86   86   86   86   86   86
   86   86   86   86   86   85   85   85   85   85   86   86   86   87   87   88
   89   89   88   88   85   88   86   91   81                                   
    77.5-180.0 180.0   5.0 450.0                            LAT/LON1/LON2/DLON/H
   83   82   87   85   88   89   92   94   95   96   96   98   99  101  103  105
  107  109  110  111  112  111  110  109  107  104  101   98   96   93   91   90
   88   87   87   86   86   85   84   84   83   82   82   81   81   81   81   81
   81   81   81   81   81   80   80   80   79   79   79   80   80   81   82   82
   83   83   83   84   84   82   83   89   83                                   
    75.0-180.0 180.0   5.0 450.0                            LAT/LON1/LON2/DLON/H
   76   77   79   79   83   86   88   90   92   94   93   95   97   99  101  103
  106  109  111  113  114  114  113  112  109  106  102   99   96   93   91   89
   88   87   87   86   86   85   84   83   82   81   80   79   78   78   78   78
   78   78   78   78   77   76   76   75   74   74   74   75   76   77   78   79
   80   81   82   80   80   77   78   74   76                                   
    72.5-180.0 180.0   5.0 450.0                            LAT/LON1/LON2/DLON/H
   73   73   75   79   81   85   88   89   89   90   89   91   92   94   96   99
  103  106  110  112  114  115  114  112  109  105  101   97   93   90   88   86
   86   85   85   85   84   83   82   80   78   76   74   73   72   72   72   72
   72   73   72   72   71   70   68   67   66   66   66   66   68   69   71   73
   74   75   76   73   72   72   73   75   73                                   
    70.0-180.0 180.0   5.0 450.0                            LAT/LON1/LON2/DLON/H
   69   70   71   75   78   82   84   86   87   88   87   88   89   91   93   96
  100  104  108  112  114  116  115  114  110  106  101   97   93   90   88   87
   87   86   86   86   85   84   82   79   77   74   71   69   68   67   67   68
   68   68   68   67   65   64   62   60   59   58   58   59   61   63   66   68
   69   70   72   70   70   69   72   73   69                                   
    67.5-180.0 180.0   5.0 450.0                            LAT/LON1/LON2/DLON/H
   67   68   70   76   79   83   87   89   90   91   90   91   91   92   94   97
  100  105  109  113  117  118  118  116  113  108  103   98   94   91   89   89
   89   89   89   88   87   85   83   80   76   73   69   67   65   64   64   65
   65   65   65   64   61   59   56   54   52   52   52   53   55   57   60   63
   65   66   66   64   63   64   65   67   67                                   
    65.0-180.0 180.0   5.0 450.0                            LAT/LON1/LON2/DLON/H
   63   66   68   74   78   83   88   90   92   93   93   93   93   94   95   98
  101  105  110  114  118  120  120  119  115  110  104  100   96   94   93   93
   93   93   93   92   90   88   84   81   77   73   69   66   64   63   63   64
   64   64   63   61   58   55   51   49   47   46   46   47   49   51   54   57
   59   61   62   61   61   63   64   66   63                                   
    62.5-180.0 180.0   5.0 450.0                            LAT/LON1/LON2/DLON/H
   61   64   67   74   79   85   90   93   95   97   97   98   98   99  100  102
  104  108  112  116  120  122  123  121  117  112  107  103  100   98   98   98
   98   98   97   95   93   90   87   83   79   75   71   68   66   65   64   64
   64   63   62   59   55   51   48   45   43   42   42   43   44   45   48   50
   52   54   56   56   56   58   59   62   61                                   
    60.0-180.0 180.0   5.0 450.0                            LAT/LON1/LON2/DLON/H
   60   64   67   74   79   85   90   94   97   99  101  103  103  104  105  106
  108  111  114  118  121  123  124  122  119  114  110  106  104  104  104  105
  105  104  102   99   96   93   90   87   84   80   76   73   71   69   68   68
   67   65   62   58   54   50   46   43   41   40   40   40   41   41   43   45
   46   48   50   51   53   55   58   60   60                                   
    57.5-180.0 180.0   5.0 450.0                            LAT/LON1/LON2/DLON/H
   59   65   68   76   81   86   91   95   98  101  104  107  108  110  111  112
  113  115  117  119  122  124  124  123  120  117  113  111  110  111  112  113
  113  111  108  105  102   99   97   94   92   89   86   82   80   78   76   75
   72   69   65   60   55   51   47   45   44   43   42   42   41   40   41   41
   42   44   47   48   51   54   57   59   59                                   
    55.0-180.0 180.0   5.0 450.0                            LAT/LON1/LON2/DLON/H
   61   67   71   78   83   89   93   96   99  102  105  109  112  114  116  117
  118  118  119  121  122  124  124  123  121  119  116  116  116  118  120  121
  121  118  115  111  108  106  105  104  102  100   97   94   91   88   85   83
   79   75   69   63   58   53   50   49   48   48   47   46   44   42   41   40
   41   42   45   47   50   54   58   60   61                                   
    52.5-180.0 180.0   5.0 450.0                            LAT/LON1/LON2/DLON/H
   63   70   75   82   86   92   95   98  100  102  105  109  113  116  119  120
  121  122  122  122  122  123  123  123  122  120  119  120  122  125  128  129
  128  125  122  118  116  115  115  115  114  112  109  105  102   99   95   92
   87   81   74   67   61   57   55   54   55   56   55   53   50   47   44   43
   42   44   46   48   52   56   60   62   63                                   
    50.0-180.0 180.0   5.0 450.0                            LAT/LON1/LON2/DLON/H
   66   74   80   86   91   97  100  102  102  104  106  110  113  117  121  123
  125  125  124  123  122  122  123  122  122  121  122  123  126  130  133  135
  134  132  129  127  126  126  127  127  126  124  121  117  113  109  105  100
   95   87   80   72   66   62   61   62   63   65   65   63   59   54   51   48
   47   48   50   52   56   60   64   65   66                                   
    47.5-180.0 180.0   5.0 450.0                            LAT/LON1/LON2/DLON/H
   68   77   84   91   96  103  106  108  108  109  109  112  115  119  123  126
  128  128  127  125  123  123  123  123  124  124  125  127  130  135  138  140
  140  138  137  136  137  138  140  140  139  136  132  127  123  118  114  108
  102   94   86   78   72   69   68   70   73   75   75   73   69   64   60   57
   56   56   57   58   61   64   68   68   68                                   
    45.0-180.0 180.0   5.0 450.0                            LAT/LON1/LON2/DLON/H
   71   80   87   95  101  109  113  116  116  116  116  117  119  122  126  130
  132  133  131  128  126  125  125  126  127  128  129  132  135  139  143  145
  145  145  146  147  150  152  154  153  151  147  142  137  131  126  121  116
  109  101   92   84   79   76   76   79   82   85   85   84   80   76   72   69
   67   66   66   66   67   69   71   72   71                                   
    42.5-180.0 180.0   5.0 450.0                            LAT/LON1/LON2/DLON/H
   72   82   89   98  105  114  120  124  126  127  126  127  127  129  132  135
  138  138  136  133  130  129  130  132  133  135  136  138  141  145  148  150
  152  154  157  160  164  167  169  167  164  158  152  145  139  134  128  123
  116  107   99   91   86   84   85   87   91   93   95   94   91   87   84   81
   79   77   76   74   73   73   74   75   72                                   
    40.0-180.0 180.0   5.0 450.0                            LAT/LON1/LON2/DLON/H
   74   83   90  100  107  118  126  133  136  139  139  140  139  140  141  144
  145  145  143  139  136  135  136  139  142  144  146  147  150  153  156  159
  162  165  170  176  181  184  184  182  177  170  162  154  147  141  135  129
  122  114  105   98   94   92   93   95   98  101  102  102  100   98   95   93
   90   88   85   81   79   77   76   77   74                                   
    37.5-180.0 180.0   5.0 450.0                            LAT/LON1/LON2/DLON/H
   76   84   90  100  108  119  130  139  146  151  153  155  154  153  153  154
  154  153  150  147  144  143  145  148  152  155  158  159  162  165  168  172
  176  181  187  193  199  201  200  197  190  182  173  164  155  148  141  135
  127  119  111  105  101   99  100  101  103  106  107  108  108  106  105  103
  100   97   93   87   83   79   77   79   76                                   
    35.0-180.0 180.0   5.0 450.0                            LAT/LON1/LON2/DLON/H
   80   86   91  100  108  119  132  143  153  162  167  170  170  169  167  166
  165  162  159  155  152  151  154  158  163  168  171  174  177  181  185  190
  195  201  207  213  217  218  216  211  204  195  185  174  163  154  147  139
  132  123  116  110  106  104  104  105  106  108  110  111  112  111  111  109
  106  102   98   92   87   82   79   81   80                                   
    32.5-180.0 180.0   5.0 450.0                            LAT/LON1/LON2/DLON/H
   86   90   94  102  109  118  131  144  158  169  178  184  186  185  183  180
  177  173  169  165  161  161  163  168  174  180  185  190  195  200  206  212
  219  225  231  235  236  235  230  224  216  207  195  183  171  160  151  143
  134  126  118  112  108  107  106  106  107  108  110  112  114  114  113  112
  109  105  101   95   89   84   82   83   86                                   
    30.0-180.0 180.0   5.0 450.0                            LAT/LON1/LON2/DLON/H
   95   98  101  106  111  120  131  144  159  174  186  195  200  201  199  196
  191  187  182  177  173  171  173  178  184  192  200  207  215  223  231  239
  246  252  255  256  254  249  243  235  227  217  205  191  177  165  154  145
  136  126  118  112  108  106  105  104  104  106  108  111  113  113  113  112
  109  105  101   96   92   87   86   87   95                                   
    27.5-180.0 180.0   5.0 450.0                            LAT/LON1/LON2/DLON/H
  106  107  109  113  117  124  132  145  160  176  191  203  212  215  215  213
  208  203  197  191  186  183  183  187  193  203  214  225  236  247  258  267
  274  279  279  276  270  262  253  244  235  225  213  198  183  169  157  146
  136  126  117  110  105  103  102  100  100  101  104  107  110  111  110  109
  106  104  100   96   94   91   91   91  106                                   
    25.0-180.0 180.0   5.0 450.0                            LAT/LON1/LON2/DLON/H
  117  117  119  122  125  132  137  148  162  178  195  210  222  229  232  231
  228  223  217  210  203  197  194  196  203  214  228  243  258  272  285  295
  302  304  301  294  284  272  261  251  242  232  219  204  187  172  159  148
  137  125  115  107  102   99   96   95   94   95   98  102  105  106  106  105
  102  101   99   96   96   94   96   96  117                                   
    22.5-180.0 180.0   5.0 450.0                            LAT/LON1/LON2/DLON/H
  126  127  129  134  137  143  147  155  167  182  199  216  231  242  248  250
  250  246  240  232  223  214  208  208  214  227  243  261  279  295  309  320
  325  325  319  309  295  281  268  258  248  238  225  209  192  176  163  151
  138  126  114  105   99   95   92   89   88   89   91   95   98   99  100   99
   98   98   96   95   97   97  100  100  126                                   
    20.0-180.0 180.0   5.0 450.0                            LAT/LON1/LON2/DLON/H
  131  135  138  145  149  156  159  166  176  189  205  223  240  254  264  270
  272  271  265  256  245  234  226  223  229  242  261  281  300  317  330  340
  344  342  333  320  305  290  277  265  255  245  232  217  200  183  169  156
  142  128  115  105   98   93   89   86   83   83   85   87   90   92   92   93
   92   94   94   93   97   97  101  103  131                                   
    17.5-180.0 180.0   5.0 450.0                            LAT/LON1/LON2/DLON/H
  132  139  143  154  162  170  173  179  188  200  214  232  250  267  280  290
  295  295  291  282  270  257  246  243  248  262  281  302  321  336  348  356
  358  354  344  330  315  300  287  275  265  254  241  226  210  193  177  163
  148  133  119  108  100   95   90   86   82   79   79   81   82   84   85   86
   87   90   90   90   94   95   99  102  132                                   
    15.0-180.0 180.0   5.0 450.0                            LAT/LON1/LON2/DLON/H
  127  139  145  160  171  181  187  193  201  212  225  242  261  279  295  307
  315  318  314  306  293  280  269  266  271  285  304  324  341  354  363  368
  368  363  352  339  325  312  300  289  277  266  253  239  222  205  187  171
  154  138  123  112  105   99   94   89   83   79   76   75   76   76   78   80
   81   85   87   86   90   91   94   99  127                                   
    12.5-180.0 180.0   5.0 450.0                            LAT/LON1/LON2/DLON/H
  119  135  143  162  177  189  198  205  214  224  237  253  271  289  307  321
  331  335  333  326  314  302  293  291  297  311  328  346  360  369  375  377
  375  369  359  347  337  327  316  304  291  279  267  252  236  217  197  177
  158  141  127  117  110  106  101   95   88   81   76   72   71   70   72   74
   76   81   83   82   84   85   88   94  119                                   
    10.0-180.0 180.0   5.0 450.0                            LAT/LON1/LON2/DLON/H
  111  129  139  160  179  193  205  214  224  235  247  263  279  297  314  330
  341  347  347  341  332  322  316  316  323  336  352  367  377  383  385  384
  380  373  364  355  348  341  332  319  305  292  279  264  247  225  202  179
  158  141  127  119  114  112  108  102   94   86   78   72   68   67   68   70
   72   77   78   77   79   79   82   88  111                                   
     7.5-180.0 180.0   5.0 450.0                            LAT/LON1/LON2/DLON/H
  104  123  134  157  178  193  208  218  230  242  255  270  285  302  318  333
  345  352  354  350  344  339  336  339  347  359  373  384  392  394  393  389
