data/edconvlstm_nd/pred0860.15i
     1.0            IONOSPHERE MAPS     GNSS                IONEX VERSION / TYPE
pyspatialgeodesy        IME             05-JAN-18 20:20     PGM / RUN BY / DATE 
Map Name                                                    COMMENT             
Predicted global ionosphere maps (GIM).                     DESCRIPTION         
  2015     3    27     0     0     0                        EPOCH OF FIRST MAP  
  2015     3    28     0     0     0                        EPOCH OF LAST MAP   
  7200                                                      INTERVAL            
    13                                                      # OF MAPS IN FILE   
  NONE                                                      MAPPING FUNCTION    
10.0                                                        ELEVATION CUTOFF    
One-way carrier phase leveled to code                       OBSERVABLES USED    
  6371.0                                                    BASE RADIUS         
 2                                                          MAP DIMENSION       
   450.0 450.0   0.0                                        HGT1 / HGT2 / DHGT  
    87.5 -87.5  -2.5                                        LAT1 / LAT2 / DLAT  
  -180.0 180.0   5.0                                        LON1 / LON2 / DLON  
    -1                                                      EXPONENT            
                                                            END OF HEADER       
[from data line 3432]
     9                                                      START OF TEC MAP    
  2015     3    27    16     0     0                        EPOCH OF CURRENT MAP
    87.5-180.0 180.0   5.0 450.0                            LAT/LON1/LON2/DLON/H
  184  193  190  198  202  206  207  208  209  212  212  213  214  215  216  216
  217  217  217  217  217  216  215  214  213  212  211  209  208  206  204  202
  200  198  195  193  191  189  187  185  184  182  181  180  179  178  177  177
  177  177  177  177  177  177  177  178  178  178  179  179  180  181  181  182
  183  184  184  184  191  191  193  188  184                                   
    85.0-180.0 180.0   5.0 450.0                            LAT/LON1/LON2/DLON/H
  182  194  207  203  204  212  215  219  220  222  223  224  225  226  226  227
  227  227  227  227  227  226  225  224  223  221  219  217  215  213  211  208
  205  203  200  198  195  193  191  189  187  186  185  184  183  183  182  182
  182  182  183  183  184  184  185  185  186  186  187  187  188  189  189  190
  192  193  191  190  192  189  190  192  182                                   
    82.5-180.0 180.0   5.0 450.0                            LAT/LON1/LON2/DLON/H
  166  187  193  192  197  207  212  216  218  221  222  224  225  227  228  229
  229  230  230  230  230  230  229  228  227  226  224  222  219  217  214  210
  207  203  199  196  192  189  185  182  180  178  176  174  173  173  172  172
  172  173  173  174  174  175  176  176  177  177  177  178  178  178  178  178
  179  179  178  179  178  188  180  173  166                                   
    80.0-180.0 180.0   5.0 450.0                            LAT/LON1/LON2/DLON/H
  151  169  177  178  183  190  196  203  207  211  214  217  219  221  223  224
  225  226  227  227  227  227  227  226  225  224  223  221  218  215  211  207
  203  198  193  188  184  179  176  172  169  167  165  164  164  164  164  165
  166  167  168  169  171  172  173  173  174  174  173  173  172  171  170  170
  169  169  167  166  161  162  158  156  151                                   
    77.5-180.0 180.0   5.0 450.0                            LAT/LON1/LON2/DLON/H
  141  148  155  156  163  170  175  182  187  192  195  200  203  207  210  213
  216  218  220  221  222  224  224  225  225  225  224  223  221  218  215  211
  206  201  196  191  185  181  176  172  169  166  164  163  162  162  162  163
  164  166  167  169  170  171  172  172  172  171  170  168  166  163  161  159
  156  154  151  150  147  143  141  141  141                                   
    75.0-180.0 180.0   5.0 450.0                            LAT/LON1/LON2/DLON/H
  124  132  133  138  144  150  155  161  168  174  179  184  190  195  199  204
  208  211  214  217  220  223  225  227  229  229  229  228  227  224  221  217
  212  207  201  195  190  185  180  176  172  170  168  166  165  165  165  166
  167  168  169  170  171  172  172  172  171  170  167  165  162  158  155  151
  147  144  141  136  133  129  127  117  124                                   
    72.5-180.0 180.0   5.0 450.0                            LAT/LON1/LON2/DLON/H
  108  114  115  121  125  131  137  143  149  156  162  169  176  183  190  196
  202  207  212  217  222  227  231  235  237  238  238  237  236  233  229  225
  220  215  210  205  199  194  189  185  182  179  176  174  172  171  170  169
  168  168  169  169  169  169  168  167  166  164  161  158  154  150  145  141
  136  131  127  122  119  116  116  111  108                                   
    70.0-180.0 180.0   5.0 450.0                            LAT/LON1/LON2/DLON/H
   96  102  102  108  112  117  122  128  135  143  150  159  167  175  183  190
  198  205  213  220  227  234  240  245  248  249  249  247  244  240  236  232
  227  222  217  212  207  202  198  194  191  188  185  182  179  175  172  169
  166  164  163  161  160  159  158  156  154  152  149  146  142  139  135  130
  125  120  116  110  108  106  108  103   96                                   
    67.5-180.0 180.0   5.0 450.0                            LAT/LON1/LON2/DLON/H
   84   91   93  100  104  110  115  123  130  138  146  156  165  175  184  193
  202  211  220  229  239  248  256  261  265  266  264  261  256  251  246  241
  236  231  226  222  217  214  210  207  204  202  198  194  189  183  176  170
  164  159  155  151  149  146  144  142  140  138  136  134  131  128  125  121
  116  111  106  100   97   97   98   95   84                                   
    65.0-180.0 180.0   5.0 450.0                            LAT/LON1/LON2/DLON/H
   70   80   81   89   94  101  107  115  123  133  142  153  163  174  184  193
  203  213  224  235  247  258  267  274  278  278  275  271  265  259  253  247
  242  238  233  229  225  222  219  217  215  212  208  202  195  185  175  164
  154  146  139  133  129  125  123  120  119  117  116  115  114  112  109  106
  102   97   93   87   85   86   88   88   70                                   
    62.5-180.0 180.0   5.0 450.0                            LAT/LON1/LON2/DLON/H
   57   67   69   78   83   92  100  109  119  130  141  152  164  175  185  196
  206  217  228  241  254  266  276  284  287  287  284  278  272  266  260  254
  250  245  241  237  233  230  228  227  225  222  218  211  200  188  173  159
  145  133  124  116  111  106  103  101  100   99   99   98   98   97   95   92
   88   84   80   74   72   73   74   76   57                                   
    60.0-180.0 180.0   5.0 450.0                            LAT/LON1/LON2/DLON/H
   45   54   56   66   71   80   90  101  113  125  138  151  163  175  186  197
  208  219  231  244  257  269  280  288  292  292  288  284  278  273  268  264
  259  255  250  246  242  239  238  236  235  233  228  219  207  192  174  157
  140  126  115  106  100   95   92   90   88   88   88   88   88   87   85   82
   78   73   69   63   61   60   61   65   45                                   
    57.5-180.0 180.0   5.0 450.0                            LAT/LON1/LON2/DLON/H
   39   44   46   56   61   71   83   95  108  122  135  149  163  176  188  200
  211  222  234  246  258  271  281  289  293  294  292  289  286  283  280  277
  274  269  264  259  255  251  249  248  247  245  239  230  217  200  181  162
  145  130  118  109  102   97   94   91   90   89   88   88   87   86   83   80
   74   70   66   60   57   54   53   58   39                                   
    55.0-180.0 180.0   5.0 450.0                            LAT/LON1/LON2/DLON/H
   41   42   42   50   56   66   79   92  106  120  135  150  164  178  192  205
  217  228  239  250  261  272  282  290  294  296  297  297  297  297  296  295
  292  287  282  276  270  266  264  262  261  258  253  244  231  214  195  176
  159  145  133  124  118  112  108  105  103  102  101  100   99   96   92   87
   81   76   72   66   63   57   54   57   41                                   
    52.5-180.0 180.0   5.0 450.0                            LAT/LON1/LON2/DLON/H
   52   48   47   52   58   69   81   95  109  124  138  153  168  184  199  214
  227  238  248  258  267  277  286  294  299  303  306  308  312  314  316  315
  312  307  300  294  288  283  280  278  276  273  268  259  246  230  213  196
  181  169  158  149  142  136  131  128  126  124  123  121  119  115  110  104
   96   91   87   82   79   72   67   65   52                                   
    50.0-180.0 180.0   5.0 450.0                            LAT/LON1/LON2/DLON/H
   71   62   59   62   67   79   91  105  120  134  148  163  178  194  210  226
  241  253  262  271  279  288  296  304  310  315  320  325  330  333  335  334
  330  324  317  311  306  302  299  296  293  289  283  274  262  247  233  218
  206  194  185  176  167  160  155  151  150  149  148  146  143  138  132  125
  117  112  109  106  103   96   90   83   71                                   
    47.5-180.0 180.0   5.0 450.0                            LAT/LON1/LON2/DLON/H
   94   84   79   80   84   95  108  121  136  151  165  179  193  209  225  242
  258  271  280  288  296  304  312  320  327  333  338  344  348  351  350  347
  342  336  330  326  323  321  318  315  310  304  296  286  274  261  248  236
  225  215  205  194  184  176  170  167  166  166  167  167  164  160  154  147
  139  135  132  132  131  124  118  109   94                                   
    45.0-180.0 180.0   5.0 450.0                            LAT/LON1/LON2/DLON/H
  118  109  102  102  105  115  127  141  157  173  186  200  213  228  244  261
  276  289  299  308  316  324  333  341  348  354  359  362  364  362  358  353
  347  342  340  340  340  340  338  334  327  318  308  296  283  270  257  245
  234  223  212  199  187  177  170  168  169  172  175  177  176  174  169  163
  156  152  150  152  154  150  145  137  118                                   
    42.5-180.0 180.0   5.0 450.0                            LAT/LON1/LON2/DLON/H
  136  130  123  125  128  136  148  161  177  195  209  223  236  249  264  280
  295  307  318  327  335  345  355  363  370  375  377  377  373  367  360  353
  348  347  350  355  360  363  361  355  346  334  320  306  290  275  260  246
  233  221  207  192  177  165  158  157  160  166  171  175  177  177  174  169
  163  161  159  162  166  166  163  156  136                                   
    40.0-180.0 180.0   5.0 450.0                            LAT/LON1/LON2/DLON/H
  144  144  138  143  147  153  165  178  196  215  231  246  259  272  285  299
  312  323  333  343  353  364  374  382  388  391  390  385  378  369  360  354
  354  359  369  380  389  393  391  382  369  354  337  318  299  280  261  244
  228  213  198  181  165  153  146  145  149  155  162  167  170  171  171  168
  162  160  158  161  165  168  167  162  144                                   
    37.5-180.0 180.0   5.0 450.0                            LAT/LON1/LON2/DLON/H
  142  146  144  151  157  162  175  189  209  230  250  267  281  293  305  316
  327  337  347  357  368  379  389  396  400  400  397  390  381  372  366  365
  372  386  404  421  432  436  430  417  400  381  360  338  315  291  268  247
  229  213  197  181  165  153  145  144  146  152  157  161  164  165  165  162
  157  153  150  150  153  157  158  153  142                                   
    35.0-180.0 180.0   5.0 450.0                            LAT/LON1/LON2/DLON/H
  135  141  140  149  156  160  175  191  214  239  263  283  299  312  323  332
  341  350  359  370  381  391  399  404  406  405  402  396  390  385  385  394
  413  437  462  482  493  492  481  462  441  418  394  369  342  314  287  263
  245  230  216  203  190  178  169  165  164  165  166  167  167  166  165  162
  155  149  143  139  140  141  142  137  135                                   
    32.5-180.0 180.0   5.0 450.0                            LAT/LON1/LON2/DLON/H
  128  132  132  141  147  150  166  185  211  240  269  294  314  329  340  348
  356  363  372  383  393  401  406  408  409  409  409  409  409  413  424  447
  478  513  544  564  570  561  541  516  490  464  439  412  383  352  323  299
  282  272  264  256  247  235  224  215  208  202  197  191  186  182  178  173
  164  155  146  137  133  129  130  123  128                                   
    30.0-180.0 180.0   5.0 450.0                            LAT/LON1/LON2/DLON/H
  128  127  123  132  136  139  155  175  204  237  270  300  323  341  354  363
  370  378  387  397  405  411  412  412  414  418  424  432  443  459  485  523
  568  612  644  660  656  636  606  574  544  518  493  467  438  406  378  356
  344  340  341  341  336  326  311  295  279  264  250  238  226  216  208  199
  187  176  162  149  141  130  127  115  128                                   
    27.5-180.0 180.0   5.0 450.0                            LAT/LON1/LON2/DLON/H
  135  128  120  128  130  132  148  168  198  233  269  301  329  351  366  377
  386  395  405  415  421  423  422  421  424  434  450  470  495  525  567  619
  674  722  751  756  739  707  668  631  600  574  552  528  501  472  445  428
  422  428  440  450  451  442  423  399  373  348  325  304  284  267  254  241
  226  211  193  177  164  146  135  119  135                                   
    25.0-180.0 180.0   5.0 450.0                            LAT/LON1/LON2/DLON/H
  150  138  124  129  131  133  149  168  198  233  269  303  333  357  376  391
  402  414  425  436  441  441  438  437  445  464  492  525  562  606  659  720
  780  824  843  835  806  763  719  679  649  627  609  589  565  538  514  502
  504  520  542  562  569  560  537  505  470  437  407  379  354  331  312  294
  276  258  236  218  200  175  155  135  150                                   
    22.5-180.0 180.0   5.0 450.0                            LAT/LON1/LON2/DLON/H
  170  155  135  135  137  140  155  175  204  237  272  305  336  363  385  403
  418  433  448  460  466  465  462  465  479  508  547  591  639  691  750  811
  866  901  907  886  846  799  753  716  689  671  656  639  616  591  569  559
  566  588  617  642  652  642  616  579  540  503  471  442  416  391  370  350
  330  312  288  266  241  211  184  164  170                                   
    20.0-180.0 180.0   5.0 450.0                            LAT/LON1/LON2/DLON/H
  189  176  150  144  146  149  165  185  212  244  276  308  339  367  393  415
  434  454  472  486  494  495  496  504  527  564  613  666  718  771  825  878
  920  941  933  902  859  813  772  741  718  703  690  672  648  619  595  584
  590  612  641  665  674  664  637  601  564  530  501  476  452  430  409  390
  372  356  333  310  278  245  213  196  189                                   
    17.5-180.0 180.0   5.0 450.0                            LAT/LON1/LON2/DLON/H
  203  194  166  154  154  157  174  194  221  251  281  311  342  372  400  426
  450  474  496  514  524  530  536  552  582  628  682  737  786  830  871  908
  934  940  923  890  850  813  781  758  740  726  710  687  656  620  589  571
  570  585  607  626  633  624  601  572  544  519  499  480  461  441  422  404
  389  376  357  335  300  266  234  221  203                                   
    15.0-180.0 180.0   5.0 450.0                            LAT/LON1/LON2/DLON/H
  208  203  178  163  159  164  181  202  229  257  285  314  345  376  406  436
  464  492  518  540  554  565  578  601  639  689  745  794  831  857  880  899
  910  907  889  861  832  807  788  772  758  742  720  689  646  599  557  528
  517  520  531  542  546  540  525  508  492  480  471  460  446  429  412  395
  380  370  355  333  300  266  237  228  208                                   
    12.5-180.0 180.0   5.0 450.0                            LAT/LON1/LON2/DLON/H
  203  198  178  164  159  165  184  206  233  263  291  319  349  382  415  447
  478  509  538  562  581  597  617  647  690  743  792  827  846  855  860  865
  867  860  846  829  816  807  800  790  776  756  726  684  628  568  513  473
  449  439  438  441  443  442  438  433  430  430  431  428  418  403  387  370
  355  345  331  310  281  249  223  214  203                                   
    10.0-180.0 180.0   5.0 450.0                            LAT/LON1/LON2/DLON/H
  193  185  169  158  153  160  181  205  235  267  297  327  358  391  426  460
  493  524  554  580  603  624  651  688  735  783  821  840  843  838  831  827
  823  818  813  810  812  818  820  814  797  771  732  679  612  540  474  424
  390  369  359  355  358  363  368  375  383  392  398  397  389  374  357  339
  323  311  297  277  252  223  199  188  193                                   
     7.5-180.0 180.0   5.0 450.0                            LAT/LON1/LON2/DLON/H
  181  168  156  149  144  152  174  200  234  270  304  337  371  406  442  477
  509  540  570  596  621  648  682  724  770  811  836  842  834  820  807  799
