data/edconvlstm_nd/pred3420.15i
     1.0            IONOSPHERE MAPS     GNSS                IONEX VERSION / TYPE
pyspatialgeodesy        IME             05-JAN-18 20:20     PGM / RUN BY / DATE 
Map Name                                                    COMMENT             
Predicted global ionosphere maps (GIM).                     DESCRIPTION         
  2015    12     8     0     0     0                        EPOCH OF FIRST MAP  
  2015    12     9     0     0     0                        EPOCH OF LAST MAP   
  7200                                                      INTERVAL            
    13                                                      # OF MAPS IN FILE   
  NONE                                                      MAPPING FUNCTION    
10.0                                                        ELEVATION CUTOFF    
One-way carrier phase leveled to code                       OBSERVABLES USED    
  6371.0                                                    BASE RADIUS         
 2                                                          MAP DIMENSION       
   450.0 450.0   0.0                                        HGT1 / HGT2 / DHGT  
    87.5 -87.5  -2.5                                        LAT1 / LAT2 / DLAT  
  -180.0 180.0   5.0                                        LON1 / LON2 / DLON  
    -1                                                      EXPONENT            
                                                            END OF HEADER       
[from data line 858]
     3                                                      START OF TEC MAP    
  2015    12     8     4     0     0                        EPOCH OF CURRENT MAP
    87.5-180.0 180.0   5.0 450.0                            LAT/LON1/LON2/DLON/H
   37   46   39   41   40   41   39   36   36   37   37   37   37   37   37   37
   37   37   37   36   36   36   36   35   35   35   35   35   35   35   35   35
   35   35   35   35   36   36   36   37   37   37   38   38   38   39   39   39
   39   40   40   40   40   40   40   40   40   40   39   39   39   38   38   38
   39   39   37   37   41   56   62   52   37                                   
    85.0-180.0 180.0   5.0 450.0                            LAT/LON1/LON2/DLON/H
   26   47   39   42   43   45   44   44   44   45   44   45   45   45   45   44
   44   43   42   42   41   41   40   40   39   39   39   39   39   39   39   39
   40   40   41   41   42   43   43   44   45   45   46   47   47   48   48   48
   48   49   49   49   49   49   49   49   49   49   49   49   48   48   47   47
   48   48   45   47   53   52   66   52   26                                   
    82.5-180.0 180.0   5.0 450.0                            LAT/LON1/LON2/DLON/H
   26   33   45   41   40   43   43   42   44   45   45   46   46   46   46   45
   44   43   42   40   39   38   37   36   35   35   34   34   34   35   35   36
   36   37   38   39   40   41   42   44   45   46   47   48   48   49   49   50
   50   50   51   51   51   51   51   52   52   52   52   52   51   51   50   50
   49   49   46   44   56   45   48   44   26                                   
    80.0-180.0 180.0   5.0 450.0                            LAT/LON1/LON2/DLON/H
   37   38   42   35   38   38   40   41   43   44   44   46   47   47   46   45
   44   42   41   39   37   36   34   33   32   32   32   32   32   33   34   35
   36   37   39   40   41   43   44   45   47   48   48   49   50   50   50   51
   51   51   51   51   51   51   52   52   53   53   54   54   54   53   53   52
   51   49   49   47   57   48   46   44   37                                   
    77.5-180.0 180.0   5.0 450.0                            LAT/LON1/LON2/DLON/H
   42   39   35   29   28   30   33   35   38   40   41   43   44   45   44   43
   41   39   36   34   32   30   28   27   26   25   25   26   26   28   29   31
   33   34   36   37   39   40   41   42   43   44   45   45   45   45   45   45
   45   45   45   45   46   46   47   48   50   51   52   53   53   53   53   52
   50   49   46   46   48   34   34   35   42                                   
    75.0-180.0 180.0   5.0 450.0                            LAT/LON1/LON2/DLON/H
   35   34   31   25   21   25   28   31   34   37   38   41   42   43   43   41
   39   37   35   32   30   27   26   24   24   23   24   25   26   28   30   31
   33   35   36   37   38   39   39   40   40   41   41   41   41   41   41   40
   40   39   39   40   41   42   43   45   48   50   52   54   55   56   56   55
   53   52   50   45   46   35   33   34   35                                   
    72.5-180.0 180.0   5.0 450.0                            LAT/LON1/LON2/DLON/H
   38   33   30   23   21   24   28   31   35   38   40   43   44   45   44   43
   41   38   36   33   30   28   26   25   25   25   26   27   29   31   33   35
   37   38   39   39   39   39   39   39   40   40   40   40   40   40   40   39
   39   39   39   40   41   43   46   49   52   56   59   62   65   66   66   66
   65   62   62   57   55   42   39   41   38                                   
    70.0-180.0 180.0   5.0 450.0                            LAT/LON1/LON2/DLON/H
   46   39   37   29   25   26   30   33   36   39   41   44   45   45   45   43
   41   39   37   34   32   30   28   27   27   28   29   31   33   35   37   39
   40   40   40   40   39   38   38   38   38   38   39   39   39   39   39   39
   39   39   40   42   44   48   52   56   61   66   71   75   78   80   80   81
   79   76   75   71   67   55   52   50   46                                   
    67.5-180.0 180.0   5.0 450.0                            LAT/LON1/LON2/DLON/H
   53   46   42   33   27   27   30   32   35   37   38   41   42   42   41   40
   38   36   34   32   30   28   27   26   26   27   28   30   32   34   35   36
   37   36   35   34   32   31   31   31   31   32   33   34   34   35   35   35
   36   38   40   43   47   52   57   63   70   76   81   86   89   91   91   91
   90   87   86   81   78   66   61   59   53                                   
    65.0-180.0 180.0   5.0 450.0                            LAT/LON1/LON2/DLON/H
   63   55   48   38   31   30   31   32   35   36   37   40   40   39   38   37
   35   34   32   31   29   27   26   25   25   26   27   29   31   32   33   33
   33   32   30   28   26   25   24   24   25   27   29   30   31   32   33   34
   36   39   43   48   54   61   69   77   84   91   97  101  104  105  105  104
  102   99   98   93   90   79   75   72   63                                   
    62.5-180.0 180.0   5.0 450.0                            LAT/LON1/LON2/DLON/H
   72   64   56   45   37   34   34   34   36   37   37   39   39   38   37   36
   35   34   32   31   29   28   26   26   25   26   27   28   30   31   31   31
   30   28   26   23   21   20   20   21   22   24   27   29   30   32   33   36
   39   44   50   58   67   76   85   94  103  110  115  119  120  121  120  118
  115  111  110  104  101   91   87   85   72                                   
    60.0-180.0 180.0   5.0 450.0                            LAT/LON1/LON2/DLON/H
   82   74   64   51   41   37   36   35   36   36   36   37   37   36   35   34
   34   33   32   30   29   27   25   24   24   24   25   26   27   27   27   27
   26   24   22   19   18   16   16   18   20   22   25   27   29   31   34   37
   43   50   59   69   80   91  102  112  120  127  131  134  134  133  131  128
  124  120  118  113  110  100   97   94   82                                   
    57.5-180.0 180.0   5.0 450.0                            LAT/LON1/LON2/DLON/H
   93   83   72   59   47   41   38   36   36   35   35   36   35   34   34   34
   34   33   32   30   28   25   23   22   22   22   23   24   24   25   25   24
   23   22   21   19   17   17   17   18   20   23   26   28   30   32   36   41
   48   58   69   82   95  108  120  130  138  144  147  148  147  144  141  138
  133  128  126  121  119  109  106  102   93                                   
    55.0-180.0 180.0   5.0 450.0                            LAT/LON1/LON2/DLON/H
  105   94   82   68   53   46   42   38   36   35   33   34   33   33   33   33
   33   32   31   29   26   23   21   19   19   20   21   22   23   23   23   23
   23   23   23   22   21   21   21   22   24   27   29   31   33   36   40   47
   56   68   81   95  109  123  135  145  152  157  159  159  157  154  150  146
  141  135  134  129  127  118  115  111  105                                   
    52.5-180.0 180.0   5.0 450.0                            LAT/LON1/LON2/DLON/H
  120  107   94   79   63   54   48   42   39   35   33   33   32   32   32   33
   33   32   30   27   24   21   18   18   18   19   21   22   23   24   24   25
   26   27   28   29   29   29   29   30   32   33   35   37   39   42   48   55
   66   79   93  108  123  136  148  157  163  167  168  167  165  161  158  155
  150  144  143  138  137  127  125  121  120                                   
    50.0-180.0 180.0   5.0 450.0                            LAT/LON1/LON2/DLON/H
  135  122  108   94   76   65   58   49   43   38   35   34   33   33   33   33
   33   31   29   26   22   19   18   17   19   21   23   25   27   27   27   29
   31   34   37   39   40   41   41   41   42   43   44   45   48   52   58   67
   79   92  107  121  135  147  157  165  171  174  175  173  171  168  165  163
  159  154  153  148  147  137  136  132  135                                   
    47.5-180.0 180.0   5.0 450.0                            LAT/LON1/LON2/DLON/H
  150  137  123  110   92   81   71   60   52   44   39   37   36   35   35   35
   34   31   28   25   22   20   19   20   22   25   28   31   32   32   32   34
   37   42   47   51   53   53   53   53   53   54   55   56   58   63   71   81
   93  106  119  132  144  155  163  170  175  178  178  177  175  173  172  171
  169  165  163  158  158  147  146  143  150                                   
    45.0-180.0 180.0   5.0 450.0                            LAT/LON1/LON2/DLON/H
  160  148  135  124  109   97   86   74   63   54   47   44   42   41   40   38
   36   32   29   26   24   23   24   25   28   32   35   37   38   38   38   39
   43   49   56   61   64   65   65   64   64   64   65   67   70   76   84   95
  107  119  131  142  151  160  167  173  177  179  180  179  178  177  177  178
  177  174  173  168  166  156  155  152  160                                   
    42.5-180.0 180.0   5.0 450.0                            LAT/LON1/LON2/DLON/H
  165  154  142  134  122  112  101   88   76   66   58   55   52   51   48   45
   41   37   34   32   32   32   33   35   38   41   44   45   45   44   43   44
   48   54   62   68   72   73   73   73   73   74   75   78   82   89   98  109
  120  131  141  149  157  163  169  174  178  180  181  182  181  181  182  184
  184  182  180  175  173  161  159  157  165                                   
    40.0-180.0 180.0   5.0 450.0                            LAT/LON1/LON2/DLON/H
  162  152  141  136  127  120  110   99   88   78   70   68   65   63   60   55
   49   45   43   43   44   46   48   49   50   51   52   53   52   50   48   48
   52   58   65   72   76   77   78   78   79   81   84   87   92  100  110  121
  132  141  148  155  161  167  172  177  181  184  185  186  186  187  188  190
  190  188  186  180  176  163  160  158  162                                   
    37.5-180.0 180.0   5.0 450.0                            LAT/LON1/LON2/DLON/H
  155  144  133  129  123  119  112  104   96   87   81   80   79   78   74   68
   62   58   57   58   62   65   65   64   63   61   61   61   59   57   54   53
   55   60   67   73   77   78   79   81   83   86   90   95  101  109  120  131
  140  148  154  161  167  173  179  184  189  192  194  195  196  196  197  199
  199  195  192  185  179  163  159  157  155                                   
    35.0-180.0 180.0   5.0 450.0                            LAT/LON1/LON2/DLON/H
  147  133  121  116  111  109  106  101   97   92   89   90   91   91   88   82
   76   73   73   77   81   84   84   80   75   71   69   68   67   65   62   60
   60   63   68   72   75   77   78   81   85   90   95  100  107  116  127  138
  147  154  160  167  175  183  190  197  202  207  209  211  212  213  213  214
  212  207  202  193  185  167  160  157  147                                   
    32.5-180.0 180.0   5.0 450.0                            LAT/LON1/LON2/DLON/H
  144  125  111  102   95   94   93   92   92   90   92   96   99  101   99   94
   90   88   89   94   99  101   99   92   84   78   75   75   75   73   70   67
   66   67   69   72   74   75   76   80   85   91   97  104  112  122  133  143
  153  160  168  177  187  197  207  215  222  228  231  234  236  237  237  237
  234  227  219  208  199  179  170  166  144                                   
    30.0-180.0 180.0   5.0 450.0                            LAT/LON1/LON2/DLON/H
  153  127  108   94   84   80   80   80   83   85   90   97  102  105  105  102
  100   99  102  107  112  112  108  100   91   84   81   81   82   81   79   76
   73   72   72   72   72   72   74   78   83   91   98  106  115  126  138  150
  160  169  178  190  203  216  228  239  248  255  260  263  266  267  269  269
  264  255  247  234  224  203  193  186  153                                   
    27.5-180.0 180.0   5.0 450.0                            LAT/LON1/LON2/DLON/H
  176  144  120   99   83   74   71   70   73   77   84   93   99  104  105  105
  104  105  107  111  115  114  110  103   94   88   86   86   88   89   88   85
   82   79   77   75   73   72   72   75   82   89   98  107  118  131  145  158
  170  180  193  207  224  240  256  269  280  288  294  298  301  304  306  307
  302  293  283  269  261  239  230  219  176                                   
    25.0-180.0 180.0   5.0 450.0                            LAT/LON1/LON2/DLON/H
  215  179  150  120   96   79   70   66   68   71   77   86   92   97  100  101
  102  103  104  106  108  108  106  101   96   92   91   92   94   96   97   95
   92   88   84   79   75   72   71   74   80   88   97  108  122  137  154  169
  183  197  212  230  251  271  289  305  318  327  333  337  340  343  346  348
  344  335  325  311  305  286  277  265  215                                   
    22.5-180.0 180.0   5.0 450.0                            LAT/LON1/LON2/DLON/H
  265  229  196  159  127  100   83   72   69   70   74   80   85   89   92   94
   95   94   94   94   94   96   98   99   98   97   97   98  101  104  105  105
  102   97   92   85   79   74   72   73   78   86   97  111  127  146  166  185
  202  219  238  259  282  306  327  344  358  368  374  377  379  382  386  388
  384  377  368  354  351  336  328  316  265                                   
    20.0-180.0 180.0   5.0 450.0                            LAT/LON1/LON2/DLON/H
  319  286  251  211  174  138  110   92   82   77   77   79   81   84   86   87
   86   84   81   79   80   84   90   96  101  103  105  106  108  111  114  114
  112  106   99   91   83   77   73   73   77   85   98  114  135  158  181  203
  224  245  266  290  315  339  361  380  395  405  411  413  415  417  420  422
  420  413  406  394  393  383  375  366  319                                   
    17.5-180.0 180.0   5.0 450.0                            LAT/LON1/LON2/DLON/H
  369  342  309  269  231  189  152  126  108   97   91   88   87   86   87   86
   83   78   72   70   72   78   88   98  107  112  115  116  117  118  121  121
  118  112  104   95   87   80   75   74   78   86  100  119  144  170  198  223
  248  271  295  319  343  365  386  406  422  433  438  440  441  443  445  447
  444  439  434  424  424  419  414  409  369                                   
    15.0-180.0 180.0   5.0 450.0                            LAT/LON1/LON2/DLON/H
  409  390  361  327  290  247  205  172  148  130  118  111  105  102   99   95
   89   82   75   72   74   82   93  106  117  125  128  127  125  124  124  123
  119  113  105   96   89   83   78   77   80   88  104  126  153  183  214  242
  269  294  318  340  361  381  400  419  436  448  454  455  456  457  459  460
  458  454  450  442  443  442  440  439  409                                   
    12.5-180.0 180.0   5.0 450.0                            LAT/LON1/LON2/DLON/H
  437  425  403  375  344  303  260  225  196  174  157  146  137  131  125  118
  110  100   93   89   91   98  109  122  135  142  143  138  132  128  125  122
  117  111  103   97   91   86   82   81   84   93  110  134  163  195  227  257
  285  310  333  353  370  387  404  422  439  451  457  460  461  462  463  463
  461  458  455  450  449  451  453  454  437                                   
    10.0-180.0 180.0   5.0 450.0                            LAT/LON1/LON2/DLON/H
  452  446  431  408  384  350  311  277  246  222  204  190  180  172  164  155
  144  134  126  123  124  129  138  148  158  161  158  150  139  130  124  119
  113  108  102   97   94   90   88   87   90  100  117  142  171  203  235  266
  294  319  340  357  372  386  402  419  435  446  453  457  459  460  460  459
  457  454  454  449  449  450  455  457  452                                   
     7.5-180.0 180.0   5.0 450.0                            LAT/LON1/LON2/DLON/H
  457  455  445  424  408  383  350  321  293  269  250  237  227  218  209  199
  187  178  172  170  170  173  177  181  182  179  171  160  146  133  124  116
