data/edconvlstm_nd/pred0060.15i
     1.0            IONOSPHERE MAPS     GNSS                IONEX VERSION / TYPE
pyspatialgeodesy        IME             05-JAN-18 20:20     PGM / RUN BY / DATE 
Map Name                                                    COMMENT             
Predicted global ionosphere maps (GIM).                     DESCRIPTION         
  2015     1     6     0     0     0                        EPOCH OF FIRST MAP  
  2015     1     7     0     0     0                        EPOCH OF LAST MAP   
  7200                                                      INTERVAL            
    13                                                      # OF MAPS IN FILE   
  NONE                                                      MAPPING FUNCTION    
10.0                                                        ELEVATION CUTOFF    
One-way carrier phase leveled to code                       OBSERVABLES USED    
  6371.0                                                    BASE RADIUS         
 2                                                          MAP DIMENSION       
   450.0 450.0   0.0                                        HGT1 / HGT2 / DHGT  
    87.5 -87.5  -2.5                                        LAT1 / LAT2 / DLAT  
  -180.0 180.0   5.0                                        LON1 / LON2 / DLON  
    -1                                                      EXPONENT            
                                                            END OF HEADER       
[from data line 2574]
     7                                                      START OF TEC MAP    
  2015     1     6    12     0     0                        EPOCH OF CURRENT MAP
    87.5-180.0 180.0   5.0 450.0                            LAT/LON1/LON2/DLON/H
   34   46   47   50   54   54   54   50   51   54   55   56   57   58   58   59
   60   60   61   62   62   63   64   64   65   66   66   67   67   68   68   69
   69   69   69   69   69   68   68   68   67   66   66   65   64   63   62   61
   60   59   58   57   57   56   55   55   54   53   53   52   51   51   50   50
   50   50   46   43   45   47   61   67   34                                   
    85.0-180.0 180.0   5.0 450.0                            LAT/LON1/LON2/DLON/H
   33   54   65   52   55   58   58   59   59   62   62   63   63   64   65   66
   67   68   69   70   71   72   73   74   75   76   77   77   78   79   79   80
   80   80   80   80   80   80   79   78   78   77   76   75   73   72   71   70
   69   68   67   66   65   64   63   63   62   62   61   61   61   60   60   60
   60   59   54   51   53   56   64   60   33                                   
    82.5-180.0 180.0   5.0 450.0                            LAT/LON1/LON2/DLON/H
   28   44   57   48   51   53   53   53   55   56   56   58   58   59   59   60
   60   61   62   63   64   65   66   67   68   69   70   71   72   73   74   75
   76   77   77   78   78   78   78   77   76   75   73   71   70   68   66   64
   62   60   59   58   57   56   56   55   55   55   55   55   55   55   55   55
   56   55   51   47   52   57   56   54   28                                   
    80.0-180.0 180.0   5.0 450.0                            LAT/LON1/LON2/DLON/H
   29   38   53   45   48   46   47   47   49   50   50   52   52   53   53   54
   54   55   56   57   59   60   61   63   64   66   67   69   70   72   73   75
   76   78   79   80   81   81   81   80   79   78   75   73   70   68   65   62
   59   57   55   54   53   52   52   52   52   53   53   54   54   55   55   55
   56   56   54   51   52   57   55   57   29                                   
    77.5-180.0 180.0   5.0 450.0                            LAT/LON1/LON2/DLON/H
   43   45   48   39   41   40   40   40   41   42   42   43   44   45   46   47
   48   49   50   52   53   55   56   58   60   62   64   65   67   69   71   74
   76   78   81   83   85   86   87   87   86   84   82   79   75   71   67   63
   60   57   54   52   51   50   51   51   52   54   55   56   58   58   59   59
   59   58   55   52   49   48   51   54   43                                   
    75.0-180.0 180.0   5.0 450.0                            LAT/LON1/LON2/DLON/H
   36   41   41   37   38   38   37   36   37   38   37   38   38   39   40   41
   42   43   45   47   49   51   54   56   59   61   64   66   68   70   72   75
   77   81   84   88   91   93   94   95   94   93   90   86   82   78   73   68
   64   59   56   53   52   51   51   52   54   56   58   60   62   63   63   64
   63   62   60   55   54   50   51   46   36                                   
    72.5-180.0 180.0   5.0 450.0                            LAT/LON1/LON2/DLON/H
   42   46   44   42   41   43   43   41   40   39   38   38   37   37   37   38
   39   40   41   44   46   49   52   56   59   62   64   66   68   71   73   76
   79   84   88   93   98  101  104  106  106  105  103   99   95   90   84   79
   73   68   63   60   57   56   56   58   59   61   64   66   68   69   70   70
   69   68   66   60   58   54   54   52   42                                   
    70.0-180.0 180.0   5.0 450.0                            LAT/LON1/LON2/DLON/H
   45   49   50   49   49   50   48   48   46   45   42   41   39   38   37   37
   38   39   41   44   47   51   56   60   64   68   71   73   74   76   78   81
   85   89   95  101  107  112  116  119  121  120  119  116  112  107  101   95
   88   81   75   70   67   65   64   64   65   67   68   70   71   72   73   73
   72   71   69   64   62   59   61   58   45                                   
    67.5-180.0 180.0   5.0 450.0                            LAT/LON1/LON2/DLON/H
   47   52   53   55   55   58   57   56   54   51   47   45   42   40   39   39
   39   40   42   45   49   54   59   65   70   74   78   80   81   82   83   86
   89   95  101  108  116  122  128  132  135  136  136  134  131  126  120  112
  104   95   87   80   75   71   69   68   68   68   68   69   69   69   69   70
   69   67   66   61   59   57   58   55   47                                   
    65.0-180.0 180.0   5.0 450.0                            LAT/LON1/LON2/DLON/H
   45   53   53   57   60   64   64   64   61   58   53   50   47   44   42   41
   42   43   45   48   52   58   64   71   77   83   87   89   90   90   91   93
   96  102  109  118  126  134  141  146  150  152  153  153  150  146  140  132
  122  111  100   90   82   76   72   69   67   66   65   63   62   61   61   61
   61   60   59   56   55   55   56   54   45                                   
    62.5-180.0 180.0   5.0 450.0                            LAT/LON1/LON2/DLON/H
   41   49   51   56   61   66   66   67   65   61   57   53   49   47   45   44
   44   44   46   49   54   60   67   75   83   89   94   97   98   99   99  101
  104  110  118  127  136  145  153  159  163  167  169  169  167  164  157  147
  135  122  108   96   85   77   71   66   62   59   56   53   50   48   48   48
   48   48   48   46   47   47   48   47   41                                   
    60.0-180.0 180.0   5.0 450.0                            LAT/LON1/LON2/DLON/H
   35   43   45   51   55   61   62   63   62   59   55   52   49   47   45   44
   44   45   46   49   53   59   67   75   84   93   99  104  106  107  107  109
  112  118  127  136  146  156  164  170  175  179  181  182  181  176  169  158
  144  128  112   97   84   74   66   60   55   50   45   41   37   35   34   35
   36   36   38   37   39   38   39   39   35                                   
    57.5-180.0 180.0   5.0 450.0                            LAT/LON1/LON2/DLON/H
   30   37   39   45   49   54   56   58   58   56   53   51   48   47   45   45
   45   45   47   49   53   58   66   75   85   95  104  110  114  116  118  120
  124  131  139  150  160  170  178  184  189  193  195  195  194  189  181  168
  153  135  117  101   86   75   66   59   52   46   40   35   30   28   28   29
   30   32   34   34   36   34   34   35   30                                   
    55.0-180.0 180.0   5.0 450.0                            LAT/LON1/LON2/DLON/H
   28   35   37   41   43   47   49   51   52   51   50   49   47   46   45   45
   45   46   47   49   52   57   64   74   85   96  107  116  122  126  129  133
  138  145  154  164  175  185  193  199  204  207  208  208  205  199  190  177
  161  142  123  106   90   78   69   61   54   47   41   35   31   29   29   30
   32   34   37   37   39   36   34   37   28                                   
    52.5-180.0 180.0   5.0 450.0                            LAT/LON1/LON2/DLON/H
   33   38   38   40   41   44   46   47   48   49   48   48   47   46   45   45
   46   48   49   51   53   57   64   73   85   98  111  122  130  137  142  147
  153  161  170  181  191  201  209  215  219  221  221  219  215  209  199  185
  169  150  132  114   99   86   77   69   62   55   49   43   40   38   38   40
   42   45   48   48   51   46   43   45   33                                   
    50.0-180.0 180.0   5.0 450.0                            LAT/LON1/LON2/DLON/H
   45   47   46   45   44   45   46   47   48   49   49   50   49   47   47   47
   49   51   53   55   57   61   67   76   88  102  116  129  140  148  155  161
  168  176  186  196  207  217  225  230  233  234  233  230  225  217  207  193
  177  160  142  125  110   98   88   80   74   68   62   58   55   54   54   57
   59   62   66   66   68   64   60   59   45                                   
    47.5-180.0 180.0   5.0 450.0                            LAT/LON1/LON2/DLON/H
   62   63   59   56   52   53   52   51   52   54   54   55   53   52   51   51
   53   56   59   62   64   67   73   82   95  110  125  140  151  160  167  173
  180  188  198  209  220  230  238  243  246  246  243  239  233  224  214  201
  187  171  154  138  123  110  100   92   86   81   77   74   72   72   73   75
   78   81   84   85   87   84   80   77   62                                   
    45.0-180.0 180.0   5.0 450.0                            LAT/LON1/LON2/DLON/H
   79   80   75   71   66   65   62   60   61   62   63   63   62   60   58   59
   61   65   69   72   75   78   84   93  107  122  138  152  163  171  176  181
  187  195  205  216  228  239  248  253  256  255  251  246  239  230  220  208
  195  181  166  150  134  121  110  101   95   91   88   86   86   86   88   90
   91   94   96   97  102  102   99   94   79                                   
    42.5-180.0 180.0   5.0 450.0                            LAT/LON1/LON2/DLON/H
   93   95   91   87   81   79   75   73   72   73   74   74   73   70   68   68
   71   76   81   85   88   92   98  108  122  138  154  166  175  179  182  185
  190  197  208  220  233  245  255  261  263  262  258  252  244  235  224  214
  202  189  175  159  142  127  115  106  100   96   94   93   92   93   94   95
   95   97   98  100  106  110  109  105   93                                   
    40.0-180.0 180.0   5.0 450.0                            LAT/LON1/LON2/DLON/H
   99  103  101   98   94   92   88   85   84   85   85   86   85   82   80   80
   83   88   94   99  103  107  114  125  140  156  171  181  186  187  186  186
  190  198  209  223  238  251  261  267  269  268  264  258  249  240  229  219
  208  195  180  163  145  129  116  106  100   96   93   92   91   91   92   92
   90   90   91   92  100  106  108  106   99                                   
    37.5-180.0 180.0   5.0 450.0                            LAT/LON1/LON2/DLON/H
   96  103  104  104  102  101   98   95   94   95   95   96   95   93   92   92
   96  101  108  113  118  123  131  142  158  174  188  196  198  195  190  189
  192  201  215  231  246  260  270  276  278  277  273  267  258  248  237  225
  213  200  184  166  147  129  115  105   98   94   91   88   87   85   84   84
   81   80   79   80   87   94   96   98   96                                   
    35.0-180.0 180.0   5.0 450.0                            LAT/LON1/LON2/DLON/H
   88   97  101  102  104  104  103  101  100  100  101  103  103  102  102  103
  107  112  119  125  131  137  145  158  174  191  204  211  211  206  200  198
  202  213  229  246  263  276  286  291  293  292  289  283  274  263  250  236
  222  207  190  170  151  133  119  109  102   97   92   88   84   82   80   79
   76   73   71   69   75   79   82   86   88                                   
    32.5-180.0 180.0   5.0 450.0                            LAT/LON1/LON2/DLON/H
   80   89   95   97  100  101  101  101  100  101  102  104  106  107  108  110
  114  119  126  133  140  147  157  171  189  206  220  228  228  224  218  217
  224  237  255  274  291  304  312  316  318  317  314  309  299  286  271  255
  239  222  203  183  164  147  133  124  117  110  104   98   92   88   86   85
   82   78   75   69   71   71   71   77   80                                   
    30.0-180.0 180.0   5.0 450.0                            LAT/LON1/LON2/DLON/H
   78   86   91   92   94   95   96   95   96   97   98  101  104  106  108  111
  115  121  128  136  144  154  166  182  201  220  235  245  248  247  245  248
  258  275  295  315  331  342  349  352  353  353  351  345  334  320  302  284
  265  246  227  208  190  175  163  154  147  140  131  123  116  111  109  109
  106  103   97   88   84   77   73   76   78                                   
    27.5-180.0 180.0   5.0 450.0                            LAT/LON1/LON2/DLON/H
   87   92   93   91   90   88   89   88   88   89   91   94   98  101  104  107
  111  117  125  134  145  157  173  191  211  231  248  262  270  276  280  289
  304  324  346  366  381  391  396  398  399  400  398  392  380  364  344  323
  303  283  264  247  231  219  210  202  194  186  176  166  158  152  151  151
  151  149  141  128  115  101   90   85   87                                   
    25.0-180.0 180.0   5.0 450.0                            LAT/LON1/LON2/DLON/H
  110  109  105   96   91   85   83   81   81   82   83   86   89   92   95   99
  103  109  118  129  143  160  179  200  220  241  260  278  294  308  322  338
  359  382  405  424  437  445  449  450  452  453  452  446  434  416  395  373
  352  332  315  300  289  280  273  265  257  246  234  223  213  208  207  209
  210  210  201  186  166  142  123  106  110                                   
    22.5-180.0 180.0   5.0 450.0                            LAT/LON1/LON2/DLON/H
  147  139  128  110   98   87   82   77   77   77   77   79   81   83   86   89
   94  101  111  125  143  165  187  209  229  249  271  294  318  342  365  389
  413  438  461  479  490  496  500  502  504  506  506  501  489  471  450  428
  408  390  376  365  357  352  345  337  326  313  299  286  276  270  270  273
  275  277  268  255  228  196  167  138  147                                   
    20.0-180.0 180.0   5.0 450.0                            LAT/LON1/LON2/DLON/H
  193  181  161  133  113   95   86   78   76   76   75   76   76   77   79   82
   86   94  107  125  148  173  198  220  239  259  282  310  341  373  403  432
  460  485  507  523  533  538  542  546  550  553  554  550  539  522  503  483
  465  449  438  430  426  421  413  402  387  372  357  344  334  328  328  330
  333  337  329  320  290  253  217  179  193                                   
    17.5-180.0 180.0   5.0 450.0                            LAT/LON1/LON2/DLON/H
  240  226  202  165  135  109   95   85   80   79   78   77   76   76   77   79
   84   94  109  131  158  187  214  235  253  272  296  327  363  399  434  465
  494  519  538  552  560  566  571  577  583  588  590  587  578  564  547  530
  514  501  492  486  481  475  463  448  429  412  396  384  375  370  368  368
  370  375  369  365  337  302  264  223  240                                   
    15.0-180.0 180.0   5.0 450.0                            LAT/LON1/LON2/DLON/H
  275  265  241  199  161  129  109   96   89   86   84   82   81   80   81   84
   90  101  120  145  176  207  234  255  272  290  313  344  382  419  455  487
  515  538  555  566  574  580  586  593  600  607  611  611  604  593  578  564
  550  539  531  525  519  508  491  470  447  428  413  402  393  386  382  378
  376  381  377  378  356  329  296  259  275                                   
    12.5-180.0 180.0   5.0 450.0                            LAT/LON1/LON2/DLON/H
  293  287  269  227  186  151  127  110  100   96   93   91   90   90   91   94
  102  116  138  167  200  233  261  281  297  313  334  364  399  435  469  498
  524  544  559  569  576  581  588  595  604  613  619  621  617  608  597  585
  573  562  555  547  537  521  499  472  446  425  410  399  389  380  371  361
  355  356  354  359  345  331  306  278  293                                   
    10.0-180.0 180.0   5.0 450.0                            LAT/LON1/LON2/DLON/H
  291  291  280  243  205  170  144  126  113  107  103  101  101  102  105  110
  120  136  161  193  229  263  291  311  326  340  358  384  414  446  476  502
  526  545  558  567  572  576  581  588  597  607  615  619  618  612  604  593
  583  573  564  555  542  521  493  461  433  411  395  382  371  357  344  328
  316  313  311  319  313  311  296  277  291                                   
     7.5-180.0 180.0   5.0 450.0                            LAT/LON1/LON2/DLON/H
  274  280  276  246  213  183  158  140  125  117  112  111  111  114  118  125
  137  157  185  220  258  294  323  343  358  370  384  404  428  454  479  503
