data/edconvlstm_nd/pred1490.15i
     1.0            IONOSPHERE MAPS     GNSS                IONEX VERSION / TYPE
pyspatialgeodesy        IME             05-JAN-18 20:20     PGM / RUN BY / DATE 
Map Name                                                    COMMENT             
Predicted global ionosphere maps (GIM).                     DESCRIPTION         
  2015     5    29     0     0     0                        EPOCH OF FIRST MAP  
  2015     5    30     0     0     0                        EPOCH OF LAST MAP   
  7200                                                      INTERVAL            
    13                                                      # OF MAPS IN FILE   
  NONE                                                      MAPPING FUNCTION    
10.0                                                        ELEVATION CUTOFF    
One-way carrier phase leveled to code                       OBSERVABLES USED    
  6371.0                                                    BASE RADIUS         
 2                                                          MAP DIMENSION       
   450.0 450.0   0.0                                        HGT1 / HGT2 / DHGT  
    87.5 -87.5  -2.5                                        LAT1 / LAT2 / DLAT  
  -180.0 180.0   5.0                                        LON1 / LON2 / DLON  
    -1                                                      EXPONENT            
                                                            END OF HEADER       
[from data line 429]
     2                                                      START OF TEC MAP    
  2015     5    29     2     0     0                        EPOCH OF CURRENT MAP
    87.5-180.0 180.0   5.0 450.0                            LAT/LON1/LON2/DLON/H
  155  157  162  163  164  161  159  158  159  160  160  160  160  160  160  160
  159  158  158  156  155  154  152  150  149  147  145  144  142  140  139  138
  137  136  135  135  135  135  135  135  136  136  137  138  138  139  140  141
  142  142  143  144  144  145  145  146  146  146  146  147  147  146  146  147
  148  150  150  149  151  151  151  148  155                                   
    85.0-180.0 180.0   5.0 450.0                            LAT/LON1/LON2/DLON/H
  163  167  157  165  171  168  167  168  169  170  170  170  171  171  170  170
  169  168  167  166  164  162  160  157  155  152  150  147  145  143  141  139
  138  137  136  136  136  136  137  137  138  139  140  141  142  143  144  145
  147  148  149  150  151  152  152  153  153  154  154  154  154  154  154  155
  156  158  156  159  154  154  154  150  163                                   
    82.5-180.0 180.0   5.0 450.0                            LAT/LON1/LON2/DLON/H
  166  165  169  169  171  171  171  172  175  175  176  177  177  177  177  176
  175  174  172  170  168  165  162  159  156  152  148  145  141  138  135  133
  131  130  129  129  130  131  132  133  134  136  137  139  140  142  144  145
  147  149  150  152  153  154  155  156  157  157  158  158  158  158  158  159
  159  160  158  158  162  151  151  147  166                                   
    80.0-180.0 180.0   5.0 450.0                            LAT/LON1/LON2/DLON/H
  165  166  161  164  166  168  171  174  176  177  178  179  180  180  179  179
  178  176  174  172  169  166  163  158  154  149  144  139  135  131  127  125
  123  122  122  123  124  125  127  129  131  133  136  137  139  141  143  145
  148  150  152  154  155  157  158  159  159  159  159  159  159  158  158  159
  158  158  155  155  163  155  160  151  165                                   
    77.5-180.0 180.0   5.0 450.0                            LAT/LON1/LON2/DLON/H
  163  163  159  163  161  164  170  173  175  176  177  178  179  179  178  177
  176  175  173  171  168  165  161  157  152  146  140  135  129  125  122  119
  118  118  119  121  123  126  128  131  134  136  138  140  142  144  146  148
  151  153  155  157  159  161  162  162  162  162  161  161  159  158  158  158
  157  157  153  154  158  153  155  153  163                                   
    75.0-180.0 180.0   5.0 450.0                            LAT/LON1/LON2/DLON/H
  157  157  154  160  158  161  166  169  172  173  174  174  174  173  171  170
  168  166  165  163  161  158  155  150  145  139  133  127  121  117  114  112
  112  113  115  118  122  125  128  131  134  136  138  139  141  143  145  147
  149  152  154  157  159  160  161  161  161  160  159  158  157  155  154  154
  153  154  151  146  149  148  149  152  157                                   
    72.5-180.0 180.0   5.0 450.0                            LAT/LON1/LON2/DLON/H
  148  154  153  158  158  160  165  168  172  173  173  173  171  168  165  162
  160  158  156  155  154  152  149  145  140  135  128  122  117  114  112  111
  113  115  119  123  127  131  134  137  139  141  142  143  145  146  148  150
  152  155  157  160  162  163  164  164  163  162  161  160  158  156  156  156
  155  155  153  150  149  145  146  150  148                                   
    70.0-180.0 180.0   5.0 450.0                            LAT/LON1/LON2/DLON/H
  148  151  151  156  155  157  162  166  170  171  171  170  167  162  157  153
  149  146  145  144  144  143  142  138  134  128  122  117  113  110  109  110
  113  116  120  125  129  132  135  138  139  140  141  142  144  145  147  149
  151  154  156  159  160  162  162  162  162  161  159  158  157  155  155  155
  154  154  153  151  151  147  148  149  148                                   
    67.5-180.0 180.0   5.0 450.0                            LAT/LON1/LON2/DLON/H
  148  151  150  153  152  153  158  162  167  168  168  167  163  157  150  144
  139  135  134  133  134  134  132  130  125  120  115  110  107  106  106  108
  111  115  119  123  126  129  131  132  134  135  136  137  139  140  142  145
  147  150  152  154  156  157  158  158  158  157  157  156  155  154  153  154
  153  153  152  150  151  147  148  150  148                                   
    65.0-180.0 180.0   5.0 450.0                            LAT/LON1/LON2/DLON/H
  151  151  149  152  150  150  154  158  163  165  166  165  161  154  147  139
  133  129  127  127  127  127  126  123  119  115  110  107  105  105  106  108
  111  114  117  119  121  123  124  125  126  127  129  132  134  137  140  142
  144  147  149  151  152  153  154  155  156  156  156  156  156  155  154  155
  154  153  153  150  153  150  151  154  151                                   
    62.5-180.0 180.0   5.0 450.0                            LAT/LON1/LON2/DLON/H
  156  155  153  153  150  148  152  155  161  163  165  165  162  156  148  140
  134  129  126  125  125  125  123  120  116  112  108  106  106  106  108  110
  112  114  114  115  115  114  115  115  117  119  123  127  132  136  139  142
  144  146  148  149  151  152  154  155  157  158  160  161  161  160  159  159
  157  157  156  153  156  153  156  160  156                                   
    60.0-180.0 180.0   5.0 450.0                            LAT/LON1/LON2/DLON/H
  162  161  159  157  153  150  151  153  158  160  162  164  162  158  152  145
  138  133  130  128  127  125  122  118  114  110  108  107  108  110  112  113
  113  112  111  108  107  105  105  105  108  112  118  124  131  137  141  145
  147  148  149  151  153  155  157  159  161  164  166  168  169  168  167  166
  163  161  159  157  160  158  162  167  162                                   
    57.5-180.0 180.0   5.0 450.0                            LAT/LON1/LON2/DLON/H
  170  170  168  166  160  155  154  154  156  158  160  162  162  160  156  151
  146  141  138  135  133  129  124  119  114  111  110  110  112  115  116  116
  114  111  107  103  100   97   97   98  101  107  115  124  133  141  146  150
  152  153  154  156  159  161  164  167  170  173  176  178  179  178  176  174
  171  168  166  163  165  164  169  175  170                                   
    55.0-180.0 180.0   5.0 450.0                            LAT/LON1/LON2/DLON/H
  179  182  181  178  172  165  163  159  159  157  158  160  162  161  160  157
  154  150  147  144  140  135  129  122  117  114  114  116  119  121  122  120
  116  110  105   99   95   93   92   94   99  106  115  126  137  146  152  156
  159  160  162  165  168  172  176  179  181  184  186  188  189  188  186  184
  180  177  174  170  172  172  176  184  179                                   
    52.5-180.0 180.0   5.0 450.0                            LAT/LON1/LON2/DLON/H
  190  196  196  195  188  182  177  171  167  162  160  160  161  162  162  162
  161  159  156  153  148  142  134  127  122  119  120  123  126  128  127  123
  118  111  104   99   95   93   93   95   99  107  117  129  141  151  158  163
  166  169  172  177  181  186  190  193  194  196  197  197  198  197  195  194
  190  187  184  180  182  181  185  193  190                                   
    50.0-180.0 180.0   5.0 450.0                            LAT/LON1/LON2/DLON/H
  203  211  213  214  209  203  198  189  181  172  167  164  163  163  165  166
  167  167  165  162  156  149  141  134  129  127  128  131  134  134  132  127
  120  113  107  102  100   98   98  100  104  110  120  132  144  155  163  169
  174  178  184  190  197  202  206  208  208  207  206  205  205  204  203  202
  200  198  196  193  193  192  196  204  203                                   
    47.5-180.0 180.0   5.0 450.0                            LAT/LON1/LON2/DLON/H
  217  227  230  235  232  227  222  212  202  190  180  173  169  168  168  170
  172  173  173  170  165  157  149  142  138  136  137  140  141  140  136  130
  123  117  112  110  108  107  107  107  110  115  123  134  145  156  166  174
  180  187  195  204  212  219  222  222  220  216  213  210  209  209  209  211
  210  211  211  208  208  206  209  216  217                                   
    45.0-180.0 180.0   5.0 450.0                            LAT/LON1/LON2/DLON/H
  232  242  247  254  255  251  247  237  226  212  199  189  181  176  174  175
  177  179  180  177  172  165  157  151  147  146  147  148  148  145  139  132
  126  122  120  119  119  118  117  116  117  119  125  134  145  156  167  176
  185  195  205  216  226  234  237  235  231  224  219  215  213  213  216  219
  222  225  226  225  224  221  225  230  232                                   
    42.5-180.0 180.0   5.0 450.0                            LAT/LON1/LON2/DLON/H
  248  258  262  271  275  273  270  261  251  237  223  210  198  189  185  183
  184  186  186  184  179  173  165  160  157  156  156  156  153  148  142  135
  131  129  129  130  131  130  128  125  123  124  127  134  144  155  167  178
  190  201  214  227  238  246  249  247  241  233  226  221  220  220  224  230
  234  240  243  243  242  239  243  247  248                                   
    40.0-180.0 180.0   5.0 450.0                            LAT/LON1/LON2/DLON/H
  267  274  277  285  291  289  287  281  274  261  247  233  219  207  199  194
  193  193  193  191  186  179  173  168  166  165  165  163  159  152  145  140
  137  137  139  141  142  140  136  132  129  128  129  134  143  154  167  180
  193  207  221  235  247  256  259  257  251  244  237  232  231  232  237  244
  250  257  262  261  262  260  264  267  267                                   
    37.5-180.0 180.0   5.0 450.0                            LAT/LON1/LON2/DLON/H
  288  294  293  298  303  301  298  295  290  281  270  257  242  228  216  208
  204  202  201  198  192  185  179  175  174  174  173  170  164  157  149  145
  144  146  149  150  149  146  142  137  133  131  132  136  143  155  168  182
  196  211  225  240  254  264  268  268  263  257  251  248  248  250  255  262
  268  276  281  281  282  282  288  292  288                                   
    35.0-180.0 180.0   5.0 450.0                            LAT/LON1/LON2/DLON/H
  314  318  313  313  316  311  307  303  302  297  290  279  265  249  235  224
  217  212  209  204  198  191  186  183  183  183  182  177  170  162  155  152
  151  154  156  156  154  149  144  140  137  135  135  138  145  156  170  185
  199  213  227  242  257  269  276  278  276  273  270  269  270  273  278  284
  290  296  301  301  304  307  315  321  314                                   
    32.5-180.0 180.0   5.0 450.0                            LAT/LON1/LON2/DLON/H
  345  349  340  334  333  325  317  313  312  309  306  298  286  270  254  240
  229  222  216  210  203  196  192  191  192  193  192  186  178  170  163  159
  158  159  159  157  153  149  144  142  140  139  139  141  147  158  171  186
  200  213  226  241  257  271  281  286  288  289  290  292  294  298  304  310
  314  319  322  322  326  333  343  353  345                                   
    30.0-180.0 180.0   5.0 450.0                            LAT/LON1/LON2/DLON/H
  379  386  373  365  360  348  336  328  326  323  321  316  305  289  272  255
  241  231  223  215  208  202  200  201  203  205  203  197  188  178  170  165
  163  161  159  154  149  145  142  141  141  142  142  144  149  159  171  185
  198  210  222  237  253  269  282  291  298  303  308  313  319  324  330  336
  340  343  345  344  348  359  372  385  379                                   
    27.5-180.0 180.0   5.0 450.0                            LAT/LON1/LON2/DLON/H
  414  424  412  405  396  383  368  355  348  343  339  334  323  308  289  269
  252  238  228  219  212  208  208  212  217  218  215  208  197  186  176  169
  163  158  153  147  142  139  138  140  142  143  143  145  149  158  169  181
  193  203  215  229  246  264  280  293  304  313  322  330  339  346  354  360
  364  367  368  367  371  384  399  415  414                                   
    25.0-180.0 180.0   5.0 450.0                            LAT/LON1/LON2/DLON/H
  446  459  452  449  441  429  412  395  382  372  363  355  344  327  306  283
  262  245  232  223  217  216  219  225  231  232  228  218  205  191  179  168
  159  151  143  138  134  133  134  137  140  142  142  143  147  153  163  174
  184  194  206  220  238  258  276  292  306  318  329  341  352  362  373  382
  387  390  391  390  393  406  422  441  446                                   
    22.5-180.0 180.0   5.0 450.0                            LAT/LON1/LON2/DLON/H
  469  487  486  492  487  480  464  445  427  410  395  382  368  348  325  299
  274  253  239  229  224  226  232  240  246  245  238  224  209  193  177  163
  150  139  132  127  126  127  131  134  137  138  139  140  142  147  154  163
  173  184  196  212  232  253  273  290  305  318  331  344  357  371  385  398
  406  411  412  412  413  424  441  460  469                                   
    20.0-180.0 180.0   5.0 450.0                            LAT/LON1/LON2/DLON/H
  483  502  509  524  526  526  516  498  477  454  433  414  395  373  346  317
  288  265  248  238  235  237  245  254  258  255  243  225  206  188  170  153
  138  127  120  118  120  124  128  132  133  134  134  135  136  138  144  152
  162  174  188  206  228  250  271  288  302  315  328  342  358  375  393  409
  421  428  431  431  430  437  454  472  483                                   
    17.5-180.0 180.0   5.0 450.0                            LAT/LON1/LON2/DLON/H
  485  503  517  539  549  557  555  542  522  496  470  447  424  399  370  338
  306  280  262  251  248  251  258  265  266  257  240  218  197  178  159  142
  127  116  111  112  117  123  127  129  130  130  130  130  130  131  134  140
  151  165  182  203  226  250  270  287  301  313  325  340  357  376  397  417
  433  442  446  447  443  446  461  476  485                                   
    15.0-180.0 180.0   5.0 450.0                            LAT/LON1/LON2/DLON/H
  479  493  509  534  551  567  572  567  551  527  500  475  450  424  394  360
  327  299  280  268  264  265  269  271  265  250  228  204  183  164  147  131
  118  109  107  111  117  123  127  128  127  127  127  127  126  125  125  131
  141  158  178  201  226  251  271  288  300  312  325  340  358  379  401  423
  441  453  458  459  453  452  464  476  479                                   
    12.5-180.0 180.0   5.0 450.0                            LAT/LON1/LON2/DLON/H
  470  477  490  513  533  552  564  567  558  539  516  492  468  442  413  380
  347  319  299  287  281  278  275  270  256  234  208  184  165  150  136  124
  113  108  108  113  120  126  128  127  125  125  125  125  123  120  118  123
  134  152  174  200  226  251  272  288  302  314  328  344  363  384  407  429
  448  460  466  468  460  456  466  475  470                                   
    10.0-180.0 180.0   5.0 450.0                            LAT/LON1/LON2/DLON/H
  462  461  469  484  503  521  534  542  541  529  512  493  473  450  423  392
  361  335  316  303  293  285  274  260  239  212  185  163  148  138  129  121
  115  112  114  119  125  129  128  126  123  123  124  124  121  116  113  116
  128  147  171  197  224  250  271  289  305  319  335  353  373  394  416  437
  454  467  473  475  467  461  470  477  462                                   
     7.5-180.0 180.0   5.0 450.0                            LAT/LON1/LON2/DLON/H
  459  453  453  457  471  483  494  503  506  501  491  478  462  443  420  393
  366  342  325  311  298  283  265  242  215  187  162  144  134  130  127  123
