data/edconvlstm_nd/pred1160.15i
     1.0            IONOSPHERE MAPS     GNSS                IONEX VERSION / TYPE
pyspatialgeodesy        IME             05-JAN-18 20:20     PGM / RUN BY / DATE 
Map Name                                                    COMMENT             
Predicted global ionosphere maps (GIM).                     DESCRIPTION         
  2015     4    26     0     0     0                        EPOCH OF FIRST MAP  
  2015     4    27     0     0     0                        EPOCH OF LAST MAP   
  7200                                                      INTERVAL            
    13                                                      # OF MAPS IN FILE   
  NONE                                                      MAPPING FUNCTION    
10.0                                                        ELEVATION CUTOFF    
One-way carrier phase leveled to code                       OBSERVABLES USED    
  6371.0                                                    BASE RADIUS         
 2                                                          MAP DIMENSION       
   450.0 450.0   0.0                                        HGT1 / HGT2 / DHGT  
    87.5 -87.5  -2.5                                        LAT1 / LAT2 / DLAT  
  -180.0 180.0   5.0                                        LON1 / LON2 / DLON  
    -1                                                      EXPONENT            
                                                            END OF HEADER       
[from data line 429]
     2                                                      START OF TEC MAP    
  2015     4    26     2     0     0                        EPOCH OF CURRENT MAP
    87.5-180.0 180.0   5.0 450.0                            LAT/LON1/LON2/DLON/H
  244  248  248  244  244  242  239  238  239  238  239  239  239  239  238  238
  238  237  237  236  236  235  234  233  231  230  229  227  226  225  223  222
  222  221  221  221  221  221  222  223  224  225  226  228  229  231  232  234
  235  236  237  238  239  240  240  241  241  241  241  241  241  240  240  240
  240  241  241  245  247  247  240  252  244                                   
    85.0-180.0 180.0   5.0 450.0                            LAT/LON1/LON2/DLON/H
  254  250  242  243  248  246  244  244  244  244  244  245  245  245  245  245
  245  244  244  243  242  241  239  237  236  233  231  229  227  225  223  222
  220  220  219  220  220  221  222  224  225  227  229  231  234  236  238  240
  242  244  245  247  248  249  250  250  250  251  251  250  250  249  249  249
  249  250  249  254  249  250  248  256  254                                   
    82.5-180.0 180.0   5.0 450.0                            LAT/LON1/LON2/DLON/H
  256  249  245  244  248  246  244  245  248  249  250  251  253  254  255  255
  255  255  254  252  250  248  245  241  237  233  229  225  221  217  214  211
  210  209  208  209  210  211  213  216  218  221  225  228  231  235  238  241
  244  247  249  251  253  255  256  257  257  257  257  257  256  256  255  255
  254  254  252  254  254  248  250  243  256                                   
    80.0-180.0 180.0   5.0 450.0                            LAT/LON1/LON2/DLON/H
  246  246  239  237  240  240  242  245  249  251  253  257  260  262  264  265
  265  265  264  262  259  255  250  245  239  233  227  221  215  210  206  202
  200  199  199  200  201  204  207  210  214  217  221  225  229  234  238  241
  245  249  252  255  257  259  261  262  262  263  263  262  262  261  260  260
  259  257  253  252  254  248  253  241  246                                   
    77.5-180.0 180.0   5.0 450.0                            LAT/LON1/LON2/DLON/H
  244  239  236  235  236  237  241  244  249  252  257  262  266  270  273  275
  275  275  273  271  267  262  256  249  242  234  226  218  211  204  199  195
  193  191  192  193  195  198  201  205  209  213  218  222  226  231  235  239
  244  248  252  256  259  262  264  266  267  267  267  267  266  265  265  265
  264  263  258  255  257  252  249  244  244                                   
    75.0-180.0 180.0   5.0 450.0                            LAT/LON1/LON2/DLON/H
  245  241  238  237  236  237  240  244  250  254  259  265  270  274  277  279
  280  279  277  275  271  266  259  252  244  235  226  217  208  201  195  191
  188  187  187  188  191  194  198  202  205  209  213  217  221  225  230  235
  240  245  250  255  260  263  266  268  270  271  271  271  270  270  270  270
  270  270  266  260  260  257  255  253  245                                   
    72.5-180.0 180.0   5.0 450.0                            LAT/LON1/LON2/DLON/H
  246  246  244  241  238  237  240  244  249  254  259  265  270  272  274  274
  274  272  270  268  264  260  255  248  240  231  222  213  204  196  190  186
  183  181  181  183  185  188  191  195  198  201  204  207  211  215  220  225
  231  238  244  250  256  261  264  267  269  270  271  271  271  270  271  272
  273  274  272  269  267  262  261  261  246                                   
    70.0-180.0 180.0   5.0 450.0                            LAT/LON1/LON2/DLON/H
  254  252  250  247  241  239  240  243  249  253  258  263  266  267  267  265
  262  260  257  255  253  250  246  240  233  225  216  207  198  190  184  179
  175  174  173  174  176  178  181  183  186  188  191  193  197  201  206  213
  220  229  237  245  252  258  263  266  269  270  271  271  271  271  272  273
  275  276  276  275  275  270  270  271  254                                   
    67.5-180.0 180.0   5.0 450.0                            LAT/LON1/LON2/DLON/H
  263  260  257  253  246  241  241  243  248  252  257  261  263  262  259  255
  250  246  243  242  240  239  236  232  225  218  209  200  192  184  178  173
  168  165  164  163  164  165  167  169  171  173  175  178  181  186  192  201
  210  220  230  240  249  257  262  267  270  272  273  274  274  273  273  275
  276  278  278  277  278  274  275  279  263                                   
    65.0-180.0 180.0   5.0 450.0                            LAT/LON1/LON2/DLON/H
  271  266  263  257  249  242  240  241  246  250  255  259  259  257  252  245
  239  234  231  229  229  228  225  221  216  208  200  192  184  177  171  165
  159  155  152  149  149  149  151  153  155  157  159  162  166  172  180  189
  201  213  226  237  248  256  263  269  273  276  278  279  279  278  277  277
  277  278  277  277  278  276  278  282  271                                   
    62.5-180.0 180.0   5.0 450.0                            LAT/LON1/LON2/DLON/H
  278  273  268  261  253  243  239  239  243  247  252  256  257  254  248  241
  235  229  225  223  222  221  218  213  207  199  191  184  177  171  165  159
  152  146  141  137  135  135  137  139  141  143  146  149  155  162  171  183
  196  210  225  238  249  259  268  274  280  284  287  288  288  287  286  284
  282  280  279  277  276  275  278  281  278                                   
    60.0-180.0 180.0   5.0 450.0                            LAT/LON1/LON2/DLON/H
  285  280  274  264  257  245  237  236  240  244  249  253  254  252  248  241
  235  230  226  223  221  218  214  208  200  192  184  178  173  168  163  156
  148  140  133  128  125  125  126  129  131  134  137  142  148  156  167  180
  195  211  226  240  253  264  273  281  288  294  298  301  302  301  299  296
  292  287  283  279  276  274  278  280  285                                   
    57.5-180.0 180.0   5.0 450.0                            LAT/LON1/LON2/DLON/H
  294  290  283  271  264  249  240  235  237  240  244  249  251  251  248  244
  240  235  231  227  223  218  212  204  196  187  181  176  173  169  165  158
  149  139  131  125  122  121  122  125  128  130  134  139  146  156  168  182
  198  214  230  244  257  269  279  289  298  305  311  316  318  317  316  313
  307  300  294  287  281  278  280  282  294                                   
    55.0-180.0 180.0   5.0 450.0                            LAT/LON1/LON2/DLON/H
  307  305  296  283  276  260  248  241  240  239  241  245  248  249  249  248
  246  242  238  232  226  220  212  203  195  187  182  179  177  175  171  164
  154  143  134  127  124  124  125  127  129  132  135  141  149  159  172  187
  203  219  234  249  262  274  286  297  307  317  325  331  335  337  336  334
  328  321  313  302  294  288  290  293  307                                   
    52.5-180.0 180.0   5.0 450.0                            LAT/LON1/LON2/DLON/H
  324  326  316  303  295  279  266  255  249  245  243  243  245  247  249  251
  250  248  242  236  229  221  213  205  198  192  188  186  186  184  180  172
  161  150  141  135  133  133  134  135  136  137  140  146  154  166  179  194
  210  225  240  254  267  280  292  305  317  328  337  345  351  354  356  356
  352  347  339  326  315  308  308  312  324                                   
    50.0-180.0 180.0   5.0 450.0                            LAT/LON1/LON2/DLON/H
  347  351  342  331  321  306  292  278  268  258  251  247  245  247  250  252
  253  250  244  236  229  222  216  210  204  200  197  197  196  195  189  180
  169  158  150  146  144  145  146  145  145  145  147  153  162  174  189  204
  219  233  247  261  274  287  300  313  325  336  346  354  360  365  369  373
  373  372  367  354  343  334  334  339  347                                   
    47.5-180.0 180.0   5.0 450.0                            LAT/LON1/LON2/DLON/H
  374  380  372  364  353  340  326  310  296  280  267  257  252  250  252  253
  253  248  242  234  227  222  219  216  213  210  209  208  206  203  196  186
  174  164  158  156  157  158  159  157  154  153  155  161  171  184  199  214
  228  242  256  270  284  297  310  322  333  343  352  359  364  369  375  382
  387  391  390  381  372  364  365  371  374                                   
    45.0-180.0 180.0   5.0 450.0                            LAT/LON1/LON2/DLON/H
  403  407  402  396  385  375  363  346  329  309  291  275  265  259  258  256
  253  247  239  231  226  224  224  224  223  221  219  216  213  207  198  187
  176  168  165  166  169  171  170  167  163  160  162  169  180  194  209  224
  238  253  267  282  296  310  322  334  343  352  358  363  367  372  378  387
  396  404  408  404  399  393  396  404  403                                   
    42.5-180.0 180.0   5.0 450.0                            LAT/LON1/LON2/DLON/H
  427  429  425  423  413  406  395  380  363  341  319  300  286  276  269  263
  256  247  238  232  229  230  232  233  232  229  225  221  214  207  197  186
  177  172  172  176  181  183  181  176  170  167  168  176  188  202  218  233
  248  263  278  295  311  325  338  348  357  363  368  371  374  379  385  394
  405  415  423  423  423  420  427  434  427                                   
    40.0-180.0 180.0   5.0 450.0                            LAT/LON1/LON2/DLON/H
  447  444  440  439  432  428  419  407  392  371  349  328  311  298  286  275
  264  253  244  239  238  239  242  242  240  235  229  222  214  206  197  189
  182  180  183  188  194  195  192  185  178  174  175  182  194  209  224  240
  255  271  289  307  325  341  354  364  372  377  381  385  389  393  400  409
  420  430  439  442  445  447  454  460  447                                   
    37.5-180.0 180.0   5.0 450.0                            LAT/LON1/LON2/DLON/H
  465  457  450  447  444  440  433  424  412  394  374  355  338  322  307  292
  277  264  255  252  252  253  254  251  246  239  231  224  217  211  205  200
  197  198  202  207  210  210  204  195  187  182  182  189  199  212  227  242
  258  275  295  315  336  354  368  379  387  393  399  404  410  417  426  436
  446  456  464  467  469  477  482  486  465                                   
    35.0-180.0 180.0   5.0 450.0                            LAT/LON1/LON2/DLON/H
  487  476  464  456  453  449  440  432  423  409  394  378  362  346  328  309
  292  279  272  270  270  269  266  260  252  244  237  233  229  226  224  224
  224  226  230  232  232  227  218  208  198  191  190  194  202  212  224  238
  254  273  295  318  340  361  378  391  401  409  418  428  439  452  466  479
  490  498  505  504  506  514  515  516  487                                   
    32.5-180.0 180.0   5.0 450.0                            LAT/LON1/LON2/DLON/H
  520  508  491  475  470  462  448  439  431  420  409  397  383  366  346  326
  307  295  289  287  287  283  276  267  259  254  252  252  253  254  257  260
  263  265  265  263  256  247  235  222  210  202  198  198  201  206  216  228
  245  265  287  312  337  360  379  396  409  422  436  452  471  492  514  533
  548  558  564  558  558  565  558  557  520                                   
    30.0-180.0 180.0   5.0 450.0                            LAT/LON1/LON2/DLON/H
  569  559  538  514  503  490  470  456  445  435  424  413  400  382  360  338
  319  307  302  300  298  292  283  275  271  271  276  282  288  294  300  306
  310  311  306  296  282  267  251  236  222  212  204  199  197  198  204  215
  231  252  275  301  327  351  374  394  413  431  451  474  502  532  562  588
  609  623  630  621  623  628  613  610  569                                   
    27.5-180.0 180.0   5.0 450.0                            LAT/LON1/LON2/DLON/H
  634  630  610  580  562  544  516  495  479  464  450  436  418  397  372  348
  328  315  308  305  300  293  287  284  288  298  311  323  333  342  349  356
  360  356  345  327  305  283  264  246  231  218  207  197  190  187  190  201
  218  239  264  290  317  343  369  394  417  442  468  498  533  571  608  639
  664  682  689  683  686  692  679  676  634                                   
    25.0-180.0 180.0   5.0 450.0                            LAT/LON1/LON2/DLON/H
  709  714  700  668  642  622  589  560  536  515  494  471  446  418  388  359
  336  319  309  302  296  291  290  297  311  331  352  370  382  391  398  403
  404  395  376  349  319  292  269  250  233  218  204  192  182  176  178  188
  206  230  256  283  311  339  367  396  425  455  487  523  563  605  646  681
  709  729  739  736  741  750  749  750  709                                   
    22.5-180.0 180.0   5.0 450.0                            LAT/LON1/LON2/DLON/H
  784  798  791  760  729  709  676  644  614  586  556  524  488  451  413  378
  349  326  309  296  289  288  296  314  340  370  396  415  426  431  434  435
  430  415  388  354  319  288  263  242  225  209  194  181  170  164  165  177
  197  223  252  281  311  340  371  404  437  470  505  543  584  628  670  706
  736  759  772  776  784  796  813  819  784                                   
    20.0-180.0 180.0   5.0 450.0                            LAT/LON1/LON2/DLON/H
  848  869  869  839  807  790  762  730  700  668  631  590  545  498  453  411
  374  342  315  297  288  292  308  337  372  407  434  449  452  449  444  439
  428  408  376  338  301  270  246  225  208  192  179  166  156  151  154  167
  190  220  252  284  317  349  383  418  454  489  524  561  599  639  678  712
  743  767  783  795  808  820  853  867  848                                   
    17.5-180.0 180.0   5.0 450.0                            LAT/LON1/LON2/DLON/H
  889  910  918  890  862  852  831  804  776  745  706  660  609  556  506  459
  414  372  336  310  300  307  330  366  404  437  456  458  448  435  422  411
  396  373  341  304  270  242  220  202  186  172  160  150  142  138  143  159
  185  218  254  291  326  363  400  437  473  508  542  575  609  644  678  709
  736  759  778  796  810  822  863  887  889                                   
    15.0-180.0 180.0   5.0 450.0                            LAT/LON1/LON2/DLON/H
  905  918  931  908  887  885  872  853  830  803  767  722  670  618  567  517
  467  417  372  340  328  336  362  397  430  449  450  435  412  390  372  358
  342  320  291  261  233  210  192  177  163  151  142  135  129  128  135  153
  181  217  256  296  335  375  415  453  489  522  554  586  617  647  676  703
  727  748  767  786  799  812  852  885  905                                   
    12.5-180.0 180.0   5.0 450.0                            LAT/LON1/LON2/DLON/H
  904  906  919  900  886  889  883  870  854  833  803  763  717  670  623  577
  526  472  421  385  371  378  400  425  439  435  415  385  355  330  312  298
  283  264  241  218  198  181  168  155  144  135  128  124  122  123  130  148
  176  213  254  296  338  380  422  461  495  527  558  588  618  646  672  695
  717  735  753  772  784  798  832  872  904                                   
    10.0-180.0 180.0   5.0 450.0                            LAT/LON1/LON2/DLON/H
  896  891  900  882  872  876  871  861  850  834  810  778  740  701  663  623
  577  525  476  439  423  425  435  438  425  395  357  321  293  272  257  246
  233  218  202  185  172  160  150  141  132  125  122  120  119  121  127  143
  169  205  246  289  333  377  420  459  493  523  553  583  613  641  666  687
  706  722  740  758  769  785  816  859  896                                   
     7.5-180.0 180.0   5.0 450.0                            LAT/LON1/LON2/DLON/H
  889  880  885  866  856  857  848  836  825  811  792  766  735  704  675  644
  608  565  522  489  472  464  454  429  388  338  293  261  241  229  220  211
