data/edconvlstm_nd/pred3410.15i
     1.0            IONOSPHERE MAPS     GNSS                IONEX VERSION / TYPE
pyspatialgeodesy        IME             05-JAN-18 20:20     PGM / RUN BY / DATE 
Map Name                                                    COMMENT             
Predicted global ionosphere maps (GIM).                     DESCRIPTION         
  2015    12     7     0     0     0                        EPOCH OF FIRST MAP  
  2015    12     8     0     0     0                        EPOCH OF LAST MAP   
  7200                                                      INTERVAL            
    13                                                      # OF MAPS IN FILE   
  NONE                                                      MAPPING FUNCTION    
10.0                                                        ELEVATION CUTOFF    
One-way carrier phase leveled to code                       OBSERVABLES USED    
  6371.0                                                    BASE RADIUS         
 2                                                          MAP DIMENSION       
   450.0 450.0   0.0                                        HGT1 / HGT2 / DHGT  
    87.5 -87.5  -2.5                                        LAT1 / LAT2 / DLAT  
  -180.0 180.0   5.0                                        LON1 / LON2 / DLON  
    -1                                                      EXPONENT            
                                                            END OF HEADER       
[from data line 4290]
    11                                                      START OF TEC MAP    
  2015    12     7    20     0     0                        EPOCH OF CURRENT MAP
    87.5-180.0 180.0   5.0 450.0                            LAT/LON1/LON2/DLON/H
   68   66   59   60   65   61   60   56   57   59   59   60   61   62   63   63
   64   64   64   64   64   63   63   62   62   61   60   60   59   58   58   57
   56   56   55   55   54   54   54   53   53   53   53   54   54   54   55   55
   56   56   56   57   57   58   58   58   58   58   58   58   58   57   57   56
   56   55   52   48   53   53   72   81   68                                   
    85.0-180.0 180.0   5.0 450.0                            LAT/LON1/LON2/DLON/H
   70   64   72   54   54   57   55   57   57   60   59   61   62   63   64   66
   66   67   68   68   68   68   68   67   67   66   65   65   64   63   62   61
   60   59   58   57   56   55   54   54   53   53   53   53   53   54   54   55
   56   56   57   57   58   58   59   59   59   59   59   59   59   58   58   57
   57   56   51   47   52   54   61   56   70                                   
    82.5-180.0 180.0   5.0 450.0                            LAT/LON1/LON2/DLON/H
   47   48   50   42   46   47   48   49   50   53   54   57   59   61   63   64
   65   66   67   67   67   67   67   66   65   65   64   63   62   61   59   58
   57   55   54   52   51   49   48   47   46   45   45   45   45   46   46   47
   48   49   50   51   52   53   54   54   54   54   54   54   53   53   52   51
   50   48   44   42   49   58   53   51   47                                   
    80.0-180.0 180.0   5.0 450.0                            LAT/LON1/LON2/DLON/H
   25   30   38   32   35   33   38   39   43   46   49   53   56   59   61   63
   65   66   67   67   66   66   65   64   63   62   61   60   59   58   57   56
   54   52   50   48   46   44   42   40   39   38   38   38   39   40   41   42
   44   46   47   49   50   51   52   53   53   53   53   52   51   50   48   47
   45   44   41   40   40   46   40   46   25                                   
    77.5-180.0 180.0   5.0 450.0                            LAT/LON1/LON2/DLON/H
   33   31   31   26   30   29   34   36   40   43   47   53   57   62   65   68
   70   71   71   71   70   69   68   66   65   63   62   61   60   59   58   56
   54   52   50   47   44   40   38   35   33   32   31   31   32   34   35   38
   40   43   45   48   50   51   52   53   53   53   52   51   50   48   47   44
   43   41   38   37   36   38   36   44   33                                   
    75.0-180.0 180.0   5.0 450.0                            LAT/LON1/LON2/DLON/H
   25   28   28   24   29   29   33   36   42   47   52   59   64   69   73   76
   78   78   78   77   75   73   71   69   67   65   64   63   63   62   62   61
   59   57   54   51   47   43   40   37   34   33   32   33   34   36   38   41
   44   47   49   52   53   55   55   56   56   56   55   54   52   51   49   47
   46   45   43   41   39   37   33   33   25                                   
    72.5-180.0 180.0   5.0 450.0                            LAT/LON1/LON2/DLON/H
   36   34   33   32   32   32   37   38   43   48   54   61   67   72   76   79
   80   80   79   77   74   71   68   65   62   60   59   58   58   58   58   58
   57   55   52   48   44   40   35   32   29   27   27   27   29   31   34   37
   40   43   45   47   48   49   50   50   50   49   48   48   46   45   44   43
   41   40   39   35   34   35   34   38   36                                   
    70.0-180.0 180.0   5.0 450.0                            LAT/LON1/LON2/DLON/H
   39   39   40   38   39   38   42   45   51   57   64   71   78   83   87   89
   90   90   88   85   82   78   74   69   66   63   61   60   60   61   61   61
   61   59   56   52   47   42   38   34   31   30   30   31   33   35   38   41
   44   46   48   48   49   49   49   48   48   48   47   47   46   46   45   45
   44   44   44   42   42   43   45   49   39                                   
    67.5-180.0 180.0   5.0 450.0                            LAT/LON1/LON2/DLON/H
   48   48   47   46   47   46   50   53   59   64   72   79   86   91   94   96
   97   96   94   90   86   81   75   69   64   60   57   56   56   56   57   57
   57   55   52   48   43   38   34   31   28   28   28   30   32   35   38   41
   42   44   44   44   43   43   42   42   41   41   42   42   42   42   43   43
   43   43   42   40   40   44   44   49   48                                   
    65.0-180.0 180.0   5.0 450.0                            LAT/LON1/LON2/DLON/H
   50   52   52   53   52   52   56   60   67   73   81   89   95  100  103  105
  105  104  102   99   94   88   80   73   65   59   55   53   52   52   52   52
   52   50   46   42   37   33   29   27   26   26   28   30   33   35   38   39
   40   40   39   38   37   35   35   34   34   35   36   37   39   40   41   42
   43   44   45   44   45   49   50   55   50                                   
    62.5-180.0 180.0   5.0 450.0                            LAT/LON1/LON2/DLON/H
   53   56   55   57   57   58   62   66   73   80   88   95  102  106  110  112
  113  113  111  108  102   95   85   75   65   57   51   47   45   44   44   44
   43   41   38   34   29   26   23   22   22   23   26   28   31   34   36   36
   36   34   33   31   29   28   27   27   28   29   31   33   35   37   39   40
   41   42   42   42   42   45   46   52   53                                   
    60.0-180.0 180.0   5.0 450.0                            LAT/LON1/LON2/DLON/H
   55   57   57   60   59   60   65   70   78   85   94  101  107  112  116  119
  121  122  121  118  112  103   91   79   66   55   47   41   38   37   37   37
   35   33   29   26   22   20   18   18   19   21   24   27   30   32   32   32
   30   28   26   24   22   21   20   21   22   24   26   29   32   34   37   39
   39   40   40   40   40   43   44   51   55                                   
    57.5-180.0 180.0   5.0 450.0                            LAT/LON1/LON2/DLON/H
   56   58   60   64   64   66   71   76   84   92  100  108  114  118  123  127
  131  133  133  130  123  113   99   84   69   56   46   40   36   35   34   33
   32   29   26   23   20   18   18   18   20   23   26   29   31   32   32   30
   28   25   22   20   19   18   18   19   21   23   26   29   32   35   37   39
   40   40   40   39   39   41   42   49   56                                   
    55.0-180.0 180.0   5.0 450.0                            LAT/LON1/LON2/DLON/H
   61   64   67   72   73   74   79   85   93  101  109  115  121  126  131  136
  141  145  146  142  134  122  107   90   74   60   49   42   38   37   36   35
   33   31   28   25   23   22   22   23   25   28   31   33   35   34   33   30
   27   24   22   20   19   19   20   22   24   26   29   32   35   37   40   42
   42   43   42   41   40   41   42   50   61                                   
    52.5-180.0 180.0   5.0 450.0                            LAT/LON1/LON2/DLON/H
   68   73   79   84   86   88   93   98  105  113  119  125  129  134  139  146
  152  156  157  153  144  131  115   98   82   68   57   50   46   44   43   42
   40   38   35   33   32   31   32   34   36   38   40   41   41   40   37   34
   31   29   27   26   25   26   27   28   30   33   35   37   39   42   44   46
   46   47   48   47   45   46   46   56   68                                   
    50.0-180.0 180.0   5.0 450.0                            LAT/LON1/LON2/DLON/H
   80   87   96  101  104  107  111  116  122  129  133  137  140  144  150  156
  163  167  167  162  153  140  125  109   94   81   70   63   58   56   54   53
   51   49   47   46   46   46   47   48   50   51   52   51   50   47   44   41
   39   37   36   36   35   36   37   38   40   42   43   44   45   47   49   51
   52   54   56   56   54   55   56   66   80                                   
    47.5-180.0 180.0   5.0 450.0                            LAT/LON1/LON2/DLON/H
   94  105  116  122  125  128  132  137  142  147  150  152  154  157  161  168
  173  176  175  170  160  148  135  122  109   97   87   79   74   70   67   65
   63   62   61   61   62   62   63   64   64   64   63   62   59   56   54   51
   50   49   49   49   49   49   49   50   51   51   51   51   51   52   54   57
   58   62   65   66   66   68   70   80   94                                   
    45.0-180.0 180.0   5.0 450.0                            LAT/LON1/LON2/DLON/H
  109  122  136  142  146  150  153  158  162  167  168  169  170  171  174  179
  183  184  182  176  167  158  147  137  127  116  106   97   89   83   78   74
   72   71   72   74   76   77   77   77   76   75   73   71   68   65   63   62
   62   63   63   62   62   61   61   61   60   59   58   57   56   57   58   61
   63   68   73   76   77   82   86   96  109                                   
    42.5-180.0 180.0   5.0 450.0                            LAT/LON1/LON2/DLON/H
  120  136  152  159  164  169  172  177  180  184  186  186  186  186  188  191
  192  192  188  182  175  168  161  154  145  135  124  112  101   91   84   79
   77   77   79   83   86   88   87   86   84   82   79   77   75   73   72   73
   73   74   74   74   72   71   70   69   67   65   63   61   60   60   62   64
   67   72   78   84   87   94  101  110  120                                   
    40.0-180.0 180.0   5.0 450.0                            LAT/LON1/LON2/DLON/H
  127  145  161  170  177  181  185  190  194  199  200  201  201  201  201  202
  201  198  194  188  183  179  175  169  162  151  137  122  107   95   85   79
   78   79   83   88   92   94   93   91   88   85   83   81   80   79   79   80
   82   82   82   80   78   76   75   73   71   69   66   64   63   63   64   66
   68   73   80   87   91  101  110  120  127                                   
    37.5-180.0 180.0   5.0 450.0                            LAT/LON1/LON2/DLON/H
  129  148  164  175  182  188  193  199  203  209  211  213  213  213  213  212
  209  205  201  197  193  191  188  183  174  161  145  127  110   96   85   80
   79   82   87   93   97   99   97   94   90   88   86   85   84   83   84   85
   86   86   84   82   79   77   76   74   72   70   68   66   65   64   65   66
   68   72   78   86   91  103  114  125  129                                   
    35.0-180.0 180.0   5.0 450.0                            LAT/LON1/LON2/DLON/H
  129  148  163  175  184  190  197  203  209  215  220  223  224  224  223  220
  217  213  210  207  205  202  198  191  180  165  147  129  112   98   89   85
   86   90   96  102  105  105  103   98   94   91   89   88   88   87   88   88
   88   86   83   79   77   75   75   74   73   71   69   67   66   66   66   66
   67   70   75   82   88  101  113  126  129                                   
    32.5-180.0 180.0   5.0 450.0                            LAT/LON1/LON2/DLON/H
  128  147  162  175  185  191  199  206  213  220  226  230  232  232  231  228
  224  221  218  217  215  211  204  194  181  165  148  132  118  108  103  102
  104  109  114  118  120  117  112  106  100   97   95   94   93   92   91   90
   88   84   79   75   73   73   74   75   75   73   71   69   68   67   67   66
   66   67   72   79   84   99  111  125  128                                   
    30.0-180.0 180.0   5.0 450.0                            LAT/LON1/LON2/DLON/H
  131  151  166  178  189  194  203  210  218  225  231  236  239  239  237  233
  230  227  226  225  222  216  206  193  179  165  153  142  135  131  130  132
  136  140  143  144  142  135  127  119  112  108  106  104  102   99   97   93
   88   82   76   72   71   73   76   79   79   77   75   72   71   69   68   67
   66   67   71   77   83   98  111  126  131                                   
    27.5-180.0 180.0   5.0 450.0                            LAT/LON1/LON2/DLON/H
  140  162  177  189  200  205  213  218  225  231  237  242  245  245  242  238
  234  233  232  231  226  217  204  191  179  170  165  163  163  167  172  177
  181  183  182  178  170  159  147  137  129  123  120  117  113  109  104   99
   91   83   76   73   73   77   82   85   86   84   80   77   74   72   71   69
   67   68   73   79   86  101  117  130  140                                   
    25.0-180.0 180.0   5.0 450.0                            LAT/LON1/LON2/DLON/H
  154  178  197  208  219  224  231  234  238  241  246  249  252  251  247  242
  238  236  236  233  226  215  202  191  185  184  188  196  205  216  225  232
  235  233  226  215  201  185  170  157  147  141  136  131  126  120  114  106
   98   88   81   77   79   85   91   95   95   92   87   83   79   76   74   73
   71   73   78   85   93  110  128  140  154                                   
    22.5-180.0 180.0   5.0 450.0                            LAT/LON1/LON2/DLON/H
  173  200  221  232  245  252  256  256  256  256  257  259  260  257  252  246
  241  239  237  232  224  213  203  199  201  210  224  240  257  272  283  289
  289  280  266  248  228  208  190  176  166  158  152  145  138  131  124  116
  106   97   89   87   90   97  103  106  105  100   94   89   84   80   78   77
   76   79   86   95  105  124  143  154  173                                   
    20.0-180.0 180.0   5.0 450.0                            LAT/LON1/LON2/DLON/H
  194  223  247  259  274  282  286  284  280  276  274  272  270  266  259  251
  245  241  237  231  223  215  211  216  228  248  270  292  311  326  335  337
  330  315  294  270  246  224  206  191  180  172  164  156  148  140  133  125
  116  107  100   98  102  109  115  117  114  107  100   93   88   83   81   80
   80   86   95  107  119  140  162  172  194                                   
    17.5-180.0 180.0   5.0 450.0                            LAT/LON1/LON2/DLON/H
  214  245  271  283  301  311  316  313  307  301  295  290  284  277  268  259
  251  244  238  232  226  223  228  243  267  294  321  344  361  370  372  366
  352  330  305  277  252  231  214  201  190  181  172  163  154  146  140  133
  125  116  110  109  113  120  125  125  120  111  103   95   89   85   82   82
   84   92  103  118  133  156  180  190  214                                   
    15.0-180.0 180.0   5.0 450.0                            LAT/LON1/LON2/DLON/H
  229  261  289  303  324  336  343  340  334  327  319  311  303  293  282  270
  260  251  244  238  235  240  255  280  313  346  373  390  397  395  386  371
  350  325  298  271  249  231  217  206  196  187  176  165  156  149  144  139
  132  124  118  117  121  127  131  129  122  112  102   95   89   85   82   83
   86   97  110  127  144  170  196  207  229                                   
    12.5-180.0 180.0   5.0 450.0                            LAT/LON1/LON2/DLON/H
  240  272  301  317  341  354  363  361  358  351  343  334  324  312  299  286
  274  264  256  252  254  266  290  324  363  396  417  422  416  401  381  358
  332  306  281  259  241  228  218  210  201  190  178  166  156  150  146  142
  136  129  123  122  125  130  133  129  121  110  100   93   88   84   82   83
   87  100  115  134  153  181  207  219  240                                   
    10.0-180.0 180.0   5.0 450.0                            LAT/LON1/LON2/DLON/H
  245  279  308  325  351  366  377  377  376  372  365  357  346  334  320  305
  293  282  276  274  281  300  332  372  411  438  447  438  417  390  362  335
  309  285  264  247  236  228  223  216  207  194  180  167  157  151  149  146
  140  133  127  125  127  131  132  127  118  106   97   90   87   84   82   83
   87  101  118  138  158  187  214  227  245                                   
     7.5-180.0 180.0   5.0 450.0                            LAT/LON1/LON2/DLON/H
  249  282  311  329  357  372  386  388  390  389  384  377  367  355  341  327
  315  307  302  304  316  340  376  416  450  465  460  438  407  374  343  315
