data/edconvlstm_nd/pred3570.15i
     1.0            IONOSPHERE MAPS     GNSS                IONEX VERSION / TYPE
pyspatialgeodesy        IME             05-JAN-18 20:20     PGM / RUN BY / DATE 
Map Name                                                    COMMENT             
Predicted global ionosphere maps (GIM).                     DESCRIPTION         
  2015    12    23     0     0     0                        EPOCH OF FIRST MAP  
  2015    12    24     0     0     0                        EPOCH OF LAST MAP   
  7200                                                      INTERVAL            
    13                                                      # OF MAPS IN FILE   
  NONE                                                      MAPPING FUNCTION    
10.0                                                        ELEVATION CUTOFF    
One-way carrier phase leveled to code                       OBSERVABLES USED    
  6371.0                                                    BASE RADIUS         
 2                                                          MAP DIMENSION       
   450.0 450.0   0.0                                        HGT1 / HGT2 / DHGT  
    87.5 -87.5  -2.5                                        LAT1 / LAT2 / DLAT  
  -180.0 180.0   5.0                                        LON1 / LON2 / DLON  
    -1                                                      EXPONENT            
                                                            END OF HEADER       
[from data line 4290]
    11                                                      START OF TEC MAP    
  2015    12    23    20     0     0                        EPOCH OF CURRENT MAP
    87.5-180.0 180.0   5.0 450.0                            LAT/LON1/LON2/DLON/H
   62   60   56   57   61   58   57   51   53   55   55   56   57   58   59   60
   61   62   63   63   64   64   65   65   65   65   65   65   65   65   65   65
   64   64   64   64   63   63   63   63   63   63   63   64   64   64   65   65
   65   66   66   66   66   66   66   65   65   64   63   63   62   61   60   59
   58   56   51   47   51   51   69   77   62                                   
    85.0-180.0 180.0   5.0 450.0                            LAT/LON1/LON2/DLON/H
   65   61   70   51   51   53   51   51   52   54   54   55   56   57   58   60
   61   62   63   64   64   65   65   66   66   67   67   67   67   67   67   67
   67   67   66   66   66   65   65   65   65   65   65   65   66   67   67   68
   68   69   69   70   70   70   70   69   69   68   67   66   65   64   63   62
   61   58   53   49   53   54   60   54   65                                   
    82.5-180.0 180.0   5.0 450.0                            LAT/LON1/LON2/DLON/H
   43   44   47   38   42   43   43   42   44   45   47   49   51   53   54   56
   58   59   60   61   61   62   63   63   64   64   65   65   65   66   66   66
   65   64   64   63   61   60   59   59   58   58   58   59   60   61   62   63
   65   66   67   68   69   69   69   69   68   67   66   64   63   61   59   57
   56   52   47   44   50   59   53   51   43                                   
    80.0-180.0 180.0   5.0 450.0                            LAT/LON1/LON2/DLON/H
   22   26   34   28   31   29   31   31   34   37   40   43   46   49   52   54
   56   57   58   58   59   59   59   59   59   60   60   61   62   63   63   63
   62   61   60   58   56   54   52   51   50   50   50   52   53   55   58   61
   63   66   68   70   71   72   72   71   70   69   67   65   63   60   58   55
   53   50   46   44   42   48   41   46   22                                   
    77.5-180.0 180.0   5.0 450.0                            LAT/LON1/LON2/DLON/H
   31   29   26   21   24   22   25   26   29   32   36   42   47   51   55   59
   61   63   64   64   64   63   62   62   62   63   63   64   66   67   68   68
   67   66   64   61   57   54   50   47   45   44   44   46   48   51   54   58
   62   66   69   72   74   75   75   74   73   71   69   66   63   60   57   54
   51   48   44   41   39   41   38   45   31                                   
    75.0-180.0 180.0   5.0 450.0                            LAT/LON1/LON2/DLON/H
   22   24   21   18   21   20   22   24   29   34   39   46   52   58   62   66
   68   69   69   68   66   64   62   60   59   59   60   61   63   64   66   66
   66   65   63   59   55   51   47   43   41   40   40   42   45   49   53   58
   63   67   70   73   75   75   75   75   73   71   69   66   64   61   58   56
   53   52   48   45   42   40   36   33   22                                   
    72.5-180.0 180.0   5.0 450.0                            LAT/LON1/LON2/DLON/H
   33   31   28   26   25   23   27   28   32   37   44   51   59   66   71   75
   77   77   75   72   69   65   62   59   56   55   55   56   58   60   62   63
   63   62   60   56   52   47   42   37   34   33   33   35   38   43   47   52
   57   61   64   66   68   68   68   67   66   64   62   60   58   56   54   52
   50   49   45   41   39   39   39   39   33                                   
    70.0-180.0 180.0   5.0 450.0                            LAT/LON1/LON2/DLON/H
   34   35   34   32   32   32   34   37   44   50   58   66   74   81   86   90
   91   89   86   82   76   71   65   61   57   54   53   53   54   56   58   60
   61   60   58   55   50   45   40   36   33   32   33   35   38   43   47   52
   56   59   61   62   63   63   62   61   60   59   58   57   56   55   55   54
   53   52   51   47   47   48   51   51   34                                   
    67.5-180.0 180.0   5.0 450.0                            LAT/LON1/LON2/DLON/H
   43   44   42   43   44   45   49   53   58   65   73   82   91   98  103  106
  106  104   99   93   86   79   72   65   59   55   51   50   50   51   52   54
   55   54   52   49   45   40   35   32   30   30   31   34   37   41   44   48
   50   52   52   53   52   51   51   50   50   49   50   50   50   50   51   51
   51   51   49   46   45   49   49   50   43                                   
    65.0-180.0 180.0   5.0 450.0                            LAT/LON1/LON2/DLON/H
   43   46   46   50   52   56   60   65   72   80   89   98  107  114  120  122
  121  118  113  106   98   89   81   72   64   57   51   47   45   45   45   46
   46   45   43   40   37   33   29   27   27   28   30   33   36   39   41   42
   43   42   42   41   39   38   37   37   38   38   40   41   43   44   46   47
   47   49   48   47   48   53   54   56   43                                   
    62.5-180.0 180.0   5.0 450.0                            LAT/LON1/LON2/DLON/H
   45   50   50   56   61   67   73   78   86   94  103  113  122  130  136  138
  137  134  128  121  113  104   94   84   74   64   55   48   44   41   39   39
   38   36   34   31   28   25   23   23   24   26   29   32   35   36   37   36
   35   33   31   29   28   27   26   27   28   29   32   34   36   38   40   41
   42   43   43   42   42   48   49   52   45                                   
    60.0-180.0 180.0   5.0 450.0                            LAT/LON1/LON2/DLON/H
   44   50   53   60   66   73   81   87   96  104  114  124  134  142  148  151
  151  148  143  136  129  120  110   99   87   75   63   53   46   41   37   34
   32   29   26   23   21   19   18   19   21   24   28   31   33   33   32   30
   27   24   22   20   19   18   18   18   20   22   25   28   30   32   34   35
   35   36   36   36   37   43   45   50   44                                   
    57.5-180.0 180.0   5.0 450.0                            LAT/LON1/LON2/DLON/H
   45   51   55   64   73   81   90   97  106  114  123  133  143  152  159  163
  165  163  159  153  147  139  130  119  105   90   76   64   54   47   41   37
   32   28   23   20   18   17   17   19   22   25   29   32   33   32   29   26
   22   19   17   16   15   14   15   16   18   20   23   26   28   29   31   31
   31   32   32   32   33   39   40   47   45                                   
    55.0-180.0 180.0   5.0 450.0                            LAT/LON1/LON2/DLON/H
   48   55   61   71   81   89   98  106  114  122  131  140  150  159  167  173
  176  175  173  169  164  158  149  138  124  108   92   77   66   58   50   44
   37   31   26   21   19   18   19   21   24   28   31   33   34   32   28   24
   21   18   16   16   15   16   16   17   19   22   24   27   29   30   30   30
   29   29   30   30   31   37   39   47   48                                   
    52.5-180.0 180.0   5.0 450.0                            LAT/LON1/LON2/DLON/H
   55   63   70   81   91   99  109  116  123  130  137  146  155  165  173  180
  184  185  184  182  178  173  166  155  141  124  107   92   80   70   62   54
   46   39   32   27   24   23   24   26   29   32   35   36   36   33   30   26
   23   21   21   21   21   22   22   24   25   27   30   31   33   33   33   33
   32   32   32   33   34   40   42   50   55                                   
    50.0-180.0 180.0   5.0 450.0                            LAT/LON1/LON2/DLON/H
   66   75   84   94  105  114  122  129  135  140  146  152  160  169  178  185
  190  192  192  190  188  185  179  169  155  138  120  105   92   83   74   65
   56   48   40   36   33   32   32   34   36   38   40   41   40   37   34   31
   29   29   30   30   31   32   32   33   34   36   37   38   39   39   39   39
   38   38   39   40   41   47   50   59   66                                   
    47.5-180.0 180.0   5.0 450.0                            LAT/LON1/LON2/DLON/H
   79   90  100  111  122  130  138  144  149  153  157  161  167  175  183  190
  195  197  196  195  194  191  187  178  164  147  129  113  101   91   82   72
   63   55   48   44   42   42   42   42   43   45   46   46   45   43   40   39
   38   39   41   42   43   43   43   43   44   44   45   46   46   46   46   46
   46   47   49   50   52   58   63   70   79                                   
    45.0-180.0 180.0   5.0 450.0                            LAT/LON1/LON2/DLON/H
   93  105  115  127  138  147  154  161  165  169  171  174  178  183  189  195
  199  200  199  197  196  195  191  183  170  153  135  118  104   93   84   74
   65   58   53   51   51   52   52   51   51   51   52   52   51   50   49   48
   48   50   52   53   53   53   52   52   51   52   52   53   53   53   53   54
   55   56   59   61   63   70   77   83   93                                   
    42.5-180.0 180.0   5.0 450.0                            LAT/LON1/LON2/DLON/H
  105  118  129  140  152  162  170  178  182  186  188  190  192  195  199  202
  204  203  200  198  197  196  194  187  174  157  137  119  104   91   80   71
   63   57   55   56   58   60   60   59   58   58   58   59   58   58   57   57
   57   59   60   60   59   58   57   57   57   57   58   58   58   59   60   61
   61   63   66   68   71   80   88   95  105                                   
    40.0-180.0 180.0   5.0 450.0                            LAT/LON1/LON2/DLON/H
  114  127  138  150  162  173  182  192  198  203  206  207  209  210  212  213
  212  209  204  200  199  198  196  190  177  160  139  119  102   87   75   66
   59   56   57   61   65   68   68   66   64   64   64   65   66   65   65   64
   64   64   64   63   61   60   59   59   60   60   61   62   63   63   64   65
   65   67   69   72   76   85   96  103  114                                   
    37.5-180.0 180.0   5.0 450.0                            LAT/LON1/LON2/DLON/H
  118  132  142  156  169  181  192  203  211  218  222  225  227  228  228  227
  223  217  211  206  204  203  200  194  182  164  143  122  103   87   74   65
   60   59   63   69   74   76   76   73   71   70   71   73   73   73   71   70
   68   66   64   62   60   59   59   60   61   62   64   65   65   66   66   67
   67   68   69   72   76   87   98  107  118                                   
    35.0-180.0 180.0   5.0 450.0                            LAT/LON1/LON2/DLON/H
  121  136  146  159  173  186  198  210  221  229  236  241  244  246  246  243
  237  230  222  216  212  210  207  200  188  171  151  130  111   94   82   74
   71   72   77   83   88   89   87   83   80   79   80   81   81   79   77   74
   70   66   62   59   58   57   58   60   62   65   66   68   68   68   68   68
   67   67   68   70   74   86   98  108  121                                   
    32.5-180.0 180.0   5.0 450.0                            LAT/LON1/LON2/DLON/H
  125  140  150  164  179  191  204  216  227  237  246  253  259  262  262  259
  253  245  236  229  224  219  214  206  195  181  164  146  129  115  104   98
   97   99  103  107  109  107  102   96   92   90   90   90   89   86   82   77
   71   66   61   58   57   58   60   63   66   68   69   70   71   70   69   69
   67   67   68   70   74   86   99  109  125                                   
    30.0-180.0 180.0   5.0 450.0                            LAT/LON1/LON2/DLON/H
  133  149  160  172  187  199  211  222  233  242  252  261  269  274  276  274
  267  259  251  243  236  229  221  213  203  194  183  172  160  150  143  139
  138  139  141  141  137  131  122  114  107  104  102  100   97   93   87   80
   73   67   61   59   59   61   65   68   71   72   73   74   74   73   72   71
   69   69   70   72   77   90  105  113  133                                   
    27.5-180.0 180.0   5.0 450.0                            LAT/LON1/LON2/DLON/H
  146  165  177  188  202  213  223  231  240  247  256  265  275  282  286  285
  279  272  264  256  247  237  227  218  212  210  208  206  202  198  195  193
  192  190  186  179  169  157  145  134  125  119  115  111  107  100   93   86
   78   71   66   64   65   68   73   76   77   78   78   78   77   75   74   73
   72   73   75   79   86   99  116  122  146                                   
    25.0-180.0 180.0   5.0 450.0                            LAT/LON1/LON2/DLON/H
  165  187  201  210  225  235  243  248  252  256  261  269  279  287  292  292
  288  281  274  266  255  243  231  223  223  228  237  245  250  253  254  253
  249  241  230  216  199  183  167  154  143  135  129  122  116  109  101   93
   85   79   74   73   74   78   82   84   84   83   82   82   81   79   77   77
   76   80   84   89   98  114  133  137  165                                   
    22.5-180.0 180.0   5.0 450.0                            LAT/LON1/LON2/DLON/H
  188  211  227  236  252  262  269  272  273  272  273  277  285  293  298  298
  294  288  281  273  261  248  236  230  235  249  268  286  299  307  310  308
  300  286  267  245  223  203  186  172  160  150  141  133  125  117  110  102
   95   89   85   83   85   88   90   90   89   87   86   85   84   82   81   81
   82   87   93  102  114  131  154  155  188                                   
    20.0-180.0 180.0   5.0 450.0                            LAT/LON1/LON2/DLON/H
  211  236  253  264  281  293  300  302  301  297  293  293  297  303  307  306
  302  295  288  279  268  254  244  242  252  274  300  325  344  354  357  351
  337  315  289  262  237  217  200  187  174  162  152  143  134  126  118  111
  105   99   95   93   94   95   96   94   92   89   88   87   86   85   84   85
   87   95  103  114  129  149  174  176  211                                   
    17.5-180.0 180.0   5.0 450.0                            LAT/LON1/LON2/DLON/H
  230  258  276  291  309  322  331  334  334  329  323  319  319  321  322  320
  314  306  298  289  277  265  257  260  275  302  333  361  381  389  387  375
  354  326  295  266  241  223  209  197  185  172  161  151  142  133  126  119
  113  108  104  101   99   99   98   96   93   91   89   88   88   87   86   88
   92  101  112  125  143  164  192  197  230                                   
    15.0-180.0 180.0   5.0 450.0                            LAT/LON1/LON2/DLON/H
  244  275  296  313  334  347  358  364  367  364  357  351  348  347  346  342
  334  324  314  304  293  283  279  286  305  334  366  392  408  410  401  382
  354  321  288  259  238  224  214  204  193  180  168  157  148  139  131  124
  119  113  108  104  102  100   99   98   95   92   91   90   89   88   88   90
   94  105  118  132  153  176  205  214  244                                   
    12.5-180.0 180.0   5.0 450.0                            LAT/LON1/LON2/DLON/H
  251  287  310  331  354  367  382  391  397  397  392  386  381  379  376  370
  360  348  336  325  315  308  308  318  340  369  398  418  426  421  403  376
  342  307  274  248  232  223  217  210  199  186  173  162  152  143  134  127
  121  116  110  105  102  101  100   99   97   95   93   92   90   88   88   89
   94  106  120  136  158  184  214  227  251                                   
    10.0-180.0 180.0   5.0 450.0                            LAT/LON1/LON2/DLON/H
  253  294  321  342  369  382  401  412  422  425  423  418  414  411  408  402
  391  378  364  352  343  338  342  355  378  405  427  440  439  425  400  367
  329  293  262  241  230  225  222  215  205  191  178  166  155  145  136  128
  121  116  111  106  103  101  101  102  101  100   97   94   91   88   86   87
   92  104  120  136  160  188  219  235  253                                   
     7.5-180.0 180.0   5.0 450.0                            LAT/LON1/LON2/DLON/H
  253  298  328  349  377  391  414  426  440  448  449  447  444  443  441  435
  425  410  395  382  373  370  377  393  415  438  454  459  451  431  400  363
