data/edconvlstm_nd/pred3570.15i
     1.0            IONOSPHERE MAPS     GNSS                IONEX VERSION / TYPE
pyspatialgeodesy        IME             05-JAN-18 20:20     PGM / RUN BY / DATE 
Map Name                                                    COMMENT             
Predicted global ionosphere maps (GIM).                     DESCRIPTION         
  2015    12    23     0     0     0                        EPOCH OF FIRST MAP  
  2015    12    24     0     0     0                        EPOCH OF LAST MAP   
  7200                                                      INTERVAL            
    13                                                      # OF MAPS IN FILE   
  NONE                                                      MAPPING FUNCTION    
10.0                                                        ELEVATION CUTOFF    
One-way carrier phase leveled to code                       OBSERVABLES USED    
  6371.0                                                    BASE RADIUS         
 2                                                          MAP DIMENSION       
   450.0 450.0   0.0                                        HGT1 / HGT2 / DHGT  
    87.5 -87.5  -2.5                                        LAT1 / LAT2 / DLAT  
  -180.0 180.0   5.0                                        LON1 / LON2 / DLON  
    -1                                                      EXPONENT            
                                                            END OF HEADER       
[from data line 5148]
    13                                                      START OF TEC MAP    
  2015    12    24     0     0     0                        EPOCH OF CURRENT MAP
    87.5-180.0 180.0   5.0 450.0                            LAT/LON1/LON2/DLON/H
   80   73   55   45   41   51   46   43   43   43   42   42   42   42   42   41
   41   41   40   40   40   40   40   40   40   40   40   40   40   40   40   41
   41   41   42   42   43   43   44   44   45   45   46   47   47   48   48   48
   49   49   50   50   50   50   50   50   50   49   49   49   48   48   47   47
   47   46   45   46   35   56   57   52   80                                   
    85.0-180.0 180.0   5.0 450.0                            LAT/LON1/LON2/DLON/H
   66   68   48   46   47   57   52   50   50   49   49   49   49   49   49   49
   49   48   48   47   47   46   46   45   44   44   43   43   43   43   43   43
   43   43   44   44   45   46   47   48   49   51   52   53   54   55   56   57
   58   58   58   59   59   59   59   58   58   57   57   56   56   55   54   54
   53   52   53   57   61   66   76   63   66                                   
    82.5-180.0 180.0   5.0 450.0                            LAT/LON1/LON2/DLON/H
   51   38   45   39   38   48   43   39   42   41   42   42   43   43   43   42
   41   40   39   38   36   35   33   31   30   29   27   27   26   26   26   26
   27   27   29   30   31   33   35   37   40   42   44   46   48   49   51   52
   53   53   53   53   53   52   51   51   49   48   47   46   45   44   43   42
   41   40   40   40   48   47   59   60   51                                   
    80.0-180.0 180.0   5.0 450.0                            LAT/LON1/LON2/DLON/H
   60   47   51   40   45   47   43   40   43   43   43   45   45   45   45   45
   44   43   42   40   38   36   35   33   31   30   28   27   27   26   26   26
   27   28   29   31   32   34   36   39   41   43   45   47   49   51   52   53
   54   54   54   54   53   52   51   50   49   47   46   45   43   42   41   41
   40   38   39   40   56   49   62   77   60                                   
    77.5-180.0 180.0   5.0 450.0                            LAT/LON1/LON2/DLON/H
   69   60   49   46   48   48   43   42   46   45   46   48   49   49   49   49
   49   47   46   44   42   40   38   36   34   32   31   29   28   28   28   28
   29   30   31   33   34   36   38   41   43   45   48   50   51   53   54   55
   56   56   55   55   54   53   51   50   48   47   45   43   42   40   39   38
   37   38   39   41   48   51   58   76   69                                   
    75.0-180.0 180.0   5.0 450.0                            LAT/LON1/LON2/DLON/H
   77   61   60   58   55   58   52   50   55   55   56   57   58   58   57   56
   54   52   50   48   46   44   42   40   38   36   35   34   33   33   33   33
   34   35   36   37   39   41   43   45   47   49   51   52   54   55   55   56
   55   55   54   53   52   50   49   48   46   44   43   41   40   39   38   38
   37   38   41   40   46   60   65   77   77                                   
    72.5-180.0 180.0   5.0 450.0                            LAT/LON1/LON2/DLON/H
   82   69   70   65   65   65   60   60   64   64   65   66   65   63   61   59
   56   54   51   49   48   46   45   44   43   42   41   40   39   39   38   39
   39   40   41   42   43   44   46   47   48   50   51   51   52   52   52   52
   51   50   50   49   48   47   46   44   43   41   40   38   37   36   36   36
   36   37   44   45   52   66   74   88   82                                   
    70.0-180.0 180.0   5.0 450.0                            LAT/LON1/LON2/DLON/H
   93   83   84   82   81   81   77   76   80   80   80   79   76   72   67   63
   58   54   52   50   48   48   48   48   48   47   47   46   45   44   44   44
   44   44   45   45   46   47   48   49   50   51   51   52   52   51   50   49
   49   48   48   47   47   47   46   45   44   43   42   40   39   39   39   39
   39   41   48   51   59   76   82   93   93                                   
    67.5-180.0 180.0   5.0 450.0                            LAT/LON1/LON2/DLON/H
  104   97   98   97   93   93   88   88   92   91   90   87   83   76   69   62
   55   50   47   45   45   45   46   47   47   47   47   46   44   43   42   42
   41   40   40   40   40   40   41   42   43   43   44   44   44   43   42   41
   40   40   40   41   41   42   42   41   41   40   39   39   38   38   38   39
   40   42   51   55   66   83   88   99  104                                   
    65.0-180.0 180.0   5.0 450.0                            LAT/LON1/LON2/DLON/H
  112  108  108  107  104  102   98   98  102  101  100   96   90   81   71   62
   54   48   44   43   43   44   45   46   46   46   45   43   41   40   38   36
   34   33   32   31   31   31   32   33   34   36   36   37   36   35   34   34
   33   34   35   36   37   38   39   39   39   40   40   40   40   41   42   43
   44   47   57   61   73   89   95  107  112                                   
    62.5-180.0 180.0   5.0 450.0                            LAT/LON1/LON2/DLON/H
  119  117  118  116  113  110  106  107  111  111  109  106   98   88   77   66
   57   51   47   46   45   46   46   46   46   45   43   41   38   35   33   30
   28   26   24   24   23   24   25   27   29   31   32   33   32   31   30   29
   29   30   31   34   36   38   39   40   42   43   44   46   47   48   50   52
   53   56   65   69   80   96  102  114  119                                   
    60.0-180.0 180.0   5.0 450.0                            LAT/LON1/LON2/DLON/H
  124  123  124  122  118  114  109  111  116  115  115  112  104   94   83   72
   63   56   52   50   49   48   47   46   45   43   40   37   34   30   27   24
   21   19   17   17   17   18   19   22   25   28   30   31   30   29   28   26
   26   27   29   32   34   37   39   42   44   46   49   52   54   57   60   63
   63   66   75   78   88  102  107  119  124                                   
    57.5-180.0 180.0   5.0 450.0                            LAT/LON1/LON2/DLON/H
  130  130  131  129  123  118  112  114  118  118  118  115  109  100   90   80
   72   65   60   56   53   51   49   46   44   41   38   34   31   27   24   21
   18   15   14   14   14   15   18   21   25   28   31   32   32   30   28   26
   25   26   28   31   34   37   40   43   46   50   54   58   63   67   72   75
   76   79   87   90   98  109  114  127  130                                   
    55.0-180.0 180.0   5.0 450.0                            LAT/LON1/LON2/DLON/H
  139  139  140  137  131  125  117  117  120  119  118  116  111  104   96   88
   80   74   67   62   58   54   50   47   43   40   37   34   31   27   24   20
   18   16   15   15   16   17   20   24   28   32   35   36   35   33   30   28
   26   27   29   32   35   38   41   45   48   52   58   64   70   76   82   88
   90   93  101  103  111  119  123  136  139                                   
    52.5-180.0 180.0   5.0 450.0                            LAT/LON1/LON2/DLON/H
  153  153  153  151  145  136  127  124  124  120  118  116  112  107  101   95
   88   81   74   68   62   56   52   48   44   41   38   36   33   30   27   24
   21   19   19   20   21   23   26   30   34   38   41   42   41   38   35   32
   30   30   32   34   37   40   43   46   49   54   60   68   76   84   92   99
  102  107  116  118  125  131  134  148  153                                   
    50.0-180.0 180.0   5.0 450.0                            LAT/LON1/LON2/DLON/H
  170  171  171  170  164  154  143  136  132  125  120  117  113  109  105  100
   94   87   79   71   64   59   54   50   47   44   42   40   38   35   32   29
   27   26   26   28   30   32   35   38   41   45   48   49   49   46   42   39
   37   37   38   40   42   44   46   49   52   57   64   72   81   90  100  108
  114  120  129  133  140  145  148  161  170                                   
    47.5-180.0 180.0   5.0 450.0                            LAT/LON1/LON2/DLON/H
  189  192  191  192  187  177  163  154  145  134  126  120  115  111  108  104
   98   90   81   73   66   61   57   54   51   49   47   45   43   40   37   35
   33   33   34   36   39   42   44   46   49   52   55   57   57   55   52   49
   47   46   46   47   49   50   52   54   57   62   69   78   87   96  107  116
  123  131  142  146  154  160  163  174  189                                   
    45.0-180.0 180.0   5.0 450.0                            LAT/LON1/LON2/DLON/H
  205  212  210  213  210  199  185  173  160  145  134  125  119  115  112  107
  100   91   82   75   69   65   62   59   57   54   52   49   46   43   40   38
   36   37   40   44   47   50   52   54   56   59   62   64   65   64   62   60
   58   57   57   57   57   58   59   61   65   70   77   85   94  103  113  122
  130  140  151  157  166  173  175  184  205                                   
    42.5-180.0 180.0   5.0 450.0                            LAT/LON1/LON2/DLON/H
  216  226  223  228  226  216  202  189  174  157  143  133  126  121  117  111
  103   93   85   78   73   70   68   65   62   58   54   50   46   42   39   37
   37   39   43   48   52   56   58   59   61   64   67   70   72   72   72   71
   70   68   67   67   66   67   68   70   74   79   86   93  101  109  118  127
  135  145  158  164  174  182  184  191  216                                   
    40.0-180.0 180.0   5.0 450.0                            LAT/LON1/LON2/DLON/H
  219  229  226  231  231  222  209  197  184  166  152  142  134  128  123  116
  107   97   88   83   80   78   75   72   67   61   55   49   43   39   36   34
   35   38   43   50   55   59   62   63   64   67   71   75   78   80   81   81
   80   79   77   76   75   75   76   79   84   90   96  103  109  116  123  132
  140  150  163  169  178  186  187  194  219                                   
    37.5-180.0 180.0   5.0 450.0                            LAT/LON1/LON2/DLON/H
  216  224  220  224  223  215  204  194  185  170  158  149  142  137  130  122
  113  103   95   90   88   87   83   78   70   62   54   46   40   35   33   32
   34   38   45   52   58   63   65   66   67   70   74   79   83   85   87   88
   88   86   83   81   80   80   83   87   93  100  106  113  118  124  130  138
  145  155  167  173  181  189  189  196  216                                   
    35.0-180.0 180.0   5.0 450.0                            LAT/LON1/LON2/DLON/H
  211  215  209  209  207  199  189  183  178  168  160  154  149  145  139  130
  120  111  104  100   98   96   90   82   72   62   53   45   39   36   34   36
   39   44   51   58   64   68   70   70   71   74   78   83   86   89   91   92
   91   88   85   82   81   82   86   92  100  108  116  122  128  134  140  148
  154  163  176  181  187  193  193  200  211                                   
    32.5-180.0 180.0   5.0 450.0                            LAT/LON1/LON2/DLON/H
  211  210  203  197  192  182  173  169  169  163  159  156  154  151  146  138
  129  121  115  112  108  103   95   84   74   64   56   49   45   44   44   47
   52   57   64   70   75   78   78   77   77   80   83   87   90   91   92   91
   89   86   82   79   78   80   85   93  103  114  123  132  139  146  154  163
  170  178  190  195  200  204  204  212  211                                   
    30.0-180.0 180.0   5.0 450.0                            LAT/LON1/LON2/DLON/H
  222  217  208  198  190  178  168  164  164  161  159  158  157  155  151  145
  137  131  125  121  116  108   97   86   76   69   65   62   61   62   65   70
   75   80   85   89   91   91   89   87   86   87   90   92   92   92   90   87
   84   80   76   74   73   76   82   92  104  118  131  142  152  162  173  184
  192  202  213  216  221  225  225  234  222                                   
    27.5-180.0 180.0   5.0 450.0                            LAT/LON1/LON2/DLON/H
  248  242  231  218  210  196  183  177  174  169  165  163  161  158  155  149
  143  138  132  127  119  109   97   88   83   82   83   86   89   93   98  103
  109  112  114  114  112  108  102   97   95   96   97   98   96   92   88   83
   78   74   70   68   68   72   79   90  105  122  139  155  170  184  198  212
  222  232  243  245  250  254  258  267  248                                   
    25.0-180.0 180.0   5.0 450.0                            LAT/LON1/LON2/DLON/H
  291  287  274  262  255  241  225  213  204  193  184  176  170  165  159  154
  148  142  136  128  118  107   99   94   96  103  112  120  127  133  140  145
  149  149  146  140  133  124  115  108  105  105  106  104  100   93   86   79
   74   69   66   65   67   71   79   92  109  129  151  172  192  211  229  245
  257  269  279  279  285  291  299  309  291                                   
    22.5-180.0 180.0   5.0 450.0                            LAT/LON1/LON2/DLON/H
  346  349  338  330  327  314  295  275  256  237  219  203  190  179  170  162
  154  146  137  127  117  108  105  108  119  134  150  164  173  180  185  189
  189  185  175  163  149  136  124  117  113  113  114  111  104   95   86   78
   72   68   67   67   70   75   84   98  117  141  167  194  219  242  263  282
  296  308  317  317  324  332  346  357  346                                   
    20.0-180.0 180.0   5.0 450.0                            LAT/LON1/LON2/DLON/H
  409  420  418  417  421  412  391  361  331  300  271  245  223  204  189  176
  165  153  141  129  120  116  120  131  150  172  193  208  217  223  225  226
  223  213  196  178  159  143  130  122  120  121  121  117  108   97   86   78
   73   70   70   72   76   83   92  108  129  156  186  217  247  274  298  319
  334  347  356  356  365  374  394  407  409                                   
    17.5-180.0 180.0   5.0 450.0                            LAT/LON1/LON2/DLON/H
  468  488  502  512  524  520  499  463  422  378  337  300  268  240  217  197
  181  165  151  139  133  135  145  164  188  212  233  246  253  254  253  249
  241  226  205  182  162  145  133  126  125  127  127  122  111   99   88   80
   76   74   75   78   84   91  102  119  143  173  206  240  273  303  329  351
  368  381  391  393  404  414  438  452  468                                   
    15.0-180.0 180.0   5.0 450.0                            LAT/LON1/LON2/DLON/H
  513  543  571  593  615  618  601  563  516  464  413  365  321  284  252  226
  204  184  169  159  157  165  182  204  229  250  266  273  273  269  263  255
  242  224  202  179  160  145  135  130  131  134  134  128  116  102   91   84
   81   80   81   85   90   98  111  130  155  186  221  258  293  325  353  375
  393  408  419  425  438  447  474  488  513                                   
    12.5-180.0 180.0   5.0 450.0                            LAT/LON1/LON2/DLON/H
  538  575  612  645  673  684  673  640  595  541  486  431  380  334  295  262
  234  212  197  190  193  207  227  248  268  281  286  284  277  267  257  245
  232  214  194  175  159  146  139  137  139  142  141  133  120  107   96   90
   87   86   87   90   95  103  117  136  163  194  230  267  304  338  367  390
  409  425  438  448  461  471  499  512  538                                   
    10.0-180.0 180.0   5.0 450.0                            LAT/LON1/LON2/DLON/H
  540  581  622  662  693  709  705  680  642  595  543  489  437  387  343  305
  274  250  235  231  238  255  274  291  300  300  293  280  266  252  240  229
  217  203  189  175  163  154  149  148  150  152  149  140  125  112  102   96
   93   91   91   94   98  106  119  139  165  197  232  270  308  343  373  397
  417  434  449  461  475  485  512  525  540                                   
     7.5-180.0 180.0   5.0 450.0                            LAT/LON1/LON2/DLON/H
  528  570  609  649  678  695  696  681  654  617  574  528  480  434  390  351
  318  293  279  277  287  303  319  327  323  308  287  266  247  233  222  215
