data/edconvlstm_nd/pred1020.15i
     1.0            IONOSPHERE MAPS     GNSS                IONEX VERSION / TYPE
pyspatialgeodesy        IME             05-JAN-18 20:20     PGM / RUN BY / DATE 
Map Name                                                    COMMENT             
Predicted global ionosphere maps (GIM).                     DESCRIPTION         
  2015     4    12     0     0     0                        EPOCH OF FIRST MAP  
  2015     4    13     0     0     0                        EPOCH OF LAST MAP   
  7200                                                      INTERVAL            
    13                                                      # OF MAPS IN FILE   
  NONE                                                      MAPPING FUNCTION    
10.0                                                        ELEVATION CUTOFF    
One-way carrier phase leveled to code                       OBSERVABLES USED    
  6371.0                                                    BASE RADIUS         
 2                                                          MAP DIMENSION       
   450.0 450.0   0.0                                        HGT1 / HGT2 / DHGT  
    87.5 -87.5  -2.5                                        LAT1 / LAT2 / DLAT  
  -180.0 180.0   5.0                                        LON1 / LON2 / DLON  
    -1                                                      EXPONENT            
                                                            END OF HEADER       
[from data line 5148]
    13                                                      START OF TEC MAP    
  2015     4    13     0     0     0                        EPOCH OF CURRENT MAP
    87.5-180.0 180.0   5.0 450.0                            LAT/LON1/LON2/DLON/H
  142  147  152  142  140  142  140  139  141  141  142  144  145  146  147  147
  147  147  147  147  146  146  145  144  143  142  140  139  138  137  136  135
  134  134  133  133  132  132  133  133  133  134  135  136  136  137  138  139
  140  141  142  142  143  143  144  144  144  144  144  144  143  143  142  142
  142  141  139  139  134  134  138  130  142                                   
    85.0-180.0 180.0   5.0 450.0                            LAT/LON1/LON2/DLON/H
  152  149  127  131  135  139  136  136  138  139  141  144  146  147  149  149
  150  150  149  148  147  146  144  142  140  138  136  134  132  130  129  127
  126  125  124  124  124  124  125  125  126  128  129  130  132  133  135  136
  137  139  140  141  142  143  144  144  145  145  145  145  145  145  144  144
  144  142  142  143  138  142  144  141  152                                   
    82.5-180.0 180.0   5.0 450.0                            LAT/LON1/LON2/DLON/H
  149  136  137  134  136  138  135  136  141  143  147  150  153  156  158  159
  159  159  158  157  155  153  150  147  144  140  137  134  130  127  124  122
  120  118  117  117  117  118  119  120  121  123  125  127  129  132  134  136
  138  139  141  143  144  146  147  148  149  150  151  152  152  152  152  152
  151  149  147  144  143  131  134  133  149                                   
    80.0-180.0 180.0   5.0 450.0                            LAT/LON1/LON2/DLON/H
  155  134  125  123  128  129  131  134  141  145  151  157  162  166  169  171
  172  172  170  168  165  161  156  151  146  141  135  130  125  120  116  113
  110  108  107  107  107  108  109  111  113  115  117  119  122  124  126  128
  130  132  133  135  137  139  141  143  144  146  148  150  151  151  152  153
  152  149  147  144  154  139  145  148  155                                   
    77.5-180.0 180.0   5.0 450.0                            LAT/LON1/LON2/DLON/H
  164  141  127  132  130  131  135  141  149  155  163  171  179  184  188  190
  191  190  187  184  179  174  168  162  155  148  141  134  127  121  116  112
  110  108  107  107  108  109  110  112  114  116  118  119  121  123  124  126
  127  129  130  131  133  135  137  139  141  144  147  149  152  154  156  158
  157  157  154  153  158  153  154  163  164                                   
    75.0-180.0 180.0   5.0 450.0                            LAT/LON1/LON2/DLON/H
  172  148  140  143  139  140  142  148  158  166  175  184  192  197  201  202
  201  198  195  190  185  179  172  165  158  149  141  133  126  119  114  111
  108  107  107  108  109  110  112  113  114  115  115  116  116  117  118  118
  119  120  120  122  123  125  127  129  133  136  140  144  147  151  154  157
  158  160  159  154  160  166  166  172  172                                   
    72.5-180.0 180.0   5.0 450.0                            LAT/LON1/LON2/DLON/H
  173  161  157  154  149  148  150  157  168  176  185  194  201  205  206  204
  201  196  191  185  180  174  168  162  154  146  138  130  123  117  113  110
  109  109  109  110  110  111  111  111  111  110  109  109  108  108  108  108
  109  109  110  111  112  114  116  119  122  127  131  136  141  146  151  155
  157  160  163  162  167  174  177  185  173                                   
    70.0-180.0 180.0   5.0 450.0                            LAT/LON1/LON2/DLON/H
  185  177  174  172  165  163  165  171  182  190  199  206  211  211  208  202
  195  188  182  176  172  168  163  158  152  144  136  128  122  117  114  113
  112  113  113  114  114  113  112  110  108  106  104  102  101  101  101  101
  102  103  104  105  107  108  111  114  118  123  129  135  140  145  151  156
  159  162  167  169  176  188  188  193  185                                   
    67.5-180.0 180.0   5.0 450.0                            LAT/LON1/LON2/DLON/H
  195  194  190  188  178  174  175  181  190  198  206  212  213  210  203  193
  183  174  167  163  160  158  156  151  146  138  131  123  117  113  111  111
  111  111  111  111  109  107  104  101   98   95   92   91   90   89   90   92
   94   96   98   99  101  103  106  110  114  120  127  133  139  145  150  155
  158  161  167  169  180  193  192  199  195                                   
    65.0-180.0 180.0   5.0 450.0                            LAT/LON1/LON2/DLON/H
  204  203  199  198  189  183  182  187  196  202  209  213  212  206  195  183
  171  162  156  153  152  152  151  147  141  133  125  118  112  108  107  107
  107  107  106  103  100   96   92   88   85   82   80   78   78   79   81   84
   87   91   94   97   99  102  105  109  114  121  128  136  143  148  153  156
  158  160  166  168  179  193  194  202  204                                   
    62.5-180.0 180.0   5.0 450.0                            LAT/LON1/LON2/DLON/H
  209  209  205  205  197  189  187  190  198  204  209  212  210  202  190  177
  165  157  153  152  152  153  151  147  139  130  121  113  108  105  104  104
  103  102   99   95   90   85   81   77   74   72   71   71   71   73   76   80
   85   90   94   98  101  104  108  112  118  126  134  142  150  156  160  162
  162  162  167  167  175  190  191  200  209                                   
    60.0-180.0 180.0   5.0 450.0                            LAT/LON1/LON2/DLON/H
  211  211  208  208  201  192  189  191  197  201  205  207  204  197  186  175
  166  160  157  157  158  158  154  147  138  127  116  108  103  101  101  100
   99   96   92   86   81   76   72   70   68   67   67   68   69   72   75   79
   85   91   96  100  103  107  110  115  122  130  139  149  158  165  169  171
  169  167  170  168  173  184  185  196  211                                   
    57.5-180.0 180.0   5.0 450.0                            LAT/LON1/LON2/DLON/H
  214  214  212  212  207  198  193  193  197  199  201  201  198  192  184  176
  171  167  166  166  166  163  157  148  136  124  113  106  101  100  100  100
   97   93   87   80   75   71   68   67   68   69   70   71   73   75   78   82
   87   92   97  102  106  109  113  117  124  133  144  155  166  174  180  183
  180  178  179  174  175  181  183  196  214                                   
    55.0-180.0 180.0   5.0 450.0                            LAT/LON1/LON2/DLON/H
  220  221  221  221  218  209  203  200  201  199  198  197  193  188  184  180
  177  176  175  174  172  166  158  147  134  122  112  106  104  103  103  102
   98   92   86   79   74   72   71   72   74   76   78   80   81   82   84   87
   91   96  100  104  108  111  115  120  127  136  148  161  173  184  192  197
  196  194  194  187  185  188  189  202  220                                   
    52.5-180.0 180.0   5.0 450.0                            LAT/LON1/LON2/DLON/H
  232  237  237  237  235  226  220  215  212  206  201  196  191  187  184  183
  182  182  180  177  172  165  155  144  133  123  115  111  110  111  111  108
  103   96   88   83   79   78   80   83   86   89   91   92   92   93   93   95
   97  100  104  108  112  116  120  125  132  142  154  167  181  194  205  212
  215  215  217  209  206  205  205  217  232                                   
    50.0-180.0 180.0   5.0 450.0                            LAT/LON1/LON2/DLON/H
  251  261  261  260  259  252  246  238  231  220  210  201  194  190  187  187
  186  184  180  175  168  160  152  143  134  127  123  121  122  122  120  116
  109  101   95   90   89   90   93   98  102  105  107  108  107  106  105  105
  106  108  111  114  119  124  130  136  143  153  164  178  193  207  220  230
  236  241  245  238  235  234  231  242  251                                   
    47.5-180.0 180.0   5.0 450.0                            LAT/LON1/LON2/DLON/H
  276  290  291  290  287  282  277  267  256  241  226  213  203  197  194  192
  189  184  178  170  163  156  150  145  140  136  135  135  135  133  130  123
  115  108  102  100  101  104  109  114  118  122  123  123  122  120  118  117
  117  118  120  124  130  137  145  152  160  170  181  195  209  223  236  249
  258  268  276  271  271  270  266  272  276                                   
    45.0-180.0 180.0   5.0 450.0                            LAT/LON1/LON2/DLON/H
  302  322  324  322  317  312  308  297  284  266  247  231  218  209  203  199
  192  184  175  167  161  157  154  151  150  149  148  148  146  142  136  127
  119  112  109  109  113  118  124  128  132  135  136  136  135  133  131  130
  129  129  131  136  143  153  163  173  182  192  203  216  229  242  255  269
  281  294  306  305  307  307  304  305  302                                   
    42.5-180.0 180.0   5.0 450.0                            LAT/LON1/LON2/DLON/H
  329  353  354  350  343  336  332  322  310  290  271  252  237  226  217  209
  199  188  177  170  165  164  164  164  163  162  160  157  152  145  136  127
  119  115  115  118  124  130  135  139  142  144  146  147  147  146  145  144
  142  141  142  147  156  169  182  194  205  215  227  239  252  264  276  288
  301  316  331  335  340  341  339  336  329                                   
    40.0-180.0 180.0   5.0 450.0                            LAT/LON1/LON2/DLON/H
  354  380  378  370  362  353  347  338  327  310  291  274  259  247  236  223
  210  197  187  181  179  180  180  180  178  174  168  161  152  143  133  124
  119  117  120  126  133  140  144  147  149  152  154  157  158  159  158  157
  154  152  152  156  167  182  198  213  226  238  250  263  276  287  297  307
  318  334  350  357  364  367  368  362  354                                   
    37.5-180.0 180.0   5.0 450.0                            LAT/LON1/LON2/DLON/H
  378  403  396  384  375  362  353  344  336  322  307  293  281  269  257  243
  228  215  206  202  202  202  201  198  191  183  173  162  151  140  131  125
  122  123  128  136  143  149  153  154  156  160  163  167  169  170  170  168
  164  159  158  161  173  190  210  228  243  257  271  285  299  310  319  327
  336  350  365  374  382  386  391  386  378                                   
    35.0-180.0 180.0   5.0 450.0                            LAT/LON1/LON2/DLON/H
  403  427  416  397  386  370  356  346  339  328  318  308  299  290  279  265
  251  239  233  230  229  227  222  214  203  191  178  166  154  144  137  134
  134  137  143  150  156  161  163  165  167  170  175  179  181  182  180  176
  170  163  159  161  172  191  214  235  253  269  286  304  320  334  343  351
  358  368  381  390  398  405  413  412  403                                   
    32.5-180.0 180.0   5.0 450.0                            LAT/LON1/LON2/DLON/H
  435  460  446  420  406  384  364  351  344  336  328  322  317  310  301  289
  277  268  262  259  256  249  239  227  214  202  190  179  170  162  158  157
  159  162  165  170  174  177  178  179  181  185  190  193  194  192  188  181
  172  162  155  155  166  186  210  235  256  276  297  319  340  358  370  378
  385  394  405  412  422  432  441  444  435                                   
    30.0-180.0 180.0   5.0 450.0                            LAT/LON1/LON2/DLON/H
  481  513  496  463  445  419  393  376  365  355  346  341  336  331  324  314
  303  295  289  284  276  265  252  240  230  223  216  210  204  200  198  197
  198  197  197  197  197  198  198  198  200  203  207  208  206  200  192  182
  170  157  148  147  157  177  203  230  255  279  305  332  359  381  397  408
  417  426  436  443  456  470  479  485  481                                   
    27.5-180.0 180.0   5.0 450.0                            LAT/LON1/LON2/DLON/H
  543  584  569  535  515  487  454  430  412  396  382  373  366  359  350  340
  329  320  311  300  287  273  261  255  255  258  260  261  259  256  253  251
  247  241  233  227  223  222  221  220  221  223  224  222  216  206  194  180
  166  153  143  141  149  169  195  224  253  280  310  342  374  401  421  436
  448  459  470  478  499  518  525  536  543                                   
    25.0-180.0 180.0   5.0 450.0                            LAT/LON1/LON2/DLON/H
  615  667  659  632  611  583  547  515  488  463  442  425  412  399  386  372
  357  343  328  310  292  278  273  279  293  309  322  328  327  321  315  308
  298  284  269  257  249  246  244  242  241  240  239  233  223  209  193  177
  163  150  140  138  145  163  189  219  249  281  314  350  386  417  441  459
  475  489  503  515  544  570  579  594  615                                   
    22.5-180.0 180.0   5.0 450.0                            LAT/LON1/LON2/DLON/H
  692  748  748  735  717  694  659  624  589  556  525  499  477  457  436  415
  393  370  346  321  300  290  296  316  345  372  391  398  393  383  370  356
  339  317  296  279  269  265  262  259  256  252  248  240  226  209  191  174
  160  149  140  138  143  159  183  213  246  281  318  358  396  430  456  478
  498  516  534  552  587  621  635  656  692                                   
    20.0-180.0 180.0   5.0 450.0                            LAT/LON1/LON2/DLON/H
  762  816  819  822  808  794  768  736  700  662  624  590  560  531  502  472
  440  407  373  341  319  315  333  366  404  437  455  457  445  426  405  383
  358  331  306  288  279  276  273  268  263  257  250  240  226  207  188  172
  159  149  142  139  143  155  177  207  242  280  321  364  404  439  467  492
  516  539  562  586  626  664  688  715  762                                   
    17.5-180.0 180.0   5.0 450.0                            LAT/LON1/LON2/DLON/H
  812  858  864  881  874  870  854  830  800  764  725  687  652  618  581  542
  500  457  414  378  357  359  384  423  464  493  503  493  468  437  406  376
  347  319  297  285  280  279  276  270  262  254  246  235  221  203  185  169
  158  150  144  140  141  150  170  200  237  278  322  367  410  446  475  501
  529  556  585  616  658  696  729  764  812                                   
    15.0-180.0 180.0   5.0 450.0                            LAT/LON1/LON2/DLON/H
  832  869  883  908  910  915  909  895  875  846  812  777  742  707  667  622
  572  521  472  433  413  418  445  482  516  531  523  493  452  407  369  337
  313  293  280  276  277  279  276  267  257  246  237  227  213  197  180  166
  156  149  144  139  137  143  161  191  229  274  321  368  413  450  480  508
  538  567  603  640  682  718  757  796  832                                   
    12.5-180.0 180.0   5.0 450.0                            LAT/LON1/LON2/DLON/H
  828  856  879  908  915  927  929  925  916  899  875  847  818  787  748  702
  650  595  544  504  484  488  509  535  550  541  507  455  398  348  312  290
  277  270  268  272  278  280  276  265  251  238  227  216  204  189  173  160
  151  145  139  132  128  132  149  179  219  266  316  366  413  452  483  512
  544  576  615  658  699  730  771  815  828                                   
    10.0-180.0 180.0   5.0 450.0                            LAT/LON1/LON2/DLON/H
  811  835  863  890  898  911  918  922  924  919  906  888  869  846  815  774
  724  672  623  584  563  559  567  572  558  518  457  389  330  289  266  258
  259  263  270  280  288  289  281  266  248  232  218  206  194  180  166  152
  142  136  129  122  116  119  136  167  208  255  306  359  408  451  485  516
  548  581  623  669  709  738  777  822  811                                   
     7.5-180.0 180.0   5.0 450.0                            LAT/LON1/LON2/DLON/H
  797  819  848  865  868  879  886  896  905  909  906  898  890  878  857  826
  785  741  698  662  637  622  609  584  537  468  392  326  279  255  250  256
