data/edconvlstm_nd/pred2490.15i
     1.0            IONOSPHERE MAPS     GNSS                IONEX VERSION / TYPE
pyspatialgeodesy        IME             05-JAN-18 20:20     PGM / RUN BY / DATE 
Map Name                                                    COMMENT             
Predicted global ionosphere maps (GIM).                     DESCRIPTION         
  2015     9     6     0     0     0                        EPOCH OF FIRST MAP  
  2015     9     7     0     0     0                        EPOCH OF LAST MAP   
  7200                                                      INTERVAL            
    13                                                      # OF MAPS IN FILE   
  NONE                                                      MAPPING FUNCTION    
10.0                                                        ELEVATION CUTOFF    
One-way carrier phase leveled to code                       OBSERVABLES USED    
  6371.0                                                    BASE RADIUS         
 2                                                          MAP DIMENSION       
   450.0 450.0   0.0                                        HGT1 / HGT2 / DHGT  
    87.5 -87.5  -2.5                                        LAT1 / LAT2 / DLAT  
  -180.0 180.0   5.0                                        LON1 / LON2 / DLON  
    -1                                                      EXPONENT            
                                                            END OF HEADER       
[from data line 2145]
     6                                                      START OF TEC MAP    
  2015     9     6    10     0     0                        EPOCH OF CURRENT MAP
    87.5-180.0 180.0   5.0 450.0                            LAT/LON1/LON2/DLON/H
   80   87   87   92   95   96   96   94   96   99  100  102  103  104  105  106
  106  107  107  108  108  108  108  108  107  107  107  106  106  105  104  104
  103  102  101  100   99   97   96   95   94   93   92   91   90   89   88   87
   86   85   84   83   82   81   80   79   78   77   76   76   75   75   74   75
   76   77   76   75   81   83   94   94   80                                   
    85.0-180.0 180.0   5.0 450.0                            LAT/LON1/LON2/DLON/H
   77   88   97   91   93   98   99  101  103  106  107  109  110  112  113  114
  114  115  115  115  115  116  115  115  115  115  115  115  114  114  113  112
  111  110  109  108  106  105  103  102  100   99   97   96   94   93   92   91
   90   89   88   86   85   84   83   82   81   80   79   78   78   77   77   77
   78   80   76   75   76   81   89   92   77                                   
    82.5-180.0 180.0   5.0 450.0                            LAT/LON1/LON2/DLON/H
   69   79   89   85   87   92   94   97   99  103  104  107  108  109  110  110
  111  111  111  111  111  111  111  111  111  111  111  112  112  112  112  112
  111  110  109  108  107  105  104  102  100   99   97   96   95   94   93   92
   91   90   89   88   86   85   83   81   80   78   76   75   73   72   71   71
   71   72   68   68   71   78   76   76   69                                   
    80.0-180.0 180.0   5.0 450.0                            LAT/LON1/LON2/DLON/H
   63   68   77   77   79   82   85   89   92   95   96   99  100  101  101  102
  102  101  101  101  100  100  100  100  101  101  102  103  104  106  107  107
  108  108  107  106  105  103  102  100   98   97   96   95   94   94   93   93
   93   92   92   91   89   87   85   83   80   78   75   73   70   68   66   64
   64   63   61   60   63   70   75   73   63                                   
    77.5-180.0 180.0   5.0 450.0                            LAT/LON1/LON2/DLON/H
   64   65   69   71   72   76   79   83   86   88   89   91   91   92   92   92
   92   92   91   91   90   90   90   90   91   92   94   96   98  101  104  106
  108  109  110  109  109  107  106  104  103  102  102  102  102  103  104  105
  105  106  106  105  104  102   99   96   92   88   84   80   76   73   69   66
   64   61   58   57   59   61   66   70   64                                   
    75.0-180.0 180.0   5.0 450.0                            LAT/LON1/LON2/DLON/H
   57   59   59   63   65   70   72   74   76   78   78   79   79   79   79   79
   79   78   78   77   77   76   76   77   78   80   83   86   90   94   99  103
  106  109  110  111  111  110  109  108  107  107  107  108  110  112  114  116
  118  120  120  120  118  116  113  109  105  100   96   91   86   81   77   73
   68   64   61   56   58   59   63   62   57                                   
    72.5-180.0 180.0   5.0 450.0                            LAT/LON1/LON2/DLON/H
   56   57   55   58   60   66   68   69   71   71   71   71   70   70   70   70
   70   70   70   69   69   69   69   69   70   73   76   80   86   91   98  103
  108  112  115  117  117  117  117  116  117  117  119  122  125  128  131  134
  137  138  138  138  136  133  129  124  120  115  110  105  100   94   89   84
   79   74   70   64   62   62   62   64   56                                   
    70.0-180.0 180.0   5.0 450.0                            LAT/LON1/LON2/DLON/H
   59   55   54   55   57   59   60   62   63   63   62   62   61   61   61   61
   61   62   62   62   62   62   62   62   64   66   70   75   81   88   96  103
  109  114  117  119  121  121  122  122  124  126  129  133  137  141  144  148
  150  150  150  148  145  141  136  132  127  122  118  113  109  104   99   95
   89   83   78   71   67   64   66   67   59                                   
    67.5-180.0 180.0   5.0 450.0                            LAT/LON1/LON2/DLON/H
   58   54   51   52   54   55   57   57   58   58   57   57   57   57   57   57
   58   59   59   60   60   60   60   61   62   65   69   74   80   87   95  102
  109  114  118  120  122  123  125  127  130  134  139  143  148  152  156  158
  159  158  156  152  148  143  137  132  128  124  120  117  114  111  107  103
   99   92   87   78   72   67   65   65   58                                   
    65.0-180.0 180.0   5.0 450.0                            LAT/LON1/LON2/DLON/H
   59   53   49   50   51   52   53   54   55   55   54   55   54   55   55   56
   57   57   58   59   59   60   60   61   63   66   70   75   81   88   96  103
  109  114  117  120  123  125  128  132  138  143  150  155  160  164  166  166
  165  163  159  154  148  141  135  130  126  123  121  120  118  116  114  111
  107  101   96   87   79   73   70   68   59                                   
    62.5-180.0 180.0   5.0 450.0                            LAT/LON1/LON2/DLON/H
   59   53   48   48   48   49   49   50   51   52   52   53   53   53   54   55
   55   56   56   57   58   58   60   61   64   67   71   77   83   89   96  102
  107  111  114  117  121  124  129  136  143  151  159  165  170  172  173  171
  168  164  158  152  145  138  132  127  123  121  120  120  120  119  118  116
  113  107  102   93   85   77   73   70   59                                   
    60.0-180.0 180.0   5.0 450.0                            LAT/LON1/LON2/DLON/H
   61   54   48   47   46   45   45   46   46   47   48   49   50   51   51   52
   52   52   52   52   53   54   56   59   62   67   72   77   83   88   94   99
  103  106  109  113  117  122  129  137  147  157  166  172  176  177  176  173
  168  162  156  149  142  135  129  124  121  120  120  120  121  121  120  119
  116  111  106   98   89   81   76   73   61                                   
    57.5-180.0 180.0   5.0 450.0                            LAT/LON1/LON2/DLON/H
   67   58   51   49   47   45   44   43   43   43   44   45   46   47   48   48
   47   46   46   46   47   48   51   55   60   66   72   78   83   88   93   97
  100  103  106  110  115  121  130  141  152  164  173  180  184  183  181  176
  170  164  158  152  145  139  134  130  127  126  126  127  127  127  126  124
  121  117  112  104   96   88   83   78   67                                   
    55.0-180.0 180.0   5.0 450.0                            LAT/LON1/LON2/DLON/H
   76   67   58   56   51   48   45   43   41   40   40   41   42   43   43   43
   42   40   39   39   40   42   46   51   58   64   71   78   83   88   92   96
   99  102  105  109  115  123  133  145  158  171  181  188  190  189  185  180
  174  169  164  159  154  149  145  141  139  138  137  137  137  136  134  132
  128  124  119  112  104   97   92   87   76                                   
    52.5-180.0 180.0   5.0 450.0                            LAT/LON1/LON2/DLON/H
   89   80   71   67   61   56   51   46   42   39   38   38   38   38   38   38
   36   35   34   34   35   38   42   48   56   63   71   78   84   89   93   96
  100  103  107  112  118  127  138  151  165  178  188  195  197  196  192  187
  182  178  174  171  167  164  160  157  154  153  152  151  150  148  144  141
  138  133  128  121  114  108  103   97   89                                   
    50.0-180.0 180.0   5.0 450.0                            LAT/LON1/LON2/DLON/H
  104   95   87   83   75   68   61   53   47   42   38   37   36   35   35   34
   33   32   31   31   33   36   41   48   55   64   72   79   85   90   94   99
  103  107  112  118  125  134  145  158  172  186  196  203  205  203  200  195
  192  189  187  185  182  179  175  172  169  167  165  164  162  159  156  152
  148  142  138  130  124  119  114  109  104                                   
    47.5-180.0 180.0   5.0 450.0                            LAT/LON1/LON2/DLON/H
  117  109  103  100   92   84   75   65   56   49   43   40   37   35   34   33
   32   31   31   32   34   38   43   50   58   66   74   81   87   92   97  102
  108  114  120  127  135  143  154  166  180  194  204  211  213  212  209  206
  203  201  200  197  195  191  186  182  179  176  175  174  172  169  165  161
  156  151  145  138  132  127  123  118  117                                   
    45.0-180.0 180.0   5.0 450.0                            LAT/LON1/LON2/DLON/H
  124  117  113  112  106   98   89   79   69   60   52   47   43   39   37   35
   34   34   35   36   39   43   48   55   62   70   77   84   90   95  101  107
  114  122  130  137  145  154  164  175  189  202  213  220  223  222  220  217
  215  213  210  207  202  196  190  185  182  180  179  178  176  174  170  167
  162  156  150  142  135  130  127  123  124                                   
    42.5-180.0 180.0   5.0 450.0                            LAT/LON1/LON2/DLON/H
  122  118  115  117  114  108  100   91   82   73   65   58   52   47   44   41
   40   40   42   44   47   51   56   61   68   75   82   87   93   98  104  112
  120  129  139  148  156  164  173  185  198  211  223  230  234  234  232  229
  226  223  218  212  204  196  189  183  179  178  178  178  178  176  173  170
  165  158  151  141  133  127  124  121  122                                   
    40.0-180.0 180.0   5.0 450.0                            LAT/LON1/LON2/DLON/H
  113  110  108  113  113  109  105   99   92   85   78   72   65   58   54   50
   49   49   51   53   56   60   63   68   73   79   85   91   96  101  108  116
  126  137  147  157  166  174  184  195  209  222  234  242  246  247  245  242
  238  232  224  215  205  194  186  180  176  176  177  179  179  177  174  171
  166  158  148  137  127  120  116  113  113                                   
    37.5-180.0 180.0   5.0 450.0                            LAT/LON1/LON2/DLON/H
  100   97   94  100  103  102  101  100   98   94   90   84   77   71   65   61
   59   59   60   62   65   67   70   73   78   83   89   94   99  105  112  121
  132  144  155  166  176  185  195  207  221  235  247  256  260  261  260  256
  251  243  233  221  209  198  189  183  180  181  183  184  184  182  179  174
  168  158  146  132  119  110  106  102  100                                   
    35.0-180.0 180.0   5.0 450.0                            LAT/LON1/LON2/DLON/H
   88   84   79   84   88   89   91   94   96   98   97   94   88   82   76   71
   68   67   67   69   70   72   73   76   80   85   91   97  103  109  117  127
  138  151  163  175  186  197  208  221  235  250  262  271  276  278  277  273
  267  258  247  235  224  213  205  200  198  198  200  200  199  195  190  184
  174  162  147  131  115  103   97   93   88                                   
    32.5-180.0 180.0   5.0 450.0                            LAT/LON1/LON2/DLON/H
   83   77   69   72   75   75   79   84   90   95   99   99   95   90   84   79
   76   73   72   72   73   74   75   77   81   87   94  101  108  115  124  134
  146  159  172  185  198  211  224  237  252  267  279  288  294  296  296  293
  288  280  271  262  253  245  238  234  231  231  231  230  226  219  211  201
  189  174  156  136  117  102   96   90   83                                   
    30.0-180.0 180.0   5.0 450.0                            LAT/LON1/LON2/DLON/H
   88   80   69   68   68   67   70   75   83   90   96   99   98   94   89   84
   80   77   74   73   74   74   75   77   82   90   98  107  114  122  132  143
  155  169  183  198  212  227  241  256  271  285  297  306  312  315  317  317
  314  310  305  300  296  292  288  284  281  278  275  271  264  254  241  228
  212  194  173  151  129  111  104   96   88                                   
    27.5-180.0 180.0   5.0 450.0                            LAT/LON1/LON2/DLON/H
  107   95   83   77   72   69   70   72   78   85   92   96   96   94   91   86
   82   77   74   73   73   74   75   79   85   93  103  112  121  130  141  153
  166  180  196  212  229  245  261  276  290  304  315  323  330  335  339  343
  345  345  346  348  349  350  349  345  340  334  328  320  310  296  280  263
  244  222  199  174  151  131  122  113  107                                   
    25.0-180.0 180.0   5.0 450.0                            LAT/LON1/LON2/DLON/H
  136  120  110   98   88   81   78   76   80   84   90   93   94   92   90   86
   81   76   73   72   73   74   77   82   89   98  109  119  129  139  150  163
  178  193  210  228  247  264  280  295  308  320  330  339  347  355  362  370
  377  384  391  399  407  412  413  409  401  391  381  370  356  340  321  301
  279  255  231  204  181  158  148  139  136                                   
    22.5-180.0 180.0   5.0 450.0                            LAT/LON1/LON2/DLON/H
  171  153  145  129  114  103   97   90   89   89   91   92   92   91   88   85
   80   75   71   71   73   76   80   86   94  104  114  125  135  146  159  174
  189  206  224  244  264  282  298  311  323  334  344  353  363  373  385  397
  409  421  434  448  460  469  470  464  453  439  426  412  397  380  360  337
  312  287  262  234  212  187  175  169  171                                   
    20.0-180.0 180.0   5.0 450.0                            LAT/LON1/LON2/DLON/H
  203  185  180  164  146  132  123  111  104   99   97   96   94   91   88   83
   78   73   70   70   73   78   84   91   99  109  119  130  140  153  167  183
  200  218  238  259  280  298  313  325  336  345  355  366  378  391  406  421
  437  453  470  487  501  510  511  503  489  473  457  443  428  410  389  365
  339  313  287  259  238  213  200  198  203                                   
    17.5-180.0 180.0   5.0 450.0                            LAT/LON1/LON2/DLON/H
  225  210  208  195  177  162  151  135  124  114  108  103   98   93   89   83
   77   72   69   70   74   80   87   95  104  113  123  133  144  157  173  190
  209  228  249  271  292  310  324  335  345  355  366  379  393  409  425  442
  459  477  495  512  525  532  531  522  507  490  475  461  447  430  409  383
  355  329  303  276  255  230  217  219  225                                   
    15.0-180.0 180.0   5.0 450.0                            LAT/LON1/LON2/DLON/H
  234  222  224  214  199  187  175  158  144  131  121  113  106   98   91   84
   77   72   69   70   74   81   89   98  107  116  125  135  147  161  178  196
  216  237  259  281  302  319  332  343  354  365  377  391  407  425  442  459
  476  492  508  522  532  536  533  524  510  496  482  469  457  440  418  391
  361  334  309  283  262  237  225  230  234                                   
    12.5-180.0 180.0   5.0 450.0                            LAT/LON1/LON2/DLON/H
  229  222  225  220  209  200  191  176  160  145  133  124  115  105   96   87
   78   72   69   70   74   81   89   98  108  117  127  137  150  165  183  202
  223  244  267  289  309  325  337  349  361  374  388  404  422  439  457  472
  486  499  511  520  526  527  523  516  506  495  484  473  461  444  420  390
  358  330  306  283  261  236  225  231  229                                   
    10.0-180.0 180.0   5.0 450.0                            LAT/LON1/LON2/DLON/H
  219  215  218  214  208  202  197  184  170  155  143  133  123  113  101   90
   81   74   70   70   73   80   88   98  108  118  128  139  153  169  189  209
  230  252  274  295  313  328  340  352  366  382  399  416  434  452  467  481
  491  500  508  513  514  514  511  507  501  495  487  477  464  445  417  384
  350  322  300  278  257  232  223  227  219                                   
     7.5-180.0 180.0   5.0 450.0                            LAT/LON1/LON2/DLON/H
  210  208  210  204  201  196  193  184  171  159  148  139  130  119  106   94
   84   76   72   71   73   79   87   97  108  119  130  143  158  176  196  217
