data/edconvlstm_nd/pred2580.15i
     1.0            IONOSPHERE MAPS     GNSS                IONEX VERSION / TYPE
pyspatialgeodesy        IME             05-JAN-18 20:20     PGM / RUN BY / DATE 
Map Name                                                    COMMENT             
Predicted global ionosphere maps (GIM).                     DESCRIPTION         
  2015     9    15     0     0     0                        EPOCH OF FIRST MAP  
  2015     9    16     0     0     0                        EPOCH OF LAST MAP   
  7200                                                      INTERVAL            
    13                                                      # OF MAPS IN FILE   
  NONE                                                      MAPPING FUNCTION    
10.0                                                        ELEVATION CUTOFF    
One-way carrier phase leveled to code                       OBSERVABLES USED    
  6371.0                                                    BASE RADIUS         
 2                                                          MAP DIMENSION       
   450.0 450.0   0.0                                        HGT1 / HGT2 / DHGT  
    87.5 -87.5  -2.5                                        LAT1 / LAT2 / DLAT  
  -180.0 180.0   5.0                                        LON1 / LON2 / DLON  
    -1                                                      EXPONENT            
                                                            END OF HEADER       
[from data line 2145]
     6                                                      START OF TEC MAP    
  2015     9    15    10     0     0                        EPOCH OF CURRENT MAP
    87.5-180.0 180.0   5.0 450.0                            LAT/LON1/LON2/DLON/H
   66   76   77   80   83   83   83   79   80   82   82   82   82   82   82   82
   82   82   81   81   81   81   80   80   80   79   79   79   79   78   78   78
   77   77   76   76   75   75   74   74   73   73   72   72   71   71   71   70
   70   69   69   68   67   67   66   66   66   65   65   65   65   65   65   66
   67   69   67   66   71   74   86   86   66                                   
    85.0-180.0 180.0   5.0 450.0                            LAT/LON1/LON2/DLON/H
   67   83   92   83   85   89   88   89   89   91   90   91   90   90   90   90
   89   89   89   89   88   88   88   88   88   88   88   88   88   88   88   87
   87   86   86   85   85   84   84   83   83   82   82   81   81   80   80   79
   79   78   77   76   76   75   74   73   73   72   72   72   71   71   72   72
   74   75   71   70   72   77   87   87   67                                   
    82.5-180.0 180.0   5.0 450.0                            LAT/LON1/LON2/DLON/H
   65   79   90   83   83   86   87   87   88   89   88   89   88   87   86   86
   85   84   84   84   84   84   84   85   85   86   86   87   87   87   87   87
   87   87   87   86   86   85   85   85   84   84   84   84   84   83   83   82
   82   81   80   78   77   76   75   73   72   71   70   69   69   68   68   68
   70   71   68   66   71   77   76   75   65                                   
    80.0-180.0 180.0   5.0 450.0                            LAT/LON1/LON2/DLON/H
   65   72   82   78   80   80   81   81   83   83   82   82   81   80   78   77
   76   76   76   76   76   76   77   78   79   81   82   83   85   85   86   87
   87   87   87   87   86   86   86   86   86   86   87   87   87   87   87   87
   86   85   84   82   80   78   76   74   72   70   68   67   65   64   63   63
   64   64   64   63   65   73   77   75   65                                   
    77.5-180.0 180.0   5.0 450.0                            LAT/LON1/LON2/DLON/H
   65   69   73   71   71   74   75   77   78   78   76   76   74   72   71   70
   69   68   68   68   69   70   72   73   75   77   79   82   84   85   87   88
   89   89   89   89   89   89   89   89   90   91   92   94   95   95   96   96
   95   94   93   91   88   85   82   79   76   73   70   67   64   62   60   59
   58   58   56   57   58   59   64   67   65                                   
    75.0-180.0 180.0   5.0 450.0                            LAT/LON1/LON2/DLON/H
   52   58   59   60   62   66   67   67   68   69   66   66   63   62   60   58
   58   57   58   58   60   61   63   66   68   71   74   77   80   83   85   87
   89   89   90   90   90   91   91   93   94   96   98  100  102  103  104  104
  104  103  101   98   95   92   88   85   80   76   72   68   65   61   58   57
   55   53   52   49   52   52   57   55   52                                   
    72.5-180.0 180.0   5.0 450.0                            LAT/LON1/LON2/DLON/H
   46   50   51   51   54   59   61   62   63   63   61   60   58   56   54   53
   52   52   52   53   55   57   59   61   64   67   71   75   78   82   85   88
   90   92   92   93   94   95   96   98  101  104  107  109  112  114  115  115
  114  113  110  108  104  100   96   92   87   83   78   74   69   65   62   59
   56   54   52   49   49   50   52   54   46                                   
    70.0-180.0 180.0   5.0 450.0                            LAT/LON1/LON2/DLON/H
   43   44   45   45   48   51   53   55   56   57   55   55   52   50   49   48
   47   47   48   49   51   53   55   57   60   63   67   71   76   80   84   87
   90   92   93   95   96   97   99  102  106  109  113  117  119  121  122  122
  120  118  116  112  109  105  101   97   93   88   84   79   75   71   67   64
   60   57   55   51   49   49   53   55   43                                   
    67.5-180.0 180.0   5.0 450.0                            LAT/LON1/LON2/DLON/H
   38   39   40   40   42   45   47   50   52   53   52   52   50   49   48   47
   47   47   48   49   50   52   53   55   58   61   64   68   72   77   81   85
   88   91   92   94   95   97  100  103  108  112  116  120  123  124  124  123
  121  118  115  112  108  105  101   98   94   91   87   84   80   76   72   69
   66   62   59   54   51   49   51   53   38                                   
    65.0-180.0 180.0   5.0 450.0                            LAT/LON1/LON2/DLON/H
   39   38   37   37   38   40   43   46   48   51   50   51   50   50   49   49
   49   49   50   51   52   52   54   55   57   60   63   67   71   76   80   84
   88   91   93   94   96   99  102  106  111  116  120  124  126  127  126  124
  121  118  115  112  108  105  103  100   98   96   93   91   88   84   81   78
   75   71   68   62   58   55   55   57   39                                   
    62.5-180.0 180.0   5.0 450.0                            LAT/LON1/LON2/DLON/H
   41   39   37   35   35   37   39   41   45   47   48   50   50   51   51   51
   51   51   52   52   52   52   53   54   56   58   61   65   70   74   79   83
   87   90   92   94   96   99  103  108  113  118  122  125  126  126  125  123
  120  117  114  111  108  106  104  103  101  100   99   97   95   92   88   86
   83   79   76   70   64   60   59   60   41                                   
    60.0-180.0 180.0   5.0 450.0                            LAT/LON1/LON2/DLON/H
   45   41   37   34   33   33   34   36   39   42   44   47   48   49   50   51
   51   51   51   50   50   50   50   51   53   56   59   63   67   72   76   80
   84   88   91   93   96   99  103  108  113  118  122  124  125  124  122  120
  118  116  113  111  109  108  106  106  105  104  104  102  100   97   94   91
   89   85   82   75   69   64   62   62   45                                   
    57.5-180.0 180.0   5.0 450.0                            LAT/LON1/LON2/DLON/H
   49   43   40   35   32   31   31   32   35   37   39   43   45   47   48   49
   49   49   48   47   46   46   47   48   51   54   58   63   67   71   75   80
   84   88   92   95   99  102  106  111  116  120  123  125  125  125  124  122
  121  120  119  118  117  115  114  113  113  112  112  110  108  105  101   98
   95   91   88   81   75   69   66   65   49                                   
    55.0-180.0 180.0   5.0 450.0                            LAT/LON1/LON2/DLON/H
   54   47   43   38   33   31   30   29   30   32   34   38   40   43   45   46
   46   45   44   43   42   42   43   45   48   53   58   62   67   71   75   80
   84   89   94   99  103  107  111  115  120  124  126  128  128  128  128  128
  129  130  130  130  128  127  125  124  123  122  120  119  116  112  108  105
  101   96   94   86   80   73   70   68   54                                   
    52.5-180.0 180.0   5.0 450.0                            LAT/LON1/LON2/DLON/H
   60   52   48   42   36   33   31   28   28   29   30   33   36   39   41   42
   42   41   40   39   38   38   39   42   47   52   58   64   68   72   77   81
   87   93   99  104  110  114  118  122  126  130  132  134  134  135  136  138
  141  143  144  144  143  141  138  136  134  133  131  128  125  121  116  112
  108  103   99   91   84   77   73   71   60                                   
    50.0-180.0 180.0   5.0 450.0                            LAT/LON1/LON2/DLON/H
   65   58   54   48   41   38   34   31   29   28   28   31   33   36   38   39
   39   38   37   36   35   35   37   41   46   53   60   66   71   75   79   84
   90   97  105  112  118  123  128  132  136  139  141  143  144  146  148  151
  155  158  159  159  157  154  151  148  145  143  140  138  134  130  125  121
  116  110  106   97   89   82   78   76   65                                   
    47.5-180.0 180.0   5.0 450.0                            LAT/LON1/LON2/DLON/H
   70   64   60   55   48   45   41   36   33   31   30   31   32   34   36   37
   37   37   36   35   35   35   38   42   48   55   62   69   74   78   82   87
   94  103  113  121  128  134  139  143  147  151  153  155  157  158  161  165
  168  170  171  170  168  164  161  157  154  152  149  146  143  139  135  131
  126  120  114  104   95   88   83   81   70                                   
    45.0-180.0 180.0   5.0 450.0                            LAT/LON1/LON2/DLON/H
   74   70   66   63   55   53   49   44   40   37   34   34   34   36   37   37
   38   38   38   38   38   39   41   45   51   59   66   73   77   81   85   91
   99  110  121  131  139  146  151  156  161  165  168  170  171  173  175  177
  179  180  179  176  173  169  166  163  161  158  156  154  151  148  145  142
  138  130  123  112  102   94   88   87   74                                   
    42.5-180.0 180.0   5.0 450.0                            LAT/LON1/LON2/DLON/H
   77   74   70   69   62   61   58   54   49   45   41   40   39   39   40   41
   41   42   43   44   45   46   47   51   57   64   71   77   82   85   90   96
  105  117  129  141  151  158  165  170  176  180  184  186  186  187  188  188
  187  185  182  178  174  170  167  166  164  163  162  160  159  157  155  153
  149  141  133  120  108   99   93   92   77                                   
    40.0-180.0 180.0   5.0 450.0                            LAT/LON1/LON2/DLON/H
   79   77   73   72   67   67   66   63   59   54   50   48   46   46   46   47
   48   50   52   53   54   55   56   58   63   70   76   82   86   90   95  102
  112  124  138  151  162  171  179  186  192  197  201  203  203  202  200  198
  195  190  184  178  174  170  169  168  168  168  168  167  166  165  164  163
  159  151  142  128  115  104   97   95   79                                   
    37.5-180.0 180.0   5.0 450.0                            LAT/LON1/LON2/DLON/H
   81   78   74   73   70   71   70   69   66   62   58   56   55   54   55   56
   57   60   62   64   65   64   64   66   69   75   81   87   92   96  102  109
  120  133  148  162  174  184  193  201  209  215  219  220  220  218  215  211
  205  198  191  184  179  176  175  175  175  176  176  175  174  174  173  171
  168  159  149  134  120  108  101   97   81                                   
    35.0-180.0 180.0   5.0 450.0                            LAT/LON1/LON2/DLON/H
   82   78   74   72   69   71   72   72   71   68   65   64   63   63   64   66
   68   70   73   74   74   72   71   72   75   80   87   93   98  104  110  119
  130  144  159  174  187  199  209  218  227  234  238  240  239  237  233  228
  222  215  206  199  194  191  190  190  190  190  189  187  186  184  181  179
  174  165  154  139  124  110  103   98   82                                   
    32.5-180.0 180.0   5.0 450.0                            LAT/LON1/LON2/DLON/H
   83   79   74   71   68   69   71   72   72   70   69   69   69   71   73   76
   78   80   81   81   80   78   76   77   80   85   92   99  106  112  120  129
  142  156  172  187  201  213  225  236  245  253  258  260  260  259  256  253
  248  242  235  228  222  219  216  215  213  211  209  205  201  197  192  187
  180  169  157  141  126  111  105   99   83                                   
    30.0-180.0 180.0   5.0 450.0                            LAT/LON1/LON2/DLON/H
   86   80   74   70   67   68   69   70   71   71   70   72   74   77   81   84
   86   87   87   85   83   80   79   79   83   89   97  105  113  121  130  141
  154  169  185  201  216  229  242  253  264  273  279  282  283  284  285  284
  283  279  275  269  264  259  255  251  247  242  236  230  222  214  205  196
  186  173  160  143  128  112  107  101   86                                   
    27.5-180.0 180.0   5.0 450.0                            LAT/LON1/LON2/DLON/H
   91   85   78   72   68   69   69   69   70   70   71   73   76   81   87   90
   92   91   89   86   83   81   80   81   86   93  101  110  118  128  139  152
  166  182  199  215  230  245  259  271  283  292  299  305  309  313  317  321
  323  325  323  320  315  309  303  295  287  279  269  259  248  235  221  208
  194  179  164  146  131  116  112  105   91                                   
    25.0-180.0 180.0   5.0 450.0                            LAT/LON1/LON2/DLON/H
  100   93   86   78   74   73   72   71   71   71   71   73   78   84   90   94
   95   93   89   85   82   80   80   83   88   95  103  112  122  134  147  161
  177  194  212  229  246  262  276  290  301  312  320  328  335  343  351  359
  366  372  374  373  369  362  352  341  329  317  304  291  275  258  240  223
  205  188  171  151  137  122  119  112  100                                   
    22.5-180.0 180.0   5.0 450.0                            LAT/LON1/LON2/DLON/H
  111  106   98   90   84   83   81   78   77   76   75   76   79   84   90   94
   94   92   88   84   81   81   82   84   89   96  104  113  124  137  152  169
  187  206  224  243  261  278  294  307  320  331  341  351  361  372  383  394
  405  414  420  421  417  408  396  381  366  351  335  319  302  282  261  240
  219  200  181  161  147  132  129  123  111                                   
    20.0-180.0 180.0   5.0 450.0                            LAT/LON1/LON2/DLON/H
  126  122  113  105   99   96   93   90   88   85   82   81   82   85   90   93
   92   89   85   82   81   82   84   87   91   96  104  113  124  139  157  176
  196  216  236  256  276  294  310  324  337  349  361  373  385  397  410  422
  435  446  453  454  449  439  425  408  391  375  359  342  324  303  280  258
  236  215  196  175  160  145  141  135  126                                   
    17.5-180.0 180.0   5.0 450.0                            LAT/LON1/LON2/DLON/H
  141  140  130  122  116  112  109  106  104  100   95   90   87   88   90   91
   89   86   83   82   83   86   88   90   93   97  102  111  124  140  160  182
  204  226  247  269  289  307  324  339  353  366  379  392  405  417  429  441
  452  462  469  469  464  453  438  422  405  390  374  358  341  320  298  275
  253  232  213  192  177  161  156  149  141                                   
    15.0-180.0 180.0   5.0 450.0                            LAT/LON1/LON2/DLON/H
  156  156  147  138  132  127  125  123  121  117  110  102   96   93   91   90
   87   84   83   84   87   91   94   95   95   97  102  111  125  143  165  189
  212  235  257  279  299  318  335  350  365  380  394  408  420  430  440  449
  457  464  469  469  462  452  438  424  410  396  382  367  351  332  311  290
  269  249  231  211  195  177  172  163  156                                   
    12.5-180.0 180.0   5.0 450.0                            LAT/LON1/LON2/DLON/H
  169  170  161  152  146  140  139  138  137  133  125  115  107  100   95   91
   88   85   85   88   93   98  100  100   98   99  103  113  128  148  172  196
  220  243  265  286  306  324  341  358  375  392  406  419  429  437  443  448
  452  456  459  457  452  442  431  420  408  397  384  371  356  339  320  300
  281  264  247  228  212  194  188  176  169                                   
    10.0-180.0 180.0   5.0 450.0                            LAT/LON1/LON2/DLON/H
  181  181  173  161  156  149  149  148  148  145  138  128  118  109  102   95
   91   88   89   94  100  105  107  105  102  102  107  118  135  157  181  205
  228  250  270  290  309  327  344  363  382  399  414  425  432  437  440  441
  443  444  445  444  439  431  422  413  404  393  382  370  356  340  322  305
  287  273  258  241  226  208  202  188  181                                   
     7.5-180.0 180.0   5.0 450.0                            LAT/LON1/LON2/DLON/H
  190  189  181  168  162  153  153  152  154  151  146  137  128  118  110  102
   96   94   96  101  107  112  112  110  108  108  115  128  146  167  191  214
