data/edconvlstm_nd/pred0650.15i
     1.0            IONOSPHERE MAPS     GNSS                IONEX VERSION / TYPE
pyspatialgeodesy        IME             05-JAN-18 20:20     PGM / RUN BY / DATE 
Map Name                                                    COMMENT             
Predicted global ionosphere maps (GIM).                     DESCRIPTION         
  2015     3     6     0     0     0                        EPOCH OF FIRST MAP  
  2015     3     7     0     0     0                        EPOCH OF LAST MAP   
  7200                                                      INTERVAL            
    13                                                      # OF MAPS IN FILE   
  NONE                                                      MAPPING FUNCTION    
10.0                                                        ELEVATION CUTOFF    
One-way carrier phase leveled to code                       OBSERVABLES USED    
  6371.0                                                    BASE RADIUS         
 2                                                          MAP DIMENSION       
   450.0 450.0   0.0                                        HGT1 / HGT2 / DHGT  
    87.5 -87.5  -2.5                                        LAT1 / LAT2 / DLAT  
  -180.0 180.0   5.0                                        LON1 / LON2 / DLON  
    -1                                                      EXPONENT            
                                                            END OF HEADER       
[from data line 858]
     3                                                      START OF TEC MAP    
  2015     3     6     4     0     0                        EPOCH OF CURRENT MAP
    87.5-180.0 180.0   5.0 450.0                            LAT/LON1/LON2/DLON/H
  132  131  129  132  132  130  127  125  127  128  128  129  129  130  130  130
  130  130  129  129  128  128  127  126  125  124  123  123  122  121  121  120
  120  120  120  120  120  120  120  120  120  120  121  121  121  122  122  123
  124  125  125  126  127  127  128  128  128  128  128  128  128  127  127  127
  128  129  127  126  129  130  131  125  132                                   
    85.0-180.0 180.0   5.0 450.0                            LAT/LON1/LON2/DLON/H
  133  139  127  131  133  131  130  129  129  129  129  129  129  129  129  129
  128  128  127  126  125  124  123  122  121  120  119  119  118  118  118  118
  119  119  120  121  122  123  124  125  126  127  128  129  130  131  132  133
  135  136  137  138  139  140  141  142  143  143  143  143  143  142  142  142
  143  144  140  141  135  135  134  127  133                                   
    82.5-180.0 180.0   5.0 450.0                            LAT/LON1/LON2/DLON/H
  142  139  139  132  131  129  128  127  127  126  125  126  125  125  124  123
  122  121  119  117  115  113  111  109  107  106  105  104  104  104  105  106
  108  110  112  115  117  120  122  124  126  128  130  131  133  134  136  138
  140  142  144  147  149  151  153  155  156  158  158  159  159  159  159  159
  159  158  154  153  154  144  138  129  142                                   
    80.0-180.0 180.0   5.0 450.0                            LAT/LON1/LON2/DLON/H
  152  147  137  131  130  126  126  125  124  123  122  122  121  120  119  118
  117  115  112  110  107  104  101   98   95   93   92   91   91   92   94   96
   99  103  107  111  115  119  123  126  128  130  132  134  135  137  139  142
  144  148  151  155  159  163  166  170  172  174  176  178  178  179  179  179
  179  176  172  170  172  164  161  143  152                                   
    77.5-180.0 180.0   5.0 450.0                            LAT/LON1/LON2/DLON/H
  164  158  148  141  135  131  130  128  127  124  121  121  120  118  117  115
  112  110  107  104  100   97   93   90   87   85   84   83   84   86   89   93
   97  103  109  114  120  125  129  133  135  137  138  139  140  141  143  146
  150  155  160  166  172  178  184  189  193  196  199  201  203  204  205  206
  205  204  198  198  197  186  179  165  164                                   
    75.0-180.0 180.0   5.0 450.0                            LAT/LON1/LON2/DLON/H
  178  175  161  153  145  141  137  132  129  125  121  118  115  112  109  106
  103  100   97   94   91   88   85   82   80   78   77   77   77   79   83   87
   92   98  104  111  117  122  127  130  132  133  133  133  133  134  136  140
  146  153  161  170  179  187  194  201  206  210  213  216  219  221  223  225
  225  225  221  216  215  207  200  188  178                                   
    72.5-180.0 180.0   5.0 450.0                            LAT/LON1/LON2/DLON/H
  191  191  179  169  161  155  150  144  139  133  126  121  115  109  103   98
   94   91   88   87   85   84   83   82   80   79   79   79   80   81   84   88
   93   99  105  111  116  121  125  128  129  129  128  127  127  129  132  138
  146  156  168  180  191  202  210  217  223  226  229  231  233  235  238  241
  243  244  243  239  235  225  217  209  191                                   
    70.0-180.0 180.0   5.0 450.0                            LAT/LON1/LON2/DLON/H
  208  206  194  183  173  165  159  153  147  139  130  122  112  102   93   85
   80   77   76   76   78   79   81   82   82   82   82   82   83   84   85   88
   91   94   98  103  107  111  113  115  115  114  113  112  113  115  121  129
  141  155  170  185  199  211  221  228  233  235  236  237  238  240  242  246
  249  251  252  251  248  239  234  227  208                                   
    67.5-180.0 180.0   5.0 450.0                            LAT/LON1/LON2/DLON/H
  214  212  200  189  179  171  164  157  151  142  132  122  109   95   83   73
   67   64   65   68   72   77   81   84   86   87   88   87   87   87   87   87
   87   88   89   90   92   94   95   96   95   94   93   93   95   99  108  119
  135  152  171  189  206  219  229  235  238  239  239  238  237  237  238  241
  245  247  250  249  247  240  237  234  214                                   
    65.0-180.0 180.0   5.0 450.0                            LAT/LON1/LON2/DLON/H
  217  212  201  190  181  172  166  160  154  146  136  124  109   93   78   67
   60   58   59   64   71   78   84   89   92   93   93   93   92   90   88   86
   83   80   78   77   77   77   77   77   77   77   77   79   83   90  101  116
  135  155  177  197  215  229  238  244  246  246  244  241  239  237  236  238
  240  242  245  243  242  236  236  235  217                                   
    62.5-180.0 180.0   5.0 450.0                            LAT/LON1/LON2/DLON/H
  216  210  200  188  179  170  164  158  154  146  137  125  110   94   79   67
   60   58   61   67   74   82   88   92   95   95   95   94   93   91   87   83
   78   72   68   65   63   62   62   62   63   64   66   70   77   86  100  118
  139  162  185  206  224  238  248  253  255  255  253  250  247  243  241  240
  240  240  241  238  237  230  232  233  216                                   
    60.0-180.0 180.0   5.0 450.0                            LAT/LON1/LON2/DLON/H
  216  207  198  184  175  165  157  152  148  141  133  123  110   95   82   71
   65   64   67   73   79   85   89   92   92   92   91   90   88   86   82   77
   71   64   59   55   52   51   52   53   55   57   62   68   76   89  104  124
  146  170  193  214  232  246  256  262  266  267  267  265  262  258  255  252
  249  245  244  239  237  229  230  230  216                                   
    57.5-180.0 180.0   5.0 450.0                            LAT/LON1/LON2/DLON/H
  222  212  203  185  175  162  151  144  139  132  125  117  106   95   85   78
   74   74   77   81   84   87   87   87   85   83   82   81   80   79   75   71
   65   59   54   51   49   49   50   51   54   58   64   72   82   96  114  134
  156  180  203  223  240  254  265  273  279  283  286  286  285  282  278  274
  268  262  258  250  247  236  236  234  222                                   
    55.0-180.0 180.0   5.0 450.0                            LAT/LON1/LON2/DLON/H
  237  227  216  195  183  166  151  139  130  121  113  106   99   92   86   83
   83   84   86   87   87   85   82   78   75   72   71   71   71   71   69   66
   62   58   55   54   53   54   55   56   59   63   70   80   92  107  126  146
  168  191  212  232  248  262  274  284  293  300  306  310  312  310  307  302
  294  286  281  271  266  253  250  246  237                                   
    52.5-180.0 180.0   5.0 450.0                            LAT/LON1/LON2/DLON/H
  262  251  239  216  203  182  162  143  128  114  103   96   90   86   85   86
   88   90   91   89   86   81   76   71   67   65   64   65   65   66   65   64
   62   61   61   63   64   65   66   67   68   72   80   90  104  120  139  160
  182  203  223  242  258  271  284  296  307  318  327  334  338  338  335  331
  322  314  307  295  289  275  270  264  262                                   
    50.0-180.0 180.0   5.0 450.0                            LAT/LON1/LON2/DLON/H
  291  281  266  245  231  209  185  159  136  115   99   89   83   80   82   85
   89   92   91   88   83   78   72   68   65   64   64   65   66   66   66   66
   67   69   72   76   79   81   80   79   79   82   89  101  116  134  154  175
  197  218  238  255  271  285  297  309  322  334  344  353  358  359  357  353
  346  338  331  320  313  299  293  287  291                                   
    47.5-180.0 180.0   5.0 450.0                            LAT/LON1/LON2/DLON/H
  318  310  294  278  264  241  215  185  155  127  104   89   80   77   79   83
   87   89   88   84   80   76   74   72   72   72   72   72   72   72   71   72
   74   78   84   90   94   96   94   91   89   91   98  111  128  148  169  192
  215  236  256  273  289  302  313  324  335  345  354  362  367  368  367  364
  358  352  346  336  331  319  314  309  318                                   
    45.0-180.0 180.0   5.0 450.0                            LAT/LON1/LON2/DLON/H
  336  329  316  305  292  272  247  215  181  147  118   97   85   79   79   82
   85   85   84   81   80   79   81   83   85   87   87   85   83   80   79   78
   81   87   94  102  107  109  106  101   98   99  106  120  139  162  186  211
  235  257  277  295  309  321  330  337  344  350  355  360  363  364  362  360
  356  353  349  342  339  330  327  322  336                                   
    42.5-180.0 180.0   5.0 450.0                            LAT/LON1/LON2/DLON/H
  341  334  326  318  308  292  270  241  207  170  137  112   96   87   84   84
   84   84   83   83   85   89   93   99  102  104  103   99   94   90   87   86
   89   95  103  111  117  117  114  108  104  105  113  129  150  176  203  230
  255  279  299  316  330  340  346  349  350  350  351  351  352  351  350  349
  347  345  344  340  339  332  331  326  341                                   
    40.0-180.0 180.0   5.0 450.0                            LAT/LON1/LON2/DLON/H
  336  325  319  312  307  294  277  254  224  189  156  130  112  100   95   91
   89   88   89   92   97  103  110  115  118  118  115  109  103   99   97   97
  100  105  112  118  123  123  120  114  111  112  121  138  162  189  219  248
  275  299  319  335  348  357  360  360  357  352  348  345  344  343  342  342
  341  341  342  340  340  333  332  323  336                                   
    37.5-180.0 180.0   5.0 450.0                            LAT/LON1/LON2/DLON/H
  327  310  303  292  289  279  266  249  225  196  168  145  128  116  108  103
  100   99  102  108  115  121  126  128  127  124  120  115  112  110  110  111
  113  116  119  124  127  127  124  120  118  120  130  148  173  202  233  263
  291  314  334  351  364  373  377  376  370  363  356  352  350  350  352  354
  354  354  355  352  353  345  341  326  327                                   
    35.0-180.0 180.0   5.0 450.0                            LAT/LON1/LON2/DLON/H
  327  304  291  270  267  255  242  229  211  189  168  151  138  129  123  117
  114  116  121  129  135  138  137  133  128  124  121  120  121  123  126  128
  129  127  127  128  129  130  129  127  126  129  140  158  183  212  243  274
  301  324  345  363  378  391  398  399  395  388  381  378  378  381  386  390
  392  392  392  387  388  379  369  345  327                                   
    32.5-180.0 180.0   5.0 450.0                            LAT/LON1/LON2/DLON/H
  351  325  303  268  255  236  217  203  188  172  158  148  142  138  134  130
  129  133  141  150  153  150  141  131  124  121  122  126  133  141  148  150
  148  142  136  133  133  134  135  134  134  137  148  165  189  218  249  278
  304  327  348  368  389  407  421  429  430  427  424  425  429  437  447  455
  458  458  458  450  450  440  421  389  351                                   
    30.0-180.0 180.0   5.0 450.0                            LAT/LON1/LON2/DLON/H
  408  384  350  300  274  242  211  189  171  155  144  140  139  140  140  139
  141  148  157  164  163  153  139  127  121  123  130  141  155  168  179  181
  175  162  150  142  139  140  141  140  140  143  153  169  192  219  248  276
  301  322  344  367  394  421  444  462  472  477  482  489  500  516  532  545
  552  554  552  540  539  526  494  459  408                                   
    27.5-180.0 180.0   5.0 450.0                            LAT/LON1/LON2/DLON/H
  500  483  435  373  334  290  242  206  177  154  140  135  136  139  142  143
  147  155  165  169  163  150  135  127  127  136  151  170  191  211  224  225
  212  191  169  155  149  147  146  143  141  143  152  167  189  215  242  268
  291  312  334  361  395  433  468  498  519  535  548  563  583  606  629  649
  662  669  667  653  650  635  589  554  500                                   
    25.0-180.0 180.0   5.0 450.0                            LAT/LON1/LON2/DLON/H
  622  616  555  487  435  382  318  264  219  183  157  145  141  143  144  146
  150  156  163  163  156  144  136  136  147  166  191  218  246  270  282  277
  256  225  194  171  159  153  148  142  137  137  145  160  182  207  234  259
  281  302  326  358  400  448  495  537  569  595  618  641  667  696  726  751
  770  782  786  775  768  755  706  671  622                                   
    22.5-180.0 180.0   5.0 450.0                            LAT/LON1/LON2/DLON/H
  756  762  698  632  569  511  434  363  300  246  205  178  164  158  155  153
  153  155  156  154  148  143  146  159  183  214  248  282  312  335  342  331
  300  258  217  186  166  154  143  133  125  124  132  149  173  200  227  253
  276  299  326  363  411  468  525  575  617  651  680  708  738  771  803  832
  855  874  885  881  869  863  831  798  756                                   
    20.0-180.0 180.0   5.0 450.0                            LAT/LON1/LON2/DLON/H
  881  891  834  780  711  656  574  494  416  345  283  238  209  192  181  172
  164  159  155  150  148  153  168  197  236  278  317  351  377  392  392  370
  330  278  228  190  164  147  131  117  108  107  118  138  164  194  224  252
  278  304  335  377  430  492  553  608  653  690  722  752  783  816  849  878
  903  926  944  948  935  937  931  906  881                                   
    17.5-180.0 180.0   5.0 450.0                            LAT/LON1/LON2/DLON/H
  969  979  937  896  833  788  715  636  552  467  387  322  277  247  225  207
  190  176  166  160  162  177  206  251  302  350  386  411  425  427  412  379
  329  271  219  179  153  133  116  100   91   91  104  128  159  193  226  257
  287  318  353  399  454  516  575  629  673  709  739  768  797  828  858  885
  910  933  955  965  956  961  978  967  969                                   
    15.0-180.0 180.0   5.0 450.0                            LAT/LON1/LON2/DLON/H
 1000 1010  987  960  909  880  824  757  677  588  498  420  361  319  288  260
  234  212  196  189  195  219  262  318  375  419  445  453  447  428  396  352
  298  242  196  161  138  119  102   87   78   81   97  124  159  196  233  268
  302  337  377  423  477  534  589  636  675  708  735  761  787  814  839  862
  883  901  923  936  933  939  967  971 1000                                   
    12.5-180.0 180.0   5.0 450.0                            LAT/LON1/LON2/DLON/H
  978  987  980  966  932  917  880  829  763  682  593  512  448  401  363  327
  294  265  245  238  249  281  333  393  446  477  482  465  434  396  352  303
  253  207  170  145  127  112   96   82   74   78   96  125  162  202  241  280
  317  356  398  443  493  543  590  631  665  693  717  741  765  788  808  825
  840  852  870  882  882  887  914  932  978                                   
    10.0-180.0 180.0   5.0 450.0                            LAT/LON1/LON2/DLON/H
  925  931  930  925  907  903  882  847  798  731  654  581  522  478  440  403
  366  334  313  308  323  360  413  465  500  507  484  440  390  340  293  249
  210  178  155  139  127  114   99   85   78   83  100  129  166  207  247  288
  328  369  411  454  499  542  583  619  648  672  695  719  743  765  783  794
  803  809  820  828  827  829  849  873  925                                   
     7.5-180.0 180.0   5.0 450.0                            LAT/LON1/LON2/DLON/H
  865  864  861  858  850  853  842  820  786  734  673  616  571  538  509  475
  440  409  391  390  409  444  484  515  521  496  445  383  324  275  236  207
