data/edconvlstm_nd/pred3160.15i
     1.0            IONOSPHERE MAPS     GNSS                IONEX VERSION / TYPE
pyspatialgeodesy        IME             05-JAN-18 20:20     PGM / RUN BY / DATE 
Map Name                                                    COMMENT             
Predicted global ionosphere maps (GIM).                     DESCRIPTION         
  2015    11    12     0     0     0                        EPOCH OF FIRST MAP  
  2015    11    13     0     0     0                        EPOCH OF LAST MAP   
  7200                                                      INTERVAL            
    13                                                      # OF MAPS IN FILE   
  NONE                                                      MAPPING FUNCTION    
10.0                                                        ELEVATION CUTOFF    
One-way carrier phase leveled to code                       OBSERVABLES USED    
  6371.0                                                    BASE RADIUS         
 2                                                          MAP DIMENSION       
   450.0 450.0   0.0                                        HGT1 / HGT2 / DHGT  
    87.5 -87.5  -2.5                                        LAT1 / LAT2 / DLAT  
  -180.0 180.0   5.0                                        LON1 / LON2 / DLON  
    -1                                                      EXPONENT            
                                                            END OF HEADER       
[from data line 4719]
    12                                                      START OF TEC MAP    
  2015    11    12    22     0     0                        EPOCH OF CURRENT MAP
    87.5-180.0 180.0   5.0 450.0                            LAT/LON1/LON2/DLON/H
   89   81   72   72   77   73   71   67   68   70   69   70   70   71   71   71
   71   70   70   69   68   67   66   65   64   62   61   60   60   59   58   58
   58   58   58   58   58   58   58   59   59   60   60   61   62   62   63   63
   63   64   64   64   64   65   65   65   65   65   64   64   64   64   64   63
   63   63   59   57   63   65   84   93   89                                   
    85.0-180.0 180.0   5.0 450.0                            LAT/LON1/LON2/DLON/H
   93   83   88   70   69   72   70   71   72   74   74   74   75   75   75   75
   75   74   73   72   71   70   68   67   65   64   63   61   60   60   59   59
   58   58   59   59   59   60   60   61   62   62   63   64   64   65   65   65
   66   66   66   66   67   67   67   67   66   66   66   66   65   65   65   64
   65   63   60   57   62   67   71   68   93                                   
    82.5-180.0 180.0   5.0 450.0                            LAT/LON1/LON2/DLON/H
   71   67   67   61   65   68   70   70   72   73   75   77   78   79   79   79
   79   78   77   75   74   72   69   67   65   62   60   58   57   55   54   54
   53   53   53   53   54   54   55   56   57   57   58   59   59   60   60   61
   61   61   61   61   61   61   61   61   60   60   60   59   58   57   57   56
   56   54   52   51   58   71   63   66   71                                   
    80.0-180.0 180.0   5.0 450.0                            LAT/LON1/LON2/DLON/H
   49   52   58   54   60   60   66   67   71   74   77   79   81   82   82   81
   80   78   76   74   71   67   64   61   58   55   52   49   47   45   44   43
   42   42   43   43   44   45   46   47   49   50   51   52   52   53   53   54
   54   54   54   54   54   54   54   54   53   53   52   51   50   49   48   47
   47   46   45   47   47   56   49   60   49                                   
    77.5-180.0 180.0   5.0 450.0                            LAT/LON1/LON2/DLON/H
   61   59   60   59   66   68   74   77   82   84   88   91   94   95   95   94
   93   90   87   83   79   75   71   67   63   59   55   52   50   48   46   45
   45   44   44   45   45   46   47   47   48   49   49   49   49   50   50   50
   50   50   50   50   51   51   51   50   50   49   48   47   46   44   43   42
   42   42   43   45   46   51   49   64   61                                   
    75.0-180.0 180.0   5.0 450.0                            LAT/LON1/LON2/DLON/H
   56   60   63   62   70   74   80   84   91   96   99  103  104  104  103  101
   97   94   89   85   80   76   72   68   64   60   57   55   52   51   49   48
   48   48   48   48   49   49   49   50   50   50   50   50   49   49   49   48
   48   48   48   48   48   48   48   48   47   47   46   44   43   41   40   39
   39   42   43   45   46   49   46   51   56                                   
    72.5-180.0 180.0   5.0 450.0                            LAT/LON1/LON2/DLON/H
   73   74   77   81   83   87   95   98  102  106  110  112  113  112  110  106
  101   96   91   85   80   75   71   67   63   59   57   54   53   51   50   49
   49   48   48   48   48   48   47   47   46   46   45   44   43   42   41   41
   40   39   39   39   39   39   40   40   40   40   39   37   36   34   33   32
   32   35   37   39   42   49   52   60   73                                   
    70.0-180.0 180.0   5.0 450.0                            LAT/LON1/LON2/DLON/H
   78   85   89   91   95  100  106  111  118  122  125  127  126  122  117  111
  104   97   90   84   79   74   70   66   63   60   58   57   56   55   54   53
   52   51   50   50   49   48   47   47   46   45   44   43   42   41   40   39
   39   38   38   37   38   38   39   40   40   40   39   38   36   34   33   33
   33   36   41   46   51   60   68   75   78                                   
    67.5-180.0 180.0   5.0 450.0                            LAT/LON1/LON2/DLON/H
   93   98  101  106  110  114  121  126  131  134  137  138  135  130  123  115
  106   98   90   83   77   72   67   64   60   58   56   55   54   53   52   51
   49   48   46   45   44   43   42   41   40   39   38   38   37   37   36   36
   35   35   34   34   35   35   37   38   39   39   39   38   36   34   33   33
   34   37   41   46   53   66   74   80   93                                   
    65.0-180.0 180.0   5.0 450.0                            LAT/LON1/LON2/DLON/H
   94  102  105  111  114  120  126  131  138  142  146  145  142  135  127  117
  107   98   90   82   76   70   65   60   56   53   51   50   49   48   47   45
   44   41   39   37   36   35   34   34   33   33   33   33   33   33   33   33
   33   33   32   32   33   34   35   37   39   40   40   39   37   36   35   35
   36   41   46   52   61   77   86   92   94                                   
    62.5-180.0 180.0   5.0 450.0                            LAT/LON1/LON2/DLON/H
   98  104  106  112  117  123  130  135  142  147  150  150  147  141  132  123
  113  103   95   87   79   71   64   57   51   47   44   43   42   41   39   37
   35   32   30   28   27   26   26   26   26   26   27   28   28   30   30   31
   31   31   30   30   31   32   34   36   38   39   39   39   38   37   36   37
   38   43   48   54   62   78   86   93   98                                   
    60.0-180.0 180.0   5.0 450.0                            LAT/LON1/LON2/DLON/H
   96  102  103  110  114  120  127  133  141  147  151  152  150  145  137  129
  120  112  103   94   85   75   65   56   48   42   38   36   34   34   32   31
   28   26   23   21   20   20   21   21   22   23   24   25   26   28   29   30
   30   29   29   29   29   30   32   34   36   38   38   39   38   38   38   39
   42   46   52   58   64   81   88   96   96                                   
    57.5-180.0 180.0   5.0 450.0                            LAT/LON1/LON2/DLON/H
   97  102  103  111  116  120  128  133  141  146  151  153  152  149  144  138
  131  124  116  106   95   82   69   57   46   39   34   31   30   30   29   28
   26   23   21   20   19   20   20   22   23   24   25   26   27   29   30   31
   31   30   29   29   29   30   32   34   36   37   38   38   39   39   41   44
   47   53   59   64   68   83   88   98   97                                   
    55.0-180.0 180.0   5.0 450.0                            LAT/LON1/LON2/DLON/H
  103  109  112  119  124  126  133  137  143  146  150  152  154  153  151  147
  143  137  129  119  106   90   75   60   48   39   33   31   30   31   31   30
   28   26   24   23   23   24   25   27   28   29   30   31   32   33   33   34
   34   33   32   31   32   33   34   36   37   38   38   39   41   43   47   51
   56   63   69   74   76   89   92  102  103                                   
    52.5-180.0 180.0   5.0 450.0                            LAT/LON1/LON2/DLON/H
  117  125  131  137  142  143  147  148  149  149  151  153  155  156  156  155
  153  148  141  130  115   99   81   66   53   44   38   36   36   37   38   38
   36   35   33   32   32   34   35   37   38   39   39   40   40   40   40   40
   40   39   38   37   38   39   40   41   41   41   41   42   44   48   54   62
   68   77   84   89   90  101  104  113  117                                   
    50.0-180.0 180.0   5.0 450.0                            LAT/LON1/LON2/DLON/H
  139  150  160  165  171  172  172  168  163  159  157  156  158  159  161  162
  160  156  149  137  122  106   89   74   61   53   48   46   47   48   49   49
   48   46   45   44   45   46   48   49   51   51   51   50   50   49   49   49
   48   48   47   47   48   48   49   50   49   47   46   47   49   55   64   74
   83   94  102  108  109  119  122  129  139                                   
    47.5-180.0 180.0   5.0 450.0                            LAT/LON1/LON2/DLON/H
  166  179  192  198  204  206  202  194  183  174  167  163  163  164  166  166
  165  161  153  141  127  111   96   83   73   66   62   60   60   60   61   60
   59   58   57   56   57   58   60   61   62   62   62   61   61   60   59   59
   59   59   59   60   60   61   62   61   59   56   54   54   57   64   74   86
   98  111  121  129  131  141  147  151  166                                   
    45.0-180.0 180.0   5.0 450.0                            LAT/LON1/LON2/DLON/H
  191  206  221  228  235  238  232  221  206  192  181  174  171  171  171  170
  168  163  154  143  130  117  105   95   87   81   77   74   72   71   70   69
   67   66   65   65   65   67   68   69   70   71   71   71   70   70   70   70
   71   72   72   73   75   76   76   75   71   67   64   63   66   73   85   99
  112  127  139  148  153  164  173  177  191                                   
    42.5-180.0 180.0   5.0 450.0                            LAT/LON1/LON2/DLON/H
  211  225  241  249  257  261  254  243  226  210  196  188  183  181  179  176
  172  165  156  146  135  124  115  108  102   96   91   85   81   77   74   71
   69   68   68   69   70   71   72   73   75   76   77   78   78   78   78   79
   81   83   84   86   87   88   89   87   83   78   74   73   76   83   96  110
  125  140  153  163  171  184  195  201  211                                   
    40.0-180.0 180.0   5.0 450.0                            LAT/LON1/LON2/DLON/H
  222  235  249  258  268  272  266  255  239  224  211  202  196  193  189  184
  178  171  162  152  143  134  127  122  116  109  101   92   84   78   73   70
   68   67   68   70   72   74   75   75   77   79   81   82   82   83   84   86
   88   91   93   94   96   97   97   95   92   87   83   82   85   92  105  120
  134  150  164  174  183  197  210  220  222                                   
    37.5-180.0 180.0   5.0 450.0                            LAT/LON1/LON2/DLON/H
  224  236  248  258  267  270  267  258  245  233  221  214  209  206  201  196
  189  181  172  163  155  147  140  134  127  117  106   94   84   76   71   68
   67   67   70   73   76   78   78   78   79   81   83   85   85   86   87   89
   91   94   96   98   99  100  100   99   96   92   89   89   92  100  112  127
  141  157  171  180  188  204  216  230  224                                   
    35.0-180.0 180.0   5.0 450.0                            LAT/LON1/LON2/DLON/H
  225  234  245  253  262  263  262  255  246  237  230  225  222  219  215  210
  203  195  187  178  170  161  153  144  134  121  108   95   84   78   74   72
   72   74   78   82   86   87   86   85   85   86   87   88   88   87   88   89
   91   93   95   96   97   98   99   98   96   93   92   93   97  106  118  132
  146  162  176  185  191  207  218  234  225                                   
    32.5-180.0 180.0   5.0 450.0                            LAT/LON1/LON2/DLON/H
  230  239  248  252  261  257  258  252  247  242  237  234  233  231  228  223
  217  211  203  195  185  174  162  151  138  124  110   98   91   88   87   88
   89   92   96  100  103  103  101   97   95   94   94   93   92   90   88   89
   90   91   92   92   93   93   94   94   93   92   93   95  101  111  124  138
  152  168  183  193  196  211  221  238  230                                   
    30.0-180.0 180.0   5.0 450.0                            LAT/LON1/LON2/DLON/H
  249  260  269  267  274  265  264  259  256  251  248  245  244  242  239  235
  230  224  217  208  196  183  169  155  142  129  118  110  108  110  114  117
  119  121  124  127  128  126  121  115  110  106  104  101   98   94   91   90
   89   89   89   88   88   89   90   90   90   90   92   97  105  116  130  145
  160  178  194  205  208  223  233  250  249                                   
    27.5-180.0 180.0   5.0 450.0                            LAT/LON1/LON2/DLON/H
  287  302  314  305  309  295  291  282  277  271  266  261  257  253  249  245
  239  234  226  216  203  187  173  160  149  140  135  134  138  146  154  159
  161  161  161  160  157  151  143  134  127  121  117  113  107  102   97   94
   92   90   89   87   87   88   89   89   89   90   93   99  109  122  137  154
  170  190  208  224  229  246  257  272  287                                   
    25.0-180.0 180.0   5.0 450.0                            LAT/LON1/LON2/DLON/H
  342  362  378  367  369  352  343  328  318  306  296  285  276  268  260  253
  246  239  230  219  205  190  177  168  163  161  164  170  181  194  205  209
  208  204  198  192  185  175  164  153  143  137  131  126  120  114  108  103
   99   96   93   91   91   91   91   91   90   91   94  102  113  127  144  162
  180  205  226  247  256  278  292  305  342                                   
    22.5-180.0 180.0   5.0 450.0                            LAT/LON1/LON2/DLON/H
  408  434  453  444  449  432  419  397  380  360  340  320  303  288  275  264
  254  244  234  222  209  196  187  184  187  194  204  217  232  247  258  260
  254  243  231  219  207  193  180  167  158  151  145  140  135  128  122  116
  111  106  102   99   98   98   97   96   94   94   97  104  116  131  150  170
  190  218  243  271  287  314  335  345  408                                   
    20.0-180.0 180.0   5.0 450.0                            LAT/LON1/LON2/DLON/H
  473  504  526  523  535  523  510  484  460  432  401  370  342  318  298  281
  267  254  242  230  219  210  207  212  223  237  252  268  284  297  304  300
  287  270  253  236  220  205  190  178  169  163  158  154  150  144  138  131
  125  119  113  109  107  106  105  102   99   97   99  106  118  134  154  175
  197  228  258  291  315  348  376  388  473                                   
    17.5-180.0 180.0   5.0 450.0                            LAT/LON1/LON2/DLON/H
  525  559  584  590  612  607  599  575  549  515  475  434  394  360  332  309
  289  273  260  250  242  239  242  253  270  288  305  319  330  336  334  323
  305  284  264  245  228  211  197  186  178  172  169  166  163  159  153  146
  139  131  124  119  116  114  112  108  103  100  101  108  120  137  156  178
  201  235  267  304  334  373  411  425  525                                   
    15.0-180.0 180.0   5.0 450.0                            LAT/LON1/LON2/DLON/H
  556  592  619  633  663  668  669  652  631  597  554  506  458  416  380  350
  326  308  295  286  282  283  291  306  325  343  355  361  362  357  346  328
  306  284  266  249  233  218  204  194  186  181  178  176  173  170  164  157
  149  141  133  127  122  119  116  111  105  101  102  109  121  138  158  179
  203  237  272  310  345  388  432  449  556                                   
    12.5-180.0 180.0   5.0 450.0                            LAT/LON1/LON2/DLON/H
  563  599  628  644  680  695  706  699  687  661  624  576  527  480  440  407
  380  360  348  342  340  344  354  369  384  395  397  390  377  361  341  319
  297  279  265  254  242  229  217  206  197  191  186  182  179  175  169  162
  154  145  137  130  125  121  116  111  104  100  101  109  122  140  159  180
  204  238  274  311  348  394  441  459  563                                   
    10.0-180.0 180.0   5.0 450.0                            LAT/LON1/LON2/DLON/H
  551  585  613  628  665  685  705  709  711  697  671  632  588  545  507  475
  449  430  420  415  415  418  425  434  441  440  427  406  379  353  327  304
  287  276  271  267  260  250  237  225  212  201  192  185  180  174  168  160
  152  144  136  129  123  118  113  107  100   97   99  108  123  141  161  183
  206  239  275  310  348  394  440  458  551                                   
     7.5-180.0 180.0   5.0 450.0                            LAT/LON1/LON2/DLON/H
  528  559  583  594  626  649  674  687  701  702  690  665  633  601  570  544
  524  509  502  499  498  498  497  495  489  472  445  410  374  341  315  295
