data/edconvlstm_nd/pred1340.15i
     1.0            IONOSPHERE MAPS     GNSS                IONEX VERSION / TYPE
pyspatialgeodesy        IME             05-JAN-18 20:20     PGM / RUN BY / DATE 
Map Name                                                    COMMENT             
Predicted global ionosphere maps (GIM).                     DESCRIPTION         
  2015     5    14     0     0     0                        EPOCH OF FIRST MAP  
  2015     5    15     0     0     0                        EPOCH OF LAST MAP   
  7200                                                      INTERVAL            
    13                                                      # OF MAPS IN FILE   
  NONE                                                      MAPPING FUNCTION    
10.0                                                        ELEVATION CUTOFF    
One-way carrier phase leveled to code                       OBSERVABLES USED    
  6371.0                                                    BASE RADIUS         
 2                                                          MAP DIMENSION       
   450.0 450.0   0.0                                        HGT1 / HGT2 / DHGT  
    87.5 -87.5  -2.5                                        LAT1 / LAT2 / DLAT  
  -180.0 180.0   5.0                                        LON1 / LON2 / DLON  
    -1                                                      EXPONENT            
                                                            END OF HEADER       
[from data line 1716]
     5                                                      START OF TEC MAP    
  2015     5    14     8     0     0                        EPOCH OF CURRENT MAP
    87.5-180.0 180.0   5.0 450.0                            LAT/LON1/LON2/DLON/H
  117  114  111  115  119  120  120  120  124  129  132  135  139  142  144  147
  149  151  152  153  154  154  154  154  153  153  152  151  150  149  149  148
  147  147  146  145  145  144  144  143  142  141  140  139  138  137  135  133
  132  130  128  127  125  123  121  120  118  116  115  113  111  110  108  107
  106  107  105  104  108  108  116  121  117                                   
    85.0-180.0 180.0   5.0 450.0                            LAT/LON1/LON2/DLON/H
  105  108  111  112  116  120  123  126  131  135  139  144  147  151  154  157
  159  161  163  164  164  164  164  164  163  162  160  159  158  157  156  155
  155  154  154  154  153  153  153  152  152  151  150  149  147  146  144  142
  140  138  136  133  131  129  126  124  122  119  117  115  113  110  108  107
  107  107  102  102   98  100  104  109  105                                   
    82.5-180.0 180.0   5.0 450.0                            LAT/LON1/LON2/DLON/H
   93  100  102  102  105  111  116  120  126  132  137  142  147  151  155  158
  161  163  164  165  165  165  164  163  161  159  157  155  153  151  150  149
  149  148  149  149  150  151  151  152  152  152  152  151  150  148  146  144
  142  140  137  134  132  129  126  123  119  116  113  110  107  103  100   98
   96   95   90   91   92   92   90   89   93                                   
    80.0-180.0 180.0   5.0 450.0                            LAT/LON1/LON2/DLON/H
   90   92   94   97  100  105  110  116  123  128  133  139  143  147  151  154
  157  159  160  160  160  159  157  154  151  148  145  142  139  137  136  135
  135  136  138  140  142  145  147  150  152  153  154  155  155  154  153  152
  151  149  146  144  142  139  136  132  129  125  121  117  113  109  105  103
  100   96   91   90   89   90   94   88   90                                   
    77.5-180.0 180.0   5.0 450.0                            LAT/LON1/LON2/DLON/H
   97   96   98  101  102  107  112  117  123  127  131  135  138  141  144  146
  148  150  151  152  151  150  147  144  140  136  132  128  125  122  121  121
  123  125  128  133  137  142  147  152  156  160  163  165  167  168  168  168
  168  167  165  164  162  159  156  153  150  146  142  137  133  129  125  121
  117  113  105  104  102   98  100  100   97                                   
    75.0-180.0 180.0   5.0 450.0                            LAT/LON1/LON2/DLON/H
  105  107  104  108  108  113  117  120  124  126  127  129  129  130  130  131
  133  135  136  137  137  136  133  130  126  121  116  112  109  107  107  108
  110  114  119  125  131  138  145  152  159  164  170  174  177  180  182  183
  184  184  184  184  182  181  178  176  173  169  165  162  158  154  151  148
  143  138  131  124  120  116  117  114  105                                   
    72.5-180.0 180.0   5.0 450.0                            LAT/LON1/LON2/DLON/H
  118  120  118  120  120  125  129  130  132  132  129  127  124  122  120  119
  120  122  124  126  127  127  125  122  118  114  109  105  103  101  101  103
  106  111  117  124  132  140  149  157  165  173  180  186  192  196  199  202
  203  204  205  205  204  202  201  198  195  193  190  187  184  182  179  177
  174  169  162  154  146  140  139  135  118                                   
    70.0-180.0 180.0   5.0 450.0                            LAT/LON1/LON2/DLON/H
  133  132  130  130  129  132  135  137  137  134  129  124  117  111  107  105
  106  108  111  114  117  118  118  116  112  109  105  102  100   99  100  102
  106  111  117  124  132  141  150  160  169  179  187  195  202  208  212  216
  217  218  218  218  217  215  213  210  208  205  202  201  199  198  198  197
  195  192  185  177  168  160  159  155  133                                   
    67.5-180.0 180.0   5.0 450.0                            LAT/LON1/LON2/DLON/H
  140  137  135  135  134  137  140  141  141  137  130  123  114  106  100   97
   97  100  104  109  113  116  116  115  113  110  107  105  103  103  104  107
  110  114  120  127  134  143  152  162  173  184  194  204  212  219  224  227
  228  227  226  224  222  219  216  213  210  207  205  204  203  204  205  206
  206  203  198  190  180  171  167  164  140                                   
    65.0-180.0 180.0   5.0 450.0                            LAT/LON1/LON2/DLON/H
  143  139  134  134  132  135  138  140  141  138  131  123  113  104   97   93
   93   96  102  108  113  116  117  117  115  113  111  110  110  110  112  114
  117  121  125  131  138  146  156  166  178  191  203  215  225  232  237  239
  238  236  233  229  225  221  217  213  209  205  203  201  202  203  205  207
  208  207  202  195  185  176  172  168  143                                   
    62.5-180.0 180.0   5.0 450.0                            LAT/LON1/LON2/DLON/H
  143  136  131  128  125  126  129  132  135  133  128  122  113  104   97   93
   93   97  103  109  114  117  118  118  116  115  114  114  115  116  118  120
  122  125  129  134  141  149  159  171  184  199  214  227  239  247  251  252
  249  244  238  232  226  221  216  211  206  202  199  198  198  199  202  205
  206  205  201  194  185  175  170  166  143                                   
    60.0-180.0 180.0   5.0 450.0                            LAT/LON1/LON2/DLON/H
  145  136  128  121  116  114  116  119  122  122  120  116  110  103   97   94
   95   98  104  109  114  116  116  114  113  112  112  113  115  117  119  121
  124  127  131  136  143  152  164  177  193  210  227  242  255  264  267  266
  260  253  244  236  229  223  218  213  209  205  201  200  199  201  202  205
  206  205  200  194  186  176  170  164  145                                   
    57.5-180.0 180.0   5.0 450.0                            LAT/LON1/LON2/DLON/H
  156  144  134  122  113  106  105  105  108  109  109  108  105  101   97   95
   96   99  104  108  111  111  109  107  105  105  106  109  112  115  118  120
  123  127  132  139  148  159  173  188  206  226  245  263  276  285  288  284
  277  266  255  245  238  232  227  223  219  216  213  212  212  213  214  216
  216  214  208  201  194  185  178  170  156                                   
    55.0-180.0 180.0   5.0 450.0                            LAT/LON1/LON2/DLON/H
  177  164  152  134  120  107  101   97   96   95   96   98   98   97   96   95
   96   98  101  104  104  102   99   96   94   95   98  102  106  110  114  117
  121  127  134  144  156  170  186  204  225  246  268  287  302  311  312  307
  297  284  270  259  251  245  242  239  237  235  234  233  234  235  236  237
  236  233  227  219  212  204  197  187  177                                   
    52.5-180.0 180.0   5.0 450.0                            LAT/LON1/LON2/DLON/H
  208  194  181  159  140  121  109   98   92   88   87   89   91   92   93   94
   94   96   97   97   96   93   89   85   84   86   90   96  101  106  111  116
  121  129  140  152  168  185  204  226  248  272  294  315  330  339  340  334
  321  305  290  277  268  263  260  259  259  259  259  260  261  263  265  267
  265  262  254  246  238  231  224  214  208                                   
    50.0-180.0 180.0   5.0 450.0                            LAT/LON1/LON2/DLON/H
  243  229  217  193  172  148  130  112   98   88   84   85   88   90   92   93
   93   93   92   91   88   84   80   77   78   81   87   94  101  107  113  119
  126  136  149  165  184  205  227  251  275  299  323  344  361  370  371  363
  349  331  313  298  288  282  280  280  280  282  284  286  289  293  296  299
  298  294  286  277  269  263  256  246  243                                   
    47.5-180.0 180.0   5.0 450.0                            LAT/LON1/LON2/DLON/H
  273  261  250  227  207  183  161  136  116   99   90   88   90   93   95   95
   94   92   89   86   82   78   75   74   76   82   89   98  106  114  120  127
  136  147  163  181  203  227  251  277  302  328  352  374  391  401  402  393
  378  358  338  321  309  301  297  296  297  299  302  306  311  317  323  327
  327  325  316  305  296  291  283  275  273                                   
    45.0-180.0 180.0   5.0 450.0                            LAT/LON1/LON2/DLON/H
  289  279  270  253  237  217  194  168  142  119  105   99   99  101  103  102
   99   95   90   85   80   76   74   75   80   88   97  108  117  126  133  140
  150  162  179  199  223  248  275  302  328  354  378  401  418  429  431  423
  407  386  364  345  329  318  311  308  307  309  313  318  325  333  341  347
  349  347  338  325  314  308  299  292  289                                   
    42.5-180.0 180.0   5.0 450.0                            LAT/LON1/LON2/DLON/H
  286  276  271  261  253  239  222  197  170  144  126  117  115  116  117  115
  110  103   96   89   83   79   77   80   87   98  109  121  132  141  149  157
  166  178  195  216  241  267  295  323  350  376  401  424  442  455  459  452
  437  416  392  370  351  337  326  319  317  317  321  327  334  343  353  360
  363  361  349  334  318  309  300  294  286                                   
    40.0-180.0 180.0   5.0 450.0                            LAT/LON1/LON2/DLON/H
  267  254  252  248  248  243  235  217  193  168  148  138  136  136  136  133
  127  118  108   98   90   85   84   88   97  109  122  135  147  157  165  173
  182  194  210  231  256  283  311  340  367  394  419  442  462  477  484  480
  467  448  425  402  381  364  349  340  334  334  336  341  349  357  365  372
  374  370  355  335  315  300  289  283  267                                   
    37.5-180.0 180.0   5.0 450.0                            LAT/LON1/LON2/DLON/H
  241  222  220  220  225  228  230  221  205  185  168  160  157  158  158  155
  148  138  125  112  101   94   93   97  107  119  133  147  160  171  180  188
  197  208  223  243  268  296  324  352  380  406  432  456  478  496  507  508
  500  485  466  446  426  406  390  378  371  369  371  375  380  385  391  395
  393  385  366  340  313  291  277  269  241                                   
    35.0-180.0 180.0   5.0 450.0                            LAT/LON1/LON2/DLON/H
  222  196  190  189  194  202  211  211  204  192  182  177  177  179  180  178
  171  160  145  130  116  106  104  107  116  128  142  156  169  181  192  200
  209  220  235  256  280  307  335  362  389  415  441  467  491  512  528  536
  536  529  518  503  487  470  454  442  434  432  433  435  437  439  440  438
  432  418  393  359  325  295  275  264  222                                   
    32.5-180.0 180.0   5.0 450.0                            LAT/LON1/LON2/DLON/H
  223  190  177  170  171  177  188  194  194  191  188  189  193  197  200  199
  193  182  166  148  132  120  116  118  125  135  147  161  175  188  200  209
  219  231  247  269  293  320  346  372  398  423  449  475  501  526  548  564
  574  579  578  574  565  553  541  531  525  523  524  525  524  520  515  507
  494  474  443  401  360  322  295  279  223                                   
    30.0-180.0 180.0   5.0 450.0                            LAT/LON1/LON2/DLON/H
  251  211  188  174  165  166  173  180  184  187  191  197  204  210  214  214
  210  200  184  165  148  135  129  129  134  142  151  163  177  191  205  217
  228  242  261  284  310  336  360  384  407  431  456  483  511  540  567  592
  613  630  644  653  655  652  647  641  637  637  638  638  634  625  614  599
  580  555  518  469  421  376  342  322  251                                   
    27.5-180.0 180.0   5.0 450.0                            LAT/LON1/LON2/DLON/H
  308  262  227  204  185  176  177  180  184  190  197  205  213  219  223  224
  221  212  197  179  163  151  144  143  145  149  156  165  178  194  209  223
  237  255  276  302  329  354  377  397  418  440  465  492  522  554  586  619
  651  681  709  732  747  756  760  760  761  762  763  761  754  741  725  705
  681  652  613  559  506  454  413  391  308                                   
    25.0-180.0 180.0   5.0 450.0                            LAT/LON1/LON2/DLON/H
  388  339  291  258  227  211  201  199  199  204  211  218  223  226  228  228
  225  217  204  189  175  166  161  159  158  158  161  168  180  196  213  229
  247  267  292  321  349  374  395  413  431  452  477  505  537  571  607  646
  686  727  767  801  829  848  861  869  874  876  876  873  864  851  832  808
  782  754  716  659  603  545  502  479  388                                   
    22.5-180.0 180.0   5.0 450.0                            LAT/LON1/LON2/DLON/H
  479  430  370  328  288  265  246  237  232  234  236  239  238  236  233  230
  225  217  206  194  185  179  177  175  172  169  167  171  182  198  216  235
  255  278  307  338  368  393  413  429  446  466  492  522  555  591  630  672
  718  765  811  852  886  912  931  944  952  956  956  953  945  933  915  891
  865  840  807  751  693  632  594  569  479                                   
    20.0-180.0 180.0   5.0 450.0                            LAT/LON1/LON2/DLON/H
  563  514  449  402  356  330  303  289  279  275  272  268  260  249  240  231
  224  215  205  197  192  191  191  190  185  178  173  175  184  199  218  239
  261  287  318  352  383  409  429  445  462  484  511  543  578  616  656  699
  745  793  839  880  914  941  961  975  984  989  991  990  985  976  961  939
  915  894  867  813  756  694  665  643  563                                   
    17.5-180.0 180.0   5.0 450.0                            LAT/LON1/LON2/DLON/H
  624  574  512  467  418  393  364  347  333  324  315  303  286  267  250  235
  223  213  203  197  196  198  202  201  195  185  177  176  183  199  219  241
  266  294  327  362  395  423  444  462  480  503  532  567  604  643  683  724
  768  813  854  890  919  940  956  968  975  981  984  986  985  979  966  946
  924  907  884  833  779  717  698  679  624                                   
    15.0-180.0 180.0   5.0 450.0                            LAT/LON1/LON2/DLON/H
  652  604  550  512  467  444  418  402  386  374  358  339  314  288  263  242
  226  212  202  196  197  202  207  206  199  187  177  174  180  196  218  242
  269  300  334  370  404  434  457  477  498  524  556  593  632  671  709  748
  788  827  861  888  909  924  933  939  943  946  949  952  953  948  937  918
  897  880  859  810  762  702  688  674  652                                   
    12.5-180.0 180.0   5.0 450.0                            LAT/LON1/LON2/DLON/H
  648  605  565  536  500  482  460  446  431  416  396  371  340  307  277  251
  231  214  202  196  197  203  207  205  196  183  172  168  174  191  215  242
  272  304  339  376  411  443  469  492  516  544  578  617  657  696  733  770
  805  837  863  883  896  904  908  909  907  905  905  907  906  901  889  869
  848  830  807  760  716  659  645  637  648                                   
    10.0-180.0 180.0   5.0 450.0                            LAT/LON1/LON2/DLON/H
  624  588  561  543  520  508  492  479  464  446  423  394  359  322  288  260
  237  218  204  196  196  199  201  198  187  174  163  159  166  185  211  241
  274  308  344  381  416  449  477  503  529  559  595  635  676  715  751  786
  818  845  866  880  889  894  896  893  887  879  874  871  867  858  843  822
  799  779  753  706  663  609  589  587  624                                   
     7.5-180.0 180.0   5.0 450.0                            LAT/LON1/LON2/DLON/H
  596  565  548  538  527  521  510  499  484  464  437  404  367  329  294  265
  242  222  207  197  193  193  192  186  175  162  152  149  157  176  205  239
