data/edconvlstm_nd/pred0840.15i
     1.0            IONOSPHERE MAPS     GNSS                IONEX VERSION / TYPE
pyspatialgeodesy        IME             05-JAN-18 20:20     PGM / RUN BY / DATE 
Map Name                                                    COMMENT             
Predicted global ionosphere maps (GIM).                     DESCRIPTION         
  2015     3    25     0     0     0                        EPOCH OF FIRST MAP  
  2015     3    26     0     0     0                        EPOCH OF LAST MAP   
  7200                                                      INTERVAL            
    13                                                      # OF MAPS IN FILE   
  NONE                                                      MAPPING FUNCTION    
10.0                                                        ELEVATION CUTOFF    
One-way carrier phase leveled to code                       OBSERVABLES USED    
  6371.0                                                    BASE RADIUS         
 2                                                          MAP DIMENSION       
   450.0 450.0   0.0                                        HGT1 / HGT2 / DHGT  
    87.5 -87.5  -2.5                                        LAT1 / LAT2 / DLAT  
  -180.0 180.0   5.0                                        LON1 / LON2 / DLON  
    -1                                                      EXPONENT            
                                                            END OF HEADER       
     1                                                      START OF TEC MAP    
  2015     3    25     0     0     0                        EPOCH OF CURRENT MAP
    87.5-180.0 180.0   5.0 450.0                            LAT/LON1/LON2/DLON/H
  144  149  152  140  140  142  139  138  139  139  140  141  142  142  142  142
  142  141  140  139  138  137  135  134  132  131  129  127  126  125  123  122
  121  120  120  119  119  119  119  119  119  120  120  121  122  123  124  126
  127  128  129  130  131  132  132  133  133  133  133  133  133  133  132  132
  132  132  131  132  129  132  135  140  144                                   
    85.0-180.0 180.0   5.0 450.0                            LAT/LON1/LON2/DLON/H
  152  155  135  138  143  146  142  141  142  142  143  144  145  145  145  144
  143  142  141  139  136  134  131  128  125  121  118  115  113  110  108  106
  104  103  102  102  101  102  102  103  105  106  108  111  113  115  118  120
  123  125  127  129  131  133  134  136  137  137  138  138  138  138  138  138
  138  137  138  140  134  139  143  142  152                                   
    82.5-180.0 180.0   5.0 450.0                            LAT/LON1/LON2/DLON/H
  149  144  141  140  144  148  144  144  147  148  149  151  153  153  153  153
  152  150  147  144  140  136  131  127  122  117  112  107  103   99   96   93
   91   89   88   87   87   88   89   91   93   95   98  102  105  109  112  116
  119  123  126  129  132  135  137  139  141  142  143  144  144  144  144  145
  145  144  144  141  139  131  134  136  149                                   
    80.0-180.0 180.0   5.0 450.0                            LAT/LON1/LON2/DLON/H
  147  139  134  133  139  144  144  147  153  155  159  163  166  168  169  169
  167  164  160  155  149  142  135  128  120  113  106  100   94   89   86   83
   80   79   78   77   77   78   79   81   83   86   89   93   97  101  106  110
  114  118  122  126  129  133  136  139  141  143  145  146  147  147  148  148
  148  146  144  140  145  135  140  149  147                                   
    77.5-180.0 180.0   5.0 450.0                            LAT/LON1/LON2/DLON/H
  152  141  132  136  138  142  145  152  159  164  171  177  182  186  187  187
  184  180  174  168  160  151  142  134  125  116  108  101   95   90   86   83
   81   79   79   78   79   79   80   82   83   86   89   92   95   99  102  106
  110  113  117  121  124  128  131  134  137  140  142  144  146  147  149  150
  150  150  147  145  150  148  149  160  152                                   
    75.0-180.0 180.0   5.0 450.0                            LAT/LON1/LON2/DLON/H
  163  150  143  144  144  147  149  156  165  172  181  189  196  200  201  199
  195  189  181  172  163  154  144  135  125  117  109  101   95   90   86   84
   82   81   81   81   81   81   81   82   83   85   87   89   91   93   96   99
  102  105  108  111  114  118  121  125  128  132  135  138  141  144  146  149
  150  152  152  148  154  161  162  169  163                                   
    72.5-180.0 180.0   5.0 450.0                            LAT/LON1/LON2/DLON/H
  170  164  158  155  152  151  154  161  171  179  189  198  205  208  208  205
  198  190  180  170  161  151  143  134  126  118  110  103   97   93   89   87
   85   84   83   83   82   82   81   81   81   81   82   83   84   85   87   89
   92   94   97  100  103  106  110  114  118  122  126  129  133  136  140  144
  147  150  154  155  163  171  174  183  170                                   
    70.0-180.0 180.0   5.0 450.0                            LAT/LON1/LON2/DLON/H
  185  181  174  171  164  161  162  167  178  186  196  206  212  214  212  206
  197  186  176  165  156  148  141  134  127  120  113  106  100   95   92   89
   87   86   85   84   82   81   80   79   78   78   78   78   79   79   81   82
   84   87   89   92   95   98  102  106  111  116  121  125  129  133  138  143
  146  151  158  162  173  186  187  193  185                                   
    67.5-180.0 180.0   5.0 450.0                            LAT/LON1/LON2/DLON/H
  198  200  191  186  175  169  167  171  180  188  199  208  214  215  211  203
  192  181  170  160  153  147  141  136  129  122  115  107  100   95   91   88
   85   83   80   78   76   74   72   70   69   69   69   69   69   70   71   72
   74   76   79   82   85   89   94   99  105  111  117  122  127  131  136  140
  144  150  157  163  177  194  196  203  198                                   
    65.0-180.0 180.0   5.0 450.0                            LAT/LON1/LON2/DLON/H
  207  211  202  196  184  175  170  173  181  188  199  208  213  213  209  200
  189  177  168  160  154  150  146  142  135  127  117  109  101   94   89   85
   81   78   74   71   68   65   63   62   62   62   62   62   63   63   64   65
   66   69   71   75   79   84   90   97  105  112  120  126  131  135  139  143
  146  151  159  164  178  198  202  209  207                                   
    62.5-180.0 180.0   5.0 450.0                            LAT/LON1/LON2/DLON/H
  212  218  209  204  190  179  171  172  179  185  195  204  209  210  206  199
  190  180  173  168  164  161  158  152  143  133  121  110  101   93   87   82
   77   73   68   64   60   58   56   56   57   58   59   59   60   60   60   60
   62   64   67   71   77   83   91  100  110  119  128  136  142  146  149  151
  152  155  161  166  177  197  202  210  212                                   
    60.0-180.0 180.0   5.0 450.0                            LAT/LON1/LON2/DLON/H
  213  220  214  207  194  181  171  170  175  180  188  196  202  204  203  199
  194  189  184  182  180  177  172  163  152  138  124  112  101   93   86   81
   76   71   66   61   57   55   54   54   56   58   60   60   60   59   59   58
   59   61   65   70   77   86   96  107  118  130  141  150  156  161  163  164
  163  163  167  170  177  192  198  208  213                                   
    57.5-180.0 180.0   5.0 450.0                            LAT/LON1/LON2/DLON/H
  215  224  219  213  201  186  175  172  174  176  181  188  193  197  200  201
  201  201  200  199  197  192  184  173  158  143  128  115  104   96   90   85
   80   74   69   64   60   58   58   59   62   64   66   66   65   63   61   60
   60   62   66   72   81   91  103  116  130  143  156  166  174  179  182  183
  180  178  181  181  184  193  197  209  215                                   
    55.0-180.0 180.0   5.0 450.0                            LAT/LON1/LON2/DLON/H
  224  233  230  224  215  200  187  181  180  177  178  181  185  190  197  203
  208  212  214  213  209  202  192  178  163  147  133  121  112  105  100   95
   90   85   79   74   71   69   69   71   74   76   77   76   74   71   67   64
   64   66   70   77   87   99  113  127  143  157  171  182  192  199  203  205
  203  200  202  200  200  202  205  218  224                                   
    52.5-180.0 180.0   5.0 450.0                            LAT/LON1/LON2/DLON/H
  241  251  250  245  238  225  212  202  196  187  182  180  181  186  194  204
  213  219  221  219  213  204  193  180  167  153  141  132  125  120  116  111
  106  101   95   90   87   86   86   88   90   92   91   89   85   81   76   73
   72   74   78   85   96  108  123  139  155  170  184  197  208  218  225  230
  230  229  231  227  225  223  223  236  241                                   
    50.0-180.0 180.0   5.0 450.0                            LAT/LON1/LON2/DLON/H
  267  279  277  276  273  262  248  235  223  208  196  188  185  187  195  206
  215  221  221  216  209  200  191  182  172  163  155  149  144  140  135  130
  124  118  113  109  106  105  106  107  108  108  106  103   98   93   88   85
   84   85   89   96  106  119  134  150  166  181  195  209  222  234  245  253
  258  261  264  259  257  253  252  263  267                                   
    47.5-180.0 180.0   5.0 450.0                            LAT/LON1/LON2/DLON/H
  298  312  312  314  314  307  294  278  261  239  220  205  196  195  200  208
  215  218  215  208  201  194  189  185  181  176  172  168  164  158  151  144
  136  130  125  123  122  122  123  123  123  121  119  115  110  106  102   99
   98   99  103  109  119  131  146  162  177  191  205  219  233  247  261  274
  283  291  297  292  292  289  287  297  298                                   
    45.0-180.0 180.0   5.0 450.0                            LAT/LON1/LON2/DLON/H
  328  346  349  355  357  353  342  325  304  278  252  231  216  209  210  214
  216  214  208  200  195  192  192  193  194  193  190  185  178  168  157  146
  137  132  129  129  131  133  134  134  133  131  129  125  122  119  116  115
  115  116  118  124  133  145  159  174  188  201  214  228  244  259  275  291
  305  317  326  324  326  324  324  330  328                                   
    42.5-180.0 180.0   5.0 450.0                            LAT/LON1/LON2/DLON/H
  351  375  383  392  395  393  383  367  346  318  289  263  244  232  227  225
  221  215  206  199  196  198  203  207  210  208  203  193  180  165  149  136
  128  124  126  129  134  138  140  141  140  138  136  134  133  132  131  132
  132  132  134  138  146  158  171  185  199  211  224  238  254  271  289  307
  323  338  350  352  355  354  354  358  351                                   
    40.0-180.0 180.0   5.0 450.0                            LAT/LON1/LON2/DLON/H
  367  397  409  418  422  419  410  396  377  351  324  298  276  260  249  241
  232  222  213  208  208  214  221  226  225  218  206  189  170  149  132  120
  114  115  121  128  136  142  145  146  146  145  144  144  144  145  146  147
  147  146  146  149  156  166  180  194  207  220  233  248  266  284  304  323
  340  357  370  375  377  376  376  377  367                                   
    37.5-180.0 180.0   5.0 450.0                            LAT/LON1/LON2/DLON/H
  379  415  425  431  435  431  420  407  393  372  351  329  308  291  276  263
  250  239  231  229  233  239  244  243  234  218  198  176  153  132  117  108
  107  113  122  133  143  150  154  155  154  154  154  154  155  157  159  159
  157  154  152  152  158  168  182  197  211  224  240  257  278  300  321  341
  359  375  389  395  395  394  394  392  379                                   
    35.0-180.0 180.0   5.0 450.0                            LAT/LON1/LON2/DLON/H
  392  431  438  438  440  434  420  408  396  381  367  352  336  319  302  287
  273  264  259  260  265  268  265  252  232  209  185  162  141  124  113  110
  115  124  136  149  160  166  169  169  168  167  167  167  167  168  168  166
  161  154  149  148  153  163  178  193  209  226  244  265  290  316  341  363
  381  397  410  415  413  412  412  409  392                                   
    32.5-180.0 180.0   5.0 450.0                            LAT/LON1/LON2/DLON/H
  413  453  456  449  450  441  423  409  397  386  377  368  357  342  326  311
  299  293  293  296  298  292  276  251  223  197  176  158  144  134  130  132
  141  154  168  181  190  194  194  191  188  185  183  181  180  178  174  168
  159  150  142  140  145  156  170  187  205  224  245  271  301  332  361  387
  407  423  436  439  438  439  439  435  413                                   
    30.0-180.0 180.0   5.0 450.0                            LAT/LON1/LON2/DLON/H
  449  488  487  477  476  465  445  427  413  401  393  386  376  361  346  332
  324  322  324  326  320  303  274  242  213  193  181  173  168  167  170  179
  192  207  220  228  232  231  226  220  213  208  202  197  192  186  178  168
  155  143  135  133  138  149  164  182  201  222  246  274  307  343  377  408
  433  453  467  470  473  476  477  473  449                                   
    27.5-180.0 180.0   5.0 450.0                            LAT/LON1/LON2/DLON/H
  502  539  538  528  528  518  495  473  453  437  425  414  400  383  365  351
  345  344  346  342  326  297  262  231  211  204  206  212  218  226  236  251
  267  280  286  286  280  271  261  250  240  231  222  212  202  192  181  167
  152  138  129  128  134  145  160  179  199  222  248  278  313  351  388  423
  454  480  498  504  515  525  527  524  502                                   
    25.0-180.0 180.0   5.0 450.0                            LAT/LON1/LON2/DLON/H
  570  602  609  606  608  602  579  553  526  502  481  461  438  413  389  371
  362  359  354  340  315  282  250  230  226  236  254  275  294  310  325  341
  353  357  352  340  324  308  292  278  264  251  238  225  211  197  182  166
  149  135  128  127  133  144  159  178  200  225  253  284  321  360  399  436
  471  503  525  536  559  579  588  587  570                                   
    22.5-180.0 180.0   5.0 450.0                            LAT/LON1/LON2/DLON/H
  646  672  691  702  710  712  693  664  630  596  563  530  495  457  423  397
  381  369  353  330  300  270  250  247  262  291  326  359  385  404  417  425
  427  419  402  380  357  335  316  299  282  266  249  232  216  199  183  165
  149  137  130  129  135  146  161  180  205  232  261  294  331  371  411  450
  488  523  549  567  601  631  652  655  646                                   
    20.0-180.0 180.0   5.0 450.0                            LAT/LON1/LON2/DLON/H
  721  737  771  798  815  829  818  791  753  711  666  620  569  518  471  433
  405  381  355  324  295  274  271  287  321  365  410  447  470  481  483  479
  469  451  426  399  373  349  328  308  289  271  253  234  217  200  183  167
  152  140  134  134  139  149  165  186  212  241  273  306  344  384  424  463
  503  541  571  597  638  676  709  719  721                                   
    17.5-180.0 180.0   5.0 450.0                            LAT/LON1/LON2/DLON/H
  781  789  833  872  899  925  927  907  872  828  776  719  656  592  532  482
  441  405  369  336  311  304  317  351  399  449  490  516  524  518  504  487
  468  446  420  393  368  345  325  306  288  269  251  234  216  200  184  169
  156  145  140  140  144  154  169  191  220  251  284  318  355  394  434  474
  514  554  589  622  669  709  750  768  781                                   
    15.0-180.0 180.0   5.0 450.0                            LAT/LON1/LON2/DLON/H
  813  819  866  910  944  980  995  986  960  922  873  813  744  671  602  541
  489  444  403  370  354  360  390  436  485  525  548  549  532  504  475  450
  428  407  385  364  344  328  313  298  282  266  249  232  216  201  186  173
  162  153  148  147  150  158  173  197  228  261  296  330  366  404  443  483
  523  564  602  641  689  729  771  796  813                                   
    12.5-180.0 180.0   5.0 450.0                            LAT/LON1/LON2/DLON/H
  816  827  871  915  951  993 1015 1017 1002  975  936  883  818  745  673  607
  549  498  456  429  423  443  482  528  563  577  567  535  492  449  412  386
  367  351  338  326  317  311  304  294  281  266  250  233  218  203  190  179
  169  161  156  154  155  162  177  203  236  272  307  341  378  416  454  493
  533  573  613  655  701  737  776  804  816                                   
    10.0-180.0 180.0   5.0 450.0                            LAT/LON1/LON2/DLON/H
  807  823  859  897  930  970  995 1003  998  982  956  917  864  800  734  671
  614  565  528  509  513  541  580  610  615  590  542  483  425  376  342  322
  311  305  302  302  305  308  308  301  289  273  256  240  223  208  194  183
  174  167  162  158  157  164  181  209  243  279  313  348  385  425  465  505
  546  584  624  665  708  740  773  802  807                                   
     7.5-180.0 180.0   5.0 450.0                            LAT/LON1/LON2/DLON/H
  800  819  846  872  898  929  949  956  956  951  937  913  876  828  776  724
  676  637  609  600  612  639  661  659  623  560  485  413  354  313  292  284
