data/edconvlstm_nd/pred2210.15i
     1.0            IONOSPHERE MAPS     GNSS                IONEX VERSION / TYPE
pyspatialgeodesy        IME             05-JAN-18 20:20     PGM / RUN BY / DATE 
Map Name                                                    COMMENT             
Predicted global ionosphere maps (GIM).                     DESCRIPTION         
  2015     8     9     0     0     0                        EPOCH OF FIRST MAP  
  2015     8    10     0     0     0                        EPOCH OF LAST MAP   
  7200                                                      INTERVAL            
    13                                                      # OF MAPS IN FILE   
  NONE                                                      MAPPING FUNCTION    
10.0                                                        ELEVATION CUTOFF    
One-way carrier phase leveled to code                       OBSERVABLES USED    
  6371.0                                                    BASE RADIUS         
 2                                                          MAP DIMENSION       
   450.0 450.0   0.0                                        HGT1 / HGT2 / DHGT  
    87.5 -87.5  -2.5                                        LAT1 / LAT2 / DLAT  
  -180.0 180.0   5.0                                        LON1 / LON2 / DLON  
    -1                                                      EXPONENT            
                                                            END OF HEADER       
[from data line 3003]
     8                                                      START OF TEC MAP    
  2015     8     9    14     0     0                        EPOCH OF CURRENT MAP
    87.5-180.0 180.0   5.0 450.0                            LAT/LON1/LON2/DLON/H
  120  126  123  128  131  130  129  126  127  129  128  128  127  127  127  127
  127  126  126  126  125  125  125  124  124  124  123  123  123  122  122  122
  122  121  121  121  121  121  121  121  121  121  121  121  121  122  122  122
  122  122  122  123  123  123  123  123  123  123  123  123  123  123  123  123
  123  124  123  121  128  123  133  128  120                                   
    85.0-180.0 180.0   5.0 450.0                            LAT/LON1/LON2/DLON/H
  122  125  137  127  128  131  130  131  132  133  132  132  132  131  131  131
  131  130  130  130  130  129  129  129  128  128  128  128  127  127  127  127
  127  126  126  126  126  126  126  126  126  126  127  127  127  127  127  128
  128  128  128  127  127  127  127  126  126  126  126  125  125  125  125  125
  127  127  123  120  120  118  124  125  122                                   
    82.5-180.0 180.0   5.0 450.0                            LAT/LON1/LON2/DLON/H
  111  120  124  119  120  124  125  126  126  127  126  126  126  125  125  125
  125  125  124  124  124  125  125  125  125  125  125  125  125  125  125  125
  125  124  124  124  124  124  124  124  124  125  125  125  126  126  126  127
  127  127  126  126  125  124  124  123  122  121  120  120  119  118  118  118
  119  118  115  115  114  119  114  109  111                                   
    80.0-180.0 180.0   5.0 450.0                            LAT/LON1/LON2/DLON/H
  102  105  112  111  111  111  113  116  116  117  117  117  117  117  116  116
  117  117  117  117  118  118  119  119  120  120  121  121  121  121  121  121
  121  120  120  120  119  119  119  119  119  120  120  121  121  122  122  122
  122  122  122  121  120  118  117  116  114  113  111  110  108  107  107  106
  107  106  105  105  102  104  106  103  102                                   
    77.5-180.0 180.0   5.0 450.0                            LAT/LON1/LON2/DLON/H
  100   98  102  103  103  105  106  109  109  110  109  109  109  109  109  109
  110  111  112  113  114  116  117  118  119  120  121  122  123  123  124  123
  123  123  122  121  121  120  120  120  120  120  121  121  122  122  123  123
  123  123  122  121  119  118  116  114  111  109  107  104  102  101   99   98
   97   97   95   96   97   94   96   98  100                                   
    75.0-180.0 180.0   5.0 450.0                            LAT/LON1/LON2/DLON/H
   90   90   90   93   95   97   98  100  101  102  101  102  101  102  102  103
  104  105  107  109  111  113  115  117  119  121  123  124  126  127  128  128
  128  127  126  125  124  123  122  122  122  122  122  123  123  124  124  124
  124  123  122  121  119  117  115  112  109  107  104  101   99   96   94   93
   91   90   88   86   88   86   89   83   90                                   
    72.5-180.0 180.0   5.0 450.0                            LAT/LON1/LON2/DLON/H
   83   82   82   87   88   91   93   95   95   96   95   95   95   95   96   97
   99  101  103  106  109  112  114  116  119  121  123  126  128  130  132  133
  133  133  132  130  129  127  126  125  125  124  124  125  125  125  125  125
  124  124  123  121  119  117  115  112  110  107  104  101   98   95   93   90
   88   85   84   81   81   80   82   82   83                                   
    70.0-180.0 180.0   5.0 450.0                            LAT/LON1/LON2/DLON/H
   79   77   76   81   81   84   85   88   89   90   89   90   89   89   90   91
   93   96   99  102  105  108  110  113  115  118  121  124  128  131  134  136
  137  137  137  135  134  132  130  129  128  128  127  127  127  126  126  125
  125  124  122  121  119  117  115  113  111  108  106  103  100   97   94   91
   87   83   81   78   77   76   80   79   79                                   
    67.5-180.0 180.0   5.0 450.0                            LAT/LON1/LON2/DLON/H
   76   74   74   78   80   82   84   86   88   89   88   89   89   89   90   91
   93   95   98  101  104  106  108  110  113  115  119  122  127  131  135  139
  141  142  142  141  139  137  136  134  133  132  132  131  130  129  128  128
  127  126  125  123  122  120  119  117  116  114  112  110  107  104  100   96
   91   86   82   78   75   74   76   74   76                                   
    65.0-180.0 180.0   5.0 450.0                            LAT/LON1/LON2/DLON/H
   74   73   72   76   77   79   81   84   86   88   88   89   90   90   91   92
   93   95   98  100  102  104  105  106  108  111  115  119  125  131  137  142
  145  148  149  148  147  145  143  142  141  140  139  138  136  135  134  132
  131  130  129  127  126  125  124  123  123  122  121  119  116  112  108  102
   97   90   85   80   77   75   77   76   74                                   
    62.5-180.0 180.0   5.0 450.0                            LAT/LON1/LON2/DLON/H
   73   72   71   75   75   78   80   83   85   88   89   91   92   93   94   95
   96   97   99  100  101  102  102  103  104  107  111  117  123  131  138  145
  150  154  155  156  154  153  151  150  149  148  146  145  143  142  140  138
  137  136  134  133  132  131  131  131  131  131  131  130  126  121  115  109
  102   94   88   82   78   74   77   75   73                                   
    60.0-180.0 180.0   5.0 450.0                            LAT/LON1/LON2/DLON/H
   72   71   70   73   73   75   77   80   82   86   88   91   93   95   96   97
   98   99   99  100  100  100  100  100  101  104  109  115  123  132  141  149
  156  161  163  164  163  162  160  159  158  157  155  154  152  149  147  146
  144  143  142  141  140  139  139  140  140  141  141  139  135  129  122  113
  104   95   88   81   77   74   77   74   72                                   
    57.5-180.0 180.0   5.0 450.0                            LAT/LON1/LON2/DLON/H
   70   70   69   71   70   72   73   76   79   82   86   90   93   96   98  100
  101  101  101  100  100  100  100  100  102  106  111  119  128  138  148  157
  165  171  175  176  175  174  172  171  169  168  166  164  162  160  157  155
  154  152  151  150  150  149  149  150  151  152  152  149  144  137  127  117
  106   96   88   81   76   73   76   74   70                                   
    55.0-180.0 180.0   5.0 450.0                            LAT/LON1/LON2/DLON/H
   69   69   68   69   67   68   69   71   73   77   81   86   91   95   98  101
  102  102  102  102  101  101  102  103  107  112  118  126  136  147  158  168
  177  183  188  189  189  187  185  183  182  180  178  175  172  170  167  165
  163  162  161  160  159  159  159  160  161  162  161  158  152  142  131  119
  107   96   87   79   75   72   75   74   69                                   
    52.5-180.0 180.0   5.0 450.0                            LAT/LON1/LON2/DLON/H
   69   69   68   68   65   65   65   66   67   71   76   82   87   92   97  100
  102  103  103  103  104  105  106  110  115  121  129  138  148  159  170  181
  190  198  202  205  205  203  200  198  195  192  189  186  183  180  177  175
  173  171  170  169  168  168  168  169  170  170  169  165  158  147  134  120
  107   95   87   79   75   72   75   74   69                                   
    50.0-180.0 180.0   5.0 450.0                            LAT/LON1/LON2/DLON/H
   71   71   69   69   64   64   62   62   64   67   71   77   83   89   94   99
  102  104  106  107  108  110  114  119  125  133  142  152  162  173  184  195
  205  213  219  222  222  221  218  214  210  206  201  197  193  189  186  183
  181  179  177  175  175  175  175  176  177  177  175  171  163  151  137  122
  109   98   89   82   78   74   77   76   71                                   
    47.5-180.0 180.0   5.0 450.0                            LAT/LON1/LON2/DLON/H
   75   74   71   71   66   64   62   62   63   66   70   76   82   88   93   99
  103  107  110  112  114  118  122  129  137  147  157  167  177  187  198  209
  220  230  237  242  243  242  238  233  227  221  215  209  204  199  195  192
  188  185  182  180  179  179  180  181  182  182  180  176  167  155  141  127
  114  103   95   88   83   79   81   80   75                                   
    45.0-180.0 180.0   5.0 450.0                            LAT/LON1/LON2/DLON/H
   80   79   75   75   69   67   65   65   66   69   73   79   84   90   95  101
  106  111  115  119  122  126  132  139  149  159  170  180  190  201  212  224
  236  248  257  264  267  266  263  256  249  240  231  224  217  211  206  201
  196  191  187  184  183  183  184  185  186  186  184  180  172  160  146  133
  121  111  104   97   92   87   88   85   80                                   
    42.5-180.0 180.0   5.0 450.0                            LAT/LON1/LON2/DLON/H
   86   85   80   80   74   72   70   71   72   76   80   86   91   96  101  107
  113  119  124  128  131  135  141  149  158  169  181  192  202  213  225  239
  253  267  280  289  295  296  292  284  274  263  252  242  233  225  218  212
  205  198  192  188  186  186  188  189  190  190  188  183  176  165  153  142
  131  122  116  109  103   97   96   92   86                                   
    40.0-180.0 180.0   5.0 450.0                            LAT/LON1/LON2/DLON/H
   92   91   85   84   79   78   77   78   81   85   90   96  101  105  110  115
  122  128  134  138  141  144  149  157  166  177  189  201  212  224  238  255
  272  290  306  318  326  328  325  316  304  290  276  264  253  243  234  225
  216  207  200  194  192  192  192  193  193  192  190  186  180  171  160  151
  142  134  129  122  115  108  106  100   92                                   
    37.5-180.0 180.0   5.0 450.0                            LAT/LON1/LON2/DLON/H
   97   96   90   89   84   83   83   85   89   94  100  106  112  116  121  126
  133  139  145  149  151  153  157  163  172  184  196  209  222  236  253  272
  294  315  334  349  359  363  359  350  336  319  303  288  275  263  252  241
  231  220  211  205  201  200  199  199  197  195  193  189  183  176  167  159
  152  146  141  134  126  119  116  109   97                                   
    35.0-180.0 180.0   5.0 450.0                            LAT/LON1/LON2/DLON/H
  102  100   95   92   88   87   87   90   95  101  108  116  122  127  132  138
  145  152  157  160  162  163  165  170  178  189  202  217  232  249  269  293
  318  342  364  381  393  396  393  382  366  348  330  313  298  285  272  260
  249  238  228  220  215  211  209  205  202  198  194  190  186  179  172  166
  160  155  150  144  136  130  126  118  102                                   
    32.5-180.0 180.0   5.0 450.0                            LAT/LON1/LON2/DLON/H
  107  105  100   96   92   91   91   93   98  105  113  122  129  136  142  149
  156  163  169  171  172  172  174  178  185  196  210  225  243  264  287  314
  343  370  394  412  423  426  421  409  392  373  354  337  321  307  294  282
  270  259  249  240  232  226  220  213  206  200  195  191  187  182  176  171
  166  162  158  152  145  139  136  127  107                                   
    30.0-180.0 180.0   5.0 450.0                            LAT/LON1/LON2/DLON/H
  114  112  106  101   96   95   94   94   98  105  114  124  133  141  149  157
  166  174  179  183  184  184  184  188  194  205  219  236  256  279  306  336
  367  396  420  437  447  449  443  430  412  393  374  357  342  327  315  304
  293  283  273  263  253  243  232  221  210  202  195  191  187  183  179  175
  170  167  163  158  152  147  146  136  114                                   
    27.5-180.0 180.0   5.0 450.0                            LAT/LON1/LON2/DLON/H
  122  120  114  108  103  101   99   97   98  104  112  122  133  144  154  164
  174  183  189  193  195  196  197  200  206  216  231  249  270  296  325  357
  389  418  441  456  463  463  455  441  424  405  388  373  359  346  335  325
  317  309  299  287  274  259  243  228  214  202  195  190  186  183  180  178
  173  170  166  162  157  154  154  146  122                                   
    25.0-180.0 180.0   5.0 450.0                            LAT/LON1/LON2/DLON/H
  132  131  124  119  113  111  106  101  100  103  110  120  132  144  156  168
  180  190  198  203  206  209  211  215  221  230  244  263  285  312  343  375
  407  434  454  466  471  468  460  446  429  412  398  385  373  363  354  347
  340  333  323  310  293  274  253  233  216  202  194  188  185  183  182  180
  176  172  169  165  162  160  162  154  132                                   
    22.5-180.0 180.0   5.0 450.0                            LAT/LON1/LON2/DLON/H
  142  142  135  131  124  122  116  109  105  105  109  119  131  143  157  171
  185  196  205  212  217  222  226  231  236  245  259  277  300  328  358  389
  419  443  460  469  471  467  458  445  430  417  405  395  386  378  371  367
  362  356  345  329  309  285  260  237  217  203  193  187  184  183  183  182
  178  175  171  168  165  165  167  161  142                                   
    20.0-180.0 180.0   5.0 450.0                            LAT/LON1/LON2/DLON/H
  150  151  144  143  137  135  128  119  113  111  113  120  131  144  159  174
  189  201  211  219  226  233  240  246  252  261  273  291  314  341  370  399
  426  446  460  467  467  463  455  444  432  421  413  406  399  394  389  386
  382  375  362  344  319  292  265  240  220  205  194  188  184  183  184  184
  181  177  173  170  167  167  170  165  150                                   
    17.5-180.0 180.0   5.0 450.0                            LAT/LON1/LON2/DLON/H
  155  157  151  151  147  146  140  131  124  120  119  125  134  147  162  178
  193  206  216  225  234  243  252  259  266  275  288  305  327  352  379  406
  429  446  457  462  463  460  454  446  437  429  423  418  414  410  406  403
  398  390  374  352  325  295  267  243  224  210  199  191  186  185  186  187
  183  179  175  171  167  167  169  164  155                                   
    15.0-180.0 180.0   5.0 450.0                            LAT/LON1/LON2/DLON/H
  154  157  152  154  152  152  148  141  135  130  128  131  139  151  166  182
  197  210  220  229  239  249  261  271  279  288  301  318  339  363  387  411
  430  445  455  460  461  461  458  453  447  442  437  433  429  426  422  418
  411  398  379  354  325  295  269  247  230  216  205  196  190  188  189  190
  186  181  175  170  165  163  164  160  154                                   
    12.5-180.0 180.0   5.0 450.0                            LAT/LON1/LON2/DLON/H
  149  151  148  150  150  151  151  146  142  138  136  138  145  156  170  185
  200  212  222  231  241  254  267  280  290  301  314  330  350  373  395  415
  432  445  454  460  464  466  467  466  462  457  453  449  444  439  434  428
  417  400  377  349  320  292  269  251  236  224  213  202  195  193  194  193
  188  182  174  168  161  157  156  151  149                                   
    10.0-180.0 180.0   5.0 450.0                            LAT/LON1/LON2/DLON/H
  140  142  140  141  142  143  147  145  143  141  140  143  149  160  173  188
  202  214  223  231  242  256  272  287  300  313  326  342  361  382  402  420
  435  447  457  464  470  476  479  480  478  473  467  461  454  448  441  431
  416  395  368  339  311  287  268  253  241  231  219  208  201  198  198  197
  190  181  172  164  155  150  147  141  140                                   
     7.5-180.0 180.0   5.0 450.0                            LAT/LON1/LON2/DLON/H
  131  133  130  130  130  132  137  137  138  139  140  143  151  161  175  190
  203  214  222  231  243  258  276  294  310  324  338  353  371  390  408  424
