data/edconvlstm_nd/pred1510.15i
     1.0            IONOSPHERE MAPS     GNSS                IONEX VERSION / TYPE
pyspatialgeodesy        IME             05-JAN-18 20:20     PGM / RUN BY / DATE 
Map Name                                                    COMMENT             
Predicted global ionosphere maps (GIM).                     DESCRIPTION         
  2015     5    31     0     0     0                        EPOCH OF FIRST MAP  
  2015     6     1     0     0     0                        EPOCH OF LAST MAP   
  7200                                                      INTERVAL            
    13                                                      # OF MAPS IN FILE   
  NONE                                                      MAPPING FUNCTION    
10.0                                                        ELEVATION CUTOFF    
One-way carrier phase leveled to code                       OBSERVABLES USED    
  6371.0                                                    BASE RADIUS         
 2                                                          MAP DIMENSION       
   450.0 450.0   0.0                                        HGT1 / HGT2 / DHGT  
    87.5 -87.5  -2.5                                        LAT1 / LAT2 / DLAT  
  -180.0 180.0   5.0                                        LON1 / LON2 / DLON  
    -1                                                      EXPONENT            
                                                            END OF HEADER       
[from data line 2574]
     7                                                      START OF TEC MAP    
  2015     5    31    12     0     0                        EPOCH OF CURRENT MAP
    87.5-180.0 180.0   5.0 450.0                            LAT/LON1/LON2/DLON/H
  150  149  144  149  151  151  149  147  148  149  148  149  148  148  148  148
  148  148  148  148  148  148  149  149  149  149  150  150  151  151  151  152
  152  152  152  152  152  152  152  152  152  151  151  151  150  150  149  149
  149  148  148  148  147  147  146  146  146  146  145  145  145  145  144  144
  144  146  144  143  149  147  154  153  150                                   
    85.0-180.0 180.0   5.0 450.0                            LAT/LON1/LON2/DLON/H
  143  146  155  151  150  153  153  154  154  155  154  154  153  153  153  152
  152  152  152  152  152  153  153  154  154  155  156  156  157  158  159  159
  160  160  160  160  160  160  160  159  159  158  158  157  157  156  155  155
  154  153  153  152  152  151  151  151  150  150  150  149  149  149  149  149
  150  151  147  146  145  144  150  154  143                                   
    82.5-180.0 180.0   5.0 450.0                            LAT/LON1/LON2/DLON/H
  133  145  148  145  144  148  148  149  149  149  148  148  148  147  147  146
  146  146  146  146  146  147  148  149  150  152  153  155  156  158  159  161
  161  162  163  163  163  163  162  162  161  160  159  158  157  156  155  154
  153  152  152  151  150  150  149  148  148  147  146  145  145  144  143  143
  143  143  139  141  139  146  145  139  133                                   
    80.0-180.0 180.0   5.0 450.0                            LAT/LON1/LON2/DLON/H
  133  142  147  147  145  146  147  149  150  150  149  148  147  146  145  144
  143  143  143  143  144  144  146  147  149  151  153  156  158  160  162  164
  165  166  167  167  168  167  167  166  165  164  163  161  160  159  158  157
  156  155  154  154  153  153  152  151  150  149  148  147  145  144  143  142
  142  141  138  140  137  141  146  138  133                                   
    77.5-180.0 180.0   5.0 450.0                            LAT/LON1/LON2/DLON/H
  138  142  147  147  146  148  149  150  151  150  148  148  146  145  144  143
  142  141  141  141  142  143  145  147  150  153  156  159  163  166  169  172
  174  176  177  178  178  178  177  176  175  173  172  170  169  167  166  165
  164  163  163  162  162  161  161  160  159  157  155  153  151  149  147  145
  143  142  138  139  141  139  143  141  138                                   
    75.0-180.0 180.0   5.0 450.0                            LAT/LON1/LON2/DLON/H
  135  141  141  144  143  146  147  148  149  149  147  146  145  143  142  140
  139  139  139  139  140  142  144  147  150  154  158  162  167  171  175  178
  181  184  186  187  187  187  186  185  183  182  180  178  176  174  173  172
  171  170  170  170  170  170  169  169  168  166  165  162  160  157  154  152
  149  146  143  139  140  140  143  135  135                                   
    72.5-180.0 180.0   5.0 450.0                            LAT/LON1/LON2/DLON/H
  131  136  135  138  137  140  142  144  144  145  143  143  142  140  139  138
  137  137  137  138  139  141  144  147  151  155  159  165  170  175  180  184
  188  191  194  195  196  196  195  194  192  190  187  185  182  180  179  177
  176  176  176  176  176  176  176  176  176  175  173  171  169  166  162  159
  155  151  147  143  141  140  141  137  131                                   
    70.0-180.0 180.0   5.0 450.0                            LAT/LON1/LON2/DLON/H
  130  130  129  130  128  130  131  134  135  136  136  137  136  135  134  134
  133  133  134  135  136  139  142  145  149  153  159  165  170  177  182  188
  192  196  199  201  202  202  201  199  197  195  192  189  186  183  181  179
  178  177  176  176  176  177  177  178  178  178  178  177  175  173  169  166
  162  157  152  147  143  140  142  139  130                                   
    67.5-180.0 180.0   5.0 450.0                            LAT/LON1/LON2/DLON/H
  128  125  123  124  121  121  123  125  128  130  131  133  133  133  133  133
  133  133  134  136  137  140  143  146  150  155  160  167  173  180  186  192
  197  202  205  207  208  208  207  205  203  200  197  194  190  187  184  181
  179  177  176  176  176  176  177  179  180  181  182  182  182  180  177  175
  170  165  159  153  147  143  142  139  128                                   
    65.0-180.0 180.0   5.0 450.0                            LAT/LON1/LON2/DLON/H
  127  123  118  117  112  111  112  114  117  120  123  126  128  130  130  131
  131  132  133  135  137  139  142  146  150  155  161  168  175  183  190  197
  202  207  210  212  213  213  212  211  209  206  203  200  196  192  188  184
  180  177  175  174  174  174  176  178  180  182  184  186  187  186  185  183
  179  173  167  161  154  150  149  144  127                                   
    62.5-180.0 180.0   5.0 450.0                            LAT/LON1/LON2/DLON/H
  128  122  116  112  105  102  101  103  106  110  114  119  122  125  127  129
  130  131  133  134  136  138  141  145  149  155  162  169  177  185  193  200
  206  211  214  216  217  217  216  215  214  212  209  205  201  197  192  187
  182  178  175  173  172  172  174  176  179  183  186  189  191  191  190  189
  185  180  174  168  160  155  154  150  128                                   
    60.0-180.0 180.0   5.0 450.0                            LAT/LON1/LON2/DLON/H
  131  124  115  109   99   95   92   92   94   98  103  109  114  119  122  125
  127  128  130  132  133  135  138  142  147  153  161  169  178  187  195  202
  209  213  216  218  219  220  220  219  218  217  215  211  207  202  197  191
  185  180  176  173  172  172  174  177  180  184  187  191  193  194  194  193
  189  185  179  173  166  161  160  154  131                                   
    57.5-180.0 180.0   5.0 450.0                            LAT/LON1/LON2/DLON/H
  135  128  118  110   98   91   86   84   85   88   93   99  105  111  116  120
  123  126  127  129  130  132  134  138  144  151  160  169  179  188  197  205
  211  216  219  221  222  223  223  224  224  223  221  219  215  210  204  198
  192  186  181  178  176  176  178  181  184  188  191  195  197  198  197  196
  193  189  183  177  170  166  164  159  135                                   
    55.0-180.0 180.0   5.0 450.0                            LAT/LON1/LON2/DLON/H
  140  133  123  114  100   91   84   79   78   79   83   89   95  102  108  114
  119  122  125  126  127  128  130  134  140  148  157  168  178  188  198  206
  212  218  221  224  225  226  227  228  229  229  228  226  223  218  213  206
  200  193  188  185  183  183  185  188  191  194  197  200  201  201  200  199
  195  191  185  179  173  168  167  161  140                                   
    52.5-180.0 180.0   5.0 450.0                            LAT/LON1/LON2/DLON/H
  145  138  129  120  106   96   87   79   76   74   76   80   86   93  101  108
  115  120  124  126  126  127  128  131  137  145  155  165  176  187  196  205
  213  219  223  227  229  230  232  233  234  235  235  233  230  226  221  214
  208  201  196  193  192  192  195  198  200  203  205  206  206  205  204  202
  197  192  186  180  174  169  167  161  145                                   
    50.0-180.0 180.0   5.0 450.0                            LAT/LON1/LON2/DLON/H
  148  142  135  127  114  104   94   85   78   74   73   75   80   86   95  104
  113  120  126  128  129  129  129  131  136  143  153  163  173  183  193  203
  212  219  225  230  233  236  238  240  242  243  243  241  238  234  229  222
  216  209  204  201  201  202  205  208  211  213  213  213  212  210  208  205
  200  195  187  180  174  168  166  160  148                                   
    47.5-180.0 180.0   5.0 450.0                            LAT/LON1/LON2/DLON/H
  148  144  139  133  122  114  104   94   86   79   75   75   77   83   92  102
  114  124  131  135  136  135  135  135  138  144  152  161  170  180  190  200
  210  220  228  235  240  243  247  249  251  252  252  250  247  243  237  230
  223  216  211  209  209  211  215  219  221  222  221  219  217  215  212  209
  204  198  190  182  174  166  164  157  148                                   
    45.0-180.0 180.0   5.0 450.0                            LAT/LON1/LON2/DLON/H
  145  143  140  137  129  123  115  105   96   88   82   79   80   84   93  104
  117  129  139  145  147  146  144  143  144  148  153  160  168  176  186  197
  209  221  232  241  248  254  258  261  264  265  264  262  258  253  246  238
  230  223  218  216  217  220  224  228  231  231  229  226  223  220  217  215
  209  203  193  184  174  166  162  155  145                                   
    42.5-180.0 180.0   5.0 450.0                            LAT/LON1/LON2/DLON/H
  140  139  138  137  132  129  124  116  108   99   92   88   87   90   98  109
  123  137  148  156  160  160  158  155  154  155  157  162  168  175  184  196
  209  224  237  249  259  266  273  277  280  281  280  277  273  266  258  249
  240  232  227  224  225  229  233  238  240  239  236  232  228  225  222  220
  215  208  198  188  177  167  162  155  140                                   
    40.0-180.0 180.0   5.0 450.0                            LAT/LON1/LON2/DLON/H
  135  135  134  134  132  131  129  124  118  111  104  100   97   99  105  115
  129  143  157  167  172  174  172  169  166  164  165  167  171  177  186  197
  212  228  244  259  271  282  290  296  300  301  300  297  291  284  274  264
  254  246  240  237  238  241  245  249  250  248  244  239  234  230  227  225
  220  213  203  192  180  169  164  156  135                                   
    37.5-180.0 180.0   5.0 450.0                            LAT/LON1/LON2/DLON/H
  131  131  130  129  129  129  129  127  124  119  115  111  109  109  114  122
  134  148  162  174  183  186  186  182  178  175  174  175  178  183  191  202
  218  235  253  270  285  298  309  317  322  324  324  321  315  306  296  286
  275  267  260  257  256  258  261  263  263  260  254  248  241  236  233  230
  225  218  208  197  184  174  168  159  131                                   
    35.0-180.0 180.0   5.0 450.0                            LAT/LON1/LON2/DLON/H
  130  129  127  125  124  124  126  125  125  124  123  121  120  119  122  128
  137  150  164  178  189  195  197  194  190  187  186  186  188  193  200  211
  226  244  264  283  301  316  329  339  345  349  350  347  342  334  324  314
  304  295  289  284  282  282  282  282  280  275  267  258  250  243  238  234
  228  222  212  201  188  179  173  163  130                                   
    32.5-180.0 180.0   5.0 450.0                            LAT/LON1/LON2/DLON/H
  134  132  127  123  120  119  120  120  122  124  126  128  127  127  128  131
  138  149  163  178  191  200  204  203  201  198  198  199  201  206  213  224
  239  256  276  297  316  334  348  359  368  373  375  374  370  364  356  347
  339  331  325  320  315  312  309  306  301  293  283  272  261  252  244  238
  231  224  214  204  192  184  180  169  134                                   
    30.0-180.0 180.0   5.0 450.0                            LAT/LON1/LON2/DLON/H
  142  139  132  125  120  117  115  114  116  121  126  130  131  131  131  133
  137  146  159  175  190  202  208  209  208  208  209  212  216  222  229  239
  253  270  290  311  331  350  366  378  388  394  398  399  398  394  388  383
  377  372  366  360  354  347  340  333  325  315  302  288  274  261  250  242
  232  224  215  205  195  189  186  175  142                                   
    27.5-180.0 180.0   5.0 450.0                            LAT/LON1/LON2/DLON/H
  153  149  141  132  125  119  114  110  112  116  123  128  131  132  132  132
  135  142  154  170  187  201  209  212  213  215  219  225  231  238  246  256
  269  285  304  325  346  365  381  393  403  411  416  419  421  420  419  417
  414  411  407  401  393  383  373  363  351  338  322  304  286  270  256  244
  232  224  214  205  197  193  191  180  153                                   
    25.0-180.0 180.0   5.0 450.0                            LAT/LON1/LON2/DLON/H
  166  162  154  143  135  126  119  111  111  114  120  125  129  131  131  131
  133  139  150  166  184  198  207  212  216  221  228  236  245  254  263  274
  286  301  319  340  360  379  394  406  415  423  429  434  438  441  443  445
  446  445  442  436  427  415  402  388  374  357  338  318  296  276  259  244
  231  222  212  204  197  195  194  184  166                                   
    22.5-180.0 180.0   5.0 450.0                            LAT/LON1/LON2/DLON/H
  177  175  167  157  148  137  128  118  114  115  119  123  127  128  129  130
  132  138  149  165  182  196  205  211  216  224  234  246  258  269  279  290
  302  316  334  354  374  391  405  416  425  432  438  443  449  454  459  464
  467  468  466  459  449  436  421  405  389  370  348  325  301  279  259  243
  229  219  210  202  197  196  195  187  177                                   
    20.0-180.0 180.0   5.0 450.0                            LAT/LON1/LON2/DLON/H
  184  184  179  170  161  150  140  128  122  120  121  123  125  127  128  130
  133  140  151  166  182  194  203  209  216  227  240  254  269  282  294  305
  317  331  348  368  387  403  417  426  433  439  444  450  455  462  467  472
  476  477  475  468  457  443  428  412  394  373  350  326  301  277  256  240
  226  217  208  201  197  196  196  188  184                                   
    17.5-180.0 180.0   5.0 450.0                            LAT/LON1/LON2/DLON/H
  186  189  186  178  171  161  151  140  132  127  125  125  125  126  128  131
  136  144  155  169  183  194  201  208  216  229  245  262  278  293  307  319
  332  346  362  381  399  415  428  437  443  447  451  455  459  464  469  473
  475  474  471  463  453  440  425  410  392  370  346  321  295  272  251  235
  223  215  207  202  197  195  196  188  186                                   
    15.0-180.0 180.0   5.0 450.0                            LAT/LON1/LON2/DLON/H
  184  189  187  180  174  165  158  149  142  135  131  128  127  128  130  134
  139  148  160  173  185  194  200  207  217  232  250  269  287  304  319  333
  346  359  375  393  410  426  438  447  453  456  458  460  462  464  466  467
  466  464  459  452  442  430  418  403  386  364  339  313  288  265  246  231
  220  214  208  203  198  196  196  188  184                                   
    12.5-180.0 180.0   5.0 450.0                            LAT/LON1/LON2/DLON/H
  180  185  182  174  169  162  159  152  147  141  136  132  130  129  132  136
  142  152  164  176  187  194  199  206  218  236  256  277  296  315  331  346
  359  371  386  402  419  434  447  456  463  465  466  465  464  463  461  458
  455  450  445  438  429  420  410  397  380  358  332  306  281  258  240  227
  217  213  209  206  201  197  197  188  180                                   
    10.0-180.0 180.0   5.0 450.0                            LAT/LON1/LON2/DLON/H
  174  178  174  164  159  153  152  149  147  143  138  134  132  131  133  137
  144  153  165  177  187  193  198  206  221  241  263  285  306  326  343  358
  370  381  393  407  422  437  450  461  469  472  471  468  464  460  455  449
  443  437  432  425  418  411  403  392  375  354  327  300  275  253  236  224
  216  213  211  209  204  198  198  188  174                                   
     7.5-180.0 180.0   5.0 450.0                            LAT/LON1/LON2/DLON/H
  170  170  163  152  145  139  140  140  141  139  136  134  132  131  133  136
  142  152  164  176  185  191  197  207  224  246  270  294  316  336  353  368
