data/edconvlstm_nd/pred2830.15i
     1.0            IONOSPHERE MAPS     GNSS                IONEX VERSION / TYPE
pyspatialgeodesy        IME             05-JAN-18 20:20     PGM / RUN BY / DATE 
Map Name                                                    COMMENT             
Predicted global ionosphere maps (GIM).                     DESCRIPTION         
  2015    10    10     0     0     0                        EPOCH OF FIRST MAP  
  2015    10    11     0     0     0                        EPOCH OF LAST MAP   
  7200                                                      INTERVAL            
    13                                                      # OF MAPS IN FILE   
  NONE                                                      MAPPING FUNCTION    
10.0                                                        ELEVATION CUTOFF    
One-way carrier phase leveled to code                       OBSERVABLES USED    
  6371.0                                                    BASE RADIUS         
 2                                                          MAP DIMENSION       
   450.0 450.0   0.0                                        HGT1 / HGT2 / DHGT  
    87.5 -87.5  -2.5                                        LAT1 / LAT2 / DLAT  
  -180.0 180.0   5.0                                        LON1 / LON2 / DLON  
    -1                                                      EXPONENT            
                                                            END OF HEADER       
[from data line 1287]
     4                                                      START OF TEC MAP    
  2015    10    10     6     0     0                        EPOCH OF CURRENT MAP
    87.5-180.0 180.0   5.0 450.0                            LAT/LON1/LON2/DLON/H
   36   44   39   43   42   43   42   38   39   40   40   41   42   42   42   42
   43   42   42   42   42   42   42   42   42   41   41   41   41   41   40   40
   40   40   39   39   39   39   39   39   39   39   39   39   39   40   40   40
   40   40   40   40   40   40   40   39   39   39   39   38   38   37   37   37
   38   38   35   36   41   51   60   55   36                                   
    85.0-180.0 180.0   5.0 450.0                            LAT/LON1/LON2/DLON/H
   26   50   47   47   49   51   51   51   51   53   52   53   54   54   54   54
   53   53   53   52   52   52   52   51   51   51   51   51   50   50   50   50
   50   50   49   49   49   50   50   50   50   51   51   51   52   52   52   53
   53   53   53   53   53   53   53   52   52   52   52   51   51   50   50   50
   50   50   46   48   52   54   66   56   26                                   
    82.5-180.0 180.0   5.0 450.0                            LAT/LON1/LON2/DLON/H
   29   39   52   49   49   51   51   51   53   54   54   56   56   56   56   55
   55   54   53   52   51   50   50   49   49   48   48   48   48   48   48   48
   48   48   48   48   48   49   50   50   51   52   53   54   55   56   56   57
   58   58   59   59   59   59   59   58   58   58   57   57   56   55   54   54
   53   53   49   48   57   51   52   49   29                                   
    80.0-180.0 180.0   5.0 450.0                            LAT/LON1/LON2/DLON/H
   40   43   51   45   50   50   52   52   54   55   55   57   57   57   57   56
   54   53   51   50   48   47   46   45   44   44   44   44   45   45   45   46
   46   46   47   47   48   49   50   51   52   54   56   57   59   61   62   63
   64   65   66   66   67   67   67   66   66   66   65   64   63   62   61   60
   59   57   56   54   61   57   56   52   40                                   
    77.5-180.0 180.0   5.0 450.0                            LAT/LON1/LON2/DLON/H
   50   48   47   41   43   44   46   48   50   52   52   55   56   56   56   54
   52   50   48   45   42   40   38   37   36   36   36   36   37   38   38   39
   40   41   41   42   42   43   45   46   48   51   53   56   59   61   64   66
   68   69   70   71   71   72   72   72   72   71   71   70   69   67   66   64
   63   61   58   57   57   47   48   47   50                                   
    75.0-180.0 180.0   5.0 450.0                            LAT/LON1/LON2/DLON/H
   43   44   41   37   37   40   41   42   45   47   48   51   52   52   51   50
   48   45   42   39   36   34   32   30   30   30   30   31   32   33   34   36
   36   37   37   38   38   39   40   42   44   47   50   54   58   61   64   67
   69   70   71   72   73   73   74   74   74   74   74   73   72   71   69   68
   66   64   61   56   56   48   48   46   43                                   
    72.5-180.0 180.0   5.0 450.0                            LAT/LON1/LON2/DLON/H
   45   43   40   34   36   39   41   42   44   47   48   51   52   52   51   50
   47   44   41   37   34   31   28   27   26   26   27   28   30   31   33   34
   36   36   36   36   36   37   38   40   43   47   52   57   62   66   70   73
   75   76   77   78   78   79   80   81   81   81   81   81   80   78   77   75
   73   71   69   65   62   53   51   49   45                                   
    70.0-180.0 180.0   5.0 450.0                            LAT/LON1/LON2/DLON/H
   48   44   42   37   37   38   40   42   44   46   48   50   51   51   51   49
   47   43   40   36   33   30   28   26   26   26   27   29   30   32   34   35
   36   36   36   36   35   36   37   39   43   48   54   60   66   71   75   77
   79   80   80   81   81   82   83   84   85   86   86   85   84   82   81   79
   77   75   73   68   65   57   57   53   48                                   
    67.5-180.0 180.0   5.0 450.0                            LAT/LON1/LON2/DLON/H
   45   42   40   36   36   37   38   39   42   44   45   48   48   48   48   46
   44   41   38   34   31   29   27   25   25   25   26   28   30   31   33   34
   34   34   33   32   31   31   33   36   40   46   52   60   66   72   76   78
   79   79   78   78   79   80   82   83   84   85   85   84   83   81   79   77
   75   72   72   66   64   56   55   52   45                                   
    65.0-180.0 180.0   5.0 450.0                            LAT/LON1/LON2/DLON/H
   44   41   39   35   34   35   37   38   41   43   44   47   47   47   47   45
   43   41   38   36   33   31   29   28   27   27   28   29   31   32   32   33
   32   31   30   29   29   29   31   34   39   46   54   62   69   75   79   80
   80   80   79   79   79   81   83   85   86   87   87   85   83   81   78   76
   74   70   69   64   62   56   56   53   44                                   
    62.5-180.0 180.0   5.0 450.0                            LAT/LON1/LON2/DLON/H
   41   40   38   34   34   35   36   38   40   43   44   46   47   47   46   45
   44   42   40   38   36   34   33   32   31   31   31   32   33   33   32   32
   31   30   28   28   27   28   31   35   41   48   57   65   73   79   82   83
   83   82   81   81   83   85   88   90   91   91   90   88   85   82   79   76
   73   70   68   62   60   55   55   52   41                                   
    60.0-180.0 180.0   5.0 450.0                            LAT/LON1/LON2/DLON/H
   40   40   37   32   32   33   34   35   38   40   41   44   44   44   44   43
   43   42   41   40   38   36   35   34   33   33   33   33   32   31   30   29
   27   26   25   25   25   27   30   35   41   49   58   67   74   80   84   85
   85   84   84   86   88   91   95   97   98   97   95   91   88   84   80   77
   74   70   68   62   60   55   54   51   40                                   
    57.5-180.0 180.0   5.0 450.0                            LAT/LON1/LON2/DLON/H
   42   41   37   32   32   32   33   33   36   38   39   41   42   42   43   42
   42   42   41   41   39   38   36   35   34   34   33   33   32   30   28   26
   24   24   23   24   25   28   32   37   43   51   60   69   76   82   86   89
   90   91   93   96  100  104  108  110  110  107  104   99   95   91   87   84
   81   76   74   67   65   59   57   53   42                                   
    55.0-180.0 180.0   5.0 450.0                            LAT/LON1/LON2/DLON/H
   48   44   40   33   32   31   31   31   33   35   36   38   39   40   40   41
   41   41   41   40   39   37   36   34   33   33   32   32   30   28   26   24
   22   22   23   24   27   30   35   40   46   54   62   71   79   85   90   94
   97  100  104  110  116  121  125  126  124  120  115  110  105  101   98   96
   92   87   84   78   74   67   63   58   48                                   
    52.5-180.0 180.0   5.0 450.0                            LAT/LON1/LON2/DLON/H
   58   51   46   37   35   33   32   31   32   32   33   35   36   37   38   39
   39   39   39   38   37   36   34   33   32   32   31   31   29   27   25   23
   22   23   24   27   31   35   39   44   50   57   65   74   82   90   96  102
  107  113  120  127  135  141  144  144  140  134  127  121  117  114  111  110
  107  102   99   93   87   79   75   68   58                                   
    50.0-180.0 180.0   5.0 450.0                            LAT/LON1/LON2/DLON/H
   72   61   54   45   41   38   36   33   32   31   31   33   34   35   36   37
   38   38   37   36   35   34   32   31   31   31   31   31   29   27   25   24
   24   25   28   32   36   41   45   50   56   63   71   79   88   97  105  113
  120  128  137  146  154  160  162  160  154  146  138  132  127  125  124  124
  121  118  115  108  103   95   89   82   72                                   
    47.5-180.0 180.0   5.0 450.0                            LAT/LON1/LON2/DLON/H
   86   73   64   55   49   46   43   38   35   32   31   32   33   35   36   36
   36   36   36   35   34   32   31   30   30   31   31   32   31   29   28   27
   27   30   33   38   43   47   52   57   63   70   78   87   97  107  117  126
  135  144  154  163  170  175  175  171  164  155  146  139  135  134  133  134
  132  129  127  121  116  109  104   96   86                                   
    45.0-180.0 180.0   5.0 450.0                            LAT/LON1/LON2/DLON/H
   97   84   74   67   59   56   52   46   40   36   33   34   34   35   36   36
   36   36   35   35   34   33   32   31   32   32   33   33   33   32   31   30
   32   35   39   44   49   55   60   65   72   79   88   98  109  120  130  140
  149  159  168  176  182  185  184  178  170  160  150  144  140  138  138  138
  137  135  133  128  124  119  115  108   97                                   
    42.5-180.0 180.0   5.0 450.0                            LAT/LON1/LON2/DLON/H
  103   91   82   76   69   66   62   54   48   42   38   38   38   38   39   39
   38   38   37   37   36   36   35   34   34   35   36   36   36   35   34   34
   36   39   44   50   55   61   67   74   81   91  101  112  123  134  144  153
  162  170  178  185  190  192  189  183  173  163  154  148  143  141  139  139
  137  134  132  128  126  122  119  114  103                                   
    40.0-180.0 180.0   5.0 450.0                            LAT/LON1/LON2/DLON/H
  103   92   84   80   75   73   70   62   55   48   44   43   43   44   44   44
   43   42   42   42   42   41   40   39   39   39   39   39   39   37   37   37
   39   42   47   53   59   66   73   82   92  103  115  127  138  148  157  165
  172  179  185  192  196  197  195  188  179  170  161  154  149  145  142  139
  135  131  128  123  122  118  116  113  103                                   
    37.5-180.0 180.0   5.0 450.0                            LAT/LON1/LON2/DLON/H
   98   88   81   79   76   76   73   67   60   53   49   49   49   50   51   51
   50   50   50   50   50   50   48   47   45   44   43   42   41   40   39   39
   40   44   49   55   62   70   79   90  103  116  130  142  152  161  168  174
  180  186  193  199  204  206  205  200  192  184  176  169  162  156  150  144
  138  131  126  120  116  111  109  106   98                                   
    35.0-180.0 180.0   5.0 450.0                            LAT/LON1/LON2/DLON/H
   91   80   75   73   72   72   71   67   62   56   53   54   55   57   59   60
   60   60   60   61   61   60   58   55   52   49   48   46   44   42   41   40
   42   45   50   56   63   73   84   98  113  129  143  156  165  173  178  184
  189  195  203  212  219  224  224  221  216  209  201  194  186  177  168  160
  150  140  132  123  116  106  102   99   91                                   
    32.5-180.0 180.0   5.0 450.0                            LAT/LON1/LON2/DLON/H
   87   73   67   64   64   65   65   63   59   56   54   56   59   63   66   68
   69   70   71   71   71   70   67   63   58   55   52   50   47   45   43   42
   43   46   50   57   65   76   89  105  122  140  155  167  176  183  188  194
  201  210  221  233  244  252  256  255  251  246  239  231  222  212  201  190
  178  165  152  139  126  109  101   95   87                                   
    30.0-180.0 180.0   5.0 450.0                            LAT/LON1/LON2/DLON/H
   89   70   61   56   56   57   57   56   55   52   53   56   61   66   70   74
   77   78   79   79   79   77   73   69   64   60   56   54   51   49   47   46
   46   47   52   58   67   79   94  112  131  149  165  177  186  193  200  208
  218  232  247  264  280  291  298  299  296  292  285  277  268  257  246  235
  220  205  189  170  151  124  112  102   89                                   
    27.5-180.0 180.0   5.0 450.0                            LAT/LON1/LON2/DLON/H
  102   77   63   54   52   52   52   51   50   48   50   54   60   66   71   76
   80   82   82   82   81   79   76   73   68   64   61   59   57   55   52   50
   49   50   54   61   71   84  100  119  139  158  174  187  196  205  215  227
  242  261  282  304  324  339  347  349  348  343  336  328  319  309  299  288
  274  258  239  214  189  153  137  121  102                                   
    25.0-180.0 180.0   5.0 450.0                            LAT/LON1/LON2/DLON/H
  128   96   77   63   58   54   53   51   49   47   48   52   57   63   69   74
   78   80   80   79   78   77   76   74   72   69   67   64   63   61   58   56
   54   54   57   64   75   89  106  126  146  165  182  196  208  220  233  251
  272  297  324  350  373  390  399  402  400  394  387  379  371  362  354  345
  332  316  295  267  238  196  175  153  128                                   
    22.5-180.0 180.0   5.0 450.0                            LAT/LON1/LON2/DLON/H
  167  129  105   87   76   69   65   59   55   51   50   52   56   60   65   70
   73   75   74   72   71   72   74   76   76   75   73   71   69   67   64   61
   59   58   61   69   80   95  112  132  152  172  190  206  222  238  257  279
  306  336  367  396  421  438  448  450  447  441  433  425  418  411  405  398
  387  373  352  323  293  247  222  198  167                                   
    20.0-180.0 180.0   5.0 450.0                            LAT/LON1/LON2/DLON/H
  216  175  147  126  109   98   90   79   71   63   59   58   58   59   62   66
   68   68   66   64   64   68   73   78   82   82   80   78   75   73   70   66
   63   62   65   73   85  100  118  138  158  179  199  218  238  259  283  311
  342  375  407  437  461  478  486  487  484  478  470  463  457  452  449  444
  435  423  404  376  346  302  273  250  216                                   
    17.5-180.0 180.0   5.0 450.0                            LAT/LON1/LON2/DLON/H
  269  227  201  179  156  141  129  113   99   86   77   71   66   64   64   65
   66   65   62   60   61   66   75   84   90   91   89   85   81   78   75   70
   67   65   68   76   89  105  123  142  164  186  209  231  255  281  309  340
  374  407  439  466  488  501  507  507  505  501  496  490  486  484  482  480
  473  463  446  422  394  354  325  304  269                                   
    15.0-180.0 180.0   5.0 450.0                            LAT/LON1/LON2/DLON/H
  319  279  257  236  210  192  178  157  139  120  105   93   83   76   72   71
   70   68   64   62   65   72   83   95  102  103   99   93   88   83   78   73
   69   67   69   78   91  107  125  145  167  191  217  244  272  301  332  365
  398  429  457  480  497  506  509  510  511  510  509  507  506  505  505  503
  497  488  474  454  431  398  371  354  319                                   
    12.5-180.0 180.0   5.0 450.0                            LAT/LON1/LON2/DLON/H
  356  322  305  286  259  242  227  206  184  161  141  125  110   97   89   85
   83   80   76   75   77   86   99  111  117  117  111  103   95   89   82   76
   70   67   70   78   92  108  125  145  169  195  224  254  285  316  349  381
  412  439  462  479  490  495  497  500  504  509  512  514  516  518  518  516
  508  499  487  472  453  429  407  395  356                                   
    10.0-180.0 180.0   5.0 450.0                            LAT/LON1/LON2/DLON/H
  380  350  337  319  295  280  268  249  227  203  182  164  145  129  118  111
  107  103   99   97  100  109  121  131  137  134  126  116  105   96   87   79
   72   68   70   79   92  107  124  144  168  196  226  259  292  324  357  387
  414  437  454  466  472  474  476  481  490  500  508  515  519  522  523  519
  510  499  488  476  462  446  430  424  380                                   
     7.5-180.0 180.0   5.0 450.0                            LAT/LON1/LON2/DLON/H
  393  367  354  335  315  303  293  279  261  240  221  204  186  168  155  146
  141  136  131  128  129  136  146  154  157  153  143  129  116  104   93   83
