data/edconvlstm_nd/pred2270.15i
     1.0            IONOSPHERE MAPS     GNSS                IONEX VERSION / TYPE
pyspatialgeodesy        IME             05-JAN-18 20:20     PGM / RUN BY / DATE 
Map Name                                                    COMMENT             
Predicted global ionosphere maps (GIM).                     DESCRIPTION         
  2015     8    15     0     0     0                        EPOCH OF FIRST MAP  
  2015     8    16     0     0     0                        EPOCH OF LAST MAP   
  7200                                                      INTERVAL            
    13                                                      # OF MAPS IN FILE   
  NONE                                                      MAPPING FUNCTION    
10.0                                                        ELEVATION CUTOFF    
One-way carrier phase leveled to code                       OBSERVABLES USED    
  6371.0                                                    BASE RADIUS         
 2                                                          MAP DIMENSION       
   450.0 450.0   0.0                                        HGT1 / HGT2 / DHGT  
    87.5 -87.5  -2.5                                        LAT1 / LAT2 / DLAT  
  -180.0 180.0   5.0                                        LON1 / LON2 / DLON  
    -1                                                      EXPONENT            
                                                            END OF HEADER       
[from data line 4719]
    12                                                      START OF TEC MAP    
  2015     8    15    22     0     0                        EPOCH OF CURRENT MAP
    87.5-180.0 180.0   5.0 450.0                            LAT/LON1/LON2/DLON/H
  139  126  111  117  119  116  115  113  112  114  113  114  114  114  114  114
  114  114  114  114  114  114  113  113  112  112  112  111  111  110  110  109
  109  109  108  108  108  108  107  107  107  107  106  106  106  106  106  107
  107  107  107  107  107  108  108  108  108  108  109  109  109  109  109  109
  109  109  108  108  119  117  129  133  139                                   
    85.0-180.0 180.0   5.0 450.0                            LAT/LON1/LON2/DLON/H
  139  130  132  122  119  122  121  123  123  124  124  125  125  126  126  126
  126  126  126  126  125  125  124  124  123  123  122  121  121  120  120  119
  119  118  118  118  117  117  116  116  115  115  114  114  114  113  113  113
  113  113  113  114  114  114  114  115  115  115  115  115  115  116  116  116
  116  116  115  113  117  114  115  117  139                                   
    82.5-180.0 180.0   5.0 450.0                            LAT/LON1/LON2/DLON/H
  120  117  117  113  113  116  119  119  118  120  120  122  122  123  124  124
  124  124  123  123  122  121  120  119  118  117  116  115  114  113  113  112
  112  112  111  111  110  110  109  108  107  107  106  105  104  104  104  104
  104  104  104  105  105  106  107  107  108  108  108  109  109  109  109  108
  109  108  107  110  113  120  111  113  120                                   
    80.0-180.0 180.0   5.0 450.0                            LAT/LON1/LON2/DLON/H
  110  109  114  110  109  108  114  117  119  121  122  124  125  126  127  127
  127  127  126  125  123  121  119  118  116  114  112  111  109  108  108  107
  107  106  106  105  105  104  103  102  101  100   99   98   97   97   96   96
   96   97   98   99  100  101  102  103  103  104  105  105  105  105  105  105
  105  105  105  107  105  106  102  111  110                                   
    77.5-180.0 180.0   5.0 450.0                            LAT/LON1/LON2/DLON/H
  116  108  116  113  116  117  122  124  126  128  129  132  133  134  135  135
  134  134  132  130  128  125  123  120  117  114  112  110  108  107  106  106
  106  105  105  105  104  103  102  100   99   97   95   94   93   92   92   92
   92   93   94   96   97   99  100  102  103  104  105  105  105  105  105  105
  105  105  105  107  110  106  109  122  116                                   
    75.0-180.0 180.0   5.0 450.0                            LAT/LON1/LON2/DLON/H
  116  112  116  113  116  119  123  126  130  134  135  138  139  140  140  140
  140  138  136  134  131  127  124  120  116  113  110  108  106  105  104  104
  104  104  104  104  103  102  100   98   96   94   92   90   89   88   87   87
   88   89   90   91   93   95   97   99  101  102  103  104  104  105  105  105
  105  106  107  105  106  103  106  108  116                                   
    72.5-180.0 180.0   5.0 450.0                            LAT/LON1/LON2/DLON/H
  118  114  118  123  123  126  131  134  136  139  141  143  144  145  145  145
  143  142  139  136  132  128  124  119  114  110  106  103  101  100  100  100
  100  101  100  100   98   96   94   91   89   86   84   82   80   79   79   79
   80   81   82   84   86   88   90   93   95   97   99  100  101  102  102  103
  102  103  104  102  102  102  106  115  118                                   
    70.0-180.0 180.0   5.0 450.0                            LAT/LON1/LON2/DLON/H
  120  117  119  122  122  125  129  133  137  140  143  145  146  146  146  145
  143  141  139  136  132  127  122  117  112  107  103  100   98   97   97   98
   98   98   98   96   94   92   89   85   82   79   77   75   73   72   72   72
   72   72   73   75   77   79   82   84   87   90   93   95   97   98   99  100
  100  100  102  102  103  105  111  117  120                                   
    67.5-180.0 180.0   5.0 450.0                            LAT/LON1/LON2/DLON/H
  126  122  125  130  130  133  137  141  144  147  149  152  152  152  151  150
  148  147  144  142  138  134  128  122  117  111  107  104  102  101  101  101
  101  100   99   96   93   89   85   81   78   75   73   71   70   70   69   69
   69   69   69   70   72   74   77   80   84   88   92   96   98  100  101  102
  102  103  104  104  104  107  111  117  126                                   
    65.0-180.0 180.0   5.0 450.0                            LAT/LON1/LON2/DLON/H
  128  125  127  131  130  132  136  140  144  147  150  151  152  152  151  149
  148  146  145  143  141  137  132  126  120  115  111  108  107  106  106  106
  104  102   99   94   90   85   80   76   72   70   68   68   67   66   66   65
   64   63   62   62   63   65   68   72   77   82   87   92   96   98  100  101
  101  103  105  106  107  111  116  122  128                                   
    62.5-180.0 180.0   5.0 450.0                            LAT/LON1/LON2/DLON/H
  133  130  132  135  134  135  138  141  145  148  150  152  153  152  151  150
  149  148  148  147  146  143  139  134  128  123  120  118  117  116  115  113
  110  106  100   94   88   82   76   72   69   67   67   67   67   66   65   64
   62   60   58   57   58   59   63   67   73   79   86   92   97  100  102  103
  103  105  106  107  109  113  118  123  133                                   
    60.0-180.0 180.0   5.0 450.0                            LAT/LON1/LON2/DLON/H
  139  135  137  138  137  136  138  141  143  146  149  150  151  151  150  148
  148  148  149  150  150  148  145  141  136  133  130  129  128  128  126  123
  117  111  103   95   87   80   75   71   68   68   68   69   69   68   67   64
   61   58   55   54   54   55   58   63   70   78   85   92   98  102  105  106
  106  107  109  110  113  117  124  128  139                                   
    57.5-180.0 180.0   5.0 450.0                            LAT/LON1/LON2/DLON/H
  144  141  143  144  142  141  141  142  144  145  147  149  149  149  148  147
  147  147  149  152  153  153  151  148  145  142  140  140  140  140  137  132
  125  116  106   97   88   81   76   72   71   71   72   73   73   72   70   66
   62   58   55   53   53   54   57   63   70   78   87   95  101  105  108  109
  109  111  113  114  117  122  129  133  144                                   
    55.0-180.0 180.0   5.0 450.0                            LAT/LON1/LON2/DLON/H
  152  150  152  152  149  148  147  147  146  147  147  148  149  148  147  146
  146  147  149  153  155  157  156  154  151  150  149  150  151  150  146  140
  131  120  110  100   91   84   79   76   76   76   78   79   79   77   74   69
   64   60   57   55   55   56   59   65   72   80   89   97  104  109  112  113
  114  115  118  120  123  130  137  141  152                                   
    52.5-180.0 180.0   5.0 450.0                            LAT/LON1/LON2/DLON/H
  160  159  162  162  159  157  156  154  152  151  149  149  149  148  146  145
  144  146  148  152  156  158  158  157  156  155  156  157  158  157  152  145
  134  123  113  103   95   89   85   82   82   83   85   86   85   82   78   73
   68   64   61   59   59   61   64   69   75   83   92  100  107  111  115  117
  119  121  125  127  131  138  146  150  160                                   
    50.0-180.0 180.0   5.0 450.0                            LAT/LON1/LON2/DLON/H
  169  169  173  173  171  170  168  165  161  159  156  154  152  150  148  146
  145  146  148  152  156  159  160  160  159  159  160  161  162  161  155  147
  136  126  116  107  101   95   91   89   89   90   91   91   90   86   81   76
   72   68   66   66   66   67   70   74   79   86   94  102  108  114  118  122
  124  129  133  136  140  148  156  160  169                                   
    47.5-180.0 180.0   5.0 450.0                            LAT/LON1/LON2/DLON/H
  178  179  183  184  183  183  181  179  174  170  166  162  158  155  152  149
  147  147  149  153  157  160  162  162  162  162  163  164  164  162  156  147
  137  127  119  112  107  102   98   96   95   96   96   96   94   90   85   80
   76   74   73   73   73   75   76   79   84   89   96  103  110  116  121  127
  131  137  143  146  151  158  166  169  178                                   
    45.0-180.0 180.0   5.0 450.0                            LAT/LON1/LON2/DLON/H
  186  188  192  193  194  195  194  193  189  185  179  174  169  164  159  155
  153  152  153  155  159  163  165  166  166  167  167  167  166  163  156  148
  138  130  123  118  113  109  104  101  100  100  100  100   97   93   88   84
   81   80   80   80   81   82   83   84   87   92   97  104  111  118  125  132
  138  146  153  157  161  167  174  178  186                                   
    42.5-180.0 180.0   5.0 450.0                            LAT/LON1/LON2/DLON/H
  193  194  197  200  201  204  205  206  203  200  195  189  182  176  170  165
  161  159  159  160  164  168  171  173  174  174  174  172  170  165  158  149
  141  134  129  124  120  114  109  104  102  102  102  102   99   95   91   88
   86   86   86   86   86   87   87   88   90   93   99  105  113  120  129  138
  146  155  164  167  171  176  182  185  193                                   
    40.0-180.0 180.0   5.0 450.0                            LAT/LON1/LON2/DLON/H
  198  199  201  203  206  210  213  216  217  215  211  205  198  190  184  177
  172  169  167  168  171  175  180  183  185  186  184  181  176  170  162  154
  147  140  136  131  125  118  111  106  103  103  104  103  101   98   95   92
   91   90   90   90   90   89   89   89   91   94   99  106  115  124  134  144
  154  164  173  177  179  183  187  191  198                                   
    37.5-180.0 180.0   5.0 450.0                            LAT/LON1/LON2/DLON/H
  203  202  203  205  208  212  218  224  228  229  226  222  215  207  199  192
  186  181  177  177  180  185  191  197  200  201  199  194  187  179  170  162
  155  148  143  137  129  120  112  106  103  103  104  104  103  100   98   96
   94   93   92   91   90   89   89   89   90   93   99  107  117  127  139  150
  161  172  181  184  186  188  192  196  203                                   
    35.0-180.0 180.0   5.0 450.0                            LAT/LON1/LON2/DLON/H
  209  206  206  206  210  213  221  229  236  241  241  238  232  224  216  208
  200  194  189  188  191  197  205  212  217  218  215  209  200  190  181  172
  164  157  149  141  131  121  111  104  102  102  104  105  104  102  100   98
   96   94   91   89   87   87   87   87   89   92   99  108  119  131  143  156
  166  177  187  190  191  193  197  201  209                                   
    32.5-180.0 180.0   5.0 450.0                            LAT/LON1/LON2/DLON/H
  216  212  212  210  213  215  224  233  244  252  255  254  249  242  233  225
  216  208  202  200  203  210  219  228  235  236  233  225  215  203  192  182
  173  164  154  143  131  119  109  102  100  101  104  105  104  102  100   98
   96   93   89   85   84   84   84   85   87   91   98  108  120  133  147  160
  170  181  191  194  196  199  203  208  216                                   
    30.0-180.0 180.0   5.0 450.0                            LAT/LON1/LON2/DLON/H
  226  222  221  217  219  221  229  239  251  262  268  270  267  261  252  243
  234  224  217  214  216  224  235  245  251  253  249  240  228  215  202  191
  179  168  155  141  127  115  105  100   99  100  102  103  102  101   99   97
   94   90   85   82   80   81   83   84   86   89   96  107  120  134  149  162
  173  184  194  198  202  205  211  217  226                                   
    27.5-180.0 180.0   5.0 450.0                            LAT/LON1/LON2/DLON/H
  239  234  234  229  231  231  238  247  260  272  282  286  286  281  273  264
  253  243  234  230  232  240  251  261  267  267  262  251  238  223  209  196
  182  167  152  136  122  110  102   98   97   99  100  100   99   97   95   93
   90   86   81   78   78   80   82   84   85   88   94  105  118  133  149  163
  174  186  197  203  209  214  221  228  239                                   
    25.0-180.0 180.0   5.0 450.0                            LAT/LON1/LON2/DLON/H
  253  249  250  245  247  248  252  260  272  285  296  303  305  302  296  287
  276  264  254  249  251  259  268  276  281  279  272  259  244  227  212  197
  181  164  146  130  116  106  100   97   96   97   97   96   94   92   90   88
   85   82   78   76   77   80   83   85   85   86   92  101  115  131  147  163
  175  189  201  209  217  224  232  242  253                                   
    22.5-180.0 180.0   5.0 450.0                            LAT/LON1/LON2/DLON/H
  267  264  265  263  267  268  271  277  288  300  312  321  326  325  321  313
  302  289  278  273  274  280  288  293  293  288  278  263  246  228  211  194
  177  158  139  123  111  103   99   97   96   96   95   92   89   86   84   82
   80   78   75   75   77   81   84   85   85   85   89   98  111  127  145  162
  177  193  206  217  227  236  245  256  267                                   
    20.0-180.0 180.0   5.0 450.0                            LAT/LON1/LON2/DLON/H
  279  278  281  281  287  290  293  297  306  318  330  340  347  349  347  340
  330  318  307  301  301  305  309  310  306  296  282  265  246  227  208  190
  171  152  133  119  109  104  101  100   98   96   93   89   84   80   78   76
   75   74   73   74   77   81   83   84   83   83   85   93  107  124  143  163
  180  198  214  227  238  248  258  271  279                                   
    17.5-180.0 180.0   5.0 450.0                            LAT/LON1/LON2/DLON/H
  289  290  294  298  306  310  314  317  326  336  348  359  367  372  372  368
  360  349  339  333  332  333  333  328  318  304  286  266  245  225  206  187
  168  149  132  119  112  109  107  105  102   98   93   88   82   77   74   72
   71   70   71   72   75   78   81   81   80   80   82   89  102  121  142  164
  184  205  223  237  249  260  270  284  289                                   
    15.0-180.0 180.0   5.0 450.0                            LAT/LON1/LON2/DLON/H
  297  300  306  311  321  327  332  336  344  353  364  376  385  392  395  394
  389  380  371  366  363  361  356  346  331  311  290  267  245  224  204  186
  167  150  135  126  121  119  118  114  109  102   96   89   83   76   72   69
   68   68   69   70   72   74   75   76   75   76   78   86   99  118  142  166
  188  212  231  247  259  270  282  295  297                                   
    12.5-180.0 180.0   5.0 450.0                            LAT/LON1/LON2/DLON/H
  303  309  316  322  333  339  346  350  358  367  378  389  399  407  413  415
  413  408  401  396  392  387  377  362  342  318  293  269  245  224  205  187
  171  156  145  138  136  134  131  125  117  109  101   94   87   79   73   69
   67   67   67   67   67   67   68   68   69   71   75   83   97  117  142  169
  193  218  239  255  267  279  292  305  303                                   
    10.0-180.0 180.0   5.0 450.0                            LAT/LON1/LON2/DLON/H
  311  319  327  331  341  348  356  360  368  376  386  396  406  414  422  428
  430  428  424  419  414  406  393  374  350  323  297  271  247  226  207  192
  178  167  159  155  153  151  145  136  125  116  108  101   93   85   77   71
   68   66   65   63   62   60   59   60   63   67   72   81   96  116  143  170
  196  223  245  261  274  287  302  314  311                                   
     7.5-180.0 180.0   5.0 450.0                            LAT/LON1/LON2/DLON/H
  322  331  339  340  350  355  363  367  374  381  389  397  406  414  423  431
  437  439  437  433  426  416  401  379  354  326  298  272  248  227  210  197
