data/edconvlstm_nd/pred2270.15i
     1.0            IONOSPHERE MAPS     GNSS                IONEX VERSION / TYPE
pyspatialgeodesy        IME             05-JAN-18 20:20     PGM / RUN BY / DATE 
Map Name                                                    COMMENT             
Predicted global ionosphere maps (GIM).                     DESCRIPTION         
  2015     8    15     0     0     0                        EPOCH OF FIRST MAP  
  2015     8    16     0     0     0                        EPOCH OF LAST MAP   
  7200                                                      INTERVAL            
    13                                                      # OF MAPS IN FILE   
  NONE                                                      MAPPING FUNCTION    
10.0                                                        ELEVATION CUTOFF    
One-way carrier phase leveled to code                       OBSERVABLES USED    
  6371.0                                                    BASE RADIUS         
 2                                                          MAP DIMENSION       
   450.0 450.0   0.0                                        HGT1 / HGT2 / DHGT  
    87.5 -87.5  -2.5                                        LAT1 / LAT2 / DLAT  
  -180.0 180.0   5.0                                        LON1 / LON2 / DLON  
    -1                                                      EXPONENT            
                                                            END OF HEADER       
[from data line 5148]
    13                                                      START OF TEC MAP    
  2015     8    16     0     0     0                        EPOCH OF CURRENT MAP
    87.5-180.0 180.0   5.0 450.0                            LAT/LON1/LON2/DLON/H
   99   97   98   90   88   90   87   85   86   86   86   87   87   87   87   87
   87   87   86   86   85   85   84   83   83   82   81   80   79   78   77   77
   76   75   74   74   73   73   73   72   72   72   72   72   72   72   72   72
   73   73   73   74   74   74   75   75   75   76   76   76   76   76   77   78
   78   79   79   79   77   84   95  103   99                                   
    85.0-180.0 180.0   5.0 450.0                            LAT/LON1/LON2/DLON/H
   99  103   87   92   95   98   95   93   94   94   94   94   95   95   95   94
   94   94   93   93   92   91   90   89   88   86   85   84   83   81   80   79
   78   78   77   77   76   76   75   75   75   75   75   75   75   75   75   75
   75   75   76   76   76   77   77   78   78   79   79   80   80   80   81   82
   83   83   85   88   87   96  106  107   99                                   
    82.5-180.0 180.0   5.0 450.0                            LAT/LON1/LON2/DLON/H
   99   94  104  102  101  107  104  103  105  105  105  106  106  106  105  105
  104  104  103  101  100   99   97   96   94   92   90   88   86   84   82   81
   80   79   78   78   77   77   77   76   76   76   76   76   75   75   75   76
   76   76   77   77   78   79   79   80   81   81   82   83   84   84   85   86
   87   88   89   88   92   86   96  101   99                                   
    80.0-180.0 180.0   5.0 450.0                            LAT/LON1/LON2/DLON/H
  110  104  104  103  105  109  111  111  113  112  113  113  112  112  111  110
  109  107  106  105  103  101   99   97   95   92   89   86   84   81   79   77
   76   75   75   74   74   74   74   74   74   74   74   73   73   73   74   74
   74   75   76   76   77   78   79   80   81   82   82   83   84   85   86   87
   87   87   88   87  101   94  105  117  110                                   
    77.5-180.0 180.0   5.0 450.0                            LAT/LON1/LON2/DLON/H
  120  113  108  114  110  113  117  119  121  119  119  119  117  116  114  112
  110  109  107  106  105  103  101   99   96   93   89   86   83   80   77   76
   75   74   74   75   75   76   76   76   76   76   76   76   76   76   76   77
   78   79   80   82   83   84   85   86   87   87   88   89   89   90   90   91
   91   93   93   93  101  104  109  125  120                                   
    75.0-180.0 180.0   5.0 450.0                            LAT/LON1/LON2/DLON/H
  127  115  115  122  117  120  121  123  125  122  121  120  117  114  111  109
  106  104  103  102  101  100   98   96   93   90   86   82   79   76   74   72
   72   72   73   75   76   77   78   78   78   78   77   77   77   77   78   79
   81   83   85   86   88   90   91   92   93   93   94   94   94   95   95   96
   95   97   97   93  100  110  113  126  127                                   
    72.5-180.0 180.0   5.0 450.0                            LAT/LON1/LON2/DLON/H
  121  117  118  122  118  119  121  123  125  123  121  119  115  110  106  102
  100   97   96   96   95   95   94   92   89   86   82   78   74   71   69   68
   68   69   70   72   74   75   76   76   75   75   74   73   73   74   75   77
   79   82   85   87   90   92   93   94   95   96   96   97   97   97   98   99
   98   99  102   99  102  110  116  131  121                                   
    70.0-180.0 180.0   5.0 450.0                            LAT/LON1/LON2/DLON/H
  124  117  118  125  120  121  123  125  128  125  123  120  115  109  104   99
   96   93   92   92   93   93   92   91   88   84   80   76   72   69   67   66
   67   68   70   72   74   76   76   75   74   73   71   71   71   72   74   77
   80   84   88   91   94   97   99  100  101  102  102  102  103  103  104  105
  104  104  107  106  108  115  119  131  124                                   
    67.5-180.0 180.0   5.0 450.0                            LAT/LON1/LON2/DLON/H
  126  119  119  124  118  119  120  123  126  123  121  118  113  107  101   95
   91   89   88   88   89   89   89   88   85   81   77   72   68   65   63   62
   62   64   65   68   69   70   69   68   66   64   62   62   62   64   67   70
   75   79   84   88   91   94   97   98  100  101  102  102  103  103  104  105
  105  105  109  108  111  116  119  132  126                                   
    65.0-180.0 180.0   5.0 450.0                            LAT/LON1/LON2/DLON/H
  128  119  119  123  116  116  116  119  123  122  121  118  114  108  102   96
   92   89   88   89   89   90   89   88   85   81   76   72   68   64   62   61
   60   61   62   63   64   64   63   61   58   56   54   54   54   57   60   64
   69   74   79   83   87   90   93   96   98   99  101  102  103  104  105  106
  107  107  111  110  114  119  123  135  128                                   
    62.5-180.0 180.0   5.0 450.0                            LAT/LON1/LON2/DLON/H
  131  122  122  124  116  114  114  117  121  121  121  120  117  112  107  102
   98   95   94   94   94   94   93   91   88   84   79   75   72   68   65   63
   61   61   61   61   61   60   58   56   53   51   49   49   50   52   56   60
   65   69   74   78   82   86   90   93   96   99  101  103  105  106  107  109
  109  110  114  113  117  123  127  140  131                                   
    60.0-180.0 180.0   5.0 450.0                            LAT/LON1/LON2/DLON/H
  134  126  126  126  117  113  112  114  118  119  120  121  120  117  113  109
  106  104  102  102  102  100   98   95   91   88   84   81   77   74   70   66
   63   61   59   59   58   57   55   52   50   48   47   47   48   50   53   57
   61   65   69   73   77   81   85   90   94   98  101  104  106  108  109  111
  111  112  115  115  119  126  131  144  134                                   
    57.5-180.0 180.0   5.0 450.0                            LAT/LON1/LON2/DLON/H
  137  132  133  131  121  116  113  114  117  117  119  122  122  122  120  117
  115  113  112  111  110  107  104  100   96   93   90   87   84   81   76   71
   66   62   59   58   57   56   54   52   51   50   49   49   50   52   53   56
   58   61   64   68   72   77   83   89   94   99  103  107  109  111  113  114
  114  115  118  117  122  129  135  149  137                                   
    55.0-180.0 180.0   5.0 450.0                            LAT/LON1/LON2/DLON/H
  141  139  141  140  129  122  118  117  118  117  119  122  124  124  124  123
  122  121  121  119  117  114  110  105  101   98   97   95   92   88   82   75
   69   64   61   60   59   58   57   56   55   54   54   55   56   56   57   57
   58   60   62   66   70   76   83   90   97  103  108  112  114  116  118  119
  118  119  122  121  125  133  139  155  141                                   
    52.5-180.0 180.0   5.0 450.0                            LAT/LON1/LON2/DLON/H
  145  146  150  150  140  133  128  124  123  120  120  121  123  125  126  127
  127  127  127  126  124  120  115  110  106  104  104  103  101   96   89   81
   73   67   65   64   64   64   64   63   62   62   62   63   63   63   62   61
   61   61   62   66   71   78   86   94  102  108  114  118  121  123  125  126
  125  125  128  126  129  136  143  160  145                                   
    50.0-180.0 180.0   5.0 450.0                            LAT/LON1/LON2/DLON/H
  149  152  158  160  152  145  140  135  131  125  123  123  123  125  126  128
  129  130  131  131  129  126  121  116  113  111  111  111  109  103   95   86
   78   73   71   71   72   73   73   73   72   72   72   73   73   72   70   67
   66   65   66   69   75   83   92  101  109  116  121  126  129  131  134  135
  134  134  136  133  135  141  147  166  149                                   
    47.5-180.0 180.0   5.0 450.0                            LAT/LON1/LON2/DLON/H
  152  157  163  168  162  158  154  148  142  134  129  126  125  125  126  127
  129  131  133  134  134  132  127  123  120  119  119  119  117  111  102   93
   85   80   79   81   83   85   85   84   83   83   83   83   83   81   78   75
   72   71   72   75   81   89   98  108  116  123  128  133  137  140  143  146
  145  145  146  142  142  146  152  172  152                                   
    45.0-180.0 180.0   5.0 450.0                            LAT/LON1/LON2/DLON/H
  154  158  165  173  170  168  166  161  154  144  137  132  129  127  127  127
  129  131  135  137  139  137  134  131  128  128  128  128  125  119  109  100
   93   89   90   93   95   97   96   95   93   93   93   93   92   89   86   83
   80   79   79   82   88   95  105  114  122  129  135  140  145  150  154  157
  157  158  159  153  150  152  158  177  154                                   
    42.5-180.0 180.0   5.0 450.0                            LAT/LON1/LON2/DLON/H
  155  157  163  174  174  175  175  172  166  156  148  141  136  133  131  130
  131  133  137  141  143  144  142  140  138  137  138  137  134  127  117  108
  102  100  101  104  107  107  106  103  101  100  100  100   99   96   93   90
   87   86   86   88   93  100  109  118  126  133  140  146  152  158  164  168
  170  171  171  164  160  159  164  183  155                                   
    40.0-180.0 180.0   5.0 450.0                            LAT/LON1/LON2/DLON/H
  157  155  161  172  174  177  180  179  176  168  160  153  147  142  139  136
  136  137  141  145  149  151  151  150  148  147  147  146  142  134  125  117
  112  110  112  114  116  115  112  108  106  105  105  105  104  101   98   95
   93   91   91   92   96  102  110  119  127  136  143  151  159  166  173  179
  181  183  184  176  170  167  172  190  157                                   
    37.5-180.0 180.0   5.0 450.0                            LAT/LON1/LON2/DLON/H
  162  156  161  171  173  177  181  184  184  179  173  167  161  155  150  147
  145  145  147  152  156  159  160  159  158  157  156  153  149  142  133  126
  122  120  121  121  120  118  113  110  108  107  108  108  106  104  101   99
   97   94   93   92   95  100  109  118  128  137  147  156  165  174  182  189
  192  194  195  187  180  176  181  199  162                                   
    35.0-180.0 180.0   5.0 450.0                            LAT/LON1/LON2/DLON/H
  171  162  167  173  174  177  182  187  190  188  185  181  176  171  165  161
  157  156  157  160  164  168  169  168  166  164  162  159  154  147  141  135
  130  128  126  124  120  115  111  107  107  107  109  109  107  105  102   99
   97   94   91   89   91   97  106  116  128  139  150  161  172  182  191  197
  201  203  204  197  190  187  192  211  171                                   
    32.5-180.0 180.0   5.0 450.0                            LAT/LON1/LON2/DLON/H
  185  176  179  181  181  181  184  190  196  197  196  194  191  186  181  176
  171  168  167  170  173  176  176  175  172  169  165  161  157  151  146  141
  136  132  127  121  115  110  105  103  104  106  108  109  106  103  100   97
   94   90   86   84   85   91  102  115  128  141  154  166  179  189  199  206
  209  211  213  206  201  199  206  226  185                                   
    30.0-180.0 180.0   5.0 450.0                            LAT/LON1/LON2/DLON/H
  206  198  200  199  195  192  192  196  202  204  206  205  204  200  196  190
  184  180  178  179  181  183  182  179  175  170  165  161  156  152  148  144
  138  132  124  115  108  102   99   99  101  105  107  107  105  101   97   93
   89   84   79   76   78   85   98  113  128  143  157  171  185  197  206  213
  216  218  221  214  212  213  222  244  206                                   
    27.5-180.0 180.0   5.0 450.0                            LAT/LON1/LON2/DLON/H
  232  226  228  224  217  211  208  208  212  213  215  215  214  211  207  201
  195  190  188  188  189  189  186  181  174  168  162  156  153  150  147  143
  137  128  118  108  100   95   93   95   99  103  105  105  101   97   92   87
   82   77   71   69   71   80   95  112  129  144  160  175  189  203  213  221
  224  226  230  224  224  228  239  264  232                                   
    25.0-180.0 180.0   5.0 450.0                            LAT/LON1/LON2/DLON/H
  260  258  258  254  247  239  232  227  227  226  225  224  223  220  216  210
  204  199  196  196  196  194  189  181  172  163  156  150  147  145  143  139
  132  122  111  101   94   91   90   93   97  101  103  101   97   91   86   80
   75   69   64   63   66   77   93  112  130  146  162  177  193  208  220  229
  233  236  240  235  237  244  257  285  260                                   
    22.5-180.0 180.0   5.0 450.0                            LAT/LON1/LON2/DLON/H
  288  289  289  286  279  270  261  252  247  242  238  235  232  228  223  218
  212  207  205  204  203  199  191  180  168  158  149  143  140  138  136  133
  125  115  105   97   91   90   91   93   96   99   99   97   92   86   80   74
   69   64   60   59   65   77   94  113  132  148  163  179  195  212  227  238
  244  249  253  249  253  261  275  307  288                                   
    20.0-180.0 180.0   5.0 450.0                            LAT/LON1/LON2/DLON/H
  312  316  317  316  311  302  292  280  271  262  255  249  244  239  233  227
  222  218  216  215  212  205  194  180  166  153  143  137  133  131  129  125
  119  111  102   97   94   93   94   95   96   96   95   92   87   80   74   69
   65   60   58   58   65   78   96  115  133  149  164  180  198  216  234  249
  258  265  271  268  273  280  295  328  312                                   
    17.5-180.0 180.0   5.0 450.0                            LAT/LON1/LON2/DLON/H
  331  338  339  340  337  330  321  308  297  286  276  268  260  253  247  241
  236  232  230  228  223  213  198  181  165  151  140  133  128  125  123  120
  115  109  104  101  100  100   99   98   96   95   92   88   83   77   71   66
   62   59   58   60   68   81   99  117  135  150  164  181  200  221  242  261
  274  285  293  292  297  302  317  349  331                                   
    15.0-180.0 180.0   5.0 450.0                            LAT/LON1/LON2/DLON/H
  347  354  355  357  357  351  343  332  323  311  301  291  283  274  267  261
  255  252  249  245  236  222  203  183  166  151  140  132  126  122  120  118
  115  112  110  110  110  109  106  102   97   94   90   86   81   75   69   65
   62   60   59   62   70   84  101  119  135  150  165  182  203  227  252  275
  293  307  318  320  324  327  341  369  347                                   
    12.5-180.0 180.0   5.0 450.0                            LAT/LON1/LON2/DLON/H
  360  368  368  370  370  365  360  352  345  336  327  318  309  301  294  287
  281  277  272  265  252  232  209  187  169  154  143  133  127  122  120  120
  119  119  120  122  122  119  113  106   99   94   90   86   81   74   69   65
   62   60   61   64   72   85  101  118  134  149  165  184  207  234  263  290
  313  331  345  349  353  354  365  388  360                                   
    10.0-180.0 180.0   5.0 450.0                            LAT/LON1/LON2/DLON/H
  374  384  382  380  380  374  371  366  363  357  351  345  338  332  325  318
  312  306  299  286  267  242  216  192  173  159  148  138  131  126  125  125
  127  129  131  133  132  127  118  109  101   95   91   87   82   75   69   64
   62   61   61   64   72   84   99  116  132  148  166  186  212  242  274  305
  331  354  370  377  381  381  390  405  374                                   
     7.5-180.0 180.0   5.0 450.0                            LAT/LON1/LON2/DLON/H
  389  403  399  393  389  382  379  377  377  374  372  369  366  361  356  351
  344  336  324  306  281  251  221  196  178  165  155  146  138  133  132  134
