data/edconvlstm_nd/pred3190.15i
     1.0            IONOSPHERE MAPS     GNSS                IONEX VERSION / TYPE
pyspatialgeodesy        IME             05-JAN-18 20:20     PGM / RUN BY / DATE 
Map Name                                                    COMMENT             
Predicted global ionosphere maps (GIM).                     DESCRIPTION         
  2015    11    15     0     0     0                        EPOCH OF FIRST MAP  
  2015    11    16     0     0     0                        EPOCH OF LAST MAP   
  7200                                                      INTERVAL            
    13                                                      # OF MAPS IN FILE   
  NONE                                                      MAPPING FUNCTION    
10.0                                                        ELEVATION CUTOFF    
One-way carrier phase leveled to code                       OBSERVABLES USED    
  6371.0                                                    BASE RADIUS         
 2                                                          MAP DIMENSION       
   450.0 450.0   0.0                                        HGT1 / HGT2 / DHGT  
    87.5 -87.5  -2.5                                        LAT1 / LAT2 / DLAT  
  -180.0 180.0   5.0                                        LON1 / LON2 / DLON  
    -1                                                      EXPONENT            
                                                            END OF HEADER       
[from data line 858]
     3                                                      START OF TEC MAP    
  2015    11    15     4     0     0                        EPOCH OF CURRENT MAP
    87.5-180.0 180.0   5.0 450.0                            LAT/LON1/LON2/DLON/H
   59   65   58   60   59   59   58   55   56   57   58   59   59   59   60   59
   59   58   58   57   56   55   54   53   52   51   50   49   48   48   47   47
   47   47   47   47   47   47   47   48   49   49   50   51   52   53   54   55
   56   56   57   58   58   59   59   59   59   59   59   59   58   57   56   57
   57   57   54   54   57   70   76   69   59                                   
    85.0-180.0 180.0   5.0 450.0                            LAT/LON1/LON2/DLON/H
   48   64   50   54   55   57   56   55   56   57   57   59   59   60   60   60
   60   59   58   57   56   55   54   53   52   51   50   49   48   48   48   48
   48   48   49   49   50   51   52   53   54   56   57   58   60   61   63   64
   65   66   67   68   68   69   69   69   70   69   69   69   68   67   66   65
   65   65   61   62   64   65   75   68   48                                   
    82.5-180.0 180.0   5.0 450.0                            LAT/LON1/LON2/DLON/H
   50   49   56   47   46   48   48   48   50   51   52   54   56   57   57   57
   57   57   56   54   53   51   49   47   46   44   43   42   41   40   40   40
   41   42   43   44   45   46   48   50   52   54   57   59   61   63   65   67
   68   70   71   72   73   74   75   75   76   76   75   75   74   73   71   70
   68   67   63   60   68   56   58   59   50                                   
    80.0-180.0 180.0   5.0 450.0                            LAT/LON1/LON2/DLON/H
   57   50   49   38   39   38   41   41   43   45   46   49   52   53   54   55
   55   54   53   51   49   46   44   41   39   37   35   34   33   33   34   34
   35   36   38   40   42   44   46   48   51   53   56   58   61   63   65   67
   69   71   73   74   76   77   79   80   81   81   82   82   81   80   78   77
   75   71   69   65   72   60   58   60   57                                   
    77.5-180.0 180.0   5.0 450.0                            LAT/LON1/LON2/DLON/H
   63   53   47   36   33   34   36   37   40   42   43   47   50   52   54   55
   55   55   53   51   48   44   41   37   34   31   29   27   27   27   27   28
   30   32   34   36   38   41   43   45   48   50   53   56   58   61   63   66
   68   70   73   75   78   80   82   85   87   89   90   91   91   91   90   89
   86   82   78   77   75   57   54   58   63                                   
    75.0-180.0 180.0   5.0 450.0                            LAT/LON1/LON2/DLON/H
   64   57   51   40   34   36   37   37   39   41   43   47   49   52   54   55
   55   54   53   51   47   44   40   36   33   30   28   27   26   27   28   30
   32   34   36   38   40   42   43   45   47   49   51   53   55   57   60   62
   65   67   70   73   77   80   84   87   91   94   97   99  101  101  101  100
   98   95   92   87   86   70   64   62   64                                   
    72.5-180.0 180.0   5.0 450.0                            LAT/LON1/LON2/DLON/H
   74   65   59   47   41   42   43   43   44   45   46   49   51   53   54   55
   55   54   53   51   48   45   41   38   35   32   31   30   31   32   34   36
   39   41   43   44   45   46   47   47   48   50   51   53   55   57   59   62
   65   68   71   75   79   84   88   93   98  102  106  109  112  113  114  114
  113  111  111  107  104   87   79   75   74                                   
    70.0-180.0 180.0   5.0 450.0                            LAT/LON1/LON2/DLON/H
   89   76   71   58   50   49   49   48   48   48   48   49   50   50   51   51
   51   50   50   48   46   44   41   39   36   35   35   35   36   38   41   43
   45   47   48   48   48   48   47   47   47   48   49   50   52   54   57   59
   63   66   71   75   81   86   92   98  104  109  114  117  120  122  123  124
  123  122  123  121  118  103   97   90   89                                   
    67.5-180.0 180.0   5.0 450.0                            LAT/LON1/LON2/DLON/H
   96   83   76   64   54   52   52   50   49   48   46   46   45   44   43   43
   42   42   42   42   41   39   38   36   35   35   35   37   39   41   43   45
   46   46   46   45   44   42   41   40   40   40   41   42   44   47   49   53
   57   61   67   72   79   86   92   99  106  112  117  120  123  124  125  126
  126  125  127  125  125  113  107  101   96                                   
    65.0-180.0 180.0   5.0 450.0                            LAT/LON1/LON2/DLON/H
  104   90   81   70   58   55   54   52   51   49   46   45   42   40   38   37
   37   37   38   38   38   38   37   37   36   37   38   39   41   43   45   46
   46   45   43   41   39   37   35   34   34   34   35   37   40   43   46   50
   55   61   68   75   83   91   99  106  114  120  125  128  130  131  131  131
  130  129  131  129  130  121  117  112  104                                   
    62.5-180.0 180.0   5.0 450.0                            LAT/LON1/LON2/DLON/H
  109   96   86   73   61   57   54   53   51   49   46   44   41   38   36   35
   35   36   37   37   38   38   38   38   38   39   40   42   44   45   45   45
   43   42   39   37   34   32   30   30   30   31   33   36   39   42   47   52
   58   66   74   83   92  101  110  118  125  132  137  140  142  142  141  139
  137  134  136  134  135  127  124  120  109                                   
    60.0-180.0 180.0   5.0 450.0                            LAT/LON1/LON2/DLON/H
  114  100   89   73   60   54   51   49   48   45   42   41   38   36   34   34
   34   35   36   37   38   38   38   38   38   39   40   42   42   43   42   40
   38   36   33   31   29   27   26   26   27   29   32   35   39   43   48   55
   63   72   82   92  103  113  122  130  137  144  148  152  153  153  151  149
  145  140  140  138  139  132  129  124  114                                   
    57.5-180.0 180.0   5.0 450.0                            LAT/LON1/LON2/DLON/H
  122  108   95   76   61   53   47   44   43   40   38   37   36   34   34   34
   35   36   38   38   38   38   37   37   37   38   39   40   40   39   38   36
   33   31   29   28   26   25   25   26   28   31   34   38   42   48   54   62
   72   83   95  107  118  128  137  145  152  157  162  166  168  167  165  162
  157  150  150  147  148  139  136  131  122                                   
    55.0-180.0 180.0   5.0 450.0                            LAT/LON1/LON2/DLON/H
  135  121  107   84   67   55   47   41   38   35   33   33   33   33   34   35
   36   38   39   39   38   37   36   35   35   36   37   37   37   36   34   32
   30   29   28   28   28   28   29   30   33   36   40   44   48   54   62   72
   84   98  111  124  136  145  153  160  166  171  176  180  182  183  182  179
  172  165  163  159  160  149  147  140  135                                   
    52.5-180.0 180.0   5.0 450.0                            LAT/LON1/LON2/DLON/H
  154  140  125   99   80   65   53   43   37   32   29   29   30   32   34   36
   38   39   39   39   37   36   34   34   34   35   36   37   36   35   33   32
   31   31   32   33   35   36   37   38   41   44   47   52   57   64   73   86
  100  115  130  144  155  164  170  175  180  184  188  193  196  199  199  196
  189  181  178  173  174  162  160  152  154                                   
    50.0-180.0 180.0   5.0 450.0                            LAT/LON1/LON2/DLON/H
  177  164  147  122  102   84   67   53   42   34   29   29   30   32   34   37
   39   39   39   38   36   35   34   35   36   37   39   40   39   38   36   36
   36   38   41   44   46   47   48   49   51   54   57   62   67   76   87  101
  118  135  151  165  175  183  187  190  192  195  199  203  208  211  213  211
  205  197  193  186  187  176  175  167  177                                   
    47.5-180.0 180.0   5.0 450.0                            LAT/LON1/LON2/DLON/H
  198  186  170  149  128  110   90   70   54   42   34   32   32   34   36   38
   39   39   38   37   36   36   37   39   41   43   45   46   46   44   43   43
   44   48   52   57   60   61   61   61   62   64   68   72   79   89  102  119
  138  156  172  186  195  201  203  204  204  204  206  210  215  219  222  222
  216  209  203  196  196  186  186  181  198                                   
    45.0-180.0 180.0   5.0 450.0                            LAT/LON1/LON2/DLON/H
  209  199  186  170  153  136  116   93   73   56   44   39   37   38   39   40
   39   39   38   38   39   41   43   46   49   52   54   54   54   52   51   51
   53   58   64   69   72   73   73   72   72   74   78   83   91  103  119  137
  157  176  192  204  212  216  217  216  213  211  211  214  218  223  226  226
  222  215  208  200  199  190  191  188  209                                   
    42.5-180.0 180.0   5.0 450.0                            LAT/LON1/LON2/DLON/H
  205  196  188  180  167  154  136  115   93   73   58   51   47   45   45   44
   42   41   41   43   46   50   54   57   60   62   63   63   61   59   57   58
   60   66   72   78   81   82   82   81   81   83   87   94  104  117  135  155
  175  193  208  219  226  229  228  226  221  218  216  217  220  224  227  228
  224  217  209  200  197  186  186  186  205                                   
    40.0-180.0 180.0   5.0 450.0                            LAT/LON1/LON2/DLON/H
  188  178  173  171  164  157  144  127  108   89   74   65   59   56   53   51
   49   48   50   53   58   63   67   70   72   73   72   70   67   64   62   63
   65   70   77   82   86   87   87   86   87   90   96  104  116  131  150  170
  190  206  219  229  235  238  238  235  230  225  223  223  225  229  231  232
  229  221  212  201  194  179  177  177  188                                   
    37.5-180.0 180.0   5.0 450.0                            LAT/LON1/LON2/DLON/H
  164  150  145  146  143  142  135  126  112   97   85   78   72   68   65   62
   60   60   63   68   74   79   82   83   83   81   78   74   71   68   66   67
   69   73   79   84   88   90   90   90   92   96  104  114  127  144  164  183
  201  215  226  235  241  245  247  245  242  238  235  235  238  241  244  246
  243  234  225  212  200  179  171  169  164                                   
    35.0-180.0 180.0   5.0 450.0                            LAT/LON1/LON2/DLON/H
  146  123  115  113  112  113  113  110  105   96   89   85   82   79   76   74
   74   76   80   86   92   95   96   94   90   86   81   77   74   72   71   71
   73   77   81   85   89   91   92   93   97  103  111  123  138  156  175  193
  209  221  231  240  248  254  259  260  260  258  257  258  262  266  271  274
  271  263  254  240  225  197  183  173  146                                   
    32.5-180.0 180.0   5.0 450.0                            LAT/LON1/LON2/DLON/H
  144  111   95   85   81   82   84   87   88   86   85   86   86   86   86   86
   88   91   97  103  107  108  105  101   95   89   84   81   78   77   77   78
   79   81   84   87   90   92   94   96  101  108  118  131  148  166  185  202
  216  227  236  246  257  268  276  282  285  286  288  291  297  305  311  316
  316  309  303  287  272  238  218  198  144                                   
    30.0-180.0 180.0   5.0 450.0                            LAT/LON1/LON2/DLON/H
  168  126   99   77   65   59   59   63   68   71   75   80   84   87   90   93
   98  103  109  113  115  113  109  103   97   92   88   86   85   85   86   87
   87   88   89   91   93   94   96   99  104  112  124  138  156  175  193  209
  222  233  244  257  272  287  301  311  318  322  327  334  343  354  364  371
  373  369  366  351  339  302  278  246  168                                   
    27.5-180.0 180.0   5.0 450.0                            LAT/LON1/LON2/DLON/H
  224  177  139   99   75   57   49   48   52   57   63   71   78   84   89   95
  102  108  113  115  114  111  106  102   99   96   95   94   94   95   97   98
   98   98   97   97   97   98   99  101  106  114  127  143  162  182  202  218
  232  244  257  274  294  315  334  348  358  366  373  382  395  409  423  434
  439  440  439  426  418  384  354  316  224                                   
    25.0-180.0 180.0   5.0 450.0                            LAT/LON1/LON2/DLON/H
  311  265  216  159  119   84   62   51   49   50   55   63   70   77   85   92
   99  104  106  106  104  101  100  100  102  103  105  105  106  108  111  112
  113  111  108  105  102  100   99  100  105  114  127  145  167  189  210  229
  245  260  278  300  326  352  375  393  405  414  422  433  448  465  483  498
  508  514  516  506  504  475  439  400  311                                   
    22.5-180.0 180.0   5.0 450.0                            LAT/LON1/LON2/DLON/H
  424  383  323  255  199  147  106   79   64   58   58   61   66   72   79   86
   92   94   93   90   88   89   93  100  108  114  118  120  122  124  127  129
  127  123  117  111  105  100   97   97  101  110  126  146  171  196  221  242
  262  283  307  335  365  395  421  440  454  462  470  481  497  516  536  555
  570  580  587  581  584  566  527  490  424                                   
    20.0-180.0 180.0   5.0 450.0                            LAT/LON1/LON2/DLON/H
  544  515  449  375  306  241  179  135  104   85   76   72   72   75   79   84
   85   84   79   75   75   81   91  105  119  129  135  138  140  141  142  141
  137  130  121  112  104   97   92   90   94  105  123  146  174  203  231  258
  283  310  339  372  406  438  465  485  499  507  513  522  536  555  576  596
  613  628  638  638  643  640  604  572  544                                   
    17.5-180.0 180.0   5.0 450.0                            LAT/LON1/LON2/DLON/H
  645  632  572  503  425  351  273  212  165  133  111   99   92   90   90   90
   87   81   73   69   72   82   99  118  136  149  156  158  157  155  152  147
  140  131  120  110  100   91   85   83   87   99  119  146  177  210  242  273
  304  336  371  407  441  473  499  519  532  539  543  550  561  577  596  616
  633  648  659  665  670  679  655  631  645                                   
    15.0-180.0 180.0   5.0 450.0                            LAT/LON1/LON2/DLON/H
  701  706  663  607  531  455  369  298  240  195  163  142  128  120  115  110
  102   92   83   79   83   97  118  140  159  171  176  174  169  162  154  146
  136  126  116  105   96   87   80   78   83   96  118  148  181  217  252  287
  323  359  396  432  465  495  519  537  549  554  557  561  569  582  598  614
  628  641  651  660  664  680  669  657  701                                   
    12.5-180.0 180.0   5.0 450.0                            LAT/LON1/LON2/DLON/H
  709  725  701  663  600  530  446  376  314  264  225  198  179  166  156  146
  135  122  111  107  113  128  149  171  187  194  193  185  173  161  150  139
  129  119  110  102   93   85   79   77   82   97  121  151  187  224  261  299
  337  375  412  446  476  502  523  539  549  554  555  557  564  574  586  597
  607  615  622  631  635  652  651  651  709                                   
    10.0-180.0 180.0   5.0 450.0                            LAT/LON1/LON2/DLON/H
  683  703  693  670  625  568  494  432  374  326  287  259  239  224  211  198
  184  169  157  153  159  173  191  208  216  214  203  188  171  156  142  131
  122  114  108  102   95   88   82   81   87  102  127  158  194  231  269  307
  345  383  417  448  474  497  514  529  538  543  545  547  553  562  571  577
  580  583  586  593  596  612  615  624  683                                   
     7.5-180.0 180.0   5.0 450.0                            LAT/LON1/LON2/DLON/H
  643  660  657  642  614  571  512  461  413  372  339  316  298  285  272  259
  243  228  216  211  215  226  238  245  241  227  207  185  166  150  137  126
