data/edconvlstm_nd/pred1760.15i
     1.0            IONOSPHERE MAPS     GNSS                IONEX VERSION / TYPE
pyspatialgeodesy        IME             05-JAN-18 20:20     PGM / RUN BY / DATE 
Map Name                                                    COMMENT             
Predicted global ionosphere maps (GIM).                     DESCRIPTION         
  2015     6    25     0     0     0                        EPOCH OF FIRST MAP  
  2015     6    26     0     0     0                        EPOCH OF LAST MAP   
  7200                                                      INTERVAL            
    13                                                      # OF MAPS IN FILE   
  NONE                                                      MAPPING FUNCTION    
10.0                                                        ELEVATION CUTOFF    
One-way carrier phase leveled to code                       OBSERVABLES USED    
  6371.0                                                    BASE RADIUS         
 2                                                          MAP DIMENSION       
   450.0 450.0   0.0                                        HGT1 / HGT2 / DHGT  
    87.5 -87.5  -2.5                                        LAT1 / LAT2 / DLAT  
  -180.0 180.0   5.0                                        LON1 / LON2 / DLON  
    -1                                                      EXPONENT            
                                                            END OF HEADER       
[from data line 429]
     2                                                      START OF TEC MAP    
  2015     6    25     2     0     0                        EPOCH OF CURRENT MAP
    87.5-180.0 180.0   5.0 450.0                            LAT/LON1/LON2/DLON/H
  121  121  124  126  125  122  119  117  117  117  117  117  117  116  116  116
  115  115  115  114  113  113  112  111  110  109  108  107  106  105  105  104
  103  103  103  103  103  103  103  103  103  104  104  105  106  106  107  107
  108  109  109  110  110  111  111  112  112  113  113  113  114  114  114  115
  116  117  116  115  118  121  122  116  121                                   
    85.0-180.0 180.0   5.0 450.0                            LAT/LON1/LON2/DLON/H
  126  132  119  126  130  126  124  123  123  123  122  121  121  121  120  120
  119  119  118  117  117  116  115  114  113  111  110  109  108  107  105  105
  104  103  103  103  103  104  104  105  105  106  107  107  108  109  110  111
  111  112  113  114  115  116  116  117  118  118  119  119  120  120  120  121
  123  125  123  125  122  123  125  118  126                                   
    82.5-180.0 180.0   5.0 450.0                            LAT/LON1/LON2/DLON/H
  132  129  137  135  134  132  130  129  130  129  127  127  126  125  124  123
  123  122  122  121  120  119  118  116  115  113  111  109  107  106  104  103
  102  102  101  102  102  103  103  104  105  106  107  108  109  111  112  113
  114  116  117  118  119  121  122  123  124  124  125  126  126  127  127  129
  129  130  128  128  134  123  122  119  132                                   
    80.0-180.0 180.0   5.0 450.0                            LAT/LON1/LON2/DLON/H
  142  139  134  134  134  133  133  133  132  131  128  127  126  125  123  123
  122  122  121  121  120  119  118  116  114  111  109  106  103  101   99   97
   96   96   96   97   97   99  100  101  102  104  105  107  108  109  111  113
  115  116  118  120  122  123  124  125  126  127  127  128  128  128  128  130
  131  131  129  129  140  134  137  128  142                                   
    77.5-180.0 180.0   5.0 450.0                            LAT/LON1/LON2/DLON/H
  149  146  140  143  137  137  139  139  138  136  133  131  129  127  126  124
  124  123  123  123  123  122  121  119  116  113  109  105  102   99   96   95
   94   94   95   96   98   99  101  103  104  106  107  109  111  112  114  117
  119  122  124  126  129  130  132  133  133  133  133  133  133  132  132  134
  134  136  132  135  141  137  138  135  149                                   
    75.0-180.0 180.0   5.0 450.0                            LAT/LON1/LON2/DLON/H
  148  146  141  146  140  139  140  140  140  137  133  131  128  125  122  120
  119  119  119  120  120  120  119  116  113  109  104  100   95   92   89   87
   87   88   89   91   93   95   97   99  100  101  102  104  105  107  109  112
  115  119  122  125  127  130  131  132  132  132  131  130  129  129  128  130
  130  131  130  127  134  134  135  135  148                                   
    72.5-180.0 180.0   5.0 450.0                            LAT/LON1/LON2/DLON/H
  141  146  143  146  143  143  145  145  145  142  138  135  131  126  123  120
  118  118  118  119  120  120  120  117  113  109  103   98   93   89   87   86
   86   88   90   92   95   97   99  100  101  102  103  104  105  107  110  113
  117  121  125  128  131  134  136  136  136  136  134  133  131  130  130  132
  132  133  133  132  134  133  133  134  141                                   
    70.0-180.0 180.0   5.0 450.0                            LAT/LON1/LON2/DLON/H
  141  142  141  145  142  142  145  146  148  145  141  137  132  126  121  117
  114  113  113  115  116  117  116  114  110  104   98   92   87   84   82   82
   83   85   89   92   95   97   98   99   99   99   99  100  102  104  107  111
  116  120  124  128  132  134  136  137  137  136  134  132  131  129  129  131
  131  132  133  132  135  133  134  133  141                                   
    67.5-180.0 180.0   5.0 450.0                            LAT/LON1/LON2/DLON/H
  137  138  136  139  137  138  141  143  146  144  141  137  131  124  117  111
  107  105  105  107  108  109  109  106  102   96   90   85   80   77   76   76
   78   81   85   88   91   93   94   94   94   94   94   95   97   99  103  107
  112  116  120  124  127  130  132  133  133  132  131  129  127  126  125  127
  128  129  130  130  133  131  132  131  137                                   
    65.0-180.0 180.0   5.0 450.0                            LAT/LON1/LON2/DLON/H
  135  135  132  134  133  133  137  140  144  144  141  138  132  124  116  109
  104  101  100  101  102  103  103  100   96   90   85   80   76   74   73   74
   77   80   83   86   89   90   90   90   90   90   90   92   94   98  102  106
  111  115  118  121  124  126  128  129  129  129  128  127  126  125  125  126
  127  128  130  130  134  132  134  133  135                                   
    62.5-180.0 180.0   5.0 450.0                            LAT/LON1/LON2/DLON/H
  137  136  132  133  131  130  134  138  143  143  142  140  134  127  118  110
  104  100   98   98   99   99   98   95   91   86   81   77   75   73   74   75
   77   79   82   85   86   87   87   87   87   87   89   92   96  100  105  109
  113  116  118  120  122  123  125  126  127  128  128  128  127  126  126  128
  129  130  132  132  136  135  138  137  137                                   
    60.0-180.0 180.0   5.0 450.0                            LAT/LON1/LON2/DLON/H
  142  140  136  136  133  130  133  136  140  141  141  140  136  129  121  113
  106  101   98   97   97   96   94   91   86   82   79   77   75   75   76   76
   78   79   81   82   83   84   84   84   84   86   89   94   99  105  110  114
  117  118  119  120  121  121  122  124  125  127  128  129  129  129  129  130
  131  133  135  135  140  140  143  143  142                                   
    57.5-180.0 180.0   5.0 450.0                            LAT/LON1/LON2/DLON/H
  150  150  146  145  140  136  136  136  139  139  139  139  137  132  125  118
  110  105  101   99   97   95   92   88   84   81   79   78   78   79   79   79
   79   79   79   80   80   81   81   82   83   86   91   98  105  112  117  121
  123  124  124  123  122  122  123  124  125  127  129  131  132  132  132  134
  134  136  139  139  145  146  150  150  150                                   
    55.0-180.0 180.0   5.0 450.0                            LAT/LON1/LON2/DLON/H
  161  163  160  158  153  146  143  140  139  137  137  137  136  133  128  122
  116  110  106  102   99   95   91   86   82   80   79   80   82   84   84   82
   81   79   78   78   78   79   80   81   83   87   94  102  111  119  126  130
  131  131  130  128  127  126  126  126  127  129  131  133  135  136  136  138
  138  140  143  144  150  153  157  159  161                                   
    52.5-180.0 180.0   5.0 450.0                            LAT/LON1/LON2/DLON/H
  174  178  176  176  170  161  155  147  143  137  135  135  135  133  130  125
  120  115  110  106  102   96   91   85   81   80   81   83   86   88   88   85
   82   79   78   78   78   79   80   81   84   89   97  106  116  126  133  137
  139  139  138  136  134  133  132  131  132  133  135  137  139  140  140  142
  142  144  147  148  154  159  164  166  174                                   
    50.0-180.0 180.0   5.0 450.0                            LAT/LON1/LON2/DLON/H
  185  191  191  193  188  178  170  159  150  141  136  134  133  133  131  128
  124  119  115  110  105   98   91   85   81   80   82   86   90   92   92   89
   85   82   81   81   82   83   83   84   87   92   99  109  120  130  138  144
  146  147  147  146  144  143  141  140  139  140  141  142  143  144  145  146
  146  148  151  153  159  164  170  173  185                                   
    47.5-180.0 180.0   5.0 450.0                            LAT/LON1/LON2/DLON/H
  194  201  203  207  204  195  186  173  161  148  140  135  133  132  131  129
  126  122  118  113  108  101   93   87   83   83   85   90   94   96   96   94
   91   88   87   88   89   89   89   89   90   94  101  111  122  132  141  148
  152  155  156  157  156  155  154  152  150  149  149  149  149  150  150  151
  151  154  157  158  164  169  175  179  194                                   
    45.0-180.0 180.0   5.0 450.0                            LAT/LON1/LON2/DLON/H
  199  207  209  216  216  208  201  188  175  159  147  140  136  134  132  130
  127  124  121  116  110  104   97   91   87   87   90   95   99  102  102  101
   99   98   98   99   99   99   98   96   95   97  103  111  121  132  142  150
  157  162  165  168  170  170  168  166  164  161  159  158  157  157  157  158
  158  161  165  166  171  174  180  184  199                                   
    42.5-180.0 180.0   5.0 450.0                            LAT/LON1/LON2/DLON/H
  202  209  211  219  222  216  212  201  189  173  159  149  142  138  134  132
  129  126  123  119  114  108  102   97   95   96   99  103  107  109  110  110
  110  111  112  113  113  111  108  104  102  102  105  111  120  131  141  151
  159  167  174  179  182  184  184  182  179  176  173  170  168  166  166  167
  167  171  175  175  179  180  186  190  202                                   
    40.0-180.0 180.0   5.0 450.0                            LAT/LON1/LON2/DLON/H
  205  209  211  218  223  220  219  212  202  187  172  161  152  145  140  135
  132  129  126  123  118  113  109  106  106  107  110  114  117  120  121  123
  124  126  128  128  127  124  119  113  109  107  108  113  120  129  140  150
  161  171  180  187  193  197  198  198  196  192  188  184  181  178  177  179
  179  183  187  186  188  188  194  198  205                                   
    37.5-180.0 180.0   5.0 450.0                            LAT/LON1/LON2/DLON/H
  209  210  211  217  223  222  224  221  214  201  187  174  163  154  147  142
  138  134  131  128  124  121  119  118  120  122  125  128  131  133  135  137
  140  142  144  143  141  136  130  123  117  114  113  115  120  128  138  149
  161  172  183  192  200  206  210  212  211  208  204  200  196  193  192  193
  193  196  200  198  200  198  205  210  209                                   
    35.0-180.0 180.0   5.0 450.0                            LAT/LON1/LON2/DLON/H
  218  217  215  219  224  225  230  230  226  215  201  188  176  166  157  150
  145  141  138  134  131  130  130  132  136  139  142  144  146  147  149  152
  155  157  158  156  152  146  139  132  126  121  118  118  121  127  136  147
  159  172  184  195  204  213  219  223  224  223  219  215  212  208  207  207
  207  210  213  211  212  211  219  224  218                                   
    32.5-180.0 180.0   5.0 450.0                            LAT/LON1/LON2/DLON/H
  232  229  225  227  231  233  238  240  238  229  216  203  190  178  169  161
  155  151  146  143  141  141  143  148  153  157  160  161  161  161  162  164
  166  168  167  164  158  152  145  139  133  127  123  121  122  126  134  144
  156  169  182  194  206  216  225  231  234  234  232  229  226  224  222  222
  220  222  225  223  224  225  234  241  232                                   
    30.0-180.0 180.0   5.0 450.0                            LAT/LON1/LON2/DLON/H
  250  247  242  242  245  247  253  255  253  245  233  219  206  193  182  174
  167  161  157  153  151  152  157  163  169  173  175  175  174  172  171  171
  171  171  168  164  158  153  147  142  136  131  126  122  121  124  131  140
  152  165  178  192  205  218  229  237  242  244  243  241  239  237  235  234
  231  232  234  232  235  238  249  258  250                                   
    27.5-180.0 180.0   5.0 450.0                            LAT/LON1/LON2/DLON/H
  270  268  263  263  266  268  273  274  273  264  251  237  223  209  197  188
  180  174  168  164  162  164  169  176  183  187  187  186  182  178  175  171
  168  165  160  155  150  146  142  139  135  130  124  120  118  120  126  135
  147  161  175  189  204  218  231  241  247  251  251  251  250  248  246  244
  240  240  241  240  244  250  263  275  270                                   
    25.0-180.0 180.0   5.0 450.0                            LAT/LON1/LON2/DLON/H
  288  288  286  289  292  295  299  299  296  286  273  258  242  227  214  203
  194  187  180  175  173  175  181  188  193  196  195  191  185  178  171  163
  156  149  144  139  135  133  132  130  127  123  118  114  112  114  120  129
  142  156  172  188  204  219  233  244  252  256  258  259  259  258  257  254
  249  247  247  246  251  260  276  290  288                                   
    22.5-180.0 180.0   5.0 450.0                            LAT/LON1/LON2/DLON/H
  303  306  307  315  320  324  328  327  323  312  297  281  264  248  233  219
  208  199  192  186  184  185  190  195  199  199  196  189  181  170  159  147
  136  128  121  117  115  115  116  116  115  112  108  105  104  107  113  123
  137  153  170  188  205  221  235  247  256  262  265  268  269  269  268  264
  259  255  255  253  258  269  286  303  303                                   
    20.0-180.0 180.0   5.0 450.0                            LAT/LON1/LON2/DLON/H
  313  318  325  337  346  351  355  354  349  338  323  306  288  270  252  236
  223  212  203  197  193  193  196  200  200  197  191  181  169  156  141  127
  114  105   98   95   95   96   98   99   99   98   96   95   95   99  106  117
  132  150  170  189  208  224  238  251  261  269  274  278  281  282  281  278
  272  268  266  263  267  277  295  315  313                                   
    17.5-180.0 180.0   5.0 450.0                            LAT/LON1/LON2/DLON/H
  320  327  338  355  367  373  377  376  371  361  346  329  311  290  270  251
  235  223  213  206  201  200  200  200  197  190  179  166  153  138  123  108
   94   84   78   76   77   79   81   83   84   84   84   85   87   91   99  111
  128  148  170  192  211  227  242  256  268  278  286  292  296  298  298  296
  290  285  282  278  279  287  305  326  320                                   
    15.0-180.0 180.0   5.0 450.0                            LAT/LON1/LON2/DLON/H
  327  334  348  367  381  388  391  390  387  377  364  347  328  307  284  263
  245  232  222  214  208  204  201  197  189  177  163  148  134  121  106   92
   79   70   64   63   64   66   68   70   71   73   75   78   81   85   92  105
  123  146  170  193  213  230  246  261  276  289  300  309  314  317  318  317
  312  308  305  298  296  300  317  339  327                                   
    12.5-180.0 180.0   5.0 450.0                            LAT/LON1/LON2/DLON/H
  337  343  358  376  390  395  397  396  393  384  372  356  337  315  291  269
  250  237  227  219  212  205  199  189  177  161  144  129  117  106   94   81
   70   62   57   56   56   58   59   61   63   66   70   73   76   80   87   99
  118  142  168  192  213  231  249  267  285  302  316  327  334  338  340  341
  338  335  332  324  318  318  334  357  337                                   
    10.0-180.0 180.0   5.0 450.0                            LAT/LON1/LON2/DLON/H
  354  358  371  385  397  399  397  395  391  382  370  354  335  313  290  267
  249  236  227  219  211  202  192  179  162  143  126  113  103   95   86   76
   67   60   56   55   54   54   55   56   58   63   67   71   73   75   81   92
  111  136  163  189  210  230  249  270  292  313  331  344  352  357  361  363
  363  363  361  353  345  342  356  379  354                                   
     7.5-180.0 180.0   5.0 450.0                            LAT/LON1/LON2/DLON/H
  378  382  391  399  406  404  398  391  384  374  360  343  324  302  279  257
  240  229  221  213  205  194  181  165  146  127  112  101   94   88   83   76
