data/edconvlstm_nd/pred2040.15i
     1.0            IONOSPHERE MAPS     GNSS                IONEX VERSION / TYPE
pyspatialgeodesy        IME             05-JAN-18 20:20     PGM / RUN BY / DATE 
Map Name                                                    COMMENT             
Predicted global ionosphere maps (GIM).                     DESCRIPTION         
  2015     7    23     0     0     0                        EPOCH OF FIRST MAP  
  2015     7    24     0     0     0                        EPOCH OF LAST MAP   
  7200                                                      INTERVAL            
    13                                                      # OF MAPS IN FILE   
  NONE                                                      MAPPING FUNCTION    
10.0                                                        ELEVATION CUTOFF    
One-way carrier phase leveled to code                       OBSERVABLES USED    
  6371.0                                                    BASE RADIUS         
 2                                                          MAP DIMENSION       
   450.0 450.0   0.0                                        HGT1 / HGT2 / DHGT  
    87.5 -87.5  -2.5                                        LAT1 / LAT2 / DLAT  
  -180.0 180.0   5.0                                        LON1 / LON2 / DLON  
    -1                                                      EXPONENT            
                                                            END OF HEADER       
[from data line 3432]
     9                                                      START OF TEC MAP    
  2015     7    23    16     0     0                        EPOCH OF CURRENT MAP
    87.5-180.0 180.0   5.0 450.0                            LAT/LON1/LON2/DLON/H
  129  127  120  125  127  126  125  122  123  124  123  124  124  124  124  125
  125  126  126  127  128  128  129  129  130  130  131  131  132  132  133  133
  133  133  133  133  134  134  134  134  134  134  134  134  134  134  134  134
  134  134  134  134  134  134  133  133  133  133  132  132  131  131  130  130
  129  129  127  125  133  127  136  133  129                                   
    85.0-180.0 180.0   5.0 450.0                            LAT/LON1/LON2/DLON/H
  126  122  130  121  121  124  123  124  124  125  125  125  125  126  127  127
  128  129  130  131  132  132  133  134  135  136  137  137  138  138  139  139
  139  139  139  139  139  139  139  139  139  139  139  139  139  139  139  139
  139  139  139  139  139  138  138  138  137  137  137  136  135  135  134  133
  133  133  128  125  125  119  124  124  126                                   
    82.5-180.0 180.0   5.0 450.0                            LAT/LON1/LON2/DLON/H
  109  113  113  109  110  113  114  114  114  115  115  116  116  117  118  119
  121  122  123  125  127  128  130  131  133  134  136  137  138  138  139  139
  139  139  138  138  137  137  137  136  136  136  136  136  136  136  136  136
  136  136  136  135  135  135  134  134  133  132  131  131  130  129  127  126
  125  124  120  120  118  121  113  107  109                                   
    80.0-180.0 180.0   5.0 450.0                            LAT/LON1/LON2/DLON/H
  100  101  104  104  103  103  104  107  108  109  109  110  111  112  113  114
  116  118  119  121  123  125  128  130  132  133  135  136  137  138  138  138
  137  136  135  134  133  132  131  130  130  130  130  130  130  130  130  130
  130  130  130  130  129  129  128  128  127  126  125  124  123  122  121  120
  119  117  114  113  109  106  105  103  100                                   
    77.5-180.0 180.0   5.0 450.0                            LAT/LON1/LON2/DLON/H
  104  100  102  103  103  105  105  108  108  109  109  110  111  112  113  114
  116  118  120  123  125  128  131  133  135  138  139  141  142  142  142  142
  140  139  137  135  133  131  130  129  128  128  128  128  128  129  129  129
  129  129  128  128  127  127  126  125  124  123  122  121  119  118  116  115
  114  112  110  109  109  103  103  105  104                                   
    75.0-180.0 180.0   5.0 450.0                            LAT/LON1/LON2/DLON/H
  101  100  100  102  104  107  107  109  110  112  112  113  113  114  115  116
  118  120  122  125  128  130  133  136  138  141  143  144  145  145  145  144
  142  140  137  135  132  130  128  126  126  126  126  126  127  127  127  127
  127  126  126  125  124  123  122  121  121  119  118  117  116  114  113  113
  111  110  109  105  106  102  103   96  101                                   
    72.5-180.0 180.0   5.0 450.0                            LAT/LON1/LON2/DLON/H
   98   99   99  105  105  109  111  113  114  115  115  116  117  117  118  119
  120  122  124  127  130  132  135  138  140  142  144  145  146  146  146  144
  143  140  137  134  130  128  125  124  123  123  124  125  125  126  126  126
  125  124  123  122  121  120  118  117  116  115  114  113  112  110  109  108
  107  106  105  102  102  100  103  100   98                                   
    70.0-180.0 180.0   5.0 450.0                            LAT/LON1/LON2/DLON/H
   98   99   99  103  104  108  110  113  114  116  116  118  118  118  119  119
  120  122  124  127  129  132  134  136  138  140  141  142  143  144  144  143
  141  138  135  131  128  125  123  121  121  121  122  123  124  124  124  124
  123  122  120  118  117  115  114  113  112  111  110  109  108  107  106  105
  104  102  102   99  100   99  104  101   98                                   
    67.5-180.0 180.0   5.0 450.0                            LAT/LON1/LON2/DLON/H
   97  100  101  105  107  110  113  116  117  120  120  122  122  122  122  123
  124  125  127  129  131  133  135  137  138  139  140  140  141  142  143  142
  141  139  136  132  128  125  123  122  122  123  125  126  127  127  127  126
  125  123  121  119  117  115  114  113  112  111  111  110  108  107  106  105
  103  102  101   98   98   98  101   99   97                                   
    65.0-180.0 180.0   5.0 450.0                            LAT/LON1/LON2/DLON/H
   96   99  101  104  105  109  111  114  116  119  120  121  122  123  123  123
  124  125  127  128  130  132  134  135  135  136  136  137  139  140  142  142
  142  140  137  134  130  127  125  125  125  127  128  129  130  130  129  128
  126  124  122  120  118  116  114  113  113  112  112  111  109  107  105  104
  102  100  100   98   98   98  103  101   96                                   
    62.5-180.0 180.0   5.0 450.0                            LAT/LON1/LON2/DLON/H
   95  100  101  105  105  109  110  113  115  117  119  121  122  123  124  124
  125  126  127  128  130  131  132  133  133  134  134  136  137  140  142  144
  144  143  140  137  134  131  130  129  130  131  133  133  134  133  132  131
  130  128  125  123  121  119  117  116  116  115  114  113  111  108  106  104
  101   99   98   96   96   96  102   99   95                                   
    60.0-180.0 180.0   5.0 450.0                            LAT/LON1/LON2/DLON/H
   95  100  102  105  105  108  109  111  112  115  116  119  121  122  123  124
  125  125  126  127  128  129  131  131  132  132  133  135  138  141  144  147
  147  147  145  142  139  136  135  135  136  137  138  138  138  137  136  135
  133  132  130  127  125  123  121  120  120  119  118  116  113  109  106  102
   99   97   96   94   94   95  101   98   95                                   
    57.5-180.0 180.0   5.0 450.0                            LAT/LON1/LON2/DLON/H
   96  101  104  107  107  110  110  111  112  113  114  117  119  121  123  124
  125  126  126  126  127  128  129  131  132  133  135  137  141  145  149  152
  153  153  151  148  146  144  143  144  144  145  145  144  143  141  140  140
  139  138  136  134  131  128  127  125  125  124  122  119  115  110  105  101
   98   95   94   91   92   93   99   98   96                                   
    55.0-180.0 180.0   5.0 450.0                            LAT/LON1/LON2/DLON/H
   97  103  107  110  111  114  114  114  113  113  113  115  117  120  122  124
  125  126  125  125  126  127  129  131  133  135  137  141  145  149  153  157
  158  158  157  155  153  152  152  152  153  153  151  150  148  146  145  145
  145  145  143  141  138  135  132  131  129  128  125  121  116  110  104  100
   95   93   91   89   90   90   97   96   97                                   
    52.5-180.0 180.0   5.0 450.0                            LAT/LON1/LON2/DLON/H
   99  106  110  115  115  119  119  119  117  116  115  115  117  119  122  124
  125  125  125  125  125  126  128  131  134  137  141  144  149  153  157  161
  162  163  162  161  160  160  161  161  161  160  158  155  153  151  151  151
  152  152  151  148  144  140  137  135  134  132  128  123  117  109  103   98
   94   91   90   87   89   89   96   95   99                                   
    50.0-180.0 180.0   5.0 450.0                            LAT/LON1/LON2/DLON/H
  100  108  112  119  121  125  126  126  124  123  120  119  119  120  122  124
  126  126  126  125  126  127  129  133  136  140  144  148  152  156  160  164
  166  167  167  167  168  169  171  172  171  169  166  162  159  157  158  159
  160  161  159  155  150  145  142  139  137  135  131  125  118  110  103   98
   94   92   91   88   89   89   96   95  100                                   
    47.5-180.0 180.0   5.0 450.0                            LAT/LON1/LON2/DLON/H
  101  109  114  122  125  131  133  135  134  132  129  126  125  124  125  126
  127  128  128  128  128  130  132  136  140  144  148  151  155  159  162  166
  169  171  173  175  177  180  182  183  182  179  175  171  167  166  167  168
  170  170  167  162  156  150  145  142  141  138  135  128  121  112  106  101
   98   96   94   91   92   91   97   95  101                                   
    45.0-180.0 180.0   5.0 450.0                            LAT/LON1/LON2/DLON/H
  101  109  113  122  127  134  139  143  144  144  141  138  134  132  131  131
  131  132  133  133  134  135  138  141  145  148  152  155  158  162  165  169
  173  177  181  186  190  194  196  197  195  192  187  182  179  177  178  180
  181  179  175  168  161  154  148  146  144  142  139  133  125  117  111  107
  104  102  101   97   96   95   98   96  101                                   
    42.5-180.0 180.0   5.0 450.0                            LAT/LON1/LON2/DLON/H
  100  107  110  120  125  135  142  149  154  156  155  152  148  143  140  138
  138  139  140  141  143  144  146  149  151  154  157  160  163  167  171  176
  182  189  195  201  207  212  214  215  212  207  202  196  193  192  192  193
  192  189  183  174  165  157  151  149  148  146  144  139  132  125  119  116
  113  111  109  105  102   99  101   98  100                                   
    40.0-180.0 180.0   5.0 450.0                            LAT/LON1/LON2/DLON/H
   99  103  106  114  121  131  141  152  161  167  169  168  163  158  153  149
  149  149  151  153  154  156  157  158  160  162  164  167  171  176  182  189
  198  206  215  223  230  234  237  236  232  226  220  214  210  208  207  206
  203  198  190  179  169  160  154  152  151  151  149  145  140  134  129  126
  123  120  117  112  108  104  103  100   99                                   
    37.5-180.0 180.0   5.0 450.0                            LAT/LON1/LON2/DLON/H
   97  100  101  108  114  124  136  150  164  175  182  183  180  174  168  163
  161  162  164  167  169  170  170  170  170  172  175  178  184  190  199  209
  220  231  242  250  257  261  262  260  254  247  240  234  229  225  223  219
  214  206  195  184  172  163  157  155  154  154  154  152  148  143  139  136
  132  128  124  118  113  108  106  102   97                                   
    35.0-180.0 180.0   5.0 450.0                            LAT/LON1/LON2/DLON/H
   96   98   97  102  106  116  129  145  162  179  190  196  195  191  184  179
  176  177  179  182  183  184  183  182  182  183  187  193  200  210  221  234
  248  262  273  282  287  290  289  284  278  269  261  254  248  242  237  231
  223  212  200  187  175  165  159  156  156  156  157  156  154  151  147  143
  138  134  129  122  117  111  108  104   96                                   
    32.5-180.0 180.0   5.0 450.0                            LAT/LON1/LON2/DLON/H
   98   98   96   98  101  109  121  137  157  177  193  204  207  205  200  195
  192  192  194  196  198  197  196  194  193  196  201  210  220  233  247  263
  280  295  306  314  318  317  314  308  299  290  281  273  265  257  249  240
  230  217  204  190  177  167  160  156  155  156  157  157  157  154  151  147
  141  135  129  123  118  112  110  106   98                                   
    30.0-180.0 180.0   5.0 450.0                            LAT/LON1/LON2/DLON/H
  102  101   98   98   99  104  114  130  150  172  192  206  214  216  214  210
  208  208  209  210  211  209  207  205  205  209  217  228  242  257  275  293
  311  326  337  343  343  340  335  327  317  307  298  288  279  269  258  247
  234  220  206  191  177  166  158  153  151  152  153  154  155  153  151  146
  139  133  127  121  118  113  112  108  102                                   
    27.5-180.0 180.0   5.0 450.0                            LAT/LON1/LON2/DLON/H
  108  107  103  102  101  105  111  124  143  164  186  204  216  222  223  223
  222  222  222  222  221  219  216  214  216  221  232  246  262  280  300  320
  338  353  361  364  361  356  348  339  330  320  310  300  289  277  264  251
  237  222  206  191  176  164  155  149  146  145  146  147  148  148  145  140
  133  127  121  117  116  113  113  110  108                                   
    25.0-180.0 180.0   5.0 450.0                            LAT/LON1/LON2/DLON/H
  115  115  111  110  108  110  113  122  137  156  177  197  213  223  229  232
  233  234  234  233  231  228  225  224  226  233  246  262  281  300  320  340
  357  370  375  375  370  362  354  344  335  326  317  307  295  282  267  252
  237  222  206  189  174  160  150  142  138  136  137  138  139  138  136  131
  124  119  114  111  113  112  113  112  115                                   
    22.5-180.0 180.0   5.0 450.0                            LAT/LON1/LON2/DLON/H
  120  122  118  119  117  118  119  123  134  150  169  188  207  221  232  238
  242  244  244  242  239  236  233  233  237  246  259  277  296  315  334  352
  367  377  379  376  369  361  352  344  335  327  319  310  298  283  268  252
  236  220  204  187  170  155  143  135  130  128  127  128  128  127  125  121
  115  111  107  106  109  110  113  113  120                                   
    20.0-180.0 180.0   5.0 450.0                            LAT/LON1/LON2/DLON/H
  122  125  123  127  126  127  127  128  135  146  161  180  199  216  231  242
  249  252  252  250  247  244  243  244  249  258  272  289  307  324  341  357
  368  375  374  369  362  354  347  340  333  326  319  310  298  283  266  250
  234  218  201  183  164  148  136  127  123  121  119  119  118  116  114  111
  106  103  101  101  106  108  111  112  122                                   
    17.5-180.0 180.0   5.0 450.0                            LAT/LON1/LON2/DLON/H
  118  124  123  130  131  134  135  135  139  146  157  173  192  211  229  243
  253  259  260  258  255  253  253  255  262  271  285  300  315  330  344  356
  364  368  366  360  354  347  342  336  330  324  317  308  296  281  264  247
  231  214  197  177  158  141  128  121  118  116  114  112  110  107  105  102
   99   97   96   96  101  104  106  108  118                                   
    15.0-180.0 180.0   5.0 450.0                            LAT/LON1/LON2/DLON/H
  110  117  118  126  131  136  139  141  143  148  156  169  186  206  225  242
  255  263  265  264  262  261  264  268  276  285  297  310  322  333  343  352
  358  360  357  352  347  343  339  334  329  323  316  307  294  278  260  243
  226  209  191  171  150  133  122  117  115  115  113  110  106  102   99   97
   94   93   92   92   96   98  100  102  110                                   
    12.5-180.0 180.0   5.0 450.0                            LAT/LON1/LON2/DLON/H
   98  105  107  117  123  132  139  143  148  152  158  168  184  203  223  241
  255  265  268  269  268  270  274  281  290  299  309  319  328  336  343  349
  353  354  351  348  344  342  340  336  330  324  315  305  291  274  255  237
  220  202  183  163  142  126  117  114  115  116  114  110  105  100   96   94
   91   90   89   88   91   91   91   94   98                                   
    10.0-180.0 180.0   5.0 450.0                            LAT/LON1/LON2/DLON/H
   85   91   93  104  111  122  133  142  149  155  161  171  184  202  221  239
  254  264  269  271  272  276  283  293  303  313  321  328  334  340  345  349
  352  352  349  347  346  345  344  339  333  324  314  302  286  268  248  229
  211  193  174  153  134  119  112  112  115  117  117  112  106  101   97   94
   90   88   86   84   85   83   83   85   85                                   
     7.5-180.0 180.0   5.0 450.0                            LAT/LON1/LON2/DLON/H
   73   78   79   89   97  109  123  136  147  157  165  174  187  203  220  237
  252  262  269  272  275  281  290  302  314  324  331  337  341  344  347  350
