data/edconvlstm_nd/pred3570.15i
     1.0            IONOSPHERE MAPS     GNSS                IONEX VERSION / TYPE
pyspatialgeodesy        IME             05-JAN-18 20:20     PGM / RUN BY / DATE 
Map Name                                                    COMMENT             
Predicted global ionosphere maps (GIM).                     DESCRIPTION         
  2015    12    23     0     0     0                        EPOCH OF FIRST MAP  
  2015    12    24     0     0     0                        EPOCH OF LAST MAP   
  7200                                                      INTERVAL            
    13                                                      # OF MAPS IN FILE   
  NONE                                                      MAPPING FUNCTION    
10.0                                                        ELEVATION CUTOFF    
One-way carrier phase leveled to code                       OBSERVABLES USED    
  6371.0                                                    BASE RADIUS         
 2                                                          MAP DIMENSION       
   450.0 450.0   0.0                                        HGT1 / HGT2 / DHGT  
    87.5 -87.5  -2.5                                        LAT1 / LAT2 / DLAT  
  -180.0 180.0   5.0                                        LON1 / LON2 / DLON  
    -1                                                      EXPONENT            
                                                            END OF HEADER       
[from data line 3003]
     8                                                      START OF TEC MAP    
  2015    12    23    14     0     0                        EPOCH OF CURRENT MAP
    87.5-180.0 180.0   5.0 450.0                            LAT/LON1/LON2/DLON/H
   38   50   53   54   57   57   58   52   53   55   55   56   56   56   56   57
   57   57   57   58   58   58   58   58   58   58   58   57   57   57   56   56
   55   54   54   53   52   52   51   51   50   50   50   50   50   51   51   52
   52   53   53   54   54   54   54   55   55   55   55   54   54   54   54   54
   54   54   51   48   51   53   67   69   38                                   
    85.0-180.0 180.0   5.0 450.0                            LAT/LON1/LON2/DLON/H
   42   58   73   55   56   59   58   58   58   60   59   59   59   59   59   59
   59   59   60   60   60   60   60   60   61   61   61   61   61   60   60   60
   59   59   58   57   57   56   56   55   55   55   55   55   55   56   56   57
   57   58   59   59   60   60   61   61   61   61   62   62   62   62   62   62
   62   62   57   54   58   59   68   62   42                                   
    82.5-180.0 180.0   5.0 450.0                            LAT/LON1/LON2/DLON/H
   32   45   58   47   50   51   52   51   51   52   51   52   52   52   52   52
   52   52   52   52   52   52   52   52   53   53   53   53   53   53   53   53
   52   51   50   49   48   47   46   45   45   44   44   45   45   46   46   47
   48   49   50   51   52   52   53   53   54   54   54   54   54   54   54   54
   55   54   50   48   55   62   61   56   32                                   
    80.0-180.0 180.0   5.0 450.0                            LAT/LON1/LON2/DLON/H
   28   35   50   42   44   42   43   42   42   43   43   44   44   44   44   44
   44   44   44   44   44   44   45   45   46   46   47   47   48   48   48   48
   47   46   45   43   42   40   38   37   36   36   36   36   37   38   40   41
   43   44   46   47   48   49   50   50   50   50   50   50   50   49   49   49
   49   49   47   46   47   55   54   56   28                                   
    77.5-180.0 180.0   5.0 450.0                            LAT/LON1/LON2/DLON/H
   40   39   40   33   34   32   33   33   33   34   34   35   36   37   37   38
   38   38   39   39   39   40   41   42   43   44   45   47   48   49   49   49
   49   47   45   43   40   37   34   32   30   29   29   29   30   32   34   36
   38   41   43   44   46   47   47   48   47   47   47   46   45   44   44   43
   42   42   39   39   38   41   45   48   40                                   
    75.0-180.0 180.0   5.0 450.0                            LAT/LON1/LON2/DLON/H
   30   31   30   28   30   28   27   27   27   29   28   30   31   32   33   33
   34   35   35   35   36   37   38   39   41   43   45   47   49   50   51   52
   52   50   48   45   42   38   34   31   29   27   27   27   29   31   33   36
   38   41   43   45   46   46   47   46   46   45   45   44   43   42   42   41
   40   40   39   37   38   37   38   34   30                                   
    72.5-180.0 180.0   5.0 450.0                            LAT/LON1/LON2/DLON/H
   35   33   30   29   30   29   28   26   26   26   26   27   28   30   31   32
   33   33   34   35   35   37   38   40   42   45   47   50   52   54   56   57
   57   57   54   51   47   42   38   34   30   28   27   27   28   30   32   35
   38   40   42   43   43   44   43   43   42   42   41   41   41   40   40   39
   39   38   37   35   36   35   38   36   35                                   
    70.0-180.0 180.0   5.0 450.0                            LAT/LON1/LON2/DLON/H
   35   35   34   33   34   32   30   29   29   29   29   31   32   33   34   35
   36   36   37   38   39   40   43   45   48   51   54   57   60   63   65   67
   68   67   66   62   58   53   47   42   38   35   34   33   34   35   37   39
   41   42   43   43   43   42   41   40   40   40   40   40   41   41   42   42
   41   41   41   38   40   39   44   41   35                                   
    67.5-180.0 180.0   5.0 450.0                            LAT/LON1/LON2/DLON/H
   38   38   37   37   39   38   37   36   36   36   36   37   38   40   41   42
   42   43   43   44   46   48   51   54   58   61   64   67   70   73   76   78
   80   80   79   76   71   65   59   53   49   45   42   41   41   41   41   42
   42   42   42   40   39   37   36   36   36   36   37   39   40   41   42   43
   43   42   42   39   40   40   42   39   38                                   
    65.0-180.0 180.0   5.0 450.0                            LAT/LON1/LON2/DLON/H
   37   39   39   41   42   43   42   41   41   41   41   43   45   46   47   48
   48   48   49   51   53   56   60   64   68   72   75   78   81   85   88   91
   93   93   92   89   84   78   71   65   60   56   52   50   48   46   45   43
   42   40   38   35   33   31   30   29   29   31   33   35   37   39   41   42
   43   43   43   41   42   44   46   42   37                                   
    62.5-180.0 180.0   5.0 450.0                            LAT/LON1/LON2/DLON/H
   35   39   39   42   44   45   44   44   44   45   45   47   49   51   52   53
   53   54   55   57   60   64   69   74   79   84   87   91   94   97  100  103
  106  106  105  102   96   89   82   76   70   66   62   58   55   51   47   43
   39   35   32   29   26   24   23   23   24   25   28   30   33   35   37   38
   39   40   40   39   40   42   44   41   35                                   
    60.0-180.0 180.0   5.0 450.0                            LAT/LON1/LON2/DLON/H
   33   37   37   40   42   42   42   41   42   43   44   47   49   51   52   53
   54   55   57   60   64   70   76   82   88   94   98  102  106  109  113  116
  118  119  117  112  106   99   91   84   79   74   70   65   60   53   47   41
   35   30   26   22   19   18   17   17   18   20   23   25   28   29   31   32
   33   33   34   34   36   38   40   38   33                                   
    57.5-180.0 180.0   5.0 450.0                            LAT/LON1/LON2/DLON/H
   29   34   35   38   40   39   39   39   39   40   42   45   47   49   51   52
   53   55   58   62   68   75   83   90   98  105  110  115  120  124  128  131
  133  133  130  125  118  110  102   95   90   85   80   75   67   59   50   41
   34   28   24   20   18   16   16   16   18   20   22   25   26   27   28   28
   29   29   31   31   34   36   37   36   29                                   
    55.0-180.0 180.0   5.0 450.0                            LAT/LON1/LON2/DLON/H
   29   33   34   37   38   37   36   35   36   37   39   41   43   45   47   48
   51   54   58   64   71   80   88   97  106  114  122  128  134  139  143  146
  148  147  144  138  130  121  113  106  101   97   92   85   76   66   55   45
   37   31   26   23   20   19   19   20   22   24   26   28   28   28   27   27
   27   27   29   30   33   34   35   35   29                                   
    52.5-180.0 180.0   5.0 450.0                            LAT/LON1/LON2/DLON/H
   31   35   35   38   38   36   34   34   34   35   36   38   40   41   42   45
   48   53   59   67   76   85   94  104  113  123  132  140  147  152  157  160
  161  161  157  150  142  133  124  118  113  109  105   97   87   75   63   52
   43   37   33   30   28   27   27   28   30   33   34   35   34   33   31   30
   30   30   32   33   36   36   36   36   31                                   
    50.0-180.0 180.0   5.0 450.0                            LAT/LON1/LON2/DLON/H
   36   40   39   42   42   39   37   35   34   35   36   37   37   38   39   42
   47   53   62   71   81   90  100  110  120  131  141  150  158  164  168  171
  172  171  167  161  153  144  136  130  126  122  118  111  100   87   74   62
   53   47   43   40   37   36   37   38   41   44   46   45   44   41   39   38
   37   38   40   40   43   42   42   41   36                                   
    47.5-180.0 180.0   5.0 450.0                            LAT/LON1/LON2/DLON/H
   44   48   46   49   48   46   42   40   39   39   38   38   38   37   38   41
   47   56   66   77   88   98  107  117  128  138  149  158  166  172  176  178
  179  178  175  170  163  155  148  143  139  136  131  124  113  100   86   74
   65   58   53   49   46   44   45   47   51   54   56   56   54   52   50   49
   48   48   51   50   52   51   51   48   44                                   
    45.0-180.0 180.0   5.0 450.0                            LAT/LON1/LON2/DLON/H
   54   57   54   57   56   55   50   48   46   46   45   44   42   40   40   44
   51   61   73   85   96  106  115  125  136  146  156  165  172  177  179  180
  181  180  179  176  171  166  160  155  152  148  144  137  126  113   99   86
   76   68   62   56   51   48   49   51   56   60   63   64   63   61   60   60
   59   60   62   61   62   62   61   57   54                                   
    42.5-180.0 180.0   5.0 450.0                            LAT/LON1/LON2/DLON/H
   62   65   61   65   64   63   59   57   56   56   55   53   49   46   46   50
   58   69   81   94  105  116  125  135  145  155  164  171  176  178  179  179
  179  180  181  181  179  177  173  168  164  160  156  149  138  125  111   98
   87   77   68   59   52   48   47   50   56   61   65   67   68   68   67   68
   68   69   70   69   70   70   70   66   62                                   
    40.0-180.0 180.0   5.0 450.0                            LAT/LON1/LON2/DLON/H
   67   70   65   70   69   69   65   64   64   66   65   63   59   56   55   59
   67   78   91  103  115  126  136  146  155  164  171  176  178  178  177  177
  178  180  183  186  188  188  186  182  178  173  167  160  150  138  124  110
   97   85   73   61   51   45   43   46   52   58   63   67   69   70   71   72
   73   73   74   72   74   74   76   71   67                                   
    37.5-180.0 180.0   5.0 450.0                            LAT/LON1/LON2/DLON/H
   68   70   65   70   70   70   68   68   70   73   74   73   70   67   67   71
   78   89  101  113  126  137  148  158  166  174  178  180  180  179  178  178
  180  183  188  194  200  202  202  198  193  187  180  173  163  152  139  125
  111   96   82   67   53   44   41   43   48   55   61   65   68   70   72   74
   74   73   73   71   73   74   76   73   68                                   
    35.0-180.0 180.0   5.0 450.0                            LAT/LON1/LON2/DLON/H
   66   67   62   67   67   67   66   68   71   76   79   80   79   78   80   84
   91  101  112  124  137  150  161  171  179  184  187  186  185  183  183  185
  189  195  202  209  216  221  221  218  211  204  196  189  180  169  157  144
  129  114   97   80   64   52   46   46   50   56   61   65   68   70   72   74
   74   72   71   69   70   71   73   71   66                                   
    32.5-180.0 180.0   5.0 450.0                            LAT/LON1/LON2/DLON/H
   63   63   56   61   61   61   61   63   68   74   79   82   85   87   91   97
  105  114  124  136  150  163  175  185  192  195  196  195  193  194  197  203
  210  218  225  233  240  244  245  241  234  226  217  209  201  192  181  169
  155  141  124  106   88   73   63   59   61   64   68   70   72   74   75   76
   75   72   71   67   68   68   70   68   63                                   
    30.0-180.0 180.0   5.0 450.0                            LAT/LON1/LON2/DLON/H
   62   60   52   56   55   55   54   56   61   68   74   81   87   93  101  109
  118  127  137  149  163  178  190  199  205  207  207  206  207  212  221  233
  244  253  260  266  271  274  274  269  262  253  244  236  228  220  211  201
  189  176  162  144  125  107   94   86   83   82   83   83   82   82   82   82
   80   77   74   70   69   68   70   66   62                                   
    27.5-180.0 180.0   5.0 450.0                            LAT/LON1/LON2/DLON/H
   64   61   51   53   52   51   49   51   55   60   67   75   85   96  107  119
  130  140  151  164  178  193  205  213  217  219  219  221  227  238  254  272
  288  298  304  306  308  308  307  301  293  283  274  266  259  252  245  237
  228  218  206  191  172  153  135  122  114  109  106  103  100   97   96   94
   91   88   84   79   76   74   75   69   64                                   
    25.0-180.0 180.0   5.0 450.0                            LAT/LON1/LON2/DLON/H
   72   67   55   56   54   52   49   48   51   55   61   70   81   96  111  127
  141  153  166  179  194  208  219  226  229  231  233  239  251  270  293  318
  338  350  354  352  349  346  342  335  326  316  306  298  292  286  281  275
  269  261  252  239  221  200  180  163  151  142  135  129  123  118  114  111
  108  104  100   94   89   85   86   77   72                                   
    22.5-180.0 180.0   5.0 450.0                            LAT/LON1/LON2/DLON/H
   85   77   64   63   59   57   53   51   52   53   58   66   79   95  114  133
  150  166  180  195  209  222  232  238  241  244  249  260  278  304  336  366
  390  402  404  399  391  384  377  368  358  347  337  329  324  319  315  310
  305  299  291  279  262  242  220  200  184  172  163  155  148  141  136  132
  127  124  119  112  106  101  101   89   85                                   
    20.0-180.0 180.0   5.0 450.0                            LAT/LON1/LON2/DLON/H
  101   91   77   73   69   66   61   57   57   57   60   67   80   97  118  140
  160  178  195  210  225  237  245  250  254  259  268  284  308  340  376  411
  436  449  449  441  429  418  407  397  385  374  364  356  351  346  342  338
  332  325  317  305  289  268  246  225  208  196  186  178  170  163  157  152
  147  144  138  131  123  118  117  103  101                                   
    17.5-180.0 180.0   5.0 450.0                            LAT/LON1/LON2/DLON/H
  115  107   92   86   81   76   71   66   64   63   65   71   84  102  124  148
  171  192  210  226  240  251  259  264  269  277  290  311  339  374  412  447
  473  485  484  473  458  443  430  418  405  393  383  375  370  366  362  355
  347  338  328  315  298  278  257  237  221  209  200  193  186  179  173  168
  164  161  154  147  138  133  130  116  115                                   
    15.0-180.0 180.0   5.0 450.0                            LAT/LON1/LON2/DLON/H
  125  121  107  100   93   86   81   75   73   70   71   78   91  109  132  157
  182  205  226  243  256  267  274  280  287  298  316  340  370  404  441  473
  497  507  504  492  476  460  445  430  416  403  393  386  381  377  372  363
  351  338  325  310  293  274  254  236  222  211  204  198  193  187  182  178
  174  171  163  156  148  142  137  125  125                                   
    12.5-180.0 180.0   5.0 450.0                            LAT/LON1/LON2/DLON/H
  128  129  118  111  105   96   91   85   81   78   79   85   98  117  141  167
  194  219  240  258  272  282  291  299  309  324  345  370  399  430  461  488
  508  515  512  500  484  468  451  434  419  405  395  389  385  380  374  363
  347  330  313  296  278  260  242  227  215  207  201  197  193  188  184  179
  175  172  164  158  149  144  138  127  128                                   
    10.0-180.0 180.0   5.0 450.0                            LAT/LON1/LON2/DLON/H
  121  128  122  115  111  102   99   93   90   86   86   92  106  126  151  178
  205  231  253  272  286  298  308  320  334  353  375  399  424  449  473  494
  508  514  510  499  485  468  450  432  415  400  390  385  381  378  371  358
  340  320  299  279  261  244  229  217  208  201  195  191  188  183  179  174
  168  165  157  150  143  138  131  122  121                                   
     7.5-180.0 180.0   5.0 450.0                            LAT/LON1/LON2/DLON/H
  108  119  115  110  109  101  102   98   96   93   93  100  114  135  160  188
  215  241  264  283  299  313  327  342  361  382  404  425  445  463  480  494
