data/edconvlstm_nd/pred3270.15i
     1.0            IONOSPHERE MAPS     GNSS                IONEX VERSION / TYPE
pyspatialgeodesy        IME             05-JAN-18 20:20     PGM / RUN BY / DATE 
Map Name                                                    COMMENT             
Predicted global ionosphere maps (GIM).                     DESCRIPTION         
  2015    11    23     0     0     0                        EPOCH OF FIRST MAP  
  2015    11    24     0     0     0                        EPOCH OF LAST MAP   
  7200                                                      INTERVAL            
    13                                                      # OF MAPS IN FILE   
  NONE                                                      MAPPING FUNCTION    
10.0                                                        ELEVATION CUTOFF    
One-way carrier phase leveled to code                       OBSERVABLES USED    
  6371.0                                                    BASE RADIUS         
 2                                                          MAP DIMENSION       
   450.0 450.0   0.0                                        HGT1 / HGT2 / DHGT  
    87.5 -87.5  -2.5                                        LAT1 / LAT2 / DLAT  
  -180.0 180.0   5.0                                        LON1 / LON2 / DLON  
    -1                                                      EXPONENT            
                                                            END OF HEADER       
[from data line 4290]
    11                                                      START OF TEC MAP    
  2015    11    23    20     0     0                        EPOCH OF CURRENT MAP
    87.5-180.0 180.0   5.0 450.0                            LAT/LON1/LON2/DLON/H
   79   75   67   68   73   69   68   64   65   68   68   70   71   73   74   76
   77   78   79   80   81   81   82   82   82   82   82   81   81   81   81   81
   81   81   81   81   81   81   81   81   82   82   82   82   83   83   83   83
   84   84   84   84   84   84   84   83   83   82   81   80   79   78   77   75
   74   72   67   62   66   65   82   88   79                                   
    85.0-180.0 180.0   5.0 450.0                            LAT/LON1/LON2/DLON/H
   80   70   77   59   59   61   60   61   62   65   65   67   69   71   73   75
   77   79   81   82   83   83   84   84   84   85   85   85   85   85   85   85
   85   85   85   85   85   84   84   84   84   84   84   84   85   85   85   85
   86   86   86   86   86   86   86   85   85   84   83   82   80   79   77   75
   74   71   65   59   62   64   69   65   80                                   
    82.5-180.0 180.0   5.0 450.0                            LAT/LON1/LON2/DLON/H
   54   52   52   44   48   49   51   51   53   55   58   61   64   67   70   73
   76   78   80   81   82   83   83   83   83   83   83   83   83   83   83   83
   83   82   82   82   81   81   80   80   79   79   79   79   79   79   79   80
   80   81   81   82   83   83   83   83   83   82   81   80   78   76   74   71
   69   65   59   56   59   67   60   59   54                                   
    80.0-180.0 180.0   5.0 450.0                            LAT/LON1/LON2/DLON/H
   29   31   37   31   34   32   36   38   42   46   51   56   61   65   70   74
   77   80   81   82   82   82   81   80   79   79   78   78   78   78   78   79
   78   78   78   77   76   75   74   73   72   71   70   70   70   71   71   72
   73   75   76   77   78   79   79   79   79   78   77   76   74   71   68   65
   62   59   54   51   48   52   44   52   29                                   
    77.5-180.0 180.0   5.0 450.0                            LAT/LON1/LON2/DLON/H
   34   32   31   26   30   30   35   38   43   48   54   62   69   75   81   86
   90   93   94   94   93   91   89   86   84   83   82   81   81   81   81   81
   81   80   79   77   75   73   70   68   66   64   62   61   61   61   62   64
   65   67   70   72   74   75   76   77   77   77   76   74   72   69   67   63
   60   57   53   50   46   46   42   52   34                                   
    75.0-180.0 180.0   5.0 450.0                            LAT/LON1/LON2/DLON/H
   26   30   29   27   32   34   39   43   50   58   65   74   82   90   96  101
  105  106  106  104  101   97   92   88   84   81   80   79   79   79   80   80
   80   79   77   75   72   68   65   61   59   56   55   54   54   54   55   57
   59   61   64   66   68   69   70   71   71   71   70   69   67   65   63   60
   58   56   53   49   46   44   39   40   26                                   
    72.5-180.0 180.0   5.0 450.0                            LAT/LON1/LON2/DLON/H
   37   39   39   42   43   47   54   58   65   72   81   90   99  108  114  119
  122  122  121  117  111  104   97   90   84   79   76   74   74   74   74   74
   74   72   69   66   62   57   53   49   46   43   41   40   40   41   42   44
   46   48   51   53   55   56   57   58   58   58   58   57   56   54   53   52
   50   49   48   43   41   42   41   47   37                                   
    70.0-180.0 180.0   5.0 450.0                            LAT/LON1/LON2/DLON/H
   44   50   51   56   59   64   71   78   86   95  104  114  122  130  136  140
  142  141  138  132  124  115  106   96   88   82   78   75   73   73   73   72
   71   68   64   59   54   49   44   40   37   35   34   34   35   36   37   39
   40   42   44   45   46   47   47   48   48   48   47   47   47   47   47   47
   46   47   47   45   45   48   52   57   44                                   
    67.5-180.0 180.0   5.0 450.0                            LAT/LON1/LON2/DLON/H
   58   66   68   75   81   88   96  104  112  120  129  137  145  152  157  160
  160  159  154  147  138  127  115  103   93   85   78   74   71   70   68   67
   64   60   55   49   43   38   33   30   28   27   27   28   29   30   31   33
   34   34   35   35   36   36   36   37   37   37   37   38   38   39   40   41
   42   43   44   43   43   49   51   58   58                                   
    65.0-180.0 180.0   5.0 450.0                            LAT/LON1/LON2/DLON/H
   66   76   80   91   97  107  116  125  133  142  150  157  164  169  172  174
  175  172  167  160  150  138  125  112  100   89   81   75   71   68   65   61
   57   51   45   38   32   27   23   21   21   21   22   24   25   26   27   28
   28   27   27   26   26   26   26   26   26   27   28   29   30   32   34   36
   38   40   43   44   45   52   56   64   66                                   
    62.5-180.0 180.0   5.0 450.0                            LAT/LON1/LON2/DLON/H
   74   84   90  102  111  122  132  142  151  159  166  172  178  182  184  186
  186  184  179  172  162  149  135  121  108   96   85   77   71   66   61   56
   50   43   36   29   23   18   16   16   16   18   20   22   24   25   25   25
   23   22   20   19   18   18   18   18   19   21   22   24   26   28   30   33
   35   38   40   41   43   49   53   62   74                                   
    60.0-180.0 180.0   5.0 450.0                            LAT/LON1/LON2/DLON/H
   78   89   96  109  118  130  141  152  162  170  177  182  187  190  192  194
  195  193  189  182  171  159  145  130  116  103   91   82   74   67   61   54
   47   39   31   24   18   15   14   14   16   19   21   23   25   25   25   23
   21   18   16   14   13   13   13   14   16   18   20   22   24   27   30   33
   35   37   39   40   41   48   52   62   78                                   
    57.5-180.0 180.0   5.0 450.0                            LAT/LON1/LON2/DLON/H
   81   92  100  114  124  136  148  160  170  178  184  189  193  196  198  201
  201  200  197  190  180  168  154  140  126  112  100   90   81   73   65   58
   50   41   33   26   21   19   18   20   22   25   28   29   30   30   28   25
   22   18   15   13   12   12   13   15   18   21   23   26   28   31   34   37
   39   40   42   42   42   48   51   63   81                                   
    55.0-180.0 180.0   5.0 450.0                            LAT/LON1/LON2/DLON/H
   88   99  109  121  132  142  155  166  176  184  190  194  197  200  203  206
  207  206  202  195  185  173  161  148  135  122  111  100   91   82   74   66
   57   49   41   35   31   29   29   31   34   36   38   38   38   36   33   30
   26   22   19   17   16   16   18   21   25   28   31   34   37   39   42   45
   46   47   48   47   46   51   55   67   88                                   
    52.5-180.0 180.0   5.0 450.0                            LAT/LON1/LON2/DLON/H
   97  109  120  131  141  151  163  174  183  190  195  199  201  204  207  209
  211  209  204  197  187  176  165  154  144  133  122  112  102   93   85   76
   68   60   54   49   46   45   46   47   49   50   51   50   48   45   42   39
   35   31   28   26   25   26   29   33   37   41   44   46   48   50   52   55
   55   56   57   57   55   60   64   75   97                                   
    50.0-180.0 180.0   5.0 450.0                            LAT/LON1/LON2/DLON/H
  112  125  137  147  156  165  175  186  193  199  203  204  206  208  211  213
  214  212  206  198  188  179  170  162  153  145  135  125  115  105   96   87
   79   73   68   65   63   63   64   65   65   65   63   61   59   56   54   51
   48   45   42   40   39   41   44   48   52   55   57   58   59   60   62   64
   65   66   68   68   68   73   78   87  112                                   
    47.5-180.0 180.0   5.0 450.0                            LAT/LON1/LON2/DLON/H
  128  142  156  164  173  182  191  200  206  210  211  212  212  213  215  217
  217  213  207  198  190  182  176  171  165  157  148  138  126  115  104   94
   86   81   78   77   78   79   80   80   79   77   75   72   70   68   67   66
   64   62   59   57   56   57   60   63   66   68   69   68   67   67   69   71
   72   75   77   80   81   88   95  102  128                                   
    45.0-180.0 180.0   5.0 450.0                            LAT/LON1/LON2/DLON/H
  143  159  173  181  191  199  207  215  219  222  221  220  219  219  221  222
  220  216  209  201  194  188  185  182  177  170  160  147  133  118  105   94
   87   83   83   84   87   90   91   91   89   86   83   81   80   80   80   80
   80   79   77   75   73   73   74   76   78   78   77   75   73   72   73   75
   77   80   84   89   93  102  111  118  143                                   
    42.5-180.0 180.0   5.0 450.0                            LAT/LON1/LON2/DLON/H
  153  171  185  195  205  214  221  228  231  232  230  227  225  225  226  227
  225  220  214  207  202  199  197  195  190  181  168  151  133  115  100   89
   82   80   82   87   93   97   99   98   95   92   89   88   88   90   92   94
   94   93   91   88   86   84   84   85   85   84   82   79   76   75   76   77
   79   83   87   93  100  112  124  131  153                                   
    40.0-180.0 180.0   5.0 450.0                            LAT/LON1/LON2/DLON/H
  157  176  190  202  213  223  230  237  238  239  236  233  231  231  232  232
  231  227  222  218  215  214  212  209  202  189  172  151  129  109   92   81
   76   77   82   90   98  103  105  103  100   96   94   94   95   98  101  103
  104  103  100   96   93   90   89   88   87   85   82   79   76   75   76   78
   79   82   87   93  102  116  129  139  157                                   
    37.5-180.0 180.0   5.0 450.0                            LAT/LON1/LON2/DLON/H
  155  174  189  203  216  226  234  240  241  241  238  235  234  235  237  238
  238  236  234  232  231  230  227  221  210  193  171  147  124  103   88   79
   77   80   89  100  109  114  115  112  107  103  100   99  101  104  106  108
  108  107  103   99   94   91   89   87   86   83   81   78   76   75   76   77
   78   80   85   91   99  114  128  140  155                                   
    35.0-180.0 180.0   5.0 450.0                            LAT/LON1/LON2/DLON/H
  150  170  186  201  216  226  234  239  241  240  237  235  235  238  241  244
  246  247  247  248  247  245  239  229  214  194  170  146  124  106   95   90
   91   99  110  122  131  134  132  126  118  112  108  106  107  108  110  110
  109  107  102   98   94   91   88   86   84   82   80   78   76   76   77   77
   77   79   83   88   95  110  123  138  150                                   
    32.5-180.0 180.0   5.0 450.0                            LAT/LON1/LON2/DLON/H
  146  169  186  202  217  226  235  239  240  239  237  235  236  240  244  249
  253  256  259  261  260  255  245  232  214  194  173  152  135  123  118  119
  125  136  149  160  165  164  157  146  135  125  118  114  112  112  111  111
  109  106  102   97   94   91   89   87   86   84   82   80   79   79   80   80
   79   80   83   89   94  107  120  137  146                                   
    30.0-180.0 180.0   5.0 450.0                            LAT/LON1/LON2/DLON/H
  149  175  196  209  225  233  241  244  245  242  240  238  240  243  247  253
  258  263  268  270  267  258  246  231  215  199  183  170  161  158  160  168
  179  192  203  211  210  201  187  170  154  140  130  122  118  115  113  112
  109  106  103  100   97   95   94   92   91   89   87   86   85   85   86   85
   83   84   88   94   98  112  125  142  149                                   
    27.5-180.0 180.0   5.0 450.0                            LAT/LON1/LON2/DLON/H
  161  193  216  228  245  250  258  258  258  254  251  248  248  249  252  257
  262  268  272  272  267  256  243  230  219  211  205  202  204  210  221  234
  249  261  269  268  257  238  215  192  171  154  140  130  123  119  116  115
  113  111  109  107  106  104  103  101  100   97   96   94   93   93   93   92
   90   92   98  105  110  124  138  154  161                                   
    25.0-180.0 180.0   5.0 450.0                            LAT/LON1/LON2/DLON/H
  184  220  247  257  275  280  287  285  283  277  272  266  263  262  261  263
  266  270  272  270  263  251  241  234  232  235  241  250  262  278  295  313
  327  335  333  320  296  266  234  205  181  162  147  135  127  123  121  120
  120  120  119  119  118  117  115  113  111  108  106  104  102  100   99   98
   97  102  109  121  128  144  160  173  184                                   
    22.5-180.0 180.0   5.0 450.0                            LAT/LON1/LON2/DLON/H
  216  252  282  293  314  320  327  324  320  313  304  295  288  281  276  273
  271  272  271  267  259  250  245  247  257  273  291  311  332  354  374  389
  397  393  377  349  313  274  237  206  182  164  149  138  131  127  126  127
  129  131  132  132  131  130  128  125  121  118  114  111  108  105  103  102
  102  110  121  137  149  167  185  196  216                                   
    20.0-180.0 180.0   5.0 450.0                            LAT/LON1/LON2/DLON/H
  250  285  316  330  355  364  373  371  367  358  346  334  322  310  298  289
  282  278  274  268  261  257  260  274  296  324  353  381  406  427  442  447
  439  419  388  349  304  261  223  194  173  158  146  138  133  131  132  135
  139  142  144  144  142  139  136  132  128  123  119  115  111  107  104  103
  104  116  129  150  167  188  210  221  250                                   
    17.5-180.0 180.0   5.0 450.0                            LAT/LON1/LON2/DLON/H
  280  313  344  364  394  407  420  420  417  409  396  381  364  347  330  313
  300  291  284  278  275  278  291  315  349  387  422  452  473  484  484  471
  446  410  367  320  273  230  196  173  159  149  142  137  135  135  137  141
  146  149  151  150  147  143  139  134  129  124  119  115  110  105  102  101
  103  117  133  158  179  204  229  244  280                                   
    15.0-180.0 180.0   5.0 450.0                            LAT/LON1/LON2/DLON/H
  301  333  364  389  424  442  460  465  466  459  447  432  413  392  370  347
  328  315  306  302  304  315  337  371  412  454  488  511  520  515  495  462
  420  372  323  276  232  195  169  154  147  144  142  140  140  141  143  146
  150  152  152  150  146  141  136  131  126  121  117  112  108  103  100   98
  101  116  134  161  185  213  241  261  301                                   
    12.5-180.0 180.0   5.0 450.0                            LAT/LON1/LON2/DLON/H
  310  342  375  404  444  467  490  499  505  503  494  481  464  442  417  391
  367  350  341  340  348  366  396  435  478  516  541  549  541  517  479  429
  375  322  273  231  195  168  151  145  145  148  149  150  150  150  150  151
  151  151  149  146  141  136  131  126  122  117  113  109  106  102   98   97
  100  115  134  159  185  216  246  269  310                                   
    10.0-180.0 180.0   5.0 450.0                            LAT/LON1/LON2/DLON/H
  310  343  378  408  451  479  506  519  530  533  531  523  510  491  466  439
  415  397  389  391  404  428  461  500  538  564  573  564  538  498  446  388
  330  277  235  201  176  160  153  154  160  165  168  168  166  164  160  157
  153  150  146  142  136  131  127  123  118  114  110  107  105  102  100   98
  101  115  133  157  182  215  246  270  310                                   
     7.5-180.0 180.0   5.0 450.0                            LAT/LON1/LON2/DLON/H
  305  340  376  406  449  480  510  526  540  548  552  551  545  532  512  488
  466  449  443  449  466  492  525  558  582  592  583  557  519  470  414  354
