data/edconvlstm_nd/pred1370.15i
     1.0            IONOSPHERE MAPS     GNSS                IONEX VERSION / TYPE
pyspatialgeodesy        IME             05-JAN-18 20:20     PGM / RUN BY / DATE 
Map Name                                                    COMMENT             
Predicted global ionosphere maps (GIM).                     DESCRIPTION         
  2015     5    17     0     0     0                        EPOCH OF FIRST MAP  
  2015     5    18     0     0     0                        EPOCH OF LAST MAP   
  7200                                                      INTERVAL            
    13                                                      # OF MAPS IN FILE   
  NONE                                                      MAPPING FUNCTION    
10.0                                                        ELEVATION CUTOFF    
One-way carrier phase leveled to code                       OBSERVABLES USED    
  6371.0                                                    BASE RADIUS         
 2                                                          MAP DIMENSION       
   450.0 450.0   0.0                                        HGT1 / HGT2 / DHGT  
    87.5 -87.5  -2.5                                        LAT1 / LAT2 / DLAT  
  -180.0 180.0   5.0                                        LON1 / LON2 / DLON  
    -1                                                      EXPONENT            
                                                            END OF HEADER       
[from data line 4719]
    12                                                      START OF TEC MAP    
  2015     5    17    22     0     0                        EPOCH OF CURRENT MAP
    87.5-180.0 180.0   5.0 450.0                            LAT/LON1/LON2/DLON/H
  232  214  197  205  205  206  207  207  207  208  209  209  210  211  211  211
  211  211  210  210  209  208  207  206  204  203  201  200  198  197  195  194
  192  191  190  189  188  188  187  187  186  186  186  186  187  187  187  188
  188  188  189  189  190  190  191  191  192  192  192  193  193  194  194  194
  194  194  194  197  206  211  207  218  232                                   
    85.0-180.0 180.0   5.0 450.0                            LAT/LON1/LON2/DLON/H
  217  216  217  213  208  212  214  215  216  217  218  218  219  219  219  219
  219  218  218  217  215  214  212  210  209  207  205  203  201  199  197  195
  193  192  190  189  188  188  187  187  187  187  187  187  188  188  189  189
  190  191  192  193  194  194  195  196  196  197  198  198  199  199  200  200
  201  202  203  203  208  200  201  213  217                                   
    82.5-180.0 180.0   5.0 450.0                            LAT/LON1/LON2/DLON/H
  200  208  209  208  207  214  217  219  219  222  223  225  226  227  227  227
  227  226  225  223  221  219  216  214  211  208  205  202  199  196  193  191
  188  186  184  183  181  180  180  179  179  180  180  181  181  182  183  184
  186  187  188  189  190  191  192  193  194  194  195  196  196  197  197  197
  198  197  198  203  204  209  206  205  200                                   
    80.0-180.0 180.0   5.0 450.0                            LAT/LON1/LON2/DLON/H
  200  209  213  210  207  212  217  222  225  228  231  233  235  236  237  237
  236  234  232  230  228  225  222  218  215  211  208  204  200  197  193  190
  187  184  182  181  180  179  179  179  180  180  181  183  184  185  187  188
  190  191  193  194  195  196  197  198  199  199  200  200  200  201  201  202
  202  202  203  206  205  198  199  206  200                                   
    77.5-180.0 180.0   5.0 450.0                            LAT/LON1/LON2/DLON/H
  208  207  216  213  213  220  224  230  233  238  241  245  247  249  250  249
  248  246  244  241  238  235  231  228  225  221  218  214  209  205  201  197
  194  191  189  188  187  186  186  187  188  189  190  191  192  194  195  197
  199  200  202  203  204  205  206  206  206  206  207  207  207  207  208  208
  208  208  209  211  214  204  210  222  208                                   
    75.0-180.0 180.0   5.0 450.0                            LAT/LON1/LON2/DLON/H
  214  213  218  214  212  219  223  229  234  240  244  248  251  253  253  252
  249  247  243  240  236  233  231  228  225  222  219  215  212  207  203  200
  196  194  192  191  190  190  191  191  192  193  194  194  195  196  198  199
  201  202  204  205  206  207  207  207  207  207  207  207  207  207  208  209
  209  210  213  213  215  204  210  216  214                                   
    72.5-180.0 180.0   5.0 450.0                            LAT/LON1/LON2/DLON/H
  220  217  222  222  218  225  229  234  239  245  249  254  257  258  258  256
  253  249  245  241  238  235  233  231  229  227  224  221  217  213  209  205
  201  199  197  196  196  196  196  196  196  196  196  196  196  196  197  198
  200  201  203  204  205  206  206  207  206  206  206  205  206  206  208  209
  210  212  215  217  218  210  217  230  220                                   
    70.0-180.0 180.0   5.0 450.0                            LAT/LON1/LON2/DLON/H
  229  225  227  224  219  224  227  232  237  243  248  252  255  256  256  253
  249  244  239  235  232  229  228  227  226  225  223  220  217  212  208  204
  201  198  197  196  196  196  195  195  193  192  190  188  187  186  187  188
  189  191  193  194  196  197  198  198  198  198  197  197  198  198  201  203
  205  209  214  218  221  216  225  236  229                                   
    67.5-180.0 180.0   5.0 450.0                            LAT/LON1/LON2/DLON/H
  242  239  241  238  232  236  237  240  244  250  254  259  263  264  264  261
  257  252  247  242  239  237  236  236  236  235  233  230  226  221  216  212
  208  206  204  203  202  201  200  198  195  191  187  184  181  180  179  180
  182  184  186  189  191  194  195  196  197  197  197  197  198  199  202  205
  208  213  219  224  228  224  235  248  242                                   
    65.0-180.0 180.0   5.0 450.0                            LAT/LON1/LON2/DLON/H
  252  249  249  247  239  240  239  241  244  248  253  258  262  264  265  263
  260  256  251  247  244  243  242  243  243  242  240  236  231  226  221  216
  212  208  206  204  202  200  197  193  188  182  176  170  166  164  163  163
  165  168  172  175  179  182  185  187  188  189  190  191  192  194  197  201
  204  210  218  224  231  230  242  255  252                                   
    62.5-180.0 180.0   5.0 450.0                            LAT/LON1/LON2/DLON/H
  261  260  260  257  249  247  245  244  246  249  252  257  262  266  269  269
  268  266  263  260  258  257  257  257  257  255  252  248  243  237  231  225
  220  216  212  208  205  201  196  190  182  174  167  160  154  151  149  150
  152  156  160  164  168  173  177  180  183  186  188  191  193  195  198  201
  204  210  218  224  232  233  245  259  261                                   
    60.0-180.0 180.0   5.0 450.0                            LAT/LON1/LON2/DLON/H
  267  267  267  264  256  252  248  245  245  246  249  254  260  265  270  274
  276  276  276  275  274  274  274  274  273  271  267  262  256  250  243  237
  231  225  219  214  208  202  195  187  178  168  159  151  144  140  139  139
  141  145  149  153  158  163  168  174  179  183  188  192  195  198  201  204
  206  212  218  223  230  233  245  258  267                                   
    57.5-180.0 180.0   5.0 450.0                            LAT/LON1/LON2/DLON/H
  271  271  271  268  261  257  252  247  245  244  246  250  256  263  270  277
  282  286  288  289  290  291  292  291  290  288  284  279  273  266  260  253
  245  237  229  221  212  204  196  186  177  166  156  147  140  136  134  134
  136  138  142  146  150  156  162  169  176  183  190  196  201  205  209  212
  213  216  221  224  229  231  242  254  271                                   
    55.0-180.0 180.0   5.0 450.0                            LAT/LON1/LON2/DLON/H
  274  273  274  271  266  262  256  251  247  245  244  247  253  261  270  278
  286  292  297  300  303  305  306  307  306  304  301  296  291  285  278  270
  261  251  240  229  218  208  198  189  179  169  159  149  142  138  135  135
  135  137  139  142  146  151  158  166  175  185  195  204  211  217  221  224
  224  226  228  229  231  230  239  251  274                                   
    52.5-180.0 180.0   5.0 450.0                            LAT/LON1/LON2/DLON/H
  277  275  276  274  271  268  263  257  252  248  246  247  251  259  268  278
  286  294  300  305  310  313  316  318  318  317  315  312  308  302  295  286
  275  263  249  235  223  212  202  193  184  175  165  156  149  144  141  140
  139  139  140  141  144  148  155  164  175  188  201  213  223  231  237  240
  239  239  240  237  236  232  239  250  277                                   
    50.0-180.0 180.0   5.0 450.0                            LAT/LON1/LON2/DLON/H
  282  278  279  278  277  277  272  267  262  257  253  252  255  260  268  277
  286  293  300  306  312  318  322  325  327  329  328  327  323  318  310  300
  287  272  256  240  227  216  207  200  192  184  175  167  160  155  151  149
  147  146  144  144  145  148  154  164  177  192  208  224  237  248  255  258
  257  257  255  251  247  240  245  256  282                                   
    47.5-180.0 180.0   5.0 450.0                            LAT/LON1/LON2/DLON/H
  290  284  284  283  284  286  283  280  277  272  266  264  264  267  273  279
  286  292  299  306  312  319  325  330  334  337  339  338  335  329  320  308
  293  276  259  243  229  220  213  207  202  195  187  179  172  166  162  159
  156  154  151  149  149  151  156  166  180  198  217  236  252  265  273  277
  277  277  275  270  265  255  257  270  290                                   
    45.0-180.0 180.0   5.0 450.0                            LAT/LON1/LON2/DLON/H
  301  294  293  293  293  297  296  296  294  290  285  281  279  280  282  286
  290  294  300  306  314  322  329  335  340  345  347  347  343  335  324  309
  293  276  259  244  233  225  220  217  213  208  200  192  184  178  173  169
  166  163  159  156  155  156  161  170  185  204  226  248  267  281  291  296
  296  298  296  293  287  276  277  291  301                                   
    42.5-180.0 180.0   5.0 450.0                            LAT/LON1/LON2/DLON/H
  318  311  308  307  306  310  310  312  313  312  307  304  300  299  298  299
  300  302  306  312  320  328  336  342  348  352  354  353  347  336  323  307
  290  274  259  247  238  234  232  230  227  222  215  206  197  189  184  179
  175  172  168  165  162  163  167  176  191  211  235  259  280  295  306  312
  313  317  317  316  311  303  302  319  318                                   
    40.0-180.0 180.0   5.0 450.0                            LAT/LON1/LON2/DLON/H
  340  334  330  327  326  328  328  331  333  334  332  329  325  322  320  318
  316  316  320  326  334  342  348  353  358  362  362  359  350  336  320  303
  287  273  261  254  249  247  247  247  245  239  231  221  211  202  195  189
  185  181  177  173  171  170  173  181  195  216  241  267  290  306  317  324
  327  333  336  338  335  331  331  350  340                                   
    37.5-180.0 180.0   5.0 450.0                            LAT/LON1/LON2/DLON/H
  369  364  361  356  353  352  351  353  356  358  357  355  352  349  346  342
  339  338  341  348  355  362  367  370  373  374  373  366  354  337  319  301
  286  276  269  266  265  267  268  268  266  260  251  239  227  216  207  200
  194  190  186  182  178  177  178  184  198  219  245  272  296  313  325  333
  337  346  352  358  357  357  360  380  369                                   
    35.0-180.0 180.0   5.0 450.0                            LAT/LON1/LON2/DLON/H
  402  400  399  391  389  385  382  381  384  386  385  383  381  378  374  370
  366  365  368  375  383  388  391  392  392  392  388  378  362  342  321  304
  291  284  282  283  287  290  292  292  289  282  272  260  246  233  221  212
  205  200  195  190  186  182  182  187  198  218  244  273  298  317  330  339
  344  356  365  374  375  380  386  406  402                                   
    32.5-180.0 180.0   5.0 450.0                            LAT/LON1/LON2/DLON/H
  439  440  441  434  433  426  421  418  419  418  416  414  411  408  404  399
  396  395  398  405  413  418  418  417  415  413  406  393  374  350  328  311
  301  297  299  304  310  314  316  315  311  304  295  282  267  252  238  226
  218  211  205  199  193  188  186  188  198  216  241  270  296  316  332  342
  349  363  375  388  390  399  409  430  439                                   
    30.0-180.0 180.0   5.0 450.0                            LAT/LON1/LON2/DLON/H
  476  480  486  481  485  475  469  463  462  459  455  451  446  442  437  432
  427  426  429  436  443  446  446  443  440  436  428  412  389  363  340  324
  315  314  317  323  329  332  332  331  327  322  314  302  287  270  255  242
  231  223  216  208  201  194  189  189  196  212  236  264  291  313  330  343
  354  370  384  400  404  415  429  450  476                                   
    27.5-180.0 180.0   5.0 450.0                            LAT/LON1/LON2/DLON/H
  512  519  530  530  540  532  525  517  514  509  503  496  489  482  475  467
  461  458  459  465  470  473  471  468  465  461  450  431  405  378  355  339
  331  328  330  334  336  337  336  334  332  330  325  315  301  285  269  255
  244  235  226  217  207  198  192  190  195  208  229  256  283  307  327  343
  357  377  394  411  418  429  445  469  512                                   
    25.0-180.0 180.0   5.0 450.0                            LAT/LON1/LON2/DLON/H
  542  552  567  577  595  590  586  579  576  570  561  552  542  532  521  509
  499  492  490  493  496  496  494  491  488  483  470  448  419  391  368  352
  341  334  329  327  325  323  321  320  322  324  324  318  306  291  276  263
  253  244  234  223  211  200  192  189  192  203  221  246  274  300  324  344
  361  385  403  422  430  441  458  485  542                                   
    22.5-180.0 180.0   5.0 450.0                            LAT/LON1/LON2/DLON/H
  564  577  596  615  642  644  645  643  642  637  628  617  605  591  576  560
  544  531  524  522  520  517  514  510  507  500  484  458  427  397  373  355
  338  322  310  301  295  291  289  292  298  305  309  307  298  286  273  263
  254  246  236  224  211  198  190  186  188  197  214  237  264  292  320  344
  366  393  415  434  441  453  470  500  564                                   
    20.0-180.0 180.0   5.0 450.0                            LAT/LON1/LON2/DLON/H
  578  591  612  638  674  684  693  699  704  703  697  688  675  659  641  619
  597  579  564  555  546  539  531  525  519  508  487  457  423  392  367  343
  319  295  275  261  252  248  249  255  265  276  283  284  278  269  260  253
  247  240  231  219  205  192  183  180  182  190  205  227  254  284  316  345
  372  403  427  446  452  465  481  514  578                                   
    17.5-180.0 180.0   5.0 450.0                            LAT/LON1/LON2/DLON/H
  583  597  618  646  687  704  722  737  751  758  758  753  744  730  710  685
  658  633  612  593  577  561  547  535  523  507  480  445  409  376  347  319
  289  259  235  219  211  209  213  221  233  244  252  254  250  244  239  236
  233  229  221  209  194  181  173  171  173  181  195  215  243  276  311  346
  377  412  438  457  464  478  493  527  583                                   
    15.0-180.0 180.0   5.0 450.0                            LAT/LON1/LON2/DLON/H
  584  597  616  643  684  706  730  752  775  790  799  803  801  792  775  750
  721  692  663  637  610  585  561  540  520  496  464  426  388  354  323  292
  260  228  204  190  185  185  190  199  209  219  224  224  220  217  215  216
  217  215  208  197  183  170  162  160  163  170  183  204  232  267  305  343
  379  417  446  466  474  490  506  537  584                                   
    12.5-180.0 180.0   5.0 450.0                            LAT/LON1/LON2/DLON/H
  584  597  614  635  673  695  722  747  776  798  815  827  834  834  823  803
  776  746  714  680  644  608  573  541  512  481  444  405  367  333  304  274
  243  214  194  184  182  184  189  195  201  205  205  201  196  194  195  199
  201  201  195  184  171  159  151  149  152  159  171  191  220  257  298  338
  376  416  448  471  482  501  520  547  584                                   
    10.0-180.0 180.0   5.0 450.0                            LAT/LON1/LON2/DLON/H
  587  603  618  632  664  684  709  733  762  786  807  826  840  849  847  834
  812  785  754  717  673  627  581  539  501  465  426  388  353  324  298  272
  246  223  209  203  205  208  211  212  211  207  199  190  183  181  184  188
  190  189  184  174  161  150  142  139  141  147  159  179  209  247  289  331
  370  412  446  472  487  512  534  557  587                                   
     7.5-180.0 180.0   5.0 450.0                            LAT/LON1/LON2/DLON/H
  597  619  634  640  667  682  703  721  746  767  786  806  825  839  844  838
  823  802  775  738  692  639  585  535  491  452  414  380  351  328  308  288
