data/edconvlstm_nd/pred0230.15i
     1.0            IONOSPHERE MAPS     GNSS                IONEX VERSION / TYPE
pyspatialgeodesy        IME             05-JAN-18 20:20     PGM / RUN BY / DATE 
Map Name                                                    COMMENT             
Predicted global ionosphere maps (GIM).                     DESCRIPTION         
  2015     1    23     0     0     0                        EPOCH OF FIRST MAP  
  2015     1    24     0     0     0                        EPOCH OF LAST MAP   
  7200                                                      INTERVAL            
    13                                                      # OF MAPS IN FILE   
  NONE                                                      MAPPING FUNCTION    
10.0                                                        ELEVATION CUTOFF    
One-way carrier phase leveled to code                       OBSERVABLES USED    
  6371.0                                                    BASE RADIUS         
 2                                                          MAP DIMENSION       
   450.0 450.0   0.0                                        HGT1 / HGT2 / DHGT  
    87.5 -87.5  -2.5                                        LAT1 / LAT2 / DLAT  
  -180.0 180.0   5.0                                        LON1 / LON2 / DLON  
    -1                                                      EXPONENT            
                                                            END OF HEADER       
[from data line 858]
     3                                                      START OF TEC MAP    
  2015     1    23     4     0     0                        EPOCH OF CURRENT MAP
    87.5-180.0 180.0   5.0 450.0                            LAT/LON1/LON2/DLON/H
   57   65   62   66   65   66   64   61   62   62   63   63   64   64   64   64
   64   64   64   63   63   62   62   61   61   61   60   60   60   60   61   61
   61   61   62   62   62   63   63   63   63   63   63   63   63   63   62   62
   62   62   61   61   61   61   61   61   61   61   61   61   61   60   60   61
   62   63   61   61   65   76   81   71   57                                   
    85.0-180.0 180.0   5.0 450.0                            LAT/LON1/LON2/DLON/H
   55   78   73   75   78   79   78   77   78   79   79   80   80   80   80   80
   79   78   77   76   75   74   73   71   71   70   69   69   69   69   69   70
   70   71   71   72   72   73   73   73   73   73   73   73   72   72   71   71
   70   70   70   70   70   70   70   71   71   71   72   73   73   73   74   75
   77   78   75   77   79   81   90   76   55                                   
    82.5-180.0 180.0   5.0 450.0                            LAT/LON1/LON2/DLON/H
   65   78   92   85   84   87   87   86   88   89   89   90   91   91   91   90
   89   87   85   82   80   78   75   73   71   70   69   69   68   69   70   71
   72   73   75   76   78   79   80   81   82   82   82   81   81   80   79   78
   77   77   77   77   77   78   79   80   81   82   83   85   86   87   88   90
   91   91   89   88   97   87   85   78   65                                   
    80.0-180.0 180.0   5.0 450.0                            LAT/LON1/LON2/DLON/H
   90   95   97   88   90   88   90   89   92   93   93   95   96   96   96   95
   93   90   87   84   80   77   73   70   68   66   65   64   64   65   67   69
   71   73   76   78   81   83   85   86   87   87   87   86   85   84   82   81
   80   79   79   80   81   82   84   86   89   91   93   96   98  100  102  104
  106  105  106  105  112  105  102   90   90                                   
    77.5-180.0 180.0   5.0 450.0                            LAT/LON1/LON2/DLON/H
  101  103   98   90   83   84   86   87   89   89   90   93   94   95   95   94
   91   88   85   81   76   72   68   65   62   60   59   59   59   61   63   66
   70   73   77   80   84   87   89   91   92   92   92   90   89   87   85   83
   82   81   82   83   85   88   91   95   98  102  106  110  113  116  119  121
  122  123  121  123  122  111  108  100  101                                   
    75.0-180.0 180.0   5.0 450.0                            LAT/LON1/LON2/DLON/H
  102  104   96   87   76   76   77   76   77   79   80   83   85   86   86   85
   82   79   75   71   67   63   60   56   54   52   51   51   52   54   57   60
   64   67   71   75   79   82   84   86   87   88   87   85   83   81   78   77
   76   76   78   80   84   89   94   99  104  110  115  119  124  128  131  134
  135  135  134  130  131  122  118  113  102                                   
    72.5-180.0 180.0   5.0 450.0                            LAT/LON1/LON2/DLON/H
  109  107   99   87   75   73   73   72   72   73   75   78   80   81   81   79
   76   73   69   66   63   60   57   55   54   53   52   53   54   56   58   62
   65   69   72   76   79   82   84   86   87   87   86   84   82   79   77   76
   76   78   81   86   91   98  105  112  119  126  133  138  143  148  152  155
  157  156  156  153  149  138  131  127  109                                   
    70.0-180.0 180.0   5.0 450.0                            LAT/LON1/LON2/DLON/H
  124  116  106   92   77   72   69   67   67   67   68   71   72   73   72   70
   67   64   61   59   57   56   55   55   55   55   55   56   57   58   60   63
   65   68   70   73   75   77   79   80   81   81   80   78   76   74   72   72
   73   76   82   89   97  106  115  124  132  140  147  154  160  165  169  172
  174  173  172  169  165  154  149  143  124                                   
    67.5-180.0 180.0   5.0 450.0                            LAT/LON1/LON2/DLON/H
  133  123  111   96   79   71   66   61   59   58   59   61   62   61   60   57
   54   52   49   48   48   49   50   51   52   53   54   55   56   57   58   60
   61   62   62   63   64   64   65   66   67   67   66   65   63   61   60   61
   64   69   77   87   97  108  119  129  139  147  155  163  169  174  178  182
  183  181  181  178  174  164  158  152  133                                   
    65.0-180.0 180.0   5.0 450.0                            LAT/LON1/LON2/DLON/H
  144  130  117  101   84   73   65   59   56   54   53   54   54   53   51   48
   45   42   41   41   42   44   47   49   52   53   55   56   57   57   58   58
   58   57   56   55   54   53   53   54   55   55   56   55   54   52   52   54
   58   66   76   88  101  114  126  137  146  155  164  172  179  184  188  191
  192  189  189  185  182  171  166  160  144                                   
    62.5-180.0 180.0   5.0 450.0                            LAT/LON1/LON2/DLON/H
  153  138  125  108   91   78   68   61   56   52   50   50   49   47   44   41
   38   36   35   36   38   41   44   47   50   52   54   55   56   57   57   56
   55   53   50   48   45   44   43   44   45   47   48   48   48   47   47   50
   56   66   79   94  109  123  135  146  156  164  173  181  189  195  199  201
  201  198  197  191  188  177  172  166  153                                   
    60.0-180.0 180.0   5.0 450.0                            LAT/LON1/LON2/DLON/H
  161  144  131  113   95   81   70   61   56   50   47   46   44   41   38   35
   33   31   31   32   34   37   39   42   45   47   49   51   52   53   53   52
   51   48   45   42   39   37   36   37   39   42   44   45   45   45   46   50
   58   70   86  103  120  134  147  156  165  173  181  190  198  204  209  211
  210  205  204  198  194  181  176  169  161                                   
    57.5-180.0 180.0   5.0 450.0                            LAT/LON1/LON2/DLON/H
  169  151  137  117  100   85   73   63   56   49   45   42   39   37   34   32
   30   29   29   30   31   33   34   36   37   39   42   44   46   47   48   48
   47   45   42   39   36   34   34   35   38   42   45   47   48   48   51   56
   66   81   99  119  137  151  162  170  177  184  192  200  209  216  220  222
  220  215  213  206  202  187  181  174  169                                   
    55.0-180.0 180.0   5.0 450.0                            LAT/LON1/LON2/DLON/H
  178  157  143  121  104   89   75   64   56   48   42   38   35   33   32   31
   30   30   29   29   29   28   28   28   29   31   33   36   39   42   43   44
   44   44   42   40   38   36   36   38   42   46   50   53   54   56   60   68
   80   98  119  139  158  172  181  187  191  196  203  211  219  226  231  233
  231  225  223  216  212  195  188  181  178                                   
    52.5-180.0 180.0   5.0 450.0                            LAT/LON1/LON2/DLON/H
  187  165  150  126  109   93   79   66   57   47   39   35   32   31   31   32
   33   32   32   30   28   26   24   23   23   25   28   32   36   40   42   44
   45   45   45   45   44   43   44   46   50   54   59   62   65   68   74   84
   99  119  141  163  181  194  201  205  207  210  214  221  228  234  238  240
  238  234  232  225  222  203  196  188  187                                   
    50.0-180.0 180.0   5.0 450.0                            LAT/LON1/LON2/DLON/H
  196  174  158  134  117  101   85   71   60   48   39   34   32   31   33   35
   37   37   36   34   31   28   26   24   24   26   30   35   39   43   45   47
   49   51   53   54   55   55   56   57   61   65   69   73   77   82   90  102
  120  141  165  186  204  215  221  222  222  222  224  229  234  238  241  243
  242  238  237  232  229  211  204  197  196                                   
    47.5-180.0 180.0   5.0 450.0                            LAT/LON1/LON2/DLON/H
  204  183  167  145  128  111   95   80   66   53   42   36   34   34   37   40
   43   43   43   41   39   36   34   33   33   36   40   45   49   52   53   54
   56   59   62   65   67   68   69   70   72   75   79   83   88   95  106  120
  140  162  186  207  223  233  237  237  234  232  232  234  236  238  239  240
  239  237  237  233  232  216  209  203  204                                   
    45.0-180.0 180.0   5.0 450.0                            LAT/LON1/LON2/DLON/H
  209  191  176  157  141  124  107   91   76   61   49   42   39   40   43   47
   50   51   51   51   51   51   50   50   51   53   57   61   64   64   64   63
   64   68   72   76   79   80   81   81   82   83   86   91   97  107  120  137
  157  180  203  222  237  246  249  248  244  240  238  236  236  235  234  233
  232  231  232  230  229  216  210  206  209                                   
    42.5-180.0 180.0   5.0 450.0                            LAT/LON1/LON2/DLON/H
  211  196  184  168  154  138  121  105   89   72   59   51   48   49   52   55
   58   59   61   64   67   71   73   73   74   75   77   79   79   78   75   73
   73   77   81   86   89   90   90   89   89   89   92   97  105  116  132  151
  172  194  215  233  247  255  258  257  253  248  244  240  237  234  230  228
  226  225  226  224  223  211  206  204  211                                   
    40.0-180.0 180.0   5.0 450.0                            LAT/LON1/LON2/DLON/H
  210  198  189  176  163  148  132  118  102   85   71   64   60   60   63   65
   67   69   73   79   86   93   97   99   98   96   95   95   93   90   86   83
   83   86   90   94   96   96   95   94   93   94   96  102  111  124  142  161
  183  203  223  240  253  261  265  264  261  258  254  250  246  241  236  232
  228  225  224  221  219  206  201  198  210                                   
    37.5-180.0 180.0   5.0 450.0                            LAT/LON1/LON2/DLON/H
  207  196  189  178  168  154  140  126  112   96   83   77   74   74   75   76
   77   80   86   95  106  115  120  120  117  112  108  105  102   99   95   93
   93   95   98  100  101  100   98   97   96   97  100  107  117  132  150  171
  191  211  229  245  258  267  272  274  274  272  270  269  266  262  257  252
  246  240  236  229  223  206  199  195  207                                   
    35.0-180.0 180.0   5.0 450.0                            LAT/LON1/LON2/DLON/H
  206  194  187  175  167  154  141  130  117  103   92   87   86   86   87   87
   88   92  100  111  124  134  137  135  128  120  114  111  108  106  105  104
  104  105  106  106  103  101   99   98   99  101  106  113  124  140  159  179
  199  217  235  251  264  275  283  288  291  294  296  298  299  298  295  290
  283  273  266  254  243  219  209  200  206                                   
    32.5-180.0 180.0   5.0 450.0                            LAT/LON1/LON2/DLON/H
  211  194  185  171  163  151  139  128  117  104   96   94   94   96   97   98
  100  105  114  126  138  145  146  140  130  121  115  112  112  113  115  116
  117  117  114  110  105  100   98   99  102  106  112  120  132  149  168  188
  207  226  243  260  275  288  299  308  315  322  329  336  343  346  347  343
  335  324  313  296  280  248  234  218  211                                   
    30.0-180.0 180.0   5.0 450.0                            LAT/LON1/LON2/DLON/H
  225  202  189  170  162  149  136  125  113  102   96   96   98  101  104  106
  110  116  126  137  146  149  145  136  125  117  112  112  115  120  125  129
  130  128  122  114  106  100   98  100  105  111  118  128  141  158  177  198
  217  237  256  274  291  306  320  333  345  357  370  383  395  404  408  407
  399  386  373  351  332  293  274  251  225                                   
    27.5-180.0 180.0   5.0 450.0                            LAT/LON1/LON2/DLON/H
  251  222  202  178  167  152  136  123  110   99   94   95   98  103  107  111
  117  126  135  143  146  144  136  127  118  112  111  115  121  129  137  143
  143  139  129  117  106   99   97  101  107  115  123  134  148  166  187  208
  229  250  272  292  312  330  347  363  379  397  415  433  451  466  475  477
  470  457  441  415  393  352  325  295  251                                   
    25.0-180.0 180.0   5.0 450.0                            LAT/LON1/LON2/DLON/H
  289  255  227  198  183  164  144  126  110   97   91   92   96  101  107  114
  122  130  138  141  139  133  125  117  113  112  115  122  131  141  151  156
  155  148  134  119  106   98   96  100  107  115  125  137  153  172  194  217
  241  266  291  315  337  358  377  397  418  440  463  487  510  529  543  548
  542  529  512  483  460  418  382  350  289                                   
    22.5-180.0 180.0   5.0 450.0                            LAT/LON1/LON2/DLON/H
  338  302  265  233  213  188  162  139  118  102   93   92   94   99  105  113
  122  130  135  134  129  122  116  113  114  119  127  137  147  157  165  168
  164  152  136  118  104   95   93   96  103  111  121  134  152  174  199  226
  253  282  311  339  365  387  409  432  456  482  509  536  562  585  602  610
  607  595  577  548  523  485  444  411  338                                   
    20.0-180.0 180.0   5.0 450.0                            LAT/LON1/LON2/DLON/H
  391  357  313  281  254  225  192  163  137  116  103   98   97   99  105  112
  120  126  128  126  121  116  115  118  126  136  148  159  168  175  179  177
  167  151  132  113   99   91   88   90   95  102  112  127  148  173  201  232
  264  297  331  362  390  414  437  460  486  513  541  570  597  621  639  649
  649  641  626  599  574  544  504  473  391                                   
    17.5-180.0 180.0   5.0 450.0                            LAT/LON1/LON2/DLON/H
  444  415  371  341  307  273  235  201  169  143  124  114  108  107  110  115
  120  123  123  120  118  119  124  133  147  163  177  186  191  192  188  178
  163  143  123  106   93   85   82   82   85   90  101  117  140  169  201  235
  271  308  345  378  408  431  453  476  500  526  552  578  603  625  643  653
  656  653  644  625  603  584  553  526  444                                   
    15.0-180.0 180.0   5.0 450.0                            LAT/LON1/LON2/DLON/H
  490  471  432  405  365  330  288  249  213  183  159  143  132  126  124  125
  125  125  123  123  127  134  145  161  179  196  209  214  211  202  189  172
  153  132  113   98   87   80   76   74   75   80   90  107  132  164  199  237
  275  314  352  386  414  437  456  476  496  517  539  561  581  600  615  625
  631  632  631  622  607  600  583  561  490                                   
    12.5-180.0 180.0   5.0 450.0                            LAT/LON1/LON2/DLON/H
  526  517  487  464  421  385  343  303  266  233  206  184  168  157  150  145
  140  136  134  138  148  163  181  200  218  232  239  235  222  204  183  161
  140  120  104   92   84   78   73   69   69   73   83  101  127  161  198  236
  276  314  351  384  410  431  448  464  480  496  512  528  544  558  571  580
  587  592  597  598  592  594  590  576  526                                   
    10.0-180.0 180.0   5.0 450.0                            LAT/LON1/LON2/DLON/H
  549  547  527  505  464  430  389  353  319  286  258  234  214  199  187  176
  166  158  157  167  185  208  230  247  258  262  258  244  222  197  172  148
  128  111   99   90   84   78   72   69   68   72   82  100  127  160  197  235
  273  311  346  376  401  420  435  448  460  471  483  494  506  518  529  538
  545  553  561  569  569  578  581  574  549                                   
     7.5-180.0 180.0   5.0 450.0                            LAT/LON1/LON2/DLON/H
  560  561  547  525  489  457  421  390  360  332  306  283  263  246  232  217
  202  191  193  209  236  265  285  292  289  279  262  239  212  184  159  138
