data/edconvlstm_nd/pred2130.15i
     1.0            IONOSPHERE MAPS     GNSS                IONEX VERSION / TYPE
pyspatialgeodesy        IME             05-JAN-18 20:20     PGM / RUN BY / DATE 
Map Name                                                    COMMENT             
Predicted global ionosphere maps (GIM).                     DESCRIPTION         
  2015     8     1     0     0     0                        EPOCH OF FIRST MAP  
  2015     8     2     0     0     0                        EPOCH OF LAST MAP   
  7200                                                      INTERVAL            
    13                                                      # OF MAPS IN FILE   
  NONE                                                      MAPPING FUNCTION    
10.0                                                        ELEVATION CUTOFF    
One-way carrier phase leveled to code                       OBSERVABLES USED    
  6371.0                                                    BASE RADIUS         
 2                                                          MAP DIMENSION       
   450.0 450.0   0.0                                        HGT1 / HGT2 / DHGT  
    87.5 -87.5  -2.5                                        LAT1 / LAT2 / DLAT  
  -180.0 180.0   5.0                                        LON1 / LON2 / DLON  
    -1                                                      EXPONENT            
                                                            END OF HEADER       
[from data line 1716]
     5                                                      START OF TEC MAP    
  2015     8     1     8     0     0                        EPOCH OF CURRENT MAP
    87.5-180.0 180.0   5.0 450.0                            LAT/LON1/LON2/DLON/H
  101  103  102  105  105  104  101   98   98   99   99   99   98   98   98   97
   97   97   97   96   96   96   96   96   97   97   98   98   99   99  100  100
  101  102  102  103  103  104  104  104  105  105  106  106  107  107  108  108
  109  109  110  110  110  110  110  110  110  109  109  108  107  107  105  105
  105  106  104  101  106  104  111  110  101                                   
    85.0-180.0 180.0   5.0 450.0                            LAT/LON1/LON2/DLON/H
  100  109  112  108  109  109  109  108  108  108  108  108  107  107  107  106
  106  105  105  105  105  105  105  105  106  106  107  107  108  109  110  110
  111  112  112  113  113  114  115  115  116  116  117  118  118  119  120  121
  121  122  123  123  123  123  124  123  123  123  122  122  121  120  118  118
  118  118  113  111  106  107  111  110  100                                   
    82.5-180.0 180.0   5.0 450.0                            LAT/LON1/LON2/DLON/H
  100  110  114  109  107  109  108  108  108  109  108  109  108  108  107  106
  106  105  105  104  104  104  104  105  105  106  107  108  109  111  112  113
  114  115  116  117  117  118  119  120  120  121  122  124  125  126  127  128
  129  130  131  132  132  133  133  133  132  132  131  130  129  127  125  124
  123  122  117  115  113  111  105   99  100                                   
    80.0-180.0 180.0   5.0 450.0                            LAT/LON1/LON2/DLON/H
  104  107  108  107  105  104  104  105  105  106  105  106  105  104  103  102
  101  100   99   99   98   98   99   99  100  101  103  105  106  108  110  112
  113  114  115  116  117  118  119  120  121  122  123  125  127  129  130  132
  134  135  137  138  138  139  139  139  139  138  137  136  135  133  131  129
  128  125  121  118  114  114  115  104  104                                   
    77.5-180.0 180.0   5.0 450.0                            LAT/LON1/LON2/DLON/H
  107  107  106  106  103  104  104  104  105  105  104  104  103  103  102  100
   99   98   96   95   95   95   95   96   97   99  101  103  106  109  111  114
  116  118  119  120  121  121  122  123  124  126  128  130  133  136  138  141
  143  145  147  148  149  149  149  149  149  148  147  146  144  143  140  138
  135  132  126  124  120  114  112  110  107                                   
    75.0-180.0 180.0   5.0 450.0                            LAT/LON1/LON2/DLON/H
  103  105   99  100   98  100   99   98   99   99   97   98   97   96   95   93
   92   90   88   87   86   86   86   87   89   91   93   96  100  103  107  110
  113  115  117  118  118  119  120  120  122  124  127  130  134  137  141  144
  146  148  150  151  151  151  151  151  150  150  149  149  148  146  145  143
  140  136  130  123  120  115  113  109  103                                   
    72.5-180.0 180.0   5.0 450.0                            LAT/LON1/LON2/DLON/H
  103  106   99  100   98   99   99   97   97   97   95   96   95   94   93   91
   90   88   87   85   84   84   84   84   86   88   91   95   99  103  108  112
  116  119  121  122  122  123  123  124  126  129  132  136  141  145  149  152
  155  156  157  157  156  155  154  154  153  153  153  153  153  153  152  151
  149  146  140  134  127  121  117  114  103                                   
    70.0-180.0 180.0   5.0 450.0                            LAT/LON1/LON2/DLON/H
  109  107  102  100   96   95   93   91   90   89   88   88   88   87   87   86
   85   83   82   81   80   79   79   79   80   82   85   89   94   99  105  110
  114  118  120  121  121  122  122  124  126  129  134  139  145  150  154  157
  158  158  157  156  153  151  150  149  149  149  150  151  152  153  153  154
  153  150  145  140  133  128  125  122  109                                   
    67.5-180.0 180.0   5.0 450.0                            LAT/LON1/LON2/DLON/H
  111  111  104  101   96   93   89   85   83   82   80   81   81   81   81   81
   80   79   78   77   76   75   75   75   76   78   81   84   89   95  101  106
  111  115  117  119  119  120  121  123  126  130  136  142  148  153  157  159
  159  158  155  152  148  145  143  142  142  143  144  146  149  151  152  154
  154  152  149  145  139  134  131  127  111                                   
    65.0-180.0 180.0   5.0 450.0                            LAT/LON1/LON2/DLON/H
  118  118  110  105   98   92   86   81   77   75   73   74   75   76   77   77
   77   77   76   75   74   73   73   73   74   76   78   82   87   92   98  104
  109  114  116  118  119  120  122  125  129  135  142  149  156  161  164  165
  163  160  156  151  146  142  139  138  138  140  142  145  147  150  152  154
  155  155  153  150  146  143  140  136  118                                   
    62.5-180.0 180.0   5.0 450.0                            LAT/LON1/LON2/DLON/H
  125  126  117  111  101   93   85   77   72   68   66   67   68   70   72   73
   74   73   73   72   71   71   71   71   72   74   76   80   84   90   96  102
  107  112  115  117  119  121  123  128  134  141  149  157  164  168  170  170
  167  162  157  151  146  142  139  138  139  141  143  145  148  150  151  153
  155  155  155  153  151  149  148  144  125                                   
    60.0-180.0 180.0   5.0 450.0                            LAT/LON1/LON2/DLON/H
  133  134  125  117  105   95   84   73   66   61   58   58   60   63   66   68
   68   68   67   67   66   66   67   68   70   72   75   78   83   88   94   99
  105  109  113  116  118  121  125  131  139  148  157  165  171  175  176  174
  170  165  159  153  149  145  143  143  144  146  148  150  151  151  151  152
  153  153  154  154  153  154  153  149  133                                   
    57.5-180.0 180.0   5.0 450.0                            LAT/LON1/LON2/DLON/H
  140  142  134  125  112  100   87   73   63   56   52   52   53   56   59   62
   63   62   61   61   61   61   63   65   68   71   75   78   83   88   93   99
  104  108  112  116  119  124  130  137  146  157  166  175  180  183  182  180
  175  170  165  161  157  155  154  154  156  158  159  160  158  156  154  153
  152  152  153  154  155  157  158  153  140                                   
    55.0-180.0 180.0   5.0 450.0                            LAT/LON1/LON2/DLON/H
  148  150  143  133  121  107   92   76   64   54   48   47   48   50   53   55
   56   56   55   55   55   56   59   62   66   70   75   80   85   89   94   99
  104  108  113  117  122  128  135  144  154  166  176  184  189  190  189  185
  181  177  173  170  168  167  167  168  170  172  173  172  169  164  159  155
  153  152  153  154  156  159  161  157  148                                   
    52.5-180.0 180.0   5.0 450.0                            LAT/LON1/LON2/DLON/H
  154  157  152  143  131  117  101   83   69   56   48   45   44   46   49   50
   51   51   50   50   50   52   55   60   65   71   76   82   87   92   97  101
  105  110  114  120  125  132  141  151  163  175  186  194  198  198  196  192
  189  186  184  182  181  180  180  182  184  185  185  183  179  173  166  160
  156  154  154  155  157  161  163  160  154                                   
    50.0-180.0 180.0   5.0 450.0                            LAT/LON1/LON2/DLON/H
  160  163  159  152  141  128  112   94   78   63   53   48   45   45   47   48
   49   48   48   47   48   50   54   59   65   72   79   86   92   97  101  104
  108  112  117  123  130  138  148  159  172  185  196  204  207  207  204  201
  198  197  196  195  193  192  192  192  194  195  195  193  188  181  173  167
  162  159  158  159  160  164  166  164  160                                   
    47.5-180.0 180.0   5.0 450.0                            LAT/LON1/LON2/DLON/H
  163  166  163  159  149  138  124  106   90   75   63   56   51   49   49   49
   49   49   49   49   50   52   56   61   67   74   82   89   96  101  105  108
  111  115  121  128  135  144  155  167  181  195  206  214  218  217  214  212
  210  209  208  207  205  202  200  199  199  200  200  198  194  188  180  174
  170  167  166  165  166  169  171  169  163                                   
    45.0-180.0 180.0   5.0 450.0                            LAT/LON1/LON2/DLON/H
  164  167  165  162  154  146  134  119  104   90   77   68   62   57   55   54
   53   53   54   55   56   58   61   65   71   78   86   93  100  105  109  112
  115  119  125  133  141  151  162  175  190  205  217  226  230  229  227  225
  224  223  223  221  217  212  208  204  203  202  201  200  197  192  187  183
  179  177  176  175  174  175  176  174  164                                   
    42.5-180.0 180.0   5.0 450.0                            LAT/LON1/LON2/DLON/H
  164  165  163  161  155  149  140  129  117  104   93   84   76   70   65   62
   61   61   62   64   65   66   68   71   75   82   89   97  104  109  113  115
  119  123  130  138  147  158  170  183  199  215  229  238  243  244  242  241
  240  240  239  236  231  225  218  213  209  206  205  203  200  197  193  191
  189  189  188  186  185  184  184  180  164                                   
    40.0-180.0 180.0   5.0 450.0                            LAT/LON1/LON2/DLON/H
  163  161  158  155  150  146  141  133  126  117  108  101   93   85   79   74
   72   72   73   75   77   77   78   78   81   86   92  100  107  112  116  119
  123  128  135  144  154  165  177  191  208  225  241  252  258  260  260  259
  259  259  258  256  251  244  237  230  224  219  215  211  208  205  202  201
  201  201  201  199  197  193  192  186  163                                   
    37.5-180.0 180.0   5.0 450.0                            LAT/LON1/LON2/DLON/H
  162  156  152  146  142  138  136  132  129  125  120  116  109  101   93   87
   83   83   85   88   89   89   88   86   86   89   95  102  109  115  120  124
  128  134  142  151  160  171  184  200  217  236  253  265  273  277  278  279
  280  282  283  282  279  275  269  262  254  246  238  230  224  219  215  214
  214  215  215  213  210  204  201  192  162                                   
    35.0-180.0 180.0   5.0 450.0                            LAT/LON1/LON2/DLON/H
  165  154  146  137  131  127  126  126  127  127  127  126  122  115  106   99
   94   93   96   99  101  100   97   93   91   92   97  103  111  117  123  128
  134  140  148  157  167  178  191  208  226  246  264  278  288  294  297  301
  304  308  312  315  317  317  314  309  300  289  276  263  252  242  236  232
  231  231  230  227  223  215  211  199  165                                   
    32.5-180.0 180.0   5.0 450.0                            LAT/LON1/LON2/DLON/H
  171  154  144  130  123  117  116  117  120  124  129  132  131  125  117  108
  103  102  104  108  110  109  105   99   95   95   98  104  112  119  127  133
  140  146  154  163  173  185  199  215  234  254  273  289  300  309  316  322
  329  336  344  353  361  368  371  368  359  345  327  308  291  275  264  256
  252  249  247  242  237  226  221  207  171                                   
    30.0-180.0 180.0   5.0 450.0                            LAT/LON1/LON2/DLON/H
  181  160  146  129  120  111  109  109  113  119  126  133  135  131  124  115
  109  108  110  114  117  115  110  104   98   96   98  104  112  120  129  137
  144  151  159  168  179  191  206  223  242  262  281  297  311  323  333  343
  353  364  378  393  409  423  431  432  423  406  385  361  337  316  298  286
  277  271  266  259  252  239  232  218  181                                   
    27.5-180.0 180.0   5.0 450.0                            LAT/LON1/LON2/DLON/H
  196  170  153  135  123  112  108  106  109  114  123  131  135  134  128  120
  113  112  114  118  120  119  114  106  100   97   98  103  110  120  130  139
  147  154  162  172  184  198  213  231  250  269  287  304  320  335  349  362
  376  391  409  431  453  474  487  490  482  463  439  411  384  358  336  320
  306  297  289  278  268  252  243  229  196                                   
    25.0-180.0 180.0   5.0 450.0                            LAT/LON1/LON2/DLON/H
  212  184  165  148  135  122  115  111  111  114  121  129  134  134  130  122
  116  114  115  119  121  120  115  107  101   97   97  100  107  117  128  138
  147  156  165  176  189  205  222  240  258  276  294  311  328  345  362  379
  396  414  436  462  489  513  529  532  523  504  479  451  423  397  373  354
  338  325  313  299  284  265  254  241  212                                   
    22.5-180.0 180.0   5.0 450.0                            LAT/LON1/LON2/DLON/H
  227  198  180  164  151  138  130  123  120  119  123  129  134  135  131  125
  119  116  116  118  120  119  114  107  100   96   94   97  103  112  123  135
  146  156  167  180  196  213  231  249  267  284  300  317  336  355  375  394
  413  433  457  484  512  535  548  550  539  520  497  473  449  426  404  385
  368  353  338  319  300  277  263  252  227                                   
    20.0-180.0 180.0   5.0 450.0                            LAT/LON1/LON2/DLON/H
  238  210  194  182  169  157  149  141  135  131  130  133  136  136  133  127
  121  118  116  117  117  116  111  105   99   94   91   92   97  106  118  131
  144  157  170  186  204  223  242  261  278  294  309  326  344  365  386  406
  426  447  469  494  518  536  544  541  529  512  494  477  460  443  426  410
  394  378  361  338  314  287  271  261  238                                   
    17.5-180.0 180.0   5.0 450.0                            LAT/LON1/LON2/DLON/H
  244  218  205  195  184  173  168  161  154  146  142  140  140  139  135  130
  125  120  117  115  113  111  108  102   97   91   88   87   91   99  112  127
  142  158  175  193  213  234  255  274  290  305  320  335  354  374  395  416
  435  454  473  493  510  520  521  513  500  485  474  465  457  448  438  426
  413  398  379  353  325  294  277  266  244                                   
    15.0-180.0 180.0   5.0 450.0                            LAT/LON1/LON2/DLON/H
  245  221  210  201  192  183  181  176  170  162  154  149  146  143  139  134
  128  122  116  112  109  106  103   99   94   89   85   83   85   93  106  123
  141  160  180  201  224  247  268  287  303  317  331  345  362  381  401  421
  439  456  471  483  492  495  489  477  462  451  446  446  447  446  442  435
  424  409  390  362  332  298  280  267  245                                   
    12.5-180.0 180.0   5.0 450.0                            LAT/LON1/LON2/DLON/H
  244  221  212  200  192  184  184  183  180  173  164  158  152  147  142  137
  130  123  116  110  105  101   99   96   92   88   83   80   81   89  103  121
  141  163  186  210  234  258  280  299  315  328  341  354  368  385  404  422
  439  453  464  471  474  470  459  444  430  422  422  428  435  440  441  437
  427  414  394  365  336  299  281  266  244                                   
    10.0-180.0 180.0   5.0 450.0                            LAT/LON1/LON2/DLON/H
  242  221  211  194  186  178  179  181  181  176  169  163  156  149  143  137
  131  123  114  107  101   97   95   93   90   87   82   79   80   86  100  120
  142  166  191  216  242  266  288  307  323  336  347  358  370  384  401  418
  434  447  457  461  461  454  443  428  414  408  410  418  428  435  437  434
  425  411  392  364  336  300  281  265  242                                   
     7.5-180.0 180.0   5.0 450.0                            LAT/LON1/LON2/DLON/H
  244  223  211  188  178  167  168  171  174  172  168  162  155  148  142  135
  129  120  112  103   97   94   92   91   89   87   83   80   80   86   99  119
