data/edconvlstm_nd/pred0710.15i
     1.0            IONOSPHERE MAPS     GNSS                IONEX VERSION / TYPE
pyspatialgeodesy        IME             05-JAN-18 20:20     PGM / RUN BY / DATE 
Map Name                                                    COMMENT             
Predicted global ionosphere maps (GIM).                     DESCRIPTION         
  2015     3    12     0     0     0                        EPOCH OF FIRST MAP  
  2015     3    13     0     0     0                        EPOCH OF LAST MAP   
  7200                                                      INTERVAL            
    13                                                      # OF MAPS IN FILE   
  NONE                                                      MAPPING FUNCTION    
10.0                                                        ELEVATION CUTOFF    
One-way carrier phase leveled to code                       OBSERVABLES USED    
  6371.0                                                    BASE RADIUS         
 2                                                          MAP DIMENSION       
   450.0 450.0   0.0                                        HGT1 / HGT2 / DHGT  
    87.5 -87.5  -2.5                                        LAT1 / LAT2 / DLAT  
  -180.0 180.0   5.0                                        LON1 / LON2 / DLON  
    -1                                                      EXPONENT            
                                                            END OF HEADER       
[from data line 1287]
     4                                                      START OF TEC MAP    
  2015     3    12     6     0     0                        EPOCH OF CURRENT MAP
    87.5-180.0 180.0   5.0 450.0                            LAT/LON1/LON2/DLON/H
  152  154  152  157  158  157  156  155  157  160  161  163  165  166  167  168
  169  169  169  169  169  168  167  166  165  163  162  161  159  158  157  157
  156  156  156  156  156  156  157  157  158  158  159  160  161  161  162  162
  163  163  164  164  164  163  163  163  162  161  160  159  158  157  155  155
  154  155  153  153  154  153  157  152  152                                   
    85.0-180.0 180.0   5.0 450.0                            LAT/LON1/LON2/DLON/H
  149  158  154  157  157  158  159  160  162  165  167  169  171  173  175  176
  176  177  177  177  176  176  174  173  171  169  168  166  164  163  162  161
  160  160  161  161  162  163  164  166  167  169  170  172  174  175  177  178
  180  181  182  182  183  183  183  182  181  180  179  178  176  174  172  170
  170  169  164  162  156  156  155  153  149                                   
    82.5-180.0 180.0   5.0 450.0                            LAT/LON1/LON2/DLON/H
  148  153  151  145  143  144  145  147  150  153  156  159  162  165  167  168
  169  170  170  169  168  166  164  162  159  156  154  151  149  147  146  145
  145  145  146  148  150  152  154  157  160  163  166  170  173  176  180  183
  186  189  191  193  195  196  197  197  197  196  195  193  191  188  185  182
  179  175  168  165  162  156  150  141  148                                   
    80.0-180.0 180.0   5.0 450.0                            LAT/LON1/LON2/DLON/H
  146  145  137  131  131  130  131  133  137  141  144  149  152  155  158  159
  160  161  160  159  157  155  152  149  145  141  137  134  131  129  127  127
  127  129  131  134  137  141  145  150  154  159  164  169  174  179  185  190
  196  201  205  210  213  216  219  220  221  221  220  218  216  212  208  205
  199  191  182  176  170  161  158  141  146                                   
    77.5-180.0 180.0   5.0 450.0                            LAT/LON1/LON2/DLON/H
  144  136  128  122  116  115  116  117  121  125  128  133  137  140  142  144
  145  145  144  143  141  138  135  131  127  123  119  115  112  110  109  109
  111  113  117  122  127  133  139  146  152  158  165  172  179  186  194  201
  209  217  224  231  237  241  245  248  250  251  251  250  248  244  240  235
  227  218  206  197  188  169  160  148  144                                   
    75.0-180.0 180.0   5.0 450.0                            LAT/LON1/LON2/DLON/H
  145  137  122  115  107  104  102  102  105  108  111  115  118  120  122  123
  123  123  122  121  120  117  115  111  107  103   99   96   93   91   91   91
   94   97  103  109  116  123  131  139  147  155  163  171  180  189  199  209
  220  230  240  248  256  263  268  272  275  277  277  277  275  272  267  263
  254  245  233  217  205  185  173  161  145                                   
    72.5-180.0 180.0   5.0 450.0                            LAT/LON1/LON2/DLON/H
  150  140  125  114  103   98   95   93   95   97   98  102  103  104  104  104
  103  103  103  103  103  103  102  100   97   94   90   86   84   82   81   82
   85   89   95  102  110  119  128  138  147  156  166  175  186  197  210  222
  235  247  258  269  277  285  290  294  297  298  298  297  295  291  287  283
  276  268  258  243  228  204  191  181  150                                   
    70.0-180.0 180.0   5.0 450.0                            LAT/LON1/LON2/DLON/H
  164  147  130  115  102   93   88   85   86   87   88   89   89   88   86   84
   83   84   85   86   89   90   91   91   89   87   84   80   77   75   74   74
   76   80   86   93  102  112  122  132  143  153  165  176  189  203  217  232
  247  261  274  285  293  300  305  307  309  308  307  305  302  298  294  290
  284  277  270  256  243  220  210  201  164                                   
    67.5-180.0 180.0   5.0 450.0                            LAT/LON1/LON2/DLON/H
  167  149  131  115  100   90   84   81   81   81   81   82   80   77   74   71
   69   70   72   76   80   84   87   88   88   86   83   80   76   73   71   70
   70   73   77   84   92  102  113  124  136  148  161  174  189  205  222  239
  255  270  283  294  302  307  309  310  309  306  303  298  294  289  284  280
  275  270  265  253  244  224  215  211  167                                   
    65.0-180.0 180.0   5.0 450.0                            LAT/LON1/LON2/DLON/H
  170  149  130  113   97   86   80   77   77   77   78   78   75   71   67   63
   62   63   66   71   77   83   87   89   90   89   86   83   79   75   71   68
   67   68   71   76   84   94  105  118  131  145  160  176  193  211  229  247
  265  280  292  302  308  311  311  309  305  300  295  289  282  276  269  264
  260  255  252  242  236  220  214  213  170                                   
    62.5-180.0 180.0   5.0 450.0                            LAT/LON1/LON2/DLON/H
  168  146  127  109   92   81   75   72   73   74   75   76   74   69   65   61
   60   62   66   71   78   83   88   91   92   91   89   85   81   77   72   68
   65   64   66   70   77   87   99  113  128  145  162  180  198  218  237  256
  273  288  299  307  311  312  310  306  301  295  288  281  273  265  257  250
  244  239  235  227  222  209  206  207  168                                   
    60.0-180.0 180.0   5.0 450.0                            LAT/LON1/LON2/DLON/H
  164  142  123  102   86   74   67   65   66   68   71   73   72   69   65   62
   61   63   68   73   79   83   87   89   90   89   88   85   82   78   73   68
   64   61   62   65   72   82   96  111  129  147  166  185  205  225  245  264
  281  295  305  312  315  314  311  307  301  295  288  281  272  264  254  246
  237  229  224  215  211  198  196  195  164                                   
    57.5-180.0 180.0   5.0 450.0                            LAT/LON1/LON2/DLON/H
  165  141  122  100   83   70   62   59   60   62   66   69   69   68   66   64
   65   67   71   75   79   82   84   84   84   84   84   83   81   78   73   68
   64   61   61   64   72   83   98  115  134  154  174  194  215  235  255  273
  289  302  312  318  321  320  318  314  309  304  298  292  285  276  266  256
  245  234  226  215  210  196  192  189  165                                   
    55.0-180.0 180.0   5.0 450.0                            LAT/LON1/LON2/DLON/H
  172  148  130  105   88   71   61   55   55   57   60   64   65   66   66   66
   68   71   74   77   79   79   78   78   78   78   79   80   80   78   74   70
   66   63   64   68   76   89  105  123  143  164  185  205  226  246  265  282
  298  310  320  326  329  330  329  326  324  321  317  313  308  300  291  280
  267  254  243  229  222  205  198  190  172                                   
    52.5-180.0 180.0   5.0 450.0                            LAT/LON1/LON2/DLON/H
  188  165  146  121  103   83   69   59   55   55   57   60   62   64   65   67
   70   74   77   78   78   76   74   73   73   74   77   79   80   79   77   73
   70   68   70   75   85   99  116  136  156  177  198  218  238  257  275  292
  306  318  328  335  340  342  343  342  342  341  340  339  335  330  321  311
  297  283  270  253  243  223  214  202  188                                   
    50.0-180.0 180.0   5.0 450.0                            LAT/LON1/LON2/DLON/H
  211  189  171  147  128  106   88   73   64   60   59   60   61   63   65   68
   72   76   79   80   79   76   74   72   72   75   78   81   82   82   80   76
   74   74   77   85   97  112  131  151  172  192  212  232  251  269  286  301
  315  326  336  345  351  355  357  358  359  359  360  360  359  355  349  340
  327  313  299  281  269  247  236  222  211                                   
    47.5-180.0 180.0   5.0 450.0                            LAT/LON1/LON2/DLON/H
  235  215  197  177  159  137  117   97   83   73   68   66   65   66   68   71
   75   79   82   83   82   81   79   78   79   81   83   86   86   85   81   78
   77   78   84   94  108  125  145  166  187  207  227  246  264  281  297  311
  323  334  343  352  359  364  367  369  369  369  370  371  370  368  363  356
  345  334  320  303  291  271  258  245  235                                   
    45.0-180.0 180.0   5.0 450.0                            LAT/LON1/LON2/DLON/H
  254  236  221  204  189  169  148  127  108   94   84   79   76   75   76   78
   81   84   87   89   91   91   91   90   91   92   92   92   90   86   82   78
   77   80   88  100  116  136  157  179  200  221  241  260  277  293  307  319
  330  339  349  357  365  370  372  373  372  370  369  368  367  365  361  356
  349  340  330  315  305  287  275  263  254                                   
    42.5-180.0 180.0   5.0 450.0                            LAT/LON1/LON2/DLON/H
  263  247  234  221  209  192  174  154  135  118  105   97   92   89   88   88
   90   93   96  101  104  106  108  108  107  105  103   99   94   87   81   77
   77   81   90  104  121  142  165  188  210  232  253  273  290  305  318  328
  336  344  353  362  369  374  375  374  371  367  364  360  357  355  351  348
  343  336  328  316  309  293  283  272  263                                   
    40.0-180.0 180.0   5.0 450.0                            LAT/LON1/LON2/DLON/H
  263  245  234  221  213  200  187  172  155  138  125  116  110  106  104  102
  103  105  110  115  121  125  127  127  124  119  113  105   97   89   82   78
   78   83   92  105  124  145  169  193  218  242  264  285  303  317  328  336
  343  351  360  369  376  381  383  381  377  371  365  360  355  351  348  345
  340  335  327  316  310  294  285  273  263                                   
    37.5-180.0 180.0   5.0 450.0                            LAT/LON1/LON2/DLON/H
  256  235  222  206  200  190  182  173  161  149  138  131  126  123  120  118
  118  120  125  132  139  144  146  144  139  131  122  112  102   93   86   82
   82   85   93  106  124  145  170  197  224  250  275  297  315  329  339  346
  353  361  371  382  391  398  401  400  397  391  385  379  374  370  366  363
  358  351  342  327  319  299  290  272  256                                   
    35.0-180.0 180.0   5.0 450.0                            LAT/LON1/LON2/DLON/H
  252  224  205  183  175  166  162  159  153  146  141  138  137  135  133  132
  132  134  140  147  154  159  160  157  150  141  130  119  109  101   94   89
   87   88   94  106  122  144  171  200  229  258  285  308  327  341  350  358
  366  376  389  403  416  426  433  436  435  432  428  424  420  416  413  410
  404  394  382  362  350  323  308  284  252                                   
    32.5-180.0 180.0   5.0 450.0                            LAT/LON1/LON2/DLON/H
  263  226  198  166  152  139  135  135  135  134  134  136  139  141  141  141
  142  145  151  157  163  166  166  163  157  148  139  129  121  113  106  100
   95   94   97  106  121  143  171  202  234  265  294  319  338  353  363  371
  382  396  414  434  452  468  480  489  494  497  497  497  495  494  492  489
  480  467  451  423  406  371  347  315  263                                   
    30.0-180.0 180.0   5.0 450.0                            LAT/LON1/LON2/DLON/H
  297  252  214  170  145  124  115  114  116  118  122  129  135  139  142  144
  146  149  154  159  163  165  166  165  162  158  151  144  137  130  123  116
  109  104  103  109  122  143  171  203  237  271  301  327  348  363  375  386
  401  421  446  472  497  520  540  557  571  583  591  596  601  603  604  600
  589  571  547  510  487  442  404  370  297                                   
    27.5-180.0 180.0   5.0 450.0                            LAT/LON1/LON2/DLON/H
  359  310  260  205  168  136  117  110  109  110  115  122  129  135  139  141
  144  147  151  154  156  158  161  166  170  171  169  165  160  155  148  139
  129  119  114  115  124  144  171  204  238  272  304  332  355  372  387  403
  423  450  481  514  547  578  606  633  658  680  697  711  723  731  735  732
  720  698  666  619  588  531  479  446  359                                   
    25.0-180.0 180.0   5.0 450.0                            LAT/LON1/LON2/DLON/H
  448  397  336  274  226  184  152  134  125  121  122  125  130  134  136  138
  139  141  143  144  145  149  158  171  182  190  193  192  189  185  177  166
  151  136  125  121  127  145  171  203  237  271  304  333  359  380  400  421
  447  480  518  558  597  634  670  706  741  772  798  820  838  851  859  858
  847  826  790  738  697  632  569  539  448                                   
    22.5-180.0 180.0   5.0 450.0                            LAT/LON1/LON2/DLON/H
  552  504  436  373  316  268  223  192  171  158  150  146  144  143  141  139
  137  136  136  135  137  146  162  182  202  216  222  222  219  214  204  189
  170  150  134  126  130  145  170  200  233  267  300  332  362  388  413  440
  472  510  553  597  639  680  720  761  801  838  869  895  916  933  944  946
  940  924  892  843  794  730  670  641  552                                   
    20.0-180.0 180.0   5.0 450.0                            LAT/LON1/LON2/DLON/H
  655  612  546  488  427  377  321  279  246  222  202  188  177  168  159  151
  144  139  136  135  139  152  174  202  227  244  250  248  243  234  221  203
  181  158  138  127  129  144  168  197  229  262  296  331  365  397  427  460
  497  540  584  628  669  708  746  786  825  862  893  920  942  959  972  978
  978  971  950  911  862  806  763  735  655                                   
    17.5-180.0 180.0   5.0 450.0                            LAT/LON1/LON2/DLON/H
  737  701  644  598  539  491  431  382  339  304  274  250  230  211  194  178
  165  156  150  148  154  171  197  228  254  269  271  264  251  237  220  202
  179  155  135  124  127  142  166  193  224  257  293  332  370  407  443  480
  520  564  607  648  683  714  746  778  810  841  869  894  915  934  948  957
  962  964  957  932  891  847  826  803  737                                   
    15.0-180.0 180.0   5.0 450.0                            LAT/LON1/LON2/DLON/H
  784  755  713  679  629  588  531  479  431  390  354  323  295  270  245  222
  203  189  179  177  183  200  227  256  278  286  280  263  242  222  204  187
  166  144  126  119  124  141  164  191  221  254  292  333  376  418  458  497
  538  579  618  651  678  700  721  742  764  786  809  831  853  872  888  899
  908  916  920  908  883  851  845  831  784                                   
    12.5-180.0 180.0   5.0 450.0                            LAT/LON1/LON2/DLON/H
  795  771  743  721  683  650  600  552  505  462  425  393  365  337  308  280
  257  238  226  221  225  238  260  282  295  294  276  249  220  197  180  166
  149  132  119  116  124  142  165  191  219  253  292  336  382  427  469  509
  548  584  616  640  657  670  682  695  707  721  738  757  779  799  815  827
  838  848  859  858  848  827  828  824  795                                   
    10.0-180.0 180.0   5.0 450.0                            LAT/LON1/LON2/DLON/H
  779  760  741  727  699  674  632  589  547  508  475  449  425  400  373  345
  320  300  286  277  275  281  292  303  305  291  263  228  197  174  160  148
  136  125  117  118  128  145  167  192  220  253  293  338  385  431  473  512
  548  579  604  621  633  641  649  657  664  673  685  702  722  741  757  767
  776  785  799  804  805  794  795  796  779                                   
     7.5-180.0 180.0   5.0 450.0                            LAT/LON1/LON2/DLON/H
  754  736  719  708  687  666  630  593  557  525  499  481  466  450  428  404
  381  363  349  336  326  321  318  315  304  280  246  209  180  160  148  139
