data/edconvlstm_nd/pred0720.15i
     1.0            IONOSPHERE MAPS     GNSS                IONEX VERSION / TYPE
pyspatialgeodesy        IME             05-JAN-18 20:20     PGM / RUN BY / DATE 
Map Name                                                    COMMENT             
Predicted global ionosphere maps (GIM).                     DESCRIPTION         
  2015     3    13     0     0     0                        EPOCH OF FIRST MAP  
  2015     3    14     0     0     0                        EPOCH OF LAST MAP   
  7200                                                      INTERVAL            
    13                                                      # OF MAPS IN FILE   
  NONE                                                      MAPPING FUNCTION    
10.0                                                        ELEVATION CUTOFF    
One-way carrier phase leveled to code                       OBSERVABLES USED    
  6371.0                                                    BASE RADIUS         
 2                                                          MAP DIMENSION       
   450.0 450.0   0.0                                        HGT1 / HGT2 / DHGT  
    87.5 -87.5  -2.5                                        LAT1 / LAT2 / DLAT  
  -180.0 180.0   5.0                                        LON1 / LON2 / DLON  
    -1                                                      EXPONENT            
                                                            END OF HEADER       
[from data line 1716]
     5                                                      START OF TEC MAP    
  2015     3    13     8     0     0                        EPOCH OF CURRENT MAP
    87.5-180.0 180.0   5.0 450.0                            LAT/LON1/LON2/DLON/H
  122  117  113  120  124  125  125  124  128  132  134  137  139  141  142  144
  145  145  146  146  146  146  146  146  145  145  144  144  144  143  143  143
  142  142  142  142  141  141  140  140  139  139  138  137  137  137  136  136
  135  134  134  133  132  131  129  128  126  124  122  120  118  116  114  112
  111  112  109  108  111  110  118  123  122                                   
    85.0-180.0 180.0   5.0 450.0                            LAT/LON1/LON2/DLON/H
  105  106  107  111  115  120  123  127  131  135  138  142  145  147  149  151
  152  153  154  154  154  154  154  153  153  153  152  152  152  152  151  151
  151  151  151  151  151  151  151  150  150  150  149  149  149  149  148  148
  147  147  146  145  143  141  139  137  134  131  128  124  121  117  114  111
  109  109  102  101   97   98  102  108  105                                   
    82.5-180.0 180.0   5.0 450.0                            LAT/LON1/LON2/DLON/H
   87   89   89   91   95  103  108  113  119  126  130  136  139  143  145  147
  149  149  150  150  149  148  147  146  146  145  144  144  144  144  144  145
  145  146  147  148  149  149  150  150  151  151  152  153  153  154  155  155
  156  156  155  155  153  151  149  145  141  137  132  127  121  115  109  104
   99   94   87   85   83   80   77   79   87                                   
    80.0-180.0 180.0   5.0 450.0                            LAT/LON1/LON2/DLON/H
   75   69   67   73   78   84   92  100  108  116  121  128  132  136  139  140
  141  141  140  138  137  134  132  130  128  127  126  126  126  127  129  131
  133  135  138  140  142  144  146  148  150  152  154  156  159  161  164  166
  169  171  172  172  172  171  169  166  162  157  151  143  136  127  118  110
  101   92   83   78   72   66   66   65   75                                   
    77.5-180.0 180.0   5.0 450.0                            LAT/LON1/LON2/DLON/H
   74   60   57   62   65   72   80   89   98  106  112  119  124  128  130  131
  131  130  128  125  122  119  116  113  110  108  107  107  108  110  113  117
  122  126  131  135  139  143  146  150  153  156  160  165  169  174  179  184
  189  194  198  200  202  203  202  200  196  191  185  177  168  157  146  135
  122  109   95   87   77   62   59   62   74                                   
    75.0-180.0 180.0   5.0 450.0                            LAT/LON1/LON2/DLON/H
   74   60   52   57   59   66   73   81   90   97  103  109  113  116  117  117
  116  115  112  109  105  101   97   93   90   88   87   88   90   93   98  103
  110  116  123  129  134  139  144  149  154  159  165  172  179  187  195  203
  211  218  225  230  234  237  237  237  234  230  224  217  208  197  185  172
  157  141  124  107   93   75   69   68   74                                   
    72.5-180.0 180.0   5.0 450.0                            LAT/LON1/LON2/DLON/H
   82   65   57   60   60   66   73   80   87   93   98  102  105  106  107  106
  105  103  101   98   95   91   87   83   80   78   77   77   80   84   90   98
  105  114  122  129  136  142  147  153  159  166  174  182  192  202  212  223
  233  243  252  259  265  268  270  271  269  266  261  254  246  236  224  211
  196  179  161  141  121   98   88   87   82                                   
    70.0-180.0 180.0   5.0 450.0                            LAT/LON1/LON2/DLON/H
   95   75   67   67   64   68   74   79   85   89   92   95   96   96   95   94
   93   92   91   89   87   84   81   77   75   72   72   73   76   80   87   95
  104  113  121  129  136  143  149  156  163  171  181  192  203  215  228  240
  252  264  274  282  289  293  295  295  294  290  286  280  272  263  252  240
  226  209  192  170  148  122  113  110   95                                   
    67.5-180.0 180.0   5.0 450.0                            LAT/LON1/LON2/DLON/H
  103   84   75   73   69   72   76   80   85   88   90   92   91   90   88   88
   87   87   87   87   86   84   82   79   76   74   73   73   75   80   86   94
  102  111  120  128  135  142  149  156  164  174  185  197  210  223  237  250
  263  275  285  294  300  303  304  303  301  297  292  286  280  271  261  251
  238  223  207  185  164  138  127  126  103                                   
    65.0-180.0 180.0   5.0 450.0                            LAT/LON1/LON2/DLON/H
  110   91   81   77   72   73   77   80   84   87   89   90   88   87   85   84
   85   86   88   89   89   88   86   83   80   78   76   76   78   82   87   95
  103  112  121  129  136  144  151  160  170  182  194  208  222  236  249  262
  274  285  295  302  307  309  308  305  301  296  290  284  277  269  260  250
  238  224  210  190  171  148  138  137  110                                   
    62.5-180.0 180.0   5.0 450.0                            LAT/LON1/LON2/DLON/H
  113   95   84   78   71   71   73   76   80   84   86   87   86   85   84   83
   85   87   89   91   92   91   89   86   83   80   78   78   79   81   86   93
  102  111  120  128  136  145  154  164  177  191  205  220  234  248  260  272
  283  292  301  306  309  309  305  300  294  288  282  276  268  260  250  240
  228  214  202  184  168  147  139  139  113                                   
    60.0-180.0 180.0   5.0 450.0                            LAT/LON1/LON2/DLON/H
  117   97   85   76   68   65   66   69   73   77   80   83   83   83   82   83
   84   87   89   91   91   90   88   84   81   78   76   75   76   78   83   89
   98  108  118  128  138  147  159  172  186  203  219  235  249  261  272  282
  291  300  307  311  312  310  305  299  292  285  278  272  264  254  243  231
  218  203  191  175  163  144  137  136  117                                   
    57.5-180.0 180.0   5.0 450.0                            LAT/LON1/LON2/DLON/H
  124  104   90   77   67   62   61   62   65   69   74   78   79   80   81   82
   84   86   88   89   88   86   83   79   76   73   71   70   70   73   78   85
   95  107  119  131  143  155  169  184  201  220  238  254  268  278  287  295
  303  311  317  321  322  319  313  306  298  292  286  279  271  260  247  233
  217  201  189  173  162  144  138  136  124                                   
    55.0-180.0 180.0   5.0 450.0                            LAT/LON1/LON2/DLON/H
  138  117  103   86   73   64   60   58   60   63   67   72   75   77   79   81
   83   85   86   85   83   79   75   72   69   66   65   64   65   67   73   82
   94  109  124  139  153  168  183  201  220  240  259  276  288  298  305  312
  319  326  333  337  338  334  328  321  314  309  304  298  290  278  263  247
  229  212  198  181  172  154  147  142  138                                   
    52.5-180.0 180.0   5.0 450.0                            LAT/LON1/LON2/DLON/H
  160  139  125  105   90   76   68   61   60   61   64   68   72   75   78   80
   82   83   83   82   78   74   69   66   63   62   61   61   61   64   71   81
   97  115  134  152  169  185  202  221  242  263  282  299  311  319  325  330
  337  344  351  356  357  354  347  341  335  331  327  323  315  304  288  270
  250  232  217  199  190  172  164  157  160                                   
    50.0-180.0 180.0   5.0 450.0                            LAT/LON1/LON2/DLON/H
  185  166  153  133  116   99   86   75   68   66   67   69   73   76   79   81
   83   83   82   80   77   72   68   65   63   62   61   61   62   65   72   84
  102  124  146  168  187  205  223  243  265  286  306  322  333  340  345  350
  356  364  371  375  376  372  366  359  354  351  349  346  340  328  312  295
  275  257  241  223  212  194  186  178  185                                   
    47.5-180.0 180.0   5.0 450.0                            LAT/LON1/LON2/DLON/H
  208  191  181  163  147  129  113   97   86   79   76   77   78   81   83   85
   86   86   85   83   80   77   73   70   68   68   67   67   67   69   76   90
  110  135  160  184  206  225  244  265  287  308  328  344  354  361  365  369
  375  381  388  391  391  386  379  371  366  363  361  359  353  343  328  312
  294  278  261  244  232  214  205  198  208                                   
    45.0-180.0 180.0   5.0 450.0                            LAT/LON1/LON2/DLON/H
  219  206  200  188  175  159  142  123  108   97   91   89   89   91   92   92
   92   92   92   91   90   88   85   82   80   79   77   75   74   75   82   96
  118  145  173  199  222  243  263  284  306  328  347  363  373  380  383  387
  391  396  400  401  399  392  383  374  367  363  361  358  352  343  330  316
  301  288  273  256  244  225  215  210  219                                   
    42.5-180.0 180.0   5.0 450.0                            LAT/LON1/LON2/DLON/H
  215  204  204  198  191  179  166  148  131  118  109  106  104  105  105  104
  103  102  103  104  105  105  103   99   96   92   89   85   82   82   88  103
  126  153  182  209  234  256  278  300  322  344  364  379  390  396  400  402
  404  407  409  408  403  395  384  373  363  356  351  346  340  331  320  309
  297  286  273  257  244  223  212  210  215                                   
    40.0-180.0 180.0   5.0 450.0                            LAT/LON1/LON2/DLON/H
  195  185  189  189  189  184  176  163  148  135  126  122  121  121  120  119
  117  117  118  121  124  125  122  117  111  105   98   92   88   88   94  109
  131  159  188  216  241  266  289  313  336  358  378  394  405  411  415  416
  418  419  418  416  411  403  391  378  366  355  346  337  329  319  308  298
  288  278  265  250  234  210  198  195  195                                   
    37.5-180.0 180.0   5.0 450.0                            LAT/LON1/LON2/DLON/H
  168  155  159  163  169  170  170  164  154  144  137  135  135  136  136  134
  133  133  136  140  143  144  140  132  123  113  104   97   92   92   98  113
  134  161  189  218  246  273  299  325  349  372  392  408  419  426  430  432
  434  435  435  435  431  425  415  403  389  374  360  347  334  322  310  299
  288  277  263  244  224  194  180  175  168                                   
    35.0-180.0 180.0   5.0 450.0                            LAT/LON1/LON2/DLON/H
  145  126  127  129  138  143  150  151  147  142  139  141  144  147  148  148
  148  149  153  157  160  159  152  142  129  117  106   98   93   93  100  114
  135  161  190  220  250  280  309  337  363  387  407  422  434  442  448  452
  456  460  464  468  470  469  463  454  440  423  406  388  371  354  339  325
  311  296  278  253  229  190  173  162  145                                   
    32.5-180.0 180.0   5.0 450.0                            LAT/LON1/LON2/DLON/H
  138  111  105  101  108  113  123  129  130  131  133  139  146  152  156  158
  159  162  166  170  171  167  159  145  131  117  106   97   92   93  100  116
  137  163  191  222  254  287  319  349  377  402  422  437  450  459  468  477
  486  495  506  518  529  536  538  533  522  505  485  464  443  423  403  385
  365  344  321  289  260  212  188  169  138                                   
    30.0-180.0 180.0   5.0 450.0                            LAT/LON1/LON2/DLON/H
  158  121  105   92   91   91  100  106  110  114  120  130  140  149  156  161
  165  170  174  176  175  169  159  146  131  117  105   96   91   93  103  120
  142  167  195  226  259  294  329  362  391  416  436  452  466  479  493  507
  523  541  562  584  606  624  635  637  631  617  597  574  550  526  502  477
  450  423  393  353  320  264  232  207  158                                   
    27.5-180.0 180.0   5.0 450.0                            LAT/LON1/LON2/DLON/H
  207  163  136  111   98   90   92   95   97  101  107  118  130  141  150  158
  165  171  174  175  171  165  157  146  133  120  108   98   94   98  110  128
  151  176  203  233  267  303  340  373  403  428  449  466  483  500  520  542
  567  596  628  661  694  722  742  753  753  744  728  706  682  655  627  595
  561  527  489  443  406  344  302  273  207                                   
    25.0-180.0 180.0   5.0 450.0                            LAT/LON1/LON2/DLON/H
  285  236  197  160  134  116  107  103   99   98  102  110  121  131  141  150
  159  166  169  168  164  160  155  148  138  127  115  106  103  108  122  141
  164  188  213  243  276  313  349  382  412  438  460  480  499  522  548  579
  613  652  695  739  781  816  843  861  869  868  857  840  816  788  756  719
  679  640  597  547  505  441  390  362  285                                   
    22.5-180.0 180.0   5.0 450.0                            LAT/LON1/LON2/DLON/H
  385  332  283  237  198  169  148  134  122  114  110  113  118  126  134  143
  152  159  161  160  157  156  156  155  150  140  129  120  117  122  136  156
  179  202  226  253  285  320  355  387  417  445  469  492  516  544  576  614
  657  704  754  804  848  885  914  936  951  957  954  943  923  896  864  824
  782  743  699  648  601  540  487  460  385                                   
    20.0-180.0 180.0   5.0 450.0                            LAT/LON1/LON2/DLON/H
  486  433  379  332  280  244  212  189  167  149  136  130  128  129  134  141
  149  155  157  155  154  157  163  167  167  159  148  137  133  136  149  169
  191  213  235  261  291  324  357  389  420  450  478  504  532  564  602  645
  692  743  795  843  883  913  938  959  978  991  996  991  978  957  928  891
  851  817  777  727  676  621  575  552  486                                   
    17.5-180.0 180.0   5.0 450.0                            LAT/LON1/LON2/DLON/H
  566  515  467  427  368  329  290  260  230  203  180  163  152  146  145  148
  154  158  158  156  157  163  175  185  188  181  167  154  146  146  156  174
  196  218  240  265  293  324  356  388  420  453  485  516  548  583  623  667
  714  763  810  848  876  895  910  927  947  965  977  981  976  962  941  910
  877  848  815  767  717  664  630  616  566                                   
    15.0-180.0 180.0   5.0 450.0                            LAT/LON1/LON2/DLON/H
  607  559  523  497  442  407  368  337  303  270  239  213  193  178  169  167
  169  170  168  165  167  177  192  205  209  201  185  167  154  150  157  174
  195  218  241  265  292  321  352  385  420  456  492  526  560  597  636  679
  721  762  797  822  834  838  842  854  874  897  916  927  930  924  911  888
  861  838  812  766  718  666  642  640  607                                   
    12.5-180.0 180.0   5.0 450.0                            LAT/LON1/LON2/DLON/H
  608  562  537  527  486  460  429  403  372  340  306  275  247  224  207  199
  195  192  187  182  184  195  212  225  228  219  199  177  158  150  154  170
  192  216  239  263  289  317  348  381  418  458  497  533  569  605  642  679
  714  743  765  774  773  765  762  771  791  816  840  856  865  865  857  841
  820  801  778  734  688  636  617  625  608                                   
    10.0-180.0 180.0   5.0 450.0                            LAT/LON1/LON2/DLON/H
  583  536  521  522  498  483  464  447  425  398  368  337  307  279  257  242
  232  224  214  207  206  216  230  242  244  233  210  182  160  149  152  167
  189  214  238  262  287  314  344  378  416  457  497  536  571  606  639  670
  696  715  726  726  717  706  702  709  729  753  777  794  804  806  801  789
  773  756  734  691  646  593  574  589  583                                   
     7.5-180.0 180.0   5.0 450.0                            LAT/LON1/LON2/DLON/H
  552  504  494  501  490  484  476  469  457  439  415  389  361  334  310  290
  276  262  248  236  231  236  246  255  255  240  215  185  162  150  151  166
