data/edconvlstm_nd/pred2840.15i
     1.0            IONOSPHERE MAPS     GNSS                IONEX VERSION / TYPE
pyspatialgeodesy        IME             05-JAN-18 20:20     PGM / RUN BY / DATE 
Map Name                                                    COMMENT             
Predicted global ionosphere maps (GIM).                     DESCRIPTION         
  2015    10    11     0     0     0                        EPOCH OF FIRST MAP  
  2015    10    12     0     0     0                        EPOCH OF LAST MAP   
  7200                                                      INTERVAL            
    13                                                      # OF MAPS IN FILE   
  NONE                                                      MAPPING FUNCTION    
10.0                                                        ELEVATION CUTOFF    
One-way carrier phase leveled to code                       OBSERVABLES USED    
  6371.0                                                    BASE RADIUS         
 2                                                          MAP DIMENSION       
   450.0 450.0   0.0                                        HGT1 / HGT2 / DHGT  
    87.5 -87.5  -2.5                                        LAT1 / LAT2 / DLAT  
  -180.0 180.0   5.0                                        LON1 / LON2 / DLON  
    -1                                                      EXPONENT            
                                                            END OF HEADER       
[from data line 4719]
    12                                                      START OF TEC MAP    
  2015    10    11    22     0     0                        EPOCH OF CURRENT MAP
    87.5-180.0 180.0   5.0 450.0                            LAT/LON1/LON2/DLON/H
   90   83   74   76   80   76   75   72   73   75   75   76   77   78   78   78
   78   78   77   76   75   74   73   71   69   68   66   64   63   62   61   60
   59   58   58   57   57   56   56   56   56   57   57   57   57   58   58   58
   59   59   60   60   60   61   61   61   62   62   62   62   62   62   62   62
   63   62   59   57   64   66   86   95   90                                   
    85.0-180.0 180.0   5.0 450.0                            LAT/LON1/LON2/DLON/H
   95   88   94   76   77   79   78   80   81   84   84   85   86   87   87   88
   88   87   86   85   84   82   81   79   76   74   72   71   69   68   66   65
   64   63   62   61   61   60   60   60   60   60   61   61   61   62   62   63
   63   64   64   65   65   65   66   66   66   67   67   67   67   67   67   67
   68   67   64   61   67   72   76   73   95                                   
    82.5-180.0 180.0   5.0 450.0                            LAT/LON1/LON2/DLON/H
   75   74   75   69   73   77   78   79   81   84   86   89   90   92   93   94
   94   94   92   91   88   85   82   79   76   73   70   67   64   62   60   59
   57   56   55   54   54   53   53   53   53   53   54   54   55   55   56   57
   57   58   59   59   60   61   61   62   62   63   63   63   63   63   63   63
   63   61   59   58   65   79   73   74   75                                   
    80.0-180.0 180.0   5.0 450.0                            LAT/LON1/LON2/DLON/H
   53   59   66   62   67   67   74   77   81   85   89   93   96   98   99  100
  100   99   97   94   90   85   81   76   71   67   63   59   56   54   52   50
   48   47   46   45   44   44   44   44   44   44   45   46   46   47   48   49
   50   50   51   52   53   54   55   56   57   57   58   58   58   58   58   57
   57   57   56   57   57   66   60   69   53                                   
    77.5-180.0 180.0   5.0 450.0                            LAT/LON1/LON2/DLON/H
   63   62   63   61   68   71   77   81   86   90   95  101  105  109  111  112
  112  110  107  103   98   92   85   79   73   67   63   59   55   52   50   48
   47   45   44   43   42   41   40   40   40   40   40   41   41   42   42   43
   43   44   45   45   47   48   49   50   51   52   53   53   53   53   54   53
   53   54   54   55   55   60   59   71   63                                   
    75.0-180.0 180.0   5.0 450.0                            LAT/LON1/LON2/DLON/H
   54   58   59   58   65   70   76   81   88   94  100  106  110  113  115  116
  115  113  109  104   97   90   83   76   70   64   60   57   54   52   51   50
   49   48   46   45   44   43   42   41   41   41   41   41   41   41   41   41
   41   41   41   42   43   44   45   47   48   49   50   50   51   51   51   52
   52   54   55   54   54   56   54   56   54                                   
    72.5-180.0 180.0   5.0 450.0                            LAT/LON1/LON2/DLON/H
   64   63   64   68   70   74   80   84   89   94  100  105  110  113  115  115
  113  110  105   99   91   83   75   67   60   54   50   47   46   45   45   45
   45   44   43   41   39   38   36   35   35   34   34   34   34   34   33   33
   32   31   31   31   31   32   34   35   37   39   40   41   42   42   43   44
   45   47   47   46   46   51   52   59   64                                   
    70.0-180.0 180.0   5.0 450.0                            LAT/LON1/LON2/DLON/H
   64   66   68   71   74   79   83   88   95   99  105  109  113  114  115  114
  111  107  101   94   86   78   69   61   55   50   47   45   45   45   46   47
   47   47   45   43   41   38   36   35   34   34   34   34   34   34   33   31
   30   28   27   27   27   28   30   32   34   36   37   39   40   41   42   44
   45   47   49   49   51   57   61   67   64                                   
    67.5-180.0 180.0   5.0 450.0                            LAT/LON1/LON2/DLON/H
   74   74   74   80   82   86   91   94  100  103  107  111  113  114  113  111
  107  103   97   89   81   72   63   55   48   43   39   38   38   40   41   42
   43   42   41   38   35   33   30   29   28   29   29   29   29   29   28   26
   24   22   21   20   21   22   24   26   28   31   33   35   36   38   40   42
   43   46   46   47   48   56   58   64   74                                   
    65.0-180.0 180.0   5.0 450.0                            LAT/LON1/LON2/DLON/H
   74   76   77   83   85   89   93   96  102  106  110  112  113  112  110  108
  104  100   94   88   80   71   62   53   46   40   37   36   36   37   38   39
   40   39   37   34   31   28   25   24   24   24   25   26   27   26   25   23
   21   19   18   17   17   19   21   23   26   28   31   33   35   37   40   42
   44   47   49   50   52   61   64   70   74                                   
    62.5-180.0 180.0   5.0 450.0                            LAT/LON1/LON2/DLON/H
   78   80   80   86   89   92   96   99  105  107  111  113  114  112  110  107
  104  101   96   90   83   74   64   55   47   40   35   32   31   31   32   32
   32   31   29   26   23   21   19   18   18   19   21   22   23   23   22   20
   18   16   15   14   15   16   18   21   23   26   29   32   35   37   41   44
   46   49   50   51   51   60   61   67   78                                   
    60.0-180.0 180.0   5.0 450.0                            LAT/LON1/LON2/DLON/H
   79   81   82   88   89   92   96   98  104  107  112  114  114  113  111  109
  107  105  102   97   91   82   72   62   52   44   38   33   31   29   28   27
   27   26   24   22   19   17   15   15   16   17   19   20   21   21   21   19
   17   15   13   13   13   14   16   19   22   25   28   31   35   38   43   47
   50   53   53   53   53   62   63   70   79                                   
    57.5-180.0 180.0   5.0 450.0                            LAT/LON1/LON2/DLON/H
   82   85   86   92   93   94   97   99  105  108  112  114  116  115  114  113
  113  113  111  107  101   92   82   71   61   52   44   37   32   29   26   25
   23   22   21   20   18   17   16   16   17   18   20   21   22   22   21   20
   18   16   14   13   13   15   17   19   22   25   28   32   36   41   46   51
   55   59   59   58   57   65   65   72   82                                   
    55.0-180.0 180.0   5.0 450.0                            LAT/LON1/LON2/DLON/H
   90   94   96  100  100   99  101  102  106  109  113  116  117  118  118  119
  120  120  120  117  111  102   92   81   71   61   53   45   38   32   28   25
   24   23   22   22   21   20   20   21   22   23   25   26   26   25   24   23
   21   18   16   15   15   16   18   20   23   26   29   32   37   43   50   57
   62   66   67   65   63   70   70   77   90                                   
    52.5-180.0 180.0   5.0 450.0                            LAT/LON1/LON2/DLON/H
  101  107  110  113  112  109  110  109  111  112  115  118  120  121  122  123
  125  127  126  123  117  109   99   89   80   71   63   54   46   39   33   30
   28   27   28   28   28   29   29   30   31   32   33   33   33   32   30   28
   26   24   22   20   19   20   21   23   26   28   31   34   39   45   54   62
   69   75   77   76   74   80   80   87  101                                   
    50.0-180.0 180.0   5.0 450.0                            LAT/LON1/LON2/DLON/H
  117  125  130  132  130  126  124  121  120  119  120  122  123  125  126  128
  130  131  130  127  120  112  104   95   88   80   73   64   56   48   42   37
   35   35   36   37   38   39   41   42   43   44   44   43   42   40   38   36
   34   32   29   27   26   26   27   29   31   32   34   37   41   48   58   68
   76   83   88   89   87   93   94  100  117                                   
    47.5-180.0 180.0   5.0 450.0                            LAT/LON1/LON2/DLON/H
  135  144  151  152  150  145  142  137  133  130  128  129  129  130  132  133
  134  134  132  128  121  113  106   99   94   88   82   74   66   58   51   46
   44   44   45   47   48   50   52   53   55   55   55   54   52   50   48   46
   44   42   39   37   35   35   35   37   38   38   39   41   45   52   62   73
   82   92   98  102  102  109  111  116  135                                   
    45.0-180.0 180.0   5.0 450.0                            LAT/LON1/LON2/DLON/H
  151  161  169  170  168  165  162  156  149  144  140  139  138  138  139  139
  138  137  134  129  122  115  109  104  100   95   89   82   74   66   59   54
   52   52   53   55   57   59   61   63   64   64   64   63   61   59   57   56
   54   52   50   48   46   45   46   46   47   46   46   47   51   57   67   78
   88   99  108  115  117  125  129  133  151                                   
    42.5-180.0 180.0   5.0 450.0                            LAT/LON1/LON2/DLON/H
  164  173  180  182  182  181  178  173  166  160  154  151  150  149  148  147
  145  142  138  133  127  121  115  110  106  101   95   87   79   71   64   60
   58   57   58   60   62   65   67   69   70   71   71   70   68   66   65   64
   63   62   60   58   57   56   56   57   56   55   55   55   58   64   73   84
   94  106  117  126  130  140  145  149  164                                   
    40.0-180.0 180.0   5.0 450.0                            LAT/LON1/LON2/DLON/H
  171  177  184  187  189  190  189  186  180  174  168  165  163  161  159  157
  153  150  146  142  137  131  125  120  114  107   99   89   80   72   67   63
   61   60   61   63   66   68   70   72   73   74   75   75   74   73   72   71
   71   70   69   67   66   65   65   66   65   64   63   63   66   72   80   90
  100  113  124  134  141  152  157  161  171                                   
    37.5-180.0 180.0   5.0 450.0                            LAT/LON1/LON2/DLON/H
  174  178  182  187  189  191  193  193  189  185  180  177  175  174  171  168
  164  160  158  154  150  145  138  131  122  112  101   89   79   72   67   65
   63   63   64   66   69   71   73   75   76   77   78   78   78   77   76   75
   75   74   73   72   72   71   72   72   72   71   70   70   74   80   89   99
  108  120  132  143  150  161  167  172  174                                   
    35.0-180.0 180.0   5.0 450.0                            LAT/LON1/LON2/DLON/H
  177  178  181  184  186  188  191  193  193  192  189  187  186  185  183  179
  175  172  170  169  165  160  152  142  130  117  102   89   78   71   68   68
   67   67   68   71   74   76   78   78   79   80   81   81   81   80   78   77
   76   75   75   74   74   74   75   75   74   74   74   75   80   88   98  108
  118  129  142  152  159  171  176  182  177                                   
    32.5-180.0 180.0   5.0 450.0                            LAT/LON1/LON2/DLON/H
  184  184  185  185  185  184  188  191  194  195  195  195  196  195  193  189
  185  183  182  181  177  171  161  149  135  120  104   89   79   74   73   74
   75   76   77   79   82   84   85   85   84   84   85   85   84   82   80   77
   75   74   73   73   73   73   74   74   74   73   74   78   84   94  106  118
  129  141  154  164  170  182  187  195  184                                   
    30.0-180.0 180.0   5.0 450.0                            LAT/LON1/LON2/DLON/H
  201  201  202  195  193  186  188  191  195  198  200  202  204  204  202  198
  194  191  190  188  183  175  164  151  138  122  107   94   85   82   84   86
   88   89   90   91   94   95   95   94   92   91   91   90   88   85   81   77
   74   71   70   69   70   71   71   71   71   71   72   77   86   98  114  128
  141  155  168  179  184  196  204  213  201                                   
    27.5-180.0 180.0   5.0 450.0                            LAT/LON1/LON2/DLON/H
  230  231  232  219  212  199  197  197  201  205  208  212  214  215  212  208
  203  199  196  191  183  172  160  149  137  126  114  104   98   98  101  104
  107  107  106  106  107  108  107  104  102  100   98   96   93   88   82   77
   72   69   67   66   67   68   68   68   67   67   69   76   86  102  120  138
  153  169  184  196  201  216  227  236  230                                   
    25.0-180.0 180.0   5.0 450.0                            LAT/LON1/LON2/DLON/H
  269  274  276  256  246  226  219  215  218  221  224  227  230  230  227  221
  215  209  202  193  180  166  154  145  138  132  126  121  118  119  123  127
  128  127  124  121  120  119  117  114  111  109  106  103   98   91   84   77
   72   67   65   64   64   65   66   65   65   65   67   74   87  105  126  147
  165  185  201  215  222  239  254  263  269                                   
    22.5-180.0 180.0   5.0 450.0                            LAT/LON1/LON2/DLON/H
  315  322  325  303  290  267  255  247  246  248  250  252  254  253  249  243
  235  225  214  199  181  163  151  145  143  144  144  143  144  146  149  151
  150  146  140  134  130  127  124  121  119  116  114  109  102   94   86   78
   72   67   64   63   63   64   65   64   64   64   67   74   88  107  131  156
  176  199  218  234  244  264  283  292  315                                   
    20.0-180.0 180.0   5.0 450.0                            LAT/LON1/LON2/DLON/H
  359  370  373  351  340  316  301  291  288  287  287  288  288  287  282  275
  265  253  236  216  193  172  159  155  158  164  169  171  172  173  174  173
  169  162  152  143  136  131  128  126  124  123  119  114  105   96   87   80
   74   69   65   63   64   64   65   65   64   64   67   75   89  110  135  162
  186  211  233  252  265  287  310  320  359                                   
    17.5-180.0 180.0   5.0 450.0                            LAT/LON1/LON2/DLON/H
  395  408  414  395  388  367  354  343  339  337  335  334  333  331  326  318
  307  293  273  249  222  198  183  180  185  193  199  201  201  198  195  190
  183  173  161  150  141  135  131  130  129  128  124  117  107   97   88   81
   76   71   67   65   64   65   66   66   65   66   69   77   91  112  138  167
  193  221  245  266  282  307  333  343  395                                   
    15.0-180.0 180.0   5.0 450.0                            LAT/LON1/LON2/DLON/H
  419  434  442  429  428  415  407  399  396  394  391  389  387  384  380  372
  362  347  326  299  269  243  227  221  223  228  231  230  226  218  211  202
  193  181  168  156  146  140  137  136  135  133  127  119  108   97   89   82
   77   73   69   66   66   66   67   67   66   67   70   78   93  114  141  170
  197  227  253  276  295  321  349  360  419                                   
    12.5-180.0 180.0   5.0 450.0                            LAT/LON1/LON2/DLON/H
  430  447  457  450  457  452  452  450  451  451  449  447  445  443  439  433
  424  410  390  364  334  307  286  275  270  268  264  256  246  233  221  210
  200  188  177  165  156  150  147  145  143  138  131  120  108   97   89   83
   79   75   71   68   66   67   67   67   66   67   70   79   94  116  143  172
  199  230  258  282  302  329  358  371  430                                   
    10.0-180.0 180.0   5.0 450.0                            LAT/LON1/LON2/DLON/H
  432  450  462  460  473  477  486  489  496  500  500  500  500  500  498  495
  488  477  461  438  410  381  355  335  320  306  292  277  261  244  229  217
  207  198  189  180  172  167  164  160  154  146  135  122  109   97   89   84
   81   77   72   68   66   66   66   66   65   65   69   79   95  118  144  173
  200  232  260  285  306  334  364  377  432                                   
     7.5-180.0 180.0   5.0 450.0                            LAT/LON1/LON2/DLON/H
  431  449  463  463  481  491  505  515  527  534  538  540  542  545  547  547
  544  538  527  509  484  455  423  393  364  339  315  294  273  254  239  227
