data/edconvlstm_nd/pred1550.15i
     1.0            IONOSPHERE MAPS     GNSS                IONEX VERSION / TYPE
pyspatialgeodesy        IME             05-JAN-18 20:20     PGM / RUN BY / DATE 
Map Name                                                    COMMENT             
Predicted global ionosphere maps (GIM).                     DESCRIPTION         
  2015     6     4     0     0     0                        EPOCH OF FIRST MAP  
  2015     6     5     0     0     0                        EPOCH OF LAST MAP   
  7200                                                      INTERVAL            
    13                                                      # OF MAPS IN FILE   
  NONE                                                      MAPPING FUNCTION    
10.0                                                        ELEVATION CUTOFF    
One-way carrier phase leveled to code                       OBSERVABLES USED    
  6371.0                                                    BASE RADIUS         
 2                                                          MAP DIMENSION       
   450.0 450.0   0.0                                        HGT1 / HGT2 / DHGT  
    87.5 -87.5  -2.5                                        LAT1 / LAT2 / DLAT  
  -180.0 180.0   5.0                                        LON1 / LON2 / DLON  
    -1                                                      EXPONENT            
                                                            END OF HEADER       
[from data line 2145]
     6                                                      START OF TEC MAP    
  2015     6     4    10     0     0                        EPOCH OF CURRENT MAP
    87.5-180.0 180.0   5.0 450.0                            LAT/LON1/LON2/DLON/H
  161  157  152  157  159  159  157  156  158  159  160  160  161  161  162  162
  162  162  162  162  162  162  162  162  162  162  162  163  163  163  163  163
  163  163  164  164  164  164  165  165  165  165  165  166  166  166  166  166
  166  166  166  165  165  164  164  163  162  161  160  159  159  158  156  156
  155  156  153  152  157  156  161  160  161                                   
    85.0-180.0 180.0   5.0 450.0                            LAT/LON1/LON2/DLON/H
  151  152  158  156  157  160  160  162  163  165  165  166  167  167  168  168
  168  169  169  169  169  169  169  170  170  170  170  171  171  172  172  172
  173  173  173  174  174  174  175  175  175  176  176  176  176  177  177  177
  177  177  176  176  175  174  173  172  171  170  169  167  166  165  163  162
  162  162  157  156  152  153  158  162  151                                   
    82.5-180.0 180.0   5.0 450.0                            LAT/LON1/LON2/DLON/H
  140  148  150  147  147  151  152  154  156  158  159  161  162  162  163  164
  164  164  164  164  165  165  165  166  166  167  167  168  169  170  171  172
  173  174  174  175  176  176  177  177  178  178  179  179  180  181  181  181
  181  181  181  180  179  178  177  175  173  171  169  167  165  163  160  158
  156  155  149  150  147  152  152  146  140                                   
    80.0-180.0 180.0   5.0 450.0                            LAT/LON1/LON2/DLON/H
  137  143  145  145  145  147  150  153  156  158  160  162  163  163  164  164
  164  164  164  164  164  164  164  164  165  166  167  168  170  171  173  174
  176  177  178  179  180  181  182  182  183  184  185  186  187  188  189  190
  190  190  190  189  188  187  185  183  181  178  176  173  170  167  164  161
  159  155  150  150  146  149  154  144  137                                   
    77.5-180.0 180.0   5.0 450.0                            LAT/LON1/LON2/DLON/H
  141  141  144  145  144  147  150  153  156  158  159  161  162  163  163  163
  163  163  162  162  161  161  161  161  162  163  165  167  170  173  176  179
  182  184  187  188  189  190  191  192  193  194  195  197  198  200  201  202
  203  203  203  202  201  199  197  195  192  189  186  183  180  176  173  169
  165  161  154  153  152  150  151  149  141                                   
    75.0-180.0 180.0   5.0 450.0                            LAT/LON1/LON2/DLON/H
  141  143  142  144  144  147  149  151  155  157  158  159  160  161  161  161
  160  160  159  158  158  157  157  157  158  159  162  165  169  174  179  183
  188  192  195  197  199  200  200  201  202  203  204  205  207  209  210  211
  212  212  211  210  209  207  205  202  200  197  195  192  190  187  183  180
  176  171  164  158  156  155  156  149  141                                   
    72.5-180.0 180.0   5.0 450.0                            LAT/LON1/LON2/DLON/H
  144  147  144  145  144  146  148  150  152  154  154  155  156  156  156  156
  156  155  155  154  153  152  152  152  152  154  157  161  167  173  180  187
  193  199  203  206  208  209  209  209  209  210  210  212  213  215  216  216
  216  216  215  213  211  209  207  205  203  201  200  199  197  196  194  191
  187  183  176  171  165  163  162  159  144                                   
    70.0-180.0 180.0   5.0 450.0                            LAT/LON1/LON2/DLON/H
  153  152  149  147  144  144  144  145  146  147  147  147  148  148  149  149
  149  149  148  148  147  146  145  145  145  147  150  155  162  170  179  188
  197  204  209  213  215  215  215  214  213  213  214  214  215  216  217  216
  215  213  211  209  206  204  202  200  199  199  200  200  201  201  201  200
  197  194  188  182  176  174  174  170  153                                   
    67.5-180.0 180.0   5.0 450.0                            LAT/LON1/LON2/DLON/H
  161  160  156  152  147  144  142  141  141  140  140  141  142  142  143  144
  144  145  145  145  145  144  143  142  142  143  146  152  159  169  180  190
  200  209  215  219  221  221  220  219  217  216  216  216  217  217  216  215
  213  209  206  203  199  197  195  195  195  196  198  201  203  205  207  208
  207  204  199  194  188  186  184  180  161                                   
    65.0-180.0 180.0   5.0 450.0                            LAT/LON1/LON2/DLON/H
  172  171  164  158  150  144  139  135  134  133  132  133  134  136  137  138
  139  140  141  142  142  142  141  140  140  141  144  150  159  169  181  193
  204  213  220  225  226  226  225  223  221  220  219  219  219  218  216  214
  210  206  201  197  194  191  190  191  192  195  198  201  205  208  211  213
  214  213  209  206  201  201  200  195  172                                   
    62.5-180.0 180.0   5.0 450.0                            LAT/LON1/LON2/DLON/H
  183  181  173  164  153  144  136  129  126  124  124  125  127  129  131  132
  134  135  137  139  140  140  140  140  140  141  145  151  159  170  182  195
  206  216  223  228  229  229  228  226  224  223  222  221  221  220  217  214
  209  204  199  194  191  189  189  190  192  195  199  202  206  209  212  215
  217  217  215  214  210  211  211  207  183                                   
    60.0-180.0 180.0   5.0 450.0                            LAT/LON1/LON2/DLON/H
  192  191  181  170  156  144  132  123  118  115  115  116  119  121  123  125
  126  128  131  133  136  137  138  139  140  143  147  153  161  172  184  196
  207  216  223  228  230  230  229  228  227  225  225  225  224  223  220  216
  211  206  200  196  193  192  192  194  196  199  202  205  208  210  212  214
  216  217  216  217  216  219  219  214  192                                   
    57.5-180.0 180.0   5.0 450.0                            LAT/LON1/LON2/DLON/H
  199  199  188  176  160  145  131  120  113  109  107  109  111  113  115  116
  118  120  123  126  130  133  136  139  141  145  150  157  166  175  186  197
  207  216  223  227  231  232  232  231  231  230  230  230  229  228  226  222
  218  212  207  203  201  200  201  203  205  207  209  211  211  211  212  213
  213  215  215  217  218  222  224  219  199                                   
    55.0-180.0 180.0   5.0 450.0                            LAT/LON1/LON2/DLON/H
  204  204  194  182  164  148  133  119  111  105  102  103  104  105  106  107
  108  110  114  118  123  127  132  137  142  148  155  162  171  179  189  198
  206  214  221  227  231  234  235  236  236  236  236  236  236  235  234  231
  227  223  218  214  212  211  212  214  216  217  217  217  215  213  212  211
  211  212  212  214  217  223  224  219  204                                   
    52.5-180.0 180.0   5.0 450.0                            LAT/LON1/LON2/DLON/H
  207  207  199  187  169  154  138  123  113  105  101  100   99   99   98   98
   99  101  105  110  115  122  129  136  143  151  159  168  176  184  192  199
  206  213  220  226  232  237  240  243  244  244  244  244  244  244  243  242
  239  235  231  227  224  222  222  223  224  225  224  222  219  216  213  212
  210  211  211  213  215  221  222  217  207                                   
    50.0-180.0 180.0   5.0 450.0                            LAT/LON1/LON2/DLON/H
  207  206  200  190  175  160  146  131  120  111  105  101   97   95   93   91
   92   94   98  103  110  118  126  135  145  155  164  173  181  188  194  200
  207  213  221  228  236  242  248  252  254  254  253  253  252  253  253  253
  251  248  243  238  234  231  229  229  229  229  227  225  222  219  217  215
  214  214  213  213  215  219  220  214  207                                   
    47.5-180.0 180.0   5.0 450.0                            LAT/LON1/LON2/DLON/H
  204  202  198  190  178  167  155  142  131  120  112  106  100   94   90   88
   88   90   94  100  107  116  126  137  148  159  170  179  186  192  198  203
  209  216  224  233  242  250  258  263  266  267  265  263  262  262  263  263
  262  259  254  247  241  235  232  230  229  228  227  225  224  223  222  222
  221  221  219  218  217  219  217  211  204                                   
    45.0-180.0 180.0   5.0 450.0                            LAT/LON1/LON2/DLON/H
  199  196  194  188  179  171  163  152  143  132  123  114  106   98   91   88
   87   89   94  100  108  117  128  140  152  164  175  184  191  197  202  207
  213  221  230  240  250  261  270  277  281  282  280  276  274  273  274  274
  274  271  265  256  247  238  232  228  226  225  224  225  225  227  229  232
  233  233  229  226  221  220  216  209  199                                   
    42.5-180.0 180.0   5.0 450.0                            LAT/LON1/LON2/DLON/H
  192  188  186  182  176  171  167  160  153  144  135  125  114  104   96   92
   91   93   97  104  112  121  133  145  158  170  180  189  196  201  206  213
  220  229  239  250  261  273  285  294  299  300  297  293  288  286  287  288
  288  285  278  267  256  245  236  230  227  225  224  226  229  233  239  244
  246  247  242  236  228  223  217  209  192                                   
    40.0-180.0 180.0   5.0 450.0                            LAT/LON1/LON2/DLON/H
  186  180  178  173  170  167  166  163  160  154  146  137  125  113  104   98
   97   99  103  109  117  127  138  151  164  176  186  194  201  206  213  220
  229  239  250  262  274  287  300  311  318  320  318  312  307  304  304  305
  306  304  297  287  274  261  250  242  236  233  231  232  236  242  250  257
  261  261  256  247  236  227  220  210  186                                   
    37.5-180.0 180.0   5.0 450.0                            LAT/LON1/LON2/DLON/H
  182  174  170  163  160  158  160  160  161  159  155  147  136  124  114  107
  104  105  109  115  122  132  144  157  170  182  192  199  206  212  220  229
  240  251  263  275  287  301  316  329  339  343  341  336  330  326  326  329
  332  331  326  317  304  290  278  268  259  253  249  248  250  255  263  270
  274  275  268  257  244  232  223  212  182                                   
    35.0-180.0 180.0   5.0 450.0                            LAT/LON1/LON2/DLON/H
  182  172  166  156  151  148  150  153  157  160  160  155  146  134  123  115
  112  112  114  119  127  137  149  162  176  188  197  204  211  219  228  239
  251  264  276  288  300  315  331  346  358  365  365  361  356  353  354  359
  365  368  366  359  348  335  321  309  298  288  280  275  273  274  279  284
  287  286  277  265  251  237  228  216  182                                   
    32.5-180.0 180.0   5.0 450.0                            LAT/LON1/LON2/DLON/H
  188  177  167  153  146  140  141  145  152  158  162  160  153  143  132  123
  118  117  118  122  129  139  152  166  180  192  201  209  216  225  236  249
  263  276  288  300  312  327  344  361  376  385  388  386  383  382  386  395
  404  412  415  411  403  391  378  364  350  337  324  313  305  300  299  299
  298  294  284  271  256  242  233  221  188                                   
    30.0-180.0 180.0   5.0 450.0                            LAT/LON1/LON2/DLON/H
  199  187  175  158  147  138  137  140  147  155  162  164  159  150  140  130
  124  120  121  124  131  141  154  168  182  194  204  212  220  230  243  257
  273  287  299  311  323  337  354  373  390  401  407  408  408  411  419  431
  445  458  466  468  464  455  443  428  412  395  378  360  344  330  321  314
  308  301  289  275  260  246  238  227  199                                   
    27.5-180.0 180.0   5.0 450.0                            LAT/LON1/LON2/DLON/H
  214  202  189  171  156  145  141  141  147  155  163  166  164  156  146  135
  128  124  123  125  132  142  155  169  183  195  205  213  222  233  247  263
  280  295  308  320  332  346  363  381  399  412  420  424  427  434  446  463
  482  500  513  520  520  514  504  489  472  452  430  407  383  361  343  329
  317  306  293  278  263  251  244  234  214                                   
    25.0-180.0 180.0   5.0 450.0                            LAT/LON1/LON2/DLON/H
  230  219  207  190  173  160  153  150  153  160  166  170  168  161  151  140
  132  127  125  127  133  142  155  169  182  194  204  212  222  234  250  267
  285  301  315  328  340  354  369  387  403  417  426  432  439  449  465  485
  508  529  546  556  559  556  547  533  515  494  470  443  414  386  362  341
  324  311  297  282  267  255  248  241  230                                   
    22.5-180.0 180.0   5.0 450.0                            LAT/LON1/LON2/DLON/H
  243  235  225  211  194  181  172  167  166  169  173  174  172  165  155  145
  136  131  129  131  135  143  154  167  180  191  200  209  219  233  249  268
  287  306  322  336  349  362  376  391  405  417  426  433  442  455  473  495
  519  540  558  569  573  571  563  550  532  511  488  461  432  402  374  350
  331  317  302  287  271  259  251  246  243                                   
    20.0-180.0 180.0   5.0 450.0                            LAT/LON1/LON2/DLON/H
  249  245  239  229  215  203  194  187  183  181  181  180  176  169  160  150
  142  136  135  135  139  145  153  164  175  185  194  203  214  229  247  268
  290  310  328  344  358  371  383  395  406  416  423  430  440  453  472  493
  514  533  548  557  561  559  551  539  523  505  485  461  435  407  380  356
  337  323  308  292  276  261  253  247  249                                   
    17.5-180.0 180.0   5.0 450.0                            LAT/LON1/LON2/DLON/H
  248  246  245  239  229  220  213  205  199  193  189  185  180  173  164  155
  147  142  140  140  142  145  151  159  168  178  187  196  209  225  245  268
  292  315  336  354  369  381  391  401  409  416  421  426  435  448  464  481
  498  512  522  527  529  527  520  510  497  482  467  449  427  404  380  358
  340  327  313  298  279  261  251  245  248                                   
    15.0-180.0 180.0   5.0 450.0                            LAT/LON1/LON2/DLON/H
  239  238  242  238  232  226  223  217  210  202  195  189  183  176  168  159
  152  148  146  144  143  144  147  152  160  169  179  190  204  222  244  269
  295  320  343  363  379  391  401  409  415  419  421  425  431  441  453  466
  476  483  488  490  490  487  482  474  464  453  442  429  414  395  375  357
  341  330  317  301  281  259  247  239  239                                   
    12.5-180.0 180.0   5.0 450.0                            LAT/LON1/LON2/DLON/H
  225  225  229  226  224  221  221  218  212  204  195  189  183  177  170  162
  156  152  149  146  143  140  140  144  151  160  171  184  200  220  244  271
  299  326  350  371  387  400  410  418  423  426  426  428  431  438  445  451
  455  457  457  456  455  453  449  443  436  428  420  410  398  384  367  352
  339  329  317  301  280  254  240  230  225                                   
    10.0-180.0 180.0   5.0 450.0                            LAT/LON1/LON2/DLON/H
  211  209  212  207  207  205  208  208  204  198  191  185  180  176  170  163
  157  153  149  145  139  134  132  134  141  152  165  180  198  220  245  273
  302  329  354  375  392  405  416  425  431  434  435  434  435  438  441  442
  441  439  436  434  433  432  430  426  420  413  405  396  386  372  358  344
  332  323  312  297  275  246  232  220  211                                   
     7.5-180.0 180.0   5.0 450.0                            LAT/LON1/LON2/DLON/H
  200  196  196  187  187  184  188  190  189  185  180  177  174  171  167  161
  156  151  146  140  133  126  122  124  132  145  161  178  198  220  247  275
