data/edconvlstm_nd/pred2590.15i
     1.0            IONOSPHERE MAPS     GNSS                IONEX VERSION / TYPE
pyspatialgeodesy        IME             05-JAN-18 20:20     PGM / RUN BY / DATE 
Map Name                                                    COMMENT             
Predicted global ionosphere maps (GIM).                     DESCRIPTION         
  2015     9    16     0     0     0                        EPOCH OF FIRST MAP  
  2015     9    17     0     0     0                        EPOCH OF LAST MAP   
  7200                                                      INTERVAL            
    13                                                      # OF MAPS IN FILE   
  NONE                                                      MAPPING FUNCTION    
10.0                                                        ELEVATION CUTOFF    
One-way carrier phase leveled to code                       OBSERVABLES USED    
  6371.0                                                    BASE RADIUS         
 2                                                          MAP DIMENSION       
   450.0 450.0   0.0                                        HGT1 / HGT2 / DHGT  
    87.5 -87.5  -2.5                                        LAT1 / LAT2 / DLAT  
  -180.0 180.0   5.0                                        LON1 / LON2 / DLON  
    -1                                                      EXPONENT            
                                                            END OF HEADER       
[from data line 429]
     2                                                      START OF TEC MAP    
  2015     9    16     2     0     0                        EPOCH OF CURRENT MAP
    87.5-180.0 180.0   5.0 450.0                            LAT/LON1/LON2/DLON/H
   77   81   79   81   79   79   76   75   76   77   77   78   79   79   79   79
   79   79   78   77   77   76   75   73   72   71   70   69   68   66   65   64
   64   63   62   62   61   61   61   61   61   61   61   61   62   62   62   62
   63   63   64   64   64   64   65   65   65   65   65   65   66   65   65   66
   68   68   67   67   68   80   84   77   77                                   
    85.0-180.0 180.0   5.0 450.0                            LAT/LON1/LON2/DLON/H
   73   87   75   82   83   84   82   82   83   84   84   85   86   86   86   85
   85   84   83   82   81   79   77   76   74   72   70   69   67   66   64   63
   63   62   62   61   61   61   62   62   62   63   63   64   64   65   66   66
   67   67   68   69   69   69   70   70   71   71   71   72   72   72   72   73
   74   75   73   76   78   79   87   77   73                                   
    82.5-180.0 180.0   5.0 450.0                            LAT/LON1/LON2/DLON/H
   72   75   89   86   84   86   85   86   89   90   90   91   92   92   92   92
   91   90   88   86   84   81   78   76   73   70   67   65   63   61   59   58
   57   56   56   56   56   57   57   58   59   60   61   62   63   64   65   66
   67   68   69   70   71   72   73   73   74   74   75   75   75   75   75   76
   77   77   75   72   82   72   74   76   72                                   
    80.0-180.0 180.0   5.0 450.0                            LAT/LON1/LON2/DLON/H
   84   82   84   81   81   80   83   84   88   89   90   91   92   92   92   92
   91   89   87   85   82   78   74   71   67   63   60   57   54   52   50   49
   48   48   48   48   48   49   50   51   52   53   55   56   58   60   61   63
   64   66   67   69   70   71   72   73   74   75   76   76   76   76   76   77
   77   75   74   72   85   78   79   82   84                                   
    77.5-180.0 180.0   5.0 450.0                            LAT/LON1/LON2/DLON/H
   89   85   82   82   77   79   82   86   89   90   91   93   93   94   94   93
   92   91   88   86   82   78   74   69   65   60   56   53   50   48   46   45
   44   44   44   44   45   46   46   48   49   51   53   55   57   59   61   63
   65   67   69   71   72   74   75   77   78   79   80   81   81   82   81   82
   81   80   77   77   83   76   76   81   89                                   
    75.0-180.0 180.0   5.0 450.0                            LAT/LON1/LON2/DLON/H
   86   84   83   84   77   79   81   84   88   88   89   90   90   90   90   89
   88   87   85   82   79   75   70   65   60   56   52   48   46   44   43   42
   42   41   41   42   42   42   43   44   45   46   48   50   52   55   57   59
   61   63   65   67   69   71   73   75   77   79   81   82   83   83   84   84
   83   82   80   75   81   79   78   82   86                                   
    72.5-180.0 180.0   5.0 450.0                            LAT/LON1/LON2/DLON/H
   84   85   86   84   80   81   84   87   90   90   90   90   89   88   87   86
   84   83   81   79   76   72   68   63   58   54   50   47   46   44   44   44
   44   44   44   44   43   43   43   43   44   45   47   49   51   53   56   58
   60   62   65   67   69   72   75   77   80   82   84   86   87   88   89   90
   89   88   88   84   87   83   83   86   84                                   
    70.0-180.0 180.0   5.0 450.0                            LAT/LON1/LON2/DLON/H
   87   87   89   88   82   83   85   88   91   91   89   88   86   83   81   78
   76   75   74   72   70   67   63   59   55   51   48   46   45   45   46   46
   47   47   46   45   44   43   42   41   41   42   44   46   48   51   54   56
   59   61   64   66   69   72   75   79   82   85   87   89   91   92   93   94
   94   92   92   90   92   90   89   89   87                                   
    67.5-180.0 180.0   5.0 450.0                            LAT/LON1/LON2/DLON/H
   87   88   89   87   81   80   82   85   88   88   85   84   80   76   72   69
   66   65   63   62   61   59   56   52   48   45   42   41   41   42   43   44
   45   45   43   41   39   37   35   34   33   34   36   38   41   44   46   49
   52   54   57   60   63   66   70   74   78   82   85   87   89   90   91   92
   92   91   92   90   94   92   91   92   87                                   
    65.0-180.0 180.0   5.0 450.0                            LAT/LON1/LON2/DLON/H
   87   88   88   86   79   78   80   83   87   86   84   82   78   72   67   63
   60   58   57   56   55   53   50   47   44   41   39   38   38   40   41   43
   43   42   41   38   35   32   29   28   27   28   30   33   36   39   42   44
   47   50   52   56   59   63   68   73   77   81   85   88   89   90   91   92
   92   91   92   91   95   95   95   96   87                                   
    62.5-180.0 180.0   5.0 450.0                            LAT/LON1/LON2/DLON/H
   89   89   89   87   79   77   79   82   86   86   84   83   78   73   67   62
   58   55   54   53   52   50   47   44   41   38   37   36   37   38   40   41
   41   40   38   34   31   28   25   24   24   25   27   30   33   36   39   42
   45   48   51   54   58   63   68   74   79   84   88   91   93   94   95   96
   95   94   96   94   99  100  100  102   89                                   
    60.0-180.0 180.0   5.0 450.0                            LAT/LON1/LON2/DLON/H
   93   93   92   88   79   76   77   80   84   84   84   83   79   74   68   63
   58   55   53   51   49   47   44   42   39   36   35   35   35   36   37   38
   37   36   33   30   27   24   22   21   22   23   26   28   32   35   38   41
   44   47   50   54   59   64   70   76   82   87   92   95   98   99  100  101
  100   98  100   99  103  105  105  107   93                                   
    57.5-180.0 180.0   5.0 450.0                            LAT/LON1/LON2/DLON/H
  101   99   98   93   83   78   78   80   83   83   83   83   81   76   71   66
   61   57   54   51   49   46   43   40   37   35   34   34   34   35   35   34
   33   32   30   28   26   24   22   22   23   25   27   29   32   35   39   42
   45   49   53   58   63   69   75   82   88   94   99  103  106  107  109  110
  109  107  109  108  112  113  114  116  101                                   
    55.0-180.0 180.0   5.0 450.0                            LAT/LON1/LON2/DLON/H
  114  111  109  102   91   84   83   83   84   83   83   83   82   79   75   70
   65   60   56   53   50   46   43   40   38   37   36   35   35   34   33   32
   31   30   29   28   27   26   26   26   27   28   30   33   35   38   41   45
   49   54   59   64   70   77   83   90   97  102  108  112  116  118  120  122
  121  119  121  120  124  125  126  128  114                                   
    52.5-180.0 180.0   5.0 450.0                            LAT/LON1/LON2/DLON/H
  131  128  124  117  104   96   93   91   89   86   85   85   84   82   79   75
   70   65   61   57   53   49   46   43   41   40   40   39   38   36   33   32
   30   30   30   31   31   32   32   32   33   35   36   38   40   43   46   51
   56   61   67   74   81   88   95  102  108  113  119  123  127  131  134  136
  135  134  136  135  139  139  141  141  131                                   
    50.0-180.0 180.0   5.0 450.0                            LAT/LON1/LON2/DLON/H
  150  148  143  136  123  114  109  104  100   94   90   89   88   87   84   80
   75   70   66   62   58   54   51   49   47   47   46   45   43   40   36   34
   33   33   35   37   39   40   40   41   41   42   43   45   47   50   53   58
   64   71   78   86   94  102  109  116  121  126  130  135  139  143  147  150
  150  150  151  150  155  154  156  156  150                                   
    47.5-180.0 180.0   5.0 450.0                            LAT/LON1/LON2/DLON/H
  167  168  162  157  144  135  129  121  114  106  100   97   95   93   89   85
   81   77   73   69   66   62   59   57   56   55   54   52   49   45   41   38
   37   39   42   45   47   49   49   50   50   51   51   53   55   58   62   67
   74   82   90   99  108  117  125  131  136  139  142  146  150  154  159  163
  164  164  165  164  168  168  170  170  167                                   
    45.0-180.0 180.0   5.0 450.0                            LAT/LON1/LON2/DLON/H
  179  183  177  173  162  155  149  140  132  122  114  109  105  101   97   92
   88   84   81   78   76   73   70   67   65   63   61   58   54   49   45   43
   42   45   48   52   55   56   57   57   57   58   59   61   63   66   71   77
   84   92  101  111  121  131  140  146  150  152  153  156  159  163  167  172
  174  175  176  175  179  178  181  180  179                                   
    42.5-180.0 180.0   5.0 450.0                            LAT/LON1/LON2/DLON/H
  185  190  184  183  174  168  164  157  149  138  129  123  118  112  106  101
   96   92   90   88   86   84   80   77   74   71   67   63   58   53   49   46
   47   50   54   58   60   61   61   61   62   64   67   69   72   75   79   85
   93  101  110  121  133  144  153  159  162  163  164  165  167  170  174  179
  182  183  184  182  186  185  187  187  185                                   
    40.0-180.0 180.0   5.0 450.0                            LAT/LON1/LON2/DLON/H
  186  190  184  184  177  174  172  168  162  153  145  139  132  125  118  111
  105  102  100   99   97   94   90   85   80   76   71   65   59   54   50   49
   50   53   57   60   62   63   63   64   66   69   73   76   79   83   87   92
   99  107  117  128  141  153  164  170  173  174  174  174  176  178  182  187
  189  191  192  190  191  190  192  191  186                                   
    37.5-180.0 180.0   5.0 450.0                            LAT/LON1/LON2/DLON/H
  185  187  181  179  174  172  173  172  170  164  158  153  147  139  130  122
  116  112  111  109  107  103   98   92   85   78   72   65   59   54   50   50
   51   54   58   61   62   62   63   64   68   73   78   82   85   88   92   96
  102  110  120  133  147  161  172  180  184  185  185  186  187  190  193  198
  201  202  203  200  199  196  197  196  185                                   
    35.0-180.0 180.0   5.0 450.0                            LAT/LON1/LON2/DLON/H
  189  188  180  175  170  168  170  172  174  171  168  165  160  152  143  134
  127  123  120  118  115  110  103   95   87   79   71   64   57   53   50   50
   52   55   58   60   61   61   62   65   69   75   81   86   89   91   94   97
  103  111  122  136  152  167  180  189  193  195  197  200  203  206  209  214
  217  219  219  215  213  208  208  206  189                                   
    32.5-180.0 180.0   5.0 450.0                            LAT/LON1/LON2/DLON/H
  203  199  189  181  174  170  171  174  177  176  175  174  170  163  154  145
  138  132  128  124  118  112  104   95   87   78   70   63   57   53   51   51
   53   56   58   60   61   62   63   66   71   77   84   88   90   91   93   96
  102  111  124  139  157  174  188  198  203  207  211  216  221  227  232  238
  241  243  243  238  234  227  227  224  203                                   
    30.0-180.0 180.0   5.0 450.0                            LAT/LON1/LON2/DLON/H
  231  226  214  202  193  185  183  183  184  183  183  182  179  172  164  154
  146  139  132  125  118  110  102   94   86   78   70   64   58   55   54   55
   57   59   61   62   64   65   67   70   75   80   85   88   89   89   91   94
  101  111  126  144  164  183  197  207  213  219  226  234  243  252  259  267
  271  273  273  267  262  255  256  252  231                                   
    27.5-180.0 180.0   5.0 450.0                            LAT/LON1/LON2/DLON/H
  272  269  257  242  233  221  213  207  203  198  194  192  187  180  171  161
  151  142  132  123  113  105   98   91   85   79   73   67   63   60   60   61
   63   65   67   68   70   72   74   76   79   82   86   87   87   87   88   92
  100  113  130  150  172  192  208  218  225  232  242  254  267  278  289  298
  304  307  308  301  295  289  292  288  272                                   
    25.0-180.0 180.0   5.0 450.0                            LAT/LON1/LON2/DLON/H
  324  326  314  300  293  279  264  250  237  224  214  206  197  187  177  165
  154  142  130  118  107   99   93   89   85   81   77   73   69   68   68   70
   72   74   76   77   80   82   83   83   84   85   86   86   85   84   85   90
  100  116  136  159  182  203  219  229  237  247  259  274  290  305  318  329
  337  342  343  337  331  326  332  329  324                                   
    22.5-180.0 180.0   5.0 450.0                            LAT/LON1/LON2/DLON/H
  378  388  377  368  366  352  332  309  287  264  244  228  212  197  183  169
  155  141  127  113  101   94   90   88   87   85   82   79   77   77   78   80
   82   85   86   88   91   92   92   90   88   86   86   85   83   82   83   90
  102  120  143  168  192  214  230  241  251  262  276  293  311  328  343  357
  367  374  377  371  365  362  370  370  378                                   
    20.0-180.0 180.0   5.0 450.0                            LAT/LON1/LON2/DLON/H
  426  442  437  435  439  428  407  379  348  316  286  259  234  212  192  174
  158  142  126  111   99   93   90   90   90   89   87   86   85   85   87   90
   93   95   97   99  101  102  100   96   91   87   85   84   82   81   83   90
  104  125  150  177  202  224  241  254  266  278  293  311  329  346  363  379
  391  400  405  401  395  395  405  408  426                                   
    17.5-180.0 180.0   5.0 450.0                            LAT/LON1/LON2/DLON/H
  459  479  482  488  498  493  474  445  410  372  334  298  264  233  206  184
  164  147  130  115  104   97   95   95   95   94   93   91   91   92   95   99
  102  105  107  109  110  109  105   99   93   88   86   85   83   81   83   91
  106  129  155  183  210  233  252  268  281  295  310  327  344  361  378  395
  409  420  428  426  421  423  433  439  459                                   
    15.0-180.0 180.0   5.0 450.0                            LAT/LON1/LON2/DLON/H
  475  497  504  517  532  534  519  495  461  422  381  340  300  262  228  200
  178  159  143  128  116  109  105  103  102  100   97   96   96   98  102  107
  111  114  115  116  115  113  107  100   94   89   87   86   84   82   83   91
  107  130  158  187  215  240  262  281  297  312  326  341  356  372  389  406
  421  434  444  445  442  444  455  461  475                                   
    12.5-180.0 180.0   5.0 450.0                            LAT/LON1/LON2/DLON/H
  478  496  505  520  538  545  536  518  491  457  419  378  336  294  256  224
  200  182  165  151  138  128  121  116  111  106  103  101  101  104  109  115
  119  121  121  120  118  114  108  101   95   91   89   88   85   82   82   89
  105  129  157  187  217  244  270  292  312  328  341  355  368  383  398  414
  427  441  453  458  456  460  470  477  478                                   
    10.0-180.0 180.0   5.0 450.0                            LAT/LON1/LON2/DLON/H
  473  485  491  503  519  527  524  514  495  470  440  405  366  325  286  254
  231  213  198  183  168  154  143  132  123  116  111  108  109  113  118  123
  126  126  124  121  118  113  107  101   96   93   91   89   85   81   80   86
  102  125  154  185  216  246  274  300  323  341  355  367  380  394  407  419
  431  443  456  464  466  470  479  486  473                                   
     7.5-180.0 180.0   5.0 450.0                            LAT/LON1/LON2/DLON/H
  468  473  473  477  488  494  491  487  477  461  442  417  385  350  315  286
  265  249  236  221  204  185  167  151  138  128  123  121  121  124  127  131
