data/edconvlstm_nd/pred0850.15i
     1.0            IONOSPHERE MAPS     GNSS                IONEX VERSION / TYPE
pyspatialgeodesy        IME             05-JAN-18 20:20     PGM / RUN BY / DATE 
Map Name                                                    COMMENT             
Predicted global ionosphere maps (GIM).                     DESCRIPTION         
  2015     3    26     0     0     0                        EPOCH OF FIRST MAP  
  2015     3    27     0     0     0                        EPOCH OF LAST MAP   
  7200                                                      INTERVAL            
    13                                                      # OF MAPS IN FILE   
  NONE                                                      MAPPING FUNCTION    
10.0                                                        ELEVATION CUTOFF    
One-way carrier phase leveled to code                       OBSERVABLES USED    
  6371.0                                                    BASE RADIUS         
 2                                                          MAP DIMENSION       
   450.0 450.0   0.0                                        HGT1 / HGT2 / DHGT  
    87.5 -87.5  -2.5                                        LAT1 / LAT2 / DLAT  
  -180.0 180.0   5.0                                        LON1 / LON2 / DLON  
    -1                                                      EXPONENT            
                                                            END OF HEADER       
[from data line 3003]
     8                                                      START OF TEC MAP    
  2015     3    26    14     0     0                        EPOCH OF CURRENT MAP
    87.5-180.0 180.0   5.0 450.0                            LAT/LON1/LON2/DLON/H
  149  153  149  159  163  166  167  168  170  174  175  177  179  181  183  185
  186  188  190  191  193  194  196  197  198  199  200  200  201  201  201  201
  200  200  198  197  195  193  191  188  185  182  179  176  173  170  167  165
  162  159  157  154  152  150  148  147  146  145  144  144  143  143  143  143
  144  145  145  144  148  148  154  155  149                                   
    85.0-180.0 180.0   5.0 450.0                            LAT/LON1/LON2/DLON/H
  136  144  156  155  156  164  167  171  173  176  177  180  181  183  185  187
  189  190  192  194  196  198  200  201  203  205  206  207  209  209  210  210
  210  209  208  207  205  203  200  197  194  190  187  183  180  176  172  169
  166  162  159  156  154  152  150  148  147  146  145  144  144  144  144  144
  145  146  144  143  143  142  144  149  136                                   
    82.5-180.0 180.0   5.0 450.0                            LAT/LON1/LON2/DLON/H
  115  130  135  137  141  150  155  159  162  165  167  170  171  173  175  177
  179  181  183  186  189  191  194  197  200  203  206  208  211  213  214  215
  216  216  215  213  211  208  205  201  196  191  186  181  176  170  165  160
  156  151  147  143  140  137  134  132  131  129  128  128  127  126  126  126
  126  126  124  125  124  132  128  127  115                                   
    80.0-180.0 180.0   5.0 450.0                            LAT/LON1/LON2/DLON/H
  104  115  123  127  130  135  141  147  151  155  156  159  160  162  163  165
  167  169  172  175  178  181  185  188  192  196  199  203  206  209  211  213
  214  214  214  212  210  207  202  198  192  187  181  175  170  164  159  154
  149  145  141  137  134  131  129  127  126  125  124  123  122  122  121  120
  120  120  117  116  112  114  112  116  104                                   
    77.5-180.0 180.0   5.0 450.0                            LAT/LON1/LON2/DLON/H
  106  109  113  116  119  125  130  135  139  142  143  145  146  148  149  151
  153  155  159  162  167  171  175  180  185  189  193  197  201  205  208  211
  213  214  214  214  212  208  204  199  193  186  180  174  168  163  158  154
  150  146  142  139  136  133  131  130  128  127  127  126  125  124  123  121
  119  118  115  114  111  107  106  110  106                                   
    75.0-180.0 180.0   5.0 450.0                            LAT/LON1/LON2/DLON/H
  103  107  107  110  112  118  121  125  130  133  133  135  136  137  138  139
  142  145  150  155  160  166  172  178  183  187  192  196  199  203  206  209
  212  214  215  215  213  211  207  202  196  190  185  179  174  170  166  163
  159  156  153  150  147  144  142  140  138  137  136  135  134  133  131  129
  125  123  119  116  113  107  104   98  103                                   
    72.5-180.0 180.0   5.0 450.0                            LAT/LON1/LON2/DLON/H
  100  103  101  106  106  112  115  119  122  124  125  126  127  128  129  131
  135  140  147  154  162  170  177  184  189  193  197  200  202  204  207  209
  212  214  216  217  217  215  212  208  203  198  193  189  185  182  179  176
  173  170  166  162  158  154  151  147  145  143  141  140  138  136  134  131
  127  123  119  116  113  108  105  100  100                                   
    70.0-180.0 180.0   5.0 450.0                            LAT/LON1/LON2/DLON/H
   97   99   98  101  102  106  108  112  115  118  119  120  120  121  122  125
  131  138  147  157  168  179  188  195  201  205  207  208  208  208  209  210
  212  214  217  219  219  219  218  215  212  208  204  201  198  196  194  191
  188  184  179  173  167  161  155  149  145  142  139  137  135  133  131  128
  124  120  116  113  109  105  104   98   97                                   
    67.5-180.0 180.0   5.0 450.0                            LAT/LON1/LON2/DLON/H
   87   92   93   97   99  104  106  110  113  116  117  119  120  121  123  127
  133  143  155  168  182  195  205  214  219  222  222  221  219  217  216  215
  216  218  221  223  226  227  227  226  224  221  219  217  215  213  211  207
  203  197  189  181  171  162  153  145  138  133  130  127  125  123  121  119
  116  112  108  105  102   99   98   93   87                                   
    65.0-180.0 180.0   5.0 450.0                            LAT/LON1/LON2/DLON/H
   73   81   82   87   90   95   98  102  106  110  113  115  117  118  121  126
  133  145  159  175  191  206  218  228  233  235  235  232  228  225  222  221
  221  223  226  230  233  236  238  238  238  236  235  233  231  228  225  220
  213  204  193  181  168  155  142  131  122  116  111  108  106  104  102  100
   97   95   92   89   88   89   88   85   73                                   
    62.5-180.0 180.0   5.0 450.0                            LAT/LON1/LON2/DLON/H
   55   65   68   73   76   82   86   91   96  102  106  111  114  116  120  125
  134  146  162  179  197  213  226  235  241  243  242  239  236  232  229  228
  228  230  234  238  242  247  250  251  252  251  250  248  245  241  235  227
  218  206  192  176  160  144  129  116  105   97   92   88   86   84   82   80
   77   75   73   70   71   73   73   73   55                                   
    60.0-180.0 180.0   5.0 450.0                            LAT/LON1/LON2/DLON/H
   40   49   53   59   61   66   71   76   83   90   97  103  108  112  116  123
  132  145  161  178  196  212  224  233  239  242  242  242  240  239  238  238
  239  242  245  250  256  260  264  267  268  267  266  263  258  252  244  234
  221  207  191  174  156  139  122  108   96   88   82   78   75   72   69   66
   63   60   58   55   56   58   58   60   40                                   
    57.5-180.0 180.0   5.0 450.0                            LAT/LON1/LON2/DLON/H
   31   38   42   46   47   52   56   62   69   77   86   94  101  107  113  120
  130  143  159  176  192  206  218  227  233  237  240  243  245  247  250  252
  255  259  263  268  274  279  283  285  286  285  282  278  272  264  254  242
  228  213  197  179  162  145  128  114  103   94   88   83   80   76   71   67
   62   57   55   51   51   51   50   54   31                                   
    55.0-180.0 180.0   5.0 450.0                            LAT/LON1/LON2/DLON/H
   33   36   39   41   40   44   47   51   58   66   75   85   94  102  109  118
  129  143  158  174  189  201  212  220  227  233  239  246  253  259  266  271
  276  281  285  291  296  300  303  305  305  303  299  294  286  277  266  254
  240  225  210  195  179  163  148  134  124  115  110  105  101   96   90   84
   76   70   66   61   59   55   53   56   33                                   
    52.5-180.0 180.0   5.0 450.0                            LAT/LON1/LON2/DLON/H
   47   44   45   45   42   45   46   48   52   59   68   79   89   98  108  119
  132  147  162  177  190  201  211  219  227  236  245  255  265  276  286  294
  301  306  311  316  320  324  325  325  324  320  315  309  301  292  282  270
  257  244  231  218  204  190  176  164  154  147  142  139  135  130  122  114
  104   96   91   85   81   73   69   68   47                                   
    50.0-180.0 180.0   5.0 450.0                            LAT/LON1/LON2/DLON/H
   72   64   61   58   55   56   56   54   55   60   67   77   87   98  110  124
  139  155  171  186  198  209  219  228  237  248  259  271  284  297  309  318
  326  332  337  341  345  347  347  345  341  336  331  324  317  309  300  290
  279  268  256  244  231  217  204  192  184  178  175  174  171  166  159  150
  138  129  123  117  111  102   95   88   72                                   
    47.5-180.0 180.0   5.0 450.0                            LAT/LON1/LON2/DLON/H
  103   93   86   81   77   77   74   69   67   69   73   81   91  103  117  133
  150  168  185  200  213  225  236  246  257  269  281  294  307  319  330  340
  347  354  360  364  368  369  368  364  359  352  346  339  333  326  319  310
  301  290  279  266  251  236  221  209  200  196  196  196  196  193  188  179
  168  159  152  147  143  134  126  115  103                                   
    45.0-180.0 180.0   5.0 450.0                            LAT/LON1/LON2/DLON/H
  131  123  113  109  105  103   97   90   85   84   86   92  101  113  128  145
  164  184  202  218  232  245  257  270  283  296  308  318  328  337  346  355
  363  370  377  384  388  390  389  384  377  369  361  355  349  343  337  329
  319  308  294  277  259  239  221  207  197  194  195  199  202  202  199  193
  184  177  169  167  165  159  153  141  131                                   
    42.5-180.0 180.0   5.0 450.0                            LAT/LON1/LON2/DLON/H
  149  146  136  134  132  129  122  112  105  101  102  107  116  127  143  161
  181  200  219  235  249  264  279  295  309  322  332  339  345  350  357  365
  374  383  393  403  410  414  413  408  399  389  380  372  366  361  354  346
  334  319  301  279  254  229  206  188  178  174  177  182  187  190  191  188
  183  178  172  171  172  172  168  157  149                                   
    40.0-180.0 180.0   5.0 450.0                            LAT/LON1/LON2/DLON/H
  153  156  149  150  151  147  140  130  122  118  118  123  132  144  160  178
  197  216  233  248  263  279  297  314  330  342  350  353  356  359  365  374
  385  399  413  427  439  445  445  439  428  415  403  394  386  380  372  362
  347  328  305  277  247  216  189  168  155  151  152  157  162  167  170  171
  168  166  161  160  164  169  168  159  153                                   
    37.5-180.0 180.0   5.0 450.0                            LAT/LON1/LON2/DLON/H
  143  154  151  154  158  155  150  140  133  130  131  138  148  161  177  195
  213  230  245  259  274  290  309  327  343  354  360  363  365  368  376  388
  404  423  443  463  478  487  488  480  467  450  435  422  412  403  394  381
  364  342  316  284  249  215  184  161  146  140  139  140  143  147  150  153
  153  152  147  144  147  155  155  148  143                                   
    35.0-180.0 180.0   5.0 450.0                            LAT/LON1/LON2/DLON/H
  127  143  146  148  154  150  148  140  135  134  138  148  161  176  194  211
  227  242  255  268  282  299  317  335  350  361  367  371  375  382  395  412
  435  462  489  514  533  543  543  532  515  495  475  458  445  434  423  409
  392  370  342  310  274  239  208  183  166  156  151  147  145  145  147  149
  149  147  140  133  132  137  137  131  127                                   
    32.5-180.0 180.0   5.0 450.0                            LAT/LON1/LON2/DLON/H
  112  131  136  137  140  138  138  132  130  132  139  152  168  187  206  225
  240  254  266  278  292  307  324  341  355  366  375  383  392  406  425  452
  484  519  553  582  601  609  606  592  571  547  523  504  488  475  464  451
  435  416  391  362  330  297  267  243  224  209  197  186  177  171  169  169
  167  163  151  137  129  128  124  116  112                                   
    30.0-180.0 180.0   5.0 450.0                            LAT/LON1/LON2/DLON/H
  106  123  127  125  125  123  124  120  120  124  133  149  169  192  215  235
  252  265  278  291  305  321  336  350  363  376  388  402  419  442  472  508
  550  593  632  660  676  678  670  653  629  602  578  557  540  528  518  508
  497  483  465  443  417  391  365  341  319  298  278  259  241  227  220  216
  212  204  185  164  145  133  122  110  106                                   
    27.5-180.0 180.0   5.0 450.0                            LAT/LON1/LON2/DLON/H
  110  123  122  118  114  112  114  110  110  114  125  141  164  191  217  241
  260  277  292  308  324  340  354  366  378  392  409  431  459  492  532  579
  629  676  714  737  744  740  726  706  682  657  634  615  601  591  584  579
  575  569  560  547  530  511  491  469  444  417  388  359  333  311  298  289
  280  267  242  214  183  158  136  115  110                                   
    25.0-180.0 180.0   5.0 450.0                            LAT/LON1/LON2/DLON/H
  127  133  123  117  111  108  110  106  105  108  116  132  155  184  214  242
  266  288  308  329  348  365  378  389  401  417  441  472  509  552  601  654
  706  751  782  796  795  784  767  748  727  707  689  675  665  659  657  658
  661  662  660  654  643  630  615  595  569  538  504  469  437  410  391  376
  363  345  314  281  239  199  165  132  127                                   
    22.5-180.0 180.0   5.0 450.0                            LAT/LON1/LON2/DLON/H
  154  152  134  125  115  113  114  109  105  106  110  122  144  174  207  240
  269  297  323  350  373  392  405  416  429  450  480  520  565  616  669  721
  769  805  826  830  822  807  791  775  760  748  738  731  727  726  727  732
  738  742  741  735  726  714  700  680  653  621  587  554  525  498  478  460
  444  424  390  353  302  251  207  164  154                                   
    20.0-180.0 180.0   5.0 450.0                            LAT/LON1/LON2/DLON/H
  184  175  152  140  127  124  124  118  112  108  108  116  134  163  199  236
  271  304  337  369  396  417  431  444  461  486  523  569  621  675  726  771
  807  831  841  838  826  811  798  789  783  780  780  780  781  783  786  790
  794  793  786  773  757  740  722  700  673  642  614  590  570  551  536  518
  502  484  452  415  361  305  256  209  184                                   
    17.5-180.0 180.0   5.0 450.0                            LAT/LON1/LON2/DLON/H
  212  198  173  157  141  138  137  130  122  115  110  113  128  156  192  232
  272  311  349  385  415  437  453  468  489  520  563  614  668  719  761  794
  816  829  832  826  814  802  796  795  799  805  813  819  824  826  827  826
  821  810  789  762  733  707  683  658  631  606  587  575  567  559  550  535
  521  509  484  452  403  346  300  257  212                                   
    15.0-180.0 180.0   5.0 450.0                            LAT/LON1/LON2/DLON/H
  233  215  190  173  153  150  148  141  132  123  116  116  127  153  190  232
  275  318  359  396  427  450  467  485  511  548  597  650  701  743  772  792
  804  810  809  802  795  790  792  801  813  827  840  849  853  853  848  839
  822  794  756  710  666  629  599  573  550  533  524  525  530  531  527  515
  503  497  481  456  417  365  327  290  233                                   
    12.5-180.0 180.0   5.0 450.0                            LAT/LON1/LON2/DLON/H
  247  227  201  183  162  157  154  148  140  131  123  122  132  157  193  237
  282  326  368  404  434  455  473  495  527  572  625  677  720  751  769  780
  785  787  786  783  782  786  797  813  831  848  861  869  870  864  851  831
  800  756  698  636  578  533  501  478  462  454  457  470  484  490  487  475
  462  458  449  432  405  363  334  301  247                                   
    10.0-180.0 180.0   5.0 450.0                            LAT/LON1/LON2/DLON/H
  255  234  208  189  168  159  156  149  143  136  129  130  141  166  203  247
  292  336  376  410  436  455  474  501  540  592  648  697  732  754  764  769
  772  773  774  777  783  795  813  833  852  867  877  879  874  861  840  810
  767  709  638  564  501  455  426  409  401  402  413  432  449  455  449  431
  415  408  403  392  377  347  325  292  255                                   
     7.5-180.0 180.0   5.0 450.0                            LAT/LON1/LON2/DLON/H
  258  238  211  192  172  158  153  146  141  137  134  138  153  180  218  262
  306  348  384  414  437  455  476  508  555  612  668  713  743  758  766  769
