data/edconvlstm_nd/pred3510.15i
     1.0            IONOSPHERE MAPS     GNSS                IONEX VERSION / TYPE
pyspatialgeodesy        IME             05-JAN-18 20:20     PGM / RUN BY / DATE 
Map Name                                                    COMMENT             
Predicted global ionosphere maps (GIM).                     DESCRIPTION         
  2015    12    17     0     0     0                        EPOCH OF FIRST MAP  
  2015    12    18     0     0     0                        EPOCH OF LAST MAP   
  7200                                                      INTERVAL            
    13                                                      # OF MAPS IN FILE   
  NONE                                                      MAPPING FUNCTION    
10.0                                                        ELEVATION CUTOFF    
One-way carrier phase leveled to code                       OBSERVABLES USED    
  6371.0                                                    BASE RADIUS         
 2                                                          MAP DIMENSION       
   450.0 450.0   0.0                                        HGT1 / HGT2 / DHGT  
    87.5 -87.5  -2.5                                        LAT1 / LAT2 / DLAT  
  -180.0 180.0   5.0                                        LON1 / LON2 / DLON  
    -1                                                      EXPONENT            
                                                            END OF HEADER       
     1                                                      START OF TEC MAP    
  2015    12    17     0     0     0                        EPOCH OF CURRENT MAP
    87.5-180.0 180.0   5.0 450.0                            LAT/LON1/LON2/DLON/H
   68   59   45   36   33   42   37   34   35   35   35   35   36   36   36   36
   37   37   37   37   37   37   37   37   37   37   37   37   37   37   37   37
   37   37   37   37   37   37   37   37   37   37   37   37   38   38   38   38
   39   39   39   39   39   40   40   40   40   39   39   39   39   38   38   38
   37   37   36   37   28   48   52   52   68                                   
    85.0-180.0 180.0   5.0 450.0                            LAT/LON1/LON2/DLON/H
   53   58   40   40   39   49   44   42   43   42   43   43   44   44   45   45
   46   46   46   47   47   47   47   47   47   47   47   47   47   46   46   46
   46   47   47   47   47   47   47   48   48   48   48   48   49   49   49   49
   50   50   50   50   50   50   50   50   50   49   49   48   48   47   47   46
   46   45   46   50   53   60   71   60   53                                   
    82.5-180.0 180.0   5.0 450.0                            LAT/LON1/LON2/DLON/H
   40   33   44   37   34   43   38   35   38   37   38   39   40   41   42   42
   43   43   42   42   41   40   39   38   37   35   34   33   32   32   32   31
   32   32   32   33   34   35   36   37   38   39   40   40   41   42   42   43
   43   44   44   44   44   44   44   43   43   42   42   41   40   40   39   39
   38   37   38   37   45   42   54   58   40                                   
    80.0-180.0 180.0   5.0 450.0                            LAT/LON1/LON2/DLON/H
   53   46   51   40   41   42   40   38   41   40   41   43   44   46   46   47
   47   47   46   45   44   42   40   38   36   35   34   33   32   32   31   32
   32   33   34   35   36   36   37   38   39   40   41   41   42   42   43   43
   44   44   44   44   44   44   44   43   43   42   41   41   40   39   39   39
   38   37   39   38   54   48   62   77   53                                   
    77.5-180.0 180.0   5.0 450.0                            LAT/LON1/LON2/DLON/H
   67   62   54   53   48   47   43   44   47   46   48   50   51   52   53   54
   54   53   52   51   49   47   44   42   39   37   36   35   34   34   34   34
   35   36   37   38   39   39   40   41   41   41   42   42   42   42   43   43
   43   44   44   44   44   44   44   43   43   42   41   40   39   39   39   38
   38   39   42   43   51   53   61   81   67                                   
    75.0-180.0 180.0   5.0 450.0                            LAT/LON1/LON2/DLON/H
   82   68   70   69   62   62   56   56   59   57   58   59   59   59   59   58
   57   56   54   52   50   47   45   42   40   38   37   36   36   37   37   38
   39   40   42   43   44   44   44   44   44   44   43   43   42   42   42   42
   42   43   43   43   43   43   43   43   42   42   41   40   40   40   40   40
   39   42   46   45   54   65   71   85   82                                   
    72.5-180.0 180.0   5.0 450.0                            LAT/LON1/LON2/DLON/H
   90   81   85   83   78   74   70   70   72   70   69   69   68   66   65   63
   61   59   57   54   52   49   47   45   44   43   42   42   42   42   43   44
   45   46   46   47   47   47   46   45   44   43   42   41   40   39   39   39
   39   40   40   41   41   42   42   41   41   41   40   39   39   39   40   40
   40   43   51   53   62   73   83  101   90                                   
    70.0-180.0 180.0   5.0 450.0                            LAT/LON1/LON2/DLON/H
  106   99  103  105   98   95   91   89   90   86   84   82   78   74   70   66
   62   59   55   53   50   49   47   46   46   45   45   45   46   46   47   48
   48   49   49   49   48   47   46   45   43   42   40   39   38   38   37   38
   38   38   39   40   41   41   42   42   42   42   42   42   42   42   44   45
   46   49   58   61   72   85   95  110  106                                   
    67.5-180.0 180.0   5.0 450.0                            LAT/LON1/LON2/DLON/H
  119  116  119  121  115  111  105  104  103   98   94   90   84   77   70   64
   58   53   49   46   44   43   42   42   43   43   43   44   44   44   45   44
   44   43   42   41   40   38   37   36   34   33   32   32   31   31   31   31
   32   33   34   35   36   37   38   38   39   40   40   41   42   43   45   47
   48   52   61   66   79   93  103  118  119                                   
    65.0-180.0 180.0   5.0 450.0                            LAT/LON1/LON2/DLON/H
  129  126  128  131  127  123  116  115  115  109  104   98   90   81   72   63
   56   49   45   41   39   38   38   38   39   40   40   40   40   40   39   38
   36   34   32   31   29   27   26   26   25   25   25   25   25   26   26   26
   27   28   29   30   31   33   34   35   37   39   40   42   44   46   49   52
   54   58   67   72   85  100  111  127  129                                   
    62.5-180.0 180.0   5.0 450.0                            LAT/LON1/LON2/DLON/H
  135  132  135  138  135  131  125  125  125  119  114  107   97   86   76   66
   57   50   45   41   38   37   36   36   37   37   37   37   36   35   33   31
   29   26   23   21   20   19   18   19   19   21   22   23   24   25   25   25
   25   26   26   27   29   30   32   34   37   40   44   47   51   55   59   63
   65   68   77   80   91  106  116  133  135                                   
    60.0-180.0 180.0   5.0 450.0                            LAT/LON1/LON2/DLON/H
  136  134  138  141  138  135  130  131  131  126  121  113  103   92   81   71
   62   54   48   43   40   37   35   34   33   33   33   32   31   30   28   25
   22   18   16   14   13   12   13   14   16   19   21   23   25   25   25   24
   24   24   24   24   25   27   29   33   37   42   47   53   59   65   70   75
   77   80   87   89   97  110  119  137  136                                   
    57.5-180.0 180.0   5.0 450.0                            LAT/LON1/LON2/DLON/H
  136  135  140  142  139  137  133  134  136  132  126  119  110   99   88   78
   69   62   55   48   43   38   34   32   30   29   28   28   28   26   24   21
   18   15   12   11   10   11   12   14   17   21   24   27   28   28   27   25
   24   23   23   23   23   25   28   32   38   45   52   60   68   76   83   89
   91   94  101  101  106  115  123  142  136                                   
    55.0-180.0 180.0   5.0 450.0                            LAT/LON1/LON2/DLON/H
  140  139  144  145  142  141  137  139  140  136  131  124  115  105   95   86
   78   70   62   54   46   40   34   30   28   26   26   26   26   25   23   20
   18   15   14   13   13   15   17   19   23   27   31   33   34   33   31   28
   26   25   24   24   24   26   29   34   40   48   57   67   77   87   96  103
  106  109  116  116  119  124  130  150  140                                   
    52.5-180.0 180.0   5.0 450.0                            LAT/LON1/LON2/DLON/H
  149  148  151  153  150  148  145  145  146  141  135  128  119  110  102   94
   87   78   69   59   50   43   36   31   28   27   26   27   27   27   26   23
   21   20   19   20   21   23   26   29   32   36   40   42   42   40   37   34
   31   30   29   29   29   31   34   38   45   53   62   73   84   95  105  114
  119  124  131  132  134  136  141  161  149                                   
    50.0-180.0 180.0   5.0 450.0                            LAT/LON1/LON2/DLON/H
  163  163  164  166  164  162  157  156  154  148  140  132  124  116  108  102
   94   85   75   65   55   47   40   36   32   31   31   31   32   32   31   29
   28   27   28   31   33   36   38   41   44   47   50   51   51   49   45   42
   40   39   39   39   40   41   43   47   52   60   69   79   89  101  112  122
  129  136  145  147  151  152  156  177  163                                   
    47.5-180.0 180.0   5.0 450.0                            LAT/LON1/LON2/DLON/H
  180  182  181  185  183  180  175  171  166  157  147  138  129  121  114  107
   99   90   79   69   60   52   47   42   39   38   38   38   39   38   37   35
   34   35   38   42   46   49   51   53   55   57   59   61   60   58   56   54
   52   53   54   55   56   57   59   61   65   70   78   86   96  106  117  128
  136  145  156  161  167  169  173  194  180                                   
    45.0-180.0 180.0   5.0 450.0                            LAT/LON1/LON2/DLON/H
  198  202  200  206  205  201  194  188  180  168  157  146  135  127  119  111
  103   93   82   72   65   59   55   52   49   48   47   46   46   44   41   40
   39   42   46   51   56   59   61   62   63   65   67   68   69   68   67   66
   67   70   73   76   77   78   78   79   81   85   90   97  104  113  122  133
  142  152  164  170  179  184  189  208  198                                   
    42.5-180.0 180.0   5.0 450.0                            LAT/LON1/LON2/DLON/H
  211  218  216  225  225  221  212  204  195  181  168  155  144  134  125  116
  105   95   85   78   73   70   68   65   62   59   56   54   51   47   44   41
   42   45   50   56   62   65   66   66   67   69   71   74   76   77   78   80
   84   88   93   96   98   98   98   98   99  101  105  110  115  122  130  139
  147  158  170  177  186  194  200  218  211                                   
    40.0-180.0 180.0   5.0 450.0                            LAT/LON1/LON2/DLON/H
  217  225  225  236  238  233  224  216  206  192  179  166  154  143  132  121
  110   99   90   86   85   85   84   81   76   70   64   58   53   48   44   42
   42   45   51   57   63   66   67   67   68   70   74   78   82   85   88   92
   97  103  109  113  115  115  114  113  114  116  119  123  128  133  140  148
  155  164  176  182  190  198  205  221  217                                   
    37.5-180.0 180.0   5.0 450.0                            LAT/LON1/LON2/DLON/H
  217  225  226  237  241  236  227  220  212  200  188  177  165  153  141  129
  116  106   99   98   99  102  101   96   87   77   68   60   54   48   44   42
   42   45   51   57   62   66   67   67   68   71   76   82   87   91   95   99
  105  111  117  121  123  123  123  122  123  126  130  135  141  147  153  161
  167  174  183  187  192  199  205  221  217                                   
    35.0-180.0 180.0   5.0 450.0                            LAT/LON1/LON2/DLON/H
  214  220  222  231  236  231  221  216  211  202  193  184  175  163  151  138
  125  116  111  111  114  116  113  104   92   79   68   60   55   51   48   47
   47   50   54   60   64   67   68   69   71   74   80   86   92   96   99  102
  106  111  116  119  121  122  123  124  127  132  138  145  153  161  169  177
  182  187  195  196  196  200  206  222  214                                   
    32.5-180.0 180.0   5.0 450.0                            LAT/LON1/LON2/DLON/H
  214  218  219  225  228  222  213  209  207  201  195  189  182  172  160  148
  136  127  124  124  126  124  117  104   89   76   67   62   60   59   59   59
   60   62   65   69   72   74   75   76   77   81   87   93   97  100  100  101
  102  104  107  110  112  115  117  121  126  134  143  153  164  175  186  196
  201  206  212  209  206  208  213  231  214                                   
    30.0-180.0 180.0   5.0 450.0                            LAT/LON1/LON2/DLON/H
  224  226  225  226  226  219  210  206  205  200  197  193  187  178  168  156
  146  138  134  133  131  124  112   96   82   72   68   68   72   76   80   83
   84   85   86   87   87   88   88   88   89   93   98  102  104  104  101   98
   95   95   96   98  101  104  109  115  123  133  145  159  173  188  203  216
  224  229  235  231  227  226  232  251  224                                   
    27.5-180.0 180.0   5.0 450.0                            LAT/LON1/LON2/DLON/H
  248  249  244  240  238  229  218  213  210  205  201  197  191  183  174  164
  154  147  141  136  128  115  100   85   75   72   75   84   94  105  113  118
  119  118  115  112  108  106  105  104  105  108  111  114  113  109  103   95
   90   86   86   88   91   96  103  110  120  133  147  164  182  201  220  238
  249  257  264  259  258  256  262  284  248                                   
    25.0-180.0 180.0   5.0 450.0                            LAT/LON1/LON2/DLON/H
  290  291  280  272  267  256  244  235  229  221  214  206  198  189  180  170
  160  152  143  132  118  102   87   76   74   80   93  109  127  143  154  160
  160  155  147  138  130  126  123  122  122  124  126  127  124  117  107   97
   88   83   81   83   87   94  101  110  121  135  151  170  191  214  238  260
  276  288  297  294  297  298  305  330  290                                   
    22.5-180.0 180.0   5.0 450.0                            LAT/LON1/LON2/DLON/H
  346  349  332  322  316  305  290  277  265  251  237  225  212  200  189  177
  166  155  141  125  107   90   79   77   84  100  122  145  168  186  197  201
  196  185  170  156  146  140  137  136  136  138  140  140  135  126  113  101
   91   85   83   85   90   97  105  114  125  139  157  178  201  227  255  281
  303  320  333  333  342  349  358  384  346                                   
    20.0-180.0 180.0   5.0 450.0                            LAT/LON1/LON2/DLON/H
  409  416  400  389  383  373  357  338  319  297  276  255  237  219  204  189
  174  158  140  119  101   88   85   92  109  134  161  188  210  226  232  229
  217  199  179  162  151  145  143  143  145  148  151  151  145  134  121  108
   98   91   89   91   97  103  111  120  131  146  164  186  212  240  270  301
  327  350  367  372  388  402  415  442  409                                   
    17.5-180.0 180.0   5.0 450.0                            LAT/LON1/LON2/DLON/H
  470  483  473  465  462  455  439  417  391  360  330  301  274  250  229  209
  188  167  144  123  107  101  107  124  150  179  207  230  246  254  252  240
  221  197  175  158  148  143  143  144  148  153  157  158  152  141  128  115
  105   99   96   98  103  109  116  124  136  151  171  195  222  252  285  318
  348  375  396  408  429  450  470  496  470                                   
    15.0-180.0 180.0   5.0 450.0                            LAT/LON1/LON2/DLON/H
  516  539  538  538  539  538  526  503  473  435  397  359  325  294  266  239
  212  185  160  140  130  133  148  173  202  230  252  266  270  267  255  236
  211  186  163  148  141  138  139  142  147  154  160  161  156  146  133  121
  111  106  103  104  108  112  118  126  138  155  177  202  232  264  299  334
  366  396  420  437  462  486  512  535  516                                   
    12.5-180.0 180.0   5.0 450.0                            LAT/LON1/LON2/DLON/H
  544  574  584  592  600  607  600  581  551  512  470  427  387  350  315  282
  248  217  191  174  171  182  204  233  261  281  291  289  280  265  246  223
  197  172  153  141  135  135  137  141  147  154  160  162  158  148  136  126
  117  112  109  109  110  114  119  127  140  158  181  208  240  275  311  348
  381  412  438  458  483  507  537  558  544                                   
    10.0-180.0 180.0   5.0 450.0                            LAT/LON1/LON2/DLON/H
  553  589  605  621  635  649  650  638  613  577  536  494  453  413  374  335
  298  264  238  226  229  246  271  298  317  323  315  297  276  254  231  207
  183  163  147  139  136  137  140  144  149  156  162  163  158  149  139  130
  122  117  113  111  112  113  118  126  140  159  183  212  246  283  322  358
  391  421  447  468  492  513  544  563  553                                   
     7.5-180.0 180.0   5.0 450.0                            LAT/LON1/LON2/DLON/H
  549  586  606  624  644  663  670  666  649  621  587  550  512  473  435  395
  356  322  299  292  299  318  340  357  361  348  321  290  261  237  216  196
