data/edconvlstm_nd/pred1460.15i
     1.0            IONOSPHERE MAPS     GNSS                IONEX VERSION / TYPE
pyspatialgeodesy        IME             05-JAN-18 20:20     PGM / RUN BY / DATE 
Map Name                                                    COMMENT             
Predicted global ionosphere maps (GIM).                     DESCRIPTION         
  2015     5    26     0     0     0                        EPOCH OF FIRST MAP  
  2015     5    27     0     0     0                        EPOCH OF LAST MAP   
  7200                                                      INTERVAL            
    13                                                      # OF MAPS IN FILE   
  NONE                                                      MAPPING FUNCTION    
10.0                                                        ELEVATION CUTOFF    
One-way carrier phase leveled to code                       OBSERVABLES USED    
  6371.0                                                    BASE RADIUS         
 2                                                          MAP DIMENSION       
   450.0 450.0   0.0                                        HGT1 / HGT2 / DHGT  
    87.5 -87.5  -2.5                                        LAT1 / LAT2 / DLAT  
  -180.0 180.0   5.0                                        LON1 / LON2 / DLON  
    -1                                                      EXPONENT            
                                                            END OF HEADER       
[from data line 858]
     3                                                      START OF TEC MAP    
  2015     5    26     4     0     0                        EPOCH OF CURRENT MAP
    87.5-180.0 180.0   5.0 450.0                            LAT/LON1/LON2/DLON/H
  180  178  177  179  180  177  174  172  172  172  172  172  172  172  172  172
  172  171  171  171  170  170  169  169  168  167  166  166  165  164  164  163
  162  162  161  161  161  161  161  162  162  163  164  164  165  166  167  168
  169  170  171  171  172  172  173  173  173  174  174  174  174  173  173  173
  174  176  175  175  179  177  176  171  180                                   
    85.0-180.0 180.0   5.0 450.0                            LAT/LON1/LON2/DLON/H
  185  186  180  183  186  182  182  180  180  180  179  179  179  179  179  179
  179  179  178  178  178  178  177  176  176  175  174  173  172  172  171  170
  170  169  169  169  169  169  169  170  171  171  172  174  175  176  178  179
  181  182  183  184  185  185  186  186  187  187  187  187  187  186  186  186
  187  188  185  188  183  182  181  177  185                                   
    82.5-180.0 180.0   5.0 450.0                            LAT/LON1/LON2/DLON/H
  191  190  188  183  184  182  181  180  180  179  178  178  177  177  177  177
  177  177  177  176  176  175  174  173  172  171  169  168  167  166  165  164
  163  163  162  162  162  163  164  165  166  167  169  171  173  175  178  180
  182  184  186  187  188  189  190  190  191  191  191  191  190  190  189  190
  189  190  187  190  191  184  182  173  191                                   
    80.0-180.0 180.0   5.0 450.0                            LAT/LON1/LON2/DLON/H
  189  190  181  179  179  179  179  178  178  177  175  175  175  174  174  175
  175  175  175  175  174  174  172  171  169  167  165  164  162  161  160  159
  158  158  158  158  159  159  160  162  164  166  168  171  174  177  180  184
  187  189  191  193  194  195  195  195  195  194  194  193  193  192  191  191
  191  190  187  189  192  187  191  174  189                                   
    77.5-180.0 180.0   5.0 450.0                            LAT/LON1/LON2/DLON/H
  186  184  179  177  175  176  177  176  175  173  172  171  171  170  170  170
  171  171  171  172  171  170  169  167  164  162  159  157  155  154  154  153
  154  154  155  155  156  157  159  160  162  165  168  172  176  180  184  188
  192  195  198  200  201  201  201  200  199  198  196  195  194  193  192  192
  190  190  185  187  190  184  184  178  186                                   
    75.0-180.0 180.0   5.0 450.0                            LAT/LON1/LON2/DLON/H
  179  178  172  173  171  172  173  171  171  169  167  166  165  164  164  164
  165  165  166  166  166  164  162  160  157  153  150  148  146  146  146  147
  148  150  152  153  155  156  157  159  161  164  167  171  176  181  187  192
  196  200  202  204  204  203  202  200  198  196  194  193  191  190  189  189
  187  187  184  180  181  179  179  177  179                                   
    72.5-180.0 180.0   5.0 450.0                            LAT/LON1/LON2/DLON/H
  172  175  171  170  169  170  172  171  170  168  166  165  163  162  161  161
  161  162  163  163  162  161  158  154  150  147  143  141  140  140  142  145
  148  152  155  158  160  161  162  163  165  168  171  176  181  187  193  198
  203  206  208  209  209  207  205  202  199  196  194  192  190  189  188  189
  188  188  185  183  181  176  175  175  172                                   
    70.0-180.0 180.0   5.0 450.0                            LAT/LON1/LON2/DLON/H
  171  170  167  166  165  165  167  167  167  164  162  161  159  157  156  155
  155  155  155  155  154  152  148  144  139  134  130  128  128  130  134  139
  144  150  155  158  161  163  164  164  166  168  171  176  182  188  194  200
  205  208  209  209  207  205  201  198  194  191  189  187  186  185  184  185
  185  184  183  182  180  175  176  175  171                                   
    67.5-180.0 180.0   5.0 450.0                            LAT/LON1/LON2/DLON/H
  169  168  163  162  162  161  163  163  163  161  159  158  156  154  152  150
  149  148  148  147  145  142  138  132  126  121  117  115  116  119  124  131
  139  146  152  157  160  162  163  163  164  166  170  175  181  187  194  199
  204  206  207  206  204  200  197  193  189  186  184  182  181  180  180  181
  181  181  180  179  178  173  174  175  169                                   
    65.0-180.0 180.0   5.0 450.0                            LAT/LON1/LON2/DLON/H
  169  167  162  160  159  158  159  159  160  158  157  157  155  153  151  148
  145  143  141  139  136  132  127  121  115  109  105  104  105  110  117  125
  134  142  149  154  158  160  161  162  163  165  169  175  181  188  194  199
  203  205  205  203  201  197  194  190  187  185  183  182  181  180  179  180
  180  180  179  178  178  175  176  178  169                                   
    62.5-180.0 180.0   5.0 450.0                            LAT/LON1/LON2/DLON/H
  173  172  166  162  160  158  158  157  158  157  157  157  156  154  151  147
  143  139  136  132  128  124  118  112  106  100   97   96   98  103  111  120
  129  137  144  150  154  156  158  160  162  165  170  176  182  189  195  200
  203  204  204  202  200  197  194  192  190  188  187  186  185  183  182  182
  181  181  180  180  180  178  180  182  173                                   
    60.0-180.0 180.0   5.0 450.0                            LAT/LON1/LON2/DLON/H
  180  179  173  168  164  160  159  157  156  155  155  157  157  155  152  147
  142  136  131  126  121  116  111  105   99   95   92   92   95  100  107  115
  123  130  137  142  146  150  153  156  160  165  171  177  185  191  197  201
  203  204  204  203  202  200  199  198  197  196  195  194  192  190  187  186
  184  183  182  182  184  182  186  188  180                                   
    57.5-180.0 180.0   5.0 450.0                            LAT/LON1/LON2/DLON/H
  191  191  185  179  173  167  164  160  157  155  155  157  157  156  153  147
  141  133  127  121  115  111  106  102   97   94   92   93   96  101  107  113
  119  124  129  133  138  143  148  154  160  166  173  181  189  195  200  204
  206  207  207  207  207  208  208  208  208  208  207  205  203  199  196  192
  189  187  186  187  189  190  194  197  191                                   
    55.0-180.0 180.0   5.0 450.0                            LAT/LON1/LON2/DLON/H
  204  205  200  195  187  180  174  167  162  157  156  157  157  156  152  146
  139  130  123  117  112  108  105  102   99   98   97   99  102  106  111  114
  117  119  121  125  130  137  144  152  160  168  177  186  194  200  205  208
  210  211  212  214  216  218  220  221  222  222  220  218  215  210  205  201
  196  194  192  194  197  199  204  207  204                                   
    52.5-180.0 180.0   5.0 450.0                            LAT/LON1/LON2/DLON/H
  218  221  218  213  205  196  189  179  171  163  160  158  157  155  151  144
  136  128  120  114  110  108  107  106  105  105  106  108  111  114  117  117
  116  116  116  119  124  132  142  152  162  172  182  191  199  206  211  214
  216  218  220  224  228  231  235  236  237  236  234  230  226  220  215  210
  204  202  201  203  206  209  215  218  218                                   
    50.0-180.0 180.0   5.0 450.0                            LAT/LON1/LON2/DLON/H
  232  237  235  232  226  216  208  195  185  174  167  163  159  155  150  143
  134  126  120  115  112  111  112  113  114  115  117  119  122  124  124  122
  119  115  113  115  121  130  141  153  165  176  187  197  205  212  217  220
  223  226  231  236  241  246  250  251  251  249  245  240  235  229  224  219
  215  213  212  215  218  221  227  230  232                                   
    47.5-180.0 180.0   5.0 450.0                            LAT/LON1/LON2/DLON/H
  246  251  250  248  245  237  228  214  202  188  178  170  164  157  150  142
  134  127  121  117  116  116  118  121  123  126  128  130  132  133  132  128
  123  117  114  115  121  131  143  156  168  180  192  202  211  218  223  227
  232  236  242  249  256  261  265  265  263  259  254  248  243  237  233  230
  227  226  227  230  233  235  240  242  246                                   
    45.0-180.0 180.0   5.0 450.0                            LAT/LON1/LON2/DLON/H
  258  262  262  261  260  253  246  233  219  204  191  181  171  161  152  143
  135  129  124  122  121  122  125  128  132  134  137  139  140  141  139  134
  128  122  118  118  124  134  146  159  172  184  196  206  216  223  229  235
  241  247  255  263  270  276  278  278  275  269  263  256  250  246  243  242
  242  244  245  248  251  252  256  256  258                                   
    42.5-180.0 180.0   5.0 450.0                            LAT/LON1/LON2/DLON/H
  271  273  271  269  270  264  258  247  235  220  206  193  181  168  156  146
  138  133  130  128  127  128  131  134  138  141  143  144  145  145  144  140
  134  127  123  123  128  137  149  162  175  187  199  210  220  228  236  243
  250  258  267  276  283  289  291  290  286  280  273  266  261  257  256  258
  261  265  268  271  272  272  274  273  271                                   
    40.0-180.0 180.0   5.0 450.0                            LAT/LON1/LON2/DLON/H
  286  284  279  276  276  270  264  255  245  232  219  206  191  176  162  151
  143  139  136  134  133  134  136  139  143  145  147  147  148  148  147  144
  139  133  128  128  131  140  151  164  178  190  203  214  224  233  241  250
  259  268  278  288  296  302  305  304  301  296  289  282  277  274  275  279
  284  291  295  298  298  297  297  295  286                                   
    37.5-180.0 180.0   5.0 450.0                            LAT/LON1/LON2/DLON/H
  306  300  291  284  281  273  266  258  251  241  230  217  202  185  170  158
  150  145  142  140  139  139  141  144  147  149  150  150  150  149  149  146
  142  137  133  131  134  142  153  166  179  193  206  217  228  237  247  256
  267  278  288  299  308  315  320  322  321  317  312  306  301  299  300  305
  312  320  326  328  328  327  325  321  306                                   
    35.0-180.0 180.0   5.0 450.0                            LAT/LON1/LON2/DLON/H
  333  324  311  298  290  278  268  260  254  246  237  227  212  194  178  164
  155  150  147  145  145  145  147  150  153  155  155  154  152  151  150  148
  145  140  136  133  135  142  153  166  181  195  208  220  231  241  251  262
  273  285  297  308  319  329  337  342  345  345  342  338  333  331  331  336
  344  352  359  360  361  360  356  353  333                                   
    32.5-180.0 180.0   5.0 450.0                            LAT/LON1/LON2/DLON/H
  369  357  341  323  308  291  276  265  258  252  245  236  221  203  185  170
  160  154  150  149  150  152  156  160  164  165  164  161  158  154  152  149
  146  141  137  134  135  141  152  166  181  196  210  222  233  243  254  265
  278  292  305  318  331  343  355  365  372  376  377  375  371  368  367  371
  378  386  392  393  394  395  390  387  369                                   
    30.0-180.0 180.0   5.0 450.0                            LAT/LON1/LON2/DLON/H
  411  399  380  360  339  316  296  280  271  263  256  246  231  212  193  175
  163  155  152  152  156  162  169  176  180  180  178  173  166  160  155  150
  146  141  136  133  134  139  149  163  180  196  210  223  233  243  254  267
  282  296  311  326  342  358  373  388  399  407  412  412  409  405  403  405
  410  417  422  424  425  429  424  423  411                                   
    27.5-180.0 180.0   5.0 450.0                            LAT/LON1/LON2/DLON/H
  455  445  426  406  381  355  329  309  294  282  273  261  244  223  201  181
  165  155  152  155  163  175  187  196  201  200  195  187  177  167  158  151
  145  139  134  130  130  135  145  159  176  193  208  220  231  241  253  267
  284  300  317  335  353  371  390  407  421  433  440  443  442  438  435  435
  439  444  448  450  452  458  454  457  455                                   
    25.0-180.0 180.0   5.0 450.0                            LAT/LON1/LON2/DLON/H
  493  489  473  458  433  406  376  351  330  313  298  282  262  238  212  188
  169  157  154  160  173  191  208  220  224  221  213  201  188  174  161  150
  141  134  129  126  126  130  139  152  168  185  201  214  225  236  250  266
  285  304  323  342  362  383  402  420  436  449  458  463  464  462  459  457
  460  464  468  470  473  481  479  486  493                                   
    22.5-180.0 180.0   5.0 450.0                            LAT/LON1/LON2/DLON/H
  521  523  513  506  485  461  431  403  377  354  332  310  286  258  229  201
  178  163  160  168  187  210  231  243  245  239  227  211  194  176  160  146
  135  128  123  120  119  123  130  142  157  174  191  205  217  230  246  264
  285  306  328  349  370  391  409  426  441  454  465  472  475  474  472  471
  473  477  480  483  486  496  496  506  521                                   
    20.0-180.0 180.0   5.0 450.0                            LAT/LON1/LON2/DLON/H
  535  542  538  541  528  511  484  457  428  400  371  344  314  283  250  219
  193  176  172  182  204  231  253  263  261  250  232  213  193  173  155  139
  127  119  115  113  112  114  119  129  143  160  178  194  209  224  241  262
  285  308  331  354  375  395  411  426  439  451  463  471  477  478  479  479
  482  485  488  491  493  502  504  517  535                                   
    17.5-180.0 180.0   5.0 450.0                            LAT/LON1/LON2/DLON/H
  536  545  547  556  553  544  524  501  473  441  409  377  345  311  277  244
  215  196  191  202  224  251  271  277  268  250  228  205  184  164  146  130
  118  110  106  105  104  104  107  115  128  145  164  183  201  218  238  260
  284  309  334  357  378  396  411  423  434  445  457  467  475  480  483  486
  489  493  496  497  497  504  507  520  536                                   
    15.0-180.0 180.0   5.0 450.0                            LAT/LON1/LON2/DLON/H
  527  536  539  550  555  553  541  524  500  469  436  403  371  338  306  273
  244  224  217  226  246  268  282  280  264  239  212  188  168  150  134  119
  108  101   98   96   95   94   95  101  113  131  152  174  194  214  235  258
  283  309  334  357  378  396  409  420  430  441  453  465  475  482  488  494
  500  504  507  506  501  505  508  518  527                                   
    12.5-180.0 180.0   5.0 450.0                            LAT/LON1/LON2/DLON/H
  515  521  521  529  538  540  533  522  502  476  446  416  387  359  331  302
  276  256  247  252  266  280  284  274  250  219  189  165  147  133  120  108
   99   93   89   88   86   84   84   89  100  119  143  167  189  211  232  255
  281  307  332  356  377  394  408  420  430  442  454  466  478  488  497  505
  513  519  522  519  510  509  511  516  515                                   
    10.0-180.0 180.0   5.0 450.0                            LAT/LON1/LON2/DLON/H
  505  507  503  505  511  513  507  498  482  460  435  410  387  366  345  324
  304  286  276  275  280  283  277  257  226  191  161  139  125  116  107   99
   91   85   82   80   77   75   74   79   91  111  136  162  186  208  229  252
  277  303  328  352  374  393  410  423  436  448  461  473  485  496  506  517
  527  534  538  534  522  516  516  517  505                                   
     7.5-180.0 180.0   5.0 450.0                            LAT/LON1/LON2/DLON/H
  504  502  492  486  486  484  474  464  448  429  407  388  371  357  345  333
  320  307  297  291  286  277  260  232  196  161  133  115  106  101   97   92
