data/edconvlstm_nd/pred0750.15i
     1.0            IONOSPHERE MAPS     GNSS                IONEX VERSION / TYPE
pyspatialgeodesy        IME             05-JAN-18 20:20     PGM / RUN BY / DATE 
Map Name                                                    COMMENT             
Predicted global ionosphere maps (GIM).                     DESCRIPTION         
  2015     3    16     0     0     0                        EPOCH OF FIRST MAP  
  2015     3    17     0     0     0                        EPOCH OF LAST MAP   
  7200                                                      INTERVAL            
    13                                                      # OF MAPS IN FILE   
  NONE                                                      MAPPING FUNCTION    
10.0                                                        ELEVATION CUTOFF    
One-way carrier phase leveled to code                       OBSERVABLES USED    
  6371.0                                                    BASE RADIUS         
 2                                                          MAP DIMENSION       
   450.0 450.0   0.0                                        HGT1 / HGT2 / DHGT  
    87.5 -87.5  -2.5                                        LAT1 / LAT2 / DLAT  
  -180.0 180.0   5.0                                        LON1 / LON2 / DLON  
    -1                                                      EXPONENT            
                                                            END OF HEADER       
[from data line 2574]
     7                                                      START OF TEC MAP    
  2015     3    16    12     0     0                        EPOCH OF CURRENT MAP
    87.5-180.0 180.0   5.0 450.0                            LAT/LON1/LON2/DLON/H
  154  160  157  166  169  172  173  173  176  178  179  180  181  182  182  182
  183  183  183  183  183  183  183  183  183  183  183  183  182  181  181  179
  178  177  175  173  170  168  165  162  159  156  153  150  147  145  142  140
  138  136  134  132  131  130  129  128  128  128  128  129  129  130  131  132
  134  137  138  139  145  147  155  156  154                                   
    85.0-180.0 180.0   5.0 450.0                            LAT/LON1/LON2/DLON/H
  141  151  162  161  162  170  173  177  179  182  182  183  184  184  185  185
  185  185  186  186  187  187  188  188  189  189  190  190  190  190  189  188
  187  185  183  181  178  175  171  168  164  160  156  153  149  145  142  139
  136  133  131  129  127  125  124  123  123  122  122  123  123  124  125  127
  129  132  131  133  134  138  142  148  141                                   
    82.5-180.0 180.0   5.0 450.0                            LAT/LON1/LON2/DLON/H
  121  135  141  141  144  152  157  162  165  168  169  170  170  171  171  171
  172  172  173  174  176  177  179  181  182  184  186  187  188  188  188  188
  187  186  184  181  178  174  170  165  160  155  150  145  139  134  130  125
  121  117  114  111  108  106  104  102  101   99   99   98   98   98   99  100
  102  104  103  107  110  120  119  117  121                                   
    80.0-180.0 180.0   5.0 450.0                            LAT/LON1/LON2/DLON/H
  108  118  125  127  132  139  144  151  154  157  157  158  157  156  155  155
  155  155  156  158  159  162  164  167  170  172  175  177  180  181  183  183
  184  183  182  180  177  174  170  165  160  155  149  144  138  133  128  123
  119  115  112  109  106  103  101   99   97   95   94   93   91   90   90   90
   91   91   90   92   93   99  102  101  108                                   
    77.5-180.0 180.0   5.0 450.0                            LAT/LON1/LON2/DLON/H
  100  103  109  112  118  125  129  134  137  138  137  136  134  132  130  129
  129  130  131  134  137  141  145  150  154  158  163  167  171  174  178  180
  183  184  185  185  183  181  178  174  169  164  159  153  148  143  139  134
  130  127  124  121  118  115  113  110  108  105  102  100   97   95   92   91
   89   87   84   85   87   86   89   90  100                                   
    75.0-180.0 180.0   5.0 450.0                            LAT/LON1/LON2/DLON/H
   89   96   98  103  108  116  119  122  124  123  120  117  113  110  107  105
  105  107  109  113  118  124  130  136  142  148  154  160  166  171  177  182
  186  189  192  194  194  193  192  189  185  181  177  173  169  165  161  158
  155  152  150  147  144  142  138  135  132  128  124  120  116  112  108  105
  101   97   93   88   88   86   87   80   89                                   
    72.5-180.0 180.0   5.0 450.0                            LAT/LON1/LON2/DLON/H
   82   89   90   95  100  107  111  112  112  109  105  100   94   90   86   85
   85   88   92   98  105  113  120  128  136  143  150  157  164  171  178  185
  191  197  201  205  207  207  206  205  202  199  196  193  190  187  185  183
  181  180  178  175  172  169  165  161  156  151  145  140  135  130  125  120
  115  109  103   96   93   90   90   85   82                                   
    70.0-180.0 180.0   5.0 450.0                            LAT/LON1/LON2/DLON/H
   81   86   88   92   96  103  105  105  104  100   94   88   81   76   72   71
   72   76   82   90   98  108  117  126  134  142  150  158  165  174  182  191
  199  206  212  217  220  221  220  219  217  214  212  210  209  208  207  205
  204  203  201  198  194  190  185  178  172  164  157  151  145  139  134  130
  124  118  113  104  100   96   98   93   81                                   
    67.5-180.0 180.0   5.0 450.0                            LAT/LON1/LON2/DLON/H
   78   84   87   91   95  102  105  105  103   98   92   85   78   73   69   68
   71   76   83   91  101  111  120  129  137  145  153  161  169  178  188  198
  208  216  223  228  231  232  231  229  227  225  223  222  222  221  221  220
  219  217  215  211  206  200  193  185  176  166  158  150  143  137  133  130
  126  122  117  109  104  101  101   98   78                                   
    65.0-180.0 180.0   5.0 450.0                            LAT/LON1/LON2/DLON/H
   77   82   84   88   91   98  100  101   99   95   90   84   78   73   70   70
   73   79   87   96  105  115  124  132  139  147  155  164  173  184  195  207
  218  228  236  241  243  242  240  237  234  232  231  231  231  231  231  229
  227  224  220  215  208  200  190  180  168  156  146  136  129  123  120  118
  117  115  113  107  105  103  104  103   77                                   
    62.5-180.0 180.0   5.0 450.0                            LAT/LON1/LON2/DLON/H
   72   76   77   80   82   88   91   93   92   90   87   83   78   75   74   75
   78   84   92  101  109  117  124  131  138  145  153  163  174  186  199  213
  226  237  246  251  252  250  246  242  238  236  235  235  235  235  234  232
  228  223  217  209  201  191  180  167  154  140  128  117  109  103  100  100
  101  101  102   98   97   97   99  100   72                                   
    60.0-180.0 180.0   5.0 450.0                            LAT/LON1/LON2/DLON/H
   68   69   68   69   69   74   77   79   80   81   80   79   77   75   76   77
   82   87   94  101  108  114  119  125  131  138  147  158  171  186  202  218
  233  246  256  261  261  258  252  247  242  240  239  240  240  240  238  234
  228  221  212  203  193  182  170  157  143  128  115  104   95   89   85   85
   85   86   89   87   87   87   91   93   68                                   
    57.5-180.0 180.0   5.0 450.0                            LAT/LON1/LON2/DLON/H
   66   62   59   58   56   59   62   64   67   69   71   72   73   74   75   77
   82   87   93   98  103  107  111  115  121  129  140  153  168  186  204  224
  242  257  267  273  273  269  263  257  252  250  250  250  251  250  246  240
  233  223  214  203  193  182  170  157  144  130  117  105   96   89   84   82
   81   80   83   81   82   80   84   87   66                                   
    55.0-180.0 180.0   5.0 450.0                            LAT/LON1/LON2/DLON/H
   68   61   54   52   48   49   51   52   55   59   62   65   67   69   71   74
   78   83   89   93   97   99  102  106  112  121  134  149  167  187  208  230
  250  268  281  287  288  284  278  272  268  266  266  267  266  264  260  252
  243  232  222  211  201  191  181  170  158  146  134  124  114  106  100   95
   91   88   88   84   84   80   83   84   68                                   
    52.5-180.0 180.0   5.0 450.0                            LAT/LON1/LON2/DLON/H
   75   66   58   53   48   47   47   47   49   52   56   60   63   65   67   69
   74   79   84   89   92   94   96  101  108  119  134  151  170  191  214  238
  261  280  295  304  306  303  298  293  289  288  288  288  287  283  276  268
  257  247  236  226  217  208  200  191  181  172  163  154  146  138  130  122
  114  108  104   99   96   90   90   88   75                                   
    50.0-180.0 180.0   5.0 450.0                            LAT/LON1/LON2/DLON/H
   88   79   70   63   57   54   52   49   50   52   56   59   62   63   64   67
   71   76   82   88   92   95   98  103  112  125  141  159  178  200  223  247
  271  293  310  320  325  324  321  317  315  314  313  311  308  302  294  284
  273  262  252  243  235  228  221  213  206  199  193  187  181  174  166  156
  145  135  127  120  115  108  106  100   88                                   
    47.5-180.0 180.0   5.0 450.0                            LAT/LON1/LON2/DLON/H
  103   97   89   81   74   69   65   60   59   59   61   64   66   66   67   68
   72   78   85   92   98  102  107  114  125  139  155  173  191  211  233  256
  280  303  322  335  342  345  344  343  342  340  338  334  327  318  308  297
  286  275  265  257  249  242  235  228  221  216  212  209  206  201  193  183
  171  159  149  140  135  129  125  118  103                                   
    45.0-180.0 180.0   5.0 450.0                            LAT/LON1/LON2/DLON/H
  118  117  111  104   96   91   84   77   73   72   72   74   76   76   75   75
   79   85   94  103  110  116  122  130  142  157  174  190  206  222  242  263
  287  310  330  346  357  363  366  368  368  366  362  354  343  330  317  304
  292  281  271  262  254  246  238  229  221  215  212  211  210  208  202  194
  182  172  161  153  149  146  143  135  118                                   
    42.5-180.0 180.0   5.0 450.0                            LAT/LON1/LON2/DLON/H
  129  134  130  126  120  114  107   97   90   87   87   89   90   90   89   89
   92   98  107  117  125  132  139  149  162  177  192  206  218  232  248  268
  290  313  335  354  368  379  386  391  393  390  383  371  356  339  323  308
  294  282  272  262  252  242  230  218  207  199  194  192  193  192  190  184
  176  168  160  154  153  154  153  146  129                                   
    40.0-180.0 180.0   5.0 450.0                            LAT/LON1/LON2/DLON/H
  132  143  143  142  138  134  126  116  107  103  102  105  108  109  108  107
  109  114  123  132  141  148  156  166  179  194  207  218  227  238  251  269
  291  315  338  360  378  394  406  414  418  415  406  390  370  350  331  314
  299  286  274  263  251  239  224  208  193  179  171  167  165  165  163  161
  156  151  147  143  146  149  152  146  132                                   
    37.5-180.0 180.0   5.0 450.0                            LAT/LON1/LON2/DLON/H
  129  143  145  147  147  143  138  129  120  115  115  120  125  128  129  128
  128  131  138  146  154  161  168  178  191  204  216  225  232  241  253  271
  292  317  343  368  391  412  429  442  447  445  434  415  393  370  349  331
  315  301  288  276  264  250  234  215  194  176  162  152  146  143  140  137
  134  131  130  127  131  136  142  137  129                                   
    35.0-180.0 180.0   5.0 450.0                            LAT/LON1/LON2/DLON/H
  124  137  139  142  144  142  139  132  125  121  123  130  139  145  148  146
  145  146  150  157  164  170  177  186  197  210  221  229  235  243  256  275
  299  326  354  383  411  437  459  476  484  483  471  452  429  406  385  367
  350  336  322  310  299  287  271  250  227  203  183  167  154  144  136  131
  126  122  121  117  120  122  131  125  124                                   
    32.5-180.0 180.0   5.0 450.0                            LAT/LON1/LON2/DLON/H
  122  131  129  133  135  133  132  127  122  121  124  134  146  157  161  161
  158  157  159  165  171  177  183  191  202  214  224  232  239  249  265  287
  314  344  376  409  441  471  498  518  529  530  520  503  483  463  444  427
  411  395  382  371  362  352  339  320  296  270  244  221  201  182  166  155
  145  138  133  124  123  118  126  117  122                                   
    30.0-180.0 180.0   5.0 450.0                            LAT/LON1/LON2/DLON/H
  126  128  122  125  126  123  123  119  116  116  121  132  147  160  168  168
  165  162  164  169  176  182  188  196  207  219  229  238  248  262  282  309
  341  375  410  446  482  515  545  568  581  585  579  568  553  539  524  510
  494  479  466  457  451  446  438  423  401  374  346  318  289  261  237  217
  201  187  174  156  147  133  133  118  126                                   
    27.5-180.0 180.0   5.0 450.0                            LAT/LON1/LON2/DLON/H
  139  134  121  123  124  118  119  115  112  111  116  127  142  156  165  167
  164  162  164  170  178  186  193  202  214  226  237  249  262  281  308  340
  377  415  454  493  531  565  595  619  634  641  642  638  633  627  619  609
  595  581  568  561  559  560  558  548  530  506  477  446  411  376  342  312
  287  266  243  215  194  168  155  132  139                                   
    25.0-180.0 180.0   5.0 450.0                            LAT/LON1/LON2/DLON/H
  163  151  132  130  129  122  122  118  114  111  113  121  134  147  156  159
  158  157  160  169  180  190  200  211  223  236  249  263  281  306  338  377
  418  460  502  542  580  613  642  664  680  690  697  703  709  713  713  708
  698  685  674  668  669  674  677  672  658  637  610  579  542  502  461  424
  391  364  329  291  258  221  192  160  163                                   
    22.5-180.0 180.0   5.0 450.0                            LAT/LON1/LON2/DLON/H
  196  179  154  146  143  134  132  128  122  117  115  118  126  136  144  147
  147  148  154  165  180  195  208  220  234  248  262  280  302  333  370  413
  458  502  545  585  621  651  676  696  710  723  736  750  766  780  788  789
  783  771  760  754  756  762  767  764  753  733  709  679  644  603  561  521
  486  457  416  373  328  284  242  200  196                                   
    20.0-180.0 180.0   5.0 450.0                            LAT/LON1/LON2/DLON/H
  234  213  184  171  162  152  148  142  135  128  121  119  122  127  132  134
  135  138  147  162  180  197  213  228  243  259  276  296  323  358  399  445
  491  536  577  614  646  672  693  709  722  735  751  772  795  816  831  836
  832  821  809  802  801  805  807  803  790  771  747  720  688  651  614  577
  546  523  484  442  391  344  297  246  234                                   
    17.5-180.0 180.0   5.0 450.0                            LAT/LON1/LON2/DLON/H
  269  246  218  199  184  172  166  159  150  140  131  124  121  122  124  125
  126  131  142  158  178  198  217  234  250  268  286  310  340  379  424  470
  514  556  593  626  653  675  692  706  717  730  747  769  796  820  837  844
  840  829  816  806  801  799  794  783  764  741  716  692  666  637  609  582
  561  546  519  483  436  390  344  293  269                                   
    15.0-180.0 180.0   5.0 450.0                            LAT/LON1/LON2/DLON/H
  293  273  249  226  205  190  182  173  163  153  141  132  125  122  121  121
  123  128  139  156  177  197  217  235  254  273  294  321  355  396  441  485
  525  562  594  622  645  665  681  694  704  716  731  752  777  800  815  820
  815  802  787  773  762  752  738  716  687  655  627  605  587  571  558  545
  537  533  519  493  457  415  375  330  293                                   
    12.5-180.0 180.0   5.0 450.0                            LAT/LON1/LON2/DLON/H
  306  291  271  247  222  204  194  182  172  162  151  141  132  127  124  123
  124  130  140  156  175  195  215  234  254  275  300  330  366  407  450  490
  526  558  585  609  630  649  666  680  692  702  715  731  751  768  778  778
  769  755  737  720  704  686  662  628  587  546  512  492  482  479  481  484
  488  494  493  478  454  422  390  354  306                                   
    10.0-180.0 180.0   5.0 450.0                            LAT/LON1/LON2/DLON/H
  311  300  284  260  232  211  198  185  174  166  158  149  141  134  130  129
  130  135  145  158  175  193  212  232  254  278  305  338  375  414  453  489
  521  549  573  595  615  635  655  672  686  697  706  717  729  738  740  734
  722  707  689  671  651  628  598  556  505  454  415  393  388  393  405  419
  432  446  453  448  436  414  392  362  311                                   
     7.5-180.0 180.0   5.0 450.0                            LAT/LON1/LON2/DLON/H
  312  304  289  264  235  212  197  182  172  165  160  155  148  143  139  137
  139  143  151  163  177  193  211  232  256  282  313  347  383  420  455  488
