data/edconvlstm_nd/pred1330.15i
     1.0            IONOSPHERE MAPS     GNSS                IONEX VERSION / TYPE
pyspatialgeodesy        IME             05-JAN-18 20:20     PGM / RUN BY / DATE 
Map Name                                                    COMMENT             
Predicted global ionosphere maps (GIM).                     DESCRIPTION         
  2015     5    13     0     0     0                        EPOCH OF FIRST MAP  
  2015     5    14     0     0     0                        EPOCH OF LAST MAP   
  7200                                                      INTERVAL            
    13                                                      # OF MAPS IN FILE   
  NONE                                                      MAPPING FUNCTION    
10.0                                                        ELEVATION CUTOFF    
One-way carrier phase leveled to code                       OBSERVABLES USED    
  6371.0                                                    BASE RADIUS         
 2                                                          MAP DIMENSION       
   450.0 450.0   0.0                                        HGT1 / HGT2 / DHGT  
    87.5 -87.5  -2.5                                        LAT1 / LAT2 / DLAT  
  -180.0 180.0   5.0                                        LON1 / LON2 / DLON  
    -1                                                      EXPONENT            
                                                            END OF HEADER       
[from data line 5148]
    13                                                      START OF TEC MAP    
  2015     5    14     0     0     0                        EPOCH OF CURRENT MAP
    87.5-180.0 180.0   5.0 450.0                            LAT/LON1/LON2/DLON/H
  134  132  138  130  130  129  127  128  130  131  133  135  137  139  141  142
  143  144  145  145  145  144  143  142  141  139  138  136  134  133  131  129
  128  126  125  123  122  121  121  120  120  119  119  119  119  120  120  121
  121  122  123  124  124  125  126  127  128  129  129  130  130  130  130  130
  130  130  130  128  126  126  133  148  134                                   
    85.0-180.0 180.0   5.0 450.0                            LAT/LON1/LON2/DLON/H
  141  137  124  128  132  133  131  132  134  135  138  140  143  145  147  149
  150  151  151  151  151  149  148  146  144  142  139  136  134  131  128  126
  124  121  120  118  116  115  114  114  113  113  113  114  114  115  116  117
  118  119  121  122  124  126  127  129  130  132  133  134  135  135  135  135
  136  136  137  138  132  137  143  151  141                                   
    82.5-180.0 180.0   5.0 450.0                            LAT/LON1/LON2/DLON/H
  138  129  134  133  135  138  136  138  142  144  147  150  154  156  159  161
  162  163  163  162  161  159  157  154  151  147  144  140  136  132  128  124
  121  118  115  113  111  109  108  107  107  107  107  108  109  110  112  114
  116  118  120  123  126  129  131  134  137  139  141  143  144  144  145  146
  145  145  145  142  140  130  137  143  138                                   
    80.0-180.0 180.0   5.0 450.0                            LAT/LON1/LON2/DLON/H
  141  132  129  129  132  135  138  141  146  149  154  159  163  167  170  172
  173  173  173  172  170  168  165  162  158  154  149  144  139  134  129  125
  120  117  113  111  108  106  105  104  104  104  105  106  108  110  112  115
  118  121  124  128  131  134  138  141  144  147  149  151  152  152  153  153
  151  150  148  144  149  138  147  158  141                                   
    77.5-180.0 180.0   5.0 450.0                            LAT/LON1/LON2/DLON/H
  149  135  130  135  133  135  141  146  152  157  163  169  174  178  181  182
  183  182  181  179  177  175  172  168  164  160  155  150  145  139  134  130
  125  121  118  115  113  111  110  109  108  109  110  111  113  116  119  122
  125  129  132  136  139  143  146  149  152  155  156  158  159  159  159  158
  156  155  152  148  150  147  153  170  149                                   
    75.0-180.0 180.0   5.0 450.0                            LAT/LON1/LON2/DLON/H
  160  143  140  143  140  142  147  153  161  166  173  180  185  187  188  188
  186  183  181  178  176  174  171  169  166  162  158  153  149  144  140  136
  132  129  126  124  121  119  118  117  117  117  119  121  123  126  129  133
  136  139  143  146  148  151  154  156  158  160  162  163  163  162  162  161
  158  157  155  147  150  154  160  178  160                                   
    72.5-180.0 180.0   5.0 450.0                            LAT/LON1/LON2/DLON/H
  161  154  155  155  150  151  157  164  174  180  188  194  198  198  196  191
  186  180  176  172  169  167  166  164  162  160  157  153  150  146  143  140
  138  135  133  131  129  127  125  125  125  126  127  130  133  137  140  144
  147  150  153  155  156  158  159  161  162  163  164  165  164  164  163  162
  159  158  158  153  154  158  168  188  161                                   
    70.0-180.0 180.0   5.0 450.0                            LAT/LON1/LON2/DLON/H
  173  167  168  170  163  164  171  179  190  197  205  211  213  210  204  195
  185  177  169  164  162  160  160  159  158  157  155  152  149  147  144  142
  141  139  137  135  132  131  129  129  129  130  133  136  140  145  149  154
  157  160  161  162  162  163  163  164  165  166  166  167  166  165  164  163
  160  159  160  158  161  168  176  193  173                                   
    67.5-180.0 180.0   5.0 450.0                            LAT/LON1/LON2/DLON/H
  182  180  180  181  174  174  181  190  201  210  219  225  225  219  209  196
  183  172  163  157  154  153  153  153  152  151  148  145  143  141  139  137
  136  134  131  129  127  124  123  123  124  126  129  133  138  144  150  155
  159  162  163  163  162  161  161  161  162  163  164  165  165  163  162  160
  158  157  159  157  162  170  179  197  182                                   
    65.0-180.0 180.0   5.0 450.0                            LAT/LON1/LON2/DLON/H
  187  184  185  185  179  179  185  195  207  218  228  234  234  226  214  199
  183  170  160  154  151  150  150  150  148  145  142  138  135  133  131  129
  127  124  121  118  115  113  112  112  113  116  120  125  131  138  145  151
  156  159  160  160  159  157  156  156  158  159  161  163  163  162  160  158
  155  155  156  155  160  168  179  198  187                                   
    62.5-180.0 180.0   5.0 450.0                            LAT/LON1/LON2/DLON/H
  187  183  184  185  179  178  183  192  206  218  229  236  237  230  218  203
  188  174  165  159  156  154  153  151  148  143  138  133  128  125  123  120
  117  114  110  106  102  100   99   99  101  105  109  115  121  128  135  142
  148  152  154  154  153  152  151  151  153  156  159  162  163  162  161  159
  155  154  155  152  155  164  176  195  187                                   
    60.0-180.0 180.0   5.0 450.0                            LAT/LON1/LON2/DLON/H
  184  178  180  181  175  172  176  185  199  211  223  231  233  229  219  207
  194  183  175  169  166  164  161  157  150  143  136  129  124  121  118  115
  111  106  100   95   91   89   89   90   93   96  101  106  111  117  124  131
  137  143  146  147  147  146  146  147  149  153  157  161  163  164  163  161
  157  155  155  151  152  158  171  191  184                                   
    57.5-180.0 180.0   5.0 450.0                            LAT/LON1/LON2/DLON/H
  183  176  180  178  173  169  171  178  190  201  212  220  224  223  218  211
  203  196  190  185  181  177  172  165  156  146  138  130  125  122  118  115
  110  103   97   91   87   85   85   88   91   94   98  101  104  108  114  121
  128  134  138  141  142  143  144  145  149  153  158  163  166  167  167  166
  162  160  159  153  152  156  169  190  183                                   
    55.0-180.0 180.0   5.0 450.0                            LAT/LON1/LON2/DLON/H
  188  182  186  183  178  173  173  177  186  193  202  209  213  215  216  215
  213  210  207  203  198  192  185  175  164  154  144  137  133  130  127  122
  116  109  102   95   91   90   92   95   98  100  102  102  103  104  108  114
  121  128  135  140  143  145  148  150  154  159  164  168  171  173  174  173
  171  169  168  160  159  162  174  197  188                                   
    52.5-180.0 180.0   5.0 450.0                            LAT/LON1/LON2/DLON/H
  202  198  203  199  194  189  187  188  192  195  198  201  205  208  213  218
  222  224  223  220  214  207  198  187  176  165  156  150  147  145  142  137
  130  122  114  108  105  104  107  110  113  114  112  110  107  106  108  112
  120  128  136  144  150  155  158  162  166  169  173  176  179  181  182  183
  182  182  182  174  174  177  188  212  202                                   
    50.0-180.0 180.0   5.0 450.0                            LAT/LON1/LON2/DLON/H
  225  226  232  228  223  218  216  213  211  207  204  202  202  205  213  221
  229  235  236  233  228  220  211  201  190  180  173  169  167  165  162  157
  150  142  134  128  125  126  128  131  133  132  129  123  117  113  113  117
  124  133  143  153  162  170  176  180  183  185  187  188  190  191  193  195
  197  199  201  195  197  201  212  235  225                                   
    47.5-180.0 180.0   5.0 450.0                            LAT/LON1/LON2/DLON/H
  257  262  270  267  262  260  257  249  242  231  220  211  207  208  215  226
  236  243  246  244  239  233  225  217  208  199  194  191  189  188  184  179
  171  163  156  151  150  151  153  156  156  154  147  139  131  125  123  126
  133  143  154  166  178  189  197  201  203  203  203  202  202  202  204  208
  213  218  223  219  225  231  242  265  257                                   
    45.0-180.0 180.0   5.0 450.0                            LAT/LON1/LON2/DLON/H
  290  300  310  310  306  305  302  292  281  263  245  230  220  218  223  233
  243  250  253  253  250  246  241  235  228  221  215  212  210  207  203  197
  190  184  179  176  175  176  178  180  179  175  167  158  148  141  138  140
  146  155  167  181  196  209  218  223  224  222  220  218  216  215  217  222
  228  236  244  245  254  260  274  296  290                                   
    42.5-180.0 180.0   5.0 450.0                            LAT/LON1/LON2/DLON/H
  318  332  344  346  345  345  342  333  319  298  276  256  242  235  237  243
  251  258  262  263  264  263  260  256  249  242  235  231  227  222  217  211
  206  202  200  199  200  201  202  202  200  195  187  178  168  161  157  158
  163  170  182  196  212  227  238  244  244  241  237  234  232  231  232  236
  244  253  263  267  278  285  302  324  318                                   
    40.0-180.0 180.0   5.0 450.0                            LAT/LON1/LON2/DLON/H
  337  352  364  369  371  373  371  363  350  330  307  285  269  259  256  259
  264  269  274  278  282  284  283  278  270  261  252  245  238  232  227  222
  219  219  220  223  224  225  225  223  220  215  208  199  190  183  179  178
  180  186  195  208  225  242  255  261  262  259  255  252  250  249  251  254
  261  270  281  286  297  304  324  348  337                                   
    37.5-180.0 180.0   5.0 450.0                            LAT/LON1/LON2/DLON/H
  349  361  372  378  383  386  385  380  370  353  334  315  298  286  280  279
  281  286  292  299  305  309  307  301  290  277  266  257  249  243  237  234
  235  239  244  248  250  250  247  244  240  235  229  221  213  205  200  198
  197  199  206  218  235  254  268  276  278  275  273  271  271  272  274  277
  282  290  299  304  313  319  340  368  349                                   
    35.0-180.0 180.0   5.0 450.0                            LAT/LON1/LON2/DLON/H
  358  365  373  380  387  391  391  388  382  370  356  342  328  316  307  303
  303  308  316  325  333  336  332  322  307  293  280  271  264  259  255  255
  258  265  272  277  278  275  271  266  261  256  250  243  235  226  220  214
  211  210  214  225  242  262  279  289  293  292  292  293  296  300  304  307
  311  317  323  324  332  336  358  389  358                                   
    32.5-180.0 180.0   5.0 450.0                            LAT/LON1/LON2/DLON/H
  373  372  377  386  394  399  399  397  393  385  376  367  358  346  336  329
  328  333  343  353  360  361  354  341  325  310  299  292  288  285  284  286
  291  298  305  308  307  302  295  288  283  278  272  264  254  243  234  226
  219  216  218  228  245  267  286  299  305  307  309  314  322  330  337  342
  347  351  354  353  360  363  382  415  373                                   
    30.0-180.0 180.0   5.0 450.0                            LAT/LON1/LON2/DLON/H
  401  390  395  406  413  420  420  418  413  406  400  396  389  378  366  358
  356  361  371  381  386  383  374  359  344  332  326  324  324  324  324  327
  331  336  340  339  333  325  317  309  303  298  291  281  269  255  242  231
  222  217  218  227  244  267  289  305  314  319  325  334  346  360  372  382
  389  393  395  392  400  402  419  453  401                                   
    27.5-180.0 180.0   5.0 450.0                            LAT/LON1/LON2/DLON/H
  444  423  434  449  455  463  463  459  451  442  436  431  424  413  399  389
  386  390  399  406  407  402  392  379  368  362  362  366  369  371  371  371
  372  372  369  362  352  341  331  324  318  312  305  293  277  259  243  230
  220  214  215  223  241  265  290  310  323  332  341  354  372  391  409  423
  434  440  441  439  451  454  470  505  444                                   
    25.0-180.0 180.0   5.0 450.0                            LAT/LON1/LON2/DLON/H
  505  475  497  518  523  533  533  526  513  498  487  479  469  455  438  425
  419  421  426  429  427  420  411  403  398  400  406  413  417  417  413  408
  403  395  384  370  356  343  334  328  323  318  310  296  278  258  239  224
  214  209  211  220  238  264  291  315  332  345  358  375  397  422  445  464
  480  487  488  490  508  511  531  568  505                                   
    22.5-180.0 180.0   5.0 450.0                            LAT/LON1/LON2/DLON/H
  581  545  577  606  611  625  627  617  598  575  556  541  526  507  486  469
  459  457  456  454  448  441  435  433  436  443  452  459  458  451  440  427
  413  397  379  359  341  329  322  319  317  313  305  291  272  251  231  216
  207  204  206  216  235  261  290  317  339  356  374  395  421  450  478  501
  520  530  533  542  564  568  595  636  581                                   
    20.0-180.0 180.0   5.0 450.0                            LAT/LON1/LON2/DLON/H
  663  625  662  695  702  722  728  720  697  667  639  616  593  569  544  522
  508  500  493  485  476  469  467  471  478  487  493  491  480  462  440  418
  397  374  350  327  309  300  297  299  299  297  291  279  262  242  223  208
  199  197  201  212  230  256  285  315  341  364  387  413  443  475  506  532
  554  566  573  588  614  617  651  698  663                                   
    17.5-180.0 180.0   5.0 450.0                            LAT/LON1/LON2/DLON/H
  735  702  736  767  775  800  813  810  789  758  725  695  667  639  609  584
  564  550  537  524  512  506  507  513  520  523  517  500  473  441  409  380
  353  328  303  281  268  264  268  274  277  277  273  264  251  233  215  200
  192  190  195  205  222  247  276  308  339  369  398  429  463  498  531  558
  581  594  605  625  653  654  692  744  735                                   
    15.0-180.0 180.0   5.0 450.0                            LAT/LON1/LON2/DLON/H
  782  762  788  812  819  847  866  869  855  827  795  765  737  707  677  648
  624  604  586  570  557  551  552  555  553  541  516  479  435  391  353  321
  295  273  252  237  231  235  244  254  258  258  255  250  240  226  209  194
  185  182  185  194  209  231  261  295  331  368  405  443  481  519  552  580
  603  616  630  652  679  679  717  770  782                                   
    12.5-180.0 180.0   5.0 450.0                            LAT/LON1/LON2/DLON/H
  805  802  816  830  835  861  882  891  884  864  839  814  790  765  737  709
  683  660  639  621  607  599  595  587  568  534  487  431  375  327  289  262
  242  226  215  210  213  223  236  246  248  246  243  239  234  223  207  190
  178  172  172  178  190  211  240  276  318  363  407  451  494  535  570  599
  622  635  650  672  695  697  731  780  805                                   
    10.0-180.0 180.0   5.0 450.0                            LAT/LON1/LON2/DLON/H
  816  826  829  832  832  851  870  882  881  870  853  837  821  803  782  757
  733  710  689  671  656  643  626  600  559  501  434  368  311  269  240  222
  212  207  206  210  220  234  246  252  249  242  237  234  230  222  206  188
  172  162  159  161  171  189  218  256  302  352  402  452  500  545  583  614
  638  653  668  688  708  713  740  783  816                                   
     7.5-180.0 180.0   5.0 450.0                            LAT/LON1/LON2/DLON/H
  825  845  839  830  822  831  843  854  857  852  843  835  828  819  805  787
  766  746  728  711  693  670  636  588  524  448  373  310  265  238  224  218
