data/edconvlstm_nd/pred3230.15i
     1.0            IONOSPHERE MAPS     GNSS                IONEX VERSION / TYPE
pyspatialgeodesy        IME             05-JAN-18 20:20     PGM / RUN BY / DATE 
Map Name                                                    COMMENT             
Predicted global ionosphere maps (GIM).                     DESCRIPTION         
  2015    11    19     0     0     0                        EPOCH OF FIRST MAP  
  2015    11    20     0     0     0                        EPOCH OF LAST MAP   
  7200                                                      INTERVAL            
    13                                                      # OF MAPS IN FILE   
  NONE                                                      MAPPING FUNCTION    
10.0                                                        ELEVATION CUTOFF    
One-way carrier phase leveled to code                       OBSERVABLES USED    
  6371.0                                                    BASE RADIUS         
 2                                                          MAP DIMENSION       
   450.0 450.0   0.0                                        HGT1 / HGT2 / DHGT  
    87.5 -87.5  -2.5                                        LAT1 / LAT2 / DLAT  
  -180.0 180.0   5.0                                        LON1 / LON2 / DLON  
    -1                                                      EXPONENT            
                                                            END OF HEADER       
[from data line 4290]
    11                                                      START OF TEC MAP    
  2015    11    19    20     0     0                        EPOCH OF CURRENT MAP
    87.5-180.0 180.0   5.0 450.0                            LAT/LON1/LON2/DLON/H
   97   95   88   92   98   96   96   94   95   99   99  101  103  104  105  106
  107  107  106  106  105  104  103  102  100   99   97   96   94   93   91   90
   88   87   85   84   83   81   80   79   79   78   77   77   77   77   77   77
   77   78   78   79   79   79   80   80   80   81   81   81   81   81   81   81
   81   81   78   76   82   83  100  104   97                                   
    85.0-180.0 180.0   5.0 450.0                            LAT/LON1/LON2/DLON/H
  100   95  104   90   91   97   97  101  103  107  109  111  113  115  117  118
  118  118  118  117  116  114  112  110  108  106  104  101   99   97   95   92
   90   88   86   84   82   80   78   77   76   75   74   73   73   73   73   74
   74   75   76   77   78   78   79   80   80   81   81   82   82   82   82   82
   83   82   78   75   79   82   87   86  100                                   
    82.5-180.0 180.0   5.0 450.0                            LAT/LON1/LON2/DLON/H
   78   78   81   78   83   89   94   97  102  107  111  116  119  123  125  127
  127  127  126  124  121  119  115  112  109  106  103  100   97   94   91   89
   86   83   80   77   74   72   70   67   66   64   63   63   63   63   63   64
   65   66   68   69   70   72   73   74   75   76   77   77   77   77   77   77
   77   75   72   71   75   86   80   80   78                                   
    80.0-180.0 180.0   5.0 450.0                            LAT/LON1/LON2/DLON/H
   55   58   66   64   70   73   83   90   98  106  113  121  126  131  134  136
  136  134  131  127  123  118  113  108  103   99   95   92   89   86   83   81
   78   75   71   68   65   62   59   56   54   53   52   52   52   53   54   56
   58   60   62   64   66   67   69   70   71   72   72   72   72   72   72   71
   70   69   67   65   63   69   63   72   55                                   
    77.5-180.0 180.0   5.0 450.0                            LAT/LON1/LON2/DLON/H
   57   54   56   55   64   69   80   89  100  110  120  130  139  145  149  151
  150  147  142  136  129  121  114  107  101   96   92   89   86   84   82   80
   78   75   72   68   65   61   57   54   51   49   48   48   48   50   52   54
   57   60   63   65   68   70   71   73   74   74   74   74   74   73   72   70
   69   68   66   64   61   61   59   70   57                                   
    75.0-180.0 180.0   5.0 450.0                            LAT/LON1/LON2/DLON/H
   49   48   48   49   58   65   76   87  101  115  128  140  150  158  162  163
  162  157  149  140  130  120  110  101   94   89   85   83   81   80   80   79
   78   75   73   69   65   61   57   53   50   48   47   48   49   51   54   57
   60   64   67   69   72   73   75   75   76   76   75   75   74   73   72   71
   70   69   68   64   60   56   51   54   49                                   
    72.5-180.0 180.0   5.0 450.0                            LAT/LON1/LON2/DLON/H
   55   51   50   55   59   67   80   91  105  120  134  148  160  168  173  174
  171  164  155  143  130  117  104   94   85   79   75   73   72   73   74   74
   74   73   70   67   63   59   54   51   48   46   45   46   48   51   54   58
   61   64   67   70   71   72   73   73   73   72   72   71   70   69   69   68
   67   66   65   61   56   55   52   58   55                                   
    70.0-180.0 180.0   5.0 450.0                            LAT/LON1/LON2/DLON/H
   59   56   56   60   65   73   84   97  113  128  144  158  170  178  183  183
  180  172  162  148  134  119  105   92   82   75   71   68   68   69   70   71
   71   71   69   65   61   57   53   49   47   46   46   47   50   54   57   61
   64   67   69   70   71   71   71   70   69   69   68   67   66   66   66   66
   65   66   67   65   62   60   60   66   59                                   
    67.5-180.0 180.0   5.0 450.0                            LAT/LON1/LON2/DLON/H
   69   68   68   74   78   86   98  111  125  139  154  168  179  187  191  192
  188  181  170  156  141  124  108   94   83   74   68   64   63   63   64   65
   65   65   63   60   56   52   48   45   43   43   44   46   50   54   57   61
   63   65   65   66   65   65   64   64   63   62   62   61   61   61   62   63
   63   64   65   64   61   63   62   68   69                                   
    65.0-180.0 180.0   5.0 450.0                            LAT/LON1/LON2/DLON/H
   73   75   77   85   90   99  110  123  136  150  163  175  185  192  196  197
  195  189  179  166  151  134  118  103   89   78   69   63   60   58   57   57
   56   55   53   50   46   43   39   37   36   37   39   42   46   50   53   55
   57   57   56   55   54   53   52   52   52   52   52   53   53   54   55   56
   58   60   63   63   63   67   68   75   73                                   
    62.5-180.0 180.0   5.0 450.0                            LAT/LON1/LON2/DLON/H
   78   83   87   97  104  115  126  138  150  162  173  183  191  196  200  202
  201  198  190  179  166  150  133  116  101   87   75   66   60   55   52   50
   48   46   43   40   37   33   31   29   29   31   33   37   41   45   47   48
   48   46   44   42   41   40   41   41   42   44   45   46   47   48   49   51
   52   55   57   58   58   64   66   73   78                                   
    60.0-180.0 180.0   5.0 450.0                            LAT/LON1/LON2/DLON/H
   79   88   95  107  116  127  140  153  164  174  183  190  195  199  203  206
  207  206  202  194  182  167  151  133  116  100   86   74   64   56   50   46
   43   39   36   33   29   27   25   24   24   26   29   33   37   40   41   41
   39   36   33   30   29   29   30   32   34   36   38   40   42   43   45   46
   47   49   52   53   53   60   63   72   79                                   
    57.5-180.0 180.0   5.0 450.0                            LAT/LON1/LON2/DLON/H
   81   92  101  116  128  141  155  169  180  188  195  198  201  203  206  210
  213  215  213  207  197  184  169  152  135  117  101   87   74   64   56   49
   44   40   36   32   29   26   25   24   25   27   30   34   37   39   39   37
   34   30   26   23   22   23   25   28   31   34   37   39   41   42   44   45
   46   48   49   49   50   56   59   70   81                                   
    55.0-180.0 180.0   5.0 450.0                            LAT/LON1/LON2/DLON/H
   86   99  111  127  141  156  172  186  197  205  209  209  209  209  211  215
  219  222  222  218  210  198  184  169  152  135  119  103   89   77   67   59
   53   47   43   39   35   33   31   31   32   34   36   39   41   42   41   38
   34   29   25   23   23   24   27   31   34   37   40   42   44   45   47   48
   48   49   50   50   49   55   58   69   86                                   
    52.5-180.0 180.0   5.0 450.0                            LAT/LON1/LON2/DLON/H
   95  109  123  140  157  174  191  206  217  223  225  223  220  218  218  222
  226  229  229  225  217  207  195  182  168  153  137  121  107   94   83   74
   66   60   55   51   47   45   43   43   43   45   47   49   50   50   48   44
   40   36   33   31   31   33   36   40   43   45   47   49   50   51   53   55
   55   56   57   57   55   59   62   74   95                                   
    50.0-180.0 180.0   5.0 450.0                            LAT/LON1/LON2/DLON/H
  110  123  140  157  176  195  213  229  240  245  245  241  235  230  229  231
  233  235  233  229  221  213  203  193  182  170  156  141  126  112  100   90
   81   74   69   65   62   60   59   58   58   59   60   61   62   61   59   56
   52   49   47   46   46   48   51   53   55   56   57   57   58   59   61   63
   64   65   66   67   66   70   74   84  110                                   
    47.5-180.0 180.0   5.0 450.0                            LAT/LON1/LON2/DLON/H
  127  141  159  175  195  216  235  252  263  269  267  261  253  246  243  242
  243  242  238  231  224  217  210  204  196  186  173  158  142  128  114  103
   94   86   81   78   76   75   73   73   72   73   74   74   74   74   72   69
   67   65   64   64   65   67   68   69   68   67   66   65   65   67   69   72
   73   75   77   79   80   85   90   99  127                                   
    45.0-180.0 180.0   5.0 450.0                            LAT/LON1/LON2/DLON/H
  145  158  176  192  212  234  254  273  285  292  290  283  273  265  260  257
  255  251  244  236  228  222  218  215  209  200  187  170  153  137  122  109
   99   92   88   86   86   86   85   84   84   84   84   85   85   85   84   83
   82   81   81   82   83   83   83   82   80   77   74   72   72   73   76   78
   80   83   86   90   94  100  109  117  145                                   
    42.5-180.0 180.0   5.0 450.0                            LAT/LON1/LON2/DLON/H
  158  172  190  206  225  247  267  288  301  310  309  303  294  286  279  275
  270  263  254  245  237  232  230  227  222  211  196  177  157  138  122  108
   98   92   89   90   92   93   94   93   91   91   91   92   93   93   92   92
   92   92   93   94   94   94   93   90   87   82   79   77   76   77   80   82
   83   87   90   96  103  112  124  134  158                                   
    40.0-180.0 180.0   5.0 450.0                            LAT/LON1/LON2/DLON/H
  165  181  199  215  234  255  275  295  310  320  322  318  311  305  299  294
  287  279  269  259  252  247  245  241  234  220  200  177  154  134  117  104
   94   90   90   93   98  101  102  100   97   96   96   96   97   97   97   97
   97   97   97   97   98   97   95   92   88   84   81   79   79   80   82   83
   84   87   90   96  105  118  132  146  165                                   
    37.5-180.0 180.0   5.0 450.0                            LAT/LON1/LON2/DLON/H
  166  185  203  220  238  256  276  296  311  323  327  327  324  321  317  313
  307  298  288  279  272  267  262  256  244  226  202  176  151  130  114  103
   96   94   96  102  109  113  113  110  105  101  100   99  100   99   98   97
   96   95   94   94   94   93   92   89   86   83   81   80   80   81   82   83
   82   84   87   93  102  117  132  149  166                                   
    35.0-180.0 180.0   5.0 450.0                            LAT/LON1/LON2/DLON/H
  164  185  204  221  238  255  274  292  307  319  326  329  331  332  332  330
  325  318  310  302  295  289  281  270  253  232  205  178  154  136  123  115
  111  111  116  124  132  135  132  125  117  110  106  105  103  102  100   97
   94   91   88   87   86   86   86   85   83   82   81   81   82   82   83   82
   81   81   84   89   96  113  128  146  164                                   
    32.5-180.0 180.0   5.0 450.0                            LAT/LON1/LON2/DLON/H
  165  188  207  223  240  253  271  286  301  313  322  328  333  338  342  343
  341  336  330  324  317  308  296  281  263  240  215  191  171  158  150  146
  144  146  152  160  167  167  160  148  135  124  117  113  110  107  103   99
   94   88   84   82   81   82   83   83   83   83   83   83   84   85   85   84
   81   81   83   88   93  109  124  144  165                                   
    30.0-180.0 180.0   5.0 450.0                            LAT/LON1/LON2/DLON/H
  172  197  216  230  246  256  270  283  296  308  317  325  334  342  348  352
  352  350  346  341  334  323  308  291  274  255  236  219  207  201  199  198
  198  199  204  210  213  208  195  177  158  143  133  126  121  117  111  105
   99   92   86   83   84   85   87   88   88   88   88   88   89   89   89   88
   85   85   87   92   97  112  128  146  172                                   
    27.5-180.0 180.0   5.0 450.0                            LAT/LON1/LON2/DLON/H
  187  214  236  246  261  268  278  286  297  306  316  325  335  345  353  357
  358  357  355  351  343  330  316  302  290  280  271  265  263  264  267  268
  267  266  266  266  262  250  230  206  183  165  152  143  137  131  125  118
  111  103   97   95   96   98  101  101  100   98   96   96   95   95   95   95
   93   95   97  103  109  123  141  156  187                                   
    25.0-180.0 180.0   5.0 450.0                            LAT/LON1/LON2/DLON/H
  211  239  263  272  287  291  297  300  307  313  321  329  340  350  358  361
  362  360  358  354  345  333  322  316  314  317  322  327  335  343  349  349
  344  336  328  318  305  285  260  231  206  186  171  162  155  149  142  136
  129  122  117  116  118  121  122  121  117  112  108  105  104  103  104  105
  105  109  113  121  129  144  163  174  211                                   
    22.5-180.0 180.0   5.0 450.0                            LAT/LON1/LON2/DLON/H
  240  268  294  305  321  324  327  326  328  331  335  342  351  359  365  367
  365  362  358  353  345  336  332  337  349  366  384  401  416  428  433  428
  414  395  375  354  332  306  277  248  222  203  189  180  173  167  162  157
  152  147  144  144  147  150  149  144  136  127  119  114  112  111  112  115
  117  125  131  142  154  169  191  199  240                                   
    20.0-180.0 180.0   5.0 450.0                            LAT/LON1/LON2/DLON/H
  269  297  324  339  359  363  365  362  361  361  362  366  371  377  380  378
  373  366  360  354  348  345  351  368  394  424  453  477  496  506  504  489
  461  429  396  366  337  309  280  254  233  216  204  196  189  184  179  176
  174  172  172  174  178  180  177  167  154  140  129  122  118  117  119  123
  128  138  147  163  178  196  220  230  269                                   
    17.5-180.0 180.0   5.0 450.0                            LAT/LON1/LON2/DLON/H
  295  324  351  370  395  401  407  404  403  402  401  402  403  405  404  398
  389  378  370  363  360  365  381  410  447  487  521  547  562  563  549  518
  476  430  388  352  322  296  273  253  238  226  217  210  203  198  194  193
  193  195  197  201  205  206  200  186  168  150  136  127  123  122  124  128
  134  147  159  178  197  218  246  261  295                                   
    15.0-180.0 180.0   5.0 450.0                            LAT/LON1/LON2/DLON/H
  314  344  373  396  426  436  446  447  449  449  448  447  446  444  439  429
  416  402  391  385  386  398  423  461  505  548  581  601  603  590  559  514
  458  404  357  321  295  276  261  250  243  236  230  223  216  210  206  205
  207  211  215  220  224  223  215  198  176  155  138  129  124  123  125  129
  135  149  164  185  207  232  264  283  314                                   
    12.5-180.0 180.0   5.0 450.0                            LAT/LON1/LON2/DLON/H
  322  356  388  414  449  463  480  485  492  496  497  496  494  491  484  471
  455  438  426  420  425  443  475  517  563  602  626  631  617  586  541  483
  420  363  318  287  269  259  254  253  252  250  246  239  231  222  216  214
  216  220  225  230  233  231  220  201  178  155  138  128  123  122  123  126
  130  145  162  184  208  238  271  295  322                                   
    10.0-180.0 180.0   5.0 450.0                            LAT/LON1/LON2/DLON/H
  323  360  396  422  461  481  505  516  529  537  542  544  543  540  533  521
  504  487  474  469  477  499  533  574  614  642  651  637  606  562  506  443
  379  325  286  264  256  255  260  266  270  271  267  259  248  237  227  223
  222  225  229  232  233  229  217  198  175  152  135  125  121  119  120  120
  124  137  155  177  202  236  271  296  323                                   
     7.5-180.0 180.0   5.0 450.0                            LAT/LON1/LON2/DLON/H
  319  359  397  423  465  491  520  537  556  569  578  583  586  586  583  573
  559  543  531  528  538  559  591  625  653  665  655  625  582  530  472  409
