data/edconvlstm_nd/pred0810.15i
     1.0            IONOSPHERE MAPS     GNSS                IONEX VERSION / TYPE
pyspatialgeodesy        IME             05-JAN-18 20:20     PGM / RUN BY / DATE 
Map Name                                                    COMMENT             
Predicted global ionosphere maps (GIM).                     DESCRIPTION         
  2015     3    22     0     0     0                        EPOCH OF FIRST MAP  
  2015     3    23     0     0     0                        EPOCH OF LAST MAP   
  7200                                                      INTERVAL            
    13                                                      # OF MAPS IN FILE   
  NONE                                                      MAPPING FUNCTION    
10.0                                                        ELEVATION CUTOFF    
One-way carrier phase leveled to code                       OBSERVABLES USED    
  6371.0                                                    BASE RADIUS         
 2                                                          MAP DIMENSION       
   450.0 450.0   0.0                                        HGT1 / HGT2 / DHGT  
    87.5 -87.5  -2.5                                        LAT1 / LAT2 / DLAT  
  -180.0 180.0   5.0                                        LON1 / LON2 / DLON  
    -1                                                      EXPONENT            
                                                            END OF HEADER       
[from data line 5148]
    13                                                      START OF TEC MAP    
  2015     3    23     0     0     0                        EPOCH OF CURRENT MAP
    87.5-180.0 180.0   5.0 450.0                            LAT/LON1/LON2/DLON/H
  127  129  135  127  124  125  122  121  122  122  124  126  127  128  129  129
  130  130  129  128  127  126  124  123  121  119  116  114  113  111  109  108
  107  107  106  106  106  107  108  109  110  112  113  115  116  117  119  120
  121  122  123  124  124  125  126  126  126  126  126  126  126  126  126  126
  126  126  125  125  120  120  129  132  127                                   
    85.0-180.0 180.0   5.0 450.0                            LAT/LON1/LON2/DLON/H
  133  134  117  123  124  126  122  121  122  122  123  125  126  127  128  129
  129  128  127  126  124  121  119  116  112  109  106  103  100   97   95   93
   92   91   91   91   92   93   95   97  100  103  105  108  110  113  115  117
  119  121  122  124  125  126  127  128  129  130  130  131  131  131  131  131
  132  132  133  134  128  132  138  139  133                                   
    82.5-180.0 180.0   5.0 450.0                            LAT/LON1/LON2/DLON/H
  128  123  128  125  123  125  121  120  123  123  125  127  129  131  132  133
  133  133  131  129  126  122  118  113  109  104   99   94   89   85   82   79
   77   77   77   78   79   82   85   89   92   96  100  104  107  110  113  115
  117  119  121  123  125  126  128  130  131  133  134  135  136  137  138  139
  139  139  138  136  134  123  129  131  128                                   
    80.0-180.0 180.0   5.0 450.0                            LAT/LON1/LON2/DLON/H
  134  125  121  117  116  117  117  117  120  121  124  128  132  135  137  138
  139  138  136  133  129  124  118  112  105   97   90   84   77   72   67   64
   63   62   63   64   67   71   75   80   85   90   95   99  103  106  108  110
  112  114  115  117  119  121  123  125  128  130  132  135  136  138  139  141
  141  140  140  138  146  133  141  147  134                                   
    77.5-180.0 180.0   5.0 450.0                            LAT/LON1/LON2/DLON/H
  145  135  128  129  119  119  120  122  126  127  132  137  142  146  149  151
  151  149  147  143  138  132  125  117  109  100   92   84   76   70   65   62
   60   60   61   63   67   71   76   81   87   92   97  100  103  105  106  106
  107  107  108  109  110  112  115  118  122  126  130  133  136  139  142  144
  145  147  146  147  151  148  151  163  145                                   
    75.0-180.0 180.0   5.0 450.0                            LAT/LON1/LON2/DLON/H
  159  146  140  140  128  128  127  128  132  134  139  144  149  152  154  155
  154  152  148  144  138  132  126  118  110  101   92   84   77   70   65   62
   61   61   63   66   70   75   80   86   91   96   99  102  103  102  101  100
   98   97   96   97   98  100  104  108  113  119  124  129  134  138  142  145
  146  149  150  147  152  158  160  173  159                                   
    72.5-180.0 180.0   5.0 450.0                            LAT/LON1/LON2/DLON/H
  161  157  153  150  138  134  134  136  140  142  146  151  155  156  157  155
  152  148  144  140  135  130  125  119  112  104   96   88   81   75   71   68
   67   68   69   72   76   80   85   89   94   97   99   99   98   96   93   89
   86   83   82   82   83   86   91   96  103  110  116  123  129  134  139  143
  144  147  151  150  154  161  169  186  161                                   
    70.0-180.0 180.0   5.0 450.0                            LAT/LON1/LON2/DLON/H
  172  167  164  164  151  148  147  149  153  155  159  163  164  163  160  156
  150  144  139  135  132  129  125  121  115  109  101   94   88   82   78   76
   75   75   76   79   81   85   88   91   94   96   96   95   92   88   83   78
   74   71   69   70   72   77   83   91   99  107  116  124  130  136  141  145
  146  148  152  153  158  168  176  193  172                                   
    67.5-180.0 180.0   5.0 450.0                            LAT/LON1/LON2/DLON/H
  177  175  171  173  161  157  156  158  162  164  168  170  170  166  160  152
  144  137  132  128  126  125  123  121  116  111  104   97   90   85   81   79
   78   78   78   79   80   82   84   85   86   86   85   83   79   74   69   64
   60   58   58   59   63   69   78   87   98  108  118  127  134  139  143  146
  146  147  150  151  157  167  176  196  177                                   
    65.0-180.0 180.0   5.0 450.0                            LAT/LON1/LON2/DLON/H
  177  175  172  175  165  161  159  162  168  171  174  177  175  169  160  150
  140  132  127  125  124  124  124  122  118  112  105   98   91   86   82   80
   78   77   76   76   75   76   76   76   76   76   74   71   67   63   58   54
   51   49   50   53   59   67   77   89  101  113  124  134  141  146  149  150
  149  147  149  148  152  162  172  194  177                                   
    62.5-180.0 180.0   5.0 450.0                            LAT/LON1/LON2/DLON/H
  173  171  169  173  164  160  158  162  169  173  178  180  178  172  162  151
  141  133  128  127  127  128  127  124  119  112  104   96   89   84   81   78
   76   74   72   70   69   68   67   67   67   66   65   63   59   55   51   47
   45   45   47   52   59   69   80   94  108  121  133  144  151  157  159  159
  155  151  151  148  148  156  166  188  173                                   
    60.0-180.0 180.0   5.0 450.0                            LAT/LON1/LON2/DLON/H
  169  166  166  168  160  155  152  157  165  170  175  179  178  172  163  153
  144  138  134  132  132  132  130  125  117  108   99   90   84   80   76   74
   72   69   67   64   62   61   60   60   61   61   60   58   55   52   48   46
   44   45   49   55   63   74   86  100  115  129  142  153  162  168  171  171
  165  159  157  152  148  153  161  184  169                                   
    57.5-180.0 180.0   5.0 450.0                            LAT/LON1/LON2/DLON/H
  169  166  167  167  158  152  148  152  159  164  170  174  174  170  164  157
  150  145  142  140  138  135  130  122  112  102   92   84   79   75   73   71
   69   66   63   60   59   58   58   59   60   60   60   59   57   54   51   49
   48   50   54   60   69   80   93  108  122  137  150  162  172  180  184  185
  180  173  170  163  157  157  163  185  169                                   
    55.0-180.0 180.0   5.0 450.0                            LAT/LON1/LON2/DLON/H
  179  176  177  174  165  157  152  153  158  161  165  168  169  168  164  160
  156  152  149  145  141  135  127  117  106   95   86   80   77   75   73   72
   69   67   64   62   61   61   62   63   65   66   66   65   64   61   59   57
   57   59   62   69   77   88  101  115  130  144  158  171  182  191  198  200
  197  191  189  182  175  172  176  197  179                                   
    52.5-180.0 180.0   5.0 450.0                            LAT/LON1/LON2/DLON/H
  199  198  196  191  182  174  166  163  164  164  164  166  166  166  165  163
  161  157  153  147  140  131  122  111  101   92   86   82   80   80   79   78
   75   73   70   69   69   70   72   73   75   76   76   76   74   73   71   70
   70   71   74   79   86   96  109  123  138  152  166  179  191  201  210  215
  215  212  212  206  202  198  200  219  199                                   
    50.0-180.0 180.0   5.0 450.0                            LAT/LON1/LON2/DLON/H
  228  229  224  218  209  200  191  184  181  175  171  169  168  168  168  167
  165  160  153  145  136  127  118  110  102   95   91   90   90   91   90   88
   85   83   81   81   82   83   85   86   87   88   88   88   88   87   86   85
   85   86   87   90   96  105  118  131  146  160  174  187  199  211  221  228
  232  234  236  233  233  232  234  249  228                                   
    47.5-180.0 180.0   5.0 450.0                            LAT/LON1/LON2/DLON/H
  260  265  257  253  243  234  224  214  205  194  185  179  175  173  173  172
  168  161  152  142  133  126  119  113  107  104  103  103  104  105  103  100
   96   93   92   93   94   96   97   98   98   98   99  101  102  102  103  102
  101  100  100  101  105  113  125  138  153  167  181  194  206  217  228  238
  245  252  258  259  264  268  272  283  260                                   
    45.0-180.0 180.0   5.0 450.0                            LAT/LON1/LON2/DLON/H
  289  298  292  288  279  270  260  247  234  218  205  194  187  183  181  178
  171  162  151  141  133  127  123  120  118  117  117  118  118  117  113  108
  103  100   99  101  103  106  106  106  106  106  108  111  114  117  118  118
  116  113  110  108  111  118  129  144  160  175  188  200  211  222  234  245
  254  265  276  282  291  298  305  312  289                                   
    42.5-180.0 180.0   5.0 450.0                            LAT/LON1/LON2/DLON/H
  308  322  318  317  308  300  290  276  262  243  226  213  203  196  192  186
  176  164  152  143  137  134  133  132  132  132  131  130  127  122  116  109
  104  101  102  105  108  111  112  111  111  112  116  121  126  129  131  131
  127  122  116  112  113  119  132  149  166  182  196  208  218  229  239  251
  261  275  290  299  310  320  328  334  308                                   
    40.0-180.0 180.0   5.0 450.0                            LAT/LON1/LON2/DLON/H
  320  336  334  333  326  317  307  295  281  263  245  231  219  212  205  196
  184  170  158  150  147  146  147  147  146  144  140  134  126  119  111  104
  101  100  103  107  112  115  116  116  116  118  123  130  136  140  141  139
  134  126  118  112  111  117  131  150  170  188  203  215  226  237  248  259
  270  284  301  313  324  334  344  348  320                                   
    37.5-180.0 180.0   5.0 450.0                            LAT/LON1/LON2/DLON/H
  328  344  341  337  331  322  311  300  289  272  257  244  234  226  218  208
  195  182  171  165  164  165  165  162  157  150  141  131  121  112  106  102
  101  104  109  115  120  124  125  125  125  128  133  140  146  149  148  144
  136  125  115  107  105  111  126  147  170  191  207  221  233  245  258  270
  282  296  314  326  335  345  355  361  328                                   
    35.0-180.0 180.0   5.0 450.0                            LAT/LON1/LON2/DLON/H
  341  354  348  338  331  319  307  297  287  274  261  251  243  237  231  221
  210  199  191  187  186  185  181  173  162  150  138  127  118  112  110  111
  115  120  127  133  137  141  142  142  142  144  148  153  156  156  152  144
  133  120  109  100   98  104  119  141  165  188  207  224  239  254  270  284
  297  312  331  342  351  359  370  379  341                                   
    32.5-180.0 180.0   5.0 450.0                            LAT/LON1/LON2/DLON/H
  367  377  366  347  336  322  307  296  286  274  263  255  250  245  241  234
  227  219  214  211  208  201  191  177  163  150  139  132  128  129  133  140
  148  154  159  163  166  168  168  168  167  167  167  168  166  162  153  141
  127  114  102   95   93   98  112  134  158  183  205  225  246  266  285  303
  318  335  354  365  376  383  395  408  367                                   
    30.0-180.0 180.0   5.0 450.0                            LAT/LON1/LON2/DLON/H
  413  421  402  376  361  343  325  311  298  284  272  263  257  253  250  246
  243  239  236  231  222  209  193  178  165  157  153  155  160  169  181  192
  200  205  206  205  203  203  202  200  196  192  187  182  175  164  151  136
  121  108   99   94   93   98  111  130  154  179  204  229  255  281  307  329
  348  367  386  397  413  421  434  452  413                                   
    27.5-180.0 180.0   5.0 450.0                            LAT/LON1/LON2/DLON/H
  481  486  461  430  410  392  370  352  334  314  297  284  274  267  262  259
  257  255  251  241  226  208  192  180  175  178  187  201  218  236  253  265
  271  270  264  255  247  241  237  232  225  215  204  192  180  165  148  132
  117  107  100   98   98  103  114  131  154  180  207  237  268  301  332  361
  385  408  428  441  462  476  492  514  481                                   
    25.0-180.0 180.0   5.0 450.0                            LAT/LON1/LON2/DLON/H
  567  567  542  509  487  470  446  422  397  370  344  323  305  291  282  275
  272  267  258  242  222  204  192  190  199  218  243  271  300  324  342  350
  349  338  321  302  285  272  264  256  244  230  214  198  182  165  147  130
  117  109  105  104  105  109  119  135  157  184  214  246  282  320  358  393
  424  452  475  493  521  543  567  592  567                                   
    22.5-180.0 180.0   5.0 450.0                            LAT/LON1/LON2/DLON/H
  663  655  634  607  584  570  546  517  484  448  413  382  354  331  313  300
  289  278  261  239  218  203  202  215  240  276  316  355  391  417  431  432
  420  397  366  334  307  288  276  265  252  235  216  199  182  165  147  132
  121  114  111  110  110  113  122  139  162  191  222  257  295  337  379  420
  459  493  522  547  581  613  649  677  663                                   
    20.0-180.0 180.0   5.0 450.0                            LAT/LON1/LON2/DLON/H
  756  739  722  704  683  676  657  626  587  544  499  458  420  387  358  335
  314  293  268  242  222  216  228  257  298  345  393  437  471  493  500  490
  466  430  387  344  309  286  272  261  248  232  213  196  180  165  149  136
  125  119  116  114  113  115  125  144  169  200  233  269  308  352  397  442
  486  526  561  594  631  670  717  749  756                                   
    17.5-180.0 180.0   5.0 450.0                            LAT/LON1/LON2/DLON/H
  823  798  785  778  768  770  759  732  691  643  593  545  499  456  417  383
  351  319  287  260  245  249  274  315  364  414  459  496  522  534  529  508
  473  427  376  328  292  270  258  249  238  224  208  192  179  166  152  140
  131  125  120  117  114  117  127  148  177  210  245  282  322  367  413  460
  508  551  591  629  666  704  758  794  823                                   
    15.0-180.0 180.0   5.0 450.0                            LAT/LON1/LON2/DLON/H
  840  811  811  817  820  835  835  815  778  731  681  632  583  534  487  443
  401  361  324  298  290  305  339  385  431  471  502  522  531  527  508  477
  435  387  338  296  266  249  242  236  227  215  202  190  179  168  157  146
  137  130  124  118  114  116  128  152  184  220  256  294  336  381  428  476
  524  569  611  651  684  718  771  809  840                                   
    12.5-180.0 180.0   5.0 450.0                            LAT/LON1/LON2/DLON/H
  818  792  806  825  840  865  875  863  834  795  752  708  662  614  564  515
  467  421  383  360  360  381  418  458  490  508  513  507  492  469  438  403
  364  325  290  262  244  235  230  226  218  208  198  189  181  172  162  152
  143  135  126  117  111  113  128  155  190  228  266  305  348  394  441  489
  537  581  624  662  690  719  765  799  818                                   
    10.0-180.0 180.0   5.0 450.0                            LAT/LON1/LON2/DLON/H
  782  765  788  814  836  868  883  879  858  828  797  764  728  686  640  592
  543  498  463  446  450  472  502  525  531  518  490  453  413  375  340  311
  287  267  252  242  236  232  229  223  216  206  198  190  184  176  166  156
  146  137  126  114  107  110  127  157  194  232  271  310  354  402  451  498
  546  590  632  667  691  715  751  780  782                                   
     7.5-180.0 180.0   5.0 450.0                            LAT/LON1/LON2/DLON/H
  754  745  771  798  824  857  874  872  858  838  818  798  775  744  707  666
  624  585  556  543  548  563  577  574  546  496  433  369  314  273  247  234
