data/edconvlstm_nd/pred0980.15i
     1.0            IONOSPHERE MAPS     GNSS                IONEX VERSION / TYPE
pyspatialgeodesy        IME             05-JAN-18 20:20     PGM / RUN BY / DATE 
Map Name                                                    COMMENT             
Predicted global ionosphere maps (GIM).                     DESCRIPTION         
  2015     4     8     0     0     0                        EPOCH OF FIRST MAP  
  2015     4     9     0     0     0                        EPOCH OF LAST MAP   
  7200                                                      INTERVAL            
    13                                                      # OF MAPS IN FILE   
  NONE                                                      MAPPING FUNCTION    
10.0                                                        ELEVATION CUTOFF    
One-way carrier phase leveled to code                       OBSERVABLES USED    
  6371.0                                                    BASE RADIUS         
 2                                                          MAP DIMENSION       
   450.0 450.0   0.0                                        HGT1 / HGT2 / DHGT  
    87.5 -87.5  -2.5                                        LAT1 / LAT2 / DLAT  
  -180.0 180.0   5.0                                        LON1 / LON2 / DLON  
    -1                                                      EXPONENT            
                                                            END OF HEADER       
[from data line 1287]
     4                                                      START OF TEC MAP    
  2015     4     8     6     0     0                        EPOCH OF CURRENT MAP
    87.5-180.0 180.0   5.0 450.0                            LAT/LON1/LON2/DLON/H
  201  197  194  196  198  198  197  197  200  203  206  209  212  214  216  218
  220  221  222  222  222  222  221  220  219  218  216  215  214  212  211  210
  210  209  209  208  208  208  208  209  209  209  209  209  210  210  210  210
  209  209  209  208  208  207  206  206  205  204  203  202  200  199  197  196
  195  195  193  193  196  195  194  194  201                                   
    85.0-180.0 180.0   5.0 450.0                            LAT/LON1/LON2/DLON/H
  195  194  192  193  195  197  199  201  204  208  211  215  218  221  224  227
  229  230  231  231  231  230  229  228  226  224  222  221  219  217  216  215
  215  214  214  215  215  216  217  217  218  219  220  220  221  221  221  222
  222  221  221  221  220  220  219  218  217  216  215  213  212  210  207  206
  205  204  199  200  194  194  194  194  195                                   
    82.5-180.0 180.0   5.0 450.0                            LAT/LON1/LON2/DLON/H
  187  187  184  180  182  184  185  188  193  198  202  207  212  217  221  224
  226  228  228  228  227  225  223  220  217  213  210  207  205  203  202  201
  201  201  202  204  205  207  209  211  213  215  216  218  219  220  221  222
  223  224  225  225  225  226  225  225  224  223  222  220  217  215  211  209
  205  203  196  196  193  190  187  177  187                                   
    80.0-180.0 180.0   5.0 450.0                            LAT/LON1/LON2/DLON/H
  176  174  167  163  165  166  169  173  179  185  190  197  204  210  215  219
  222  224  224  223  221  217  213  208  203  198  193  189  185  183  182  182
  183  185  188  191  194  198  201  205  208  211  214  216  219  222  224  227
  229  232  234  236  238  240  241  241  241  240  239  237  234  230  226  222
  217  211  202  199  194  187  188  170  176                                   
    77.5-180.0 180.0   5.0 450.0                            LAT/LON1/LON2/DLON/H
  171  162  157  152  150  150  153  156  162  167  174  182  189  196  202  207
  211  213  213  211  208  203  197  190  183  176  170  165  161  159  159  161
  164  168  173  179  184  190  195  200  204  208  212  216  220  225  229  234
  239  244  249  253  257  260  263  265  266  265  264  262  258  254  249  243
  237  230  217  211  205  193  186  176  171                                   
    75.0-180.0 180.0   5.0 450.0                            LAT/LON1/LON2/DLON/H
  171  163  152  146  140  138  139  140  145  150  156  163  171  177  184  189
  193  195  196  194  191  185  178  170  162  154  147  141  138  136  137  141
  146  152  160  167  175  182  189  194  200  205  210  215  221  227  234  242
  250  258  266  273  280  285  290  293  295  295  293  291  287  282  276  270
  262  254  242  230  219  207  199  189  171                                   
    72.5-180.0 180.0   5.0 450.0                            LAT/LON1/LON2/DLON/H
  177  169  157  147  138  133  132  131  133  136  140  146  152  157  163  168
  172  175  176  175  172  168  161  153  145  136  129  124  120  120  121  126
  133  141  150  160  169  176  183  190  195  201  206  213  221  230  240  250
  261  272  283  293  302  309  315  318  320  319  317  314  309  304  298  293
  285  277  267  255  241  225  216  208  177                                   
    70.0-180.0 180.0   5.0 450.0                            LAT/LON1/LON2/DLON/H
  191  179  166  152  140  131  126  122  122  122  124  128  131  135  139  143
  147  151  153  154  153  150  145  138  131  123  116  110  107  106  109  114
  122  131  141  151  161  169  176  182  187  193  200  208  219  230  243  257
  271  285  298  310  320  328  333  336  336  334  331  326  320  314  309  304
  298  291  283  272  259  243  235  228  191                                   
    67.5-180.0 180.0   5.0 450.0                            LAT/LON1/LON2/DLON/H
  199  188  173  157  144  132  124  118  116  113  113  114  115  116  119  122
  126  130  134  136  137  136  133  128  122  115  108  103   99   99  101  106
  113  122  133  143  152  160  166  172  177  184  192  202  215  229  245  262
  279  294  309  321  331  338  341  342  340  336  331  324  317  311  305  300
  296  291  285  276  266  251  244  239  199                                   
    65.0-180.0 180.0   5.0 450.0                            LAT/LON1/LON2/DLON/H
  205  193  179  161  148  134  124  116  112  107  105  104  103  102  103  105
  108  112  117  121  124  125  123  120  115  109  103   98   95   93   95   99
  106  115  125  135  144  151  158  163  170  177  187  200  215  232  250  269
  287  303  317  329  337  342  344  342  338  332  324  316  308  300  293  288
  283  280  276  270  263  251  246  241  205                                   
    62.5-180.0 180.0   5.0 450.0                            LAT/LON1/LON2/DLON/H
  207  195  181  163  150  135  124  115  109  103  100   97   95   93   93   94
   97  101  105  110  113  115  114  112  108  104   99   95   91   89   89   92
   98  106  116  126  136  144  151  158  165  174  186  201  219  237  257  276
  294  310  323  333  340  343  342  339  333  326  317  308  298  289  280  274
  268  264  261  256  252  242  239  234  207                                   
    60.0-180.0 180.0   5.0 450.0                            LAT/LON1/LON2/DLON/H
  207  193  181  162  150  136  124  113  106  100   95   93   90   88   87   87
   90   93   97  101  103  104  104  102  100   97   93   90   86   83   82   84
   89   98  108  119  130  139  148  156  165  176  190  207  226  246  266  284
  301  316  327  336  341  343  342  338  332  325  316  307  296  286  275  266
  258  252  247  242  239  230  227  222  207                                   
    57.5-180.0 180.0   5.0 450.0                            LAT/LON1/LON2/DLON/H
  209  193  183  165  154  139  126  114  106   98   93   90   88   86   85   86
   87   90   93   95   95   95   94   93   91   90   88   85   82   79   77   78
   82   91  102  115  127  139  149  160  171  184  200  219  238  258  277  295
  310  323  333  340  345  346  345  342  338  332  325  316  306  295  282  271
  259  250  242  235  230  222  219  213  209                                   
    55.0-180.0 180.0   5.0 450.0                            LAT/LON1/LON2/DLON/H
  215  198  190  173  163  148  134  120  109   99   93   89   87   86   86   86
   88   90   91   91   90   88   86   85   84   85   84   83   80   76   73   73
   78   87   99  114  129  143  156  168  181  197  214  233  253  273  290  306
  319  331  340  346  351  354  354  353  351  348  343  337  327  315  302  287
  273  260  248  237  231  220  217  211  215                                   
    52.5-180.0 180.0   5.0 450.0                            LAT/LON1/LON2/DLON/H
  228  212  205  190  181  165  150  133  118  105   97   92   89   88   89   90
   91   92   92   91   88   85   83   82   83   85   86   86   83   78   74   73
   77   87  100  117  134  150  165  180  195  211  230  250  269  288  304  318
  330  340  348  355  360  364  366  367  368  367  366  362  354  343  329  313
  295  280  264  250  240  227  223  218  228                                   
    50.0-180.0 180.0   5.0 450.0                            LAT/LON1/LON2/DLON/H
  246  232  226  214  205  189  174  154  135  119  107  100   96   94   94   95
   96   97   97   95   92   88   86   86   88   92   94   94   91   86   80   78
   81   90  105  123  141  159  176  192  209  227  246  266  285  302  318  331
  341  351  359  365  371  375  379  381  383  385  385  383  378  368  355  339
  321  304  287  269  256  242  236  233  246                                   
    47.5-180.0 180.0   5.0 450.0                            LAT/LON1/LON2/DLON/H
  264  254  249  241  231  217  200  179  158  138  123  113  107  103  102  101
  102  103  103  102  100   97   96   97  101  106  109  109  105   98   91   87
   89   98  112  130  149  168  186  203  221  239  259  279  298  315  330  343
  353  362  370  376  382  385  388  390  391  393  394  393  389  382  371  357
  342  326  308  290  274  259  253  251  264                                   
    45.0-180.0 180.0   5.0 450.0                            LAT/LON1/LON2/DLON/H
  278  272  268  263  253  240  224  203  182  161  144  131  123  116  112  110
  110  111  112  112  112  111  112  114  119  124  127  126  121  113  105  100
  100  107  119  136  155  175  193  211  230  249  269  289  308  326  341  354
  365  374  381  387  391  393  393  392  391  391  390  388  385  379  370  361
  349  337  322  306  290  274  268  267  278                                   
    42.5-180.0 180.0   5.0 450.0                            LAT/LON1/LON2/DLON/H
  285  281  277  272  263  251  238  220  201  181  164  152  141  133  127  122
  120  120  122  124  126  128  130  134  139  144  146  143  137  127  118  112
  111  116  126  141  159  178  197  216  235  255  275  295  315  333  350  364
  376  386  393  398  400  400  397  393  388  383  379  375  371  365  359  352
  344  336  326  312  298  283  279  274  285                                   
    40.0-180.0 180.0   5.0 450.0                            LAT/LON1/LON2/DLON/H
  285  278  272  263  254  243  234  221  208  193  180  170  160  151  143  136
  132  131  133  137  141  144  148  152  156  160  160  156  148  138  130  124
  122  124  131  144  160  178  198  218  237  258  279  299  319  338  356  373
  387  397  405  410  411  410  406  399  391  383  375  369  363  357  351  345
  339  333  325  314  303  289  284  274  285                                   
    37.5-180.0 180.0   5.0 450.0                            LAT/LON1/LON2/DLON/H
  280  265  255  237  227  216  210  204  198  191  185  181  175  167  159  150
  145  144  146  150  154  158  162  166  169  170  168  162  154  145  138  133
  130  130  135  145  160  178  198  219  240  261  282  302  322  342  361  380
  396  409  419  425  428  429  425  419  410  401  393  385  378  371  364  358
  350  343  333  321  311  298  292  274  280                                   
    35.0-180.0 180.0   5.0 450.0                            LAT/LON1/LON2/DLON/H
  279  253  236  207  192  177  172  172  174  176  179  182  183  179  172  164
  159  157  158  161  165  168  171  174  176  175  171  163  155  148  143  139
  136  135  137  145  160  179  200  222  243  264  285  305  325  345  366  387
  406  423  436  446  454  459  460  457  452  445  438  432  425  419  411  402
  390  378  364  347  337  322  311  286  279                                   
    32.5-180.0 180.0   5.0 450.0                            LAT/LON1/LON2/DLON/H
  295  256  229  189  165  144  135  137  143  152  163  175  182  184  181  175
  171  168  169  171  173  175  177  179  179  177  171  163  155  149  146  143
  140  138  139  147  161  182  204  226  248  268  288  308  327  348  370  394
  418  439  458  474  489  501  510  515  515  513  510  508  505  500  493  481
  465  446  425  400  386  369  350  321  295                                   
    30.0-180.0 180.0   5.0 450.0                            LAT/LON1/LON2/DLON/H
  337  284  246  197  162  132  116  113  118  129  145  162  176  183  184  182
  179  178  177  177  177  178  180  183  183  180  172  163  155  151  149  147
  144  141  141  149  165  186  210  232  253  273  293  312  331  352  376  402
  430  458  483  507  530  553  573  588  596  601  605  608  610  610  604  591
  570  544  514  478  459  437  408  379  337                                   
    27.5-180.0 180.0   5.0 450.0                            LAT/LON1/LON2/DLON/H
  408  342  290  237  193  156  130  118  114  121  135  153  169  179  184  185
  184  184  182  181  180  182  186  190  192  188  179  168  159  155  153  152
  148  144  144  152  169  192  216  238  259  279  298  318  337  358  383  412
  444  477  509  541  574  609  642  668  687  701  712  722  730  733  730  716
  692  659  621  576  550  522  482  459  408                                   
    25.0-180.0 180.0   5.0 450.0                            LAT/LON1/LON2/DLON/H
  501  425  360  310  259  220  183  160  143  138  144  156  169  178  184  186
  187  187  186  184  184  189  197  205  208  204  193  179  169  163  160  157
  151  146  146  155  173  197  222  244  264  285  305  326  346  367  393  424
  460  497  535  575  618  663  707  744  773  796  815  830  843  849  847  833
  808  773  731  680  645  612  567  552  501                                   
    22.5-180.0 180.0   5.0 450.0                            LAT/LON1/LON2/DLON/H
  597  521  450  410  356  319  275  240  209  189  179  179  183  187  189  191
  192  192  190  189  192  201  215  227  232  227  213  196  182  173  167  161
  153  146  145  155  175  200  225  247  269  291  314  337  359  382  408  441
  480  520  563  609  658  709  758  800  835  864  888  909  925  934  934  922
  899  867  826  774  732  695  655  649  597                                   
    20.0-180.0 180.0   5.0 450.0                            LAT/LON1/LON2/DLON/H
  674  607  543  522  471  440  395  352  307  270  243  227  217  210  205  203
  202  200  198  199  205  220  239  255  261  253  235  214  197  183  172  161
  150  141  141  151  172  198  223  247  271  296  324  350  376  401  430  464
  504  547  593  640  690  740  788  828  862  892  919  943  961  973  977  970
  953  927  893  845  800  757  731  733  674                                   
    17.5-180.0 180.0   5.0 450.0                            LAT/LON1/LON2/DLON/H
  717  665  619  617  576  555  516  472  421  372  331  299  273  253  238  228
  221  217  214  215  225  243  267  285  290  278  256  230  207  188  172  156
  142  133  132  143  164  191  217  243  270  300  332  364  394  422  454  490
  531  575  619  664  709  753  792  825  853  881  907  931  950  965  974  974
  966  948  924  884  839  794  783  790  717                                   
    15.0-180.0 180.0   5.0 450.0                            LAT/LON1/LON2/DLON/H
  727  689  660  669  641  634  608  571  523  473  426  383  346  313  287  268
  254  245  239  240  250  271  295  313  314  297  269  239  211  187  165  147
  132  123  123  134  155  181  208  237  267  302  339  375  409  441  475  513
  554  595  636  674  711  744  772  795  816  838  862  884  903  919  932  940
  941  932  919  888  849  802  804  810  727                                   
    12.5-180.0 180.0   5.0 450.0                            LAT/LON1/LON2/DLON/H
  714  682  661  671  656  660  647  624  588  547  505  463  422  384  350  322
  301  285  274  272  281  300  321  334  328  305  272  238  206  179  156  137
  122  114  115  125  145  170  198  228  262  300  340  380  417  452  488  526
  566  603  638  668  695  719  737  752  767  784  804  823  840  855  871  883
  890  890  886  863  832  789  795  794  714                                   
    10.0-180.0 180.0   5.0 450.0                            LAT/LON1/LON2/DLON/H
  686  653  632  634  627  636  635  625  605  579  550  519  485  449  415  383
  357  335  318  310  313  326  340  344  330  300  264  227  195  168  146  128
  115  109  110  119  137  161  188  219  254  294  335  376  415  452  489  527
  565  599  628  652  673  691  705  716  727  741  757  773  788  802  817  829
  839  843  844  827  804  765  768  759  686                                   
     7.5-180.0 180.0   5.0 450.0                            LAT/LON1/LON2/DLON/H
  655  617  590  578  574  582  585  586  581  571  557  541  520  495  466  438
  410  385  362  347  341  343  345  338  316  282  245  210  181  157  138  123
