data/edconvlstm_nd/pred2150.15i
     1.0            IONOSPHERE MAPS     GNSS                IONEX VERSION / TYPE
pyspatialgeodesy        IME             05-JAN-18 20:20     PGM / RUN BY / DATE 
Map Name                                                    COMMENT             
Predicted global ionosphere maps (GIM).                     DESCRIPTION         
  2015     8     3     0     0     0                        EPOCH OF FIRST MAP  
  2015     8     4     0     0     0                        EPOCH OF LAST MAP   
  7200                                                      INTERVAL            
    13                                                      # OF MAPS IN FILE   
  NONE                                                      MAPPING FUNCTION    
10.0                                                        ELEVATION CUTOFF    
One-way carrier phase leveled to code                       OBSERVABLES USED    
  6371.0                                                    BASE RADIUS         
 2                                                          MAP DIMENSION       
   450.0 450.0   0.0                                        HGT1 / HGT2 / DHGT  
    87.5 -87.5  -2.5                                        LAT1 / LAT2 / DLAT  
  -180.0 180.0   5.0                                        LON1 / LON2 / DLON  
    -1                                                      EXPONENT            
                                                            END OF HEADER       
[from data line 3432]
     9                                                      START OF TEC MAP    
  2015     8     3    16     0     0                        EPOCH OF CURRENT MAP
    87.5-180.0 180.0   5.0 450.0                            LAT/LON1/LON2/DLON/H
  138  141  135  142  143  143  142  141  141  143  143  144  144  144  144  145
  145  145  145  145  144  144  144  144  143  143  142  142  142  141  141  140
  140  139  139  138  138  138  138  137  138  138  138  139  139  140  140  141
  141  142  143  143  144  144  144  145  145  145  145  144  144  144  143  143
  142  142  140  138  146  141  150  144  138                                   
    85.0-180.0 180.0   5.0 450.0                            LAT/LON1/LON2/DLON/H
  139  140  149  140  139  143  143  145  146  148  148  149  149  150  150  150
  151  151  151  150  150  150  150  149  149  148  148  148  147  146  146  145
  144  144  143  142  141  141  140  140  140  140  141  141  142  143  144  145
  146  147  148  148  149  150  150  151  151  151  151  151  150  150  149  149
  148  148  143  140  139  134  139  139  139                                   
    82.5-180.0 180.0   5.0 450.0                            LAT/LON1/LON2/DLON/H
  126  132  134  129  130  134  138  140  140  143  143  145  146  147  148  149
  149  149  150  150  149  149  149  149  149  149  149  149  148  148  147  146
  145  144  143  141  140  139  138  137  137  137  138  138  139  141  142  144
  145  147  148  150  151  152  152  153  153  153  152  152  151  149  148  146
  145  142  138  137  133  137  130  124  126                                   
    80.0-180.0 180.0   5.0 450.0                            LAT/LON1/LON2/DLON/H
  115  118  124  121  121  122  126  131  134  137  139  141  143  144  145  146
  147  147  147  146  146  146  146  146  146  146  147  147  146  146  145  144
  143  141  139  137  134  132  131  130  129  129  129  130  132  134  136  138
  140  142  144  146  147  149  149  150  150  149  149  148  146  145  143  141
  139  136  132  131  124  121  119  117  115                                   
    77.5-180.0 180.0   5.0 450.0                            LAT/LON1/LON2/DLON/H
  114  111  116  115  116  119  123  128  131  134  136  140  142  144  145  146
  147  147  147  147  146  147  147  147  148  149  150  150  151  151  150  149
  148  145  143  140  137  134  131  129  128  127  128  129  131  133  136  139
  141  144  146  148  149  150  151  151  150  150  149  147  145  143  141  138
  135  131  127  125  123  114  114  115  114                                   
    75.0-180.0 180.0   5.0 450.0                            LAT/LON1/LON2/DLON/H
  108  109  110  112  113  118  121  125  129  133  136  139  142  144  146  147
  147  147  147  147  148  148  149  150  151  152  154  155  156  156  156  155
  153  151  147  144  140  136  132  130  128  127  127  128  130  133  136  139
  141  144  145  147  148  148  148  148  147  147  146  144  143  141  139  136
  133  129  126  120  118  111  111  103  108                                   
    72.5-180.0 180.0   5.0 450.0                            LAT/LON1/LON2/DLON/H
  106  109  111  115  116  120  124  127  129  133  135  139  142  145  147  148
  149  149  149  149  150  151  152  153  154  156  157  158  159  160  160  159
  157  154  151  146  142  137  133  130  128  127  127  128  131  133  136  138
  141  142  143  144  144  143  142  142  141  140  139  139  138  137  135  133
  131  127  124  119  115  111  111  108  106                                   
    70.0-180.0 180.0   5.0 450.0                            LAT/LON1/LON2/DLON/H
  109  112  114  118  118  121  123  126  129  132  134  138  141  144  146  147
  148  149  150  151  152  153  155  156  157  158  159  160  160  160  160  159
  157  154  150  146  141  136  132  129  127  126  126  127  129  132  134  136
  137  137  137  136  134  133  131  130  129  129  129  129  129  129  130  129
  127  124  122  118  115  112  114  110  109                                   
    67.5-180.0 180.0   5.0 450.0                            LAT/LON1/LON2/DLON/H
  112  118  122  126  127  129  131  132  133  135  137  140  144  147  149  151
  153  154  156  157  159  161  162  163  163  163  162  161  161  160  159  158
  155  152  149  144  140  136  132  129  128  127  128  130  132  134  135  136
  136  135  133  130  128  125  123  121  120  120  121  122  124  125  127  127
  126  124  122  118  115  113  114  111  112                                   
    65.0-180.0 180.0   5.0 450.0                            LAT/LON1/LON2/DLON/H
  113  122  126  131  131  134  134  135  134  136  137  140  143  147  150  153
  155  158  160  162  165  167  169  169  168  166  164  162  160  158  157  155
  153  150  146  142  138  134  131  129  128  129  130  132  134  135  136  135
  133  131  127  123  119  116  113  111  111  111  112  114  117  119  121  123
  123  122  120  117  116  114  117  114  113                                   
    62.5-180.0 180.0   5.0 450.0                            LAT/LON1/LON2/DLON/H
  111  122  128  133  135  139  138  137  136  136  137  140  143  148  152  155
  158  161  164  168  171  174  176  175  173  170  166  162  159  157  155  153
  151  147  144  140  136  133  131  130  130  131  133  134  136  137  137  135
  132  128  123  118  113  110  107  105  105  106  107  109  112  114  116  118
  118  117  116  114  112  111  114  112  111                                   
    60.0-180.0 180.0   5.0 450.0                            LAT/LON1/LON2/DLON/H
  107  118  126  132  134  139  139  138  136  135  135  138  142  147  151  156
  159  163  167  171  175  179  181  180  177  173  168  164  161  159  157  155
  152  148  144  141  137  134  133  132  133  135  137  139  140  140  139  136
  131  126  121  115  111  107  105  104  104  104  106  107  108  110  111  111
  111  110  109  107  106  105  109  108  107                                   
    57.5-180.0 180.0   5.0 450.0                            LAT/LON1/LON2/DLON/H
  100  112  120  128  132  138  139  138  135  134  133  136  140  145  151  155
  159  163  167  172  177  182  184  184  181  177  172  169  166  165  164  162
  159  155  150  146  142  140  139  139  140  142  143  145  146  145  143  139
  134  128  123  118  113  111  109  108  108  109  109  109  109  108  107  106
  105  104  103  101  100   98  102  103  100                                   
    55.0-180.0 180.0   5.0 450.0                            LAT/LON1/LON2/DLON/H
   93  104  113  122  127  135  138  137  135  133  132  134  138  144  149  154
  158  162  166  172  177  183  186  186  184  181  177  175  174  174  174  172
  169  164  159  154  150  148  147  147  149  150  151  152  152  151  148  144
  139  133  128  123  120  118  117  117  117  117  116  114  111  108  105  102
  100   98   98   96   95   93   96   98   93                                   
    52.5-180.0 180.0   5.0 450.0                            LAT/LON1/LON2/DLON/H
   89   98  106  116  123  132  136  137  135  133  131  133  137  142  147  152
  156  160  164  170  176  182  186  188  187  185  183  183  184  186  186  184
  180  174  168  163  159  157  157  157  158  159  160  160  159  157  154  150
  145  140  135  132  129  128  127  128  128  127  125  122  116  110  105  101
   98   96   96   95   94   92   94   96   89                                   
    50.0-180.0 180.0   5.0 450.0                            LAT/LON1/LON2/DLON/H
   89   96  102  112  119  130  135  138  137  135  133  134  137  141  147  151
  155  159  163  168  175  181  187  189  190  190  190  191  194  196  197  194
  190  183  177  172  169  167  167  168  169  169  169  169  167  165  162  158
  153  149  145  141  139  138  138  138  138  137  135  130  123  115  108  103
  100   99   99   99   98   96   98   99   89                                   
    47.5-180.0 180.0   5.0 450.0                            LAT/LON1/LON2/DLON/H
   94   98  102  112  119  130  136  140  140  139  137  138  140  143  148  153
  156  160  163  169  175  182  189  192  194  195  196  199  202  204  204  201
  195  189  183  179  177  176  177  178  179  179  179  178  176  173  170  166
  163  159  155  152  149  147  146  146  146  146  143  138  131  122  115  109
  106  106  107  108  107  105  105  105   94                                   
    45.0-180.0 180.0   5.0 450.0                            LAT/LON1/LON2/DLON/H
  102  104  106  114  120  131  137  143  144  145  143  144  145  149  153  157
  160  164  167  172  179  187  193  198  200  202  203  205  207  208  206  202
  197  192  188  186  185  186  188  189  190  190  190  188  186  183  180  177
  173  169  165  161  157  154  152  151  151  151  149  145  139  131  123  118
  115  116  118  119  119  117  116  115  102                                   
    42.5-180.0 180.0   5.0 450.0                            LAT/LON1/LON2/DLON/H
  110  111  111  118  122  132  139  146  149  151  151  152  154  157  160  164
  168  171  175  180  187  194  201  206  208  209  210  211  211  209  206  203
  199  196  195  195  196  198  200  202  203  203  202  200  197  194  191  188
  184  180  175  170  164  159  156  154  154  154  154  151  146  140  133  129
  126  127  129  130  130  128  127  124  110                                   
    40.0-180.0 180.0   5.0 450.0                            LAT/LON1/LON2/DLON/H
  118  118  117  121  124  134  140  148  153  158  160  162  164  167  171  174
  178  181  185  190  197  205  212  216  219  219  218  217  215  212  209  206
  205  207  209  211  213  215  217  218  219  219  217  215  211  207  204  200
  196  191  185  178  170  164  159  156  155  156  157  156  153  148  143  140
  137  137  138  139  138  136  134  131  118                                   
    37.5-180.0 180.0   5.0 450.0                            LAT/LON1/LON2/DLON/H
  122  123  121  123  125  133  140  148  156  163  168  173  176  179  182  186
  189  193  197  202  209  217  224  228  230  230  229  227  224  221  218  219
  223  228  234  237  239  239  239  240  239  238  235  231  227  222  217  212
  207  202  194  186  177  169  163  159  158  158  159  159  158  155  151  148
  145  145  144  143  141  139  136  133  122                                   
    35.0-180.0 180.0   5.0 450.0                            LAT/LON1/LON2/DLON/H
  123  124  122  123  125  132  138  147  157  166  175  182  187  191  194  197
  200  204  208  214  222  230  236  241  243  244  244  242  240  239  240  246
  255  265  273  276  275  271  268  265  263  260  256  250  244  237  231  225
  219  212  204  195  186  177  170  165  162  161  162  162  162  159  157  154
  150  149  146  143  140  137  133  130  123                                   
    32.5-180.0 180.0   5.0 450.0                            LAT/LON1/LON2/DLON/H
  121  123  122  122  123  130  136  145  156  168  179  189  196  201  204  207
  210  214  219  225  233  241  248  253  257  259  262  264  265  268  275  287
  302  316  325  325  319  309  301  295  290  284  278  270  262  253  245  237
  230  222  214  204  195  187  179  173  169  167  165  165  164  162  160  157
  152  150  145  141  136  132  125  124  121                                   
    30.0-180.0 180.0   5.0 450.0                            LAT/LON1/LON2/DLON/H
  119  122  120  121  122  128  134  143  154  168  181  193  202  208  211  214
  217  221  227  234  242  250  257  264  270  276  283  291  298  308  321  339
  360  377  384  379  366  349  335  324  316  308  299  289  279  269  259  249
  240  232  223  214  206  198  191  185  178  173  169  166  164  162  160  157
  152  149  142  137  131  126  117  117  119                                   
    27.5-180.0 180.0   5.0 450.0                            LAT/LON1/LON2/DLON/H
  118  121  119  121  122  128  135  142  154  167  181  194  205  211  215  218
  221  226  232  240  249  258  265  274  283  294  308  322  336  352  372  397
  421  438  442  430  408  384  364  349  339  329  319  307  295  283  271  260
  250  240  231  222  215  209  203  196  188  179  172  166  163  160  157  154
  149  146  139  133  127  121  110  112  118                                   
    25.0-180.0 180.0   5.0 450.0                            LAT/LON1/LON2/DLON/H
  119  122  120  122  124  131  138  144  155  167  180  194  204  212  216  219
  223  229  237  246  255  264  273  283  296  313  332  353  374  396  421  449
  474  489  487  467  438  407  384  367  356  346  335  323  310  297  284  271
  258  247  237  229  222  217  212  205  195  184  173  164  159  155  152  149
  145  142  135  131  126  120  107  109  119                                   
    22.5-180.0 180.0   5.0 450.0                            LAT/LON1/LON2/DLON/H
  122  125  121  125  127  135  142  149  158  168  180  192  203  210  215  219
  225  232  242  252  261  271  281  293  310  331  355  381  407  433  460  487
  509  519  510  484  449  417  393  378  368  358  348  337  324  310  295  280
  266  253  242  233  227  222  218  210  199  185  172  161  154  149  146  143
  139  138  133  131  126  120  107  109  122                                   
    20.0-180.0 180.0   5.0 450.0                            LAT/LON1/LON2/DLON/H
  124  127  122  127  130  139  148  154  162  171  180  191  201  209  214  220
  228  237  248  259  269  279  290  304  324  348  376  404  431  457  482  505
  521  524  508  478  443  413  393  382  375  368  360  349  337  322  306  289
  273  258  245  235  227  222  218  211  199  185  170  158  150  144  141  137
  134  135  131  131  129  123  109  111  124                                   
    17.5-180.0 180.0   5.0 450.0                            LAT/LON1/LON2/DLON/H
  124  127  121  127  131  141  152  159  167  175  183  192  201  208  216  223
  233  245  258  269  280  290  301  317  339  365  393  421  446  468  487  503
  511  507  487  457  426  402  389  384  382  378  371  361  349  334  316  298
  280  263  248  235  225  219  214  207  197  184  170  158  148  142  137  134
  131  132  130  132  131  125  112  113  124                                   
    15.0-180.0 180.0   5.0 450.0                            LAT/LON1/LON2/DLON/H
  120  123  117  123  127  138  152  162  171  179  186  195  203  211  220  229
  242  256  270  282  293  303  315  332  354  380  406  431  452  468  479  487
  487  476  455  429  406  392  387  388  390  388  382  373  361  345  325  305
  285  267  250  234  221  213  207  202  194  184  172  160  151  143  137  133
  129  130  129  131  131  125  112  113  120                                   
    12.5-180.0 180.0   5.0 450.0                            LAT/LON1/LON2/DLON/H
  113  115  110  114  119  131  147  160  173  183  191  200  208  217  227  239
  253  269  284  297  307  317  330  347  369  394  417  437  452  461  465  464
  457  444  425  405  391  387  390  397  401  400  394  385  371  353  332  310
  289  270  250  232  216  206  200  196  192  185  176  166  157  148  140  134
  128  129  127  129  128  121  109  109  113                                   
    10.0-180.0 180.0   5.0 450.0                            LAT/LON1/LON2/DLON/H
  103  104  100  103  107  119  138  154  171  185  196  206  216  226  237  251
  266  283  298  311  321  331  345  362  383  406  426  441  450  453  451  445
  434  420  405  393  388  392  401  410  414  412  405  394  378  358  335  311
  289  269  248  228  211  199  193  192  191  189  183  174  165  154  145  137
  130  128  125  125  123  115  103  102  103                                   
     7.5-180.0 180.0   5.0 450.0                            LAT/LON1/LON2/DLON/H
   94   94   89   91   94  105  125  145  166  185  200  213  225  236  248  263
  279  296  311  324  334  345  358  375  395  416  433  445  450  450  445  436
