data/edconvlstm_nd/pred2500.15i
     1.0            IONOSPHERE MAPS     GNSS                IONEX VERSION / TYPE
pyspatialgeodesy        IME             05-JAN-18 20:20     PGM / RUN BY / DATE 
Map Name                                                    COMMENT             
Predicted global ionosphere maps (GIM).                     DESCRIPTION         
  2015     9     7     0     0     0                        EPOCH OF FIRST MAP  
  2015     9     8     0     0     0                        EPOCH OF LAST MAP   
  7200                                                      INTERVAL            
    13                                                      # OF MAPS IN FILE   
  NONE                                                      MAPPING FUNCTION    
10.0                                                        ELEVATION CUTOFF    
One-way carrier phase leveled to code                       OBSERVABLES USED    
  6371.0                                                    BASE RADIUS         
 2                                                          MAP DIMENSION       
   450.0 450.0   0.0                                        HGT1 / HGT2 / DHGT  
    87.5 -87.5  -2.5                                        LAT1 / LAT2 / DLAT  
  -180.0 180.0   5.0                                        LON1 / LON2 / DLON  
    -1                                                      EXPONENT            
                                                            END OF HEADER       
[from data line 1716]
     5                                                      START OF TEC MAP    
  2015     9     7     8     0     0                        EPOCH OF CURRENT MAP
    87.5-180.0 180.0   5.0 450.0                            LAT/LON1/LON2/DLON/H
   78   84   84   88   89   89   88   85   86   88   88   89   89   89   89   88
   88   88   87   87   86   86   85   85   84   83   83   82   81   81   80   79
   78   78   77   76   76   75   74   74   73   73   73   73   72   72   72   72
   72   73   73   73   73   73   73   73   73   73   73   74   74   73   73   74
   75   76   75   75   81   84   93   92   78                                   
    85.0-180.0 180.0   5.0 450.0                            LAT/LON1/LON2/DLON/H
   76   91   94   90   92   95   95   95   96   98   97   98   98   98   97   97
   97   96   96   95   94   94   93   93   92   92   92   91   91   90   90   90
   89   88   88   87   87   86   85   85   84   83   83   83   82   82   82   82
   82   82   82   82   82   82   82   82   82   82   82   82   82   81   81   82
   83   84   80   80   80   85   92   92   76                                   
    82.5-180.0 180.0   5.0 450.0                            LAT/LON1/LON2/DLON/H
   76   87   96   90   91   94   95   95   96   98   97   98   98   97   96   95
   95   94   93   92   91   90   90   89   89   88   88   88   88   88   88   88
   88   88   88   88   88   87   87   86   86   86   86   85   85   85   85   85
   85   85   86   86   86   86   86   86   85   85   85   84   83   82   81   81
   81   82   78   78   81   83   79   78   76                                   
    80.0-180.0 180.0   5.0 450.0                            LAT/LON1/LON2/DLON/H
   77   81   87   85   87   88   89   91   92   93   92   93   92   91   90   88
   87   85   84   83   82   81   80   80   80   80   80   81   82   83   84   85
   86   86   87   87   87   88   88   88   88   88   88   88   89   89   89   90
   90   90   90   91   91   91   90   90   89   89   88   86   85   83   81   80
   79   77   76   74   76   79   81   76   77                                   
    77.5-180.0 180.0   5.0 450.0                            LAT/LON1/LON2/DLON/H
   76   76   79   78   79   83   84   86   88   88   87   87   86   84   83   81
   79   78   76   75   74   73   72   72   72   73   74   75   76   78   80   82
   83   85   86   88   88   89   90   90   91   92   93   94   96   97   98   99
  100  101  102  102  102  102  102  101  101   99   98   95   93   90   87   84
   81   78   74   73   71   68   69   71   76                                   
    75.0-180.0 180.0   5.0 450.0                            LAT/LON1/LON2/DLON/H
   65   68   66   68   70   75   76   77   78   78   76   76   74   73   71   69
   67   66   65   64   63   62   61   61   62   62   64   65   68   70   73   75
   78   81   83   85   87   88   89   91   92   94   97   99  101  104  106  108
  109  110  111  112  112  112  112  111  110  109  107  104  101   98   94   90
   85   81   76   69   67   63   63   63   65                                   
    72.5-180.0 180.0   5.0 450.0                            LAT/LON1/LON2/DLON/H
   61   62   60   61   65   70   72   72   73   73   71   71   69   67   66   64
   63   61   60   59   59   58   58   57   57   58   59   61   63   66   70   73
   77   80   83   86   88   90   93   95   98  101  105  109  113  117  120  123
  124  125  126  126  126  126  125  125  124  122  120  117  114  111  106  102
   97   91   85   78   72   66   62   63   61                                   
    70.0-180.0 180.0   5.0 450.0                            LAT/LON1/LON2/DLON/H
   61   58   57   57   59   62   63   64   65   65   63   63   61   60   59   57
   57   56   55   55   54   54   54   53   53   54   55   57   59   62   66   70
   74   78   82   85   88   91   94   98  102  107  112  118  124  129  133  135
  136  137  136  136  135  134  133  132  131  129  127  125  122  119  115  111
  106   99   93   85   76   69   67   66   61                                   
    67.5-180.0 180.0   5.0 450.0                            LAT/LON1/LON2/DLON/H
   58   55   53   52   53   55   56   57   58   59   58   58   57   56   55   55
   54   54   53   53   53   52   52   52   52   52   53   54   56   59   62   66
   70   74   78   82   85   89   93   97  103  109  117  124  131  137  141  143
  143  142  141  139  137  135  134  132  131  130  128  127  125  122  119  116
  112  105  100   90   81   74   69   68   58                                   
    65.0-180.0 180.0   5.0 450.0                            LAT/LON1/LON2/DLON/H
   60   55   51   49   49   50   51   52   53   54   54   56   55   55   55   54
   54   54   53   53   53   52   52   51   51   52   52   54   56   58   61   65
   69   73   77   81   85   89   94  100  107  116  125  134  142  148  152  153
  152  150  146  143  140  137  135  133  131  130  129  128  126  125  123  121
  118  113  107   98   90   82   77   75   60                                   
    62.5-180.0 180.0   5.0 450.0                            LAT/LON1/LON2/DLON/H
   63   56   52   48   46   46   47   47   49   51   51   53   54   54   54   54
   53   53   52   51   51   50   50   50   50   51   52   54   56   58   61   64
   68   72   76   80   85   90   96  103  112  122  132  143  152  158  161  162
  159  155  150  146  142  139  136  133  131  130  128  127  126  125  124  124
  122  118  114  105   97   90   85   83   63                                   
    60.0-180.0 180.0   5.0 450.0                            LAT/LON1/LON2/DLON/H
   69   61   54   48   44   43   42   42   44   45   47   50   51   52   52   52
   51   49   48   46   45   45   45   45   47   48   50   52   55   57   60   62
   66   69   74   79   84   91   98  106  116  127  139  150  160  166  169  168
  164  160  154  149  145  141  138  135  132  130  128  126  125  124  124  124
  123  120  117  110  104   97   92   89   69                                   
    57.5-180.0 180.0   5.0 450.0                            LAT/LON1/LON2/DLON/H
   77   68   60   52   46   43   40   39   40   41   43   46   48   49   49   49
   47   45   43   41   40   39   39   40   42   45   47   50   53   56   59   62
   65   69   74   80   87   95  103  112  123  135  147  159  169  175  177  176
  172  167  162  158  154  150  146  143  139  135  132  130  128  127  126  126
  125  123  121  115  110  104  100   95   77                                   
    55.0-180.0 180.0   5.0 450.0                            LAT/LON1/LON2/DLON/H
   87   78   68   59   52   46   41   38   37   37   39   41   43   45   45   45
   43   40   37   35   33   33   34   35   38   41   44   48   52   55   58   61
   65   70   76   83   92  100  110  120  131  143  156  168  177  183  185  184
  181  177  173  169  165  162  158  154  149  144  140  137  134  132  130  129
  128  126  124  120  115  111  107  102   87                                   
    52.5-180.0 180.0   5.0 450.0                            LAT/LON1/LON2/DLON/H
   98   90   80   70   61   54   46   41   38   36   36   38   40   41   42   41
   39   36   33   31   29   29   29   31   34   38   42   46   51   55   59   62
   67   73   80   89   99  108  119  129  140  153  165  176  186  192  194  193
  191  188  185  182  179  176  172  167  162  156  151  147  143  139  137  135
  133  130  128  124  120  117  112  107   98                                   
    50.0-180.0 180.0   5.0 450.0                            LAT/LON1/LON2/DLON/H
  108  102   92   83   74   66   56   48   42   38   37   37   38   39   39   39
   37   34   32   30   28   28   28   30   33   36   40   45   50   55   60   65
   70   77   86   96  107  118  128  139  150  162  174  185  194  200  203  203
  202  200  197  195  192  189  184  179  173  167  162  157  153  149  145  142
  139  136  133  128  124  121  117  113  108                                   
    47.5-180.0 180.0   5.0 450.0                            LAT/LON1/LON2/DLON/H
  114  111  102   96   88   80   69   59   51   45   41   40   39   39   39   39
   37   36   34   32   31   31   31   32   34   36   40   45   50   56   62   68
   75   84   94  105  117  128  139  149  160  171  183  193  202  208  211  212
  212  211  209  206  202  197  192  186  180  175  171  166  162  157  153  149
  146  141  137  132  127  125  121  118  114                                   
    45.0-180.0 180.0   5.0 450.0                            LAT/LON1/LON2/DLON/H
  116  114  107  104   97   91   82   72   62   54   48   45   43   42   42   41
   40   39   38   38   38   38   38   38   38   39   42   46   51   58   65   72
   81   91  102  114  126  138  149  159  169  180  191  201  210  216  220  222
  222  220  217  213  207  201  194  188  182  179  175  172  169  164  160  156
  152  147  142  136  130  127  124  121  116                                   
    42.5-180.0 180.0   5.0 450.0                            LAT/LON1/LON2/DLON/H
  112  111  106  105  100   96   90   81   73   65   57   53   50   49   48   47
   46   46   46   47   47   48   47   46   45   44   45   48   53   60   69   77
   87   98  110  123  136  147  158  168  178  188  199  209  218  224  229  231
  231  228  224  217  209  200  192  186  181  179  178  176  174  170  166  162
  159  154  148  140  133  128  125  123  112                                   
    40.0-180.0 180.0   5.0 450.0                            LAT/LON1/LON2/DLON/H
  105  103   98   99   94   94   91   86   79   73   66   62   59   57   55   55
   54   55   55   57   58   58   57   55   52   50   49   51   56   63   73   83
   94  106  118  131  144  155  165  175  185  196  206  217  226  233  238  241
  241  237  231  222  211  201  191  185  181  180  181  181  179  176  172  169
  165  160  154  145  136  130  126  123  105                                   
    37.5-180.0 180.0   5.0 450.0                            LAT/LON1/LON2/DLON/H
   97   92   87   87   82   84   84   83   80   76   72   70   67   65   64   63
   63   63   64   66   67   68   66   63   59   55   53   54   59   67   77   89
  101  114  127  139  151  162  172  181  192  203  214  225  235  243  249  253
  253  249  242  232  220  208  198  191  188  188  189  190  188  185  181  178
  174  169  163  153  143  134  128  124   97                                   
    35.0-180.0 180.0   5.0 450.0                            LAT/LON1/LON2/DLON/H
   92   83   76   73   69   70   73   74   75   74   74   74   74   73   72   72
   71   71   71   72   73   74   72   69   64   59   57   58   63   71   83   96
  109  122  134  146  158  168  178  187  198  209  221  233  245  255  263  268
  269  267  260  251  239  228  217  210  206  206  207  207  205  201  196  191
  187  182  175  165  154  142  135  128   92                                   
    32.5-180.0 180.0   5.0 450.0                            LAT/LON1/LON2/DLON/H
   95   80   70   63   57   56   60   62   65   67   70   74   76   78   79   78
   78   76   76   76   76   76   75   72   67   63   61   62   67   76   89  103
  116  129  142  153  164  174  184  194  204  216  229  242  256  269  280  288
  292  292  288  281  272  262  252  244  239  237  236  235  231  225  217  211
  205  199  191  182  170  156  147  135   95                                   
    30.0-180.0 180.0   5.0 450.0                            LAT/LON1/LON2/DLON/H
  106   86   72   59   51   47   49   51   55   58   63   70   75   79   82   83
   82   80   78   78   78   78   76   74   70   67   65   66   72   81   95  109
  124  137  149  160  171  181  191  201  212  224  238  253  269  285  299  311
  319  323  323  321  316  308  300  291  284  279  276  272  267  258  247  238
  229  221  213  203  192  176  166  150  106                                   
    27.5-180.0 180.0   5.0 450.0                            LAT/LON1/LON2/DLON/H
  126  103   85   66   55   47   45   45   47   50   56   64   71   78   82   85
   84   83   80   79   78   78   77   76   73   71   70   72   77   87  100  115
  130  143  156  168  179  190  200  210  222  234  248  265  284  303  321  337
  349  358  364  366  366  362  354  345  336  329  323  317  309  298  284  271
  258  247  238  227  217  201  190  171  126                                   
    25.0-180.0 180.0   5.0 450.0                            LAT/LON1/LON2/DLON/H
  155  130  111   88   73   59   51   46   45   47   52   59   67   75   81   85
   86   84   82   80   79   80   79   79   77   76   75   77   81   91  104  119
  135  149  162  175  187  199  210  221  233  245  260  279  300  322  344  363
  379  393  404  412  416  414  408  399  388  378  370  363  354  342  325  308
  291  278  267  254  244  228  218  198  155                                   
    22.5-180.0 180.0   5.0 450.0                            LAT/LON1/LON2/DLON/H
  189  165  144  121  103   84   71   60   54   51   53   58   65   73   79   84
   86   85   83   82   82   82   83   82   82   81   80   81   85   93  106  122
  137  152  167  181  195  208  221  233  245  258  273  293  316  341  366  388
  407  425  439  451  457  458  452  442  430  419  411  404  396  384  367  347
  327  310  296  281  270  254  244  226  189                                   
    20.0-180.0 180.0   5.0 450.0                            LAT/LON1/LON2/DLON/H
  221  201  182  162  142  119  102   85   74   66   63   65   68   73   79   83
   85   85   84   83   84   85   86   87   86   85   84   84   86   94  107  122
  138  154  170  186  202  217  232  245  257  271  287  307  332  359  386  410
  431  450  466  478  485  486  480  470  458  448  440  435  430  420  403  383
  360  340  324  305  291  275  265  249  221                                   
    17.5-180.0 180.0   5.0 450.0                            LAT/LON1/LON2/DLON/H
  246  231  217  201  180  157  138  118  103   90   82   78   77   78   81   84
   86   86   85   85   87   89   90   90   90   88   86   85   86   93  106  121
  138  154  171  190  208  225  241  256  270  284  300  321  347  376  403  428
  449  467  482  492  497  496  491  482  472  463  458  456  454  446  431  411
  386  364  347  324  306  289  279  266  246                                   
    15.0-180.0 180.0   5.0 450.0                            LAT/LON1/LON2/DLON/H
  260  249  241  229  210  189  171  152  135  119  107   98   91   88   87   87
   87   87   86   87   89   91   92   93   91   89   87   84   86   92  104  120
  136  154  173  192  212  232  250  266  281  296  313  335  361  390  417  441
  460  475  486  493  494  492  487  481  474  469  468  469  469  464  450  429
  404  380  361  336  315  296  287  275  260                                   
    12.5-180.0 180.0   5.0 450.0                            LAT/LON1/LON2/DLON/H
  264  256  253  243  226  209  195  179  164  148  134  121  110  101   96   92
   91   89   88   88   90   92   93   93   92   90   86   84   85   91  103  119
  136  154  174  195  216  237  256  274  291  307  325  347  373  401  427  449
  466  477  484  486  484  481  477  475  473  472  474  477  478  474  460  439
  413  389  369  343  320  299  291  279  264                                   
    10.0-180.0 180.0   5.0 450.0                            LAT/LON1/LON2/DLON/H
  263  256  255  244  231  216  207  196  185  172  159  145  131  118  108  101
   96   93   90   89   90   92   93   93   92   89   86   84   85   92  104  119
  136  155  175  197  219  241  261  280  298  315  334  355  381  408  433  453
  467  476  479  478  474  471  470  471  474  477  481  484  485  479  465  443
  417  394  373  347  324  301  294  283  263                                   
     7.5-180.0 180.0   5.0 450.0                            LAT/LON1/LON2/DLON/H
  263  256  255  241  230  217  211  203  197  189  179  166  152  136  122  112
  105   99   94   91   91   92   92   92   91   89   87   86   87   94  106  121
