data/edconvlstm_nd/pred1030.15i
     1.0            IONOSPHERE MAPS     GNSS                IONEX VERSION / TYPE
pyspatialgeodesy        IME             05-JAN-18 20:20     PGM / RUN BY / DATE 
Map Name                                                    COMMENT             
Predicted global ionosphere maps (GIM).                     DESCRIPTION         
  2015     4    13     0     0     0                        EPOCH OF FIRST MAP  
  2015     4    14     0     0     0                        EPOCH OF LAST MAP   
  7200                                                      INTERVAL            
    13                                                      # OF MAPS IN FILE   
  NONE                                                      MAPPING FUNCTION    
10.0                                                        ELEVATION CUTOFF    
One-way carrier phase leveled to code                       OBSERVABLES USED    
  6371.0                                                    BASE RADIUS         
 2                                                          MAP DIMENSION       
   450.0 450.0   0.0                                        HGT1 / HGT2 / DHGT  
    87.5 -87.5  -2.5                                        LAT1 / LAT2 / DLAT  
  -180.0 180.0   5.0                                        LON1 / LON2 / DLON  
    -1                                                      EXPONENT            
                                                            END OF HEADER       
[from data line 4290]
    11                                                      START OF TEC MAP    
  2015     4    13    20     0     0                        EPOCH OF CURRENT MAP
    87.5-180.0 180.0   5.0 450.0                            LAT/LON1/LON2/DLON/H
  176  169  157  167  168  166  166  165  164  166  165  166  167  167  168  169
  169  170  170  170  170  170  169  169  169  168  167  167  166  165  164  163
  163  162  162  162  162  162  162  162  162  162  163  163  164  165  165  166
  166  167  167  167  168  168  168  168  168  168  168  168  168  168  168  167
  166  167  165  165  172  171  174  169  176                                   
    85.0-180.0 180.0   5.0 450.0                            LAT/LON1/LON2/DLON/H
  173  167  173  167  163  166  167  170  170  172  172  173  174  176  177  178
  179  179  180  180  180  180  179  179  178  177  176  175  174  172  171  170
  169  169  168  168  167  167  168  168  168  169  169  170  171  171  172  173
  173  174  174  174  175  175  175  175  175  175  175  174  174  173  173  172
  172  171  169  166  165  160  158  162  173                                   
    82.5-180.0 180.0   5.0 450.0                            LAT/LON1/LON2/DLON/H
  156  151  150  151  151  153  158  160  160  162  164  166  168  170  172  174
  176  177  178  179  179  179  179  178  177  176  174  173  171  169  167  165
  164  162  161  161  161  161  161  161  162  162  163  164  164  165  166  166
  167  167  167  168  168  168  167  167  167  166  166  165  164  163  162  161
  160  159  156  158  153  157  143  145  156                                   
    80.0-180.0 180.0   5.0 450.0                            LAT/LON1/LON2/DLON/H
  144  139  142  142  142  141  148  154  158  162  165  169  172  175  178  181
  183  185  187  188  189  189  189  188  186  184  182  179  176  172  169  166
  164  162  160  160  159  159  159  160  160  161  162  162  163  164  164  164
  165  165  165  165  164  164  163  163  162  161  160  159  158  157  156  155
  154  153  151  152  142  136  128  135  144                                   
    77.5-180.0 180.0   5.0 450.0                            LAT/LON1/LON2/DLON/H
  142  128  134  135  138  139  146  152  156  161  165  170  175  179  182  185
  188  191  193  194  196  197  197  197  196  194  191  188  184  180  176  172
  169  166  164  163  162  162  162  162  162  161  161  161  161  161  160  160
  159  159  158  157  156  155  153  152  150  149  148  146  145  144  143  143
  142  141  141  142  138  129  126  135  142                                   
    75.0-180.0 180.0   5.0 450.0                            LAT/LON1/LON2/DLON/H
  138  131  134  134  137  141  147  153  160  167  172  177  182  186  189  192
  194  196  198  200  203  204  206  206  206  204  202  198  193  188  184  179
  175  172  169  167  166  165  164  163  162  161  160  159  157  156  155  153
  152  151  149  147  146  144  142  140  138  136  134  133  132  131  131  132
  132  133  135  135  132  124  122  120  138                                   
    72.5-180.0 180.0   5.0 450.0                            LAT/LON1/LON2/DLON/H
  137  131  135  141  141  145  153  159  165  172  177  183  188  191  193  195
  196  197  198  201  203  206  209  211  211  210  208  204  199  194  189  184
  179  176  173  170  168  166  164  162  159  157  154  151  148  145  143  141
  139  137  135  133  131  128  125  123  120  118  116  114  113  114  115  116
  117  120  123  124  123  121  123  126  137                                   
    70.0-180.0 180.0   5.0 450.0                            LAT/LON1/LON2/DLON/H
  141  139  143  145  147  151  156  164  171  179  186  192  195  197  197  196
  194  193  194  196  199  203  207  210  211  211  209  205  200  194  189  183
  179  175  171  168  165  162  158  155  150  146  141  137  133  129  127  124
  123  121  119  118  115  113  110  107  104  101   99   98   97   98  100  103
  105  109  115  119  121  122  129  129  141                                   
    67.5-180.0 180.0   5.0 450.0                            LAT/LON1/LON2/DLON/H
  148  149  153  158  161  165  171  179  186  195  202  208  211  211  209  205
  201  199  198  199  203  207  212  215  217  217  214  210  205  200  194  189
  184  180  176  171  167  163  158  152  146  140  134  128  123  119  116  115
  113  113  112  111  109  107  104  101   98   95   93   92   92   93   96   99
  103  108  114  117  120  125  133  134  148                                   
    65.0-180.0 180.0   5.0 450.0                            LAT/LON1/LON2/DLON/H
  150  155  159  164  167  171  177  185  193  203  210  217  220  219  215  209
  203  199  197  197  201  205  210  213  214  213  210  206  201  196  191  186
  181  176  170  165  159  153  147  140  132  125  117  111  106  102   99   98
   98   99   99   99   98   97   95   93   90   87   85   84   84   85   88   93
   97  103  110  115  120  128  137  138  150                                   
    62.5-180.0 180.0   5.0 450.0                            LAT/LON1/LON2/DLON/H
  151  158  163  168  172  177  183  191  199  210  218  225  228  228  223  217
  210  204  201  202  204  208  211  213  213  210  207  202  198  194  190  186
  181  175  169  161  154  146  138  130  122  113  106   99   94   90   88   88
   88   90   91   93   93   93   92   90   88   85   83   82   83   84   88   92
   97  103  110  114  119  127  136  137  151                                   
    60.0-180.0 180.0   5.0 450.0                            LAT/LON1/LON2/DLON/H
  149  158  163  170  174  178  184  192  201  211  221  228  233  233  229  223
  216  210  207  207  208  210  212  211  209  205  201  197  195  192  190  187
  182  175  167  158  149  140  131  122  114  105   98   91   86   82   80   80
   81   83   85   88   89   90   90   89   87   85   84   83   83   85   89   93
   98  104  110  113  118  127  135  136  149                                   
    57.5-180.0 180.0   5.0 450.0                            LAT/LON1/LON2/DLON/H
  147  158  165  172  177  181  187  194  202  212  221  229  234  235  233  229
  223  218  215  214  214  214  213  211  207  202  198  196  195  196  195  193
  188  180  170  160  149  139  129  121  113  105   98   92   87   83   80   80
   80   82   84   87   90   92   92   92   91   89   88   87   88   90   93   98
  103  109  115  117  120  127  135  135  147                                   
    55.0-180.0 180.0   5.0 450.0                            LAT/LON1/LON2/DLON/H
  149  163  172  179  185  189  194  199  206  214  222  229  235  237  236  233
  230  225  222  220  219  217  215  211  206  201  199  199  201  204  206  204
  199  190  178  165  153  142  133  125  118  112  106  100   95   91   87   85
   84   85   87   90   93   95   97   97   96   95   94   93   94   97  101  106
  111  117  122  123  125  132  139  139  149                                   
    52.5-180.0 180.0   5.0 450.0                            LAT/LON1/LON2/DLON/H
  157  173  184  191  198  203  207  211  215  221  226  231  235  237  237  236
  234  230  227  223  221  218  215  210  206  203  203  206  212  217  220  219
  212  201  187  174  161  150  142  135  129  124  119  114  109  104   99   96
   93   93   93   96   99  102  104  104  104  102  101  101  103  105  110  116
  121  127  133  134  135  142  149  148  157                                   
    50.0-180.0 180.0   5.0 450.0                            LAT/LON1/LON2/DLON/H
  172  190  203  210  219  225  228  231  233  235  236  238  239  239  240  239
  237  233  228  224  220  217  214  211  209  209  212  218  226  232  235  232
  224  211  197  183  171  161  153  147  142  138  134  129  125  119  114  110
  106  104  103  105  108  111  113  114  114  112  111  111  113  116  120  126
  132  139  145  147  149  156  164  163  172                                   
    47.5-180.0 180.0   5.0 450.0                            LAT/LON1/LON2/DLON/H
  192  212  226  233  243  251  254  256  256  256  253  250  248  246  245  243
  239  234  228  222  217  215  214  214  215  218  224  231  239  245  246  241
  231  218  203  190  179  171  164  158  154  151  147  143  139  134  129  124
  120  117  116  117  119  122  125  126  125  124  122  122  124  126  131  137
  142  150  157  161  164  172  183  182  192                                   
    45.0-180.0 180.0   5.0 450.0                            LAT/LON1/LON2/DLON/H
  214  235  249  257  268  278  282  284  284  282  276  269  263  258  255  251
  245  236  227  220  215  214  216  220  224  230  236  244  250  253  251  244
  232  219  206  195  187  180  173  168  163  159  156  153  149  146  142  138
  134  130  128  129  131  135  138  139  138  136  135  134  135  137  141  145
  150  159  167  173  178  188  202  203  214                                   
    42.5-180.0 180.0   5.0 450.0                            LAT/LON1/LON2/DLON/H
  233  255  269  278  290  300  306  310  311  308  301  293  284  276  270  263
  254  242  231  222  217  218  223  229  235  241  247  253  256  256  250  240
  228  216  207  200  194  188  182  175  169  164  161  158  156  153  151  148
  145  142  140  140  142  146  150  151  151  149  147  146  146  147  149  152
  156  165  175  182  190  201  218  222  233                                   
    40.0-180.0 180.0   5.0 450.0                            LAT/LON1/LON2/DLON/H
  248  271  284  294  306  317  326  331  334  333  326  317  307  299  290  281
  269  254  240  230  226  228  235  242  248  253  256  259  259  255  247  236
  225  216  211  208  205  200  192  184  176  170  165  162  160  159  157  156
  153  150  148  148  151  155  160  162  161  160  158  157  156  155  156  157
  160  169  179  188  197  211  229  236  248                                   
    37.5-180.0 180.0   5.0 450.0                            LAT/LON1/LON2/DLON/H
  259  282  295  305  317  327  339  346  351  352  348  340  332  323  315  304
  289  273  257  246  242  245  251  258  262  264  265  264  262  256  248  238
  229  224  223  224  223  217  208  197  187  179  173  169  166  164  163  161
  159  156  154  154  157  162  167  169  170  168  167  165  164  162  160  160
  162  170  181  191  201  217  236  246  259                                   
    35.0-180.0 180.0   5.0 450.0                            LAT/LON1/LON2/DLON/H
  267  290  304  313  326  334  348  356  365  368  366  361  355  348  340  329
  314  296  280  269  265  267  272  275  276  276  274  273  271  266  260  253
  247  246  247  250  249  242  231  217  204  195  188  182  177  173  170  167
  164  160  157  156  160  165  171  175  176  175  173  172  169  166  163  162
  162  171  182  193  204  222  242  252  267                                   
    32.5-180.0 180.0   5.0 450.0                            LAT/LON1/LON2/DLON/H
  277  300  316  322  336  343  358  367  377  381  382  380  377  373  367  357
  342  324  308  297  293  293  294  294  292  290  289  290  291  291  289  286
  283  283  285  286  284  274  260  244  230  219  210  201  192  185  179  173
  168  163  159  158  161  167  174  179  180  180  178  176  173  168  164  162
  162  171  183  197  208  227  247  258  277                                   
    30.0-180.0 180.0   5.0 450.0                            LAT/LON1/LON2/DLON/H
  293  316  334  338  353  359  374  382  393  398  400  401  400  399  394  386
  372  356  340  329  323  320  318  314  311  309  312  318  326  333  336  337
  335  333  332  329  322  309  292  274  259  247  236  225  212  200  190  182
  174  167  161  160  163  170  178  183  185  184  182  180  175  169  164  161
  162  173  186  202  215  234  256  267  293                                   
    27.5-180.0 180.0   5.0 450.0                            LAT/LON1/LON2/DLON/H
  314  337  357  362  379  385  401  408  418  423  426  427  429  429  426  418
  406  390  375  362  353  347  340  335  332  334  344  359  376  391  400  403
  399  392  382  372  358  341  321  302  286  274  263  249  233  218  204  193
  183  174  168  166  169  175  183  188  190  189  186  182  176  169  163  160
  162  175  190  208  224  245  269  280  314                                   
    25.0-180.0 180.0   5.0 450.0                            LAT/LON1/LON2/DLON/H
  338  361  383  393  414  422  439  445  455  459  462  464  466  467  465  458
  445  430  413  398  385  373  363  356  357  367  387  413  440  462  475  477
  466  448  426  405  383  361  339  320  305  294  284  270  253  235  220  207
  196  187  180  177  179  184  190  194  195  193  189  184  177  168  161  158
  162  177  194  216  235  258  285  298  338                                   
    22.5-180.0 180.0   5.0 450.0                            LAT/LON1/LON2/DLON/H
  361  385  408  425  453  465  484  492  502  506  509  512  516  517  514  507
  494  477  458  438  417  399  386  382  390  411  442  479  514  541  553  549
  527  493  456  421  391  364  341  323  310  302  294  283  267  251  237  226
  215  206  199  196  196  199  202  203  201  197  192  185  176  166  160  157
  161  179  198  222  245  272  302  319  361                                   
    20.0-180.0 180.0   5.0 450.0                            LAT/LON1/LON2/DLON/H
  378  405  430  455  490  506  528  539  552  558  563  569  574  577  574  566
  553  534  510  483  454  430  416  417  434  467  511  556  594  618  623  606
  568  517  463  416  378  349  326  310  301  297  294  287  277  266  256  248
  240  233  226  221  219  218  217  214  208  201  193  184  174  164  158  155
  161  179  200  225  251  282  316  338  378                                   
    17.5-180.0 180.0   5.0 450.0                            LAT/LON1/LON2/DLON/H
  387  418  445  478  519  539  564  579  595  606  616  626  635  641  640  633
  619  599  571  535  499  470  457  464  492  536  588  635  668  681  672  638
  583  515  448  393  351  322  301  288  283  284  286  285  282  279  276  274
  270  264  256  250  244  239  232  224  215  204  193  182  171  161  155  153
  158  176  198  224  251  286  324  352  387                                   
    15.0-180.0 180.0   5.0 450.0                            LAT/LON1/LON2/DLON/H
  389  423  455  494  539  562  589  608  627  643  658  675  690  701  704  700
  689  668  636  595  553  521  510  524  560  611  663  703  721  716  689  640
  571  493  420  362  321  293  275  266  265  270  277  283  288  292  297  301
  300  295  286  276  266  255  244  231  218  205  191  178  166  156  151  148
  154  171  193  217  246  285  326  357  389                                   
    12.5-180.0 180.0   5.0 450.0                            LAT/LON1/LON2/DLON/H
  385  422  458  502  551  576  605  624  647  667  688  711  732  749  759  760
  753  735  703  660  615  583  575  592  631  680  723  745  743  720  678  619
  544  465  393  339  301  277  261  255  257  265  276  286  296  308  319  326
  327  320  307  294  279  264  248  232  216  201  186  172  160  150  145  143
  148  165  185  208  239  279  322  354  385                                   
    10.0-180.0 180.0   5.0 450.0                            LAT/LON1/LON2/DLON/H
  379  418  458  504  555  583  612  632  658  681  706  733  760  783  799  807
  806  794  766  725  682  651  644  661  696  733  756  758  738  702  653  592
  520  446  381  333  300  280  268  264  268  278  289  300  312  325  339  347
  345  333  316  298  280  261  243  226  209  194  178  163  152  143  139  137
  142  158  176  198  230  272  315  347  379                                   
     7.5-180.0 180.0   5.0 450.0                            LAT/LON1/LON2/DLON/H
  373  415  458  506  558  587  616  636  662  687  714  744  774  801  822  837
  843  839  819  785  746  718  710  722  744  764  768  753  722  681  631  574
