data/edconvlstm_nd/pred2180.15i
     1.0            IONOSPHERE MAPS     GNSS                IONEX VERSION / TYPE
pyspatialgeodesy        IME             05-JAN-18 20:20     PGM / RUN BY / DATE 
Map Name                                                    COMMENT             
Predicted global ionosphere maps (GIM).                     DESCRIPTION         
  2015     8     6     0     0     0                        EPOCH OF FIRST MAP  
  2015     8     7     0     0     0                        EPOCH OF LAST MAP   
  7200                                                      INTERVAL            
    13                                                      # OF MAPS IN FILE   
  NONE                                                      MAPPING FUNCTION    
10.0                                                        ELEVATION CUTOFF    
One-way carrier phase leveled to code                       OBSERVABLES USED    
  6371.0                                                    BASE RADIUS         
 2                                                          MAP DIMENSION       
   450.0 450.0   0.0                                        HGT1 / HGT2 / DHGT  
    87.5 -87.5  -2.5                                        LAT1 / LAT2 / DLAT  
  -180.0 180.0   5.0                                        LON1 / LON2 / DLON  
    -1                                                      EXPONENT            
                                                            END OF HEADER       
[from data line 3432]
     9                                                      START OF TEC MAP    
  2015     8     6    16     0     0                        EPOCH OF CURRENT MAP
    87.5-180.0 180.0   5.0 450.0                            LAT/LON1/LON2/DLON/H
  156  154  147  154  156  156  155  154  155  156  156  156  156  156  156  156
  156  156  156  155  155  155  154  154  153  153  153  152  152  152  152  151
  151  151  150  150  150  150  150  149  149  149  149  149  149  149  149  149
  149  150  150  150  150  150  150  151  151  151  151  151  151  151  151  151
  150  151  150  149  158  155  161  156  156                                   
    85.0-180.0 180.0   5.0 450.0                            LAT/LON1/LON2/DLON/H
  152  153  161  155  154  158  158  160  161  162  161  162  162  162  162  162
  161  161  161  160  160  159  159  158  158  158  157  157  157  156  156  156
  155  155  155  154  154  153  153  153  152  152  152  152  152  152  152  153
  153  153  154  154  154  155  155  155  155  155  155  156  155  155  155  155
  156  156  153  151  153  148  152  152  152                                   
    82.5-180.0 180.0   5.0 450.0                            LAT/LON1/LON2/DLON/H
  136  146  148  145  146  151  154  155  155  157  157  158  158  158  158  158
  158  158  157  157  157  156  156  156  155  155  155  155  154  154  154  154
  153  153  152  152  151  150  149  148  148  147  147  147  146  147  147  147
  147  148  148  149  149  149  150  150  150  150  150  149  149  149  148  147
  147  146  144  145  144  149  144  136  136                                   
    80.0-180.0 180.0   5.0 450.0                            LAT/LON1/LON2/DLON/H
  129  137  142  142  142  145  148  153  155  157  157  158  159  159  159  159
  159  158  158  158  157  157  156  156  156  156  155  155  155  155  154  154
  153  152  151  150  149  148  146  145  144  143  142  142  142  142  142  143
  143  144  144  145  145  146  146  145  145  145  144  144  143  143  142  142
  141  140  138  139  135  134  135  130  129                                   
    77.5-180.0 180.0   5.0 450.0                            LAT/LON1/LON2/DLON/H
  130  132  139  139  142  147  150  154  156  158  159  160  161  161  161  161
  161  161  161  161  162  162  162  162  162  162  162  162  162  162  161  160
  159  158  157  155  153  151  149  147  145  144  143  142  141  142  142  143
  143  144  145  146  146  146  145  145  144  143  142  141  140  139  138  137
  136  135  133  134  135  129  131  130  130                                   
    75.0-180.0 180.0   5.0 450.0                            LAT/LON1/LON2/DLON/H
  125  131  134  137  141  148  151  155  158  161  162  163  163  164  164  164
  164  164  165  165  166  167  168  169  170  170  170  170  170  170  169  168
  167  165  163  161  158  155  152  150  147  145  143  142  141  141  142  143
  144  145  145  146  146  145  144  143  141  140  138  137  136  136  135  135
  133  132  131  128  129  125  127  118  125                                   
    72.5-180.0 180.0   5.0 450.0                            LAT/LON1/LON2/DLON/H
  121  128  131  138  141  149  153  158  160  163  164  165  165  165  165  165
  166  167  168  170  172  173  175  177  178  178  178  178  177  176  175  174
  172  170  168  165  161  158  154  150  147  144  142  140  139  139  140  141
  142  143  144  144  143  142  140  138  136  135  133  132  131  131  130  130
  129  128  127  125  124  121  123  121  121                                   
    70.0-180.0 180.0   5.0 450.0                            LAT/LON1/LON2/DLON/H
  119  125  129  135  139  147  151  157  160  163  164  165  165  164  164  164
  165  166  169  171  174  177  180  181  183  183  182  181  180  179  178  176
  175  172  169  165  161  157  152  148  144  141  138  137  136  136  136  137
  138  139  140  140  139  137  134  132  129  127  126  125  125  125  125  126
  125  124  124  121  121  119  122  120  119                                   
    67.5-180.0 180.0   5.0 450.0                            LAT/LON1/LON2/DLON/H
  118  124  129  136  141  149  154  160  163  166  167  168  168  168  168  168
  169  171  174  177  181  184  187  189  190  189  188  186  184  182  181  179
  177  174  171  167  162  157  152  148  144  141  138  136  135  135  136  137
  138  139  139  139  137  134  131  128  125  124  123  122  123  124  125  126
  126  125  124  121  119  117  119  118  118                                   
    65.0-180.0 180.0   5.0 450.0                            LAT/LON1/LON2/DLON/H
  114  121  126  133  137  145  151  157  161  164  166  168  168  169  169  169
  171  173  176  179  183  187  190  192  192  191  189  186  184  182  181  179
  177  175  171  166  161  155  150  146  142  139  137  135  134  134  134  135
  136  136  137  136  134  131  127  124  121  119  118  119  120  121  123  124
  124  123  122  120  119  117  120  118  114                                   
    62.5-180.0 180.0   5.0 450.0                            LAT/LON1/LON2/DLON/H
  110  117  122  129  133  141  147  153  157  161  164  167  169  170  171  172
  173  175  178  181  185  188  191  192  192  190  188  185  183  181  180  179
  178  175  170  165  159  154  149  145  142  139  137  136  135  134  134  134
  135  135  135  134  132  129  125  121  119  117  117  118  120  121  123  124
  123  122  121  118  116  113  117  116  110                                   
    60.0-180.0 180.0   5.0 450.0                            LAT/LON1/LON2/DLON/H
  105  112  117  123  127  135  140  146  151  156  159  163  167  169  171  173
  174  176  178  180  183  186  188  189  189  187  185  183  181  181  181  181
  179  176  171  165  159  153  149  145  143  141  140  138  137  136  135  135
  135  136  136  134  132  129  125  122  119  118  118  119  121  122  123  123
  121  120  118  114  112  110  114  112  105                                   
    57.5-180.0 180.0   5.0 450.0                            LAT/LON1/LON2/DLON/H
  100  107  111  118  121  129  134  140  144  149  154  159  164  168  172  174
  175  176  177  179  180  182  184  185  185  184  182  182  182  183  185  185
  184  181  176  169  162  156  151  149  147  146  146  144  143  141  139  139
  138  139  139  138  136  132  129  126  123  122  122  123  124  124  124  123
  120  118  115  112  109  107  110  109  100                                   
    55.0-180.0 180.0   5.0 450.0                            LAT/LON1/LON2/DLON/H
   98  103  108  114  117  125  130  135  139  144  149  155  161  167  171  174
  175  176  175  175  175  176  178  179  179  180  180  182  184  187  190  192
  191  188  182  174  167  161  156  154  154  153  153  152  150  148  146  144
  144  144  144  143  141  138  135  132  130  128  128  128  128  127  126  124
  120  117  114  110  107  105  108  107   98                                   
    52.5-180.0 180.0   5.0 450.0                            LAT/LON1/LON2/DLON/H
   98  103  107  114  116  124  130  134  138  142  146  152  159  165  170  173
  174  174  173  171  170  170  171  172  174  177  179  183  188  193  197  200
  199  196  189  181  174  168  164  162  162  162  162  161  159  156  154  152
  151  151  151  151  149  146  143  140  137  136  135  134  133  131  128  125
  122  118  115  111  108  105  108  106   98                                   
    50.0-180.0 180.0   5.0 450.0                            LAT/LON1/LON2/DLON/H
  101  106  110  117  120  128  133  138  141  144  148  153  159  164  169  172
  173  172  170  168  166  165  166  168  171  175  180  186  192  199  204  207
  207  204  197  190  183  177  174  172  172  172  171  170  168  166  163  161
  160  160  160  159  157  154  151  147  145  143  141  140  137  135  132  129
  125  122  119  115  112  109  111  109  101                                   
    47.5-180.0 180.0   5.0 450.0                            LAT/LON1/LON2/DLON/H
  108  112  116  123  126  135  141  145  148  151  154  158  162  166  169  172
  172  171  169  167  164  162  163  165  169  175  182  189  197  204  210  214
  214  211  206  200  194  190  187  185  184  183  182  181  178  176  174  172
  170  169  169  167  164  161  158  154  151  149  147  145  142  139  136  134
  131  129  126  122  119  115  116  115  108                                   
    45.0-180.0 180.0   5.0 450.0                            LAT/LON1/LON2/DLON/H
  115  119  123  130  134  144  150  156  159  162  164  167  170  172  173  173
  173  172  171  168  165  163  163  166  170  177  185  193  201  208  215  219
  221  220  217  213  210  207  205  202  200  198  195  193  190  188  186  183
  181  179  177  174  171  167  163  159  156  154  151  149  147  144  142  141
  139  137  136  132  127  124  124  121  115                                   
    42.5-180.0 180.0   5.0 450.0                            LAT/LON1/LON2/DLON/H
  121  125  128  135  141  151  159  166  171  175  178  180  181  181  180  178
  177  176  175  172  170  168  167  170  174  181  189  197  205  213  220  225
  230  232  233  232  232  231  229  226  221  217  212  208  205  202  199  196
  193  189  185  181  176  171  166  162  159  157  155  154  152  150  149  149
  148  147  146  142  136  132  131  127  121                                   
    40.0-180.0 180.0   5.0 450.0                            LAT/LON1/LON2/DLON/H
  124  128  130  137  144  155  165  174  182  188  193  195  195  193  189  186
  183  182  181  180  178  175  175  176  181  187  195  203  211  219  227  236
  244  251  256  260  262  263  261  256  249  241  234  228  223  219  215  210
  205  199  193  186  179  173  168  164  162  160  159  159  158  157  158  158
  158  157  155  150  144  138  136  131  124                                   
    37.5-180.0 180.0   5.0 450.0                            LAT/LON1/LON2/DLON/H
  123  126  127  133  141  153  165  177  188  198  206  210  211  208  202  196
  192  190  190  189  188  185  184  185  189  196  203  211  219  228  240  252
  265  278  288  296  301  303  300  293  283  272  261  252  245  239  233  226
  218  209  200  191  183  176  170  167  165  164  164  164  165  166  167  167
  167  166  163  157  149  141  138  133  123                                   
    35.0-180.0 180.0   5.0 450.0                            LAT/LON1/LON2/DLON/H
  120  122  121  126  133  145  159  174  189  204  215  223  225  222  215  208
  202  200  200  200  199  197  195  196  200  206  214  223  232  244  259  277
  296  314  329  340  346  348  344  335  321  307  293  281  270  261  251  241
  231  220  208  197  187  179  173  169  168  168  169  171  173  174  175  176
  174  173  169  161  151  143  138  132  120                                   
    32.5-180.0 180.0   5.0 450.0                            LAT/LON1/LON2/DLON/H
  116  117  114  117  123  135  150  166  185  204  220  232  237  235  229  220
  214  211  210  210  210  208  207  208  212  219  228  238  250  265  285  309
  334  357  375  387  394  394  388  376  360  342  325  310  296  283  270  257
  244  230  217  204  192  183  177  173  172  173  174  177  180  182  183  183
  180  178  172  164  153  143  137  131  116                                   
    30.0-180.0 180.0   5.0 450.0                            LAT/LON1/LON2/DLON/H
  114  113  109  109  114  124  139  157  178  200  220  236  245  246  241  232
  225  221  220  221  221  220  219  221  226  235  245  257  272  292  317  346
  376  402  421  432  436  433  424  410  393  374  355  337  320  304  288  272
  257  242  227  213  200  190  184  180  178  178  180  182  185  187  188  187
  184  180  174  166  155  144  137  130  114                                   
    27.5-180.0 180.0   5.0 450.0                            LAT/LON1/LON2/DLON/H
  115  114  108  106  108  118  132  150  172  195  217  236  248  252  249  243
  236  231  230  230  230  231  232  235  242  252  265  280  298  321  350  383
  416  442  460  468  467  460  448  433  415  396  377  358  339  320  302  285
  269  253  238  223  210  200  192  188  185  183  184  186  189  190  190  189
  185  181  175  168  157  146  138  133  115                                   
    25.0-180.0 180.0   5.0 450.0                            LAT/LON1/LON2/DLON/H
  120  118  111  108  109  117  131  147  168  191  213  234  248  256  256  251
  245  240  238  239  240  241  244  250  259  271  286  303  324  350  381  416
  448  473  486  488  482  470  456  440  424  407  389  370  351  331  312  295
  278  263  248  233  220  209  201  195  191  188  187  188  189  190  189  187
  183  181  176  170  161  150  142  137  120                                   
    22.5-180.0 180.0   5.0 450.0                            LAT/LON1/LON2/DLON/H
  127  127  118  115  115  122  135  149  169  190  211  231  247  257  259  257
  253  249  247  247  248  251  256  265  276  291  308  326  348  374  406  439
  468  488  495  490  478  463  448  433  419  405  391  374  355  336  317  300
  285  270  256  241  228  216  208  201  195  191  188  187  187  186  185  183
  179  178  175  171  164  155  146  144  127                                   
    20.0-180.0 180.0   5.0 450.0                            LAT/LON1/LON2/DLON/H
  135  135  127  124  124  131  143  156  173  192  211  229  245  256  262  263
  260  257  255  255  256  261  269  280  294  310  328  347  368  393  422  450
  474  487  487  477  461  444  429  417  406  396  385  371  354  336  318  302
  288  274  260  245  231  219  210  203  197  191  186  183  182  180  179  176
  173  174  172  171  166  158  151  149  135                                   
    17.5-180.0 180.0   5.0 450.0                            LAT/LON1/LON2/DLON/H
  140  141  134  133  133  140  151  164  179  196  212  229  244  256  264  267
  268  266  264  263  265  271  281  294  310  327  346  364  383  404  428  450
  467  472  467  453  435  419  406  397  390  384  376  364  349  332  316  301
  287  274  259  244  230  218  209  202  196  189  183  178  175  172  170  167
  165  167  167  168  165  159  152  151  140                                   
    15.0-180.0 180.0   5.0 450.0                            LAT/LON1/LON2/DLON/H
  140  142  136  136  137  144  157  169  185  200  214  229  244  256  266  272
  275  275  273  272  274  281  292  307  325  343  361  377  393  409  427  442
  452  452  442  426  410  396  387  381  378  375  369  359  345  328  312  298
  284  270  255  239  225  213  204  198  192  186  179  173  168  163  160  157
  155  158  159  161  160  155  150  149  140                                   
    12.5-180.0 180.0   5.0 450.0                            LAT/LON1/LON2/DLON/H
  135  137  131  132  134  142  156  170  186  202  216  230  243  256  267  276
  281  283  282  281  283  290  303  320  338  356  373  387  399  411  422  431
  435  431  420  406  392  383  378  376  375  373  368  358  343  326  309  293
  278  263  247  230  216  205  197  192  187  182  175  168  161  155  150  146
  144  147  149  151  151  146  143  142  135                                   
    10.0-180.0 180.0   5.0 450.0                            LAT/LON1/LON2/DLON/H
  126  126  121  123  124  132  147  163  182  199  215  229  243  256  268  279
  286  290  291  291  293  300  313  331  350  368  383  394  403  411  418  423
  423  418  407  396  388  383  382  383  383  380  373  360  343  323  304  286
  269  252  235  218  204  194  187  184  181  178  172  164  157  149  142  136
  133  135  137  139  139  135  132  132  126                                   
     7.5-180.0 180.0   5.0 450.0                            LAT/LON1/LON2/DLON/H
  115  113  108  110  111  118  133  151  172  193  210  226  241  255  268  280
  290  296  299  299  302  309  323  341  360  377  391  401  407  413  417  420
