data/edconvlstm_nd/pred3500.15i
     1.0            IONOSPHERE MAPS     GNSS                IONEX VERSION / TYPE
pyspatialgeodesy        IME             05-JAN-18 20:20     PGM / RUN BY / DATE 
Map Name                                                    COMMENT             
Predicted global ionosphere maps (GIM).                     DESCRIPTION         
  2015    12    16     0     0     0                        EPOCH OF FIRST MAP  
  2015    12    17     0     0     0                        EPOCH OF LAST MAP   
  7200                                                      INTERVAL            
    13                                                      # OF MAPS IN FILE   
  NONE                                                      MAPPING FUNCTION    
10.0                                                        ELEVATION CUTOFF    
One-way carrier phase leveled to code                       OBSERVABLES USED    
  6371.0                                                    BASE RADIUS         
 2                                                          MAP DIMENSION       
   450.0 450.0   0.0                                        HGT1 / HGT2 / DHGT  
    87.5 -87.5  -2.5                                        LAT1 / LAT2 / DLAT  
  -180.0 180.0   5.0                                        LON1 / LON2 / DLON  
    -1                                                      EXPONENT            
                                                            END OF HEADER       
     1                                                      START OF TEC MAP    
  2015    12    16     0     0     0                        EPOCH OF CURRENT MAP
    87.5-180.0 180.0   5.0 450.0                            LAT/LON1/LON2/DLON/H
   72   66   53   44   40   48   44   42   42   42   42   43   43   43   43   44
   44   44   44   44   45   45   45   45   45   45   45   45   45   45   44   44
   44   44   44   44   44   44   45   45   45   45   45   45   45   45   45   44
   44   44   44   44   43   43   43   42   42   42   41   41   40   40   40   40
   40   39   39   39   33   52   59   62   72                                   
    85.0-180.0 180.0   5.0 450.0                            LAT/LON1/LON2/DLON/H
   59   66   49   49   48   57   54   52   52   52   52   52   53   53   53   54
   54   54   54   54   54   54   54   53   53   53   52   52   52   51   51   51
   51   51   52   52   53   53   54   54   54   55   55   55   55   55   55   54
   54   53   53   52   52   51   51   50   49   49   48   48   48   47   47   47
   47   46   48   52   56   65   78   70   59                                   
    82.5-180.0 180.0   5.0 450.0                            LAT/LON1/LON2/DLON/H
   53   46   58   51   46   56   52   48   51   50   51   51   52   52   52   51
   51   50   50   49   48   47   45   44   43   42   41   40   39   39   39   39
   40   41   42   43   45   46   48   49   50   51   52   52   52   52   51   51
   50   49   48   46   45   44   43   42   41   41   40   40   39   39   39   39
   39   39   41   43   51   49   63   65   53                                   
    80.0-180.0 180.0   5.0 450.0                            LAT/LON1/LON2/DLON/H
   63   57   63   52   50   53   51   49   52   51   51   52   52   52   51   50
   49   48   47   46   44   43   42   41   40   39   38   37   37   37   37   38
   39   40   42   44   46   48   50   51   52   53   54   54   53   53   51   50
   48   47   45   43   42   41   39   38   37   37   36   36   35   35   36   36
   36   35   37   39   55   48   64   80   63                                   
    77.5-180.0 180.0   5.0 450.0                            LAT/LON1/LON2/DLON/H
   72   66   60   58   52   55   53   53   57   55   56   57   57   56   55   54
   52   50   48   47   45   44   42   41   40   38   38   37   37   37   37   38
   40   42   44   47   49   51   53   55   56   57   57   57   56   54   53   51
   49   47   45   43   41   40   39   37   37   36   35   35   34   34   34   34
   34   36   38   42   48   48   58   82   72                                   
    75.0-180.0 180.0   5.0 450.0                            LAT/LON1/LON2/DLON/H
   78   65   70   68   59   63   59   60   64   62   63   63   62   60   57   54
   51   48   46   44   43   42   41   40   40   39   39   39   39   39   40   42
   43   46   48   51   54   56   58   60   61   61   60   59   57   55   53   50
   48   46   44   42   41   40   39   39   38   37   37   37   36   36   37   37
   36   38   41   42   47   56   67   84   78                                   
    72.5-180.0 180.0   5.0 450.0                            LAT/LON1/LON2/DLON/H
   80   73   81   76   71   72   71   72   77   75   76   75   72   68   64   59
   54   50   47   46   45   45   45   45   45   46   46   46   46   46   46   47
   49   50   53   55   58   60   62   63   63   62   61   59   57   55   52   50
   48   47   46   45   44   44   44   44   44   43   43   43   42   42   43   43
   43   44   50   52   57   65   78   97   80                                   
    70.0-180.0 180.0   5.0 450.0                            LAT/LON1/LON2/DLON/H
   91   86   93   91   84   85   84   86   91   89   89   87   83   76   69   62
   55   49   46   45   45   46   47   49   50   51   52   52   52   51   51   51
   52   53   55   56   58   60   61   62   62   61   59   57   55   52   50   48
   47   47   47   47   48   49   50   50   50   50   50   50   49   49   50   50
   50   51   57   60   66   77   88  102   91                                   
    67.5-180.0 180.0   5.0 450.0                            LAT/LON1/LON2/DLON/H
  101  100  106  104   96   97   95   97  102  101  100   97   91   82   72   62
   54   47   44   42   43   45   47   50   52   53   53   53   52   51   50   49
   48   48   48   49   50   52   52   53   53   52   50   49   47   45   43   42
   42   43   44   46   48   50   51   53   53   54   53   53   52   52   53   54
   54   56   63   67   74   86   96  109  101                                   
    65.0-180.0 180.0   5.0 450.0                            LAT/LON1/LON2/DLON/H
  111  112  117  114  107  107  104  107  112  112  111  107  100   89   77   65
   55   48   44   42   43   45   48   50   51   52   52   51   49   47   45   43
   41   40   40   40   40   41   42   43   43   43   42   41   39   38   37   37
   38   40   42   45   48   50   53   54   56   56   56   56   56   56   57   58
   59   62   69   73   83   95  105  119  111                                   
    62.5-180.0 180.0   5.0 450.0                            LAT/LON1/LON2/DLON/H
  123  125  129  126  119  117  114  117  122  122  122  118  110   98   85   72
   61   53   48   46   47   48   49   50   50   49   48   46   44   41   39   36
   34   32   31   31   32   33   34   35   36   37   37   36   35   35   35   35
   37   39   42   45   48   51   54   56   58   59   60   61   61   62   64   66
   67   70   78   82   92  105  115  128  123                                   
    60.0-180.0 180.0   5.0 450.0                            LAT/LON1/LON2/DLON/H
  135  139  141  138  129  126  122  124  129  129  129  125  117  105   92   80
   69   61   55   52   51   50   49   47   45   43   41   39   36   34   32   29
   27   25   24   24   25   27   28   30   32   33   34   34   34   33   34   34
   36   38   41   44   47   50   53   56   58   60   62   64   66   68   71   74
   76   80   88   93  102  115  124  138  135                                   
    57.5-180.0 180.0   5.0 450.0                            LAT/LON1/LON2/DLON/H
  150  154  155  150  141  135  129  130  134  133  133  130  122  112  100   89
   79   70   64   60   56   52   47   43   39   36   33   31   30   28   26   24
   22   21   20   21   22   24   27   29   31   33   34   35   35   35   35   35
   36   38   40   42   45   48   51   55   58   61   65   68   72   76   80   85
   88   93  102  107  116  127  137  151  150                                   
    55.0-180.0 180.0   5.0 450.0                            LAT/LON1/LON2/DLON/H
  167  172  171  165  154  146  138  137  138  136  135  131  125  117  107   97
   89   81   73   67   60   53   47   40   35   31   28   26   26   25   24   23
   22   21   21   22   24   27   30   32   35   37   38   39   39   39   39   38
   39   39   41   42   45   47   51   54   58   63   67   72   78   84   91   98
  103  109  120  125  134  143  152  167  167                                   
    52.5-180.0 180.0   5.0 450.0                            LAT/LON1/LON2/DLON/H
  187  193  189  182  170  161  151  146  145  140  137  133  127  120  113  105
   98   90   82   74   65   56   48   40   34   29   27   26   26   27   26   26
   25   25   26   28   31   34   37   40   42   44   46   46   46   46   45   44
   44   44   44   45   47   49   52   56   60   64   70   76   83   92  101  111
  118  126  139  145  154  161  170  185  187                                   
    50.0-180.0 180.0   5.0 450.0                            LAT/LON1/LON2/DLON/H
  207  215  208  201  190  180  168  160  155  147  141  136  130  124  119  112
  105   97   89   80   70   60   51   43   37   33   31   31   32   33   33   32
   32   33   35   38   41   45   47   50   52   53   55   56   56   55   54   53
   52   51   52   52   53   55   58   61   64   68   74   81   89   99  111  123
  134  144  158  166  175  180  190  206  207                                   
    47.5-180.0 180.0   5.0 450.0                            LAT/LON1/LON2/DLON/H
  225  235  226  222  213  203  189  178  169  157  148  141  135  129  124  118
  111  102   94   84   75   66   58   51   45   42   40   40   41   42   41   41
   41   42   45   49   53   56   58   60   62   63   65   66   66   66   65   64
   63   63   63   64   65   67   68   70   72   76   81   88   97  108  121  135
  148  161  176  185  195  199  209  224  225                                   
    45.0-180.0 180.0   5.0 450.0                            LAT/LON1/LON2/DLON/H
  237  249  241  240  234  226  211  199  186  171  159  150  142  136  130  123
  115  106   97   88   80   74   68   62   58   55   53   53   53   52   50   49
   49   51   55   59   63   66   68   69   70   71   73   75   76   76   76   76
   77   78   79   80   81   82   82   83   84   87   91   98  106  117  131  146
  161  176  191  202  211  215  225  239  237                                   
    42.5-180.0 180.0   5.0 450.0                            LAT/LON1/LON2/DLON/H
  240  254  249  253  250  244  230  218  204  187  173  162  153  146  138  129
  119  108   99   92   88   84   81   77   74   70   68   65   63   60   56   54
   54   56   60   65   69   71   73   74   75   77   79   82   84   86   87   88
   90   93   95   96   97   97   97   97   97   99  103  109  117  128  141  157
  173  189  204  215  222  226  235  247  240                                   
    40.0-180.0 180.0   5.0 450.0                            LAT/LON1/LON2/DLON/H
  236  251  249  255  256  253  242  231  219  202  188  176  167  158  148  137
  124  112  104   99   98   98   97   94   89   84   78   74   68   63   58   55
   55   57   61   66   70   73   74   75   77   80   84   88   91   93   95   98
  101  104  107  109  110  109  109  109  109  111  115  120  129  139  152  168
  184  200  215  224  229  231  239  250  236                                   
    37.5-180.0 180.0   5.0 450.0                            LAT/LON1/LON2/DLON/H
  228  242  241  249  251  251  243  236  227  212  200  190  181  171  160  147
  132  119  111  109  111  113  112  107   99   91   83   76   69   63   58   54
   54   56   60   65   69   72   74   77   79   83   88   92   96   99  101  103
  106  110  112  114  115  115  115  116  117  120  124  131  140  151  164  180
  196  210  225  232  233  233  239  250  228                                   
    35.0-180.0 180.0   5.0 450.0                            LAT/LON1/LON2/DLON/H
  220  232  233  237  240  241  236  233  228  217  207  200  193  184  172  157
  142  129  123  122  125  126  122  114  102   90   80   73   67   62   58   55
   55   57   61   66   70   74   76   79   83   87   92   97  100  102  103  104
  106  109  110  111  112  113  115  118  121  126  132  140  150  163  177  193
  209  223  236  242  238  236  242  253  220                                   
    32.5-180.0 180.0   5.0 450.0                            LAT/LON1/LON2/DLON/H
  219  228  229  229  229  230  227  227  226  218  212  206  201  193  182  168
  152  141  135  134  135  133  124  111   96   84   75   70   67   64   62   62
   63   66   69   73   76   79   82   85   89   93   98  102  104  105  104  103
  102  102  102  103  104  106  110  115  122  129  138  148  161  175  192  209
  224  238  250  255  250  246  251  264  219                                   
    30.0-180.0 180.0   5.0 450.0                            LAT/LON1/LON2/DLON/H
  230  236  235  230  227  227  224  226  226  220  215  211  206  199  189  175
  161  151  145  142  139  131  118  102   87   77   72   72   73   75   77   79
   81   83   85   87   88   90   92   95   99  102  106  108  109  107  104  101
   97   94   92   92   93   97  104  112  122  132  144  157  172  189  208  227
  243  257  270  273  270  265  272  287  230                                   
    27.5-180.0 180.0   5.0 450.0                            LAT/LON1/LON2/DLON/H
  255  259  253  243  238  237  235  236  235  229  223  217  211  203  192  180
  168  158  151  144  136  123  106   91   80   75   77   83   90   97  103  108
  111  112  111  108  106  105  106  108  110  112  114  115  114  111  106   99
   93   87   83   82   84   90  100  112  125  138  152  167  185  204  226  248
  266  282  295  299  298  294  303  321  255                                   
    25.0-180.0 180.0   5.0 450.0                            LAT/LON1/LON2/DLON/H
  296  297  284  272  267  265  263  262  258  249  239  229  219  207  195  183
  171  161  151  140  126  110   95   84   80   84   94  107  120  132  142  149
  152  149  141  132  125  121  120  120  121  122  121  121  119  115  108  100
   91   84   78   76   80   88  101  116  132  148  164  181  200  222  246  271
  293  311  326  331  335  334  345  365  296                                   
    22.5-180.0 180.0   5.0 450.0                            LAT/LON1/LON2/DLON/H
  350  349  330  317  312  311  308  304  297  283  268  251  234  217  201  187
  174  161  147  132  115   99   88   86   92  106  125  146  165  180  191  196
  193  183  167  152  140  133  131  130  130  128  127  125  123  119  112  103
   93   84   78   77   81   91  107  125  144  162  178  196  216  239  266  294
  320  342  359  368  377  381  396  417  350                                   
    20.0-180.0 180.0   5.0 450.0                            LAT/LON1/LON2/DLON/H
  409  409  389  377  372  373  370  364  353  334  311  286  260  235  214  196
  179  163  144  125  108   96   94  101  118  142  170  196  217  231  237  235
  224  205  183  163  148  140  137  136  134  132  129  127  126  122  116  108
   98   89   83   81   86   98  115  136  156  175  191  209  229  254  283  314
  344  370  392  405  420  429  449  470  409                                   
    17.5-180.0 180.0   5.0 450.0                            LAT/LON1/LON2/DLON/H
  463  466  452  444  442  446  445  438  424  401  371  336  299  265  236  212
  191  170  148  127  112  106  112  131  159  192  224  249  265  272  270  259
  240  215  190  167  151  142  139  137  135  132  129  127  126  124  120  112
  104   96   90   89   94  106  125  147  167  185  201  218  239  265  295  329
  361  392  418  437  456  470  496  515  463                                   
    15.0-180.0 180.0   5.0 450.0                            LAT/LON1/LON2/DLON/H
  502  511  508  508  511  519  523  518  505  479  443  399  352  308  270  240
  213  187  162  141  130  131  147  175  211  246  274  290  296  292  281  264
  240  214  187  165  150  142  139  137  135  131  128  127  126  125  122  117
  110  103   98   98  103  116  134  156  176  192  207  223  244  271  303  338
  373  407  437  460  482  498  528  545  502                                   
    12.5-180.0 180.0   5.0 450.0                            LAT/LON1/LON2/DLON/H
  521  538  545  555  564  579  589  590  580  556  518  468  414  361  316  279
  248  219  192  173  165  174  198  232  266  293  307  309  301  287  270  250
  227  203  181  162  150  143  140  138  135  131  128  127  127  127  125  121
  116  110  107  107  113  125  143  163  181  196  210  225  247  274  307  343
  379  414  446  473  496  511  542  558  521                                   
    10.0-180.0 180.0   5.0 450.0                            LAT/LON1/LON2/DLON/H
  525  547  563  580  596  616  631  640  637  618  583  534  476  419  370  329
  295  265  239  223  221  235  261  291  313  321  315  299  279  260  243  227
  209  192  176  162  153  148  144  142  138  134  131  129  130  130  128  125
  121  117  115  116  122  134  150  168  185  199  211  226  248  276  309  344
  379  414  448  476  498  510  539  555  525                                   
     7.5-180.0 180.0   5.0 450.0                            LAT/LON1/LON2/DLON/H
  519  542  562  583  604  628  648  663  668  656  628  584  530  474  425  385
  352  324  302  290  292  307  328  342  342  325  296  266  240  223  212  204
