data/edconvlstm_nd/pred0860.15i
     1.0            IONOSPHERE MAPS     GNSS                IONEX VERSION / TYPE
pyspatialgeodesy        IME             05-JAN-18 20:20     PGM / RUN BY / DATE 
Map Name                                                    COMMENT             
Predicted global ionosphere maps (GIM).                     DESCRIPTION         
  2015     3    27     0     0     0                        EPOCH OF FIRST MAP  
  2015     3    28     0     0     0                        EPOCH OF LAST MAP   
  7200                                                      INTERVAL            
    13                                                      # OF MAPS IN FILE   
  NONE                                                      MAPPING FUNCTION    
10.0                                                        ELEVATION CUTOFF    
One-way carrier phase leveled to code                       OBSERVABLES USED    
  6371.0                                                    BASE RADIUS         
 2                                                          MAP DIMENSION       
   450.0 450.0   0.0                                        HGT1 / HGT2 / DHGT  
    87.5 -87.5  -2.5                                        LAT1 / LAT2 / DLAT  
  -180.0 180.0   5.0                                        LON1 / LON2 / DLON  
    -1                                                      EXPONENT            
                                                            END OF HEADER       
[from data line 1716]
     5                                                      START OF TEC MAP    
  2015     3    27     8     0     0                        EPOCH OF CURRENT MAP
    87.5-180.0 180.0   5.0 450.0                            LAT/LON1/LON2/DLON/H
  141  139  134  140  143  146  148  150  155  160  165  169  173  176  180  183
  185  187  189  190  191  192  193  193  193  193  193  192  192  191  191  190
  190  189  188  187  186  185  184  182  181  179  178  176  174  172  170  167
  165  162  159  156  153  150  147  144  141  138  135  132  129  127  124  122
  121  122  120  119  122  123  131  137  141                                   
    85.0-180.0 180.0   5.0 450.0                            LAT/LON1/LON2/DLON/H
  123  126  128  132  134  141  147  152  158  165  170  175  180  184  188  192
  194  197  199  200  201  202  202  203  203  203  203  202  202  202  202  202
  201  201  201  200  200  199  198  197  196  194  193  191  189  186  183  180
  177  174  170  167  163  159  155  151  147  143  139  135  131  127  123  121
  120  119  114  114  110  112  115  123  123                                   
    82.5-180.0 180.0   5.0 450.0                            LAT/LON1/LON2/DLON/H
  107  109  110  110  114  121  128  136  144  152  159  167  173  178  183  187
  190  192  194  195  195  196  196  195  195  195  195  195  195  196  197  198
  199  201  202  203  204  205  205  205  205  204  202  201  198  196  193  190
  186  182  178  174  169  165  160  155  149  144  139  133  128  122  117  112
  108  104   98   98   97   95   94   95  107                                   
    80.0-180.0 180.0   5.0 450.0                            LAT/LON1/LON2/DLON/H
   97   94   93   96  100  107  116  126  136  145  153  162  169  175  180  184
  186  187  188  187  186  185  183  181  180  179  179  179  180  182  185  188
  191  195  198  202  205  208  210  212  213  213  214  213  212  211  209  207
  204  202  198  195  191  187  182  177  172  166  160  154  147  140  132  126
  119  111  102   98   93   88   90   87   97                                   
    77.5-180.0 180.0   5.0 450.0                            LAT/LON1/LON2/DLON/H
   97   87   85   87   89   97  105  114  125  135  143  153  160  165  170  172
  174  173  172  170  167  164  161  158  156  155  155  156  158  162  167  173
  179  187  194  201  207  212  217  221  225  227  229  230  231  232  232  231
  231  230  228  226  224  221  218  214  210  205  199  192  185  177  168  160
  149  139  126  118  110   95   91   90   97                                   
    75.0-180.0 180.0   5.0 450.0                            LAT/LON1/LON2/DLON/H
   99   90   81   84   84   91   97  105  115  124  133  141  147  152  155  156
  156  154  152  149  145  141  136  133  130  128  128  129  132  138  145  154
  163  174  184  194  204  212  219  226  231  236  240  244  247  250  253  255
  256  258  258  259  258  258  256  254  251  247  242  236  229  222  213  204
  192  179  164  149  136  117  109  100   99                                   
    72.5-180.0 180.0   5.0 450.0                            LAT/LON1/LON2/DLON/H
  107   96   84   84   82   86   92   98  107  115  122  129  134  137  139  138
  137  135  132  129  125  120  116  112  108  106  106  108  112  118  127  138
  151  164  177  190  201  212  221  229  236  243  249  255  261  266  270  275
  279  282  285  287  288  289  289  287  285  282  278  274  268  261  253  244
  233  220  204  187  168  145  132  121  107                                   
    70.0-180.0 180.0   5.0 450.0                            LAT/LON1/LON2/DLON/H
  119  102   89   85   81   82   85   91   99  106  112  117  120  122  122  120
  118  116  114  111  108  104  101   97   93   91   90   92   96  103  113  126
  140  155  170  184  197  209  219  228  237  245  253  261  269  276  283  289
  294  299  303  306  308  309  309  308  305  302  298  294  289  282  275  268
  258  246  231  213  193  168  155  142  119                                   
    67.5-180.0 180.0   5.0 450.0                            LAT/LON1/LON2/DLON/H
  122  104   91   86   79   79   81   86   93   99  104  109  111  111  110  108
  106  104  103  101   99   97   94   90   87   84   83   84   88   95  106  118
  133  149  164  179  192  205  215  226  236  245  255  265  274  283  291  298
  304  309  313  316  317  317  316  313  310  306  301  296  290  284  278  271
  263  253  240  223  204  179  165  153  122                                   
    65.0-180.0 180.0   5.0 450.0                            LAT/LON1/LON2/DLON/H
  125  105   90   84   76   74   76   80   86   93   98  103  104  104  102  100
   98   96   96   95   95   94   91   88   85   82   81   81   85   92  102  114
  129  145  160  175  189  201  213  224  236  247  259  270  281  291  299  306
  312  316  319  320  319  318  314  310  304  298  292  286  279  273  266  260
  253  244  234  219  203  181  167  158  125                                   
    62.5-180.0 180.0   5.0 450.0                            LAT/LON1/LON2/DLON/H
  124  103   89   80   72   69   69   73   79   85   92   97   99   99   97   95
   93   92   92   92   92   92   90   87   84   81   79   80   83   89   98  111
  125  140  156  171  185  198  211  224  236  250  263  276  288  298  306  312
  316  319  321  320  318  314  309  303  295  288  280  272  264  257  249  243
  236  228  219  206  193  174  162  155  124                                   
    60.0-180.0 180.0   5.0 450.0                            LAT/LON1/LON2/DLON/H
  125  103   89   78   69   64   62   64   70   76   83   89   93   94   93   91
   90   89   89   89   89   88   86   83   81   78   77   77   80   86   94  106
  121  136  152  168  183  196  210  224  239  254  270  284  296  306  313  318
  321  323  323  322  319  314  308  301  293  285  276  267  257  248  239  231
  223  215  207  195  185  167  157  150  125                                   
    57.5-180.0 180.0   5.0 450.0                            LAT/LON1/LON2/DLON/H
  132  112   97   83   73   64   60   59   62   67   73   81   86   88   89   88
   87   86   86   86   85   83   81   78   76   74   73   73   76   82   91  103
  118  134  151  168  183  198  213  229  245  262  279  294  307  316  323  328
  330  332  332  331  328  324  318  311  304  295  287  277  267  256  245  235
  225  215  207  196  187  169  160  151  132                                   
    55.0-180.0 180.0   5.0 450.0                            LAT/LON1/LON2/DLON/H
  148  129  115   97   86   74   66   60   58   60   65   72   77   81   83   84
   84   84   83   82   80   77   75   73   71   70   69   70   73   79   88  101
  117  135  153  171  188  204  220  236  254  273  291  307  320  330  336  341
  344  347  348  348  347  344  339  334  328  320  312  302  291  279  266  254
  242  231  222  210  201  184  173  161  148                                   
    52.5-180.0 180.0   5.0 450.0                            LAT/LON1/LON2/DLON/H
  171  155  141  122  110   95   81   69   62   59   61   66   71   75   78   80
   82   82   81   80   77   74   72   71   70   70   70   70   73   78   88  102
  119  139  159  178  196  213  229  247  266  285  305  322  335  345  352  358
  362  367  370  373  373  371  369  365  360  354  347  337  326  313  299  285
  271  258  248  234  225  207  194  180  171                                   
    50.0-180.0 180.0   5.0 450.0                            LAT/LON1/LON2/DLON/H
  197  183  171  153  140  123  106   88   75   67   64   66   69   72   76   79
   81   82   82   80   78   76   75   75   75   75   75   75   77   81   91  106
  124  146  168  189  207  225  241  259  279  300  320  337  352  362  370  377
  384  391  397  401  402  402  400  397  393  387  380  371  360  346  332  318
  304  290  278  263  252  234  220  205  197                                   
    47.5-180.0 180.0   5.0 450.0                            LAT/LON1/LON2/DLON/H
  218  206  196  182  170  154  135  113   96   82   75   73   73   74   77   80
   83   85   86   85   85   84   84   86   87   87   86   84   83   87   96  112
  132  156  179  201  220  238  255  273  293  314  335  354  369  381  390  399
  408  416  423  427  428  426  423  419  414  408  400  391  380  368  355  342
  329  316  303  288  275  256  242  228  218                                   
    45.0-180.0 180.0   5.0 450.0                            LAT/LON1/LON2/DLON/H
  228  216  210  201  192  179  162  140  120  104   93   87   84   83   83   85
   88   91   93   95   95   97   99  102  104  103  100   95   92   94  103  120
  141  166  190  213  232  250  268  286  307  329  352  372  388  401  411  421
  430  438  444  447  445  440  434  427  419  411  401  390  379  368  357  347
  336  326  314  299  285  267  254  242  228                                   
    42.5-180.0 180.0   5.0 450.0                            LAT/LON1/LON2/DLON/H
  222  209  206  203  198  190  179  161  142  126  114  105  100   96   95   95
   98  101  104  107  110  113  117  121  123  120  114  106  100  101  110  128
  150  176  200  223  243  261  279  299  321  345  369  390  408  421  432  442
  450  457  460  459  454  445  435  424  413  401  388  375  362  351  342  334
  325  317  306  292  279  260  249  238  222                                   
    40.0-180.0 180.0   5.0 450.0                            LAT/LON1/LON2/DLON/H
  201  184  183  182  183  182  179  170  157  144  133  125  118  113  110  109
  110  113  117  121  125  129  134  138  138  133  123  113  106  106  116  135
  158  183  208  230  251  270  290  312  336  363  388  411  429  443  454  462
  469  473  473  469  461  450  438  425  411  395  378  362  347  335  325  317
  308  299  287  272  259  239  231  219  201                                   
    37.5-180.0 180.0   5.0 450.0                            LAT/LON1/LON2/DLON/H
  175  152  147  146  151  156  162  163  160  154  147  142  136  131  127  125
  125  128  131  135  139  143  147  149  147  140  128  116  108  110  121  140
  164  189  213  236  257  279  301  326  353  382  410  434  453  466  476  483
  487  490  489  484  477  468  457  444  429  412  392  373  356  341  329  318
  307  293  277  258  243  217  209  194  175                                   
    35.0-180.0 180.0   5.0 450.0                            LAT/LON1/LON2/DLON/H
  160  127  115  107  113  119  132  142  148  151  152  151  149  145  142  140
  140  141  144  147  150  152  154  153  149  140  127  115  109  112  125  145
  168  192  217  240  264  289  315  343  374  405  435  460  478  491  500  506
  510  513  514  513  510  506  500  491  478  461  441  420  401  384  369  355
  338  318  296  268  249  216  204  183  160                                   
    32.5-180.0 180.0   5.0 450.0                            LAT/LON1/LON2/DLON/H
  169  127  102   84   83   86  100  115  128  138  146  152  155  155  154  153
  153  154  156  158  158  157  155  152  146  136  124  113  109  114  128  148
  172  196  221  247  274  302  332  364  397  431  461  486  505  518  527  533
  540  545  551  556  562  566  569  567  560  546  528  508  489  470  452  432
  409  382  352  315  291  250  229  199  169                                   
    30.0-180.0 180.0   5.0 450.0                            LAT/LON1/LON2/DLON/H
  210  161  121   91   79   73   80   94  108  122  135  146  154  159  162  163
  163  164  165  165  162  158  153  148  141  131  121  113  111  118  133  154
  177  202  228  257  287  319  353  387  423  457  487  513  532  546  556  565
  575  587  600  614  630  646  660  669  669  662  649  634  616  595  572  545
  514  480  442  395  367  319  285  248  210                                   
    27.5-180.0 180.0   5.0 450.0                            LAT/LON1/LON2/DLON/H
  285  231  179  135  108   90   86   92  102  114  126  139  150  159  165  168
  169  170  170  168  164  158  151  145  138  130  122  116  117  125  141  161
  184  209  237  269  304  339  376  412  448  482  512  537  557  573  587  601
  616  634  656  681  708  736  761  781  792  795  790  780  765  743  714  679
  641  600  554  499  465  412  362  326  285                                   
    25.0-180.0 180.0   5.0 450.0                            LAT/LON1/LON2/DLON/H
  389  333  271  215  175  143  124  117  117  122  130  140  151  161  168  172
  173  173  172  169  164  157  151  145  139  133  127  123  125  133  149  168
  191  217  248  284  322  360  398  435  470  503  533  558  580  599  617  636
  658  684  714  747  784  822  857  886  906  917  921  917  906  885  853  813
  769  724  674  614  574  516  454  421  389                                   
    22.5-180.0 180.0   5.0 450.0                            LAT/LON1/LON2/DLON/H
  508  456  386  324  271  230  195  172  158  151  150  154  161  168  174  177
  176  174  172  168  163  158  153  148  144  140  134  131  132  141  155  174
  198  226  260  299  339  379  417  454  488  520  549  576  600  622  645  670
  697  728  764  803  845  887  926  959  983  999 1007 1008 1002  985  956  918
  875  834  785  727  676  616  552  522  508                                   
    20.0-180.0 180.0   5.0 450.0                            LAT/LON1/LON2/DLON/H
  617  575  505  446  384  338  291  253  223  202  189  183  183  185  186  185
  181  176  171  167  163  159  157  154  151  146  140  136  137  145  159  179
  204  234  271  312  354  394  432  467  501  533  562  590  617  642  669  698
  729  763  800  840  880  920  955  985 1007 1022 1031 1034 1031 1020  999  968
  934  904  867  813  756  695  642  615  617                                   
    17.5-180.0 180.0   5.0 450.0                            LAT/LON1/LON2/DLON/H
  690  657  600  556  494  451  398  349  305  270  244  227  217  210  204  197
  188  179  171  166  163  161  160  159  155  150  143  138  138  146  161  182
  208  241  280  322  365  404  441  476  510  542  573  603  631  660  689  720
  752  785  819  854  887  916  942  963  979  991  998 1002 1001  994  979  958
  935  917  895  851  795  735  699  680  690                                   
    15.0-180.0 180.0   5.0 450.0                            LAT/LON1/LON2/DLON/H
  709  682  645  623  575  543  495  443  391  346  309  281  261  244  229  215
  200  185  174  166  163  163  163  161  158  152  144  138  137  144  160  183
  212  247  287  329  371  409  446  481  516  550  583  614  644  675  705  736
  766  796  822  846  866  883  896  906  915  923  930  935  936  930  919  903
  888  879  870  835  787  732  711  704  709                                   
    12.5-180.0 180.0   5.0 450.0                            LAT/LON1/LON2/DLON/H
  683  650  634  634  609  594  558  512  461  413  372  338  308  283  259  237
  216  196  181  170  165  165  165  163  160  153  144  135  132  139  157  184
  215  252  292  333  373  410  446  482  518  555  591  624  655  686  716  745
  771  793  811  823  830  834  836  839  842  847  854  859  860  855  845  833
  822  817  813  784  745  698  685  690  683                                   
    10.0-180.0 180.0   5.0 450.0                            LAT/LON1/LON2/DLON/H
  632  593  589  601  600  599  577  541  499  456  418  383  351  320  290  263
  237  213  193  179  172  169  168  167  163  155  143  132  129  137  157  185
  219  256  295  334  371  407  442  479  518  557  594  629  661  691  719  745
  766  782  791  795  795  793  792  792  793  796  799  802  801  796  786  775
  766  760  755  727  695  653  642  655  632                                   
     7.5-180.0 180.0   5.0 450.0                            LAT/LON1/LON2/DLON/H
  581  539  541  553  565  574  561  536  503  470  439  410  379  347  316  286
  259  234  211  193  182  176  174  172  167  157  144  132  129  138  160  190
