data/edconvlstm_nd/pred1990.15i
     1.0            IONOSPHERE MAPS     GNSS                IONEX VERSION / TYPE
pyspatialgeodesy        IME             05-JAN-18 20:20     PGM / RUN BY / DATE 
Map Name                                                    COMMENT             
Predicted global ionosphere maps (GIM).                     DESCRIPTION         
  2015     7    18     0     0     0                        EPOCH OF FIRST MAP  
  2015     7    19     0     0     0                        EPOCH OF LAST MAP   
  7200                                                      INTERVAL            
    13                                                      # OF MAPS IN FILE   
  NONE                                                      MAPPING FUNCTION    
10.0                                                        ELEVATION CUTOFF    
One-way carrier phase leveled to code                       OBSERVABLES USED    
  6371.0                                                    BASE RADIUS         
 2                                                          MAP DIMENSION       
   450.0 450.0   0.0                                        HGT1 / HGT2 / DHGT  
    87.5 -87.5  -2.5                                        LAT1 / LAT2 / DLAT  
  -180.0 180.0   5.0                                        LON1 / LON2 / DLON  
    -1                                                      EXPONENT            
                                                            END OF HEADER       
[from data line 1287]
     4                                                      START OF TEC MAP    
  2015     7    18     6     0     0                        EPOCH OF CURRENT MAP
    87.5-180.0 180.0   5.0 450.0                            LAT/LON1/LON2/DLON/H
  138  137  135  139  140  139  136  134  135  136  137  138  138  139  139  139
  139  139  139  138  138  137  136  134  133  132  130  128  127  125  124  123
  122  121  120  119  119  118  118  118  119  119  120  121  122  123  124  125
  126  127  128  129  130  130  130  131  131  131  131  131  131  131  130  130
  131  133  132  131  136  135  138  135  138                                   
    85.0-180.0 180.0   5.0 450.0                            LAT/LON1/LON2/DLON/H
  136  143  141  143  146  145  145  145  146  147  147  149  149  150  151  151
  151  151  151  151  150  149  147  146  144  142  140  138  136  134  132  131
  129  128  127  126  125  125  125  126  126  127  128  130  131  133  134  136
  138  139  141  142  143  144  144  145  145  145  145  145  145  144  144  144
  145  147  142  143  138  139  141  138  136                                   
    82.5-180.0 180.0   5.0 450.0                            LAT/LON1/LON2/DLON/H
  139  145  145  142  142  143  143  143  144  145  146  148  149  151  152  153
  153  154  153  153  152  150  148  146  143  140  137  135  132  129  127  125
  123  122  120  119  119  119  119  120  121  123  125  128  130  133  136  139
  142  145  147  149  150  152  153  153  153  154  153  153  152  151  150  150
  150  150  145  146  146  142  137  130  139                                   
    80.0-180.0 180.0   5.0 450.0                            LAT/LON1/LON2/DLON/H
  140  143  138  138  138  138  138  138  140  141  142  144  146  148  150  151
  152  153  153  152  150  148  145  141  138  134  130  127  123  121  118  116
  114  112  111  110  110  110  111  113  115  117  121  125  129  134  138  143
  147  150  154  156  158  160  161  162  162  162  161  160  159  158  156  156
  154  152  149  149  149  147  148  133  140                                   
    77.5-180.0 180.0   5.0 450.0                            LAT/LON1/LON2/DLON/H
  143  143  139  138  136  135  135  135  135  136  136  139  141  144  146  148
  150  151  150  149  147  144  140  136  131  126  122  118  115  113  111  109
  108  108  107  107  107  108  109  111  114  118  123  129  135  141  148  154
  159  164  168  171  173  175  176  176  176  175  174  173  171  169  167  166
  163  161  155  156  156  149  147  139  143                                   
    75.0-180.0 180.0   5.0 450.0                            LAT/LON1/LON2/DLON/H
  142  145  137  137  134  133  132  129  129  129  129  131  133  135  138  140
  142  143  143  141  138  134  129  124  118  113  109  105  103  101  101  101
  101  102  102  103  104  105  107  110  113  119  125  132  139  147  154  161
  167  172  176  178  180  181  182  182  182  181  180  179  177  175  173  172
  169  166  161  157  156  152  151  143  142                                   
    72.5-180.0 180.0   5.0 450.0                            LAT/LON1/LON2/DLON/H
  144  149  142  140  138  136  133  130  128  126  125  127  128  130  133  135
  137  137  137  135  132  127  121  115  109  103   99   96   95   95   97   99
  101  104  106  108  109  111  113  117  122  128  135  143  151  160  168  175
  180  184  187  188  189  189  189  188  188  188  187  186  185  183  181  180
  177  175  171  167  163  159  156  149  144                                   
    70.0-180.0 180.0   5.0 450.0                            LAT/LON1/LON2/DLON/H
  150  153  147  144  140  136  132  128  125  122  120  120  121  122  124  126
  127  128  127  125  121  116  109  103   96   90   86   84   84   87   90   95
  100  105  108  111  114  116  119  122  128  134  142  151  160  169  177  183
  187  189  190  189  188  187  186  185  185  185  185  185  184  183  182  181
  179  177  173  171  167  164  163  157  150                                   
    67.5-180.0 180.0   5.0 450.0                            LAT/LON1/LON2/DLON/H
  150  156  150  146  142  138  133  128  124  120  117  116  116  117  118  118
  119  119  117  115  111  106  100   93   86   81   77   76   77   80   86   93
   99  105  110  114  117  120  123  127  132  139  148  157  167  175  182  186
  189  189  187  184  181  179  177  176  176  177  178  179  179  179  178  178
  176  175  172  169  167  165  164  160  150                                   
    65.0-180.0 180.0   5.0 450.0                            LAT/LON1/LON2/DLON/H
  151  158  152  149  145  140  136  130  125  121  117  115  114  113  113  113
  113  111  109  107  103   98   93   87   81   76   72   71   73   78   85   93
  101  108  114  118  122  124  128  132  139  146  156  165  174  182  188  191
  191  189  185  180  176  172  170  169  169  170  172  174  175  175  175  175
  174  172  170  168  167  166  167  163  151                                   
    62.5-180.0 180.0   5.0 450.0                            LAT/LON1/LON2/DLON/H
  152  160  154  151  148  143  139  133  127  122  117  115  113  112  110  109
  107  105  102   99   96   92   88   83   78   74   71   71   73   78   85   93
  102  109  115  120  124  128  132  137  144  152  162  172  181  188  193  194
  193  189  184  178  173  169  166  165  166  167  169  171  172  172  172  172
  170  169  167  166  165  165  167  165  152                                   
    60.0-180.0 180.0   5.0 450.0                            LAT/LON1/LON2/DLON/H
  152  161  155  153  150  146  142  135  129  123  117  114  111  109  107  104
  101   97   94   91   88   86   83   80   77   74   72   71   74   78   85   93
  101  108  114  119  124  128  133  140  148  157  167  178  187  193  197  198
  196  192  186  180  175  171  168  167  167  168  169  170  171  170  169  169
  167  166  164  163  163  165  167  165  152                                   
    57.5-180.0 180.0   5.0 450.0                            LAT/LON1/LON2/DLON/H
  156  164  159  157  155  151  147  139  132  124  117  113  109  106  103   99
   95   91   87   83   82   81   80   79   77   76   74   74   76   80   86   92
  100  106  112  118  123  129  136  143  152  163  173  184  193  200  204  205
  203  199  195  190  185  182  179  178  177  176  176  175  174  172  170  169
  167  166  164  164  165  166  169  167  156                                   
    55.0-180.0 180.0   5.0 450.0                            LAT/LON1/LON2/DLON/H
  162  170  166  164  162  159  153  144  136  126  117  111  106  102   99   95
   90   85   80   77   76   76   77   78   78   78   77   78   79   82   86   92
   98  104  110  116  123  130  138  147  158  169  180  191  201  209  214  215
  215  212  209  205  202  199  196  194  191  189  186  183  180  177  174  172
  170  169  168  168  169  171  174  171  162                                   
    52.5-180.0 180.0   5.0 450.0                            LAT/LON1/LON2/DLON/H
  172  178  175  174  173  169  163  152  141  129  118  110  104   99   95   91
   86   81   76   73   72   73   76   78   80   81   81   81   82   84   87   92
   96  102  108  115  124  133  143  153  164  176  189  200  211  220  226  229
  230  229  227  224  222  219  216  213  208  203  198  192  187  183  179  178
  176  175  175  175  176  178  181  178  172                                   
    50.0-180.0 180.0   5.0 450.0                            LAT/LON1/LON2/DLON/H
  182  188  186  185  185  181  175  163  150  135  122  111  103   97   93   89
   85   80   76   73   72   74   77   80   83   85   85   85   86   87   89   92
   96  101  108  117  127  138  149  161  173  186  199  212  223  233  241  245
  247  247  246  244  242  239  235  230  224  217  209  202  195  190  186  185
  184  185  184  185  186  188  190  187  182                                   
    47.5-180.0 180.0   5.0 450.0                            LAT/LON1/LON2/DLON/H
  192  197  196  195  195  192  186  173  159  143  127  115  105   98   93   89
   86   83   79   77   76   78   81   85   88   89   90   90   89   90   91   93
   96  102  110  120  131  144  157  170  183  197  211  224  237  249  257  263
  265  265  264  262  259  255  250  243  236  227  218  210  203  197  194  193
  193  195  195  196  196  198  200  197  192                                   
    45.0-180.0 180.0   5.0 450.0                            LAT/LON1/LON2/DLON/H
  197  201  201  201  201  198  194  182  168  151  135  121  109  101   95   92
   89   87   85   84   84   85   88   91   94   95   95   94   93   93   93   94
   98  104  112  124  137  151  165  180  194  208  223  238  252  265  274  279
  282  281  279  276  271  266  259  252  243  235  226  217  210  205  202  202
  203  206  206  206  206  207  208  206  197                                   
    42.5-180.0 180.0   5.0 450.0                            LAT/LON1/LON2/DLON/H
  198  201  199  200  201  199  196  187  175  159  143  129  116  105   99   95
   94   94   93   93   93   94   97  100  102  102  102  100   98   96   95   96
  100  106  115  128  142  158  174  189  205  220  236  252  267  280  289  295
  296  294  291  286  280  273  265  257  250  242  234  226  219  214  211  212
  214  216  217  216  215  215  215  213  198                                   
    40.0-180.0 180.0   5.0 450.0                            LAT/LON1/LON2/DLON/H
  196  196  193  192  193  192  192  186  177  164  150  136  123  111  103   99
   99  100  101  102  103  104  107  109  111  111  109  106  102   99   98   98
  102  108  119  132  147  164  181  198  214  231  248  265  281  294  303  307
  308  305  300  294  287  280  272  265  259  253  246  240  233  227  224  224
  225  228  228  226  224  223  222  218  196                                   
    37.5-180.0 180.0   5.0 450.0                            LAT/LON1/LON2/DLON/H
  194  191  184  181  182  182  183  180  174  165  154  142  129  117  108  103
  102  104  107  109  111  114  116  119  120  119  117  112  107  103  101  101
  104  111  122  135  151  168  186  204  223  241  259  276  292  305  313  317
  318  315  310  305  299  292  284  278  274  270  265  260  252  245  241  240
  240  241  240  238  234  232  231  225  194                                   
    35.0-180.0 180.0   5.0 450.0                            LAT/LON1/LON2/DLON/H
  198  190  181  173  173  171  173  172  169  163  155  146  134  121  111  106
  105  107  111  114  118  122  125  128  130  129  125  120  113  108  104  104
  107  114  125  138  154  172  190  209  229  248  266  284  299  311  320  324
  325  324  323  320  316  311  305  301  298  296  293  287  279  270  263  259
  258  258  257  253  249  245  244  236  198                                   
    32.5-180.0 180.0   5.0 450.0                            LAT/LON1/LON2/DLON/H
  211  200  187  176  173  168  169  166  165  160  155  148  137  125  114  107
  106  108  112  117  122  128  133  137  139  138  134  127  120  113  108  107
  110  117  127  140  156  173  192  212  232  252  270  287  302  314  322  328
  332  335  337  340  340  338  335  332  330  329  327  321  311  300  290  284
  280  280  278  273  269  265  263  254  211                                   
    30.0-180.0 180.0   5.0 450.0                            LAT/LON1/LON2/DLON/H
  237  224  209  193  186  178  174  169  165  160  155  149  139  127  116  109
  106  108  113  119  126  133  140  146  149  147  142  135  126  118  113  111
  113  119  129  141  156  173  192  212  232  252  270  287  300  312  322  330
  337  345  354  363  369  371  371  369  368  367  364  357  346  332  320  312
  307  305  303  299  295  291  289  279  237                                   
    27.5-180.0 180.0   5.0 450.0                            LAT/LON1/LON2/DLON/H
  276  262  245  228  216  203  193  182  173  164  157  150  141  130  119  111
  107  109  113  120  129  138  147  154  157  156  150  141  131  123  117  114
  116  121  130  141  154  171  190  210  230  250  267  282  296  308  319  330
  341  355  371  386  398  405  408  407  405  403  399  391  379  364  350  341
  335  334  333  328  325  322  319  310  276                                   
    25.0-180.0 180.0   5.0 450.0                            LAT/LON1/LON2/DLON/H
  322  311  295  276  261  242  226  207  191  176  164  155  145  133  123  114
  110  111  115  123  133  144  154  161  164  162  155  146  135  126  120  117
  118  121  128  138  151  168  186  206  226  245  262  277  290  303  316  330
  345  364  385  406  423  433  438  438  436  432  427  418  406  391  378  369
  364  363  363  359  356  355  350  343  322                                   
    22.5-180.0 180.0   5.0 450.0                            LAT/LON1/LON2/DLON/H
  368  365  351  333  314  291  268  241  216  193  176  163  151  139  128  120
  116  116  120  128  138  150  160  167  169  165  157  147  136  127  121  117
  117  119  124  133  146  163  182  201  221  240  257  272  287  301  315  331
  349  370  394  417  437  449  455  456  454  450  444  436  425  412  401  394
  390  390  391  388  384  383  378  373  368                                   
    20.0-180.0 180.0   5.0 450.0                            LAT/LON1/LON2/DLON/H
  406  411  401  385  365  340  311  277  245  215  191  173  159  147  136  128
  124  123  127  134  144  156  165  171  170  165  155  144  134  125  118  114
  112  113  117  125  139  157  177  197  217  236  254  271  286  302  318  334
  353  374  397  419  438  451  458  460  458  455  451  444  436  427  419  414
  412  413  415  411  405  404  398  394  406                                   
    17.5-180.0 180.0   5.0 450.0                            LAT/LON1/LON2/DLON/H
  427  439  433  422  402  377  346  308  271  236  207  186  170  157  146  138
  134  133  135  142  151  160  168  171  168  159  149  137  127  119  113  108
  105  104  108  117  132  151  172  193  213  234  254  273  290  307  324  340
  357  376  395  414  430  442  449  453  455  454  451  447  442  437  433  430
  429  430  431  426  418  415  408  404  427                                   
    15.0-180.0 180.0   5.0 450.0                            LAT/LON1/LON2/DLON/H
  429  443  441  432  416  392  362  326  288  251  221  198  180  167  157  149
  145  143  144  149  156  163  167  166  160  149  137  126  117  110  104   99
   96   94   97  107  124  145  168  190  212  234  256  277  297  316  332  348
  363  378  392  405  418  428  437  444  449  450  450  448  446  444  442  441
  441  441  441  434  423  416  409  404  429                                   
    12.5-180.0 180.0   5.0 450.0                            LAT/LON1/LON2/DLON/H
  416  427  425  417  404  384  357  325  291  257  228  206  189  176  166  159
  155  152  152  154  158  161  161  157  147  135  123  113  105   99   94   90
   86   84   87   98  117  140  165  188  211  235  259  283  305  325  342  357
  370  381  391  400  409  418  429  439  447  451  452  451  451  450  450  449
  447  446  444  435  422  411  404  397  416                                   
    10.0-180.0 180.0   5.0 450.0                            LAT/LON1/LON2/DLON/H
  396  401  396  386  376  357  335  308  281  253  229  210  194  183  174  167
  163  159  157  157  156  155  151  143  131  119  108  100   94   89   85   80
   76   75   79   91  112  137  163  187  211  235  261  287  311  331  349  365
  378  388  395  402  409  418  431  444  454  460  460  459  458  457  456  453
  449  447  443  433  418  403  396  387  396                                   
     7.5-180.0 180.0   5.0 450.0                            LAT/LON1/LON2/DLON/H
  377  376  366  352  342  324  304  283  262  241  223  208  196  186  178  172
  167  163  159  155  151  145  137  126  114  102   94   88   83   80   76   72
