data/edconvlstm_nd/pred1990.15i
     1.0            IONOSPHERE MAPS     GNSS                IONEX VERSION / TYPE
pyspatialgeodesy        IME             05-JAN-18 20:20     PGM / RUN BY / DATE 
Map Name                                                    COMMENT             
Predicted global ionosphere maps (GIM).                     DESCRIPTION         
  2015     7    18     0     0     0                        EPOCH OF FIRST MAP  
  2015     7    19     0     0     0                        EPOCH OF LAST MAP   
  7200                                                      INTERVAL            
    13                                                      # OF MAPS IN FILE   
  NONE                                                      MAPPING FUNCTION    
10.0                                                        ELEVATION CUTOFF    
One-way carrier phase leveled to code                       OBSERVABLES USED    
  6371.0                                                    BASE RADIUS         
 2                                                          MAP DIMENSION       
   450.0 450.0   0.0                                        HGT1 / HGT2 / DHGT  
    87.5 -87.5  -2.5                                        LAT1 / LAT2 / DLAT  
  -180.0 180.0   5.0                                        LON1 / LON2 / DLON  
    -1                                                      EXPONENT            
                                                            END OF HEADER       
[from data line 2145]
     6                                                      START OF TEC MAP    
  2015     7    18    10     0     0                        EPOCH OF CURRENT MAP
    87.5-180.0 180.0   5.0 450.0                            LAT/LON1/LON2/DLON/H
  133  132  129  134  136  136  134  132  133  135  135  135  135  135  135  135
  135  135  135  134  134  134  133  133  132  132  132  131  131  131  130  130
  130  130  130  130  130  130  130  130  130  131  131  131  131  131  132  132
  132  132  132  131  131  131  130  130  130  129  129  128  128  128  127  127
  127  129  127  126  131  128  135  134  133                                   
    85.0-180.0 180.0   5.0 450.0                            LAT/LON1/LON2/DLON/H
  127  131  138  135  136  139  139  139  141  142  141  142  142  142  142  142
  142  141  141  141  140  140  140  139  139  138  138  138  138  138  138  138
  138  138  138  138  138  138  138  139  139  139  139  139  139  140  140  140
  140  140  140  140  139  139  138  138  137  137  136  135  135  134  134  134
  135  136  131  130  127  127  132  135  127                                   
    82.5-180.0 180.0   5.0 450.0                            LAT/LON1/LON2/DLON/H
  121  131  133  129  130  133  134  135  136  137  137  138  138  138  138  138
  138  137  137  136  136  135  135  134  134  134  134  134  134  134  135  135
  136  136  137  137  138  138  139  139  139  140  140  141  141  142  142  143
  143  143  143  143  142  142  141  140  139  138  137  136  135  134  133  132
  132  132  127  127  125  128  125  120  121                                   
    80.0-180.0 180.0   5.0 450.0                            LAT/LON1/LON2/DLON/H
  120  125  126  126  126  127  128  130  132  134  134  135  135  135  135  135
  134  134  133  132  131  130  129  128  127  127  127  127  128  128  129  131
  132  133  134  135  136  137  137  138  139  139  140  141  142  144  145  146
  146  147  147  147  147  146  145  144  143  141  140  138  136  135  133  132
  131  130  126  126  123  125  129  120  120                                   
    77.5-180.0 180.0   5.0 450.0                            LAT/LON1/LON2/DLON/H
  123  123  123  124  122  124  124  126  128  129  129  131  131  131  132  131
  131  130  129  128  126  125  124  123  122  121  121  122  123  124  126  128
  131  133  135  137  139  140  141  142  143  145  146  148  150  152  154  156
  158  159  159  160  159  158  157  156  154  152  150  148  145  143  141  139
  137  135  129  129  128  125  125  123  123                                   
    75.0-180.0 180.0   5.0 450.0                            LAT/LON1/LON2/DLON/H
  120  120  115  117  116  117  117  118  121  122  122  124  124  125  125  125
  125  124  123  121  120  118  116  114  113  112  112  113  115  117  120  124
  127  131  134  137  139  141  143  145  146  148  151  153  156  158  161  163
  165  167  168  168  168  167  165  163  161  159  157  155  153  151  148  146
  143  140  135  131  129  127  128  120  120                                   
    72.5-180.0 180.0   5.0 450.0                            LAT/LON1/LON2/DLON/H
  118  117  111  112  110  110  111  111  112  114  114  116  117  118  119  119
  119  119  118  116  115  112  110  108  106  105  105  106  108  111  116  120
  125  130  135  139  142  145  148  150  153  155  158  161  165  168  171  174
  176  177  177  177  176  175  173  171  169  167  165  163  162  160  158  156
  153  150  145  140  135  132  130  126  118                                   
    70.0-180.0 180.0   5.0 450.0                            LAT/LON1/LON2/DLON/H
  120  114  108  107  102  100   99   99  101  102  103  105  107  108  110  110
  111  111  110  109  107  105  103  100   98   97   97   98  100  104  109  115
  121  128  133  139  143  147  150  154  157  160  164  168  171  174  177  179
  180  180  180  179  177  175  173  170  168  167  166  165  164  163  162  162
  160  157  152  147  141  138  137  133  120                                   
    67.5-180.0 180.0   5.0 450.0                            LAT/LON1/LON2/DLON/H
  120  114  107  104   98   94   92   90   91   92   93   96   98  101  102  104
  104  105  105  104  103  101   99   96   94   93   93   94   96  100  106  112
  119  126  132  139  144  149  153  157  162  166  170  174  177  179  181  182
  182  180  179  176  174  171  168  166  164  163  163  164  164  165  165  166
  165  163  159  154  147  144  142  138  120                                   
    65.0-180.0 180.0   5.0 450.0                            LAT/LON1/LON2/DLON/H
  124  118  109  104   95   89   84   82   82   83   85   88   91   93   95   97
   98   98   99   99   98   97   96   94   93   92   92   93   96  100  105  112
  119  127  134  141  147  153  158  164  169  174  178  182  185  186  186  185
  183  180  177  174  170  167  164  161  160  159  160  162  164  166  168  169
  170  169  166  162  157  154  152  147  124                                   
    62.5-180.0 180.0   5.0 450.0                            LAT/LON1/LON2/DLON/H
  129  124  113  106   95   86   80   76   75   75   77   80   83   86   88   89
   90   91   92   93   93   93   93   93   93   93   94   95   98  103  108  114
  121  128  136  143  150  157  163  170  176  182  187  191  193  193  191  188
  184  179  175  171  167  163  160  157  156  156  157  160  162  165  168  171
  173  173  172  168  164  162  160  156  129                                   
    60.0-180.0 180.0   5.0 450.0                            LAT/LON1/LON2/DLON/H
  138  131  120  111   97   86   77   71   69   68   70   73   76   79   80   81
   82   82   83   85   86   87   89   91   92   94   96   99  103  107  112  118
  124  131  138  146  153  161  169  176  183  190  196  199  201  199  196  191
  186  180  175  171  167  163  160  157  156  156  157  159  162  165  168  171
  174  175  175  173  171  169  168  163  138                                   
    57.5-180.0 180.0   5.0 450.0                            LAT/LON1/LON2/DLON/H
  147  141  129  118  103   89   78   70   66   64   65   68   70   72   73   74
   74   74   75   76   79   81   85   88   92   96  101  105  109  114  118  123
  129  135  143  150  159  167  175  184  192  200  206  209  210  208  204  198
  192  186  181  177  173  169  166  163  162  161  161  163  165  167  170  173
  176  178  178  178  176  176  175  169  147                                   
    55.0-180.0 180.0   5.0 450.0                            LAT/LON1/LON2/DLON/H
  158  151  139  127  111   96   83   72   66   63   62   64   65   66   67   66
   66   66   66   68   71   75   80   86   92   98  104  110  115  120  125  129
  134  140  148  156  165  174  183  192  201  209  216  220  220  218  213  207
  201  196  191  188  184  181  177  174  171  170  169  170  171  172  174  176
  179  181  181  181  181  182  181  174  158                                   
    52.5-180.0 180.0   5.0 450.0                            LAT/LON1/LON2/DLON/H
  167  160  149  137  121  105   91   79   70   65   62   62   63   62   62   61
   60   59   60   62   66   71   77   84   91   99  107  114  120  126  130  134
  139  146  153  162  172  182  191  201  211  219  226  230  231  229  225  219
  214  209  205  202  199  195  191  187  183  181  179  178  178  179  180  182
  184  185  186  186  185  186  184  177  167                                   
    50.0-180.0 180.0   5.0 450.0                            LAT/LON1/LON2/DLON/H
  173  165  156  145  131  116  101   88   78   71   66   64   63   62   60   59
   57   57   57   59   63   69   76   84   92  101  109  117  124  129  134  138
  144  151  159  169  180  190  201  211  221  229  236  241  243  242  239  234
  229  225  222  219  215  210  204  199  195  191  189  188  187  187  188  190
  191  192  192  191  189  189  187  179  173                                   
    47.5-180.0 180.0   5.0 450.0                            LAT/LON1/LON2/DLON/H
  175  168  160  151  139  126  112   99   88   79   73   70   67   64   62   60
   58   58   58   61   65   71   78   86   95  103  111  119  126  131  136  141
  147  155  165  176  188  200  212  222  232  240  248  253  256  256  254  251
  247  243  239  234  229  222  215  209  204  200  198  196  196  197  198  200
  201  202  200  196  192  190  187  180  175                                   
    45.0-180.0 180.0   5.0 450.0                            LAT/LON1/LON2/DLON/H
  172  165  159  153  143  132  121  109   99   90   83   78   74   70   67   65
   63   62   63   66   70   76   84   91   99  107  114  121  127  132  137  143
  150  160  171  184  197  211  223  234  244  253  260  267  271  272  272  270
  266  261  256  249  241  233  224  216  210  207  205  205  205  207  209  212
  213  212  208  203  195  191  186  179  172                                   
    42.5-180.0 180.0   5.0 450.0                            LAT/LON1/LON2/DLON/H
  165  159  153  149  142  134  126  116  108  100   94   88   83   78   75   72
   70   70   70   73   77   84   91   99  106  113  118  124  129  133  138  145
  153  164  177  191  207  222  235  247  258  267  275  282  287  291  292  290
  287  281  274  265  255  244  233  225  218  215  213  214  216  218  221  225
  226  224  218  209  198  190  183  176  165                                   
    40.0-180.0 180.0   5.0 450.0                            LAT/LON1/LON2/DLON/H
  156  150  143  140  135  130  125  119  114  108  103   99   93   88   84   81
   79   78   79   81   86   92  100  107  114  120  124  128  132  136  141  148
  157  169  183  199  216  233  248  261  273  282  291  299  306  311  314  313
  310  304  295  285  273  260  248  238  231  228  226  227  229  232  235  239
  239  235  227  214  200  189  181  173  156                                   
    37.5-180.0 180.0   5.0 450.0                            LAT/LON1/LON2/DLON/H
  148  141  133  128  125  121  120  117  116  113  111  108  103   98   93   89
   87   86   86   88   93  100  108  116  122  128  131  135  137  141  145  152
  162  175  190  207  225  244  261  276  288  298  308  317  326  333  338  339
  337  331  323  312  299  285  273  262  254  249  247  246  247  249  252  254
  252  247  235  220  203  188  179  169  148                                   
    35.0-180.0 180.0   5.0 450.0                            LAT/LON1/LON2/DLON/H
  144  134  124  117  114  111  112  112  114  115  116  115  111  106  101   97
   94   92   92   94   99  106  114  123  130  136  140  142  145  148  152  159
  169  182  198  215  235  254  273  289  303  314  325  335  346  355  363  367
  367  364  357  348  336  323  310  299  289  281  276  273  272  271  271  270
  266  258  244  226  207  189  179  168  144                                   
    32.5-180.0 180.0   5.0 450.0                            LAT/LON1/LON2/DLON/H
  146  133  119  110  105  102  104  105  110  114  117  118  116  112  107  102
   99   97   97   98  103  110  119  129  137  143  148  151  153  156  160  166
  176  190  206  224  244  265  284  302  317  329  340  352  364  377  387  395
  399  400  398  393  384  373  360  347  334  323  314  307  301  296  292  288
  280  269  253  233  213  193  183  171  146                                   
    30.0-180.0 180.0   5.0 450.0                            LAT/LON1/LON2/DLON/H
  155  137  121  109  102   98   99  100  106  111  117  120  119  115  111  107
  104  102  101  102  106  114  123  133  142  150  155  159  162  164  168  175
  185  198  214  233  253  274  295  313  328  341  353  366  381  395  409  421
  431  438  442  442  437  428  416  401  386  370  356  344  333  323  314  306
  295  281  263  242  222  201  191  179  155                                   
    27.5-180.0 180.0   5.0 450.0                            LAT/LON1/LON2/DLON/H
  169  148  130  116  106   99   99   99  104  110  116  120  120  117  113  110
  107  106  105  107  110  117  126  136  146  154  161  166  169  172  176  183
  193  207  223  242  262  283  304  322  337  351  364  378  393  410  427  444
  459  472  482  488  489  483  471  455  436  416  397  380  364  350  336  323
  309  294  275  253  233  213  203  191  169                                   
    25.0-180.0 180.0   5.0 450.0                            LAT/LON1/LON2/DLON/H
  186  164  146  130  117  108  105  103  106  110  116  120  121  119  116  113
  111  110  111  112  116  122  130  139  148  157  165  170  174  178  183  190
  201  215  231  250  271  292  312  329  344  358  371  385  402  420  440  460
  480  498  513  524  528  524  513  496  474  451  429  409  390  372  355  339
  323  306  287  266  247  227  217  207  186                                   
    22.5-180.0 180.0   5.0 450.0                            LAT/LON1/LON2/DLON/H
  204  183  167  150  135  123  118  113  112  115  118  121  122  121  118  117
  116  116  117  119  122  126  133  141  149  158  166  172  177  182  188  197
  208  222  239  259  280  300  319  335  350  363  376  391  407  426  447  468
  490  511  528  541  547  545  534  516  494  470  447  427  407  388  370  352
  335  318  300  279  260  242  232  223  204                                   
    20.0-180.0 180.0   5.0 450.0                            LAT/LON1/LON2/DLON/H
  218  201  188  172  155  141  134  126  123  122  123  124  125  124  122  121
  121  122  124  125  128  131  136  142  149  157  164  171  178  184  192  202
  214  229  248  268  289  309  326  342  355  368  381  395  410  428  447  468
  489  509  526  538  543  540  530  513  493  471  451  433  416  398  379  361
  344  328  311  291  271  254  244  236  218                                   
    17.5-180.0 180.0   5.0 450.0                            LAT/LON1/LON2/DLON/H
  226  214  205  190  174  159  150  140  134  130  129  129  129  128  126  126
  126  128  130  131  133  135  137  141  147  153  161  168  176  185  195  207
  221  237  256  277  299  318  334  348  361  373  385  398  411  426  443  461
  479  496  509  518  520  517  508  493  476  459  444  430  416  401  384  366
  350  335  318  299  279  262  251  244  226                                   
    15.0-180.0 180.0   5.0 450.0                            LAT/LON1/LON2/DLON/H
  227  219  213  201  186  171  161  152  144  138  135  134  133  132  131  131
  131  133  134  135  136  136  136  138  142  148  156  164  174  186  199  214
  229  246  266  287  308  326  341  354  366  379  390  401  412  424  437  450
  464  475  484  488  488  484  476  465  453  441  431  423  412  399  384  368
  352  337  322  303  282  264  253  245  227                                   
    12.5-180.0 180.0   5.0 450.0                            LAT/LON1/LON2/DLON/H
  222  217  213  202  189  175  166  157  150  144  140  138  137  136  136  135
  135  136  137  136  135  133  132  133  136  142  150  161  174  189  205  222
  239  257  276  296  315  332  346  358  371  384  395  404  413  421  429  439
  447  454  458  460  458  454  448  440  432  425  420  415  407  396  381  366
  350  336  320  302  281  260  250  240  222                                   
    10.0-180.0 180.0   5.0 450.0                            LAT/LON1/LON2/DLON/H
  215  210  207  196  186  171  164  157  151  145  141  140  139  139  138  138
  137  137  136  134  131  127  124  124  128  135  146  159  175  193  213  232
  250  267  284  302  320  335  348  360  374  387  398  406  413  418  424  429
  435  439  441  441  439  435  431  426  421  417  413  409  402  391  376  360
  344  330  314  296  275  253  243  231  215                                   
     7.5-180.0 180.0   5.0 450.0                            LAT/LON1/LON2/DLON/H
  208  203  198  187  177  164  157  151  147  143  140  138  138  139  138  137
  136  135  133  129  124  118  114  114  119  129  142  159  178  200  221  242
