data/edconvlstm_nd/pred3480.15i
     1.0            IONOSPHERE MAPS     GNSS                IONEX VERSION / TYPE
pyspatialgeodesy        IME             05-JAN-18 20:20     PGM / RUN BY / DATE 
Map Name                                                    COMMENT             
Predicted global ionosphere maps (GIM).                     DESCRIPTION         
  2015    12    14     0     0     0                        EPOCH OF FIRST MAP  
  2015    12    15     0     0     0                        EPOCH OF LAST MAP   
  7200                                                      INTERVAL            
    13                                                      # OF MAPS IN FILE   
  NONE                                                      MAPPING FUNCTION    
10.0                                                        ELEVATION CUTOFF    
One-way carrier phase leveled to code                       OBSERVABLES USED    
  6371.0                                                    BASE RADIUS         
 2                                                          MAP DIMENSION       
   450.0 450.0   0.0                                        HGT1 / HGT2 / DHGT  
    87.5 -87.5  -2.5                                        LAT1 / LAT2 / DLAT  
  -180.0 180.0   5.0                                        LON1 / LON2 / DLON  
    -1                                                      EXPONENT            
                                                            END OF HEADER       
[from data line 2574]
     7                                                      START OF TEC MAP    
  2015    12    14    12     0     0                        EPOCH OF CURRENT MAP
    87.5-180.0 180.0   5.0 450.0                            LAT/LON1/LON2/DLON/H
   30   40   41   43   45   44   44   39   40   42   41   42   41   41   41   40
   40   39   39   38   38   37   37   36   36   35   35   35   34   34   34   34
   34   33   33   33   32   32   32   31   31   31   31   31   31   31   31   32
   32   32   33   33   34   35   35   36   36   37   37   37   37   37   37   38
   39   39   36   35   40   44   58   61   30                                   
    85.0-180.0 180.0   5.0 450.0                            LAT/LON1/LON2/DLON/H
   28   48   59   45   47   49   48   48   48   50   49   49   49   49   49   49
   48   48   48   47   47   47   47   46   46   46   46   46   46   45   45   45
   45   45   44   44   44   43   43   42   42   41   41   41   40   40   40   41
   41   42   42   43   44   44   45   46   47   47   48   48   48   48   49   49
   49   49   45   43   48   50   61   55   28                                   
    82.5-180.0 180.0   5.0 450.0                            LAT/LON1/LON2/DLON/H
   21   35   48   40   42   42   43   43   43   44   43   44   44   43   43   43
   42   42   42   41   41   41   40   40   40   40   41   41   41   41   41   41
   41   41   41   41   40   40   39   38   38   37   36   35   35   35   34   34
   35   35   36   37   38   39   40   40   41   42   43   43   44   44   44   44
   44   44   41   39   47   51   52   48   21                                   
    80.0-180.0 180.0   5.0 450.0                            LAT/LON1/LON2/DLON/H
   20   29   44   37   40   38   39   38   40   40   40   41   40   40   40   39
   38   38   37   37   36   36   36   36   37   37   38   38   39   40   41   41
   42   42   42   42   42   41   40   39   37   36   35   33   32   31   31   31
   31   32   33   34   35   37   38   39   41   42   42   43   43   43   43   43
   43   43   41   39   42   47   47   48   20                                   
    77.5-180.0 180.0   5.0 450.0                            LAT/LON1/LON2/DLON/H
   32   34   36   31   32   31   33   33   34   35   34   35   35   35   35   34
   34   33   33   32   32   32   32   32   33   34   35   36   37   38   40   41
   42   43   44   44   43   42   41   39   37   34   32   30   28   27   26   26
   26   27   28   30   32   34   36   37   39   40   41   41   41   41   40   39
   38   37   35   34   33   34   38   41   32                                   
    75.0-180.0 180.0   5.0 450.0                            LAT/LON1/LON2/DLON/H
   21   28   29   27   29   29   29   29   31   32   32   33   33   33   33   33
   32   32   31   31   31   31   31   32   33   34   35   37   38   40   42   44
   46   48   49   50   50   49   47   45   42   39   36   33   31   29   28   27
   27   28   29   31   32   34   36   38   40   41   42   42   42   41   40   39
   37   36   34   32   33   30   32   29   21                                   
    72.5-180.0 180.0   5.0 450.0                            LAT/LON1/LON2/DLON/H
   25   30   29   26   28   28   29   28   29   29   29   30   30   30   30   30
   29   29   28   28   28   28   29   30   31   33   35   37   39   41   44   46
   49   52   54   55   56   56   54   52   49   46   43   39   36   34   32   31
   30   30   31   31   33   34   36   37   39   40   40   41   40   40   38   37
   36   34   33   32   32   30   32   32   25                                   
    70.0-180.0 180.0   5.0 450.0                            LAT/LON1/LON2/DLON/H
   25   30   33   30   31   30   29   29   30   31   30   31   31   31   31   31
   31   30   30   30   30   31   32   33   35   37   39   41   44   46   49   53
   56   59   62   64   66   66   66   64   61   58   55   52   49   46   43   41
   39   37   36   36   35   36   36   37   38   39   40   40   40   40   39   38
   37   36   36   34   35   34   38   37   25                                   
    67.5-180.0 180.0   5.0 450.0                            LAT/LON1/LON2/DLON/H
   28   34   35   32   33   32   32   32   33   33   33   34   34   34   33   33
   32   31   31   31   31   33   34   37   39   41   44   46   49   52   55   58
   62   66   70   73   75   76   77   76   74   71   69   66   63   59   56   53
   49   45   42   39   37   35   34   34   35   35   36   37   38   38   38   38
   38   37   37   35   36   36   38   37   28                                   
    65.0-180.0 180.0   5.0 450.0                            LAT/LON1/LON2/DLON/H
   29   36   36   35   35   34   34   34   35   35   35   36   36   36   35   34
   34   33   32   33   34   35   38   41   44   47   50   53   56   59   62   66
   70   75   79   83   85   87   88   88   87   85   83   81   78   74   70   65
   59   53   46   41   36   33   31   30   30   30   31   33   34   35   36   37
   37   37   39   37   40   40   42   41   29                                   
    62.5-180.0 180.0   5.0 450.0                            LAT/LON1/LON2/DLON/H
   30   36   36   36   36   36   36   36   36   37   37   37   37   37   36   35
   34   33   32   33   34   36   39   43   47   51   55   59   62   66   70   74
   79   84   88   92   95   97   98   98   98   97   96   94   91   87   82   75
   67   58   49   41   35   30   26   25   25   25   26   28   29   31   33   34
   35   36   38   37   40   40   43   42   30                                   
    60.0-180.0 180.0   5.0 450.0                            LAT/LON1/LON2/DLON/H
   29   35   35   35   35   34   34   34   34   35   35   36   36   35   34   33
   31   30   29   30   31   34   38   42   47   52   57   62   67   72   77   83
   88   93   97  101  103  105  105  105  105  105  105  103  101   96   89   81
   71   61   50   41   33   27   23   21   20   21   21   23   25   26   28   30
   31   32   35   35   38   38   41   39   29                                   
    57.5-180.0 180.0   5.0 450.0                            LAT/LON1/LON2/DLON/H
   28   33   33   34   34   34   34   34   34   34   34   35   34   34   33   31
   29   28   27   27   29   32   36   41   46   53   60   67   74   81   88   94
  100  106  110  112  114  114  114  113  114  114  114  113  111  106   98   89
   78   66   55   46   37   31   27   24   23   22   23   23   24   26   27   29
   30   31   33   34   37   37   39   38   28                                   
    55.0-180.0 180.0   5.0 450.0                            LAT/LON1/LON2/DLON/H
   29   33   33   35   35   35   35   35   35   34   34   34   33   33   32   30
   28   26   25   25   27   30   34   40   46   54   63   72   81   91   99  108
  114  120  123  124  124  123  122  121  122  123  123  123  120  115  107   97
   86   75   64   55   48   42   37   34   31   30   29   28   28   28   29   30
   31   31   34   34   38   37   39   38   29                                   
    52.5-180.0 180.0   5.0 450.0                            LAT/LON1/LON2/DLON/H
   33   36   36   38   38   39   38   38   37   37   35   35   34   33   32   30
   28   27   26   26   27   30   34   40   47   56   67   78   90  101  112  121
  128  133  136  136  134  132  130  130  130  132  133  133  130  125  117  107
   97   86   77   69   63   58   54   50   46   43   41   38   37   35   35   35
   34   35   37   37   41   40   41   40   33                                   
    50.0-180.0 180.0   5.0 450.0                            LAT/LON1/LON2/DLON/H
   40   42   42   45   45   47   46   45   43   41   39   38   36   35   34   32
   31   30   29   29   30   33   37   43   51   61   73   86  100  112  124  133
  141  145  147  146  143  141  139  139  140  141  143  143  141  135  128  118
  109  100   93   87   82   77   73   68   64   59   55   51   48   45   43   43
   42   42   44   44   47   46   47   46   40                                   
    47.5-180.0 180.0   5.0 450.0                            LAT/LON1/LON2/DLON/H
   50   53   52   55   55   58   56   55   52   49   46   43   41   40   38   37
   36   36   35   36   37   39   43   49   58   69   82   96  110  122  133  142
  149  153  155  154  152  149  148  148  149  152  153  153  151  145  138  130
  121  114  108  103   98   94   89   84   78   72   67   62   58   55   53   52
   52   52   53   53   55   55   56   54   50                                   
    45.0-180.0 180.0   5.0 450.0                            LAT/LON1/LON2/DLON/H
   60   63   61   66   66   70   68   67   64   61   56   53   49   47   46   46
   45   45   45   46   47   49   53   59   68   80   93  107  119  130  140  147
  153  157  159  160  159  158  158  158  160  162  163  162  159  154  147  139
  132  125  119  114  109  104   98   92   86   79   73   69   65   63   61   61
   61   61   63   62   64   65   65   63   60                                   
    42.5-180.0 180.0   5.0 450.0                            LAT/LON1/LON2/DLON/H
   67   71   69   74   75   79   78   78   76   73   68   65   61   58   57   56
   56   57   57   58   60   62   66   72   82   94  106  119  129  136  143  148
  153  158  162  165  167  168  169  169  170  171  172  170  167  161  154  147
  139  132  125  119  113  106   99   92   85   78   73   69   66   65   65   67
   68   69   70   69   70   72   73   70   67                                   
    40.0-180.0 180.0   5.0 450.0                            LAT/LON1/LON2/DLON/H
   69   74   71   77   79   84   84   86   86   85   81   77   73   70   68   68
   69   69   71   72   74   77   81   88   97  109  120  130  137  141  144  148
  153  159  166  173  178  181  182  183  182  182  180  177  173  167  160  152
  144  136  128  119  110  101   93   85   78   72   68   65   63   63   65   68
   71   72   74   72   73   74   74   72   69                                   
    37.5-180.0 180.0   5.0 450.0                            LAT/LON1/LON2/DLON/H
   66   70   68   74   76   81   84   89   92   93   91   88   84   81   79   79
   80   81   83   85   88   91   96  103  113  124  134  142  145  146  147  150
  155  164  175  185  194  199  200  199  197  193  190  185  179  173  166  158
  149  140  130  119  108   97   87   78   72   67   63   61   60   60   63   67
   70   71   73   71   71   71   70   69   66                                   
    35.0-180.0 180.0   5.0 450.0                            LAT/LON1/LON2/DLON/H
   57   62   60   65   67   73   78   85   92   96   97   96   92   89   88   88
   89   90   93   96  100  104  110  118  128  138  148  154  155  154  154  157
  165  177  191  205  216  222  223  220  215  209  203  196  190  184  177  169
  160  149  138  125  112  100   89   81   75   70   67   63   61   60   62   65
   68   69   70   67   66   64   63   62   57                                   
    32.5-180.0 180.0   5.0 450.0                            LAT/LON1/LON2/DLON/H
   48   53   51   55   57   61   68   77   87   94   98   99   97   94   93   94
   95   97  100  104  109  116  123  131  141  151  160  166  167  167  167  172
  183  198  217  234  246  252  252  247  239  230  222  214  208  201  195  188
  180  170  158  145  132  119  108  100   94   89   84   78   73   68   67   68
   68   67   67   63   62   58   56   56   48                                   
    30.0-180.0 180.0   5.0 450.0                            LAT/LON1/LON2/DLON/H
   41   46   44   47   47   51   57   66   77   87   94   97   96   95   95   96
   98  100  104  109  116  124  133  142  152  162  172  178  182  183  187  195
  209  228  249  268  282  288  286  278  268  257  248  240  234  229  224  219
  212  204  194  183  171  159  148  140  133  127  119  109   98   88   81   77
   74   71   69   63   62   55   53   53   41                                   
    27.5-180.0 180.0   5.0 450.0                            LAT/LON1/LON2/DLON/H
   40   45   41   42   42   44   49   56   66   77   85   90   91   92   93   95
   98  101  106  113  121  131  141  151  161  172  182  191  198  204  212  225
  242  264  287  307  321  326  322  313  301  290  281  275  270  266  264  261
  257  252  246  238  229  218  208  198  190  181  169  154  136  119  106   96
   88   82   77   69   67   60   57   57   40                                   
    25.0-180.0 180.0   5.0 450.0                            LAT/LON1/LON2/DLON/H
   47   50   43   43   42   42   45   49   57   66   74   80   83   85   87   91
   95  100  106  114  125  136  148  158  169  180  192  205  217  229  242  259
  279  303  327  347  359  363  358  349  338  328  321  316  313  312  311  312
  312  311  310  306  300  291  280  268  256  243  227  206  182  159  139  123
  110  101   93   83   81   72   68   68   47                                   
    22.5-180.0 180.0   5.0 450.0                            LAT/LON1/LON2/DLON/H
   63   63   53   50   48   46   45   46   51   58   65   71   74   76   80   85
   90   96  104  114  127  141  154  166  177  189  203  220  237  255  273  294
  316  340  363  381  392  395  391  383  375  368  364  362  361  362  364  367
  371  375  379  380  376  366  352  336  319  301  280  255  227  199  174  155
  138  125  115  104  101   91   86   84   63                                   
    20.0-180.0 180.0   5.0 450.0                            LAT/LON1/LON2/DLON/H
   83   81   69   64   59   55   51   48   49   54   59   64   67   69   73   79
   85   92  101  113  129  146  161  174  185  199  215  236  258  281  304  326
  348  370  391  407  417  420  417  412  408  406  406  407  409  411  415  420
  427  434  440  443  439  427  408  386  364  342  317  290  261  232  206  184
  166  152  138  128  125  114  108  104   83                                   
    17.5-180.0 180.0   5.0 450.0                            LAT/LON1/LON2/DLON/H
  105  102   87   81   74   67   61   54   53   55   58   61   63   65   69   75
   82   90  100  114  132  152  169  184  197  212  231  254  280  306  330  352
  372  391  408  422  431  435  436  435  436  439  443  447  451  454  457  462
  469  476  482  483  476  459  435  408  381  355  330  304  277  251  227  207
  189  176  160  151  146  135  128  124  105                                   
    15.0-180.0 180.0   5.0 450.0                            LAT/LON1/LON2/DLON/H
  122  119  104   98   90   80   73   64   59   59   61   64   65   66   69   74
   81   90  102  118  139  160  180  197  212  228  249  275  302  329  352  371
  388  403  417  428  438  444  449  453  459  466  474  480  483  484  486  489
  493  497  499  495  484  462  434  402  372  345  321  298  276  255  237  221
  205  193  177  168  162  151  143  138  122                                   
    12.5-180.0 180.0   5.0 450.0                            LAT/LON1/LON2/DLON/H
  132  128  116  109  102   92   85   75   68   66   67   69   70   70   73   77
   85   94  108  126  148  172  195  214  231  249  271  296  323  347  367  384
  397  408  419  430  440  450  458  467  477  488  497  502  504  503  501  500
  499  498  495  487  470  445  413  379  347  320  297  279  262  248  236  225
  214  203  188  177  169  157  150  145  132                                   
    10.0-180.0 180.0   5.0 450.0                            LAT/LON1/LON2/DLON/H
  133  130  120  115  109  101   95   85   78   74   74   76   76   77   79   83
   91  102  117  138  162  188  213  234  253  273  295  318  341  362  378  391
  401  411  421  432  444  456  469  481  494  505  513  517  516  511  506  500
  494  488  480  467  448  421  387  352  319  292  272  256  244  236  230  224
  216  207  193  180  170  157  150  144  133                                   
     7.5-180.0 180.0   5.0 450.0                            LAT/LON1/LON2/DLON/H
  130  126  119  114  112  105  102   94   87   83   83   83   83   83   85   89
   98  111  129  152  179  207  233  257  278  298  319  339  357  372  385  395
