data/edconvlstm_nd/pred1500.15i
     1.0            IONOSPHERE MAPS     GNSS                IONEX VERSION / TYPE
pyspatialgeodesy        IME             05-JAN-18 20:20     PGM / RUN BY / DATE 
Map Name                                                    COMMENT             
Predicted global ionosphere maps (GIM).                     DESCRIPTION         
  2015     5    30     0     0     0                        EPOCH OF FIRST MAP  
  2015     5    31     0     0     0                        EPOCH OF LAST MAP   
  7200                                                      INTERVAL            
    13                                                      # OF MAPS IN FILE   
  NONE                                                      MAPPING FUNCTION    
10.0                                                        ELEVATION CUTOFF    
One-way carrier phase leveled to code                       OBSERVABLES USED    
  6371.0                                                    BASE RADIUS         
 2                                                          MAP DIMENSION       
   450.0 450.0   0.0                                        HGT1 / HGT2 / DHGT  
    87.5 -87.5  -2.5                                        LAT1 / LAT2 / DLAT  
  -180.0 180.0   5.0                                        LON1 / LON2 / DLON  
    -1                                                      EXPONENT            
                                                            END OF HEADER       
[from data line 4719]
    12                                                      START OF TEC MAP    
  2015     5    30    22     0     0                        EPOCH OF CURRENT MAP
    87.5-180.0 180.0   5.0 450.0                            LAT/LON1/LON2/DLON/H
  182  167  151  158  158  157  157  156  155  156  156  156  155  155  155  154
  154  153  152  150  149  148  146  145  143  142  140  139  137  136  135  134
  133  132  131  130  130  129  129  129  129  129  129  130  130  131  132  133
  134  135  135  136  138  139  140  141  142  142  143  144  145  146  146  147
  147  148  148  150  162  161  166  171  182                                   
    85.0-180.0 180.0   5.0 450.0                            LAT/LON1/LON2/DLON/H
  176  173  175  168  164  167  168  169  169  170  169  170  169  169  169  168
  167  166  165  163  161  159  157  155  153  151  149  147  145  143  141  139
  138  136  135  134  134  133  132  132  132  132  133  134  134  135  136  138
  139  140  142  143  145  146  148  149  150  152  153  154  155  156  157  158
  160  160  161  160  164  158  159  163  176                                   
    82.5-180.0 180.0   5.0 450.0                            LAT/LON1/LON2/DLON/H
  159  161  162  159  158  162  165  166  165  167  167  169  169  169  169  168
  167  165  163  161  158  155  152  149  146  143  140  137  134  132  129  127
  125  123  122  121  120  119  118  118  118  118  119  120  121  123  124  126
  128  130  132  134  136  138  140  141  143  144  146  147  148  149  150  151
  152  152  152  157  159  165  158  157  159                                   
    80.0-180.0 180.0   5.0 450.0                            LAT/LON1/LON2/DLON/H
  151  156  160  156  155  156  161  166  167  170  172  174  175  176  176  175
  174  172  169  166  162  158  154  150  146  141  137  133  130  127  124  121
  119  117  115  114  113  112  111  111  111  111  112  113  115  117  119  122
  125  127  130  133  135  137  139  141  143  144  146  147  148  149  150  151
  152  152  152  154  154  150  149  154  151                                   
    77.5-180.0 180.0   5.0 450.0                            LAT/LON1/LON2/DLON/H
  152  146  154  151  153  156  161  166  169  173  175  179  181  183  183  183
  181  179  176  172  168  163  158  153  148  143  138  134  130  127  124  121
  119  118  116  115  114  113  112  111  111  111  112  114  115  118  121  124
  127  130  133  136  138  140  142  144  145  146  147  148  148  149  150  150
  150  150  150  151  154  147  151  161  152                                   
    75.0-180.0 180.0   5.0 450.0                            LAT/LON1/LON2/DLON/H
  149  145  148  145  146  152  156  161  166  173  176  181  184  186  187  187
  185  183  179  175  170  165  159  154  148  143  138  133  129  126  124  122
  120  119  118  117  116  115  114  113  112  112  113  114  116  118  121  124
  128  131  134  137  140  142  143  144  145  146  147  147  148  148  149  149
  149  149  150  147  148  141  144  145  149                                   
    72.5-180.0 180.0   5.0 450.0                            LAT/LON1/LON2/DLON/H
  146  141  144  146  145  150  156  161  166  173  178  183  187  190  191  191
  189  186  182  178  172  166  160  154  148  142  136  132  128  125  124  123
  122  122  121  121  120  118  116  115  114  113  113  114  116  118  121  125
  128  132  135  138  140  142  143  144  145  146  146  147  147  147  148  148
  147  148  148  144  144  138  141  149  146                                   
    70.0-180.0 180.0   5.0 450.0                            LAT/LON1/LON2/DLON/H
  149  142  144  143  142  146  151  158  164  172  177  183  187  190  191  190
  188  185  180  175  170  164  158  151  145  139  133  129  126  124  123  123
  123  124  124  123  122  120  118  115  114  112  112  112  114  116  118  121
  125  128  131  134  136  138  139  140  141  142  143  144  144  145  147  147
  147  147  148  146  147  141  145  151  149                                   
    67.5-180.0 180.0   5.0 450.0                            LAT/LON1/LON2/DLON/H
  159  152  153  154  152  155  160  167  172  179  185  191  195  198  198  197
  194  190  186  181  175  169  163  157  151  144  139  134  131  130  130  130
  132  133  133  132  130  128  125  122  119  118  117  117  118  120  122  124
  127  129  132  135  137  139  141  143  145  146  148  150  151  152  154  155
  155  155  156  154  153  148  152  158  159                                   
    65.0-180.0 180.0   5.0 450.0                            LAT/LON1/LON2/DLON/H
  170  163  163  162  159  161  164  170  175  182  188  193  197  199  199  197
  194  190  185  180  175  170  165  160  154  148  143  139  137  136  136  137
  139  139  139  137  135  132  128  125  122  120  119  119  119  119  120  121
  122  124  126  129  131  134  137  140  143  146  148  151  153  154  156  157
  157  159  161  161  163  159  164  170  170                                   
    62.5-180.0 180.0   5.0 450.0                            LAT/LON1/LON2/DLON/H
  185  177  178  176  171  173  174  178  182  188  192  197  200  202  201  199
  196  191  187  183  179  175  171  167  162  157  153  149  148  147  148  148
  149  148  147  144  141  136  132  129  126  125  124  123  122  122  121  120
  120  120  122  124  127  131  135  139  144  148  152  156  158  160  161  162
  162  164  167  167  170  167  174  180  185                                   
    60.0-180.0 180.0   5.0 450.0                            LAT/LON1/LON2/DLON/H
  198  191  191  188  183  183  183  185  187  191  194  197  200  201  200  198
  195  191  188  184  182  180  177  174  171  168  165  163  162  162  162  162
  161  158  155  151  146  141  137  133  131  130  130  129  127  125  122  119
  117  116  116  118  122  126  132  138  145  151  156  160  163  164  165  165
  164  166  169  171  176  175  185  191  198                                   
    57.5-180.0 180.0   5.0 450.0                            LAT/LON1/LON2/DLON/H
  207  201  202  199  193  193  191  192  192  193  194  196  197  198  198  196
  194  191  188  186  185  184  184  183  182  180  179  178  178  177  177  175
  172  167  162  156  150  144  140  138  137  136  136  135  133  129  124  119
  115  113  112  114  117  123  130  138  146  154  160  165  167  167  167  166
  164  165  169  172  179  179  191  198  207                                   
    55.0-180.0 180.0   5.0 450.0                            LAT/LON1/LON2/DLON/H
  214  209  210  207  203  203  200  199  197  196  194  194  194  194  194  194
  192  190  189  188  188  189  190  191  192  192  192  193  193  192  191  187
  181  174  166  159  153  148  145  143  142  143  143  142  139  133  127  120
  115  111  110  111  115  121  129  139  149  158  165  169  171  170  168  166
  163  164  167  170  179  181  194  202  214                                   
    52.5-180.0 180.0   5.0 450.0                            LAT/LON1/LON2/DLON/H
  216  212  214  213  210  211  209  207  202  199  194  192  190  190  190  190
  190  189  188  189  190  192  195  197  199  201  203  204  204  203  200  194
  186  177  168  160  154  150  148  148  148  148  148  147  143  137  130  122
  116  112  110  111  115  121  130  140  151  161  168  172  173  172  169  166
  162  163  166  168  178  181  195  204  216                                   
    50.0-180.0 180.0   5.0 450.0                            LAT/LON1/LON2/DLON/H
  216  214  216  217  216  220  218  216  211  205  198  193  189  188  188  188
  188  188  188  190  192  195  198  202  205  208  210  211  211  210  205  197
  187  176  167  160  156  154  153  153  153  153  153  151  147  141  133  126
  120  116  114  114  117  123  131  142  153  163  171  175  176  174  171  168
  165  165  168  170  179  182  195  205  216                                   
    47.5-180.0 180.0   5.0 450.0                            LAT/LON1/LON2/DLON/H
  216  215  216  220  221  228  228  227  221  214  205  198  192  190  188  188
  188  188  189  191  194  197  201  205  209  212  214  214  214  210  204  195
  184  174  165  160  158  159  159  160  159  158  157  154  150  144  137  131
  126  122  120  119  121  125  133  143  155  165  173  177  178  177  175  173
  171  172  175  176  183  185  197  207  216                                   
    45.0-180.0 180.0   5.0 450.0                            LAT/LON1/LON2/DLON/H
  218  216  218  224  227  236  238  238  233  226  216  208  201  197  194  192
  191  191  192  194  197  201  205  209  213  215  216  215  213  208  201  191
  180  171  164  162  164  166  168  169  167  164  161  157  153  148  142  138
  134  130  128  126  126  129  135  144  155  166  174  179  181  181  182  182
  183  185  188  187  193  193  202  212  218                                   
    42.5-180.0 180.0   5.0 450.0                            LAT/LON1/LON2/DLON/H
  222  221  221  228  233  244  248  250  247  241  232  223  216  210  205  201
  198  197  197  199  203  207  212  215  218  219  218  216  211  205  197  187
  178  170  167  168  172  177  180  180  177  172  167  162  158  153  149  146
  143  140  137  133  131  132  136  144  154  165  173  180  184  187  190  195
  198  203  206  204  207  204  211  219  222                                   
    40.0-180.0 180.0   5.0 450.0                            LAT/LON1/LON2/DLON/H
  230  228  227  234  240  251  257  261  261  257  250  243  235  228  221  215
  209  206  205  208  212  216  221  225  227  227  224  219  213  205  196  187
  179  175  174  178  185  192  195  194  189  182  176  170  165  161  157  155
  152  149  145  139  135  134  136  143  152  163  172  179  186  192  200  208
  215  222  226  224  224  218  223  230  230                                   
    37.5-180.0 180.0   5.0 450.0                            LAT/LON1/LON2/DLON/H
  241  238  237  242  248  258  265  271  273  273  270  265  259  252  243  233
  225  219  218  220  224  229  234  238  240  239  234  227  218  209  200  192
  186  184  186  192  200  207  210  208  202  194  187  180  175  170  166  164
  161  157  151  144  137  134  135  141  149  159  169  178  187  197  208  220
  230  240  245  243  241  233  237  242  241                                   
    35.0-180.0 180.0   5.0 450.0                            LAT/LON1/LON2/DLON/H
  255  251  249  251  257  265  272  280  286  289  290  290  286  279  269  256
  245  237  234  235  240  245  251  255  256  255  249  240  228  218  209  202
  199  198  201  207  214  221  223  220  214  206  198  191  185  180  175  172
  168  162  155  146  138  133  134  138  146  155  165  176  187  200  214  229
  242  254  260  259  256  248  252  256  255                                   
    32.5-180.0 180.0   5.0 450.0                            LAT/LON1/LON2/DLON/H
  271  266  263  263  268  274  281  290  299  306  312  315  315  309  298  283
  269  258  254  255  259  265  270  274  276  274  267  256  243  231  222  216
  214  213  215  219  224  229  230  228  222  215  208  201  195  188  182  177
  172  165  156  146  137  132  132  135  142  150  160  172  185  200  217  233
  248  261  270  269  268  260  266  269  271                                   
    30.0-180.0 180.0   5.0 450.0                            LAT/LON1/LON2/DLON/H
  287  282  280  277  282  286  294  302  314  325  335  342  344  340  329  313
  297  284  278  278  281  286  291  295  296  293  285  273  259  245  236  231
  228  226  225  226  227  229  229  227  223  218  212  206  199  192  185  178
  172  164  154  144  135  131  130  133  138  145  155  167  182  198  215  233
  248  263  273  275  275  270  279  281  287                                   
    27.5-180.0 180.0   5.0 450.0                            LAT/LON1/LON2/DLON/H
  303  298  297  294  298  303  311  320  333  347  359  369  375  373  362  346
  328  314  306  304  306  310  313  315  315  311  302  289  273  258  248  242
  237  233  229  225  222  221  220  219  217  214  210  205  198  190  182  175
  168  160  150  140  133  129  129  131  135  140  149  161  176  193  211  228
  244  261  272  277  280  278  290  293  303                                   
    25.0-180.0 180.0   5.0 450.0                            LAT/LON1/LON2/DLON/H
  319  314  313  312  318  324  333  344  358  373  386  398  405  405  397  381
  363  347  338  334  333  334  334  334  332  326  315  300  283  267  255  247
  240  233  225  216  210  207  206  205  205  203  201  197  191  183  174  167
  160  153  144  136  130  127  127  129  131  135  143  155  170  187  205  223
  239  257  270  277  284  285  299  305  319                                   
    22.5-180.0 180.0   5.0 450.0                            LAT/LON1/LON2/DLON/H
  332  328  329  329  338  348  359  372  388  402  416  428  435  437  431  417
  399  383  372  365  362  359  355  351  345  336  323  306  287  270  256  246
  237  226  215  203  195  191  190  191  191  190  188  185  178  171  163  156
  150  144  137  130  126  124  125  126  127  130  137  149  165  182  200  218
  235  254  269  279  288  293  308  317  332                                   
    20.0-180.0 180.0   5.0 450.0                            LAT/LON1/LON2/DLON/H
  343  340  342  345  357  370  385  401  418  433  445  456  464  467  463  451
  435  419  406  398  391  384  376  366  355  342  325  305  285  267  252  240
  228  216  203  190  182  178  179  180  180  178  176  171  165  157  150  144
  139  135  129  124  121  120  121  121  122  124  131  143  159  178  197  215
  233  254  272  283  294  302  317  329  343                                   
    17.5-180.0 180.0   5.0 450.0                            LAT/LON1/LON2/DLON/H
  351  349  353  357  372  388  407  425  445  459  471  481  489  493  491  482
  468  453  440  429  419  408  395  380  363  344  323  301  280  261  245  232
  219  206  193  182  176  174  176  177  176  172  167  160  153  146  139  134
  130  126  122  118  116  115  115  115  115  118  125  138  155  175  195  216
  236  258  278  290  302  311  326  340  351                                   
    15.0-180.0 180.0   5.0 450.0                            LAT/LON1/LON2/DLON/H
  356  356  360  364  382  399  422  442  463  478  489  499  506  512  512  507
  496  482  470  457  445  430  412  392  369  344  319  295  273  254  239  225
  213  201  191  183  180  182  185  185  181  173  164  155  147  139  132  127
  123  119  115  112  109  108  108  107  108  110  118  132  151  172  195  218
  241  266  286  299  310  319  334  349  356                                   
    12.5-180.0 180.0   5.0 450.0                            LAT/LON1/LON2/DLON/H
  360  359  364  368  386  404  428  448  470  485  496  505  514  521  524  521
  514  503  492  480  465  447  426  401  373  343  314  288  267  249  235  222
  211  203  196  193  195  200  204  203  194  182  168  157  147  138  130  124
  118  114  109  105  102  101  100   99   99  103  111  126  147  170  196  222
  247  273  295  308  317  326  340  355  360                                   
    10.0-180.0 180.0   5.0 450.0                            LAT/LON1/LON2/DLON/H
  362  362  366  369  387  404  427  445  466  480  491  501  510  518  524  524
  520  513  505  493  479  459  435  407  375  342  310  284  263  247  234  224
  216  210  209  211  217  225  229  225  213  195  177  163  151  141  132  123
  116  109  103   99   95   92   91   90   91   95  104  120  142  167  196  224
  251  279  300  313  321  330  344  358  362                                   
     7.5-180.0 180.0   5.0 450.0                            LAT/LON1/LON2/DLON/H
  364  365  369  371  388  402  422  438  455  468  478  488  497  506  513  515
  515  512  506  497  483  463  439  409  376  340  307  280  260  246  236  228
