data/edconvlstm_nd/pred0040.15i
     1.0            IONOSPHERE MAPS     GNSS                IONEX VERSION / TYPE
pyspatialgeodesy        IME             05-JAN-18 20:20     PGM / RUN BY / DATE 
Map Name                                                    COMMENT             
Predicted global ionosphere maps (GIM).                     DESCRIPTION         
  2015     1     4     0     0     0                        EPOCH OF FIRST MAP  
  2015     1     5     0     0     0                        EPOCH OF LAST MAP   
  7200                                                      INTERVAL            
    13                                                      # OF MAPS IN FILE   
  NONE                                                      MAPPING FUNCTION    
10.0                                                        ELEVATION CUTOFF    
One-way carrier phase leveled to code                       OBSERVABLES USED    
  6371.0                                                    BASE RADIUS         
 2                                                          MAP DIMENSION       
   450.0 450.0   0.0                                        HGT1 / HGT2 / DHGT  
    87.5 -87.5  -2.5                                        LAT1 / LAT2 / DLAT  
  -180.0 180.0   5.0                                        LON1 / LON2 / DLON  
    -1                                                      EXPONENT            
                                                            END OF HEADER       
[from data line 4290]
    11                                                      START OF TEC MAP    
  2015     1     4    20     0     0                        EPOCH OF CURRENT MAP
    87.5-180.0 180.0   5.0 450.0                            LAT/LON1/LON2/DLON/H
   70   71   65   66   71   68   67   64   65   68   68   70   71   72   74   75
   77   78   79   80   81   82   82   83   83   83   83   83   83   83   83   83
   83   83   83   83   83   83   83   83   83   83   83   82   82   82   81   81
   80   80   79   78   77   76   75   74   73   72   70   69   68   67   66   65
   64   63   59   55   60   60   79   86   70                                   
    85.0-180.0 180.0   5.0 450.0                            LAT/LON1/LON2/DLON/H
   73   71   78   60   61   64   63   65   66   69   69   71   73   75   76   78
   80   82   83   85   86   87   87   88   88   89   89   89   89   89   89   88
   88   88   89   89   89   89   89   89   89   89   89   88   88   87   86   86
   85   83   82   81   79   78   76   75   73   72   70   69   67   66   65   63
   63   61   56   51   56   58   65   61   73                                   
    82.5-180.0 180.0   5.0 450.0                            LAT/LON1/LON2/DLON/H
   49   54   57   47   51   53   55   56   58   60   62   65   66   69   71   73
   75   77   79   81   82   83   84   85   85   85   86   86   86   86   86   86
   86   86   87   87   88   88   88   89   89   89   88   88   87   86   85   84
   83   81   80   78   77   75   73   71   69   67   65   64   62   60   58   56
   55   52   48   46   52   61   56   55   49                                   
    80.0-180.0 180.0   5.0 450.0                            LAT/LON1/LON2/DLON/H
   28   36   46   38   41   39   45   48   51   55   57   61   64   66   69   72
   74   76   78   79   80   81   81   82   81   81   81   80   80   79   79   80
   80   81   82   83   84   85   86   86   87   87   87   86   85   84   83   82
   80   79   77   75   74   72   70   68   65   63   60   58   56   54   51   49
   47   46   43   42   41   46   39   48   28                                   
    77.5-180.0 180.0   5.0 450.0                            LAT/LON1/LON2/DLON/H
   38   40   43   37   41   41   46   49   52   55   58   62   66   69   72   75
   77   79   81   82   83   83   83   82   81   80   79   78   77   76   76   77
   77   78   80   81   83   84   86   87   87   87   87   87   86   85   84   82
   81   80   79   77   76   74   73   71   69   66   64   61   59   56   54   51
   49   47   46   45   44   43   39   50   38                                   
    75.0-180.0 180.0   5.0 450.0                            LAT/LON1/LON2/DLON/H
   37   41   45   41   46   48   53   56   60   65   68   73   76   80   83   85
   87   88   88   88   88   87   86   84   82   79   77   75   73   72   71   71
   72   73   75   76   78   80   82   83   84   85   85   84   84   83   82   80
   79   78   78   77   76   75   74   73   71   69   67   64   62   60   58   56
   54   54   53   51   49   44   39   40   37                                   
    72.5-180.0 180.0   5.0 450.0                            LAT/LON1/LON2/DLON/H
   53   54   57   59   59   62   68   71   74   78   82   86   90   93   95   96
   97   96   96   94   93   90   87   84   80   77   73   70   67   65   64   64
   64   65   66   68   70   72   73   75   76   76   76   76   75   74   73   72
   71   71   71   71   71   70   70   70   68   67   65   64   62   60   58   57
   55   55   55   53   52   49   46   52   53                                   
    70.0-180.0 180.0   5.0 450.0                            LAT/LON1/LON2/DLON/H
   61   64   69   71   74   78   84   89   95  101  106  111  115  118  119  119
  118  116  114  111  107  103   98   93   87   82   77   73   69   66   64   62
   62   62   62   63   64   65   67   68   69   69   69   69   68   67   66   65
   65   65   65   65   66   67   67   67   67   66   65   64   62   61   61   60
   59   60   62   61   61   59   60   65   61                                   
    67.5-180.0 180.0   5.0 450.0                            LAT/LON1/LON2/DLON/H
   73   75   81   86   91   97  105  111  117  124  130  137  141  144  145  144
  141  138  133  128  122  115  108  101   93   86   80   74   70   66   63   61
   59   57   56   56   56   56   57   58   59   59   59   59   58   58   57   56
   56   56   57   58   59   61   62   63   63   63   62   61   60   59   59   59
   59   60   62   61   61   62   62   69   73                                   
    65.0-180.0 180.0   5.0 450.0                            LAT/LON1/LON2/DLON/H
   74   79   86   94  101  109  118  128  136  146  154  163  169  173  174  173
  169  164  158  151  143  133  124  114  104   95   88   81   76   71   67   63
   59   56   53   50   49   48   47   48   48   49   49   49   49   48   47   47
   46   47   47   49   50   52   54   56   57   57   56   55   54   54   54   54
   55   57   60   61   62   65   67   75   74                                   
    62.5-180.0 180.0   5.0 450.0                            LAT/LON1/LON2/DLON/H
   75   81   89   99  109  119  130  141  151  163  174  184  192  198  200  199
  196  190  183  173  162  150  137  125  113  103   94   87   81   76   71   65
   60   54   49   44   40   38   37   37   38   39   39   40   39   39   38   38
   37   38   38   40   42   44   46   48   49   49   49   48   47   46   46   47
   48   50   53   54   55   58   61   70   75                                   
    60.0-180.0 180.0   5.0 450.0                            LAT/LON1/LON2/DLON/H
   73   80   89  102  114  125  138  151  162  175  188  201  211  218  223  223
  221  215  207  195  182  167  151  136  123  111  102   95   89   83   77   71
   63   55   47   41   36   32   31   31   32   33   34   35   35   34   34   33
   32   32   32   34   35   38   40   42   43   44   43   42   41   40   40   40
   41   43   46   47   49   53   56   67   73                                   
    57.5-180.0 180.0   5.0 450.0                            LAT/LON1/LON2/DLON/H
   72   81   93  107  121  134  148  161  173  186  199  213  224  233  239  242
  241  236  226  214  198  180  162  145  130  119  110  103   97   92   85   78
   68   58   49   41   35   32   31   31   32   34   35   36   36   36   35   34
   33   32   32   32   34   36   39   41   42   42   42   41   39   38   38   38
   38   40   42   43   44   48   52   64   72                                   
    55.0-180.0 180.0   5.0 450.0                            LAT/LON1/LON2/DLON/H
   76   88  103  119  134  148  161  173  184  196  209  222  234  244  251  256
  256  251  242  227  209  189  169  151  137  125  117  111  106  101   94   85
   75   64   54   45   40   37   37   38   39   41   42   43   43   43   41   40
   38   37   36   36   37   40   42   44   45   46   45   44   43   41   40   40
   40   41   43   44   45   48   51   64   76                                   
    52.5-180.0 180.0   5.0 450.0                            LAT/LON1/LON2/DLON/H
   86  101  118  135  153  167  180  190  199  209  219  230  240  250  258  263
  265  261  250  234  215  193  173  155  141  132  125  120  115  109  102   92
   81   70   60   53   49   47   48   49   51   53   54   54   54   53   52   50
   48   46   45   45   46   47   49   51   53   53   52   51   50   48   48   47
   46   47   50   51   51   54   57   70   86                                   
    50.0-180.0 180.0   5.0 450.0                            LAT/LON1/LON2/DLON/H
  101  119  140  157  176  191  204  213  219  226  232  240  247  255  263  268
  270  266  256  239  217  195  175  159  147  139  134  129  124  117  107   97
   86   76   68   62   60   60   62   64   66   67   68   68   68   67   65   63
   61   59   57   57   57   59   60   62   63   63   62   61   60   59   58   57
   56   57   59   61   61   65   68   80  101                                   
    47.5-180.0 180.0   5.0 450.0                            LAT/LON1/LON2/DLON/H
  118  138  162  180  200  217  230  238  242  246  249  253  257  262  267  272
  274  270  258  241  220  198  179  165  156  150  145  139  132  122  110   98
   87   79   73   71   71   73   76   78   80   81   81   81   80   80   78   77
   75   73   71   70   71   72   73   73   74   73   72   72   71   70   69   68
   67   68   70   73   74   78   83   93  118                                   
    45.0-180.0 180.0   5.0 450.0                            LAT/LON1/LON2/DLON/H
  133  154  179  198  221  240  254  263  267  269  269  269  270  271  274  277
  278  273  262  245  224  204  187  176  169  163  157  149  137  123  108   95
   85   79   76   77   80   84   87   90   91   91   91   90   90   89   89   88
   87   85   84   84   83   84   84   84   83   82   81   81   80   80   79   78
   75   76   78   82   85   91   97  107  133                                   
    42.5-180.0 180.0   5.0 450.0                            LAT/LON1/LON2/DLON/H
  143  163  189  209  233  255  271  282  287  290  290  288  286  284  284  285
  284  278  267  251  232  214  200  190  183  177  169  156  139  120  103   89
   80   76   77   81   86   91   95   97   98   98   97   96   96   95   95   95
   95   94   94   93   93   93   93   91   90   88   87   86   86   86   85   83
   80   80   82   87   91   99  108  120  143                                   
    40.0-180.0 180.0   5.0 450.0                            LAT/LON1/LON2/DLON/H
  145  165  190  211  237  260  279  293  301  306  307  306  303  300  297  295
  292  286  275  261  244  227  215  206  198  190  177  159  138  116   97   83
   76   75   79   85   92   97  101  102  102  101  100   99   98   97   97   97
   97   98   98   99   99   99   98   96   93   90   89   88   88   88   86   84
   80   79   81   85   91  101  112  128  145                                   
    37.5-180.0 180.0   5.0 450.0                            LAT/LON1/LON2/DLON/H
  142  161  186  207  233  257  278  295  306  315  319  320  318  315  312  308
  302  295  285  272  257  243  230  220  210  198  182  160  136  113   95   83
   78   80   86   94  101  106  108  108  107  105  103  101   99   97   96   96
   97   98   99  100  100  100   99   97   94   90   88   87   87   86   85   81
   77   75   77   81   87   98  111  130  142                                   
    35.0-180.0 180.0   5.0 450.0                            LAT/LON1/LON2/DLON/H
  140  159  182  203  227  250  272  290  304  316  323  328  330  328  324  319
  313  305  295  284  270  256  242  230  217  203  184  162  139  117  102   94
   92   97  104  111  117  120  121  119  116  112  109  105  101   98   96   95
   94   95   96   98   99  100   99   97   93   89   87   86   85   83   81   78
   72   70   71   75   81   94  108  128  140                                   
    32.5-180.0 180.0   5.0 450.0                            LAT/LON1/LON2/DLON/H
  142  163  185  204  226  245  266  284  299  312  323  331  336  337  334  328
  320  312  303  293  281  266  250  235  220  204  187  168  149  133  123  119
  121  127  134  139  143  143  140  136  130  125  119  114  108  103   98   95
   94   94   94   96   98   99   99   97   93   89   86   84   83   81   79   75
   70   68   69   73   79   93  108  129  142                                   
    30.0-180.0 180.0   5.0 450.0                            LAT/LON1/LON2/DLON/H
  154  179  201  216  235  249  267  281  295  309  321  331  339  342  340  333
  325  316  307  298  286  270  253  236  221  207  194  182  171  163  160  161
  165  170  175  177  176  172  166  159  151  143  135  128  120  112  105  100
   97   95   95   96   98   99  100   98   95   91   87   85   83   81   78   74
   70   69   71   76   83   98  115  134  154                                   
    27.5-180.0 180.0   5.0 450.0                            LAT/LON1/LON2/DLON/H
  176  206  230  241  257  266  278  287  298  309  321  332  340  344  342  335
  326  316  308  299  286  270  252  236  223  214  209  207  206  208  212  217
  221  223  223  220  214  206  196  186  175  165  155  145  136  126  118  110
  105  101   99   99  100  102  102  101   98   93   90   87   85   82   79   76
   72   73   77   83   92  110  130  147  176                                   
    25.0-180.0 180.0   5.0 450.0                            LAT/LON1/LON2/DLON/H
  208  244  271  279  293  297  303  305  311  318  327  336  343  346  344  336
  325  314  305  296  284  268  251  238  231  230  235  243  254  264  274  280
  282  279  272  262  250  238  225  212  200  187  176  165  154  144  134  125
  118  112  108  106  106  107  107  105  102   97   93   90   87   84   81   78
   76   79   84   93  104  126  150  164  208                                   
    22.5-180.0 180.0   5.0 450.0                            LAT/LON1/LON2/DLON/H
  244  285  315  323  337  339  340  336  336  338  342  346  351  352  347  338
  325  313  303  293  281  267  254  246  247  256  271  290  310  327  340  344
  340  329  314  297  279  263  248  233  219  206  193  181  171  161  152  143
  134  126  120  116  115  114  113  111  106  101   96   92   89   85   82   80
   78   83   90  102  117  143  171  185  244                                   
    20.0-180.0 180.0   5.0 450.0                            LAT/LON1/LON2/DLON/H
  278  323  357  368  384  386  385  377  372  369  367  366  365  363  356  344
  330  315  303  292  282  271  264  264  273  292  316  342  368  388  399  399
  387  366  342  318  296  277  261  246  231  217  204  193  184  176  169  160
  151  142  134  128  125  122  120  116  110  103   98   93   89   85   82   80
   79   85   93  109  128  158  191  206  278                                   
    17.5-180.0 180.0   5.0 450.0                            LAT/LON1/LON2/DLON/H
  305  353  390  406  427  432  431  423  416  410  403  396  389  382  371  357
  341  325  311  299  290  283  283  291  309  335  365  394  420  438  443  435
  414  384  353  323  298  279  263  249  234  220  207  197  190  185  180  173
  165  156  147  140  134  130  125  119  112  105   99   94   90   85   82   79
   78   85   94  111  134  169  205  225  305                                   
    15.0-180.0 180.0   5.0 450.0                            LAT/LON1/LON2/DLON/H
  319  371  411  433  459  468  471  466  461  454  444  433  421  409  396  380
  361  343  327  315  308  306  312  328  352  382  412  439  460  470  467  449
  420  383  347  315  291  272  258  245  231  217  205  196  191  188  185  180
  174  166  157  149  142  136  130  123  115  107  100   95   91   86   82   79
   77   84   93  111  136  176  216  240  319                                   
    12.5-180.0 180.0   5.0 450.0                            LAT/LON1/LON2/DLON/H
  323  378  421  447  478  491  500  499  498  495  486  474  459  444  428  411
  391  372  355  342  336  338  350  371  399  428  453  473  483  483  470  445
  409  369  332  301  279  264  252  241  228  214  201  192  188  186  185  182
  177  171  164  156  148  141  134  126  118  110  103   98   94   89   84   79
   77   83   93  111  138  181  224  251  323                                   
    10.0-180.0 180.0   5.0 450.0                            LAT/LON1/LON2/DLON/H
  320  378  422  450  484  501  514  518  523  525  520  511  496  481  466  448
  429  409  392  379  375  380  395  418  444  468  485  493  491  481  459  428
  390  352  317  291  273  261  252  242  229  214  200  190  185  182  182  180
  177  173  167  161  153  146  138  130  121  113  107  102   97   92   87   82
   78   85   95  113  142  187  231  259  320                                   
     7.5-180.0 180.0   5.0 450.0                            LAT/LON1/LON2/DLON/H
  316  375  420  447  482  501  517  525  535  542  544  539  529  516  503  489
  472  453  436  423  420  426  442  464  485  500  505  501  489  470  444  412
