data/edconvlstm_nd/pred3130.15i
     1.0            IONOSPHERE MAPS     GNSS                IONEX VERSION / TYPE
pyspatialgeodesy        IME             05-JAN-18 20:20     PGM / RUN BY / DATE 
Map Name                                                    COMMENT             
Predicted global ionosphere maps (GIM).                     DESCRIPTION         
  2015    11     9     0     0     0                        EPOCH OF FIRST MAP  
  2015    11    10     0     0     0                        EPOCH OF LAST MAP   
  7200                                                      INTERVAL            
    13                                                      # OF MAPS IN FILE   
  NONE                                                      MAPPING FUNCTION    
10.0                                                        ELEVATION CUTOFF    
One-way carrier phase leveled to code                       OBSERVABLES USED    
  6371.0                                                    BASE RADIUS         
 2                                                          MAP DIMENSION       
   450.0 450.0   0.0                                        HGT1 / HGT2 / DHGT  
    87.5 -87.5  -2.5                                        LAT1 / LAT2 / DLAT  
  -180.0 180.0   5.0                                        LON1 / LON2 / DLON  
    -1                                                      EXPONENT            
                                                            END OF HEADER       
[from data line 5148]
    13                                                      START OF TEC MAP    
  2015    11    10     0     0     0                        EPOCH OF CURRENT MAP
    87.5-180.0 180.0   5.0 450.0                            LAT/LON1/LON2/DLON/H
   86   79   61   51   49   57   53   50   51   51   51   52   52   53   53   53
   53   53   52   52   51   51   50   49   49   48   47   46   46   45   44   44
   43   43   42   42   42   42   42   42   42   43   43   44   45   45   46   47
   48   49   50   51   51   52   53   53   53   53   53   53   53   53   52   52
   52   51   50   51   42   62   64   60   86                                   
    85.0-180.0 180.0   5.0 450.0                            LAT/LON1/LON2/DLON/H
   72   74   52   52   53   63   58   56   56   56   57   57   58   58   58   58
   58   58   57   56   55   54   52   51   49   48   47   45   44   43   42   41
   40   39   39   39   39   39   40   41   42   43   44   46   48   49   51   53
   54   56   57   58   59   60   61   61   61   62   62   62   61   61   61   60
   60   59   60   64   67   73   82   71   72                                   
    82.5-180.0 180.0   5.0 450.0                            LAT/LON1/LON2/DLON/H
   58   47   52   48   49   58   53   50   53   53   54   55   57   57   57   57
   56   55   54   52   50   47   45   42   40   38   36   34   32   30   28   27
   26   25   25   25   25   26   27   28   30   32   34   37   39   42   45   47
   49   51   53   55   56   57   57   58   58   58   58   58   58   58   58   58
   57   56   55   54   61   58   68   71   58                                   
    80.0-180.0 180.0   5.0 450.0                            LAT/LON1/LON2/DLON/H
   66   56   58   49   54   57   53   50   55   55   57   59   61   61   61   61
   59   58   55   53   50   47   44   41   39   36   34   31   29   27   26   24
   23   22   22   21   22   22   23   25   26   29   32   35   38   41   45   48
   51   53   56   57   59   60   61   61   61   62   62   62   62   62   62   63
   62   60   60   58   74   67   77   92   66                                   
    77.5-180.0 180.0   5.0 450.0                            LAT/LON1/LON2/DLON/H
   78   71   61   57   57   59   55   55   60   60   63   66   68   69   69   67
   65   63   60   56   53   50   46   43   40   37   35   32   30   28   27   25
   24   23   22   22   22   22   23   24   26   29   31   35   39   43   46   50
   54   57   59   61   62   63   64   65   65   65   65   65   66   66   67   67
   67   68   68   68   75   77   81   97   78                                   
    75.0-180.0 180.0   5.0 450.0                            LAT/LON1/LON2/DLON/H
   89   76   75   71   67   69   64   63   68   69   72   75   76   76   74   71
   68   64   60   55   51   48   45   42   40   37   35   34   32   31   30   29
   28   27   27   26   26   25   26   27   29   31   34   37   41   45   49   53
   56   59   61   63   64   65   65   66   66   67   67   68   69   70   71   72
   73   75   77   74   82   92   93  103   89                                   
    72.5-180.0 180.0   5.0 450.0                            LAT/LON1/LON2/DLON/H
   97   86   86   80   76   74   70   71   76   77   79   81   82   80   77   72
   67   62   57   52   49   46   44   42   40   39   38   38   37   37   36   35
   35   34   33   31   30   29   29   29   30   32   34   37   40   44   47   50
   53   55   57   58   59   59   59   60   60   61   61   62   63   65   67   70
   71   74   81   81   90   99  104  118   97                                   
    70.0-180.0 180.0   5.0 450.0                            LAT/LON1/LON2/DLON/H
  108   99   98   97   89   87   83   83   87   87   89   89   87   83   78   71
   64   57   52   47   44   42   41   40   40   39   40   40   40   41   41   41
   41   40   38   37   35   34   33   33   34   35   37   40   42   45   48   50
   52   54   55   56   56   57   57   58   58   60   61   62   64   66   69   73
   74   78   86   88   96  108  111  124  108                                   
    67.5-180.0 180.0   5.0 450.0                            LAT/LON1/LON2/DLON/H
  117  110  109  108  100   96   91   91   94   94   94   92   88   81   73   64
   56   48   42   39   36   35   35   35   36   36   37   38   39   40   41   41
   41   40   38   36   35   33   32   32   33   34   35   37   39   41   43   44
   46   47   47   47   47   48   48   49   51   53   56   58   60   63   66   70
   72   76   85   88   97  112  114  129  117                                   
    65.0-180.0 180.0   5.0 450.0                            LAT/LON1/LON2/DLON/H
  123  116  116  116  109  104   99   99  101   99   98   95   88   80   69   59
   50   42   37   34   32   32   32   33   33   33   34   35   36   38   39   39
   39   37   36   33   31   30   29   30   31   32   34   35   36   37   38   39
   40   40   41   40   40   40   41   43   46   50   54   58   61   64   68   71
   73   77   86   88   99  114  117  133  123                                   
    62.5-180.0 180.0   5.0 450.0                            LAT/LON1/LON2/DLON/H
  126  120  121  122  117  111  106  106  108  106  103   99   91   81   69   59
   49   42   37   35   33   33   33   32   32   32   32   32   33   34   35   36
   35   34   32   30   28   27   27   28   30   32   33   35   35   36   36   36
   36   36   36   36   35   36   37   40   45   51   57   63   68   71   75   78
   79   82   90   92  100  116  118  136  126                                   
    60.0-180.0 180.0   5.0 450.0                            LAT/LON1/LON2/DLON/H
  125  122  125  125  120  115  109  110  112  109  106  101   92   82   71   61
   53   46   42   39   37   36   34   33   31   30   29   29   29   30   31   32
   31   30   28   26   24   24   24   26   29   31   33   34   34   34   34   33
   33   33   32   32   31   31   33   38   45   53   61   69   75   80   85   88
   89   91   99   99  105  117  120  138  125                                   
    57.5-180.0 180.0   5.0 450.0                            LAT/LON1/LON2/DLON/H
  127  125  129  129  123  118  112  113  114  111  107  102   95   86   76   68
   61   55   50   47   43   40   37   34   31   28   27   27   27   28   29   29
   29   27   25   24   22   22   24   26   29   32   34   35   35   34   33   32
   32   31   31   30   30   30   33   39   47   57   68   77   85   92   98  102
  104  106  114  113  118  125  127  147  127                                   
    55.0-180.0 180.0   5.0 450.0                            LAT/LON1/LON2/DLON/H
  135  132  137  136  130  124  118  117  118  113  109  104   97   90   83   77
   71   66   60   55   49   44   39   35   31   28   27   27   28   29   30   30
   29   28   26   25   24   25   26   29   32   35   37   38   37   36   35   35
   34   34   34   33   33   33   37   43   52   63   75   86   96  104  112  119
  123  128  137  137  141  142  142  162  135                                   
    52.5-180.0 180.0   5.0 450.0                            LAT/LON1/LON2/DLON/H
  150  147  150  147  140  134  127  125  123  118  112  106  100   95   91   87
   82   76   69   61   54   47   41   36   32   30   29   30   31   32   33   33
   32   31   30   29   29   30   32   35   38   40   42   43   43   42   41   40
   40   41   41   40   40   41   44   51   60   71   83   94  105  116  127  138
  145  154  165  166  170  168  166  185  150                                   
    50.0-180.0 180.0   5.0 450.0                            LAT/LON1/LON2/DLON/H
  174  168  166  161  154  148  140  136  133  125  117  111  105  101   98   95
   91   84   76   66   57   49   43   38   35   33   34   35   37   38   38   38
   37   36   35   36   37   39   41   44   46   48   49   50   50   50   50   50
   51   51   52   52   52   54   57   63   71   81   92  103  115  127  141  156
  169  181  195  198  203  199  196  214  174                                   
    47.5-180.0 180.0   5.0 450.0                            LAT/LON1/LON2/DLON/H
  203  197  187  180  173  165  157  151  146  136  126  118  111  107  105  103
   98   90   79   69   59   52   45   41   39   39   40   41   43   44   43   42
   41   41   42   44   47   50   52   53   55   56   58   59   60   60   61   62
   63   65   67   68   69   71   74   78   85   94  103  113  125  139  156  174
  191  208  223  229  235  232  230  245  203                                   
    45.0-180.0 180.0   5.0 450.0                            LAT/LON1/LON2/DLON/H
  235  230  214  205  195  187  177  169  161  148  136  126  119  114  111  108
  102   93   82   71   62   55   50   47   45   45   46   47   48   48   46   44
   43   43   46   51   56   60   62   63   63   64   66   68   70   71   73   75
   77   80   82   85   86   88   91   95  100  107  115  124  136  151  169  190
  210  230  247  255  264  265  264  276  235                                   
    42.5-180.0 180.0   5.0 450.0                            LAT/LON1/LON2/DLON/H
  266  267  247  235  222  211  199  188  177  162  147  135  127  121  118  113
  106   96   85   76   68   63   58   55   53   52   51   51   51   49   46   43
   42   44   49   56   63   68   70   70   70   71   73   76   78   81   83   85
   88   91   95   98  101  103  106  110  115  120  127  136  148  163  182  204
  225  245  264  274  285  292  294  303  266                                   
    40.0-180.0 180.0   5.0 450.0                            LAT/LON1/LON2/DLON/H
  295  305  283  268  252  238  222  208  194  176  160  146  135  129  124  118
  111  101   92   84   79   75   70   66   61   58   55   53   51   47   43   40
   40   43   50   59   68   73   75   75   74   75   78   81   85   88   90   91
   94   97  101  105  109  113  117  121  126  132  139  148  160  175  194  215
  235  255  274  285  298  311  317  325  295                                   
    37.5-180.0 180.0   5.0 450.0                            LAT/LON1/LON2/DLON/H
  324  343  322  302  283  264  244  226  210  190  172  157  146  138  132  125
  118  110  103   98   94   90   85   77   70   63   58   54   50   46   42   40
   41   46   54   64   73   78   79   78   77   78   81   85   89   91   92   93
   95   98  102  107  112  117  123  128  135  142  150  160  173  188  207  227
  244  262  280  292  306  323  335  343  324                                   
    35.0-180.0 180.0   5.0 450.0                            LAT/LON1/LON2/DLON/H
  355  383  362  337  314  290  262  240  222  202  184  170  158  149  142  136
  129  123  118  115  113  108   99   88   77   68   62   57   53   50   48   48
   50   56   64   73   81   84   84   82   80   81   84   88   91   92   92   92
   93   95   99  104  110  116  124  131  139  147  157  169  184  201  219  238
  254  270  287  299  315  336  353  365  355                                   
    32.5-180.0 180.0   5.0 450.0                            LAT/LON1/LON2/DLON/H
  394  428  408  375  348  316  281  253  232  212  195  182  171  162  156  150
  144  139  136  134  130  123  111   97   84   75   69   66   64   64   65   67
   71   77   84   90   95   95   92   88   85   85   88   91   92   92   91   90
   89   90   93   98  104  112  120  129  139  149  161  176  192  211  231  250
  266  280  298  310  329  354  376  393  394                                   
    30.0-180.0 180.0   5.0 450.0                            LAT/LON1/LON2/DLON/H
  442  483  464  424  392  351  305  269  244  223  206  194  185  177  171  166
  161  156  153  149  143  132  117  103   92   86   84   84   87   91   95  101
  106  111  114  116  115  111  105   98   94   93   95   96   95   93   91   88
   87   86   88   91   97  105  114  125  136  148  162  179  198  219  242  263
  280  296  315  330  353  381  408  430  442                                   
    27.5-180.0 180.0   5.0 450.0                            LAT/LON1/LON2/DLON/H
  500  546  533  488  451  402  343  297  264  239  222  210  201  194  188  182
  176  170  164  156  146  133  118  107  102  103  109  116  123  130  138  145
  150  153  152  148  140  131  121  112  107  105  105  104  102   98   94   90
   87   85   84   86   91   99  110  122  135  149  165  183  204  227  252  276
  297  317  340  357  386  417  448  474  500                                   
    25.0-180.0 180.0   5.0 450.0                            LAT/LON1/LON2/DLON/H
  561  611  609  565  528  472  400  341  298  267  247  233  222  213  206  198
  189  179  168  155  142  128  117  114  119  131  145  158  168  176  184  192
  197  196  190  179  166  152  139  129  122  120  119  116  112  106  101   96
   91   86   83   84   88   97  110  124  140  155  172  190  213  238  264  292
  317  344  370  391  425  459  494  521  561                                   
    22.5-180.0 180.0   5.0 450.0                            LAT/LON1/LON2/DLON/H
  620  672  682  646  612  555  476  404  349  311  285  267  252  239  228  215
  201  184  167  150  134  123  119  126  144  168  190  206  215  220  226  232
  235  232  222  206  189  173  158  147  140  137  135  131  125  117  110  103
   97   90   85   85   90  100  116  133  151  168  185  204  226  252  280  310
  341  373  403  428  466  501  541  565  620                                   
    20.0-180.0 180.0   5.0 450.0                            LAT/LON1/LON2/DLON/H
  670  721  746  724  696  642  562  483  418  371  338  314  293  274  255  236
  214  191  168  148  132  126  131  149  179  212  238  251  255  254  256  259
  261  257  245  227  208  190  174  164  158  156  153  147  138  129  120  111
  103   94   88   87   93  107  126  147  167  185  203  222  244  271  300  331
  365  401  433  463  502  535  580  600  670                                   
    17.5-180.0 180.0   5.0 450.0                            LAT/LON1/LON2/DLON/H
  699  748  790  785  766  720  646  567  498  445  407  376  347  320  292  263
  233  204  177  156  144  143  157  186  223  259  282  289  284  276  273  275
  276  271  258  239  220  202  188  179  175  173  169  162  151  139  127  117
  106   95   88   88   97  114  137  161  184  204  222  242  265  291  320  352
  387  424  457  489  526  553  602  617  699                                   
    15.0-180.0 180.0   5.0 450.0                            LAT/LON1/LON2/DLON/H
  698  743  801  815  809  774  712  642  576  523  482  447  413  378  341  303
  265  231  203  184  176  182  203  236  274  305  320  316  303  289  282  281
  281  274  261  243  225  210  198  192  189  187  182  173  160  145  132  119
  105   94   88   90  101  121  146  173  198  220  239  260  284  310  339  370
  404  439  472  504  536  555  603  614  698                                   
    12.5-180.0 180.0   5.0 450.0                            LAT/LON1/LON2/DLON/H
  665  709  775  807  814  795  750  693  638  591  554  521  485  446  403  357
  314  277  251  237  235  245  268  298  327  347  349  335  314  296  286  281
  278  270  256  240  225  214  206  201  199  197  191  179  164  148  132  118
  103   92   87   91  104  126  153  181  206  229  251  274  299  326  354  382
  413  446  476  508  532  543  586  595  665                                   
    10.0-180.0 180.0   5.0 450.0                            LAT/LON1/LON2/DLON/H
  613  657  723  768  785  780  753  714  674  641  613  587  556  518  474  426
  381  346  324  315  318  330  346  364  378  381  370  348  322  301  288  281
  274  264  250  237  226  218  212  208  205  201  193  180  163  146  130  115
  101   90   86   92  107  130  156  182  207  230  253  278  307  335  363  389
  417  446  475  503  520  526  561  566  613                                   
     7.5-180.0 180.0   5.0 450.0                            LAT/LON1/LON2/DLON/H
  561  606  667  715  736  741  729  708  687  669  655  641  619  588  548  503
  462  431  416  413  417  422  426  425  419  405  382  355  329  309  296  286
