data/edconvlstm_nd/pred0290.15i
     1.0            IONOSPHERE MAPS     GNSS                IONEX VERSION / TYPE
pyspatialgeodesy        IME             05-JAN-18 20:20     PGM / RUN BY / DATE 
Map Name                                                    COMMENT             
Predicted global ionosphere maps (GIM).                     DESCRIPTION         
  2015     1    29     0     0     0                        EPOCH OF FIRST MAP  
  2015     1    30     0     0     0                        EPOCH OF LAST MAP   
  7200                                                      INTERVAL            
    13                                                      # OF MAPS IN FILE   
  NONE                                                      MAPPING FUNCTION    
10.0                                                        ELEVATION CUTOFF    
One-way carrier phase leveled to code                       OBSERVABLES USED    
  6371.0                                                    BASE RADIUS         
 2                                                          MAP DIMENSION       
   450.0 450.0   0.0                                        HGT1 / HGT2 / DHGT  
    87.5 -87.5  -2.5                                        LAT1 / LAT2 / DLAT  
  -180.0 180.0   5.0                                        LON1 / LON2 / DLON  
    -1                                                      EXPONENT            
                                                            END OF HEADER       
[from data line 5148]
    13                                                      START OF TEC MAP    
  2015     1    30     0     0     0                        EPOCH OF CURRENT MAP
    87.5-180.0 180.0   5.0 450.0                            LAT/LON1/LON2/DLON/H
   93   87   79   73   71   77   75   73   75   75   76   77   78   79   80   80
   81   81   81   82   82   82   82   82   82   82   82   82   82   81   81   80
   80   79   78   78   77   77   76   76   76   76   76   76   76   76   77   77
   77   78   78   78   78   78   78   77   77   76   76   75   74   73   72   72
   71   70   69   69   61   74   80   75   93                                   
    85.0-180.0 180.0   5.0 450.0                            LAT/LON1/LON2/DLON/H
   86   87   67   73   76   84   81   80   81   82   83   84   85   86   86   86
   86   86   86   85   85   85   84   84   83   83   82   81   80   79   78   77
   76   75   75   74   74   74   74   74   75   75   76   77   78   78   79   80
   81   81   82   82   82   82   82   82   82   81   81   80   79   78   78   77
   77   76   76   79   79   85   93   85   86                                   
    82.5-180.0 180.0   5.0 450.0                            LAT/LON1/LON2/DLON/H
   78   68   80   79   80   88   85   85   89   89   91   93   94   94   95   94
   94   93   92   91   90   89   87   86   84   82   81   79   77   75   74   72
   71   70   70   69   70   70   71   72   73   74   76   77   79   80   82   83
   84   85   86   86   87   87   87   86   85   84   84   83   82   81   80   80
   79   77   76   74   80   73   81   85   78                                   
    80.0-180.0 180.0   5.0 450.0                            LAT/LON1/LON2/DLON/H
   95   82   85   80   86   89   91   92   98   99  101  104  105  105  105  105
  103  102  100   98   97   95   93   91   90   88   86   85   83   82   81   80
   79   78   77   77   77   78   79   80   81   82   84   85   87   88   89   91
   92   93   94   94   94   94   93   93   92   90   89   88   87   86   85   85
   84   81   81   79   95   87   96  107   95                                   
    77.5-180.0 180.0   5.0 450.0                            LAT/LON1/LON2/DLON/H
  114  105   98  100   98  102  104  109  115  116  120  122  123  123  122  120
  117  114  111  109  106  104  102  101  100   99   97   96   95   94   94   93
   92   92   91   92   92   93   94   96   97   98  100  101  103  104  105  106
  107  108  108  108  108  107  106  105  103  101  100   98   97   96   95   95
   94   95   94   95  104  105  106  121  114                                   
    75.0-180.0 180.0   5.0 450.0                            LAT/LON1/LON2/DLON/H
  137  123  120  123  119  124  124  127  133  134  136  138  137  134  130  125
  119  114  109  105  103  101  101  101  102  102  103  104  104  104  103  103
  103  103  104  105  106  107  108  109  110  111  112  113  114  115  115  116
  117  117  117  117  116  115  113  111  109  107  105  104  103  102  103  103
  103  105  108  105  115  124  123  134  137                                   
    72.5-180.0 180.0   5.0 450.0                            LAT/LON1/LON2/DLON/H
  152  144  143  143  140  140  141  145  151  152  153  153  149  143  135  127
  118  110  103   99   96   96   97  100  103  106  108  110  111  111  111  110
  110  109  109  110  110  111  112  112  113  113  113  113  113  113  113  113
  113  114  114  113  113  111  110  107  105  103  101  101  100  101  103  105
  106  110  117  118  128  138  142  156  152                                   
    70.0-180.0 180.0   5.0 450.0                            LAT/LON1/LON2/DLON/H
  176  170  167  170  166  167  167  171  176  177  177  174  167  157  145  131
  118  107   98   93   90   91   93   98  102  107  110  112  113  113  112  111
  110  109  109  109  109  109  109  110  110  109  109  108  108  107  107  107
  108  109  109  110  110  109  107  105  103  102  101  101  102  104  107  111
  114  118  127  132  143  157  161  173  176                                   
    67.5-180.0 180.0   5.0 450.0                            LAT/LON1/LON2/DLON/H
  194  195  190  193  189  189  189  193  198  199  198  194  184  170  153  135
  117  103   92   85   82   83   86   91   96  101  104  105  104  103  101   98
   96   95   94   93   92   92   92   92   92   92   91   90   89   89   89   89
   91   92   94   96   97   97   97   96   94   94   94   95   98  101  106  112
  116  121  132  138  153  167  174  186  194                                   
    65.0-180.0 180.0   5.0 450.0                            LAT/LON1/LON2/DLON/H
  207  210  206  209  208  207  207  213  220  222  221  217  205  188  167  144
  123  106   93   85   82   82   85   88   91   94   94   93   91   87   83   80
   76   74   72   70   70   69   69   69   70   70   70   70   69   68   68   69
   71   74   78   81   84   85   86   86   86   87   89   92   96  101  107  114
  118  125  135  142  157  172  182  195  207                                   
    62.5-180.0 180.0   5.0 450.0                            LAT/LON1/LON2/DLON/H
  213  220  217  221  222  222  223  230  239  243  245  240  228  209  185  160
  137  118  103   94   89   88   88   88   88   87   84   80   75   70   65   60
   57   54   52   51   50   50   50   51   52   53   54   54   54   53   53   54
   56   59   63   68   72   75   77   79   81   83   87   92   98  105  112  119
  124  129  139  145  157  173  183  199  213                                   
    60.0-180.0 180.0   5.0 450.0                            LAT/LON1/LON2/DLON/H
  213  223  223  227  229  230  231  241  252  258  262  259  247  229  205  180
  156  136  121  109  102   97   92   88   84   79   73   66   60   55   49   45
   42   39   37   36   36   36   37   39   41   43   44   45   45   44   44   44
   45   49   53   58   62   66   70   73   76   80   86   93  101  110  119  126
  131  135  144  149  158  171  181  199  213                                   
    57.5-180.0 180.0   5.0 450.0                            LAT/LON1/LON2/DLON/H
  212  226  228  232  235  236  238  248  260  268  272  271  261  245  224  201
  179  160  143  129  117  107   97   88   79   71   63   56   50   45   40   37
   34   32   31   30   30   31   32   34   37   40   42   43   43   42   41   40
   41   43   48   53   58   62   66   70   75   81   88   97  107  117  127  136
  141  146  155  158  165  173  182  201  212                                   
    55.0-180.0 180.0   5.0 450.0                            LAT/LON1/LON2/DLON/H
  217  232  236  239  244  244  246  255  266  273  277  276  269  255  238  220
  201  183  166  148  131  115  101   88   77   67   59   52   47   42   39   36
   34   33   33   33   33   34   36   38   41   44   47   48   48   46   44   43
   43   45   48   53   58   63   67   72   78   84   93  103  114  126  138  148
  155  161  171  174  179  183  190  209  217                                   
    52.5-180.0 180.0   5.0 450.0                            LAT/LON1/LON2/DLON/H
  229  245  249  252  257  257  258  265  273  277  279  277  270  259  247  233
  218  202  183  163  142  122  105   90   78   68   60   55   51   47   45   43
   41   41   41   42   44   45   47   50   52   55   58   59   59   57   55   53
   52   53   56   60   65   69   74   79   84   91  100  111  123  135  149  161
  171  179  191  195  200  201  205  224  229                                   
    50.0-180.0 180.0   5.0 450.0                            LAT/LON1/LON2/DLON/H
  249  265  267  270  276  277  276  280  283  283  280  276  269  260  251  241
  229  213  194  171  148  128  110   95   84   76   70   65   61   58   56   54
   52   53   54   57   59   61   63   65   68   70   72   73   73   72   70   68
   67   68   70   73   77   81   85   90   95  101  109  120  131  144  159  174
  186  199  213  219  225  226  228  245  249                                   
    47.5-180.0 180.0   5.0 450.0                            LAT/LON1/LON2/DLON/H
  272  289  288  292  300  300  299  299  298  292  285  276  268  260  253  245
  234  218  198  174  152  133  117  105   97   90   85   80   76   72   68   64
   63   64   66   70   74   78   80   81   83   85   87   88   89   88   87   86
   85   86   88   90   93   96   99  102  106  112  120  129  140  153  168  185
  200  217  233  242  251  254  255  268  272                                   
    45.0-180.0 180.0   5.0 450.0                            LAT/LON1/LON2/DLON/H
  293  312  310  316  324  325  323  320  315  305  293  282  271  263  256  248
  236  219  198  175  155  140  128  120  115  109  104   97   90   83   76   70
   68   69   73   79   85   89   92   94   95   96   98  100  102  103  103  104
  104  105  106  107  109  110  112  114  118  123  130  138  148  160  175  193
  211  230  249  261  273  278  280  290  293                                   
    42.5-180.0 180.0   5.0 450.0                            LAT/LON1/LON2/DLON/H
  307  327  325  334  342  344  343  340  333  319  305  291  280  271  262  252
  238  219  198  179  163  152  145  141  137  130  122  111   99   87   77   69
   66   68   73   81   89   95   98  100  101  102  104  107  110  113  116  117
  119  120  120  120  120  120  121  124  128  133  140  148  157  168  182  200
  219  239  260  274  287  294  297  304  307                                   
    40.0-180.0 180.0   5.0 450.0                            LAT/LON1/LON2/DLON/H
  311  331  329  339  349  352  353  350  344  330  316  303  291  282  272  260
  244  225  205  189  177  171  168  165  159  149  134  118  101   86   73   65
   62   65   72   81   89   96  100  102  103  105  107  111  115  119  122  124
  126  127  127  126  126  126  127  131  136  142  150  158  166  177  190  208
  225  245  265  279  291  299  304  309  311                                   
    37.5-180.0 180.0   5.0 450.0                            LAT/LON1/LON2/DLON/H
  306  323  321  330  341  346  347  348  344  334  322  312  303  295  285  272
  255  237  220  208  200  196  193  186  175  159  139  118   99   83   71   64
   63   67   75   84   93   99  102  103  105  107  110  114  117  120  123  125
  127  127  127  127  127  128  130  135  142  150  159  167  177  187  201  217
  233  250  269  281  290  297  303  310  306                                   
    35.0-180.0 180.0   5.0 450.0                            LAT/LON1/LON2/DLON/H
  298  310  307  312  324  329  331  334  334  328  322  316  311  306  298  285
  270  254  242  233  227  221  212  199  181  160  138  117  100   87   79   76
   77   81   89   97  104  108  109  110  111  113  116  118  119  120  120  121
  122  122  122  122  123  125  129  136  145  156  166  177  188  200  215  231
  246  260  276  284  290  296  303  312  298                                   
    32.5-180.0 180.0   5.0 450.0                            LAT/LON1/LON2/DLON/H
  294  301  297  298  307  310  311  316  319  317  315  314  314  312  307  297
  285  274  265  258  250  239  223  202  179  156  137  122  112  107  104  105
  108  112  118  123  126  125  124  123  123  125  126  126  124  121  118  115
  114  113  112  113  116  119  125  134  145  158  171  185  199  215  232  250
  264  276  290  294  299  304  311  322  294                                   
    30.0-180.0 180.0   5.0 450.0                            LAT/LON1/LON2/DLON/H
  303  307  302  297  301  301  301  305  309  308  308  310  313  314  311  305
  298  291  285  278  266  247  223  197  174  156  146  142  142  146  150  154
  157  160  161  161  157  151  146  142  142  142  142  139  133  125  117  111
  106  104  103  105  108  113  120  130  143  159  176  194  212  232  253  273
  288  300  311  313  318  323  329  344  303                                   
    27.5-180.0 180.0   5.0 450.0                            LAT/LON1/LON2/DLON/H
  332  332  323  314  313  311  309  310  311  309  308  310  312  314  312  309
  305  301  296  286  269  244  216  191  173  167  170  180  193  206  216  222
  223  220  214  205  193  181  171  166  164  163  161  155  144  132  119  109
  102   99   98   99  103  108  116  127  143  162  183  205  227  251  276  299
  316  329  340  339  349  355  359  378  332                                   
    25.0-180.0 180.0   5.0 450.0                            LAT/LON1/LON2/DLON/H
  380  376  363  351  345  341  337  334  330  325  321  319  318  317  314  310
  306  303  296  282  260  233  207  190  186  194  213  238  262  283  295  299
  294  282  265  247  228  210  196  189  185  184  180  171  157  140  124  112
  104   99   98   99  102  108  115  128  146  167  192  218  245  273  301  327
  346  362  372  371  387  398  403  426  380                                   
    22.5-180.0 180.0   5.0 450.0                            LAT/LON1/LON2/DLON/H
  444  435  421  407  397  391  385  376  368  358  349  342  336  330  322  314
  306  298  287  269  245  222  207  204  217  242  275  311  342  364  373  369
  353  330  305  279  254  232  216  207  203  200  195  184  167  148  130  117
  109  105  103  104  106  111  118  131  151  176  204  233  263  294  325  354
  377  396  409  411  432  449  461  488  444                                   
    20.0-180.0 180.0   5.0 450.0                            LAT/LON1/LON2/DLON/H
  515  503  490  476  463  458  450  437  423  408  394  381  369  356  341  326
  310  295  276  256  236  223  223  239  269  308  350  388  417  431  429  413
  387  357  326  295  267  243  227  217  212  209  203  190  173  153  136  123
  116  112  110  110  111  115  122  136  158  185  216  248  281  315  348  379
  407  431  448  456  482  505  528  558  515                                   
    17.5-180.0 180.0   5.0 450.0                            LAT/LON1/LON2/DLON/H
  581  569  559  548  534  529  522  508  492  473  453  435  416  396  373  349
  324  300  276  255  243  244  263  296  339  383  423  453  469  468  452  424
  392  358  323  291  263  240  225  217  213  210  203  191  174  156  140  129
  122  118  116  116  116  119  127  142  165  195  228  263  298  333  368  402
  434  463  487  503  532  558  592  623  581                                   
    15.0-180.0 180.0   5.0 450.0                            LAT/LON1/LON2/DLON/H
  630  621  617  612  599  598  593  580  563  543  521  499  476  449  419  386
  352  321  293  276  274  292  326  371  417  456  482  493  489  469  438  402
  366  330  296  266  241  223  212  207  206  205  200  188  173  157  144  135
  129  125  123  122  121  124  132  149  174  205  239  275  312  349  386  422
  456  490  519  544  574  600  640  671  630                                   
    12.5-180.0 180.0   5.0 450.0                            LAT/LON1/LON2/DLON/H
  658  655  659  661  652  655  652  643  628  609  588  565  541  511  476  436
  396  359  332  321  330  361  405  452  489  511  514  500  472  434  392  352
  316  282  253  228  210  199  195  196  198  199  195  186  173  160  149  141
  136  133  130  127  126  129  139  157  183  214  248  285  323  361  399  437
  473  508  542  572  603  626  667  697  658                                   
    10.0-180.0 180.0   5.0 450.0                            LAT/LON1/LON2/DLON/H
  670  675  686  694  691  696  696  690  679  664  646  626  603  574  537  495
  451  414  390  386  405  442  487  525  543  538  513  473  423  372  326  288
  257  232  211  195  187  185  187  192  196  198  195  187  175  164  155  148
  143  139  135  131  130  134  146  166  192  222  255  290  329  369  409  447
  484  520  555  588  617  637  674  704  670                                   
     7.5-180.0 180.0   5.0 450.0                            LAT/LON1/LON2/DLON/H
  671  685  702  712  713  721  723  721  714  703  689  675  656  631  596  555
  514  480  461  464  488  525  560  578  569  534  481  418  357  304  264  235
