data/edconvlstm_nd/pred2750.15i
     1.0            IONOSPHERE MAPS     GNSS                IONEX VERSION / TYPE
pyspatialgeodesy        IME             05-JAN-18 20:20     PGM / RUN BY / DATE 
Map Name                                                    COMMENT             
Predicted global ionosphere maps (GIM).                     DESCRIPTION         
  2015    10     2     0     0     0                        EPOCH OF FIRST MAP  
  2015    10     3     0     0     0                        EPOCH OF LAST MAP   
  7200                                                      INTERVAL            
    13                                                      # OF MAPS IN FILE   
  NONE                                                      MAPPING FUNCTION    
10.0                                                        ELEVATION CUTOFF    
One-way carrier phase leveled to code                       OBSERVABLES USED    
  6371.0                                                    BASE RADIUS         
 2                                                          MAP DIMENSION       
   450.0 450.0   0.0                                        HGT1 / HGT2 / DHGT  
    87.5 -87.5  -2.5                                        LAT1 / LAT2 / DLAT  
  -180.0 180.0   5.0                                        LON1 / LON2 / DLON  
    -1                                                      EXPONENT            
                                                            END OF HEADER       
[from data line 3003]
     8                                                      START OF TEC MAP    
  2015    10     2    14     0     0                        EPOCH OF CURRENT MAP
    87.5-180.0 180.0   5.0 450.0                            LAT/LON1/LON2/DLON/H
  132  145  145  152  154  155  154  153  153  155  154  155  154  154  154  154
  153  153  153  152  152  152  152  152  152  152  152  151  151  151  150  150
  149  148  147  146  145  144  142  141  140  139  138  137  136  136  136  135
  135  135  136  136  137  138  138  139  140  141  141  142  143  143  144  144
  145  146  145  143  148  146  155  147  132                                   
    85.0-180.0 180.0   5.0 450.0                            LAT/LON1/LON2/DLON/H
  136  146  160  151  150  156  157  159  159  161  160  161  160  160  160  159
  159  158  158  158  158  158  157  158  158  158  158  157  157  157  156  156
  155  154  153  151  150  149  147  146  144  143  141  140  139  138  138  138
  138  138  139  140  141  142  143  144  145  146  147  147  148  148  149  149
  150  151  147  143  142  142  147  147  136                                   
    82.5-180.0 180.0   5.0 450.0                            LAT/LON1/LON2/DLON/H
  122  136  142  135  136  141  145  147  148  150  150  151  150  150  150  150
  149  149  149  149  149  150  151  151  152  153  154  155  155  155  155  155
  154  153  151  150  148  146  143  141  139  136  134  132  131  129  128  128
  128  128  129  130  132  133  135  136  137  138  139  140  140  140  139  139
  139  138  134  132  130  138  133  127  122                                   
    80.0-180.0 180.0   5.0 450.0                            LAT/LON1/LON2/DLON/H
  105  113  120  117  118  121  125  131  134  136  137  138  138  139  138  138
  138  137  137  138  138  140  141  143  145  146  148  150  151  151  151  151
  150  148  146  144  141  138  135  132  129  125  122  119  116  114  112  111
  111  112  113  114  116  118  120  122  124  125  126  126  125  125  123  122
  121  119  116  114  109  113  112  110  105                                   
    77.5-180.0 180.0   5.0 450.0                            LAT/LON1/LON2/DLON/H
   92   94   98   97   98  103  107  112  116  119  120  123  124  124  124  124
  124  124  124  125  127  129  132  136  140  143  147  150  152  153  154  154
  153  152  150  148  145  142  138  134  129  124  120  115  111  107  104  103
  102  102  103  104  106  109  111  113  114  115  116  115  114  112  109  106
  104  100   97   94   93   91   92   92   92                                   
    75.0-180.0 180.0   5.0 450.0                            LAT/LON1/LON2/DLON/H
   76   81   81   83   85   90   94   98  103  107  109  112  113  115  115  115
  115  116  117  119  122  126  131  136  142  148  153  157  160  163  164  164
  164  163  161  159  156  153  149  145  139  134  127  121  116  111  107  104
  102  101  102  103  104  106  108  109  110  111  111  110  108  106  102   99
   95   90   87   81   80   78   78   72   76                                   
    72.5-180.0 180.0   5.0 450.0                            LAT/LON1/LON2/DLON/H
   67   72   71   74   75   80   84   88   92   96   99  102  105  107  108  109
  110  111  113  116  120  126  132  140  147  155  161  166  170  173  175  175
  175  175  174  172  170  167  164  159  154  148  140  133  126  119  113  109
  106  104  103  102  102  103  104  104  105  105  104  103  101   99   96   92
   87   82   79   73   72   71   71   70   67                                   
    70.0-180.0 180.0   5.0 450.0                            LAT/LON1/LON2/DLON/H
   64   69   69   71   71   75   77   80   84   87   91   95   98  101  103  105
  107  109  112  116  122  129  137  146  155  164  171  177  181  184  185  186
  186  185  185  184  183  181  178  174  169  162  154  146  137  129  122  117
  112  109  106  104  102  100   99   99   98   98   97   97   95   93   91   88
   84   79   77   71   70   70   73   71   64                                   
    67.5-180.0 180.0   5.0 450.0                            LAT/LON1/LON2/DLON/H
   63   69   70   72   71   75   76   78   81   84   87   91   95  100  103  106
  109  111  115  120  127  135  144  154  164  172  180  185  189  192  193  193
  193  193  192  192  192  191  189  185  180  173  165  156  147  138  131  124
  118  113  109  104  101   97   94   92   91   90   90   90   90   89   88   86
   84   80   77   72   71   71   73   71   63                                   
    65.0-180.0 180.0   5.0 450.0                            LAT/LON1/LON2/DLON/H
   63   70   69   72   69   72   72   73   75   78   81   86   91   96  101  106
  110  113  118  123  130  139  149  159  169  178  185  190  194  196  198  198
  198  197  197  197  197  196  195  192  188  181  173  164  154  145  137  130
  123  116  110  104   98   92   88   84   81   80   80   81   82   83   83   83
   82   80   78   74   73   74   76   74   63                                   
    62.5-180.0 180.0   5.0 450.0                            LAT/LON1/LON2/DLON/H
   60   66   66   68   65   68   67   67   68   70   74   79   85   92   99  105
  110  114  119  124  132  140  150  160  170  178  185  190  194  197  199  200
  200  199  199  198  198  197  196  193  189  183  175  166  157  148  139  131
  124  117  109  101   94   87   80   76   72   71   72   73   75   77   78   79
   79   78   77   73   72   72   73   72   60                                   
    60.0-180.0 180.0   5.0 450.0                            LAT/LON1/LON2/DLON/H
   56   60   59   61   58   60   59   59   60   61   65   70   77   86   94  101
  107  112  117  122  129  138  147  157  166  175  182  188  193  197  200  202
  202  202  201  199  198  197  195  192  188  181  174  165  156  148  139  131
  123  115  107   98   90   82   75   70   66   65   66   67   69   71   73   75
   75   73   73   69   68   67   67   67   56                                   
    57.5-180.0 180.0   5.0 450.0                            LAT/LON1/LON2/DLON/H
   52   52   50   53   51   53   53   53   53   54   57   62   70   79   88   97
  104  109  114  119  126  134  143  153  162  170  178  185  192  199  204  207
  209  208  206  203  201  199  196  193  188  182  175  167  159  150  142  134
  126  117  108   99   90   82   76   71   68   67   67   69   70   72   73   74
   73   72   71   67   65   62   61   61   52                                   
    55.0-180.0 180.0   5.0 450.0                            LAT/LON1/LON2/DLON/H
   49   46   44   47   46   48   49   50   50   50   52   57   64   73   83   93
  100  106  111  116  122  130  140  149  159  167  176  185  195  203  211  216
  218  217  214  210  206  203  200  196  192  187  180  173  165  157  148  140
  131  122  112  103   95   88   82   78   76   76   76   77   77   78   77   77
   75   73   72   68   65   60   57   57   49                                   
    52.5-180.0 180.0   5.0 450.0                            LAT/LON1/LON2/DLON/H
   50   45   43   46   46   49   51   52   52   52   52   55   61   70   81   91
   99  105  110  115  122  130  140  149  159  169  179  189  200  211  220  226
  228  227  223  219  214  210  207  204  200  195  190  183  176  168  159  149
  140  130  120  111  103   97   93   90   89   90   91   91   90   89   87   85
   82   79   78   74   69   64   60   57   50                                   
    50.0-180.0 180.0   5.0 450.0                            LAT/LON1/LON2/DLON/H
   57   50   48   51   52   55   58   59   59   59   58   59   63   71   81   91
  100  107  112  118  125  134  144  155  165  175  185  196  208  219  229  235
  238  236  232  227  223  219  216  214  210  207  202  197  190  182  173  162
  151  140  130  121  113  107  104  103  104  105  107  107  106  103   99   96
   92   90   88   84   80   74   70   65   57                                   
    47.5-180.0 180.0   5.0 450.0                            LAT/LON1/LON2/DLON/H
   68   62   59   62   62   66   69   71   71   70   68   67   70   77   86   96
  105  112  118  124  132  142  154  165  175  185  195  205  216  226  235  241
  242  241  238  234  231  228  226  224  222  219  215  211  205  197  187  175
  162  150  138  128  120  114  111  111  113  117  119  120  119  116  112  108
  104  102  100   97   94   89   86   78   68                                   
    45.0-180.0 180.0   5.0 450.0                            LAT/LON1/LON2/DLON/H
   81   77   74   76   76   80   82   84   85   83   80   79   80   86   94  104
  112  120  127  134  143  154  166  177  188  197  205  213  222  229  236  240
  242  242  240  239  238  237  237  235  233  230  227  223  217  209  198  185
  171  156  143  131  122  115  111  111  114  119  124  126  126  124  121  117
  114  113  112  110  108  106  103   95   81                                   
    42.5-180.0 180.0   5.0 450.0                            LAT/LON1/LON2/DLON/H
   92   91   88   91   89   91   93   95   96   95   93   92   92   97  105  114
  122  130  138  146  156  167  179  190  199  207  213  218  223  228  232  236
  238  240  242  245  247  248  248  246  243  239  235  231  226  218  206  192
  176  159  143  129  118  109  104  103  106  112  118  123  126  125  123  122
  120  119  119  119  119  119  117  109   92                                   
    40.0-180.0 180.0   5.0 450.0                            LAT/LON1/LON2/DLON/H
   98  101   98  100   97   97   98  101  102  103  102  102  104  108  116  124
  133  141  149  158  168  179  190  200  208  214  217  220  222  224  228  232
  237  243  250  256  262  265  264  260  255  248  243  237  231  223  211  196
  179  160  143  126  112  100   93   90   93   99  107  114  118  120  120  120
  119  120  121  121  122  124  124  117   98                                   
    37.5-180.0 180.0   5.0 450.0                            LAT/LON1/LON2/DLON/H
   99  103  101  102   99   97   97  100  103  106  107  109  113  118  126  135
  143  152  160  169  179  189  198  206  212  216  219  220  221  223  228  236
  245  257  269  280  287  290  287  280  271  261  252  245  238  229  218  202
  184  165  145  127  111   97   87   82   83   88   96  104  109  112  114  115
  114  115  116  116  118  120  121  116   99                                   
    35.0-180.0 180.0   5.0 450.0                            LAT/LON1/LON2/DLON/H
   94   99   97   99   95   92   91   94   98  103  107  113  119  126  135  143
  152  161  170  179  188  196  203  209  213  216  219  221  225  231  240  253
  270  288  305  319  326  327  321  309  294  280  268  258  250  242  230  215
  197  178  158  139  121  105   93   86   84   88   94  100  106  109  110  111
  110  109  109  108  108  110  111  107   94                                   
    32.5-180.0 180.0   5.0 450.0                            LAT/LON1/LON2/DLON/H
   88   92   90   91   88   84   83   85   90   96  104  112  121  131  141  150
  159  168  178  187  195  201  206  209  212  216  221  228  237  250  267  289
  312  337  358  372  379  376  365  348  328  309  294  282  273  264  253  239
  222  203  184  165  147  130  117  108  103  104  107  111  114  115  115  114
  111  107  105  101   99   99  100   96   88                                   
    30.0-180.0 180.0   5.0 450.0                            LAT/LON1/LON2/DLON/H
   85   87   83   85   81   76   75   77   82   89   98  109  122  134  145  155
  164  174  184  194  201  205  207  209  212  218  228  242  260  283  310  340
  371  400  423  437  440  432  416  394  371  349  331  318  308  299  288  275
  259  241  223  205  188  173  160  150  143  140  139  138  137  134  131  128
  121  114  108  100   96   93   94   89   85                                   
    27.5-180.0 180.0   5.0 450.0                            LAT/LON1/LON2/DLON/H
   86   86   80   81   78   74   72   72   76   83   93  105  120  134  147  157
  167  178  189  199  206  209  210  211  215  224  241  264  293  326  363  401
  438  471  494  504  501  488  468  443  419  396  378  364  354  345  334  322
  307  290  272  256  242  229  218  208  199  192  185  179  172  165  158  151
  141  131  120  109  102   96   96   88   86                                   
    25.0-180.0 180.0   5.0 450.0                            LAT/LON1/LON2/DLON/H
   92   91   83   83   81   76   74   72   75   80   89  102  118  133  147  159
  169  180  192  203  210  213  214  215  222  236  260  293  332  375  420  465
  506  538  557  561  552  534  511  487  465  445  429  416  406  396  386  373
  358  341  324  310  299  289  280  271  260  249  238  226  214  201  191  181
  168  156  141  127  117  109  106   96   92                                   
    22.5-180.0 180.0   5.0 450.0                            LAT/LON1/LON2/DLON/H
  104  101   91   90   88   84   81   77   78   80   87  100  115  132  147  159
  170  182  195  206  214  217  219  223  234  254  285  325  373  423  474  522
  561  588  599  595  580  559  537  517  500  486  475  465  456  446  434  420
  403  385  368  355  346  339  332  323  312  299  284  268  252  236  222  210
  196  183  166  150  139  129  123  110  104                                   
    20.0-180.0 180.0   5.0 450.0                            LAT/LON1/LON2/DLON/H
  117  113  101  100   98   93   90   85   83   83   88   99  114  132  147  160
  172  184  197  209  217  222  226  234  249  275  312  358  410  464  516  560
  593  610  611  598  579  559  541  528  520  513  508  502  494  483  470  454
  435  414  396  381  372  366  360  352  341  327  312  296  278  261  246  233
  219  207  190  174  161  150  142  127  117                                   
    17.5-180.0 180.0   5.0 450.0                            LAT/LON1/LON2/DLON/H
  128  125  112  109  106  101   98   91   88   86   89   99  114  132  148  162
  175  187  200  212  221  228  235  248  268  299  340  388  440  492  538  574
  595  600  591  574  555  538  528  523  523  524  524  522  514  503  488  469
  447  424  402  384  372  365  359  352  343  332  319  305  289  273  258  246
  234  224  207  193  179  167  158  142  128                                   
    15.0-180.0 180.0   5.0 450.0                            LAT/LON1/LON2/DLON/H
  134  132  119  115  111  105  102   95   91   88   91  100  115  133  151  166
  179  192  205  217  227  235  246  264  290  325  367  413  460  504  540  564
  572  567  552  534  518  509  505  508  515  522  526  525  518  505  488  467
  442  415  389  366  351  341  335  330  323  316  308  298  286  273  260  249
  238  230  215  202  189  177  167  152  134                                   
    12.5-180.0 180.0   5.0 450.0                            LAT/LON1/LON2/DLON/H
  134  133  121  116  111  103  101   94   90   89   92  101  117  136  155  171
  186  200  213  224  234  244  260  282  312  349  390  431  470  503  527  537
  536  524  509  494  484  482  485  494  505  514  519  517  509  495  476  452
  425  395  364  338  318  306  300  296  293  290  287  282  274  264  254  243
  234  226  214  203  190  178  168  154  134                                   
    10.0-180.0 180.0   5.0 450.0                            LAT/LON1/LON2/DLON/H
  130  129  118  112  106   98   96   90   87   88   92  103  120  140  160  178
  194  209  222  234  244  256  275  301  335  372  410  444  473  494  506  507
  500  488  476  467  464  468  477  488  499  507  510  507  496  480  459  434
  405  373  340  310  288  275  269  266  266  266  266  265  262  254  245  235
  226  218  207  197  184  172  161  149  130                                   
     7.5-180.0 180.0   5.0 450.0                            LAT/LON1/LON2/DLON/H
  124  123  113  107  100   91   89   84   84   86   93  105  123  144  165  185
  202  218  233  245  256  270  291  321  356  392  425  452  472  483  486  483
