data/edconvlstm_nd/pred2320.15i
     1.0            IONOSPHERE MAPS     GNSS                IONEX VERSION / TYPE
pyspatialgeodesy        IME             05-JAN-18 20:20     PGM / RUN BY / DATE 
Map Name                                                    COMMENT             
Predicted global ionosphere maps (GIM).                     DESCRIPTION         
  2015     8    20     0     0     0                        EPOCH OF FIRST MAP  
  2015     8    21     0     0     0                        EPOCH OF LAST MAP   
  7200                                                      INTERVAL            
    13                                                      # OF MAPS IN FILE   
  NONE                                                      MAPPING FUNCTION    
10.0                                                        ELEVATION CUTOFF    
One-way carrier phase leveled to code                       OBSERVABLES USED    
  6371.0                                                    BASE RADIUS         
 2                                                          MAP DIMENSION       
   450.0 450.0   0.0                                        HGT1 / HGT2 / DHGT  
    87.5 -87.5  -2.5                                        LAT1 / LAT2 / DLAT  
  -180.0 180.0   5.0                                        LON1 / LON2 / DLON  
    -1                                                      EXPONENT            
                                                            END OF HEADER       
[from data line 2145]
     6                                                      START OF TEC MAP    
  2015     8    20    10     0     0                        EPOCH OF CURRENT MAP
    87.5-180.0 180.0   5.0 450.0                            LAT/LON1/LON2/DLON/H
   75   83   83   87   89   90   88   85   86   88   88   89   89   89   89   89
   89   90   90   90   90   90   90   90   89   89   89   89   89   88   88   88
   88   88   88   87   87   87   87   87   87   87   87   87   86   86   86   85
   85   84   84   83   82   81   80   79   78   77   76   75   75   74   74   74
   75   76   74   73   77   78   90   91   75                                   
    85.0-180.0 180.0   5.0 450.0                            LAT/LON1/LON2/DLON/H
   74   88   97   89   91   95   94   95   96   97   96   97   97   97   97   97
   97   97   97   97   97   98   98   98   98   98   98   98   98   98   98   98
   98   98   98   98   98   98   99   99   99   99   99   99   99   99   98   98
   97   97   96   95   93   92   91   89   88   86   85   84   83   82   81   81
   82   83   78   76   76   81   89   90   74                                   
    82.5-180.0 180.0   5.0 450.0                            LAT/LON1/LON2/DLON/H
   71   85   94   89   89   93   94   94   95   96   95   96   95   95   94   94
   94   94   94   94   95   95   95   96   96   97   97   97   97   97   97   98
   98   98   99   99  100  100  101  102  102  103  104  104  105  105  105  105
  104  103  102  101   99   98   96   93   91   89   86   84   82   80   79   78
   78   78   74   73   76   82   79   79   71                                   
    80.0-180.0 180.0   5.0 450.0                            LAT/LON1/LON2/DLON/H
   71   79   88   87   87   88   89   91   92   92   90   90   89   88   87   86
   86   86   86   87   87   88   89   90   91   91   92   92   92   93   93   93
   94   95   95   96   98   99  100  102  103  105  106  108  109  109  110  110
  110  110  109  107  105  103  100   97   94   91   87   84   81   78   76   74
   73   72   71   69   71   78   82   80   71                                   
    77.5-180.0 180.0   5.0 450.0                            LAT/LON1/LON2/DLON/H
   75   80   84   85   85   88   88   89   90   88   85   84   82   80   79   78
   77   77   78   79   80   82   83   85   86   87   88   88   89   89   90   90
   91   92   94   95   97   99  101  104  106  109  111  113  115  117  118  119
  119  119  118  117  115  112  109  105  101   97   93   88   84   80   77   74
   72   70   67   68   68   70   74   78   75                                   
    75.0-180.0 180.0   5.0 450.0                            LAT/LON1/LON2/DLON/H
   69   76   76   79   80   85   84   84   83   81   77   75   71   69   67   65
   65   65   66   67   69   71   74   76   77   79   80   81   82   82   83   84
   86   87   89   91   94   97   99  102  106  108  111  114  116  118  120  121
  122  122  121  120  119  116  113  109  105  100   95   91   86   82   78   75
   72   69   66   63   65   67   71   70   69                                   
    72.5-180.0 180.0   5.0 450.0                            LAT/LON1/LON2/DLON/H
   68   73   72   75   77   82   82   81   79   76   72   69   64   61   59   57
   56   57   58   60   63   65   68   70   72   74   75   76   77   78   80   81
   83   86   88   91   94   98  101  105  108  111  114  117  119  121  122  123
  124  124  124  124  122  120  117  114  110  106  102   97   93   89   85   81
   78   75   72   68   67   68   69   71   68                                   
    70.0-180.0 180.0   5.0 450.0                            LAT/LON1/LON2/DLON/H
   69   70   71   72   72   76   75   74   72   70   65   61   57   53   51   49
   49   49   51   53   56   59   62   64   66   68   69   70   71   73   75   78
   81   84   87   91   95   99  103  106  110  114  116  119  120  121  122  122
  122  122  122  121  120  119  117  114  111  108  104  101   98   95   91   89
   85   82   79   74   71   70   72   74   69                                   
    67.5-180.0 180.0   5.0 450.0                            LAT/LON1/LON2/DLON/H
   67   67   68   68   68   71   70   69   67   65   60   58   54   50   48   47
   46   47   49   51   54   56   59   61   62   63   64   65   67   69   72   75
   78   82   87   91   95  100  104  109  113  116  119  120  121  120  119  118
  117  116  116  115  115  114  112  111  109  107  105  103  101   99   97   96
   93   89   86   80   75   73   72   72   67                                   
    65.0-180.0 180.0   5.0 450.0                            LAT/LON1/LON2/DLON/H
   68   67   66   66   64   66   65   65   63   62   58   56   53   51   49   48
   47   48   49   51   54   56   58   59   60   61   61   63   64   67   71   75
   79   84   89   94   99  105  110  115  119  123  125  126  126  124  121  119
  116  114  113  112  112  111  110  110  108  108  107  107  106  106  105  104
  103   99   96   90   84   81   78   78   68                                   
    62.5-180.0 180.0   5.0 450.0                            LAT/LON1/LON2/DLON/H
   69   67   64   63   60   61   60   59   59   58   56   55   53   52   51   50
   50   50   51   52   54   56   57   58   58   59   59   60   62   66   70   75
   80   86   92   97  103  109  115  120  126  130  133  134  132  130  125  121
  117  114  112  111  111  111  110  110  109  109  109  109  110  111  111  111
  110  107  104   98   92   87   83   82   69                                   
    60.0-180.0 180.0   5.0 450.0                            LAT/LON1/LON2/DLON/H
   71   67   63   60   56   56   54   53   53   52   52   52   52   52   52   51
   51   51   51   52   53   54   55   55   56   56   56   58   60   64   69   74
   80   87   93  100  106  113  119  125  132  137  140  142  140  137  132  126
  121  118  116  115  114  114  113  113  112  112  112  112  113  114  114  114
  114  111  109  104   98   92   88   85   71                                   
    57.5-180.0 180.0   5.0 450.0                            LAT/LON1/LON2/DLON/H
   75   68   63   59   54   53   50   48   47   47   47   49   50   51   51   51
   51   50   50   50   50   51   52   53   54   54   55   57   60   64   69   75
   82   89   97  104  111  118  125  132  139  146  150  153  152  149  143  138
  132  129  127  126  125  125  123  122  120  119  119  119  120  120  119  119
  118  116  114  109  104   98   93   89   75                                   
    55.0-180.0 180.0   5.0 450.0                            LAT/LON1/LON2/DLON/H
   79   70   65   60   54   51   47   44   43   43   43   45   46   48   49   49
   49   48   47   47   47   48   49   50   52   53   55   57   60   65   70   77
   84   92  100  108  116  124  131  139  147  154  160  164  164  162  157  152
  147  144  142  141  140  139  137  134  132  129  128  128  127  126  125  123
  122  119  118  113  108  103   98   94   79                                   
    52.5-180.0 180.0   5.0 450.0                            LAT/LON1/LON2/DLON/H
   83   74   68   64   57   53   48   44   41   39   39   41   42   44   46   46
   46   45   44   43   43   45   46   49   51   53   56   59   62   67   73   80
   88   96  105  114  123  131  139  147  155  163  170  175  177  176  172  168
  164  161  159  158  157  154  151  147  144  141  138  137  136  134  131  129
  126  123  122  118  113  109  103   98   83                                   
    50.0-180.0 180.0   5.0 450.0                            LAT/LON1/LON2/DLON/H
   88   78   72   69   62   58   52   47   42   39   38   38   39   41   42   43
   43   42   41   40   41   42   44   48   51   55   58   62   66   71   77   84
   92  101  112  122  131  140  148  156  164  172  180  186  189  189  187  184
  181  178  176  174  172  168  164  159  154  150  147  146  144  142  139  136
  132  129  127  123  118  114  108  103   88                                   
    47.5-180.0 180.0   5.0 450.0                            LAT/LON1/LON2/DLON/H
   92   83   78   75   68   65   59   53   48   43   40   39   39   40   41   42
   42   41   40   39   39   41   44   48   53   58   62   67   71   76   82   89
   97  108  119  131  142  151  159  166  174  182  190  197  200  202  201  199
  196  194  191  188  184  178  172  166  160  156  154  152  151  149  146  143
  140  136  134  129  124  120  114  108   92                                   
    45.0-180.0 180.0   5.0 450.0                            LAT/LON1/LON2/DLON/H
   94   87   83   82   75   73   68   63   56   51   46   43   42   41   42   42
   43   42   41   40   40   42   45   50   56   62   67   72   77   82   87   94
  104  115  128  142  154  164  171  178  186  193  201  207  211  213  214  213
  211  208  204  199  192  185  177  169  163  159  157  157  156  155  153  151
  148  144  141  136  130  125  118  113   94                                   
    42.5-180.0 180.0   5.0 450.0                            LAT/LON1/LON2/DLON/H
   96   90   87   87   82   80   77   73   67   62   55   52   48   47   46   46
   46   46   44   43   43   45   48   54   60   67   73   78   83   88   93  100
  110  123  137  152  166  177  185  192  198  205  212  218  222  225  226  226
  225  221  216  208  199  190  180  171  165  161  159  160  161  161  160  159
  157  153  149  143  136  130  122  117   96                                   
    40.0-180.0 180.0   5.0 450.0                            LAT/LON1/LON2/DLON/H
   97   93   90   91   86   85   84   81   77   73   67   62   58   55   53   53
   53   52   50   49   49   50   53   58   64   71   78   83   89   94   99  106
  117  130  146  162  177  189  198  205  212  218  224  230  234  238  240  242
  241  237  230  221  210  198  186  177  169  165  164  164  166  167  167  167
  166  162  157  149  141  133  125  119   97                                   
    37.5-180.0 180.0   5.0 450.0                            LAT/LON1/LON2/DLON/H
   99   95   92   92   88   87   87   86   85   82   77   73   68   65   62   61
   60   59   58   56   55   56   58   63   68   75   82   88   94   99  105  112
  123  136  153  171  187  200  210  218  224  231  237  243  248  253  257  260
  261  258  251  240  227  214  201  191  182  177  175  175  175  176  176  176
  175  170  164  155  145  135  127  120   99                                   
    35.0-180.0 180.0   5.0 450.0                            LAT/LON1/LON2/DLON/H
  103   99   94   93   89   87   87   87   88   87   85   82   77   74   71   68
   67   65   64   63   63   63   65   68   72   79   85   92   98  104  110  118
  128  142  159  177  194  208  220  228  236  243  250  257  263  270  277  283
  286  285  279  268  256  242  228  217  207  201  196  194  191  190  188  188
  185  179  171  160  148  136  128  120  103                                   
    32.5-180.0 180.0   5.0 450.0                            LAT/LON1/LON2/DLON/H
  109  104   98   94   89   86   85   86   88   89   89   87   84   81   77   74
   72   70   69   69   69   70   71   73   77   82   88   95  102  108  115  123
  133  147  163  181  199  214  226  237  246  254  262  270  279  289  299  309
  316  317  314  305  294  281  268  255  245  237  230  223  217  211  206  203
  198  189  179  164  151  137  129  120  109                                   
    30.0-180.0 180.0   5.0 450.0                            LAT/LON1/LON2/DLON/H
  118  111  103   97   92   87   84   84   86   88   89   90   88   85   82   78
   75   73   73   74   75   77   77   78   81   85   91   99  106  113  120  128
  138  151  167  184  202  218  231  243  253  263  273  283  294  308  322  336
  347  353  353  348  339  328  316  303  292  282  273  262  251  240  230  223
  213  202  188  170  155  138  132  122  118                                   
    27.5-180.0 180.0   5.0 450.0                            LAT/LON1/LON2/DLON/H
  130  120  111  103   97   91   86   84   85   86   88   90   89   87   84   80
   77   75   76   78   81   83   83   84   85   88   94  102  109  117  124  132
  142  155  170  187  205  221  235  248  259  270  282  294  309  326  345  363
  377  387  391  390  385  376  365  354  342  332  320  307  291  275  260  247
  233  217  199  177  160  142  136  126  130                                   
    25.0-180.0 180.0   5.0 450.0                            LAT/LON1/LON2/DLON/H
  142  130  121  113  107  100   93   89   87   87   88   90   90   89   86   82
   79   77   78   81   85   88   89   88   89   92   97  105  113  121  129  138
  148  160  175  191  209  226  240  253  265  277  290  305  323  343  365  386
  404  417  424  427  425  419  409  398  387  377  365  351  332  312  292  275
  256  235  213  187  168  147  141  133  142                                   
    22.5-180.0 180.0   5.0 450.0                            LAT/LON1/LON2/DLON/H
  154  141  133  126  120  112  105   98   94   92   91   92   92   91   89   85
   81   79   81   84   89   92   93   92   92   95  101  108  117  126  134  144
  154  167  182  199  216  233  248  261  272  284  298  315  336  359  382  405
  424  439  448  453  453  448  439  429  419  410  401  387  369  347  324  302
  279  254  228  199  177  155  148  142  154                                   
    20.0-180.0 180.0   5.0 450.0                            LAT/LON1/LON2/DLON/H
  163  150  143  139  134  127  120  111  105  100   98   96   96   95   93   89
   85   83   84   88   92   95   96   95   95   98  104  112  121  130  140  151
  163  176  192  209  227  244  259  271  282  294  308  327  348  373  397  419
  438  452  461  466  466  461  452  442  434  428  422  411  395  374  350  326
  300  273  244  212  188  164  156  151  163                                   
    17.5-180.0 180.0   5.0 450.0                            LAT/LON1/LON2/DLON/H
  168  156  152  150  146  141  135  126  118  111  106  103  101  100   98   94
   91   89   89   91   94   96   96   96   97  101  107  116  125  135  147  159
  172  187  204  223  241  258  273  284  295  306  320  339  362  386  410  430
  445  456  463  466  465  458  449  440  434  431  429  422  409  391  368  345
  318  289  258  226  200  173  164  160  168                                   
    15.0-180.0 180.0   5.0 450.0                            LAT/LON1/LON2/DLON/H
  167  158  156  156  153  149  146  137  129  121  114  110  107  105  103  101
   97   95   94   94   95   95   95   96   98  103  110  119  129  141  153  167
  182  199  218  237  256  274  288  299  309  320  334  353  376  399  421  437
  447  454  457  457  453  446  436  428  424  424  424  421  412  397  377  354
  328  299  269  238  211  182  172  167  167                                   
    12.5-180.0 180.0   5.0 450.0                            LAT/LON1/LON2/DLON/H
  162  155  154  155  154  151  150  143  136  127  120  115  112  110  108  106
  103  101   98   96   95   93   93   94   98  104  112  122  133  145  159  175
  192  210  230  250  270  287  302  314  324  334  348  367  389  412  430  441
  447  449  448  446  440  431  421  414  411  412  415  413  406  393  375  354
  329  303  275  245  219  189  179  171  162                                   
    10.0-180.0 180.0   5.0 450.0                            LAT/LON1/LON2/DLON/H
  156  151  149  148  149  146  147  142  136  128  122  117  114  111  110  109
  108  105  102   98   94   91   90   92   97  105  115  125  137  150  165  182
  200  219  239  260  279  297  313  326  337  348  362  380  401  421  436  444
  447  445  442  437  431  422  413  406  404  404  405  402  395  382  365  346
  323  299  274  248  223  193  183  174  156                                   
     7.5-180.0 180.0   5.0 450.0                            LAT/LON1/LON2/DLON/H
  151  146  142  139  141  137  138  134  130  124  119  115  112  110  110  110
  109  108  104   99   93   89   87   90   97  106  117  128  140  154  169  187
