data/edconvlstm_nd/pred3380.15i
     1.0            IONOSPHERE MAPS     GNSS                IONEX VERSION / TYPE
pyspatialgeodesy        IME             05-JAN-18 20:20     PGM / RUN BY / DATE 
Map Name                                                    COMMENT             
Predicted global ionosphere maps (GIM).                     DESCRIPTION         
  2015    12     4     0     0     0                        EPOCH OF FIRST MAP  
  2015    12     5     0     0     0                        EPOCH OF LAST MAP   
  7200                                                      INTERVAL            
    13                                                      # OF MAPS IN FILE   
  NONE                                                      MAPPING FUNCTION    
10.0                                                        ELEVATION CUTOFF    
One-way carrier phase leveled to code                       OBSERVABLES USED    
  6371.0                                                    BASE RADIUS         
 2                                                          MAP DIMENSION       
   450.0 450.0   0.0                                        HGT1 / HGT2 / DHGT  
    87.5 -87.5  -2.5                                        LAT1 / LAT2 / DLAT  
  -180.0 180.0   5.0                                        LON1 / LON2 / DLON  
    -1                                                      EXPONENT            
                                                            END OF HEADER       
     1                                                      START OF TEC MAP    
  2015    12     4     0     0     0                        EPOCH OF CURRENT MAP
    87.5-180.0 180.0   5.0 450.0                            LAT/LON1/LON2/DLON/H
   78   71   56   46   43   53   48   45   46   45   45   45   45   45   45   44
   44   44   43   43   42   42   42   41   41   40   40   40   39   39   39   39
   39   39   39   40   40   40   41   41   41   42   42   43   43   44   45   45
   45   46   46   47   47   47   47   47   47   47   47   46   46   46   45   45
   45   45   44   45   35   57   56   54   78                                   
    85.0-180.0 180.0   5.0 450.0                            LAT/LON1/LON2/DLON/H
   64   71   52   50   49   60   56   53   53   53   53   52   52   52   52   52
   52   51   51   50   49   49   48   47   47   46   46   45   45   45   45   45
   46   46   47   48   48   49   50   51   52   53   54   55   56   56   57   58
   58   58   59   59   59   58   58   58   57   57   56   56   55   55   54   53
   53   52   53   58   61   67   76   64   64                                   
    82.5-180.0 180.0   5.0 450.0                            LAT/LON1/LON2/DLON/H
   51   41   49   41   39   50   45   40   43   42   42   43   43   43   42   42
   41   40   38   37   35   33   32   30   28   27   26   25   25   25   25   26
   27   28   29   30   32   34   36   38   39   41   43   45   46   48   49   49
   49   50   49   49   48   48   47   46   45   44   43   42   41   40   40   39
   38   38   39   40   48   47   58   61   51                                   
    80.0-180.0 180.0   5.0 450.0                            LAT/LON1/LON2/DLON/H
   58   49   54   41   43   47   42   38   41   40   41   42   42   41   41   40
   38   37   35   33   31   29   27   25   23   22   21   20   20   20   21   21
   23   24   25   27   29   31   33   35   37   39   41   43   44   46   47   47
   47   47   46   45   44   43   42   41   40   39   38   37   36   35   35   35
   34   34   36   36   52   47   61   78   58                                   
    77.5-180.0 180.0   5.0 450.0                            LAT/LON1/LON2/DLON/H
   66   60   51   46   46   48   41   40   44   42   43   44   44   44   43   42
   40   38   36   33   30   28   25   22   20   18   17   16   16   16   16   18
   19   20   22   24   26   28   30   32   34   36   38   40   41   42   43   43
   43   43   42   41   40   38   37   36   35   34   33   32   31   31   31   31
   30   32   35   38   45   48   57   79   66                                   
    75.0-180.0 180.0   5.0 450.0                            LAT/LON1/LON2/DLON/H
   74   61   62   57   53   55   47   45   49   47   48   48   47   45   43   41
   38   35   32   29   26   24   21   19   17   16   15   14   15   15   17   18
   20   21   23   25   26   28   29   31   33   34   36   37   38   39   39   39
   38   38   37   35   34   33   32   31   30   30   29   28   28   28   29   29
   29   32   37   38   45   57   66   80   74                                   
    72.5-180.0 180.0   5.0 450.0                            LAT/LON1/LON2/DLON/H
   80   71   73   67   64   62   55   54   57   55   55   54   52   50   46   43
   39   36   32   29   27   24   22   20   19   18   17   17   18   19   20   21
   23   24   25   26   27   28   29   29   30   31   32   33   33   33   33   33
   32   31   30   30   29   28   28   28   27   27   27   27   27   27   28   29
   29   32   42   44   53   65   77   93   80                                   
    70.0-180.0 180.0   5.0 450.0                            LAT/LON1/LON2/DLON/H
   93   86   89   85   79   76   70   68   70   67   65   63   60   55   50   44
   39   35   31   28   26   24   23   22   21   21   21   21   22   23   24   26
   27   28   28   28   29   28   29   29   29   30   30   30   31   30   30   29
   29   28   28   27   27   28   28   29   29   30   30   31   31   31   33   34
   35   39   48   53   63   78   87  100   93                                   
    67.5-180.0 180.0   5.0 450.0                            LAT/LON1/LON2/DLON/H
  105  101  103   99   91   87   79   77   78   75   72   69   63   56   49   42
   36   31   28   25   24   23   22   22   22   22   22   22   23   23   24   25
   26   26   26   25   24   24   23   23   23   24   24   24   24   24   23   23
   22   22   22   22   23   24   26   27   29   31   32   33   34   35   36   38
   39   43   53   59   71   86   94  106  105                                   
    65.0-180.0 180.0   5.0 450.0                            LAT/LON1/LON2/DLON/H
  115  111  112  108  100   94   86   85   85   81   78   74   67   59   50   42
   35   30   27   25   23   23   23   22   22   22   22   21   22   22   23   23
   23   22   22   21   19   19   18   18   18   19   20   20   20   20   20   19
   19   19   19   20   21   23   26   29   32   34   37   39   41   42   44   45
   46   50   60   65   78   93  102  114  115                                   
    62.5-180.0 180.0   5.0 450.0                            LAT/LON1/LON2/DLON/H
  124  120  119  114  106  100   91   90   91   88   85   80   72   63   54   45
   38   34   30   28   27   26   25   24   23   22   21   20   20   20   20   20
   20   19   18   17   16   16   16   16   17   18   20   21   21   21   20   20
   19   19   20   21   23   26   29   33   37   42   46   49   52   53   55   57
   57   60   68   73   84  100  107  120  124                                   
    60.0-180.0 180.0   5.0 450.0                            LAT/LON1/LON2/DLON/H
  130  125  123  118  109  102   94   93   94   91   88   83   76   67   58   51
   44   40   37   34   31   29   27   25   22   20   19   18   17   16   16   17
   17   16   16   15   15   15   15   17   18   20   22   23   24   24   23   22
   21   21   21   22   24   27   31   36   42   48   53   58   62   64   67   68
   68   70   78   81   90  104  111  124  130                                   
    57.5-180.0 180.0   5.0 450.0                            LAT/LON1/LON2/DLON/H
  135  129  127  122  113  105   97   95   96   93   90   85   79   71   64   58
   52   48   45   41   36   32   28   24   21   18   16   15   14   14   14   15
   16   16   17   17   17   18   19   20   23   25   27   29   30   30   29   27
   26   25   25   25   27   30   35   41   47   54   60   66   71   75   78   81
   81   83   90   92   99  109  116  129  135                                   
    55.0-180.0 180.0   5.0 450.0                            LAT/LON1/LON2/DLON/H
  143  137  134  129  120  111  102  100   99   95   91   86   80   74   69   65
   61   57   52   47   40   34   28   24   20   18   16   15   14   15   15   16
   18   19   21   22   24   25   26   28   30   33   36   38   38   38   37   35
   33   31   30   30   31   34   39   45   51   58   65   72   77   83   89   93
   95   97  104  105  110  117  123  137  143                                   
    52.5-180.0 180.0   5.0 450.0                            LAT/LON1/LON2/DLON/H
  153  148  145  141  132  122  112  108  106   99   93   87   81   77   73   71
   68   64   58   51   43   35   29   25   22   20   19   18   18   19   20   21
   23   26   29   32   34   36   37   39   40   43   45   47   48   48   46   44
   41   39   37   37   38   40   44   49   55   62   68   74   81   88   96  103
  108  112  120  121  125  129  134  148  153                                   
    50.0-180.0 180.0   5.0 450.0                            LAT/LON1/LON2/DLON/H
  166  163  160  158  148  138  129  122  116  106   97   90   84   79   77   76
   73   68   61   53   44   37   31   28   26   26   26   26   26   27   27   29
   32   35   39   43   46   49   50   50   52   53   56   58   59   58   57   54
   52   49   48   47   47   49   52   56   61   66   71   77   84   92  102  112
  119  126  135  137  141  144  148  163  166                                   
    47.5-180.0 180.0   5.0 450.0                            LAT/LON1/LON2/DLON/H
  179  179  176  176  168  159  149  140  131  117  105   95   88   83   80   78
   75   69   61   53   45   39   35   34   34   35   36   36   36   36   36   38
   41   45   50   55   58   61   61   61   61   63   65   67   68   69   68   66
   64   62   60   59   59   60   62   65   68   72   77   82   88   97  108  120
  130  139  149  152  157  160  163  177  179                                   
    45.0-180.0 180.0   5.0 450.0                            LAT/LON1/LON2/DLON/H
  189  191  188  191  185  178  169  159  147  131  116  104   94   88   84   80
   75   68   60   52   46   43   42   44   46   48   49   48   46   45   44   45
   47   52   57   63   67   69   69   69   68   69   71   74   76   77   77   76
   75   74   73   72   71   72   73   75   78   81   85   89   95  103  114  127
  138  149  160  164  169  172  176  188  189                                   
    42.5-180.0 180.0   5.0 450.0                            LAT/LON1/LON2/DLON/H
  192  197  193  199  195  190  183  174  162  144  128  115  104   96   89   83
   76   68   60   55   52   52   54   57   60   61   60   57   54   50   48   48
   50   55   61   66   71   73   73   72   71   72   74   77   80   82   83   84
   85   85   84   83   82   83   84   86   89   92   96  100  105  112  122  134
  145  156  167  171  176  180  183  195  192                                   
    40.0-180.0 180.0   5.0 450.0                            LAT/LON1/LON2/DLON/H
  190  193  189  196  195  191  186  180  171  155  140  127  116  106   97   88
   79   70   64   61   62   65   69   72   73   72   68   62   56   51   48   48
   50   54   60   66   70   73   73   72   72   73   75   78   81   84   86   89
   91   92   91   90   90   90   92   95   99  103  108  112  116  122  130  141
  151  161  172  176  178  182  185  197  190                                   
    37.5-180.0 180.0   5.0 450.0                            LAT/LON1/LON2/DLON/H
  184  186  181  185  185  182  178  176  171  159  148  138  128  119  108   97
   87   78   74   74   77   82   85   86   83   77   69   61   54   49   47   47
   50   54   59   64   69   71   71   71   71   73   76   79   82   84   87   90
   93   94   94   93   92   93   96  100  106  112  118  123  128  133  140  149
  158  166  176  179  180  183  186  198  184                                   
    35.0-180.0 180.0   5.0 450.0                            LAT/LON1/LON2/DLON/H
  181  180  174  173  170  168  163  164  163  157  151  146  140  132  122  110
   99   92   90   92   96   99   98   93   85   76   66   58   52   48   48   50
   53   57   61   65   69   70   71   71   73   75   78   81   83   84   86   89
   91   92   91   90   89   90   94  100  108  116  125  132  138  144  151  159
  166  174  183  186  185  186  190  204  181                                   
    32.5-180.0 180.0   5.0 450.0                            LAT/LON1/LON2/DLON/H
  187  184  176  169  161  156  150  151  153  151  150  150  148  143  135  125
  115  110  109  112  114  111  104   93   81   70   61   55   53   53   56   60
   64   68   70   72   73   74   74   75   77   80   83   84   84   84   85   86
   87   87   86   84   83   85   89   97  107  118  129  138  147  154  162  171
  178  185  195  198  198  199  205  220  187                                   
    30.0-180.0 180.0   5.0 450.0                            LAT/LON1/LON2/DLON/H
  209  207  195  180  166  157  148  146  148  147  148  152  154  152  147  139
  132  128  127  128  124  115  101   86   72   63   59   59   61   66   73   80
   85   87   87   85   84   82   82   83   85   88   90   90   88   85   84   83
   83   82   79   77   77   79   84   93  104  117  130  143  153  163  174  184
  193  202  214  218  220  222  231  249  209                                   
    27.5-180.0 180.0   5.0 450.0                            LAT/LON1/LON2/DLON/H
  250  251  235  212  195  179  164  156  153  150  151  155  159  159  156  151
  146  142  140  136  126  110   92   76   66   63   65   71   80   90  101  110
  115  114  110  104   99   95   93   94   96   98   99   97   92   88   84   81
   79   77   74   72   72   75   81   90  102  117  132  146  160  173  186  200
  212  224  238  244  251  256  268  289  250                                   
    25.0-180.0 180.0   5.0 450.0                            LAT/LON1/LON2/DLON/H
  310  319  296  269  250  227  204  187  175  165  162  163  164  165  163  159
  155  151  145  135  118   99   80   69   66   71   82   96  110  125  138  147
  149  145  135  125  115  109  106  106  107  109  108  104   97   91   85   81
   78   75   72   71   72   76   82   92  105  120  136  152  167  182  199  217
  234  250  267  276  289  298  314  338  310                                   
    22.5-180.0 180.0   5.0 450.0                            LAT/LON1/LON2/DLON/H
  383  401  376  348  330  302  270  240  216  196  184  178  175  172  169  165
  160  153  142  126  107   88   74   71   78   93  112  131  150  165  177  183
  181  171  157  141  129  121  118  117  118  117  115  109  101   93   86   82
   78   75   73   73   75   81   89   99  112  127  143  160  176  193  213  235
  257  278  298  309  328  344  364  391  383                                   
    20.0-180.0 180.0   5.0 450.0                            LAT/LON1/LON2/DLON/H
  456  484  466  442  427  399  358  314  276  243  219  203  192  184  177  171
  163  152  136  117   98   84   80   87  104  127  152  173  190  203  209  209
  202  187  168  151  138  130  126  125  125  123  118  111  102   94   87   82
   79   77   76   78   82   88   97  108  121  136  152  168  185  204  226  251
  278  304  327  341  365  387  413  442  456                                   
    17.5-180.0 180.0   5.0 450.0                            LAT/LON1/LON2/DLON/H
  515  554  549  534  527  502  457  403  351  304  267  239  218  202  190  179
  167  152  134  115  101   95  101  119  145  173  197  214  224  229  228  221
  208  189  169  152  141  134  132  130  128  124  118  109  100   92   86   83
   81   80   80   83   88   95  104  116  129  144  159  176  193  212  236  265
  295  324  350  366  393  420  451  481  515                                   
    15.0-180.0 180.0   5.0 450.0                            LAT/LON1/LON2/DLON/H
  547  596  605  605  607  589  548  491  431  373  324  284  252  228  210  195
  179  162  144  129  121  125  143  169  199  223  238  244  243  238  229  217
  200  181  162  148  139  136  135  133  129  123  114  105   97   90   85   83
   82   83   84   87   92   99  110  122  136  151  166  182  200  220  245  275
  306  338  364  383  410  439  473  503  547                                   
    12.5-180.0 180.0   5.0 450.0                            LAT/LON1/LON2/DLON/H
  551  602  624  636  649  642  609  559  499  438  383  334  294  263  239  220
  203  185  170  161  163  177  203  233  257  268  267  257  244  231  217  202
  185  167  152  142  139  138  138  136  130  121  111  101   93   88   85   84
   84   85   87   89   93  101  112  126  141  157  172  187  205  227  253  283
  314  345  372  392  417  444  479  509  551                                   
    10.0-180.0 180.0   5.0 450.0                            LAT/LON1/LON2/DLON/H
  533  580  606  627  648  651  631  592  542  486  432  383  340  305  278  257
  240  225  215  214  225  249  277  300  307  298  278  253  231  213  198  184
  170  156  146  142  143  145  146  142  134  122  111  101   93   89   87   86
   87   87   88   89   93  101  113  128  144  160  174  190  209  232  259  288
  318  348  374  394  416  440  473  502  533                                   
     7.5-180.0 180.0   5.0 450.0                            LAT/LON1/LON2/DLON/H
  504  542  566  589  613  623  614  589  553  509  464  421  382  349  324  304
  289  279  277  285  304  329  350  355  340  308  270  236  210  193  181  171
