data/edconvlstm_nd/pred3250.15i
     1.0            IONOSPHERE MAPS     GNSS                IONEX VERSION / TYPE
pyspatialgeodesy        IME             05-JAN-18 20:20     PGM / RUN BY / DATE 
Map Name                                                    COMMENT             
Predicted global ionosphere maps (GIM).                     DESCRIPTION         
  2015    11    21     0     0     0                        EPOCH OF FIRST MAP  
  2015    11    22     0     0     0                        EPOCH OF LAST MAP   
  7200                                                      INTERVAL            
    13                                                      # OF MAPS IN FILE   
  NONE                                                      MAPPING FUNCTION    
10.0                                                        ELEVATION CUTOFF    
One-way carrier phase leveled to code                       OBSERVABLES USED    
  6371.0                                                    BASE RADIUS         
 2                                                          MAP DIMENSION       
   450.0 450.0   0.0                                        HGT1 / HGT2 / DHGT  
    87.5 -87.5  -2.5                                        LAT1 / LAT2 / DLAT  
  -180.0 180.0   5.0                                        LON1 / LON2 / DLON  
    -1                                                      EXPONENT            
                                                            END OF HEADER       
[from data line 429]
     2                                                      START OF TEC MAP    
  2015    11    21     2     0     0                        EPOCH OF CURRENT MAP
    87.5-180.0 180.0   5.0 450.0                            LAT/LON1/LON2/DLON/H
   65   67   62   65   64   65   60   59   59   60   60   61   61   61   61   60
   60   59   58   57   56   55   53   52   51   50   49   49   48   48   48   48
   48   49   49   50   50   51   52   53   54   55   56   57   58   58   59   60
   60   61   61   61   61   61   61   61   61   61   61   61   60   60   60   60
   61   61   59   58   58   71   72   61   65                                   
    85.0-180.0 180.0   5.0 450.0                            LAT/LON1/LON2/DLON/H
   61   70   60   65   67   67   65   64   65   65   65   66   66   66   66   65
   65   64   62   61   59   57   55   54   52   50   49   48   47   47   47   48
   48   49   51   52   54   56   58   60   62   64   65   67   68   69   70   71
   71   71   71   71   71   70   70   70   69   69   69   68   68   67   67   68
   69   69   67   69   73   71   79   67   61                                   
    82.5-180.0 180.0   5.0 450.0                            LAT/LON1/LON2/DLON/H
   59   58   76   72   70   72   70   69   71   72   73   74   74   75   75   74
   73   71   69   66   63   60   56   53   50   47   45   43   41   41   40   41
   42   44   46   49   52   55   59   62   65   69   71   74   75   77   78   79
   79   79   78   78   77   77   76   75   75   74   74   74   74   74   74   75
   76   76   74   71   81   70   72   73   59                                   
    80.0-180.0 180.0   5.0 450.0                            LAT/LON1/LON2/DLON/H
   79   76   81   74   74   71   73   73   76   77   77   79   80   80   80   79
   78   75   72   68   64   60   55   51   47   43   40   37   36   35   35   35
   37   39   42   46   50   54   59   63   67   71   74   77   79   81   82   82
   82   82   81   80   79   78   77   77   76   76   77   77   78   78   79   81
   83   82   82   80   95   87   89   88   79                                   
    77.5-180.0 180.0   5.0 450.0                            LAT/LON1/LON2/DLON/H
   92   90   87   84   76   75   78   80   82   82   82   84   85   86   85   84
   82   79   76   71   66   61   56   50   45   41   37   34   32   31   30   31
   33   36   40   44   49   53   58   63   67   71   74   77   79   80   81   81
   81   80   79   78   77   76   76   76   76   77   78   79   81   82   84   87
   89   92   91   93  100   93   96   97   92                                   
    75.0-180.0 180.0   5.0 450.0                            LAT/LON1/LON2/DLON/H
   99   97   95   93   82   81   82   82   84   84   84   85   85   85   85   83
   81   78   74   70   65   60   55   50   45   41   37   34   32   31   31   32
   34   36   39   43   47   52   56   60   64   67   70   72   73   74   74   74
   73   72   71   70   69   70   70   71   73   74   76   79   81   84   88   92
   94   97  100   98  106  106  107  109   99                                   
    72.5-180.0 180.0   5.0 450.0                            LAT/LON1/LON2/DLON/H
  108  108  107  102   93   90   91   91   92   90   89   89   87   86   84   82
   80   77   74   70   67   63   59   55   51   47   44   41   39   38   38   39
   40   42   44   46   49   52   55   58   61   63   64   65   66   66   65   64
   63   62   62   62   63   64   66   69   73   76   79   83   87   90   95  100
  104  108  114  114  121  119  121  123  108                                   
    70.0-180.0 180.0   5.0 450.0                            LAT/LON1/LON2/DLON/H
  125  123  120  115  105  101  100   99   99   96   93   90   87   83   80   76
   73   71   69   67   65   63   60   58   55   53   51   49   48   47   47   47
   47   47   48   48   49   51   52   53   54   55   56   56   56   55   54   53
   52   52   52   54   57   61   66   71   77   82   87   91   95   99  104  109
  114  118  125  128  134  135  137  135  125                                   
    67.5-180.0 180.0   5.0 450.0                            LAT/LON1/LON2/DLON/H
  135  133  127  122  112  106  104  102  101   96   91   87   81   75   70   65
   62   60   59   58   58   57   56   55   54   53   53   52   52   51   50   49
   48   46   45   43   42   42   42   42   42   42   41   41   40   39   39   38
   37   38   40   43   48   55   63   71   79   87   93   98  101  105  108  113
  118  122  130  133  141  143  145  143  135                                   
    65.0-180.0 180.0   5.0 450.0                            LAT/LON1/LON2/DLON/H
  143  139  131  126  116  109  106  104  103   97   91   84   77   69   63   58
   54   53   52   53   53   54   54   54   53   53   53   53   53   53   51   49
   46   43   40   37   35   34   32   32   31   31   30   30   29   28   27   27
   27   29   32   37   45   54   65   76   87   97  104  109  112  114  116  120
  123  126  134  137  146  148  151  150  143                                   
    62.5-180.0 180.0   5.0 450.0                            LAT/LON1/LON2/DLON/H
  148  143  134  128  118  111  107  105  104   98   91   84   75   67   60   55
   52   50   50   51   52   52   52   52   52   51   52   52   53   52   50   47
   44   40   36   32   30   28   27   26   26   25   25   25   24   24   23   23
   23   25   29   36   46   58   71   85   98  109  117  123  125  126  127  129
  130  132  138  141  150  152  155  155  148                                   
    60.0-180.0 180.0   5.0 450.0                            LAT/LON1/LON2/DLON/H
  150  145  136  127  117  109  105  102  101   95   88   82   74   66   59   55
   52   51   51   51   51   50   49   48   47   47   47   48   48   47   45   42
   38   34   31   28   26   24   24   23   23   23   24   24   24   23   23   23
   23   25   30   37   48   62   77   93  108  120  129  134  137  137  137  138
  137  138  143  145  153  154  158  158  150                                   
    57.5-180.0 180.0   5.0 450.0                            LAT/LON1/LON2/DLON/H
  155  149  140  129  118  108  102   99   96   91   84   79   72   66   61   57
   55   54   53   52   50   47   45   42   41   40   41   41   42   41   39   37
   34   30   28   26   25   25   25   25   25   26   27   28   28   28   28   28
   28   30   34   41   52   67   83  100  116  129  139  145  148  149  149  149
  148  147  152  152  159  160  164  164  155                                   
    55.0-180.0 180.0   5.0 450.0                            LAT/LON1/LON2/DLON/H
  164  159  149  137  124  112  103   97   92   86   79   74   69   65   62   60
   58   57   54   51   48   44   40   37   35   35   35   36   37   36   35   33
   31   29   28   28   28   29   29   30   31   32   34   35   36   36   36   36
   36   37   41   48   58   73   89  106  122  135  145  153  157  160  161  162
  161  160  164  164  170  169  174  174  164                                   
    52.5-180.0 180.0   5.0 450.0                            LAT/LON1/LON2/DLON/H
  179  175  165  152  138  123  111  101   92   83   76   71   67   65   63   62
   61   58   54   50   45   40   36   34   33   33   34   35   36   35   34   33
   32   32   32   34   36   37   38   39   39   41   42   44   46   47   47   47
   47   48   51   57   67   81   96  112  127  140  150  158  164  169  172  175
  175  175  179  178  183  181  187  188  179                                   
    50.0-180.0 180.0   5.0 450.0                            LAT/LON1/LON2/DLON/H
  199  197  186  174  159  142  127  112   99   86   76   70   67   65   64   63
   61   57   52   47   42   38   36   35   35   37   39   40   40   39   38   37
   37   38   41   44   47   48   49   49   49   50   52   54   57   58   59   60
   60   61   64   71   80   93  108  122  135  146  155  163  170  176  182  187
  189  190  194  193  198  195  201  202  199                                   
    47.5-180.0 180.0   5.0 450.0                            LAT/LON1/LON2/DLON/H
  219  219  208  200  186  168  149  130  112   95   81   74   69   66   65   63
   60   55   50   45   41   39   39   40   43   46   48   49   48   47   45   44
   45   47   51   56   59   60   60   59   58   59   61   64   67   69   71   73
   74   77   81   88   98  110  123  135  145  153  160  166  173  180  187  194
  198  201  205  204  209  207  213  214  219                                   
    45.0-180.0 180.0   5.0 450.0                            LAT/LON1/LON2/DLON/H
  233  237  227  223  211  194  175  152  130  109   92   81   74   70   67   63
   59   53   48   45   44   44   47   50   54   58   60   60   58   55   52   51
   53   57   62   67   70   71   69   67   66   67   69   72   76   79   82   85
   88   92   98  106  117  130  141  151  158  163  166  171  176  182  189  196
  201  205  210  210  215  213  219  220  233                                   
    42.5-180.0 180.0   5.0 450.0                            LAT/LON1/LON2/DLON/H
  238  243  236  237  229  214  196  174  150  126  107   93   84   77   72   66
   60   55   51   50   51   55   59   63   67   70   70   69   65   61   58   57
   59   64   70   76   79   79   76   73   72   73   76   80   84   87   91   95
  100  106  114  125  137  150  161  169  173  174  175  177  179  183  189  195
  200  204  208  209  213  213  218  219  238                                   
    40.0-180.0 180.0   5.0 450.0                            LAT/LON1/LON2/DLON/H
  232  237  233  237  233  221  207  188  166  142  122  107   96   87   79   72
   66   61   60   61   65   70   74   77   78   78   76   73   68   64   61   60
   63   68   75   81   84   84   81   78   77   79   83   87   91   94   98  103
  110  118  128  140  154  167  178  186  188  188  187  186  187  188  191  195
  197  200  204  205  208  207  211  213  232                                   
    37.5-180.0 180.0   5.0 450.0                            LAT/LON1/LON2/DLON/H
  219  222  218  223  222  214  204  190  173  152  133  119  108   98   90   82
   76   73   74   78   84   88   89   88   85   81   76   72   67   63   62   63
   66   72   78   84   88   88   85   83   83   86   90   94   97   99  103  108
  115  125  136  151  166  181  193  201  204  204  203  202  201  200  199  201
  200  201  203  203  206  204  207  208  219                                   
    35.0-180.0 180.0   5.0 450.0                            LAT/LON1/LON2/DLON/H
  207  205  200  201  201  195  188  180  169  153  139  127  118  109  100   93
   89   89   93   99  104  105  101   93   85   78   72   68   65   64   65   67
   71   76   82   88   91   92   90   89   89   93   97  100  102  103  105  109
  117  127  141  156  173  190  204  214  220  223  224  224  223  221  219  218
  215  213  214  213  215  212  215  215  207                                   
    32.5-180.0 180.0   5.0 450.0                            LAT/LON1/LON2/DLON/H
  207  199  189  182  179  173  167  163  157  147  137  130  123  116  110  105
  103  105  111  117  119  115  105   92   81   72   68   67   67   69   72   75
   79   83   88   93   96   97   96   95   96   99  103  105  104  103  104  108
  115  126  141  157  176  195  211  224  234  242  247  251  253  252  251  249
  244  241  242  240  242  239  243  241  207                                   
    30.0-180.0 180.0   5.0 450.0                            LAT/LON1/LON2/DLON/H
  227  214  196  179  168  158  150  146  143  137  132  128  124  119  115  113
  113  118  124  128  125  116  101   86   75   69   69   71   76   81   86   90
   93   95   98  101  104  104  103  101  102  104  106  106  104  101  100  104
  112  124  139  157  177  198  217  233  248  261  272  281  287  291  292  292
  288  285  286  284  287  285  291  286  227                                   
    27.5-180.0 180.0   5.0 450.0                            LAT/LON1/LON2/DLON/H
  275  257  229  200  180  162  148  140  135  129  126  123  121  118  116  115
  117  122  126  126  119  106   91   78   72   73   79   86   95  102  108  112
  113  113  113  113  114  113  110  107  105  105  106  104  100   96   96  100
  108  121  138  158  180  203  224  244  264  283  300  315  327  335  341  345
  344  343  344  341  345  347  354  349  275                                   
    25.0-180.0 180.0   5.0 450.0                            LAT/LON1/LON2/DLON/H
  348  327  288  248  219  192  168  152  141  132  125  121  118  115  113  113
  115  117  117  113  103   90   79   75   78   88  101  115  126  135  141  143
  141  136  131  127  124  121  116  110  106  104  102   99   95   91   91   96
  107  122  141  163  188  214  238  262  285  309  331  351  368  383  395  404
  408  410  411  407  413  419  427  423  348                                   
    22.5-180.0 180.0   5.0 450.0                            LAT/LON1/LON2/DLON/H
  439  418  371  323  287  251  216  188  167  150  136  127  119  113  110  108
  107  106  102   93   83   75   73   80   96  117  139  158  171  179  182  180
  172  161  149  139  132  126  118  110  103   98   95   91   87   85   86   94
  107  126  148  174  203  231  258  285  312  338  363  386  407  427  446  461
  472  478  482  478  484  495  504  502  439                                   
    20.0-180.0 180.0   5.0 450.0                            LAT/LON1/LON2/DLON/H
  534  518  470  421  379  336  290  250  216  188  165  146  130  119  112  106
  102   96   87   77   70   69   79  100  130  163  193  214  225  227  224  214
  200  181  162  146  135  126  117  106   97   90   86   82   79   78   82   93
  110  132  158  188  220  252  282  311  339  367  393  416  439  462  486  508
  526  537  544  544  548  565  576  577  534                                   
    17.5-180.0 180.0   5.0 450.0                            LAT/LON1/LON2/DLON/H
  618  611  574  530  485  440  386  334  288  247  211  181  157  138  125  115
  106   96   85   76   74   82  103  138  181  222  254  271  274  267  255  237
  215  190  166  146  133  123  112  101   90   82   77   74   72   73   80   93
  113  138  169  203  239  273  305  335  363  390  414  436  459  483  510  537
  561  577  587  592  595  616  632  636  618                                   
    15.0-180.0 180.0   5.0 450.0                            LAT/LON1/LON2/DLON/H
  676  680  660  629  588  545  488  430  374  323  275  234  200  174  155  141
  128  116  104   98  102  119  152  198  246  286  310  315  306  288  266  242
  216  187  161  141  128  118  108   97   85   77   72   69   69   71   80   95
  118  146  180  217  256  292  325  355  381  405  426  446  466  490  518  548
  574  594  607  615  617  638  660  669  676                                   
    12.5-180.0 180.0   5.0 450.0                            LAT/LON1/LON2/DLON/H
  700  715  712  698  668  633  581  523  464  405  349  300  259  227  205  188
  174  161  152  150  160  186  227  275  317  341  346  334  312  285  257  229
  202  176  153  135  124  116  108   97   86   77   72   70   70   73   83   99
  123  154  190  229  270  307  340  368  391  412  430  447  465  487  514  543
  570  590  605  614  614  633  659  675  700                                   
    10.0-180.0 180.0   5.0 450.0                            LAT/LON1/LON2/DLON/H
  696  718  728  728  713  690  648  599  544  484  426  373  329  296  273  257
  244  235  231  234  251  282  321  356  374  371  353  326  294  261  232  206
  184  164  146  133  125  119  112  103   92   84   79   77   77   80   89  106
  130  161  198  238  278  315  346  372  394  411  427  443  461  481  506  532
  557  575  589  598  596  613  640  661  696                                   
     7.5-180.0 180.0   5.0 450.0                            LAT/LON1/LON2/DLON/H
  677  702  718  725  723  713  685  648  602  549  494  443  402  372  353  341
  334  331  333  343  363  390  413  418  402  370  333  295  260  229  204  185
