data/edconvlstm_nd/pred1870.15i
     1.0            IONOSPHERE MAPS     GNSS                IONEX VERSION / TYPE
pyspatialgeodesy        IME             05-JAN-18 20:20     PGM / RUN BY / DATE 
Map Name                                                    COMMENT             
Predicted global ionosphere maps (GIM).                     DESCRIPTION         
  2015     7     6     0     0     0                        EPOCH OF FIRST MAP  
  2015     7     7     0     0     0                        EPOCH OF LAST MAP   
  7200                                                      INTERVAL            
    13                                                      # OF MAPS IN FILE   
  NONE                                                      MAPPING FUNCTION    
10.0                                                        ELEVATION CUTOFF    
One-way carrier phase leveled to code                       OBSERVABLES USED    
  6371.0                                                    BASE RADIUS         
 2                                                          MAP DIMENSION       
   450.0 450.0   0.0                                        HGT1 / HGT2 / DHGT  
    87.5 -87.5  -2.5                                        LAT1 / LAT2 / DLAT  
  -180.0 180.0   5.0                                        LON1 / LON2 / DLON  
    -1                                                      EXPONENT            
                                                            END OF HEADER       
[from data line 1287]
     4                                                      START OF TEC MAP    
  2015     7     6     6     0     0                        EPOCH OF CURRENT MAP
    87.5-180.0 180.0   5.0 450.0                            LAT/LON1/LON2/DLON/H
  139  128  126  130  135  133  131  130  132  133  134  135  136  137  137  138
  138  138  138  138  138  138  137  137  137  136  135  135  134  134  133  132
  132  131  130  130  129  129  129  129  129  129  129  130  130  131  131  132
  133  133  133  134  134  134  134  134  134  133  133  132  131  130  129  128
  128  129  127  126  130  127  129  128  139                                   
    85.0-180.0 180.0   5.0 450.0                            LAT/LON1/LON2/DLON/H
  132  129  128  131  136  135  136  137  139  141  142  144  145  146  147  148
  148  148  149  148  148  148  147  147  146  146  145  144  143  142  142  141
  140  139  138  138  137  137  136  136  136  137  137  138  138  139  140  141
  142  143  144  144  145  145  145  145  145  145  144  143  142  140  138  137
  137  137  132  133  126  123  126  125  132                                   
    82.5-180.0 180.0   5.0 450.0                            LAT/LON1/LON2/DLON/H
  128  129  129  128  133  134  136  137  140  143  144  147  149  150  151  152
  152  152  152  152  151  150  149  148  147  146  145  144  143  142  142  141
  140  139  138  137  137  137  136  136  137  138  139  140  141  143  145  147
  149  150  152  153  155  155  156  156  156  156  155  153  151  149  146  144
  142  140  134  135  133  124  120  114  128                                   
    80.0-180.0 180.0   5.0 450.0                            LAT/LON1/LON2/DLON/H
  125  123  118  122  126  127  130  133  137  140  142  145  147  149  150  150
  150  150  149  148  147  145  144  142  140  139  138  137  136  135  135  134
  133  133  132  131  131  130  130  130  131  132  134  136  139  142  145  148
  150  153  156  158  160  162  163  164  164  163  162  161  158  155  151  148
  144  140  134  133  130  124  127  113  125                                   
    77.5-180.0 180.0   5.0 450.0                            LAT/LON1/LON2/DLON/H
  126  123  118  121  123  125  130  133  137  140  142  146  148  150  151  151
  151  149  148  146  143  141  138  136  134  132  131  130  130  130  130  131
  131  131  131  130  130  129  129  130  131  133  135  139  142  147  151  155
  159  163  167  170  173  176  178  179  180  179  178  177  174  170  165  161
  155  150  140  139  135  125  124  120  126                                   
    75.0-180.0 180.0   5.0 450.0                            LAT/LON1/LON2/DLON/H
  124  123  115  118  119  122  126  128  132  135  138  141  144  145  146  146
  145  143  140  137  133  130  127  124  121  119  118  118  118  120  121  122
  124  125  125  125  125  124  124  125  126  128  132  136  141  147  152  157
  162  167  171  175  179  182  184  186  188  188  188  186  184  180  175  170
  163  157  147  139  134  126  126  123  124                                   
    72.5-180.0 180.0   5.0 450.0                            LAT/LON1/LON2/DLON/H
  127  128  119  120  121  122  126  128  132  134  137  141  143  145  145  145
  143  141  137  133  129  125  121  117  114  112  112  112  114  116  119  123
  125  128  129  129  129  129  129  129  131  133  137  143  149  155  161  167
  173  177  181  185  188  191  193  196  198  199  199  198  196  193  189  184
  177  171  161  153  144  134  131  128  127                                   
    70.0-180.0 180.0   5.0 450.0                            LAT/LON1/LON2/DLON/H
  135  132  124  122  119  119  121  122  125  127  130  134  136  138  139  138
  136  134  130  126  121  116  112  108  105  103  102  104  107  111  115  120
  125  128  131  132  132  131  130  131  133  136  141  147  154  161  168  174
  178  182  185  187  189  192  194  196  199  201  202  203  202  200  196  193
  187  180  171  163  154  143  142  138  135                                   
    67.5-180.0 180.0   5.0 450.0                            LAT/LON1/LON2/DLON/H
  140  138  128  123  118  115  115  114  116  118  121  124  127  129  130  130
  128  126  123  118  114  109  104  100   97   95   95   96  100  106  112  118
  124  129  132  133  133  132  132  132  134  138  144  151  159  167  173  178
  182  184  185  186  187  188  189  192  194  197  200  201  202  201  199  197
  192  187  178  171  162  151  149  147  140                                   
    65.0-180.0 180.0   5.0 450.0                            LAT/LON1/LON2/DLON/H
  148  145  133  126  118  112  109  106  107  108  110  114  117  119  121  121
  120  118  116  113  108  104   99   95   92   90   90   92   97  103  111  118
  125  131  134  136  136  135  135  136  138  143  150  158  167  175  181  185
  187  188  187  186  185  185  186  188  190  194  197  200  202  203  202  201
  198  193  186  179  171  161  160  158  148                                   
    62.5-180.0 180.0   5.0 450.0                            LAT/LON1/LON2/DLON/H
  157  154  140  131  120  111  105   99   98   97   99  103  106  109  111  112
  112  111  109  107  104  100   96   92   88   87   87   90   95  102  110  118
  126  132  135  138  138  138  138  139  143  148  156  166  175  183  189  192
  193  192  190  187  185  184  184  186  189  192  195  198  201  203  204  204
  202  198  192  186  178  170  169  169  157                                   
    60.0-180.0 180.0   5.0 450.0                            LAT/LON1/LON2/DLON/H
  166  163  150  139  125  113  104   95   91   88   88   91   94   97   99  101
  101  101  101   99   97   94   91   87   85   83   84   87   93  100  109  117
  124  130  135  137  139  139  141  143  147  154  163  173  183  191  197  200
  200  198  195  192  189  188  188  189  191  194  196  199  202  204  205  205
  204  202  196  192  185  177  177  178  166                                   
    57.5-180.0 180.0   5.0 450.0                            LAT/LON1/LON2/DLON/H
  177  175  162  151  135  120  108   95   88   82   79   80   82   85   87   89
   91   91   91   91   90   88   85   82   80   80   81   85   91   99  107  115
  122  128  133  137  139  141  143  147  152  160  170  181  191  199  205  207
  207  205  203  200  199  198  198  199  200  201  203  204  205  206  206  207
  206  204  200  197  191  185  185  187  177                                   
    55.0-180.0 180.0   5.0 450.0                            LAT/LON1/LON2/DLON/H
  189  188  176  166  149  132  117  101   90   80   74   72   72   74   76   78
   80   81   81   81   80   79   77   76   75   75   78   83   89   97  105  113
  120  126  131  135  139  143  147  151  158  166  177  188  198  207  212  214
  215  214  213  213  213  213  214  214  214  214  213  213  212  210  210  209
  208  207  203  201  197  193  193  196  189                                   
    52.5-180.0 180.0   5.0 450.0                            LAT/LON1/LON2/DLON/H
  203  202  193  184  167  149  132  113   98   83   73   68   66   66   67   69
   70   71   72   72   71   71   70   69   69   71   75   81   89   97  105  112
  118  124  130  135  141  146  151  157  164  173  183  194  205  213  218  221
  223  224  226  228  231  233  234  234  233  231  228  224  221  217  215  213
  212  211  208  206  204  201  202  205  203                                   
    50.0-180.0 180.0   5.0 450.0                            LAT/LON1/LON2/DLON/H
  216  216  208  201  186  168  151  130  111   93   79   70   65   62   62   63
   63   64   65   65   64   64   64   64   66   69   74   82   90   98  106  113
  119  125  131  137  144  150  156  162  170  179  189  200  211  219  225  229
  232  235  240  245  250  253  255  255  253  249  244  238  232  227  222  220
  218  217  214  214  213  211  212  215  216                                   
    47.5-180.0 180.0   5.0 450.0                            LAT/LON1/LON2/DLON/H
  227  227  221  216  203  187  170  148  127  106   89   77   69   64   62   61
   61   61   62   62   62   62   62   64   66   71   77   85   94  103  110  117
  122  128  134  142  149  156  163  169  176  184  194  206  216  225  232  237
  242  247  254  262  268  273  275  275  272  267  261  254  246  239  233  229
  227  226  224  224  223  223  224  226  227                                   
    45.0-180.0 180.0   5.0 450.0                            LAT/LON1/LON2/DLON/H
  236  234  230  225  214  200  184  164  143  121  103   89   79   71   67   65
   64   64   64   64   64   65   66   68   72   77   84   92  101  110  117  123
  129  134  141  148  156  164  170  175  182  190  199  211  222  232  239  246
  252  260  268  277  285  290  292  291  289  285  278  271  262  254  247  243
  240  239  237  237  236  236  237  238  236                                   
    42.5-180.0 180.0   5.0 450.0                            LAT/LON1/LON2/DLON/H
  242  238  233  228  218  206  193  175  156  135  117  103   91   83   77   73
   71   71   72   72   73   74   76   79   83   89   95  103  112  120  127  132
  137  142  149  157  165  172  177  182  187  194  204  216  228  239  248  256
  264  273  282  292  299  304  306  306  304  301  296  289  281  273  265  261
  258  257  255  254  252  252  252  252  242                                   
    40.0-180.0 180.0   5.0 450.0                            LAT/LON1/LON2/DLON/H
  247  238  232  225  216  205  193  178  162  145  129  116  105   96   89   84
   82   82   83   85   87   89   91   95   99  104  111  117  124  131  137  142
  146  151  158  166  173  180  184  188  192  199  209  221  235  247  258  268
  277  287  296  305  313  317  319  320  320  319  316  311  304  296  289  285
  282  280  278  274  271  270  269  268  247                                   
    37.5-180.0 180.0   5.0 450.0                            LAT/LON1/LON2/DLON/H
  253  238  229  219  209  198  187  176  164  150  138  127  118  108  101   96
   94   95   97  100  103  106  110  114  118  123  128  133  138  144  148  152
  156  160  166  173  181  186  190  193  196  203  213  227  241  255  268  280
  290  300  310  320  327  331  334  336  337  339  339  336  331  325  319  315
  312  309  305  300  294  290  287  285  253                                   
    35.0-180.0 180.0   5.0 450.0                            LAT/LON1/LON2/DLON/H
  263  242  229  214  202  189  178  170  161  151  143  135  127  119  111  107
  105  107  111  116  120  125  129  134  138  142  145  149  152  155  158  161
  163  167  172  179  185  190  193  196  199  206  217  231  247  263  278  291
  303  314  325  335  342  348  351  355  358  362  365  366  363  358  353  350
  346  343  337  329  320  313  308  305  263                                   
    32.5-180.0 180.0   5.0 450.0                            LAT/LON1/LON2/DLON/H
  281  254  236  217  200  184  172  164  158  151  146  141  134  127  120  115
  114  117  123  129  135  141  147  152  157  160  162  163  164  166  167  168
  168  170  174  180  186  191  195  198  202  209  220  235  252  269  285  300
  314  327  339  351  360  367  372  377  383  389  395  397  397  394  391  388
  384  380  372  361  349  340  331  328  281                                   
    30.0-180.0 180.0   5.0 450.0                            LAT/LON1/LON2/DLON/H
  307  275  253  229  207  188  174  165  158  153  150  146  140  133  127  122
  122  125  132  139  147  154  161  167  172  175  176  176  175  174  172  170
  169  168  171  177  184  190  195  199  204  212  223  238  254  272  290  306
  322  337  352  366  379  388  396  403  410  417  424  429  430  430  428  425
  422  417  407  395  380  369  358  354  307                                   
    27.5-180.0 180.0   5.0 450.0                            LAT/LON1/LON2/DLON/H
  340  307  281  253  227  204  186  174  166  161  157  153  148  141  134  130
  129  132  138  146  155  163  172  179  185  187  187  184  181  177  172  167
  163  161  163  169  178  187  194  200  206  215  226  240  256  274  292  311
  329  346  364  382  398  410  420  428  436  444  451  457  461  462  462  460
  457  451  441  428  412  401  387  383  340                                   
    25.0-180.0 180.0   5.0 450.0                            LAT/LON1/LON2/DLON/H
  377  345  316  287  256  231  208  194  183  175  169  164  158  151  144  139
  137  139  144  151  160  169  179  187  193  195  193  188  181  174  166  157
  150  147  150  158  170  182  192  201  210  219  230  243  258  276  294  314
  334  354  375  397  416  431  443  452  460  467  474  480  485  488  490  489
  486  481  472  459  444  433  416  412  377                                   
    22.5-180.0 180.0   5.0 450.0                            LAT/LON1/LON2/DLON/H
  412  384  354  325  292  264  239  222  207  196  187  180  173  165  158  152
  149  149  151  156  163  173  183  192  197  197  192  184  174  164  152  141
  133  130  134  145  160  176  190  203  214  224  236  248  262  279  298  318
  340  362  386  410  432  449  462  471  478  485  492  498  504  508  511  512
  510  506  498  486  473  462  444  440  412                                   
    20.0-180.0 180.0   5.0 450.0                            LAT/LON1/LON2/DLON/H
  440  418  389  361  327  299  272  253  236  222  210  201  192  184  176  170
  165  162  161  163  168  176  185  193  196  194  185  174  161  148  135  123
  114  112  117  130  149  169  187  204  219  232  244  256  270  286  304  325
  347  371  396  422  444  463  476  485  492  498  504  511  517  523  527  528
  527  524  518  509  497  488  469  463  440                                   
    17.5-180.0 180.0   5.0 450.0                            LAT/LON1/LON2/DLON/H
  457  440  414  387  355  327  300  281  263  248  234  224  214  206  199  191
  185  179  175  172  174  179  186  191  192  185  173  158  143  129  116  105
   97   96  102  118  139  162  185  207  226  242  256  268  281  296  314  334
  357  381  407  431  453  471  484  493  500  507  514  522  528  534  538  539
  539  538  534  526  516  507  487  480  457                                   
    15.0-180.0 180.0   5.0 450.0                            LAT/LON1/LON2/DLON/H
  463  449  426  399  369  342  316  299  283  268  255  244  236  229  222  215
  208  200  192  185  182  183  186  187  183  172  157  139  124  110   99   89
   83   83   91  107  130  157  184  210  233  252  268  280  293  307  325  345
  368  392  417  440  460  476  488  497  506  515  524  532  538  543  546  547
  547  546  545  538  530  520  499  490  463                                   
    12.5-180.0 180.0   5.0 450.0                            LAT/LON1/LON2/DLON/H
  461  449  427  398  370  343  319  304  290  278  267  258  252  247  243  238
  231  221  210  200  192  188  186  182  173  158  140  122  107   95   85   77
   72   73   82  100  124  153  183  212  238  260  277  290  302  316  334  354
  378  402  426  447  465  479  491  501  513  524  534  543  549  552  553  553
  552  552  552  546  539  527  506  495  461                                   
    10.0-180.0 180.0   5.0 450.0                            LAT/LON1/LON2/DLON/H
  457  444  422  390  361  333  310  297  286  277  269  263  259  257  256  254
  249  240  227  214  202  193  184  175  161  144  125  107   94   84   76   69
   66   67   77   94  119  149  181  213  241  264  282  295  307  320  338  360
  384  409  433  454  470  483  494  507  521  535  547  555  560  561  560  557
  555  555  555  551  543  530  509  498  457                                   
     7.5-180.0 180.0   5.0 450.0                            LAT/LON1/LON2/DLON/H
  455  440  417  381  351  321  296  283  273  267  261  258  256  257  258  259
  257  250  238  223  208  194  180  166  149  131  112   97   86   78   72   66
