data/edconvlstm_nd/pred2800.15i
     1.0            IONOSPHERE MAPS     GNSS                IONEX VERSION / TYPE
pyspatialgeodesy        IME             05-JAN-18 20:20     PGM / RUN BY / DATE 
Map Name                                                    COMMENT             
Predicted global ionosphere maps (GIM).                     DESCRIPTION         
  2015    10     7     0     0     0                        EPOCH OF FIRST MAP  
  2015    10     8     0     0     0                        EPOCH OF LAST MAP   
  7200                                                      INTERVAL            
    13                                                      # OF MAPS IN FILE   
  NONE                                                      MAPPING FUNCTION    
10.0                                                        ELEVATION CUTOFF    
One-way carrier phase leveled to code                       OBSERVABLES USED    
  6371.0                                                    BASE RADIUS         
 2                                                          MAP DIMENSION       
   450.0 450.0   0.0                                        HGT1 / HGT2 / DHGT  
    87.5 -87.5  -2.5                                        LAT1 / LAT2 / DLAT  
  -180.0 180.0   5.0                                        LON1 / LON2 / DLON  
    -1                                                      EXPONENT            
                                                            END OF HEADER       
[from data line 4290]
    11                                                      START OF TEC MAP    
  2015    10     7    20     0     0                        EPOCH OF CURRENT MAP
    87.5-180.0 180.0   5.0 450.0                            LAT/LON1/LON2/DLON/H
  100   97   91   95   99   97   96   92   93   95   94   96   96   96   97   97
   97   97   96   96   95   94   93   92   91   90   88   87   86   84   83   82
   80   79   78   77   76   75   75   74   74   74   74   74   74   74   75   75
   75   76   76   77   77   77   78   78   79   79   79   80   80   81   81   81
   82   82   80   78   85   86  102  105  100                                   
    85.0-180.0 180.0   5.0 450.0                            LAT/LON1/LON2/DLON/H
  107   99  108   92   92   97   96   98   98  101  100  101  102  103  103  103
  103  103  103  102  101  100   99   98   96   95   93   92   90   88   87   85
   83   82   80   79   77   76   75   74   74   73   73   73   73   73   74   74
   74   75   75   76   76   76   77   77   78   78   79   80   80   81   82   82
   83   83   80   78   82   86   90   88  107                                   
    82.5-180.0 180.0   5.0 450.0                            LAT/LON1/LON2/DLON/H
   88   88   89   84   87   93   95   96   97  100  101  103  105  106  107  107
  107  107  106  105  103  102  100   98   96   94   92   90   88   86   84   82
   80   77   75   73   71   70   68   67   66   66   65   65   66   66   66   67
   67   68   68   69   69   69   70   70   71   71   72   72   73   74   74   75
   76   76   74   74   79   91   84   84   88                                   
    80.0-180.0 180.0   5.0 450.0                            LAT/LON1/LON2/DLON/H
   68   70   75   72   76   77   84   86   90   94   97  100  102  104  105  105
  105  104  102  100   98   95   93   91   88   86   84   82   79   77   75   72
   70   67   64   62   60   58   56   55   54   54   55   55   56   57   58   59
   60   61   62   62   62   62   62   63   63   63   64   64   65   66   67   67
   68   69   69   69   68   77   71   78   68                                   
    77.5-180.0 180.0   5.0 450.0                            LAT/LON1/LON2/DLON/H
   71   68   68   66   71   74   81   84   89   93   97  102  105  108  109  110
  109  107  104  101   98   95   91   88   86   83   81   79   77   75   73   70
   67   65   62   59   56   53   51   50   49   49   49   50   52   53   55   57
   58   59   60   60   60   60   60   59   59   59   60   60   61   61   62   63
   64   65   66   66   65   68   68   75   71                                   
    75.0-180.0 180.0   5.0 450.0                            LAT/LON1/LON2/DLON/H
   59   60   58   58   64   68   73   78   85   91   96  102  106  109  110  110
  109  106  102   98   94   89   86   82   80   78   76   75   74   72   71   69
   67   64   61   58   55   52   50   49   48   48   49   51   53   55   57   59
   61   61   62   61   61   60   59   58   57   56   57   57   58   59   60   62
   63   65   66   64   62   63   60   59   59                                   
    72.5-180.0 180.0   5.0 450.0                            LAT/LON1/LON2/DLON/H
   60   59   57   60   61   65   72   76   82   88   95  101  107  110  112  112
  109  105  100   94   88   82   77   73   70   68   67   66   65   64   63   62
   60   58   55   53   50   47   45   43   43   44   45   47   50   53   55   57
   58   59   59   58   57   55   53   51   50   50   50   50   51   53   55   56
   58   60   60   58   55   58   57   60   60                                   
    70.0-180.0 180.0   5.0 450.0                            LAT/LON1/LON2/DLON/H
   59   59   57   59   60   64   68   74   82   88   96  103  108  112  113  113
  109  104   98   91   84   77   71   67   64   62   60   59   59   59   59   59
   58   56   54   51   48   46   44   43   43   44   46   48   51   54   57   58
   59   59   58   56   54   52   49   47   46   45   45   46   47   49   52   54
   56   58   60   59   58   60   62   64   59                                   
    67.5-180.0 180.0   5.0 450.0                            LAT/LON1/LON2/DLON/H
   63   63   60   63   65   68   74   78   85   91   99  107  113  117  119  118
  115  109  102   94   85   77   70   65   60   57   55   54   53   53   53   53
   52   51   49   47   44   42   40   39   40   41   43   46   49   52   54   55
   56   55   54   52   49   46   44   42   40   40   41   42   44   46   49   52
   54   56   56   55   54   58   58   61   63                                   
    65.0-180.0 180.0   5.0 450.0                            LAT/LON1/LON2/DLON/H
   64   65   63   67   67   71   76   80   87   94  102  110  117  122  124  125
  122  117  109  100   91   83   75   68   62   58   54   52   51   50   50   50
   49   48   47   44   42   39   37   37   37   39   41   44   47   49   50   50
   50   48   46   44   41   39   37   35   34   35   36   37   40   42   45   48
   50   53   54   55   55   60   63   66   64                                   
    62.5-180.0 180.0   5.0 450.0                            LAT/LON1/LON2/DLON/H
   67   69   67   72   73   77   81   85   92   98  106  114  121  128  132  134
  133  129  122  113  104   94   85   77   69   63   58   54   51   50   49   48
   48   46   44   42   39   36   34   33   34   36   39   41   43   45   45   44
   43   41   38   36   34   32   31   30   30   31   33   35   37   40   43   45
   47   49   50   50   51   57   60   63   67                                   
    60.0-180.0 180.0   5.0 450.0                            LAT/LON1/LON2/DLON/H
   68   71   71   76   78   80   84   88   94  100  108  116  124  132  139  143
  144  142  136  129  120  110  100   90   81   73   66   60   56   54   52   51
   49   48   45   42   38   35   33   32   33   35   38   40   41   41   39   37
   35   32   30   28   27   26   25   26   27   29   31   33   36   38   40   42
   43   45   46   46   48   56   60   64   68                                   
    57.5-180.0 180.0   5.0 450.0                            LAT/LON1/LON2/DLON/H
   69   74   75   81   83   85   89   93   98  103  110  118  127  136  144  151
  155  155  152  145  137  127  116  106   95   86   78   71   67   63   61   59
   56   53   50   46   42   38   36   35   36   38   41   42   42   40   37   34
   30   27   25   24   23   23   24   26   28   31   33   35   37   38   40   41
   42   43   44   44   47   55   60   65   69                                   
    55.0-180.0 180.0   5.0 450.0                            LAT/LON1/LON2/DLON/H
   71   79   81   87   90   92   95   98  103  107  112  120  128  138  149  157
  164  166  164  159  151  142  131  120  110  100   92   85   80   76   73   70
   66   62   58   53   48   44   42   41   43   45   47   47   46   43   38   34
   29   26   24   23   23   24   26   29   32   35   37   39   40   40   41   42
   42   43   44   45   47   57   62   67   71                                   
    52.5-180.0 180.0   5.0 450.0                            LAT/LON1/LON2/DLON/H
   75   85   89   94   99  100  103  106  109  112  116  122  130  140  151  161
  169  173  172  168  161  152  142  132  122  114  106  100   96   92   88   83
   78   73   67   62   57   54   51   51   52   55   57   57   55   50   44   38
   33   30   28   27   27   29   31   35   38   42   44   45   45   44   44   44
   45   46   48   49   52   61   66   72   75                                   
    50.0-180.0 180.0   5.0 450.0                            LAT/LON1/LON2/DLON/H
   82   94   99  105  109  112  115  117  120  121  124  128  134  144  154  165
  173  177  177  173  167  159  150  142  133  126  120  115  111  107  101   95
   89   82   76   71   67   64   63   63   65   67   69   69   66   60   53   47
   41   38   36   35   36   37   40   44   47   51   52   52   51   50   49   49
   49   52   55   57   60   69   75   79   82                                   
    47.5-180.0 180.0   5.0 450.0                            LAT/LON1/LON2/DLON/H
   92  105  112  117  122  126  129  132  134  135  135  138  143  150  160  170
  177  181  180  177  171  164  157  149  143  137  133  128  124  119  112  104
   95   88   82   79   76   74   74   75   77   80   83   83   79   73   66   58
   53   49   48   47   47   48   51   54   58   60   61   60   58   56   55   55
   56   60   64   68   71   80   87   90   92                                   
    45.0-180.0 180.0   5.0 450.0                            LAT/LON1/LON2/DLON/H
  105  117  125  130  136  141  145  149  150  152  151  152  156  162  169  177
  183  186  185  181  176  170  164  158  153  149  145  140  134  126  117  107
   97   90   85   83   82   83   84   86   89   92   95   96   92   86   79   72
   67   63   61   60   59   60   62   65   68   70   70   69   66   63   61   61
   63   68   74   79   83   92  100  102  105                                   
    42.5-180.0 180.0   5.0 450.0                            LAT/LON1/LON2/DLON/H
  117  130  138  144  149  156  160  166  168  170  170  171  173  177  183  189
  193  195  193  190  185  180  175  170  166  161  156  150  141  130  117  105
   94   87   84   85   87   90   92   95   98  102  105  106  104   98   91   85
   80   77   75   73   72   71   73   75   77   79   78   76   73   69   68   68
   71   76   83   89   94  103  112  115  117                                   
    40.0-180.0 180.0   5.0 450.0                            LAT/LON1/LON2/DLON/H
  128  141  150  157  162  169  175  181  184  187  188  190  192  196  200  205
  207  208  207  204  200  196  191  186  181  176  168  158  145  130  114  100
   89   84   83   86   91   95   99  102  105  109  112  114  112  107  102   96
   92   89   86   84   82   81   81   83   85   86   85   82   79   75   74   75
   77   83   91   97  103  112  122  126  128                                   
    37.5-180.0 180.0   5.0 450.0                            LAT/LON1/LON2/DLON/H
  137  149  159  168  174  180  187  193  197  202  205  208  211  215  219  222
  225  226  225  223  220  216  211  205  199  191  181  167  149  130  112   97
   87   83   85   90   97  102  105  108  110  113  116  118  117  114  109  104
  101   98   94   91   89   87   87   88   89   90   88   86   82   80   79   80
   82   88   96  103  110  119  129  134  137                                   
    35.0-180.0 180.0   5.0 450.0                            LAT/LON1/LON2/DLON/H
  144  156  166  176  184  189  196  203  208  214  219  224  228  232  236  239
  242  244  245  245  242  237  230  224  216  206  194  176  155  133  113   99
   90   89   92   99  105  110  113  114  115  117  119  120  120  117  114  110
  107  103   99   95   92   90   90   91   91   91   89   87   84   82   82   83
   85   91  100  107  114  124  133  140  144                                   
    32.5-180.0 180.0   5.0 450.0                            LAT/LON1/LON2/DLON/H
  150  163  173  183  191  195  203  209  216  223  230  237  242  247  251  255
  258  262  264  264  261  255  247  239  230  220  206  187  165  142  122  109
  103  103  107  113  118  121  122  121  120  121  121  122  121  120  117  114
  110  106  101   96   93   91   90   91   90   89   87   85   83   82   83   84
   87   93  102  110  117  129  138  146  150                                   
    30.0-180.0 180.0   5.0 450.0                            LAT/LON1/LON2/DLON/H
  158  171  181  189  198  200  208  214  222  231  240  248  255  260  264  268
  273  277  280  280  276  268  258  249  240  230  217  200  178  157  140  129
  125  126  129  132  134  133  132  129  126  125  125  124  123  122  120  117
  113  107  101   96   92   90   89   89   88   86   84   82   81   81   83   85
   88   95  104  114  122  135  146  152  158                                   
    27.5-180.0 180.0   5.0 450.0                            LAT/LON1/LON2/DLON/H
  168  180  191  197  206  208  214  220  229  238  248  258  266  272  276  280
  285  290  294  293  287  276  264  253  245  238  229  215  197  179  165  158
  156  155  155  153  150  147  142  138  134  131  129  128  127  126  124  121
  116  109  102   96   91   89   88   87   85   83   80   78   78   80   83   86
   89   97  108  120  129  144  156  162  168                                   
    25.0-180.0 180.0   5.0 450.0                            LAT/LON1/LON2/DLON/H
  179  191  202  206  216  218  224  230  239  248  259  269  278  284  289  294
  299  304  307  304  295  282  268  257  250  246  242  234  221  207  197  192
  190  187  182  175  167  159  152  147  143  140  137  134  133  132  130  127
  121  113  105   98   93   90   88   86   83   80   77   76   76   79   82   87
   91  100  112  126  138  155  169  173  179                                   
    22.5-180.0 180.0   5.0 450.0                            LAT/LON1/LON2/DLON/H
  192  202  213  217  228  232  239  246  255  264  275  285  294  301  306  311
  317  321  322  317  306  291  275  264  259  258  258  256  249  240  232  228
  224  217  207  193  180  170  162  157  153  150  147  144  142  141  139  135
  129  120  110  102   96   92   89   85   82   78   75   74   75   77   82   87
   93  104  117  133  148  165  182  185  192                                   
    20.0-180.0 180.0   5.0 450.0                            LAT/LON1/LON2/DLON/H
  204  213  223  228  241  249  258  267  277  287  298  308  317  324  330  336
  342  346  346  339  326  309  292  280  276  277  280  282  279  273  267  261
  254  242  226  208  191  179  172  168  166  163  160  156  154  152  150  145
  138  128  117  108  101   96   91   86   82   77   74   73   73   76   82   88
   94  106  121  138  156  174  193  197  204                                   
    17.5-180.0 180.0   5.0 450.0                            LAT/LON1/LON2/DLON/H
  214  223  233  240  256  266  280  291  304  316  327  337  346  355  362  369
  376  380  379  372  359  341  323  310  304  305  309  312  311  306  298  289
  277  260  240  218  201  189  184  182  181  179  175  171  168  165  161  155
  147  136  125  116  108  101   95   88   83   78   74   73   73   75   80   87
   94  107  123  141  160  180  200  207  214                                   
    15.0-180.0 180.0   5.0 450.0                            LAT/LON1/LON2/DLON/H
  220  232  243  252  270  284  301  316  333  346  359  371  382  392  402  411
  419  425  425  419  406  388  370  354  345  343  344  345  342  335  324  311
  294  273  249  227  211  202  199  199  199  197  193  188  183  178  172  164
  154  143  132  122  114  106   98   91   84   79   75   73   72   74   79   85
   92  106  122  140  160  180  202  213  220                                   
    12.5-180.0 180.0   5.0 450.0                            LAT/LON1/LON2/DLON/H
  223  239  252  263  284  300  322  340  359  375  391  405  419  433  445  458
  469  477  480  475  464  448  429  410  395  386  381  376  369  358  344  326
  305  282  258  238  226  220  219  220  219  216  211  205  197  189  180  170
  158  147  136  127  119  111  102   93   85   80   75   73   72   73   76   82
   89  103  119  136  155  177  200  214  223                                   
    10.0-180.0 180.0   5.0 450.0                            LAT/LON1/LON2/DLON/H
  224  244  261  275  298  316  340  359  381  400  418  436  453  470  487  503
  518  530  536  535  527  512  491  468  446  428  414  402  390  376  359  338
  315  291  270  255  247  245  245  244  241  236  229  220  209  198  186  173
  159  147  136  128  121  113  103   94   86   80   75   72   71   71   74   79
   86   99  114  130  149  172  196  211  224                                   
     7.5-180.0 180.0   5.0 450.0                            LAT/LON1/LON2/DLON/H
  223  249  269  286  312  331  356  376  399  419  439  459  479  500  520  540
  558  574  584  587  582  568  546  518  489  462  440  422  406  390  371  349
