data/edconvlstm_nd/pred0360.15i
     1.0            IONOSPHERE MAPS     GNSS                IONEX VERSION / TYPE
pyspatialgeodesy        IME             05-JAN-18 20:20     PGM / RUN BY / DATE 
Map Name                                                    COMMENT             
Predicted global ionosphere maps (GIM).                     DESCRIPTION         
  2015     2     5     0     0     0                        EPOCH OF FIRST MAP  
  2015     2     6     0     0     0                        EPOCH OF LAST MAP   
  7200                                                      INTERVAL            
    13                                                      # OF MAPS IN FILE   
  NONE                                                      MAPPING FUNCTION    
10.0                                                        ELEVATION CUTOFF    
One-way carrier phase leveled to code                       OBSERVABLES USED    
  6371.0                                                    BASE RADIUS         
 2                                                          MAP DIMENSION       
   450.0 450.0   0.0                                        HGT1 / HGT2 / DHGT  
    87.5 -87.5  -2.5                                        LAT1 / LAT2 / DLAT  
  -180.0 180.0   5.0                                        LON1 / LON2 / DLON  
    -1                                                      EXPONENT            
                                                            END OF HEADER       
[from data line 3432]
     9                                                      START OF TEC MAP    
  2015     2     5    16     0     0                        EPOCH OF CURRENT MAP
    87.5-180.0 180.0   5.0 450.0                            LAT/LON1/LON2/DLON/H
  123  135  135  142  146  147  148  147  148  152  152  154  156  157  159  161
  162  163  164  165  166  166  167  166  166  165  164  163  161  160  158  156
  154  152  150  148  146  144  143  141  140  139  139  139  138  138  139  139
  140  141  141  142  143  143  144  144  145  145  145  145  145  145  144  144
  143  143  140  136  140  136  144  135  123                                   
    85.0-180.0 180.0   5.0 450.0                            LAT/LON1/LON2/DLON/H
  129  135  149  137  138  145  146  150  152  155  156  159  161  163  165  167
  169  171  173  174  175  176  176  176  175  175  173  172  170  167  165  162
  160  157  154  152  149  147  145  143  142  141  141  141  141  142  143  144
  145  146  148  149  150  151  152  153  154  154  154  154  153  153  152  151
  151  149  144  137  135  133  134  133  129                                   
    82.5-180.0 180.0   5.0 450.0                            LAT/LON1/LON2/DLON/H
  111  118  123  117  120  126  131  134  137  141  144  148  151  154  158  161
  165  168  171  174  176  178  179  179  179  178  176  174  171  167  163  159
  154  150  145  141  137  133  130  128  126  125  124  124  125  126  128  130
  132  135  138  140  143  145  147  149  150  150  151  150  149  148  146  144
  143  140  133  128  123  128  119  115  111                                   
    80.0-180.0 180.0   5.0 450.0                            LAT/LON1/LON2/DLON/H
   87   89   97   93   95   97  104  110  115  120  124  129  134  139  143  148
  153  158  162  166  170  173  174  175  175  174  171  167  163  157  151  145
  138  132  125  119  114  109  105  102   99   98   98   99  101  104  107  111
  116  121  125  130  134  138  141  143  145  146  147  146  145  143  140  137
  133  129  122  116  105  104   97   99   87                                   
    77.5-180.0 180.0   5.0 450.0                            LAT/LON1/LON2/DLON/H
   79   74   77   75   76   79   85   90   96  100  105  111  117  122  128  134
  140  147  154  160  166  171  175  178  179  178  175  171  165  158  151  142
  134  125  117  109  102   95   90   85   82   80   80   81   83   87   92   98
  104  110  117  123  129  134  138  142  144  146  146  146  144  142  138  134
  129  123  117  111  101   92   87   89   79                                   
    75.0-180.0 180.0   5.0 450.0                            LAT/LON1/LON2/DLON/H
   69   67   67   66   67   70   74   79   84   90   95  100  106  112  118  125
  133  141  151  160  169  177  184  189  191  190  187  182  175  167  158  148
  138  127  117  108   99   90   83   78   73   71   70   71   73   77   83   89
   96  103  110  117  123  128  133  137  140  142  143  143  142  140  137  133
  128  122  116  107   99   89   84   74   69                                   
    72.5-180.0 180.0   5.0 450.0                            LAT/LON1/LON2/DLON/H
   71   69   68   70   68   71   75   78   82   86   90   95  100  106  113  120
  130  141  153  166  179  191  201  208  212  212  209  202  194  184  173  162
  151  139  127  116  106   96   87   80   74   70   68   67   69   72   76   82
   88   95  101  107  113  118  122  126  129  132  133  135  135  135  133  131
  127  122  117  108  101   93   90   84   71                                   
    70.0-180.0 180.0   5.0 450.0                            LAT/LON1/LON2/DLON/H
   76   76   75   76   75   76   77   81   83   87   90   95   99  104  110  119
  130  143  159  177  194  210  224  234  239  239  235  228  218  207  195  182
  170  157  145  133  121  110  100   91   83   77   73   71   70   72   74   78
   82   87   91   95   99  103  106  109  112  115  118  120  122  124  125  125
  123  120  117  110  105   99   99   92   76                                   
    67.5-180.0 180.0   5.0 450.0                            LAT/LON1/LON2/DLON/H
   83   85   84   87   87   88   88   91   91   94   96  100  104  109  115  125
  137  153  172  194  215  235  251  263  268  268  263  254  243  230  217  205
  192  179  166  153  141  129  117  107   98   91   85   80   77   75   75   75
   76   78   80   81   83   85   88   90   93   96  100  104  107  111  114  116
  116  116  114  109  104  102  101   94   83                                   
    65.0-180.0 180.0   5.0 450.0                            LAT/LON1/LON2/DLON/H
   82   87   86   91   91   92   92   93   94   96   98  102  106  111  119  129
  144  162  184  209  234  257  275  288  294  294  287  277  265  252  240  227
  215  202  189  176  162  149  137  126  116  106   98   91   84   78   74   70
   67   65   63   62   62   62   63   65   68   72   76   80   85   90   94   97
   99  101  102   99   97   98   98   95   82                                   
    62.5-180.0 180.0   5.0 450.0                            LAT/LON1/LON2/DLON/H
   75   81   82   88   90   91   91   92   92   95   98  103  109  116  125  137
  153  173  197  224  250  275  294  307  313  311  305  294  283  271  260  249
  237  224  210  196  181  167  154  142  131  120  110   99   89   80   71   63
   56   50   46   43   41   41   42   44   47   50   54   59   64   68   73   76
   79   81   82   80   80   82   83   83   75                                   
    60.0-180.0 180.0   5.0 450.0                            LAT/LON1/LON2/DLON/H
   62   68   70   77   80   81   81   83   84   88   93  101  109  119  130  144
  161  182  207  234  261  286  305  318  323  322  315  307  297  288  280  270
  260  247  232  216  199  184  170  157  145  133  121  108   94   81   68   56
   46   38   32   29   27   27   28   30   33   36   40   44   47   51   54   57
   58   59   61   59   61   63   66   68   62                                   
    57.5-180.0 180.0   5.0 450.0                            LAT/LON1/LON2/DLON/H
   48   53   56   64   67   68   69   71   74   80   88   98  110  123  137  153
  171  192  216  242  268  291  309  322  327  326  322  316  311  306  301  294
  284  271  254  236  218  201  186  173  160  147  133  118  101   85   69   55
   44   35   29   25   24   25   26   28   31   34   36   39   42   44   45   46
   45   45   46   44   46   47   50   55   48                                   
    55.0-180.0 180.0   5.0 450.0                            LAT/LON1/LON2/DLON/H
   39   44   47   54   56   57   59   61   66   73   84   97  112  128  145  162
  181  201  224  247  271  292  309  320  326  327  326  324  323  323  321  317
  308  294  275  255  235  217  202  188  175  161  146  128  110   92   76   61
   49   41   35   33   33   34   37   39   41   43   44   46   47   47   47   45
   43   41   41   39   41   40   42   47   39                                   
    52.5-180.0 180.0   5.0 450.0                            LAT/LON1/LON2/DLON/H
   39   42   44   50   51   52   54   57   62   71   84  100  117  135  154  173
  192  211  231  252  272  291  306  317  324  327  329  331  335  338  340  337
  328  313  293  271  251  233  217  204  190  175  159  141  122  104   88   74
   63   56   53   52   53   55   58   59   61   61   62   62   61   60   58   55
   51   48   47   45   47   44   45   48   39                                   
    50.0-180.0 180.0   5.0 450.0                            LAT/LON1/LON2/DLON/H
   49   49   50   55   56   56   58   60   67   77   91  108  126  146  166  185
  204  223  240  258  275  291  305  315  323  328  333  338  344  350  353  350
  341  325  305  284  264  247  233  219  206  190  172  154  136  119  104   92
   84   79   77   78   80   82   84   85   85   85   84   82   81   79   76   72
   67   64   63   61   63   60   59   58   49                                   
    47.5-180.0 180.0   5.0 450.0                            LAT/LON1/LON2/DLON/H
   66   65   63   67   67   68   70   72   80   91  105  122  140  159  179  199
  218  235  251  266  280  294  307  317  326  333  339  345  352  356  358  354
  344  328  310  291  274  260  247  234  220  203  185  166  149  134  121  112
  105  102  102  103  105  106  107  106  106  104  103  101   99   97   94   91
   86   84   83   83   85   83   81   76   66                                   
    45.0-180.0 180.0   5.0 450.0                            LAT/LON1/LON2/DLON/H
   86   83   80   83   83   85   87   90   98  110  124  140  157  175  194  213
  232  249  264  277  289  301  313  324  333  340  346  350  353  354  352  346
  335  322  308  294  281  271  261  249  233  215  195  176  160  147  136  127
  122  119  118  118  119  118  117  116  115  113  112  110  108  107  106  104
  101  100  100  102  107  107  105   99   86                                   
    42.5-180.0 180.0   5.0 450.0                            LAT/LON1/LON2/DLON/H
  103   99   95   98   99  100  103  107  117  131  145  161  176  192  210  229
  247  263  277  289  300  311  323  333  342  348  351  351  349  344  337  329
  320  311  303  295  289  282  274  262  245  224  203  184  168  155  145  137
  131  126  123  121  118  115  113  111  111  110  109  108  107  107  107  107
  106  106  107  111  119  122  121  116  103                                   
    40.0-180.0 180.0   5.0 450.0                            LAT/LON1/LON2/DLON/H
  111  108  104  108  110  111  114  120  132  148  165  181  195  210  226  244
  262  278  290  301  311  322  333  343  350  353  352  348  340  331  321  313
  308  304  303  302  301  298  291  277  258  234  211  191  174  162  151  141
  133  125  119  113  107  102   98   97   98   99  100   99   98   98  100  101
  100  101  102  107  116  122  123  121  111                                   
    37.5-180.0 180.0   5.0 450.0                            LAT/LON1/LON2/DLON/H
  108  105  104  110  113  113  118  125  139  159  178  197  213  228  243  261
  278  292  304  313  322  332  342  349  354  355  351  344  334  323  315  310
  310  313  318  323  326  323  314  298  275  248  223  201  184  170  158  146
  135  124  115  105   96   89   84   84   86   89   91   90   89   88   89   90
   90   89   90   93  101  107  109  111  108                                   
    35.0-180.0 180.0   5.0 450.0                            LAT/LON1/LON2/DLON/H
   98   95   97  104  108  106  113  122  139  162  186  209  227  244  261  278
  294  307  317  325  333  340  348  353  356  355  351  345  337  331  327  329
  336  346  357  365  367  362  348  327  300  270  242  219  200  186  173  159
  146  133  121  109   97   88   83   82   86   90   91   90   87   84   84   85
   83   81   80   79   83   87   89   94   98                                   
    32.5-180.0 180.0   5.0 450.0                            LAT/LON1/LON2/DLON/H
   87   84   87   94   97   95  102  112  132  159  188  216  239  259  277  295
  310  322  331  337  342  348  352  355  356  357  357  357  357  359  365  376
  391  408  422  429  427  415  394  367  335  302  272  248  229  214  201  188
  174  160  147  133  120  109  102  101  104  108  109  106  100   95   93   92
   88   84   80   74   75   73   73   78   87                                   
    30.0-180.0 180.0   5.0 450.0                            LAT/LON1/LON2/DLON/H
   82   79   80   87   88   83   91  102  124  154  187  220  247  271  293  311
  327  338  345  349  353  355  356  357  359  364  372  383  395  411  430  452
  477  499  512  515  504  482  452  417  380  345  314  290  272  258  247  235
  224  211  199  185  171  159  149  146  147  148  147  141  133  125  121  118
  112  106   99   87   82   74   68   69   82                                   
    27.5-180.0 180.0   5.0 450.0                            LAT/LON1/LON2/DLON/H
   87   83   81   86   84   78   85   95  119  150  187  223  255  282  306  327
  343  354  361  364  365  365  363  363  368  379  398  423  452  485  521  558
  590  613  622  614  590  556  516  475  435  399  368  345  328  318  310  302
  295  287  277  266  252  237  224  215  211  209  204  196  185  174  168  163
  156  149  137  122  110   93   79   71   87                                   
    25.0-180.0 180.0   5.0 450.0                            LAT/LON1/LON2/DLON/H
  105   98   89   92   87   80   87   97  120  152  190  227  262  292  319  341
  358  371  378  382  382  379  376  375  384  404  435  477  525  577  630  679
  715  733  731  709  672  627  580  535  495  460  431  409  395  388  385  383
  382  380  375  367  354  336  318  302  291  282  273  262  249  236  228  222
  214  206  191  175  155  129  107   87  105                                   
    22.5-180.0 180.0   5.0 450.0                            LAT/LON1/LON2/DLON/H
  133  122  106  105   98   91   98  108  130  162  199  236  271  303  331  355
  374  389  398  403  403  399  395  396  409  439  484  541  607  674  738  789
  821  830  816  783  738  687  638  593  555  522  495  475  464  460  462  466
  470  473  473  468  456  437  413  389  369  354  342  329  316  303  293  285
  276  269  251  235  208  175  148  118  133                                   
    20.0-180.0 180.0   5.0 450.0                            LAT/LON1/LON2/DLON/H
  164  150  126  120  112  105  114  125  148  179  214  250  284  315  344  370
  392  410  422  430  431  427  424  427  446  485  541  610  685  758  821  866
  888  886  864  826  780  731  684  644  610  580  555  536  525  522  526  533
  539  544  546  543  532  512  484  454  428  407  393  381  369  357  347  338
  329  323  305  290  260  223  195  159  164                                   
    17.5-180.0 180.0   5.0 450.0                            LAT/LON1/LON2/DLON/H
  191  172  145  133  124  120  131  145  170  201  234  268  300  332  362  390
  415  436  452  463  467  465  463  471  495  540  602  675  749  816  867  899
  909  899  874  839  798  757  718  685  656  629  604  584  570  564  565  569
  573  575  576  574  564  545  517  485  455  432  417  407  398  388  378  368
  359  355  340  327  298  260  235  199  191                                   
    15.0-180.0 180.0   5.0 450.0                            LAT/LON1/LON2/DLON/H
  206  185  157  141  130  129  145  164  192  224  257  289  321  352  384  414
  443  468  489  505  512  513  514  525  552  599  661  729  791  841  874  890
  890  878  856  830  800  769  741  715  691  666  639  614  594  581  574  570
  566  562  560  558  552  538  514  483  453  430  417  409  404  395  385  373
  363  361  348  338  313  277  258  226  206                                   
    12.5-180.0 180.0   5.0 450.0                            LAT/LON1/LON2/DLON/H
  207  185  159  141  130  133  153  177  211  246  280  313  345  377  411  445
  477  507  533  553  564  569  573  586  614  658  712  765  808  836  851  854
  848  838  824  809  793  774  756  737  716  691  660  628  599  575  556  541
  527  516  509  508  507  500  484  459  434  414  402  397  393  385  374  360
  348  344  334  325  305  275  259  232  207                                   
    10.0-180.0 180.0   5.0 450.0                            LAT/LON1/LON2/DLON/H
  197  177  152  136  126  132  156  186  225  266  303  337  371  407  443  480
  516  550  580  605  621  629  636  650  676  712  751  783  803  812  813  809
  802  797  793  790  786  778  767  753  733  705  669  629  589  554  523  495
  471  453  444  444  449  451  444  429  410  394  385  381  376  367  354  337
  322  315  305  295  279  256  242  221  197                                   
     7.5-180.0 180.0   5.0 450.0                            LAT/LON1/LON2/DLON/H
  181  163  142  129  121  128  157  192  236  282  323  362  399  437  478  518
  556  593  627  655  675  688  698  711  731  755  775  786  789  784  778  772
