data/edconvlstm_nd/pred0380.15i
     1.0            IONOSPHERE MAPS     GNSS                IONEX VERSION / TYPE
pyspatialgeodesy        IME             05-JAN-18 20:20     PGM / RUN BY / DATE 
Map Name                                                    COMMENT             
Predicted global ionosphere maps (GIM).                     DESCRIPTION         
  2015     2     7     0     0     0                        EPOCH OF FIRST MAP  
  2015     2     8     0     0     0                        EPOCH OF LAST MAP   
  7200                                                      INTERVAL            
    13                                                      # OF MAPS IN FILE   
  NONE                                                      MAPPING FUNCTION    
10.0                                                        ELEVATION CUTOFF    
One-way carrier phase leveled to code                       OBSERVABLES USED    
  6371.0                                                    BASE RADIUS         
 2                                                          MAP DIMENSION       
   450.0 450.0   0.0                                        HGT1 / HGT2 / DHGT  
    87.5 -87.5  -2.5                                        LAT1 / LAT2 / DLAT  
  -180.0 180.0   5.0                                        LON1 / LON2 / DLON  
    -1                                                      EXPONENT            
                                                            END OF HEADER       
[from data line 3861]
    10                                                      START OF TEC MAP    
  2015     2     7    18     0     0                        EPOCH OF CURRENT MAP
    87.5-180.0 180.0   5.0 450.0                            LAT/LON1/LON2/DLON/H
  159  165  161  169  173  173  173  171  171  173  172  172  172  172  172  171
  170  169  168  166  164  162  160  157  154  152  149  146  144  141  139  136
  134  132  130  129  128  127  126  125  125  125  125  126  126  128  129  131
  132  134  136  138  140  142  145  147  149  151  152  154  156  157  158  159
  160  162  161  160  167  163  169  160  159                                   
    85.0-180.0 180.0   5.0 450.0                            LAT/LON1/LON2/DLON/H
  168  170  182  173  174  180  181  184  184  186  186  187  188  188  188  188
  187  186  184  182  179  177  173  170  166  163  159  155  152  148  145  141
  139  136  134  132  130  129  128  127  127  127  127  128  129  131  133  135
  137  140  142  145  148  150  153  156  158  160  163  164  166  168  169  170
  172  173  171  167  168  165  163  162  168                                   
    82.5-180.0 180.0   5.0 450.0                            LAT/LON1/LON2/DLON/H
  156  162  164  162  168  174  180  184  186  189  192  195  197  199  200  201
  201  200  198  196  192  188  184  179  174  168  163  157  152  146  141  137
  132  129  125  122  119  117  115  114  113  113  113  113  114  116  118  120
  123  127  130  134  137  141  144  148  151  154  156  159  161  162  163  164
  165  165  164  163  159  166  152  149  156                                   
    80.0-180.0 180.0   5.0 450.0                            LAT/LON1/LON2/DLON/H
  132  134  138  138  144  147  155  163  169  175  180  186  190  194  197  199
  200  200  198  195  191  186  180  174  167  159  152  145  138  131  125  119
  114  109  105  101   98   95   93   91   90   90   90   91   92   94   97  101
  105  109  113  118  123  127  132  136  139  142  145  147  148  149  150  150
  151  150  149  147  136  135  124  128  132                                   
    77.5-180.0 180.0   5.0 450.0                            LAT/LON1/LON2/DLON/H
  116  109  111  111  119  124  132  142  151  160  168  178  186  193  198  202
  205  206  205  203  199  193  187  179  171  162  153  145  136  128  121  115
  109  104   99   95   91   87   84   81   79   77   77   77   78   80   82   86
   90   95  100  105  110  115  120  124  128  131  133  134  135  135  135  134
  133  132  130  129  121  112  105  110  116                                   
    75.0-180.0 180.0   5.0 450.0                            LAT/LON1/LON2/DLON/H
   92   87   85   87   95  101  108  119  131  143  155  167  178  188  196  203
  208  211  212  211  208  203  197  189  180  170  160  150  140  132  124  117
  111  106  101   96   91   86   82   78   74   72   70   69   70   71   74   77
   80   85   89   94   99  104  108  112  115  118  120  121  122  122  121  120
  118  117  115  111  104   96   89   82   92                                   
    72.5-180.0 180.0   5.0 450.0                            LAT/LON1/LON2/DLON/H
   78   73   71   76   82   89   99  110  123  137  152  167  181  193  204  214
  221  226  229  231  230  226  220  212  202  191  179  168  157  147  139  131
  124  118  112  106  100   94   88   83   78   74   71   69   68   68   70   72
   74   77   81   85   89   94   98  101  104  107  108  109  110  110  109  108
  106  105  104  100   94   88   84   83   78                                   
    70.0-180.0 180.0   5.0 450.0                            LAT/LON1/LON2/DLON/H
   71   68   66   70   76   83   92  104  119  135  152  169  184  199  212  223
  233  241  247  251  252  251  246  239  229  217  204  191  178  167  157  148
  141  133  126  118  110  102   94   87   81   76   72   69   68   67   67   68
   69   71   73   76   79   82   85   89   91   94   96   97   97   98   98   98
   97   96   96   94   90   86   86   84   71                                   
    67.5-180.0 180.0   5.0 450.0                            LAT/LON1/LON2/DLON/H
   72   70   69   74   81   89   99  113  128  146  164  182  199  214  229  241
  253  263  271  278  282  282  279  272  261  248  233  218  203  190  179  168
  159  149  140  130  119  109  100   91   83   77   73   70   68   66   65   65
   64   65   65   67   69   72   75   78   81   84   86   87   88   89   90   90
   90   90   91   89   86   85   85   87   72                                   
    65.0-180.0 180.0   5.0 450.0                            LAT/LON1/LON2/DLON/H
   70   70   70   77   85   94  106  121  138  157  176  194  212  228  243  257
  270  282  293  301  308  310  308  301  290  276  260  244  228  214  201  189
  177  164  152  138  125  112  101   90   82   75   71   67   65   63   61   58
   56   55   54   54   55   57   60   63   66   69   72   74   75   76   77   78
   79   80   82   81   81   82   85   90   70                                   
    62.5-180.0 180.0   5.0 450.0                            LAT/LON1/LON2/DLON/H
   66   68   69   78   88  100  115  133  152  172  191  211  228  245  260  274
  288  301  314  324  331  335  333  326  314  300  283  266  250  235  222  208
  193  178  162  145  128  112   98   87   78   71   66   63   60   57   54   51
   47   44   42   41   41   44   47   50   54   58   60   63   64   65   66   67
   67   68   70   69   69   72   76   84   66                                   
    60.0-180.0 180.0   5.0 450.0                            LAT/LON1/LON2/DLON/H
   59   61   64   75   87  101  120  141  163  185  205  225  243  259  275  290
  304  318  331  342  349  352  350  342  330  316  300  284  270  256  243  228
  211  193  173  152  132  114   98   86   76   69   64   61   58   54   50   46
   41   37   34   32   32   35   38   42   46   49   52   54   56   56   57   57
   56   56   57   56   56   59   64   75   59                                   
    57.5-180.0 180.0   5.0 450.0                            LAT/LON1/LON2/DLON/H
   50   52   56   70   84  101  124  148  173  197  218  238  256  272  288  303
  318  332  345  355  361  362  358  350  338  324  311  298  286  275  263  248
  230  209  186  162  140  119  103   89   79   72   67   63   60   56   51   46
   41   36   32   31   31   33   36   40   44   47   50   52   53   53   53   52
   50   49   49   47   47   48   53   65   50                                   
    55.0-180.0 180.0   5.0 450.0                            LAT/LON1/LON2/DLON/H
   45   47   51   66   83  102  129  156  184  209  231  250  268  284  300  316
  331  344  355  363  366  365  359  350  339  328  317  308  301  293  282  268
  249  226  200  175  151  130  113   99   89   81   76   71   67   63   58   53
   48   43   39   38   38   40   43   46   50   52   54   56   57   57   56   55
   52   50   49   46   45   45   48   60   45                                   
    52.5-180.0 180.0   5.0 450.0                            LAT/LON1/LON2/DLON/H
   46   47   52   67   86  108  138  168  197  222  244  262  279  295  311  327
  342  354  363  367  368  364  357  347  338  329  322  318  313  308  299  284
  264  240  214  187  164  144  127  114  104   96   90   85   80   76   71   66
   62   58   55   54   54   56   58   60   62   63   64   65   66   66   65   64
   60   59   57   55   53   51   51   60   46                                   
    50.0-180.0 180.0   5.0 450.0                            LAT/LON1/LON2/DLON/H
   55   55   61   75   96  121  154  186  216  241  261  277  292  307  322  338
  352  363  369  371  369  363  355  347  339  333  329  327  324  319  309  294
  272  248  222  197  176  158  143  131  121  113  106  100   96   92   88   84
   81   79   78   77   77   78   78   79   79   78   78   78   78   78   78   77
   75   74   73   72   70   67   65   70   55                                   
    47.5-180.0 180.0   5.0 450.0                            LAT/LON1/LON2/DLON/H
   72   71   77   91  113  141  176  209  239  264  282  296  308  321  335  349
  362  371  376  375  372  365  358  351  345  340  338  336  332  324  311  292
  270  245  221  200  183  169  157  147  137  129  121  115  111  107  104  102
  101  101  100  100  100   99   98   96   94   92   90   89   90   91   92   92
   91   92   92   93   91   88   86   88   72                                   
    45.0-180.0 180.0   5.0 450.0                            LAT/LON1/LON2/DLON/H
   93   90   97  112  135  165  201  235  265  289  305  317  327  338  350  362
  373  381  384  383  379  373  367  361  355  351  347  342  333  320  301  280
  256  233  213  196  184  174  166  157  149  140  133  127  123  119  117  116
  116  117  117  117  116  114  111  108  104  101   98   98   98  100  103  104
  104  107  108  112  113  110  109  111   93                                   
    42.5-180.0 180.0   5.0 450.0                            LAT/LON1/LON2/DLON/H
  112  110  118  133  158  189  225  259  289  313  329  340  348  356  366  377
  386  392  394  393  390  386  381  375  369  362  354  343  328  308  285  261
  238  218  202  191  183  178  172  165  157  149  142  136  131  128  125  124
  124  124  124  124  122  119  115  111  107  103  101  100  102  104  107  110
  110  114  117  122  126  125  125  131  112                                   
    40.0-180.0 180.0   5.0 450.0                            LAT/LON1/LON2/DLON/H
  125  124  133  152  178  208  244  277  308  333  350  361  369  376  385  394
  401  405  407  407  405  403  398  391  382  371  358  341  320  297  272  249
  229  213  201  194  189  185  180  173  165  157  150  144  139  134  130  127
  125  124  123  121  119  116  112  109  105  101   98   98   99  102  105  107
  108  111  114  120  124  126  127  137  125                                   
    37.5-180.0 180.0   5.0 450.0                            LAT/LON1/LON2/DLON/H
  128  129  141  162  190  219  255  288  319  346  365  379  388  396  404  412
  417  421  422  423  423  420  415  405  393  377  360  340  318  296  274  255
  240  229  221  215  210  204  197  188  178  169  162  155  148  141  134  128
  124  121  119  116  114  111  108  105  102   98   96   95   96   97  100  100
  100  101  103  106  109  112  113  127  128                                   
    35.0-180.0 180.0   5.0 450.0                            LAT/LON1/LON2/DLON/H
  124  126  141  165  194  222  258  290  323  352  374  392  404  414  423  430
  435  437  438  439  439  436  428  415  398  381  364  347  331  315  302  291
  283  275  267  259  249  239  227  214  202  191  181  173  164  154  144  135
  128  123  120  116  114  112  110  108  104  101   98   96   95   95   96   95
   92   91   91   90   91   91   92  108  124                                   
    32.5-180.0 180.0   5.0 450.0                            LAT/LON1/LON2/DLON/H
  117  120  138  164  194  220  255  287  320  351  378  400  417  431  441  448
  452  453  453  453  452  446  434  418  401  387  376  368  364  362  362  362
  360  353  342  327  309  290  272  254  237  223  212  201  189  176  163  152
  144  138  133  129  127  125  124  122  118  114  109  105  103  101  100   98
   93   89   85   80   78   74   72   89  117                                   
    30.0-180.0 180.0   5.0 450.0                            LAT/LON1/LON2/DLON/H
  114  118  137  165  195  218  251  282  315  348  379  405  427  444  457  464
  467  467  466  463  459  449  435  419  405  398  399  408  422  439  456  469
  472  464  444  416  386  357  330  305  284  267  252  239  225  210  195  183
  175  169  165  162  159  158  156  153  147  140  132  126  121  117  115  111
  105   99   91   81   76   69   61   75  114                                   
    27.5-180.0 180.0   5.0 450.0                            LAT/LON1/LON2/DLON/H
  117  122  140  171  201  222  253  281  314  348  380  410  435  455  470  478
  481  479  474  469  461  448  433  419  413  418  437  467  505  545  582  607
  612  596  562  518  472  430  394  363  338  317  300  284  268  252  239  229
  223  220  217  215  213  211  207  200  190  178  166  156  148  142  138  133
  126  120  108   96   88   76   62   70  117                                   
    25.0-180.0 180.0   5.0 450.0                            LAT/LON1/LON2/DLON/H
  129  134  150  184  215  236  265  290  321  354  386  417  444  466  483  491
  492  488  481  472  460  446  432  423  428  450  490  544  607  670  721  751
  751  723  673  612  551  498  454  419  390  367  347  330  313  299  288  283
  283  284  285  285  282  278  270  258  241  223  206  191  179  169  162  155
  149  145  132  120  109   93   75   78  129                                   
    22.5-180.0 180.0   5.0 450.0                            LAT/LON1/LON2/DLON/H
  147  152  166  203  236  258  286  309  338  368  400  430  457  480  497  505
  505  499  488  475  461  446  436  437  455  495  557  633  714  788  842  866
  857  817  754  680  609  548  500  462  432  407  385  367  351  339  334  336
  343  351  357  358  355  348  335  316  292  267  244  225  208  194  184  175
  169  168  157  146  134  116   98   97  147                                   
    20.0-180.0 180.0   5.0 450.0                            LAT/LON1/LON2/DLON/H
  168  174  186  226  262  286  314  335  362  391  421  449  476  499  516  525
  523  514  500  484  469  456  452  463  497  554  633  721  807  876  920  933
  913  863  792  711  636  573  525  487  456  429  407  388  373  365  366  375
  390  405  415  417  413  403  385  361  331  301  273  250  230  213  200  190
  186  187  179  171  157  140  123  124  168                                   
    17.5-180.0 180.0   5.0 450.0                            LAT/LON1/LON2/DLON/H
  185  193  205  247  287  314  343  365  392  419  447  475  501  525  543  552
  550  539  523  505  489  480  483  505  552  623  707  794  868  920  946  944
  914  858  785  706  634  576  530  494  462  434  410  391  377  372  378  393
  414  434  447  450  445  433  413  385  352  318  289  264  242  223  209  198
  194  198  192  187  174  158  143  147  185                                   
    15.0-180.0 180.0   5.0 450.0                            LAT/LON1/LON2/DLON/H
  192  203  220  262  307  337  370  394  422  450  478  505  532  557  577  588
  587  577  560  542  527  521  532  564  619  692  770  839  889  915  920  905
  868  813  745  676  614  564  524  488  456  425  400  380  367  363  371  390
  414  436  450  454  448  435  415  387  354  321  291  266  244  224  209  198
  194  199  196  191  180  166  152  160  192                                   
    12.5-180.0 180.0   5.0 450.0                            LAT/LON1/LON2/DLON/H
  188  202  225  269  317  353  390  418  450  480  508  537  565  594  617  632
  635  627  613  596  583  581  597  633  688  753  812  854  873  873  859  833
  795  747  692  638  591  551  516  481  446  412  384  363  350  346  353  370
  393  414  428  432  427  415  397  372  344  314  287  263  242  222  207  195
  190  194  191  184  175  163  148  159  188                                   
    10.0-180.0 180.0   5.0 450.0                            LAT/LON1/LON2/DLON/H
  176  192  222  268  320  361  403  436  472  506  537  567  598  631  660  680
  689  687  677  664  654  654  670  704  751  798  831  842  833  812  785  755
  722  686  649  613  581  550  518  481  441  404  373  349  334  328  331  344
  363  381  393  396  392  383  370  351  329  305  281  260  240  221  205  192
  186  187  181  171  162  152  136  149  176                                   
     7.5-180.0 180.0   5.0 450.0                            LAT/LON1/LON2/DLON/H
  163  181  216  264  317  362  409  447  488  526  560  593  628  664  698  725
  741  745  742  734  728  729  742  769  801  825  832  818  788  755  723  695
