data/edconvlstm_nd/pred2920.15i
     1.0            IONOSPHERE MAPS     GNSS                IONEX VERSION / TYPE
pyspatialgeodesy        IME             05-JAN-18 20:20     PGM / RUN BY / DATE 
Map Name                                                    COMMENT             
Predicted global ionosphere maps (GIM).                     DESCRIPTION         
  2015    10    19     0     0     0                        EPOCH OF FIRST MAP  
  2015    10    20     0     0     0                        EPOCH OF LAST MAP   
  7200                                                      INTERVAL            
    13                                                      # OF MAPS IN FILE   
  NONE                                                      MAPPING FUNCTION    
10.0                                                        ELEVATION CUTOFF    
One-way carrier phase leveled to code                       OBSERVABLES USED    
  6371.0                                                    BASE RADIUS         
 2                                                          MAP DIMENSION       
   450.0 450.0   0.0                                        HGT1 / HGT2 / DHGT  
    87.5 -87.5  -2.5                                        LAT1 / LAT2 / DLAT  
  -180.0 180.0   5.0                                        LON1 / LON2 / DLON  
    -1                                                      EXPONENT            
                                                            END OF HEADER       
[from data line 4290]
    11                                                      START OF TEC MAP    
  2015    10    19    20     0     0                        EPOCH OF CURRENT MAP
    87.5-180.0 180.0   5.0 450.0                            LAT/LON1/LON2/DLON/H
  103   98   87   93   97   95   95   93   94   97   98  100  101  103  104  105
  106  107  107  107  107  106  105  104  103  101  100   98   97   95   94   92
   91   89   87   86   85   83   82   81   81   80   80   80   80   80   80   81
   81   82   83   83   84   85   85   86   87   87   87   88   88   88   88   88
   88   88   85   83   91   89  105  110  103                                   
    85.0-180.0 180.0   5.0 450.0                            LAT/LON1/LON2/DLON/H
  101   94   99   87   87   92   92   96   97  101  102  105  107  110  112  113
  115  115  116  116  115  114  112  111  109  107  105  103  100   98   96   94
   92   89   87   85   83   81   80   78   77   76   76   76   76   76   77   78
   79   80   81   82   84   85   86   87   88   89   89   90   90   90   90   90
   90   89   85   82   84   85   90   90  101                                   
    82.5-180.0 180.0   5.0 450.0                            LAT/LON1/LON2/DLON/H
   77   77   77   72   75   80   85   87   90   94   98  103  107  111  114  117
  119  120  121  120  119  117  115  113  110  107  104  101   98   95   92   90
   87   84   81   78   75   72   69   67   65   64   63   62   62   63   64   65
   67   69   71   73   75   77   78   80   81   82   83   83   84   84   84   83
   83   81   78   78   80   90   82   82   77                                   
    80.0-180.0 180.0   5.0 450.0                            LAT/LON1/LON2/DLON/H
   59   60   66   61   64   64   73   79   86   93   99  107  113  119  124  128
  130  131  131  129  126  123  119  114  110  105  101   97   93   90   86   83
   80   76   73   69   65   62   58   55   53   51   50   50   51   52   54   57
   59   62   65   68   71   73   75   77   78   79   80   80   81   81   80   80
   79   78   75   74   71   74   67   76   59                                   
    77.5-180.0 180.0   5.0 450.0                            LAT/LON1/LON2/DLON/H
   63   58   61   56   60   63   71   78   86   94  103  114  122  131  137  142
  144  145  143  140  136  130  124  118  112  106  101   96   92   89   86   83
   80   76   72   68   64   59   55   51   47   45   43   43   44   46   48   52
   55   59   63   66   69   72   74   76   77   78   78   78   78   78   78   78
   77   76   76   75   74   71   67   78   63                                   
    75.0-180.0 180.0   5.0 450.0                            LAT/LON1/LON2/DLON/H
   62   59   59   55   60   64   71   79   90  101  112  124  135  144  151  156
  158  157  154  149  143  136  128  120  112  105   99   95   91   88   85   83
   81   78   75   71   66   61   56   52   48   46   44   44   45   47   51   55
   59   63   67   70   72   74   75   76   76   76   76   76   76   76   77   77
   77   78   78   76   73   69   63   65   62                                   
    72.5-180.0 180.0   5.0 450.0                            LAT/LON1/LON2/DLON/H
   68   64   63   63   63   67   76   82   92  104  117  131  143  153  161  165
  166  164  160  153  145  135  125  115  106   98   91   85   81   78   77   76
   75   73   71   68   63   59   54   49   45   42   40   40   42   44   48   52
   56   60   63   66   67   68   68   68   67   66   66   66   66   66   67   68
   69   71   73   71   70   68   66   71   68                                   
    70.0-180.0 180.0   5.0 450.0                            LAT/LON1/LON2/DLON/H
   74   72   71   71   71   74   80   88   99  112  125  139  152  162  168  172
  172  169  163  156  147  136  126  115  104   95   86   80   75   72   71   71
   71   70   69   66   63   59   54   50   46   44   43   43   44   47   50   54
   58   61   63   64   65   64   63   61   60   59   58   58   58   59   61   63
   64   67   71   72   72   72   73   76   74                                   
    67.5-180.0 180.0   5.0 450.0                            LAT/LON1/LON2/DLON/H
   82   82   82   83   84   87   93  100  110  122  135  149  161  170  176  179
  178  175  169  161  152  142  131  119  107   96   85   77   71   67   65   65
   65   65   64   62   60   56   52   48   45   43   43   43   45   47   50   54
   56   58   60   60   59   57   55   53   52   51   51   51   52   53   55   57
   59   63   66   68   70   73   74   78   82                                   
    65.0-180.0 180.0   5.0 450.0                            LAT/LON1/LON2/DLON/H
   83   87   88   91   92   96  101  109  118  129  141  154  165  173  178  180
  179  177  172  166  159  151  141  129  117  104   91   81   72   66   63   61
   61   61   60   58   56   52   49   46   44   43   43   43   45   47   49   51
   52   53   53   51   50   48   46   44   43   43   44   44   46   47   49   51
   53   57   61   65   68   74   77   82   83                                   
    62.5-180.0 180.0   5.0 450.0                            LAT/LON1/LON2/DLON/H
   83   89   91   96   99  104  109  116  124  134  145  157  166  174  178  180
  180  179  177  174  171  165  157  146  133  119  104   90   79   70   65   62
   60   59   57   55   52   49   46   44   42   41   42   42   43   44   45   45
   45   45   44   42   40   38   37   37   37   38   39   41   42   43   45   46
   47   50   54   57   61   68   72   77   83                                   
    60.0-180.0 180.0   5.0 450.0                            LAT/LON1/LON2/DLON/H
   79   86   91   97  102  107  113  120  128  137  147  157  165  171  176  178
  180  181  182  184  184  182  177  168  155  140  124  108   94   83   76   70
   67   64   61   57   54   50   47   45   43   43   43   43   43   43   42   41
   39   38   36   34   33   31   31   32   35   37   40   42   43   44   44   44
   44   46   48   51   55   62   66   73   79                                   
    57.5-180.0 180.0   5.0 450.0                            LAT/LON1/LON2/DLON/H
   75   83   89   98  105  111  118  124  132  140  149  157  164  169  173  176
  180  184  188  193  197  199  197  190  179  164  148  132  117  105   95   88
   82   77   72   67   62   57   53   51   50   49   49   48   46   44   42   40
   37   35   33   31   30   30   31   34   38   42   45   47   48   48   47   46
   45   45   47   48   50   57   61   69   75                                   
    55.0-180.0 180.0   5.0 450.0                            LAT/LON1/LON2/DLON/H
   75   84   92  102  110  117  124  130  137  145  152  159  165  169  172  176
  181  187  194  202  209  213  213  209  200  188  173  158  145  132  122  113
  105   97   90   83   76   70   66   62   61   60   58   57   54   50   47   43
   39   37   35   33   33   34   37   41   46   50   54   56   57   56   54   52
   50   49   50   50   52   57   60   70   75                                   
    52.5-180.0 180.0   5.0 450.0                            LAT/LON1/LON2/DLON/H
   81   91  100  110  120  127  134  140  146  152  158  164  168  171  174  178
  183  190  199  208  216  222  224  223  217  207  196  184  173  161  151  140
  130  121  111  103   95   88   82   78   76   74   73   70   66   61   56   52
   48   45   43   41   42   43   47   52   57   62   66   67   67   65   63   61
   58   58   59   60   61   65   68   77   81                                   
    50.0-180.0 180.0   5.0 450.0                            LAT/LON1/LON2/DLON/H
   96  106  117  127  137  144  150  156  161  166  170  174  176  178  181  184
  189  195  204  212  221  227  231  231  228  223  216  207  198  188  177  166
  154  142  132  122  114  107  101   96   93   92   90   87   83   77   71   66
   61   58   56   55   55   57   61   66   71   75   77   78   77   75   74   72
   70   71   73   75   77   81   84   92   96                                   
    47.5-180.0 180.0   5.0 450.0                            LAT/LON1/LON2/DLON/H
  117  129  141  150  159  168  172  177  180  184  187  189  190  191  192  194
  198  203  210  217  225  231  236  238  237  235  231  225  217  208  196  183
  170  157  146  137  130  123  118  113  110  108  107  104  100   95   88   83
   78   75   72   70   70   72   75   80   84   87   88   88   86   85   84   83
   82   85   89   94   97  104  109  114  117                                   
    45.0-180.0 180.0   5.0 450.0                            LAT/LON1/LON2/DLON/H
  144  157  170  178  186  194  198  202  204  208  209  210  209  209  209  210
  212  215  220  226  232  238  242  245  246  245  243  238  230  219  206  191
  176  163  153  145  140  135  130  127  124  122  121  120  116  111  105  100
   95   91   88   86   85   86   89   92   95   97   97   96   94   93   93   94
   94   99  105  112  119  129  138  142  144                                   
    42.5-180.0 180.0   5.0 450.0                            LAT/LON1/LON2/DLON/H
  171  187  201  207  215  222  225  228  230  233  234  234  233  231  230  229
  230  232  235  240  245  250  253  256  257  256  252  246  236  222  207  190
  174  162  153  148  145  142  139  136  133  132  132  131  128  124  119  113
  109  104  100   97   96   96   99  102  104  104  103  102  101  100  101  103
  104  110  117  128  138  152  166  171  171                                   
    40.0-180.0 180.0   5.0 450.0                            LAT/LON1/LON2/DLON/H
  194  214  228  235  241  247  250  253  255  259  260  261  259  257  255  253
  252  253  255  259  264  268  271  271  270  267  261  251  237  221  204  187
  172  160  153  150  149  148  146  142  139  138  137  137  136  132  127  122
  116  111  107  104  102  102  104  107  109  109  108  106  106  106  108  110
  111  116  125  137  151  170  188  196  194                                   
    37.5-180.0 180.0   5.0 450.0                            LAT/LON1/LON2/DLON/H
  211  235  251  257  263  268  271  274  277  282  285  286  285  283  280  278
  277  277  280  284  289  292  292  290  286  279  269  256  240  222  205  189
  176  167  162  160  159  157  154  149  144  141  140  140  138  135  130  125
  119  114  109  105  104  105  107  110  112  111  110  109  109  111  113  114
  114  119  128  141  157  180  202  213  211                                   
    35.0-180.0 180.0   5.0 450.0                            LAT/LON1/LON2/DLON/H
  224  251  268  274  281  284  289  292  296  302  306  309  308  307  305  302
  301  301  305  310  315  317  315  310  302  292  279  264  247  231  217  206
  198  191  186  183  179  174  166  158  150  145  143  141  140  136  131  125
  119  113  109  105  105  106  109  112  113  113  112  111  112  113  115  116
  116  119  128  141  158  185  210  223  224                                   
    32.5-180.0 180.0   5.0 450.0                            LAT/LON1/LON2/DLON/H
  235  265  282  288  296  298  303  306  312  319  324  327  328  328  326  324
  322  323  327  333  337  338  334  326  317  305  293  278  265  254  247  243
  240  236  230  222  212  200  186  171  159  151  147  144  142  138  132  126
  120  114  110  107  107  109  112  115  116  115  114  113  114  115  117  117
  116  120  129  143  160  188  215  229  235                                   
    30.0-180.0 180.0   5.0 450.0                            LAT/LON1/LON2/DLON/H
  248  280  298  303  311  312  317  320  326  332  338  342  344  344  342  340
  339  340  344  349  354  353  347  339  329  319  310  301  294  292  294  300
  304  303  294  278  257  233  210  189  172  161  155  151  148  144  138  132
  125  119  115  113  114  116  119  120  120  118  116  115  115  117  118  119
  119  124  134  149  166  195  223  237  248                                   
    27.5-180.0 180.0   5.0 450.0                            LAT/LON1/LON2/DLON/H
  265  298  318  322  331  331  334  335  340  346  351  354  356  356  355  352
  350  350  354  359  362  361  355  347  341  337  334  333  336  344  359  375
  386  386  370  341  306  270  237  209  188  175  168  164  161  157  151  145
  138  132  128  126  126  127  128  127  125  121  118  116  117  118  120  123
  124  132  145  161  178  207  236  248  265                                   
    25.0-180.0 180.0   5.0 450.0                            LAT/LON1/LON2/DLON/H
  287  320  341  346  357  357  358  356  359  362  365  367  368  367  365  361
  358  358  360  364  366  365  361  357  356  359  365  374  387  408  434  460
  476  472  444  401  350  301  260  228  206  193  186  183  181  177  172  165
  158  152  147  144  142  140  138  135  130  124  120  117  117  119  123  127
  132  145  160  179  196  226  254  265  287                                   
    22.5-180.0 180.0   5.0 450.0                            LAT/LON1/LON2/DLON/H
  311  344  366  374  388  389  390  385  385  384  384  383  382  380  376  372
  368  366  367  369  371  371  371  372  378  389  404  422  445  475  510  540
  553  539  498  440  377  321  277  245  224  213  208  207  206  204  199  192
  184  177  170  165  160  154  148  141  133  126  120  117  117  120  125  132
  141  159  177  200  218  247  276  285  311                                   
    20.0-180.0 180.0   5.0 450.0                            LAT/LON1/LON2/DLON/H
  334  367  391  403  423  426  427  421  418  415  411  408  404  399  394  389
  384  381  381  382  384  387  391  398  411  429  451  476  504  537  571  596
  599  571  517  450  383  327  286  259  243  235  233  234  234  232  227  219
  211  202  194  185  177  167  156  146  135  127  120  117  117  121  127  137
  149  172  194  219  239  268  296  306  334                                   
    17.5-180.0 180.0   5.0 450.0                            LAT/LON1/LON2/DLON/H
  353  387  413  430  455  462  466  461  457  452  447  441  435  429  422  416
  411  408  407  408  411  417  425  439  457  480  505  531  557  584  608  618
  604  563  501  433  371  323  291  273  263  260  260  261  262  259  252  243
  233  223  213  202  189  176  162  149  137  128  121  118  118  122  130  141
  156  182  206  234  254  284  313  325  353                                   
    15.0-180.0 180.0   5.0 450.0                            LAT/LON1/LON2/DLON/H
  366  402  430  451  480  492  501  499  497  494  489  483  476  469  462  456
  452  450  449  451  456  464  476  493  515  538  561  581  598  611  616  606
  575  524  461  400  351  317  298  290  287  286  287  287  284  279  269  258
  247  236  225  212  197  180  164  150  139  130  123  120  121  126  134  145
  160  187  213  241  262  293  324  339  366                                   
    12.5-180.0 180.0   5.0 450.0                            LAT/LON1/LON2/DLON/H
  372  411  441  464  498  514  528  531  535  535  533  530  525  519  513  509
  506  506  507  510  516  526  540  559  579  599  614  622  624  619  604  574
  529  473  415  367  334  318  313  314  315  315  313  308  301  290  277  263
  251  239  228  214  198  180  164  151  141  133  127  124  125  130  138  148
  162  188  213  241  263  296  329  347  372                                   
    10.0-180.0 180.0   5.0 450.0                            LAT/LON1/LON2/DLON/H
  375  416  448  472  509  529  548  556  566  572  576  577  576  573  570  568
  569  571  574  578  585  595  609  626  642  653  656  651  637  615  582  538
  484  428  380  348  333  332  339  345  347  344  336  325  310  293  276  259
  246  234  223  210  194  176  162  151  143  136  131  128  130  134  141  149
  161  185  209  236  259  294  330  349  375                                   
     7.5-180.0 180.0   5.0 450.0                            LAT/LON1/LON2/DLON/H
  377  418  452  476  515  538  561  574  590  602  612  619  623  624  625  627
  631  636  641  646  652  660  671  683  691  692  684  667  642  608  564  512
