data/edconvlstm_nd/pred2980.15i
     1.0            IONOSPHERE MAPS     GNSS                IONEX VERSION / TYPE
pyspatialgeodesy        IME             05-JAN-18 20:20     PGM / RUN BY / DATE 
Map Name                                                    COMMENT             
Predicted global ionosphere maps (GIM).                     DESCRIPTION         
  2015    10    25     0     0     0                        EPOCH OF FIRST MAP  
  2015    10    26     0     0     0                        EPOCH OF LAST MAP   
  7200                                                      INTERVAL            
    13                                                      # OF MAPS IN FILE   
  NONE                                                      MAPPING FUNCTION    
10.0                                                        ELEVATION CUTOFF    
One-way carrier phase leveled to code                       OBSERVABLES USED    
  6371.0                                                    BASE RADIUS         
 2                                                          MAP DIMENSION       
   450.0 450.0   0.0                                        HGT1 / HGT2 / DHGT  
    87.5 -87.5  -2.5                                        LAT1 / LAT2 / DLAT  
  -180.0 180.0   5.0                                        LON1 / LON2 / DLON  
    -1                                                      EXPONENT            
                                                            END OF HEADER       
[from data line 429]
     2                                                      START OF TEC MAP    
  2015    10    25     2     0     0                        EPOCH OF CURRENT MAP
    87.5-180.0 180.0   5.0 450.0                            LAT/LON1/LON2/DLON/H
  110  119  121  120  119  118  114  112  112  112  111  111  111  110  108  107
  105  104  102   99   97   95   93   91   89   87   85   83   82   81   80   79
   79   78   78   79   79   80   81   82   83   84   86   87   89   91   93   94
   96   98   99  101  102  104  105  106  107  108  109  109  109  110  110  111
  112  113  112  111  112  119  122  113  110                                   
    85.0-180.0 180.0   5.0 450.0                            LAT/LON1/LON2/DLON/H
  122  139  125  129  131  130  127  125  124  123  122  121  119  118  116  114
  111  108  105  101   98   94   90   86   83   79   76   74   72   70   69   68
   68   68   69   71   73   75   77   80   83   86   89   92   95   98  100  103
  106  108  110  113  115  117  119  121  122  124  125  127  127  128  128  130
  132  133  132  133  131  132  136  127  122                                   
    82.5-180.0 180.0   5.0 450.0                            LAT/LON1/LON2/DLON/H
  137  142  152  142  141  140  137  135  135  133  131  130  128  126  124  121
  117  113  108  103   98   92   86   80   74   69   65   61   57   55   53   53
   53   54   56   59   62   66   70   75   80   84   89   94   98  102  105  109
  112  115  118  121  124  127  130  133  136  139  141  143  145  146  147  149
  150  151  149  147  152  141  140  135  137                                   
    80.0-180.0 180.0   5.0 450.0                            LAT/LON1/LON2/DLON/H
  156  158  152  142  141  137  137  134  134  132  129  129  127  126  124  121
  117  113  107  101   94   87   79   72   64   58   52   47   43   41   39   39
   40   42   45   48   53   58   64   70   76   81   87   92   96  100  103  107
  110  113  116  119  122  126  130  134  138  142  146  149  152  154  156  158
  159  157  156  155  166  159  161  152  156                                   
    77.5-180.0 180.0   5.0 450.0                            LAT/LON1/LON2/DLON/H
  164  165  156  148  140  137  136  135  134  131  129  129  128  128  127  125
  122  118  113  107  100   92   83   74   65   58   51   45   41   38   37   37
   38   41   44   49   54   60   67   73   80   86   91   95   99  102  104  106
  108  110  113  116  120  125  130  135  141  146  151  155  159  162  165  168
  169  170  167  169  175  169  171  167  164                                   
    75.0-180.0 180.0   5.0 450.0                            LAT/LON1/LON2/DLON/H
  169  172  163  156  145  141  137  133  131  127  125  124  124  123  123  122
  121  118  115  109  103   96   87   79   70   63   56   51   46   44   42   42
   44   46   49   54   59   64   70   76   81   86   90   93   95   96   97   97
   97   98  100  104  108  114  121  128  135  143  149  155  161  165  169  173
  174  176  176  173  180  181  183  179  169                                   
    72.5-180.0 180.0   5.0 450.0                            LAT/LON1/LON2/DLON/H
  174  181  174  165  154  148  143  138  133  128  124  122  120  119  119  118
  118  116  114  111  106  100   94   86   79   73   67   62   59   57   56   56
   57   59   61   64   68   72   77   81   85   89   91   93   93   92   91   90
   89   90   92   96  102  109  118  128  137  146  154  161  167  172  176  180
  182  184  187  186  191  189  191  190  174                                   
    70.0-180.0 180.0   5.0 450.0                            LAT/LON1/LON2/DLON/H
  190  195  188  178  165  157  149  142  136  129  122  117  113  110  108  107
  106  106  105  104  101   98   93   88   83   78   74   71   69   68   67   68
   68   69   70   71   73   75   77   80   82   84   85   85   85   83   81   79
   78   79   82   87   95  105  117  129  141  152  161  168  174  178  182  186
  188  190  194  196  201  201  205  201  190                                   
    67.5-180.0 180.0   5.0 450.0                            LAT/LON1/LON2/DLON/H
  199  205  197  187  174  164  155  146  139  129  120  112  105   99   95   92
   91   91   91   91   91   89   87   84   80   77   75   73   72   72   72   73
   73   72   72   71   70   70   70   70   71   71   72   71   70   67   65   63
   63   65   69   77   87  101  115  130  144  156  166  174  179  182  185  188
  190  191  195  197  204  205  210  209  199                                   
    65.0-180.0 180.0   5.0 450.0                            LAT/LON1/LON2/DLON/H
  208  213  205  194  182  172  162  153  145  133  122  112  102   93   86   82
   80   79   80   81   82   81   80   78   76   74   73   72   72   73   73   73
   73   72   69   67   64   62   60   59   59   59   59   59   57   56   54   52
   53   56   62   72   85  101  119  136  152  165  176  183  188  190  191  193
  194  194  198  199  206  209  215  215  208                                   
    62.5-180.0 180.0   5.0 450.0                            LAT/LON1/LON2/DLON/H
  215  219  211  199  188  178  168  160  152  140  128  116  104   92   83   77
   74   73   74   75   75   75   74   72   70   68   67   67   68   69   69   70
   69   67   65   61   58   54   52   50   50   50   51   50   50   49   48   47
   49   53   61   72   88  106  125  144  162  176  187  194  199  201  202  203
  202  200  203  204  209  212  220  221  215                                   
    60.0-180.0 180.0   5.0 450.0                            LAT/LON1/LON2/DLON/H
  220  222  214  200  190  179  170  163  156  145  132  120  106   94   84   77
   73   72   71   71   70   69   67   64   62   60   59   59   59   61   62   62
   62   61   58   55   52   49   46   45   45   46   47   47   47   47   46   47
   49   54   63   76   92  112  132  152  170  185  196  205  210  213  215  216
  214  211  212  211  215  217  224  225  220                                   
    57.5-180.0 180.0   5.0 450.0                            LAT/LON1/LON2/DLON/H
  227  227  218  201  191  180  170  164  157  147  135  123  110   99   89   82
   78   75   73   70   67   64   61   57   54   52   51   51   52   53   54   55
   56   55   54   53   51   49   47   46   47   48   49   51   51   51   51   52
   55   60   69   82   99  119  140  161  179  194  206  215  222  227  231  233
  231  228  228  225  228  227  233  234  227                                   
    55.0-180.0 180.0   5.0 450.0                            LAT/LON1/LON2/DLON/H
  239  236  224  205  194  182  172  164  157  147  135  125  113  103   95   89
   84   80   76   71   66   61   57   53   50   48   47   47   48   49   50   51
   53   54   54   55   55   54   54   54   55   56   58   60   61   61   61   62
   65   71   80   93  109  128  149  169  187  202  214  225  234  242  248  253
  253  250  249  245  246  242  247  247  239                                   
    52.5-180.0 180.0   5.0 450.0                            LAT/LON1/LON2/DLON/H
  256  251  236  217  205  191  178  168  158  147  135  125  116  108  101   96
   92   86   80   73   66   61   56   53   51   50   50   49   50   50   51   52
   54   56   59   61   64   65   65   66   67   69   71   73   74   74   75   76
   79   84   93  106  122  141  161  180  197  211  223  234  245  255  265  273
  275  273  273  267  267  261  264  263  256                                   
    50.0-180.0 180.0   5.0 450.0                            LAT/LON1/LON2/DLON/H
  276  271  254  236  224  208  192  178  165  150  137  127  119  112  107  103
   98   91   83   75   67   63   60   59   58   58   58   58   57   57   56   57
   58   62   66   70   75   77   79   80   82   84   86   87   89   89   90   91
   95  101  111  124  140  158  176  194  209  221  232  242  254  266  278  289
  294  295  294  289  288  281  283  281  276                                   
    47.5-180.0 180.0   5.0 450.0                            LAT/LON1/LON2/DLON/H
  295  293  275  262  250  233  215  195  177  159  143  132  123  117  112  108
  102   93   84   76   70   67   67   68   70   71   71   70   68   66   64   63
   64   67   72   79   84   89   91   93   95   97  100  102  103  104  105  107
  113  120  131  145  161  179  197  212  224  233  241  249  260  272  286  299
  307  310  310  304  303  297  300  298  295                                   
    45.0-180.0 180.0   5.0 450.0                            LAT/LON1/LON2/DLON/H
  309  310  296  290  278  262  242  219  197  174  155  140  130  123  117  111
  103   94   85   78   75   75   78   81   83   84   83   81   77   73   69   66
   66   70   76   83   91   96  100  102  105  108  111  114  115  116  118  122
  129  140  153  168  185  203  219  232  241  246  250  255  264  275  289  303
  313  317  318  312  311  306  308  308  309                                   
    42.5-180.0 180.0   5.0 450.0                            LAT/LON1/LON2/DLON/H
  315  318  311  310  302  288  269  245  219  193  170  153  140  131  123  114
  105   95   87   83   82   85   89   93   95   94   91   86   80   74   69   65
   65   69   76   85   93   99  104  107  111  115  120  123  125  126  129  135
  144  157  172  190  208  225  240  251  257  259  259  262  267  277  290  304
  313  318  318  313  311  306  309  310  315                                   
    40.0-180.0 180.0   5.0 450.0                            LAT/LON1/LON2/DLON/H
  313  317  315  318  315  304  287  265  240  212  188  168  153  140  130  118
  107   98   92   91   93   97  101  102  101   97   91   84   76   69   64   62
   63   67   75   85   94  100  105  109  114  119  125  129  132  134  137  144
  155  170  188  207  226  244  258  267  271  271  270  270  274  282  293  305
  313  316  317  312  308  303  306  307  313                                   
    37.5-180.0 180.0   5.0 450.0                            LAT/LON1/LON2/DLON/H
  308  309  309  312  314  307  292  275  252  227  203  183  166  151  138  125
  113  105  102  103  106  110  111  108  102   94   84   76   69   63   60   60
   63   69   78   88   96  102  107  111  116  122  129  134  136  138  141  148
  160  177  197  218  238  256  271  280  284  284  282  282  285  292  303  313
  319  321  321  315  310  305  308  308  308                                   
    35.0-180.0 180.0   5.0 450.0                            LAT/LON1/LON2/DLON/H
  307  304  300  298  303  298  286  272  255  233  212  193  176  160  146  132
  121  115  114  117  120  121  116  108   98   87   77   69   64   62   62   65
   71   78   87   96  103  108  111  114  119  126  132  137  138  139  141  148
  161  178  199  222  244  264  279  290  295  297  297  299  304  312  323  333
  338  339  337  331  326  322  325  321  307                                   
    32.5-180.0 180.0   5.0 450.0                            LAT/LON1/LON2/DLON/H
  319  312  301  289  291  284  272  262  249  232  215  198  182  167  152  140
  130  126  127  130  131  127  117  105   93   83   75   71   69   71   75   81
   89   97  105  112  116  119  120  122  125  130  135  138  138  137  138  144
  156  174  196  220  244  266  284  297  305  310  314  320  329  341  355  366
  371  371  371  364  360  358  361  353  319                                   
    30.0-180.0 180.0   5.0 450.0                            LAT/LON1/LON2/DLON/H
  354  343  321  295  288  276  261  250  240  227  212  198  183  169  156  145
  137  135  136  138  135  126  114  103   94   88   85   85   88   93  101  110
  119  127  134  137  138  136  134  133  133  136  138  139  137  133  132  137
  148  165  188  214  240  265  285  302  314  324  334  346  362  380  397  412
  419  421  421  415  414  414  416  404  354                                   
    27.5-180.0 180.0   5.0 450.0                            LAT/LON1/LON2/DLON/H
  416  402  364  324  306  284  262  247  235  222  209  195  181  168  156  147
  140  138  138  136  130  120  111  105  104  107  111  116  122  131  142  153
  163  170  173  171  166  159  151  146  142  141  140  137  133  128  126  129
  139  156  180  207  235  262  286  306  323  339  356  376  399  424  448  468
  480  485  488  482  484  488  488  474  416                                   
    25.0-180.0 180.0   5.0 450.0                            LAT/LON1/LON2/DLON/H
  502  489  433  379  347  315  283  260  243  227  210  194  179  166  154  145
  138  134  131  126  119  112  110  115  126  139  152  162  172  183  196  207
  216  219  216  207  194  181  168  157  149  144  139  134  128  122  120  122
  132  149  173  202  232  262  288  312  335  357  380  407  437  469  500  526
  545  556  563  561  566  577  575  561  502                                   
    22.5-180.0 180.0   5.0 450.0                            LAT/LON1/LON2/DLON/H
  599  591  525  460  413  370  327  294  268  245  223  202  182  166  154  143
  133  125  118  112  107  108  118  136  159  183  203  218  231  243  253  262
  266  263  253  236  216  196  179  164  152  143  135  128  122  116  114  117
  128  146  170  200  232  264  294  322  349  376  405  437  472  509  545  577
  602  620  633  638  647  668  671  656  599                                   
    20.0-180.0 180.0   5.0 450.0                            LAT/LON1/LON2/DLON/H
  689  692  627  559  498  447  393  349  313  281  250  221  196  175  158  144
  130  118  108  103  104  114  135  165  199  230  256  274  287  296  302  305
  302  292  274  250  224  200  181  164  150  138  129  121  114  109  109  114
  126  145  171  202  236  271  304  335  365  395  427  461  499  538  576  611
  641  664  684  698  710  742  756  744  689                                   
    17.5-180.0 180.0   5.0 450.0                            LAT/LON1/LON2/DLON/H
  756  771  716  655  587  532  473  420  375  334  293  255  221  195  173  154
  135  120  109  107  114  134  164  202  241  276  302  318  326  329  328  323
  313  297  273  245  217  193  174  158  144  131  121  113  106  103  104  112
  126  147  175  208  244  281  316  350  381  412  444  478  515  554  591  626
  657  683  707  728  742  780  807  801  756                                   
    15.0-180.0 180.0   5.0 450.0                            LAT/LON1/LON2/DLON/H
  787  811  774  727  663  612  553  497  446  397  347  301  260  227  200  176
  154  137  127  129  143  168  204  245  284  315  334  342  341  335  325  313
  298  277  252  225  199  179  163  149  136  124  113  105  100   98  101  111
  129  152  182  216  253  292  330  364  395  425  455  488  523  558  592  623
  652  677  702  726  741  777  812  818  787                                   
    12.5-180.0 180.0   5.0 450.0                            LAT/LON1/LON2/DLON/H
  786  811  792  763  714  674  621  568  515  462  407  354  309  271  241  214
  190  172  164  170  189  218  255  293  325  344  349  343  329  313  297  280
  262  242  222  200  181  166  154  142  130  119  109  101   95   94   99  112
  132  159  190  225  263  302  339  374  404  432  461  492  524  555  584  608
  632  652  676  699  713  742  779  798  786                                   
    10.0-180.0 180.0   5.0 450.0                            LAT/LON1/LON2/DLON/H
  762  782  778  765  737  712  670  624  574  520  463  409  362  323  291  264
  240  224  220  229  252  283  316  344  359  358  342  319  295  274  255  237
  222  208  195  181  169  159  150  140  129  118  108   99   93   92   98  113
  135  164  196  231  268  307  343  377  406  434  461  491  520  548  571  589
  606  622  642  663  673  695  729  757  762                                   
     7.5-180.0 180.0   5.0 450.0                            LAT/LON1/LON2/DLON/H
  731  744  748  747  738  728  698  661  616  565  511  459  414  377  347  321
  300  288  288  302  326  354  377  387  378  351  315  280  252  232  216  202
