data/edconvlstm_nd/pred1840.15i
     1.0            IONOSPHERE MAPS     GNSS                IONEX VERSION / TYPE
pyspatialgeodesy        IME             05-JAN-18 20:20     PGM / RUN BY / DATE 
Map Name                                                    COMMENT             
Predicted global ionosphere maps (GIM).                     DESCRIPTION         
  2015     7     3     0     0     0                        EPOCH OF FIRST MAP  
  2015     7     4     0     0     0                        EPOCH OF LAST MAP   
  7200                                                      INTERVAL            
    13                                                      # OF MAPS IN FILE   
  NONE                                                      MAPPING FUNCTION    
10.0                                                        ELEVATION CUTOFF    
One-way carrier phase leveled to code                       OBSERVABLES USED    
  6371.0                                                    BASE RADIUS         
 2                                                          MAP DIMENSION       
   450.0 450.0   0.0                                        HGT1 / HGT2 / DHGT  
    87.5 -87.5  -2.5                                        LAT1 / LAT2 / DLAT  
  -180.0 180.0   5.0                                        LON1 / LON2 / DLON  
    -1                                                      EXPONENT            
                                                            END OF HEADER       
[from data line 1287]
     4                                                      START OF TEC MAP    
  2015     7     3     6     0     0                        EPOCH OF CURRENT MAP
    87.5-180.0 180.0   5.0 450.0                            LAT/LON1/LON2/DLON/H
  158  156  154  158  159  157  155  153  154  155  155  156  156  157  157  157
  157  157  157  157  157  156  156  155  154  154  153  153  152  152  151  151
  150  150  150  150  149  149  149  149  149  149  149  149  149  150  150  151
  151  151  152  152  152  152  152  152  152  152  152  151  151  150  150  150
  150  152  151  151  155  154  156  151  158                                   
    85.0-180.0 180.0   5.0 450.0                            LAT/LON1/LON2/DLON/H
  159  164  162  164  165  165  166  165  166  167  167  167  168  168  169  169
  169  169  169  169  168  168  167  166  166  165  165  164  163  163  162  162
  162  162  161  161  161  161  161  161  161  161  161  162  162  163  163  164
  165  165  166  166  167  167  167  167  167  166  166  165  165  164  163  163
  164  165  161  162  158  159  160  157  159                                   
    82.5-180.0 180.0   5.0 450.0                            LAT/LON1/LON2/DLON/H
  164  167  168  163  163  165  165  165  166  166  166  167  167  167  168  168
  168  168  168  168  167  167  166  165  164  163  162  161  161  160  160  160
  160  160  160  160  160  160  160  160  160  161  162  162  163  164  165  166
  168  169  170  171  171  172  172  172  172  171  171  170  169  168  166  166
  165  165  161  163  164  162  159  151  164                                   
    80.0-180.0 180.0   5.0 450.0                            LAT/LON1/LON2/DLON/H
  164  166  162  161  162  162  163  164  164  164  164  165  165  165  166  166
  167  167  167  166  166  164  163  162  160  159  158  157  156  156  156  156
  156  157  157  157  158  158  159  159  160  161  162  163  165  166  168  170
  172  174  175  177  178  179  179  179  179  178  177  176  174  172  170  169
  167  165  161  163  164  164  168  153  164                                   
    77.5-180.0 180.0   5.0 450.0                            LAT/LON1/LON2/DLON/H
  162  163  161  162  160  162  163  163  163  162  161  162  162  162  163  163
  164  165  165  164  164  162  160  158  156  154  153  152  152  152  152  153
  155  156  157  158  159  160  161  161  163  164  165  167  170  172  175  177
  180  183  185  187  188  189  189  189  189  188  186  185  182  180  177  175
  172  169  163  165  166  163  163  158  162                                   
    75.0-180.0 180.0   5.0 450.0                            LAT/LON1/LON2/DLON/H
  157  161  156  159  157  160  160  159  159  157  155  155  155  155  156  157
  159  160  160  160  159  157  154  151  148  146  144  143  143  144  146  148
  151  153  155  157  159  160  161  162  164  165  167  170  172  176  179  182
  185  188  190  192  193  194  194  194  193  192  191  189  187  184  180  178
  174  170  164  160  161  160  161  157  157                                   
    72.5-180.0 180.0   5.0 450.0                            LAT/LON1/LON2/DLON/H
  154  160  156  158  158  160  161  159  157  155  153  152  151  151  153  154
  156  158  158  158  157  154  151  147  144  141  139  138  139  141  144  148
  152  156  160  163  165  166  167  169  170  172  174  177  180  184  187  190
  193  195  197  198  199  199  198  198  197  196  195  193  191  189  186  183
  179  175  169  165  163  161  160  158  154                                   
    70.0-180.0 180.0   5.0 450.0                            LAT/LON1/LON2/DLON/H
  155  158  155  156  155  156  157  155  153  150  147  146  144  145  146  148
  150  152  153  153  152  148  144  139  135  131  129  129  131  135  140  145
  152  157  162  165  168  170  171  172  174  176  178  181  185  188  191  194
  196  197  197  197  196  195  194  193  192  191  191  190  189  187  185  183
  179  175  169  165  162  161  163  161  155                                   
    67.5-180.0 180.0   5.0 450.0                            LAT/LON1/LON2/DLON/H
  152  156  153  154  153  154  154  151  149  146  142  140  139  139  140  143
  145  147  148  148  146  142  137  131  126  123  121  121  124  129  136  143
  151  158  164  168  170  172  174  175  177  179  182  185  188  191  194  196
  196  196  194  192  190  187  185  184  183  182  182  183  183  182  181  180
  177  174  168  164  161  161  162  161  152                                   
    65.0-180.0 180.0   5.0 450.0                            LAT/LON1/LON2/DLON/H
  153  157  153  153  152  152  152  149  147  143  139  137  136  135  137  139
  141  143  143  142  139  135  129  124  119  116  114  116  120  126  134  143
  152  160  167  171  174  176  178  180  182  184  188  191  194  197  198  199
  198  196  192  188  184  181  177  175  174  174  175  176  177  178  178  178
  176  173  168  165  163  163  166  165  153                                   
    62.5-180.0 180.0   5.0 450.0                            LAT/LON1/LON2/DLON/H
  156  160  156  156  153  153  152  148  145  141  137  135  133  133  133  134
  136  137  137  135  131  127  121  116  112  109  109  112  117  124  133  143
  153  162  169  174  177  180  182  184  187  190  194  198  201  203  203  202
  200  196  191  186  181  176  172  169  168  168  169  170  172  174  175  176
  175  173  169  166  165  166  170  170  156                                   
    60.0-180.0 180.0   5.0 450.0                            LAT/LON1/LON2/DLON/H
  162  167  162  160  157  155  153  148  144  140  135  132  130  128  128  128
  129  129  128  125  121  116  112  107  105  104  105  108  114  122  131  142
  152  161  168  173  178  181  184  188  192  196  200  204  207  208  207  205
  202  197  192  186  180  175  171  168  166  166  167  168  170  171  172  173
  173  172  170  168  168  170  175  176  162                                   
    57.5-180.0 180.0   5.0 450.0                            LAT/LON1/LON2/DLON/H
  172  177  172  169  164  161  157  150  145  139  134  130  126  124  122  121
  121  119  117  114  110  106  102  100   99  100  102  106  112  120  129  139
  149  158  166  172  177  182  186  191  197  202  207  211  213  213  212  210
  207  202  197  192  186  181  177  173  171  170  170  171  171  172  172  173
  173  173  172  172  173  177  182  182  172                                   
    55.0-180.0 180.0   5.0 450.0                            LAT/LON1/LON2/DLON/H
  184  189  185  181  175  169  163  155  148  140  133  127  122  118  115  113
  111  109  106  102   99   96   94   94   95   98  101  105  111  117  125  134
  144  153  161  169  176  182  188  195  202  208  213  216  218  219  218  216
  213  210  206  202  197  192  188  184  182  180  178  177  176  175  174  174
  173  174  174  175  178  183  189  189  184                                   
    52.5-180.0 180.0   5.0 450.0                            LAT/LON1/LON2/DLON/H
  197  203  200  194  188  180  172  162  153  143  134  126  118  112  107  104
  101   99   96   93   90   89   89   91   94   98  102  106  110  115  121  129
  138  147  157  166  175  183  191  199  206  213  218  221  223  224  224  223
  222  221  219  216  212  207  203  199  195  192  190  187  184  180  178  177
  176  176  177  180  184  190  196  195  197                                   
    50.0-180.0 180.0   5.0 450.0                            LAT/LON1/LON2/DLON/H
  208  215  213  207  200  192  182  170  160  148  136  126  116  108  101   97
   93   91   89   87   86   86   88   92   96  101  104  107  110  113  118  124
  133  143  153  164  175  185  194  203  211  217  222  225  227  229  230  232
  233  234  233  232  228  224  219  214  210  206  201  197  192  187  183  181
  180  181  182  186  190  197  202  200  208                                   
    47.5-180.0 180.0   5.0 450.0                            LAT/LON1/LON2/DLON/H
  216  223  221  216  210  201  191  179  167  154  141  128  116  106   97   92
   88   86   85   85   85   88   91   96  101  106  109  110  111  112  116  121
  130  140  152  164  177  188  199  208  215  221  225  229  231  234  238  242
  245  248  249  247  244  239  233  228  222  217  212  207  201  195  190  187
  186  186  188  192  197  202  206  204  216                                   
    45.0-180.0 180.0   5.0 450.0                            LAT/LON1/LON2/DLON/H
  218  225  224  219  215  206  197  186  174  161  147  133  119  107   97   90
   86   85   85   86   89   92   97  103  108  112  115  115  114  114  116  121
  130  141  154  167  180  193  204  213  219  224  228  231  235  240  246  252
  258  262  263  262  258  252  246  239  233  228  223  217  211  205  199  196
  194  194  196  199  203  208  210  206  218                                   
    42.5-180.0 180.0   5.0 450.0                            LAT/LON1/LON2/DLON/H
  217  222  220  216  212  205  198  189  179  167  154  140  125  111  100   92
   87   86   88   90   94   99  105  110  116  120  121  120  118  117  119  124
  133  145  158  172  185  198  209  217  223  227  230  234  239  246  254  263
  270  275  277  275  271  264  257  250  244  239  235  230  224  217  211  207
  204  205  206  208  211  213  214  209  217                                   
    40.0-180.0 180.0   5.0 450.0                            LAT/LON1/LON2/DLON/H
  213  216  213  208  205  199  194  187  180  171  159  147  132  117  105   96
   91   90   92   96  100  106  112  118  123  126  127  126  124  123  125  130
  139  151  164  178  191  204  214  222  227  230  232  237  243  253  263  273
  282  287  289  288  284  277  271  264  259  255  251  247  241  234  227  222
  218  218  218  219  221  221  220  214  213                                   
    37.5-180.0 180.0   5.0 450.0                            LAT/LON1/LON2/DLON/H
  212  211  206  198  194  188  185  181  178  171  163  153  139  125  111  101
   95   94   96  100  106  112  118  124  129  132  133  132  131  130  133  139
  147  158  171  184  197  209  218  225  229  231  234  239  248  259  271  283
  292  299  302  301  299  294  289  284  281  278  275  272  265  257  249  242
  236  234  233  233  233  230  229  221  212                                   
    35.0-180.0 180.0   5.0 450.0                            LAT/LON1/LON2/DLON/H
  217  211  204  192  186  179  176  174  173  169  164  157  145  132  118  107
  100   98   99  104  109  116  123  129  134  138  139  139  138  138  141  147
  155  165  176  189  201  212  221  227  230  232  236  242  252  265  279  292
  302  309  314  317  317  316  314  312  311  310  308  304  297  287  276  266
  258  254  251  249  248  244  242  234  217                                   
    32.5-180.0 180.0   5.0 450.0                            LAT/LON1/LON2/DLON/H
  231  221  211  195  186  175  171  167  167  165  163  158  149  137  123  111
  103  100  101  105  112  119  127  134  139  143  144  144  144  145  148  153
  161  169  179  190  201  211  220  226  229  232  236  244  255  270  285  299
  310  319  327  334  339  343  345  347  348  348  347  343  334  322  308  294
  282  275  271  267  265  261  258  251  231                                   
    30.0-180.0 180.0   5.0 450.0                            LAT/LON1/LON2/DLON/H
  253  241  229  209  195  181  173  166  164  162  160  157  150  139  126  114
  105  101  102  106  113  121  130  138  144  148  149  149  149  149  152  156
  162  169  178  187  197  207  215  222  226  230  236  244  257  273  289  304
  317  328  340  352  363  372  378  383  387  388  387  382  372  358  340  323
  307  297  291  286  284  280  278  271  253                                   
    27.5-180.0 180.0   5.0 450.0                            LAT/LON1/LON2/DLON/H
  283  270  257  234  217  197  184  173  167  162  159  155  149  140  128  116
  106  101  101  106  114  125  135  144  150  153  154  153  151  150  151  153
  158  163  170  178  188  197  206  214  220  226  234  244  259  275  292  307
  321  336  351  368  384  398  408  416  421  423  422  416  405  389  370  350
  331  318  310  304  303  300  297  292  283                                   
    25.0-180.0 180.0   5.0 450.0                            LAT/LON1/LON2/DLON/H
  315  304  291  267  247  223  204  187  175  166  159  155  148  139  128  116
  107  102  102  107  117  129  141  151  156  158  156  153  150  147  146  146
  148  151  157  164  173  184  194  203  212  221  231  244  260  277  294  310
  325  342  360  380  400  416  429  438  444  446  445  439  429  413  393  372
  351  336  327  321  320  318  315  311  315                                   
    22.5-180.0 180.0   5.0 450.0                            LAT/LON1/LON2/DLON/H
  343  335  323  300  279  253  229  207  189  174  164  156  149  139  129  118
  109  104  104  110  121  135  148  158  161  160  156  151  145  140  136  133
  133  135  139  146  156  167  179  191  203  216  230  245  262  279  296  313
  329  347  367  388  408  424  437  445  451  454  453  449  440  426  408  388
  368  352  341  334  333  331  329  326  343                                   
    20.0-180.0 180.0   5.0 450.0                            LAT/LON1/LON2/DLON/H
  361  357  347  327  308  280  253  228  206  186  171  160  150  141  131  121
  112  108  109  115  127  141  154  162  164  160  153  145  137  130  123  118
  115  116  119  126  137  149  163  179  195  212  230  247  266  284  301  317
  334  351  370  390  408  422  432  439  444  448  448  446  440  430  416  399
  380  364  353  345  343  340  337  335  361                                   
    17.5-180.0 180.0   5.0 450.0                            LAT/LON1/LON2/DLON/H
  368  367  359  342  325  298  270  245  220  198  179  165  154  145  135  126
  119  115  116  122  134  147  159  164  162  154  145  135  126  117  109  103
   98   97  100  107  118  133  150  169  189  211  232  252  272  290  307  323
  339  355  372  389  402  412  419  424  429  433  436  436  434  428  419  406
  390  375  363  353  349  345  341  338  368                                   
    15.0-180.0 180.0   5.0 450.0                            LAT/LON1/LON2/DLON/H
  364  365  359  344  329  303  277  253  229  206  186  171  159  150  141  132
  126  123  124  130  140  151  159  161  155  144  133  123  114  105   96   89
   83   80   82   90  102  119  139  161  186  211  236  258  279  297  314  330
  344  359  373  385  394  400  404  408  413  418  422  425  426  425  420  411
  398  385  372  361  355  347  342  338  364                                   
    12.5-180.0 180.0   5.0 450.0                            LAT/LON1/LON2/DLON/H
  356  355  350  334  320  296  272  251  231  210  191  176  164  155  147  140
  135  132  132  136  143  151  155  152  143  130  119  109  101   94   85   77
   70   67   69   76   90  108  131  157  185  214  240  264  285  304  321  335
  349  362  373  382  388  391  394  398  403  409  414  418  421  423  421  416
  405  393  381  368  360  349  342  336  356                                   
    10.0-180.0 180.0   5.0 450.0                            LAT/LON1/LON2/DLON/H
  348  346  340  320  306  282  259  241  225  207  191  178  167  159  152  146
  142  139  138  140  144  147  146  139  127  114  104   96   90   84   76   68
   61   57   59   67   81  101  126  155  186  216  244  268  289  307  324  338
  351  363  373  381  386  390  393  399  405  411  416  419  422  425  424  420
  411  401  389  376  366  352  344  337  348                                   
     7.5-180.0 180.0   5.0 450.0                            LAT/LON1/LON2/DLON/H
  346  341  333  309  292  267  244  228  214  200  187  177  168  160  155  150
  146  143  141  141  141  139  133  123  110   98   90   85   81   76   70   62
