data/edconvlstm_nd/pred0790.15i
     1.0            IONOSPHERE MAPS     GNSS                IONEX VERSION / TYPE
pyspatialgeodesy        IME             05-JAN-18 20:20     PGM / RUN BY / DATE 
Map Name                                                    COMMENT             
Predicted global ionosphere maps (GIM).                     DESCRIPTION         
  2015     3    20     0     0     0                        EPOCH OF FIRST MAP  
  2015     3    21     0     0     0                        EPOCH OF LAST MAP   
  7200                                                      INTERVAL            
    13                                                      # OF MAPS IN FILE   
  NONE                                                      MAPPING FUNCTION    
10.0                                                        ELEVATION CUTOFF    
One-way carrier phase leveled to code                       OBSERVABLES USED    
  6371.0                                                    BASE RADIUS         
 2                                                          MAP DIMENSION       
   450.0 450.0   0.0                                        HGT1 / HGT2 / DHGT  
    87.5 -87.5  -2.5                                        LAT1 / LAT2 / DLAT  
  -180.0 180.0   5.0                                        LON1 / LON2 / DLON  
    -1                                                      EXPONENT            
                                                            END OF HEADER       
[from data line 2574]
     7                                                      START OF TEC MAP    
  2015     3    20    12     0     0                        EPOCH OF CURRENT MAP
    87.5-180.0 180.0   5.0 450.0                            LAT/LON1/LON2/DLON/H
   89  102  104  110  114  116  117  114  115  119  119  121  121  122  123  123
  124  124  125  125  125  126  126  126  127  127  127  127  127  127  127  127
  126  126  125  125  124  123  122  121  119  118  117  116  114  113  112  111
  110  109  109  108  107  106  105  105  104  103  102  102  101  101  100  100
  101  101   99   97  102  101  112  108   89                                   
    85.0-180.0 180.0   5.0 450.0                            LAT/LON1/LON2/DLON/H
   93  105  118  109  111  117  119  121  123  126  126  128  129  130  131  131
  132  133  133  134  134  135  135  135  136  136  137  137  137  137  137  137
  137  136  135  134  133  132  130  128  127  125  123  121  120  118  117  116
  115  114  113  112  111  110  110  109  108  107  106  106  105  104  103  103
  104  104   99   96   95   98  106  109   93                                   
    82.5-180.0 180.0   5.0 450.0                            LAT/LON1/LON2/DLON/H
   88   98  108  102  105  110  113  115  118  121  122  124  124  125  126  126
  127  128  129  130  130  131  132  133  134  135  136  137  138  139  140  140
  140  139  139  137  136  134  132  129  126  124  121  119  117  115  113  111
  110  109  108  107  107  106  106  105  104  103  102  101  100   99   98   97
   97   97   92   89   89   95   93   92   88                                   
    80.0-180.0 180.0   5.0 450.0                            LAT/LON1/LON2/DLON/H
   83   85   95   92   95   96  100  103  107  110  111  112  113  113  113  114
  114  115  116  117  118  119  120  122  124  126  128  130  132  134  135  136
  137  137  137  135  134  131  128  125  122  118  115  112  110  108  106  104
  104  103  103  103  102  102  102  101  101  100   98   97   95   93   91   90
   89   87   85   82   81   84   85   84   83                                   
    77.5-180.0 180.0   5.0 450.0                            LAT/LON1/LON2/DLON/H
   87   83   87   85   86   89   92   95   98   99  100  101  100  100  100  100
  100  100  101  102  104  106  108  111  114  117  121  124  128  132  136  138
  141  142  142  141  140  137  133  129  125  121  117  113  110  108  106  105
  104  104  105  105  106  107  107  107  106  105  103  101   99   96   93   91
   88   86   82   81   79   75   76   76   87                                   
    75.0-180.0 180.0   5.0 450.0                            LAT/LON1/LON2/DLON/H
   80   78   79   79   79   83   85   86   88   88   87   87   85   84   82   82
   81   82   83   85   87   90   93   97  101  106  111  117  123  128  134  139
  143  146  147  147  145  142  138  133  128  124  119  116  113  110  108  107
  107  108  108  110  111  112  113  113  112  111  109  106  103   99   96   93
   90   87   84   79   80   75   75   67   80                                   
    72.5-180.0 180.0   5.0 450.0                            LAT/LON1/LON2/DLON/H
   80   79   79   80   80   84   85   85   84   82   80   77   74   71   69   67
   67   67   69   71   75   79   83   88   93   99  106  113  121  129  137  144
  150  155  158  158  157  154  149  143  138  133  128  124  121  118  116  115
  114  115  116  117  119  121  121  122  121  119  116  112  109  105  102   99
   96   93   91   85   84   80   79   75   80                                   
    70.0-180.0 180.0   5.0 450.0                            LAT/LON1/LON2/DLON/H
   79   80   82   82   82   85   84   84   81   79   74   70   65   61   57   54
   54   54   57   60   64   69   75   81   87   94  101  109  119  128  138  148
  156  163  167  168  167  163  158  151  145  139  134  130  127  124  122  120
  119  118  119  120  122  123  123  122  120  117  113  109  105  101   98   96
   94   93   92   88   87   85   86   82   79                                   
    67.5-180.0 180.0   5.0 450.0                            LAT/LON1/LON2/DLON/H
   75   81   84   86   87   91   91   90   86   82   77   71   65   59   55   52
   51   52   54   58   64   69   75   80   86   93  100  108  118  129  141  152
  163  171  177  178  177  172  166  158  151  145  139  136  132  130  127  125
  123  122  121  122  122  122  122  120  116  111  106  100   96   92   90   89
   89   89   89   86   86   86   85   81   75                                   
    65.0-180.0 180.0   5.0 450.0                            LAT/LON1/LON2/DLON/H
   68   78   81   85   88   95   95   94   91   88   81   76   69   63   57   54
   53   54   57   61   67   72   78   83   88   93  100  108  117  129  143  157
  169  180  187  189  187  181  173  163  155  148  143  140  137  135  133  130
  127  125  123  122  121  120  118  114  108  101   94   87   81   77   75   76
   77   79   81   79   81   84   84   81   68                                   
    62.5-180.0 180.0   5.0 450.0                            LAT/LON1/LON2/DLON/H
   57   69   74   80   85   93   95   96   94   92   87   82   76   70   64   61
   60   61   64   68   74   79   83   87   91   94   99  106  116  129  144  161
  176  189  197  199  196  189  178  167  157  149  144  142  140  139  137  135
  132  128  126  123  121  118  113  107  100   91   82   73   67   62   60   61
   63   66   68   67   69   73   74   73   57                                   
    60.0-180.0 180.0   5.0 450.0                            LAT/LON1/LON2/DLON/H
   45   57   63   69   75   85   88   91   92   92   89   86   81   77   72   69
   68   69   72   76   80   84   87   90   91   94   98  104  114  128  146  165
  184  199  209  212  207  197  184  170  158  149  144  142  142  142  142  140
  138  134  131  127  123  118  111  104   94   84   74   65   57   51   48   48
   49   52   54   53   56   59   60   60   45                                   
    57.5-180.0 180.0   5.0 450.0                            LAT/LON1/LON2/DLON/H
   35   44   52   57   63   73   78   82   85   87   88   88   85   83   80   77
   77   78   80   84   87   89   91   92   92   94   97  104  115  130  150  172
  194  213  224  228  223  211  195  178  163  152  146  145  146  148  151  151
  150  147  143  138  133  126  118  108   99   88   78   68   60   53   48   46
   46   46   47   46   47   48   48   50   35                                   
    55.0-180.0 180.0   5.0 450.0                            LAT/LON1/LON2/DLON/H
   30   35   43   47   52   59   65   69   73   77   81   83   84   84   83   82
   82   83   86   88   90   91   92   92   92   94   98  106  118  135  157  182
  207  227  241  245  240  227  209  189  172  159  152  150  152  157  162  166
  167  165  161  155  147  138  129  120  110  101   92   84   76   68   61   56
   52   50   50   47   46   43   42   45   30                                   
    52.5-180.0 180.0   5.0 450.0                            LAT/LON1/LON2/DLON/H
   32   34   40   42   44   49   54   57   60   65   70   74   77   79   80   81
   83   85   88   90   91   91   91   91   93   96  102  111  124  143  166  193
  219  242  258  264  259  246  227  206  186  171  162  159  161  168  176  183
  187  187  183  175  165  154  144  135  127  120  114  108  102   94   85   78
   70   65   62   57   55   49   46   47   32                                   
    50.0-180.0 180.0   5.0 450.0                            LAT/LON1/LON2/DLON/H
   42   40   44   43   43   46   47   48   50   54   58   63   67   70   73   76
   79   83   86   88   89   89   89   91   95  101  109  120  134  153  177  204
  232  256  274  282  280  268  249  228  207  190  177  171  173  180  190  200
  207  208  203  193  181  168  157  149  143  140  138  136  132  125  116  106
   95   88   83   76   72   64   60   59   42                                   
    47.5-180.0 180.0   5.0 450.0                            LAT/LON1/LON2/DLON/H
   59   56   57   53   49   50   48   46   45   47   50   54   57   60   63   67
   72   77   81   84   85   86   88   92   99  108  119  131  146  165  188  215
  243  269  289  301  302  293  277  257  235  214  197  187  185  192  204  216
  224  225  218  206  191  177  165  157  154  153  155  157  157  152  144  133
  121  112  105   98   93   86   81   77   59                                   
    45.0-180.0 180.0   5.0 450.0                            LAT/LON1/LON2/DLON/H
   79   76   76   70   63   61   56   51   47   46   46   48   50   52   55   59
   64   70   76   79   82   84   88   95  105  117  130  143  159  177  199  225
  253  280  302  318  324  320  308  290  268  243  221  205  199  204  215  228
  237  236  227  211  194  178  166  159  156  158  162  167  169  168  161  152
  140  130  122  117  113  109  105   99   79                                   
    42.5-180.0 180.0   5.0 450.0                            LAT/LON1/LON2/DLON/H
   97   98   97   91   83   79   71   63   57   53   50   49   48   48   50   53
   59   65   71   76   79   83   89   99  112  126  142  156  172  189  210  234
  260  287  311  330  342  344  338  324  302  275  247  225  214  215  225  237
  244  242  230  212  193  176  164  157  153  154  157  163  167  168  165  157
  147  139  131  128  126  126  124  117   97                                   
    40.0-180.0 180.0   5.0 450.0                            LAT/LON1/LON2/DLON/H
  110  115  115  110  103   98   90   80   72   65   60   57   54   52   51   53
   57   63   70   75   79   85   93  105  121  138  154  169  184  200  219  241
  265  291  316  338  354  363  363  353  333  305  273  246  230  227  235  245
  251  247  233  214  195  179  167  158  152  149  148  151  154  157  156  151
  143  136  130  128  128  132  132  127  110                                   
    37.5-180.0 180.0   5.0 450.0                            LAT/LON1/LON2/DLON/H
  114  124  125  122  119  114  107   98   90   82   76   71   66   61   59   59
   62   67   72   77   83   90  100  115  132  151  167  182  196  210  227  247
  270  295  320  344  364  378  383  378  360  332  299  269  249  243  248  257
  262  258  244  227  210  196  185  174  163  153  145  141  141  142  143  141
  135  129  123  121  122  127  129  124  114                                   
    35.0-180.0 180.0   5.0 450.0                            LAT/LON1/LON2/DLON/H
  111  123  127  125  125  123  119  113  105   98   92   87   82   76   72   70
   71   74   79   84   91  100  112  129  148  166  182  195  208  221  237  256
  278  302  328  354  377  394  402  399  384  357  325  294  273  265  269  278
  284  282  272  258  245  235  226  213  196  176  157  145  138  137  137  136
  132  126  120  115  113  118  120  115  111                                   
    32.5-180.0 180.0   5.0 450.0                            LAT/LON1/LON2/DLON/H
  105  117  120  119  122  122  122  118  114  110  105  102   98   92   87   84
   83   85   89   95  103  114  129  147  166  184  198  210  221  233  249  268
  291  317  344  371  396  414  423  421  406  382  352  323  304  297  302  312
  321  323  319  311  305  300  293  278  254  224  193  170  156  150  148  148
  143  136  128  119  112  112  112  106  105                                   
    30.0-180.0 180.0   5.0 450.0                            LAT/LON1/LON2/DLON/H
  100  109  111  109  113  114  116  116  114  112  111  111  110  106  102   98
   97   98  102  109  118  132  149  168  187  203  216  226  236  248  265  286
  311  339  369  398  422  440  448  445  431  409  383  359  343  339  346  361
  375  384  387  387  387  388  383  367  336  295  254  220  197  185  181  178
  172  165  153  139  125  118  111  103  100                                   
    27.5-180.0 180.0   5.0 450.0                            LAT/LON1/LON2/DLON/H
  103  106  103  100  102  103  107  107  108  108  109  112  114  114  112  110
  109  110  115  123  135  150  170  190  209  223  234  243  253  267  285  309
  337  369  403  433  458  473  478  473  460  441  420  402  391  392  404  423
  444  461  472  480  486  491  488  470  433  383  331  288  258  240  232  227
  219  210  195  177  155  139  124  110  103                                   
    25.0-180.0 180.0   5.0 450.0                            LAT/LON1/LON2/DLON/H
  117  114  103   96   96   95   99   99   99  100  103  108  112  115  115  115
  116  119  125  135  150  168  190  211  229  242  252  262  273  289  310  338
  371  408  446  478  501  512  514  508  496  481  465  453  448  454  471  497
  524  548  565  578  588  594  590  569  528  471  413  363  327  304  292  284
  275  265  248  229  200  176  150  129  117                                   
    22.5-180.0 180.0   5.0 450.0                            LAT/LON1/LON2/DLON/H
  144  134  116  102   98   93   96   94   93   93   95  100  106  110  113  115
  118  124  132  145  162  184  207  228  245  258  269  280  295  315  341  373
  412  454  495  529  549  558  557  550  541  530  520  513  514  525  546  576
  607  634  654  667  675  678  668  642  597  539  479  427  389  364  349  338
  329  321  303  286  254  224  190  161  144                                   
    20.0-180.0 180.0   5.0 450.0                            LAT/LON1/LON2/DLON/H
  181  168  143  120  109  101  100   96   92   90   91   94   99  104  108  112
  117  125  136  152  173  196  220  240  256  270  283  298  318  344  376  413
  457  503  546  579  598  604  603  598  593  587  582  581  586  600  623  653
  684  709  726  734  735  728  709  676  628  571  515  468  432  407  391  380
  371  365  350  339  307  277  239  204  181                                   
    17.5-180.0 180.0   5.0 450.0                            LAT/LON1/LON2/DLON/H
  222  209  181  151  132  119  114  106   99   94   92   93   96   99  103  108
  114  124  138  157  180  205  228  247  262  277  295  316  343  375  412  454
  500  546  589  620  639  646  647  647  648  648  648  650  657  671  693  720
  745  764  773  773  763  744  715  674  623  570  522  483  453  431  416  404
  395  392  382  377  351  325  290  253  222                                   
    15.0-180.0 180.0   5.0 450.0                            LAT/LON1/LON2/DLON/H
  262  251  225  190  162  145  134  123  113  106  100   98   98   99  101  105
  112  123  139  161  186  211  232  249  265  283  305  333  367  405  446  489
  534  579  619  649  669  680  687  694  701  706  710  714  720  731  747  765
  781  790  790  781  762  734  696  649  598  549  509  479  456  438  423  411
  402  400  395  395  378  360  332  300  262                                   
    12.5-180.0 180.0   5.0 450.0                            LAT/LON1/LON2/DLON/H
  295  288  266  229  197  175  159  145  132  123  116  110  106  104  104  106
  112  122  140  163  189  213  233  249  266  287  315  350  389  431  473  516
  558  599  635  665  687  704  718  733  746  755  760  763  765  770  778  785
  789  787  778  762  739  707  666  618  568  523  489  466  448  432  418  404
  394  392  389  394  384  377  358  333  295                                   
    10.0-180.0 180.0   5.0 450.0                            LAT/LON1/LON2/DLON/H
  317  315  298  262  227  203  184  168  154  144  135  127  120  115  111  110
  114  124  141  165  191  215  233  249  267  293  327  366  408  451  493  533
  572  608  642  671  696  719  741  762  779  789  792  791  788  786  785  781
  775  764  749  729  705  674  634  587  540  498  468  449  434  420  406  390
  378  374  373  378  375  377  367  349  317                                   
     7.5-180.0 180.0   5.0 450.0                            LAT/LON1/LON2/DLON/H
  329  330  317  284  248  223  202  185  172  164  155  146  136  128  122  118
  119  127  144  168  194  217  235  252  273  302  340  382  425  467  507  544
