data/edconvlstm_nd/pred0150.15i
     1.0            IONOSPHERE MAPS     GNSS                IONEX VERSION / TYPE
pyspatialgeodesy        IME             05-JAN-18 20:20     PGM / RUN BY / DATE 
Map Name                                                    COMMENT             
Predicted global ionosphere maps (GIM).                     DESCRIPTION         
  2015     1    15     0     0     0                        EPOCH OF FIRST MAP  
  2015     1    16     0     0     0                        EPOCH OF LAST MAP   
  7200                                                      INTERVAL            
    13                                                      # OF MAPS IN FILE   
  NONE                                                      MAPPING FUNCTION    
10.0                                                        ELEVATION CUTOFF    
One-way carrier phase leveled to code                       OBSERVABLES USED    
  6371.0                                                    BASE RADIUS         
 2                                                          MAP DIMENSION       
   450.0 450.0   0.0                                        HGT1 / HGT2 / DHGT  
    87.5 -87.5  -2.5                                        LAT1 / LAT2 / DLAT  
  -180.0 180.0   5.0                                        LON1 / LON2 / DLON  
    -1                                                      EXPONENT            
                                                            END OF HEADER       
[from data line 3861]
    10                                                      START OF TEC MAP    
  2015     1    15    18     0     0                        EPOCH OF CURRENT MAP
    87.5-180.0 180.0   5.0 450.0                            LAT/LON1/LON2/DLON/H
  129  137  136  144  149  150  150  149  149  152  151  152  152  152  151  151
  150  148  147  145  143  141  138  136  133  131  128  126  124  122  121  119
  118  117  116  115  114  114  113  113  113  113  114  114  115  116  116  117
  119  120  121  122  123  124  125  126  127  128  128  129  129  130  130  131
  131  132  130  127  132  130  140  133  129                                   
    85.0-180.0 180.0   5.0 450.0                            LAT/LON1/LON2/DLON/H
  138  141  154  145  147  153  155  158  160  162  163  164  164  164  164  163
  162  160  157  155  152  148  145  141  138  134  131  127  125  122  120  118
  116  114  113  112  111  111  110  110  110  110  111  111  112  113  115  116
  118  119  121  123  125  126  127  129  130  131  132  133  133  134  134  134
  136  136  132  128  129  130  131  129  138                                   
    82.5-180.0 180.0   5.0 450.0                            LAT/LON1/LON2/DLON/H
  123  130  135  134  140  147  153  156  159  162  164  167  168  168  168  167
  165  162  158  154  149  143  137  131  125  119  114  109  105  101   98   96
   94   92   91   90   89   88   88   88   88   88   89   90   91   93   95   97
  100  103  106  108  111  114  116  118  120  121  122  123  124  124  124  124
  125  124  121  118  118  129  119  117  123                                   
    80.0-180.0 180.0   5.0 450.0                            LAT/LON1/LON2/DLON/H
  101  106  114  114  121  125  134  141  147  152  157  161  164  166  166  166
  164  161  157  151  143  135  127  118  109  101   94   88   83   79   75   73
   72   71   70   69   69   69   69   68   69   69   70   72   74   76   79   82
   86   90   93   97  101  104  107  109  111  112  112  113  112  112  110  109
  109  108  105  103   96  100   93   99  101                                   
    77.5-180.0 180.0   5.0 450.0                            LAT/LON1/LON2/DLON/H
   92   90   94   94  103  110  119  127  135  142  148  155  160  164  167  169
  168  166  161  155  146  136  125  113  102   91   82   74   68   63   60   58
   57   57   57   57   57   56   56   56   56   56   56   58   60   63   66   70
   75   80   85   90   94   98  102  104  106  107  107  107  106  104  102   99
   97   94   92   90   84   81   77   84   92                                   
    75.0-180.0 180.0   5.0 450.0                            LAT/LON1/LON2/DLON/H
   72   71   73   75   83   91   99  107  117  126  135  144  152  160  166  170
  173  173  170  164  156  145  133  119  106   93   81   72   65   60   57   55
   54   54   55   55   55   54   53   52   52   51   52   53   55   58   61   65
   70   75   80   85   90   93   97   99  101  102  102  101   99   97   95   92
   88   86   83   78   72   67   61   58   72                                   
    72.5-180.0 180.0   5.0 450.0                            LAT/LON1/LON2/DLON/H
   65   61   62   68   72   79   88   96  105  115  125  137  148  159  169  178
  184  188  188  185  178  167  154  138  122  106   92   80   71   65   61   59
   58   58   58   57   56   55   53   51   50   49   48   49   51   53   56   60
   65   69   74   78   83   86   89   92   93   94   94   94   93   91   89   86
   82   79   76   70   65   60   56   58   65                                   
    70.0-180.0 180.0   5.0 450.0                            LAT/LON1/LON2/DLON/H
   60   57   58   63   67   73   78   87   96  107  119  132  146  161  175  188
  199  207  212  213  209  200  187  172  154  136  120  105   93   85   79   75
   72   71   69   67   64   61   58   55   52   51   50   50   51   53   56   59
   62   65   69   72   75   78   80   82   83   84   85   85   85   85   84   83
   80   77   76   71   66   61   60   60   60                                   
    67.5-180.0 180.0   5.0 450.0                            LAT/LON1/LON2/DLON/H
   63   60   60   66   70   75   81   89   97  108  121  137  153  171  189  206
  222  234  243  247  246  240  229  213  195  175  156  138  124  112  103   97
   91   87   82   78   72   67   62   58   55   53   52   52   53   54   55   57
   59   61   62   64   66   67   69   70   71   72   74   75   76   78   79   80
   79   77   76   71   67   64   61   61   63                                   
    65.0-180.0 180.0   5.0 450.0                            LAT/LON1/LON2/DLON/H
   62   61   61   68   71   76   81   89   99  111  125  142  161  181  202  223
  242  259  272  280  282  279  270  255  237  217  196  176  159  145  132  122
  113  104   95   86   77   69   62   56   53   51   50   50   51   51   52   52
   51   51   51   51   51   52   52   53   54   55   57   59   62   65   68   71
   72   74   74   71   68   67   65   68   62                                   
    62.5-180.0 180.0   5.0 450.0                            LAT/LON1/LON2/DLON/H
   60   60   60   67   72   78   84   94  105  119  134  153  173  195  218  241
  263  282  297  308  313  311  303  290  272  252  230  210  191  174  159  145
  132  118  104   90   77   66   58   52   48   47   47   48   48   48   47   45
   43   42   40   39   38   38   38   38   38   39   41   44   47   51   56   60
   63   66   68   66   63   62   61   65   60                                   
    60.0-180.0 180.0   5.0 450.0                            LAT/LON1/LON2/DLON/H
   54   55   56   64   69   76   85   97  111  127  145  165  186  208  232  256
  279  299  316  328  334  334  327  315  298  279  259  238  219  201  184  167
  149  131  112   93   77   63   53   47   44   44   45   46   46   45   43   40
   37   34   31   29   28   27   27   27   27   28   29   32   35   39   44   49
   53   56   58   57   55   55   55   62   54                                   
    57.5-180.0 180.0   5.0 450.0                            LAT/LON1/LON2/DLON/H
   47   49   51   60   67   75   87  103  120  139  159  179  200  222  245  268
  291  311  327  339  345  345  339  329  314  297  279  260  242  225  207  188
  167  144  121   99   79   64   53   47   45   45   47   48   48   47   44   40
   36   32   29   27   26   25   25   25   25   25   25   27   29   32   37   41
   45   48   50   49   47   46   47   56   47                                   
    55.0-180.0 180.0   5.0 450.0                            LAT/LON1/LON2/DLON/H
   44   46   49   59   67   77   93  111  132  153  175  195  215  236  257  278
  298  317  331  341  346  346  341  333  321  307  292  276  260  244  226  206
  183  158  132  107   86   69   58   52   51   52   54   55   55   52   48   44
   40   36   34   33   32   32   32   32   31   31   30   29   30   32   35   39
   42   44   47   45   43   41   42   52   44                                   
    52.5-180.0 180.0   5.0 450.0                            LAT/LON1/LON2/DLON/H
   46   47   51   61   72   84  103  124  148  171  193  213  231  249  267  285
  302  317  328  335  339  339  336  330  322  313  301  289  275  260  242  222
  198  172  145  119   97   80   69   63   62   63   65   66   65   62   58   54
   50   48   46   46   46   47   47   47   46   44   42   40   39   39   41   43
   45   47   49   47   45   43   43   52   46                                   
    50.0-180.0 180.0   5.0 450.0                            LAT/LON1/LON2/DLON/H
   55   55   59   71   83   98  119  143  168  193  214  232  248  263  278  292
  305  316  323  327  329  330  329  327  323  317  309  299  287  272  255  234
  210  184  157  132  110   94   83   78   76   77   79   79   78   75   71   68
   65   64   63   64   65   66   67   66   65   62   59   56   53   52   52   52
   53   55   57   56   55   51   50   57   55                                   
    47.5-180.0 180.0   5.0 450.0                            LAT/LON1/LON2/DLON/H
   68   68   73   85   99  117  140  166  192  217  238  254  268  280  291  301
  309  315  319  321  322  324  326  327  326  324  318  308  296  280  261  239
  215  190  166  143  124  109   99   93   91   91   91   91   90   87   84   82
   81   81   82   83   84   85   85   85   83   80   76   73   69   67   65   64
   64   66   69   70   69   66   64   69   68                                   
    45.0-180.0 180.0   5.0 450.0                            LAT/LON1/LON2/DLON/H
   84   82   88  102  117  137  162  190  217  242  262  278  289  299  307  313
  317  318  318  319  320  324  328  332  333  332  326  315  300  281  260  237
  213  190  169  150  134  121  112  106  102  101  101  100   98   96   95   94
   94   95   96   96   97   98   98   97   96   93   90   86   83   80   77   76
   75   77   80   84   85   82   81   83   84                                   
    42.5-180.0 180.0   5.0 450.0                            LAT/LON1/LON2/DLON/H
   96   94  100  117  134  156  181  210  238  264  284  300  311  319  325  328
  328  326  324  323  325  330  336  340  342  340  332  318  300  277  253  229
  206  186  168  153  140  130  121  115  111  108  106  104  103  101  101  101
  101  102  102  101  101  101  101  101  101   99   97   94   92   88   85   83
   82   84   89   94   97   96   94   98   96                                   
    40.0-180.0 180.0   5.0 450.0                            LAT/LON1/LON2/DLON/H
  101  100  108  127  147  169  195  224  253  281  302  320  332  340  345  345
  343  338  334  333  336  341  347  351  351  346  335  318  297  272  247  224
  203  185  171  159  149  139  131  124  118  114  110  108  106  104  104  103
  103  102  101   99   98   98   98   99   99   99   98   97   95   92   88   85
   83   85   91   96  100  101   99  106  101                                   
    37.5-180.0 180.0   5.0 450.0                            LAT/LON1/LON2/DLON/H
   99   98  108  130  152  175  202  231  261  290  315  334  349  358  363  363
  358  352  348  347  350  355  359  359  355  348  335  318  296  273  251  230
  212  197  185  174  165  155  146  137  130  123  118  114  111  108  106  105
  103  100   97   94   92   92   93   95   96   97   97   97   95   92   88   84
   81   82   87   92   95   95   94  103   99                                   
    35.0-180.0 180.0   5.0 450.0                            LAT/LON1/LON2/DLON/H
   90   91  104  127  152  174  202  232  263  293  321  343  361  372  378  378
  373  366  362  362  365  367  367  363  356  347  336  322  305  288  271  256
  242  230  219  207  195  183  171  160  150  141  133  127  122  117  113  109
  105  100   95   91   90   90   92   95   97   98   98   98   96   93   88   82
   78   77   80   83   83   82   81   94   90                                   
    32.5-180.0 180.0   5.0 450.0                            LAT/LON1/LON2/DLON/H
   80   82   97  122  149  170  199  228  260  292  322  347  367  381  388  388
  384  378  374  375  376  376  371  363  354  347  342  336  329  322  315  308
  299  289  276  259  242  224  208  194  181  169  158  149  141  134  127  120
  114  108  102   98   96   98  100  103  105  106  107  106  103   98   92   85
   79   76   77   76   73   69   66   82   80                                   
    30.0-180.0 180.0   5.0 450.0                            LAT/LON1/LON2/DLON/H
   73   77   93  119  147  168  196  225  257  289  320  347  369  385  393  393
  389  385  383  384  384  380  372  362  355  355  359  365  372  378  383  386
  384  375  356  331  304  278  256  238  221  207  193  181  170  160  150  142
  134  127  121  117  116  117  120  122  123  124  123  121  117  111  104   96
   87   83   81   76   71   62   57   72   73                                   
    27.5-180.0 180.0   5.0 450.0                            LAT/LON1/LON2/DLON/H
   75   79   96  122  151  171  200  226  256  288  319  347  369  385  393  394
  391  388  388  390  389  383  373  366  365  374  391  411  433  455  475  489
  493  481  453  415  374  338  309  286  267  249  234  219  205  193  182  173
  166  159  154  150  148  148  149  149  149  147  145  142  138  130  122  113
  104   99   93   86   78   65   55   68   75                                   
    25.0-180.0 180.0   5.0 450.0                            LAT/LON1/LON2/DLON/H
   87   90  108  135  165  186  213  236  264  293  322  348  369  383  391  392
  390  389  391  395  394  389  382  380  389  409  439  474  511  548  581  604
  609  590  549  494  439  391  356  329  308  290  272  256  241  228  218  210
  204  200  195  191  188  185  183  179  175  172  169  165  160  152  143  134
  125  121  113  105   94   77   62   72   87                                   
    22.5-180.0 180.0   5.0 450.0                            LAT/LON1/LON2/DLON/H
  108  109  127  156  189  210  237  257  282  307  332  355  372  384  390  391
  391  392  397  402  404  402  401  408  428  461  503  551  599  646  685  708
  707  676  621  552  485  429  388  360  338  319  301  285  270  259  250  245
  243  242  239  235  229  221  213  205  198  193  189  185  180  172  163  155
  147  145  135  129  116   96   77   84  108                                   
    20.0-180.0 180.0   5.0 450.0                            LAT/LON1/LON2/DLON/H
  134  133  152  184  219  243  270  288  310  331  351  369  383  391  395  396
  396  400  407  414  420  424  432  450  482  527  579  633  685  730  764  778
  765  724  659  581  506  446  403  373  351  332  315  300  288  279  274  273
  276  278  277  272  262  249  236  223  213  206  203  200  195  187  179  172
  165  165  156  152  139  116   96  102  134                                   
    17.5-180.0 180.0   5.0 450.0                            LAT/LON1/LON2/DLON/H
  158  157  178  212  251  279  308  326  345  363  379  393  402  407  409  409
  411  416  425  436  446  458  476  506  549  602  658  709  753  785  803  802
  779  730  661  581  505  444  401  371  349  330  315  302  292  286  286  290
  297  302  303  296  283  265  246  229  218  212  209  207  204  197  190  184
  178  180  171  169  156  134  115  122  158                                   
    15.0-180.0 180.0   5.0 450.0                            LAT/LON1/LON2/DLON/H
  174  175  198  235  279  313  345  364  384  400  414  425  431  434  435  435
  437  443  454  467  482  502  531  572  623  678  727  766  790  800  798  783
  751  700  633  559  488  430  388  359  337  319  305  293  286  283  286  294
  304  312  313  305  288  266  244  226  214  209  209  209  207  202  196  190
  185  187  179  176  164  145  127  138  174                                   
    12.5-180.0 180.0   5.0 450.0                            LAT/LON1/LON2/DLON/H
  180  184  210  250  299  338  375  398  420  438  452  462  469  471  472  472
  475  481  492  507  527  555  593  640  692  741  776  793  791  777  757  731
  696  648  590  525  464  413  374  346  324  306  291  280  274  273  278  288
  300  308  308  298  280  257  234  216  206  203  204  206  205  201  197  191
  186  186  179  174  162  147  132  145  180                                   
    10.0-180.0 180.0   5.0 450.0                            LAT/LON1/LON2/DLON/H
  176  183  212  255  308  352  393  421  447  469  486  500  508  513  516  517
  521  527  537  553  576  609  650  698  745  781  795  786  760  728  696  666
  632  592  546  496  447  404  369  341  317  297  280  268  262  261  266  277
  288  295  294  283  266  244  224  208  200  198  199  201  200  197  193  187
  182  181  173  166  154  142  129  144  176                                   
     7.5-180.0 180.0   5.0 450.0                            LAT/LON1/LON2/DLON/H
  167  178  208  254  308  355  400  431  462  489  511  530  543  552  559  563
  568  574  583  599  622  655  696  740  775  792  783  752  711  670  636  606
