data/edconvlstm_nd/pred0810.15i
     1.0            IONOSPHERE MAPS     GNSS                IONEX VERSION / TYPE
pyspatialgeodesy        IME             05-JAN-18 20:20     PGM / RUN BY / DATE 
Map Name                                                    COMMENT             
Predicted global ionosphere maps (GIM).                     DESCRIPTION         
  2015     3    22     0     0     0                        EPOCH OF FIRST MAP  
  2015     3    23     0     0     0                        EPOCH OF LAST MAP   
  7200                                                      INTERVAL            
    13                                                      # OF MAPS IN FILE   
  NONE                                                      MAPPING FUNCTION    
10.0                                                        ELEVATION CUTOFF    
One-way carrier phase leveled to code                       OBSERVABLES USED    
  6371.0                                                    BASE RADIUS         
 2                                                          MAP DIMENSION       
   450.0 450.0   0.0                                        HGT1 / HGT2 / DHGT  
    87.5 -87.5  -2.5                                        LAT1 / LAT2 / DLAT  
  -180.0 180.0   5.0                                        LON1 / LON2 / DLON  
    -1                                                      EXPONENT            
                                                            END OF HEADER       
[from data line 1287]
     4                                                      START OF TEC MAP    
  2015     3    22     6     0     0                        EPOCH OF CURRENT MAP
    87.5-180.0 180.0   5.0 450.0                            LAT/LON1/LON2/DLON/H
  109  113  112  118  117  117  116  113  115  117  117  119  119  120  120  120
  120  119  119  118  118  117  117  116  116  116  116  115  115  115  115  115
  115  115  115  115  115  115  115  115  115  115  116  116  117  117  118  118
  118  119  119  119  119  119  118  118  117  116  115  114  113  112  111  110
  110  111  109  109  113  115  121  116  109                                   
    85.0-180.0 180.0   5.0 450.0                            LAT/LON1/LON2/DLON/H
  105  119  116  119  121  124  124  125  126  128  129  131  131  132  132  131
  131  130  129  128  127  126  125  124  123  122  122  122  121  121  121  122
  122  122  122  122  123  123  124  124  125  125  126  127  128  129  130  131
  132  133  133  134  134  134  133  133  132  130  129  128  126  124  122  121
  121  121  116  115  113  116  119  117  105                                   
    82.5-180.0 180.0   5.0 450.0                            LAT/LON1/LON2/DLON/H
  107  113  120  115  114  118  120  122  124  127  128  131  132  132  132  131
  130  128  126  124  121  119  116  114  113  111  111  110  110  111  111  112
  113  115  116  117  118  119  121  122  123  125  127  129  131  134  136  138
  140  142  144  145  146  146  145  144  143  141  139  136  133  130  127  125
  122  120  114  113  114  110  106  103  107                                   
    80.0-180.0 180.0   5.0 450.0                            LAT/LON1/LON2/DLON/H
  107  107  107  105  107  109  112  115  119  122  124  127  128  128  127  125
  123  120  116  112  108  104  100   97   94   92   91   91   92   94   96   98
  101  103  106  108  111  113  115  117  120  123  126  129  133  138  142  146
  151  155  158  160  162  163  163  162  160  158  155  151  146  142  137  133
  129  123  117  115  115  111  110  100  107                                   
    77.5-180.0 180.0   5.0 450.0                            LAT/LON1/LON2/DLON/H
  107  102  102  100   99  103  106  109  113  116  118  121  122  122  120  118
  114  110  104   99   93   88   83   79   76   74   73   74   76   79   83   87
   92   96  101  105  109  112  115  118  122  126  131  136  142  149  156  163
  170  177  183  187  190  192  193  192  189  186  182  176  171  164  158  152
  145  138  129  126  121  110  105  101  107                                   
    75.0-180.0 180.0   5.0 450.0                            LAT/LON1/LON2/DLON/H
  106  102   97   96   93   97   99  101  104  107  108  110  111  110  109  105
  101   96   90   84   77   71   66   61   58   56   56   57   60   64   69   75
   81   88   93   98  103  107  110  114  118  123  129  137  146  155  165  176
  186  195  203  210  214  217  218  217  215  211  205  199  192  185  178  171
  163  155  146  137  130  118  112  106  106                                   
    72.5-180.0 180.0   5.0 450.0                            LAT/LON1/LON2/DLON/H
  110  105  100   97   94   97   99  100  102  103  104  106  105  104  102   99
   94   89   83   77   71   65   59   54   51   50   50   52   55   60   66   73
   81   88   94  100  104  108  112  116  121  127  135  145  156  168  181  195
  207  219  229  236  241  244  244  243  239  234  227  220  212  205  197  191
  183  176  168  159  148  133  124  118  110                                   
    70.0-180.0 180.0   5.0 450.0                            LAT/LON1/LON2/DLON/H
  120  109  103   99   94   94   94   95   96   97   97   98   97   96   93   90
   86   82   77   71   66   61   56   52   49   48   48   50   54   59   65   72
   79   86   92   97  101  105  108  112  118  125  134  146  160  175  191  207
  222  235  246  253  258  260  259  256  250  244  235  227  218  210  203  197
  191  185  179  171  161  147  140  133  120                                   
    67.5-180.0 180.0   5.0 450.0                            LAT/LON1/LON2/DLON/H
  120  109  102   98   92   90   90   89   90   90   90   91   90   88   86   83
   80   77   73   69   65   61   58   55   52   51   51   52   55   59   65   71
   77   82   87   91   94   97  101  105  111  119  130  144  160  178  196  214
  231  244  255  262  265  265  262  257  249  240  230  220  210  202  194  190
  185  181  178  172  164  153  145  140  120                                   
    65.0-180.0 180.0   5.0 450.0                            LAT/LON1/LON2/DLON/H
  122  110  101   95   89   86   85   84   85   85   85   86   85   84   82   80
   78   75   73   70   68   66   63   61   59   58   57   58   59   62   66   70
   74   78   82   84   87   89   93   98  105  115  128  144  162  182  203  222
  239  253  263  269  271  269  263  255  245  234  222  211  200  191  184  180
  176  174  173  168  164  156  150  145  122                                   
    62.5-180.0 180.0   5.0 450.0                            LAT/LON1/LON2/DLON/H
  123  109  100   93   86   81   79   78   79   79   79   81   81   81   80   78
   76   74   72   71   70   68   67   65   64   62   61   61   61   62   64   66
   68   71   73   75   77   80   84   89   98  110  125  143  164  185  207  228
  245  259  269  274  274  271  264  254  243  230  218  206  194  185  177  172
  169  166  166  163  161  156  150  147  123                                   
    60.0-180.0 180.0   5.0 450.0                            LAT/LON1/LON2/DLON/H
  126  112  101   91   83   75   71   70   70   70   71   74   75   76   75   74
   72   71   69   68   67   66   65   64   63   61   60   59   58   58   58   58
   59   60   62   64   66   69   74   82   92  106  123  142  164  188  211  232
  250  264  274  279  279  275  268  258  247  235  222  210  199  188  180  174
  169  165  164  162  161  157  151  146  126                                   
    57.5-180.0 180.0   5.0 450.0                            LAT/LON1/LON2/DLON/H
  135  121  109   96   86   75   68   64   62   62   63   66   68   70   70   70
   68   66   64   63   62   61   60   59   58   57   55   54   53   51   50   50
   50   51   52   55   58   62   69   78   90  105  123  144  168  191  215  237
  256  271  281  287  289  287  281  272  262  251  240  229  218  207  197  190
  182  176  174  171  170  165  157  150  135                                   
    55.0-180.0 180.0   5.0 450.0                            LAT/LON1/LON2/DLON/H
  152  138  126  110   98   83   71   62   57   54   55   58   61   63   64   64
   62   60   58   57   55   54   53   51   50   49   48   47   46   45   43   42
   42   43   46   49   53   59   67   77   91  107  126  148  172  196  220  243
  263  279  291  299  303  303  300  294  286  276  266  256  246  235  225  215
  206  197  193  188  186  179  171  161  152                                   
    52.5-180.0 180.0   5.0 450.0                            LAT/LON1/LON2/DLON/H
  174  164  153  134  120  101   85   69   59   52   50   51   54   56   58   58
   57   55   53   51   49   48   46   45   44   43   43   42   42   41   39   38
   39   40   43   48   54   61   70   81   95  112  132  154  178  202  226  249
  270  288  303  314  321  324  324  320  314  306  297  287  277  267  255  245
  233  223  217  209  206  197  189  178  174                                   
    50.0-180.0 180.0   5.0 450.0                            LAT/LON1/LON2/DLON/H
  200  193  183  165  150  129  108   86   69   56   49   48   50   52   54   55
   54   53   51   49   47   45   43   41   40   40   41   41   42   41   40   39
   39   41   45   51   59   67   77   89  103  120  140  162  185  209  233  257
  278  298  315  329  339  346  348  346  341  333  324  315  305  294  282  271
  258  247  240  230  225  216  210  200  200                                   
    47.5-180.0 180.0   5.0 450.0                            LAT/LON1/LON2/DLON/H
  222  219  211  196  182  161  137  110   86   67   55   51   50   51   53   53
   53   53   51   50   48   46   44   43   42   43   44   46   47   46   45   44
   44   46   50   57   66   76   87   99  113  130  150  172  194  218  241  264
  286  306  325  341  354  362  367  366  361  353  343  332  321  309  297  286
  273  263  255  244  240  230  228  219  222                                   
    45.0-180.0 180.0   5.0 450.0                            LAT/LON1/LON2/DLON/H
  234  234  229  219  206  188  165  136  109   85   68   59   55   54   55   56
   56   56   56   56   55   53   51   50   50   51   53   55   56   56   53   51
   50   51   56   65   75   86   98  110  125  142  161  183  205  228  250  272
  293  313  331  348  362  372  377  377  371  361  348  334  321  308  295  284
  273  264  257  247  244  237  237  231  234                                   
    42.5-180.0 180.0   5.0 450.0                            LAT/LON1/LON2/DLON/H
  232  232  230  224  215  202  184  158  131  105   85   73   66   63   62   62
   63   63   64   65   65   65   63   62   62   63   65   67   68   66   62   58
   56   56   62   71   82   95  108  121  136  154  174  196  217  239  260  280
  299  318  335  351  365  376  382  381  374  361  344  327  310  294  281  270
  260  253  248  240  239  232  235  230  232                                   
    40.0-180.0 180.0   5.0 450.0                            LAT/LON1/LON2/DLON/H
  217  212  211  207  204  196  185  167  145  122  102   89   80   75   73   72
   73   74   76   78   79   79   78   76   76   77   78   79   78   74   69   64
   60   60   65   75   88  102  117  132  148  167  188  210  232  252  271  289
  306  323  339  355  369  381  388  388  379  364  343  321  300  281  265  254
  246  240  237  231  230  222  226  220  217                                   
    37.5-180.0 180.0   5.0 450.0                            LAT/LON1/LON2/DLON/H
  196  183  179  173  174  172  169  161  148  131  115  103   94   89   86   85
   86   87   89   92   94   94   93   92   90   90   89   88   85   80   74   67
   63   62   66   77   91  108  125  142  161  181  203  226  247  267  285  302
  317  333  349  366  382  396  405  406  398  381  358  332  307  284  266  254
  246  241  239  232  231  218  221  211  196                                   
    35.0-180.0 180.0   5.0 450.0                            LAT/LON1/LON2/DLON/H
  183  158  147  135  136  136  139  141  138  130  121  113  106  102  100   99
  100  101  104  107  109  110  109  107  104  102   99   95   90   84   77   70
   64   63   67   77   93  113  133  153  173  195  219  243  265  284  301  318
  334  350  368  387  406  424  436  440  434  418  395  369  341  316  296  283
  274  269  267  258  256  236  234  217  183                                   
    32.5-180.0 180.0   5.0 450.0                            LAT/LON1/LON2/DLON/H
  192  155  133  111  105  101  107  115  120  121  119  117  114  113  112  113
  114  116  118  121  124  125  125  123  120  115  110  103   95   87   79   72
   67   65   68   79   96  117  140  163  187  211  236  260  283  303  320  337
  355  375  397  420  444  466  484  493  492  480  460  434  407  380  358  343
  334  328  326  313  308  282  273  248  192                                   
    30.0-180.0 180.0   5.0 450.0                            LAT/LON1/LON2/DLON/H
  233  186  151  116   97   83   84   93  102  108  113  116  118  119  122  124
  127  130  133  136  139  141  142  141  137  131  122  111  100   90   82   76
   72   70   73   84  101  124  149  175  201  227  253  279  302  322  341  361
  382  407  434  463  494  523  548  565  572  566  551  529  503  476  453  436
  424  417  412  394  387  355  337  308  233                                   
    27.5-180.0 180.0   5.0 450.0                            LAT/LON1/LON2/DLON/H
  312  258  208  158  122   95   85   87   94  101  108  114  118  123  128  132
  137  142  146  150  154  158  161  162  159  150  138  122  108   96   89   84
   82   81   83   92  109  132  158  186  215  243  271  297  321  342  363  386
  413  445  479  515  553  590  624  649  664  668  661  644  621  596  571  552
  537  528  519  496  485  449  419  393  312                                   
    25.0-180.0 180.0   5.0 450.0                            LAT/LON1/LON2/DLON/H
  426  371  304  239  185  142  116  105  104  107  111  116  120  125  131  138
  145  151  156  161  167  174  180  184  182  172  155  136  119  107  101   99
   98   97   97  104  118  140  167  197  227  258  287  315  339  362  386  414
  447  485  526  570  615  659  698  731  754  766  767  756  738  715  691  670
  655  645  632  607  592  556  518  497  426                                   
    22.5-180.0 180.0   5.0 450.0                            LAT/LON1/LON2/DLON/H
  561  513  431  353  280  222  177  151  137  130  128  127  128  131  135  142
  149  157  163  170  178  188  199  205  204  192  173  152  134  123  119  118
  117  114  112  115  126  146  173  205  237  270  302  331  358  383  410  442
  481  524  571  620  668  715  757  792  819  835  840  835  822  804  784  765
  752  744  733  712  692  663  628  609  561                                   
    20.0-180.0 180.0   5.0 450.0                            LAT/LON1/LON2/DLON/H
  687  660  570  487  394  324  261  218  189  171  159  151  145  142  143  147
  153  160  168  176  186  200  213  222  221  210  190  168  150  140  136  135
  133  129  124  123  131  149  176  209  244  279  314  346  375  404  434  470
  512  559  608  657  705  749  789  822  846  861  867  865  857  845  831  817
  809  807  803  791  772  752  731  712  687                                   
    17.5-180.0 180.0   5.0 450.0                            LAT/LON1/LON2/DLON/H
  780  777  696  615  511  431  354  297  255  225  203  187  173  162  155  154
  157  163  170  179  192  207  223  233  232  221  202  181  164  153  148  146
  143  136  129  125  131  149  176  210  248  286  323  358  391  423  457  495
  539  586  633  679  721  759  791  816  833  843  849  851  848  843  835  827
  824  828  833  831  817  807  803  785  780                                   
    15.0-180.0 180.0   5.0 450.0                            LAT/LON1/LON2/DLON/H
  828  845  782  710  608  527  442  376  324  286  257  233  211  190  175  166
  164  167  173  182  195  212  227  237  236  225  207  188  171  158  152  149
  144  136  128  123  129  147  175  210  249  290  330  369  406  442  478  517
  559  602  644  682  714  741  762  776  786  793  800  807  813  815  813  810
  810  816  827  831  827  823  830  816  828                                   
    12.5-180.0 180.0   5.0 450.0                            LAT/LON1/LON2/DLON/H
  838  863  818  758  669  596  513  444  388  346  313  285  256  228  202  185
  176  174  178  185  198  213  228  236  234  224  208  189  172  159  151  146
  140  132  123  120  127  145  173  209  249  291  334  377  418  456  494  531
  570  608  642  668  688  702  712  719  724  730  741  756  770  780  783  782
  783  789  800  807  810  809  817  808  838                                   
    10.0-180.0 180.0   5.0 450.0                            LAT/LON1/LON2/DLON/H
  818  841  809  762  693  632  558  493  439  397  365  337  305  271  237  210
  193  185  185  190  201  214  226  232  230  219  203  185  169  157  149  143
  135  127  119  117  125  143  171  206  246  289  334  379  423  464  501  537
  573  604  629  645  653  658  661  665  669  678  693  714  736  752  758  758
  757  760  769  775  780  780  783  779  818                                   
     7.5-180.0 180.0   5.0 450.0                            LAT/LON1/LON2/DLON/H
  783  798  774  737  689  642  579  522  473  435  407  382  352  315  275  240
  215  201  196  197  204  213  222  225  221  211  196  180  167  156  148  140
