data/edconvlstm_nd/pred2020.15i
     1.0            IONOSPHERE MAPS     GNSS                IONEX VERSION / TYPE
pyspatialgeodesy        IME             05-JAN-18 20:20     PGM / RUN BY / DATE 
Map Name                                                    COMMENT             
Predicted global ionosphere maps (GIM).                     DESCRIPTION         
  2015     7    21     0     0     0                        EPOCH OF FIRST MAP  
  2015     7    22     0     0     0                        EPOCH OF LAST MAP   
  7200                                                      INTERVAL            
    13                                                      # OF MAPS IN FILE   
  NONE                                                      MAPPING FUNCTION    
10.0                                                        ELEVATION CUTOFF    
One-way carrier phase leveled to code                       OBSERVABLES USED    
  6371.0                                                    BASE RADIUS         
 2                                                          MAP DIMENSION       
   450.0 450.0   0.0                                        HGT1 / HGT2 / DHGT  
    87.5 -87.5  -2.5                                        LAT1 / LAT2 / DLAT  
  -180.0 180.0   5.0                                        LON1 / LON2 / DLON  
    -1                                                      EXPONENT            
                                                            END OF HEADER       
[from data line 3861]
    10                                                      START OF TEC MAP    
  2015     7    21    18     0     0                        EPOCH OF CURRENT MAP
    87.5-180.0 180.0   5.0 450.0                            LAT/LON1/LON2/DLON/H
  158  152  142  149  150  149  148  146  146  147  146  146  146  146  146  146
  146  146  145  145  145  145  144  144  144  143  143  142  142  141  141  140
  140  139  139  138  138  138  137  137  137  138  138  138  139  139  140  140
  141  142  143  143  144  145  145  146  146  146  147  147  147  147  147  147
  146  147  146  145  155  152  158  156  158                                   
    85.0-180.0 180.0   5.0 450.0                            LAT/LON1/LON2/DLON/H
  153  151  158  152  150  153  153  155  155  156  155  155  155  155  155  155
  155  155  155  154  154  154  153  153  152  152  151  150  150  149  148  147
  146  145  144  144  143  142  142  141  141  141  142  142  143  144  145  146
  147  148  149  150  151  152  153  154  154  155  155  155  155  155  155  155
  155  155  153  151  153  147  149  150  153                                   
    82.5-180.0 180.0   5.0 450.0                            LAT/LON1/LON2/DLON/H
  136  141  143  141  142  146  148  149  149  150  150  151  151  152  152  152
  152  152  152  151  151  151  151  150  150  149  148  147  146  145  144  142
  141  139  138  136  134  133  132  131  131  131  131  132  133  134  135  137
  139  141  143  144  146  147  149  150  150  151  151  151  150  150  149  148
  148  146  144  147  145  149  142  137  136                                   
    80.0-180.0 180.0   5.0 450.0                            LAT/LON1/LON2/DLON/H
  130  133  139  138  137  139  142  146  147  149  150  152  152  153  153  153
  153  153  153  153  153  153  153  153  152  152  151  150  149  147  145  143
  141  139  136  134  131  129  127  126  125  125  125  126  127  128  130  133
  135  137  140  142  144  145  146  147  148  148  148  147  146  146  145  144
  143  142  140  141  137  132  131  131  130                                   
    77.5-180.0 180.0   5.0 450.0                            LAT/LON1/LON2/DLON/H
  132  128  134  134  136  138  141  145  146  148  149  152  153  154  154  155
  155  155  155  155  156  156  156  157  157  156  156  155  154  152  150  147
  144  141  138  135  132  128  126  124  122  121  121  122  123  125  127  130
  133  135  138  140  142  143  144  144  144  144  143  142  140  139  138  136
  135  133  132  133  134  125  127  131  132                                   
    75.0-180.0 180.0   5.0 450.0                            LAT/LON1/LON2/DLON/H
  130  128  130  132  133  137  139  142  145  149  151  153  155  156  157  157
  157  157  157  158  158  159  160  160  161  161  161  160  159  157  155  152
  149  146  142  138  134  131  127  125  122  121  121  121  122  124  126  129
  132  134  136  138  139  140  140  139  139  138  136  135  134  133  132  131
  129  129  129  126  128  121  123  117  130                                   
    72.5-180.0 180.0   5.0 450.0                            LAT/LON1/LON2/DLON/H
  128  128  129  134  134  137  140  143  145  149  151  154  156  157  158  158
  157  157  157  157  158  159  160  161  162  162  162  161  159  158  156  153
  151  147  144  140  136  132  128  125  123  121  120  120  122  123  126  128
  130  132  134  134  134  133  132  131  129  128  126  125  124  123  122  122
  121  121  122  121  122  118  122  122  128                                   
    70.0-180.0 180.0   5.0 450.0                            LAT/LON1/LON2/DLON/H
  131  131  132  135  134  135  137  140  143  147  150  154  156  158  158  157
  156  155  155  155  156  157  158  159  159  159  158  157  156  154  153  151
  149  146  143  140  136  132  129  126  123  122  121  121  122  124  126  127
  129  130  130  129  127  125  123  120  118  116  115  114  114  114  115  116
  116  117  119  119  122  121  126  124  131                                   
    67.5-180.0 180.0   5.0 450.0                            LAT/LON1/LON2/DLON/H
  135  138  140  143  141  142  142  144  147  151  154  159  162  163  163  162
  160  158  157  157  157  158  159  160  159  158  157  155  153  152  151  150
  149  147  145  142  139  136  133  131  130  129  128  129  130  131  132  133
  134  133  132  129  126  122  118  114  111  109  108  108  109  110  112  115
  116  118  121  121  124  125  131  129  135                                   
    65.0-180.0 180.0   5.0 450.0                            LAT/LON1/LON2/DLON/H
  138  145  147  147  144  143  142  144  147  152  156  161  164  166  166  164
  161  159  157  156  156  157  157  157  155  153  151  148  147  146  146  146
  146  145  144  141  139  137  135  134  134  134  134  135  136  136  137  137
  136  134  131  127  121  116  110  105  102  100   99  100  102  105  108  112
  115  118  122  124  129  132  140  137  138                                   
    62.5-180.0 180.0   5.0 450.0                            LAT/LON1/LON2/DLON/H
  141  150  153  153  149  148  145  146  148  154  159  165  169  171  170  168
  164  161  159  157  157  157  157  155  153  150  146  144  142  142  143  144
  145  145  143  142  140  139  138  139  140  141  142  143  144  144  143  142
  140  136  132  126  119  112  106  100   96   95   94   96   99  102  106  110
  113  117  122  125  131  135  143  142  141                                   
    60.0-180.0 180.0   5.0 450.0                            LAT/LON1/LON2/DLON/H
  142  154  157  156  151  150  147  147  150  155  161  168  172  175  174  171
  168  164  161  159  158  158  157  154  151  147  143  141  140  141  143  145
  146  146  145  143  142  141  142  144  146  149  151  152  152  151  149  147
  143  138  132  125  118  110  103   97   93   92   92   94   96   99  103  107
  110  114  119  123  130  136  146  145  142                                   
    57.5-180.0 180.0   5.0 450.0                            LAT/LON1/LON2/DLON/H
  141  154  158  157  154  153  150  151  153  159  165  171  176  179  178  176
  171  167  164  161  160  159  158  155  151  147  143  142  142  145  147  150
  151  150  149  146  145  145  147  150  155  158  161  162  161  158  155  151
  146  140  133  126  118  110  103   98   94   93   93   94   96   98  100  103
  106  110  115  118  126  133  144  144  141                                   
    55.0-180.0 180.0   5.0 450.0                            LAT/LON1/LON2/DLON/H
  138  153  158  158  156  157  155  156  159  164  170  176  181  183  182  180
  175  171  167  164  162  161  159  156  153  149  147  147  148  152  156  158
  159  157  154  151  150  150  153  158  163  168  170  170  168  164  159  153
  147  140  134  126  119  112  106  101   98   97   96   96   97   97   98   99
  100  104  108  112  119  127  139  140  138                                   
    52.5-180.0 180.0   5.0 450.0                            LAT/LON1/LON2/DLON/H
  135  150  157  159  158  162  162  164  167  172  176  181  185  187  186  183
  179  175  170  167  165  163  161  158  155  153  152  154  157  161  165  167
  167  165  161  157  156  157  161  166  172  176  178  177  173  167  160  153
  146  140  133  127  121  115  111  107  105  103  102  101   99   97   95   95
   95   98  102  105  113  121  132  135  135                                   
    50.0-180.0 180.0   5.0 450.0                            LAT/LON1/LON2/DLON/H
  133  148  156  161  163  169  171  175  178  182  185  189  191  192  191  188
  184  179  175  171  168  165  163  161  159  158  159  162  167  171  175  177
  175  172  168  164  163  165  169  175  180  184  185  182  176  168  160  152
  145  139  133  128  124  120  117  115  113  112  110  107  103   99   95   93
   93   94   98  101  108  116  127  131  133                                   
    47.5-180.0 180.0   5.0 450.0                            LAT/LON1/LON2/DLON/H
  132  147  156  163  168  177  182  187  191  195  196  198  198  198  197  194
  191  186  181  176  172  169  167  165  164  164  167  171  176  180  184  184
  183  179  175  172  172  174  179  184  189  191  190  186  179  170  160  152
  144  138  134  131  128  126  125  124  123  121  119  115  109  103   98   95
   94   95   98  101  107  114  124  129  132                                   
    45.0-180.0 180.0   5.0 450.0                            LAT/LON1/LON2/DLON/H
  133  149  158  167  174  185  192  199  204  208  208  209  208  207  205  202
  199  195  190  184  179  175  172  170  170  172  175  180  185  189  191  191
  190  187  184  183  183  186  190  195  198  199  196  190  182  172  162  153
  146  140  136  134  133  133  132  132  132  131  128  123  117  110  105  101
   99  100  102  105  110  116  124  129  133                                   
    42.5-180.0 180.0   5.0 450.0                            LAT/LON1/LON2/DLON/H
  136  151  161  170  179  191  201  209  215  219  220  220  219  217  215  213
  210  206  201  195  189  184  180  179  179  181  185  190  194  197  199  200
  199  198  198  197  198  201  204  207  209  208  204  197  187  177  167  158
  150  144  141  139  139  139  140  140  140  139  136  132  126  119  114  110
  107  108  109  111  115  120  127  131  136                                   
    40.0-180.0 180.0   5.0 450.0                            LAT/LON1/LON2/DLON/H
  139  154  163  172  182  195  206  215  222  228  230  231  230  228  227  225
  223  219  213  207  201  195  192  190  191  193  198  202  206  208  210  212
  214  216  217  218  219  220  221  222  221  219  213  205  196  185  175  165
  157  151  146  144  144  145  145  146  145  144  142  139  134  129  124  120
  117  117  117  118  120  124  130  134  139                                   
    37.5-180.0 180.0   5.0 450.0                            LAT/LON1/LON2/DLON/H
  141  155  164  173  182  195  206  217  225  233  237  240  240  239  238  237
  235  232  227  221  215  210  206  205  206  208  213  217  221  224  228  232
  236  240  243  245  244  242  240  238  236  231  225  217  207  196  185  175
  166  158  153  150  148  148  149  149  148  147  146  144  141  137  133  130
  126  125  124  123  124  127  131  135  141                                   
    35.0-180.0 180.0   5.0 450.0                            LAT/LON1/LON2/DLON/H
  141  155  164  171  180  192  203  213  223  233  240  245  248  249  249  248
  247  244  239  234  229  225  223  222  223  226  231  236  241  246  252  258
  266  273  277  276  273  267  262  256  251  245  238  229  219  207  196  185
  174  165  158  153  151  150  150  149  148  147  146  145  144  142  139  136
  132  129  127  124  124  126  131  134  141                                   
    32.5-180.0 180.0   5.0 450.0                            LAT/LON1/LON2/DLON/H
  141  154  162  168  177  188  198  208  219  230  240  248  254  257  258  257
  256  254  250  247  244  242  241  241  243  247  253  259  266  273  282  292
  302  310  313  310  302  292  282  273  266  258  250  240  229  217  205  192
  180  169  160  154  150  148  147  146  145  144  143  144  144  143  141  138
  133  130  125  122  121  123  128  132  141                                   
    30.0-180.0 180.0   5.0 450.0                            LAT/LON1/LON2/DLON/H
  139  152  159  165  174  184  193  202  213  226  238  249  258  262  264  264
  263  261  259  258  257  258  258  260  263  268  275  284  293  303  315  328
  340  348  349  342  328  313  298  286  277  268  259  248  236  223  209  195
  182  170  159  151  146  143  142  141  139  138  138  139  140  140  138  135
  130  126  121  117  116  118  123  128  139                                   
    27.5-180.0 180.0   5.0 450.0                            LAT/LON1/LON2/DLON/H
  138  150  157  164  173  183  191  200  211  224  237  250  261  267  269  270
  269  268  267  268  270  273  276  279  283  289  298  309  320  333  347  362
  374  380  377  364  346  326  308  294  283  273  263  251  237  222  207  192
  178  165  154  145  138  135  134  133  132  131  131  132  133  133  131  129
  124  120  115  111  111  113  119  124  138                                   
    25.0-180.0 180.0   5.0 450.0                            LAT/LON1/LON2/DLON/H
  138  150  156  165  175  186  195  203  213  226  239  253  264  272  275  276
  276  275  276  278  283  288  293  297  302  310  320  331  344  357  372  386
  397  400  392  375  352  330  310  295  283  272  261  248  232  216  199  184
  170  157  145  135  128  125  124  124  123  123  123  123  124  123  122  119
  115  112  109  106  107  110  116  122  138                                   
    22.5-180.0 180.0   5.0 450.0                            LAT/LON1/LON2/DLON/H
  139  151  157  168  180  193  202  211  221  233  245  259  270  278  282  284
  285  285  287  290  296  303  309  314  320  328  338  349  361  374  386  398
  405  404  392  371  347  325  305  290  278  266  254  239  222  205  188  173
  159  146  135  124  117  114  114  114  115  115  114  114  114  113  111  109
  106  106  105  104  106  109  115  123  139                                   
    20.0-180.0 180.0   5.0 450.0                            LAT/LON1/LON2/DLON/H
  140  153  160  173  186  202  213  223  233  243  255  267  278  287  292  296
  297  299  301  305  311  318  325  330  336  343  352  361  371  380  389  396
  398  392  378  357  334  313  296  281  269  256  243  228  211  192  175  160
  148  136  125  115  107  104  104  106  108  108  107  106  105  103  101  100
   98  101  102  104  108  111  117  124  140                                   
    17.5-180.0 180.0   5.0 450.0                            LAT/LON1/LON2/DLON/H
  140  155  162  178  192  210  224  235  245  256  266  277  288  297  304  310
  313  316  318  322  328  334  339  344  349  355  361  368  373  377  381  382
  380  371  356  337  317  300  286  272  260  247  233  217  200  182  165  150
  139  128  117  107  100   97   97  100  102  103  102  100   97   94   92   92
   92   97  101  105  110  114  119  127  140                                   
    15.0-180.0 180.0   5.0 450.0                            LAT/LON1/LON2/DLON/H
  138  155  164  180  196  214  231  244  256  266  275  286  296  307  316  324
  330  334  337  340  344  348  352  355  359  363  367  370  370  369  366  363
  357  347  333  317  302  289  278  266  253  239  225  210  193  176  159  145
  133  123  113  103   95   92   92   96   99  100   98   95   91   88   86   86
   88   94  101  106  111  115  120  127  138                                   
    12.5-180.0 180.0   5.0 450.0                            LAT/LON1/LON2/DLON/H
  134  152  163  180  196  214  232  248  261  272  281  291  302  313  325  336
  345  350  353  355  357  359  361  363  365  368  370  369  365  359  352  344
  336  325  313  302  292  284  275  264  250  236  222  207  192  175  159  145
  132  121  111  100   92   88   89   93   96   97   95   91   87   83   81   81
   84   91   99  104  109  113  118  124  134                                   
    10.0-180.0 180.0   5.0 450.0                            LAT/LON1/LON2/DLON/H
  128  148  160  176  192  210  229  246  261  272  282  291  303  315  329  343
  354  361  365  366  366  366  366  367  368  370  370  367  361  351  341  331
  322  312  302  295  289  284  277  266  252  237  222  209  195  179  163  148
  134  121  110   99   91   86   87   91   94   94   92   87   83   79   77   77
   80   87   95   99  104  107  112  118  128                                   
     7.5-180.0 180.0   5.0 450.0                            LAT/LON1/LON2/DLON/H
  121  141  154  170  186  204  224  241  256  269  278  288  299  312  327  342
  355  364  368  369  368  366  366  366  368  370  370  366  359  349  338  327
