data/edconvlstm_nd/pred3000.15i
     1.0            IONOSPHERE MAPS     GNSS                IONEX VERSION / TYPE
pyspatialgeodesy        IME             05-JAN-18 20:20     PGM / RUN BY / DATE 
Map Name                                                    COMMENT             
Predicted global ionosphere maps (GIM).                     DESCRIPTION         
  2015    10    27     0     0     0                        EPOCH OF FIRST MAP  
  2015    10    28     0     0     0                        EPOCH OF LAST MAP   
  7200                                                      INTERVAL            
    13                                                      # OF MAPS IN FILE   
  NONE                                                      MAPPING FUNCTION    
10.0                                                        ELEVATION CUTOFF    
One-way carrier phase leveled to code                       OBSERVABLES USED    
  6371.0                                                    BASE RADIUS         
 2                                                          MAP DIMENSION       
   450.0 450.0   0.0                                        HGT1 / HGT2 / DHGT  
    87.5 -87.5  -2.5                                        LAT1 / LAT2 / DLAT  
  -180.0 180.0   5.0                                        LON1 / LON2 / DLON  
    -1                                                      EXPONENT            
                                                            END OF HEADER       
[from data line 3861]
    10                                                      START OF TEC MAP    
  2015    10    27    18     0     0                        EPOCH OF CURRENT MAP
    87.5-180.0 180.0   5.0 450.0                            LAT/LON1/LON2/DLON/H
   97   94   88   93   99   96   95   94   94   97   97   98   99  101  102  103
  104  104  104  105  104  104  103  103  102  100   99   98   96   94   93   91
   90   89   87   86   85   84   83   82   81   81   81   80   80   81   81   81
   82   83   84   84   85   86   87   88   89   90   91   92   93   93   94   93
   94   94   92   90   96   93  105  107   97                                   
    85.0-180.0 180.0   5.0 450.0                            LAT/LON1/LON2/DLON/H
   97   92  100   86   88   92   92   95   96   99   99  101  103  104  106  107
  109  110  110  110  110  110  109  108  107  105  103  101   99   97   95   93
   91   89   87   86   84   83   82   81   80   79   79   78   78   79   79   79
   80   81   82   83   85   86   87   89   90   91   93   94   94   95   95   95
   96   96   92   88   89   89   92   90   97                                   
    82.5-180.0 180.0   5.0 450.0                            LAT/LON1/LON2/DLON/H
   72   76   75   71   74   79   83   85   87   91   93   97  100  103  106  108
  111  112  114  115  115  114  114  112  110  108  105  102   99   96   93   90
   87   84   82   79   77   75   73   71   69   68   67   66   66   65   65   66
   66   67   69   70   71   73   75   77   78   80   82   83   84   85   85   85
   85   85   82   80   81   89   79   78   72                                   
    80.0-180.0 180.0   5.0 450.0                            LAT/LON1/LON2/DLON/H
   53   56   60   58   61   62   69   75   80   85   89   95   99  103  107  111
  113  116  117  118  119  118  117  115  112  109  105  101   96   92   88   84
   80   77   73   70   68   65   63   60   58   57   55   54   53   53   53   54
   54   56   57   59   61   63   65   67   69   71   73   74   76   76   77   77
   77   76   74   72   67   70   63   70   53                                   
    77.5-180.0 180.0   5.0 450.0                            LAT/LON1/LON2/DLON/H
   52   52   51   49   54   58   65   72   79   85   92   99  105  111  117  121
  125  128  131  132  133  132  131  129  126  121  117  111  106  101   95   90
   86   82   78   74   71   67   64   61   57   54   52   49   48   47   47   47
   48   49   50   52   54   56   58   59   61   63   65   66   68   68   69   69
   69   68   68   66   62   60   56   65   52                                   
    75.0-180.0 180.0   5.0 450.0                            LAT/LON1/LON2/DLON/H
   43   45   43   44   51   56   63   71   81   90   97  106  113  120  125  130
  134  137  140  142  143  143  141  139  136  131  126  120  114  108  102   97
   92   88   84   80   77   73   70   66   62   58   54   52   49   48   47   47
   48   49   50   51   52   53   54   55   56   57   58   59   60   61   62   62
   62   62   62   59   56   52   48   48   43                                   
    72.5-180.0 180.0   5.0 450.0                            LAT/LON1/LON2/DLON/H
   42   44   42   48   52   60   70   79   88   98  107  117  124  131  137  142
  146  149  152  154  156  157  156  154  150  145  138  131  124  117  110  104
   99   95   91   88   84   80   76   71   66   61   57   53   50   48   47   47
   47   48   48   49   49   49   49   49   48   48   48   49   49   50   51   52
   53   54   54   52   50   48   46   51   42                                   
    70.0-180.0 180.0   5.0 450.0                            LAT/LON1/LON2/DLON/H
   42   45   44   51   56   64   74   86   97  108  119  128  135  141  145  149
  153  156  159  163  165  167  167  166  162  157  150  142  134  126  119  112
  107  102   98   95   91   87   82   77   71   66   61   56   53   51   50   49
   50   50   50   50   49   48   46   44   42   40   39   39   40   41   42   44
   45   46   48   48   47   47   49   53   42                                   
    67.5-180.0 180.0   5.0 450.0                            LAT/LON1/LON2/DLON/H
   47   50   49   58   65   74   85   98  110  121  131  140  147  152  155  158
  161  165  169  173  176  179  180  179  176  170  162  153  143  134  125  117
  111  106  101   97   93   89   84   79   73   67   62   57   54   52   51   51
   51   52   52   51   49   47   44   41   38   36   34   34   35   36   37   39
   41   42   44   44   45   46   48   52   47                                   
    65.0-180.0 180.0   5.0 450.0                            LAT/LON1/LON2/DLON/H
   48   52   51   62   69   80   92  105  118  130  140  148  154  158  160  163
  166  169  174  179  184  188  190  190  186  181  172  163  153  142  132  123
  116  109  104   99   94   89   84   78   72   66   61   56   53   51   50   50
   50   50   50   49   47   44   40   37   33   31   29   29   30   31   33   35
   37   39   41   42   44   47   50   55   48                                   
    62.5-180.0 180.0   5.0 450.0                            LAT/LON1/LON2/DLON/H
   50   54   54   66   75   86   99  113  125  137  147  155  160  164  166  169
  172  176  181  187  192  196  199  198  195  189  180  171  160  149  138  128
  119  110  103   97   91   85   79   73   67   61   56   52   49   47   46   46
   46   46   46   45   43   41   37   34   31   29   28   28   30   32   34   35
   36   38   40   41   42   45   48   53   50                                   
    60.0-180.0 180.0   5.0 450.0                            LAT/LON1/LON2/DLON/H
   52   55   56   69   78   90  104  118  131  142  152  159  165  168  171  174
  178  183  188  194  199  203  204  203  199  193  186  177  168  158  147  136
  125  114  105   97   89   82   76   69   64   58   54   50   47   45   44   43
   42   42   42   41   40   38   35   33   30   29   30   31   33   36   38   40
   40   40   41   41   42   45   48   53   52                                   
    57.5-180.0 180.0   5.0 450.0                            LAT/LON1/LON2/DLON/H
   54   57   59   73   83   96  111  125  138  149  158  165  171  175  179  183
  188  192  197  202  206  208  208  206  201  196  190  184  177  169  159  147
  134  122  110  100   91   83   76   70   65   60   56   53   50   47   45   43
   42   41   41   40   40   39   37   36   35   35   37   39   43   46   48   49
   49   48   47   45   45   46   47   53   54                                   
    55.0-180.0 180.0   5.0 450.0                            LAT/LON1/LON2/DLON/H
   59   62   66   80   92  106  121  136  148  158  167  174  179  185  190  194
  199  204  208  211  212  212  210  206  201  197  193  190  187  181  172  161
  147  132  118  106   97   88   82   76   71   67   64   61   58   55   52   49
   46   45   44   44   45   44   44   44   45   46   48   52   56   59   62   63
   62   60   58   55   52   51   51   55   59                                   
    52.5-180.0 180.0   5.0 450.0                            LAT/LON1/LON2/DLON/H
   67   71   77   90  105  120  136  150  162  171  178  184  190  196  201  207
  212  215  218  219  217  215  210  205  200  197  196  197  197  194  187  175
  160  144  128  116  106   98   92   87   83   80   77   75   73   69   65   60
   57   55   54   54   54   55   56   56   58   60   63   66   71   74   77   78
   77   75   72   68   64   61   58   60   67                                   
    50.0-180.0 180.0   5.0 450.0                            LAT/LON1/LON2/DLON/H
   79   83   90  104  121  139  155  169  179  187  193  198  203  209  214  220
  224  226  227  226  223  218  211  205  201  199  201  204  207  206  199  187
  171  154  138  125  116  109  104  100   97   95   94   92   90   86   82   77
   72   70   68   68   69   69   70   71   72   74   77   81   85   88   92   93
   92   91   88   84   79   74   70   70   79                                   
    47.5-180.0 180.0   5.0 450.0                            LAT/LON1/LON2/DLON/H
   92   96  104  120  139  158  174  188  198  205  209  213  217  221  226  230
  234  235  235  232  228  222  215  209  205  205  208  213  216  215  208  195
  178  160  144  132  124  119  116  113  111  110  109  108  107  103   98   93
   89   86   85   84   84   84   84   85   86   87   89   92   95   99  102  105
  105  105  103   99   95   88   84   82   92                                   
    45.0-180.0 180.0   5.0 450.0                            LAT/LON1/LON2/DLON/H
  104  109  117  134  155  176  192  206  215  221  224  227  229  232  236  238
  240  241  240  238  234  229  223  218  215  215  218  222  224  221  212  197
  179  161  147  136  130  127  125  124  122  121  120  119  118  115  111  107
  103  100   98   96   95   94   94   95   95   97   98  100  103  106  109  112
  113  115  114  111  109  101   98   96  104                                   
    42.5-180.0 180.0   5.0 450.0                            LAT/LON1/LON2/DLON/H
  113  118  126  146  168  189  205  219  228  234  237  239  240  241  243  244
  244  244  244  243  242  239  235  231  229  228  230  231  229  222  210  195
  177  160  147  139  135  133  132  130  128  126  125  124  123  121  117  114
  110  108  105  103  101   99   98   99  100  102  103  104  106  109  113  116
  118  120  120  119  117  110  108  107  113                                   
    40.0-180.0 180.0   5.0 450.0                            LAT/LON1/LON2/DLON/H
  115  121  129  152  175  196  212  226  236  243  246  248  249  249  248  247
  246  247  248  250  252  251  250  247  245  244  242  239  232  222  208  192
  176  162  152  145  142  140  138  135  131  128  125  124  122  120  118  115
  111  108  105  102   99   97   97   98  100  103  104  106  108  110  113  117
  118  120  121  120  119  113  110  114  115                                   
    37.5-180.0 180.0   5.0 450.0                            LAT/LON1/LON2/DLON/H
  112  119  129  152  175  196  213  228  239  248  252  256  257  256  253  251
  249  250  254  258  262  265  265  263  261  258  253  246  235  223  209  196
  184  174  166  161  157  153  149  143  136  130  125  122  120  118  116  113
  109  105  101   97   94   92   93   95   98  102  104  106  108  110  113  115
  116  117  117  115  113  108  105  112  112                                   
    35.0-180.0 180.0   5.0 450.0                            LAT/LON1/LON2/DLON/H
  106  113  125  148  172  191  210  226  238  249  256  261  263  263  260  256
  254  256  260  267  273  276  277  275  272  268  262  253  242  230  220  212
  205  200  195  189  183  176  167  157  147  138  130  125  122  119  116  113
  108  103   98   93   89   88   90   93   98  102  105  107  109  112  114  115
  114  112  111  106  102   97   95  104  106                                   
    32.5-180.0 180.0   5.0 450.0                            LAT/LON1/LON2/DLON/H
  100  108  123  144  168  186  206  222  237  249  259  267  271  271  268  264
  262  263  268  275  281  284  283  281  278  275  269  262  253  246  242  241
  243  243  240  233  223  209  195  180  165  153  143  136  132  129  125  120
  114  107  100   94   91   90   93   97  102  106  109  111  114  116  118  118
  114  109  105   99   93   86   84   95  100                                   
    30.0-180.0 180.0   5.0 450.0                            LAT/LON1/LON2/DLON/H
   99  107  124  143  167  183  205  221  238  252  264  274  280  282  279  275
  271  272  275  281  285  285  283  281  279  278  277  274  272  272  276  286
  296  302  301  291  274  252  231  210  192  177  165  157  152  149  145  139
  131  122  113  106  102  102  105  109  113  116  117  119  121  124  126  124
  118  111  104   96   87   80   76   89   99                                   
    27.5-180.0 180.0   5.0 450.0                            LAT/LON1/LON2/DLON/H
  103  112  130  148  172  187  209  226  243  258  271  283  291  294  292  288
  283  281  282  283  284  282  278  276  278  281  286  291  297  307  323  343
  362  374  372  356  330  299  270  244  223  206  193  185  181  178  175  169
  160  149  139  130  126  125  127  129  131  130  129  129  131  134  135  133
  125  117  108   98   89   79   73   86  103                                   
    25.0-180.0 180.0   5.0 450.0                            LAT/LON1/LON2/DLON/H
  113  122  140  159  184  199  222  237  254  269  283  295  304  308  307  302
  295  289  286  284  280  275  272  272  277  287  300  314  330  352  379  410
  436  450  444  419  382  342  305  276  252  235  223  217  214  214  212  207
  198  187  175  165  159  157  156  155  151  146  141  139  140  142  144  142
  134  126  115  106   96   85   76   87  113                                   
    22.5-180.0 180.0   5.0 450.0                            LAT/LON1/LON2/DLON/H
  126  134  152  172  199  215  239  255  272  286  299  311  320  325  324  318
  308  299  291  283  277  271  269  273  283  300  320  343  370  402  439  477
  506  515  500  465  417  369  328  296  272  256  247  243  244  246  248  246
  238  227  214  203  195  190  185  180  171  161  152  146  145  147  149  147
  141  135  124  116  106   93   82   91  126                                   
    20.0-180.0 180.0   5.0 450.0                            LAT/LON1/LON2/DLON/H
  139  146  164  186  214  234  259  276  294  308  321  332  341  346  345  337
  325  311  299  288  280  275  276  285  300  322  349  380  414  454  495  533
  556  556  530  485  431  378  333  300  278  264  257  257  261  268  273  275
  270  261  248  236  225  217  209  198  185  171  158  150  147  147  149  149
  144  141  130  125  115  101   89   98  139                                   
    17.5-180.0 180.0   5.0 450.0                            LAT/LON1/LON2/DLON/H
  148  156  173  198  228  251  279  298  318  334  347  358  367  371  370  361
  347  330  314  302  295  293  298  311  330  356  387  421  459  499  537  566
  577  566  532  481  424  369  323  290  269  257  253  256  263  273  282  287
  287  281  270  257  244  233  222  209  193  176  161  151  146  146  147  147
  143  142  132  129  120  106   94  105  148                                   
    15.0-180.0 180.0   5.0 450.0                            LAT/LON1/LON2/DLON/H
  153  162  180  207  239  265  296  318  341  360  375  388  397  403  402  393
  378  360  343  330  325  328  337  353  375  402  432  465  499  533  560  576
  575  554  515  463  405  351  306  273  252  241  239  243  251  262  274  283
  288  285  277  264  250  237  223  209  193  176  160  150  144  143  144  143
  141  140  131  128  119  107   96  108  153                                   
    12.5-180.0 180.0   5.0 450.0                            LAT/LON1/LON2/DLON/H
  153  165  185  214  248  275  309  335  363  386  405  420  431  439  439  432
  418  401  385  375  373  378  391  409  431  455  480  506  531  552  566  569
  559  533  493  442  387  335  291  257  236  224  221  224  232  242  255  268
  277  278  272  260  245  230  216  202  187  172  158  148  143  141  142  141
  138  137  128  124  115  104   95  108  153                                   
    10.0-180.0 180.0   5.0 450.0                            LAT/LON1/LON2/DLON/H
  152  167  189  220  254  284  320  349  381  409  433  451  466  476  481  477
  467  453  440  433  434  442  456  473  491  508  525  539  552  560  563  558
  541  514  475  429  379  330  287  253  230  217  211  211  215  224  237  252
  263  268  264  252  236  220  205  192  180  168  157  148  144  142  143  141
  137  135  125  119  111  101   92  106  152                                   
     7.5-180.0 180.0   5.0 450.0                            LAT/LON1/LON2/DLON/H
  152  170  195  227  262  292  329  361  397  429  456  479  498  512  521  523
  518  509  501  498  501  510  522  535  547  555  560  563  564  563  558  548
