data/edconvlstm_nd/pred2770.15i
     1.0            IONOSPHERE MAPS     GNSS                IONEX VERSION / TYPE
pyspatialgeodesy        IME             05-JAN-18 20:20     PGM / RUN BY / DATE 
Map Name                                                    COMMENT             
Predicted global ionosphere maps (GIM).                     DESCRIPTION         
  2015    10     4     0     0     0                        EPOCH OF FIRST MAP  
  2015    10     5     0     0     0                        EPOCH OF LAST MAP   
  7200                                                      INTERVAL            
    13                                                      # OF MAPS IN FILE   
  NONE                                                      MAPPING FUNCTION    
10.0                                                        ELEVATION CUTOFF    
One-way carrier phase leveled to code                       OBSERVABLES USED    
  6371.0                                                    BASE RADIUS         
 2                                                          MAP DIMENSION       
   450.0 450.0   0.0                                        HGT1 / HGT2 / DHGT  
    87.5 -87.5  -2.5                                        LAT1 / LAT2 / DLAT  
  -180.0 180.0   5.0                                        LON1 / LON2 / DLON  
    -1                                                      EXPONENT            
                                                            END OF HEADER       
     1                                                      START OF TEC MAP    
  2015    10     4     0     0     0                        EPOCH OF CURRENT MAP
    87.5-180.0 180.0   5.0 450.0                            LAT/LON1/LON2/DLON/H
   88   78   75   70   71   74   71   70   71   71   72   72   73   73   73   73
   73   72   72   71   71   70   70   69   68   68   67   66   66   65   64   64
   63   62   62   61   60   60   59   58   57   57   56   56   55   55   55   55
   54   54   54   54   54   55   55   55   55   55   55   55   55   55   56   57
   58   58   58   59   55   70   76   79   88                                   
    85.0-180.0 180.0   5.0 450.0                            LAT/LON1/LON2/DLON/H
   81   82   64   71   75   81   77   77   78   78   79   79   80   80   80   79
   79   78   77   76   75   74   73   72   70   69   68   67   66   65   64   63
   63   62   62   62   62   61   61   61   61   61   60   60   60   60   60   60
   60   60   60   60   60   60   60   61   61   61   61   61   61   61   62   62
   63   63   64   69   69   79   87   81   81                                   
    82.5-180.0 180.0   5.0 450.0                            LAT/LON1/LON2/DLON/H
   75   66   74   76   79   86   83   83   86   86   87   88   89   89   89   88
   87   86   84   83   80   78   75   73   70   68   65   63   61   59   58   57
   56   56   56   56   56   56   56   56   56   56   56   56   56   56   56   56
   56   56   57   57   57   58   58   59   59   60   60   61   61   62   62   63
   63   64   64   62   68   66   71   78   75                                   
    80.0-180.0 180.0   5.0 450.0                            LAT/LON1/LON2/DLON/H
   88   74   74   75   81   85   86   87   91   92   94   95   96   96   96   95
   94   92   90   87   84   80   76   72   68   64   61   58   55   54   53   52
   52   52   52   53   53   54   54   54   54   54   54   54   54   53   53   53
   54   54   55   55   56   57   58   59   60   61   61   62   63   63   63   64
   64   62   63   60   74   70   78   92   88                                   
    77.5-180.0 180.0   5.0 450.0                            LAT/LON1/LON2/DLON/H
  101   85   77   85   86   89   91   94   98   98  101  102  103  103  102  101
   99   97   94   91   87   83   78   73   69   64   59   56   53   51   50   50
   50   51   52   53   54   55   55   55   55   55   54   54   53   53   53   53
   54   54   56   57   58   60   62   63   65   66   67   68   69   69   70   70
   70   70   70   68   75   77   81   98  101                                   
    75.0-180.0 180.0   5.0 450.0                            LAT/LON1/LON2/DLON/H
  111   90   86   92   92   95   93   96  100  100  101  101  101  100   99   97
   95   92   90   87   83   79   74   69   64   59   55   51   48   47   46   46
   48   49   51   52   54   55   55   55   54   53   52   51   51   50   50   51
   52   53   55   57   60   62   65   67   70   72   73   75   76   76   77   77
   75   75   76   71   77   85   86  100  111                                   
    72.5-180.0 180.0   5.0 450.0                            LAT/LON1/LON2/DLON/H
  109   94   93   96   95   95   94   97  100   99   99   99   97   95   92   89
   87   84   82   79   77   74   70   66   61   56   52   48   46   44   44   44
   46   47   49   50   51   52   52   51   49   48   46   44   43   43   43   43
   45   47   49   52   55   59   62   65   68   71   73   75   76   77   78   79
   77   77   80   77   80   87   94  110  109                                   
    70.0-180.0 180.0   5.0 450.0                            LAT/LON1/LON2/DLON/H
  114  102  101  106  103  102  100  102  104  102  101   99   95   91   87   83
   79   77   75   74   73   71   68   65   60   56   52   49   46   45   45   45
   46   48   49   50   51   51   50   48   46   44   42   40   39   39   40   41
   43   46   49   53   56   60   64   68   72   75   78   81   83   84   85   86
   84   83   86   85   88   95   99  115  114                                   
    67.5-180.0 180.0   5.0 450.0                            LAT/LON1/LON2/DLON/H
  118  108  107  111  107  105  101  102  104  101   99   96   91   85   79   74
   70   67   66   66   66   66   64   61   57   53   49   46   44   43   42   43
   43   44   45   45   45   44   43   41   39   36   34   33   32   32   32   34
   37   40   44   47   51   55   59   64   68   72   76   80   82   84   85   86
   84   84   87   85   90   98  102  119  118                                   
    65.0-180.0 180.0   5.0 450.0                            LAT/LON1/LON2/DLON/H
  120  111  110  114  110  106  101  102  104  101   99   95   89   82   75   69
   65   63   62   63   64   64   62   59   56   52   48   45   43   42   41   41
   41   41   41   40   40   39   37   35   33   32   30   29   28   29   30   32
   35   38   41   44   47   51   55   60   65   70   75   80   83   86   88   89
   87   87   89   87   92  101  106  124  120                                   
    62.5-180.0 180.0   5.0 450.0                            LAT/LON1/LON2/DLON/H
  123  114  113  117  112  107  102  102  105  102  101   97   92   84   77   71
   66   64   64   65   65   65   62   58   54   50   46   43   41   41   40   40
   39   38   37   37   36   35   34   33   32   31   30   30   30   31   32   34
   36   38   40   42   44   48   52   58   64   71   77   83   87   91   94   95
   94   93   95   91   94  105  109  128  123                                   
    60.0-180.0 180.0   5.0 450.0                            LAT/LON1/LON2/DLON/H
  125  117  117  119  114  107  101  102  104  103  102  100   95   89   82   76
   72   70   70   69   69   66   62   56   51   46   42   40   39   38   38   38
   37   35   34   34   33   34   34   34   34   34   34   34   35   36   37   38
   39   39   40   40   42   45   50   57   64   72   80   87   93   98  102  104
  103  102  103   98   99  108  112  131  125                                   
    57.5-180.0 180.0   5.0 450.0                            LAT/LON1/LON2/DLON/H
  130  123  123  124  118  109  103  103  106  105  105  104  101   96   91   86
   82   80   78   76   72   67   60   53   47   41   38   36   36   36   36   36
   35   34   33   33   34   36   38   39   41   42   42   43   44   44   45   45
   44   43   42   41   42   45   51   59   68   78   87   95  103  109  114  117
  117  115  116  109  108  115  117  137  130                                   
    55.0-180.0 180.0   5.0 450.0                            LAT/LON1/LON2/DLON/H
  139  132  133  133  126  116  109  108  109  109  109  109  107  104  100   96
   94   91   87   82   75   67   58   50   44   39   36   35   35   36   36   36
   36   35   35   36   39   42   46   49   52   53   54   55   55   56   55   54
   52   49   47   45   45   49   57   66   77   88   98  107  115  122  128  133
  133  131  132  125  122  125  126  146  139                                   
    52.5-180.0 180.0   5.0 450.0                            LAT/LON1/LON2/DLON/H
  152  147  148  147  139  128  120  117  117  115  114  114  112  110  108  106
  104  100   94   87   77   68   58   50   44   40   38   38   38   39   39   39
   39   39   40   43   48   53   58   62   66   68   68   69   69   68   67   65
   62   58   54   52   53   58   67   78   90  102  111  120  127  134  141  147
  148  148  150  143  140  139  139  159  152                                   
    50.0-180.0 180.0   5.0 450.0                            LAT/LON1/LON2/DLON/H
  168  166  166  166  157  145  137  131  128  123  121  119  118  116  115  114
  111  107   99   90   80   70   61   55   50   47   46   45   45   45   46   46
   46   47   49   53   59   66   72   77   80   82   83   83   83   82   80   78
   74   69   64   62   64   70   80   93  106  116  125  132  138  144  152  158
  161  163  167  161  159  157  156  175  168                                   
    47.5-180.0 180.0   5.0 450.0                            LAT/LON1/LON2/DLON/H
  186  187  186  187  178  166  158  149  142  134  129  125  123  121  120  119
  117  111  103   93   83   74   68   64   61   59   58   57   55   54   54   54
   54   56   59   64   71   78   85   91   94   96   96   96   95   94   92   89
   86   81   77   75   77   84   96  109  121  130  136  141  145  151  158  165
  169  174  180  176  176  176  175  194  186                                   
    45.0-180.0 180.0   5.0 450.0                            LAT/LON1/LON2/DLON/H
  203  207  206  209  200  189  180  169  159  148  139  133  128  126  125  124
  120  114  106   96   88   82   78   76   76   75   73   70   67   63   62   61
   63   65   69   74   81   88   95  100  104  106  106  106  105  104  102  100
   97   93   90   88   91   99  110  122  133  140  144  147  150  154  161  168
  173  180  188  187  191  193  194  212  203                                   
    42.5-180.0 180.0   5.0 450.0                            LAT/LON1/LON2/DLON/H
  218  223  221  227  220  210  201  189  177  162  151  142  136  132  130  128
  124  117  109  102   95   91   90   91   92   91   87   81   75   69   67   67
   68   71   76   81   87   94  101  106  109  111  112  113  112  112  111  109
  107  104  101   99  102  109  120  131  140  146  149  151  154  158  164  171
  176  184  193  195  201  207  211  228  218                                   
    40.0-180.0 180.0   5.0 450.0                            LAT/LON1/LON2/DLON/H
  229  232  230  237  235  226  217  205  192  176  162  152  144  140  137  134
  129  122  115  109  105  103  104  104  103  100   94   85   76   70   67   68
   71   75   80   85   90   96  102  107  111  114  116  118  118  117  117  116
  114  111  108  106  108  115  125  135  144  150  154  156  160  164  170  176
  181  189  199  203  210  218  224  240  229                                   
    37.5-180.0 180.0   5.0 450.0                            LAT/LON1/LON2/DLON/H
  236  236  233  241  243  235  227  216  204  187  173  162  155  150  146  142
  136  130  124  119  117  115  114  111  106   99   90   80   71   66   65   67
   72   77   82   86   91   96  101  106  111  115  118  121  121  121  120  119
  117  114  110  108  109  115  124  136  146  153  159  164  170  176  182  188
  193  199  210  214  220  228  235  251  236                                   
    35.0-180.0 180.0   5.0 450.0                            LAT/LON1/LON2/DLON/H
  242  238  234  240  245  239  231  222  212  197  183  173  166  161  156  151
  145  139  134  130  128  124  118  109   98   88   78   69   63   60   62   67
   74   80   85   88   92   96  101  106  111  117  121  123  123  122  120  118
  116  112  108  104  105  110  121  133  146  156  165  174  183  192  201  207
  211  217  226  230  233  240  247  263  242                                   
    32.5-180.0 180.0   5.0 450.0                            LAT/LON1/LON2/DLON/H
  250  244  240  242  247  242  234  227  219  206  194  184  178  172  167  161
  155  149  144  139  134  126  112   97   81   70   62   57   56   57   62   70
   79   86   90   94   97  101  105  110  115  120  124  126  125  122  118  115
  112  107  102   98   98  104  116  131  147  161  174  186  199  212  223  232
  236  242  250  252  253  256  262  278  250                                   
    30.0-180.0 180.0   5.0 450.0                            LAT/LON1/LON2/DLON/H
  268  261  255  254  257  251  244  237  231  219  208  199  192  185  178  171
  163  156  150  143  134  119  100   80   63   53   50   52   56   62   71   81
   90   97  101  104  107  110  114  118  123  127  130  129  126  121  116  111
  107  102   96   92   93  100  114  131  151  169  185  201  217  232  247  258
  265  271  280  280  279  279  282  297  268                                   
    27.5-180.0 180.0   5.0 450.0                            LAT/LON1/LON2/DLON/H
  296  292  282  279  278  272  265  258  251  240  229  219  209  200  190  180
  169  160  151  140  127  108   86   65   50   45   49   57   68   79   89   99
  107  114  118  120  123  125  128  131  134  136  137  134  128  121  114  109
  104   99   93   90   91  100  116  137  159  180  199  217  234  252  269  284
  295  304  313  311  310  308  306  321  296                                   
    25.0-180.0 180.0   5.0 450.0                            LAT/LON1/LON2/DLON/H
  334  334  322  316  314  308  301  293  285  272  259  246  233  219  204  189
  174  161  147  133  117   98   77   60   51   52   62   77   93  107  118  125
  131  135  137  139  141  143  145  147  148  148  145  140  132  123  116  110
  105   99   94   91   93  104  122  145  170  192  212  230  247  265  285  305
  321  335  345  344  344  341  335  350  334                                   
    22.5-180.0 180.0   5.0 450.0                            LAT/LON1/LON2/DLON/H
  379  384  371  365  362  356  351  341  331  317  301  284  265  244  222  200
  180  160  142  125  109   94   80   71   69   76   92  112  132  145  153  155
  156  156  156  157  158  160  161  162  161  159  155  147  137  128  120  113
  108  102   97   93   96  107  126  151  176  198  218  234  251  270  293  318
  341  360  374  374  377  376  368  383  379                                   
    20.0-180.0 180.0   5.0 450.0                            LAT/LON1/LON2/DLON/H
  425  438  426  420  416  414  410  400  389  373  353  331  306  276  246  216
  188  163  140  122  110  102   99   99  105  118  137  159  177  186  187  183
  177  172  169  169  170  172  173  174  173  169  163  154  143  133  124  118
  112  105   98   95   97  108  127  151  175  196  215  230  247  267  293  323
  353  377  395  399  406  409  402  417  425                                   
    17.5-180.0 180.0   5.0 450.0                            LAT/LON1/LON2/DLON/H
  468  489  479  476  472  472  471  463  453  435  414  387  354  317  276  238
  203  172  147  130  124  126  135  145  157  173  191  208  220  222  215  203
  191  182  176  175  176  178  181  182  181  177  169  159  148  138  129  121
  114  106   99   94   97  107  125  146  168  188  206  221  238  261  290  324
  359  388  410  417  429  436  436  449  468                                   
    15.0-180.0 180.0   5.0 450.0                            LAT/LON1/LON2/DLON/H
  503  532  526  526  524  526  527  522  513  497  475  446  409  364  315  269
  228  193  168  154  155  168  188  206  220  232  242  250  252  245  231  213
  197  185  178  176  177  181  184  186  186  182  174  164  152  141  132  123
  115  106   98   93   95  105  121  141  160  178  195  212  231  256  288  326
  363  396  420  431  447  458  465  477  503                                   
    12.5-180.0 180.0   5.0 450.0                            LAT/LON1/LON2/DLON/H
  531  565  563  566  567  572  574  571  564  550  531  503  464  414  360  308
  263  228  204  196  205  227  253  273  283  284  282  277  269  255  236  216
  198  185  177  175  177  181  185  188  188  184  177  166  155  143  133  123
  113  104   95   91   93  102  118  135  153  170  187  205  228  255  290  330
  369  402  427  441  461  475  488  499  531                                   
    10.0-180.0 180.0   5.0 450.0                            LAT/LON1/LON2/DLON/H
  551  587  588  594  598  604  606  604  599  589  573  548  512  462  406  353
  308  275  256  253  268  294  320  334  332  318  300  283  267  251  233  215
  199  186  178  176  177  181  185  188  188  184  177  167  155  143  132  120
  110   99   91   87   90   99  114  130  147  163  181  202  228  260  297  337
  376  408  432  449  469  486  504  516  551                                   
     7.5-180.0 180.0   5.0 450.0                            LAT/LON1/LON2/DLON/H
  563  598  602  609  617  622  623  621  618  611  599  579  547  502  449  398
  357  329  315  317  333  355  372  372  355  326  295  270  253  240  228  215
