data/edconvlstm_nd/pred0250.15i
     1.0            IONOSPHERE MAPS     GNSS                IONEX VERSION / TYPE
pyspatialgeodesy        IME             05-JAN-18 20:20     PGM / RUN BY / DATE 
Map Name                                                    COMMENT             
Predicted global ionosphere maps (GIM).                     DESCRIPTION         
  2015     1    25     0     0     0                        EPOCH OF FIRST MAP  
  2015     1    26     0     0     0                        EPOCH OF LAST MAP   
  7200                                                      INTERVAL            
    13                                                      # OF MAPS IN FILE   
  NONE                                                      MAPPING FUNCTION    
10.0                                                        ELEVATION CUTOFF    
One-way carrier phase leveled to code                       OBSERVABLES USED    
  6371.0                                                    BASE RADIUS         
 2                                                          MAP DIMENSION       
   450.0 450.0   0.0                                        HGT1 / HGT2 / DHGT  
    87.5 -87.5  -2.5                                        LAT1 / LAT2 / DLAT  
  -180.0 180.0   5.0                                        LON1 / LON2 / DLON  
    -1                                                      EXPONENT            
                                                            END OF HEADER       
[from data line 4290]
    11                                                      START OF TEC MAP    
  2015     1    25    20     0     0                        EPOCH OF CURRENT MAP
    87.5-180.0 180.0   5.0 450.0                            LAT/LON1/LON2/DLON/H
   73   70   61   63   66   63   64   61   63   67   68   71   74   77   79   82
   84   86   88   89   90   91   91   92   92   92   92   92   91   91   91   90
   90   89   88   88   87   86   86   85   84   83   82   82   81   80   79   79
   78   77   76   76   75   74   73   72   71   70   69   68   66   65   64   62
   61   59   55   51   55   55   75   83   73                                   
    85.0-180.0 180.0   5.0 450.0                            LAT/LON1/LON2/DLON/H
   72   64   71   52   52   55   55   57   59   64   65   69   73   76   80   83
   86   89   91   93   94   95   96   96   96   96   96   95   95   94   93   93
   92   91   90   89   88   86   85   84   83   82   80   79   78   78   77   76
   75   75   74   74   73   72   72   71   70   69   68   66   65   64   62   60
   59   56   51   47   51   52   60   56   72                                   
    82.5-180.0 180.0   5.0 450.0                            LAT/LON1/LON2/DLON/H
   48   46   47   38   42   45   48   49   53   58   63   68   73   79   84   89
   92   96   98  100  101  101  101  101  100   99   98   97   96   94   93   92
   91   89   88   87   85   84   82   80   78   77   75   74   72   72   71   70
   70   70   69   69   69   69   69   68   68   67   66   64   63   61   59   57
   55   51   46   43   48   56   51   49   48                                   
    80.0-180.0 180.0   5.0 450.0                            LAT/LON1/LON2/DLON/H
   21   24   32   25   29   28   34   38   44   52   59   67   74   82   88   94
   99  102  104  105  105  104  103  101   99   96   94   92   90   88   87   85
   84   83   81   79   78   76   74   71   69   67   65   63   62   61   61   60
   61   61   62   62   63   63   64   63   63   62   61   60   58   56   54   51
   49   46   41   40   40   44   37   43   21                                   
    77.5-180.0 180.0   5.0 450.0                            LAT/LON1/LON2/DLON/H
   30   27   27   22   27   27   34   40   48   56   66   77   87   97  105  112
  117  120  121  121  119  117  113  109  105  101   97   94   91   89   87   85
   84   83   81   79   77   75   73   70   67   64   61   59   57   56   56   56
   57   58   60   62   63   64   65   66   66   65   64   63   61   59   57   54
   51   48   44   41   40   40   37   44   30                                   
    75.0-180.0 180.0   5.0 450.0                            LAT/LON1/LON2/DLON/H
   25   27   27   25   30   33   40   47   57   69   80   93  104  115  124  130
  135  137  136  133  129  123  117  110  104   98   93   88   85   82   80   79
   77   76   75   74   72   70   67   64   61   58   55   53   51   51   51   52
   53   55   57   59   61   63   64   65   65   65   64   63   62   61   59   58
   56   55   52   48   47   44   40   38   25                                   
    72.5-180.0 180.0   5.0 450.0                            LAT/LON1/LON2/DLON/H
   44   42   40   43   44   48   57   64   73   85   98  111  124  135  144  151
  154  154  151  146  138  129  119  110  101   93   86   81   76   73   70   69
   68   67   66   66   64   63   60   58   54   51   48   46   44   44   44   45
   47   49   52   54   56   58   59   60   60   60   60   59   59   59   59   58
   58   58   56   51   49   49   47   51   44                                   
    70.0-180.0 180.0   5.0 450.0                            LAT/LON1/LON2/DLON/H
   52   53   54   57   60   66   72   82   94  107  120  133  146  156  165  170
  172  170  165  158  147  136  124  112  101   92   83   76   71   67   63   61
   60   59   58   57   56   55   53   51   49   46   43   41   40   40   40   42
   44   46   48   50   52   53   54   54   53   53   53   53   53   54   56   57
   58   59   61   59   59   60   62   66   52                                   
    67.5-180.0 180.0   5.0 450.0                            LAT/LON1/LON2/DLON/H
   69   69   70   75   80   87   95  105  116  128  141  154  166  176  184  188
  189  187  180  171  158  144  130  117  104   93   83   75   68   62   58   54
   52   50   49   48   48   47   46   44   43   41   40   39   38   38   39   40
   41   43   45   46   48   48   48   47   46   46   46   46   47   49   51   53
   55   58   60   59   58   63   63   68   69                                   
    65.0-180.0 180.0   5.0 450.0                            LAT/LON1/LON2/DLON/H
   73   76   78   87   93  102  111  122  133  146  158  170  180  190  197  201
  202  200  193  182  169  154  139  124  110   98   87   78   70   62   56   50
   45   42   39   38   37   37   36   36   35   35   35   35   35   36   37   37
   38   40   41   41   42   41   40   39   38   37   37   38   39   41   43   46
   49   52   55   57   59   65   67   74   73                                   
    62.5-180.0 180.0   5.0 450.0                            LAT/LON1/LON2/DLON/H
   76   80   84   95  104  115  126  138  149  161  172  182  192  201  208  213
  215  213  206  196  182  167  151  136  122  109   97   87   77   67   58   50
   43   37   33   30   29   28   28   29   30   31   33   34   35   36   37   37
   37   37   38   38   38   37   36   34   33   32   32   33   34   36   38   40
   42   45   48   49   50   57   60   68   76                                   
    60.0-180.0 180.0   5.0 450.0                            LAT/LON1/LON2/DLON/H
   73   79   85   99  110  123  136  149  161  172  182  191  200  208  215  221
  224  223  218  208  195  179  164  148  134  122  110   99   88   77   66   55
   45   36   30   26   24   23   23   24   26   29   32   35   37   38   38   37
   36   36   35   35   35   34   33   32   31   30   30   31   32   33   35   36
   36   37   39   40   42   49   53   63   73                                   
    57.5-180.0 180.0   5.0 450.0                            LAT/LON1/LON2/DLON/H
   70   78   87  103  117  131  147  161  173  183  192  199  206  213  220  227
  231  232  228  219  206  191  176  161  148  136  125  115  103   91   78   65
   53   42   35   29   26   25   25   26   29   32   37   40   43   44   43   41
   39   37   36   36   36   35   35   34   33   33   33   34   35   35   36   36
   35   35   35   35   36   43   47   58   70                                   
    55.0-180.0 180.0   5.0 450.0                            LAT/LON1/LON2/DLON/H
   72   83   93  110  126  142  158  173  186  195  202  207  211  217  224  231
  237  238  235  227  214  200  185  171  159  148  139  129  118  106   92   78
   64   53   44   38   35   33   33   34   36   40   45   49   52   52   50   47
   44   41   40   40   40   41   41   40   40   40   40   41   41   41   41   39
   37   36   35   34   35   41   45   57   72                                   
    52.5-180.0 180.0   5.0 450.0                            LAT/LON1/LON2/DLON/H
   80   92  104  121  139  156  172  188  199  207  212  215  217  220  226  233
  239  241  238  230  218  205  191  178  167  158  149  141  131  120  106   91
   77   65   57   52   49   47   46   47   49   53   57   61   64   64   61   56
   52   49   48   48   49   50   51   50   50   50   50   50   49   49   48   46
   43   42   41   40   40   46   50   62   80                                   
    50.0-180.0 180.0   5.0 450.0                            LAT/LON1/LON2/DLON/H
   94  108  122  139  156  173  189  204  215  222  225  225  225  226  230  236
  241  243  240  232  221  208  196  185  175  166  158  150  141  130  116  102
   88   78   71   67   66   65   64   64   65   68   72   76   78   77   73   68
   64   61   60   60   61   63   63   63   62   61   60   59   58   57   56   54
   52   51   50   51   51   57   62   73   94                                   
    47.5-180.0 180.0   5.0 450.0                            LAT/LON1/LON2/DLON/H
  111  126  142  158  175  191  206  221  231  238  240  238  235  234  236  240
  243  244  240  232  222  212  202  192  183  174  166  157  147  135  121  107
   95   86   82   81   82   83   83   82   83   84   87   90   92   90   86   81
   77   74   73   74   76   77   76   75   73   70   68   66   64   63   62   61
   59   60   61   63   65   72   79   88  111                                   
    45.0-180.0 180.0   5.0 450.0                            LAT/LON1/LON2/DLON/H
  128  143  160  176  192  207  221  236  246  254  255  253  249  245  245  246
  248  246  242  234  226  218  210  202  193  183  173  162  150  136  121  106
   95   89   88   91   95   98   99   99   98   99  101  103  104  103   99   94
   90   88   87   88   89   90   88   85   82   78   74   71   69   67   66   66
   65   66   69   73   78   87   96  104  128                                   
    42.5-180.0 180.0   5.0 450.0                            LAT/LON1/LON2/DLON/H
  139  155  173  188  204  218  232  246  257  267  270  269  264  260  258  257
  256  252  247  240  234  228  222  215  205  193  180  165  150  133  116  101
   91   87   89   95  103  109  111  112  111  111  112  113  114  112  109  104
  101   99   99   99  100   99   97   92   87   82   77   73   71   69   68   68
   67   69   73   79   87   98  109  119  139                                   
    40.0-180.0 180.0   5.0 450.0                            LAT/LON1/LON2/DLON/H
  142  159  177  193  209  223  236  251  264  276  282  283  280  276  273  271
  268  263  257  251  246  242  238  230  219  204  187  169  149  130  111   96
   86   84   88   97  107  115  120  121  120  119  119  120  120  118  115  111
  108  106  105  105  105  104  100   96   90   84   78   74   71   69   68   68
   67   69   73   79   88  102  115  127  142                                   
    37.5-180.0 180.0   5.0 450.0                            LAT/LON1/LON2/DLON/H
  139  156  175  193  209  223  237  252  267  281  291  296  295  293  290  287
  283  278  271  266  262  258  253  244  231  213  194  173  152  131  111   96
   87   86   92  102  112  121  126  127  127  125  125  124  123  121  117  113
  110  107  106  105  105  103  100   96   90   84   79   75   72   70   68   67
   65   65   68   75   83   99  112  129  139                                   
    35.0-180.0 180.0   5.0 450.0                            LAT/LON1/LON2/DLON/H
  135  152  173  191  209  222  237  252  268  284  297  305  308  307  306  303
  299  293  287  281  277  272  265  255  240  221  201  181  160  140  122  107
   99   99  104  113  123  130  134  134  133  131  129  127  125  122  118  113
  108  104  102  100  100  100   98   94   89   84   79   76   73   71   69   66
   63   61   63   68   75   91  105  126  135                                   
    32.5-180.0 180.0   5.0 450.0                            LAT/LON1/LON2/DLON/H
  132  152  174  194  213  226  240  254  271  288  302  312  317  319  318  316
  313  307  301  294  288  281  271  259  244  227  211  195  178  162  147  135
  128  126  130  135  141  144  145  143  140  137  134  131  128  123  117  111
  105   99   95   94   94   95   95   93   89   84   81   78   76   73   71   68
   62   59   59   62   68   84   99  123  132                                   
    30.0-180.0 180.0   5.0 450.0                            LAT/LON1/LON2/DLON/H
  137  160  184  203  225  236  250  262  277  293  307  318  324  327  327  326
  323  318  311  303  293  282  270  257  245  234  225  217  208  198  188  178
  172  169  169  169  167  164  160  155  150  146  141  137  132  126  119  111
  102   95   90   88   90   93   95   94   91   87   84   82   80   77   75   71
   65   62   60   62   68   83   99  124  137                                   
    27.5-180.0 180.0   5.0 450.0                            LAT/LON1/LON2/DLON/H
  152  177  204  222  245  255  267  276  288  302  315  325  331  333  334  332
  329  324  316  305  292  278  264  253  246  245  246  249  249  247  242  236
  230  225  219  211  201  189  178  168  161  155  151  145  139  132  123  114
  104   95   89   88   91   96  100  100   97   93   89   86   84   82   80   77
   72   69   68   70   76   91  108  132  152                                   
    25.0-180.0 180.0   5.0 450.0                            LAT/LON1/LON2/DLON/H
  176  203  232  250  273  282  292  297  305  315  326  334  339  341  340  339
  335  329  319  305  288  271  258  252  254  263  276  290  300  305  305  301
  295  287  274  256  235  214  196  182  173  166  161  156  149  141  132  121
  110  100   94   93   97  104  108  108  104   99   94   91   88   85   84   83
   80   81   80   84   91  107  125  147  176                                   
    22.5-180.0 180.0   5.0 450.0                            LAT/LON1/LON2/DLON/H
  205  234  264  282  306  315  323  324  328  334  341  347  351  352  351  348
  344  336  323  306  287  269  259  260  271  292  316  338  356  366  369  366
  358  344  323  296  265  235  211  194  183  176  171  166  160  152  142  131
  120  110  104  103  108  116  120  119  113  105   99   94   90   87   86   87
   88   92   94  101  110  128  148  167  205                                   
    20.0-180.0 180.0   5.0 450.0                            LAT/LON1/LON2/DLON/H
  233  263  294  313  340  349  356  355  357  359  364  368  370  371  369  365
  359  349  334  315  295  279  273  282  303  332  364  392  412  423  425  419
  406  385  357  321  284  249  222  203  191  184  180  175  170  162  153  143
  133  123  117  117  122  129  133  130  121  111  102   95   89   86   86   89
   93  101  106  116  128  147  170  187  233                                   
    17.5-180.0 180.0   5.0 450.0                            LAT/LON1/LON2/DLON/H
  253  285  316  338  367  379  388  386  387  389  392  396  398  398  396  391
  383  371  355  336  316  304  305  321  349  384  418  445  461  466  462  448
  428  401  368  329  289  254  226  208  196  190  186  182  177  170  162  154
  145  136  131  131  136  142  144  138  127  114  103   95   88   83   84   89
   95  107  113  126  141  160  187  203  253                                   
    15.0-180.0 180.0   5.0 450.0                            LAT/LON1/LON2/DLON/H
  262  295  328  353  385  400  413  414  417  420  424  430  434  435  432  427
  418  405  389  370  353  346  353  375  407  443  472  491  496  491  476  454
  426  394  359  322  285  253  229  212  201  195  190  186  181  175  168  161
  154  147  143  143  147  151  151  144  131  116  104   95   87   82   83   88
   96  109  117  130  146  167  195  213  262                                   
    12.5-180.0 180.0   5.0 450.0                            LAT/LON1/LON2/DLON/H
  259  296  331  358  393  412  429  435  442  448  457  466  472  476  475  469
  461  448  433  417  404  402  414  439  471  501  520  524  516  497  472  441
  408  374  340  307  278  253  234  220  209  201  195  189  183  177  171  165
  159  154  150  150  153  156  154  145  132  117  105   95   88   84   84   89
   97  109  118  129  146  168  197  216  259                                   
    10.0-180.0 180.0   5.0 450.0                            LAT/LON1/LON2/DLON/H
  250  290  327  355  393  416  438  448  461  473  486  498  509  515  516  513
  506  496  483  471  464  466  481  505  532  550  554  543  521  492  458  422
  385  351  321  296  275  258  245  233  222  212  202  194  186  179  171  165
  160  156  153  152  154  155  152  144  131  117  106   98   92   88   88   92
   99  110  118  127  144  166  195  216  250                                   
     7.5-180.0 180.0   5.0 450.0                            LAT/LON1/LON2/DLON/H
  242  284  322  350  389  415  442  457  475  491  508  525  538  547  552  551
  547  541  533  526  523  528  542  561  577  582  572  548  517  483  446  407
