data/edconvlstm_nd/pred0980.15i
     1.0            IONOSPHERE MAPS     GNSS                IONEX VERSION / TYPE
pyspatialgeodesy        IME             05-JAN-18 20:20     PGM / RUN BY / DATE 
Map Name                                                    COMMENT             
Predicted global ionosphere maps (GIM).                     DESCRIPTION         
  2015     4     8     0     0     0                        EPOCH OF FIRST MAP  
  2015     4     9     0     0     0                        EPOCH OF LAST MAP   
  7200                                                      INTERVAL            
    13                                                      # OF MAPS IN FILE   
  NONE                                                      MAPPING FUNCTION    
10.0                                                        ELEVATION CUTOFF    
One-way carrier phase leveled to code                       OBSERVABLES USED    
  6371.0                                                    BASE RADIUS         
 2                                                          MAP DIMENSION       
   450.0 450.0   0.0                                        HGT1 / HGT2 / DHGT  
    87.5 -87.5  -2.5                                        LAT1 / LAT2 / DLAT  
  -180.0 180.0   5.0                                        LON1 / LON2 / DLON  
    -1                                                      EXPONENT            
                                                            END OF HEADER       
[from data line 5148]
    13                                                      START OF TEC MAP    
  2015     4     9     0     0     0                        EPOCH OF CURRENT MAP
    87.5-180.0 180.0   5.0 450.0                            LAT/LON1/LON2/DLON/H
  182  191  201  191  191  193  192  193  194  194  196  197  197  198  198  198
  198  198  198  197  197  196  195  194  193  192  190  189  188  187  187  186
  185  185  184  184  184  184  184  184  184  185  185  185  185  185  185  185
  185  185  185  185  184  184  184  184  183  183  183  182  182  182  181  181
  181  182  183  184  183  180  182  200  182                                   
    85.0-180.0 180.0   5.0 450.0                            LAT/LON1/LON2/DLON/H
  198  197  191  193  201  203  203  204  206  207  209  210  211  212  212  212
  212  212  211  210  208  207  205  203  201  198  196  194  192  190  189  187
  186  185  184  184  184  184  184  185  185  186  186  187  187  187  188  188
  188  188  188  188  188  187  187  188  188  188  188  188  188  187  187  188
  188  189  191  193  186  188  192  202  198                                   
    82.5-180.0 180.0   5.0 450.0                            LAT/LON1/LON2/DLON/H
  193  193  194  196  203  205  205  208  212  214  216  219  221  222  223  223
  222  221  219  217  214  211  207  203  199  195  191  188  184  181  178  176
  174  173  172  172  172  172  173  173  174  175  176  177  177  178  178  178
  179  179  179  180  180  181  182  182  183  185  186  187  187  188  189  190
  190  191  192  192  189  179  186  188  193                                   
    80.0-180.0 180.0   5.0 450.0                            LAT/LON1/LON2/DLON/H
  188  191  188  189  196  202  206  212  217  220  224  228  231  233  234  234
  233  231  228  224  219  214  208  202  196  190  184  178  173  169  165  162
  160  159  158  158  158  159  160  161  163  164  165  166  166  167  167  168
  168  168  169  170  171  173  174  177  179  181  184  186  188  189  191  192
  192  192  192  190  192  183  191  196  188                                   
    77.5-180.0 180.0   5.0 450.0                            LAT/LON1/LON2/DLON/H
  193  189  187  191  195  199  207  214  220  225  230  236  240  243  244  244
  242  239  234  228  222  214  206  198  190  182  175  168  162  157  152  149
  147  146  146  146  147  148  150  151  152  153  154  154  155  155  155  155
  155  156  157  159  161  163  167  170  175  179  183  187  190  193  195  197
  197  198  197  194  195  192  196  206  193                                   
    75.0-180.0 180.0   5.0 450.0                            LAT/LON1/LON2/DLON/H
  204  196  193  197  199  202  207  214  221  226  232  238  243  245  246  245
  242  238  232  225  218  209  200  191  182  174  165  158  151  146  142  139
  137  137  137  138  138  139  140  141  142  142  142  141  141  141  141  141
  141  142  143  146  149  153  157  163  169  175  181  187  192  196  199  202
  202  203  204  196  197  200  203  216  204                                   
    72.5-180.0 180.0   5.0 450.0                            LAT/LON1/LON2/DLON/H
  208  207  205  205  205  206  210  216  223  227  233  239  242  244  243  241
  236  230  224  216  208  200  191  182  173  164  156  148  142  137  133  131
  130  129  129  130  130  130  129  129  128  127  126  125  124  123  123  123
  124  125  127  130  134  139  145  152  160  168  176  184  190  196  201  204
  205  207  209  204  203  206  212  229  208                                   
    70.0-180.0 180.0   5.0 450.0                            LAT/LON1/LON2/DLON/H
  221  219  217  218  215  214  216  220  226  230  235  240  242  242  239  235
  229  222  215  208  201  193  186  177  169  160  152  144  138  134  130  128
  127  127  126  125  124  122  120  117  115  113  111  109  108  107  107  108
  109  111  114  118  123  129  136  145  154  164  174  184  192  198  204  208
  210  212  215  211  214  220  225  241  221                                   
    67.5-180.0 180.0   5.0 450.0                            LAT/LON1/LON2/DLON/H
  233  234  231  231  226  223  222  224  229  232  236  240  241  239  235  228
  222  215  208  203  197  191  185  177  169  160  151  144  138  133  130  128
  126  124  122  119  115  112  108  104  101   98   95   93   92   92   92   93
   96   99  103  108  114  122  131  141  152  164  175  186  195  202  208  212
  214  216  218  216  220  228  234  251  233                                   
    65.0-180.0 180.0   5.0 450.0                            LAT/LON1/LON2/DLON/H
  243  244  241  240  235  229  226  226  230  232  235  238  238  235  230  224
  217  211  207  203  200  195  190  182  173  164  155  147  140  135  132  129
  125  122  118  112  107  102   97   92   88   85   83   81   81   81   82   84
   87   91   96  103  111  119  129  141  153  167  180  192  201  209  214  217
  218  220  222  220  224  233  242  259  243                                   
    62.5-180.0 180.0   5.0 450.0                            LAT/LON1/LON2/DLON/H
  251  252  249  247  242  234  228  227  229  231  234  236  236  233  228  223
  218  214  212  211  209  206  200  192  182  171  161  152  145  139  134  130
  126  120  114  107  100   94   88   84   81   78   77   76   75   76   77   80
   83   88   95  103  112  122  133  145  159  173  187  200  210  218  223  226
  225  226  228  226  228  236  245  264  251                                   
    60.0-180.0 180.0   5.0 450.0                            LAT/LON1/LON2/DLON/H
  258  259  257  254  249  239  231  228  228  228  230  232  232  231  228  225
  223  222  223  223  222  219  212  203  191  179  168  158  150  143  138  132
  126  119  111  103   96   90   86   82   80   79   78   78   77   77   78   81
   84   90   97  106  116  126  138  152  166  181  196  209  220  228  233  237
  236  236  238  235  235  240  249  267  258                                   
    57.5-180.0 180.0   5.0 450.0                            LAT/LON1/LON2/DLON/H
  268  270  267  263  259  248  238  232  230  228  228  229  229  229  229  229
  231  233  235  236  235  230  223  212  200  187  175  165  156  149  143  136
  128  120  111  104   97   92   89   87   87   86   86   85   85   84   84   86
   89   94  102  111  121  133  145  159  173  189  204  218  231  240  247  251
  251  252  253  250  246  248  255  274  268                                   
    55.0-180.0 180.0   5.0 450.0                            LAT/LON1/LON2/DLON/H
  282  285  281  278  274  262  251  243  237  232  228  227  227  227  230  233
  238  242  245  246  243  238  229  219  207  195  184  174  165  158  150  142
  133  124  115  108  103  100   99   98   99   99   99   98   97   95   95   95
   97  101  108  117  128  139  152  166  181  196  212  227  241  253  262  269
  271  273  275  270  265  263  269  287  282                                   
    52.5-180.0 180.0   5.0 450.0                            LAT/LON1/LON2/DLON/H
  302  307  302  299  295  284  273  261  252  241  234  229  227  227  231  237
  243  248  250  250  247  241  233  224  214  204  195  185  177  168  160  150
  140  131  123  117  113  112  112  113  114  115  115  113  112  109  107  106
  106  109  115  124  134  146  159  172  187  202  218  235  250  264  276  287
  293  298  301  296  290  286  290  306  302                                   
    50.0-180.0 180.0   5.0 450.0                            LAT/LON1/LON2/DLON/H
  326  334  330  326  321  312  301  287  274  258  246  236  231  231  234  240
  246  250  251  249  246  241  235  230  223  216  208  199  190  180  170  159
  149  139  131  127  125  126  127  129  130  130  130  128  126  124  121  119
  118  119  124  131  141  153  166  179  192  207  223  239  255  271  286  300
  311  321  327  323  320  315  317  331  326                                   
    47.5-180.0 180.0   5.0 450.0                            LAT/LON1/LON2/DLON/H
  351  363  360  357  351  344  335  319  303  283  265  251  242  239  241  245
  248  250  249  246  243  241  239  237  235  230  223  213  202  191  178  166
  154  145  138  136  136  138  140  141  142  142  142  141  139  137  135  132
  130  130  133  139  149  161  173  186  198  211  225  241  256  272  288  305
  320  335  346  346  347  343  347  357  351                                   
    45.0-180.0 180.0   5.0 450.0                            LAT/LON1/LON2/DLON/H
  374  389  388  386  379  374  367  353  336  313  292  274  261  255  253  253
  253  251  249  246  244  245  247  249  248  244  236  224  210  195  181  167
  155  147  141  140  142  146  148  150  150  151  151  151  151  150  148  146
  143  142  143  149  158  170  182  194  205  216  228  241  255  269  284  301
  319  338  353  360  366  365  372  380  374                                   
    42.5-180.0 180.0   5.0 450.0                            LAT/LON1/LON2/DLON/H
  390  408  408  407  400  396  391  380  365  344  322  302  287  278  272  267
  263  258  254  252  252  256  260  263  263  256  244  228  209  192  176  162
  151  144  140  141  145  150  153  155  156  157  158  159  160  161  161  159
  157  154  155  159  168  180  193  204  214  224  233  243  254  265  277  293
  312  333  352  364  374  376  388  397  390                                   
    40.0-180.0 180.0   5.0 450.0                            LAT/LON1/LON2/DLON/H
  401  419  419  417  411  406  402  395  384  367  349  332  317  306  297  288
  279  272  267  267  270  275  279  280  274  262  244  223  201  182  166  154
  145  139  138  141  147  153  157  160  161  163  166  168  170  172  173  172
  169  166  165  168  177  189  203  214  223  231  239  246  254  262  273  286
  303  324  345  360  373  380  397  409  401                                   
    37.5-180.0 180.0   5.0 450.0                            LAT/LON1/LON2/DLON/H
  410  426  424  420  415  409  404  400  394  383  370  358  347  336  324  312
  301  292  288  290  295  298  298  292  280  261  237  212  189  171  158  148
  142  138  139  144  152  159  165  168  171  174  177  179  182  183  183  182
  179  175  172  175  183  196  210  221  230  237  244  251  258  265  274  286
  301  321  341  357  370  381  403  420  410                                   
    35.0-180.0 180.0   5.0 450.0                            LAT/LON1/LON2/DLON/H
  425  436  433  424  419  411  403  400  397  392  385  379  372  363  351  337
  324  316  314  317  321  320  313  298  278  253  227  202  181  166  157  151
  147  146  148  154  163  172  179  184  187  190  193  194  194  193  192  189
  185  180  176  177  185  198  212  224  234  241  249  258  267  276  286  298
  312  329  348  361  374  387  411  435  425                                   
    32.5-180.0 180.0   5.0 450.0                            LAT/LON1/LON2/DLON/H
  451  458  453  441  434  423  411  406  404  402  399  398  394  387  375  360
  346  339  338  341  341  334  318  296  270  244  220  198  183  173  168  166
  164  164  167  173  183  193  201  206  209  212  212  211  207  203  198  194
  187  181  175  176  183  196  211  225  236  246  255  267  280  294  307  322
  337  353  369  378  391  404  428  457  451                                   
    30.0-180.0 180.0   5.0 450.0                            LAT/LON1/LON2/DLON/H
  494  496  491  480  471  458  441  431  426  423  421  420  417  409  396  380
  365  357  355  355  350  336  314  288  263  240  222  207  198  194  194  194
  195  194  196  202  211  220  228  233  235  235  232  227  219  210  202  195
  187  179  173  172  179  193  209  225  238  249  262  277  295  314  333  351
  370  387  400  406  422  435  456  490  494                                   
    27.5-180.0 180.0   5.0 450.0                            LAT/LON1/LON2/DLON/H
  552  549  552  547  539  524  502  486  474  465  459  453  447  436  419  400
  382  370  364  359  347  328  304  280  260  246  236  230  227  228  231  234
  235  233  233  236  243  251  256  259  258  255  249  240  228  215  204  194
  185  177  171  170  176  190  207  224  239  253  268  287  309  333  357  380
  403  422  434  440  461  475  497  536  552                                   
    25.0-180.0 180.0   5.0 450.0                            LAT/LON1/LON2/DLON/H
  623  611  629  640  636  622  596  572  552  535  519  505  490  471  448  423
  399  381  367  354  336  314  292  275  265  262  261  263  266  270  275  278
  277  273  270  269  272  277  279  278  274  267  258  245  231  216  203  192
  183  175  170  169  175  188  205  223  241  258  277  300  327  356  384  411
  436  456  468  476  503  520  549  594  623                                   
    22.5-180.0 180.0   5.0 450.0                            LAT/LON1/LON2/DLON/H
  702  678  709  742  745  736  712  683  656  630  603  577  551  522  489  455
  423  395  371  348  324  303  286  279  280  286  294  301  306  310  313  314
  311  304  298  293  292  292  291  286  278  268  257  243  229  215  202  192
  183  176  171  170  174  186  202  222  243  265  289  317  348  381  412  442
  469  490  503  516  546  563  602  657  702                                   
    20.0-180.0 180.0   5.0 450.0                            LAT/LON1/LON2/DLON/H
  774  739  779  828  842  845  830  805  776  744  708  671  631  590  547  503
  459  419  382  349  320  300  290  292  302  314  326  333  335  335  334  331
  326  320  312  305  300  295  289  281  270  259  247  235  223  211  201  192
  184  177  172  170  173  183  199  222  247  274  303  334  367  401  434  464
  493  515  532  550  579  594  644  709  774                                   
    17.5-180.0 180.0   5.0 450.0                            LAT/LON1/LON2/DLON/H
  813  776  821  879  906  923  923  910  889  860  821  776  728  676  623  568
  512  458  407  363  330  311  307  314  327  340  348  349  344  336  330  326
  322  317  310  302  294  286  277  267  255  244  234  224  215  207  199  192
  185  179  173  170  171  179  197  222  252  284  317  350  383  416  448  477
  505  528  549  571  597  610  666  736  813                                   
    15.0-180.0 180.0   5.0 450.0                            LAT/LON1/LON2/DLON/H
  801  774  824  886  922  951  968  973  967  949  918  875  825  771  712  649
  583  516  451  396  357  337  334  342  352  359  357  345  329  313  304  301
  302  301  296  289  279  269  259  248  237  227  219  213  207  202  197  191
  185  178  173  168  168  176  194  222  256  292  327  362  395  427  456  484
  509  533  558  582  604  617  670  737  801                                   
    12.5-180.0 180.0   5.0 450.0                            LAT/LON1/LON2/DLON/H
  758  747  799  858  894  930  958  979  991  991  974  943  901  853  798  735
  664  588  514  450  404  379  372  373  373  366  346  320  293  273  266  268
  274  279  278  272  262  251  241  231  221  213  206  202  199  196  192  187
  181  175  169  164  163  171  189  218  254  293  331  367  402  433  461  486
  511  535  562  587  607  619  665  720  758                                   
    10.0-180.0 180.0   5.0 450.0                            LAT/LON1/LON2/DLON/H
  715  720  765  811  839  873  904  935  962  979  979  964  939  905  861  806
  740  664  586  516  463  431  413  401  384  356  318  279  248  232  231  241
  254  263  265  259  249  238  228  219  211  203  198  194  191  189  184  179
  172  166  160  155  154  161  180  209  245  285  324  363  399  432  461  485
  509  533  562  588  608  621  657  700  715                                   
     7.5-180.0 180.0   5.0 450.0                            LAT/LON1/LON2/DLON/H
  688  705  736  759  775  799  826  860  895  924  938  940  933  917  890  849
  794  726  651  580  522  479  447  416  378  330  279  237  212  205  215  232
