data/edconvlstm_nd/pred2100.15i
     1.0            IONOSPHERE MAPS     GNSS                IONEX VERSION / TYPE
pyspatialgeodesy        IME             05-JAN-18 20:20     PGM / RUN BY / DATE 
Map Name                                                    COMMENT             
Predicted global ionosphere maps (GIM).                     DESCRIPTION         
  2015     7    29     0     0     0                        EPOCH OF FIRST MAP  
  2015     7    30     0     0     0                        EPOCH OF LAST MAP   
  7200                                                      INTERVAL            
    13                                                      # OF MAPS IN FILE   
  NONE                                                      MAPPING FUNCTION    
10.0                                                        ELEVATION CUTOFF    
One-way carrier phase leveled to code                       OBSERVABLES USED    
  6371.0                                                    BASE RADIUS         
 2                                                          MAP DIMENSION       
   450.0 450.0   0.0                                        HGT1 / HGT2 / DHGT  
    87.5 -87.5  -2.5                                        LAT1 / LAT2 / DLAT  
  -180.0 180.0   5.0                                        LON1 / LON2 / DLON  
    -1                                                      EXPONENT            
                                                            END OF HEADER       
[from data line 1287]
     4                                                      START OF TEC MAP    
  2015     7    29     6     0     0                        EPOCH OF CURRENT MAP
    87.5-180.0 180.0   5.0 450.0                            LAT/LON1/LON2/DLON/H
  113  116  115  119  120  119  117  114  115  117  117  118  118  118  118  118
  117  117  116  116  115  114  113  112  111  110  109  109  108  107  107  106
  106  106  105  105  105  105  105  105  105  106  106  106  106  107  107  107
  108  108  108  108  108  108  108  107  107  107  107  107  106  106  106  106
  107  109  108  108  113  115  120  113  113                                   
    85.0-180.0 180.0   5.0 450.0                            LAT/LON1/LON2/DLON/H
  113  125  123  124  127  127  127  127  127  129  129  130  130  130  130  130
  129  129  128  127  126  124  123  122  121  119  118  117  117  116  115  115
  115  114  114  114  114  114  115  115  115  116  117  117  118  119  119  120
  121  121  121  122  122  122  122  122  122  122  121  121  121  121  120  121
  122  123  119  120  117  120  123  119  113                                   
    82.5-180.0 180.0   5.0 450.0                            LAT/LON1/LON2/DLON/H
  122  127  131  126  127  128  129  129  130  131  131  133  133  133  133  133
  132  131  130  128  126  124  122  121  119  117  116  115  114  113  113  113
  113  113  113  113  114  114  115  116  117  118  119  121  122  124  125  126
  128  129  129  130  130  130  130  130  130  130  129  129  128  128  127  127
  127  127  124  124  126  123  118  112  122                                   
    80.0-180.0 180.0   5.0 450.0                            LAT/LON1/LON2/DLON/H
  126  127  124  122  125  125  126  126  128  129  129  131  131  132  132  131
  130  129  127  125  122  120  117  115  112  110  109  108  107  107  107  107
  107  108  109  110  111  112  113  114  116  118  120  122  124  127  129  131
  133  135  136  137  137  137  137  137  136  136  135  134  133  132  131  131
  130  129  127  127  129  128  128  116  126                                   
    77.5-180.0 180.0   5.0 450.0                            LAT/LON1/LON2/DLON/H
  125  124  121  122  120  123  124  124  126  127  127  129  130  130  131  130
  129  128  126  123  120  117  113  110  107  105  103  102  102  102  103  104
  106  107  109  110  112  113  115  117  119  122  125  128  132  135  139  142
  145  147  148  149  149  149  149  148  147  146  144  143  142  141  139  139
  137  136  131  132  132  127  125  119  125                                   
    75.0-180.0 180.0   5.0 450.0                            LAT/LON1/LON2/DLON/H
  118  121  114  116  114  117  117  116  117  118  118  121  122  123  123  123
  122  120  118  115  112  108  104  100   97   95   93   92   92   93   95   97
  100  102  105  107  109  111  113  115  118  121  125  129  134  139  143  147
  150  152  154  154  154  153  152  151  149  148  146  145  144  143  142  141
  140  138  134  130  130  127  125  119  118                                   
    72.5-180.0 180.0   5.0 450.0                            LAT/LON1/LON2/DLON/H
  115  121  113  113  113  115  114  114  114  115  115  117  118  119  120  120
  119  118  115  112  109  105  101   97   93   91   89   88   89   91   93   97
  101  104  108  111  114  116  118  121  124  127  132  138  143  149  154  158
  161  163  163  163  162  160  158  156  154  152  151  150  149  149  148  148
  147  146  143  139  136  132  128  123  115                                   
    70.0-180.0 180.0   5.0 450.0                            LAT/LON1/LON2/DLON/H
  118  120  114  112  109  109  108  106  106  106  106  108  109  111  112  112
  111  110  108  105  101   97   93   89   86   83   82   81   83   85   89   93
   98  103  107  111  114  116  119  121  125  129  135  141  148  154  160  164
  166  167  166  164  161  158  155  152  150  149  148  148  148  148  149  150
  150  149  146  144  140  136  134  129  118                                   
    67.5-180.0 180.0   5.0 450.0                            LAT/LON1/LON2/DLON/H
  117  120  114  111  108  106  103  101  100   99   98  100  101  103  104  104
  103  102  100   97   93   89   86   82   79   77   76   76   77   80   84   89
   94  100  105  109  112  115  117  120  124  129  135  143  150  157  162  165
  167  166  163  159  155  150  147  144  142  141  140  141  142  144  145  148
  149  148  147  144  141  138  136  131  117                                   
    65.0-180.0 180.0   5.0 450.0                            LAT/LON1/LON2/DLON/H
  121  124  117  114  110  107  103   99   97   95   94   96   97   98   98   98
   97   96   93   90   87   83   80   77   75   73   73   73   75   77   82   87
   92   98  104  108  112  115  118  121  126  132  139  147  155  161  166  168
  168  165  161  155  150  145  140  137  135  135  136  137  139  142  144  147
  149  149  148  146  144  142  141  137  121                                   
    62.5-180.0 180.0   5.0 450.0                            LAT/LON1/LON2/DLON/H
  125  129  123  120  115  111  106  100   97   94   92   93   93   94   94   93
   92   90   87   84   80   77   74   73   71   71   71   72   74   76   80   85
   91   97  103  108  112  116  119  123  129  135  143  152  160  166  170  171
  169  165  159  152  146  140  136  133  132  132  133  135  137  140  143  146
  149  150  149  147  145  145  144  141  125                                   
    60.0-180.0 180.0   5.0 450.0                            LAT/LON1/LON2/DLON/H
  130  135  130  127  122  117  111  104   98   94   91   90   89   89   88   87
   85   82   79   75   72   69   68   67   67   68   69   70   72   75   78   83
   88   94  100  106  111  116  120  125  131  139  147  156  164  170  172  172
  169  164  157  150  144  139  135  132  131  132  133  135  137  140  142  145
  148  148  148  147  145  146  146  143  130                                   
    57.5-180.0 180.0   5.0 450.0                            LAT/LON1/LON2/DLON/H
  136  142  139  137  132  127  120  111  103   97   91   89   87   85   83   81
   78   75   72   68   65   63   61   62   63   65   68   70   72   75   78   81
   86   92   99  105  112  118  123  130  137  145  154  162  170  174  176  175
  172  166  160  154  149  144  141  138  137  137  138  139  141  143  145  147
  149  149  149  147  146  147  147  146  136                                   
    55.0-180.0 180.0   5.0 450.0                            LAT/LON1/LON2/DLON/H
  142  150  148  147  144  139  130  119  110  101   93   88   84   80   77   74
   72   69   65   62   59   57   56   57   60   63   67   70   73   75   77   80
   85   91   98  106  114  121  128  136  144  152  161  169  176  180  181  180
  176  172  167  162  158  155  152  149  147  146  146  147  147  148  149  150
  151  151  150  149  148  148  149  147  142                                   
    52.5-180.0 180.0   5.0 450.0                            LAT/LON1/LON2/DLON/H
  147  157  157  158  156  151  142  130  118  106   96   89   82   76   71   68
   66   64   61   59   56   54   54   55   58   63   67   71   74   76   78   80
   85   91   99  108  117  127  136  144  153  161  169  177  183  186  187  187
  184  181  178  175  172  169  166  163  160  158  156  155  155  155  155  156
  156  155  154  152  150  151  151  149  147                                   
    50.0-180.0 180.0   5.0 450.0                            LAT/LON1/LON2/DLON/H
  152  162  164  167  167  163  154  141  128  114  101   91   81   73   67   64
   63   62   61   59   57   55   55   57   60   65   70   74   77   78   80   82
   86   92  101  112  123  134  144  154  163  171  179  186  191  194  196  196
  195  194  192  190  188  185  182  177  173  168  165  163  163  162  162  162
  162  161  160  158  156  155  154  152  152                                   
    47.5-180.0 180.0   5.0 450.0                            LAT/LON1/LON2/DLON/H
  155  165  168  172  175  172  164  151  138  123  109   96   83   73   66   62
   62   63   64   64   62   61   61   63   66   70   74   78   81   82   83   85
   89   95  105  117  130  142  154  164  173  181  189  195  199  203  205  207
  208  208  208  207  205  201  196  190  184  178  173  170  169  168  169  170
  170  170  168  166  163  161  159  156  155                                   
    45.0-180.0 180.0   5.0 450.0                            LAT/LON1/LON2/DLON/H
  157  166  169  174  178  176  170  159  146  132  117  103   88   76   67   64
   64   67   70   72   72   71   71   72   75   78   82   84   86   87   88   89
   93   99  110  123  137  150  163  174  183  191  198  204  208  212  216  219
  221  223  223  222  220  215  209  201  193  185  180  176  175  175  176  178
  179  180  179  176  173  169  166  162  157                                   
    42.5-180.0 180.0   5.0 450.0                            LAT/LON1/LON2/DLON/H
  159  165  167  173  177  176  172  163  153  141  127  112   97   82   73   69
   70   74   79   82   83   83   84   85   86   89   91   92   93   93   93   94
   97  104  114  128  143  157  170  181  191  199  206  212  217  222  227  231
  235  237  237  236  233  227  221  212  203  194  188  183  182  182  184  187
  189  191  191  188  184  179  175  170  159                                   
    40.0-180.0 180.0   5.0 450.0                            LAT/LON1/LON2/DLON/H
  162  165  165  168  172  172  170  164  157  148  136  123  107   93   82   77
   79   83   89   93   95   96   97   98   99  100  101  101  100   99   98   98
  101  108  118  132  147  161  174  186  196  205  213  219  225  232  238  243
  247  250  250  248  245  240  234  226  217  208  200  195  193  193  194  198
  201  204  205  202  198  192  187  180  162                                   
    37.5-180.0 180.0   5.0 450.0                            LAT/LON1/LON2/DLON/H
  168  167  164  164  167  166  165  161  158  152  144  133  119  105   93   88
   88   92   98  102  106  108  109  110  111  111  111  110  108  106  104  103
  105  111  121  134  148  163  176  188  199  209  218  225  233  240  247  254
  259  261  262  261  259  256  252  246  238  229  221  214  210  208  209  213
  216  219  220  218  214  207  202  193  168                                   
    35.0-180.0 180.0   5.0 450.0                            LAT/LON1/LON2/DLON/H
  179  174  168  163  163  160  159  156  156  153  149  142  130  117  105   99
   98  100  105  110  114  117  119  121  122  121  120  118  115  112  109  107
  108  113  122  134  148  162  175  188  200  211  221  230  238  247  255  262
  268  272  273  275  276  276  276  273  267  259  250  242  235  231  230  232
  234  237  238  236  232  225  220  210  179                                   
    32.5-180.0 180.0   5.0 450.0                            LAT/LON1/LON2/DLON/H
  197  189  180  169  165  157  155  152  152  152  151  147  139  127  116  108
  106  107  110  114  119  123  127  130  131  130  127  124  121  117  113  110
  110  114  122  132  145  158  172  185  198  210  221  232  242  251  261  269
  276  281  285  290  296  302  306  308  304  297  287  277  267  260  255  255
  256  258  258  255  251  246  240  230  197                                   
    30.0-180.0 180.0   5.0 450.0                            LAT/LON1/LON2/DLON/H
  221  211  200  184  174  162  155  150  149  150  151  150  144  134  124  116
  111  110  112  116  122  128  133  136  137  136  133  130  125  120  116  112
  111  114  120  129  141  153  167  180  194  207  220  232  243  254  264  273
  282  290  298  307  319  331  340  346  345  339  328  316  303  292  285  282
  280  280  279  276  272  268  263  252  221                                   
    27.5-180.0 180.0   5.0 450.0                            LAT/LON1/LON2/DLON/H
  250  241  228  207  191  174  162  153  149  148  149  149  146  138  129  120
  114  112  113  117  123  131  138  142  143  141  137  132  127  122  117  113
  111  112  117  124  135  147  161  175  189  203  217  230  242  254  265  276
  287  298  311  325  342  360  374  383  384  379  368  353  339  326  316  309
  305  304  301  297  294  291  286  277  250                                   
    25.0-180.0 180.0   5.0 450.0                            LAT/LON1/LON2/DLON/H
  281  273  259  236  216  192  176  160  152  148  147  147  145  139  131  122
  115  112  112  117  125  134  142  146  146  143  138  133  127  122  116  112
  109  109  112  119  129  141  155  169  184  198  213  227  240  253  265  278
  292  306  323  343  364  385  402  413  415  410  399  385  370  356  345  337
  331  328  324  319  315  313  308  300  281                                   
    22.5-180.0 180.0   5.0 450.0                            LAT/LON1/LON2/DLON/H
  309  303  290  266  243  216  194  173  160  150  147  145  143  138  131  122
  115  111  112  118  127  137  145  149  148  143  136  130  124  119  113  108
  105  104  106  112  122  135  150  164  179  194  209  224  238  251  265  280
  296  314  335  357  381  403  421  431  433  427  418  406  393  381  371  362
  355  351  346  340  335  333  328  321  309                                   
    20.0-180.0 180.0   5.0 450.0                            LAT/LON1/LON2/DLON/H
  332  327  314  292  268  239  213  188  170  156  149  145  142  138  131  123
  115  112  113  119  129  140  148  151  148  140  132  125  119  113  108  104
  100   98  100  106  117  131  146  161  176  191  206  221  236  250  265  282
  301  321  344  368  391  412  427  435  436  431  424  416  408  399  391  384
  378  373  368  360  354  351  344  339  332                                   
    17.5-180.0 180.0   5.0 450.0                            LAT/LON1/LON2/DLON/H
  346  342  331  310  287  258  231  204  182  165  153  148  144  139  132  125
  118  114  116  123  133  143  150  151  145  136  126  117  111  106  101   97
   94   92   94  101  112  127  143  159  174  189  205  220  236  251  267  285
  305  328  351  374  395  413  424  430  429  426  421  418  415  412  408  403
  397  393  387  379  371  365  357  352  346                                   
    15.0-180.0 180.0   5.0 450.0                            LAT/LON1/LON2/DLON/H
  352  348  338  319  298  269  243  216  194  174  161  153  148  143  137  130
  123  121  122  129  138  146  151  149  141  129  118  109  102   98   94   90
   87   86   88   95  108  125  142  158  173  188  204  220  236  252  269  288
  311  334  357  378  396  409  417  420  419  416  415  417  419  421  420  418
  414  410  404  395  386  377  368  361  352                                   
    12.5-180.0 180.0   5.0 450.0                            LAT/LON1/LON2/DLON/H
  354  349  338  319  300  273  248  223  202  183  168  160  155  150  144  138
  132  130  131  136  143  148  150  146  135  122  109  100   94   90   87   84
   81   80   83   91  105  123  141  158  173  188  204  220  236  253  271  292
  316  340  363  382  396  406  412  413  412  411  412  417  423  428  430  429
  426  423  418  408  398  386  375  367  354                                   
    10.0-180.0 180.0   5.0 450.0                            LAT/LON1/LON2/DLON/H
  354  347  336  316  297  272  248  226  206  189  175  167  162  157  153  147
  143  141  141  144  147  149  147  139  128  114  101   93   87   84   81   79
   76   75   78   87  102  120  139  157  172  187  203  219  236  253  273  296
  322  347  370  388  401  409  414  415  414  414  416  422  429  434  437  436
  433  430  426  418  407  393  382  372  354                                   
     7.5-180.0 180.0   5.0 450.0                            LAT/LON1/LON2/DLON/H
  356  348  335  312  294  269  245  225  207  191  179  172  168  164  161  157
  154  152  151  150  149  146  141  132  119  106   95   87   82   79   77   75
