data/edconvlstm_nd/pred0500.15i
     1.0            IONOSPHERE MAPS     GNSS                IONEX VERSION / TYPE
pyspatialgeodesy        IME             05-JAN-18 20:20     PGM / RUN BY / DATE 
Map Name                                                    COMMENT             
Predicted global ionosphere maps (GIM).                     DESCRIPTION         
  2015     2    19     0     0     0                        EPOCH OF FIRST MAP  
  2015     2    20     0     0     0                        EPOCH OF LAST MAP   
  7200                                                      INTERVAL            
    13                                                      # OF MAPS IN FILE   
  NONE                                                      MAPPING FUNCTION    
10.0                                                        ELEVATION CUTOFF    
One-way carrier phase leveled to code                       OBSERVABLES USED    
  6371.0                                                    BASE RADIUS         
 2                                                          MAP DIMENSION       
   450.0 450.0   0.0                                        HGT1 / HGT2 / DHGT  
    87.5 -87.5  -2.5                                        LAT1 / LAT2 / DLAT  
  -180.0 180.0   5.0                                        LON1 / LON2 / DLON  
    -1                                                      EXPONENT            
                                                            END OF HEADER       
[from data line 4719]
    12                                                      START OF TEC MAP    
  2015     2    19    22     0     0                        EPOCH OF CURRENT MAP
    87.5-180.0 180.0   5.0 450.0                            LAT/LON1/LON2/DLON/H
  123  110   95  103  108  108  108  108  109  113  114  116  118  120  121  122
  123  123  123  123  122  121  120  119  117  115  113  110  108  105  103  100
   98   95   93   91   89   88   86   85   85   84   84   84   84   85   85   86
   87   88   89   90   91   91   92   92   93   93   93   93   93   93   93   92
   92   92   90   89  100   97  111  119  123                                   
    85.0-180.0 180.0   5.0 450.0                            LAT/LON1/LON2/DLON/H
  116  104  107  100  102  109  111  116  119  124  126  130  132  135  137  138
  139  140  139  139  138  136  134  132  130  127  124  121  117  114  111  107
  103  100   97   94   91   89   87   86   85   84   84   84   84   85   86   87
   88   90   91   92   93   94   95   96   97   97   97   97   97   96   96   95
   95   94   91   88   92   92   92   97  116                                   
    82.5-180.0 180.0   5.0 450.0                            LAT/LON1/LON2/DLON/H
   90   85   86   88   95  103  111  115  121  127  133  139  143  147  149  151
  152  152  151  150  148  146  144  141  138  134  131  126  122  118  113  108
  103   99   95   91   87   84   82   80   78   77   77   77   78   79   80   82
   83   85   87   89   90   92   93   94   94   94   94   93   92   91   89   87
   86   84   81   83   86   94   83   89   90                                   
    80.0-180.0 180.0   5.0 450.0                            LAT/LON1/LON2/DLON/H
   76   76   85   88   96  104  117  129  140  150  159  167  173  177  180  181
  180  179  176  173  170  166  163  159  156  151  147  142  137  131  125  119
  113  107  102   96   92   87   84   81   79   78   77   77   78   80   82   84
   87   89   92   94   96   98   99  100  100  100   99   98   96   94   92   89
   87   84   81   81   77   80   73   87   76                                   
    77.5-180.0 180.0   5.0 450.0                            LAT/LON1/LON2/DLON/H
   86   84   94   98  112  124  140  155  169  181  193  203  209  213  214  212
  208  203  198  192  187  183  179  176  173  170  167  163  158  153  147  141
  135  129  123  117  112  107  102   98   95   93   91   91   91   92   94   96
   98  101  103  105  107  108  109  109  108  107  106  104  102   99   97   94
   91   89   86   87   85   85   85  102   86                                   
    75.0-180.0 180.0   5.0 450.0                            LAT/LON1/LON2/DLON/H
   94  100  108  113  129  146  163  181  199  215  228  238  243  244  241  235
  226  216  206  198  191  186  183  180  179  178  176  173  170  165  160  155
  149  143  137  131  126  121  117  112  109  106  104  102  102  102  103  105
  107  108  109  111  111  111  111  110  109  108  106  104  102  101   99   98
   96   95   95   92   90   91   93   98   94                                   
    72.5-180.0 180.0   5.0 450.0                            LAT/LON1/LON2/DLON/H
  115  122  132  143  156  174  195  214  232  249  263  271  275  272  264  252
  236  220  206  193  184  178  175  175  175  176  175  174  172  168  163  158
  153  148  143  138  134  129  125  121  117  113  111  108  107  107  107  107
  108  108  108  107  107  105  104  102  101   99   97   96   95   95   95   95
   95   97   99   98   98  103  110  120  115                                   
    70.0-180.0 180.0   5.0 450.0                            LAT/LON1/LON2/DLON/H
  138  148  159  167  181  200  219  240  260  278  291  298  298  291  277  258
  236  213  193  177  165  159  157  157  159  162  163  162  160  156  152  147
  143  138  134  131  128  125  122  119  115  112  109  106  105  103  102  102
  101  100   98   96   94   92   89   87   86   84   84   84   85   86   89   92
   95  100  105  109  113  120  133  140  138                                   
    67.5-180.0 180.0   5.0 450.0                            LAT/LON1/LON2/DLON/H
  168  178  189  198  213  231  251  272  291  309  322  328  325  314  295  269
  241  213  187  167  154  146  144  144  146  148  149  148  145  141  136  131
  126  123  120  118  116  115  113  111  108  105  102   99   97   96   95   93
   92   90   87   84   81   78   75   73   72   72   73   75   78   81   86   92
   97  105  113  119  124  136  149  156  168                                   
    65.0-180.0 180.0   5.0 450.0                            LAT/LON1/LON2/DLON/H
  186  197  208  217  232  249  268  289  309  327  339  345  340  326  303  273
  241  208  179  157  141  132  127  126  126  126  125  123  119  114  109  104
  100   97   95   94   94   93   93   91   89   87   85   83   81   80   78   76
   74   71   68   64   60   57   55   54   55   56   59   63   67   73   79   87
   94  105  115  125  134  149  164  173  186                                   
    62.5-180.0 180.0   5.0 450.0                            LAT/LON1/LON2/DLON/H
  199  209  220  230  247  264  282  302  322  340  353  358  354  339  315  284
  250  216  186  162  144  131  123  118  114  110  106  102   97   92   87   82
   78   75   73   72   72   72   72   71   70   69   68   66   65   64   62   60
   57   54   51   47   43   41   40   41   43   47   52   57   63   69   77   85
   93  105  116  126  135  151  167  175  199                                   
    60.0-180.0 180.0   5.0 450.0                            LAT/LON1/LON2/DLON/H
  201  211  223  235  253  269  288  307  327  345  358  364  361  347  325  297
  264  232  203  177  157  140  126  114  105   98   91   86   82   77   73   68
   64   61   59   57   57   56   56   56   55   55   54   54   53   52   50   48
   45   42   38   35   32   30   30   33   37   42   49   55   62   69   77   85
   93  104  115  124  134  150  167  176  201                                   
    57.5-180.0 180.0   5.0 450.0                            LAT/LON1/LON2/DLON/H
  199  210  223  236  256  272  292  310  328  345  358  365  364  353  336  312
  285  257  230  204  180  158  137  119  104   93   85   81   78   75   72   68
   64   60   57   54   52   51   50   49   49   49   49   49   49   47   45   43
   40   37   34   31   29   28   29   33   39   46   53   60   67   74   81   89
   96  106  116  124  131  147  163  173  199                                   
    55.0-180.0 180.0   5.0 450.0                            LAT/LON1/LON2/DLON/H
  199  212  227  241  263  279  298  315  332  347  359  365  366  360  348  331
  310  287  263  237  209  181  153  128  108   95   88   86   86   86   84   81
   76   71   66   62   58   56   54   53   53   53   54   54   53   52   49   47
   44   41   39   36   35   35   37   42   48   55   63   70   76   82   88   96
  104  113  122  128  134  148  164  172  199                                   
    52.5-180.0 180.0   5.0 450.0                            LAT/LON1/LON2/DLON/H
  206  220  238  252  275  292  311  325  339  351  361  366  368  365  358  348
  333  315  294  267  236  202  169  139  117  104   99  100  103  105  105  102
   96   89   83   77   72   69   67   66   65   66   67   67   66   64   62   59
   57   55   53   52   51   52   54   58   64   70   76   82   87   92   98  107
  115  125  134  139  144  157  172  179  206                                   
    50.0-180.0 180.0   5.0 450.0                            LAT/LON1/LON2/DLON/H
  222  238  258  270  295  313  331  343  354  362  368  372  373  373  370  364
  354  339  319  292  258  221  183  152  130  118  116  120  125  128  128  123
  116  107   99   93   89   86   84   83   83   84   85   86   85   83   81   78
   77   77   76   76   75   75   76   79   83   87   91   94   97  102  109  119
  129  141  152  158  163  175  190  196  222                                   
    47.5-180.0 180.0   5.0 450.0                            LAT/LON1/LON2/DLON/H
  246  262  283  295  321  340  358  368  376  379  381  381  382  381  380  377
  369  356  336  308  273  234  196  165  145  136  136  140  145  146  143  135
  126  116  109  104  102  100  100   99  100  102  104  105  105  104  102  101
  101  102  103  104  103  101  101  101  102  103  103  104  106  110  118  130
  143  158  172  181  188  200  215  221  246                                   
    45.0-180.0 180.0   5.0 450.0                            LAT/LON1/LON2/DLON/H
  274  290  311  321  347  368  385  395  400  400  397  394  393  392  391  387
  379  365  344  316  282  244  208  180  162  155  155  157  157  153  145  133
  122  113  108  106  107  109  111  112  113  115  118  121  122  122  121  122
  124  127  130  131  129  126  123  120  117  115  113  111  112  117  126  140
  156  175  191  204  214  228  244  252  274                                   
    42.5-180.0 180.0   5.0 450.0                            LAT/LON1/LON2/DLON/H
  301  317  336  345  370  391  408  417  421  419  414  409  405  404  401  396
  386  370  348  320  288  254  221  196  180  172  169  166  159  148  134  121
  109  102  100  102  107  113  117  119  121  123  127  131  133  134  135  137
  142  146  150  151  149  145  139  133  128  123  119  116  117  122  134  150
  167  188  207  222  236  252  270  282  301                                   
    40.0-180.0 180.0   5.0 450.0                            LAT/LON1/LON2/DLON/H
  322  337  354  361  385  404  421  430  434  432  426  421  417  414  411  403
  390  372  349  324  295  265  236  213  197  187  179  168  154  137  121  108
   99   95   96  101  109  116  122  124  126  128  132  136  139  141  143  146
  151  157  162  163  160  155  147  140  133  127  122  119  121  127  140  158
  176  197  217  233  249  268  288  305  322                                   
    37.5-180.0 180.0   5.0 450.0                            LAT/LON1/LON2/DLON/H
  333  349  364  369  391  407  424  433  439  438  433  429  426  424  419  409
  394  374  353  330  305  279  253  231  213  199  184  168  149  131  117  108
  104  104  107  113  120  127  131  132  132  133  136  140  142  144  146  149
  154  159  164  165  162  156  148  140  133  126  122  120  123  131  145  163
  181  202  220  236  251  273  295  314  333                                   
    35.0-180.0 180.0   5.0 450.0                            LAT/LON1/LON2/DLON/H
  339  355  370  372  392  404  421  430  437  438  436  434  433  431  426  415
  399  379  359  339  318  295  271  247  227  209  191  173  155  143  137  137
  139  142  143  144  147  149  149  147  144  142  143  144  146  146  145  147
  150  154  158  159  156  151  143  136  129  124  120  120  124  134  150  168
  185  203  220  234  247  271  294  314  339                                   
    32.5-180.0 180.0   5.0 450.0                            LAT/LON1/LON2/DLON/H
  347  362  377  376  393  402  418  426  435  438  439  439  439  438  433  422
  405  386  369  352  333  312  287  262  240  221  204  191  182  182  190  202
  211  214  208  200  191  184  177  169  161  156  154  153  151  148  145  143
  144  146  148  148  146  142  136  130  124  120  118  120  125  137  153  172
  187  204  218  231  243  267  292  312  347                                   
    30.0-180.0 180.0   5.0 450.0                            LAT/LON1/LON2/DLON/H
  362  377  392  388  404  408  423  430  439  444  446  447  447  446  440  429
  413  395  379  364  347  326  301  276  255  240  231  229  236  254  280  306
  320  318  300  274  248  227  210  195  183  175  169  165  160  154  147  142
  140  139  139  139  137  134  129  124  120  117  116  119  126  139  157  176
  191  207  220  232  245  270  297  315  362                                   
    27.5-180.0 180.0   5.0 450.0                            LAT/LON1/LON2/DLON/H
  388  404  420  414  430  431  443  447  456  461  463  463  462  459  451  438
  421  405  390  375  358  336  312  291  276  270  274  289  317  356  402  440
  455  442  403  353  306  269  242  221  206  196  188  181  173  163  154  145
  140  136  134  133  131  129  125  120  117  115  114  117  125  139  158  179
  196  214  227  241  256  283  313  329  388                                   
    25.0-180.0 180.0   5.0 450.0                            LAT/LON1/LON2/DLON/H
  426  444  461  457  474  473  482  484  491  493  493  491  486  479  467  451
  432  414  398  383  365  345  325  310  306  314  336  370  419  478  537  580
  589  557  493  417  349  298  263  241  225  215  207  199  189  177  164  153
  145  139  136  133  131  128  123  119  115  112  111  114  121  136  157  181
  201  222  239  258  277  308  342  356  426                                   
    22.5-180.0 180.0   5.0 450.0                            LAT/LON1/LON2/DLON/H
  474  493  512  513  534  533  540  539  544  543  539  532  522  508  490  469
  447  426  407  390  372  355  342  339  349  374  412  464  526  594  655  691
  685  632  545  448  365  306  269  249  237  229  223  215  205  193  179  167
  157  149  143  139  135  130  124  118  113  109  108  110  117  132  155  182
  207  234  256  281  306  341  379  394  474                                   
    20.0-180.0 180.0   5.0 450.0                            LAT/LON1/LON2/DLON/H
  523  546  567  575  602  604  610  609  611  607  599  587  570  548  522  495
  467  442  419  399  383  371  370  381  407  447  497  555  616  675  722  740
  716  646  544  438  350  292  260  245  240  237  234  229  221  209  196  184
  173  164  156  149  142  134  125  117  110  106  104  106  113  129  154  185
  214  248  277  308  338  378  421  438  523                                   
    17.5-180.0 180.0   5.0 450.0                            LAT/LON1/LON2/DLON/H
  566  593  619  633  666  672  680  680  682  677  667  651  628  599  566  531
  496  465  438  416  402  399  410  437  478  527  578  626  668  701  720  715
  674  595  492  391  312  264  242  237  238  241  242  240  235  225  214  202
  191  181  171  160  149  138  125  115  106  102  100  102  110  128  155  189
  223  262  298  333  367  413  460  479  566                                   
    15.0-180.0 180.0   5.0 450.0                            LAT/LON1/LON2/DLON/H
  595  626  657  676  715  726  737  740  744  741  731  714  690  657  618  576
  536  499  467  444  434  440  464  504  554  603  641  663  670  665  650  620
  569  494  406  326  268  237  229  233  240  246  250  250  246  239  230  219
  207  196  183  169  154  138  123  111  102   97   96  100  109  129  159  195
  233  276  316  353  389  439  490  511  595                                   
    12.5-180.0 180.0   5.0 450.0                            LAT/LON1/LON2/DLON/H
  609  643  677  699  741  758  773  779  787  787  781  768  746  713  673  629
  585  544  509  485  478  492  526  574  625  662  675  661  625  580  533  487
  435  378  319  270  239  229  233  244  253  259  261  260  257  251  242  231
  219  206  191  173  155  136  119  106   97   94   94   99  110  132  165  203
  243  288  329  366  403  456  507  530  609                                   
    10.0-180.0 180.0   5.0 450.0                            LAT/LON1/LON2/DLON/H
  610  645  683  705  750  770  788  797  807  811  811  804  788  761  724  683
  639  597  560  535  530  549  588  637  679  697  679  626  551  474  407  355
  316  285  260  246  242  250  264  276  281  281  278  273  268  260  251  239
  225  210  192  173  152  132  114  101   94   91   93  100  113  137  171  211
  251  296  336  372  408  462  513  537  610                                   
     7.5-180.0 180.0   5.0 450.0                            LAT/LON1/LON2/DLON/H
  604  642  681  703  748  771  790  799  812  818  822  822  813  794  766  730
  691  651  615  590  585  604  642  685  713  707  659  574  473  380  309  265
