data/edconvlstm_nd/pred2820.15i
     1.0            IONOSPHERE MAPS     GNSS                IONEX VERSION / TYPE
pyspatialgeodesy        IME             05-JAN-18 20:20     PGM / RUN BY / DATE 
Map Name                                                    COMMENT             
Predicted global ionosphere maps (GIM).                     DESCRIPTION         
  2015    10     9     0     0     0                        EPOCH OF FIRST MAP  
  2015    10    10     0     0     0                        EPOCH OF LAST MAP   
  7200                                                      INTERVAL            
    13                                                      # OF MAPS IN FILE   
  NONE                                                      MAPPING FUNCTION    
10.0                                                        ELEVATION CUTOFF    
One-way carrier phase leveled to code                       OBSERVABLES USED    
  6371.0                                                    BASE RADIUS         
 2                                                          MAP DIMENSION       
   450.0 450.0   0.0                                        HGT1 / HGT2 / DHGT  
    87.5 -87.5  -2.5                                        LAT1 / LAT2 / DLAT  
  -180.0 180.0   5.0                                        LON1 / LON2 / DLON  
    -1                                                      EXPONENT            
                                                            END OF HEADER       
[from data line 1287]
     4                                                      START OF TEC MAP    
  2015    10     9     6     0     0                        EPOCH OF CURRENT MAP
    87.5-180.0 180.0   5.0 450.0                            LAT/LON1/LON2/DLON/H
   49   56   53   56   56   56   54   50   50   51   50   51   50   50   50   50
   50   49   49   48   48   47   47   46   45   45   44   44   43   43   42   42
   41   41   41   41   40   40   40   41   41   41   41   42   42   43   43   44
   44   45   46   46   47   47   47   48   48   48   49   49   49   49   48   49
   50   51   49   50   56   65   73   66   49                                   
    85.0-180.0 180.0   5.0 450.0                            LAT/LON1/LON2/DLON/H
   43   64   61   60   62   63   62   61   61   61   61   61   61   61   61   60
   60   60   59   58   58   57   56   56   55   55   54   53   53   53   52   52
   51   51   51   51   51   51   51   51   52   52   53   53   54   55   55   56
   57   57   58   59   59   60   60   61   61   61   61   61   61   60   60   60
   61   62   58   60   63   66   77   68   43                                   
    82.5-180.0 180.0   5.0 450.0                            LAT/LON1/LON2/DLON/H
   49   56   69   63   63   64   63   62   63   63   62   63   63   63   62   62
   61   60   59   58   56   55   54   53   52   51   50   50   49   49   49   48
   48   48   48   49   49   50   50   51   52   53   54   55   57   58   59   61
   62   63   64   65   66   66   67   67   67   67   67   67   66   65   64   64
   64   63   61   60   69   63   63   60   49                                   
    80.0-180.0 180.0   5.0 450.0                            LAT/LON1/LON2/DLON/H
   60   59   67   60   63   61   62   61   62   62   61   62   62   62   61   61
   59   58   57   55   53   52   50   49   47   46   45   45   45   45   45   45
   45   46   47   47   48   49   51   52   53   55   57   59   60   62   64   66
   68   69   70   72   73   73   74   74   74   74   73   72   71   70   68   67
   66   63   63   61   68   65   66   60   60                                   
    77.5-180.0 180.0   5.0 450.0                            LAT/LON1/LON2/DLON/H
   64   60   61   56   56   57   58   58   59   59   58   59   59   59   59   58
   57   56   54   52   49   47   44   42   40   38   37   37   37   37   37   38
   39   40   42   43   44   46   47   49   51   53   56   58   61   63   66   68
   71   73   74   76   77   78   79   79   79   79   78   77   75   73   71   68
   66   63   60   60   60   51   54   54   64                                   
    75.0-180.0 180.0   5.0 450.0                            LAT/LON1/LON2/DLON/H
   55   56   55   52   51   53   53   52   52   52   51   53   52   53   53   52
   52   50   49   46   44   41   38   36   34   32   31   31   31   32   33   34
   35   37   38   40   41   43   44   46   48   51   54   57   60   64   67   70
   72   74   76   78   79   80   81   82   82   82   82   81   79   77   74   72
   68   65   62   57   57   49   50   50   55                                   
    72.5-180.0 180.0   5.0 450.0                            LAT/LON1/LON2/DLON/H
   55   56   54   50   51   54   54   53   52   51   50   51   51   52   52   52
   51   50   48   46   43   40   37   34   31   30   29   28   29   30   31   33
   35   37   38   40   41   43   45   47   50   53   58   62   67   71   75   78
   80   82   84   85   86   87   88   89   89   90   90   89   88   86   83   80
   77   73   70   65   63   53   52   52   55                                   
    70.0-180.0 180.0   5.0 450.0                            LAT/LON1/LON2/DLON/H
   60   58   58   53   53   54   53   51   51   50   49   49   49   49   50   50
   50   49   48   46   43   40   37   34   32   30   29   29   29   31   32   34
   36   38   39   40   41   43   45   48   52   56   62   68   74   79   83   87
   89   90   90   91   91   91   91   92   92   93   93   94   93   91   89   87
   83   79   76   71   67   58   59   56   60                                   
    67.5-180.0 180.0   5.0 450.0                            LAT/LON1/LON2/DLON/H
   59   58   56   52   52   52   51   50   49   48   46   47   47   47   47   48
   48   47   46   45   42   40   37   34   32   30   29   29   30   31   32   34
   35   36   37   37   38   40   42   45   50   57   64   72   79   85   90   93
   95   95   94   92   91   90   89   89   89   90   91   92   92   91   89   87
   84   80   78   72   68   61   60   57   59                                   
    65.0-180.0 180.0   5.0 450.0                            LAT/LON1/LON2/DLON/H
   59   58   55   51   51   51   50   49   48   48   46   47   47   47   47   47
   47   47   46   45   43   40   38   36   34   32   32   32   33   33   34   35
   35   35   35   35   36   37   40   45   51   59   69   79   88   96  101  104
  105  104  102   99   96   93   91   90   89   90   90   91   92   92   90   89
   86   83   81   75   71   65   64   61   59                                   
    62.5-180.0 180.0   5.0 450.0                            LAT/LON1/LON2/DLON/H
   59   58   53   49   48   48   48   47   47   47   46   47   47   47   47   47
   47   47   46   45   43   41   39   37   36   35   35   36   36   36   36   36
   35   34   34   34   34   36   40   45   53   64   75   88   99  108  115  118
  119  117  114  110  105  101   97   94   92   91   92   92   93   93   92   91
   89   85   83   77   73   67   66   65   59                                   
    60.0-180.0 180.0   5.0 450.0                            LAT/LON1/LON2/DLON/H
   58   56   50   44   44   43   43   43   43   44   44   45   45   46   46   46
   46   45   44   43   41   39   37   36   35   35   36   37   38   37   36   35
   33   32   31   31   32   34   39   45   55   67   81   96  109  120  128  132
  133  132  128  124  118  113  107  102   98   96   95   95   95   95   94   93
   90   86   85   78   75   69   68   66   58                                   
    57.5-180.0 180.0   5.0 450.0                            LAT/LON1/LON2/DLON/H
   58   55   47   41   40   39   38   38   40   41   41   43   43   44   44   44
   44   43   42   40   38   36   35   34   34   35   36   37   37   37   35   34
   32   30   30   30   31   34   40   47   58   72   88  104  120  133  143  148
  151  151  149  144  139  131  124  116  110  106  103  102  101  101  100   98
   96   92   90   83   79   73   71   69   58                                   
    55.0-180.0 180.0   5.0 450.0                            LAT/LON1/LON2/DLON/H
   60   56   47   41   39   36   35   35   36   36   37   39   40   41   41   42
   41   40   39   37   34   33   31   31   31   32   34   35   36   35   33   31
   30   29   29   30   32   36   42   50   61   76   93  112  130  144  156  164
  169  171  171  168  162  154  145  135  126  119  114  112  111  110  108  107
  104  100   98   92   87   79   77   73   60                                   
    52.5-180.0 180.0   5.0 450.0                            LAT/LON1/LON2/DLON/H
   65   61   51   45   42   38   36   34   34   33   33   35   36   37   38   39
   39   38   36   34   31   29   28   27   28   29   31   33   33   33   32   30
   29   28   29   32   35   39   45   54   65   80   99  119  138  154  168  179
  187  192  194  193  187  178  167  154  143  134  127  124  122  120  119  117
  115  111  110  103   97   89   85   80   65                                   
    50.0-180.0 180.0   5.0 450.0                            LAT/LON1/LON2/DLON/H
   74   70   60   54   50   45   41   37   35   33   31   32   32   33   35   36
   36   35   34   31   29   28   26   26   26   27   29   31   32   31   30   29
   28   29   31   35   39   44   50   59   70   85  104  124  145  163  178  191
  202  210  215  215  209  199  186  172  158  147  140  135  133  131  129  129
  127  124  123  116  109  100   96   90   74                                   
    47.5-180.0 180.0   5.0 450.0                            LAT/LON1/LON2/DLON/H
   85   83   72   68   63   57   51   44   39   35   32   31   30   31   33   34
   34   34   32   31   29   28   26   25   26   27   28   30   31   30   29   29
   29   31   34   39   44   50   56   64   76   91  109  130  150  169  186  201
  214  224  230  231  226  215  201  184  169  158  149  145  142  140  139  138
  137  136  135  128  121  112  108  101   85                                   
    45.0-180.0 180.0   5.0 450.0                            LAT/LON1/LON2/DLON/H
   96   95   86   83   77   71   63   54   47   40   35   32   31   31   32   33
   34   33   32   31   30   29   28   27   27   28   29   30   31   31   30   29
   30   33   37   43   49   56   62   71   82   97  115  135  155  174  192  208
  222  234  241  242  237  225  209  192  176  164  156  151  148  147  145  146
  145  145  145  138  132  122  118  113   96                                   
    42.5-180.0 180.0   5.0 450.0                            LAT/LON1/LON2/DLON/H
  105  105   97   96   90   83   74   64   55   47   41   37   34   34   34   35
   35   34   33   33   33   33   32   31   30   30   31   32   33   32   31   31
   32   36   41   47   54   61   69   78   89  104  122  141  160  178  195  212
  227  239  246  248  242  230  214  197  181  169  161  156  153  151  150  150
  150  150  150  144  139  130  126  121  105                                   
    40.0-180.0 180.0   5.0 450.0                            LAT/LON1/LON2/DLON/H
  110  110  102  103   97   90   81   70   61   53   47   43   40   39   39   39
   38   37   36   36   37   38   37   36   34   34   35   36   36   35   34   34
   35   38   43   50   58   66   74   85   97  113  130  148  165  182  198  214
  229  242  250  252  247  236  221  204  189  178  169  164  160  156  154  153
  153  153  153  147  142  133  131  126  110                                   
    37.5-180.0 180.0   5.0 450.0                            LAT/LON1/LON2/DLON/H
  112  109  101  101   96   88   79   69   62   56   51   49   46   46   46   45
   44   42   41   42   43   44   43   42   40   40   40   41   40   39   38   37
   38   41   46   52   60   70   80   92  106  122  139  156  171  187  202  218
  233  246  255  259  256  248  235  220  206  194  185  178  172  166  162  160
  158  156  155  149  144  135  132  127  112                                   
    35.0-180.0 180.0   5.0 450.0                            LAT/LON1/LON2/DLON/H
  112  105   94   93   89   80   72   63   59   55   53   53   52   53   53   53
   52   49   48   49   50   51   51   49   47   46   46   46   45   44   42   42
   42   44   48   54   63   73   86  100  115  132  148  164  178  193  208  224
  240  254  266  273  275  270  261  248  235  222  211  201  193  185  178  173
  168  164  161  154  148  138  135  128  112                                   
    32.5-180.0 180.0   5.0 450.0                            LAT/LON1/LON2/DLON/H
  115  103   89   84   79   70   61   54   51   50   52   54   56   58   60   61
   60   58   56   57   58   59   58   55   53   52   53   53   51   49   48   46
   46   47   50   56   65   78   92  108  125  142  158  173  186  201  216  234
  253  270  286  298  304  305  299  289  276  262  249  236  225  214  204  196
  189  182  175  166  159  148  144  134  115                                   
    30.0-180.0 180.0   5.0 450.0                            LAT/LON1/LON2/DLON/H
  125  108   91   83   76   64   55   47   44   44   48   52   56   60   64   66
   67   65   64   64   65   66   64   62   60   59   60   59   58   55   53   51
   50   50   53   59   69   83   99  117  135  152  168  182  195  211  229  250
  272  294  314  332  344  351  350  342  330  315  299  284  269  255  242  232
  221  211  201  189  179  166  163  150  125                                   
    27.5-180.0 180.0   5.0 450.0                            LAT/LON1/LON2/DLON/H
  147  126  108   96   86   71   58   46   41   40   44   49   54   59   64   68
   70   70   69   69   70   70   69   67   66   67   67   67   65   61   59   56
   54   54   56   62   73   89  106  125  144  161  177  191  206  224  246  271
  298  324  350  373  392  405  408  404  393  378  361  343  325  308  293  280
  266  253  240  223  211  196  192  177  147                                   
    25.0-180.0 180.0   5.0 450.0                            LAT/LON1/LON2/DLON/H
  182  161  143  129  116   96   79   60   48   43   44   48   52   56   61   66
   69   70   70   70   71   73   73   73   74   75   75   74   71   67   63   61
   58   57   59   66   79   95  114  133  152  170  186  202  219  241  267  297
  327  358  388  417  442  460  469  468  459  445  428  409  390  371  353  339
  322  306  290  268  253  236  232  217  182                                   
    22.5-180.0 180.0   5.0 450.0                            LAT/LON1/LON2/DLON/H
  231  211  195  182  166  143  120   91   70   57   52   51   52   54   57   62
   65   67   67   68   70   73   75   78   81   83   84   81   76   71   67   64
   62   60   63   71   84  101  121  140  160  178  196  213  234  260  290  324
  358  391  424  457  486  507  519  520  514  502  487  471  453  435  418  402
  385  367  349  323  303  285  279  266  231                                   
    20.0-180.0 180.0   5.0 450.0                            LAT/LON1/LON2/DLON/H
  288  273  260  248  231  207  179  141  109   85   71   64   59   56   56   58
   61   62   62   63   66   71   77   84   89   92   91   87   81   75   70   67
   64   62   65   74   88  106  126  146  166  186  206  227  251  280  314  351
  386  420  453  485  514  535  546  548  543  535  525  513  501  487  473  460
  445  427  408  379  357  337  330  318  288                                   
    17.5-180.0 180.0   5.0 450.0                            LAT/LON1/LON2/DLON/H
  347  338  328  319  302  279  247  204  162  128  104   89   77   67   62   60
   60   59   59   60   64   71   80   89   96   99   98   92   84   77   72   68
   65   64   66   76   90  109  129  150  172  194  217  241  269  301  337  374
  408  440  469  497  521  538  547  548  545  541  537  532  526  518  510  501
  490  476  459  431  406  387  379  369  347                                   
    15.0-180.0 180.0   5.0 450.0                            LAT/LON1/LON2/DLON/H
  398  396  387  381  364  345  312  267  220  178  147  124  105   88   76   69
   65   63   61   61   65   74   85   96  104  107  104   96   87   79   74   70
   66   64   67   76   91  110  130  152  177  202  228  256  286  320  356  391
  422  449  472  493  509  521  526  527  528  529  532  534  533  531  527  523
  516  506  493  469  445  428  422  411  398                                   
    12.5-180.0 180.0   5.0 450.0                            LAT/LON1/LON2/DLON/H
  433  434  425  421  407  392  362  320  272  228  194  167  143  120  101   88
   80   75   71   70   74   82   93  105  112  114  109   99   90   82   76   72
   67   65   68   76   91  109  130  153  180  209  239  269  301  335  369  401
  428  448  464  477  487  493  497  499  504  512  520  527  531  531  529  527
  523  518  509  490  471  456  452  440  433                                   
    10.0-180.0 180.0   5.0 450.0                            LAT/LON1/LON2/DLON/H
  451  451  441  434  425  414  388  353  309  269  236  210  184  158  134  116
  104   96   90   87   89   96  105  115  120  119  112  102   92   85   79   74
   69   66   68   76   89  107  127  152  181  214  246  279  311  344  376  404
  427  443  453  461  466  468  471  475  484  496  508  518  523  524  522  520
  517  514  509  497  483  471  468  456  451                                   
     7.5-180.0 180.0   5.0 450.0                            LAT/LON1/LON2/DLON/H
  454  452  438  425  419  410  390  362  326  293  267  246  224  198  172  151
  135  125  117  112  111  114  120  125  127  123  114  103   94   87   82   77
