data/edconvlstm_nd/pred0460.15i
     1.0            IONOSPHERE MAPS     GNSS                IONEX VERSION / TYPE
pyspatialgeodesy        IME             05-JAN-18 20:20     PGM / RUN BY / DATE 
Map Name                                                    COMMENT             
Predicted global ionosphere maps (GIM).                     DESCRIPTION         
  2015     2    15     0     0     0                        EPOCH OF FIRST MAP  
  2015     2    16     0     0     0                        EPOCH OF LAST MAP   
  7200                                                      INTERVAL            
    13                                                      # OF MAPS IN FILE   
  NONE                                                      MAPPING FUNCTION    
10.0                                                        ELEVATION CUTOFF    
One-way carrier phase leveled to code                       OBSERVABLES USED    
  6371.0                                                    BASE RADIUS         
 2                                                          MAP DIMENSION       
   450.0 450.0   0.0                                        HGT1 / HGT2 / DHGT  
    87.5 -87.5  -2.5                                        LAT1 / LAT2 / DLAT  
  -180.0 180.0   5.0                                        LON1 / LON2 / DLON  
    -1                                                      EXPONENT            
                                                            END OF HEADER       
[from data line 858]
     3                                                      START OF TEC MAP    
  2015     2    15     4     0     0                        EPOCH OF CURRENT MAP
    87.5-180.0 180.0   5.0 450.0                            LAT/LON1/LON2/DLON/H
  121  124  119  117  114  110  106  103  103  102  101  101  101  100  100  100
   99   99   99   98   98   98   97   97   97   97   97   97   97   97   97   98
   98   99  100  100  101  102  104  105  106  107  108  110  111  112  114  115
  117  118  119  120  121  122  122  123  123  123  123  123  122  122  121  120
  121  121  119  119  121  125  130  129  121                                   
    85.0-180.0 180.0   5.0 450.0                            LAT/LON1/LON2/DLON/H
  116  127  110  112  111  108  105  102  101  100   99   99   99   99   99   99
   99   99   99   99   99   99   99   99   99   99   99   99   99  100  100  101
  101  102  103  105  106  107  109  111  112  114  116  118  120  122  124  126
  128  130  131  133  134  136  137  138  138  138  138  138  138  137  135  135
  135  134  131  132  126  129  130  130  116                                   
    82.5-180.0 180.0   5.0 450.0                            LAT/LON1/LON2/DLON/H
  126  121  117  106  101   98   93   90   89   88   87   88   88   88   88   89
   89   90   90   91   91   91   91   92   92   92   92   92   92   92   93   94
   95   96   97   99  101  103  105  107  109  112  114  117  119  122  125  128
  131  134  136  139  142  144  146  148  150  151  151  151  151  150  149  148
  146  144  140  139  141  133  129  125  126                                   
    80.0-180.0 180.0   5.0 450.0                            LAT/LON1/LON2/DLON/H
  136  129  116  101   98   92   89   84   83   81   80   81   81   81   82   82
   83   84   85   85   86   86   87   87   87   87   87   87   87   87   87   88
   89   90   91   93   96   98  100  103  105  108  110  113  116  119  123  127
  131  136  140  145  149  154  158  161  164  167  169  170  171  171  170  170
  168  163  159  156  159  150  147  135  136                                   
    77.5-180.0 180.0   5.0 450.0                            LAT/LON1/LON2/DLON/H
  152  139  127  113  104   98   94   89   87   84   82   82   81   82   82   83
   83   84   85   86   87   88   89   89   89   89   88   88   87   86   86   86
   87   88   90   92   94   96   98  101  103  105  107  109  112  116  120  125
  131  137  144  150  157  164  170  176  182  186  191  194  196  198  199  199
  198  194  189  187  187  172  164  153  152                                   
    75.0-180.0 180.0   5.0 450.0                            LAT/LON1/LON2/DLON/H
  169  159  144  128  118  111  104   96   92   87   83   82   80   79   78   78
   78   79   81   83   85   87   89   90   90   90   89   88   86   84   83   82
   82   83   84   85   87   89   91   92   93   94   96   98  100  104  109  115
  123  131  140  149  158  168  177  185  193  200  206  212  216  220  223  225
  224  222  219  214  213  201  192  175  169                                   
    72.5-180.0 180.0   5.0 450.0                            LAT/LON1/LON2/DLON/H
  187  178  163  145  133  124  115  107  100   93   87   84   80   77   74   73
   72   73   75   78   81   85   88   91   92   92   91   89   86   83   81   79
   78   78   79   80   82   83   84   85   85   85   86   87   90   94  100  108
  117  128  139  151  163  174  185  196  205  213  221  227  233  237  241  245
  246  246  246  242  240  225  214  199  187                                   
    70.0-180.0 180.0   5.0 450.0                            LAT/LON1/LON2/DLON/H
  209  196  181  161  147  135  124  113  105   96   89   83   76   71   66   63
   62   62   64   68   73   78   83   87   89   90   88   86   82   78   74   72
   70   69   69   70   71   72   72   72   71   71   71   72   74   79   86   96
  108  121  135  150  164  178  191  202  213  222  230  236  242  247  251  256
  258  259  261  258  258  244  236  221  209                                   
    67.5-180.0 180.0   5.0 450.0                            LAT/LON1/LON2/DLON/H
  218  206  190  168  154  140  127  116  107   97   89   81   73   66   60   55
   52   52   54   59   65   71   77   82   84   85   83   79   75   70   65   61
   59   57   57   57   58   58   58   57   56   55   54   55   58   64   73   85
   99  115  132  149  165  180  194  207  217  226  233  239  244  248  251  255
  257  259  263  260  262  250  243  232  218                                   
    65.0-180.0 180.0   5.0 450.0                            LAT/LON1/LON2/DLON/H
  224  210  194  171  156  141  127  116  107   97   88   81   72   64   57   51
   48   47   49   53   60   67   73   78   81   81   78   74   68   63   57   53
   50   49   48   48   48   48   48   47   46   44   44   45   49   56   67   81
   97  116  135  154  172  188  202  215  225  233  239  243  246  248  250  253
  254  256  259  257  260  250  246  238  224                                   
    62.5-180.0 180.0   5.0 450.0                            LAT/LON1/LON2/DLON/H
  225  211  194  170  154  138  123  111  102   94   86   79   72   64   57   51
   48   47   48   52   58   65   71   75   77   76   73   68   62   56   51   47
   44   42   42   41   42   42   42   42   41   40   40   42   47   55   67   82
  101  121  142  162  181  198  212  224  234  241  245  248  250  250  250  250
  250  251  253  251  255  246  245  238  225                                   
    60.0-180.0 180.0   5.0 450.0                            LAT/LON1/LON2/DLON/H
  225  210  192  166  150  131  115  102   94   86   80   75   69   63   58   53
   51   50   51   54   58   63   68   71   72   70   66   61   56   50   46   43
   40   39   38   38   39   40   41   42   42   42   43   45   50   59   71   88
  107  128  150  171  190  207  221  233  242  248  252  254  254  253  252  251
  249  248  250  247  250  242  242  235  225                                   
    57.5-180.0 180.0   5.0 450.0                            LAT/LON1/LON2/DLON/H
  229  214  195  168  150  128  109   95   85   77   73   69   66   62   59   57
   55   55   56   57   60   63   65   67   67   65   61   56   51   47   44   42
   41   40   39   40   41   43   45   47   49   50   51   54   59   68   81   98
  117  139  160  181  200  217  231  242  251  257  261  263  263  262  260  258
  255  252  253  249  253  243  243  236  229                                   
    55.0-180.0 180.0   5.0 450.0                            LAT/LON1/LON2/DLON/H
  240  225  206  177  157  132  109   92   80   70   65   63   61   60   60   60
   60   60   60   60   61   62   63   64   64   62   58   54   50   48   46   45
   45   45   45   46   47   50   53   57   60   62   64   67   73   81   94  110
  129  149  170  190  209  225  238  249  258  265  270  272  274  273  272  270
  267  264  264  259  261  251  250  243  240                                   
    52.5-180.0 180.0   5.0 450.0                            LAT/LON1/LON2/DLON/H
  258  244  224  195  175  148  121   98   82   69   62   59   58   58   60   62
   63   64   63   62   62   62   63   64   64   63   61   57   54   53   52   53
   54   54   55   56   58   61   65   69   73   76   79   83   88   97  109  124
  142  161  180  199  216  231  244  254  263  271  277  281  284  285  285  284
  281  279  278  272  274  262  261  254  258                                   
    50.0-180.0 180.0   5.0 450.0                            LAT/LON1/LON2/DLON/H
  277  266  246  221  201  173  143  116   94   77   66   60   58   58   60   63
   65   66   65   64   63   64   66   69   71   71   69   66   63   61   61   63
   64   65   66   67   69   72   77   81   86   90   94   98  104  112  124  138
  155  172  190  207  222  236  248  258  266  274  280  286  291  294  296  297
  296  294  293  287  287  275  273  268  277                                   
    47.5-180.0 180.0   5.0 450.0                            LAT/LON1/LON2/DLON/H
  293  284  267  247  229  203  173  142  116   94   78   69   63   61   62   64
   66   66   65   65   65   68   73   78   82   83   82   78   74   72   71   72
   73   75   76   77   79   82   87   92   97  102  106  111  117  126  138  152
  167  183  199  214  228  240  250  259  266  273  280  286  293  298  302  305
  305  304  303  297  296  284  283  280  293                                   
    45.0-180.0 180.0   5.0 450.0                            LAT/LON1/LON2/DLON/H
  298  292  279  266  252  229  203  172  144  118   98   85   75   70   68   68
   68   68   67   68   71   77   84   92   97   99   96   91   85   81   78   78
   79   81   82   84   86   90   94  100  105  110  115  121  128  139  151  165
  180  195  209  222  234  244  252  259  264  270  276  283  289  296  301  305
  306  306  306  300  298  287  285  285  298                                   
    42.5-180.0 180.0   5.0 450.0                            LAT/LON1/LON2/DLON/H
  292  286  278  271  260  244  223  197  171  144  122  106   93   84   78   75
   73   72   72   75   81   90   99  108  113  114  110  103   94   87   82   81
   82   84   86   89   91   95  100  105  110  115  121  128  137  149  163  177
  192  205  218  229  239  247  254  259  264  268  273  279  285  291  296  300
  302  302  302  296  294  282  281  280  292                                   
    40.0-180.0 180.0   5.0 450.0                            LAT/LON1/LON2/DLON/H
  277  266  260  256  250  239  225  208  187  164  143  127  113  101   92   86
   82   80   82   88   96  106  116  124  127  126  119  110   99   91   86   84
   84   87   90   93   96  100  104  109  114  119  126  134  145  158  173  188
  202  215  226  236  245  253  259  264  268  271  275  279  285  290  294  297
  298  298  298  293  291  278  276  271  277                                   
    37.5-180.0 180.0   5.0 450.0                            LAT/LON1/LON2/DLON/H
  261  240  233  227  225  217  210  201  187  171  155  141  129  117  107   99
   93   93   96  104  115  125  133  137  136  132  124  114  104   96   91   90
   90   93   95   98  101  104  108  112  117  123  131  140  152  166  181  197
  211  223  233  243  253  261  269  275  280  283  287  290  294  298  301  305
  305  305  306  301  300  286  281  269  261                                   
    35.0-180.0 180.0   5.0 450.0                            LAT/LON1/LON2/DLON/H
  255  223  210  195  192  185  181  179  173  164  155  146  138  128  119  111
  106  107  113  123  134  142  146  144  139  132  125  117  111  107  104  103
  103  103  104  106  108  110  113  116  121  127  135  144  157  172  187  203
  217  229  240  251  262  273  283  292  299  305  309  313  316  320  324  328
  330  331  334  330  331  317  308  286  255                                   
    32.5-180.0 180.0   5.0 450.0                            LAT/LON1/LON2/DLON/H
  272  230  207  179  168  155  150  150  150  147  144  141  138  132  125  119
  116  119  127  139  149  154  153  146  138  131  127  125  126  126  127  125
  123  121  119  117  116  116  118  120  125  130  138  147  160  175  191  207
  221  234  246  259  273  287  301  314  325  334  341  346  351  356  361  368
  373  379  386  383  388  376  361  329  272                                   
    30.0-180.0 180.0   5.0 450.0                            LAT/LON1/LON2/DLON/H
  325  276  238  192  166  142  129  126  126  126  127  129  130  128  125  121
  121  126  136  148  157  159  153  144  135  132  135  141  150  157  161  159
  154  147  140  133  128  125  123  124  127  132  139  148  160  175  192  208
  224  238  252  268  285  303  320  337  353  366  378  387  395  403  412  423
  433  445  457  458  468  458  434  397  325                                   
    27.5-180.0 180.0   5.0 450.0                            LAT/LON1/LON2/DLON/H
  416  362  306  243  199  160  133  121  115  113  114  117  120  121  120  118
  120  126  137  148  155  155  149  141  138  141  152  168  186  200  207  206
  197  183  168  155  143  135  129  127  128  131  137  146  158  174  192  209
  226  242  260  279  299  320  341  361  382  402  419  433  446  458  472  489
  507  527  545  548  564  557  521  485  416                                   
    25.0-180.0 180.0   5.0 450.0                            LAT/LON1/LON2/DLON/H
  536  482  406  329  268  215  171  144  127  117  113  114  116  116  115  114
  115  121  130  139  146  147  145  144  149  161  182  207  232  253  264  262
  248  225  200  177  158  143  133  128  126  128  133  142  155  172  192  212
  231  250  271  294  318  343  367  392  417  441  463  482  499  516  535  558
  584  613  637  645  663  662  620  588  536                                   
    22.5-180.0 180.0   5.0 450.0                            LAT/LON1/LON2/DLON/H
  666  621  529  444  365  300  239  198  168  147  135  129  125  122  118  114
  112  115  121  129  136  141  148  157  172  194  222  254  286  311  323  316
  294  261  225  192  166  146  133  124  121  121  126  136  151  171  194  217
  240  265  291  318  347  374  401  429  457  484  509  530  550  572  596  624
  656  691  720  734  750  761  724  698  666                                   
    20.0-180.0 180.0   5.0 450.0                            LAT/LON1/LON2/DLON/H
  779  751  657  573  479  403  328  274  232  202  180  165  154  144  134  125
  119  117  119  125  134  146  162  182  207  236  270  305  337  360  365  350
  317  273  230  192  163  141  126  116  111  110  116  128  147  171  199  227
  255  285  317  349  381  411  439  467  496  523  547  568  590  614  641  673
  709  747  779  799  812  832  817  797  779                                   
    17.5-180.0 180.0   5.0 450.0                            LAT/LON1/LON2/DLON/H
  852  849  769  695  592  509  425  361  311  274  244  222  204  186  169  154
  142  135  133  138  149  167  191  221  253  287  320  350  372  381  373  346
  305  258  215  179  151  131  116  105   99   98  104  119  142  172  206  240
  274  309  345  381  415  445  472  499  526  551  574  593  613  637  665  698
  733  770  803  826  837  862  872  862  852                                   
    15.0-180.0 180.0   5.0 450.0                            LAT/LON1/LON2/DLON/H
  879  899  845  787  686  604  518  450  396  354  320  292  267  244  221  200
  183  172  168  172  185  206  237  273  309  341  364  377  378  367  344  310
  268  226  189  160  138  122  108   97   89   88   94  112  139  175  214  253
  291  330  369  407  441  471  497  522  547  570  591  608  625  646  672  701
  732  762  792  814  823  847  875  878  879                                   
    12.5-180.0 180.0   5.0 450.0                            LAT/LON1/LON2/DLON/H
  867  901  875  834  748  675  595  530  476  434  398  367  338  310  283  259
  240  228  223  226  240  264  298  336  369  388  391  379  355  327  296  262
  226  192  165  145  131  118  106   94   85   82   89  108  138  177  220  262
  303  344  384  422  456  484  509  533  556  577  596  612  627  645  667  690
  714  735  757  774  780  799  833  847  867                                   
    10.0-180.0 180.0   5.0 450.0                            LAT/LON1/LON2/DLON/H
  829  865  858  834  772  715  647  590  542  503  468  437  406  376  347  323
  305  295  292  296  311  336  369  401  420  418  396  359  319  282  251  222
  194  169  152  141  133  123  112  100   89   84   90  109  140  180  223  266
  307  348  389  426  459  486  511  534  555  575  592  607  622  639  658  676
  692  704  716  726  727  739  770  790  829                                   
     7.5-180.0 180.0   5.0 450.0                            LAT/LON1/LON2/DLON/H
  781  810  812  801  767  728  674  626  586  552  521  491  461  432  404  382
  369  364  365  374  390  413  438  455  452  426  381  329  282  247  220  197
