data/edconvlstm_nd/pred3540.15i
     1.0            IONOSPHERE MAPS     GNSS                IONEX VERSION / TYPE
pyspatialgeodesy        IME             05-JAN-18 20:20     PGM / RUN BY / DATE 
Map Name                                                    COMMENT             
Predicted global ionosphere maps (GIM).                     DESCRIPTION         
  2015    12    20     0     0     0                        EPOCH OF FIRST MAP  
  2015    12    21     0     0     0                        EPOCH OF LAST MAP   
  7200                                                      INTERVAL            
    13                                                      # OF MAPS IN FILE   
  NONE                                                      MAPPING FUNCTION    
10.0                                                        ELEVATION CUTOFF    
One-way carrier phase leveled to code                       OBSERVABLES USED    
  6371.0                                                    BASE RADIUS         
 2                                                          MAP DIMENSION       
   450.0 450.0   0.0                                        HGT1 / HGT2 / DHGT  
    87.5 -87.5  -2.5                                        LAT1 / LAT2 / DLAT  
  -180.0 180.0   5.0                                        LON1 / LON2 / DLON  
    -1                                                      EXPONENT            
                                                            END OF HEADER       
[from data line 3003]
     8                                                      START OF TEC MAP    
  2015    12    20    14     0     0                        EPOCH OF CURRENT MAP
    87.5-180.0 180.0   5.0 450.0                            LAT/LON1/LON2/DLON/H
   48   55   55   58   61   59   59   54   55   57   56   56   56   56   56   56
   55   55   55   55   55   55   55   55   55   55   55   55   55   55   54   54
   54   54   53   53   52   52   51   51   51   50   50   50   50   50   51   51
   51   52   52   53   53   54   54   54   55   55   55   55   55   55   55   55
   56   56   53   51   55   57   72   73   48                                   
    85.0-180.0 180.0   5.0 450.0                            LAT/LON1/LON2/DLON/H
   48   58   71   55   56   58   57   57   56   58   57   57   57   57   57   57
   58   58   58   58   58   59   59   59   60   60   60   61   61   61   61   61
   60   60   59   59   58   58   57   56   56   55   55   55   55   55   55   55
   56   56   57   57   58   59   59   60   60   60   61   61   61   61   61   61
   61   61   57   54   58   59   69   66   48                                   
    82.5-180.0 180.0   5.0 450.0                            LAT/LON1/LON2/DLON/H
   35   42   53   46   48   48   49   49   49   49   49   50   49   49   49   49
   49   49   49   49   50   50   50   51   51   52   53   53   54   54   54   54
   54   53   52   51   50   49   48   47   46   45   44   44   44   44   44   44
   45   45   46   47   48   48   49   50   50   50   51   51   51   51   51   51
   51   50   47   45   53   60   60   59   35                                   
    80.0-180.0 180.0   5.0 450.0                            LAT/LON1/LON2/DLON/H
   27   32   44   41   43   41   42   42   43   44   44   45   45   45   44   44
   44   44   44   44   44   45   46   46   47   48   49   50   51   51   52   52
   51   50   49   48   46   44   42   40   39   37   37   36   36   36   36   37
   37   38   39   41   42   43   44   45   45   46   46   46   46   45   45   45
   45   45   44   43   46   53   53   58   27                                   
    77.5-180.0 180.0   5.0 450.0                            LAT/LON1/LON2/DLON/H
   35   33   35   32   34   32   35   35   37   38   38   39   40   40   41   41
   41   41   41   41   42   43   43   45   46   47   48   50   51   52   53   53
   52   51   48   46   43   39   36   33   31   29   27   27   27   27   27   28
   29   30   32   34   35   37   38   39   40   40   40   40   39   38   38   37
   37   36   34   35   36   39   44   49   35                                   
    75.0-180.0 180.0   5.0 450.0                            LAT/LON1/LON2/DLON/H
   23   27   28   29   31   29   30   31   32   35   35   38   39   40   40   41
   41   41   42   42   43   44   45   46   47   49   50   52   53   55   55   56
   55   53   51   47   43   39   34   31   27   25   24   23   23   23   24   25
   26   28   29   31   33   34   36   37   37   38   38   37   37   36   35   34
   33   33   33   32   34   34   35   34   23                                   
    72.5-180.0 180.0   5.0 450.0                            LAT/LON1/LON2/DLON/H
   25   28   27   27   27   27   28   28   30   32   33   36   37   39   40   41
   41   42   43   43   45   46   47   49   50   51   53   54   56   57   58   58
   58   56   53   49   43   38   33   28   24   21   20   19   19   19   20   20
   22   23   24   26   27   28   29   30   31   32   32   32   31   31   30   29
   28   28   28   28   30   31   34   36   25                                   
    70.0-180.0 180.0   5.0 450.0                            LAT/LON1/LON2/DLON/H
   24   28   30   30   29   27   27   28   31   33   35   38   40   42   44   45
   46   47   48   50   52   54   56   58   59   60   60   61   63   64   65   65
   65   63   60   55   50   44   38   32   28   25   24   23   22   23   23   23
   24   25   25   26   27   27   28   29   30   31   31   32   32   32   31   31
   30   30   31   31   33   35   40   40   24                                   
    67.5-180.0 180.0   5.0 450.0                            LAT/LON1/LON2/DLON/H
   26   32   32   32   32   30   31   32   33   36   38   41   44   46   47   48
   49   51   53   56   59   62   65   67   67   68   68   68   69   70   71   72
   72   70   67   62   56   50   44   38   34   31   30   29   28   28   28   28
   28   27   26   26   25   25   25   26   27   28   30   31   32   32   33   33
   32   32   33   32   34   36   40   39   26                                   
    65.0-180.0 180.0   5.0 450.0                            LAT/LON1/LON2/DLON/H
   28   34   35   35   34   32   32   32   34   36   39   42   44   46   47   48
   50   52   55   60   64   69   72   74   75   75   75   75   75   76   78   79
   79   78   74   69   63   57   51   46   42   40   38   37   36   35   34   33
   31   29   26   25   23   22   22   23   24   26   28   30   32   33   34   34
   35   35   37   37   39   41   44   44   28                                   
    62.5-180.0 180.0   5.0 450.0                            LAT/LON1/LON2/DLON/H
   30   36   37   38   36   34   34   34   35   36   38   41   43   45   46   47
   48   51   55   61   67   73   78   80   82   82   81   81   82   83   85   87
   87   86   82   77   71   65   59   54   51   49   47   46   45   42   40   37
   33   30   26   23   21   20   19   20   21   23   26   29   31   33   35   36
   36   37   39   39   41   42   45   45   30                                   
    60.0-180.0 180.0   5.0 450.0                            LAT/LON1/LON2/DLON/H
   32   37   38   39   37   34   33   32   33   34   35   38   39   40   40   41
   42   45   51   58   65   73   79   83   85   85   86   86   88   90   92   94
   95   93   90   84   78   71   66   61   59   57   55   53   51   47   43   38
   34   29   25   21   19   17   17   17   18   21   24   27   30   32   33   34
   35   36   38   38   41   42   44   44   32                                   
    57.5-180.0 180.0   5.0 450.0                            LAT/LON1/LON2/DLON/H
   34   37   38   41   39   37   35   34   33   33   34   36   36   37   36   37
   38   42   48   55   64   73   80   85   89   91   93   95   97  100  103  105
  105  104   99   93   87   81   76   72   70   68   66   62   58   53   47   42
   37   32   28   24   22   20   19   19   21   23   26   29   32   33   34   35
   35   36   39   39   42   42   43   44   34                                   
    55.0-180.0 180.0   5.0 450.0                            LAT/LON1/LON2/DLON/H
   37   40   41   44   43   41   38   36   34   34   34   35   35   34   34   34
   36   40   47   55   65   74   82   88   93   97  101  105  109  112  115  117
  116  114  109  103   96   91   86   84   82   79   76   72   66   59   53   47
   42   38   34   31   29   27   26   26   27   29   31   34   36   37   37   37
   37   38   41   42   44   44   44   45   37                                   
    52.5-180.0 180.0   5.0 450.0                            LAT/LON1/LON2/DLON/H
   42   44   45   49   49   47   44   41   38   36   35   36   35   34   33   34
   36   41   49   58   68   78   86   93   99  105  111  116  121  124  127  127
  125  122  117  111  106  101   98   96   95   92   88   82   75   67   59   54
   49   47   45   43   41   40   39   38   38   39   41   43   44   44   43   42
   41   42   46   47   49   49   48   48   42                                   
    50.0-180.0 180.0   5.0 450.0                            LAT/LON1/LON2/DLON/H
   50   51   52   57   57   56   51   47   44   41   40   39   38   37   36   37
   41   47   56   65   75   84   92  100  108  115  123  129  133  135  136  134
  131  127  122  117  113  111  110  109  108  105  100   93   84   75   68   62
   59   58   57   57   56   55   54   53   52   53   53   54   54   53   51   49
   49   50   54   55   58   57   57   54   50                                   
    47.5-180.0 180.0   5.0 450.0                            LAT/LON1/LON2/DLON/H
   58   60   60   66   65   65   60   55   51   48   47   46   44   43   42   44
   49   57   66   76   86   94  102  110  118  127  134  140  143  143  141  137
  133  128  124  121  119  119  120  121  120  117  111  103   93   84   77   72
   70   69   69   69   69   69   68   67   66   66   65   65   64   62   60   58
   58   59   64   66   68   69   68   64   58                                   
    45.0-180.0 180.0   5.0 450.0                            LAT/LON1/LON2/DLON/H
   66   69   69   74   74   73   67   63   59   57   55   54   53   51   52   54
   60   69   80   90   99  107  114  122  130  138  145  149  149  146  141  135
  130  126  124  123  124  126  129  131  131  128  121  112  102   92   85   81
   79   78   78   78   77   77   76   75   75   74   74   73   72   70   68   67
   66   68   73   76   79   81   80   75   66                                   
    42.5-180.0 180.0   5.0 450.0                            LAT/LON1/LON2/DLON/H
   72   76   76   81   79   79   73   69   66   65   64   64   63   62   63   66
   74   84   95  105  114  122  128  135  142  148  153  153  150  144  137  131
  126  124  124  125  129  133  137  140  140  137  130  120  110  101   93   89
   86   84   83   81   79   78   77   77   77   77   76   76   75   75   74   73
   73   75   80   82   86   89   89   84   72                                   
    40.0-180.0 180.0   5.0 450.0                            LAT/LON1/LON2/DLON/H
   74   79   78   83   81   80   76   73   71   72   72   73   72   72   74   79
   87   98  110  121  130  137  143  148  153  156  157  154  148  140  133  128
  126  127  129  132  137  142  146  149  149  145  138  129  118  109  101   96
   92   88   84   80   76   74   74   74   75   75   74   74   75   75   76   76
   76   77   81   84   87   91   92   88   74                                   
    37.5-180.0 180.0   5.0 450.0                            LAT/LON1/LON2/DLON/H
   73   77   77   82   79   79   75   74   74   76   78   80   81   82   85   91
  100  111  124  135  145  152  157  160  162  162  159  154  146  139  135  134
  136  140  144  149  153  157  160  161  160  156  148  139  129  119  111  104
   99   93   86   79   74   70   69   70   70   71   71   71   72   73   74   75
   75   76   78   79   82   86   87   86   73                                   
    35.0-180.0 180.0   5.0 450.0                            LAT/LON1/LON2/DLON/H
   70   74   73   77   75   74   73   73   75   79   82   86   88   91   95  102
  111  123  135  148  158  166  170  171  170  167  161  155  148  145  146  152
  160  168  174  177  179  180  180  179  176  170  163  153  143  133  125  117
  110  102   94   85   78   72   70   70   70   70   69   69   69   71   72   73
   73   71   72   72   73   76   77   78   70                                   
    32.5-180.0 180.0   5.0 450.0                            LAT/LON1/LON2/DLON/H
   66   70   68   72   70   69   69   71   75   80   85   90   94   99  104  112
  121  133  146  159  170  178  182  181  178  172  166  160  158  162  171  185
  199  211  217  219  216  213  209  204  198  191  183  174  165  155  146  137
  130  122  113  103   93   86   82   80   79   77   75   73   72   73   73   73
   71   68   67   65   65   66   67   70   66                                   
    30.0-180.0 180.0   5.0 450.0                            LAT/LON1/LON2/DLON/H
   65   67   65   68   66   66   66   69   74   79   85   91   97  104  112  121
  131  142  155  169  181  189  192  190  185  179  174  173  178  190  209  231
  252  266  272  270  263  254  245  236  227  219  211  203  194  184  175  167
  160  153  145  135  125  116  109  104  100   96   91   87   84   82   81   79
   74   69   66   62   62   60   61   63   65                                   
    27.5-180.0 180.0   5.0 450.0                            LAT/LON1/LON2/DLON/H
   67   69   66   67   66   65   65   67   72   77   83   90   98  107  118  128
  139  150  163  177  189  197  200  197  193  189  188  193  207  229  257  287
  313  329  334  328  316  301  286  273  262  253  245  237  230  221  213  206
  200  196  190  182  172  160  150  142  134  127  119  112  105  100   96   92
   84   77   73   66   65   62   62   62   67                                   
    25.0-180.0 180.0   5.0 450.0                            LAT/LON1/LON2/DLON/H
   73   74   70   70   69   68   67   67   70   74   79   87   96  108  121  133
  145  157  170  184  195  202  205  203  201  201  207  220  243  274  310  346
  375  393  396  386  368  348  329  312  299  290  282  276  270  263  256  251
  247  245  242  237  227  214  200  188  177  166  155  145  135  127  119  111
  102   93   86   78   76   71   71   67   73                                   
    22.5-180.0 180.0   5.0 450.0                            LAT/LON1/LON2/DLON/H
   83   83   77   77   76   74   71   69   70   72   76   82   93  106  121  136
  149  163  176  188  199  205  208  209  210  217  230  252  283  321  362  401
  432  448  448  434  413  389  367  349  335  326  319  315  311  306  301  296
  294  294  294  290  280  266  249  233  219  206  193  181  169  157  146  135
  123  113  105   96   93   87   85   77   83                                   
    20.0-180.0 180.0   5.0 450.0                            LAT/LON1/LON2/DLON/H
   93   92   86   85   83   81   77   73   72   72   74   79   89  103  120  137
  153  167  180  192  201  207  211  215  222  235  256  285  322  363  406  444
  472  485  482  465  442  417  395  377  364  356  352  350  348  344  339  336
  334  335  335  332  322  305  286  267  251  237  224  211  198  184  170  157
  144  133  124  116  112  105  101   91   93                                   
    17.5-180.0 180.0   5.0 450.0                            LAT/LON1/LON2/DLON/H
  102  101   93   92   90   87   83   78   75   74   74   78   87  101  119  139
  157  173  186  197  205  210  216  223  237  257  285  318  356  396  435  469
  492  500  493  476  453  430  410  395  384  379  376  376  375  373  368  363
  360  359  357  352  340  321  299  279  263  250  239  228  215  201  187  173
  160  150  140  133  128  122  116  105  102                                   
    15.0-180.0 180.0   5.0 450.0                            LAT/LON1/LON2/DLON/H
  106  105   97   97   95   91   87   82   79   78   78   81   89  103  122  143
  164  181  195  205  212  217  224  237  256  282  314  348  383  417  449  474
  489  493  484  468  449  430  415  404  396  393  393  393  393  390  384  377
  370  364  358  348  333  312  289  269  254  244  237  229  219  207  194  181
  168  160  149  143  138  132  125  114  106                                   
    12.5-180.0 180.0   5.0 450.0                            LAT/LON1/LON2/DLON/H
  104  104   97   98   96   92   90   85   83   83   83   87   95  109  130  153
  175  194  209  218  224  230  240  256  280  310  342  373  401  427  448  463
  472  471  463  450  437  425  415  408  404  402  403  403  402  398  390  379
  367  355  342  327  307  284  262  244  232  227  224  220  214  205  194  183
  171  162  152  146  140  134  127  117  104                                   
    10.0-180.0 180.0   5.0 450.0                            LAT/LON1/LON2/DLON/H
   98   99   92   94   93   90   90   87   86   88   90   95  104  120  141  166
  191  212  227  236  242  249  262  282  309  339  368  393  413  427  438  444
  447  445  440  432  425  420  415  412  411  411  411  410  407  401  390  376
  358  340  320  299  277  253  232  217  209  207  208  208  206  199  191  181
  169  160  149  142  135  129  122  113   98                                   
     7.5-180.0 180.0   5.0 450.0                            LAT/LON1/LON2/DLON/H
   90   91   85   89   89   86   88   87   89   92   97  104  116  133  156  183
  210  232  249  258  266  275  290  313  340  368  392  408  418  423  425  426
