data/edconvlstm_nd/pred1480.15i
     1.0            IONOSPHERE MAPS     GNSS                IONEX VERSION / TYPE
pyspatialgeodesy        IME             05-JAN-18 20:20     PGM / RUN BY / DATE 
Map Name                                                    COMMENT             
Predicted global ionosphere maps (GIM).                     DESCRIPTION         
  2015     5    28     0     0     0                        EPOCH OF FIRST MAP  
  2015     5    29     0     0     0                        EPOCH OF LAST MAP   
  7200                                                      INTERVAL            
    13                                                      # OF MAPS IN FILE   
  NONE                                                      MAPPING FUNCTION    
10.0                                                        ELEVATION CUTOFF    
One-way carrier phase leveled to code                       OBSERVABLES USED    
  6371.0                                                    BASE RADIUS         
 2                                                          MAP DIMENSION       
   450.0 450.0   0.0                                        HGT1 / HGT2 / DHGT  
    87.5 -87.5  -2.5                                        LAT1 / LAT2 / DLAT  
  -180.0 180.0   5.0                                        LON1 / LON2 / DLON  
    -1                                                      EXPONENT            
                                                            END OF HEADER       
[from data line 4290]
    11                                                      START OF TEC MAP    
  2015     5    28    20     0     0                        EPOCH OF CURRENT MAP
    87.5-180.0 180.0   5.0 450.0                            LAT/LON1/LON2/DLON/H
  161  147  131  138  141  140  139  139  139  140  140  140  141  141  142  142
  142  143  143  143  143  143  144  143  143  143  143  143  143  142  142  141
  141  140  140  139  138  138  137  136  136  135  134  134  133  133  133  132
  132  132  131  131  131  131  131  131  131  130  130  130  130  130  131  130
  130  130  130  132  144  141  147  152  161                                   
    85.0-180.0 180.0   5.0 450.0                            LAT/LON1/LON2/DLON/H
  150  145  147  142  140  144  144  145  146  147  147  148  148  148  149  149
  150  150  150  151  151  151  151  151  151  151  151  151  151  150  149  149
  148  147  146  145  144  143  142  141  140  139  138  138  137  136  136  135
  135  134  134  134  134  134  134  134  134  134  134  134  134  134  134  134
  135  135  135  135  141  133  135  139  150                                   
    82.5-180.0 180.0   5.0 450.0                            LAT/LON1/LON2/DLON/H
  128  131  131  130  131  136  138  139  139  140  140  141  142  142  142  143
  143  144  144  145  145  146  147  147  147  147  147  147  147  146  145  144
  143  142  141  139  138  137  135  134  133  131  130  129  128  128  127  127
  126  126  126  126  126  126  126  126  126  126  126  126  126  125  125  125
  125  124  123  129  132  137  130  126  128                                   
    80.0-180.0 180.0   5.0 450.0                            LAT/LON1/LON2/DLON/H
  123  127  130  131  130  133  135  140  140  142  142  144  144  144  145  145
  146  146  147  147  148  148  149  149  150  150  150  149  149  148  147  145
  144  142  140  138  137  135  134  132  131  130  129  128  127  126  125  125
  125  125  125  125  126  126  126  127  127  127  127  127  126  126  125  125
  125  124  124  126  126  122  122  125  123                                   
    77.5-180.0 180.0   5.0 450.0                            LAT/LON1/LON2/DLON/H
  133  130  136  136  138  141  143  147  147  149  149  150  151  151  151  152
  152  152  152  153  154  154  155  156  156  156  156  155  154  153  151  149
  148  146  144  142  140  139  137  136  135  134  133  133  132  132  131  132
  132  132  133  134  135  136  136  137  138  138  137  137  136  135  134  133
  132  131  130  131  135  126  130  137  133                                   
    75.0-180.0 180.0   5.0 450.0                            LAT/LON1/LON2/DLON/H
  139  137  138  138  140  145  146  149  151  154  154  156  156  157  157  157
  157  157  157  157  157  157  158  158  159  159  158  157  156  154  152  150
  148  146  143  142  140  139  138  137  136  136  135  135  134  134  134  135
  135  136  137  139  140  141  143  144  145  145  145  145  144  143  143  142
  140  139  138  135  137  129  133  131  139                                   
    72.5-180.0 180.0   5.0 450.0                            LAT/LON1/LON2/DLON/H
  144  142  143  147  146  150  152  155  156  159  160  162  163  163  164  163
  163  162  162  162  161  161  161  161  161  160  159  157  155  153  150  148
  146  143  141  140  138  137  137  136  136  136  136  136  136  137  137  138
  139  140  141  143  145  146  148  150  151  152  152  153  152  152  151  150
  148  147  146  142  143  136  141  143  144                                   
    70.0-180.0 180.0   5.0 450.0                            LAT/LON1/LON2/DLON/H
  152  149  148  149  147  151  152  156  158  162  163  166  168  169  170  170
  169  168  166  165  164  163  162  161  160  159  157  155  152  149  147  144
  142  139  137  136  134  134  134  134  134  134  135  135  135  136  136  137
  137  138  140  141  143  144  146  148  149  151  152  154  154  155  156  156
  155  154  154  151  152  146  150  150  152                                   
    67.5-180.0 180.0   5.0 450.0                            LAT/LON1/LON2/DLON/H
  162  159  158  159  157  160  161  164  167  170  173  177  180  182  183  183
  182  181  178  176  174  172  170  168  166  164  161  158  155  153  150  147
  144  142  140  138  137  137  137  137  138  139  139  140  140  140  140  141
  141  142  142  143  144  145  146  147  149  151  154  156  159  161  163  165
  165  165  166  163  162  156  160  160  162                                   
    65.0-180.0 180.0   5.0 450.0                            LAT/LON1/LON2/DLON/H
  170  168  165  165  162  164  164  168  170  175  179  183  187  191  193  193
  192  189  186  183  180  177  174  171  169  166  163  160  158  155  152  150
  147  145  143  140  139  138  138  139  140  140  141  141  141  141  140  140
  140  139  139  139  138  138  138  139  141  143  147  151  155  159  163  167
  169  171  174  173  174  169  173  172  170                                   
    62.5-180.0 180.0   5.0 450.0                            LAT/LON1/LON2/DLON/H
  180  178  176  175  171  173  172  174  177  181  185  191  196  200  202  203
  202  199  195  191  186  183  180  177  174  171  169  167  164  162  160  158
  156  153  150  148  145  144  144  144  145  146  146  146  145  144  142  141
  140  138  137  135  133  131  130  130  131  134  139  144  150  156  162  168
  172  176  180  180  183  179  183  182  180                                   
    60.0-180.0 180.0   5.0 450.0                            LAT/LON1/LON2/DLON/H
  189  188  186  184  180  181  179  181  183  187  191  196  201  206  208  209
  207  204  200  195  190  187  184  181  179  177  176  174  173  172  171  170
  168  165  161  157  154  152  151  151  152  152  152  151  149  147  144  142
  139  137  134  131  127  124  121  120  122  125  130  137  144  151  159  166
  172  178  184  185  190  187  193  193  189                                   
    57.5-180.0 180.0   5.0 450.0                            LAT/LON1/LON2/DLON/H
  197  197  195  194  190  192  190  190  191  193  196  200  204  208  210  211
  209  205  201  196  192  188  186  185  184  184  184  184  184  185  185  184
  182  178  174  170  166  163  161  161  160  160  159  156  153  150  146  143
  140  136  132  128  123  119  115  113  114  117  123  130  138  146  155  163
  170  177  184  187  193  192  200  200  197                                   
    55.0-180.0 180.0   5.0 450.0                            LAT/LON1/LON2/DLON/H
  202  204  204  204  201  204  202  202  201  202  202  204  206  209  210  209
  207  203  198  194  191  189  188  188  188  190  191  193  195  197  198  198
  196  193  188  182  178  174  172  171  170  168  166  162  157  153  148  144
  140  136  132  127  121  116  111  109  109  112  118  125  134  142  151  160
  166  174  182  186  193  194  203  204  202                                   
    52.5-180.0 180.0   5.0 450.0                            LAT/LON1/LON2/DLON/H
  205  209  210  213  212  217  216  215  213  212  209  209  208  208  207  205
  202  198  194  190  188  187  188  189  191  194  197  201  204  207  209  210
  209  205  200  195  189  185  182  181  178  175  171  166  160  154  149  144
  140  136  131  126  121  115  111  108  108  111  116  123  131  139  148  156
  163  171  178  182  190  193  202  205  205                                   
    50.0-180.0 180.0   5.0 450.0                            LAT/LON1/LON2/DLON/H
  206  212  215  220  222  229  230  230  228  225  220  216  213  209  206  202
  198  194  190  188  187  187  188  191  194  198  202  207  211  215  218  220
  220  217  212  206  201  196  193  190  187  182  176  169  161  155  149  144
  140  136  132  128  123  117  113  110  110  112  117  123  131  138  146  154
  160  167  175  179  187  190  200  204  206                                   
    47.5-180.0 180.0   5.0 450.0                            LAT/LON1/LON2/DLON/H
  206  214  218  225  230  240  243  245  243  240  234  228  221  215  208  203
  197  193  190  188  188  189  191  194  198  202  207  212  217  222  226  229
  230  228  223  218  213  208  204  199  194  187  179  170  162  155  149  144
  140  136  133  130  126  121  117  114  114  115  119  125  131  138  146  153
  159  166  173  176  184  188  198  203  206                                   
    45.0-180.0 180.0   5.0 450.0                            LAT/LON1/LON2/DLON/H
  207  216  220  230  236  248  254  258  259  257  251  244  235  226  217  209
  202  197  194  193  193  194  196  199  203  207  212  218  223  229  234  238
  240  240  237  232  226  221  215  209  201  192  182  172  163  155  149  144
  140  137  135  132  129  126  122  119  118  119  122  127  133  139  147  154
  159  167  173  176  184  188  197  203  207                                   
    42.5-180.0 180.0   5.0 450.0                            LAT/LON1/LON2/DLON/H
  210  219  223  233  242  254  262  269  273  274  270  264  254  243  232  221
  213  208  204  203  203  204  205  207  210  215  220  226  232  238  245  250
  254  255  253  248  242  235  228  220  210  198  186  175  165  158  152  146
  142  139  137  136  134  131  128  124  122  122  124  128  134  141  148  156
  162  170  176  180  186  191  200  206  210                                   
    40.0-180.0 180.0   5.0 450.0                            LAT/LON1/LON2/DLON/H
  215  225  229  237  246  258  267  276  284  289  289  285  276  265  252  240
  230  223  219  218  217  217  218  219  222  227  233  239  245  252  259  267
  273  275  273  267  260  251  242  231  218  205  191  179  170  162  156  151
  146  143  140  139  138  136  132  129  126  124  126  129  135  142  151  160
  167  175  182  186  192  197  206  212  215                                   
    37.5-180.0 180.0   5.0 450.0                            LAT/LON1/LON2/DLON/H
  225  234  238  244  251  261  270  281  292  301  306  306  300  289  276  262
  251  243  237  235  234  234  234  235  239  244  250  257  263  271  280  289
  296  299  296  289  279  267  255  242  227  212  197  186  176  169  162  156
  150  146  144  143  142  140  136  132  128  126  127  130  136  144  154  164
  172  181  189  194  200  206  216  222  225                                   
    35.0-180.0 180.0   5.0 450.0                            LAT/LON1/LON2/DLON/H
  238  248  250  253  259  265  274  285  299  312  321  325  322  313  301  287
  274  263  257  253  252  252  253  255  259  265  272  280  287  295  304  314
  322  324  320  310  296  281  266  250  234  218  204  192  183  176  169  161
  154  149  147  145  144  143  139  135  131  128  128  132  138  147  158  168
  177  188  196  203  210  217  228  234  238                                   
    32.5-180.0 180.0   5.0 450.0                            LAT/LON1/LON2/DLON/H
  254  263  266  266  270  273  280  290  305  321  334  342  343  337  325  311
  296  284  276  272  271  272  274  278  284  291  299  307  314  321  330  340
  347  348  341  327  309  290  271  253  237  221  208  198  190  182  173  165
  157  151  148  147  146  144  141  137  133  131  131  135  141  151  162  173
  182  194  203  211  219  228  241  247  254                                   
    30.0-180.0 180.0   5.0 450.0                            LAT/LON1/LON2/DLON/H
  270  280  283  282  284  285  290  298  313  330  345  357  361  358  348  334
  318  305  295  290  290  293  297  304  311  319  327  335  341  347  355  363
  369  367  356  337  314  290  269  250  234  220  209  200  193  184  175  165
  156  150  147  146  145  144  142  140  137  135  136  139  146  155  166  177
  187  198  208  218  227  238  253  259  270                                   
    27.5-180.0 180.0   5.0 450.0                            LAT/LON1/LON2/DLON/H
  284  294  298  298  301  302  304  310  324  341  358  371  378  378  370  357
  341  326  315  310  311  316  323  330  339  348  355  361  366  370  375  380
  382  376  361  337  309  283  259  240  225  214  205  198  192  183  173  162
  153  146  143  142  142  142  142  141  140  140  142  146  152  160  170  180
  189  201  212  223  232  244  262  270  284                                   
    25.0-180.0 180.0   5.0 450.0                            LAT/LON1/LON2/DLON/H
  293  304  310  314  319  320  322  327  340  356  372  386  396  398  393  381
  365  350  338  333  335  341  349  358  366  374  380  384  385  385  386  388
  385  375  355  328  297  268  243  225  212  203  197  193  187  178  167  156
  147  140  137  136  136  137  138  140  142  144  147  151  157  164  172  181
  189  202  212  224  234  247  265  276  293                                   
    22.5-180.0 180.0   5.0 450.0                            LAT/LON1/LON2/DLON/H
  297  309  316  324  333  337  341  346  358  373  388  403  414  419  416  407
  393  378  366  361  362  369  377  385  392  397  400  400  397  393  390  386
  379  365  342  312  280  250  226  209  198  192  188  185  180  171  160  148
  139  133  129  128  127  129  131  136  141  147  151  156  160  165  172  180
  187  200  211  222  233  246  265  278  297                                   
    20.0-180.0 180.0   5.0 450.0                            LAT/LON1/LON2/DLON/H
  293  307  317  329  342  350  357  364  376  391  406  421  433  440  441  435
  424  410  399  393  394  399  404  409  413  414  413  409  401  393  385  378
  367  350  325  295  264  236  214  197  188  183  181  179  174  165  153  141
  131  125  121  118  117  118  122  129  138  146  153  157  160  164  169  176
  183  196  207  218  229  242  260  275  293                                   
    17.5-180.0 180.0   5.0 450.0                            LAT/LON1/LON2/DLON/H
  285  300  311  327  343  355  367  377  391  406  421  437  450  460  466  464
  457  446  436  429  428  429  431  431  429  426  420  411  400  389  377  366
  352  334  311  283  256  230  209  194  185  181  180  177  171  161  148  136
  126  119  114  109  106  107  112  121  132  143  151  155  157  159  163  170
  177  190  202  212  223  236  253  270  285                                   
    15.0-180.0 180.0   5.0 450.0                            LAT/LON1/LON2/DLON/H
  273  290  303  319  338  353  369  383  399  416  432  449  464  477  487  491
  489  482  474  466  461  458  454  448  441  432  422  410  396  382  368  355
  341  323  302  280  257  235  216  202  193  188  185  181  173  162  149  135
  125  116  109  102   98   97  102  112  125  137  146  150  151  152  156  162
  170  183  196  206  217  230  246  264  273                                   
    12.5-180.0 180.0   5.0 450.0                            LAT/LON1/LON2/DLON/H
  261  280  294  310  329  346  365  381  400  418  436  453  471  487  501  510
  515  513  507  499  490  481  471  459  447  434  420  406  390  375  361  347
  334  318  302  285  268  250  233  219  208  201  196  190  180  167  153  138
  126  116  107   98   92   91   95  105  118  130  139  143  144  144  147  153
  162  176  188  199  210  224  240  258  261                                   
    10.0-180.0 180.0   5.0 450.0                            LAT/LON1/LON2/DLON/H
  252  274  289  303  321  338  357  375  395  415  433  451  469  487  505  519
  529  532  529  520  509  495  480  464  448  432  416  400  384  369  355  342
  330  319  307  296  284  271  256  241  228  218  209  200  188  174  158  143
  129  117  107   97   90   88   91  100  112  123  131  134  135  135  138  145
  153  167  180  191  203  219  236  253  252                                   
     7.5-180.0 180.0   5.0 450.0                            LAT/LON1/LON2/DLON/H
  248  274  290  302  318  333  352  369  389  408  425  442  460  479  498  515
  529  536  536  528  515  499  481  462  444  427  410  394  377  362  349  338
