data/edconvlstm_nd/pred3300.15i
     1.0            IONOSPHERE MAPS     GNSS                IONEX VERSION / TYPE
pyspatialgeodesy        IME             05-JAN-18 20:20     PGM / RUN BY / DATE 
Map Name                                                    COMMENT             
Predicted global ionosphere maps (GIM).                     DESCRIPTION         
  2015    11    26     0     0     0                        EPOCH OF FIRST MAP  
  2015    11    27     0     0     0                        EPOCH OF LAST MAP   
  7200                                                      INTERVAL            
    13                                                      # OF MAPS IN FILE   
  NONE                                                      MAPPING FUNCTION    
10.0                                                        ELEVATION CUTOFF    
One-way carrier phase leveled to code                       OBSERVABLES USED    
  6371.0                                                    BASE RADIUS         
 2                                                          MAP DIMENSION       
   450.0 450.0   0.0                                        HGT1 / HGT2 / DHGT  
    87.5 -87.5  -2.5                                        LAT1 / LAT2 / DLAT  
  -180.0 180.0   5.0                                        LON1 / LON2 / DLON  
    -1                                                      EXPONENT            
                                                            END OF HEADER       
[from data line 4290]
    11                                                      START OF TEC MAP    
  2015    11    26    20     0     0                        EPOCH OF CURRENT MAP
    87.5-180.0 180.0   5.0 450.0                            LAT/LON1/LON2/DLON/H
   61   61   56   57   61   57   57   52   53   56   56   58   59   61   62   63
   65   66   67   67   68   68   69   69   69   69   69   69   68   68   68   67
   67   66   66   65   65   64   64   64   63   63   63   62   62   62   62   62
   62   62   62   62   62   62   62   62   61   61   60   60   59   58   57   56
   55   53   48   45   48   49   68   76   61                                   
    85.0-180.0 180.0   5.0 450.0                            LAT/LON1/LON2/DLON/H
   64   60   69   50   51   53   51   52   53   57   57   59   61   63   65   67
   68   70   71   72   73   74   74   75   75   75   75   75   74   74   73   73
   72   71   71   70   69   68   67   67   66   66   65   65   65   65   64   64
   64   65   65   65   65   65   65   64   64   63   63   62   61   60   59   58
   57   54   49   44   49   50   57   50   64                                   
    82.5-180.0 180.0   5.0 450.0                            LAT/LON1/LON2/DLON/H
   44   44   47   38   43   44   45   45   48   51   53   57   59   62   65   68
   70   72   73   74   75   75   75   75   75   74   73   73   72   71   70   69
   68   67   65   64   63   61   60   58   57   56   55   55   54   54   54   55
   55   55   56   56   57   57   57   57   57   57   57   56   55   53   52   50
   49   45   41   38   44   53   49   46   44                                   
    80.0-180.0 180.0   5.0 450.0                            LAT/LON1/LON2/DLON/H
   19   24   33   27   32   31   35   37   41   46   51   56   60   65   68   72
   74   77   78   78   78   78   77   76   74   73   72   70   69   67   66   65
   63   62   60   58   55   53   51   49   47   46   44   44   43   43   43   44
   45   46   46   47   48   49   49   50   50   50   49   48   47   46   44   42
   40   38   34   33   33   39   31   38   19                                   
    77.5-180.0 180.0   5.0 450.0                            LAT/LON1/LON2/DLON/H
   27   26   25   22   27   27   33   38   44   50   56   64   70   77   82   86
   90   92   93   93   92   90   87   84   81   78   75   72   70   67   65   63
   61   59   56   53   49   46   42   39   36   33   31   30   29   29   30   31
   32   33   35   36   38   39   40   41   41   41   41   40   39   37   35   33
   31   29   26   25   25   27   25   33   27                                   
    75.0-180.0 180.0   5.0 450.0                            LAT/LON1/LON2/DLON/H
   15   20   20   20   27   30   36   43   52   61   69   78   85   92   97  102
  104  106  105  104  101   97   92   87   82   77   73   69   66   64   61   59
   57   54   51   47   44   40   36   32   29   26   24   23   23   23   24   25
   26   28   29   31   32   33   34   35   36   36   36   36   36   35   33   32
   30   30   29   27   26   25   20   21   15                                   
    72.5-180.0 180.0   5.0 450.0                            LAT/LON1/LON2/DLON/H
   29   31   30   34   37   41   51   58   67   76   85   94  102  109  114  118
  120  120  118  115  110  104   97   89   82   75   69   63   59   56   53   51
   48   46   42   38   34   29   25   21   18   15   14   13   13   13   14   16
   17   19   20   21   22   23   24   25   26   26   27   27   28   28   28   27
   26   26   25   23   23   25   23   28   29                                   
    70.0-180.0 180.0   5.0 450.0                            LAT/LON1/LON2/DLON/H
   33   40   42   46   52   58   67   77   88   99  109  118  125  131  135  137
  137  136  133  128  122  114  105   96   87   78   70   64   59   55   52   49
   47   43   40   35   31   26   22   18   16   14   13   13   13   14   16   17
   18   20   20   21   21   22   22   23   23   24   25   26   27   29   30   31
   32   33   34   33   34   36   39   44   33                                   
    67.5-180.0 180.0   5.0 450.0                            LAT/LON1/LON2/DLON/H
   50   56   58   65   71   79   89   99  110  119  129  137  143  147  150  150
  149  147  143  137  129  120  109   98   88   77   68   61   55   51   48   45
   42   38   34   30   25   21   17   14   13   12   12   12   14   15   17   18
   19   20   20   20   20   19   19   19   20   21   22   24   26   28   31   34
   35   37   38   38   38   43   43   49   50                                   
    65.0-180.0 180.0   5.0 450.0                            LAT/LON1/LON2/DLON/H
   58   67   71   79   85   94  104  115  126  136  145  152  156  159  159  159
  157  153  149  142  134  124  113  101   89   78   68   60   54   50   46   43
   39   35   30   25   21   17   14   12   11   11   12   14   16   18   20   21
   21   21   21   20   18   18   17   17   18   19   21   23   26   30   34   37
   40   43   46   47   47   54   55   62   58                                   
    62.5-180.0 180.0   5.0 450.0                            LAT/LON1/LON2/DLON/H
   70   79   82   91   97  107  117  128  139  148  156  161  165  166  165  164
  162  158  153  147  138  127  116  103   90   79   68   60   54   50   46   42
   38   33   28   22   18   14   12   11   11   12   14   17   20   22   23   24
   24   23   21   19   18   17   17   17   17   19   21   24   28   32   36   40
   43   47   49   50   50   56   57   64   70                                   
    60.0-180.0 180.0   5.0 450.0                            LAT/LON1/LON2/DLON/H
   77   84   89   98  104  112  123  134  145  154  162  166  169  169  168  167
  165  162  157  150  141  130  118  105   92   80   70   62   56   52   48   44
   39   34   27   21   17   13   11   11   12   14   17   20   23   25   26   26
   25   23   21   19   17   16   16   17   18   20   22   25   30   34   39   42
   45   48   49   50   50   56   58   66   77                                   
    57.5-180.0 180.0   5.0 450.0                            LAT/LON1/LON2/DLON/H
   82   88   94  103  110  118  129  140  150  159  166  170  172  172  172  171
  170  167  162  154  145  133  121  108   96   85   75   68   63   59   55   51
   45   39   32   26   20   17   15   16   17   20   24   27   30   31   31   30
   27   25   22   20   19   19   20   21   22   25   27   31   34   39   43   46
   48   50   50   50   49   54   56   65   82                                   
    55.0-180.0 180.0   5.0 450.0                            LAT/LON1/LON2/DLON/H
   88   94  101  110  117  125  135  145  155  163  169  173  174  175  175  176
  176  173  168  159  149  137  125  113  102   91   82   76   71   68   64   60
   54   47   40   33   28   25   24   24   26   29   33   36   37   38   36   34
   31   28   26   25   24   25   26   28   30   32   34   37   40   44   48   50
   51   52   51   50   48   52   55   64   88                                   
    52.5-180.0 180.0   5.0 450.0                            LAT/LON1/LON2/DLON/H
   94  101  109  119  127  134  143  153  162  169  173  175  176  177  179  181
  182  180  174  165  153  142  131  120  109  100   92   86   81   78   74   69
   64   57   50   45   40   38   37   37   39   41   44   46   47   46   44   41
   38   35   34   33   34   35   37   39   41   42   43   45   47   50   53   55
   56   55   54   52   50   54   56   66   94                                   
    50.0-180.0 180.0   5.0 450.0                            LAT/LON1/LON2/DLON/H
  102  111  122  132  140  147  155  163  170  176  178  179  180  181  184  187
  189  187  180  170  159  148  138  129  120  111  103   97   92   87   83   78
   72   66   61   57   54   53   52   52   53   54   56   57   57   56   53   51
   48   46   46   46   48   50   51   53   53   53   53   53   54   56   59   61
   61   60   59   57   55   59   62   71  102                                   
    47.5-180.0 180.0   5.0 450.0                            LAT/LON1/LON2/DLON/H
  110  122  135  145  154  161  168  175  180  184  185  184  184  185  188  192
  194  192  185  175  165  155  147  140  132  124  116  108  100   94   88   82
   77   72   69   68   67   67   67   67   66   67   67   67   67   66   64   62
   61   60   60   61   63   65   66   66   65   63   60   59   59   60   63   65
   66   66   65   64   63   68   72   80  110                                   
    45.0-180.0 180.0   5.0 450.0                            LAT/LON1/LON2/DLON/H
  117  132  146  158  167  175  180  187  190  193  192  190  188  189  192  196
  198  196  190  181  171  164  158  153  146  138  127  116  106   96   88   81
   76   74   74   75   78   79   79   79   77   76   76   76   76   75   75   74
   74   74   75   77   79   80   80   78   75   70   66   64   63   64   67   69
   70   71   71   71   72   78   84   91  117                                   
    42.5-180.0 180.0   5.0 450.0                            LAT/LON1/LON2/DLON/H
  121  138  153  166  176  184  190  196  199  201  199  196  193  193  196  199
  201  199  194  186  179  174  171  167  160  149  136  121  107   95   84   77
   72   72   75   80   85   89   89   88   85   83   82   82   83   83   83   83
   84   85   87   88   90   90   89   86   81   75   70   67   66   67   69   72
   73   74   76   77   80   88   95  102  121                                   
    40.0-180.0 180.0   5.0 450.0                            LAT/LON1/LON2/DLON/H
  121  139  155  169  180  189  195  201  204  206  204  201  198  198  200  202
  204  202  198  192  188  185  183  179  171  158  141  123  106   91   80   72
   69   71   77   85   93   97   97   94   91   88   86   86   87   88   89   89
   90   91   93   94   95   95   93   89   83   77   72   69   68   69   71   73
   74   76   78   81   85   94  102  111  121                                   
    37.5-180.0 180.0   5.0 450.0                            LAT/LON1/LON2/DLON/H
  119  136  151  167  180  188  196  202  206  209  208  207  204  203  204  206
  207  206  203  200  197  195  193  188  177  162  143  124  105   90   79   73
   72   77   85   94  103  106  106  101   96   92   90   89   90   91   91   92
   92   92   93   93   94   94   92   88   83   78   73   71   70   71   72   74
   74   75   78   81   85   96  104  115  119                                   
    35.0-180.0 180.0   5.0 450.0                            LAT/LON1/LON2/DLON/H
  116  132  146  162  176  185  194  200  206  210  212  212  211  210  210  211
  211  211  209  207  206  203  199  192  180  163  145  126  109   96   88   85
   87   93  102  111  118  120  117  111  104   98   95   93   93   93   93   92
   90   89   88   88   89   89   89   86   83   78   75   73   73   73   74   74
   73   74   76   80   84   95  104  117  116                                   
    32.5-180.0 180.0   5.0 450.0                            LAT/LON1/LON2/DLON/H
  115  130  144  160  175  183  192  199  207  212  216  217  218  218  218  217
  217  216  216  215  212  208  201  191  179  164  148  133  121  113  110  111
  115  122  131  138  141  139  132  123  114  107  102   99   98   96   95   92
   89   85   83   82   82   84   86   85   83   81   79   77   77   76   76   75
   73   73   75   80   83   94  103  117  115                                   
    30.0-180.0 180.0   5.0 450.0                            LAT/LON1/LON2/DLON/H
  120  135  149  163  178  185  194  202  210  216  222  225  227  227  226  224
  223  222  222  220  216  208  198  187  177  167  158  150  145  144  146  150
  157  164  169  171  168  161  150  139  128  119  113  109  106  103  100   96
   90   84   80   78   78   81   85   87   87   86   84   83   82   81   80   78
   75   75   77   81   85   96  107  121  120                                   
    27.5-180.0 180.0   5.0 450.0                            LAT/LON1/LON2/DLON/H
  132  149  164  176  190  196  204  210  218  224  230  235  237  238  236  233
  230  228  226  223  216  205  193  184  179  177  176  178  181  186  193  201
  208  212  212  207  196  183  168  155  143  133  127  122  118  114  110  104
   97   89   82   78   79   83   88   91   93   92   91   89   87   85   84   82
   79   80   82   88   92  104  118  129  132                                   
    25.0-180.0 180.0   5.0 450.0                            LAT/LON1/LON2/DLON/H
  151  171  187  197  212  216  222  227  232  237  242  246  250  250  247  242
  237  233  230  224  213  201  190  185  188  196  206  216  226  236  247  256
  261  261  253  238  219  199  182  167  155  146  140  135  132  128  124  118
  109   99   91   85   85   89   94   98  100   99   97   94   91   88   87   87
   86   88   92   99  105  119  136  144  151                                   
    22.5-180.0 180.0   5.0 450.0                            LAT/LON1/LON2/DLON/H
  177  198  216  225  241  245  250  252  255  257  259  262  264  264  260  253
  245  238  232  223  211  199  192  195  208  226  245  262  277  289  300  307
  307  299  282  257  230  205  186  171  162  155  150  147  144  143  139  134
  125  114  104   97   95   98  103  106  107  105  101   97   93   90   89   91
   92   98  104  113  123  138  159  164  177                                   
    20.0-180.0 180.0   5.0 450.0                            LAT/LON1/LON2/DLON/H
  205  227  246  256  273  278  285  285  286  284  283  283  284  282  276  266
  255  246  236  225  213  204  204  216  239  266  292  312  327  337  344  344
  336  319  291  258  225  198  179  167  161  157  155  154  154  154  153  148
  141  130  119  110  106  107  110  113  112  108  102   96   91   88   89   93
   97  107  117  129  141  159  182  188  205                                   
    17.5-180.0 180.0   5.0 450.0                            LAT/LON1/LON2/DLON/H
  230  253  273  284  304  312  322  323  323  319  314  312  310  306  297  284
  270  257  245  233  223  219  228  250  281  313  341  359  370  373  371  361
  343  315  280  242  207  180  164  156  153  153  154  155  157  160  160  158
  152  142  131  121  115  114  115  115  113  107  100   93   88   85   87   92
  100  114  127  143  158  178  204  211  230                                   
    15.0-180.0 180.0   5.0 450.0                            LAT/LON1/LON2/DLON/H
  249  272  294  307  331  342  357  361  363  359  353  348  344  338  327  311
  293  277  262  251  244  248  264  293  329  363  387  399  400  393  379  358
  329  293  254  215  182  159  147  144  144  147  149  152  156  159  161  160
  155  147  137  127  120  117  116  115  111  104   95   88   83   81   83   90
  100  117  134  153  171  193  219  230  249                                   
    12.5-180.0 180.0   5.0 450.0                            LAT/LON1/LON2/DLON/H
  259  284  307  322  350  366  386  395  400  399  395  390  385  378  365  346
  325  306  291  280  278  288  311  344  380  408  424  425  416  397  372  340
  304  264  224  189  161  144  137  137  140  143  145  149  152  155  157  156
  152  145  137  128  121  116  114  111  106   98   90   83   79   78   81   88
   98  117  137  157  178  202  229  242  259                                   
    10.0-180.0 180.0   5.0 450.0                            LAT/LON1/LON2/DLON/H
  261  288  313  331  361  382  408  421  432  436  435  432  429  422  408  388
  366  345  330  321  322  337  363  396  426  445  448  438  418  391  358  320
  279  239  203  174  154  143  140  141  144  146  147  149  151  152  152  150
  146  141  134  127  120  116  112  109  103   94   86   81   78   77   80   86
   96  114  136  158  180  206  232  247  261                                   
     7.5-180.0 180.0   5.0 450.0                            LAT/LON1/LON2/DLON/H
  260  288  314  334  367  392  422  440  456  464  468  469  469  464  452  433
  412  391  376  370  374  390  415  443  464  469  460  439  413  382  346  305
