data/edconvlstm_nd/pred0430.15i
     1.0            IONOSPHERE MAPS     GNSS                IONEX VERSION / TYPE
pyspatialgeodesy        IME             05-JAN-18 20:20     PGM / RUN BY / DATE 
Map Name                                                    COMMENT             
Predicted global ionosphere maps (GIM).                     DESCRIPTION         
  2015     2    12     0     0     0                        EPOCH OF FIRST MAP  
  2015     2    13     0     0     0                        EPOCH OF LAST MAP   
  7200                                                      INTERVAL            
    13                                                      # OF MAPS IN FILE   
  NONE                                                      MAPPING FUNCTION    
10.0                                                        ELEVATION CUTOFF    
One-way carrier phase leveled to code                       OBSERVABLES USED    
  6371.0                                                    BASE RADIUS         
 2                                                          MAP DIMENSION       
   450.0 450.0   0.0                                        HGT1 / HGT2 / DHGT  
    87.5 -87.5  -2.5                                        LAT1 / LAT2 / DLAT  
  -180.0 180.0   5.0                                        LON1 / LON2 / DLON  
    -1                                                      EXPONENT            
                                                            END OF HEADER       
[from data line 429]
     2                                                      START OF TEC MAP    
  2015     2    12     2     0     0                        EPOCH OF CURRENT MAP
    87.5-180.0 180.0   5.0 450.0                            LAT/LON1/LON2/DLON/H
  127  136  136  131  129  127  122  119  119  118  117  117  116  116  115  114
  114  113  112  111  110  109  108  107  106  105  104  103  102  101  101  100
  100  100  100  101  101  102  103  104  105  106  107  109  110  111  113  115
  116  118  120  121  123  125  126  128  129  130  131  132  132  132  132  133
  134  136  134  134  131  136  141  146  127                                   
    85.0-180.0 180.0   5.0 450.0                            LAT/LON1/LON2/DLON/H
  132  145  130  132  131  128  124  120  119  117  115  114  113  113  112  112
  111  110  110  109  108  107  106  104  103  102  100   99   98   97   96   96
   96   97   97   99  100  102  104  106  108  110  112  114  117  119  120  122
  124  126  128  130  132  134  136  138  140  141  143  144  145  146  146  147
  149  150  149  150  142  145  149  151  132                                   
    82.5-180.0 180.0   5.0 450.0                            LAT/LON1/LON2/DLON/H
  143  145  146  136  131  127  122  118  117  114  112  111  110  110  109  109
  109  108  108  107  105  104  102  100   98   95   93   91   89   87   86   85
   85   86   87   89   92   95   98  101  105  108  112  115  117  120  122  125
  127  129  131  134  136  139  142  144  147  149  152  154  156  157  159  161
  161  161  161  160  162  154  156  155  143                                   
    80.0-180.0 180.0   5.0 450.0                            LAT/LON1/LON2/DLON/H
  157  158  149  137  131  125  121  117  115  112  109  108  107  107  106  106
  106  106  105  104  103  101   98   95   92   88   84   81   78   75   74   73
   73   74   76   79   82   86   91   95   99  103  107  110  113  115  117  118
  120  122  124  126  129  132  136  140  144  149  153  157  161  164  167  170
  171  170  170  169  177  170  175  172  157                                   
    77.5-180.0 180.0   5.0 450.0                            LAT/LON1/LON2/DLON/H
  175  172  164  153  144  138  133  129  126  122  118  116  114  113  112  111
  110  110  109  107  106  103  100   97   93   88   83   79   75   72   69   68
   69   70   73   76   80   85   90   94   99  103  106  108  109  110  111  111
  111  112  113  115  118  122  127  133  139  146  153  160  167  172  178  184
  186  188  189  191  198  192  194  194  175                                   
    75.0-180.0 180.0   5.0 450.0                            LAT/LON1/LON2/DLON/H
  199  201  191  180  170  163  156  150  145  138  132  128  123  119  116  113
  111  109  108  107  106  105  103  100   96   92   87   82   78   74   71   70
   70   71   74   77   81   86   90   94   98  101  102  103  103  102  100   98
   97   96   96   97  101  106  112  120  129  139  150  160  170  179  187  196
  201  206  210  210  218  218  221  217  199                                   
    72.5-180.0 180.0   5.0 450.0                            LAT/LON1/LON2/DLON/H
  225  231  222  210  201  192  185  178  170  161  152  144  135  127  119  112
  106  103  102  102  103  103  104  103  100   97   92   88   83   79   77   75
   75   77   79   82   86   90   93   96   99  100  100   99   97   94   91   88
   85   84   84   86   90   96  105  115  127  140  153  165  177  188  199  209
  217  224  231  234  242  240  243  239  225                                   
    70.0-180.0 180.0   5.0 450.0                            LAT/LON1/LON2/DLON/H
  258  262  251  238  230  221  212  204  195  183  171  158  144  129  115  103
   94   89   87   88   91   95   98  100  100   98   94   90   86   82   79   78
   78   79   81   83   86   88   90   92   93   92   91   89   86   82   79   76
   73   72   73   76   82   91  102  116  130  145  160  174  187  198  209  220
  229  237  246  251  261  262  267  261  258                                   
    67.5-180.0 180.0   5.0 450.0                            LAT/LON1/LON2/DLON/H
  280  284  272  259  252  244  233  224  215  202  187  171  151  131  111   93
   81   73   71   73   78   85   91   95   96   95   92   88   84   80   77   76
   76   76   77   78   79   80   80   80   79   78   76   73   70   66   63   61
   59   60   63   68   77   89  104  121  139  156  172  187  199  209  219  228
  237  245  255  260  271  274  281  279  280                                   
    65.0-180.0 180.0   5.0 450.0                            LAT/LON1/LON2/DLON/H
  295  298  287  274  267  259  248  240  231  218  202  183  160  134  109   88
   72   62   60   62   69   77   84   89   91   90   87   83   79   76   73   72
   71   71   71   70   70   70   69   68   66   64   61   59   56   53   51   50
   51   53   58   67   79   94  113  134  154  173  190  204  215  224  231  239
  246  253  262  267  278  283  293  294  295                                   
    62.5-180.0 180.0   5.0 450.0                            LAT/LON1/LON2/DLON/H
  303  307  297  282  275  267  256  248  240  228  213  193  169  141  113   90
   72   61   57   60   66   74   80   85   85   84   80   75   72   69   67   66
   65   64   63   62   61   60   59   58   56   54   51   49   47   45   45   45
   47   51   59   70   85  104  126  149  172  192  209  223  233  240  246  252
  257  262  271  275  284  290  303  306  303                                   
    60.0-180.0 180.0   5.0 450.0                            LAT/LON1/LON2/DLON/H
  309  312  303  286  278  268  256  248  241  230  216  198  175  148  121   97
   79   68   64   65   69   74   78   79   78   74   69   65   62   59   58   58
   57   57   56   55   54   53   52   51   50   48   47   45   43   43   43   44
   47   53   62   76   93  115  139  164  188  209  226  239  249  257  262  268
  271  275  282  285  292  298  313  317  309                                   
    57.5-180.0 180.0   5.0 450.0                            LAT/LON1/LON2/DLON/H
  319  321  311  291  282  269  255  246  238  227  215  199  178  155  131  110
   93   82   77   75   76   76   76   73   69   64   59   55   52   51   51   51
   52   52   51   51   51   51   51   51   51   50   49   48   47   46   47   49
   52   59   69   83  102  126  151  177  201  222  239  253  264  272  279  285
  288  291  298  299  306  310  325  330  319                                   
    55.0-180.0 180.0   5.0 450.0                            LAT/LON1/LON2/DLON/H
  335  338  325  302  293  277  260  246  235  222  209  196  178  159  140  123
  109   99   92   87   83   78   73   68   61   56   51   48   47   47   48   49
   50   51   52   52   53   55   56   57   58   58   57   56   55   55   56   57
   61   67   77   92  111  135  161  186  210  230  248  263  276  286  295  303
  307  311  317  319  325  326  340  344  335                                   
    52.5-180.0 180.0   5.0 450.0                            LAT/LON1/LON2/DLON/H
  358  361  345  323  314  296  274  255  238  221  206  192  177  162  147  134
  123  114  105   97   88   79   71   64   58   53   50   49   49   50   51   53
   54   56   57   59   62   64   66   67   69   69   69   69   68   68   68   69
   72   77   86  100  119  143  168  192  215  235  253  269  284  298  310  320
  327  332  339  341  346  346  357  360  358                                   
    50.0-180.0 180.0   5.0 450.0                            LAT/LON1/LON2/DLON/H
  384  388  370  350  343  326  301  276  251  228  208  192  177  164  152  142
  133  124  113  101   90   80   71   66   61   59   58   58   58   59   60   61
   63   65   67   70   73   76   78   80   81   83   83   83   82   82   81   82
   84   88   96  110  128  150  174  197  219  238  256  273  290  306  321  335
  344  352  360  363  367  367  374  377  384                                   
    47.5-180.0 180.0   5.0 450.0                            LAT/LON1/LON2/DLON/H
  405  411  393  379  376  361  337  307  276  246  219  199  182  168  157  148
  139  128  115  102   90   81   75   73   72   73   73   74   74   73   72   72
   73   75   78   82   85   88   89   91   92   94   95   96   95   95   94   95
   96  100  108  120  137  158  181  203  222  240  256  274  292  310  328  344
  356  366  376  379  384  383  388  390  405                                   
    45.0-180.0 180.0   5.0 450.0                            LAT/LON1/LON2/DLON/H
  414  421  408  403  404  394  372  342  308  272  240  214  193  177  164  153
  141  128  115  102   92   86   85   87   90   92   94   94   91   87   83   80
   80   83   87   91   94   96   97   98   99  102  104  105  106  106  106  106
  108  111  119  130  147  167  188  209  227  242  258  275  293  312  330  347
  360  372  382  386  391  391  395  396  414                                   
    42.5-180.0 180.0   5.0 450.0                            LAT/LON1/LON2/DLON/H
  409  416  409  410  416  412  397  372  339  302  267  237  212  191  174  159
  144  130  116  106   99   98  101  106  111  114  114  110  104   95   88   84
   84   88   93   98  100  101  100  101  102  106  110  112  114  114  115  116
  117  121  129  140  157  176  197  216  233  248  262  278  295  314  331  347
  360  372  382  387  390  391  396  397  409                                   
    40.0-180.0 180.0   5.0 450.0                            LAT/LON1/LON2/DLON/H
  397  400  396  398  407  408  400  384  358  325  291  261  234  210  188  169
  151  136  124  117  115  118  123  128  132  132  128  120  109   98   90   86
   88   93   99  103  105  104  102  102  104  109  114  118  120  121  122  123
  125  130  137  150  166  186  206  225  241  255  269  284  300  318  335  350
  362  373  383  387  389  391  397  399  397                                   
    37.5-180.0 180.0   5.0 450.0                            LAT/LON1/LON2/DLON/H
  386  384  376  374  382  384  381  374  358  333  307  281  256  231  206  183
  164  149  141  137  139  143  147  149  147  142  133  121  109   99   92   91
   94  100  105  109  109  107  105  105  108  113  119  124  126  127  127  128
  131  136  144  157  174  194  214  233  250  264  278  293  309  326  343  359
  371  381  391  396  398  401  410  412  386                                   
    35.0-180.0 180.0   5.0 450.0                            LAT/LON1/LON2/DLON/H
  392  384  368  352  353  351  350  349  341  327  309  291  271  248  223  200
  181  169  164  164  166  168  167  162  153  142  130  119  110  104  101  102
  106  112  117  119  117  114  111  111  115  121  127  131  132  132  131  132
  135  140  149  163  180  199  220  240  257  273  288  304  322  341  360  378
  391  403  415  420  423  429  440  441  392                                   
    32.5-180.0 180.0   5.0 450.0                            LAT/LON1/LON2/DLON/H
  429  417  386  351  339  328  321  321  318  310  301  291  277  259  237  215
  198  189  188  190  191  187  178  164  149  136  126  120  117  117  120  124
  129  133  135  134  130  125  122  122  126  132  137  140  140  137  135  134
  136  142  152  166  183  202  222  243  262  281  300  319  340  364  388  411
  430  445  460  467  472  480  490  491  429                                   
    30.0-180.0 180.0   5.0 450.0                            LAT/LON1/LON2/DLON/H
  502  489  441  384  356  332  315  308  302  296  290  284  276  262  243  224
  211  206  207  207  203  192  175  156  140  130  127  129  136  145  154  162
  167  167  164  158  150  143  138  137  140  144  148  148  146  142  138  136
  137  143  153  167  185  203  223  244  267  290  313  338  366  397  431  464
  492  513  532  541  549  560  565  564  502                                   
    27.5-180.0 180.0   5.0 450.0                            LAT/LON1/LON2/DLON/H
  607  599  534  459  413  377  345  325  310  297  287  280  272  259  242  226
  216  213  214  211  200  182  161  144  134  133  140  154  172  192  210  220
  222  215  203  189  175  164  156  153  153  155  156  154  150  144  139  136
  137  143  154  170  188  206  226  249  274  302  330  362  398  440  486  531
  572  604  630  644  652  670  669  665  607                                   
    25.0-180.0 180.0   5.0 450.0                            LAT/LON1/LON2/DLON/H
  733  736  663  575  512  463  415  379  349  323  303  289  275  259  240  224
  215  211  207  198  182  162  145  136  138  150  171  199  231  262  284  293
  286  268  244  220  200  184  173  167  163  162  160  156  151  144  138  135
  136  144  158  176  195  216  237  263  292  324  358  395  438  489  545  602
  655  699  735  757  767  797  800  789  733                                   
    22.5-180.0 180.0   5.0 450.0                            LAT/LON1/LON2/DLON/H
  859  874  809  722  645  586  522  469  421  379  344  316  292  268  244  224
  212  203  194  179  161  145  138  144  161  189  224  265  307  343  363  364
  345  313  277  244  217  197  183  173  166  161  157  153  147  141  136  133
  136  146  163  185  209  233  258  287  321  358  397  439  486  542  604  667
  728  778  823  854  865  909  926  915  859                                   
    20.0-180.0 180.0   5.0 450.0                            LAT/LON1/LON2/DLON/H
  966  987  940  869  789  727  654  586  520  460  407  363  325  291  260  235
  216  202  186  168  152  145  152  174  209  251  298  344  385  414  425  413
  381  337  291  251  221  199  182  170  160  153  148  144  140  135  132  131
  135  148  170  197  226  255  286  319  357  398  441  486  536  594  657  721
  783  835  880  916  926  973 1008 1006  966                                   
    17.5-180.0 180.0   5.0 450.0                            LAT/LON1/LON2/DLON/H
 1032 1055 1029  981  914  859  787  712  633  557  487  427  376  331  292  261
  237  216  196  177  167  172  194  233  282  333  379  416  443  456  450  424
  382  330  281  241  211  189  173  160  149  141  136  132  129  127  125  126
  133  150  176  209  245  279  314  352  393  436  481  527  578  635  697  758
  816  863  903  934  940  977 1023 1037 1032                                   
    15.0-180.0 180.0   5.0 450.0                            LAT/LON1/LON2/DLON/H
 1037 1065 1062 1036  991  954  895  822  741  656  574  502  440  386  342  306
  277  253  231  216  214  231  268  320  374  418  447  463  466  456  433  396
  348  297  252  218  194  176  162  149  139  130  124  121  119  118  118  121
  131  151  182  220  261  301  339  379  422  466  511  557  607  662  719  774
  824  861  891  911  908  928  974 1005 1037                                   
    12.5-180.0 180.0   5.0 450.0                            LAT/LON1/LON2/DLON/H
  986 1015 1032 1029 1011  997  957  897  824  742  657  579  511  454  407  369
  339  314  295  286  293  322  370  423  466  488  489  474  450  419  383  341
  295  253  219  195  179  167  156  145  134  125  118  114  112  111  112  117
  129  151  185  227  272  315  356  398  440  483  527  574  624  675  726  772
  811  836  854  859  845  849  888  930  986                                   
    10.0-180.0 180.0   5.0 450.0                            LAT/LON1/LON2/DLON/H
  903  926  953  969  978  986  969  929  872  801  724  649  584  528  483  447
  418  396  381  380  397  433  480  521  539  529  496  451  404  361  321  283
  247  216  195  182  175  168  160  150  139  129  120  114  110  108  108  114
  127  152  187  230  276  320  363  406  447  489  533  580  630  679  723  760
  789  803  809  802  777  770  799  843  903                                   
     7.5-180.0 180.0   5.0 450.0                            LAT/LON1/LON2/DLON/H
  820  830  855  880  908  935  939  921  884  830  767  703  646  598  560  530
  505  488  479  485  507  543  578  594  579  534  470  404  348  305  271  243
