data/edconvlstm_nd/pred2780.15i
     1.0            IONOSPHERE MAPS     GNSS                IONEX VERSION / TYPE
pyspatialgeodesy        IME             05-JAN-18 20:20     PGM / RUN BY / DATE 
Map Name                                                    COMMENT             
Predicted global ionosphere maps (GIM).                     DESCRIPTION         
  2015    10     5     0     0     0                        EPOCH OF FIRST MAP  
  2015    10     6     0     0     0                        EPOCH OF LAST MAP   
  7200                                                      INTERVAL            
    13                                                      # OF MAPS IN FILE   
  NONE                                                      MAPPING FUNCTION    
10.0                                                        ELEVATION CUTOFF    
One-way carrier phase leveled to code                       OBSERVABLES USED    
  6371.0                                                    BASE RADIUS         
 2                                                          MAP DIMENSION       
   450.0 450.0   0.0                                        HGT1 / HGT2 / DHGT  
    87.5 -87.5  -2.5                                        LAT1 / LAT2 / DLAT  
  -180.0 180.0   5.0                                        LON1 / LON2 / DLON  
    -1                                                      EXPONENT            
                                                            END OF HEADER       
[from data line 5148]
    13                                                      START OF TEC MAP    
  2015    10     6     0     0     0                        EPOCH OF CURRENT MAP
    87.5-180.0 180.0   5.0 450.0                            LAT/LON1/LON2/DLON/H
   87   82   76   69   67   72   69   68   69   69   70   71   72   72   73   73
   73   72   72   71   70   69   68   66   65   63   61   60   58   57   55   54
   52   51   50   49   48   47   47   47   47   47   48   48   49   50   51   52
   53   54   55   56   57   58   59   60   60   61   61   61   61   61   62   62
   62   62   61   62   56   71   79   78   87                                   
    85.0-180.0 180.0   5.0 450.0                            LAT/LON1/LON2/DLON/H
   80   85   66   71   72   80   76   74   75   75   76   77   78   78   78   78
   78   77   77   75   74   72   70   68   66   64   61   59   57   55   53   51
   49   48   47   46   46   45   45   45   46   47   48   49   50   52   53   55
   57   59   60   62   63   65   66   67   68   69   70   70   70   71   71   71
   72   71   72   76   77   85   95   87   80                                   
    82.5-180.0 180.0   5.0 450.0                            LAT/LON1/LON2/DLON/H
   74   69   79   75   74   82   77   76   79   79   81   82   84   85   85   86
   85   84   83   81   79   76   72   69   65   61   57   54   50   47   43   41
   39   37   35   35   34   34   34   35   36   37   39   41   44   46   49   52
   54   57   60   62   64   67   68   70   71   73   74   74   75   75   76   76
   76   75   74   73   80   74   82   84   74                                   
    80.0-180.0 180.0   5.0 450.0                            LAT/LON1/LON2/DLON/H
   86   78   79   72   73   76   75   74   78   79   82   85   87   89   91   92
   92   91   89   86   83   79   74   69   64   59   54   50   45   42   38   35
   33   31   29   28   27   27   27   28   29   30   32   34   37   40   43   46
   49   53   56   59   62   65   68   70   72   73   75   75   76   76   77   77
   77   75   74   72   88   80   90   99   86                                   
    77.5-180.0 180.0   5.0 450.0                            LAT/LON1/LON2/DLON/H
   95   87   78   79   74   76   75   78   82   83   87   91   95   98  100  101
  101  100   97   94   89   84   79   72   66   60   55   50   45   42   38   35
   33   31   29   28   27   26   26   26   27   28   30   32   35   38   41   45
   48   52   56   59   62   65   68   71   73   75   76   77   78   78   79   79
   78   79   78   78   85   85   88  104   95                                   
    75.0-180.0 180.0   5.0 450.0                            LAT/LON1/LON2/DLON/H
  101   86   84   84   77   80   76   77   83   84   89   93   97  100  101  102
  101   99   96   91   86   80   74   67   61   55   50   46   42   39   37   36
   34   33   32   30   29   28   27   27   28   29   30   32   35   38   41   45
   48   51   55   58   61   64   67   70   72   74   76   77   78   79   80   80
   78   79   80   76   82   91   92  104  101                                   
    72.5-180.0 180.0   5.0 450.0                            LAT/LON1/LON2/DLON/H
   97   86   87   86   79   77   75   77   82   83   87   91   94   96   97   96
   94   91   87   83   77   72   66   60   54   49   45   42   40   39   38   37
   36   35   34   32   31   29   27   27   26   27   28   30   32   35   37   40
   42   45   48   50   53   56   59   62   65   67   70   71   73   74   75   76
   75   76   80   78   82   90   96  112   97                                   
    70.0-180.0 180.0   5.0 450.0                            LAT/LON1/LON2/DLON/H
  101   90   92   93   85   84   80   82   87   88   92   95   97   97   96   94
   90   86   81   76   71   65   60   54   49   45   43   41   40   40   40   41
   41   41   40   38   35   33   31   30   29   30   31   33   35   37   39   40
   42   44   45   48   50   53   56   59   62   65   68   70   72   74   76   77
   76   77   82   81   85   94   99  113  101                                   
    67.5-180.0 180.0   5.0 450.0                            LAT/LON1/LON2/DLON/H
  104   95   96   97   89   86   82   83   88   89   92   95   96   95   92   87
   82   76   71   66   61   56   51   46   42   39   37   36   36   37   38   40
   40   40   38   36   33   30   27   26   25   26   28   30   32   34   35   36
   36   37   37   39   41   43   47   50   54   58   62   65   68   70   73   75
   75   75   80   80   85   94   98  113  104                                   
    65.0-180.0 180.0   5.0 450.0                            LAT/LON1/LON2/DLON/H
  107   96   97   99   91   87   82   84   90   91   95   97   98   95   91   85
   78   72   66   61   56   51   47   42   38   35   33   33   33   35   36   38
   38   37   35   32   28   25   22   21   21   23   25   28   31   32   33   33
   33   32   32   32   34   36   40   44   49   55   60   64   68   72   75   78
   78   78   82   82   87   95  100  115  107                                   
    62.5-180.0 180.0   5.0 450.0                            LAT/LON1/LON2/DLON/H
  109   99   99  100   93   87   82   85   91   93   98  101  102   99   95   88
   81   74   67   62   57   52   47   42   38   34   32   31   32   33   34   35
   35   33   31   27   23   20   19   18   19   22   25   28   31   33   34   34
   32   31   29   29   30   33   37   42   49   56   62   69   74   79   84   87
   87   86   89   87   90   97  101  116  109                                   
    60.0-180.0 180.0   5.0 450.0                            LAT/LON1/LON2/DLON/H
  111  102  101  100   93   86   80   83   89   92   98  103  105  104  100   94
   87   80   73   67   61   55   49   44   38   34   31   30   30   31   32   32
   31   29   25   22   19   17   16   16   19   22   26   30   33   35   35   34
   32   30   28   27   28   31   36   43   51   59   67   75   83   89   95   99
   99   98   99   95   95  100  103  118  111                                   
    57.5-180.0 180.0   5.0 450.0                            LAT/LON1/LON2/DLON/H
  115  107  106  103   94   86   80   81   87   91   97  103  107  108  106  102
   96   89   82   75   67   60   53   46   40   35   31   29   29   30   30   29
   28   25   22   20   18   17   17   19   22   25   30   34   37   39   39   37
   34   31   29   28   29   33   39   47   57   67   76   85   94  102  109  114
  114  112  113  106  105  106  108  123  115                                   
    55.0-180.0 180.0   5.0 450.0                            LAT/LON1/LON2/DLON/H
  123  116  114  110  100   90   83   82   87   89   95  102  107  111  112  110
  105   98   90   81   72   63   55   48   41   36   32   30   30   30   29   28
   27   24   22   21   21   22   24   26   29   33   37   40   43   45   44   42
   40   36   34   33   35   39   47   56   67   78   88   97  106  115  124  130
  130  129  128  120  117  116  117  132  123                                   
    52.5-180.0 180.0   5.0 450.0                            LAT/LON1/LON2/DLON/H
  133  128  127  121  110   99   91   89   91   91   95  101  107  112  115  115
  111  104   95   85   75   65   57   50   44   39   35   33   32   32   31   30
   28   27   26   27   29   32   35   38   41   44   47   49   51   53   52   51
   48   45   43   43   45   50   59   70   81   92  101  110  118  127  136  143
  145  144  143  135  131  129  129  145  133                                   
    50.0-180.0 180.0   5.0 450.0                            LAT/LON1/LON2/DLON/H
  146  143  143  138  126  115  108  103  101   98   99  103  108  114  118  119
  115  107   97   86   75   66   59   53   48   43   40   38   37   37   36   35
   33   33   34   37   41   46   50   53   55   57   59   60   62   63   63   62
   60   58   56   57   60   66   75   86   98  107  115  122  129  137  146  154
  157  158  157  149  145  145  145  162  146                                   
    47.5-180.0 180.0   5.0 450.0                            LAT/LON1/LON2/DLON/H
  161  160  160  158  145  135  130  123  118  111  109  110  113  118  121  122
  117  108   97   85   75   68   63   58   54   50   47   45   44   43   42   41
   40   41   43   48   54   60   65   69   70   71   72   72   74   75   76   76
   75   74   73   74   77   83   93  104  114  123  129  134  138  145  154  162
  167  169  170  162  160  161  161  179  161                                   
    45.0-180.0 180.0   5.0 450.0                            LAT/LON1/LON2/DLON/H
  175  176  176  176  165  157  154  147  140  130  124  121  122  125  127  126
  119  109   97   86   78   72   68   65   62   59   55   52   50   49   48   47
   47   48   52   58   65   72   78   82   83   83   83   83   85   87   89   90
   90   90   90   90   94  100  109  120  129  136  141  144  147  152  160  169
  174  178  180  174  173  175  177  195  175                                   
    42.5-180.0 180.0   5.0 450.0                            LAT/LON1/LON2/DLON/H
  187  189  187  190  182  176  175  170  163  152  143  138  136  137  136  132
  124  112  100   90   83   80   77   75   72   68   63   58   55   53   52   51
   52   54   59   65   73   81   86   89   90   90   91   92   95   98  101  103
  104  104  103  104  107  113  122  132  141  147  151  154  156  160  167  175
  180  185  190  186  185  188  190  208  187                                   
    40.0-180.0 180.0   5.0 450.0                            LAT/LON1/LON2/DLON/H
  198  198  194  199  194  190  190  188  182  171  163  157  154  152  150  143
  132  120  108   99   94   92   90   87   82   76   68   62   57   54   53   53
   55   58   63   70   78   85   90   92   93   94   96   99  103  107  110  113
  114  114  113  114  117  123  132  141  150  156  160  163  165  169  175  182
  188  193  199  198  197  198  201  217  198                                   
    37.5-180.0 180.0   5.0 450.0                            LAT/LON1/LON2/DLON/H
  207  204  198  203  203  199  198  198  194  186  179  175  173  171  166  158
  146  132  122  114  111  109  105   99   90   80   70   61   56   53   53   55
   57   61   66   73   80   86   91   93   94   96  100  104  109  113  117  119
  120  119  118  118  122  128  137  147  155  162  167  171  175  179  185  192
  197  203  211  210  209  208  211  226  207                                   
    35.0-180.0 180.0   5.0 450.0                            LAT/LON1/LON2/DLON/H
  218  213  205  208  209  205  202  202  201  195  192  191  191  190  185  175
  162  149  140  134  130  125  117  105   92   78   67   59   54   52   54   57
   61   65   70   76   83   88   91   93   95   98  102  108  113  117  120  121
  120  119  117  118  122  129  139  149  159  166  173  178  184  191  198  205
  210  217  225  226  223  221  224  237  218                                   
    32.5-180.0 180.0   5.0 450.0                            LAT/LON1/LON2/DLON/H
  236  231  223  220  220  213  208  206  206  202  202  204  207  207  203  193
  180  168  159  153  146  136  121  103   86   72   63   57   54   55   59   63
   68   73   77   82   87   90   93   94   97  100  105  110  114  117  118  118
  116  114  112  114  119  127  138  149  159  168  175  184  193  202  212  221
  227  235  244  244  242  239  242  255  236                                   
    30.0-180.0 180.0   5.0 450.0                            LAT/LON1/LON2/DLON/H
  265  264  253  245  243  232  222  217  215  212  214  218  223  225  220  210
  197  185  175  165  152  135  114   93   78   68   62   60   61   64   69   75
   81   85   88   91   94   96   97   98  100  104  108  111  114  114  114  112
  110  107  106  108  114  124  136  147  158  166  175  186  198  212  227  239
  248  256  266  268  266  265  267  280  265                                   
    27.5-180.0 180.0   5.0 450.0                            LAT/LON1/LON2/DLON/H
  305  311  298  286  282  267  252  242  236  232  233  237  242  243  238  227
  213  198  183  167  147  124  101   83   72   68   69   71   75   80   86   93
   97  101  103  104  105  105  105  105  106  109  111  112  112  111  108  106
  103  100   99  102  110  121  133  145  155  164  173  185  201  220  239  257
  269  280  292  293  294  296  298  311  305                                   
    25.0-180.0 180.0   5.0 450.0                            LAT/LON1/LON2/DLON/H
  353  368  355  343  338  320  301  285  275  267  264  266  269  267  260  246
  228  207  185  161  134  109   89   78   75   78   85   92   99  104  109  114
  117  119  119  119  118  117  116  114  114  115  115  114  111  107  103  100
   97   96   96  100  108  119  132  144  154  161  170  183  201  225  249  272
  289  304  317  319  323  329  331  346  353                                   
    22.5-180.0 180.0   5.0 450.0                            LAT/LON1/LON2/DLON/H
  400  425  418  411  406  389  368  347  332  319  311  308  306  300  288  269
  245  215  183  151  121   98   85   82   88   99  112  122  129  133  135  137
  138  137  136  134  132  130  127  125  123  122  120  116  111  105  101   97
   95   94   95   99  106  118  130  142  152  159  167  181  201  227  256  284
  305  323  339  342  349  359  362  380  400                                   
    20.0-180.0 180.0   5.0 450.0                            LAT/LON1/LON2/DLON/H
  441  474  476  478  475  464  446  424  404  387  374  364  355  343  325  299
  266  226  184  146  115   99   94  101  115  132  148  160  165  164  162  159
  156  154  150  147  144  141  138  136  133  130  126  120  113  106  101   97
   95   94   94   97  103  113  126  138  149  157  166  180  202  230  262  292
  317  339  356  360  371  384  390  410  441                                   
    17.5-180.0 180.0   5.0 450.0                            LAT/LON1/LON2/DLON/H
  471  507  518  530  532  529  519  502  483  464  446  430  415  396  372  338
  295  245  194  153  126  116  120  134  155  176  193  201  199  192  183  175
  170  165  160  156  153  150  148  145  142  138  132  125  117  109  102   98
   95   92   91   92   96  106  118  132  145  156  167  182  204  234  267  300
  327  350  370  376  389  403  414  437  471                                   
    15.0-180.0 180.0   5.0 450.0                            LAT/LON1/LON2/DLON/H
  488  524  539  560  567  573  574  566  553  536  518  499  479  456  425  385
  334  276  221  179  156  153  164  185  208  227  236  235  224  209  195  184
  176  170  164  160  158  156  155  153  149  145  139  131  122  112  104   98
   93   89   86   85   88   96  109  125  141  154  168  185  208  239  273  306
  335  361  381  390  405  420  434  459  488                                   
    12.5-180.0 180.0   5.0 450.0                            LAT/LON1/LON2/DLON/H
  495  526  540  566  580  594  603  605  600  589  574  557  537  513  481  439
  384  323  267  227  208  210  227  250  267  274  269  254  234  214  197  186
  178  172  166  162  161  161  161  159  155  150  144  136  126  115  105   97
   90   85   80   77   78   86  100  118  136  152  168  187  212  244  279  313
  343  370  392  404  420  434  451  478  495                                   
    10.0-180.0 180.0   5.0 450.0                            LAT/LON1/LON2/DLON/H
  497  517  529  556  575  593  609  618  620  614  605  592  578  558  530  490
  439  382  330  294  280  287  304  318  320  306  283  256  230  208  193  184
  179  174  169  166  165  166  166  163  158  153  146  138  128  117  105   94
   86   79   74   70   70   77   92  111  130  149  167  188  215  248  283  318
  349  378  402  417  435  449  467  494  497                                   
     7.5-180.0 180.0   5.0 450.0                            LAT/LON1/LON2/DLON/H
  498  507  516  539  559  577  595  607  614  613  608  601  593  581  561  530
  489  441  398  370  362  370  378  374  351  316  278  243  216  198  188  185
