data/edconvlstm_nd/pred2250.15i
     1.0            IONOSPHERE MAPS     GNSS                IONEX VERSION / TYPE
pyspatialgeodesy        IME             05-JAN-18 20:20     PGM / RUN BY / DATE 
Map Name                                                    COMMENT             
Predicted global ionosphere maps (GIM).                     DESCRIPTION         
  2015     8    13     0     0     0                        EPOCH OF FIRST MAP  
  2015     8    14     0     0     0                        EPOCH OF LAST MAP   
  7200                                                      INTERVAL            
    13                                                      # OF MAPS IN FILE   
  NONE                                                      MAPPING FUNCTION    
10.0                                                        ELEVATION CUTOFF    
One-way carrier phase leveled to code                       OBSERVABLES USED    
  6371.0                                                    BASE RADIUS         
 2                                                          MAP DIMENSION       
   450.0 450.0   0.0                                        HGT1 / HGT2 / DHGT  
    87.5 -87.5  -2.5                                        LAT1 / LAT2 / DLAT  
  -180.0 180.0   5.0                                        LON1 / LON2 / DLON  
    -1                                                      EXPONENT            
                                                            END OF HEADER       
[from data line 2145]
     6                                                      START OF TEC MAP    
  2015     8    13    10     0     0                        EPOCH OF CURRENT MAP
    87.5-180.0 180.0   5.0 450.0                            LAT/LON1/LON2/DLON/H
  101  107  106  111  113  114  113  110  112  114  114  115  115  115  116  116
  116  116  115  115  115  115  114  114  114  113  113  113  112  112  111  111
  111  110  110  109  109  108  108  107  107  107  106  106  106  106  105  105
  105  105  104  104  104  103  103  102  102  101  101  100  100  100   99   99
  100  101  100   98  103  102  113  112  101                                   
    85.0-180.0 180.0   5.0 450.0                            LAT/LON1/LON2/DLON/H
  101  110  119  114  115  118  119  120  121  123  123  124  124  124  124  124
  124  124  123  123  123  122  122  122  122  121  121  121  121  120  120  120
  120  119  119  118  118  118  117  117  116  116  115  115  114  114  114  113
  113  112  112  112  111  111  110  109  109  108  108  107  106  106  106  106
  107  108  104  102  100  103  110  112  101                                   
    82.5-180.0 180.0   5.0 450.0                            LAT/LON1/LON2/DLON/H
   98  109  116  111  111  115  116  118  119  121  121  122  122  122  122  121
  121  120  120  119  119  119  119  118  118  118  118  118  119  119  119  119
  119  119  119  119  119  119  119  118  118  118  118  118  117  117  117  117
  116  116  115  115  114  113  112  111  110  109  108  107  106  104  103  103
  103  103   99   98   99  104  101   99   98                                   
    80.0-180.0 180.0   5.0 450.0                            LAT/LON1/LON2/DLON/H
   97  103  109  108  109  110  111  114  116  117  117  118  118  117  117  116
  115  115  114  113  113  113  112  112  112  112  113  113  114  114  115  116
  116  117  118  118  119  119  119  120  120  120  121  121  121  121  121  121
  121  121  120  120  119  118  117  115  114  112  110  108  106  104  102  101
  100   99   96   96   95  100  105   99   97                                   
    77.5-180.0 180.0   5.0 450.0                            LAT/LON1/LON2/DLON/H
  100  101  104  105  104  107  108  110  112  113  112  113  112  112  111  110
  109  109  108  108  107  107  107  107  108  108  109  110  111  112  113  115
  117  119  120  122  123  124  126  127  128  129  130  131  132  133  134  134
  134  134  134  133  132  131  130  128  125  123  120  117  113  110  107  104
  102  100   96   96   96   95   98   99  100                                   
    75.0-180.0 180.0   5.0 450.0                            LAT/LON1/LON2/DLON/H
   93   96   94   97   97  101  100  102  103  104  103  103  102  102  101  100
   99   98   98   98   98   98   99   99   99  100  101  102  104  106  108  111
  114  117  120  122  125  127  129  131  133  135  137  139  140  142  143  144
  144  144  144  143  142  141  139  137  135  132  129  125  121  117  112  109
  105  102   98   94   94   94   97   93   93                                   
    72.5-180.0 180.0   5.0 450.0                            LAT/LON1/LON2/DLON/H
   89   91   88   91   90   94   94   95   95   96   95   95   94   93   92   92
   91   91   91   91   92   93   94   94   95   95   96   98  100  102  106  109
  114  118  122  126  130  133  136  139  142  145  148  150  153  154  156  156
  157  156  156  155  154  152  151  149  146  143  140  136  132  127  122  118
  114  109  105  100   97   97   96   96   89                                   
    70.0-180.0 180.0   5.0 450.0                            LAT/LON1/LON2/DLON/H
   89   86   83   83   81   82   81   82   83   83   82   83   82   81   81   80
   80   80   81   82   84   85   86   87   88   88   89   91   93   96  100  105
  111  116  122  127  131  135  139  143  147  151  155  158  161  163  163  163
  163  161  160  158  157  155  153  152  150  148  145  142  138  133  128  124
  120  115  111  105  101  100  101  100   89                                   
    67.5-180.0 180.0   5.0 450.0                            LAT/LON1/LON2/DLON/H
   86   83   78   77   73   73   71   71   72   72   72   73   73   73   73   72
   73   73   75   77   79   81   83   84   85   85   86   87   89   93   97  103
  109  116  122  128  133  138  142  147  152  157  161  165  167  169  169  168
  166  163  161  158  156  154  153  152  151  150  148  146  143  139  134  131
  127  122  118  112  107  105  103  101   86                                   
    65.0-180.0 180.0   5.0 450.0                            LAT/LON1/LON2/DLON/H
   87   83   76   73   66   64   62   62   62   63   63   64   65   66   66   66
   67   68   69   72   75   78   80   82   84   84   85   86   88   92   97  103
  110  117  124  130  136  142  147  153  158  164  169  173  175  176  175  172
  169  165  161  157  155  153  152  151  151  151  151  150  148  145  141  138
  135  131  127  122  117  115  112  109   87                                   
    62.5-180.0 180.0   5.0 450.0                            LAT/LON1/LON2/DLON/H
   90   84   76   71   62   59   55   54   54   54   55   57   58   60   60   61
   61   62   64   67   70   74   78   80   82   84   85   86   88   92   97  104
  111  118  126  133  139  145  151  157  164  170  175  180  182  182  179  175
  170  164  159  155  152  151  150  150  151  152  152  152  151  149  146  144
  141  138  135  130  125  123  120  116   90                                   
    60.0-180.0 180.0   5.0 450.0                            LAT/LON1/LON2/DLON/H
   95   87   77   71   60   55   51   48   47   47   47   50   52   53   54   55
   55   56   58   60   64   68   73   77   80   82   84   86   89   93   98  104
  112  120  127  135  141  148  154  161  168  175  181  185  187  186  183  177
  171  165  159  155  152  151  151  151  152  153  154  155  154  152  150  148
  146  143  140  137  132  130  127  121   95                                   
    57.5-180.0 180.0   5.0 450.0                            LAT/LON1/LON2/DLON/H
  101   92   82   74   63   56   51   46   44   43   43   45   47   49   50   50
   50   51   52   54   58   63   68   72   77   80   83   87   90   95  100  107
  114  123  131  139  146  153  160  168  175  183  189  193  194  193  188  182
  175  169  164  160  158  157  157  157  158  159  159  160  159  158  155  153
  150  147  146  142  139  136  133  127  101                                   
    55.0-180.0 180.0   5.0 450.0                            LAT/LON1/LON2/DLON/H
  109   99   89   81   70   62   55   49   44   42   41   42   43   45   46   46
   46   46   46   48   52   56   62   68   73   78   83   87   92   97  103  109
  117  126  135  144  152  160  168  175  183  191  197  201  202  200  195  189
  182  176  171  169  167  166  166  166  166  166  166  166  165  163  160  157
  154  151  149  146  143  140  137  131  109                                   
    52.5-180.0 180.0   5.0 450.0                            LAT/LON1/LON2/DLON/H
  116  106   97   91   80   72   64   56   49   45   42   42   42   43   43   43
   43   43   43   45   47   52   58   64   71   77   83   88   93   99  105  112
  120  130  140  150  160  169  177  185  193  200  206  209  210  208  203  197
  191  186  182  180  179  179  178  177  176  175  174  173  172  169  165  162
  158  154  152  148  145  142  138  132  116                                   
    50.0-180.0 180.0   5.0 450.0                            LAT/LON1/LON2/DLON/H
  122  112  105  101   93   84   76   67   59   52   47   45   44   44   43   43
   43   43   43   44   47   51   56   63   70   77   84   90   95  101  107  115
  124  135  146  158  170  180  188  196  203  210  215  219  219  217  213  207
  201  197  194  192  192  191  190  188  186  183  181  179  177  174  170  167
  162  157  154  150  146  142  138  132  122                                   
    47.5-180.0 180.0   5.0 450.0                            LAT/LON1/LON2/DLON/H
  125  117  112  110  104   97   89   80   71   63   57   53   50   48   47   46
   46   46   46   47   50   53   59   65   72   79   86   92   98  104  110  118
  128  140  153  167  180  191  201  208  215  221  226  228  229  227  223  218
  213  208  205  204  202  201  198  196  192  189  186  184  182  179  175  171
  166  161  156  151  146  141  137  131  125                                   
    45.0-180.0 180.0   5.0 450.0                            LAT/LON1/LON2/DLON/H
  125  119  115  116  113  108  101   93   85   77   70   65   60   56   53   51
   51   51   52   54   56   59   64   70   77   84   90   96  102  107  114  122
  132  146  161  177  191  203  213  220  226  231  236  238  239  237  234  229
  224  220  216  213  210  207  204  200  196  193  189  187  185  182  179  176
  171  165  159  152  145  139  135  129  125                                   
    42.5-180.0 180.0   5.0 450.0                            LAT/LON1/LON2/DLON/H
  122  117  115  118  117  113  109  103   97   90   84   78   72   66   62   59
   59   59   60   62   64   68   72   78   84   90   96  101  106  112  118  126
  138  152  169  186  202  215  224  231  237  242  246  249  250  249  246  241
  237  231  226  221  217  212  208  203  199  195  192  189  187  186  184  181
  176  170  162  153  145  137  133  126  122                                   
    40.0-180.0 180.0   5.0 450.0                            LAT/LON1/LON2/DLON/H
  117  113  112  114  115  114  112  109  106  102   97   92   85   78   72   68
   67   67   69   71   73   77   81   86   92   97  102  107  113  118  124  133
  144  159  177  195  211  224  234  241  247  252  256  260  261  261  260  256
  251  245  239  232  225  219  213  208  204  200  197  194  192  190  188  187
  182  175  166  156  145  136  131  124  117                                   
    37.5-180.0 180.0   5.0 450.0                            LAT/LON1/LON2/DLON/H
  111  108  106  107  109  108  109  109  109  109  107  104   97   89   82   77
   75   75   76   78   81   84   89   94   99  105  109  114  120  125  132  140
  152  167  185  202  218  231  241  249  256  262  268  272  275  277  276  274
  270  264  256  248  239  231  224  219  215  210  206  202  199  197  195  194
  190  182  172  159  145  134  129  122  111                                   
    35.0-180.0 180.0   5.0 450.0                            LAT/LON1/LON2/DLON/H
  106  102   99   98   99  100  102  104  108  111  113  112  106   98   91   84
   81   80   81   82   85   90   95  101  106  111  116  122  127  134  141  149
  160  175  191  208  224  236  247  256  264  272  280  286  291  294  296  296
  293  288  281  271  262  253  245  238  233  228  222  216  211  208  205  204
  199  190  178  163  147  134  129  121  106                                   
    32.5-180.0 180.0   5.0 450.0                            LAT/LON1/LON2/DLON/H
  103   98   93   90   91   91   93   97  103  108  113  115  112  105   97   90
   86   83   83   84   88   93   99  105  111  117  122  128  135  142  150  158
  169  182  197  213  228  240  252  262  273  284  293  302  309  314  319  321
  321  318  312  304  294  284  275  267  260  253  245  236  229  223  219  215
  209  200  186  168  150  135  130  122  103                                   
    30.0-180.0 180.0   5.0 450.0                            LAT/LON1/LON2/DLON/H
  103   97   91   86   85   85   87   90   97  104  111  115  114  109  102   95
   89   85   84   85   89   94  101  109  115  121  127  134  142  150  158  167
  177  189  203  217  231  244  257  270  283  296  308  319  328  336  343  349
  352  352  349  343  334  324  313  303  294  284  273  262  251  242  235  230
  221  210  194  174  154  138  132  125  103                                   
    27.5-180.0 180.0   5.0 450.0                            LAT/LON1/LON2/DLON/H
  108  100   93   87   85   84   86   87   93   99  107  112  113  110  104   98
   91   87   84   85   89   96  104  112  119  125  131  138  147  156  166  175
  185  196  208  222  235  249  263  279  295  311  325  337  348  359  368  377
  383  387  388  385  377  367  354  342  330  317  304  289  275  263  253  245
  234  221  203  181  161  143  137  130  108                                   
    25.0-180.0 180.0   5.0 450.0                            LAT/LON1/LON2/DLON/H
  117  107  100   93   90   90   91   90   93   97  103  108  111  109  105  100
   93   88   86   86   90   97  106  114  122  128  134  141  150  161  172  182
  192  203  215  228  242  256  272  290  309  326  342  356  369  381  392  402
  412  419  423  423  417  407  393  379  364  348  332  316  300  285  273  261
  248  232  212  190  169  150  144  138  117                                   
    22.5-180.0 180.0   5.0 450.0                            LAT/LON1/LON2/DLON/H
  128  117  111  104  101  100  101   98   98   99  102  106  108  108  106  101
   96   91   88   89   93  100  109  117  124  130  135  143  153  164  177  188
  199  210  223  236  251  267  285  305  324  343  360  375  388  400  413  425
  435  445  451  453  450  439  425  408  391  374  357  340  323  306  291  277
  261  243  222  199  179  160  153  149  128                                   
    20.0-180.0 180.0   5.0 450.0                            LAT/LON1/LON2/DLON/H
  141  130  125  118  115  114  114  110  107  104  104  105  106  106  105  102
   98   94   92   93   97  104  112  120  126  131  136  143  153  166  180  193
  206  219  232  248  264  282  301  321  342  361  378  392  405  417  430  441
  453  463  470  473  470  460  445  428  410  393  376  360  342  325  308  291
  273  253  232  209  190  172  165  161  141                                   
    17.5-180.0 180.0   5.0 450.0                            LAT/LON1/LON2/DLON/H
  154  144  140  133  130  128  128  123  117  111  108  106  105  105  105  103
  100   97   96   97  101  107  114  121  127  131  136  143  154  168  183  198
  213  228  245  262  280  299  319  339  359  378  394  407  419  430  442  453
  463  472  479  482  479  469  455  438  422  406  392  376  360  342  323  304
  283  263  241  220  203  186  179  174  154                                   
    15.0-180.0 180.0   5.0 450.0                            LAT/LON1/LON2/DLON/H
  167  158  153  145  142  139  139  133  126  118  112  108  105  104  104  103
  102  101  100  101  105  109  115  121  126  130  135  143  154  169  186  204
  222  240  259  279  299  318  338  357  376  393  407  419  429  439  449  459
  467  475  480  482  479  470  457  442  429  416  404  390  375  356  336  315
  292  272  251  232  217  200  194  187  167                                   
    12.5-180.0 180.0   5.0 450.0                            LAT/LON1/LON2/DLON/H
  180  171  165  155  150  145  144  138  132  123  116  109  105  103  103  103
  103  103  103  104  106  109  113  118  123  128  134  143  155  172  191  211
  231  252  274  296  317  337  356  373  390  404  416  426  435  444  453  461
  468  473  476  476  472  465  454  443  434  425  416  404  388  369  346  323
  299  279  260  243  230  215  209  200  180                                   
    10.0-180.0 180.0   5.0 450.0                            LAT/LON1/LON2/DLON/H
  192  183  175  162  154  147  144  138  132  125  117  110  105  102  102  103
  104  105  105  105  106  106  109  113  118  125  133  143  158  176  197  219
  241  265  289  312  334  353  370  385  398  410  419  428  436  443  452  460
  466  469  470  469  464  458  450  444  439  434  427  416  399  378  353  328
  303  283  267  252  242  228  222  212  192                                   
     7.5-180.0 180.0   5.0 450.0                            LAT/LON1/LON2/DLON/H
  202  193  183  167  156  145  140  134  129  123  116  109  104  101  101  103
  104  106  106  105  103  102  102  106  113  121  132  145  161  181  203  227
