data/edconvlstm_nd/pred0940.15i
     1.0            IONOSPHERE MAPS     GNSS                IONEX VERSION / TYPE
pyspatialgeodesy        IME             05-JAN-18 20:20     PGM / RUN BY / DATE 
Map Name                                                    COMMENT             
Predicted global ionosphere maps (GIM).                     DESCRIPTION         
  2015     4     4     0     0     0                        EPOCH OF FIRST MAP  
  2015     4     5     0     0     0                        EPOCH OF LAST MAP   
  7200                                                      INTERVAL            
    13                                                      # OF MAPS IN FILE   
  NONE                                                      MAPPING FUNCTION    
10.0                                                        ELEVATION CUTOFF    
One-way carrier phase leveled to code                       OBSERVABLES USED    
  6371.0                                                    BASE RADIUS         
 2                                                          MAP DIMENSION       
   450.0 450.0   0.0                                        HGT1 / HGT2 / DHGT  
    87.5 -87.5  -2.5                                        LAT1 / LAT2 / DLAT  
  -180.0 180.0   5.0                                        LON1 / LON2 / DLON  
    -1                                                      EXPONENT            
                                                            END OF HEADER       
[from data line 3861]
    10                                                      START OF TEC MAP    
  2015     4     4    18     0     0                        EPOCH OF CURRENT MAP
    87.5-180.0 180.0   5.0 450.0                            LAT/LON1/LON2/DLON/H
  207  207  199  206  209  209  208  208  208  209  209  210  211  211  212  212
  213  213  213  213  213  212  212  211  210  209  207  206  204  202  200  199
  197  195  194  192  191  190  189  188  187  187  186  186  186  186  186  187
  187  188  189  189  190  191  192  193  194  196  197  198  198  199  200  201
  201  202  201  202  211  210  210  203  207                                   
    85.0-180.0 180.0   5.0 450.0                            LAT/LON1/LON2/DLON/H
  206  209  217  211  209  213  213  215  215  216  216  217  218  219  220  221
  222  223  223  223  224  223  222  221  220  218  216  214  212  209  207  204
  202  200  198  196  194  193  192  191  190  190  189  189  190  190  190  191
  192  193  194  195  197  198  199  201  202  204  205  206  207  208  209  209
  211  211  210  209  212  205  205  206  206                                   
    82.5-180.0 180.0   5.0 450.0                            LAT/LON1/LON2/DLON/H
  187  200  200  197  200  205  207  209  209  211  212  215  216  219  221  223
  225  227  229  230  231  231  230  229  227  225  221  218  214  210  206  202
  198  194  191  188  186  184  182  181  180  179  178  178  178  178  179  179
  180  182  183  185  187  188  190  192  193  195  196  198  199  200  200  201
  201  201  200  203  200  206  198  188  187                                   
    80.0-180.0 180.0   5.0 450.0                            LAT/LON1/LON2/DLON/H
  166  175  177  175  175  177  181  186  188  191  193  197  200  204  208  211
  215  218  221  223  224  225  224  223  221  217  213  208  203  197  192  186
  181  177  173  169  167  164  163  161  160  159  159  158  158  158  159  160
  161  163  164  166  168  170  172  174  175  177  178  179  180  181  181  181
  181  180  180  181  176  173  170  166  166                                   
    77.5-180.0 180.0   5.0 450.0                            LAT/LON1/LON2/DLON/H
  151  151  155  153  156  159  162  167  171  175  179  184  189  195  201  207
  213  218  222  226  229  230  230  229  227  223  218  212  206  199  192  186
  180  175  170  167  164  162  160  158  157  155  154  152  151  150  150  150
  150  151  152  153  155  156  157  158  159  160  161  161  161  161  160  159
  158  157  156  156  155  148  149  149  151                                   
    75.0-180.0 180.0   5.0 450.0                            LAT/LON1/LON2/DLON/H
  134  136  136  136  139  143  146  150  156  162  166  173  180  187  194  201
  209  215  222  227  231  233  235  234  232  228  223  216  209  201  194  187
  180  175  171  167  165  163  161  159  157  155  152  150  147  146  144  143
  143  143  143  143  144  144  144  144  144  144  143  143  142  141  140  139
  137  135  134  132  131  127  129  122  134                                   
    72.5-180.0 180.0   5.0 450.0                            LAT/LON1/LON2/DLON/H
  123  128  129  133  134  138  143  147  152  158  165  172  180  189  198  206
  215  223  230  237  242  246  248  248  246  242  236  229  221  213  205  198
  192  187  183  180  178  176  174  171  169  165  161  157  153  149  146  143
  141  140  139  138  137  136  135  134  132  131  129  128  126  124  123  121
  118  117  116  113  113  112  117  116  123                                   
    70.0-180.0 180.0   5.0 450.0                            LAT/LON1/LON2/DLON/H
  121  126  128  132  134  138  141  146  152  159  166  175  184  193  202  211
  220  229  237  244  250  254  257  257  256  252  246  239  231  223  215  208
  202  197  193  191  189  187  184  181  178  173  168  162  156  150  145  141
  138  136  133  132  130  127  125  122  120  117  115  113  110  108  106  104
  102  100  100   98  100  102  110  108  121                                   
    67.5-180.0 180.0   5.0 450.0                            LAT/LON1/LON2/DLON/H
  121  130  134  140  143  148  151  156  162  170  178  189  199  208  218  227
  235  244  252  259  265  270  273  273  271  267  261  254  246  238  231  224
  218  213  209  206  204  201  199  195  190  184  177  170  161  154  147  141
  136  133  130  127  125  122  119  115  112  109  106  104  102   99   98   96
   93   92   91   90   93   97  106  105  121                                   
    65.0-180.0 180.0   5.0 450.0                            LAT/LON1/LON2/DLON/H
  120  131  136  144  148  152  155  161  167  177  187  199  211  222  231  240
  248  255  263  270  276  281  284  284  282  278  272  265  257  250  243  236
  230  225  221  217  214  210  207  202  197  190  181  172  162  153  144  136
  130  126  122  119  116  113  109  105  101   98   95   93   91   89   87   85
   83   82   82   81   86   93  103  103  120                                   
    62.5-180.0 180.0   5.0 450.0                            LAT/LON1/LON2/DLON/H
  118  131  137  145  150  154  158  164  172  184  197  212  226  238  248  256
  263  270  276  283  288  292  294  294  292  287  281  275  268  261  254  248
  242  236  230  225  220  216  211  206  200  193  184  173  162  150  140  130
  123  118  114  111  108  105  101   98   94   91   89   87   85   84   82   80
   78   77   77   76   81   88   97   98  118                                   
    60.0-180.0 180.0   5.0 450.0                            LAT/LON1/LON2/DLON/H
  113  126  134  142  148  151  155  161  171  186  202  221  238  252  263  271
  278  283  289  294  299  302  303  302  299  295  289  283  277  271  265  259
  252  245  239  232  226  220  215  210  204  197  188  177  164  151  139  128
  119  113  109  106  104  101   98   94   91   89   87   86   85   83   82   80
   77   75   75   73   77   84   92   94  113                                   
    57.5-180.0 180.0   5.0 450.0                            LAT/LON1/LON2/DLON/H
  109  122  131  139  144  147  151  158  169  186  206  228  249  265  278  287
  293  298  302  306  309  311  312  310  307  302  298  293  288  283  278  271
  264  256  248  240  233  226  221  216  211  204  195  184  171  157  143  130
  120  114  109  106  104  102  100   97   95   93   92   92   91   90   88   86
   83   80   79   76   77   82   88   91  109                                   
    55.0-180.0 180.0   5.0 450.0                            LAT/LON1/LON2/DLON/H
  108  121  131  138  144  147  150  157  170  189  212  237  261  280  294  304
  310  314  316  319  321  322  321  319  316  312  309  305  302  297  292  285
  277  268  259  250  242  235  230  225  221  215  207  197  183  168  153  139
  128  120  116  113  111  110  109  107  106  105  105  105  104  103  101   99
   95   92   89   85   84   85   90   92  108                                   
    52.5-180.0 180.0   5.0 450.0                            LAT/LON1/LON2/DLON/H
  114  125  136  143  150  154  157  164  177  198  223  250  276  297  312  322
  328  331  333  334  334  334  333  331  329  326  323  321  318  314  309  301
  291  281  271  262  254  247  241  237  233  228  221  211  198  183  167  153
  141  132  127  125  124  123  123  123  123  123  123  123  122  121  119  116
  112  109  106  101   97   95   99   98  114                                   
    50.0-180.0 180.0   5.0 450.0                            LAT/LON1/LON2/DLON/H
  126  136  147  155  165  170  174  181  194  215  241  269  295  317  334  345
  350  352  352  351  350  349  348  347  346  344  343  341  338  333  326  317
  306  295  284  275  267  260  255  250  246  241  234  225  212  198  182  168
  156  147  142  140  140  140  141  142  142  143  143  143  142  140  138  136
  131  129  126  120  116  110  113  111  126                                   
    47.5-180.0 180.0   5.0 450.0                            LAT/LON1/LON2/DLON/H
  144  151  162  173  185  194  199  207  220  241  267  294  320  342  359  370
  375  376  374  371  369  367  367  366  366  366  365  363  359  352  343  331
  319  307  296  288  280  274  268  263  257  251  243  233  221  207  193  180
  169  162  157  155  155  156  158  160  161  161  161  161  159  157  155  153
  149  148  145  141  136  129  132  129  144                                   
    45.0-180.0 180.0   5.0 450.0                            LAT/LON1/LON2/DLON/H
  163  169  180  194  209  221  229  238  252  272  297  324  349  371  387  397
  402  401  397  393  389  388  387  388  389  389  388  385  378  369  356  342
  328  317  307  300  293  287  280  273  264  255  245  234  222  210  198  187
  178  172  168  166  167  169  171  173  175  176  175  174  172  169  167  165
  162  161  159  157  154  147  150  149  163                                   
    42.5-180.0 180.0   5.0 450.0                            LAT/LON1/LON2/DLON/H
  180  186  197  215  232  247  258  269  284  305  329  354  379  400  416  426
  430  427  422  415  411  409  409  411  412  411  409  403  395  382  367  351
  337  326  318  312  307  300  292  281  269  256  243  230  218  207  197  188
  181  177  174  173  173  175  178  180  183  184  183  181  179  175  173  171
  167  167  166  165  165  159  162  166  180                                   
    40.0-180.0 180.0   5.0 450.0                            LAT/LON1/LON2/DLON/H
  191  198  210  230  251  268  283  296  313  334  358  383  407  428  444  454
  457  454  446  439  433  431  431  433  433  431  427  419  407  393  377  361
  348  339  333  328  324  316  305  291  275  258  241  226  214  203  194  188
  183  179  177  176  176  178  181  184  186  188  187  185  182  178  175  172
  167  166  164  163  165  162  166  173  191                                   
    37.5-180.0 180.0   5.0 450.0                            LAT/LON1/LON2/DLON/H
  195  204  218  240  264  282  302  317  337  359  383  408  432  453  469  479
  482  478  470  462  456  453  453  452  451  447  441  432  420  406  391  377
  366  359  355  352  348  339  325  308  288  267  248  231  217  206  198  192
  189  185  183  181  181  182  184  188  191  192  192  190  187  183  178  173
  166  162  158  155  156  156  160  169  195                                   
    35.0-180.0 180.0   5.0 450.0                            LAT/LON1/LON2/DLON/H
  194  204  222  245  272  290  314  332  354  378  402  427  451  472  489  500
  504  500  493  485  479  475  472  470  467  462  455  447  437  425  414  403
  396  392  390  388  382  372  356  335  313  290  269  250  234  222  214  208
  204  200  197  194  193  193  195  198  201  203  203  201  197  193  188  180
  169  160  151  145  145  145  148  159  194                                   
    32.5-180.0 180.0   5.0 450.0                            LAT/LON1/LON2/DLON/H
  192  204  225  249  278  296  322  342  366  391  416  441  464  486  504  516
  521  520  514  507  500  495  491  487  482  478  473  468  462  455  448  443
  440  439  439  436  429  416  398  376  352  328  307  287  270  257  247  240
  234  228  223  219  217  216  217  219  221  222  221  219  216  211  205  195
  180  166  151  140  137  136  136  148  192                                   
    30.0-180.0 180.0   5.0 450.0                            LAT/LON1/LON2/DLON/H
  195  209  231  257  287  304  332  352  378  403  427  452  475  497  516  529
  536  537  533  528  522  516  510  504  500  498  498  498  497  496  496  496
  498  500  500  496  486  470  449  425  402  379  359  340  323  309  297  287
  279  271  264  259  255  253  252  252  252  251  248  244  240  234  228  217
  200  183  163  147  139  133  128  141  195                                   
    27.5-180.0 180.0   5.0 450.0                            LAT/LON1/LON2/DLON/H
  205  221  242  271  302  320  349  368  393  417  440  463  485  507  526  541
  550  553  552  549  544  537  530  524  522  525  531  538  545  550  555  561
  566  570  568  561  546  526  501  476  453  433  417  401  386  371  358  346
  335  325  317  310  305  302  300  297  294  289  282  274  266  259  253  243
  226  209  185  165  152  140  130  143  205                                   
    25.0-180.0 180.0   5.0 450.0                            LAT/LON1/LON2/DLON/H
  225  239  258  293  327  345  373  391  414  436  457  478  499  520  539  555
  566  571  574  572  567  560  552  548  550  560  573  588  601  612  621  629
  635  637  632  619  599  572  543  516  494  477  465  454  443  431  418  405
  392  381  372  366  361  358  353  348  341  331  318  305  293  283  275  266
  253  238  214  192  174  155  140  152  225                                   
    22.5-180.0 180.0   5.0 450.0                            LAT/LON1/LON2/DLON/H
  248  261  278  320  357  377  403  421  441  461  479  498  517  537  557  573
  586  595  599  599  595  587  579  577  584  600  622  643  660  673  682  689
  693  690  680  661  634  601  567  536  512  497  489  484  478  471  461  450
  437  426  418  413  411  407  402  394  383  369  351  333  316  303  294  285
  275  263  242  221  199  174  155  168  248                                   
    20.0-180.0 180.0   5.0 450.0                            LAT/LON1/LON2/DLON/H
  268  278  297  344  385  408  434  451  470  488  504  521  540  560  579  597
  612  624  631  633  628  619  610  610  622  644  672  696  714  725  731  733
  731  722  706  682  650  612  571  534  506  489  482  482  483  482  478  470
  460  451  446  445  444  442  436  426  412  394  372  350  330  315  305  297
  290  282  264  246  222  192  172  188  268                                   
    17.5-180.0 180.0   5.0 450.0                            LAT/LON1/LON2/DLON/H
  278  285  307  355  400  428  455  474  494  511  528  545  565  586  607  627
  645  660  670  673  668  656  646  646  661  687  717  741  756  762  761  756
  748  734  714  687  652  609  561  516  479  457  448  450  457  463  466  464
  460  456  455  457  459  458  451  439  422  401  376  351  329  313  304  297
  293  290  276  262  238  208  186  205  278                                   
    15.0-180.0 180.0   5.0 450.0                            LAT/LON1/LON2/DLON/H
  276  278  304  352  399  430  461  484  507  527  546  567  589  612  636  659
  681  700  714  719  712  699  686  685  699  726  754  776  785  784  776  765
  752  735  714  686  650  603  548  492  445  414  401  402  412  425  435  441
  444  445  448  452  455  454  446  432  413  390  363  336  314  298  290  285
  283  284  274  265  244  216  194  216  276                                   
    12.5-180.0 180.0   5.0 450.0                            LAT/LON1/LON2/DLON/H
  261  260  289  336  383  418  454  482  509  533  557  583  610  637  665  691
  717  741  758  765  759  743  728  725  737  761  785  800  803  795  782  767
  752  734  713  687  650  601  540  475  417  377  357  355  366  384  401  414
  423  428  433  437  440  437  427  412  392  367  339  312  290  275  269  265
  264  267  261  254  238  216  194  217  261                                   
    10.0-180.0 180.0   5.0 450.0                            LAT/LON1/LON2/DLON/H
  237  236  267  313  361  398  438  471  503  533  562  594  626  658  689  720
  750  778  799  808  804  788  772  766  775  794  811  818  814  802  786  769
  753  736  717  693  659  611  547  474  408  360  333  326  337  357  379  397
  410  417  421  423  422  416  404  388  367  343  315  289  268  254  247  244
  243  245  241  235  224  208  188  210  237                                   
     7.5-180.0 180.0   5.0 450.0                            LAT/LON1/LON2/DLON/H
  212  216  247  290  337  378  421  458  496  530  565  600  637  673  707  742
  775  806  831  844  843  831  816  809  813  824  833  832  822  807  790  774
