data/edconvlstm_nd/pred1540.15i
     1.0            IONOSPHERE MAPS     GNSS                IONEX VERSION / TYPE
pyspatialgeodesy        IME             05-JAN-18 20:20     PGM / RUN BY / DATE 
Map Name                                                    COMMENT             
Predicted global ionosphere maps (GIM).                     DESCRIPTION         
  2015     6     3     0     0     0                        EPOCH OF FIRST MAP  
  2015     6     4     0     0     0                        EPOCH OF LAST MAP   
  7200                                                      INTERVAL            
    13                                                      # OF MAPS IN FILE   
  NONE                                                      MAPPING FUNCTION    
10.0                                                        ELEVATION CUTOFF    
One-way carrier phase leveled to code                       OBSERVABLES USED    
  6371.0                                                    BASE RADIUS         
 2                                                          MAP DIMENSION       
   450.0 450.0   0.0                                        HGT1 / HGT2 / DHGT  
    87.5 -87.5  -2.5                                        LAT1 / LAT2 / DLAT  
  -180.0 180.0   5.0                                        LON1 / LON2 / DLON  
    -1                                                      EXPONENT            
                                                            END OF HEADER       
[from data line 3861]
    10                                                      START OF TEC MAP    
  2015     6     3    18     0     0                        EPOCH OF CURRENT MAP
    87.5-180.0 180.0   5.0 450.0                            LAT/LON1/LON2/DLON/H
  176  168  157  165  167  167  167  167  167  168  168  168  168  168  168  168
  168  168  167  167  166  165  165  164  163  163  162  161  160  160  159  159
  158  158  157  157  157  157  157  157  157  157  157  157  157  157  157  157
  157  156  156  156  156  155  155  155  155  155  155  155  155  155  155  155
  155  155  155  156  166  166  170  170  176                                   
    85.0-180.0 180.0   5.0 450.0                            LAT/LON1/LON2/DLON/H
  167  167  173  169  168  172  173  175  176  177  177  178  178  178  178  178
  177  177  176  175  175  174  173  172  171  170  169  168  167  166  165  165
  164  163  162  162  162  162  162  162  162  162  162  162  162  162  162  161
  161  161  160  160  159  159  158  158  158  158  157  157  157  157  158  158
  159  160  159  159  162  157  159  163  167                                   
    82.5-180.0 180.0   5.0 450.0                            LAT/LON1/LON2/DLON/H
  150  157  160  159  161  166  170  172  173  175  175  176  176  176  176  175
  175  174  173  172  172  171  170  169  167  166  165  164  162  161  159  158
  157  156  155  154  154  154  154  154  155  155  156  156  156  156  155  155
  154  153  152  152  151  150  149  148  148  147  147  147  146  146  146  146
  147  147  146  151  151  157  152  146  150                                   
    80.0-180.0 180.0   5.0 450.0                            LAT/LON1/LON2/DLON/H
  146  153  159  160  161  165  169  175  176  179  180  181  181  180  180  179
  178  177  176  175  174  173  172  171  170  169  167  165  163  161  159  157
  155  154  153  152  152  152  153  154  155  156  157  157  157  157  157  156
  155  154  153  152  151  150  149  148  147  146  146  145  145  144  145  145
  145  145  145  148  146  143  144  142  146                                   
    77.5-180.0 180.0   5.0 450.0                            LAT/LON1/LON2/DLON/H
  150  150  158  160  163  168  172  177  179  182  182  183  183  182  181  179
  178  176  175  175  175  175  175  175  174  174  172  170  168  165  162  160
  157  155  154  153  154  154  155  157  158  159  161  161  162  161  161  160
  159  157  156  154  153  152  150  149  148  148  147  147  146  146  146  146
  145  145  145  148  150  142  145  148  150                                   
    75.0-180.0 180.0   5.0 450.0                            LAT/LON1/LON2/DLON/H
  151  154  158  160  163  169  172  177  180  184  184  184  183  181  179  177
  175  173  173  173  174  175  177  178  179  179  178  176  174  170  167  164
  161  159  157  156  157  158  159  161  162  164  165  166  166  165  164  163
  161  160  158  157  155  154  153  152  151  151  150  150  150  150  150  151
  151  151  152  150  151  145  147  141  151                                   
    72.5-180.0 180.0   5.0 450.0                            LAT/LON1/LON2/DLON/H
  153  156  160  165  165  171  175  180  182  185  185  185  183  180  176  173
  170  169  168  169  171  174  177  180  181  182  182  180  178  174  171  167
  164  161  159  159  159  160  161  163  164  166  167  167  167  166  164  163
  161  159  158  156  155  154  153  153  153  153  153  153  153  154  155  156
  156  156  157  156  155  150  152  152  153                                   
    70.0-180.0 180.0   5.0 450.0                            LAT/LON1/LON2/DLON/H
  161  162  164  167  166  171  174  179  182  185  185  185  182  178  173  168
  165  163  162  164  167  171  175  178  181  182  182  181  178  175  172  168
  165  162  161  160  160  161  162  164  165  166  166  166  165  163  161  159
  157  156  154  153  153  152  152  152  152  152  153  154  155  156  158  160
  161  162  164  163  163  160  163  160  161                                   
    67.5-180.0 180.0   5.0 450.0                            LAT/LON1/LON2/DLON/H
  171  173  175  177  175  179  182  187  190  193  194  193  190  185  179  173
  169  166  165  167  170  174  178  182  185  186  186  184  182  179  176  173
  171  168  167  166  166  167  168  170  170  171  170  169  167  165  162  160
  159  157  157  156  155  155  155  155  155  156  157  159  160  163  165  168
  170  172  174  174  173  170  174  171  171                                   
    65.0-180.0 180.0   5.0 450.0                            LAT/LON1/LON2/DLON/H
  180  183  184  184  181  184  186  191  195  199  200  200  196  191  184  178
  172  168  167  168  170  174  177  180  182  183  183  181  180  178  176  174
  172  171  170  170  170  171  172  173  173  173  171  169  166  163  161  159
  157  156  156  156  155  155  154  154  154  155  156  157  159  162  166  169
  172  175  179  181  182  181  186  182  180                                   
    62.5-180.0 180.0   5.0 450.0                            LAT/LON1/LON2/DLON/H
  190  193  194  192  189  192  194  198  203  208  210  210  208  202  196  188
  182  177  175  174  175  177  178  179  180  180  179  178  177  176  175  175
  174  174  174  174  175  176  177  178  179  178  176  172  169  165  162  160
  159  159  159  158  158  157  155  154  153  153  154  155  157  160  164  168
  171  176  181  183  186  186  193  190  190                                   
    60.0-180.0 180.0   5.0 450.0                            LAT/LON1/LON2/DLON/H
  195  201  201  200  196  199  200  205  210  216  220  221  219  215  208  201
  194  188  184  181  180  179  178  177  176  175  174  173  173  174  174  175
  176  177  178  179  180  182  184  186  186  185  182  178  173  169  165  163
  163  163  162  162  160  158  156  153  151  149  149  150  152  155  159  163
  166  171  176  180  185  188  197  194  195                                   
    57.5-180.0 180.0   5.0 450.0                            LAT/LON1/LON2/DLON/H
  197  205  207  206  203  207  209  214  219  226  230  232  231  227  222  215
  208  201  195  190  186  182  178  175  173  171  170  170  171  173  175  177
  179  181  182  184  187  190  193  195  196  195  191  186  180  175  171  169
  168  168  168  166  164  160  156  151  147  145  144  144  146  148  152  155
  158  163  169  173  179  184  195  194  197                                   
    55.0-180.0 180.0   5.0 450.0                            LAT/LON1/LON2/DLON/H
  196  207  210  212  210  216  218  223  229  235  239  241  241  238  233  227
  221  213  206  198  191  185  179  175  171  169  169  170  172  175  177  180
  183  185  187  191  194  199  203  207  208  206  202  196  189  182  178  176
  175  174  173  170  166  161  155  149  143  140  138  138  139  141  144  147
  149  154  159  163  170  177  188  189  196                                   
    52.5-180.0 180.0   5.0 450.0                            LAT/LON1/LON2/DLON/H
  191  206  212  216  217  225  228  234  239  245  248  249  249  246  243  237
  231  223  214  204  195  187  181  176  173  171  172  174  177  180  182  185
  187  190  193  197  203  209  214  219  221  219  214  206  197  190  184  181
  180  178  176  171  166  159  152  145  139  135  133  133  134  136  138  141
  142  145  149  152  160  167  179  181  191                                   
    50.0-180.0 180.0   5.0 450.0                            LAT/LON1/LON2/DLON/H
  186  204  211  220  224  234  239  246  251  256  257  257  255  253  249  245
  239  230  220  210  199  191  184  179  177  178  180  183  186  188  190  192
  193  196  200  206  213  220  227  232  234  231  225  215  205  196  190  186
  183  180  176  170  163  156  148  141  135  131  130  130  132  134  136  137
  137  139  142  144  150  158  169  172  186                                   
    47.5-180.0 180.0   5.0 450.0                            LAT/LON1/LON2/DLON/H
  180  201  211  222  230  242  250  257  262  266  266  264  261  258  255  251
  245  236  225  214  204  195  189  186  185  187  191  195  198  200  200  201
  202  205  210  217  225  232  240  244  246  242  234  223  211  201  193  188
  184  180  174  167  159  151  143  137  132  129  129  130  132  135  136  137
  136  137  138  139  144  150  160  164  180                                   
    45.0-180.0 180.0   5.0 450.0                            LAT/LON1/LON2/DLON/H
  176  198  210  224  235  250  259  268  273  276  275  271  266  263  259  256
  250  241  230  219  209  201  197  195  196  199  204  209  212  213  213  212
  214  218  224  231  239  247  253  257  257  252  243  230  217  205  196  190
  184  178  171  162  154  146  140  135  132  130  131  134  136  139  141  141
  139  139  139  139  141  146  154  159  176                                   
    42.5-180.0 180.0   5.0 450.0                            LAT/LON1/LON2/DLON/H
  173  196  208  225  238  255  266  276  282  285  282  278  273  268  265  262
  256  247  236  225  216  209  206  205  207  212  218  223  227  228  227  227
  230  235  242  250  258  264  268  270  267  261  250  236  222  209  199  191
  184  176  167  158  150  143  138  135  134  134  136  140  143  146  148  148
  145  144  143  142  142  145  152  156  173                                   
    40.0-180.0 180.0   5.0 450.0                            LAT/LON1/LON2/DLON/H
  172  194  207  224  239  256  269  280  288  291  289  284  279  275  272  269
  263  255  244  234  225  219  216  215  218  223  231  238  242  244  244  246
  250  257  265  273  279  282  283  282  277  269  257  242  227  214  203  194
  185  176  165  156  148  142  139  138  138  141  144  148  152  154  156  155
  152  151  149  147  146  147  153  156  172                                   
    37.5-180.0 180.0   5.0 450.0                            LAT/LON1/LON2/DLON/H
  172  193  206  222  237  255  269  280  289  293  293  290  286  283  281  278
  273  265  255  246  238  231  227  225  228  234  243  251  258  262  264  268
  275  283  292  299  302  301  298  293  286  276  264  249  234  220  208  197
  187  176  165  156  148  144  143  143  145  149  153  157  161  163  163  162
  159  157  156  153  151  150  156  158  172                                   
    35.0-180.0 180.0   5.0 450.0                            LAT/LON1/LON2/DLON/H
  172  193  206  220  235  251  265  277  286  293  295  294  293  292  292  289
  285  278  269  260  252  245  239  236  237  244  255  266  276  282  288  294
  303  313  321  325  325  320  312  303  294  283  270  256  241  226  213  202
  190  178  167  157  151  149  149  151  153  157  162  166  169  170  169  168
  164  163  161  159  156  154  160  161  172                                   
    32.5-180.0 180.0   5.0 450.0                            LAT/LON1/LON2/DLON/H
  174  193  206  219  233  248  261  272  282  290  295  298  300  302  303  302
  299  293  286  278  270  261  253  248  249  257  270  284  296  306  314  323
  333  343  350  351  345  336  323  311  300  288  276  262  248  233  219  206
  193  181  169  160  155  154  155  158  161  165  170  174  175  175  173  171
  168  167  165  163  160  158  164  164  174                                   
    30.0-180.0 180.0   5.0 450.0                            LAT/LON1/LON2/DLON/H
  176  195  208  219  234  247  260  269  279  288  295  301  306  311  315  316
  314  310  305  298  289  279  269  264  265  275  290  307  321  333  343  353
  363  371  375  371  361  347  331  316  303  291  280  267  253  237  223  208
  195  182  171  163  159  159  161  164  167  172  176  179  180  178  175  172
  169  169  167  166  163  161  167  167  176                                   
    27.5-180.0 180.0   5.0 450.0                            LAT/LON1/LON2/DLON/H
  179  197  210  222  237  250  262  270  279  288  296  305  314  321  327  331
  331  329  325  319  310  299  289  285  288  300  317  335  351  362  372  381
  389  394  393  386  372  354  335  318  304  292  281  268  254  239  223  208
  194  181  171  164  162  162  164  167  171  175  179  182  182  178  175  171
  169  169  168  167  164  163  169  170  179                                   
    25.0-180.0 180.0   5.0 450.0                            LAT/LON1/LON2/DLON/H
  182  200  214  226  243  256  268  275  284  293  302  312  323  333  341  347
  350  350  348  342  333  323  315  312  318  332  350  368  382  392  399  405
  409  410  405  394  376  356  336  317  302  289  278  266  252  236  220  204
  190  178  169  163  161  162  164  167  171  175  179  181  180  176  172  169
  167  169  168  167  164  163  168  172  182                                   
    22.5-180.0 180.0   5.0 450.0                            LAT/LON1/LON2/DLON/H
  185  203  217  231  250  264  278  285  293  302  311  322  334  346  356  364
  370  372  372  367  359  350  344  345  354  369  387  402  412  418  421  422
  423  419  410  396  377  357  335  316  299  286  274  261  247  230  214  198
  184  173  164  159  158  159  161  164  167  172  176  177  176  172  168  165
  164  167  166  165  162  161  165  171  185                                   
    20.0-180.0 180.0   5.0 450.0                            LAT/LON1/LON2/DLON/H
  188  205  220  236  256  272  287  296  305  314  323  335  347  360  372  383
  391  395  396  393  386  380  378  383  394  409  423  433  438  438  436  433
  430  423  411  396  378  357  336  316  298  282  269  256  241  224  207  191
  177  166  158  154  152  153  155  158  162  166  169  170  169  165  162  161
  161  164  163  161  158  156  159  168  188                                   
    17.5-180.0 180.0   5.0 450.0                            LAT/LON1/LON2/DLON/H
  186  203  219  238  261  279  296  305  316  326  335  347  361  375  388  401
  411  418  421  419  414  410  412  420  433  445  454  458  456  450  444  438
  432  423  411  397  380  362  341  320  300  282  267  252  236  219  201  186
  172  161  153  149  147  148  150  152  155  159  161  162  160  156  154  155
  156  160  159  156  151  149  151  162  186                                   
    15.0-180.0 180.0   5.0 450.0                            LAT/LON1/LON2/DLON/H
  180  197  215  236  260  280  299  311  324  335  345  358  372  386  402  417
  429  439  443  442  439  439  444  454  465  474  476  473  465  455  447  439
  432  423  412  400  386  370  351  329  307  286  268  252  235  217  200  184
  170  159  150  145  144  144  146  148  150  152  153  152  150  147  147  148
  150  154  153  149  143  139  140  153  180                                   
    12.5-180.0 180.0   5.0 450.0                            LAT/LON1/LON2/DLON/H
  169  187  206  229  254  276  297  311  326  339  351  364  379  395  411  428
  443  454  460  461  460  462  469  479  488  491  487  478  466  454  445  438
  431  424  416  406  396  382  363  340  316  294  273  255  237  219  202  186
  172  159  150  145  143  143  145  146  147  146  145  143  141  139  139  141
  143  146  144  139  133  129  128  141  169                                   
    10.0-180.0 180.0   5.0 450.0                            LAT/LON1/LON2/DLON/H
  157  175  195  218  243  266  289  306  324  339  352  366  381  398  416  434
  451  463  470  472  473  477  485  493  498  496  486  473  460  450  442  437
  432  427  421  414  405  392  374  351  326  302  280  260  241  223  206  190
  175  161  151  145  143  144  146  146  145  142  139  135  132  131  131  133
  134  136  134  128  122  118  117  130  157                                   
     7.5-180.0 180.0   5.0 450.0                            LAT/LON1/LON2/DLON/H
  145  164  184  208  233  256  280  298  318  335  350  365  380  397  415  434
  451  464  471  474  477  481  488  495  496  489  477  464  452  445  440  437
