data/edconvlstm_nd/pred1530.15i
     1.0            IONOSPHERE MAPS     GNSS                IONEX VERSION / TYPE
pyspatialgeodesy        IME             05-JAN-18 20:20     PGM / RUN BY / DATE 
Map Name                                                    COMMENT             
Predicted global ionosphere maps (GIM).                     DESCRIPTION         
  2015     6     2     0     0     0                        EPOCH OF FIRST MAP  
  2015     6     3     0     0     0                        EPOCH OF LAST MAP   
  7200                                                      INTERVAL            
    13                                                      # OF MAPS IN FILE   
  NONE                                                      MAPPING FUNCTION    
10.0                                                        ELEVATION CUTOFF    
One-way carrier phase leveled to code                       OBSERVABLES USED    
  6371.0                                                    BASE RADIUS         
 2                                                          MAP DIMENSION       
   450.0 450.0   0.0                                        HGT1 / HGT2 / DHGT  
    87.5 -87.5  -2.5                                        LAT1 / LAT2 / DLAT  
  -180.0 180.0   5.0                                        LON1 / LON2 / DLON  
    -1                                                      EXPONENT            
                                                            END OF HEADER       
[from data line 4290]
    11                                                      START OF TEC MAP    
  2015     6     2    20     0     0                        EPOCH OF CURRENT MAP
    87.5-180.0 180.0   5.0 450.0                            LAT/LON1/LON2/DLON/H
  178  168  155  162  164  164  164  163  163  164  164  164  164  165  165  165
  165  164  164  164  163  162  162  161  160  158  157  156  155  153  152  151
  150  149  148  147  146  145  145  144  144  143  143  143  143  143  143  143
  144  144  144  144  145  145  146  146  147  147  148  148  149  150  150  150
  151  152  151  153  164  164  168  170  178                                   
    85.0-180.0 180.0   5.0 450.0                            LAT/LON1/LON2/DLON/H
  171  172  176  170  168  172  173  174  175  176  176  176  176  177  177  177
  177  177  177  176  176  175  174  173  172  170  169  167  166  164  162  160
  159  157  156  155  154  153  152  152  151  151  150  150  150  150  150  150
  150  151  151  151  152  152  153  154  154  155  156  156  157  158  158  159
  161  161  161  161  166  159  161  164  171                                   
    82.5-180.0 180.0   5.0 450.0                            LAT/LON1/LON2/DLON/H
  154  161  162  161  162  167  169  171  170  171  172  173  173  173  174  174
  174  174  174  174  174  173  172  171  169  167  165  163  160  158  155  153
  151  149  147  146  145  144  143  143  142  142  142  142  142  142  142  142
  142  142  143  143  144  144  145  146  147  147  148  149  149  150  151  151
  152  151  151  156  158  164  158  153  154                                   
    80.0-180.0 180.0   5.0 450.0                            LAT/LON1/LON2/DLON/H
  148  155  160  160  159  161  165  168  169  171  171  172  172  173  173  174
  174  174  174  174  174  174  173  171  169  167  164  161  158  154  151  148
  145  143  141  140  139  138  138  138  138  138  138  138  138  138  138  138
  139  139  140  140  141  142  143  144  145  145  146  147  147  148  148  149
  150  149  150  152  151  147  147  148  148                                   
    77.5-180.0 180.0   5.0 450.0                            LAT/LON1/LON2/DLON/H
  150  150  157  156  158  162  164  167  168  169  169  169  169  170  170  170
  171  171  172  173  174  174  174  173  171  168  165  161  157  153  149  146
  143  141  139  138  138  138  138  138  139  139  139  140  140  140  140  141
  141  142  142  143  144  144  145  146  147  147  148  148  148  148  148  148
  147  147  147  148  151  144  147  153  150                                   
    75.0-180.0 180.0   5.0 450.0                            LAT/LON1/LON2/DLON/H
  148  150  154  154  156  160  161  164  165  167  166  166  166  165  165  165
  165  166  168  169  171  172  173  173  172  169  166  162  158  153  149  145
  142  140  139  138  138  139  139  140  141  141  141  141  141  141  141  141
  142  142  143  143  144  145  146  147  147  148  149  149  149  149  149  149
  148  147  147  145  147  140  144  139  148                                   
    72.5-180.0 180.0   5.0 450.0                            LAT/LON1/LON2/DLON/H
  147  149  154  158  157  162  164  166  166  167  165  165  163  161  160  159
  159  160  162  164  167  170  172  173  172  170  166  162  157  153  148  145
  142  140  139  139  139  140  141  142  142  142  142  141  141  140  140  141
  141  142  143  144  144  145  146  147  148  148  149  149  150  150  150  149
  147  147  146  143  144  139  144  146  147                                   
    70.0-180.0 180.0   5.0 450.0                            LAT/LON1/LON2/DLON/H
  151  153  157  160  159  163  165  167  168  169  167  165  163  160  157  155
  154  154  156  159  163  167  170  172  172  170  167  163  158  153  149  146
  143  142  141  141  141  142  143  143  143  142  141  139  138  137  136  136
  137  138  139  140  141  142  142  143  144  145  146  147  148  149  150  150
  149  148  148  146  148  144  149  149  151                                   
    67.5-180.0 180.0   5.0 450.0                            LAT/LON1/LON2/DLON/H
  160  163  168  171  171  175  176  179  179  180  178  176  172  168  163  159
  157  157  158  161  166  170  174  176  176  175  172  168  164  160  156  153
  151  150  149  148  148  148  149  148  147  146  143  141  138  136  135  136
  136  138  139  141  142  142  143  143  144  146  147  149  151  153  155  156
  155  155  156  153  154  151  155  156  160                                   
    65.0-180.0 180.0   5.0 450.0                            LAT/LON1/LON2/DLON/H
  168  172  177  180  179  183  184  186  188  189  187  185  181  175  169  164
  160  158  158  161  165  170  174  176  177  176  173  170  167  164  161  159
  158  156  155  154  153  153  152  151  149  146  142  138  135  132  130  130
  131  133  135  136  136  137  137  137  138  140  142  146  149  152  155  158
  159  160  162  161  163  161  166  167  168                                   
    62.5-180.0 180.0   5.0 450.0                            LAT/LON1/LON2/DLON/H
  179  184  189  191  191  194  195  197  199  201  200  198  193  187  180  173
  167  164  163  165  168  172  176  178  179  178  176  174  171  170  168  167
  165  164  162  160  159  158  157  155  152  148  143  138  133  129  127  127
  128  130  132  132  132  132  131  131  132  134  138  142  147  152  157  161
  163  165  168  168  171  169  175  177  179                                   
    60.0-180.0 180.0   5.0 450.0                            LAT/LON1/LON2/DLON/H
  189  195  200  202  201  205  205  207  209  211  211  210  206  199  191  183
  175  170  168  168  170  174  176  178  179  178  177  176  175  175  175  174
  173  171  169  167  165  164  162  161  158  153  147  140  133  128  126  125
  126  128  129  129  128  127  125  124  125  127  132  137  144  150  157  162
  165  169  173  174  178  178  185  187  189                                   
    57.5-180.0 180.0   5.0 450.0                            LAT/LON1/LON2/DLON/H
  198  205  210  212  211  216  215  217  219  222  222  221  218  211  203  194
  185  178  174  173  173  175  177  178  178  177  177  177  178  179  180  181
  180  179  176  174  172  171  170  169  166  161  153  145  137  131  127  126
  127  128  128  127  125  122  119  118  118  121  126  133  140  148  156  163
  167  172  177  179  184  184  193  195  198                                   
    55.0-180.0 180.0   5.0 450.0                            LAT/LON1/LON2/DLON/H
  206  214  219  222  222  227  227  229  230  232  233  232  229  223  214  204
  195  186  181  177  176  176  177  177  176  176  176  177  179  182  184  185
  186  185  183  181  180  180  179  178  176  170  162  153  143  136  131  130
  130  130  129  127  123  119  115  113  113  116  121  128  137  146  155  163
  169  175  180  182  188  189  199  202  206                                   
    52.5-180.0 180.0   5.0 450.0                            LAT/LON1/LON2/DLON/H
  211  221  226  231  232  238  239  241  242  244  243  243  239  233  224  214
  204  194  187  183  180  178  177  176  175  175  175  177  179  183  186  188
  190  190  190  189  189  189  190  189  187  181  172  161  150  142  137  135
  134  133  131  127  122  116  112  110  110  112  118  125  133  143  153  162
  169  177  183  185  191  193  204  207  211                                   
    50.0-180.0 180.0   5.0 450.0                            LAT/LON1/LON2/DLON/H
  214  226  232  239  242  250  252  254  255  257  256  254  250  243  235  224
  214  204  196  189  185  181  179  177  175  174  175  177  180  183  187  191
  193  195  197  197  198  200  201  200  197  191  181  169  158  149  143  141
  140  138  134  129  122  116  111  109  109  111  116  122  131  141  152  162
  170  179  186  188  195  198  208  211  214                                   
    47.5-180.0 180.0   5.0 450.0                            LAT/LON1/LON2/DLON/H
  216  229  236  245  250  261  264  268  270  271  270  267  262  255  246  235
  224  214  205  198  192  187  183  180  177  176  177  178  181  184  188  193
  198  202  205  207  209  211  212  211  207  200  189  176  164  155  149  147
  145  143  138  130  123  116  111  109  110  112  115  121  129  139  151  162
  172  182  190  193  200  203  212  216  216                                   
    45.0-180.0 180.0   5.0 450.0                            LAT/LON1/LON2/DLON/H
  217  231  238  248  256  268  275  280  284  286  284  281  276  268  258  247
  237  226  217  209  202  196  190  186  183  182  181  182  184  187  192  197
  204  210  215  219  222  223  223  221  215  207  195  182  169  160  155  152
  151  147  141  133  125  118  114  112  112  114  117  122  129  138  151  163
  175  186  196  200  206  210  218  221  217                                   
    42.5-180.0 180.0   5.0 450.0                            LAT/LON1/LON2/DLON/H
  218  231  238  248  258  272  281  289  295  299  299  296  290  282  272  261
  250  240  230  222  214  207  201  196  192  191  190  190  191  193  198  205
  213  221  228  233  235  236  234  230  223  213  200  186  174  165  160  158
  156  152  145  136  127  121  117  116  117  118  120  124  130  139  152  166
  178  192  203  208  214  218  225  229  218                                   
    40.0-180.0 180.0   5.0 450.0                            LAT/LON1/LON2/DLON/H
  218  230  237  246  256  271  282  293  302  309  311  310  305  297  287  276
  266  255  245  237  228  221  214  209  205  203  202  201  201  203  208  216
  225  235  243  248  250  248  244  238  229  218  205  191  178  169  165  163
  161  156  149  140  131  125  122  121  122  122  124  126  132  141  154  168
  183  198  210  217  223  228  233  237  218                                   
    37.5-180.0 180.0   5.0 450.0                            LAT/LON1/LON2/DLON/H
  220  230  236  243  253  267  280  293  305  315  320  322  319  312  303  293
  282  271  261  252  244  236  229  224  220  218  217  216  216  218  223  231
  242  252  259  263  263  260  253  245  236  224  211  197  184  175  169  167
  165  160  153  144  136  130  127  127  127  127  127  130  135  143  156  171
  187  203  217  226  231  236  241  246  220                                   
    35.0-180.0 180.0   5.0 450.0                            LAT/LON1/LON2/DLON/H
  223  231  237  241  251  263  275  290  305  319  328  332  332  327  319  309
  299  288  278  269  260  252  245  240  237  236  235  234  234  236  241  250
  260  269  275  277  274  268  260  251  241  230  217  203  190  180  174  171
  168  164  156  148  140  135  132  131  130  130  130  132  137  145  158  173
  189  207  222  232  238  243  249  254  223                                   
    32.5-180.0 180.0   5.0 450.0                            LAT/LON1/LON2/DLON/H
  229  235  241  244  252  261  273  287  305  321  333  342  344  342  337  327
  317  305  295  285  276  268  261  257  255  254  254  254  255  257  262  270
  279  286  289  287  281  273  263  253  244  234  222  209  196  185  178  174
  170  165  159  151  144  139  136  134  132  132  132  134  138  146  158  174
  190  209  224  236  242  247  254  260  229                                   
    30.0-180.0 180.0   5.0 450.0                            LAT/LON1/LON2/DLON/H
  237  243  250  251  259  266  277  290  308  326  341  352  358  359  356  348
  337  325  313  303  294  285  279  274  273  273  274  275  276  279  284  291
  297  300  298  292  282  271  260  251  242  234  225  213  199  187  179  174
  170  165  159  152  145  141  137  134  132  131  131  134  138  145  156  171
  187  206  222  235  241  248  256  264  237                                   
    27.5-180.0 180.0   5.0 450.0                            LAT/LON1/LON2/DLON/H
  248  255  262  265  272  279  288  299  317  335  351  365  375  379  378  371
  360  347  335  324  313  304  297  292  290  291  293  295  297  300  305  309
  312  309  302  291  277  264  252  243  236  230  223  212  199  187  177  171
  167  162  156  150  144  140  136  132  130  129  130  132  136  142  152  165
  180  200  216  230  237  245  255  266  248                                   
    25.0-180.0 180.0   5.0 450.0                            LAT/LON1/LON2/DLON/H
  259  268  278  283  292  299  308  317  333  350  367  383  395  402  403  397
  387  374  360  348  336  325  316  310  308  309  311  314  317  320  323  324
  322  313  300  283  266  251  239  230  225  221  215  206  194  182  172  166
  161  156  151  145  140  136  132  129  127  126  126  128  131  136  144  157
  171  190  207  221  230  239  252  265  259                                   
    22.5-180.0 180.0   5.0 450.0                            LAT/LON1/LON2/DLON/H
  269  281  293  303  315  324  333  341  355  371  388  404  418  427  430  427
  417  404  390  376  362  349  338  330  326  326  328  331  334  336  337  334
  326  312  293  272  253  236  224  215  211  208  204  196  185  174  165  158
  153  149  144  139  134  130  127  124  122  122  122  124  125  128  135  145
  159  178  195  210  221  232  247  261  269                                   
    20.0-180.0 180.0   5.0 450.0                            LAT/LON1/LON2/DLON/H
  275  291  306  320  336  348  359  368  380  395  411  428  442  454  459  457
  449  437  423  408  392  376  361  350  344  342  342  345  347  348  347  340
  327  308  285  262  240  223  210  202  197  194  191  184  175  165  157  150
  145  141  135  131  127  124  122  120  118  118  118  118  118  119  123  132
  145  164  181  197  210  224  240  257  275                                   
    17.5-180.0 180.0   5.0 450.0                            LAT/LON1/LON2/DLON/H
  277  296  313  330  351  366  380  390  403  417  432  449  465  478  485  486
  481  471  457  441  423  404  385  371  361  356  355  356  357  357  353  343
  326  305  280  255  234  216  203  194  188  184  180  175  167  158  151  144
  139  134  128  123  120  118  117  116  116  115  114  113  111  109  112  119
  130  149  168  185  200  215  234  251  277                                   
    15.0-180.0 180.0   5.0 450.0                            LAT/LON1/LON2/DLON/H
  273  296  314  333  356  374  391  402  417  431  447  464  481  495  505  509
  508  500  489  472  452  430  409  391  378  370  366  365  365  363  357  345
  326  304  279  256  235  218  205  194  186  181  176  171  164  156  148  142
  136  129  122  117  114  113  114  114  114  113  111  108  104  101  102  107
  117  136  155  173  190  209  228  246  273                                   
    12.5-180.0 180.0   5.0 450.0                            LAT/LON1/LON2/DLON/H
  267  292  310  329  352  372  392  404  420  435  452  469  487  502  515  523
  525  522  513  497  476  452  428  408  392  381  375  371  370  367  360  347
  328  306  284  263  245  230  216  204  194  186  180  173  166  159  151  143
  135  127  119  114  111  111  113  114  115  113  110  105   99   95   95   99
  107  124  143  162  182  203  225  243  267                                   
    10.0-180.0 180.0   5.0 450.0                            LAT/LON1/LON2/DLON/H
  261  288  306  322  345  364  385  398  414  430  446  463  481  498  513  524
  531  532  525  511  491  466  442  421  403  390  382  377  374  370  362  348
  330  311  293  276  261  247  234  221  209  199  191  183  175  166  157  147
  137  126  118  112  110  111  113  115  116  114  109  103   97   92   91   93
  100  116  135  154  176  201  224  242  261                                   
     7.5-180.0 180.0   5.0 450.0                            LAT/LON1/LON2/DLON/H
  258  287  305  319  339  357  376  389  404  419  434  450  467  484  500  514
  523  527  524  513  494  471  448  428  411  398  388  382  378  372  363  348
