data/edconvlstm_nd/pred2720.15i
     1.0            IONOSPHERE MAPS     GNSS                IONEX VERSION / TYPE
pyspatialgeodesy        IME             05-JAN-18 20:20     PGM / RUN BY / DATE 
Map Name                                                    COMMENT             
Predicted global ionosphere maps (GIM).                     DESCRIPTION         
  2015     9    29     0     0     0                        EPOCH OF FIRST MAP  
  2015     9    30     0     0     0                        EPOCH OF LAST MAP   
  7200                                                      INTERVAL            
    13                                                      # OF MAPS IN FILE   
  NONE                                                      MAPPING FUNCTION    
10.0                                                        ELEVATION CUTOFF    
One-way carrier phase leveled to code                       OBSERVABLES USED    
  6371.0                                                    BASE RADIUS         
 2                                                          MAP DIMENSION       
   450.0 450.0   0.0                                        HGT1 / HGT2 / DHGT  
    87.5 -87.5  -2.5                                        LAT1 / LAT2 / DLAT  
  -180.0 180.0   5.0                                        LON1 / LON2 / DLON  
    -1                                                      EXPONENT            
                                                            END OF HEADER       
[from data line 429]
     2                                                      START OF TEC MAP    
  2015     9    29     2     0     0                        EPOCH OF CURRENT MAP
    87.5-180.0 180.0   5.0 450.0                            LAT/LON1/LON2/DLON/H
  105  111  112  114  113  112  109  108  110  110  111  111  112  112  112  111
  111  110  109  108  106  104  103  101   99   98   96   94   93   91   90   89
   88   87   86   86   85   85   85   86   86   87   87   88   89   90   91   92
   93   94   95   96   97   98   98   99   99  100  100  100  101  100  100  101
  103  104  102  101  102  108  112  104  105                                   
    85.0-180.0 180.0   5.0 450.0                            LAT/LON1/LON2/DLON/H
  108  120  108  116  118  118  116  116  117  117  117  118  118  117  117  116
  114  113  111  109  106  104  101   98   95   93   90   87   85   83   82   80
   79   79   78   78   79   79   80   82   83   84   86   88   89   91   93   94
   96   98   99  101  102  103  105  106  107  108  108  109  110  110  110  111
  113  114  111  113  111  114  118  109  108                                   
    82.5-180.0 180.0   5.0 450.0                            LAT/LON1/LON2/DLON/H
  113  116  128  125  123  124  123  123  125  126  125  126  125  125  124  122
  120  118  115  111  108  104  100   95   91   87   83   79   76   73   71   69
   68   67   67   68   69   71   73   75   77   80   82   85   88   90   93   95
   98  100  102  105  107  109  111  113  115  116  118  119  120  121  121  123
  124  123  121  119  124  114  116  114  113                                   
    80.0-180.0 180.0   5.0 450.0                            LAT/LON1/LON2/DLON/H
  127  127  127  124  124  124  126  127  129  129  128  129  128  127  126  124
  121  118  114  110  105  100   94   89   84   78   73   69   65   62   59   57
   56   56   57   58   60   62   64   67   70   72   75   78   81   84   87   90
   93   95   98  102  105  108  111  114  116  119  121  123  125  126  128  130
  131  129  127  126  138  132  135  128  127                                   
    77.5-180.0 180.0   5.0 450.0                            LAT/LON1/LON2/DLON/H
  137  137  134  134  127  128  131  133  134  133  132  132  131  130  128  126
  122  119  115  110  105  100   94   88   82   76   70   65   61   58   55   53
   52   53   53   55   57   60   62   65   68   71   74   77   80   82   85   88
   91   94   98  102  106  110  115  119  123  127  130  133  136  138  140  142
  143  144  141  142  148  144  145  143  137                                   
    75.0-180.0 180.0   5.0 450.0                            LAT/LON1/LON2/DLON/H
  144  145  142  141  132  132  132  132  132  131  128  128  126  124  121  118
  115  112  108  104  100   95   90   85   79   74   68   63   59   55   53   51
   50   50   51   52   54   56   59   61   63   65   67   69   71   73   75   77
   80   84   88   93   98  104  109  115  121  126  131  135  139  142  145  149
  150  151  151  147  154  155  156  157  144                                   
    72.5-180.0 180.0   5.0 450.0                            LAT/LON1/LON2/DLON/H
  150  155  152  148  140  136  135  134  133  129  126  124  121  117  113  110
  106  103  100   97   95   91   88   84   79   74   69   65   61   58   56   54
   54   54   54   55   56   58   60   61   63   65   66   67   68   69   70   72
   75   79   84   90   96  103  111  118  125  132  137  142  147  151  155  159
  161  163  166  164  167  165  167  169  150                                   
    70.0-180.0 180.0   5.0 450.0                            LAT/LON1/LON2/DLON/H
  163  165  162  156  146  141  137  133  131  126  121  117  112  106  101   96
   92   90   88   87   86   84   82   79   76   72   68   65   62   59   57   56
   56   55   56   56   56   57   58   58   59   60   61   62   62   63   64   65
   68   72   78   85   93  102  111  120  128  135  141  147  152  156  160  165
  168  170  174  175  178  178  181  181  163                                   
    67.5-180.0 180.0   5.0 450.0                            LAT/LON1/LON2/DLON/H
  170  173  168  160  149  141  135  130  126  119  113  107  100   93   87   81
   77   75   74   75   75   75   75   73   71   68   64   61   59   57   55   54
   54   53   53   52   51   51   51   51   52   52   53   53   53   53   54   56
   59   64   70   79   88   98  108  118  127  134  140  146  150  154  158  163
  166  168  174  175  181  182  185  187  170                                   
    65.0-180.0 180.0   5.0 450.0                            LAT/LON1/LON2/DLON/H
  176  178  172  163  151  141  134  128  123  116  108  102   94   86   78   72
   68   66   66   68   69   71   71   70   67   64   61   58   56   55   53   53
   52   51   50   49   47   46   46   46   46   47   48   48   49   49   50   51
   55   60   68   77   88   99  110  120  129  136  141  145  149  152  155  159
  162  165  170  173  180  182  188  191  176                                   
    62.5-180.0 180.0   5.0 450.0                            LAT/LON1/LON2/DLON/H
  181  182  177  167  154  143  134  128  122  115  107  101   93   84   76   70
   66   64   65   67   69   70   70   68   66   62   59   56   54   52   51   51
   50   49   47   45   44   43   42   42   43   45   46   47   48   49   50   52
   56   62   70   80   92  104  116  125  133  139  144  147  149  152  154  157
  159  161  167  169  176  180  186  191  181                                   
    60.0-180.0 180.0   5.0 450.0                            LAT/LON1/LON2/DLON/H
  183  184  179  169  156  144  134  127  121  114  107  101   93   85   78   72
   68   66   67   68   70   70   69   67   63   60   56   53   51   49   48   48
   47   46   44   43   41   40   40   41   43   45   48   50   51   52   53   56
   60   66   76   87   99  111  122  131  138  143  146  149  151  152  154  157
  158  159  163  165  172  176  182  187  183                                   
    57.5-180.0 180.0   5.0 450.0                            LAT/LON1/LON2/DLON/H
  185  187  181  172  159  146  136  128  121  114  107  102   95   89   82   77
   73   71   71   72   72   71   69   66   62   58   54   51   49   48   47   46
   45   45   44   43   42   42   42   44   46   49   52   55   57   59   60   63
   68   75   85   96  109  121  131  139  145  149  151  153  155  157  159  161
  161  161  164  165  171  174  179  185  185                                   
    55.0-180.0 180.0   5.0 450.0                            LAT/LON1/LON2/DLON/H
  189  190  185  176  165  151  140  131  123  114  107  103   97   91   86   82
   78   76   75   75   73   71   69   65   62   58   55   53   51   49   49   48
   47   47   47   47   47   47   48   50   52   56   59   63   65   67   69   73
   78   86   96  108  120  131  141  148  152  155  157  159  161  163  166  169
  169  169  170  169  174  175  180  184  189                                   
    52.5-180.0 180.0   5.0 450.0                            LAT/LON1/LON2/DLON/H
  195  196  190  184  174  160  149  138  128  118  109  104   99   94   89   86
   82   80   78   76   74   72   69   67   65   63   61   59   57   56   54   53
   53   53   54   55   56   57   58   59   61   64   68   71   74   76   79   83
   89   97  108  120  132  143  151  157  160  162  163  165  168  172  176  180
  181  180  181  179  181  181  183  187  195                                   
    50.0-180.0 180.0   5.0 450.0                            LAT/LON1/LON2/DLON/H
  201  202  197  195  186  174  163  150  138  125  114  107  101   96   92   88
   85   81   79   76   74   73   73   73   73   73   72   71   68   66   64   62
   61   62   64   66   68   69   70   70   71   73   76   79   82   85   88   93
  100  110  121  133  145  155  163  168  170  170  170  172  176  181  186  191
  193  193  193  190  191  189  190  194  201                                   
    47.5-180.0 180.0   5.0 450.0                            LAT/LON1/LON2/DLON/H
  207  209  205  206  199  190  180  167  153  137  124  114  106  100   95   91
   86   82   79   77   76   77   79   82   85   87   87   85   81   77   74   71
   71   72   74   77   80   82   82   81   81   82   83   86   89   92   96  103
  111  122  134  146  158  168  175  178  179  178  178  179  183  188  195  201
  203  204  204  200  201  197  198  201  207                                   
    45.0-180.0 180.0   5.0 450.0                            LAT/LON1/LON2/DLON/H
  211  214  213  217  212  206  199  187  172  154  137  125  115  107  101   95
   90   85   82   81   81   84   89   94   99  102  101   98   93   87   82   79
   78   79   83   87   90   92   91   90   88   88   90   92   95   99  104  112
  121  133  146  159  170  180  186  189  189  187  186  186  189  194  201  207
  210  211  211  207  208  204  205  209  211                                   
    42.5-180.0 180.0   5.0 450.0                            LAT/LON1/LON2/DLON/H
  215  219  219  225  224  221  217  206  191  173  155  141  129  119  111  103
   97   92   89   89   91   96  102  108  113  114  112  107   99   92   86   82
   82   84   88   93   97   99   98   96   94   94   95   98  101  105  111  120
  130  143  156  169  181  191  197  200  200  197  194  194  196  200  205  211
  213  214  215  211  211  208  211  215  215                                   
    40.0-180.0 180.0   5.0 450.0                            LAT/LON1/LON2/DLON/H
  220  224  225  232  233  233  230  222  209  191  173  158  145  134  124  116
  108  103  101  101  105  110  116  121  123  123  118  109  100   91   85   81
   82   85   90   96  101  103  102  100   98   98  100  103  107  111  117  126
  138  151  164  177  189  199  207  210  210  207  204  203  204  207  211  215
  216  217  217  214  214  211  216  221  220                                   
    37.5-180.0 180.0   5.0 450.0                            LAT/LON1/LON2/DLON/H
  230  232  234  240  242  242  240  233  223  206  190  176  163  151  141  131
  123  118  116  118  121  125  129  131  130  125  117  106   95   87   81   79
   80   84   90   97  102  105  104  102  101  102  105  109  112  116  122  130
  142  155  168  181  194  205  214  219  220  217  214  213  214  217  220  223
  223  222  222  220  220  218  225  231  230                                   
    35.0-180.0 180.0   5.0 450.0                            LAT/LON1/LON2/DLON/H
  247  248  248  250  252  250  247  241  232  218  204  191  179  167  156  146
  138  134  132  134  137  139  140  137  131  123  112  100   90   82   78   78
   80   85   91   98  103  105  106  105  105  107  110  114  116  119  124  132
  142  155  168  181  195  208  218  225  228  227  225  225  227  231  235  237
  237  235  235  233  233  233  241  246  247                                   
    32.5-180.0 180.0   5.0 450.0                            LAT/LON1/LON2/DLON/H
  276  275  272  267  267  262  254  247  239  227  214  203  192  180  169  159
  151  146  145  146  148  148  144  138  129  118  107   97   88   83   81   82
   85   90   95  100  105  107  107  107  108  111  115  118  119  120  123  129
  139  151  164  178  192  207  220  229  234  235  236  239  244  250  256  260
  259  258  258  256  256  258  268  271  276                                   
    30.0-180.0 180.0   5.0 450.0                            LAT/LON1/LON2/DLON/H
  317  315  307  295  291  281  268  258  248  236  224  213  202  190  177  166
  158  152  151  151  151  148  143  135  126  116  107  100   94   92   92   94
   97  100  103  107  110  111  111  111  112  115  118  119  119  117  118  124
  132  144  157  172  187  204  219  231  239  244  249  256  265  275  283  289
  291  291  292  289  290  294  305  307  317                                   
    27.5-180.0 180.0   5.0 450.0                            LAT/LON1/LON2/DLON/H
  367  366  352  335  327  311  292  277  265  251  237  225  211  197  183  170
  159  151  147  145  144  142  138  132  126  121  116  113  111  111  112  114
  116  117  118  118  118  118  117  116  116  118  119  118  115  112  111  115
  124  136  150  165  182  201  219  234  245  255  264  275  289  303  315  324
  328  331  333  331  333  340  350  351  367                                   
    25.0-180.0 180.0   5.0 450.0                            LAT/LON1/LON2/DLON/H
  421  422  403  384  372  353  329  309  293  275  258  241  224  206  188  171
  156  145  137  133  132  132  132  133  134  134  135  136  137  139  142  143
  143  140  136  132  129  126  123  120  118  118  117  114  109  104  102  106
  115  128  144  161  180  200  220  239  254  267  281  297  315  333  349  361
  368  374  379  377  380  390  399  399  421                                   
    22.5-180.0 180.0   5.0 450.0                            LAT/LON1/LON2/DLON/H
  469  475  455  437  424  404  377  355  335  313  291  268  244  220  197  176
  156  139  127  121  120  125  133  141  149  156  162  166  170  173  175  175
  171  163  155  146  139  133  127  122  118  115  112  107  101   95   94   99
  109  124  142  162  182  204  225  245  264  282  300  319  340  360  379  394
  405  414  422  423  426  439  446  444  469                                   
    20.0-180.0 180.0   5.0 450.0                            LAT/LON1/LON2/DLON/H
  505  515  499  486  475  457  433  410  388  364  337  307  276  246  217  189
  162  139  123  115  118  128  143  159  172  183  191  197  202  205  205  201
  194  182  168  155  144  135  128  121  115  111  106  100   93   88   87   93
  106  123  144  165  187  209  231  253  274  295  316  338  361  382  401  418
  432  445  457  461  464  477  483  481  505                                   
    17.5-180.0 180.0   5.0 450.0                            LAT/LON1/LON2/DLON/H
  525  538  528  522  516  505  486  468  447  422  392  358  322  286  251  216
  182  153  132  124  129  145  165  185  200  210  217  222  225  226  223  217
  206  190  173  157  144  134  125  118  111  106  100   93   87   82   83   91
  105  125  147  170  193  215  237  261  284  307  331  353  376  396  415  432
  448  464  478  486  489  501  507  505  525                                   
    15.0-180.0 180.0   5.0 450.0                            LAT/LON1/LON2/DLON/H
  531  545  541  542  541  538  527  516  501  479  449  414  376  337  298  259
  220  185  161  151  158  176  198  217  228  234  236  235  234  231  226  218
  205  187  168  151  138  128  120  113  107  101   95   89   83   79   81   90
  106  127  151  175  199  221  244  268  293  318  342  364  385  404  422  438
  454  471  487  497  500  511  518  516  531                                   
    12.5-180.0 180.0   5.0 450.0                            LAT/LON1/LON2/DLON/H
  527  541  542  546  550  554  550  546  538  522  497  466  431  394  356  316
  274  236  209  198  204  220  239  251  254  250  243  235  228  221  215  206
  193  175  156  140  129  121  115  109  104   98   93   87   82   79   81   90
  107  129  154  179  204  227  251  275  301  326  349  372  392  410  425  439
  454  471  487  499  502  511  520  519  527                                   
    10.0-180.0 180.0   5.0 450.0                            LAT/LON1/LON2/DLON/H
  523  535  537  540  547  553  553  555  553  544  527  504  477  447  414  377
  337  300  272  260  263  273  282  282  272  256  238  222  210  201  194  186
  174  158  142  128  119  114  110  106  102   97   93   88   83   80   82   91
  108  130  156  182  207  231  255  279  305  330  354  377  397  414  429  441
  454  470  485  498  501  508  518  519  523                                   
     7.5-180.0 180.0   5.0 450.0                            LAT/LON1/LON2/DLON/H
  524  535  534  533  538  541  541  544  547  544  535  521  504  484  460  431
  397  364  339  326  323  323  319  303  278  249  222  200  186  178  173  166
