data/edconvlstm_nd/pred0580.15i
     1.0            IONOSPHERE MAPS     GNSS                IONEX VERSION / TYPE
pyspatialgeodesy        IME             05-JAN-18 20:20     PGM / RUN BY / DATE 
Map Name                                                    COMMENT             
Predicted global ionosphere maps (GIM).                     DESCRIPTION         
  2015     2    27     0     0     0                        EPOCH OF FIRST MAP  
  2015     2    28     0     0     0                        EPOCH OF LAST MAP   
  7200                                                      INTERVAL            
    13                                                      # OF MAPS IN FILE   
  NONE                                                      MAPPING FUNCTION    
10.0                                                        ELEVATION CUTOFF    
One-way carrier phase leveled to code                       OBSERVABLES USED    
  6371.0                                                    BASE RADIUS         
 2                                                          MAP DIMENSION       
   450.0 450.0   0.0                                        HGT1 / HGT2 / DHGT  
    87.5 -87.5  -2.5                                        LAT1 / LAT2 / DLAT  
  -180.0 180.0   5.0                                        LON1 / LON2 / DLON  
    -1                                                      EXPONENT            
                                                            END OF HEADER       
[from data line 3432]
     9                                                      START OF TEC MAP    
  2015     2    27    16     0     0                        EPOCH OF CURRENT MAP
    87.5-180.0 180.0   5.0 450.0                            LAT/LON1/LON2/DLON/H
  125  132  131  141  146  147  148  148  149  152  153  154  155  156  157  157
  157  157  157  156  155  154  153  152  150  148  147  145  143  141  139  137
  135  132  130  128  126  123  121  119  117  115  113  112  111  110  109  109
  109  109  110  110  111  112  113  114  115  116  117  118  119  121  122  123
  124  126  126  125  132  131  140  135  125                                   
    85.0-180.0 180.0   5.0 450.0                            LAT/LON1/LON2/DLON/H
  126  132  145  138  140  147  149  154  156  159  160  162  163  165  166  166
  167  167  166  165  164  163  162  160  158  156  154  152  149  147  144  142
  139  136  132  129  126  123  120  117  114  112  110  108  107  106  105  105
  105  106  107  108  109  111  112  114  115  117  118  119  121  122  123  125
  127  128  126  124  126  128  129  130  126                                   
    82.5-180.0 180.0   5.0 450.0                            LAT/LON1/LON2/DLON/H
  105  116  121  120  125  132  139  144  147  152  155  158  161  163  165  167
  168  168  168  168  167  166  164  162  160  158  156  154  151  148  145  141
  138  134  129  125  120  115  111  106  102   98   94   91   89   87   87   86
   86   87   88   90   92   93   95   97   99  100  102  103  104  105  106  107
  109  110  109  109  109  120  112  112  105                                   
    80.0-180.0 180.0   5.0 450.0                            LAT/LON1/LON2/DLON/H
   85   92   99  100  105  108  117  125  131  137  142  147  151  155  158  160
  161  162  162  162  161  160  158  156  154  152  150  147  144  141  138  134
  130  125  120  115  109  103   97   91   85   80   76   73   71   69   69   69
   70   72   74   77   79   82   85   87   89   91   93   94   94   95   95   95
   96   96   95   95   90   94   90   96   85                                   
    77.5-180.0 180.0   5.0 450.0                            LAT/LON1/LON2/DLON/H
   77   75   79   80   85   90   98  106  114  121  127  135  140  146  150  154
  157  158  159  160  159  159  157  156  155  153  151  149  147  144  142  138
  134  130  124  118  112  104   97   90   83   76   71   67   64   62   61   62
   64   66   69   72   75   79   82   84   87   88   89   90   89   89   88   87
   86   85   84   84   80   76   74   80   77                                   
    75.0-180.0 180.0   5.0 450.0                            LAT/LON1/LON2/DLON/H
   63   62   62   65   69   74   80   88   97  106  114  122  130  137  143  148
  152  155  157  159  160  160  160  160  160  159  159  157  156  154  152  149
  146  142  136  130  123  115  107   98   90   83   77   72   68   66   66   66
   68   70   73   76   79   82   84   87   89   90   90   90   89   88   86   84
   82   80   79   75   72   66   62   58   63                                   
    72.5-180.0 180.0   5.0 450.0                            LAT/LON1/LON2/DLON/H
   57   55   53   58   60   65   71   78   86   96  105  115  125  134  141  148
  153  158  161  164  167  169  170  171  172  172  171  170  169  168  166  164
  161  157  153  147  140  131  122  113  104   96   89   83   79   76   75   74
   75   76   78   80   82   84   86   87   88   89   89   88   87   85   84   82
   79   77   75   72   69   64   61   60   57                                   
    70.0-180.0 180.0   5.0 450.0                            LAT/LON1/LON2/DLON/H
   56   54   52   56   57   60   64   71   79   89   99  110  121  131  140  147
  154  160  165  169  173  177  181  183  185  186  186  186  184  183  181  179
  176  172  168  162  155  147  138  129  120  112  104   98   93   90   87   85
   84   83   82   82   82   82   83   83   84   84   84   83   82   81   80   79
   77   75   74   71   69   65   65   62   56                                   
    67.5-180.0 180.0   5.0 450.0                            LAT/LON1/LON2/DLON/H
   56   57   55   59   60   63   66   73   80   89  100  112  124  135  145  153
  160  167  172  178  184  189  194  198  200  201  201  200  197  195  192  190
  187  183  179  173  167  159  150  142  133  125  118  112  106  101   97   93
   89   85   82   79   77   75   75   75   75   75   76   76   76   75   75   75
   75   74   74   71   69   68   68   64   56                                   
    65.0-180.0 180.0   5.0 450.0                            LAT/LON1/LON2/DLON/H
   53   57   55   60   60   63   65   71   78   88   99  111  124  136  146  155
  162  169  176  182  189  196  202  207  210  212  212  210  207  204  201  198
  195  191  186  180  173  166  158  150  143  136  129  123  117  110  103   96
   89   82   75   69   65   61   60   59   59   60   61   62   62   63   64   65
   66   67   68   67   67   69   70   67   53                                   
    62.5-180.0 180.0   5.0 450.0                            LAT/LON1/LON2/DLON/H
   47   53   52   57   59   62   64   69   76   87   99  112  125  138  148  157
  165  171  178  185  192  199  205  211  214  216  216  214  211  209  205  202
  198  194  188  182  174  167  160  153  146  140  134  128  121  113  104   94
   83   73   63   55   49   45   43   43   44   45   47   48   49   50   51   52
   54   56   59   59   60   63   64   63   47                                   
    60.0-180.0 180.0   5.0 450.0                            LAT/LON1/LON2/DLON/H
   40   46   47   52   53   55   58   64   72   84   97  111  125  137  148  157
  165  171  177  183  190  196  203  208  212  214  215  214  213  211  209  207
  203  198  191  183  175  167  160  153  148  143  138  131  124  114  102   90
   77   64   53   44   38   34   32   32   34   36   38   39   39   40   40   42
   43   45   49   49   51   53   55   56   40                                   
    57.5-180.0 180.0   5.0 450.0                            LAT/LON1/LON2/DLON/H
   32   39   40   45   46   49   53   60   70   82   96  111  125  138  149  158
  166  172  177  182  187  193  198  203  207  210  212  214  215  215  216  214
  211  205  197  188  178  170  162  157  152  148  143  137  128  117  104   90
   75   62   51   42   36   33   32   33   35   37   39   39   39   38   38   38
   38   40   43   43   45   45   46   49   32                                   
    55.0-180.0 180.0   5.0 450.0                            LAT/LON1/LON2/DLON/H
   30   35   37   42   42   45   50   58   70   83   98  114  128  141  152  161
  169  174  179  182  186  190  194  198  202  206  210  214  218  222  224  225
  222  216  207  196  186  176  169  164  160  156  152  145  136  124  110   95
   81   69   59   51   46   44   44   45   47   49   50   50   49   47   44   43
   41   42   45   45   46   43   42   46   30                                   
    52.5-180.0 180.0   5.0 450.0                            LAT/LON1/LON2/DLON/H
   36   38   39   43   43   46   52   61   74   89  105  120  134  146  157  167
  175  181  185  187  188  190  193  196  201  206  212  218  225  231  236  237
  235  229  219  208  197  188  180  175  172  168  163  157  147  135  122  108
   96   85   77   72   69   67   67   68   69   71   72   71   68   64   60   56
   53   53   54   54   55   50   46   48   36                                   
    50.0-180.0 180.0   5.0 450.0                            LAT/LON1/LON2/DLON/H
   49   48   49   51   51   54   61   71   85  102  118  133  146  157  168  178
  187  193  196  197  196  196  198  200  205  211  218  227  235  242  247  249
  247  241  232  221  211  202  195  190  187  182  177  170  160  149  137  126
  116  109  104  100   98   96   95   95   96   97   97   95   92   86   81   76
   71   70   71   71   71   65   60   59   49                                   
    47.5-180.0 180.0   5.0 450.0                            LAT/LON1/LON2/DLON/H
   69   66   65   66   65   68   74   85  101  119  136  150  162  173  183  194
  203  209  211  211  209  208  208  211  216  223  231  239  247  253  256  257
  254  248  240  231  223  216  211  206  201  196  189  182  172  162  153  144
  137  133  130  128  126  123  120  118  117  117  117  115  112  107  102   96
   91   89   90   91   92   87   82   77   69                                   
    45.0-180.0 180.0   5.0 450.0                            LAT/LON1/LON2/DLON/H
   91   89   84   84   82   84   90  102  119  139  156  170  181  192  202  213
  222  227  228  227  224  223  224  227  233  240  247  253  257  260  260  258
  254  249  243  238  233  229  225  220  213  206  198  189  180  171  164  158
  154  151  149  147  143  138  133  129  126  126  125  125  123  120  115  110
  105  104  105  108  111  109  106   98   91                                   
    42.5-180.0 180.0   5.0 450.0                            LAT/LON1/LON2/DLON/H
  110  109  103  102   99   99  104  116  135  157  175  190  202  213  224  234
  242  246  246  243  241  239  241  245  251  257  262  265  265  263  259  255
  250  247  244  243  242  241  238  231  223  212  201  191  182  175  169  165
  162  159  157  152  146  138  130  124  121  120  120  121  121  120  117  114
  111  110  111  115  122  124  123  116  110                                   
    40.0-180.0 180.0   5.0 450.0                            LAT/LON1/LON2/DLON/H
  121  122  115  114  112  109  113  126  146  169  190  207  221  233  245  256
  263  265  263  259  256  255  257  262  267  272  275  274  270  264  258  253
  249  248  249  252  255  256  252  244  231  217  204  192  182  175  170  166
  163  159  154  147  137  126  116  110  106  106  106  107  108  109  109  109
  107  107  109  113  121  127  128  124  121                                   
    37.5-180.0 180.0   5.0 450.0                            LAT/LON1/LON2/DLON/H
  119  123  119  118  117  112  116  129  150  175  198  219  236  252  266  277
  282  282  278  273  269  269  271  275  280  283  284  281  276  270  264  261
  261  264  268  273  278  278  273  261  245  227  210  196  185  177  172  167
  163  158  150  140  127  115  104   97   94   93   93   93   94   95   97   99
   99  100  101  104  110  118  120  119  119                                   
    35.0-180.0 180.0   5.0 450.0                            LAT/LON1/LON2/DLON/H
  109  115  114  114  114  109  114  126  147  174  201  225  247  267  284  296
  300  298  292  287  283  282  283  285  288  291  292  291  288  286  286  289
  294  300  307  312  315  313  304  289  269  247  227  211  198  189  182  177
  172  165  156  143  129  116  105   98   95   93   91   88   86   86   89   93
   94   95   95   94   98  104  104  107  109                                   
    32.5-180.0 180.0   5.0 450.0                            LAT/LON1/LON2/DLON/H
   96  102  105  105  106  101  108  119  142  170  199  228  255  279  299  312
  316  314  307  302  298  296  294  295  296  299  303  307  312  319  328  339
  351  361  368  371  370  363  349  329  306  282  260  241  226  215  207  202
  197  190  180  167  153  139  128  121  117  113  107   99   92   89   92   97
   99  100   96   92   91   92   88   92   96                                   
    30.0-180.0 180.0   5.0 450.0                            LAT/LON1/LON2/DLON/H
   86   93   97   97   99   94  102  113  136  165  197  229  259  287  310  324
  330  328  323  319  315  312  308  306  307  312  321  334  349  369  391  414
  433  446  451  449  440  425  405  382  357  332  309  288  271  258  250  245
  242  237  229  218  204  190  178  170  164  156  145  130  117  111  112  117
  119  119  113  103   96   90   79   81   86                                   
    27.5-180.0 180.0   5.0 450.0                            LAT/LON1/LON2/DLON/H
   86   93   96   96   97   93  102  112  134  164  196  230  263  292  317  333
  341  342  340  338  336  331  326  322  323  332  348  371  401  435  472  507
  534  549  550  538  518  494  469  444  420  396  372  350  331  317  308  305
  305  304  300  292  280  266  253  243  233  220  202  181  162  151  150  154
  156  155  145  131  115  101   80   77   86                                   
    25.0-180.0 180.0   5.0 450.0                            LAT/LON1/LON2/DLON/H
   97  103  102  101  101   98  107  116  138  166  198  232  266  296  322  339
  349  354  356  358  358  353  347  342  345  359  384  419  462  511  562  608
  641  654  647  624  593  561  533  508  486  464  442  420  399  383  376  375
  379  383  384  380  371  357  342  327  312  293  270  243  219  204  200  203
  205  203  188  172  148  124   95   82   97                                   
    22.5-180.0 180.0   5.0 450.0                            LAT/LON1/LON2/DLON/H
  115  119  114  113  111  109  117  126  146  173  204  237  269  299  325  344
  357  366  373  378  380  377  370  367  374  394  428  474  528  588  648  700
  733  741  725  692  652  616  587  564  546  528  508  485  464  447  440  441
  449  458  464  464  456  442  424  404  383  359  333  304  278  262  256  256
  256  254  236  218  188  155  121   99  115                                   
    20.0-180.0 180.0   5.0 450.0                            LAT/LON1/LON2/DLON/H
  136  136  128  126  123  123  130  138  156  182  211  242  273  303  328  349
  365  378  390  399  403  400  395  395  407  435  477  530  591  655  718  768
  797  798  773  732  688  651  624  606  592  577  559  537  514  496  488  490
  499  510  518  519  513  497  475  450  425  400  374  349  327  313  307  306
  304  301  280  261  227  188  155  127  136                                   
    17.5-180.0 180.0   5.0 450.0                            LAT/LON1/LON2/DLON/H
  152  150  140  136  131  133  140  149  167  191  218  249  279  307  333  356
  375  393  409  420  424  422  419  424  443  479  527  583  644  705  762  806
  826  818  787  743  700  667  646  632  621  609  591  569  544  524  513  512
  518  526  531  531  523  506  482  455  429  405  385  368  354  345  343  342
  339  336  314  294  259  217  189  159  152                                   
    15.0-180.0 180.0   5.0 450.0                            LAT/LON1/LON2/DLON/H
  163  157  144  139  132  137  145  155  174  198  225  255  285  314  341  367
  390  411  429  440  443  441  442  453  481  523  574  629  683  735  780  811
  819  804  771  731  695  670  655  646  637  624  606  581  554  529  512  504
  502  502  501  497  487  471  449  423  400  383  371  363  357  355  355  354
  351  350  330  311  277  237  214  186  163                                   
    12.5-180.0 180.0   5.0 450.0                            LAT/LON1/LON2/DLON/H
  170  160  143  135  128  133  143  156  176  203  231  262  293  323  353  381
  408  432  450  459  461  459  463  482  517  565  617  666  709  745  773  788
  786  768  738  707  683  668  659  653  644  629  608  580  549  518  493  475
  462  451  442  434  425  412  394  374  357  346  342  342  343  344  346  345
  341  340  324  308  280  246  226  201  170                                   
    10.0-180.0 180.0   5.0 450.0                            LAT/LON1/LON2/DLON/H
  175  160  138  130  122  126  138  153  176  205  236  269  302  335  368  399
  429  454  471  478  477  476  486  511  553  605  654  693  721  739  749  751
  743  727  706  687  675  670  667  662  650  631  605  574  538  502  468  440
  416  396  381  371  363  355  344  331  321  316  316  319  323  325  326  322
  317  315  302  290  269  243  224  203  175                                   
     7.5-180.0 180.0   5.0 450.0                            LAT/LON1/LON2/DLON/H
  177  158  133  126  118  121  134  150  176  207  241  278  314  350  385  419
  451  476  492  497  495  496  510  542  589  640  683  710  722  724  721  716
