data/edconvlstm_nd/pred0130.15i
     1.0            IONOSPHERE MAPS     GNSS                IONEX VERSION / TYPE
pyspatialgeodesy        IME             05-JAN-18 20:20     PGM / RUN BY / DATE 
Map Name                                                    COMMENT             
Predicted global ionosphere maps (GIM).                     DESCRIPTION         
  2015     1    13     0     0     0                        EPOCH OF FIRST MAP  
  2015     1    14     0     0     0                        EPOCH OF LAST MAP   
  7200                                                      INTERVAL            
    13                                                      # OF MAPS IN FILE   
  NONE                                                      MAPPING FUNCTION    
10.0                                                        ELEVATION CUTOFF    
One-way carrier phase leveled to code                       OBSERVABLES USED    
  6371.0                                                    BASE RADIUS         
 2                                                          MAP DIMENSION       
   450.0 450.0   0.0                                        HGT1 / HGT2 / DHGT  
    87.5 -87.5  -2.5                                        LAT1 / LAT2 / DLAT  
  -180.0 180.0   5.0                                        LON1 / LON2 / DLON  
    -1                                                      EXPONENT            
                                                            END OF HEADER       
[from data line 429]
     2                                                      START OF TEC MAP    
  2015     1    13     2     0     0                        EPOCH OF CURRENT MAP
    87.5-180.0 180.0   5.0 450.0                            LAT/LON1/LON2/DLON/H
   73   75   71   71   71   71   68   68   70   71   73   74   76   77   78   79
   79   79   79   78   78   77   75   74   73   71   70   69   68   67   66   65
   65   65   65   64   64   65   65   65   65   65   65   65   65   65   65   65
   64   64   64   63   63   63   63   62   62   62   62   61   61   61   60   61
   62   62   60   59   59   71   73   69   73                                   
    85.0-180.0 180.0   5.0 450.0                            LAT/LON1/LON2/DLON/H
   66   75   62   67   69   69   67   66   68   70   70   72   73   74   75   76
   76   76   75   74   73   72   70   69   67   65   64   62   61   61   60   60
   61   61   62   63   64   65   66   67   68   69   69   70   70   69   69   69
   68   67   66   66   65   64   64   63   63   63   63   63   63   62   62   63
   65   66   64   66   67   67   75   67   66                                   
    82.5-180.0 180.0   5.0 450.0                            LAT/LON1/LON2/DLON/H
   63   61   72   68   66   68   66   66   69   70   71   73   75   76   77   78
   78   77   76   74   72   70   67   64   61   58   56   54   53   52   52   52
   53   55   56   59   61   63   65   68   69   71   72   72   72   72   71   70
   69   67   66   64   63   62   62   61   61   61   61   62   62   63   63   65
   66   67   65   63   72   61   64   70   63                                   
    80.0-180.0 180.0   5.0 450.0                            LAT/LON1/LON2/DLON/H
   79   74   74   69   69   67   67   67   70   71   71   74   75   77   78   79
   79   78   77   75   72   68   65   61   57   53   50   48   46   45   45   46
   47   50   53   56   59   63   66   69   72   74   75   76   76   75   73   71
   69   67   64   62   61   59   58   58   58   59   60   61   63   64   66   69
   71   71   72   71   84   76   78   84   79                                   
    77.5-180.0 180.0   5.0 450.0                            LAT/LON1/LON2/DLON/H
   99   92   86   83   78   76   76   77   79   79   79   81   83   85   86   86
   86   85   84   81   77   73   69   64   59   54   50   47   45   43   43   45
   47   50   53   58   62   67   72   76   79   81   83   83   82   81   78   75
   72   69   66   64   62   60   60   60   61   62   64   67   70   73   77   81
   84   87   87   89   98   91   92   96   99                                   
    75.0-180.0 180.0   5.0 450.0                            LAT/LON1/LON2/DLON/H
  115  109  104  102   94   91   89   88   88   86   85   86   86   86   86   86
   85   84   82   79   76   72   68   63   58   54   50   47   45   43   43   45
   47   50   54   59   65   70   75   79   83   85   86   86   84   82   78   74
   70   66   63   61   59   58   58   59   61   64   67   71   76   81   86   92
   96  100  104  103  113  112  112  113  115                                   
    72.5-180.0 180.0   5.0 450.0                            LAT/LON1/LON2/DLON/H
  134  131  126  122  115  109  106  103  102   98   94   92   89   86   84   82
   80   78   77   74   72   69   66   62   59   55   52   50   48   47   47   48
   50   53   57   62   67   72   77   81   84   86   86   85   83   79   75   70
   66   62   59   57   56   56   58   60   64   68   73   79   86   92   99  107
  113  118  124  126  134  133  133  133  134                                   
    70.0-180.0 180.0   5.0 450.0                            LAT/LON1/LON2/DLON/H
  160  156  151  147  138  131  126  121  117  110  103   97   91   84   78   74
   70   68   67   66   65   63   62   61   59   57   55   54   52   51   51   52
   53   56   58   62   66   70   74   77   79   80   79   77   74   70   66   62
   58   56   54   54   55   57   60   65   70   76   82   90   97  105  113  122
  129  134  142  145  153  154  157  153  160                                   
    67.5-180.0 180.0   5.0 450.0                            LAT/LON1/LON2/DLON/H
  179  178  171  166  158  149  142  136  130  120  110  100   89   79   70   62
   58   55   54   54   54   55   55   55   55   55   54   53   52   51   51   50
   51   52   53   55   58   60   62   63   64   64   63   60   57   54   50   47
   46   45   46   48   52   56   62   68   75   83   91   99  108  116  125  134
  140  145  153  157  166  168  171  169  179                                   
    65.0-180.0 180.0   5.0 450.0                            LAT/LON1/LON2/DLON/H
  195  196  189  184  175  166  158  151  144  133  120  107   93   79   67   57
   52   49   48   49   50   51   53   54   54   54   54   53   52   51   50   49
   48   48   48   49   49   50   51   51   51   50   49   47   44   42   40   38
   39   40   43   48   55   62   70   78   87   96  106  115  125  133  141  149
  155  159  165  168  177  180  185  184  195                                   
    62.5-180.0 180.0   5.0 450.0                            LAT/LON1/LON2/DLON/H
  208  211  205  199  191  182  173  166  158  146  132  117  101   84   70   59
   52   49   49   50   52   53   54   55   56   56   55   54   52   50   49   47
   45   44   44   43   43   43   42   42   41   41   40   39   37   36   35   35
   37   41   46   53   62   72   82   93  104  115  126  136  146  155  162  169
  173  175  180  180  187  191  197  197  208                                   
    60.0-180.0 180.0   5.0 450.0                            LAT/LON1/LON2/DLON/H
  218  223  217  209  201  191  180  172  164  152  139  124  108   91   76   65
   58   55   54   55   56   57   58   57   57   55   54   52   49   47   45   43
   41   40   39   39   38   38   38   37   36   36   36   35   35   35   35   36
   39   44   51   60   71   83   95  108  121  133  146  158  168  177  184  189
  191  190  194  192  198  200  207  207  218                                   
    57.5-180.0 180.0   5.0 450.0                            LAT/LON1/LON2/DLON/H
  229  235  229  218  209  196  184  174  166  154  142  128  113   98   85   75
   68   65   64   63   63   62   61   59   56   53   50   47   45   42   40   38
   37   37   37   38   39   39   39   38   38   38   38   39   39   39   40   41
   44   49   57   68   80   94  108  123  138  152  166  179  191  199  205  209
  209  207  209  206  211  210  219  220  229                                   
    55.0-180.0 180.0   5.0 450.0                            LAT/LON1/LON2/DLON/H
  244  249  242  228  217  201  185  172  162  151  139  128  115  103   92   84
   78   75   73   71   68   66   62   58   54   50   46   43   40   37   36   35
   36   37   39   42   44   45   46   46   46   46   47   47   48   49   49   50
   52   57   65   75   89  104  120  137  153  169  185  199  210  219  224  226
  225  222  224  221  225  223  232  234  244                                   
    52.5-180.0 180.0   5.0 450.0                            LAT/LON1/LON2/DLON/H
  262  266  258  240  228  208  188  172  159  146  134  124  114  104   96   90
   85   82   79   75   71   67   63   58   53   48   44   40   38   36   35   35
   37   40   45   50   54   57   58   59   59   60   61   61   62   62   62   61
   62   66   73   84   98  115  132  150  168  185  202  216  227  233  237  239
  237  235  237  235  240  237  245  249  262                                   
    50.0-180.0 180.0   5.0 450.0                            LAT/LON1/LON2/DLON/H
  282  285  274  256  243  221  196  176  159  144  131  120  111  103   97   92
   88   84   80   76   71   67   63   59   54   50   46   43   40   38   38   39
   42   47   54   61   68   72   75   76   77   77   78   79   79   78   76   74
   74   76   83   94  109  126  145  164  183  201  217  230  239  243  245  245
  243  242  246  246  253  249  258  261  282                                   
    47.5-180.0 180.0   5.0 450.0                            LAT/LON1/LON2/DLON/H
  297  300  288  272  260  237  210  186  165  146  131  120  110  103   97   92
   87   82   78   73   70   67   65   62   59   56   53   50   48   46   45   46
   50   56   65   74   82   88   92   94   95   96   96   96   95   93   90   87
   85   87   93  104  120  139  158  178  197  215  230  241  247  249  247  246
  244  244  249  252  260  258  266  268  297                                   
    45.0-180.0 180.0   5.0 450.0                            LAT/LON1/LON2/DLON/H
  304  307  297  285  276  255  227  201  177  155  137  124  114  105   98   92
   86   80   75   72   70   70   70   70   69   67   64   62   59   56   55   55
   58   65   74   84   93  100  105  108  110  111  112  111  109  106  102   98
   96   97  104  116  132  152  172  192  211  228  242  251  254  252  248  245
  242  243  248  252  262  261  269  271  304                                   
    42.5-180.0 180.0   5.0 450.0                            LAT/LON1/LON2/DLON/H
  301  305  297  290  286  269  243  218  193  169  149  134  122  112  104   95
   87   80   75   74   75   77   80   82   82   80   78   75   71   67   64   63
   65   71   80   91  100  107  112  116  120  122  123  122  119  115  111  107
  105  107  114  126  144  164  186  206  225  242  255  263  265  261  255  249
  245  245  250  253  262  263  271  270  301                                   
    40.0-180.0 180.0   5.0 450.0                            LAT/LON1/LON2/DLON/H
  292  295  289  287  287  274  254  232  208  184  164  148  136  125  114  103
   93   86   82   83   86   90   94   96   95   92   89   85   81   76   71   69
   71   76   85   94  103  109  115  121  126  129  131  130  127  122  117  113
  112  115  123  136  155  176  198  219  239  257  271  281  283  280  273  266
  261  257  260  261  268  269  277  273  292                                   
    37.5-180.0 180.0   5.0 450.0                            LAT/LON1/LON2/DLON/H
  283  284  279  277  279  271  255  238  218  196  177  163  151  140  128  116
  106   99   97   99  104  108  109  108  105  100   95   90   86   81   77   75
   76   81   89   97  105  111  116  123  129  134  137  135  131  126  121  117
  117  121  130  145  164  186  209  232  254  275  293  306  313  312  307  301
  293  287  286  281  285  285  294  287  283                                   
    35.0-180.0 180.0   5.0 450.0                            LAT/LON1/LON2/DLON/H
  286  282  273  268  269  263  250  236  220  201  184  173  164  155  144  132
  123  118  118  122  125  126  123  117  109  101   95   90   87   84   82   81
   83   88   96  103  109  114  118  125  131  137  140  139  134  128  122  120
  120  125  135  150  171  194  219  244  271  297  320  340  352  358  358  354
  345  334  328  316  317  316  325  315  286                                   
    32.5-180.0 180.0   5.0 450.0                            LAT/LON1/LON2/DLON/H
  312  299  282  268  264  256  244  231  216  200  186  177  171  165  156  147
  140  138  141  145  146  141  131  119  107   97   91   88   88   88   89   90
   94  100  108  114  118  120  123  128  134  140  142  140  134  127  122  119
  121  127  138  154  174  199  226  255  287  320  352  379  400  414  422  422
  414  400  387  368  369  366  374  362  312                                   
    30.0-180.0 180.0   5.0 450.0                            LAT/LON1/LON2/DLON/H
  368  348  316  288  275  259  243  228  213  196  183  177  173  169  163  156
  153  154  159  162  159  148  132  115  101   91   87   88   92   97  101  106
  112  120  127  131  133  132  132  134  138  141  142  139  132  124  119  117
  119  126  138  154  175  201  231  265  304  345  386  423  454  478  495  502
  496  481  463  439  439  437  441  428  368                                   
    27.5-180.0 180.0   5.0 450.0                            LAT/LON1/LON2/DLON/H
  456  431  381  335  309  283  258  237  216  196  182  174  171  168  164  159
  158  162  167  168  160  144  125  109   97   91   91   96  104  114  122  131
  139  147  153  155  153  148  143  141  141  141  139  135  127  120  114  113
  116  124  136  153  176  203  237  277  322  371  421  467  508  543  570  585
  584  570  548  523  525  528  528  514  456                                   
    25.0-180.0 180.0   5.0 450.0                            LAT/LON1/LON2/DLON/H
  567  543  475  411  371  334  298  266  236  209  188  177  171  167  161  156
  155  159  163  161  149  132  116  105  101  101  106  116  129  142  154  164
  172  179  182  181  174  164  155  147  142  138  133  127  120  112  108  107
  111  120  134  152  177  207  245  290  342  397  453  506  556  600  636  661
  667  657  635  613  617  632  631  614  567                                   
    22.5-180.0 180.0   5.0 450.0                            LAT/LON1/LON2/DLON/H
  679  662  583  508  456  412  364  320  279  241  211  192  180  170  160  152
  149  150  150  145  133  120  113  113  119  127  138  152  167  182  195  203
  208  210  208  201  190  176  162  149  139  130  123  116  109  103  100  100
  105  116  131  152  179  214  256  306  362  420  478  534  588  638  683  717
  731  726  709  694  700  730  733  713  679                                   
    20.0-180.0 180.0   5.0 450.0                            LAT/LON1/LON2/DLON/H
  770  765  684  610  552  505  450  398  346  298  257  227  205  187  170  156
  147  142  138  130  121  117  122  136  154  171  187  202  217  230  239  241
  239  233  224  212  197  179  162  145  130  118  110  103   98   94   91   93
  100  112  131  155  186  224  270  323  380  438  494  548  601  654  703  743
  764  765  756  750  758  799  811  791  770                                   
    17.5-180.0 180.0   5.0 450.0                            LAT/LON1/LON2/DLON/H
  827  832  761  700  642  598  544  489  433  377  327  286  253  224  197  173
  156  145  136  128  124  130  149  177  206  230  247  260  271  279  279  272
  259  244  228  210  192  173  154  135  119  105   96   91   87   85   85   88
   96  111  133  161  196  237  286  339  395  449  499  547  595  645  695  737
  763  770  769  772  784  828  847  832  827                                   
    15.0-180.0 180.0   5.0 450.0                            LAT/LON1/LON2/DLON/H
  842  855  804  762  712  675  627  578  523  467  414  367  325  285  246  212
  185  166  153  146  149  165  196  235  272  297  310  316  318  316  306  288
  265  241  219  198  178  160  141  123  107   94   86   82   81   80   81   86
   96  114  139  171  209  253  302  354  405  452  495  536  576  619  664  704
  732  743  751  763  777  817  840  833  842                                   
    12.5-180.0 180.0   5.0 450.0                            LAT/LON1/LON2/DLON/H
  817  834  807  783  747  721  683  644  598  549  501  456  412  366  320  276
  240  214  198  192  200  224  262  306  342  361  363  356  347  334  315  289
  259  230  204  181  162  144  128  113   98   87   81   78   78   79   81   87
  100  120  148  184  225  270  317  364  409  450  486  517  548  582  620  656
  684  699  714  733  746  777  799  799  817                                   
    10.0-180.0 180.0   5.0 450.0                            LAT/LON1/LON2/DLON/H
  765  780  773  761  741  726  700  673  639  604  569  535  498  455  407  360
  319  289  271  266  278  305  344  383  406  408  393  373  352  332  308  278
  246  214  187  165  147  132  119  106   95   86   81   80   81   83   86   92
  106  129  161  198  241  284  329  371  410  445  474  498  522  548  578  609
  636  653  672  693  705  726  745  747  765                                   
     7.5-180.0 180.0   5.0 450.0                            LAT/LON1/LON2/DLON/H
  702  713  713  705  698  692  677  661  642  622  604  587  564  532  491  448
  410  381  365  363  375  399  427  447  447  427  395  364  338  316  291  262
