data/edconvlstm_nd/pred2820.15i
     1.0            IONOSPHERE MAPS     GNSS                IONEX VERSION / TYPE
pyspatialgeodesy        IME             05-JAN-18 20:20     PGM / RUN BY / DATE 
Map Name                                                    COMMENT             
Predicted global ionosphere maps (GIM).                     DESCRIPTION         
  2015    10     9     0     0     0                        EPOCH OF FIRST MAP  
  2015    10    10     0     0     0                        EPOCH OF LAST MAP   
  7200                                                      INTERVAL            
    13                                                      # OF MAPS IN FILE   
  NONE                                                      MAPPING FUNCTION    
10.0                                                        ELEVATION CUTOFF    
One-way carrier phase leveled to code                       OBSERVABLES USED    
  6371.0                                                    BASE RADIUS         
 2                                                          MAP DIMENSION       
   450.0 450.0   0.0                                        HGT1 / HGT2 / DHGT  
    87.5 -87.5  -2.5                                        LAT1 / LAT2 / DLAT  
  -180.0 180.0   5.0                                        LON1 / LON2 / DLON  
    -1                                                      EXPONENT            
                                                            END OF HEADER       
[from data line 2145]
     6                                                      START OF TEC MAP    
  2015    10     9    10     0     0                        EPOCH OF CURRENT MAP
    87.5-180.0 180.0   5.0 450.0                            LAT/LON1/LON2/DLON/H
   48   58   57   58   59   58   57   53   53   54   54   54   54   54   54   54
   54   54   54   54   54   54   54   53   53   53   53   52   52   51   51   51
   50   50   50   50   49   49   49   49   49   49   49   49   49   49   49   49
   49   49   49   49   49   49   50   50   50   50   50   51   51   51   51   52
   53   54   52   51   57   60   73   73   48                                   
    85.0-180.0 180.0   5.0 450.0                            LAT/LON1/LON2/DLON/H
   49   66   73   60   61   62   62   61   60   62   61   61   61   61   61   61
   61   62   62   62   62   62   63   63   63   63   63   63   63   63   63   63
   63   62   62   62   62   62   62   62   62   62   61   61   61   60   60   60
   59   59   59   58   58   58   58   58   58   58   59   59   59   60   60   60
   62   62   59   57   60   64   75   72   49                                   
    82.5-180.0 180.0   5.0 450.0                            LAT/LON1/LON2/DLON/H
   48   58   69   60   58   59   58   57   57   57   57   57   57   57   57   57
   57   57   57   58   58   59   59   59   59   60   60   60   60   61   61   61
   61   62   62   63   63   64   64   65   65   65   65   64   64   63   63   62
   61   61   60   59   59   58   58   58   58   58   58   58   58   58   58   59
   60   60   57   56   62   66   66   64   48                                   
    80.0-180.0 180.0   5.0 450.0                            LAT/LON1/LON2/DLON/H
   53   55   66   58   57   54   53   52   52   52   51   51   50   50   50   50
   50   50   51   52   52   53   54   55   56   56   57   57   58   59   59   60
   61   62   64   65   67   68   69   71   71   72   72   71   71   70   68   67
   66   64   63   62   60   59   59   58   58   58   57   57   57   58   58   58
   59   59   58   57   60   65   68   66   53                                   
    77.5-180.0 180.0   5.0 450.0                            LAT/LON1/LON2/DLON/H
   59   58   60   53   51   50   49   48   48   46   44   44   43   42   42   42
   42   43   44   45   46   48   49   50   51   52   53   53   54   55   56   57
   59   61   63   66   68   71   73   75   77   77   78   77   77   75   74   72
   70   68   66   64   62   61   60   59   58   58   57   57   57   57   57   57
   57   57   55   55   55   54   59   61   59                                   
    75.0-180.0 180.0   5.0 450.0                            LAT/LON1/LON2/DLON/H
   49   52   51   48   47   46   44   42   41   40   37   36   35   34   33   33
   33   34   36   38   40   42   44   46   47   48   49   50   51   51   53   54
   57   60   63   66   70   74   77   80   82   84   84   84   83   82   80   78
   75   73   70   68   65   64   62   61   60   59   58   58   58   58   57   57
   56   56   55   51   53   50   53   51   49                                   
    72.5-180.0 180.0   5.0 450.0                            LAT/LON1/LON2/DLON/H
   46   48   47   43   43   44   42   40   38   37   34   32   30   29   28   28
   28   29   31   34   36   39   41   43   45   46   47   47   48   49   50   52
   55   59   63   68   73   78   82   86   89   92   93   93   92   90   88   86
   83   80   77   74   71   68   66   64   63   61   60   60   59   58   57   57
   56   54   54   51   52   50   52   52   46                                   
    70.0-180.0 180.0   5.0 450.0                            LAT/LON1/LON2/DLON/H
   44   45   46   43   43   41   39   38   36   35   32   30   28   26   25   24
   25   26   29   32   35   38   41   43   45   46   47   47   48   49   50   52
   56   60   65   70   76   82   87   92   96   99  101  101  101   99   97   94
   91   88   85   81   77   74   71   68   66   64   62   61   59   58   57   56
   54   53   52   49   50   49   55   53   44                                   
    67.5-180.0 180.0   5.0 450.0                            LAT/LON1/LON2/DLON/H
   39   41   42   40   42   40   39   38   37   36   33   31   29   27   25   25
   25   27   29   32   36   39   42   44   46   47   48   48   48   49   50   52
   56   60   65   70   77   83   89   95  100  103  106  106  106  105  103  101
   98   95   91   87   83   79   75   71   67   64   62   60   58   56   54   53
   51   49   48   45   46   47   52   49   39                                   
    65.0-180.0 180.0   5.0 450.0                            LAT/LON1/LON2/DLON/H
   36   40   40   40   41   40   39   39   38   38   35   34   31   30   28   27
   28   29   31   35   38   41   44   46   48   49   50   50   50   51   52   54
   57   61   66   71   78   85   92   98  104  108  111  113  113  112  111  110
  107  105  101   97   92   87   81   76   71   67   64   61   58   56   53   51
   49   47   46   43   45   47   52   51   36                                   
    62.5-180.0 180.0   5.0 450.0                            LAT/LON1/LON2/DLON/H
   35   39   38   38   39   39   38   38   39   39   37   37   35   33   32   32
   32   33   35   38   41   44   46   48   49   50   51   51   52   52   54   56
   58   62   66   72   78   85   92  100  106  112  115  118  119  119  119  118
  117  115  111  107  102   95   89   82   76   71   67   63   59   55   52   49
   46   43   43   40   42   45   51   50   35                                   
    60.0-180.0 180.0   5.0 450.0                            LAT/LON1/LON2/DLON/H
   35   38   36   35   36   35   35   35   37   37   37   37   36   36   35   35
   35   35   37   39   41   43   45   46   47   48   49   49   50   51   53   55
   58   61   65   70   76   83   91   99  107  113  117  121  123  124  125  125
  125  124  121  117  111  104   96   89   82   75   70   65   60   55   51   47
   43   40   39   37   40   42   48   48   35                                   
    57.5-180.0 180.0   5.0 450.0                            LAT/LON1/LON2/DLON/H
   36   38   36   34   34   33   33   33   35   36   36   37   37   38   38   37
   37   37   38   39   40   41   42   43   44   45   46   47   48   50   52   55
   58   61   65   70   76   83   92  101  109  116  122  126  129  131  133  135
  136  136  134  130  124  117  108   99   91   84   77   72   66   60   55   50
   46   42   40   37   40   42   47   47   36                                   
    55.0-180.0 180.0   5.0 450.0                            LAT/LON1/LON2/DLON/H
   39   40   36   34   34   32   31   31   32   33   33   35   36   37   38   38
   38   38   37   38   38   38   38   39   39   40   42   43   45   48   50   54
   58   61   66   71   76   84   93  103  113  121  128  133  137  140  143  145
  147  148  146  143  137  129  120  111  103   95   88   82   76   69   63   58
   53   48   46   41   43   43   47   47   39                                   
    52.5-180.0 180.0   5.0 450.0                            LAT/LON1/LON2/DLON/H
   44   44   39   36   36   33   32   31   31   31   31   32   34   36   37   38
   37   37   36   35   35   35   35   35   35   37   39   41   43   46   49   54
   58   63   67   72   78   86   96  107  118  128  136  141  146  149  153  156
  158  159  158  154  148  140  131  123  114  107  100   94   88   82   75   70
   64   58   55   49   49   47   50   48   44                                   
    50.0-180.0 180.0   5.0 450.0                            LAT/LON1/LON2/DLON/H
   48   48   43   41   40   38   36   34   32   30   29   30   32   34   36   36
   36   35   34   33   32   32   32   32   33   35   37   39   42   45   49   54
   60   65   70   76   82   91  102  114  126  137  145  151  155  159  162  165
  166  167  165  161  155  148  139  131  124  118  112  107  101   95   89   83
   77   71   68   60   57   53   54   53   48                                   
    47.5-180.0 180.0   5.0 450.0                            LAT/LON1/LON2/DLON/H
   53   52   47   47   46   45   43   39   36   33   30   30   31   33   34   35
   34   33   32   31   31   31   30   31   32   35   37   40   43   46   50   56
   62   69   75   81   89   98  110  123  136  147  155  161  165  167  170  171
  172  171  168  164  157  150  142  136  130  126  121  117  112  107  101   96
   90   84   80   70   65   60   60   59   53                                   
    45.0-180.0 180.0   5.0 450.0                            LAT/LON1/LON2/DLON/H
   56   56   51   53   52   53   51   47   43   38   33   32   32   33   34   34
   33   32   32   31   31   31   31   32   34   37   40   43   46   49   53   59
   66   74   81   88   96  106  119  133  146  157  165  170  173  174  176  176
  175  172  167  161  154  147  141  136  132  130  127  124  120  115  110  105
  100   94   89   79   72   66   66   65   56                                   
    42.5-180.0 180.0   5.0 450.0                            LAT/LON1/LON2/DLON/H
   57   57   53   58   57   59   58   55   51   45   39   36   35   36   36   36
   35   34   33   33   33   33   33   35   37   41   45   49   51   54   58   64
   71   80   88   96  105  116  129  143  156  167  174  177  179  180  180  179
  176  171  164  157  149  141  136  133  131  131  130  128  125  120  115  110
  106  100   95   84   76   71   70   70   57                                   
    40.0-180.0 180.0   5.0 450.0                            LAT/LON1/LON2/DLON/H
   57   57   53   59   59   62   63   61   57   51   46   43   41   41   41   41
   39   37   37   37   38   38   38   39   42   47   52   56   58   61   64   70
   78   87   96  105  115  127  140  154  166  176  181  184  186  186  185  183
  178  171  163  154  145  137  133  131  131  132  132  131  127  122  116  112
  107  102   96   86   78   73   72   72   57                                   
    37.5-180.0 180.0   5.0 450.0                            LAT/LON1/LON2/DLON/H
   56   55   51   57   58   60   62   62   60   56   52   50   49   49   50   49
   47   45   44   44   45   44   44   44   47   53   59   64   66   68   71   77
   85   94  104  115  126  138  152  165  176  184  189  191  193  194  193  191
  185  178  168  158  149  141  136  134  135  137  137  135  131  125  117  112
  106  100   95   86   78   73   72   72   56                                   
    35.0-180.0 180.0   5.0 450.0                            LAT/LON1/LON2/DLON/H
   58   55   49   54   54   56   58   60   60   59   57   57   57   59   60   59
   57   55   54   54   54   52   50   50   52   58   65   71   75   77   80   85
   92  102  113  124  137  150  164  177  187  193  197  200  203  205  206  205
  201  194  185  175  165  156  149  147  147  149  148  145  139  131  121  114
  107  100   95   86   79   73   73   72   58                                   
    32.5-180.0 180.0   5.0 450.0                            LAT/LON1/LON2/DLON/H
   64   58   50   51   51   51   53   55   57   58   59   62   65   68   71   71
   69   67   66   65   63   60   56   54   56   62   70   77   82   85   89   94
  101  111  122  135  149  164  178  190  199  205  209  213  217  222  226  228
  226  222  215  205  195  185  177  173  171  170  168  163  154  143  131  121
  112  104   98   90   84   77   77   75   64                                   
    30.0-180.0 180.0   5.0 450.0                            LAT/LON1/LON2/DLON/H
   77   67   56   54   51   49   49   50   53   56   60   65   70   75   79   80
   79   78   76   74   71   66   61   58   59   65   73   82   88   93   98  103
  110  120  133  148  164  180  194  206  214  220  225  231  238  246  254  260
  262  261  257  249  239  228  218  211  207  203  198  190  178  164  149  136
  124  114  108  100   94   87   87   82   77                                   
    27.5-180.0 180.0   5.0 450.0                            LAT/LON1/LON2/DLON/H
   96   83   70   64   59   54   52   50   51   54   59   65   72   78   84   86
   87   85   83   80   76   70   64   60   61   67   76   85   94  101  107  113
  121  132  146  163  181  199  213  225  233  240  246  255  265  277  289  298
  305  309  308  302  292  281  270  260  253  246  237  225  209  192  174  158
  144  133  126  117  111  104  105   97   96                                   
    25.0-180.0 180.0   5.0 450.0                            LAT/LON1/LON2/DLON/H
  121  107   94   85   78   70   64   58   56   56   59   65   72   78   84   88
   89   88   86   82   77   71   65   62   64   69   78   88   98  108  116  125
  134  147  163  182  202  221  236  248  257  265  273  284  298  313  328  342
  353  360  363  360  351  339  327  316  305  294  281  264  245  225  205  187
  171  158  150  140  134  127  129  120  121                                   
    22.5-180.0 180.0   5.0 450.0                            LAT/LON1/LON2/DLON/H
  150  136  125  115  107   97   87   75   68   63   63   67   71   77   83   87
   89   88   85   81   76   71   66   65   66   72   80   91  103  115  127  138
  150  165  183  205  226  245  261  274  284  294  305  318  334  351  369  385
  400  410  416  415  407  395  382  368  353  338  321  301  280  258  237  217
  200  187  178  167  160  155  157  148  150                                   
    20.0-180.0 180.0   5.0 450.0                            LAT/LON1/LON2/DLON/H
  180  168  161  152  144  132  119  101   87   77   72   72   73   76   81   85
   86   86   83   79   74   70   67   67   70   75   83   94  108  123  138  153
  168  185  206  228  251  270  287  300  313  325  339  354  371  390  408  426
  442  453  460  459  451  439  423  406  388  369  349  328  306  285  264  245
  228  216  206  195  187  183  186  178  180                                   
    17.5-180.0 180.0   5.0 450.0                            LAT/LON1/LON2/DLON/H
  207  199  195  189  182  171  156  133  113   96   86   81   78   79   81   84
   86   85   81   77   73   70   69   71   75   80   88   99  114  133  151  169
  187  207  229  252  274  294  311  326  341  356  371  388  406  425  443  460
  474  485  490  487  479  465  448  428  407  385  363  341  321  301  282  265
  250  239  230  219  211  209  212  205  207                                   
    15.0-180.0 180.0   5.0 450.0                            LAT/LON1/LON2/DLON/H
  226  222  222  219  214  206  191  165  140  118  103   93   87   85   86   88
   89   87   83   78   74   71   72   75   80   86   94  106  123  143  165  187
  207  229  251  274  296  315  332  349  366  383  401  418  436  453  470  485
  496  503  504  499  489  476  458  438  416  392  368  347  327  309  292  276
  263  253  246  237  228  228  233  226  226                                   
    12.5-180.0 180.0   5.0 450.0                            LAT/LON1/LON2/DLON/H
  235  235  236  235  234  229  216  191  163  138  120  108   99   95   94   95
   95   93   89   83   78   75   76   80   86   93  102  115  133  156  180  204
  227  249  272  293  313  331  349  367  385  404  423  441  458  474  489  500
  507  509  505  498  488  475  460  441  419  394  371  349  330  312  295  280
  268  260  255  248  240  241  247  240  235                                   
    10.0-180.0 180.0   5.0 450.0                            LAT/LON1/LON2/DLON/H
  236  236  236  234  238  236  227  205  177  153  134  121  112  106  105  105
  105  103   98   90   84   80   81   85   92  100  110  125  145  169  195  221
  245  267  288  308  326  343  360  379  398  418  437  455  471  486  498  507
  510  507  500  491  481  470  457  440  419  396  374  353  334  315  297  281
  269  263  259  254  248  249  256  247  236                                   
     7.5-180.0 180.0   5.0 450.0                            LAT/LON1/LON2/DLON/H
  231  230  227  221  227  228  223  205  180  158  142  132  123  118  116  116
  116  113  108  100   92   86   85   89   96  106  118  135  157  182  209  235
