data/edconvlstm_nd/pred3150.15i
     1.0            IONOSPHERE MAPS     GNSS                IONEX VERSION / TYPE
pyspatialgeodesy        IME             05-JAN-18 20:20     PGM / RUN BY / DATE 
Map Name                                                    COMMENT             
Predicted global ionosphere maps (GIM).                     DESCRIPTION         
  2015    11    11     0     0     0                        EPOCH OF FIRST MAP  
  2015    11    12     0     0     0                        EPOCH OF LAST MAP   
  7200                                                      INTERVAL            
    13                                                      # OF MAPS IN FILE   
  NONE                                                      MAPPING FUNCTION    
10.0                                                        ELEVATION CUTOFF    
One-way carrier phase leveled to code                       OBSERVABLES USED    
  6371.0                                                    BASE RADIUS         
 2                                                          MAP DIMENSION       
   450.0 450.0   0.0                                        HGT1 / HGT2 / DHGT  
    87.5 -87.5  -2.5                                        LAT1 / LAT2 / DLAT  
  -180.0 180.0   5.0                                        LON1 / LON2 / DLON  
    -1                                                      EXPONENT            
                                                            END OF HEADER       
[from data line 3432]
     9                                                      START OF TEC MAP    
  2015    11    11    16     0     0                        EPOCH OF CURRENT MAP
    87.5-180.0 180.0   5.0 450.0                            LAT/LON1/LON2/DLON/H
   56   64   65   68   73   72   72   68   68   71   70   71   72   73   73   74
   75   76   76   77   77   77   77   77   77   77   77   77   76   76   75   75
   74   74   73   73   72   72   71   71   70   70   70   70   70   69   69   69
   69   69   69   69   69   69   69   69   69   69   69   68   68   68   68   68
   68   68   64   60   62   62   75   79   56                                   
    85.0-180.0 180.0   5.0 450.0                            LAT/LON1/LON2/DLON/H
   59   66   78   62   64   68   67   68   68   70   69   70   71   71   72   73
   74   75   76   76   77   78   78   79   79   79   79   79   79   78   78   77
   77   76   75   75   74   73   73   72   72   71   71   70   70   69   69   69
   69   69   69   69   69   69   69   69   69   69   69   69   69   69   69   69
   70   69   64   59   62   63   69   65   59                                   
    82.5-180.0 180.0   5.0 450.0                            LAT/LON1/LON2/DLON/H
   43   52   60   52   56   58   59   59   60   61   61   63   63   64   66   67
   69   70   72   73   74   76   77   77   78   78   78   77   77   76   76   75
   74   73   73   72   71   70   69   68   67   66   65   64   63   63   62   62
   62   62   62   62   62   62   62   62   62   62   62   62   61   61   61   60
   61   59   56   52   57   66   61   59   43                                   
    80.0-180.0 180.0   5.0 450.0                            LAT/LON1/LON2/DLON/H
   32   40   51   44   48   46   49   49   50   51   52   54   54   56   58   60
   62   64   67   69   71   72   73   74   74   74   74   73   73   72   71   70
   69   68   67   66   65   64   63   61   60   59   57   56   56   55   55   55
   55   55   56   57   57   58   58   58   58   58   58   58   57   56   56   55
   55   54   52   50   50   57   52   57   32                                   
    77.5-180.0 180.0   5.0 450.0                            LAT/LON1/LON2/DLON/H
   42   44   45   39   42   41   43   43   45   44   45   47   48   51   53   56
   60   63   67   70   73   75   76   77   77   76   75   74   73   71   70   68
   67   66   65   63   62   60   58   56   54   52   51   49   48   48   48   49
   50   51   52   54   55   56   57   57   57   57   57   56   55   54   53   51
   50   49   47   46   45   47   48   53   42                                   
    75.0-180.0 180.0   5.0 450.0                            LAT/LON1/LON2/DLON/H
   35   40   39   37   40   39   39   39   41   42   42   44   45   48   51   55
   59   63   68   72   75   78   80   81   80   79   77   75   73   71   69   67
   66   65   64   62   61   59   57   55   52   50   48   46   45   45   46   47
   49   51   53   55   57   59   59   60   60   60   59   58   57   56   54   53
   51   50   49   46   45   43   42   39   35                                   
    72.5-180.0 180.0   5.0 450.0                            LAT/LON1/LON2/DLON/H
   42   42   41   41   41   40   42   40   40   40   39   41   43   45   49   53
   58   63   68   74   78   82   84   85   84   82   80   76   73   69   67   64
   63   61   60   59   57   56   53   51   48   45   42   41   40   40   41   43
   46   49   51   54   56   57   58   58   58   58   57   56   55   54   53   52
   50   48   47   44   42   41   41   42   42                                   
    70.0-180.0 180.0   5.0 450.0                            LAT/LON1/LON2/DLON/H
   42   44   44   45   45   44   43   43   44   44   44   45   46   49   52   56
   61   67   73   79   85   89   92   94   93   91   87   83   78   74   70   67
   64   63   61   60   58   56   54   51   48   45   42   40   40   40   42   45
   48   51   54   56   58   59   60   60   59   59   58   58   57   57   56   55
   53   51   50   47   46   43   46   46   42                                   
    67.5-180.0 180.0   5.0 450.0                            LAT/LON1/LON2/DLON/H
   45   45   45   48   49   49   50   50   50   50   49   51   52   54   56   60
   65   71   77   84   91   96  100  102  101   99   95   89   84   78   73   69
   65   63   61   59   57   55   52   49   46   43   41   39   39   40   42   44
   47   50   53   55   56   56   56   56   55   55   55   55   55   55   55   55
   54   52   50   45   44   42   43   42   45                                   
    65.0-180.0 180.0   5.0 450.0                            LAT/LON1/LON2/DLON/H
   41   43   43   47   49   50   50   52   53   55   55   57   58   60   61   64
   68   73   80   88   95  102  106  109  110  107  103   98   92   86   80   75
   70   66   63   61   58   55   53   50   46   43   41   39   39   39   41   43
   46   48   49   50   50   50   49   49   48   48   49   50   51   51   52   52
   52   51   49   45   44   43   44   44   41                                   
    62.5-180.0 180.0   5.0 450.0                            LAT/LON1/LON2/DLON/H
   37   40   39   43   45   47   48   51   53   56   58   61   63   64   65   67
   70   75   82   89   97  105  111  115  116  116  113  108  102   96   90   83
   77   72   68   64   60   57   53   50   47   44   41   39   38   38   39   40
   42   43   43   43   42   41   40   40   40   40   41   43   44   45   46   47
   46   45   44   40   39   39   39   39   37                                   
    60.0-180.0 180.0   5.0 450.0                            LAT/LON1/LON2/DLON/H
   32   35   34   37   38   38   41   44   48   52   57   61   64   66   67   69
   71   75   81   89   98  106  113  119  122  123  122  119  115  109  103   96
   89   82   76   70   65   61   57   53   49   46   43   41   39   38   37   37
   37   36   35   34   33   32   32   32   33   34   35   36   37   38   39   39
   39   38   37   34   34   34   34   35   32                                   
    57.5-180.0 180.0   5.0 450.0                            LAT/LON1/LON2/DLON/H
   28   31   31   33   32   31   34   37   42   48   54   60   65   68   70   71
   74   78   84   91  100  109  117  124  130  133  134  134  132  128  122  115
  107   98   90   83   77   71   67   62   58   55   51   48   45   42   40   38
   36   34   33   31   30   29   29   30   31   33   34   35   35   35   36   36
   35   34   34   31   31   31   31   33   28                                   
    55.0-180.0 180.0   5.0 450.0                            LAT/LON1/LON2/DLON/H
   29   32   31   32   29   27   29   32   37   44   51   59   65   69   72   75
   78   83   89   97  106  115  124  132  139  144  148  151  151  149  144  136
  127  118  108  100   93   86   81   76   72   67   63   59   54   50   46   42
   39   36   34   33   32   32   33   34   36   37   38   38   38   37   36   35
   34   33   34   32   33   31   31   34   29                                   
    52.5-180.0 180.0   5.0 450.0                            LAT/LON1/LON2/DLON/H
   34   36   36   35   31   28   29   31   36   42   49   58   65   71   76   80
   85   91   98  106  115  124  133  142  150  157  163  168  170  169  164  157
  147  137  127  118  111  104   98   93   88   84   78   73   67   61   55   51
   46   44   42   41   41   42   43   45   47   48   48   47   46   44   42   40
   39   38   39   39   39   36   35   38   34                                   
    50.0-180.0 180.0   5.0 450.0                            LAT/LON1/LON2/DLON/H
   45   46   45   44   38   35   35   36   39   45   52   60   68   75   82   89
   96  104  112  121  129  138  146  155  163  171  179  185  187  187  182  173
  163  153  143  134  127  121  116  111  106  101   95   89   82   74   68   62
   58   55   54   54   55   57   58   60   61   62   61   60   57   54   52   50
   48   48   50   50   50   46   44   46   45                                   
    47.5-180.0 180.0   5.0 450.0                            LAT/LON1/LON2/DLON/H
   57   58   57   56   51   49   47   47   49   54   59   67   75   83   92  102
  111  121  130  139  147  155  162  170  178  187  194  200  202  199  193  183
  172  162  153  146  140  135  130  126  121  116  110  103   95   87   80   74
   70   69   69   70   71   73   75   75   76   75   74   72   70   67   64   62
   61   62   64   64   64   60   57   56   57                                   
    45.0-180.0 180.0   5.0 450.0                            LAT/LON1/LON2/DLON/H
   70   69   68   69   65   65   63   64   65   69   74   80   88   97  107  118
  130  141  151  159  167  173  180  187  194  202  209  212  212  206  197  185
  174  164  157  152  148  144  141  136  132  127  121  114  106   97   90   84
   81   81   82   84   86   87   87   87   86   84   83   81   80   78   76   75
   74   75   78   79   78   74   70   67   70                                   
    42.5-180.0 180.0   5.0 450.0                            LAT/LON1/LON2/DLON/H
   79   77   75   79   78   79   79   82   85   90   94  100  107  116  127  139
  151  163  173  180  187  192  197  203  210  217  221  222  218  209  196  183
  171  163  158  155  153  151  148  144  139  134  128  121  112  103   96   91
   89   89   90   93   94   94   93   91   88   86   85   85   85   84   84   85
   85   86   88   89   89   84   80   77   79                                   
    40.0-180.0 180.0   5.0 450.0                            LAT/LON1/LON2/DLON/H
   81   78   76   83   86   89   92   98  105  112  118  124  132  141  151  163
  175  186  194  200  205  209  213  219  224  229  232  229  221  210  196  182
  172  165  162  161  161  159  155  150  144  138  132  124  115  106   98   93
   91   92   93   95   95   94   92   88   85   83   83   83   85   86   88   89
   90   92   94   94   93   89   85   82   81                                   
    37.5-180.0 180.0   5.0 450.0                            LAT/LON1/LON2/DLON/H
   76   73   70   80   86   91   98  109  121  132  142  151  159  168  179  190
  200  208  214  219  222  224  227  232  237  240  240  235  226  214  201  190
  182  179  178  178  177  174  168  160  152  144  136  127  118  108  100   95
   92   92   92   92   92   90   87   83   80   78   79   80   83   85   88   90
   91   92   93   92   90   86   82   82   76                                   
    35.0-180.0 180.0   5.0 450.0                            LAT/LON1/LON2/DLON/H
   67   63   60   72   78   85   96  113  130  148  163  176  186  197  207  216
  224  230  234  236  237  238  240  243  247  249  248  243  234  225  217  211
  209  210  211  212  209  201  191  178  166  156  146  135  125  114  106  100
   96   93   92   91   90   89   86   82   80   79   79   81   83   85   87   89
   89   89   89   87   83   79   76   77   67                                   
    32.5-180.0 180.0   5.0 450.0                            LAT/LON1/LON2/DLON/H
   57   53   50   60   66   72   88  109  133  157  178  196  211  223  234  242
  248  252  253  253  251  250  251  253  256  258  258  254  250  246  245  249
  254  260  264  263  257  244  227  209  192  177  164  152  140  129  120  112
  106  102   99   97   96   95   93   91   89   89   89   90   90   89   89   89
   87   86   85   81   76   71   69   73   57                                   
    30.0-180.0 180.0   5.0 450.0                            LAT/LON1/LON2/DLON/H
   50   47   42   49   53   59   76  100  129  159  187  211  231  246  258  267
  272  274  273  271  267  264  263  264  267  269  271  271  272  277  287  301
  317  329  336  333  321  301  277  252  229  210  194  180  167  155  145  137
  129  122  117  114  113  113  113  112  112  112  112  110  107  102   98   95
   91   88   85   79   74   68   66   70   50                                   
    27.5-180.0 180.0   5.0 450.0                            LAT/LON1/LON2/DLON/H
   50   46   40   44   45   49   67   91  122  156  189  219  245  264  279  289
  295  297  295  291  286  281  278  278  280  284  288  293  302  318  340  367
  394  413  421  415  396  367  335  303  275  252  233  218  204  193  183  174
  164  156  149  145  145  146  148  148  149  149  147  142  134  124  115  109
  102   97   92   85   79   71   69   70   50                                   
    25.0-180.0 180.0   5.0 450.0                            LAT/LON1/LON2/DLON/H
   57   50   44   45   45   47   64   86  117  153  189  224  254  278  297  310
  317  320  318  314  307  300  295  294  297  302  309  320  338  365  401  441
  477  501  508  496  469  432  393  357  326  300  279  263  249  239  230  221
  211  201  193  189  190  192  194  195  195  194  191  182  169  154  141  132
  122  116  107   99   90   81   75   72   57                                   
    22.5-180.0 180.0   5.0 450.0                            LAT/LON1/LON2/DLON/H
   70   60   53   52   52   54   69   89  119  153  190  227  260  288  311  327
  338  343  342  337  329  321  316  315  318  325  335  352  378  416  463  512
  554  579  581  561  526  484  443  405  373  347  325  309  297  288  280  272
  263  252  244  241  242  245  246  246  244  241  234  222  205  187  172  160
  149  142  130  121  108   96   85   77   70                                   
    20.0-180.0 180.0   5.0 450.0                            LAT/LON1/LON2/DLON/H
   85   72   65   63   64   67   82   99  126  158  195  232  267  298  324  344
  358  366  367  362  354  345  340  339  344  353  366  388  420  464  517  570
  611  631  626  600  560  517  477  442  412  387  366  350  339  332  326  320
  312  302  295  292  293  294  293  289  283  277  269  255  237  217  201  189
  178  170  155  145  129  112   95   85   85                                   
    17.5-180.0 180.0   5.0 450.0                            LAT/LON1/LON2/DLON/H
  101   86   79   76   78   83   99  115  139  169  204  241  277  310  338  361
  378  389  392  388  379  371  367  368  375  386  402  425  459  505  557  605
  639  652  642  613  574  534  498  468  442  418  398  381  370  364  361  356
  350  342  336  333  333  331  325  316  306  297  287  273  256  238  224  214
  204  196  178  167  147  126  105   93  101                                   
    15.0-180.0 180.0   5.0 450.0                            LAT/LON1/LON2/DLON/H
  112   99   92   90   93  101  119  133  156  184  217  254  290  324  354  380
  400  413  418  414  406  399  397  400  409  422  439  462  494  535  578  617
  642  648  635  608  573  539  510  485  463  440  418  400  388  382  379  376
  371  365  360  357  354  349  339  325  312  300  288  275  261  246  236  228
  220  213  194  182  158  135  111  100  112                                   
    12.5-180.0 180.0   5.0 450.0                            LAT/LON1/LON2/DLON/H
  119  109  102  102  107  119  138  153  175  202  234  270  307  341  373  400
  423  438  444  442  435  429  428  435  445  459  475  495  521  552  584  611
  628  630  618  594  566  540  518  498  478  455  431  410  395  386  382  379
  375  370  366  363  359  351  338  321  303  289  276  264  252  243  237  232
  226  219  200  186  162  138  112  103  119                                   
    10.0-180.0 180.0   5.0 450.0                            LAT/LON1/LON2/DLON/H
  120  112  107  109  118  134  157  173  195  222  253  289  325  359  392  421
  446  463  471  469  464  460  462  471  483  496  510  525  542  562  582  599
  609  610  600  583  563  545  528  511  491  467  439  414  394  381  374  370
  366  362  359  356  352  343  328  309  290  272  258  246  237  231  229  227
  221  215  197  182  158  134  109  102  120                                   
     7.5-180.0 180.0   5.0 450.0                            LAT/LON1/LON2/DLON/H
  118  111  107  112  124  144  170  190  213  241  273  308  343  377  410  441
  468  487  497  497  494  493  498  509  521  533  543  552  560  570  581  590
