data/edconvlstm_nd/pred2230.15i
     1.0            IONOSPHERE MAPS     GNSS                IONEX VERSION / TYPE
pyspatialgeodesy        IME             05-JAN-18 20:20     PGM / RUN BY / DATE 
Map Name                                                    COMMENT             
Predicted global ionosphere maps (GIM).                     DESCRIPTION         
  2015     8    11     0     0     0                        EPOCH OF FIRST MAP  
  2015     8    12     0     0     0                        EPOCH OF LAST MAP   
  7200                                                      INTERVAL            
    13                                                      # OF MAPS IN FILE   
  NONE                                                      MAPPING FUNCTION    
10.0                                                        ELEVATION CUTOFF    
One-way carrier phase leveled to code                       OBSERVABLES USED    
  6371.0                                                    BASE RADIUS         
 2                                                          MAP DIMENSION       
   450.0 450.0   0.0                                        HGT1 / HGT2 / DHGT  
    87.5 -87.5  -2.5                                        LAT1 / LAT2 / DLAT  
  -180.0 180.0   5.0                                        LON1 / LON2 / DLON  
    -1                                                      EXPONENT            
                                                            END OF HEADER       
[from data line 2145]
     6                                                      START OF TEC MAP    
  2015     8    11    10     0     0                        EPOCH OF CURRENT MAP
    87.5-180.0 180.0   5.0 450.0                            LAT/LON1/LON2/DLON/H
  111  116  114  119  121  121  119  117  118  120  120  121  122  122  122  123
  123  123  123  124  124  124  124  124  123  123  123  123  123  122  122  122
  122  121  121  121  120  120  119  119  119  119  119  118  118  118  118  118
  118  117  117  117  116  115  115  114  113  113  112  112  111  110  110  110
  110  112  110  108  113  111  120  120  111                                   
    85.0-180.0 180.0   5.0 450.0                            LAT/LON1/LON2/DLON/H
  110  118  127  122  123  126  126  126  127  129  129  130  130  130  130  130
  130  131  131  131  131  131  131  131  131  131  131  131  131  131  130  130
  130  130  129  129  128  128  128  127  127  127  127  127  127  127  127  126
  126  126  125  125  124  124  123  122  121  121  120  119  119  118  117  117
  119  120  115  113  110  112  117  120  110                                   
    82.5-180.0 180.0   5.0 450.0                            LAT/LON1/LON2/DLON/H
  107  120  125  120  120  123  124  125  126  127  127  128  127  127  127  127
  127  126  126  126  126  126  126  127  127  127  127  128  128  129  129  129
  129  129  129  129  129  128  128  128  128  128  128  128  129  129  129  129
  129  129  129  128  127  126  125  124  122  121  120  119  117  116  115  115
  115  115  111  111  110  114  111  107  107                                   
    80.0-180.0 180.0   5.0 450.0                            LAT/LON1/LON2/DLON/H
  107  115  120  120  119  120  121  122  124  124  123  123  122  121  121  120
  120  119  119  119  118  118  118  119  119  120  121  122  123  124  125  126
  126  127  127  127  127  126  126  126  127  127  128  129  130  131  132  132
  133  133  132  132  131  130  128  126  124  122  120  118  116  115  113  112
  112  111  109  109  107  112  115  109  107                                   
    77.5-180.0 180.0   5.0 450.0                            LAT/LON1/LON2/DLON/H
  111  114  118  120  119  121  121  122  122  121  119  118  116  115  114  113
  112  112  111  111  111  111  111  112  112  113  114  116  118  120  122  124
  126  127  128  128  128  128  129  129  130  131  133  135  137  138  140  142
  143  143  143  142  141  140  138  135  133  130  127  124  121  119  116  115
  113  112  108  109  109  109  110  111  111                                   
    75.0-180.0 180.0   5.0 450.0                            LAT/LON1/LON2/DLON/H
  106  112  110  114  114  118  117  117  117  116  112  111  108  106  105  103
  103  102  102  102  102  101  101  102  102  103  105  107  110  113  117  120
  122  124  126  127  128  128  129  130  132  134  136  139  141  144  147  149
  150  151  151  150  149  147  145  142  139  136  132  129  126  123  120  118
  116  114  110  106  107  107  109  105  106                                   
    72.5-180.0 180.0   5.0 450.0                            LAT/LON1/LON2/DLON/H
  103  107  105  109  110  114  114  114  113  111  107  105  102  100   98   97
   96   96   96   96   96   95   95   95   95   96   98  100  104  108  113  117
  121  124  126  128  130  131  132  134  136  139  142  145  149  152  155  157
  158  158  158  157  155  153  151  148  145  142  139  136  133  130  127  125
  123  119  115  111  108  108  107  106  103                                   
    70.0-180.0 180.0   5.0 450.0                            LAT/LON1/LON2/DLON/H
  102  100   99  102  102  104  104  105  104  103   99   96   93   91   90   89
   89   90   90   90   89   88   87   87   87   87   89   92   96  101  106  112
  117  121  125  127  129  131  133  136  139  143  146  150  154  157  159  160
  160  160  159  157  155  152  150  147  144  142  140  138  136  134  132  131
  128  124  120  115  110  108  109  107  102                                   
    67.5-180.0 180.0   5.0 450.0                            LAT/LON1/LON2/DLON/H
   96   94   92   94   94   96   97   97   97   96   92   91   88   87   86   86
   86   87   87   87   87   85   84   82   82   82   83   86   90   96  102  108
  114  119  123  126  129  132  135  138  142  147  151  155  158  160  161  161
  160  158  156  153  150  148  145  143  141  140  139  139  138  138  137  136
  134  130  125  119  113  109  107  104   96                                   
    65.0-180.0 180.0   5.0 450.0                            LAT/LON1/LON2/DLON/H
   93   90   86   87   85   87   88   89   90   89   87   86   84   84   83   84
   85   86   86   86   85   83   82   80   79   79   81   84   88   94  100  106
  113  119  123  128  131  135  139  144  149  154  159  163  166  167  166  164
  161  157  153  150  146  143  141  139  138  138  139  140  141  142  142  143
  141  138  133  126  119  115  112  108   93                                   
    62.5-180.0 180.0   5.0 450.0                            LAT/LON1/LON2/DLON/H
   91   86   81   80   77   79   79   81   82   82   81   81   80   80   81   82
   83   84   84   83   82   81   79   78   78   78   80   83   88   93   99  106
  113  119  124  129  134  139  144  150  156  163  168  172  174  173  170  166
  161  155  151  146  143  140  138  137  137  137  139  141  143  145  146  147
  146  143  139  132  125  119  116  112   91                                   
    60.0-180.0 180.0   5.0 450.0                            LAT/LON1/LON2/DLON/H
   91   85   78   75   71   71   71   72   73   73   73   73   74   75   76   77
   78   79   79   78   77   76   75   75   76   78   80   84   88   94  100  106
  113  119  125  131  137  143  149  156  164  171  177  180  181  179  174  168
  162  156  150  146  143  141  139  138  138  139  140  142  145  147  148  149
  149  146  143  137  129  124  120  115   91                                   
    57.5-180.0 180.0   5.0 450.0                            LAT/LON1/LON2/DLON/H
   95   88   80   75   68   67   66   65   65   65   65   66   67   68   70   71
   72   72   72   71   71   70   71   73   75   78   82   86   91   96  102  108
  115  122  129  136  142  149  157  165  174  182  188  191  191  188  182  175
  167  161  156  153  150  148  147  146  145  146  146  148  149  151  151  152
  152  149  146  141  134  130  126  121   95                                   
    55.0-180.0 180.0   5.0 450.0                            LAT/LON1/LON2/DLON/H
  103   95   86   79   69   66   63   61   60   58   57   58   59   61   62   64
   65   64   64   63   63   64   67   70   75   80   85   89   94   99  104  110
  118  126  134  142  150  158  166  175  184  192  198  201  201  197  191  183
  176  170  166  163  161  160  158  157  156  155  155  155  155  155  155  155
  153  151  148  143  138  135  132  127  103                                   
    52.5-180.0 180.0   5.0 450.0                            LAT/LON1/LON2/DLON/H
  114  105   95   87   76   70   65   61   57   54   52   52   52   54   55   57
   57   57   57   56   57   59   63   69   75   82   88   93   97  102  107  114
  122  131  141  151  160  169  177  186  195  203  209  211  211  207  201  194
  187  183  179  177  175  173  171  169  168  166  165  163  162  161  160  158
  156  153  150  146  142  140  137  133  114                                   
    50.0-180.0 180.0   5.0 450.0                            LAT/LON1/LON2/DLON/H
  125  116  107   98   86   78   72   66   60   55   51   50   49   50   51   52
   52   52   52   52   54   57   63   70   77   85   91   97  101  105  110  117
  126  138  150  161  172  181  190  198  206  213  218  221  220  217  211  205
  200  196  193  190  187  185  182  179  177  175  173  171  169  167  165  163
  160  156  153  149  146  145  142  138  125                                   
    47.5-180.0 180.0   5.0 450.0                            LAT/LON1/LON2/DLON/H
  134  126  118  110   98   90   82   74   67   60   55   52   50   50   50   50
   51   51   51   52   54   59   65   73   82   90   96  101  104  108  113  121
  132  145  159  173  185  194  203  210  217  223  228  230  230  227  222  217
  213  208  204  200  196  192  188  184  182  179  178  176  175  173  172  170
  167  162  158  153  149  148  145  142  134                                   
    45.0-180.0 180.0   5.0 450.0                            LAT/LON1/LON2/DLON/H
  139  132  126  120  109  101   94   86   78   70   64   60   57   55   54   53
   53   53   54   55   59   64   71   79   88   96  102  105  108  111  116  125
  137  153  169  184  197  208  216  222  228  234  237  239  239  237  234  229
  224  219  213  206  199  193  188  184  181  180  179  179  179  179  179  179
  176  171  165  158  153  150  147  144  139                                   
    42.5-180.0 180.0   5.0 450.0                            LAT/LON1/LON2/DLON/H
  139  134  130  125  116  110  104   97   90   83   76   72   67   64   62   61
   60   60   61   63   66   72   79   88   96  104  109  111  113  115  120  129
  143  160  178  195  209  220  228  234  240  244  248  250  250  249  246  242
  237  230  221  211  201  192  185  181  179  179  179  181  183  185  188  189
  188  182  174  165  157  152  148  144  139                                   
    40.0-180.0 180.0   5.0 450.0                            LAT/LON1/LON2/DLON/H
  135  131  129  125  118  115  111  106  100   95   89   85   81   77   73   71
   69   69   70   72   76   82   89   97  106  112  116  118  118  120  125  135
  149  167  186  204  219  230  239  246  252  256  260  262  263  263  261  257
  251  242  230  217  205  194  186  182  180  180  182  185  188  193  198  202
  201  196  186  174  162  154  148  144  135                                   
    37.5-180.0 180.0   5.0 450.0                            LAT/LON1/LON2/DLON/H
  129  125  123  120  115  114  113  110  108  104  101   98   94   89   85   82
   80   79   79   81   85   91   99  107  115  121  125  125  126  127  132  142
  156  174  193  211  227  239  249  257  264  269  273  277  279  280  280  276
  270  259  246  231  217  205  196  191  190  190  191  194  199  205  211  216
  217  211  200  185  169  157  149  143  129                                   
    35.0-180.0 180.0   5.0 450.0                            LAT/LON1/LON2/DLON/H
  123  119  117  113  109  109  110  110  110  110  109  108  105  101   96   92
   90   88   88   90   94  100  108  116  124  130  133  134  134  135  141  150
  164  181  200  217  233  247  258  268  276  283  289  294  298  301  303  300
  294  284  271  257  243  231  222  216  212  211  211  212  216  222  228  233
  234  228  215  198  179  162  152  144  123                                   
    32.5-180.0 180.0   5.0 450.0                            LAT/LON1/LON2/DLON/H
  121  114  111  106  102  102  104  106  109  111  112  113  112  109  105  101
   98   96   95   97  101  107  116  125  133  138  141  142  143  145  151  160
  173  189  206  223  239  254  267  279  290  299  307  313  320  326  329  330
  325  317  307  295  283  272  263  255  250  245  242  240  241  245  249  253
  252  245  230  212  191  170  158  147  121                                   
    30.0-180.0 180.0   5.0 450.0                            LAT/LON1/LON2/DLON/H
  124  114  110  101   97   96   99  101  105  108  112  115  115  113  110  107
  104  102  101  102  106  114  123  132  140  146  149  150  152  155  162  171
  184  199  214  230  246  261  276  290  303  315  325  334  343  352  359  362
  361  357  351  343  335  327  317  308  299  290  282  276  274  273  274  275
  270  261  245  226  204  181  166  154  124                                   
    27.5-180.0 180.0   5.0 450.0                            LAT/LON1/LON2/DLON/H
  132  119  113  102   96   95   97   99  102  106  110  114  115  115  114  112
  109  107  105  107  112  120  129  139  146  152  155  157  159  164  173  183
  196  209  223  239  254  270  286  302  317  330  342  354  366  378  388  395
  398  399  399  397  394  388  379  367  353  340  327  317  310  305  301  297
  288  276  258  238  217  193  177  163  132                                   
    25.0-180.0 180.0   5.0 450.0                            LAT/LON1/LON2/DLON/H
  144  128  122  110  102  100  100  101  102  105  109  112  115  116  116  115
  114  112  110  112  117  126  135  144  151  156  158  161  165  172  182  194
  207  220  234  248  264  280  297  314  330  345  359  373  387  401  414  425
  433  439  444  448  450  446  437  422  405  387  371  357  346  337  328  318
  304  289  269  249  229  205  188  175  144                                   
    22.5-180.0 180.0   5.0 450.0                            LAT/LON1/LON2/DLON/H
  158  141  135  123  114  110  110  108  108  109  111  113  115  117  118  119
  118  117  115  117  123  132  141  149  155  158  160  163  168  178  190  204
  218  231  244  259  274  291  308  325  342  358  374  389  405  422  437  450
  461  471  481  489  493  491  481  465  445  425  407  391  378  365  352  336
  318  299  278  257  239  216  199  187  158                                   
    20.0-180.0 180.0   5.0 450.0                            LAT/LON1/LON2/DLON/H
  172  156  151  139  130  126  124  121  118  117  116  117  118  120  121  123
  123  121  120  122  128  136  145  152  156  158  159  162  170  181  196  211
  226  240  254  269  285  302  319  337  354  371  387  404  421  438  454  469
  482  494  505  514  518  515  505  488  468  448  431  416  402  388  372  353
  329  307  284  263  246  224  208  198  172                                   
    17.5-180.0 180.0   5.0 450.0                            LAT/LON1/LON2/DLON/H
  186  171  168  157  148  144  141  137  133  129  126  125  124  124  126  127
  127  126  124  126  132  139  147  152  155  155  157  161  169  182  199  216
  232  246  262  278  295  312  330  347  365  382  399  416  434  451  467  481
  494  505  515  522  524  519  507  491  473  457  443  431  420  406  388  366
  339  313  289  266  251  229  215  207  186                                   
    15.0-180.0 180.0   5.0 450.0                            LAT/LON1/LON2/DLON/H
  198  187  184  174  166  160  157  153  148  142  138  134  132  130  130  131
  130  129  127  128  133  139  145  149  151  151  153  158  168  183  200  218
  235  251  267  284  302  320  339  357  375  393  411  428  445  461  476  488
  499  508  515  517  515  507  495  481  467  456  447  439  430  418  400  375
  346  318  292  270  254  234  222  216  198                                   
    12.5-180.0 180.0   5.0 450.0                            LAT/LON1/LON2/DLON/H
  210  202  200  190  180  174  170  166  160  155  149  144  140  136  134  134
  132  130  128  128  131  136  140  143  144  146  150  156  167  183  201  219
  236  252  270  288  307  326  346  365  384  403  421  438  453  468  480  491
  500  506  508  505  498  488  477  466  458  452  448  444  437  426  407  382
  352  323  296  273  258  238  228  224  210                                   
    10.0-180.0 180.0   5.0 450.0                            LAT/LON1/LON2/DLON/H
  223  218  215  204  193  184  179  174  168  163  158  153  147  141  138  135
  133  129  126  125  127  129  131  133  136  140  147  156  169  185  202  220
  237  253  270  289  309  329  350  370  391  410  428  444  458  470  480  489
  496  500  499  492  482  472  462  456  452  451  450  448  442  430  411  386
  355  326  300  278  263  244  236  232  223                                   
     7.5-180.0 180.0   5.0 450.0                            LAT/LON1/LON2/DLON/H
  237  235  231  217  204  192  184  177  172  167  162  157  151  145  139  135
  131  127  124  121  120  120  121  123  127  135  145  157  172  188  205  222
