data/edconvlstm_nd/pred1450.15i
     1.0            IONOSPHERE MAPS     GNSS                IONEX VERSION / TYPE
pyspatialgeodesy        IME             05-JAN-18 20:20     PGM / RUN BY / DATE 
Map Name                                                    COMMENT             
Predicted global ionosphere maps (GIM).                     DESCRIPTION         
  2015     5    25     0     0     0                        EPOCH OF FIRST MAP  
  2015     5    26     0     0     0                        EPOCH OF LAST MAP   
  7200                                                      INTERVAL            
    13                                                      # OF MAPS IN FILE   
  NONE                                                      MAPPING FUNCTION    
10.0                                                        ELEVATION CUTOFF    
One-way carrier phase leveled to code                       OBSERVABLES USED    
  6371.0                                                    BASE RADIUS         
 2                                                          MAP DIMENSION       
   450.0 450.0   0.0                                        HGT1 / HGT2 / DHGT  
    87.5 -87.5  -2.5                                        LAT1 / LAT2 / DLAT  
  -180.0 180.0   5.0                                        LON1 / LON2 / DLON  
    -1                                                      EXPONENT            
                                                            END OF HEADER       
[from data line 3003]
     8                                                      START OF TEC MAP    
  2015     5    25    14     0     0                        EPOCH OF CURRENT MAP
    87.5-180.0 180.0   5.0 450.0                            LAT/LON1/LON2/DLON/H
  169  165  157  163  165  165  164  162  163  164  163  163  163  163  163  162
  162  162  162  162  161  161  161  161  161  161  161  161  161  161  161  162
  162  162  162  163  163  163  164  164  165  165  165  166  166  166  167  167
  167  167  167  167  167  167  167  166  166  166  165  165  164  164  163  163
  162  163  161  161  167  165  169  169  169                                   
    85.0-180.0 180.0   5.0 450.0                            LAT/LON1/LON2/DLON/H
  159  162  171  166  166  169  169  170  171  171  171  171  170  170  170  169
  169  169  169  168  168  168  168  168  168  168  168  168  168  168  169  169
  169  169  169  170  170  171  171  171  172  172  173  173  174  174  174  175
  175  175  175  175  174  174  174  173  173  172  172  171  170  170  169  169
  169  169  166  165  165  160  164  168  159                                   
    82.5-180.0 180.0   5.0 450.0                            LAT/LON1/LON2/DLON/H
  143  158  161  158  159  164  166  167  167  167  167  167  166  166  166  165
  165  164  164  164  164  164  164  164  164  165  165  165  166  166  166  166
  167  167  167  167  168  168  169  169  169  170  171  171  172  172  173  173
  173  173  173  173  173  172  171  171  170  169  168  167  166  164  163  162
  161  160  157  159  157  162  159  149  143                                   
    80.0-180.0 180.0   5.0 450.0                            LAT/LON1/LON2/DLON/H
  138  151  156  157  157  160  162  165  167  167  167  167  166  166  165  165
  164  164  164  164  164  164  164  164  164  165  165  165  166  166  166  166
  166  166  166  166  166  167  167  167  168  168  169  170  171  171  172  173
  173  173  173  173  172  172  171  170  168  167  165  163  161  159  158  156
  155  154  150  151  148  146  150  142  138                                   
    77.5-180.0 180.0   5.0 450.0                            LAT/LON1/LON2/DLON/H
  141  148  153  155  156  161  163  166  168  168  167  168  167  167  166  166
  166  166  166  166  167  167  168  168  169  169  170  170  170  171  171  171
  172  172  172  171  171  171  171  171  171  171  172  172  173  174  175  176
  177  177  177  177  176  175  174  172  170  168  166  163  161  158  155  153
  150  148  144  145  146  140  142  141  141                                   
    75.0-180.0 180.0   5.0 450.0                            LAT/LON1/LON2/DLON/H
  136  144  146  151  154  160  162  165  168  169  168  168  168  167  167  167
  167  168  168  169  170  171  172  173  173  174  174  174  175  175  176  176
  177  177  177  176  176  175  174  174  173  173  173  173  174  175  176  177
  178  178  178  178  178  177  175  174  172  170  167  164  161  158  155  152
  148  145  141  138  139  135  137  130  136                                   
    72.5-180.0 180.0   5.0 450.0                            LAT/LON1/LON2/DLON/H
  131  140  142  148  150  158  162  165  168  169  168  168  167  167  167  167
  168  169  171  172  174  175  176  177  177  177  178  178  178  179  180  181
  182  182  182  182  181  180  178  177  175  174  174  174  175  175  176  177
  178  178  178  178  178  177  176  174  173  171  168  166  163  159  156  152
  148  144  140  136  134  132  133  130  131                                   
    70.0-180.0 180.0   5.0 450.0                            LAT/LON1/LON2/DLON/H
  128  135  138  144  146  154  158  162  165  167  166  166  166  165  166  166
  167  169  171  173  175  176  177  178  178  178  178  178  179  180  181  183
  185  186  187  186  185  183  181  179  176  174  173  173  173  173  174  174
  175  175  175  174  174  173  173  172  171  170  168  166  164  161  158  155
  150  146  141  137  134  131  134  130  128                                   
    67.5-180.0 180.0   5.0 450.0                            LAT/LON1/LON2/DLON/H
  127  133  136  142  145  153  158  162  165  167  167  167  167  167  167  168
  170  172  174  176  178  179  180  180  180  179  179  178  179  180  183  185
  188  190  191  191  190  188  185  182  179  177  175  174  174  174  174  174
  174  173  172  172  171  171  171  171  171  171  171  170  169  167  165  162
  158  153  148  142  137  133  134  132  127                                   
    65.0-180.0 180.0   5.0 450.0                            LAT/LON1/LON2/DLON/H
  126  131  133  139  140  148  153  158  161  164  164  165  166  166  167  168
  170  172  174  176  178  179  180  179  179  178  177  177  178  180  183  186
  190  193  195  195  194  192  189  185  182  179  177  176  175  174  174  172
  171  169  168  167  166  166  167  167  169  170  171  172  172  172  171  169
  165  161  155  150  144  140  141  137  126                                   
    62.5-180.0 180.0   5.0 450.0                            LAT/LON1/LON2/DLON/H
  126  130  131  135  136  143  148  153  157  160  162  163  164  166  167  169
  170  172  174  176  177  178  179  178  177  176  176  176  177  180  183  188
  192  196  198  199  198  195  192  188  185  183  181  180  178  177  175  172
  169  167  164  163  162  163  164  165  167  169  171  173  175  175  175  174
  171  168  163  157  150  145  145  142  126                                   
    60.0-180.0 180.0   5.0 450.0                            LAT/LON1/LON2/DLON/H
  127  128  128  130  130  137  142  147  151  155  157  159  161  163  166  168
  170  171  173  174  175  176  176  176  176  175  175  176  178  181  186  191
  195  199  201  202  200  198  195  192  190  188  186  185  184  181  178  174
  170  166  163  161  161  162  163  165  168  170  172  174  176  177  177  177
  175  171  167  161  155  149  149  146  127                                   
    57.5-180.0 180.0   5.0 450.0                            LAT/LON1/LON2/DLON/H
  128  127  125  127  125  131  136  141  145  149  152  154  157  160  163  166
  169  170  172  173  173  174  175  175  176  176  177  179  182  186  191  196
  201  204  206  206  205  203  200  198  196  195  194  194  192  189  184  179
  174  169  165  164  164  165  167  169  172  173  175  176  177  178  178  177
  175  172  168  163  157  151  151  149  128                                   
    55.0-180.0 180.0   5.0 450.0                            LAT/LON1/LON2/DLON/H
  130  126  123  124  121  127  132  136  140  144  146  149  152  156  160  164
  167  169  170  171  172  173  175  176  177  179  181  184  188  193  199  204
  208  210  211  211  210  208  206  205  204  204  204  204  202  198  193  187
  180  175  171  170  170  172  175  177  179  179  180  179  179  178  177  176
  173  170  166  162  156  151  151  149  130                                   
    52.5-180.0 180.0   5.0 450.0                            LAT/LON1/LON2/DLON/H
  131  127  123  124  121  126  130  134  138  140  141  143  146  151  156  161
  165  168  170  171  172  174  176  178  181  183  186  190  196  202  208  213
  216  218  218  218  217  215  214  214  214  215  215  215  213  209  203  196
  189  184  180  179  180  183  185  187  188  188  186  184  182  179  176  174
  171  167  163  159  154  149  150  147  131                                   
    50.0-180.0 180.0   5.0 450.0                            LAT/LON1/LON2/DLON/H
  134  129  125  126  123  128  132  135  138  139  139  139  141  146  152  158
  164  169  171  173  175  177  180  183  186  189  193  198  204  211  218  223
  225  227  227  226  226  226  225  226  226  227  228  227  225  220  214  207
  200  195  191  190  192  194  197  199  199  197  194  191  186  182  178  174
  170  166  161  157  152  147  147  144  134                                   
    47.5-180.0 180.0   5.0 450.0                            LAT/LON1/LON2/DLON/H
  136  132  129  129  127  132  136  139  141  140  138  137  138  142  149  157
  164  170  174  177  180  183  186  190  193  196  200  205  212  219  226  232
  235  236  237  238  239  240  241  241  241  242  241  240  237  232  226  219
  212  206  203  202  203  205  208  210  210  207  203  199  193  188  183  178
  172  167  162  156  151  146  146  142  136                                   
    45.0-180.0 180.0   5.0 450.0                            LAT/LON1/LON2/DLON/H
  137  135  133  134  133  138  142  144  145  143  140  137  137  140  147  156
  166  174  179  183  186  190  194  198  201  204  207  212  219  227  234  240
  245  248  251  254  257  260  261  261  261  260  257  254  250  244  238  231
  224  217  213  211  212  214  217  218  218  216  212  207  202  196  190  185
  178  173  166  159  152  147  146  141  137                                   
    42.5-180.0 180.0   5.0 450.0                            LAT/LON1/LON2/DLON/H
  137  138  136  137  137  142  147  149  150  147  143  139  137  141  148  159
  170  179  186  191  195  200  204  208  211  213  216  219  226  234  242  250
  257  263  269  275  281  286  288  288  285  282  277  272  266  259  251  244
  236  229  223  220  219  220  222  224  224  223  220  215  210  205  200  194
  188  181  173  165  156  150  147  141  137                                   
    40.0-180.0 180.0   5.0 450.0                            LAT/LON1/LON2/DLON/H
  136  138  138  138  139  144  149  152  153  151  146  142  141  144  152  163
  175  186  194  199  204  209  215  219  222  223  224  228  233  242  252  262
  272  282  293  304  313  319  322  320  315  309  302  294  285  276  268  259
  249  241  233  227  225  225  226  227  228  227  225  222  219  214  210  205
  198  191  182  173  162  154  149  142  136                                   
    37.5-180.0 180.0   5.0 450.0                            LAT/LON1/LON2/DLON/H
  134  137  136  136  137  142  147  150  153  152  149  146  145  149  157  169
  182  193  202  208  214  219  225  230  233  234  235  237  244  253  266  279
  293  307  323  338  351  359  361  357  350  341  331  320  309  298  287  276
  265  254  244  237  232  230  231  231  231  231  230  228  225  222  218  214
  208  202  192  182  170  160  152  144  134                                   
    35.0-180.0 180.0   5.0 450.0                            LAT/LON1/LON2/DLON/H
  131  135  133  131  132  136  142  145  149  150  150  149  151  156  165  177
  189  201  209  216  222  229  236  241  245  246  247  250  257  268  283  300
  318  337  357  377  392  401  402  397  387  376  363  350  336  323  310  297
  284  271  259  250  243  240  238  237  236  235  233  232  230  227  224  221
  215  210  200  190  177  165  156  147  131                                   
    32.5-180.0 180.0   5.0 450.0                            LAT/LON1/LON2/DLON/H
  130  133  129  126  125  129  134  137  142  146  149  152  156  163  173  185
  197  207  216  223  229  237  245  252  257  259  261  265  274  287  304  325
  347  370  394  415  431  440  440  433  422  409  395  380  365  350  336  321
  307  293  280  269  260  254  250  246  243  240  237  235  233  230  228  225
  219  215  205  197  184  171  161  151  130                                   
    30.0-180.0 180.0   5.0 450.0                            LAT/LON1/LON2/DLON/H
  130  133  126  122  120  123  127  130  135  141  147  154  162  171  181  193
  204  213  221  228  236  245  254  262  268  273  277  283  293  309  329  352
  377  403  427  449  464  471  470  462  450  437  423  408  393  378  363  348
  333  319  306  294  284  276  268  260  253  247  242  238  234  231  228  225
  220  216  208  200  190  177  167  157  130                                   
    27.5-180.0 180.0   5.0 450.0                            LAT/LON1/LON2/DLON/H
  134  135  127  121  118  120  123  125  129  136  145  155  166  177  188  199
  210  218  225  233  241  251  262  272  280  286  293  301  314  332  354  379
  405  430  453  473  486  490  487  479  468  456  444  431  417  403  388  375
  361  348  336  325  314  302  290  278  266  256  248  241  236  231  227  223
  219  215  208  202  194  183  174  164  134                                   
    25.0-180.0 180.0   5.0 450.0                            LAT/LON1/LON2/DLON/H
  141  142  131  125  121  121  123  123  127  133  143  156  169  182  194  205
  214  222  229  236  246  257  269  280  290  299  309  320  335  354  377  402
  427  450  469  485  494  496  492  483  473  464  455  445  434  422  411  400
  389  378  368  357  345  331  314  297  280  266  254  245  237  230  225  221
  216  213  207  202  196  187  180  171  141                                   
    22.5-180.0 180.0   5.0 450.0                            LAT/LON1/LON2/DLON/H
  149  150  139  133  128  127  127  125  126  132  142  155  170  185  197  208
  217  225  232  240  250  262  276  288  300  312  323  337  354  374  397  420
  442  460  475  486  491  491  486  478  470  463  457  451  444  436  428  420
  412  405  397  387  373  356  335  313  292  274  260  248  238  230  223  218
  213  210  205  201  197  191  185  177  149                                   
    20.0-180.0 180.0   5.0 450.0                            LAT/LON1/LON2/DLON/H
  158  160  149  143  137  134  133  129  128  132  140  154  169  185  199  210
  220  228  235  244  255  268  282  296  310  323  337  352  370  390  412  432
  450  464  474  480  482  480  475  468  462  458  455  452  449  444  439  435
  430  425  418  408  393  372  347  322  299  280  264  251  239  229  222  216
  210  208  203  199  197  193  189  181  158                                   
    17.5-180.0 180.0   5.0 450.0                            LAT/LON1/LON2/DLON/H
  166  169  158  152  146  141  138  132  130  131  138  151  166  182  197  210
  221  230  239  248  260  274  289  304  319  334  349  365  383  403  422  439
  453  462  468  471  471  469  464  458  454  452  451  451  450  448  446  444
  441  437  431  419  402  378  350  324  301  282  267  253  240  229  221  214
  208  205  200  197  195  193  190  182  166                                   
    15.0-180.0 180.0   5.0 450.0                            LAT/LON1/LON2/DLON/H
  171  175  165  158  151  144  140  133  129  129  133  145  160  177  194  209
  222  234  244  254  267  281  297  313  329  345  361  377  395  412  429  443
  453  459  462  464  463  461  457  454  451  450  450  450  451  450  449  448
  445  441  433  420  400  373  345  319  298  281  267  253  240  228  219  211
  205  202  197  194  193  190  188  180  171                                   
    12.5-180.0 180.0   5.0 450.0                            LAT/LON1/LON2/DLON/H
  173  177  168  159  150  141  137  130  125  124  127  137  153  171  190  208
  224  237  250  261  274  289  306  323  340  357  373  389  406  421  436  447
  454  458  460  461  462  461  459  457  455  453  453  452  452  452  451  448
  444  437  427  411  389  362  335  311  292  278  265  252  239  226  216  208
  201  198  194  191  188  185  183  175  173                                   
    10.0-180.0 180.0   5.0 450.0                            LAT/LON1/LON2/DLON/H
  171  175  166  154  144  133  128  122  118  116  119  129  144  164  185  206
  225  242  256  269  283  298  316  334  352  369  385  401  416  430  442  451
  458  461  464  466  468  469  469  468  465  463  460  457  455  452  449  444
  438  428  415  397  373  347  321  300  284  272  260  247  234  221  210  202
  196  193  189  186  183  179  177  168  171                                   
     7.5-180.0 180.0   5.0 450.0                            LAT/LON1/LON2/DLON/H
  167  170  160  147  135  122  118  112  109  107  110  119  135  156  180  204
  227  246  263  277  292  308  326  345  363  380  396  411  425  438  449  458
