data/edconvlstm_nd/pred2580.15i
     1.0            IONOSPHERE MAPS     GNSS                IONEX VERSION / TYPE
pyspatialgeodesy        IME             05-JAN-18 20:20     PGM / RUN BY / DATE 
Map Name                                                    COMMENT             
Predicted global ionosphere maps (GIM).                     DESCRIPTION         
  2015     9    15     0     0     0                        EPOCH OF FIRST MAP  
  2015     9    16     0     0     0                        EPOCH OF LAST MAP   
  7200                                                      INTERVAL            
    13                                                      # OF MAPS IN FILE   
  NONE                                                      MAPPING FUNCTION    
10.0                                                        ELEVATION CUTOFF    
One-way carrier phase leveled to code                       OBSERVABLES USED    
  6371.0                                                    BASE RADIUS         
 2                                                          MAP DIMENSION       
   450.0 450.0   0.0                                        HGT1 / HGT2 / DHGT  
    87.5 -87.5  -2.5                                        LAT1 / LAT2 / DLAT  
  -180.0 180.0   5.0                                        LON1 / LON2 / DLON  
    -1                                                      EXPONENT            
                                                            END OF HEADER       
[from data line 2574]
     7                                                      START OF TEC MAP    
  2015     9    15    12     0     0                        EPOCH OF CURRENT MAP
    87.5-180.0 180.0   5.0 450.0                            LAT/LON1/LON2/DLON/H
   73   85   86   90   93   93   92   88   89   92   91   92   92   92   92   92
   92   91   91   91   91   91   91   91   90   90   90   90   89   89   89   88
   88   87   87   86   86   85   85   85   84   84   83   83   82   82   82   81
   81   80   80   80   79   79   79   78   78   78   78   78   78   78   79   79
   81   82   80   78   82   82   95   94   73                                   
    85.0-180.0 180.0   5.0 450.0                            LAT/LON1/LON2/DLON/H
   77   90  102   90   90   95   94   95   95   97   96   96   96   96   96   96
   96   96   96   96   96   96   96   96   96   96   96   96   96   96   96   95
   95   95   94   94   93   93   92   92   91   90   90   89   89   88   88   87
   87   86   86   85   85   84   84   84   83   83   83   83   84   84   84   85
   87   87   83   80   81   84   93   93   77                                   
    82.5-180.0 180.0   5.0 450.0                            LAT/LON1/LON2/DLON/H
   73   86   94   86   86   90   90   91   91   92   91   91   91   90   90   90
   90   90   90   90   91   91   92   92   93   93   94   94   94   94   95   95
   94   94   94   93   93   92   92   91   91   90   90   89   89   88   87   86
   86   85   84   83   82   81   81   80   79   79   79   79   79   79   79   80
   82   82   79   76   79   87   84   83   73                                   
    80.0-180.0 180.0   5.0 450.0                            LAT/LON1/LON2/DLON/H
   68   75   85   80   80   80   81   81   82   82   81   81   80   79   79   79
   79   79   80   81   82   83   84   85   87   88   89   90   90   91   91   92
   92   92   92   91   91   91   90   90   89   89   89   88   87   87   86   85
   83   82   81   79   78   77   75   74   73   72   72   71   71   71   71   72
   73   74   73   71   72   80   83   82   68                                   
    77.5-180.0 180.0   5.0 450.0                            LAT/LON1/LON2/DLON/H
   70   73   76   73   72   75   74   75   75   74   71   71   70   69   69   69
   69   70   72   74   76   78   80   82   84   86   87   89   90   91   92   93
   93   93   93   93   93   93   92   92   92   91   91   91   90   89   88   87
   86   84   82   80   78   76   74   72   70   68   67   66   65   64   64   64
   65   65   64   64   65   68   72   74   70                                   
    75.0-180.0 180.0   5.0 450.0                            LAT/LON1/LON2/DLON/H
   57   64   64   64   65   68   67   67   66   65   62   61   58   58   57   57
   58   60   63   66   69   72   75   78   81   84   86   88   90   92   93   94
   95   96   96   96   96   96   96   96   96   96   96   95   95   94   93   91
   89   87   85   83   80   77   75   72   69   67   65   63   61   60   60   60
   60   60   59   57   60   61   65   62   57                                   
    72.5-180.0 180.0   5.0 450.0                            LAT/LON1/LON2/DLON/H
   52   58   57   58   60   64   64   63   62   60   56   54   51   50   50   50
   52   55   58   62   66   70   74   78   81   84   87   89   92   94   96   97
   99  100  101  102  102  103  103  103  103  103  102  102  101  100   98   97
   95   92   90   87   84   81   77   74   71   68   65   62   60   59   58   57
   57   56   56   54   56   58   60   61   52                                   
    70.0-180.0 180.0   5.0 450.0                            LAT/LON1/LON2/DLON/H
   48   52   54   54   56   58   58   58   57   55   51   49   46   45   44   45
   48   51   55   60   65   70   75   79   82   86   89   91   94   97   99  101
  103  105  107  108  109  110  110  111  111  111  110  109  108  106  105  103
  100   98   95   92   88   85   81   78   74   71   67   64   62   60   58   58
   57   56   56   53   54   56   60   61   48                                   
    67.5-180.0 180.0   5.0 450.0                            LAT/LON1/LON2/DLON/H
   43   48   49   50   52   54   56   56   56   54   50   48   45   44   44   46
   48   52   57   62   68   73   77   81   84   87   90   93   95   98  101  104
  106  109  111  113  114  116  116  117  117  116  115  114  112  111  109  106
  104  101   98   95   92   88   85   81   77   74   70   67   65   62   60   59
   58   56   56   52   52   53   55   56   43                                   
    65.0-180.0 180.0   5.0 450.0                            LAT/LON1/LON2/DLON/H
   40   45   45   46   47   50   51   53   53   52   49   48   46   45   46   48
   51   56   61   66   72   77   81   84   87   90   92   95   97  100  104  107
  111  114  117  120  122  123  124  124  124  123  122  120  118  116  114  112
  109  106  104  101   97   94   91   87   83   80   77   73   70   68   65   64
   62   60   59   55   54   54   55   56   40                                   
    62.5-180.0 180.0   5.0 450.0                            LAT/LON1/LON2/DLON/H
   37   40   40   40   42   44   46   48   49   49   48   47   46   47   48   51
   55   59   65   70   75   79   83   86   88   90   92   95   98  101  105  110
  114  118  122  125  127  129  129  129  129  128  126  124  122  120  118  116
  113  111  108  105  102   99   96   93   89   86   82   79   76   73   70   68
   66   63   62   57   54   52   53   53   37                                   
    60.0-180.0 180.0   5.0 450.0                            LAT/LON1/LON2/DLON/H
   35   36   35   35   35   37   39   41   43   44   43   44   45   46   49   52
   56   61   66   70   75   79   82   85   87   88   90   93   96  100  105  111
  116  122  126  129  131  133  133  133  132  131  129  127  125  123  121  119
  117  115  113  110  107  104  101   98   94   91   88   84   81   77   73   70
   68   64   63   57   54   50   50   49   35                                   
    57.5-180.0 180.0   5.0 450.0                            LAT/LON1/LON2/DLON/H
   34   32   30   30   30   30   32   34   36   38   39   41   42   45   48   52
   56   61   65   69   73   77   80   82   85   87   89   92   96  101  107  114
  121  127  131  135  137  139  139  138  137  135  133  132  130  128  127  126
  124  123  121  118  115  112  109  105  102   99   95   92   88   84   79   76
   72   68   65   59   55   49   48   48   34                                   
    55.0-180.0 180.0   5.0 450.0                            LAT/LON1/LON2/DLON/H
   35   30   28   27   26   26   27   28   30   32   33   36   39   42   46   50
   55   59   63   67   71   74   77   80   82   85   88   91   96  102  109  117
  125  132  137  141  143  144  144  143  142  140  138  137  136  135  134  134
  133  131  129  127  124  121  117  113  109  106  103  100   96   92   87   82
   77   72   69   61   56   50   48   47   35                                   
    52.5-180.0 180.0   5.0 450.0                            LAT/LON1/LON2/DLON/H
   38   32   30   28   25   24   25   26   27   28   29   32   35   39   43   47
   52   56   60   64   68   72   75   79   82   85   88   92   97  104  113  122
  130  138  143  147  149  150  150  149  148  146  144  143  143  143  143  143
  142  141  139  136  133  130  125  121  117  114  111  109  105  101   96   90
   84   78   75   66   60   54   51   50   38                                   
    50.0-180.0 180.0   5.0 450.0                            LAT/LON1/LON2/DLON/H
   43   38   35   33   28   27   27   27   27   27   28   30   33   36   40   44
   49   54   59   64   68   72   76   80   83   87   91   95  101  108  117  126
  136  143  148  152  154  155  155  155  154  152  151  151  151  151  152  152
  151  149  147  145  142  138  133  129  124  121  119  117  114  111  106  100
   94   87   83   74   67   60   57   56   43                                   
    47.5-180.0 180.0   5.0 450.0                            LAT/LON1/LON2/DLON/H
   51   47   44   41   36   35   33   32   31   30   29   31   32   35   38   42
   47   53   59   65   71   76   80   84   88   92   96  101  106  113  121  131
  140  147  153  156  158  160  161  161  161  160  159  158  159  159  160  159
  158  156  154  151  148  145  140  135  131  128  126  124  123  120  116  112
  105   98   92   83   75   69   65   64   51                                   
    45.0-180.0 180.0   5.0 450.0                            LAT/LON1/LON2/DLON/H
   60   58   55   53   46   46   44   42   39   37   35   35   35   37   39   43
   48   55   63   71   78   83   88   92   96  100  104  108  112  118  126  134
  143  150  156  160  163  166  168  169  169  169  167  167  166  166  166  165
  163  160  157  155  153  150  146  141  136  133  131  130  130  128  126  122
  117  109  103   93   85   79   75   73   60                                   
    42.5-180.0 180.0   5.0 450.0                            LAT/LON1/LON2/DLON/H
   68   68   65   64   58   57   56   54   51   47   44   42   42   42   43   47
   52   60   70   79   87   93   98  102  106  110  113  116  119  123  130  137
  146  153  160  165  170  174  178  180  180  179  178  176  174  173  172  170
  166  163  160  158  156  154  151  146  142  138  135  135  135  134  133  131
  126  119  112  102   94   87   84   81   68                                   
    40.0-180.0 180.0   5.0 450.0                            LAT/LON1/LON2/DLON/H
   74   76   73   73   68   68   67   65   62   59   55   53   51   50   51   54
   59   68   79   90   99  105  109  113  116  120  123  125  127  129  134  142
  150  158  166  173  180  186  191  194  194  193  190  187  184  182  179  176
  171  167  163  161  160  159  157  152  147  143  139  138  137  137  136  135
  132  126  120  110  101   94   90   87   74                                   
    37.5-180.0 180.0   5.0 450.0                            LAT/LON1/LON2/DLON/H
   78   80   78   78   73   74   74   74   72   69   65   63   62   61   61   63
   68   77   89  101  110  116  119  122  126  129  132  134  135  137  141  148
  157  167  177  187  196  204  209  212  212  210  206  201  197  193  190  186
  181  176  172  170  169  168  166  162  156  150  144  141  138  137  137  136
  134  130  124  115  105   98   94   90   78                                   
    35.0-180.0 180.0   5.0 450.0                            LAT/LON1/LON2/DLON/H
   79   81   78   78   75   76   77   78   77   75   73   72   71   71   72   73
   78   86   98  110  119  124  127  129  133  137  141  143  144  147  152  160
  170  182  195  207  218  227  232  235  234  231  225  219  214  211  208  204
  199  194  190  187  185  183  180  175  168  161  153  146  140  137  135  134
  133  129  125  116  107  100   96   91   79                                   
    32.5-180.0 180.0   5.0 450.0                            LAT/LON1/LON2/DLON/H
   79   80   77   76   74   75   76   77   78   77   76   77   79   80   81   82
   86   94  105  116  124  129  131  134  138  143  148  152  155  160  167  177
  190  204  220  234  246  254  259  261  259  255  249  243  238  235  233  231
  228  223  218  214  210  206  202  195  187  176  165  154  145  138  134  132
  130  126  123  116  108  100   97   91   79                                   
    30.0-180.0 180.0   5.0 450.0                            LAT/LON1/LON2/DLON/H
   81   80   77   74   72   73   73   74   75   75   76   79   83   86   88   89
   92   98  108  118  126  131  133  136  140  147  154  161  167  175  185  199
  214  232  249  264  276  284  287  287  285  281  275  271  267  267  267  267
  266  262  257  250  244  237  229  221  210  197  183  168  154  143  135  130
  127  124  121  114  108  101  100   93   81                                   
    27.5-180.0 180.0   5.0 450.0                            LAT/LON1/LON2/DLON/H
   85   83   79   76   73   73   72   71   71   71   73   77   83   89   92   93
   95   99  108  117  126  131  133  136  142  150  160  170  180  193  207  224
  243  262  281  296  307  313  314  313  311  307  304  302  301  303  307  310
  311  308  302  294  284  273  262  250  237  222  205  186  168  152  141  133
  127  123  120  114  109  104  104   96   85                                   
    25.0-180.0 180.0   5.0 450.0                            LAT/LON1/LON2/DLON/H
   92   91   86   82   78   77   74   71   69   69   70   74   81   88   92   94
   95   98  105  115  124  130  133  136  142  152  164  178  194  211  230  251
  272  292  311  325  334  338  338  336  334  333  333  334  337  342  349  355
  358  356  350  339  326  311  296  281  265  248  228  206  185  166  151  140
  132  126  122  116  113  109  110  102   92                                   
    22.5-180.0 180.0   5.0 450.0                            LAT/LON1/LON2/DLON/H
  103  104   98   93   90   86   81   75   72   69   68   72   78   85   89   91
   92   95  102  113  122  129  133  137  143  153  167  185  206  229  253  276
  299  319  336  349  356  358  357  356  355  357  360  365  372  380  389  397
  401  401  394  381  364  345  325  306  288  269  249  226  203  182  165  152
  141  133  128  122  119  117  118  111  103                                   
    20.0-180.0 180.0   5.0 450.0                            LAT/LON1/LON2/DLON/H
  116  119  113  109  105  100   93   84   79   73   70   71   75   81   85   87
   89   92  100  111  122  131  135  139  144  155  171  192  217  245  272  298
  321  340  355  365  371  372  372  371  374  378  385  394  404  414  424  432
  436  435  427  413  392  369  346  324  304  285  265  243  220  199  181  167
  154  145  137  130  128  125  126  120  116                                   
    17.5-180.0 180.0   5.0 450.0                            LAT/LON1/LON2/DLON/H
  129  134  128  125  121  114  106   97   89   82   76   74   75   78   82   84
   85   90   99  112  124  134  139  142  147  157  175  199  228  259  289  315
  337  355  367  376  380  381  382  384  389  397  408  419  430  440  449  456
  459  456  447  431  409  383  357  333  313  294  275  255  234  215  197  183
  170  159  150  141  137  134  135  128  129                                   
    15.0-180.0 180.0   5.0 450.0                            LAT/LON1/LON2/DLON/H
  138  145  140  138  135  127  119  109  101   93   85   80   78   79   80   82
   84   89  100  114  128  139  144  146  151  162  180  207  238  271  302  328
  349  364  374  381  385  387  390  395  403  414  426  437  448  457  464  468
  468  464  453  436  413  387  360  336  316  299  281  263  245  227  212  199
  185  174  164  154  147  142  142  134  138                                   
    12.5-180.0 180.0   5.0 450.0                            LAT/LON1/LON2/DLON/H
  144  151  147  145  142  134  128  118  111  103   95   87   83   81   81   82
   84   91  102  118  133  144  149  152  157  168  189  217  250  283  313  338
  356  369  378  384  388  392  397  406  416  428  440  450  458  464  468  469
  466  459  448  431  409  384  358  336  317  300  283  267  251  236  222  211
  199  188  177  166  157  149  148  138  144                                   
    10.0-180.0 180.0   5.0 450.0                            LAT/LON1/LON2/DLON/H
  145  151  147  144  143  134  130  122  117  110  103   96   90   86   84   84
   87   94  106  122  138  149  155  158  165  178  201  230  263  295  324  346
  362  373  381  386  392  398  406  417  429  440  449  455  460  462  463  460
  455  447  435  420  400  377  354  333  314  298  282  267  252  239  227  217
  207  198  188  177  166  156  153  142  145                                   
     7.5-180.0 180.0   5.0 450.0                            LAT/LON1/LON2/DLON/H
  144  146  141  138  137  128  125  120  117  113  108  102   96   92   89   88
   90   97  110  126  142  153  160  165  175  192  216  247  278  308  333  353
