data/edconvlstm_nd/pred2070.15i
     1.0            IONOSPHERE MAPS     GNSS                IONEX VERSION / TYPE
pyspatialgeodesy        IME             05-JAN-18 20:20     PGM / RUN BY / DATE 
Map Name                                                    COMMENT             
Predicted global ionosphere maps (GIM).                     DESCRIPTION         
  2015     7    26     0     0     0                        EPOCH OF FIRST MAP  
  2015     7    27     0     0     0                        EPOCH OF LAST MAP   
  7200                                                      INTERVAL            
    13                                                      # OF MAPS IN FILE   
  NONE                                                      MAPPING FUNCTION    
10.0                                                        ELEVATION CUTOFF    
One-way carrier phase leveled to code                       OBSERVABLES USED    
  6371.0                                                    BASE RADIUS         
 2                                                          MAP DIMENSION       
   450.0 450.0   0.0                                        HGT1 / HGT2 / DHGT  
    87.5 -87.5  -2.5                                        LAT1 / LAT2 / DLAT  
  -180.0 180.0   5.0                                        LON1 / LON2 / DLON  
    -1                                                      EXPONENT            
                                                            END OF HEADER       
[from data line 3003]
     8                                                      START OF TEC MAP    
  2015     7    26    14     0     0                        EPOCH OF CURRENT MAP
    87.5-180.0 180.0   5.0 450.0                            LAT/LON1/LON2/DLON/H
  111  116  112  118  120  119  118  115  115  116  115  115  115  115  114  114
  114  114  114  114  114  115  115  115  115  115  116  116  116  116  117  117
  117  117  118  118  118  118  118  118  118  118  118  118  118  117  117  117
  117  117  117  116  116  116  116  116  115  115  115  115  115  115  115  115
  115  116  114  112  118  114  125  121  111                                   
    85.0-180.0 180.0   5.0 450.0                            LAT/LON1/LON2/DLON/H
  113  115  126  116  116  119  118  119  119  119  118  118  117  117  116  116
  116  116  116  116  117  117  117  117  118  118  118  119  119  119  120  120
  120  121  121  121  121  121  121  121  121  121  121  121  121  121  121  121
  120  120  120  120  120  119  119  119  119  118  118  118  118  118  118  118
  119  119  115  112  112  111  117  119  113                                   
    82.5-180.0 180.0   5.0 450.0                            LAT/LON1/LON2/DLON/H
  103  112  116  111  111  114  115  115  113  114  112  112  111  110  110  110
  110  110  110  111  111  112  112  113  113  114  114  115  116  116  117  118
  118  119  120  120  121  121  121  122  122  122  122  122  122  122  122  122
  121  121  121  121  121  120  120  119  119  118  117  117  116  116  115  115
  115  115  111  110  109  116  112  108  103                                   
    80.0-180.0 180.0   5.0 450.0                            LAT/LON1/LON2/DLON/H
  100  105  113  111  109  108  109  111  110  110  108  107  106  106  105  105
  105  106  106  107  107  108  109  109  110  110  111  111  112  112  113  114
  114  115  116  116  117  118  118  118  118  118  118  118  118  118  118  118
  118  118  118  118  117  117  116  116  115  114  113  112  111  110  109  109
  109  108  107  107  104  108  110  109  100                                   
    77.5-180.0 180.0   5.0 450.0                            LAT/LON1/LON2/DLON/H
  106  108  112  112  110  110  110  111  110  108  106  105  104  104  103  104
  104  105  106  107  107  108  109  109  110  110  111  111  112  112  113  114
  115  116  117  118  118  119  119  120  120  120  120  120  120  120  120  120
  120  120  120  120  120  120  119  118  116  115  113  111  110  108  107  106
  106  105  104  105  105  104  108  109  106                                   
    75.0-180.0 180.0   5.0 450.0                            LAT/LON1/LON2/DLON/H
  103  107  108  110  109  111  110  110  108  108  105  104  103  103  103  103
  104  105  107  108  109  110  111  112  112  112  112  112  112  113  114  114
  116  117  118  119  120  120  121  121  121  121  120  120  120  120  120  120
  120  121  121  122  122  121  120  119  117  115  113  111  109  107  105  105
  104  103  102  100  102  102  105   99  103                                   
    72.5-180.0 180.0   5.0 450.0                            LAT/LON1/LON2/DLON/H
  100  104  105  109  108  110  111  110  108  106  103  102  101  102  102  103
  104  106  108  109  111  112  112  113  112  112  111  111  111  111  112  113
  115  116  118  119  120  121  121  121  121  121  120  120  119  119  119  120
  120  121  122  123  123  122  121  120  118  115  113  110  108  106  104  103
  102  101  100   98   98   99  101  100  100                                   
    70.0-180.0 180.0   5.0 450.0                            LAT/LON1/LON2/DLON/H
   97   98  101  104  104  105  105  105  104  103  100  100   99   99  100  101
  103  105  107  108  110  111  112  112  111  110  109  109  108  108  109  111
  113  115  116  118  119  120  120  120  120  120  119  119  118  118  118  118
  119  120  121  121  121  121  120  118  116  114  111  109  107  105  104  102
  101   99   98   95   95   94   98   97   97                                   
    67.5-180.0 180.0   5.0 450.0                            LAT/LON1/LON2/DLON/H
   90   92   95   99  100  102  103  104  103  102  100  100  100  101  102  103
  104  106  108  109  111  112  112  112  111  109  108  106  106  106  108  110
  112  114  116  117  118  119  120  120  120  120  119  119  118  118  117  118
  118  119  120  121  121  120  119  117  115  112  110  109  107  106  105  104
  103  100   97   93   90   89   91   89   90                                   
    65.0-180.0 180.0   5.0 450.0                            LAT/LON1/LON2/DLON/H
   83   84   86   91   92   95   97   98   98   98   97   98   99  100  102  103
  104  106  107  108  109  110  111  111  109  108  106  104  104  105  106  109
  112  114  116  118  119  120  121  121  122  122  122  121  120  119  119  119
  119  119  119  120  119  118  117  115  113  111  109  108  108  107  106  106
  104  101   98   93   89   87   88   86   83                                   
    62.5-180.0 180.0   5.0 450.0                            LAT/LON1/LON2/DLON/H
   74   75   76   81   84   88   90   93   93   94   95   97   98  100  102  104
  104  105  105  106  107  108  109  109  108  106  104  102  102  104  106  110
  113  116  118  119  120  121  121  122  123  124  125  124  123  122  121  120
  120  120  119  119  118  117  115  113  111  109  108  108  108  108  108  107
  105  102   98   92   86   82   82   80   74                                   
    60.0-180.0 180.0   5.0 450.0                            LAT/LON1/LON2/DLON/H
   66   65   66   72   74   79   82   85   86   89   90   93   96   99  101  102
  103  103  102  102  103  105  106  106  106  104  102  101  102  104  107  111
  115  118  120  121  121  122  123  125  126  128  129  129  128  127  125  123
  122  121  120  119  118  116  114  112  110  109  108  108  109  109  109  108
  105  101   96   89   83   77   77   75   66                                   
    57.5-180.0 180.0   5.0 450.0                            LAT/LON1/LON2/DLON/H
   59   58   59   64   67   72   76   79   81   84   86   89   93   97  100  101
  102  101  100  100  101  102  104  106  106  105  104  103  104  107  111  116
  120  123  125  126  126  127  128  130  132  134  136  136  135  134  132  129
  128  126  125  123  122  120  118  115  114  112  112  112  112  112  111  109
  106  100   95   87   80   75   74   72   59                                   
    55.0-180.0 180.0   5.0 450.0                            LAT/LON1/LON2/DLON/H
   56   54   55   60   62   67   71   75   77   80   82   86   90   94   97   99
  100   99   98   98   99  101  104  106  107  107  106  106  108  111  116  121
  126  129  131  132  132  133  134  137  139  142  144  144  143  141  139  136
  134  133  131  130  128  126  124  122  120  119  118  117  117  115  113  110
  106  100   94   86   79   73   72   70   56                                   
    52.5-180.0 180.0   5.0 450.0                            LAT/LON1/LON2/DLON/H
   57   55   55   60   61   66   70   73   75   78   80   83   87   91   95   98
   99   99   98   98   99  102  105  108  110  111  111  111  113  117  122  127
  132  135  138  139  140  141  143  145  148  150  152  152  151  149  147  144
  142  141  140  139  138  136  134  132  130  128  126  125  123  121  117  112
  106  100   93   86   79   74   73   71   57                                   
    50.0-180.0 180.0   5.0 450.0                            LAT/LON1/LON2/DLON/H
   62   59   59   63   64   69   72   75   77   79   81   84   87   90   93   97
   99  100  100  100  101  104  108  112  114  115  116  116  118  122  127  133
  138  142  145  147  149  151  153  155  158  159  160  160  158  156  154  152
  151  151  150  150  149  148  147  144  142  139  136  134  131  127  122  116
  109  101   95   88   82   78   77   75   62                                   
    47.5-180.0 180.0   5.0 450.0                            LAT/LON1/LON2/DLON/H
   69   66   67   70   70   74   77   80   82   85   86   87   89   91   94   98
  101  103  104  105  106  109  112  116  119  121  121  122  124  128  132  137
  142  147  152  156  159  162  165  167  168  169  168  167  165  163  162  161
  161  161  162  162  162  162  160  157  154  150  147  143  139  134  128  121
  113  105   99   92   87   84   83   81   69                                   
    45.0-180.0 180.0   5.0 450.0                            LAT/LON1/LON2/DLON/H
   77   75   76   78   77   81   84   87   89   92   93   95   95   96   98  102
  106  109  111  112  113  115  118  121  124  126  127  128  130  132  136  141
  147  153  160  166  171  176  179  180  181  180  178  176  174  172  171  170
  171  172  173  174  175  175  173  169  165  160  156  151  147  142  136  129
  120  112  105   99   95   92   91   88   77                                   
    42.5-180.0 180.0   5.0 450.0                            LAT/LON1/LON2/DLON/H
   85   85   85   87   85   88   90   94   97  101  103  104  104  104  105  109
  114  118  121  122  122  123  124  127  129  131  133  134  135  138  141  146
  153  161  170  178  186  191  194  195  195  193  190  187  184  182  181  181
  182  184  185  187  187  186  184  180  174  168  162  158  153  149  143  136
  128  119  112  106  102  100  100   96   85                                   
    40.0-180.0 180.0   5.0 450.0                            LAT/LON1/LON2/DLON/H
   92   93   93   94   92   93   95   98  103  108  112  114  114  114  115  118
  124  129  132  132  132  131  131  133  135  137  139  140  142  144  147  153
  161  171  182  193  202  208  212  212  211  209  205  202  198  196  195  195
  196  197  198  198  198  197  194  188  181  174  167  162  158  154  150  144
  136  128  120  114  110  108  108  104   92                                   
    37.5-180.0 180.0   5.0 450.0                            LAT/LON1/LON2/DLON/H
   98   99   99   99   95   96   97  100  105  113  119  123  124  124  125  129
  135  140  143  144  142  140  139  139  141  143  145  147  149  152  156  162
  172  185  199  211  221  227  231  231  230  228  224  220  217  214  212  211
  211  211  211  210  209  206  202  195  187  178  170  164  160  158  155  150
  143  135  127  121  117  115  115  110   98                                   
    35.0-180.0 180.0   5.0 450.0                            LAT/LON1/LON2/DLON/H
  101  103  102  101   97   96   96   98  104  113  122  129  132  134  136  140
  146  151  155  156  154  150  148  147  147  150  153  156  159  162  167  176
  188  203  219  232  242  248  251  252  251  249  246  243  239  235  232  230
  228  226  224  222  219  215  209  201  190  180  171  165  161  159  157  154
  147  140  132  126  122  121  120  115  101                                   
    32.5-180.0 180.0   5.0 450.0                            LAT/LON1/LON2/DLON/H
  105  106  104  101   96   94   93   94  100  110  121  131  137  141  144  149
  155  162  166  167  165  161  157  155  155  157  161  166  170  175  181  192
  207  224  241  254  263  268  271  272  273  272  271  268  263  259  254  250
  246  242  238  233  229  223  216  206  194  182  172  165  161  159  158  155
  149  142  135  129  125  124  123  118  105                                   
    30.0-180.0 180.0   5.0 450.0                            LAT/LON1/LON2/DLON/H
  108  109  106  102   96   93   90   90   95  104  116  128  138  145  151  156
  163  170  175  177  175  171  166  163  163  166  171  177  183  189  198  211
  228  247  263  276  283  287  289  291  294  295  295  292  288  283  276  270
  264  258  252  245  239  231  222  210  197  184  173  165  161  158  156  153
  147  141  135  130  127  127  126  121  108                                   
    27.5-180.0 180.0   5.0 450.0                            LAT/LON1/LON2/DLON/H
  111  112  109  104   98   94   89   87   90   98  109  123  135  145  154  161
  169  176  182  184  183  179  175  172  172  175  182  189  196  205  216  231
  250  269  285  295  300  303  305  308  312  315  317  315  311  304  297  289
  281  273  265  257  249  240  229  216  201  187  175  167  161  157  154  150
  144  139  134  130  129  129  128  123  111                                   
    25.0-180.0 180.0   5.0 450.0                            LAT/LON1/LON2/DLON/H
  115  115  112  108  101   98   92   88   88   93  103  117  131  143  154  163
  171  179  185  188  189  186  182  179  180  185  192  201  210  221  234  250
  270  288  302  311  314  316  318  322  327  332  334  333  329  322  314  305
  296  287  278  268  259  248  235  221  205  191  179  169  162  156  151  146
  141  136  132  130  129  130  129  124  115                                   
    22.5-180.0 180.0   5.0 450.0                            LAT/LON1/LON2/DLON/H
  117  118  116  112  106  103   98   92   90   92   99  111  126  140  152  162
  171  179  185  190  191  189  187  185  187  194  203  214  225  237  251  268
  287  303  315  322  324  325  327  331  337  343  346  346  342  336  327  318
  308  298  288  278  267  255  240  225  209  195  183  173  164  156  149  143
  137  134  130  129  129  131  129  125  117                                   
    20.0-180.0 180.0   5.0 450.0                            LAT/LON1/LON2/DLON/H
  118  120  119  116  111  109  105   99   95   94   98  108  122  136  149  159
  168  176  183  188  190  190  189  189  194  202  214  227  240  253  268  284
  301  315  325  330  331  332  334  338  344  350  353  354  351  345  337  327
  317  307  297  286  273  260  244  228  212  198  186  176  166  156  148  141
  135  132  129  128  129  130  128  125  118                                   
    17.5-180.0 180.0   5.0 450.0                            LAT/LON1/LON2/DLON/H
  116  120  119  117  113  113  110  105  101   98   99  106  119  133  146  156
  164  171  178  183  186  187  188  192  199  210  225  240  255  269  284  299
  313  325  333  337  338  338  340  344  349  354  357  358  356  350  343  334
  324  313  302  290  277  262  246  229  213  199  188  178  167  157  148  141
  135  132  129  128  128  128  126  123  116                                   
    15.0-180.0 180.0   5.0 450.0                            LAT/LON1/LON2/DLON/H
  112  116  116  115  112  113  112  109  105  101  100  106  116  129  142  152
  159  166  171  177  180  183  187  193  204  219  236  254  271  286  300  314
  325  335  341  344  345  345  346  349  352  356  359  360  358  354  346  337
  326  315  304  292  278  263  245  228  212  198  187  178  168  157  148  141
  136  133  130  128  127  124  122  120  112                                   
    12.5-180.0 180.0   5.0 450.0                            LAT/LON1/LON2/DLON/H
  106  111  110  109  106  108  109  108  105  102  100  104  114  126  138  147
  154  160  165  170  175  179  185  195  209  228  248  268  286  302  317  329
  339  346  350  352  353  353  353  354  356  358  360  361  360  355  347  337
  326  314  302  290  276  260  242  224  208  195  184  175  165  156  148  142
  137  135  132  128  125  121  118  115  106                                   
    10.0-180.0 180.0   5.0 450.0                            LAT/LON1/LON2/DLON/H
  100  104  103  101   98   99  102  102  101   99   97  101  110  122  133  143
  150  155  161  166  171  177  185  198  215  237  259  281  301  318  333  344
  353  358  361  363  363  361  359  358  358  359  361  361  359  354  345  334
  321  309  296  284  270  255  237  219  203  189  178  169  161  152  146  142
  137  135  132  128  123  118  114  111  100                                   
     7.5-180.0 180.0   5.0 450.0                            LAT/LON1/LON2/DLON/H
   95   99   96   94   89   89   91   92   92   91   91   96  105  116  129  138
  146  153  159  165  171  178  188  202  222  245  269  292  313  331  346  358
