data/edconvlstm_nd/pred0210.15i
     1.0            IONOSPHERE MAPS     GNSS                IONEX VERSION / TYPE
pyspatialgeodesy        IME             05-JAN-18 20:20     PGM / RUN BY / DATE 
Map Name                                                    COMMENT             
Predicted global ionosphere maps (GIM).                     DESCRIPTION         
  2015     1    21     0     0     0                        EPOCH OF FIRST MAP  
  2015     1    22     0     0     0                        EPOCH OF LAST MAP   
  7200                                                      INTERVAL            
    13                                                      # OF MAPS IN FILE   
  NONE                                                      MAPPING FUNCTION    
10.0                                                        ELEVATION CUTOFF    
One-way carrier phase leveled to code                       OBSERVABLES USED    
  6371.0                                                    BASE RADIUS         
 2                                                          MAP DIMENSION       
   450.0 450.0   0.0                                        HGT1 / HGT2 / DHGT  
    87.5 -87.5  -2.5                                        LAT1 / LAT2 / DLAT  
  -180.0 180.0   5.0                                        LON1 / LON2 / DLON  
    -1                                                      EXPONENT            
                                                            END OF HEADER       
[from data line 1716]
     5                                                      START OF TEC MAP    
  2015     1    21     8     0     0                        EPOCH OF CURRENT MAP
    87.5-180.0 180.0   5.0 450.0                            LAT/LON1/LON2/DLON/H
   44   52   49   51   51   50   50   46   47   49   49   49   49   50   50   50
   50   49   49   49   49   49   49   49   49   49   48   48   48   48   47   47
   46   46   46   45   44   44   43   43   42   42   42   41   41   41   41   41
   41   41   40   40   40   40   39   39   38   38   38   37   37   37   36   37
   38   39   37   38   43   50   62   65   44                                   
    85.0-180.0 180.0   5.0 450.0                            LAT/LON1/LON2/DLON/H
   32   55   56   54   56   59   59   59   59   60   60   61   61   61   61   61
   61   61   61   61   61   61   61   61   61   61   60   60   60   60   59   59
   58   57   57   56   55   55   54   54   53   53   53   52   52   52   52   52
   51   51   51   50   50   49   49   48   47   46   46   45   45   45   44   44
   46   46   44   45   49   52   60   59   32                                   
    82.5-180.0 180.0   5.0 450.0                            LAT/LON1/LON2/DLON/H
   30   42   53   50   50   52   53   53   54   55   55   56   56   56   56   55
   55   55   55   55   55   55   56   56   56   56   56   56   56   56   56   56
   55   55   55   54   54   53   53   53   52   52   52   52   52   52   52   52
   52   52   52   51   50   49   48   46   45   44   42   41   40   39   38   38
   38   39   37   38   47   45   44   45   30                                   
    80.0-180.0 180.0   5.0 450.0                            LAT/LON1/LON2/DLON/H
   31   36   46   43   47   47   49   49   50   51   51   52   52   51   51   51
   51   51   51   51   51   51   52   52   53   53   54   54   55   55   55   56
   56   56   56   56   56   56   56   56   56   57   57   58   59   60   61   61
   62   62   62   61   59   58   56   53   51   48   45   43   41   38   37   35
   34   33   33   33   41   40   41   42   31                                   
    77.5-180.0 180.0   5.0 450.0                            LAT/LON1/LON2/DLON/H
   36   36   41   40   42   44   47   48   49   50   50   51   50   50   49   49
   48   48   48   48   49   49   50   51   52   52   53   54   55   56   56   57
   57   57   58   58   59   59   60   61   62   63   65   67   70   72   75   77
   79   81   81   81   80   78   75   72   68   64   59   55   51   47   44   41
   37   35   32   33   34   27   30   36   36                                   
    75.0-180.0 180.0   5.0 450.0                            LAT/LON1/LON2/DLON/H
   29   32   35   36   38   42   44   44   46   46   46   47   46   46   45   45
   45   45   45   46   46   47   48   50   51   53   54   55   56   56   57   57
   57   58   58   59   60   61   63   66   68   72   76   80   85   90   95  100
  104  107  109  110  109  107  103   98   93   87   81   75   69   64   58   53
   47   42   39   34   35   26   28   28   29                                   
    72.5-180.0 180.0   5.0 450.0                            LAT/LON1/LON2/DLON/H
   30   30   31   32   33   39   42   42   43   44   43   44   44   43   43   43
   43   43   44   45   46   47   49   50   52   53   55   55   56   56   56   56
   56   57   58   59   62   64   68   72   77   82   88   95  102  110  117  125
  132  137  141  143  142  139  135  129  122  115  107  100   92   85   77   70
   63   55   51   44   42   31   30   31   30                                   
    70.0-180.0 180.0   5.0 450.0                            LAT/LON1/LON2/DLON/H
   33   29   32   32   32   36   37   38   39   40   40   41   41   41   41   41
   42   43   44   45   46   48   49   51   53   54   55   55   55   54   53   53
   52   53   54   56   60   64   69   76   83   90   99  108  117  127  137  147
  156  164  169  171  171  168  162  155  147  138  129  120  111  102   94   85
   76   67   62   53   48   36   38   37   33                                   
    67.5-180.0 180.0   5.0 450.0                            LAT/LON1/LON2/DLON/H
   33   30   31   31   31   34   36   37   37   38   38   39   40   40   41   41
   42   43   44   45   47   48   50   52   53   54   54   53   52   50   49   48
   47   47   49   52   56   63   70   79   88   98  108  119  130  142  153  165
  175  184  190  192  192  188  181  172  162  152  142  133  124  114  104   95
   85   75   70   59   53   42   41   40   33                                   
    65.0-180.0 180.0   5.0 450.0                            LAT/LON1/LON2/DLON/H
   37   32   33   33   32   35   36   36   37   38   38   40   40   41   42   43
   45   46   47   48   49   51   52   53   54   54   53   52   50   48   46   44
   43   43   45   50   56   64   74   85   97  110  122  134  145  157  170  181
  192  201  207  210  209  204  196  185  174  163  152  142  133  122  112  102
   91   81   74   64   58   48   46   47   37                                   
    62.5-180.0 180.0   5.0 450.0                            LAT/LON1/LON2/DLON/H
   39   34   34   34   32   35   36   36   37   38   39   40   41   43   44   46
   47   48   49   49   50   51   52   53   53   52   51   49   47   44   42   40
   40   41   44   49   58   68   81   95  110  124  137  150  161  173  184  195
  205  213  219  221  219  213  203  192  180  168  157  146  136  125  114  103
   91   80   74   63   59   49   49   51   39                                   
    60.0-180.0 180.0   5.0 450.0                            LAT/LON1/LON2/DLON/H
   41   35   33   33   31   34   35   35   36   36   37   39   41   43   45   46
   47   48   48   48   48   49   49   49   49   48   46   44   42   40   38   37
   37   39   44   51   62   75   91  107  124  140  154  166  176  186  195  204
  212  219  224  225  222  215  205  193  180  168  157  147  136  125  112  100
   87   75   69   60   56   47   48   51   41                                   
    57.5-180.0 180.0   5.0 450.0                            LAT/LON1/LON2/DLON/H
   42   35   33   33   31   34   34   34   35   36   36   39   40   43   45   46
   47   47   47   46   45   45   45   45   44   43   42   40   39   37   36   36
   37   41   48   58   72   87  106  125  143  160  174  186  195  202  208  214
  220  225  229  229  226  219  209  197  184  173  162  151  140  128  113   99
   85   72   66   57   56   47   47   51   42                                   
    55.0-180.0 180.0   5.0 450.0                            LAT/LON1/LON2/DLON/H
   45   36   34   34   32   34   35   34   34   34   35   37   39   42   44   46
   46   45   44   43   42   42   42   42   41   40   39   38   36   36   36   37
   41   47   57   70   86  104  124  144  164  181  195  206  214  218  222  225
  228  231  233  234  230  224  214  203  191  180  169  159  147  134  118  103
   87   73   66   58   57   48   48   52   45                                   
    52.5-180.0 180.0   5.0 450.0                            LAT/LON1/LON2/DLON/H
   48   39   37   36   35   37   37   36   35   35   35   36   38   41   44   45
   46   45   43   41   41   41   41   41   40   40   39   38   37   37   38   41
   47   57   70   86  105  125  145  165  184  202  216  226  233  236  237  238
  238  239  240  239  236  230  221  211  200  190  180  170  158  144  127  111
   94   79   72   64   62   52   52   55   48                                   
    50.0-180.0 180.0   5.0 450.0                            LAT/LON1/LON2/DLON/H
   54   45   42   42   40   42   42   40   38   36   36   37   39   41   44   46
   46   45   43   42   42   43   44   45   44   43   42   41   41   41   43   48
   57   70   86  106  126  146  166  185  204  220  234  245  252  254  254  252
  250  248  248  247  244  238  230  221  211  201  191  181  169  155  138  121
  105   90   82   73   71   61   61   61   54                                   
    47.5-180.0 180.0   5.0 450.0                            LAT/LON1/LON2/DLON/H
   62   54   50   49   48   50   49   46   43   40   39   39   41   43   46   48
   48   48   47   47   48   50   52   53   53   51   50   48   47   47   50   56
   67   83  103  125  147  167  186  203  220  236  250  261  268  271  270  266
  262  258  256  253  250  245  238  229  219  210  200  190  178  163  147  132
  116  103   94   85   82   73   71   71   62                                   
    45.0-180.0 180.0   5.0 450.0                            LAT/LON1/LON2/DLON/H
   70   63   59   59   57   59   57   53   49   46   44   44   45   47   50   52
   53   53   54   56   59   63   65   66   65   63   60   58   56   56   57   64
   76   95  118  143  166  186  203  219  234  249  263  275  282  286  284  280
  273  267  262  259  255  250  243  234  224  214  204  193  181  167  152  138
  125  113  105   96   92   83   82   81   70                                   
    42.5-180.0 180.0   5.0 450.0                            LAT/LON1/LON2/DLON/H
   77   72   68   68   67   69   66   61   57   53   50   50   51   53   56   58
   60   62   65   69   74   79   81   81   79   75   71   68   66   64   65   72
   85  106  131  158  182  202  218  232  246  260  274  286  295  299  297  292
  283  275  268  263  258  253  245  236  226  216  205  193  180  166  152  140
  128  117  110  101   97   89   88   88   77                                   
    40.0-180.0 180.0   5.0 450.0                            LAT/LON1/LON2/DLON/H
   82   77   74   75   74   76   73   68   64   60   58   59   60   62   65   67
   70   74   78   84   90   95   96   95   90   85   81   78   75   73   73   79
   92  114  141  170  195  215  230  243  256  270  284  296  306  311  310  303
  293  282  273  267  261  256  248  239  228  217  205  192  178  163  149  137
  127  117  109  100   96   89   88   89   82                                   
    37.5-180.0 180.0   5.0 450.0                            LAT/LON1/LON2/DLON/H
   83   79   76   77   78   79   76   72   69   66   66   68   70   72   75   78
   82   87   93   99  105  109  109  105   98   93   88   86   83   81   81   86
   99  121  149  178  204  224  240  253  266  280  294  308  318  324  323  316
  304  292  282  274  268  262  255  246  236  224  211  197  182  165  150  137
  125  114  105   95   91   82   82   85   83                                   
    35.0-180.0 180.0   5.0 450.0                            LAT/LON1/LON2/DLON/H
   84   78   75   76   77   78   76   73   71   70   73   77   80   83   86   90
   95  101  107  114  119  120  117  110  102   96   92   91   90   89   89   93
  106  128  156  185  211  233  249  263  277  292  307  321  333  340  339  332
  320  307  296  288  282  277  271  263  253  242  230  215  198  179  161  145
  130  116  105   92   86   75   76   79   84                                   
    32.5-180.0 180.0   5.0 450.0                            LAT/LON1/LON2/DLON/H
   85   78   75   74   75   76   74   71   71   72   77   83   88   92   96  101
  107  113  121  126  129  127  120  111  101   95   93   93   94   94   95  100
  113  134  161  191  217  240  258  274  290  306  323  338  352  359  360  354
  343  330  319  311  306  302  297  291  284  275  263  248  230  210  188  168
  148  130  115   98   89   75   75   77   85                                   
    30.0-180.0 180.0   5.0 450.0                            LAT/LON1/LON2/DLON/H
   92   83   78   75   76   76   74   71   71   74   79   87   93   99  104  110
  117  124  131  136  136  130  120  108   98   92   92   94   97   98  100  106
  119  140  167  196  223  247  268  287  305  323  341  359  374  383  386  382
  373  362  352  345  341  338  335  332  327  320  310  297  279  257  232  208
  184  160  141  119  107   87   86   84   92                                   
    27.5-180.0 180.0   5.0 450.0                            LAT/LON1/LON2/DLON/H
  108   99   92   85   84   82   80   75   74   76   81   89   96  102  108  115
  123  132  138  141  138  129  117  105   95   90   90   93   97  100  103  111
  125  146  173  202  230  256  279  301  321  341  362  382  399  411  417  416
  410  402  395  390  387  385  384  383  381  377  370  358  342  319  293  265
  236  208  184  156  140  116  113  104  108                                   
    25.0-180.0 180.0   5.0 450.0                            LAT/LON1/LON2/DLON/H
  137  128  118  106  103   99   94   86   82   81   84   90   97  103  109  117
  126  134  140  141  136  126  114  103   95   90   90   92   96   99  105  114
  129  152  180  209  238  265  291  315  338  360  383  405  425  441  450  453
  452  449  445  442  440  440  440  441  442  441  436  427  413  391  364  334
  301  271  242  210  190  161  155  139  137                                   
    22.5-180.0 180.0   5.0 450.0                            LAT/LON1/LON2/DLON/H
  180  171  158  142  135  128  118  106   96   91   90   92   96  101  107  115
  123  132  137  137  132  123  113  104   97   93   92   92   93   97  104  115
  133  157  186  216  247  275  303  329  354  378  402  427  450  469  483  491
  495  497  497  496  495  495  496  500  503  503  501  494  482  464  438  407
  373  341  309  274  250  219  208  189  180                                   
    20.0-180.0 180.0   5.0 450.0                            LAT/LON1/LON2/DLON/H
  232  226  209  189  178  166  152  135  119  107   99   97   97   99  104  111
  118  125  130  131  126  120  113  107  102   98   94   92   91   94  101  114
  134  161  191  223  255  285  314  341  367  392  418  444  470  493  511  524
  533  539  542  542  541  540  542  546  550  553  552  547  538  522  500  471
  439  408  377  342  314  282  268  247  232                                   
    17.5-180.0 180.0   5.0 450.0                            LAT/LON1/LON2/DLON/H
  289  287  266  243  227  211  192  170  148  128  114  105  101  100  102  107
  112  118  122  123  121  117  113  111  109  105   99   93   89   90   97  112
  134  162  195  229  262  294  323  351  377  403  429  457  484  509  530  546
  558  567  571  570  567  565  567  571  576  578  578  575  568  555  536  511
  484  459  433  402  371  341  325  304  289                                   
    15.0-180.0 180.0   5.0 450.0                            LAT/LON1/LON2/DLON/H
  340  343  321  296  276  257  234  208  181  155  133  118  109  105  104  105
  109  113  116  117  116  115  115  116  116  112  104   95   88   87   93  108
  132  163  199  235  269  301  331  359  385  410  436  464  491  516  538  555
  569  577  581  579  575  571  572  576  580  583  582  579  573  563  547  525
  503  485  465  441  411  384  369  350  340                                   
    12.5-180.0 180.0   5.0 450.0                            LAT/LON1/LON2/DLON/H
  378  385  366  340  317  296  271  244  213  183  157  136  122  114  110  108
  109  110  113  114  114  115  117  122  124  121  112  100   90   86   91  107
  132  165  202  239  274  307  337  365  390  414  439  465  491  515  535  553
  566  574  576  574  569  565  566  570  573  575  573  570  563  553  538  520
  501  488  473  455  430  405  393  377  378                                   
    10.0-180.0 180.0   5.0 450.0                            LAT/LON1/LON2/DLON/H
  397  405  391  366  343  322  298  272  242  210  181  157  140  129  121  116
  114  113  114  115  116  118  123  129  132  130  120  106   94   89   93  109
  135  168  206  243  278  310  340  367  392  416  439  463  486  507  526  542
  554  562  565  563  559  557  559  562  565  565  562  557  549  538  522  504
  487  476  463  448  427  404  394  383  397                                   
     7.5-180.0 180.0   5.0 450.0                            LAT/LON1/LON2/DLON/H
  395  401  392  369  350  331  310  289  261  231  202  179  161  148  137  129
  124  121  121  122  123  125  130  136  140  137  127  112  100   95  100  115
