data/edconvlstm_nd/pred2800.15i
     1.0            IONOSPHERE MAPS     GNSS                IONEX VERSION / TYPE
pyspatialgeodesy        IME             05-JAN-18 20:20     PGM / RUN BY / DATE 
Map Name                                                    COMMENT             
Predicted global ionosphere maps (GIM).                     DESCRIPTION         
  2015    10     7     0     0     0                        EPOCH OF FIRST MAP  
  2015    10     8     0     0     0                        EPOCH OF LAST MAP   
  7200                                                      INTERVAL            
    13                                                      # OF MAPS IN FILE   
  NONE                                                      MAPPING FUNCTION    
10.0                                                        ELEVATION CUTOFF    
One-way carrier phase leveled to code                       OBSERVABLES USED    
  6371.0                                                    BASE RADIUS         
 2                                                          MAP DIMENSION       
   450.0 450.0   0.0                                        HGT1 / HGT2 / DHGT  
    87.5 -87.5  -2.5                                        LAT1 / LAT2 / DLAT  
  -180.0 180.0   5.0                                        LON1 / LON2 / DLON  
    -1                                                      EXPONENT            
                                                            END OF HEADER       
[from data line 3861]
    10                                                      START OF TEC MAP    
  2015    10     7    18     0     0                        EPOCH OF CURRENT MAP
    87.5-180.0 180.0   5.0 450.0                            LAT/LON1/LON2/DLON/H
   92   96   94   99  104  103  103  100  102  105  105  106  107  108  108  108
  108  108  108  107  106  105  104  103  102  100   99   97   96   95   93   92
   91   90   89   88   87   87   86   86   85   85   85   86   86   86   86   86
   87   87   87   87   87   87   87   87   87   87   87   87   87   87   87   87
   87   87   84   82   87   87  102  102   92                                   
    85.0-180.0 180.0   5.0 450.0                            LAT/LON1/LON2/DLON/H
   99   98  111   95   97  103  103  106  108  111  111  113  114  116  116  117
  117  117  116  115  114  113  111  110  108  106  104  102  101   99   97   96
   94   93   92   91   90   89   89   88   88   88   88   88   88   88   88   88
   88   88   88   88   88   88   88   87   87   87   87   86   86   86   86   86
   87   86   82   79   83   86   91   89   99                                   
    82.5-180.0 180.0   5.0 450.0                            LAT/LON1/LON2/DLON/H
   81   85   90   85   90   97  101  104  107  111  114  117  119  121  122  123
  123  122  121  120  118  116  113  111  108  106  103  101   98   96   94   92
   90   89   87   86   85   84   84   83   83   82   82   82   82   82   82   83
   83   83   83   82   82   82   81   80   80   79   78   78   77   77   76   76
   76   75   73   71   75   87   82   80   81                                   
    80.0-180.0 180.0   5.0 450.0                            LAT/LON1/LON2/DLON/H
   61   65   73   72   77   80   87   93   99  104  108  113  116  119  120  121
  121  119  117  115  112  109  106  102   99   96   93   90   87   84   82   80
   78   77   76   75   74   73   73   72   72   72   73   73   73   74   74   75
   76   76   76   76   76   75   74   73   72   71   70   69   68   67   66   65
   65   65   64   63   62   70   67   73   61                                   
    77.5-180.0 180.0   5.0 450.0                            LAT/LON1/LON2/DLON/H
   61   60   61   61   67   72   80   86   94  100  106  112  117  120  122  123
  122  120  118  114  110  106  102   98   94   91   87   84   81   78   75   73
   72   71   70   69   68   67   67   66   66   65   65   65   66   67   68   69
   70   71   72   72   72   71   70   69   67   66   64   62   61   59   58   57
   57   57   57   56   55   58   59   64   61                                   
    75.0-180.0 180.0   5.0 450.0                            LAT/LON1/LON2/DLON/H
   48   50   50   51   58   63   70   76   85   93  100  107  113  116  118  119
  118  115  112  109  105  101   97   93   89   85   82   78   76   73   71   70
   69   68   68   67   67   66   66   65   64   63   63   63   63   64   65   66
   68   69   69   70   69   69   67   66   64   62   60   58   57   56   55   55
   54   55   55   53   52   53   51   49   48                                   
    72.5-180.0 180.0   5.0 450.0                            LAT/LON1/LON2/DLON/H
   49   49   47   51   53   58   65   71   79   87   95  102  108  112  114  114
  113  110  107  103   99   95   91   88   84   80   76   72   69   67   65   63
   63   63   63   63   63   63   62   60   59   57   56   55   55   56   57   59
   60   62   63   63   63   62   60   58   56   54   53   51   50   49   50   50
   50   51   51   49   48   49   50   52   49                                   
    70.0-180.0 180.0   5.0 450.0                            LAT/LON1/LON2/DLON/H
   48   49   48   50   51   54   59   66   75   83   90   98  103  107  108  108
  107  104  101   99   96   93   90   87   83   80   76   72   68   65   63   62
   62   63   63   64   64   64   62   60   58   55   53   52   51   52   53   54
   56   57   58   58   57   56   55   53   51   49   47   46   46   46   47   49
   50   51   53   52   52   53   56   57   48                                   
    67.5-180.0 180.0   5.0 450.0                            LAT/LON1/LON2/DLON/H
   52   53   50   52   54   56   61   67   74   81   89   96  102  105  107  106
  105  103  101   99   97   95   93   90   87   82   78   73   68   64   62   60
   60   61   62   63   63   62   60   57   54   51   48   46   45   45   46   47
   49   50   51   51   50   49   48   46   44   43   42   41   41   42   44   46
   48   50   51   50   49   52   53   54   52                                   
    65.0-180.0 180.0   5.0 450.0                            LAT/LON1/LON2/DLON/H
   51   54   52   55   55   57   61   66   73   81   88   95  100  104  105  105
  105  104  104  104  103  103  101   99   95   90   84   78   72   67   64   61
   60   61   62   62   62   61   59   55   51   47   44   41   40   40   40   41
   42   43   43   43   42   41   39   38   37   36   35   35   36   38   40   43
   45   47   49   49   50   53   55   56   51                                   
    62.5-180.0 180.0   5.0 450.0                            LAT/LON1/LON2/DLON/H
   51   55   53   57   58   60   64   68   75   82   89   96  102  106  108  109
  110  111  113  114  115  115  113  110  105   99   92   85   78   72   67   64
   62   61   61   61   61   59   56   53   48   44   41   38   37   36   36   36
   36   36   36   35   34   34   33   32   32   31   31   32   33   35   37   39
   41   43   44   43   44   47   49   50   51                                   
    60.0-180.0 180.0   5.0 450.0                            LAT/LON1/LON2/DLON/H
   48   53   53   58   59   60   64   69   75   82   89   97  103  108  111  114
  117  120  124  126  128  128  126  122  116  108  101   93   86   79   74   70
   66   64   63   62   61   58   55   51   47   43   40   38   36   35   34   33
   32   31   30   29   28   28   28   28   28   29   29   29   30   32   34   35
   37   37   37   36   37   40   42   44   48                                   
    57.5-180.0 180.0   5.0 450.0                            LAT/LON1/LON2/DLON/H
   43   51   52   58   61   63   67   71   77   83   91   99  106  112  117  122
  127  132  137  141  143  142  138  133  126  118  110  103   97   91   85   80
   75   72   69   67   64   62   58   55   51   48   45   43   42   40   38   36
   34   31   29   28   27   27   28   29   30   30   31   31   32   33   34   35
   35   34   33   31   31   34   35   38   43                                   
    55.0-180.0 180.0   5.0 450.0                            LAT/LON1/LON2/DLON/H
   41   50   54   61   65   67   70   74   79   85   92  100  108  116  123  130
  137  144  150  154  155  152  147  140  132  125  119  114  109  104   99   93
   87   82   78   74   71   68   65   61   58   56   54   53   52   50   46   43
   38   34   31   30   29   30   31   33   34   35   35   35   36   36   37   37
   36   34   32   29   28   30   30   33   41                                   
    52.5-180.0 180.0   5.0 450.0                            LAT/LON1/LON2/DLON/H
   40   51   56   64   70   73   76   79   83   88   94  102  111  119  128  137
  146  154  160  163  163  159  152  144  136  130  126  124  121  118  114  108
  101   94   89   84   81   78   75   72   70   68   68   67   66   63   59   53
   47   42   38   36   36   37   38   40   42   43   43   43   42   42   42   42
   40   38   35   31   30   30   29   32   40                                   
    50.0-180.0 180.0   5.0 450.0                            LAT/LON1/LON2/DLON/H
   44   55   62   71   78   83   85   88   90   94   99  106  114  123  133  143
  153  162  168  170  168  163  155  147  140  135  134  134  133  132  128  122
  114  106  100   95   92   89   87   85   84   83   83   83   82   78   73   66
   59   53   49   46   46   46   48   50   52   52   52   51   50   50   50   49
   48   45   42   38   36   35   34   36   44                                   
    47.5-180.0 180.0   5.0 450.0                            LAT/LON1/LON2/DLON/H
   52   63   71   80   88   94   97  100  101  104  108  113  120  129  139  149
  159  168  173  175  172  166  158  150  144  142  142  143  145  143  140  133
  125  117  110  106  103  102  100   99   98   97   98   98   97   93   87   79
   72   66   61   59   58   58   60   61   62   62   61   60   59   58   58   58
   57   55   53   50   47   46   44   46   52                                   
    45.0-180.0 180.0   5.0 450.0                            LAT/LON1/LON2/DLON/H
   62   73   81   91   99  107  112  115  116  119  121  125  130  137  146  156
  165  173  178  179  176  170  163  156  152  151  152  154  154  153  148  141
  132  125  119  116  114  113  112  111  110  109  110  110  109  105   99   91
   84   79   75   72   71   70   71   72   72   71   70   68   66   66   66   66
   66   66   65   62   60   59   58   59   62                                   
    42.5-180.0 180.0   5.0 450.0                            LAT/LON1/LON2/DLON/H
   74   83   90  101  110  120  126  131  133  136  137  139  143  148  155  164
  172  179  184  186  183  178  172  167  164  164  165  165  164  160  154  147
  139  132  128  125  125  124  122  120  118  118  118  119  117  114  108  101
   95   90   87   85   83   82   81   80   80   79   77   75   73   72   73   74
   74   75   76   74   73   73   73   73   74                                   
    40.0-180.0 180.0   5.0 450.0                            LAT/LON1/LON2/DLON/H
   83   91   98  111  120  132  140  147  150  154  155  156  158  161  166  173
  180  187  192  194  193  190  186  182  180  180  180  178  174  168  161  154
  147  142  139  137  136  134  131  127  124  122  123  123  122  118  113  107
  102   99   97   95   93   91   89   87   86   85   82   80   78   77   78   79
   80   82   83   83   83   83   83   84   83                                   
    37.5-180.0 180.0   5.0 450.0                            LAT/LON1/LON2/DLON/H
   89   96  103  117  129  141  152  161  167  171  173  173  173  175  178  183
  190  196  202  205  206  205  202  200  199  198  196  193  187  180  174  168
  163  159  156  154  150  145  139  132  127  125  124  125  124  121  116  111
  108  105  104  103  101   98   95   92   90   89   87   84   82   81   81   82
   83   84   87   87   87   87   88   90   89                                   
    35.0-180.0 180.0   5.0 450.0                            LAT/LON1/LON2/DLON/H
   92   98  105  121  134  147  161  172  180  186  189  189  188  188  190  194
  199  206  212  217  219  220  218  217  216  215  213  210  204  199  195  192
  190  187  183  177  169  158  147  137  130  126  125  126  125  122  118  114
  111  110  109  108  106  103   99   96   94   92   90   88   85   83   83   83
   83   84   86   87   87   87   88   91   92                                   
    32.5-180.0 180.0   5.0 450.0                            LAT/LON1/LON2/DLON/H
   93   99  106  123  138  151  166  180  190  198  201  202  202  201  202  205
  209  215  222  228  232  232  231  230  230  231  231  229  228  226  227  228
  228  225  218  207  191  174  158  143  134  129  128  128  127  125  121  117
  115  113  113  112  110  107  103  100   98   96   94   91   88   86   84   83
   82   82   84   84   84   85   85   89   93                                   
    30.0-180.0 180.0   5.0 450.0                            LAT/LON1/LON2/DLON/H
   96  102  110  126  142  154  170  184  196  204  210  212  213  213  214  216
  220  226  232  238  241  242  240  239  241  244  248  253  257  263  269  275
  277  273  260  241  217  192  169  151  140  135  133  133  132  129  125  121
  119  117  116  115  113  111  108  105  102  100   98   95   92   88   86   84
   81   81   81   81   81   82   82   87   96                                   
    27.5-180.0 180.0   5.0 450.0                            LAT/LON1/LON2/DLON/H
  101  108  117  132  148  159  173  186  198  207  214  219  222  224  225  228
  232  237  243  248  249  248  246  245  249  257  268  280  292  306  318  328
  331  323  304  275  242  210  182  161  149  143  142  141  139  136  132  129
  125  123  121  120  118  116  113  111  108  106  103  100   97   93   89   86
   82   81   80   80   80   81   82   86  101                                   
    25.0-180.0 180.0   5.0 450.0                            LAT/LON1/LON2/DLON/H
  110  117  128  141  157  168  180  191  201  209  216  223  229  234  238  241
  245  250  255  257  257  254  252  253  260  273  291  311  331  352  370  382
  383  370  343  306  265  226  195  173  161  155  153  152  150  147  143  139
  135  132  129  127  125  123  121  118  116  113  110  107  103   98   94   90
   85   83   81   81   82   83   85   88  110                                   
    22.5-180.0 180.0   5.0 450.0                            LAT/LON1/LON2/DLON/H
  120  128  140  153  169  180  191  198  206  212  219  228  237  245  252  257
  262  266  269  270  268  265  263  266  277  295  319  345  372  397  418  429
  427  408  375  330  284  241  208  187  175  170  167  165  162  159  155  152
  148  144  140  137  135  133  131  128  125  121  117  113  109  104  100   95
   90   87   84   84   86   88   90   92  120                                   
    20.0-180.0 180.0   5.0 450.0                            LAT/LON1/LON2/DLON/H
  130  140  152  165  182  194  203  209  214  219  226  236  248  260  270  277
  283  287  289  288  286  283  284  290  305  326  353  382  411  437  456  463
  456  432  394  346  298  255  223  202  191  186  182  178  174  171  169  167
  164  160  155  151  148  145  143  139  134  129  124  120  115  109  105  100
   94   90   87   87   91   92   96   99  130                                   
    17.5-180.0 180.0   5.0 450.0                            LAT/LON1/LON2/DLON/H
  138  149  162  175  194  207  217  221  226  230  238  250  265  280  292  302
  310  314  316  315  314  314  318  328  345  367  394  421  446  467  480  481
  468  440  401  355  309  269  239  220  210  203  198  191  186  183  182  183
  181  177  171  165  161  158  154  149  143  137  131  125  119  113  108  103
   97   93   89   88   93   95   99  105  138                                   
    15.0-180.0 180.0   5.0 450.0                            LAT/LON1/LON2/DLON/H
  140  154  168  183  203  217  229  234  238  244  253  268  285  303  319  332
  341  347  350  351  352  355  364  377  395  416  438  458  474  485  488  481
  463  435  399  359  320  286  260  242  231  222  212  203  196  193  194  196
  196  193  186  179  173  169  164  158  150  143  135  128  121  114  109  104
   98   93   88   88   92   95   99  108  140                                   
    12.5-180.0 180.0   5.0 450.0                            LAT/LON1/LON2/DLON/H
  137  153  169  186  208  224  238  245  251  258  270  287  308  329  348  363
  376  384  389  393  397  405  418  433  451  467  480  489  492  491  484  470
  450  425  395  364  334  307  285  267  253  240  226  214  205  202  204  208
  208  205  198  189  182  176  170  163  154  145  136  128  120  114  109  104
   97   92   86   84   88   91   96  106  137                                   
    10.0-180.0 180.0   5.0 450.0                            LAT/LON1/LON2/DLON/H
  129  148  165  185  208  226  243  252  262  272  287  307  330  353  375  393
  409  420  429  436  444  457  472  489  504  513  515  510  501  488  473  456
  437  417  396  375  354  334  314  295  277  258  240  223  212  209  211  215
  216  212  204  194  185  178  171  163  154  144  135  126  118  111  107  102
   95   90   83   80   82   85   89  101  129                                   
     7.5-180.0 180.0   5.0 450.0                            LAT/LON1/LON2/DLON/H
  120  141  160  181  206  225  246  257  270  284  301  324  349  374  397  418
  436  451  463  474  487  502  520  536  546  547  538  521  502  482  464  447
