data/edconvlstm_nd/pred3070.15i
     1.0            IONOSPHERE MAPS     GNSS                IONEX VERSION / TYPE
pyspatialgeodesy        IME             05-JAN-18 20:20     PGM / RUN BY / DATE 
Map Name                                                    COMMENT             
Predicted global ionosphere maps (GIM).                     DESCRIPTION         
  2015    11     3     0     0     0                        EPOCH OF FIRST MAP  
  2015    11     4     0     0     0                        EPOCH OF LAST MAP   
  7200                                                      INTERVAL            
    13                                                      # OF MAPS IN FILE   
  NONE                                                      MAPPING FUNCTION    
10.0                                                        ELEVATION CUTOFF    
One-way carrier phase leveled to code                       OBSERVABLES USED    
  6371.0                                                    BASE RADIUS         
 2                                                          MAP DIMENSION       
   450.0 450.0   0.0                                        HGT1 / HGT2 / DHGT  
    87.5 -87.5  -2.5                                        LAT1 / LAT2 / DLAT  
  -180.0 180.0   5.0                                        LON1 / LON2 / DLON  
    -1                                                      EXPONENT            
                                                            END OF HEADER       
[from data line 858]
     3                                                      START OF TEC MAP    
  2015    11     3     4     0     0                        EPOCH OF CURRENT MAP
    87.5-180.0 180.0   5.0 450.0                            LAT/LON1/LON2/DLON/H
   45   50   44   46   46   46   44   42   43   45   45   46   47   48   49   49
   50   50   50   50   50   49   49   48   48   47   47   46   46   46   45   45
   45   44   44   44   44   44   44   45   45   45   46   46   47   48   48   49
   49   50   50   50   51   51   51   51   51   50   50   49   49   48   47   47
   47   46   44   44   46   58   64   58   45                                   
    85.0-180.0 180.0   5.0 450.0                            LAT/LON1/LON2/DLON/H
   32   52   40   43   45   46   45   45   46   47   48   50   51   52   53   54
   54   54   54   54   54   53   52   51   51   50   49   48   47   47   46   46
   46   46   46   46   46   47   47   48   49   50   50   51   52   53   54   55
   56   57   58   58   59   60   60   60   61   60   60   60   59   58   56   56
   56   55   51   53   55   54   65   54   32                                   
    82.5-180.0 180.0   5.0 450.0                            LAT/LON1/LON2/DLON/H
   32   38   44   40   38   41   40   40   42   44   45   48   50   52   54   55
   55   56   55   55   54   52   50   49   47   45   44   43   42   41   40   40
   40   40   41   41   42   43   45   46   47   49   50   52   53   55   56   58
   59   61   62   63   65   66   67   68   69   69   69   68   67   66   64   63
   61   59   55   52   61   49   50   49   32                                   
    80.0-180.0 180.0   5.0 450.0                            LAT/LON1/LON2/DLON/H
   47   43   42   34   35   33   35   35   37   39   41   45   48   50   53   55
   56   56   56   55   53   51   48   46   43   41   39   37   36   35   35   35
   36   37   38   39   41   42   44   46   47   49   51   52   54   56   58   60
   62   65   67   70   73   75   78   80   81   82   82   82   81   79   77   75
   72   68   65   62   69   57   56   55   47                                   
    77.5-180.0 180.0   5.0 450.0                            LAT/LON1/LON2/DLON/H
   61   51   42   35   31   30   31   32   34   36   38   43   47   51   54   57
   59   60   59   58   56   53   49   45   41   38   35   33   32   31   31   32
   33   35   36   38   40   42   44   46   48   49   51   53   55   57   59   61
   64   68   72   76   80   84   88   91   94   96   97   97   96   94   92   89
   86   82   78   76   76   59   57   58   61                                   
    75.0-180.0 180.0   5.0 450.0                            LAT/LON1/LON2/DLON/H
   66   57   48   41   34   33   33   33   34   35   37   41   45   49   53   56
   58   59   59   58   55   51   47   43   39   35   32   31   30   30   30   32
   33   34   36   37   39   40   41   42   44   45   46   48   50   52   54   57
   60   65   70   75   81   87   92   97  101  104  106  106  106  105  103  101
   97   94   91   86   86   73   69   67   66                                   
    72.5-180.0 180.0   5.0 450.0                            LAT/LON1/LON2/DLON/H
   77   67   57   49   42   40   40   38   38   38   39   43   47   50   54   56
   58   59   59   57   54   51   46   42   38   35   32   31   31   32   33   35
   36   37   38   39   39   40   41   42   43   44   45   47   49   51   53   57
   61   66   73   79   87   94  101  107  112  115  117  117  116  115  113  112
  109  107  106  103  102   89   84   81   77                                   
    70.0-180.0 180.0   5.0 450.0                            LAT/LON1/LON2/DLON/H
   93   81   72   63   54   50   47   45   43   42   42   44   46   49   51   53
   54   55   55   53   50   47   43   39   36   34   33   33   34   36   37   39
   39   40   39   39   38   37   37   38   39   40   42   44   46   48   52   56
   61   68   75   84   92  101  109  116  121  124  125  124  122  119  117  116
  115  114  114  112  113  103  101   95   93                                   
    67.5-180.0 180.0   5.0 450.0                            LAT/LON1/LON2/DLON/H
   98   89   78   70   61   55   52   48   46   44   42   43   44   45   46   47
   48   48   48   46   44   41   38   35   33   32   32   34   35   37   39   39
   39   37   35   33   31   29   28   29   30   32   34   37   40   44   48   53
   60   67   76   86   96  106  114  121  126  127  127  124  121  117  114  113
  112  111  114  112  114  108  107  103   98                                   
    65.0-180.0 180.0   5.0 450.0                            LAT/LON1/LON2/DLON/H
  103   94   83   74   65   59   55   52   49   46   44   44   43   43   43   44
   44   44   44   43   41   38   36   34   32   32   34   36   38   40   41   41
   39   36   32   28   25   23   21   22   24   27   30   35   39   45   50   57
   64   73   83   94  106  116  125  132  136  137  134  130  125  119  115  113
  112  111  114  113  115  111  111  109  103                                   
    62.5-180.0 180.0   5.0 450.0                            LAT/LON1/LON2/DLON/H
  105   97   85   76   67   60   56   53   51   48   46   46   44   43   43   43
   43   44   43   42   40   38   35   34   33   34   36   38   41   42   43   42
   39   35   30   25   21   19   18   19   21   26   31   37   44   50   58   65
   74   85   96  108  120  131  141  148  151  151  148  142  136  129  124  121
  118  116  118  116  118  114  114  112  105                                   
    60.0-180.0 180.0   5.0 450.0                            LAT/LON1/LON2/DLON/H
  107   98   86   75   66   58   54   52   50   47   45   45   43   42   42   42
   43   44   44   42   40   37   35   33   33   34   36   39   41   42   42   40
   37   33   28   24   20   18   17   19   22   28   35   42   50   59   67   77
   87   98  110  123  135  147  157  165  168  168  165  159  153  146  140  136
  132  128  128  125  125  119  118  115  107                                   
    57.5-180.0 180.0   5.0 450.0                            LAT/LON1/LON2/DLON/H
  114  103   90   77   66   57   53   49   47   45   43   42   41   40   41   42
   43   44   44   43   40   37   34   32   32   33   36   38   39   40   39   38
   36   33   29   26   24   22   23   25   29   35   42   51   60   70   80   90
  101  113  126  139  152  165  176  183  188  189  187  182  176  170  164  159
  154  148  147  142  140  129  127  123  114                                   
    55.0-180.0 180.0   5.0 450.0                            LAT/LON1/LON2/DLON/H
  128  114  100   85   72   60   54   48   45   41   39   38   37   37   38   40
   42   44   44   42   39   35   32   31   31   32   35   36   37   37   37   36
   36   35   34   34   33   33   33   36   40   45   53   61   71   81   92  103
  115  128  141  155  169  182  193  201  207  209  209  206  202  196  191  186
  179  173  170  162  158  145  143  137  128                                   
    52.5-180.0 180.0   5.0 450.0                            LAT/LON1/LON2/DLON/H
  150  134  118  102   86   72   62   53   46   40   36   34   33   33   35   38
   41   42   43   41   37   34   31   30   31   33   36   37   37   37   36   37
   39   41   44   46   48   48   49   51   53   58   64   73   82   93  104  116
  128  141  155  169  183  197  208  218  224  228  229  228  225  220  215  211
  204  197  192  183  178  164  162  155  150                                   
    50.0-180.0 180.0   5.0 450.0                            LAT/LON1/LON2/DLON/H
  176  161  144  127  108   92   79   65   54   44   37   33   30   30   32   35
   38   40   40   39   36   33   31   32   35   38   41   41   41   39   39   42
   46   51   57   62   65   67   67   67   68   71   76   83   92  103  114  127
  140  154  168  183  197  210  222  231  238  243  245  244  241  237  233  228
  220  214  208  199  195  182  182  177  176                                   
    47.5-180.0 180.0   5.0 450.0                            LAT/LON1/LON2/DLON/H
  202  189  173  156  136  118  102   85   70   55   44   37   32   31   32   35
   37   39   39   38   36   35   36   38   42   47   49   50   48   46   46   49
   55   63   71   78   82   84   83   82   81   82   86   93  101  112  123  137
  151  166  180  195  209  222  233  242  249  253  254  253  250  245  239  233
  226  219  214  206  204  194  198  195  202                                   
    45.0-180.0 180.0   5.0 450.0                            LAT/LON1/LON2/DLON/H
  220  211  197  182  163  145  128  109   91   73   58   47   41   37   37   37
   39   40   40   41   41   42   44   48   53   58   61   60   57   54   54   57
   64   73   82   90   94   96   95   92   91   91   94  100  109  120  132  147
  162  177  192  206  219  231  241  250  255  258  259  256  251  244  236  229
  221  214  210  204  204  198  205  206  220                                   
    42.5-180.0 180.0   5.0 450.0                            LAT/LON1/LON2/DLON/H
  225  220  209  198  181  165  148  131  112   93   76   64   56   51   48   46
   45   46   47   49   51   54   57   61   66   70   72   70   66   63   62   64
   71   80   89   96  101  102  101   98   97   98  101  108  117  128  142  157
  172  188  203  217  229  239  248  255  259  261  260  256  249  240  230  220
  211  204  200  196  197  194  201  204  225                                   
    40.0-180.0 180.0   5.0 450.0                            LAT/LON1/LON2/DLON/H
  218  213  204  196  183  170  157  143  128  111   95   84   75   69   65   61
   58   58   60   63   67   70   73   75   78   79   79   77   72   69   67   70
   75   83   91   98  102  103  102  101  100  103  108  116  126  138  152  167
  183  199  213  226  237  247  254  260  263  264  262  257  249  239  227  217
  207  199  195  191  191  186  192  195  218                                   
    37.5-180.0 180.0   5.0 450.0                            LAT/LON1/LON2/DLON/H
  201  194  185  177  168  158  150  142  133  120  109  101   95   91   85   80
   76   75   78   83   87   90   89   88   86   84   82   78   74   71   71   73
   78   85   91   96   99  101  101  101  103  108  115  125  136  148  162  177
  193  208  222  234  245  254  261  267  270  271  270  266  259  250  239  228
  217  208  202  197  193  184  186  185  201                                   
    35.0-180.0 180.0   5.0 450.0                            LAT/LON1/LON2/DLON/H
  185  171  158  148  141  133  129  128  125  120  115  112  111  109  105   99
   95   94   98  104  108  108  103   96   89   84   79   76   73   72   73   76
   81   86   90   94   97   98  100  102  107  114  123  133  145  158  171  186
  200  214  228  240  251  261  269  276  281  284  284  283  280  275  267  259
  248  238  231  223  215  199  195  187  185                                   
    32.5-180.0 180.0   5.0 450.0                            LAT/LON1/LON2/DLON/H
  180  156  137  120  111  102  101  104  108  109  110  114  118  120  118  114
  111  111  116  122  124  120  111   99   87   79   74   72   71   73   76   80
   85   88   91   94   96   98  101  104  110  119  129  141  153  165  178  191
  205  218  231  244  256  268  279  288  295  301  305  309  313  314  312  308
  299  290  282  271  259  236  225  209  180                                   
    30.0-180.0 180.0   5.0 450.0                            LAT/LON1/LON2/DLON/H
  197  163  136  109   93   80   77   80   87   92   99  108  116  121  123  121
  119  122  127  131  131  123  110   95   83   74   70   70   72   76   82   87
   91   94   96   97   98  100  103  107  113  122  134  145  157  169  181  194
  207  220  233  246  261  275  289  302  312  322  331  342  354  364  371  373
  368  360  352  337  323  296  279  255  197                                   
    27.5-180.0 180.0   5.0 450.0                            LAT/LON1/LON2/DLON/H
  243  201  165  127  101   78   67   66   70   75   84   96  107  115  118  118
  119  123  127  129  126  116  103   89   79   73   72   74   78   85   92   98
  102  103  104  104  104  104  105  108  114  123  134  146  158  170  183  196
  209  222  235  250  267  285  303  319  334  347  363  381  403  423  440  449
  449  444  436  419  403  373  349  321  243                                   
    25.0-180.0 180.0   5.0 450.0                            LAT/LON1/LON2/DLON/H
  318  272  227  180  142  106   83   71   67   68   74   85   95  103  107  108
  111  114  117  116  110  101   91   84   80   80   82   87   93  101  109  114
  117  116  114  112  110  108  107  107  111  120  131  143  156  170  184  198
  212  226  240  257  276  298  320  340  359  377  398  424  454  484  510  527
  532  531  524  506  490  460  430  402  318                                   
    22.5-180.0 180.0   5.0 450.0                            LAT/LON1/LON2/DLON/H
  412  366  315  265  218  171  131  103   86   77   76   81   88   92   95   96
   98  100  100   96   90   84   82   84   89   96  104  111  118  125  131  135
  134  130  125  119  114  109  105  103  105  113  124  138  153  169  186  203
  219  234  249  268  290  315  340  362  384  406  431  462  498  535  567  589
  600  603  600  585  568  546  512  489  412                                   
    20.0-180.0 180.0   5.0 450.0                            LAT/LON1/LON2/DLON/H
  507  468  418  371  320  266  210  165  132  110   98   93   92   91   90   89
   89   88   85   79   74   73   79   92  109  124  136  145  151  155  157  156
  149  140  131  122  114  106   99   95   96  103  116  132  150  169  189  209
  228  244  261  281  305  331  356  380  403  427  454  488  525  563  596  620
  635  643  646  639  625  614  587  571  507                                   
    17.5-180.0 180.0   5.0 450.0                            LAT/LON1/LON2/DLON/H
  583  559  518  482  432  376  309  251  202  166  141  125  114  105   98   93
   90   87   80   73   69   73   88  112  138  161  176  184  186  185  180  171
  159  144  130  118  108   99   90   85   86   95  109  128  149  171  195  217
  238  256  275  295  318  343  368  391  413  438  466  498  532  566  595  617
  634  645  654  657  649  653  638  631  583                                   
    15.0-180.0 180.0   5.0 450.0                            LAT/LON1/LON2/DLON/H
  629  622  597  576  533  481  410  344  286  240  204  177  155  137  123  114
  107  100   91   83   80   89  111  143  176  202  217  220  216  207  194  178
  159  140  123  110   99   90   82   77   79   89  105  126  150  175  201  226
  249  269  287  307  329  352  375  396  417  441  468  497  526  553  575  592
  605  618  631  641  642  658  656  658  629                                   
    12.5-180.0 180.0   5.0 450.0                            LAT/LON1/LON2/DLON/H
  644  654  644  636  605  562  495  429  368  317  276  241  212  186  166  151
  141  131  121  112  110  122  148  183  217  240  249  245  233  216  197  176
  153  130  113  100   91   83   77   73   76   87  106  129  155  181  208  234
  258  279  298  317  337  358  378  397  418  440  465  491  514  534  549  559
  569  579  592  607  615  637  645  654  644                                   
    10.0-180.0 180.0   5.0 450.0                            LAT/LON1/LON2/DLON/H
  638  659  658  660  642  609  551  492  435  386  344  307  274  244  219  201
  188  177  166  158  158  170  196  228  254  268  267  254  235  214  191  167
  143  121  104   93   87   81   76   74   78   91  111  135  161  187  214  240
  264  285  304  322  341  360  378  397  417  438  462  484  504  518  528  534
  540  547  559  574  584  607  619  631  638                                   
     7.5-180.0 180.0   5.0 450.0                            LAT/LON1/LON2/DLON/H
  625  649  652  656  649  625  577  528  479  436  397  363  330  299  273  253
  239  229  220  214  215  227  247  268  281  281  269  250  227  204  181  157
