data/edconvlstm_nd/pred1050.15i
     1.0            IONOSPHERE MAPS     GNSS                IONEX VERSION / TYPE
pyspatialgeodesy        IME             05-JAN-18 20:20     PGM / RUN BY / DATE 
Map Name                                                    COMMENT             
Predicted global ionosphere maps (GIM).                     DESCRIPTION         
  2015     4    15     0     0     0                        EPOCH OF FIRST MAP  
  2015     4    16     0     0     0                        EPOCH OF LAST MAP   
  7200                                                      INTERVAL            
    13                                                      # OF MAPS IN FILE   
  NONE                                                      MAPPING FUNCTION    
10.0                                                        ELEVATION CUTOFF    
One-way carrier phase leveled to code                       OBSERVABLES USED    
  6371.0                                                    BASE RADIUS         
 2                                                          MAP DIMENSION       
   450.0 450.0   0.0                                        HGT1 / HGT2 / DHGT  
    87.5 -87.5  -2.5                                        LAT1 / LAT2 / DLAT  
  -180.0 180.0   5.0                                        LON1 / LON2 / DLON  
    -1                                                      EXPONENT            
                                                            END OF HEADER       
[from data line 5148]
    13                                                      START OF TEC MAP    
  2015     4    16     0     0     0                        EPOCH OF CURRENT MAP
    87.5-180.0 180.0   5.0 450.0                            LAT/LON1/LON2/DLON/H
  170  177  183  171  171  172  170  170  171  170  171  172  173  173  173  173
  173  172  172  171  170  170  169  168  166  165  164  163  161  160  159  157
  156  155  154  153  152  151  151  150  150  150  150  150  150  150  150  150
  150  150  150  151  151  151  152  152  153  153  154  154  155  155  156  156
  157  159  160  162  164  163  167  194  170                                   
    85.0-180.0 180.0   5.0 450.0                            LAT/LON1/LON2/DLON/H
  184  181  175  174  179  180  178  177  178  179  179  180  181  181  181  181
  180  179  178  177  176  175  173  172  170  169  167  165  163  161  159  157
  155  154  152  151  150  150  150  150  150  150  150  151  151  151  151  152
  152  153  153  154  154  155  156  156  157  158  159  160  161  161  162  163
  164  166  168  172  167  172  180  195  184                                   
    82.5-180.0 180.0   5.0 450.0                            LAT/LON1/LON2/DLON/H
  182  181  181  180  185  186  183  184  186  186  187  188  189  189  189  188
  187  186  184  183  181  180  178  176  174  171  169  166  163  159  156  153
  150  148  146  145  144  144  144  144  145  146  146  147  148  148  149  150
  151  151  152  154  155  156  158  159  161  163  164  165  167  168  169  170
  171  174  176  176  175  168  178  185  182                                   
    80.0-180.0 180.0   5.0 450.0                            LAT/LON1/LON2/DLON/H
  179  183  181  181  184  188  189  192  195  195  197  198  198  198  197  195
  193  191  189  186  184  182  181  178  176  173  169  165  161  157  152  148
  144  142  139  138  137  138  138  139  140  141  142  143  144  145  145  146
  147  148  149  151  153  155  157  159  161  164  166  167  169  170  172  174
  175  176  177  176  181  175  186  197  179                                   
    77.5-180.0 180.0   5.0 450.0                            LAT/LON1/LON2/DLON/H
  183  183  184  187  188  191  196  201  204  205  207  208  208  206  203  199
  194  190  186  183  181  179  178  176  174  171  168  163  158  153  148  143
  138  135  133  132  132  133  134  135  137  138  139  140  140  140  140  141
  141  142  144  146  148  151  154  157  160  162  165  167  168  170  171  173
  174  176  176  177  182  183  190  206  183                                   
    75.0-180.0 180.0   5.0 450.0                            LAT/LON1/LON2/DLON/H
  193  192  194  196  197  200  206  211  216  218  220  220  217  211  204  196
  188  181  175  171  170  169  169  170  169  168  165  160  155  149  143  138
  134  130  128  128  128  129  131  133  134  135  136  136  136  136  135  135
  136  137  139  141  144  148  151  155  158  161  163  165  166  168  169  171
  172  175  177  174  180  187  195  212  193                                   
    72.5-180.0 180.0   5.0 450.0                            LAT/LON1/LON2/DLON/H
  194  200  204  205  204  209  216  224  230  233  234  232  226  215  202  188
  176  165  158  154  153  154  157  159  161  161  159  155  150  144  138  133
  128  125  123  122  122  124  125  127  129  130  130  130  129  128  128  128
  129  131  134  137  141  145  150  154  157  160  162  163  164  164  165  168
  169  172  176  175  180  186  196  215  194                                   
    70.0-180.0 180.0   5.0 450.0                            LAT/LON1/LON2/DLON/H
  199  203  207  211  210  215  224  234  242  246  248  245  235  220  200  181
  163  149  140  136  136  139  144  148  152  153  152  148  143  137  131  126
  121  118  116  115  115  117  118  120  122  122  122  122  121  121  121  122
  124  127  132  136  141  146  151  155  158  160  162  162  162  161  161  163
  163  166  171  172  179  186  196  214  199                                   
    67.5-180.0 180.0   5.0 450.0                            LAT/LON1/LON2/DLON/H
  201  205  207  211  210  216  226  237  249  256  259  256  245  225  201  176
  154  138  127  123  123  127  132  138  141  142  141  137  132  127  121  116
  112  108  106  104  104  105  106  107  108  109  109  109  108  109  110  113
  117  122  127  134  140  145  150  154  157  159  160  159  158  156  155  156
  156  159  163  165  171  180  190  210  201                                   
    65.0-180.0 180.0   5.0 450.0                            LAT/LON1/LON2/DLON/H
  198  199  201  205  205  209  220  233  247  257  264  264  253  232  206  178
  154  135  124  119  119  122  127  130  132  131  128  124  119  114  110  105
  101   98   95   93   92   92   93   94   95   95   95   95   95   96   99  103
  109  116  123  131  138  144  149  153  156  157  158  157  155  153  151  151
  150  153  157  158  164  174  184  203  198                                   
    62.5-180.0 180.0   5.0 450.0                            LAT/LON1/LON2/DLON/H
  194  192  193  197  196  198  207  220  237  250  261  265  258  241  216  188
  163  144  132  127  125  126  128  127  125  121  116  110  106  102   99   95
   92   89   85   83   81   80   81   82   83   84   84   84   84   86   89   94
  102  110  119  127  134  141  146  150  153  155  155  155  154  153  151  151
  150  152  156  156  160  169  179  198  194                                   
    60.0-180.0 180.0   5.0 450.0                            LAT/LON1/LON2/DLON/H
  191  187  189  189  187  186  191  202  219  235  250  259  258  247  228  205
  183  165  153  146  142  139  135  129  121  113  105   99   95   92   91   89
   87   83   80   76   74   73   74   76   77   78   78   77   77   78   81   87
   95  104  113  122  129  135  141  145  148  151  154  155  156  156  157  157
  157  159  163  162  164  170  179  198  191                                   
    57.5-180.0 180.0   5.0 450.0                            LAT/LON1/LON2/DLON/H
  195  192  193  190  185  180  181  188  202  217  233  247  253  251  241  226
  210  195  184  175  167  158  147  134  121  109   99   93   90   89   89   89
   87   83   79   76   73   73   74   75   77   78   77   76   75   75   77   82
   89   98  107  116  123  129  135  140  144  149  153  158  161  164  167  171
  173  176  180  178  178  181  189  208  195                                   
    55.0-180.0 180.0   5.0 450.0                            LAT/LON1/LON2/DLON/H
  210  209  209  204  197  188  184  185  193  204  218  233  245  252  252  248
  240  231  222  211  198  182  164  145  127  112  102   96   95   95   96   96
   94   90   85   81   79   79   80   82   84   85   84   81   79   77   78   81
   87   95  103  112  119  125  131  137  143  149  156  163  170  177  184  191
  196  201  207  206  204  205  211  230  210                                   
    52.5-180.0 180.0   5.0 450.0                            LAT/LON1/LON2/DLON/H
  238  241  238  233  225  213  204  198  198  201  210  223  237  250  260  267
  269  267  260  248  230  209  185  162  141  126  116  111  110  110  111  110
  107  102   97   93   90   90   92   94   96   96   95   92   88   84   83   85
   89   95  103  110  117  124  130  137  145  153  162  171  182  193  204  216
  225  235  243  241  240  239  244  263  238                                   
    50.0-180.0 180.0   5.0 450.0                            LAT/LON1/LON2/DLON/H
  277  284  281  276  268  256  243  229  220  214  215  222  234  250  267  282
  293  297  293  280  260  235  209  184  164  149  140  136  134  133  132  129
  123  117  111  107  104  104  106  108  110  110  109  105  101   96   93   93
   95  100  106  113  121  128  136  144  152  161  171  183  196  211  227  244
  259  273  283  283  283  281  286  303  277                                   
    47.5-180.0 180.0   5.0 450.0                            LAT/LON1/LON2/DLON/H
  321  332  332  330  324  313  299  279  261  244  234  233  240  254  274  294
  310  318  316  305  285  261  236  214  196  183  174  168  164  160  154  148
  139  131  125  120  118  118  119  121  123  124  123  120  116  111  107  105
  106  109  114  121  130  139  148  156  165  174  185  198  213  231  251  271
  291  309  322  325  328  326  332  346  321                                   
    45.0-180.0 180.0   5.0 450.0                            LAT/LON1/LON2/DLON/H
  362  379  382  387  383  377  365  343  317  290  269  258  257  267  284  305
  322  332  331  322  306  286  267  249  235  223  213  204  195  185  174  163
  152  143  136  131  129  129  130  131  133  135  135  134  131  127  123  120
  119  121  126  134  144  154  165  175  184  192  202  215  231  250  272  295
  317  339  355  362  368  367  375  385  362                                   
    42.5-180.0 180.0   5.0 450.0                            LAT/LON1/LON2/DLON/H
  396  416  425  435  435  435  428  409  381  348  318  297  288  291  303  319
  333  342  342  336  326  313  301  289  277  265  252  237  221  205  189  175
  162  152  145  141  139  138  137  138  140  143  146  147  146  143  139  136
  135  136  140  148  160  173  187  197  206  213  222  234  250  269  291  315
  338  361  380  391  399  400  411  416  396                                   
    40.0-180.0 180.0   5.0 450.0                            LAT/LON1/LON2/DLON/H
  422  444  456  469  473  478  477  464  440  406  372  345  329  325  330  339
  348  354  355  352  348  342  336  327  315  300  282  261  240  219  201  186
  173  163  156  152  149  146  144  143  145  150  155  159  160  159  155  151
  149  149  153  162  175  191  206  218  226  233  241  252  268  288  310  333
  356  379  400  414  424  428  441  442  422                                   
    37.5-180.0 180.0   5.0 450.0                            LAT/LON1/LON2/DLON/H
  449  470  481  491  497  504  506  501  484  455  423  395  377  367  365  367
  370  372  374  374  375  373  368  358  343  322  299  274  252  232  215  201
  190  181  174  168  163  158  153  151  152  158  165  171  173  172  168  163
  159  158  161  170  184  203  220  233  242  248  256  268  286  306  329  353
  377  400  423  438  450  458  470  467  449                                   
    35.0-180.0 180.0   5.0 450.0                            LAT/LON1/LON2/DLON/H
  485  504  513  512  515  519  519  517  507  486  462  439  422  411  404  400
  398  398  399  402  404  402  394  378  356  330  305  281  263  248  237  228
  219  210  201  192  184  176  169  164  164  168  176  182  184  182  177  171
  165  162  164  173  188  207  226  241  250  256  266  280  301  325  350  375
  401  426  451  468  483  495  504  499  485                                   
    32.5-180.0 180.0   5.0 450.0                            LAT/LON1/LON2/DLON/H
  539  561  566  550  543  538  530  524  517  503  487  473  461  451  443  435
  430  428  429  431  431  425  409  386  358  330  307  291  282  278  275  271
  264  253  240  226  214  202  191  184  181  183  189  193  194  190  183  175
  167  163  164  172  186  206  225  240  250  257  268  287  312  340  369  397
  425  453  480  498  520  537  544  537  539                                   
    30.0-180.0 180.0   5.0 450.0                            LAT/LON1/LON2/DLON/H
  613  643  646  620  601  583  561  544  530  517  506  498  492  485  477  468
  460  457  456  456  451  438  415  386  356  332  318  313  317  324  330  330
  322  307  287  268  250  234  220  209  203  202  204  205  203  197  187  177
  169  164  164  170  184  203  222  236  246  254  267  289  319  352  385  417
  448  479  508  527  558  583  589  583  613                                   
    27.5-180.0 180.0   5.0 450.0                            LAT/LON1/LON2/DLON/H
  697  741  747  719  693  666  629  595  567  545  531  524  519  514  506  495
  485  479  475  469  458  439  412  383  359  345  343  353  369  386  398  398
  387  365  338  312  289  269  252  237  227  221  219  218  213  203  191  180
  171  166  166  172  184  202  221  235  244  253  269  294  327  365  401  437
  471  506  536  558  596  631  642  641  697                                   
    25.0-180.0 180.0   5.0 450.0                            LAT/LON1/LON2/DLON/H
  783  841  853  833  804  773  726  677  633  598  573  559  551  542  530  517
  504  493  482  470  453  431  407  386  373  373  387  410  436  458  469  466
  448  419  384  351  323  300  280  262  248  239  234  229  222  211  197  185
  176  171  170  174  185  201  219  234  245  256  274  302  338  378  418  457
  496  535  568  594  637  681  701  708  783                                   
    22.5-180.0 180.0   5.0 450.0                            LAT/LON1/LON2/DLON/H
  859  926  944  939  913  883  836  778  721  672  635  610  592  576  557  538
  518  501  483  463  442  422  405  397  401  417  445  477  505  524  529  518
  493  457  416  379  347  322  299  279  262  251  245  240  232  220  206  192
  183  177  175  177  185  199  217  233  246  260  281  311  350  392  435  477
  520  562  599  631  677  727  757  776  859                                   
    20.0-180.0 180.0   5.0 450.0                            LAT/LON1/LON2/DLON/H
  913  980 1005 1015 1001  979  938  880  818  760  712  676  646  620  593  565
  538  512  485  459  436  420  414  421  442  473  509  541  563  571  564  543
  511  470  426  387  354  327  304  283  266  256  252  249  243  232  217  203
  193  186  183  182  188  199  214  232  248  265  288  320  361  405  451  496
  542  586  627  665  711  759  798  831  913                                   
    17.5-180.0 180.0   5.0 450.0                            LAT/LON1/LON2/DLON/H
  930  989 1026 1052 1055 1047 1019  969  909  849  794  749  710  674  638  603
  569  534  499  466  442  431  436  457  491  530  564  586  591  581  560  530
  493  451  408  370  339  315  294  276  262  256  256  258  255  245  230  215
  204  196  190  186  188  196  210  228  246  267  293  328  371  417  465  513
  561  606  650  692  735  774  818  860  930                                   
    15.0-180.0 180.0   5.0 450.0                            LAT/LON1/LON2/DLON/H
  908  954 1006 1048 1067 1076 1063 1028  979  924  870  820  775  733  693  653
  613  571  529  491  465  458  472  501  539  574  594  594  576  546  511  475
  438  400  363  331  308  290  275  261  253  252  257  264  265  257  242  226
  212  202  193  186  184  188  201  219  241  266  297  336  382  430  479  529
  578  622  667  711  749  777  818  862  908                                   
    12.5-180.0 180.0   5.0 450.0                            LAT/LON1/LON2/DLON/H
  861  893  956 1008 1039 1062 1064 1046 1013  971  924  878  834  791  749  708
  666  620  574  532  505  500  515  544  572  588  583  556  514  466  423  388
  359  332  308  290  277  267  258  249  244  247  256  266  270  263  248  230
  215  202  191  180  174  175  187  207  232  263  301  345  394  444  494  544
  593  635  678  722  753  771  806  845  861                                   
    10.0-180.0 180.0   5.0 450.0                            LAT/LON1/LON2/DLON/H
  807  827  891  943  976 1009 1024 1022 1007  981  948  911  873  836  799  762
  721  676  628  585  556  548  556  570  575  563  527  474  413  357  318  295
  283  275  269  264  261  257  251  244  241  245  255  265  269  262  246  227
  210  195  181  168  160  161  173  194  223  259  302  352  404  457  507  556
  604  643  685  726  753  763  791  821  807                                   
     7.5-180.0 180.0   5.0 450.0                            LAT/LON1/LON2/DLON/H
  766  772  828  867  896  931  954  966  966  957  937  913  886  859  832  802
  768  727  680  637  605  588  579  568  543  499  436  364  299  254  234  233
