data/edconvlstm_nd/pred1310.15i
     1.0            IONOSPHERE MAPS     GNSS                IONEX VERSION / TYPE
pyspatialgeodesy        IME             05-JAN-18 20:20     PGM / RUN BY / DATE 
Map Name                                                    COMMENT             
Predicted global ionosphere maps (GIM).                     DESCRIPTION         
  2015     5    11     0     0     0                        EPOCH OF FIRST MAP  
  2015     5    12     0     0     0                        EPOCH OF LAST MAP   
  7200                                                      INTERVAL            
    13                                                      # OF MAPS IN FILE   
  NONE                                                      MAPPING FUNCTION    
10.0                                                        ELEVATION CUTOFF    
One-way carrier phase leveled to code                       OBSERVABLES USED    
  6371.0                                                    BASE RADIUS         
 2                                                          MAP DIMENSION       
   450.0 450.0   0.0                                        HGT1 / HGT2 / DHGT  
    87.5 -87.5  -2.5                                        LAT1 / LAT2 / DLAT  
  -180.0 180.0   5.0                                        LON1 / LON2 / DLON  
    -1                                                      EXPONENT            
                                                            END OF HEADER       
[from data line 1287]
     4                                                      START OF TEC MAP    
  2015     5    11     6     0     0                        EPOCH OF CURRENT MAP
    87.5-180.0 180.0   5.0 450.0                            LAT/LON1/LON2/DLON/H
  202  195  190  192  196  196  194  194  197  199  200  202  203  205  206  207
  208  208  208  209  208  208  207  206  205  204  203  202  200  199  198  197
  196  195  194  194  193  193  192  192  191  191  191  191  191  190  190  190
  189  189  189  188  188  187  186  186  185  184  184  183  183  182  181  181
  181  183  182  182  185  184  185  189  202                                   
    85.0-180.0 180.0   5.0 450.0                            LAT/LON1/LON2/DLON/H
  194  190  190  192  196  197  199  200  203  205  207  209  211  213  215  216
  217  218  219  219  219  219  218  216  215  213  211  210  208  206  205  204
  203  202  202  201  201  201  201  201  201  201  201  202  202  202  202  202
  202  202  201  201  200  200  199  198  198  197  196  195  194  193  191  191
  191  192  187  189  183  182  186  190  194                                   
    82.5-180.0 180.0   5.0 450.0                            LAT/LON1/LON2/DLON/H
  190  192  190  187  190  190  192  193  196  199  201  205  207  210  213  216
  218  219  220  220  220  219  217  214  212  209  206  203  200  198  196  195
  194  194  194  194  195  196  197  198  199  200  202  203  204  205  206  207
  208  208  209  209  209  209  208  208  207  206  205  204  202  200  198  197
  195  194  189  191  188  183  183  176  190                                   
    80.0-180.0 180.0   5.0 450.0                            LAT/LON1/LON2/DLON/H
  188  190  183  182  183  182  184  186  190  192  195  199  202  206  210  214
  217  219  220  220  219  217  214  210  205  200  196  192  188  186  184  183
  183  184  185  186  188  190  193  195  197  200  202  205  207  209  212  213
  215  216  218  218  219  219  219  219  218  217  216  214  212  210  207  205
  203  199  193  193  189  183  187  174  188                                   
    77.5-180.0 180.0   5.0 450.0                            LAT/LON1/LON2/DLON/H
  192  191  186  183  182  180  181  180  183  184  186  190  194  199  204  209
  213  216  217  217  216  212  207  201  195  188  182  177  173  170  170  170
  172  174  178  181  185  189  193  196  200  204  208  212  216  220  223  226
  229  231  233  234  235  236  236  237  236  236  235  233  231  229  226  223
  219  215  206  205  201  192  189  181  192                                   
    75.0-180.0 180.0   5.0 450.0                            LAT/LON1/LON2/DLON/H
  198  199  190  188  185  181  180  177  178  177  178  181  184  189  194  200
  205  209  211  211  209  205  198  190  182  173  166  160  156  154  155  157
  161  166  172  177  183  188  193  199  204  209  215  220  225  230  235  239
  243  245  248  249  250  251  252  252  253  253  252  251  249  247  244  242
  237  233  224  217  211  203  200  194  198                                   
    72.5-180.0 180.0   5.0 450.0                            LAT/LON1/LON2/DLON/H
  205  210  201  197  192  186  183  178  176  173  171  171  173  177  182  188
  194  199  202  202  200  195  188  179  169  159  151  145  142  142  144  149
  156  163  170  178  185  191  198  204  210  217  223  230  237  243  248  253
  257  259  261  262  263  263  263  264  264  264  264  263  262  261  259  257
  253  249  241  235  225  215  212  208  205                                   
    70.0-180.0 180.0   5.0 450.0                            LAT/LON1/LON2/DLON/H
  216  218  211  206  198  190  186  179  174  168  164  162  162  164  168  173
  179  185  188  189  188  182  174  164  154  144  136  131  129  131  136  143
  152  161  170  179  186  194  200  207  214  222  230  238  247  254  260  265
  269  271  271  271  270  269  269  268  268  268  268  268  267  266  265  264
  262  258  252  247  238  230  228  225  216                                   
    67.5-180.0 180.0   5.0 450.0                            LAT/LON1/LON2/DLON/H
  221  225  218  213  204  195  189  180  173  165  159  155  152  152  155  159
  165  170  174  175  174  168  160  150  140  130  123  120  120  124  131  140
  150  161  171  180  188  195  202  210  218  227  236  247  256  265  272  277
  279  280  279  277  274  272  270  268  267  266  266  266  266  265  265  264
  263  262  257  253  246  239  236  237  221                                   
    65.0-180.0 180.0   5.0 450.0                            LAT/LON1/LON2/DLON/H
  225  229  222  216  206  196  189  180  172  163  155  150  145  143  144  147
  151  155  159  160  158  153  145  136  126  118  113  112  115  121  129  140
  151  162  172  181  189  197  204  212  221  231  243  255  266  276  283  288
  290  289  286  282  278  274  270  267  265  264  263  262  261  260  259  259
  259  259  256  254  249  245  244  244  225                                   
    62.5-180.0 180.0   5.0 450.0                            LAT/LON1/LON2/DLON/H
  227  230  224  216  206  195  188  178  170  161  153  146  141  137  136  137
  139  142  144  144  142  137  130  122  114  109  106  107  112  120  129  140
  151  162  172  181  189  196  204  213  223  235  248  262  275  286  294  298
  299  298  294  289  283  278  273  270  267  264  262  260  258  256  254  254
  253  254  252  252  248  246  245  247  227                                   
    60.0-180.0 180.0   5.0 450.0                            LAT/LON1/LON2/DLON/H
  230  232  226  216  205  193  184  174  165  156  148  142  136  132  129  128
  128  129  129  129  126  121  115  109  104  101  101  105  111  120  129  140
  150  161  170  179  188  196  204  214  225  239  253  268  282  294  303  308
  309  308  304  299  293  287  283  278  275  271  268  264  260  256  253  251
  250  250  249  249  248  247  247  248  230                                   
    57.5-180.0 180.0   5.0 450.0                            LAT/LON1/LON2/DLON/H
  239  240  234  221  209  195  183  171  161  151  143  137  131  127  123  120
  119  118  117  116  113  109  104   99   96   96   99  105  112  121  130  139
  149  159  168  178  187  196  206  216  229  243  259  275  290  303  312  318
  321  320  318  314  309  304  299  295  291  287  282  277  271  265  260  256
  253  252  251  251  250  251  251  252  239                                   
    55.0-180.0 180.0   5.0 450.0                            LAT/LON1/LON2/DLON/H
  256  255  250  235  222  204  189  172  159  146  137  131  125  121  117  114
  111  109  108  106  103  100   97   94   94   96  101  108  116  123  131  139
  148  157  168  178  189  199  209  221  234  248  265  281  297  311  322  329
  334  336  335  333  330  327  323  318  314  309  304  297  290  282  275  269
  265  263  261  260  259  260  260  261  256                                   
    52.5-180.0 180.0   5.0 450.0                            LAT/LON1/LON2/DLON/H
  280  279  274  258  244  224  204  182  164  147  134  126  119  114  111  108
  105  104  102  101  100   98   97   96   98  102  108  115  122  129  134  141
  148  158  169  182  193  205  216  227  240  255  272  289  305  320  332  342
  349  354  356  357  355  353  349  345  340  335  329  322  313  304  296  290
  284  282  279  277  275  276  275  276  280                                   
    50.0-180.0 180.0   5.0 450.0                            LAT/LON1/LON2/DLON/H
  308  308  303  288  274  252  229  202  177  154  137  124  116  110  106  103
  102  101  102  102  103  103  103  105  108  113  120  127  133  137  141  146
  153  163  175  188  201  213  225  236  249  264  280  298  315  331  345  357
  366  373  378  381  380  378  374  369  364  358  352  345  337  328  320  314
  309  306  302  299  296  296  294  296  308                                   
    47.5-180.0 180.0   5.0 450.0                            LAT/LON1/LON2/DLON/H
  335  336  332  320  307  286  260  229  199  169  146  128  116  108  104  102
  101  102  104  107  110  113  115  119  123  129  136  142  146  148  150  154
  160  171  184  198  211  224  235  246  259  274  291  309  327  344  359  373
  384  393  400  403  403  400  394  388  382  375  369  363  356  349  342  337
  334  332  328  324  319  318  315  317  335                                   
    45.0-180.0 180.0   5.0 450.0                            LAT/LON1/LON2/DLON/H
  356  357  354  347  336  317  291  259  224  190  161  138  122  112  106  104
  104  106  110  115  121  126  131  135  141  147  153  158  160  161  162  164
  171  181  194  208  222  234  245  256  269  284  302  321  340  359  375  390
  403  413  420  422  421  417  410  402  394  387  381  375  370  364  361  358
  357  357  354  349  342  339  335  336  356                                   
    42.5-180.0 180.0   5.0 450.0                            LAT/LON1/LON2/DLON/H
  365  365  363  359  351  336  314  284  249  212  179  153  134  121  113  110
  110  113  118  125  132  140  146  152  158  165  170  173  174  174  174  176
  182  192  205  218  231  243  254  265  279  296  315  335  356  375  393  408
  421  431  438  440  438  432  424  414  405  398  391  386  381  378  377  377
  379  381  378  373  364  359  352  351  365                                   
    40.0-180.0 180.0   5.0 450.0                            LAT/LON1/LON2/DLON/H
  363  359  355  351  346  336  320  296  265  230  197  170  149  135  125  120
  119  122  127  134  143  152  160  167  174  180  185  187  187  185  185  187
  193  203  214  227  239  250  261  274  290  308  329  351  372  392  410  426
  438  449  456  459  457  451  443  433  424  416  409  403  399  396  396  398
  402  405  403  397  387  378  369  362  363                                   
    37.5-180.0 180.0   5.0 450.0                            LAT/LON1/LON2/DLON/H
  357  345  336  327  322  316  306  291  268  239  210  186  166  151  141  134
  131  132  136  143  152  162  171  180  188  194  198  199  198  196  195  198
  203  211  222  233  244  256  268  283  301  321  343  366  388  408  426  442
  455  466  475  481  482  479  473  466  457  449  441  434  428  424  424  427
  431  435  433  426  415  403  389  375  357                                   
    35.0-180.0 180.0   5.0 450.0                            LAT/LON1/LON2/DLON/H
  358  336  318  298  290  284  278  271  256  236  216  197  182  168  158  150
  145  143  146  151  160  171  181  192  201  207  211  211  208  206  205  206
  211  218  226  236  248  261  275  292  311  333  356  380  402  422  440  456
  471  485  498  509  516  519  518  514  509  501  493  483  475  469  468  469
  473  476  474  464  453  439  418  398  358                                   
    32.5-180.0 180.0   5.0 450.0                            LAT/LON1/LON2/DLON/H
  377  346  315  282  266  255  249  245  237  226  214  204  194  184  174  165
  159  156  156  160  169  180  193  205  215  222  225  223  219  214  212  213
  216  221  228  238  250  264  281  299  321  343  367  390  411  431  450  468
  486  505  525  544  560  571  578  580  578  573  564  553  542  533  528  527
  529  530  527  514  504  490  461  435  377                                   
    30.0-180.0 180.0   5.0 450.0                            LAT/LON1/LON2/DLON/H
  423  384  337  292  267  248  236  230  224  217  211  209  205  198  189  180
  173  168  167  171  179  192  207  221  233  240  241  236  229  222  218  217
  218  220  226  236  249  265  284  305  327  350  373  396  417  437  457  478
  501  527  556  585  611  632  647  657  661  658  650  638  624  611  603  598
  597  597  592  577  568  553  516  487  423                                   
    27.5-180.0 180.0   5.0 450.0                            LAT/LON1/LON2/DLON/H
  496  454  391  336  300  274  252  240  228  220  217  217  216  212  204  195
  187  182  180  184  193  207  224  241  254  260  257  249  238  228  222  218
  215  215  220  230  245  264  285  307  329  352  375  397  418  439  461  487
  516  550  588  626  662  693  717  734  743  745  740  727  711  696  684  675
  672  669  664  648  639  623  582  551  496                                   
    25.0-180.0 180.0   5.0 450.0                            LAT/LON1/LON2/DLON/H
  587  549  474  413  366  334  301  278  257  243  236  235  234  229  220  209
  201  197  196  200  211  226  245  263  275  279  273  260  245  231  221  213
  207  205  209  220  238  260  283  305  328  350  373  395  417  440  466  496
  531  573  618  663  706  743  773  796  811  817  815  805  790  774  760  748
  741  738  733  717  708  692  651  619  587                                   
    22.5-180.0 180.0   5.0 450.0                            LAT/LON1/LON2/DLON/H
  681  652  574  515  458  421  377  342  309  285  271  265  259  250  238  227
  218  214  214  219  230  247  267  284  294  294  283  265  246  228  214  202
  193  190  195  209  229  253  277  299  322  345  368  392  416  441  471  505
  546  592  641  690  735  774  805  831  849  859  861  855  844  830  816  804
  795  792  788  773  764  746  714  682  681                                   
    20.0-180.0 180.0   5.0 450.0                            LAT/LON1/LON2/DLON/H
  756  743  671  621  558  519  468  421  377  342  319  305  293  278  262  248
  239  235  235  240  251  268  286  300  306  300  284  262  239  218  201  187
  177  174  181  197  219  244  268  291  314  339  364  390  416  445  478  516
  560  607  656  702  744  780  810  834  854  867  873  872  866  857  846  835
  827  823  820  808  797  777  758  728  756                                   
    17.5-180.0 180.0   5.0 450.0                            LAT/LON1/LON2/DLON/H
  797  795  737  702  641  604  552  500  447  403  371  350  331  310  290  273
  263  258  258  261  271  284  299  308  308  297  276  250  225  203  185  171
  162  160  167  184  207  232  257  281  306  333  361  390  419  451  486  527
  571  616  660  700  734  763  788  809  829  844  854  859  859  856  850  841
  834  830  828  816  804  782  775  748  797                                   
    15.0-180.0 180.0   5.0 450.0                            LAT/LON1/LON2/DLON/H
  798  798  756  734  683  652  604  553  500  454  418  392  368  344  320  301
  289  283  280  281  286  295  304  306  300  282  257  230  205  185  169  157
  148  146  154  172  195  221  245  270  298  328  359  391  423  457  495  536
  578  619  656  685  709  730  748  767  785  803  817  827  833  835  834  829
  824  819  817  803  788  764  764  741  798                                   
    12.5-180.0 180.0   5.0 450.0                            LAT/LON1/LON2/DLON/H
  766  758  726  712  673  649  608  564  518  478  446  422  398  373  348  329
  316  307  301  297  297  299  300  295  281  258  232  206  185  169  156  145
  137  135  143  161  185  210  235  261  291  323  358  392  426  462  500  541
  581  617  645  665  679  692  706  722  740  760  778  792  803  808  810  807
  803  799  795  779  760  735  736  716  766                                   
    10.0-180.0 180.0   5.0 450.0                            LAT/LON1/LON2/DLON/H
  717  697  669  654  623  603  569  534  500  471  449  432  414  393  371  352
  339  328  318  309  302  296  289  276  255  230  204  183  167  155  145  135
  128  126  135  152  175  200  225  253  284  319  355  390  425  461  500  541
  579  610  632  645  654  663  675  691  710  731  752  769  781  788  789  787
  783  778  773  755  734  706  703  685  717                                   
     7.5-180.0 180.0   5.0 450.0                            LAT/LON1/LON2/DLON/H
  669  641  611  587  559  538  507  481  458  441  430  424  415  401  384  368
  355  343  330  314  300  287  272  252  227  201  179  163  152  144  135  126
