data/edconvlstm_nd/pred1670.15i
     1.0            IONOSPHERE MAPS     GNSS                IONEX VERSION / TYPE
pyspatialgeodesy        IME             05-JAN-18 20:20     PGM / RUN BY / DATE 
Map Name                                                    COMMENT             
Predicted global ionosphere maps (GIM).                     DESCRIPTION         
  2015     6    16     0     0     0                        EPOCH OF FIRST MAP  
  2015     6    17     0     0     0                        EPOCH OF LAST MAP   
  7200                                                      INTERVAL            
    13                                                      # OF MAPS IN FILE   
  NONE                                                      MAPPING FUNCTION    
10.0                                                        ELEVATION CUTOFF    
One-way carrier phase leveled to code                       OBSERVABLES USED    
  6371.0                                                    BASE RADIUS         
 2                                                          MAP DIMENSION       
   450.0 450.0   0.0                                        HGT1 / HGT2 / DHGT  
    87.5 -87.5  -2.5                                        LAT1 / LAT2 / DLAT  
  -180.0 180.0   5.0                                        LON1 / LON2 / DLON  
    -1                                                      EXPONENT            
                                                            END OF HEADER       
[from data line 858]
     3                                                      START OF TEC MAP    
  2015     6    16     4     0     0                        EPOCH OF CURRENT MAP
    87.5-180.0 180.0   5.0 450.0                            LAT/LON1/LON2/DLON/H
  184  183  184  188  190  187  186  184  185  185  185  185  185  184  183  182
  181  180  179  178  177  176  174  173  172  170  169  168  167  166  165  164
  163  163  162  162  161  161  160  160  159  159  159  159  159  159  159  159
  159  159  159  159  159  159  160  160  160  160  161  161  162  163  163  165
  166  169  170  172  177  176  176  175  184                                   
    85.0-180.0 180.0   5.0 450.0                            LAT/LON1/LON2/DLON/H
  187  192  190  195  199  197  198  198  198  198  197  196  195  194  193  192
  190  189  187  186  184  182  181  179  178  176  175  174  172  171  171  170
  169  169  168  168  168  167  167  167  167  167  167  167  167  167  167  167
  167  168  168  168  168  168  168  168  168  169  169  169  170  171  171  173
  175  179  178  182  179  179  180  177  187                                   
    82.5-180.0 180.0   5.0 450.0                            LAT/LON1/LON2/DLON/H
  193  199  201  199  201  202  202  202  202  201  200  199  197  196  194  192
  190  187  185  183  181  179  177  174  172  170  169  167  166  164  164  163
  163  162  162  163  163  163  163  164  164  164  165  165  166  166  167  168
  168  169  169  169  169  169  169  169  169  169  169  169  170  170  171  173
  175  177  176  182  185  180  182  174  193                                   
    80.0-180.0 180.0   5.0 450.0                            LAT/LON1/LON2/DLON/H
  195  205  202  202  206  207  209  208  208  206  204  202  200  197  194  192
  189  186  184  181  179  176  173  170  167  165  162  160  159  158  157  157
  157  158  158  159  160  161  162  163  164  165  166  167  168  170  171  172
  173  174  175  175  175  175  175  174  174  173  173  173  173  173  174  176
  177  179  179  183  188  186  193  178  195                                   
    77.5-180.0 180.0   5.0 450.0                            LAT/LON1/LON2/DLON/H
  197  205  205  207  208  210  212  211  210  207  203  200  197  193  190  187
  184  181  178  176  173  170  167  163  160  157  154  151  150  149  149  149
  151  152  154  156  158  160  162  164  165  167  169  171  173  176  178  180
  182  184  185  185  185  185  184  183  181  180  179  178  178  177  177  179
  180  182  180  184  189  186  189  183  197                                   
    75.0-180.0 180.0   5.0 450.0                            LAT/LON1/LON2/DLON/H
  194  204  202  206  208  209  211  209  207  203  199  194  190  185  181  177
  174  172  170  167  165  162  158  154  150  146  143  140  138  138  138  140
  143  146  149  152  155  158  161  163  165  167  170  173  176  179  183  186
  189  191  192  193  193  192  190  188  186  185  183  182  181  180  180  181
  181  183  182  180  183  183  185  184  194                                   
    72.5-180.0 180.0   5.0 450.0                            LAT/LON1/LON2/DLON/H
  189  202  202  205  208  209  211  209  207  202  196  191  185  180  175  170
  167  165  163  162  160  157  154  149  144  140  135  133  131  132  134  137
  141  146  151  155  159  162  164  167  169  172  175  178  182  186  191  195
  198  200  202  202  201  200  198  196  194  192  190  188  187  186  186  187
  187  187  186  185  184  181  182  182  189                                   
    70.0-180.0 180.0   5.0 450.0                            LAT/LON1/LON2/DLON/H
  187  197  197  201  204  204  206  205  203  197  191  185  178  171  165  161
  157  156  154  154  152  150  146  142  136  131  126  123  122  124  127  132
  138  144  149  154  159  162  164  167  169  172  176  180  185  190  195  199
  203  205  206  206  204  202  200  198  195  193  192  191  190  189  189  189
  188  188  187  185  184  181  183  182  187                                   
    67.5-180.0 180.0   5.0 450.0                            LAT/LON1/LON2/DLON/H
  182  192  191  194  198  198  200  199  197  192  186  180  173  165  158  153
  150  148  147  147  146  144  141  136  130  124  119  117  116  118  123  129
  135  142  148  154  158  161  163  166  168  171  176  180  186  191  196  201
  204  206  206  205  203  201  199  196  194  193  192  192  191  190  190  190
  189  188  186  184  182  178  180  180  182                                   
    65.0-180.0 180.0   5.0 450.0                            LAT/LON1/LON2/DLON/H
  180  188  185  188  191  191  194  193  192  188  183  178  170  163  155  149
  145  143  143  143  143  141  138  133  127  122  117  115  115  118  123  129
  136  143  149  154  158  161  163  166  169  173  178  184  190  196  201  205
  207  208  208  206  204  201  199  197  195  195  194  194  194  194  193  193
  191  190  187  184  182  178  181  181  180                                   
    62.5-180.0 180.0   5.0 450.0                            LAT/LON1/LON2/DLON/H
  180  187  183  184  186  185  188  188  188  185  182  177  171  163  156  150
  145  143  142  143  142  141  138  133  128  123  120  118  119  122  127  133
  139  145  150  154  157  160  163  167  172  177  184  191  198  204  209  212
  213  213  212  210  207  204  202  200  200  199  200  200  200  199  198  197
  194  192  189  186  184  180  183  184  180                                   
    60.0-180.0 180.0   5.0 450.0                            LAT/LON1/LON2/DLON/H
  184  189  185  183  184  181  183  183  183  182  180  177  172  165  158  152
  147  144  143  143  143  141  139  135  130  127  125  124  126  128  132  137
  141  145  149  152  155  159  163  169  176  184  193  201  209  215  220  222
  223  222  220  218  215  212  210  209  208  208  208  208  207  205  203  201
  198  196  192  190  188  184  187  188  184                                   
    57.5-180.0 180.0   5.0 450.0                            LAT/LON1/LON2/DLON/H
  192  196  190  187  185  181  181  180  180  179  178  176  173  167  161  155
  150  147  146  146  145  143  140  137  134  132  132  133  135  137  139  141
  143  145  147  149  153  157  164  172  182  193  204  215  223  230  234  236
  237  236  234  232  229  227  224  223  222  221  220  219  216  213  209  206
  203  200  197  195  193  189  193  195  192                                   
    55.0-180.0 180.0   5.0 450.0                            LAT/LON1/LON2/DLON/H
  202  205  200  195  191  186  184  180  179  177  176  174  172  167  162  157
  153  151  150  149  147  145  142  139  138  138  140  142  145  146  146  145
  144  143  144  146  149  156  165  176  189  203  217  229  239  246  251  254
  255  255  253  252  249  247  244  242  240  238  235  231  226  221  215  212
  207  205  202  201  200  196  201  203  202                                   
    52.5-180.0 180.0   5.0 450.0                            LAT/LON1/LON2/DLON/H
  215  217  213  207  202  195  191  185  182  177  174  173  170  166  163  159
  156  154  154  153  151  148  145  143  142  144  148  152  154  154  152  148
  144  141  140  142  147  155  167  181  197  214  230  244  255  263  268  272
  275  276  277  276  274  271  268  264  260  256  251  244  237  229  222  217
  213  211  209  208  207  204  209  212  215                                   
    50.0-180.0 180.0   5.0 450.0                            LAT/LON1/LON2/DLON/H
  226  229  226  221  215  208  203  195  189  181  176  172  169  165  162  160
  158  158  159  159  157  153  150  148  148  151  156  161  163  161  157  150
  144  140  138  141  147  157  171  187  205  223  241  256  268  278  285  291
  296  300  302  302  301  297  292  287  281  274  266  257  247  237  228  223
  220  218  216  216  215  212  217  223  226                                   
    47.5-180.0 180.0   5.0 450.0                            LAT/LON1/LON2/DLON/H
  237  240  237  234  230  222  218  208  200  190  181  175  169  164  161  160
  160  162  165  166  164  161  157  155  155  159  165  169  170  167  161  153
  145  140  139  143  150  161  176  193  212  231  249  266  279  291  301  309
  317  323  327  328  327  322  316  308  300  291  281  269  257  245  236  231
  228  228  226  226  224  221  226  233  237                                   
    45.0-180.0 180.0   5.0 450.0                            LAT/LON1/LON2/DLON/H
  245  249  246  245  243  237  233  224  214  201  190  180  172  166  162  160
  162  166  171  173  173  170  167  164  165  169  173  177  177  172  165  156
  149  145  145  149  156  168  182  199  218  238  256  273  288  302  314  325
  335  344  349  351  349  344  336  326  316  306  294  281  268  255  247  242
  240  240  239  238  234  231  236  244  245                                   
    42.5-180.0 180.0   5.0 450.0                            LAT/LON1/LON2/DLON/H
  252  255  252  253  253  249  247  239  230  215  201  189  178  169  164  162
  165  170  177  181  183  181  178  176  177  180  184  185  183  178  170  162
  157  154  155  159  166  177  190  206  224  243  262  279  295  311  326  339
  351  361  368  370  368  362  352  342  331  321  309  295  281  269  261  257
  255  256  254  253  248  243  247  255  252                                   
    40.0-180.0 180.0   5.0 450.0                            LAT/LON1/LON2/DLON/H
  260  261  257  259  260  258  258  252  244  229  214  200  187  176  168  165
  167  174  182  189  193  193  192  191  191  193  195  195  191  185  177  171
  167  167  169  173  179  187  199  214  231  249  267  284  302  319  335  350
  363  374  382  385  383  377  368  357  347  337  326  313  299  287  279  276
  275  275  273  270  264  259  262  268  260                                   
    37.5-180.0 180.0   5.0 450.0                            LAT/LON1/LON2/DLON/H
  272  271  264  264  265  264  266  262  256  242  227  212  198  185  175  170
  171  177  187  196  202  205  206  206  208  209  209  206  200  193  186  181
  180  181  184  187  192  198  208  221  237  255  272  290  308  325  342  358
  371  382  390  395  394  390  382  373  364  356  346  334  321  310  302  299
  298  298  295  291  284  278  279  283  272                                   
    35.0-180.0 180.0   5.0 450.0                            LAT/LON1/LON2/DLON/H
  290  285  277  273  273  271  273  270  266  254  240  226  211  196  184  176
  175  181  191  201  210  217  221  224  226  226  224  219  211  202  195  192
  193  195  198  201  203  207  215  228  243  260  278  295  312  329  346  361
  374  385  394  400  403  401  397  390  384  378  370  359  347  336  328  324
  323  322  319  315  307  301  301  303  290                                   
    32.5-180.0 180.0   5.0 450.0                            LAT/LON1/LON2/DLON/H
  317  309  299  291  288  282  283  280  276  266  254  240  225  210  195  185
  181  184  194  206  218  229  237  243  246  245  241  232  221  211  204  201
  203  206  209  210  210  213  220  232  248  265  282  299  315  330  345  359
  371  382  393  402  409  412  411  409  405  401  395  387  375  364  356  351
  349  348  344  340  332  326  325  326  317                                   
    30.0-180.0 180.0   5.0 450.0                            LAT/LON1/LON2/DLON/H
  351  341  331  320  312  304  300  295  291  281  270  257  242  226  210  196
  189  190  198  211  226  241  254  262  266  264  257  245  231  218  209  206
  207  210  211  211  210  212  218  231  248  266  283  299  313  327  340  353
  365  377  390  402  413  421  425  426  426  424  420  413  402  391  382  377
  374  372  369  365  358  353  352  353  351                                   
    27.5-180.0 180.0   5.0 450.0                            LAT/LON1/LON2/DLON/H
  391  381  373  360  349  337  329  320  313  302  290  278  263  246  228  211
  201  198  205  219  237  255  271  282  286  282  272  256  239  223  211  205
  204  205  205  204  202  203  211  225  243  262  279  293  306  318  330  342
  356  370  386  403  418  430  437  441  443  444  441  435  425  415  407  401
  398  396  393  390  384  381  381  383  391                                   
    25.0-180.0 180.0   5.0 450.0                            LAT/LON1/LON2/DLON/H
  434  426  421  409  394  381  369  355  344  331  318  304  288  270  250  231
  217  212  216  230  249  271  289  301  303  296  281  262  241  221  206  197
  193  192  190  188  187  189  198  212  231  250  267  281  293  305  317  331
  346  364  384  404  423  438  448  454  457  459  457  452  444  435  428  423
  420  419  417  415  410  408  409  413  434                                   
    22.5-180.0 180.0   5.0 450.0                            LAT/LON1/LON2/DLON/H
  472  468  467  459  443  430  415  398  383  366  351  335  318  298  277  256
  239  231  233  245  265  288  306  315  314  302  284  261  237  214  196  183
  175  172  170  169  168  171  180  194  212  232  249  264  277  289  303  320
  339  361  385  408  428  445  456  462  467  469  469  466  460  453  447  444
  442  442  441  441  435  435  438  444  472                                   
    20.0-180.0 180.0   5.0 450.0                            LAT/LON1/LON2/DLON/H
  502  502  504  503  488  476  459  440  422  403  385  368  349  328  306  284
  265  254  254  265  283  304  319  324  317  300  278  252  226  201  180  165
  155  150  148  148  149  152  159  172  189  209  228  244  259  274  291  312
  336  362  388  413  434  451  462  469  474  477  479  477  474  470  467  465
  465  466  466  466  461  462  465  472  502                                   
    17.5-180.0 180.0   5.0 450.0                            LAT/LON1/LON2/DLON/H
  522  523  526  531  519  510  494  475  455  435  415  397  378  357  335  312
  293  281  279  286  301  317  327  325  312  289  262  235  209  184  163  146
  135  130  129  129  131  133  139  150  165  185  206  225  243  262  283  309
  337  366  394  419  440  456  467  475  481  485  488  489  489  487  487  488
  490  492  493  493  487  488  491  498  522                                   
    15.0-180.0 180.0   5.0 450.0                            LAT/LON1/LON2/DLON/H
  532  532  533  541  533  527  512  495  475  453  433  415  397  378  358  337
  320  307  303  307  317  326  328  319  297  268  238  211  187  165  145  129
  119  114  113  114  116  118  121  130  144  164  187  209  231  253  279  309
  340  372  400  425  445  460  472  480  488  495  500  504  506  508  510  514
  517  520  522  520  512  513  516  521  532                                   
    12.5-180.0 180.0   5.0 450.0                            LAT/LON1/LON2/DLON/H
  537  535  530  535  530  526  513  497  476  454  434  418  402  386  370  354
  340  329  324  324  327  329  322  304  274  240  209  183  162  145  129  115
  106  101  101  102  104  105  107  114  127  147  172  197  222  249  278  310
  343  376  405  429  449  464  477  487  497  506  515  522  527  531  535  540
  545  549  550  547  538  537  539  542  537                                   
    10.0-180.0 180.0   5.0 450.0                            LAT/LON1/LON2/DLON/H
  542  537  524  520  516  512  499  483  461  438  418  403  391  380  369  359
  350  342  337  334  331  324  308  281  245  207  176  153  138  126  115  104
   97   93   93   95   96   96   97  102  114  135  161  189  217  246  276  309
  343  376  406  431  451  468  482  495  507  520  531  541  548  554  559  565
  571  575  576  572  562  561  561  561  542                                   
     7.5-180.0 180.0   5.0 450.0                            LAT/LON1/LON2/DLON/H
  553  543  522  507  501  494  478  459  435  410  389  375  366  360  355  352
  348  345  340  334  325  311  287  252  211  172  143  125  116  110  103   96
