data/edconvlstm_nd/pred2000.15i
     1.0            IONOSPHERE MAPS     GNSS                IONEX VERSION / TYPE
pyspatialgeodesy        IME             05-JAN-18 20:20     PGM / RUN BY / DATE 
Map Name                                                    COMMENT             
Predicted global ionosphere maps (GIM).                     DESCRIPTION         
  2015     7    19     0     0     0                        EPOCH OF FIRST MAP  
  2015     7    20     0     0     0                        EPOCH OF LAST MAP   
  7200                                                      INTERVAL            
    13                                                      # OF MAPS IN FILE   
  NONE                                                      MAPPING FUNCTION    
10.0                                                        ELEVATION CUTOFF    
One-way carrier phase leveled to code                       OBSERVABLES USED    
  6371.0                                                    BASE RADIUS         
 2                                                          MAP DIMENSION       
   450.0 450.0   0.0                                        HGT1 / HGT2 / DHGT  
    87.5 -87.5  -2.5                                        LAT1 / LAT2 / DLAT  
  -180.0 180.0   5.0                                        LON1 / LON2 / DLON  
    -1                                                      EXPONENT            
                                                            END OF HEADER       
[from data line 3861]
    10                                                      START OF TEC MAP    
  2015     7    19    18     0     0                        EPOCH OF CURRENT MAP
    87.5-180.0 180.0   5.0 450.0                            LAT/LON1/LON2/DLON/H
  159  156  147  154  156  156  155  154  154  155  154  154  153  153  153  152
  151  150  150  149  148  147  146  144  143  142  141  140  139  138  137  136
  135  135  134  134  134  134  134  134  134  134  135  135  136  136  137  137
  138  139  139  140  141  141  142  143  143  144  144  145  145  146  146  147
  147  147  147  147  157  155  161  158  159                                   
    85.0-180.0 180.0   5.0 450.0                            LAT/LON1/LON2/DLON/H
  157  159  167  161  159  163  163  165  165  166  165  165  165  164  164  163
  162  161  160  158  157  156  154  153  151  150  148  146  145  144  142  141
  140  139  139  138  138  138  138  138  139  139  140  140  141  141  142  143
  143  144  145  146  147  148  149  149  150  151  152  152  153  154  154  155
  156  156  155  153  157  152  154  155  157                                   
    82.5-180.0 180.0   5.0 450.0                            LAT/LON1/LON2/DLON/H
  141  151  154  152  153  158  161  163  162  163  163  163  163  162  161  160
  159  158  156  154  153  151  149  147  145  143  141  139  137  135  134  132
  131  130  129  129  129  129  129  130  130  131  131  132  133  134  134  135
  136  137  138  140  141  142  143  143  144  145  145  146  146  147  147  147
  148  148  146  149  149  156  149  143  141                                   
    80.0-180.0 180.0   5.0 450.0                            LAT/LON1/LON2/DLON/H
  132  141  148  148  148  150  155  159  160  162  162  163  162  162  160  159
  158  156  155  153  151  149  148  146  144  141  139  136  134  131  129  127
  125  124  123  123  123  124  124  125  126  127  127  128  129  129  130  131
  132  133  134  135  136  137  138  139  139  139  139  140  140  140  141  141
  142  141  141  142  139  138  137  136  132                                   
    77.5-180.0 180.0   5.0 450.0                            LAT/LON1/LON2/DLON/H
  133  134  141  141  144  148  152  156  157  159  159  160  160  159  158  156
  155  154  152  151  150  149  148  147  145  143  141  138  135  132  129  127
  125  124  124  124  124  125  127  128  128  129  130  130  130  130  131  131
  132  133  134  135  136  136  136  136  135  135  134  134  134  134  134  134
  134  134  134  135  136  130  132  135  133                                   
    75.0-180.0 180.0   5.0 450.0                            LAT/LON1/LON2/DLON/H
  129  131  134  135  138  143  146  150  153  156  156  157  156  155  153  152
  150  149  149  149  149  149  150  150  149  148  146  143  140  137  133  131
  129  128  127  128  129  131  133  134  135  135  135  134  134  133  133  133
  133  134  135  135  135  135  134  133  131  130  129  128  127  127  128  129
  129  130  131  129  130  124  127  120  129                                   
    72.5-180.0 180.0   5.0 450.0                            LAT/LON1/LON2/DLON/H
  127  129  131  137  137  142  146  149  151  153  153  153  152  150  148  146
  145  144  145  146  148  150  152  153  154  153  151  149  145  141  138  135
  132  131  132  133  135  137  139  140  141  141  139  138  136  135  134  133
  134  134  135  135  135  134  132  129  127  124  123  122  121  122  123  124
  125  126  128  126  126  122  125  124  127                                   
    70.0-180.0 180.0   5.0 450.0                            LAT/LON1/LON2/DLON/H
  130  131  133  137  137  141  144  147  148  150  150  149  147  145  142  140
  138  138  140  142  145  149  153  156  157  157  156  153  149  145  141  138
  135  134  135  137  139  142  144  146  146  145  143  140  137  134  133  132
  132  133  134  134  133  130  127  124  120  117  115  114  115  116  119  122
  124  125  128  128  128  126  130  127  130                                   
    67.5-180.0 180.0   5.0 450.0                            LAT/LON1/LON2/DLON/H
  137  139  142  146  146  149  151  153  154  155  153  152  149  146  143  140
  139  139  141  145  149  154  159  162  164  164  163  160  156  151  147  144
  141  140  141  143  146  149  152  153  153  151  148  144  140  137  135  135
  135  136  137  137  135  132  128  124  119  116  114  113  114  116  120  124
  127  130  133  132  132  131  135  132  137                                   
    65.0-180.0 180.0   5.0 450.0                            LAT/LON1/LON2/DLON/H
  142  145  148  152  151  154  155  156  156  156  154  152  149  146  142  139
  138  138  141  145  150  156  160  164  166  166  164  161  158  154  150  147
  145  144  144  146  149  153  155  157  156  154  150  145  140  136  134  133
  134  135  136  136  134  130  125  120  115  111  109  109  110  114  118  123
  127  131  135  136  137  137  143  140  142                                   
    62.5-180.0 180.0   5.0 450.0                            LAT/LON1/LON2/DLON/H
  145  150  155  158  158  161  161  161  160  160  157  155  152  149  145  142
  141  141  144  148  153  159  163  166  167  167  165  163  160  157  155  152
  150  149  149  150  153  156  158  160  159  156  151  146  140  136  134  134
  134  136  136  136  133  129  123  117  112  108  107  107  109  113  117  122
  126  130  135  136  138  139  145  142  145                                   
    60.0-180.0 180.0   5.0 450.0                            LAT/LON1/LON2/DLON/H
  146  152  158  162  162  164  165  164  162  162  159  158  155  152  149  146
  145  145  148  151  156  161  164  166  166  165  164  163  162  161  160  158
  157  155  155  156  157  160  162  163  161  158  153  147  142  137  135  134
  135  136  136  135  131  126  121  115  110  106  105  105  107  110  114  119
  122  126  130  131  134  137  145  143  146                                   
    57.5-180.0 180.0   5.0 450.0                            LAT/LON1/LON2/DLON/H
  143  151  158  163  165  168  168  167  165  164  162  160  159  157  154  152
  151  151  152  155  159  162  164  165  164  164  163  164  165  166  167  167
  166  164  163  163  163  165  166  167  166  162  157  151  145  141  138  137
  137  137  136  134  130  125  119  113  109  106  105  105  106  108  111  113
  115  118  122  123  128  132  141  139  143                                   
    55.0-180.0 180.0   5.0 450.0                            LAT/LON1/LON2/DLON/H
  138  148  156  163  166  170  171  170  168  166  164  164  163  162  160  158
  156  156  157  159  161  163  164  164  163  163  164  166  170  173  176  177
  176  174  172  170  170  171  172  173  171  167  162  157  151  147  144  142
  141  139  137  133  128  123  117  113  110  108  107  106  106  106  107  107
  107  109  112  114  119  125  135  134  138                                   
    52.5-180.0 180.0   5.0 450.0                            LAT/LON1/LON2/DLON/H
  133  145  154  162  167  173  175  175  172  171  169  169  169  168  166  164
  162  160  160  161  162  163  163  163  163  163  166  170  175  180  184  186
  185  182  180  178  177  178  179  179  178  174  169  164  158  154  151  148
  145  142  138  133  127  121  117  113  112  110  110  109  107  105  103  101
  100  100  103  105  111  118  128  128  133                                   
    50.0-180.0 180.0   5.0 450.0                            LAT/LON1/LON2/DLON/H
  130  144  153  163  170  178  181  182  180  179  177  177  177  176  174  171
  168  165  163  163  163  164  164  164  165  166  170  175  181  187  191  192
  191  189  186  184  184  185  187  187  185  182  177  172  167  163  159  155
  151  146  140  133  126  121  117  115  115  115  114  112  109  105  101   98
   95   95   97   99  106  114  124  125  130                                   
    47.5-180.0 180.0   5.0 450.0                            LAT/LON1/LON2/DLON/H
  129  144  154  165  174  185  189  192  191  190  189  188  188  187  184  180
  175  170  167  165  165  166  167  168  169  172  176  181  187  192  195  196
  195  193  190  189  190  193  195  195  194  190  185  180  176  171  167  162
  157  150  142  134  127  122  119  118  119  120  119  117  112  107  103   99
   95   94   96   98  105  113  123  124  129                                   
    45.0-180.0 180.0   5.0 450.0                            LAT/LON1/LON2/DLON/H
  131  147  157  169  180  193  199  204  204  205  203  203  203  200  196  190
  183  176  171  169  169  170  172  174  177  180  184  188  192  196  198  199
  198  196  195  195  198  202  205  206  203  199  194  189  184  180  175  169
  163  155  146  137  129  124  121  122  123  125  124  122  117  112  107  103
   99   98  100  101  108  115  125  125  131                                   
    42.5-180.0 180.0   5.0 450.0                            LAT/LON1/LON2/DLON/H
  134  150  160  174  186  200  208  215  217  219  219  220  219  216  210  202
  193  184  178  175  175  177  180  184  187  190  193  196  199  201  203  204
  204  204  204  206  210  215  218  218  215  210  204  198  193  188  183  176
  169  160  150  141  133  127  125  125  127  129  129  127  123  118  114  110
  107  105  106  107  112  119  127  128  134                                   
    40.0-180.0 180.0   5.0 450.0                            LAT/LON1/LON2/DLON/H
  136  153  163  176  190  204  215  223  228  231  233  235  235  231  225  215
  204  194  187  184  184  187  191  195  199  202  204  206  208  210  214  217
  219  220  222  224  229  233  236  235  230  223  215  209  203  197  190  183
  175  165  155  146  137  131  128  128  130  132  133  131  129  125  122  120
  116  114  113  113  117  122  129  130  136                                   
    37.5-180.0 180.0   5.0 450.0                            LAT/LON1/LON2/DLON/H
  136  153  163  176  190  204  216  226  233  239  243  247  248  245  239  229
  217  207  200  196  197  199  203  208  212  215  218  220  223  227  233  240
  246  250  252  254  257  259  259  255  248  238  229  220  213  205  197  189
  180  170  160  151  142  135  132  131  132  133  135  135  134  132  131  129
  125  122  120  117  119  122  129  130  136                                   
    35.0-180.0 180.0   5.0 450.0                            LAT/LON1/LON2/DLON/H
  134  151  162  173  186  200  212  223  232  241  248  254  257  256  251  242
  231  221  215  212  212  214  218  221  225  230  233  238  244  253  264  277
  287  292  294  294  293  292  288  280  268  256  243  233  223  213  203  194
  184  174  164  155  146  139  134  132  132  133  135  136  137  137  137  136
  132  128  124  119  118  120  126  127  134                                   
    32.5-180.0 180.0   5.0 450.0                            LAT/LON1/LON2/DLON/H
  131  147  158  167  180  193  204  215  226  237  247  256  262  264  261  254
  245  237  231  229  229  231  233  236  240  246  253  261  273  288  306  324
  338  345  346  342  336  328  319  306  290  274  259  245  233  221  209  197
  186  176  166  157  148  141  135  132  130  131  133  136  138  140  141  140
  136  131  125  119  117  117  122  124  131                                   
    30.0-180.0 180.0   5.0 450.0                            LAT/LON1/LON2/DLON/H
  128  144  155  162  174  185  195  205  217  230  243  255  264  269  269  264
  258  252  249  247  248  248  249  252  257  265  276  289  307  329  354  377
  395  402  400  390  377  363  347  328  309  289  272  256  242  227  212  199
  187  176  166  157  148  141  134  130  127  128  130  133  137  139  141  140
  136  132  125  118  115  114  119  121  128                                   
    27.5-180.0 180.0   5.0 450.0                            LAT/LON1/LON2/DLON/H
  128  143  154  159  169  179  187  196  209  223  237  251  263  271  275  274
  271  268  266  266  266  266  266  269  275  286  302  321  345  372  402  429
  448  454  447  430  410  388  366  344  321  300  281  264  247  230  213  198
  185  173  163  154  145  138  132  126  123  123  125  129  133  135  137  137
  133  130  124  118  115  114  118  121  128                                   
    25.0-180.0 180.0   5.0 450.0                            LAT/LON1/LON2/DLON/H
  131  145  154  160  168  176  183  192  204  218  233  248  263  274  281  284
  284  284  284  284  284  284  284  288  296  311  330  354  381  412  443  470
  487  490  477  454  427  400  374  348  324  303  284  266  248  230  211  195
  180  168  157  148  140  133  127  122  118  117  119  123  126  129  130  130
  128  127  123  118  117  116  120  123  131                                   
    22.5-180.0 180.0   5.0 450.0                            LAT/LON1/LON2/DLON/H
  137  151  158  164  172  179  185  192  204  217  232  248  264  278  288  294
  297  299  301  302  302  302  303  308  319  336  359  384  412  441  470  494
  506  502  484  456  425  395  368  342  319  298  281  264  246  226  207  189
  174  161  149  140  133  127  122  117  113  111  113  116  118  120  121  121
  121  123  122  120  121  121  125  128  137                                   
    20.0-180.0 180.0   5.0 450.0                            LAT/LON1/LON2/DLON/H
  144  158  163  171  178  186  192  199  209  222  236  252  268  283  296  305
  311  314  317  318  319  320  323  330  343  362  385  409  433  457  479  495
  500  490  468  437  406  378  352  328  307  289  273  258  240  221  201  182
  166  153  141  132  126  121  117  112  108  105  106  108  110  111  111  111
  113  117  119  121  124  125  129  134  144                                   
    17.5-180.0 180.0   5.0 450.0                            LAT/LON1/LON2/DLON/H
  149  164  168  179  186  195  201  208  219  230  243  258  274  290  304  315
  323  329  332  334  335  337  342  351  366  385  406  425  443  458  470  477
  474  459  434  405  377  353  331  311  293  278  264  250  233  214  194  176
  159  145  134  125  119  116  112  108  103  100  100  101  102  102  101  102
  104  111  115  119  125  127  131  137  149                                   
    15.0-180.0 180.0   5.0 450.0                            LAT/LON1/LON2/DLON/H
  150  166  170  183  192  202  210  219  229  240  252  265  280  296  312  325
  335  341  345  347  349  353  359  371  386  404  421  434  442  447  449  446
  436  418  394  369  346  328  311  296  281  268  256  243  227  207  188  169
  154  140  128  120  115  112  109  104  100   96   95   95   95   94   93   94
   96  103  109  114  121  124  128  135  150                                   
    12.5-180.0 180.0   5.0 450.0                            LAT/LON1/LON2/DLON/H
  145  162  168  183  193  206  216  227  238  248  258  271  285  300  316  331
  342  350  355  358  360  365  374  387  402  417  428  434  434  430  423  413
  398  379  357  337  321  309  298  286  274  262  251  238  221  202  182  164
  148  135  124  116  111  108  105  101   97   93   91   91   91   89   88   88
   89   95  100  105  112  116  120  128  145                                   
    10.0-180.0 180.0   5.0 450.0                            LAT/LON1/LON2/DLON/H
  136  154  162  178  190  204  217  230  242  253  262  273  286  301  317  332
  345  355  360  364  367  374  384  398  412  424  431  431  424  414  401  386
  369  351  332  317  307  300  293  284  273  261  248  234  217  196  176  158
  143  130  120  112  108  105  102   98   94   91   89   89   88   86   84   83
   83   87   90   93  100  103  107  117  136                                   
     7.5-180.0 180.0   5.0 450.0                            LAT/LON1/LON2/DLON/H
  124  142  153  170  184  200  215  229  243  254  263  272  284  298  313  329
  343  354  361  365  370  378  390  404  417  426  430  426  416  402  388  372
