data/edconvlstm_nd/pred0560.15i
     1.0            IONOSPHERE MAPS     GNSS                IONEX VERSION / TYPE
pyspatialgeodesy        IME             05-JAN-18 20:20     PGM / RUN BY / DATE 
Map Name                                                    COMMENT             
Predicted global ionosphere maps (GIM).                     DESCRIPTION         
  2015     2    25     0     0     0                        EPOCH OF FIRST MAP  
  2015     2    26     0     0     0                        EPOCH OF LAST MAP   
  7200                                                      INTERVAL            
    13                                                      # OF MAPS IN FILE   
  NONE                                                      MAPPING FUNCTION    
10.0                                                        ELEVATION CUTOFF    
One-way carrier phase leveled to code                       OBSERVABLES USED    
  6371.0                                                    BASE RADIUS         
 2                                                          MAP DIMENSION       
   450.0 450.0   0.0                                        HGT1 / HGT2 / DHGT  
    87.5 -87.5  -2.5                                        LAT1 / LAT2 / DLAT  
  -180.0 180.0   5.0                                        LON1 / LON2 / DLON  
    -1                                                      EXPONENT            
                                                            END OF HEADER       
[from data line 2574]
     7                                                      START OF TEC MAP    
  2015     2    25    12     0     0                        EPOCH OF CURRENT MAP
    87.5-180.0 180.0   5.0 450.0                            LAT/LON1/LON2/DLON/H
  100  108  108  114  119  121  120  119  122  125  126  128  129  130  131  132
  132  133  133  134  134  134  134  134  134  134  133  133  132  132  131  130
  130  129  127  126  124  123  121  119  117  114  112  110  108  106  104  102
  100   99   97   96   95   95   95   95   95   95   96   96   97   98   98   99
  100  103  101  100  104  102  112  112  100                                   
    85.0-180.0 180.0   5.0 450.0                            LAT/LON1/LON2/DLON/H
   98  110  121  114  117  123  125  127  130  132  133  135  135  136  137  138
  139  139  140  140  141  141  141  141  142  142  141  141  141  141  140  140
  139  138  136  135  133  131  128  126  123  120  116  113  110  107  104  102
   99   97   95   94   93   93   92   93   93   94   95   96   97   99  100  101
  104  106  102  100  100  102  106  107   98                                   
    82.5-180.0 180.0   5.0 450.0                            LAT/LON1/LON2/DLON/H
   85  103  107  103  107  114  117  120  123  125  126  128  128  129  129  130
  130  131  131  132  133  134  135  135  136  137  138  138  139  140  140  141
  141  140  139  138  136  134  131  127  123  119  114  109  105  100   96   92
   88   85   82   80   79   78   78   78   79   80   82   83   85   87   88   90
   92   94   91   91   91   98   91   89   85                                   
    80.0-180.0 180.0   5.0 450.0                            LAT/LON1/LON2/DLON/H
   77   88   93   91   94   97  101  106  109  111  111  112  112  112  112  112
  112  112  113  114  116  117  119  120  122  124  126  127  129  131  133  135
  136  137  137  137  135  133  130  126  121  117  111  106  100   95   90   85
   80   76   73   70   68   67   67   68   69   71   73   75   77   79   80   81
   83   83   82   81   79   84   82   81   77                                   
    77.5-180.0 180.0   5.0 450.0                            LAT/LON1/LON2/DLON/H
   77   81   82   80   82   86   89   92   95   96   95   95   94   92   91   91
   91   92   93   95   97  100  102  105  108  111  113  117  120  124  127  131
  135  138  140  142  142  140  138  134  130  125  119  114  108  103   97   92
   87   82   78   75   73   71   71   71   72   74   76   79   80   82   82   83
   82   81   78   77   76   73   72   73   77                                   
    75.0-180.0 180.0   5.0 450.0                            LAT/LON1/LON2/DLON/H
   69   73   70   71   73   77   79   81   83   82   80   78   76   73   72   71
   71   72   75   78   81   85   89   93   96  100  104  108  112  117  123  128
  134  139  144  147  148  149  147  145  141  138  133  129  125  121  117  112
  108  103   98   94   90   88   86   85   86   87   89   91   92   92   92   91
   89   85   81   75   74   69   67   61   69                                   
    72.5-180.0 180.0   5.0 450.0                            LAT/LON1/LON2/DLON/H
   66   69   66   69   70   75   77   78   78   76   72   69   65   62   59   58
   59   61   64   68   73   79   84   88   93   97  101  105  110  115  122  129
  136  143  150  155  159  160  160  159  157  155  153  151  150  148  146  143
  139  134  129  123  117  112  109  106  105  104  105  105  106  105  104  101
   98   93   88   80   76   71   69   66   66                                   
    70.0-180.0 180.0   5.0 450.0                            LAT/LON1/LON2/DLON/H
   67   69   67   71   72   76   78   78   77   73   68   63   58   54   51   50
   51   54   58   64   71   78   85   91   96  100  104  108  112  117  124  131
  140  148  156  162  167  170  171  171  170  170  171  172  174  176  176  175
  172  168  161  153  144  136  129  123  119  116  114  113  112  110  108  105
  101   95   91   83   79   74   75   72   67                                   
    67.5-180.0 180.0   5.0 450.0                            LAT/LON1/LON2/DLON/H
   65   70   69   74   77   82   83   83   81   76   70   64   58   54   51   50
   51   55   61   68   76   85   93   99  105  109  112  115  118  122  127  135
  143  151  160  167  172  175  177  178  179  181  184  189  194  199  202  203
  201  195  186  176  164  152  141  131  124  118  113  110  108  105  102  100
   96   92   89   81   79   77   78   75   65                                   
    65.0-180.0 180.0   5.0 450.0                            LAT/LON1/LON2/DLON/H
   63   71   70   76   79   85   86   87   84   80   73   67   61   56   53   52
   54   59   65   73   83   92  101  109  114  119  121  123  125  128  133  139
  147  155  164  171  177  180  182  184  186  190  195  203  211  218  224  225
  223  216  206  192  177  161  146  132  121  112  105   99   95   91   88   85
   83   81   81   76   78   79   81   80   63                                   
    62.5-180.0 180.0   5.0 450.0                            LAT/LON1/LON2/DLON/H
   59   68   68   74   77   83   85   86   84   81   75   70   64   60   58   57
   59   63   70   78   87   97  106  115  121  126  129  130  132  133  137  142
  149  157  166  173  178  182  184  186  189  194  201  211  221  230  236  237
  234  226  213  197  179  161  143  127  113  101   92   84   77   72   68   66
   65   65   68   67   71   75   78   79   59                                   
    60.0-180.0 180.0   5.0 450.0                            LAT/LON1/LON2/DLON/H
   56   63   63   68   69   75   78   79   79   77   73   70   66   63   61   61
   62   66   71   78   87   96  105  115  122  128  132  134  135  137  140  144
  150  158  166  173  179  183  186  188  191  197  206  216  227  237  242  243
  238  228  214  197  179  160  141  124  108   94   82   72   64   57   52   49
   48   50   55   56   64   69   73   74   56                                   
    57.5-180.0 180.0   5.0 450.0                            LAT/LON1/LON2/DLON/H
   53   58   57   60   61   65   68   70   71   71   69   68   67   65   63   63
   64   66   70   76   82   91  101  111  120  128  134  137  139  141  143  148
  153  161  169  177  183  188  191  195  199  205  214  225  236  245  249  248
  242  231  217  201  184  166  148  131  114   99   86   74   64   55   47   43
   41   43   49   52   61   65   69   72   53                                   
    55.0-180.0 180.0   5.0 450.0                            LAT/LON1/LON2/DLON/H
   56   58   55   56   55   57   59   61   62   63   64   65   65   64   64   63
   64   65   67   71   77   84   95  106  118  128  135  140  143  145  148  152
  158  165  173  182  190  197  202  206  211  218  227  238  248  255  258  256
  248  238  225  212  197  182  165  149  133  117  104   91   79   68   58   51
   47   47   52   55   65   67   69   72   56                                   
    52.5-180.0 180.0   5.0 450.0                            LAT/LON1/LON2/DLON/H
   64   63   58   57   55   56   56   55   56   58   60   62   63   63   63   62
   62   63   65   68   73   81   92  105  118  130  139  145  149  152  155  159
  165  172  181  192  202  211  218  224  229  236  245  255  264  270  272  268
  261  251  241  230  219  206  192  177  161  146  132  119  107   94   83   73
   65   63   65   67   76   76   75   76   64                                   
    50.0-180.0 180.0   5.0 450.0                            LAT/LON1/LON2/DLON/H
   77   75   69   66   63   63   61   58   57   58   60   62   63   63   62   62
   62   63   65   68   73   82   94  109  124  137  147  154  158  161  164  168
  174  182  193  205  218  229  238  245  251  258  266  275  283  289  290  286
  279  271  262  254  245  234  221  206  190  176  162  151  139  127  114  102
   91   86   85   84   91   90   87   86   77                                   
    47.5-180.0 180.0   5.0 450.0                            LAT/LON1/LON2/DLON/H
   93   92   87   83   80   78   74   68   64   64   64   66   66   65   64   63
   64   66   68   72   78   88  102  119  136  150  160  166  170  172  176  180
  186  196  208  222  237  251  262  270  276  281  288  296  303  308  309  306
  300  293  286  278  269  258  243  227  210  195  183  173  164  153  141  129
  116  108  104  102  108  106  102  100   93                                   
    45.0-180.0 180.0   5.0 450.0                            LAT/LON1/LON2/DLON/H
  108  110  107  105  102  100   94   85   78   75   74   74   72   70   68   67
   68   71   75   80   87   99  115  133  151  166  175  180  183  185  188  193
  200  211  224  241  259  275  287  296  301  305  309  315  321  326  327  325
  319  312  304  295  283  269  251  232  214  198  187  178  172  164  155  144
  132  123  116  113  119  119  115  113  108                                   
    42.5-180.0 180.0   5.0 450.0                            LAT/LON1/LON2/DLON/H
  118  125  125  126  126  123  116  105   96   90   87   84   81   78   75   74
   75   79   83   89   98  112  129  150  168  183  191  195  197  198  201  206
  215  227  243  262  282  300  314  323  327  329  330  333  338  341  342  340
  334  326  315  302  286  267  245  223  203  186  174  167  161  156  150  142
  133  125  118  115  121  123  121  120  118                                   
    40.0-180.0 180.0   5.0 450.0                            LAT/LON1/LON2/DLON/H
  120  133  137  142  144  142  135  123  113  105  100   96   92   87   84   83
   84   88   92   99  109  124  143  165  184  198  206  209  210  211  214  220
  230  244  262  284  307  328  344  353  356  355  354  353  355  356  356  352
  346  335  322  305  285  261  236  211  189  171  157  148  143  138  134  129
  122  117  111  108  113  117  117  118  120                                   
    37.5-180.0 180.0   5.0 450.0                            LAT/LON1/LON2/DLON/H
  116  132  140  147  152  152  147  136  126  117  110  106  101   97   93   92
   94   97  101  108  118  134  155  177  197  211  219  222  222  224  228  236
  248  264  285  310  336  360  378  388  390  387  382  378  376  374  372  367
  359  347  332  312  289  264  237  211  188  168  152  140  131  124  119  115
  110  106  101   96  100  103  106  108  116                                   
    35.0-180.0 180.0   5.0 450.0                            LAT/LON1/LON2/DLON/H
  108  125  134  142  148  149  148  140  131  123  117  112  108  105  102  102
  103  105  109  115  126  142  164  187  207  222  231  234  236  239  245  255
  269  289  313  341  371  398  418  430  432  427  419  411  404  399  394  387
  379  367  352  333  311  286  261  237  215  194  175  157  142  129  121  115
  110  105   99   91   91   89   94   97  108                                   
    32.5-180.0 180.0   5.0 450.0                            LAT/LON1/LON2/DLON/H
  102  116  123  130  135  138  139  135  129  123  118  114  111  110  109  109
  110  111  114  120  132  149  172  195  217  233  243  248  253  258  267  280
  298  321  349  381  413  443  465  478  481  475  464  453  442  433  426  419
  411  402  390  375  356  337  317  297  278  257  234  211  188  167  152  142
  134  126  118  102   96   86   89   89  102                                   
    30.0-180.0 180.0   5.0 450.0                            LAT/LON1/LON2/DLON/H
  105  111  112  117  120  122  126  124  121  117  114  112  111  112  113  114
  114  115  118  125  138  157  181  205  227  244  256  265  273  283  296  312
  334  362  394  429  463  494  518  531  534  528  517  503  490  479  470  464
  459  455  448  440  429  418  406  393  377  358  333  304  273  244  221  204
  190  178  164  140  125  103   98   91  105                                   
    27.5-180.0 180.0   5.0 450.0                            LAT/LON1/LON2/DLON/H
  119  116  109  110  110  111  115  114  113  110  108  107  108  110  113  114
  115  116  120  129  145  167  191  216  239  257  272  286  299  313  331  352
  379  411  446  483  518  547  569  583  587  582  571  558  544  533  526  522
  522  523  524  524  523  521  518  513  503  485  459  427  390  353  321  296
  275  256  234  204  178  143  123  107  119                                   
    25.0-180.0 180.0   5.0 450.0                            LAT/LON1/LON2/DLON/H
  146  134  117  114  111  109  112  111  110  107  104  103  104  106  110  112
  113  115  121  134  153  178  204  229  252  272  290  308  327  347  370  396
  427  464  501  537  568  594  613  626  631  629  621  610  599  591  587  587
  592  599  608  616  623  630  635  636  629  614  588  555  517  476  437  404
  375  350  319  284  248  202  164  139  146                                   
    22.5-180.0 180.0   5.0 450.0                            LAT/LON1/LON2/DLON/H
  186  166  141  131  124  119  120  118  115  110  106  103  102  103  105  107
  108  112  121  138  162  189  217  242  265  286  308  331  356  382  409  439
  474  513  550  583  609  629  644  656  663  665  662  655  649  645  645  649
  658  670  683  697  711  722  730  733  727  713  689  658  623  584  545  508
  474  445  406  369  325  271  219  185  186                                   
    20.0-180.0 180.0   5.0 450.0                            LAT/LON1/LON2/DLON/H
  231  209  177  161  149  140  137  133  128  122  114  108  104  102  102  103
  104  109  121  141  169  199  228  253  276  299  325  353  382  412  443  476
  513  552  587  616  635  649  660  671  680  686  688  688  687  688  691  698
  709  723  739  756  770  781  787  786  778  761  739  713  684  652  619  584
  550  521  480  442  394  339  280  241  231                                   
    17.5-180.0 180.0   5.0 450.0                            LAT/LON1/LON2/DLON/H
  274  253  220  198  180  167  161  154  147  138  128  118  110  105  102  101
  101  107  121  144  174  206  235  260  285  310  339  370  403  436  469  504
  541  578  610  633  647  656  663  673  684  694  701  706  711  716  723  731
  742  755  771  785  796  801  799  791  776  756  734  712  692  670  647  618
  588  562  525  489  441  391  334  297  274                                   
    15.0-180.0 180.0   5.0 450.0                            LAT/LON1/LON2/DLON/H
  308  293  264  238  213  196  187  177  167  157  145  132  120  111  106  102
  102  108  122  147  177  209  238  264  290  318  349  383  419  453  487  522
  557  591  619  638  648  654  660  669  681  694  705  715  724  732  740  749
  758  769  779  787  790  785  773  754  731  706  684  667  654  643  629  610
  586  564  534  501  460  418  371  338  308                                   
    12.5-180.0 180.0   5.0 450.0                            LAT/LON1/LON2/DLON/H
  328  320  300  272  243  223  210  197  186  175  161  147  132  121  113  108
  107  112  126  150  180  211  239  266  294  325  359  395  431  466  500  533
  565  595  620  636  645  650  656  666  680  694  707  719  730  740  749  755
  761  765  768  767  759  743  721  693  663  635  614  600  593  589  584  572
  554  537  514  487  454  421  386  360  328                                   
    10.0-180.0 180.0   5.0 450.0                            LAT/LON1/LON2/DLON/H
  337  336  323  295  265  242  226  212  199  188  175  159  144  132  123  118
  116  121  134  156  184  213  241  269  300  334  371  408  444  478  509  539
  569  596  618  633  642  649  658  671  686  700  713  724  735  744  751  753
  753  750  743  732  715  691  662  630  598  570  549  536  530  528  528  521
  508  496  479  458  435  411  386  363  337                                   
     7.5-180.0 180.0   5.0 450.0                            LAT/LON1/LON2/DLON/H
  337  341  333  305  276  253  235  220  207  196  183  169  155  143  136  131
  130  134  146  166  192  219  247  276  310  348  387  425  459  490  519  546
