data/edconvlstm_nd/pred2290.15i
     1.0            IONOSPHERE MAPS     GNSS                IONEX VERSION / TYPE
pyspatialgeodesy        IME             05-JAN-18 20:20     PGM / RUN BY / DATE 
Map Name                                                    COMMENT             
Predicted global ionosphere maps (GIM).                     DESCRIPTION         
  2015     8    17     0     0     0                        EPOCH OF FIRST MAP  
  2015     8    18     0     0     0                        EPOCH OF LAST MAP   
  7200                                                      INTERVAL            
    13                                                      # OF MAPS IN FILE   
  NONE                                                      MAPPING FUNCTION    
10.0                                                        ELEVATION CUTOFF    
One-way carrier phase leveled to code                       OBSERVABLES USED    
  6371.0                                                    BASE RADIUS         
 2                                                          MAP DIMENSION       
   450.0 450.0   0.0                                        HGT1 / HGT2 / DHGT  
    87.5 -87.5  -2.5                                        LAT1 / LAT2 / DLAT  
  -180.0 180.0   5.0                                        LON1 / LON2 / DLON  
    -1                                                      EXPONENT            
                                                            END OF HEADER       
[from data line 1287]
     4                                                      START OF TEC MAP    
  2015     8    17     6     0     0                        EPOCH OF CURRENT MAP
    87.5-180.0 180.0   5.0 450.0                            LAT/LON1/LON2/DLON/H
   71   70   68   73   75   74   73   71   73   75   76   77   79   80   81   81
   82   83   84   84   85   85   85   85   85   85   85   84   84   83   82   82
   81   80   79   78   77   76   76   75   75   74   74   74   74   74   74   75
   75   75   75   75   75   74   74   73   73   72   71   70   69   68   66   66
   66   66   64   63   69   73   80   77   71                                   
    85.0-180.0 180.0   5.0 450.0                            LAT/LON1/LON2/DLON/H
   61   72   68   70   74   76   77   78   79   82   83   86   87   89   90   91
   92   93   94   95   95   96   96   97   97   97   96   96   95   95   94   93
   92   91   90   88   87   86   85   85   84   84   84   84   84   84   85   85
   86   86   87   87   87   87   87   86   85   84   83   81   80   78   75   74
   73   73   68   68   67   70   77   72   61                                   
    82.5-180.0 180.0   5.0 450.0                            LAT/LON1/LON2/DLON/H
   58   62   69   69   71   75   77   79   82   85   87   90   92   94   95   96
   98   99   99  100  101  101  102  102  102  102  102  102  101  100   99   98
   97   95   94   92   91   89   88   87   87   86   86   87   87   88   90   91
   93   94   96   97   98   98   98   98   97   95   93   91   88   85   81   79
   76   74   68   66   70   64   60   60   58                                   
    80.0-180.0 180.0   5.0 450.0                            LAT/LON1/LON2/DLON/H
   61   57   58   61   66   68   72   75   79   82   84   88   90   92   93   94
   95   95   96   97   97   98   98   99   99   99   99   99   98   98   97   96
   95   93   92   90   88   87   85   84   84   84   84   85   87   89   91   94
   97  100  102  105  107  108  109  109  108  106  104  101   97   93   88   83
   79   73   68   65   67   63   64   58   61                                   
    77.5-180.0 180.0   5.0 450.0                            LAT/LON1/LON2/DLON/H
   63   58   55   59   61   67   72   76   81   84   86   89   90   91   92   92
   92   92   92   92   92   92   93   93   93   94   94   94   94   94   93   93
   92   91   89   88   86   84   83   82   81   81   82   84   87   91   95  100
  104  109  113  117  120  122  124  125  124  123  120  117  112  107  101   95
   88   82   73   69   66   56   56   58   63                                   
    75.0-180.0 180.0   5.0 450.0                            LAT/LON1/LON2/DLON/H
   58   56   50   56   58   65   70   73   77   80   81   83   84   84   83   82
   81   80   79   78   78   77   77   78   78   78   79   79   80   80   80   81
   81   81   80   79   78   76   75   74   74   74   76   79   83   88   93   99
  105  110  115  120  124  127  129  130  131  130  128  125  121  116  110  104
   96   88   79   70   66   58   57   58   58                                   
    72.5-180.0 180.0   5.0 450.0                            LAT/LON1/LON2/DLON/H
   60   60   54   58   61   69   74   77   80   83   83   85   84   83   81   79
   77   74   73   71   71   70   70   70   70   70   71   71   72   73   74   75
   76   77   77   77   76   75   74   74   74   75   78   82   87   93  100  106
  113  118  123  128  131  134  136  138  139  139  138  136  134  130  124  119
  112  104   96   86   77   67   64   65   60                                   
    70.0-180.0 180.0   5.0 450.0                            LAT/LON1/LON2/DLON/H
   70   67   62   63   64   69   73   75   78   80   80   81   79   77   75   72
   69   66   64   62   61   60   60   59   59   59   59   59   60   62   64   66
   68   70   71   72   72   72   71   72   73   75   79   84   90   97  104  110
  116  121  125  128  130  132  133  135  136  137  138  138  137  135  131  128
  123  115  108   99   89   79   77   76   70                                   
    67.5-180.0 180.0   5.0 450.0                            LAT/LON1/LON2/DLON/H
   75   73   67   67   67   69   71   72   73   74   74   74   73   71   68   65
   62   59   57   55   54   53   53   52   51   51   50   50   51   52   54   56
   59   62   64   66   67   67   67   68   70   73   78   84   91   99  105  111
  116  119  121  122  122  123  123  124  126  128  130  132  133  133  132  131
  128  123  117  109  100   90   86   84   75                                   
    65.0-180.0 180.0   5.0 450.0                            LAT/LON1/LON2/DLON/H
   85   82   74   73   70   70   70   69   69   69   69   69   69   67   65   62
   59   56   54   52   51   51   50   49   49   47   46   46   46   47   48   51
   54   57   60   63   64   65   66   68   71   76   82   90   98  105  111  116
  119  120  120  119  118  117  116  117  118  121  124  127  130  133  134  135
  134  131  127  120  112  104   99   96   85                                   
    62.5-180.0 180.0   5.0 450.0                            LAT/LON1/LON2/DLON/H
   94   93   84   80   75   72   69   66   65   64   63   64   64   64   63   61
   58   56   53   52   51   51   50   50   48   47   45   44   44   44   46   48
   51   55   58   60   63   64   67   70   74   80   88   97  105  113  119  122
  124  123  122  119  117  115  114  114  115  118  121  125  130  133  136  138
  138  137  134  129  123  115  111  107   94                                   
    60.0-180.0 180.0   5.0 450.0                            LAT/LON1/LON2/DLON/H
  104  103   93   88   81   75   70   64   61   58   57   59   59   60   60   58
   57   55   53   51   51   50   50   49   48   47   45   44   44   44   45   47
   49   52   55   58   61   64   67   71   77   85   94  104  113  121  126  128
  129  128  126  123  120  118  116  116  117  119  123  127  131  134  137  140
  141  140  138  135  130  124  120  115  104                                   
    57.5-180.0 180.0   5.0 450.0                            LAT/LON1/LON2/DLON/H
  114  115  105   98   91   82   74   66   60   55   53   54   55   56   57   57
   55   54   52   51   50   50   49   49   48   47   46   45   45   45   45   47
   48   51   54   57   61   65   69   75   83   92  103  114  123  130  135  137
  137  136  134  132  130  128  127  126  127  129  131  135  138  140  142  144
  144  143  142  139  136  132  128  123  114                                   
    55.0-180.0 180.0   5.0 450.0                            LAT/LON1/LON2/DLON/H
  124  125  116  110  103   92   82   71   62   55   51   50   51   52   54   54
   53   52   50   49   48   48   47   47   47   46   46   46   46   46   46   47
   48   51   54   58   62   67   73   81   90  101  113  125  134  140  144  146
  146  146  146  145  144  143  142  141  141  142  144  145  147  148  148  148
  147  145  144  141  139  136  134  128  124                                   
    52.5-180.0 180.0   5.0 450.0                            LAT/LON1/LON2/DLON/H
  132  135  127  122  116  106   94   80   68   58   51   49   48   49   51   51
   51   50   48   47   46   45   45   45   44   44   45   45   46   47   47   47
   49   51   55   59   65   72   79   89  100  113  126  137  146  152  155  156
  157  158  158  159  159  158  157  156  156  156  156  157  157  157  155  154
  151  148  146  143  142  140  138  132  132                                   
    50.0-180.0 180.0   5.0 450.0                            LAT/LON1/LON2/DLON/H
  138  144  137  134  129  120  108   93   79   65   55   50   47   48   49   50
   50   49   47   45   44   43   43   42   42   42   43   44   46   47   47   48
   49   52   57   63   70   78   88   99  113  127  140  151  159  164  166  167
  168  170  171  172  172  172  170  168  166  166  166  166  165  164  161  159
  155  151  149  145  144  142  142  136  138                                   
    47.5-180.0 180.0   5.0 450.0                            LAT/LON1/LON2/DLON/H
  142  149  144  143  141  133  122  107   91   76   62   54   49   48   48   49
   49   49   47   45   44   43   42   41   41   41   42   43   45   46   47   47
   49   53   60   67   77   87   99  112  127  143  156  167  174  177  179  179
  180  181  182  183  182  180  177  174  171  170  169  169  169  167  165  162
  159  155  152  148  147  145  144  139  142                                   
    45.0-180.0 180.0   5.0 450.0                            LAT/LON1/LON2/DLON/H
  144  152  148  148  148  142  134  120  105   88   73   62   55   51   51   51
   51   51   49   47   46   44   43   42   41   41   41   42   43   45   46   47
   50   55   63   73   84   97  111  126  143  159  173  184  190  192  192  192
  192  192  192  191  188  184  179  175  171  169  169  169  169  168  166  165
  162  159  156  152  150  148  148  143  144                                   
    42.5-180.0 180.0   5.0 450.0                            LAT/LON1/LON2/DLON/H
  144  151  148  149  150  147  141  130  116  100   85   73   63   58   56   55
   56   55   54   52   50   48   47   45   43   42   42   42   43   44   45   47
   51   58   67   79   92  107  123  140  159  176  191  201  206  207  207  206
  205  203  200  197  192  186  180  175  170  168  167  167  168  168  167  167
  166  164  162  158  155  152  151  147  144                                   
    40.0-180.0 180.0   5.0 450.0                            LAT/LON1/LON2/DLON/H
  144  149  145  146  148  147  143  135  124  111   96   84   74   67   63   62
   62   62   61   58   56   54   52   50   48   46   44   44   43   44   45   48
   53   61   71   84   99  115  133  153  173  192  207  216  221  223  222  220
  218  214  210  204  198  192  185  180  175  172  170  170  170  170  170  171
  171  170  169  165  161  157  156  152  144                                   
    37.5-180.0 180.0   5.0 450.0                            LAT/LON1/LON2/DLON/H
  144  147  141  141  143  143  141  136  128  118  106   95   85   77   73   71
   71   70   69   66   63   61   59   56   54   51   49   47   46   46   47   50
   55   64   75   88  103  120  140  162  184  204  220  230  235  237  237  235
  232  227  222  216  211  206  201  196  191  186  183  181  179  178  177  178
  179  179  178  174  170  164  162  158  144                                   
    35.0-180.0 180.0   5.0 450.0                            LAT/LON1/LON2/DLON/H
  147  146  138  137  139  137  137  133  129  122  113  105   95   87   82   80
   80   79   77   74   71   68   65   63   60   57   54   52   50   49   50   53
   58   66   77   90  105  122  143  166  190  212  228  239  246  249  250  249
  246  242  237  234  233  231  230  226  220  214  208  203  198  194  191  190
  190  191  189  185  180  173  171  165  147                                   
    32.5-180.0 180.0   5.0 450.0                            LAT/LON1/LON2/DLON/H
  153  149  140  137  136  134  133  130  128  123  118  112  104   96   91   89
   88   87   85   82   78   75   72   69   67   64   61   58   56   54   54   57
   61   68   78   89  103  121  143  167  192  214  232  244  252  257  260  261
  260  258  257  259  263  268  271  269  263  255  245  236  226  217  210  207
  205  204  203  198  192  184  182  175  153                                   
    30.0-180.0 180.0   5.0 450.0                            LAT/LON1/LON2/DLON/H
  163  157  147  142  139  135  133  130  128  125  121  117  110  103   99   96
   95   95   92   89   85   82   79   76   74   71   68   65   62   60   60   61
   64   69   77   87  100  117  139  163  189  212  230  244  254  262  268  272
  275  276  280  289  301  313  321  321  315  304  290  276  262  248  236  228
  223  220  217  212  205  197  195  187  163                                   
    27.5-180.0 180.0   5.0 450.0                            LAT/LON1/LON2/DLON/H
  177  170  159  152  148  141  138  133  130  127  125  121  116  110  105  103
  102  101   99   96   93   90   87   84   81   79   76   73   70   67   65   64
   66   69   74   83   95  112  133  157  182  205  225  240  252  263  273  281
  287  294  305  321  341  361  373  376  369  355  337  319  300  281  263  251
  242  237  233  226  219  211  210  201  177                                   
    25.0-180.0 180.0   5.0 450.0                            LAT/LON1/LON2/DLON/H
  194  186  177  168  161  153  148  141  137  133  130  127  121  115  111  108
  107  107  106  104  101   99   96   93   90   87   85   81   77   73   69   67
   67   68   72   79   91  107  128  150  174  197  216  233  248  262  276  288
  298  311  328  351  379  404  421  425  416  399  379  358  336  313  291  274
  261  253  249  241  234  226  226  218  194                                   
    22.5-180.0 180.0   5.0 450.0                            LAT/LON1/LON2/DLON/H
  213  205  197  186  178  168  161  153  147  142  138  134  128  122  117  114
  113  112  112  111  110  109  107  103  100   96   92   88   83   78   72   69
   66   66   69   77   88  104  123  145  167  188  208  225  242  260  276  292
  307  324  347  376  408  437  456  459  449  430  409  387  364  340  316  295
  279  270  264  256  249  243  243  236  213                                   
    20.0-180.0 180.0   5.0 450.0                            LAT/LON1/LON2/DLON/H
  232  225  218  205  195  183  176  167  160  153  148  143  136  130  124  120
  118  118  118  119  120  120  118  114  109  104   99   93   87   80   74   69
   66   65   68   76   88  104  122  141  161  182  201  219  238  257  276  295
  314  335  361  392  426  455  473  475  464  446  425  405  384  361  336  315
  297  286  280  272  266  260  261  254  232                                   
    17.5-180.0 180.0   5.0 450.0                            LAT/LON1/LON2/DLON/H
  251  244  237  222  210  197  190  181  173  166  159  153  146  139  132  128
  125  124  125  127  130  131  130  125  118  110  103   96   88   81   74   68
   65   65   68   77   90  106  123  141  160  178  197  216  236  256  277  297
  319  342  370  401  432  459  474  475  465  449  432  415  398  377  354  333
  314  303  297  289  284  278  280  272  251                                   
    15.0-180.0 180.0   5.0 450.0                            LAT/LON1/LON2/DLON/H
  269  261  254  236  222  208  200  192  185  177  169  162  155  148  142  137
  133  132  133  136  139  141  140  134  125  115  105   96   87   80   73   68
   65   66   70   80   95  111  128  145  161  179  197  216  236  256  277  300
  323  347  375  404  431  453  465  467  459  447  434  422  409  392  371  351
  332  321  315  307  303  297  298  289  269                                   
    12.5-180.0 180.0   5.0 450.0                            LAT/LON1/LON2/DLON/H
  286  278  268  246  231  215  207  199  192  184  177  170  163  157  151  146
  142  140  141  143  147  149  147  139  128  116  104   94   85   78   72   68
   67   68   74   85  101  118  135  150  166  183  200  219  238  257  279  302
  326  352  378  404  428  445  456  458  454  447  439  431  421  407  388  369
  351  340  333  327  323  316  315  305  286                                   
    10.0-180.0 180.0   5.0 450.0                            LAT/LON1/LON2/DLON/H
  302  293  282  255  238  219  209  201  195  188  181  174  169  164  159  155
  151  149  148  149  152  153  149  141  128  114  101   91   82   76   72   70
   69   72   79   91  108  126  142  157  172  188  204  222  240  259  280  303
  329  356  382  406  426  442  452  457  457  455  450  444  436  423  406  387
  370  360  352  346  342  335  332  319  302                                   
     7.5-180.0 180.0   5.0 450.0                            LAT/LON1/LON2/DLON/H
  318  309  295  264  245  223  210  201  195  187  180  174  169  166  164  162
  159  156  154  154  154  153  147  138  124  110   97   87   80   75   73   73
