data/edconvlstm_nd/pred3440.15i
     1.0            IONOSPHERE MAPS     GNSS                IONEX VERSION / TYPE
pyspatialgeodesy        IME             05-JAN-18 20:20     PGM / RUN BY / DATE 
Map Name                                                    COMMENT             
Predicted global ionosphere maps (GIM).                     DESCRIPTION         
  2015    12    10     0     0     0                        EPOCH OF FIRST MAP  
  2015    12    11     0     0     0                        EPOCH OF LAST MAP   
  7200                                                      INTERVAL            
    13                                                      # OF MAPS IN FILE   
  NONE                                                      MAPPING FUNCTION    
10.0                                                        ELEVATION CUTOFF    
One-way carrier phase leveled to code                       OBSERVABLES USED    
  6371.0                                                    BASE RADIUS         
 2                                                          MAP DIMENSION       
   450.0 450.0   0.0                                        HGT1 / HGT2 / DHGT  
    87.5 -87.5  -2.5                                        LAT1 / LAT2 / DLAT  
  -180.0 180.0   5.0                                        LON1 / LON2 / DLON  
    -1                                                      EXPONENT            
                                                            END OF HEADER       
     1                                                      START OF TEC MAP    
  2015    12    10     0     0     0                        EPOCH OF CURRENT MAP
    87.5-180.0 180.0   5.0 450.0                            LAT/LON1/LON2/DLON/H
   81   74   58   48   45   54   50   47   48   48   48   49   49   49   49   50
   49   49   49   49   48   48   47   46   46   45   44   44   43   43   42   41
   41   41   40   40   40   40   39   39   40   40   40   40   41   41   42   42
   43   44   44   45   45   46   46   46   47   47   47   47   47   47   47   47
   47   46   46   46   37   58   59   56   81                                   
    85.0-180.0 180.0   5.0 450.0                            LAT/LON1/LON2/DLON/H
   67   72   51   49   49   60   56   53   54   54   54   54   55   55   55   55
   55   55   54   53   53   52   51   50   49   48   47   46   46   45   44   44
   44   43   43   43   43   44   44   44   45   45   46   47   48   49   50   51
   52   53   54   54   55   56   56   56   57   57   57   57   57   56   56   55
   55   54   55   59   62   69   78   66   67                                   
    82.5-180.0 180.0   5.0 450.0                            LAT/LON1/LON2/DLON/H
   53   42   49   42   40   50   45   41   44   43   44   45   46   47   46   46
   45   44   43   41   39   37   35   33   31   30   28   27   26   26   25   25
   25   25   25   26   26   27   28   29   30   32   33   35   36   38   40   41
   42   43   45   45   46   47   47   48   48   48   48   48   47   47   47   46
   45   44   44   45   52   50   62   63   53                                   
    80.0-180.0 180.0   5.0 450.0                            LAT/LON1/LON2/DLON/H
   59   49   53   41   43   46   42   39   43   43   45   47   48   49   49   48
   47   46   44   42   39   37   34   32   30   28   26   25   24   24   24   24
   24   24   25   25   26   26   27   28   29   30   32   33   35   37   38   40
   41   42   43   44   45   45   46   46   46   46   46   46   45   45   45   44
   43   42   43   43   57   51   64   79   59                                   
    77.5-180.0 180.0   5.0 450.0                            LAT/LON1/LON2/DLON/H
   65   59   49   44   44   47   41   41   46   46   49   51   53   54   55   54
   53   51   48   45   41   38   34   31   29   26   25   24   23   23   23   23
   24   24   25   25   26   26   27   27   28   29   31   33   34   36   38   39
   40   41   42   43   44   44   44   44   44   44   44   44   43   43   43   42
   41   42   43   45   50   52   59   78   65                                   
    75.0-180.0 180.0   5.0 450.0                            LAT/LON1/LON2/DLON/H
   71   58   59   54   50   53   47   47   52   53   56   59   61   61   61   59
   56   53   49   45   40   36   33   30   27   25   24   24   24   25   26   27
   28   29   29   29   29   29   29   29   30   30   32   33   34   36   37   38
   39   40   41   41   41   41   42   42   42   42   41   41   41   41   41   41
   40   41   44   43   48   60   66   79   71                                   
    72.5-180.0 180.0   5.0 450.0                            LAT/LON1/LON2/DLON/H
   75   65   67   61   59   59   54   55   60   61   64   67   68   67   65   62
   58   53   48   44   39   35   32   29   27   26   25   26   27   28   30   31
   32   33   33   32   31   30   29   28   28   29   30   31   32   34   35   36
   36   36   36   37   37   37   37   37   37   37   37   37   37   37   38   39
   38   40   47   48   54   66   74   89   75                                   
    70.0-180.0 180.0   5.0 450.0                            LAT/LON1/LON2/DLON/H
   86   77   80   77   73   73   69   69   74   74   76   77   77   74   70   65
   59   52   46   41   37   33   30   28   27   26   27   28   30   32   34   36
   37   37   36   34   33   31   29   28   28   29   30   31   33   34   35   35
   35   35   35   35   35   35   35   36   36   36   37   37   38   38   40   41
   42   43   51   54   62   76   82   93   86                                   
    67.5-180.0 180.0   5.0 450.0                            LAT/LON1/LON2/DLON/H
   98   91   94   91   86   85   80   80   84   83   84   83   81   76   69   62
   54   46   40   35   31   28   26   24   24   24   25   27   29   31   33   34
   34   34   32   29   27   24   22   22   22   23   25   26   28   29   30   30
   30   29   29   29   29   29   29   30   31   32   33   35   36   37   39   42
   43   46   55   58   69   84   88   99   98                                   
    65.0-180.0 180.0   5.0 450.0                            LAT/LON1/LON2/DLON/H
  108  102  104  102   98   95   89   90   93   91   90   89   84   77   69   59
   50   42   36   31   28   25   24   23   22   23   24   25   27   28   29   30
   29   28   25   22   19   17   15   15   16   18   21   23   25   26   26   26
   26   25   25   24   24   25   25   27   29   31   33   36   38   41   44   46
   48   52   61   65   77   92   96  107  108                                   
    62.5-180.0 180.0   5.0 450.0                            LAT/LON1/LON2/DLON/H
  117  112  114  112  108  104   98   98  100   98   97   95   89   81   71   60
   50   42   36   32   28   26   25   24   23   23   23   24   25   26   26   25
   24   22   19   16   13   11   10   11   13   16   20   23   25   26   26   25
   24   23   23   23   23   23   25   27   29   33   38   42   46   50   54   57
   59   63   72   76   86  100  104  115  117                                   
    60.0-180.0 180.0   5.0 450.0                            LAT/LON1/LON2/DLON/H
  124  119  121  119  114  109  102  102  104  102  100   97   92   83   73   63
   53   45   39   35   32   29   27   25   24   23   22   22   22   22   21   20
   18   16   13   11    9    7    8    9   13   17   21   25   27   27   26   25
   24   22   22   22   22   23   25   27   32   38   44   50   56   61   66   70
   72   75   84   87   95  106  111  122  124                                   
    57.5-180.0 180.0   5.0 450.0                            LAT/LON1/LON2/DLON/H
  130  126  128  125  119  113  105  104  105  103  101   99   94   86   77   68
   58   51   45   40   36   32   29   26   23   21   20   20   19   18   17   16
   14   12   11    9    8    8    9   11   16   20   25   29   30   30   29   27
   25   24   23   23   24   25   27   31   37   44   52   60   67   73   79   83
   85   89   98  100  107  114  118  130  130                                   
    55.0-180.0 180.0   5.0 450.0                            LAT/LON1/LON2/DLON/H
  139  135  136  133  126  118  110  107  106  103  101   99   95   89   82   74
   65   58   51   45   39   34   30   25   22   20   19   19   18   17   16   15
   13   13   12   12   12   13   15   18   22   27   32   35   36   35   33   30
   29   28   28   28   29   30   32   37   43   51   59   68   76   83   89   95
   98  102  112  114  120  124  128  141  139                                   
    52.5-180.0 180.0   5.0 450.0                            LAT/LON1/LON2/DLON/H
  151  148  148  145  138  128  118  113  110  105  102   99   96   92   86   79
   72   64   56   49   42   36   30   25   22   20   20   20   20   19   18   17
   17   17   18   20   21   23   25   28   32   36   40   43   43   42   39   37
   35   35   35   36   37   38   40   43   49   56   65   73   81   88   95  102
  107  113  123  127  133  136  140  153  151                                   
    50.0-180.0 180.0   5.0 450.0                            LAT/LON1/LON2/DLON/H
  167  166  164  162  155  143  132  124  118  111  105  102   99   95   91   85
   77   69   60   52   44   37   31   26   24   23   23   24   25   24   23   23
   23   25   28   31   34   36   38   40   43   47   50   52   52   50   48   46
   45   45   46   47   48   49   50   52   56   62   69   76   83   90   98  106
  112  121  133  138  147  150  154  168  167                                   
    47.5-180.0 180.0   5.0 450.0                            LAT/LON1/LON2/DLON/H
  185  186  183  182  175  163  151  141  132  121  113  108  104  100   96   90
   81   72   63   54   46   39   34   30   28   28   30   31   32   32   31   31
   33   36   40   45   48   50   51   52   54   56   59   61   61   59   57   56
   56   58   60   62   62   62   61   61   63   67   73   79   85   90   98  106
  114  125  139  147  158  164  169  182  185                                   
    45.0-180.0 180.0   5.0 450.0                            LAT/LON1/LON2/DLON/H
  200  206  201  203  197  185  172  161  149  135  125  117  111  107  102   94
   85   75   65   57   50   44   39   36   35   36   38   40   41   41   40   40
   42   46   51   56   60   61   62   62   62   64   66   68   69   68   67   68
   69   72   74   76   76   75   73   71   72   74   78   83   87   91   98  107
  116  129  144  154  167  176  182  193  200                                   
    42.5-180.0 180.0   5.0 450.0                            LAT/LON1/LON2/DLON/H
  210  218  213  218  213  203  191  180  167  151  139  129  122  116  110  101
   90   79   69   62   57   53   49   47   46   46   48   49   49   48   47   46
   48   53   59   64   67   68   68   67   67   69   71   74   76   76   77   79
   81   84   86   88   88   86   83   81   81   82   85   88   91   95  101  110
  120  133  148  159  173  184  190  200  210                                   
    40.0-180.0 180.0   5.0 450.0                            LAT/LON1/LON2/DLON/H
  212  221  217  222  220  212  202  193  181  166  153  143  135  128  120  110
   97   86   77   72   69   67   64   61   58   57   57   56   55   53   51   50
   52   57   62   66   69   70   69   69   69   72   75   79   81   83   85   87
   89   91   93   94   94   92   90   89   89   91   93   96   99  103  109  118
  127  139  154  164  176  188  193  202  212                                   
    37.5-180.0 180.0   5.0 450.0                            LAT/LON1/LON2/DLON/H
  208  216  211  216  216  210  202  196  188  174  163  154  148  141  133  122
  109   98   91   88   86   84   81   76   70   66   62   60   57   54   53   52
   54   57   61   65   67   68   68   68   70   74   78   82   85   88   90   91
   92   93   94   94   94   94   93   94   96   99  102  106  110  115  122  130
  139  149  162  171  179  188  193  202  208                                   
    35.0-180.0 180.0   5.0 450.0                            LAT/LON1/LON2/DLON/H
  202  208  202  203  203  199  192  190  186  176  168  162  158  154  146  136
  124  115  109  108  107  104   97   88   78   70   65   61   58   56   54   55
   56   58   61   64   66   66   67   68   72   76   81   86   88   90   91   92
   91   90   89   89   89   90   92   95  100  105  111  117  122  129  137  146
  154  162  174  180  185  191  195  205  202                                   
    32.5-180.0 180.0   5.0 450.0                            LAT/LON1/LON2/DLON/H
  202  205  198  194  192  186  180  179  179  173  168  166  166  164  159  150
  140  133  129  127  125  119  108   94   81   72   66   62   60   59   59   60
   62   63   64   66   67   68   69   72   76   81   86   89   91   91   91   89
   87   84   81   80   81   84   88   94  101  109  117  125  134  142  153  163
  171  179  189  194  197  201  205  214  202                                   
    30.0-180.0 180.0   5.0 450.0                            LAT/LON1/LON2/DLON/H
  214  216  208  198  191  183  175  174  174  170  168  169  171  171  168  162
  154  149  145  142  135  124  109   93   80   72   68   67   67   69   70   72
   73   74   74   74   74   74   76   78   82   87   91   93   93   91   89   86
   81   77   73   71   72   76   82   90  100  111  122  133  143  155  168  180
  189  197  208  213  217  221  224  234  214                                   
    27.5-180.0 180.0   5.0 450.0                            LAT/LON1/LON2/DLON/H
  242  246  237  221  211  198  187  182  179  174  172  174  176  177  175  170
  165  160  155  147  135  119  101   87   78   74   75   78   82   86   89   91
   92   90   88   86   85   85   86   88   91   95   97   97   94   91   87   83
   77   72   67   65   66   71   78   88   99  113  127  140  153  167  182  196
  206  216  229  235  244  251  255  264  242                                   
    25.0-180.0 180.0   5.0 450.0                            LAT/LON1/LON2/DLON/H
  288  297  285  267  254  237  220  209  200  191  185  184  183  182  179  175
  170  164  156  143  125  107   91   82   80   84   91   99  107  113  117  118
  116  112  106  102   99   97   97   98  100  102  102  100   96   91   86   81
   76   70   65   64   65   70   78   89  103  118  135  150  165  180  196  212
  224  236  252  261  276  290  295  304  288                                   
    22.5-180.0 180.0   5.0 450.0                            LAT/LON1/LON2/DLON/H
  348  366  353  334  320  299  277  257  239  222  209  201  195  189  183  177
  171  162  149  131  112   95   85   84   91  103  117  130  140  146  147  146
  141  133  124  116  112  109  108  108  108  108  107  103   97   92   87   82
   77   72   68   67   69   74   82   94  109  126  145  162  179  194  211  227
  241  257  276  287  311  333  340  349  348                                   
    20.0-180.0 180.0   5.0 450.0                            LAT/LON1/LON2/DLON/H
  415  444  436  419  406  383  355  324  296  269  247  229  214  201  189  180
  170  158  141  121  102   91   90   99  115  133  151  165  174  177  176  170
  161  149  137  128  122  118  116  115  114  112  109  104   98   93   88   84
   80   76   74   73   75   80   88   99  115  134  155  174  192  209  226  243
  259  277  298  312  343  374  387  396  415                                   
    17.5-180.0 180.0   5.0 450.0                            LAT/LON1/LON2/DLON/H
  476  518  519  509  499  477  445  406  367  329  296  268  242  219  201  187
  174  158  139  119  105  102  111  129  151  172  188  199  203  201  195  185
  172  158  145  134  128  125  122  119  117  114  110  105   99   94   90   87
   84   81   79   78   80   84   92  104  121  141  163  185  204  222  240  259
  277  297  320  337  372  407  427  437  476                                   
    15.0-180.0 180.0   5.0 450.0                            LAT/LON1/LON2/DLON/H
  519  572  585  583  579  562  531  487  442  396  354  316  280  247  221  202
  185  167  148  131  125  132  150  174  196  212  221  223  220  212  202  190
  175  160  147  138  133  130  126  123  119  115  110  105   99   95   92   90
   88   85   83   82   83   87   95  108  126  147  171  194  215  236  256  277
  296  318  341  360  395  431  458  469  519                                   
    12.5-180.0 180.0   5.0 450.0                            LAT/LON1/LON2/DLON/H
  539  597  620  628  632  622  595  554  507  459  413  368  324  284  251  227
  207  188  171  160  162  178  203  227  243  248  243  234  222  210  198  185
  171  159  148  142  139  136  132  127  122  116  111  105  100   96   94   93
   90   88   85   84   86   91  100  113  132  154  179  203  227  250  273  296
  317  340  362  382  414  446  476  489  539                                   
    10.0-180.0 180.0   5.0 450.0                            LAT/LON1/LON2/DLON/H
  539  595  621  637  650  647  626  592  551  506  461  416  370  326  290  263
  241  223  208  204  214  236  263  282  285  272  251  230  211  197  185  175
  165  157  152  150  149  147  142  135  127  120  113  107  102   99   97   95
   93   90   88   87   89   95  105  120  139  162  186  212  238  263  289  314
  337  359  381  399  426  453  483  498  539                                   
     7.5-180.0 180.0   5.0 450.0                            LAT/LON1/LON2/DLON/H
  525  573  597  616  634  637  623  598  566  529  492  453  411  370  335  307
  286  268  258  259  275  300  323  330  314  281  244  214  192  179  171  165
