data/edconvlstm_nd/pred3520.15i
     1.0            IONOSPHERE MAPS     GNSS                IONEX VERSION / TYPE
pyspatialgeodesy        IME             05-JAN-18 20:20     PGM / RUN BY / DATE 
Map Name                                                    COMMENT             
Predicted global ionosphere maps (GIM).                     DESCRIPTION         
  2015    12    18     0     0     0                        EPOCH OF FIRST MAP  
  2015    12    19     0     0     0                        EPOCH OF LAST MAP   
  7200                                                      INTERVAL            
    13                                                      # OF MAPS IN FILE   
  NONE                                                      MAPPING FUNCTION    
10.0                                                        ELEVATION CUTOFF    
One-way carrier phase leveled to code                       OBSERVABLES USED    
  6371.0                                                    BASE RADIUS         
 2                                                          MAP DIMENSION       
   450.0 450.0   0.0                                        HGT1 / HGT2 / DHGT  
    87.5 -87.5  -2.5                                        LAT1 / LAT2 / DLAT  
  -180.0 180.0   5.0                                        LON1 / LON2 / DLON  
    -1                                                      EXPONENT            
                                                            END OF HEADER       
[from data line 858]
     3                                                      START OF TEC MAP    
  2015    12    18     4     0     0                        EPOCH OF CURRENT MAP
    87.5-180.0 180.0   5.0 450.0                            LAT/LON1/LON2/DLON/H
   33   41   34   37   35   36   34   31   31   32   32   33   33   34   34   34
   34   34   34   34   34   34   34   34   34   34   34   34   34   34   34   34
   34   34   34   34   34   34   34   34   34   34   34   34   34   34   34   34
   34   34   34   34   34   34   34   34   34   34   34   33   33   33   32   32
   33   32   30   30   34   50   56   45   33                                   
    85.0-180.0 180.0   5.0 450.0                            LAT/LON1/LON2/DLON/H
   18   41   34   37   39   40   40   39   39   40   40   41   41   41   41   41
   41   40   39   39   38   37   37   36   36   35   35   35   35   35   36   36
   36   37   37   37   37   38   38   38   38   38   38   38   38   38   38   38
   38   38   38   39   39   39   39   39   39   39   39   39   39   39   39   39
   40   40   37   40   47   47   61   45   18                                   
    82.5-180.0 180.0   5.0 450.0                            LAT/LON1/LON2/DLON/H
   15   26   42   38   38   41   40   40   42   42   43   44   45   45   45   44
   43   42   41   39   38   36   35   34   33   32   32   31   31   32   32   32
   33   34   34   35   36   36   37   37   37   37   37   37   37   37   37   36
   36   36   36   37   37   37   37   38   38   39   39   39   39   39   39   39
   39   39   37   35   49   39   46   41   15                                   
    80.0-180.0 180.0   5.0 450.0                            LAT/LON1/LON2/DLON/H
   29   38   46   39   44   43   44   44   47   48   49   51   52   52   52   51
   50   48   46   43   41   39   37   35   33   32   32   31   31   32   32   33
   34   35   36   37   38   39   39   40   40   40   39   39   38   38   37   37
   37   37   37   37   37   38   39   40   41   41   42   43   43   43   43   43
   44   43   43   42   54   47   46   45   29                                   
    77.5-180.0 180.0   5.0 450.0                            LAT/LON1/LON2/DLON/H
   40   46   44   37   38   39   42   43   47   48   49   51   53   53   53   53
   51   49   46   43   40   37   35   32   30   29   28   28   28   29   30   31
   32   33   35   36   36   37   37   38   37   37   36   35   34   33   33   32
   31   31   32   32   33   34   36   37   39   40   42   43   43   43   43   44
   43   43   42   43   46   36   38   36   40                                   
    75.0-180.0 180.0   5.0 450.0                            LAT/LON1/LON2/DLON/H
   38   44   44   37   35   38   40   42   44   46   47   50   52   53   54   53
   51   49   46   43   40   37   35   32   31   29   29   29   30   31   32   33
   34   35   36   37   37   37   37   37   36   35   34   33   32   31   29   29
   28   28   29   30   32   34   36   39   41   44   45   47   47   48   48   48
   46   46   46   42   47   39   39   38   38                                   
    72.5-180.0 180.0   5.0 450.0                            LAT/LON1/LON2/DLON/H
   44   45   44   37   37   40   43   45   47   48   49   52   54   55   55   54
   53   51   48   45   42   39   37   35   34   34   34   34   35   36   37   38
   39   39   40   40   39   39   38   37   36   35   34   33   31   30   29   28
   28   29   31   33   36   39   43   46   50   53   55   57   58   58   58   58
   57   55   57   53   54   46   45   45   44                                   
    70.0-180.0 180.0   5.0 450.0                            LAT/LON1/LON2/DLON/H
   53   50   50   44   41   42   45   46   48   49   50   53   54   55   55   54
   53   50   48   45   43   41   39   39   39   39   40   41   42   43   43   44
   44   43   42   41   40   38   37   36   35   34   33   32   31   30   30   30
   31   33   36   40   44   49   53   58   62   65   68   70   71   72   71   70
   68   66   67   63   62   54   54   53   53                                   
    67.5-180.0 180.0   5.0 450.0                            LAT/LON1/LON2/DLON/H
   59   54   52   46   42   42   44   44   45   46   46   48   49   50   49   48
   47   44   42   40   38   37   37   37   38   39   40   41   42   42   42   42
   41   39   38   35   33   31   29   28   27   27   27   27   27   27   28   29
   31   34   39   44   50   56   61   66   71   74   77   79   80   80   80   79
   76   73   74   69   68   60   59   59   59                                   
    65.0-180.0 180.0   5.0 450.0                            LAT/LON1/LON2/DLON/H
   66   58   54   48   43   42   43   43   44   44   44   45   45   45   45   43
   41   39   37   35   34   34   34   35   37   38   39   40   40   40   39   38
   36   34   31   29   26   23   22   21   21   21   22   23   24   26   27   30
   34   38   44   51   59   66   72   77   82   85   88   90   91   91   90   89
   86   83   82   77   75   68   67   68   66                                   
    62.5-180.0 180.0   5.0 450.0                            LAT/LON1/LON2/DLON/H
   73   64   59   52   46   44   44   44   44   43   43   43   43   42   41   40
   38   36   34   33   32   32   33   35   36   38   38   38   38   37   35   33
   32   29   27   24   21   19   18   17   18   19   21   23   25   28   30   34
   39   45   52   61   70   78   84   90   93   96   98  100  102  102  102  101
   98   94   93   86   84   76   75   77   73                                   
    60.0-180.0 180.0   5.0 450.0                            LAT/LON1/LON2/DLON/H
   81   71   64   56   49   45   44   43   43   41   40   41   40   39   38   36
   35   33   31   30   30   30   31   32   34   34   34   33   32   30   28   27
   25   24   22   20   18   16   15   16   17   19   22   25   27   30   33   37
   43   50   59   69   79   87   94   99  102  104  106  108  110  111  111  111
  108  104  102   96   93   85   83   83   81                                   
    57.5-180.0 180.0   5.0 450.0                            LAT/LON1/LON2/DLON/H
   90   80   72   62   54   49   47   45   43   41   39   39   38   37   36   35
   34   32   31   30   29   29   29   30   31   31   30   28   26   24   23   22
   21   21   20   19   18   17   17   18   20   23   26   29   31   34   37   41
   47   56   66   77   88   97  104  108  111  113  114  117  119  121  122  122
  119  115  113  107  104   94   92   90   90                                   
    55.0-180.0 180.0   5.0 450.0                            LAT/LON1/LON2/DLON/H
  102   92   83   71   62   55   51   47   45   41   39   38   36   35   35   35
   34   33   31   30   29   28   28   28   28   28   26   24   22   20   18   18
   19   20   21   22   22   22   22   24   26   29   32   35   37   39   42   46
   52   61   72   85   96  106  113  117  119  121  123  125  128  131  132  133
  129  125  123  117  115  104  101   98  102                                   
    52.5-180.0 180.0   5.0 450.0                            LAT/LON1/LON2/DLON/H
  117  106   96   83   73   64   58   52   47   43   39   37   35   34   35   35
   35   35   33   31   30   29   28   28   28   27   25   23   20   18   17   18
   20   22   25   27   29   30   31   32   34   37   40   42   44   45   48   52
   59   69   80   93  105  116  123  127  129  130  132  135  138  140  142  142
  138  133  132  127  125  113  111  106  117                                   
    50.0-180.0 180.0   5.0 450.0                            LAT/LON1/LON2/DLON/H
  131  122  110   98   87   76   68   60   53   46   40   38   36   35   36   37
   37   37   36   34   32   31   30   30   30   29   27   25   23   21   20   21
   24   27   31   35   38   39   40   42   44   46   48   50   52   53   56   61
   68   78   90  103  116  127  134  138  140  141  142  144  147  148  149  148
  144  140  138  133  132  121  120  114  131                                   
    47.5-180.0 180.0   5.0 450.0                            LAT/LON1/LON2/DLON/H
  143  135  123  112  101   90   81   70   61   52   45   41   38   37   37   38
   39   39   38   37   36   35   35   35   35   34   33   31   28   26   25   26
   29   34   39   43   47   49   50   51   53   55   56   58   60   62   66   71
   79   90  102  115  128  139  146  150  151  151  151  152  153  154  153  151
  147  143  141  137  137  126  127  121  143                                   
    45.0-180.0 180.0   5.0 450.0                            LAT/LON1/LON2/DLON/H
  150  142  131  123  113  103   93   81   71   60   51   46   43   41   41   41
   41   41   41   40   40   41   42   42   42   42   41   38   36   34   32   32
   35   39   45   50   54   57   58   59   60   61   63   65   68   71   77   84
   93  103  116  128  141  151  158  161  160  159  158  157  157  156  154  151
  147  143  142  138  138  128  131  126  150                                   
    42.5-180.0 180.0   5.0 450.0                            LAT/LON1/LON2/DLON/H
  149  142  132  127  120  112  103   92   81   69   60   54   50   47   45   45
   44   44   45   46   48   49   51   52   51   50   49   47   44   41   38   37
   39   43   48   54   59   61   63   64   65   66   69   72   76   81   88   97
  107  118  130  142  153  163  168  170  168  165  162  160  159  156  153  150
  147  144  143  139  138  129  131  128  149                                   
    40.0-180.0 180.0   5.0 450.0                            LAT/LON1/LON2/DLON/H
  141  135  125  123  118  113  106   98   89   78   70   64   60   56   53   50
   49   49   51   54   57   60   62   62   60   58   56   54   50   46   43   41
   42   45   50   56   61   64   65   67   68   70   73   78   83   91  100  111
  122  133  144  154  165  173  177  177  174  169  165  162  160  158  155  153
  151  149  148  144  142  131  130  127  141                                   
    37.5-180.0 180.0   5.0 450.0                            LAT/LON1/LON2/DLON/H
  131  122  112  111  108  105  102   97   92   85   79   75   71   66   62   59
   56   56   59   64   69   72   73   72   68   65   62   58   55   50   47   44
   45   47   52   57   62   65   67   69   71   74   78   83   91  101  112  124
  135  146  156  165  174  181  184  183  179  173  169  167  165  164  163  163
  164  164  164  159  153  139  134  129  131                                   
    35.0-180.0 180.0   5.0 450.0                            LAT/LON1/LON2/DLON/H
  124  111   98   95   93   92   92   91   89   86   84   83   81   77   73   68
   66   66   69   75   81   84   84   80   74   69   66   62   58   55   51   49
   49   51   55   60   64   68   70   71   74   77   82   89   98  109  122  135
  146  156  165  173  182  188  191  190  186  181  177  177  178  180  182  187
  190  192  193  187  178  159  149  139  124                                   
    32.5-180.0 180.0   5.0 450.0                            LAT/LON1/LON2/DLON/H
  128  108   90   83   79   77   78   80   82   82   84   86   87   85   81   77
   75   76   80   86   92   94   91   85   78   72   68   65   63   59   57   55
   56   58   61   65   68   71   73   75   77   81   87   95  105  117  130  143
  154  163  171  180  188  195  200  200  197  194  193  195  200  207  214  223
  230  235  237  230  218  196  181  164  128                                   
    30.0-180.0 180.0   5.0 450.0                            LAT/LON1/LON2/DLON/H
  147  119   95   80   72   66   67   69   72   75   79   84   87   88   86   84
   83   85   89   94   98   98   94   87   80   75   72   69   67   65   63   63
   64   66   69   71   74   75   77   78   81   85   91  100  110  123  136  149
  159  168  176  185  195  204  211  215  215  215  218  224  234  245  257  271
  281  287  291  284  272  246  229  206  147                                   
    27.5-180.0 180.0   5.0 450.0                            LAT/LON1/LON2/DLON/H
  184  150  118   93   77   66   62   61   64   66   71   78   82   85   85   85
   86   88   91   95   96   95   90   85   80   77   76   75   73   72   71   72
   74   77   79   79   80   80   80   81   83   87   94  103  114  127  140  153
  163  172  181  192  204  217  228  236  241  245  252  262  275  290  307  323
  335  343  348  341  331  305  287  260  184                                   
    25.0-180.0 180.0   5.0 450.0                            LAT/LON1/LON2/DLON/H
  239  201  161  125  100   80   68   61   60   60   64   70   74   77   79   81
   83   85   87   88   88   86   83   81   80   81   82   82   82   81   82   85
   88   90   90   88   85   83   82   82   84   88   95  105  117  130  144  157
  168  178  188  201  217  235  251  264  274  283  293  306  322  339  357  375
  387  396  401  394  388  365  348  320  239                                   
    22.5-180.0 180.0   5.0 450.0                            LAT/LON1/LON2/DLON/H
  305  266  219  174  141  110   88   72   64   60   61   64   66   69   71   73
   76   77   77   75   74   74   75   78   83   88   93   95   95   95   97  101
  103  103  100   94   88   84   82   80   81   85   93  105  119  134  149  162
  174  186  199  215  235  257  279  298  313  327  340  354  370  388  405  421
  433  440  445  439  436  419  404  380  305                                   
    20.0-180.0 180.0   5.0 450.0                            LAT/LON1/LON2/DLON/H
  373  336  284  235  196  156  122   96   80   70   65   64   63   63   64   66
   67   66   64   62   62   64   71   80   90  101  108  112  114  114  115  117
  117  113  105   95   87   81   78   76   77   81   91  104  120  138  155  170
  184  197  213  233  257  284  310  334  354  371  387  401  415  430  445  459
  467  472  475  470  471  462  452  434  373                                   
    17.5-180.0 180.0   5.0 450.0                            LAT/LON1/LON2/DLON/H
  430  399  347  300  257  211  167  134  109   93   82   74   69   65   64   63
   62   59   56   54   56   63   74   89  104  119  129  134  135  133  132  130
  125  116  104   92   82   75   72   70   72   77   88  104  123  144  163  181
  197  213  231  254  280  309  339  366  390  409  425  438  451  463  474  483
  487  488  489  486  488  490  486  476  430                                   
    15.0-180.0 180.0   5.0 450.0                            LAT/LON1/LON2/DLON/H
  471  448  403  361  317  269  219  180  151  129  112   99   87   79   74   70
   66   62   58   58   63   74   89  108  127  143  154  157  155  150  143  137
  127  115  100   86   76   70   66   66   68   74   87  106  128  152  174  193
  211  230  250  274  302  332  362  390  415  435  451  464  474  483  490  493
  492  489  488  486  488  499  502  500  471                                   
    12.5-180.0 180.0   5.0 450.0                            LAT/LON1/LON2/DLON/H
  493  479  445  411  370  323  271  231  200  175  155  137  121  108   99   91
   84   78   76   78   86  100  118  138  157  171  178  177  170  160  149  138
  125  110   95   81   72   67   64   64   67   75   90  111  136  161  185  207
  227  246  268  293  320  349  377  404  428  447  463  474  483  489  492  491
  484  478  476  474  477  492  502  505  493                                   
    10.0-180.0 180.0   5.0 450.0                            LAT/LON1/LON2/DLON/H
  499  492  471  446  411  368  320  281  251  227  206  187  168  152  139  128
  119  112  111  116  128  144  162  179  192  199  199  192  180  165  151  136
  122  107   92   81   73   68   67   67   71   80   97  119  145  172  197  220
  240  261  283  307  333  359  384  408  429  447  461  471  479  484  485  481
  471  463  460  459  462  476  490  498  499                                   
     7.5-180.0 180.0   5.0 450.0                            LAT/LON1/LON2/DLON/H
  497  495  485  466  439  403  360  326  299  277  258  239  221  204  190  178
  168  162  163  172  185  201  214  222  225  222  213  200  184  167  151  136
