data/edconvlstm_nd/pred2160.15i
     1.0            IONOSPHERE MAPS     GNSS                IONEX VERSION / TYPE
pyspatialgeodesy        IME             05-JAN-18 20:20     PGM / RUN BY / DATE 
Map Name                                                    COMMENT             
Predicted global ionosphere maps (GIM).                     DESCRIPTION         
  2015     8     4     0     0     0                        EPOCH OF FIRST MAP  
  2015     8     5     0     0     0                        EPOCH OF LAST MAP   
  7200                                                      INTERVAL            
    13                                                      # OF MAPS IN FILE   
  NONE                                                      MAPPING FUNCTION    
10.0                                                        ELEVATION CUTOFF    
One-way carrier phase leveled to code                       OBSERVABLES USED    
  6371.0                                                    BASE RADIUS         
 2                                                          MAP DIMENSION       
   450.0 450.0   0.0                                        HGT1 / HGT2 / DHGT  
    87.5 -87.5  -2.5                                        LAT1 / LAT2 / DLAT  
  -180.0 180.0   5.0                                        LON1 / LON2 / DLON  
    -1                                                      EXPONENT            
                                                            END OF HEADER       
[from data line 1287]
     4                                                      START OF TEC MAP    
  2015     8     4     6     0     0                        EPOCH OF CURRENT MAP
    87.5-180.0 180.0   5.0 450.0                            LAT/LON1/LON2/DLON/H
  134  136  134  139  139  137  135  132  132  133  132  132  132  132  131  131
  130  130  129  129  128  128  127  126  126  125  125  124  124  124  123  123
  124  124  124  125  125  126  127  128  129  129  130  131  132  133  134  134
  135  135  135  135  135  135  135  135  135  134  134  134  134  133  133  133
  133  135  133  133  138  136  140  133  134                                   
    85.0-180.0 180.0   5.0 450.0                            LAT/LON1/LON2/DLON/H
  137  146  144  146  147  147  147  145  145  145  144  144  143  143  142  142
  141  141  140  139  139  138  137  136  135  135  134  134  133  133  133  133
  134  134  135  136  137  138  139  140  142  143  144  145  146  147  148  149
  149  149  150  150  149  149  149  149  148  148  147  147  146  146  145  145
  147  148  144  144  140  142  144  140  137                                   
    82.5-180.0 180.0   5.0 450.0                            LAT/LON1/LON2/DLON/H
  147  152  155  150  149  149  148  147  146  146  144  144  143  142  141  140
  139  138  137  136  135  134  133  132  131  130  129  128  128  128  129  130
  131  132  134  135  137  139  141  143  145  147  148  150  152  153  154  155
  156  156  157  157  157  156  156  155  154  154  153  152  151  150  149  149
  149  150  146  147  149  146  143  136  147                                   
    80.0-180.0 180.0   5.0 450.0                            LAT/LON1/LON2/DLON/H
  153  156  153  151  151  150  149  147  146  144  142  141  140  138  137  136
  135  134  132  131  129  128  126  124  122  121  120  119  119  120  121  122
  124  126  129  132  135  138  140  143  146  149  151  154  156  158  160  162
  163  164  164  164  164  164  163  162  161  160  159  158  157  155  154  154
  153  152  150  152  154  154  158  143  153                                   
    77.5-180.0 180.0   5.0 450.0                            LAT/LON1/LON2/DLON/H
  157  159  158  157  154  154  152  149  147  144  140  139  137  135  134  132
  131  130  129  127  125  123  121  118  116  114  112  112  112  113  115  118
  121  125  129  133  137  141  145  148  152  156  159  163  166  169  171  174
  175  177  177  178  178  177  177  176  174  173  172  170  168  166  164  163
  162  161  157  160  162  159  159  153  157                                   
    75.0-180.0 180.0   5.0 450.0                            LAT/LON1/LON2/DLON/H
  156  163  158  158  154  154  151  146  142  138  133  131  128  126  125  124
  124  123  122  120  118  116  112  109  106  103  101  100  100  102  105  108
  113  118  123  128  133  138  143  148  152  156  161  165  169  173  176  179
  182  183  184  185  185  185  184  183  182  181  179  178  176  174  172  171
  168  167  163  160  162  163  164  159  156                                   
    72.5-180.0 180.0   5.0 450.0                            LAT/LON1/LON2/DLON/H
  158  168  163  161  158  156  152  146  140  135  129  126  123  121  121  120
  120  120  120  119  117  114  110  106  102   99   96   95   96   98  101  106
  112  118  124  130  136  142  147  152  157  162  167  172  177  181  185  189
  191  193  194  195  195  194  193  192  191  190  189  188  187  185  183  182
  180  178  175  172  170  170  168  165  158                                   
    70.0-180.0 180.0   5.0 450.0                            LAT/LON1/LON2/DLON/H
  164  170  165  162  157  152  146  139  132  126  119  116  113  111  111  111
  112  113  113  113  111  109  105  100   96   92   89   88   88   91   95  101
  108  115  121  128  134  140  145  151  156  162  168  173  179  184  188  191
  194  195  196  196  195  194  193  192  191  190  190  190  189  188  187  186
  184  182  179  177  175  175  176  172  164                                   
    67.5-180.0 180.0   5.0 450.0                            LAT/LON1/LON2/DLON/H
  164  170  164  159  154  148  140  132  124  116  110  106  103  102  102  103
  104  106  107  107  106  103  100   95   91   86   83   82   83   86   91   97
  104  111  119  125  131  137  142  148  154  160  166  172  178  183  187  190
  193  194  194  193  191  190  188  186  186  186  186  186  187  187  186  186
  185  183  180  178  177  176  176  173  164                                   
    65.0-180.0 180.0   5.0 450.0                            LAT/LON1/LON2/DLON/H
  165  169  163  158  151  144  136  126  118  110  103   99   96   94   94   95
   97   99  100  100  100   98   95   91   87   83   80   79   80   84   89   96
  103  111  118  125  131  136  142  148  154  160  167  174  179  184  188  191
  192  193  192  191  188  186  183  181  181  181  182  183  185  185  186  186
  185  184  181  180  179  179  179  176  165                                   
    62.5-180.0 180.0   5.0 450.0                            LAT/LON1/LON2/DLON/H
  166  170  163  157  150  142  133  123  114  105   98   93   90   89   88   89
   90   91   92   92   92   91   88   85   82   79   77   77   79   83   88   95
  103  111  118  124  130  136  142  148  155  162  169  176  181  186  189  191
  192  192  191  189  186  183  180  178  177  177  178  180  182  184  185  185
  185  184  182  181  180  180  181  179  166                                   
    60.0-180.0 180.0   5.0 450.0                            LAT/LON1/LON2/DLON/H
  169  171  164  158  150  142  133  122  112  102   94   89   85   83   82   82
   82   82   82   82   81   81   80   78   76   75   74   75   77   81   87   94
  102  109  117  124  130  136  143  149  157  164  171  178  183  187  190  192
  193  193  192  191  188  184  180  178  176  176  177  179  181  183  184  185
  184  184  183  182  182  182  183  181  169                                   
    57.5-180.0 180.0   5.0 450.0                            LAT/LON1/LON2/DLON/H
  174  176  169  162  155  146  137  125  115  103   94   87   82   79   77   76
   74   73   72   71   71   71   71   71   71   71   72   73   76   81   87   93
  101  109  117  125  132  139  146  153  161  168  176  182  187  190  193  195
  197  198  198  197  195  191  187  183  181  181  181  183  184  185  186  187
  186  186  186  186  185  186  187  185  174                                   
    55.0-180.0 180.0   5.0 450.0                            LAT/LON1/LON2/DLON/H
  181  182  177  171  163  155  146  133  121  107   95   87   80   76   73   70
   68   65   63   62   62   63   64   66   68   69   71   73   77   81   86   93
  100  108  117  126  134  142  150  157  165  173  181  187  191  195  198  201
  204  207  208  208  206  202  197  193  190  189  189  189  190  191  190  191
  190  191  190  190  191  191  192  191  181                                   
    52.5-180.0 180.0   5.0 450.0                            LAT/LON1/LON2/DLON/H
  190  192  188  183  176  168  159  145  130  114   99   88   79   74   70   67
   64   61   58   56   56   58   61   64   67   70   73   75   79   82   87   93
  100  108  118  128  137  146  155  163  171  179  186  192  197  201  205  209
  214  218  221  222  220  216  210  205  201  199  198  198  198  197  197  197
  196  197  197  197  197  197  198  198  190                                   
    50.0-180.0 180.0   5.0 450.0                            LAT/LON1/LON2/DLON/H
  198  202  200  196  190  183  173  158  142  123  105   91   80   73   69   66
   63   60   57   56   56   58   62   67   71   75   78   80   83   85   89   94
  100  109  119  130  141  151  160  168  177  185  192  198  203  208  213  219
  225  231  236  236  234  228  222  215  211  208  207  206  206  205  203  204
  204  204  205  205  204  204  204  204  198                                   
    47.5-180.0 180.0   5.0 450.0                            LAT/LON1/LON2/DLON/H
  205  210  209  206  203  196  187  171  153  132  112   95   82   74   70   67
   65   63   61   60   61   64   69   74   79   82   85   87   88   90   92   95
  101  109  120  131  143  154  164  173  182  190  197  204  210  216  222  230
  237  244  248  249  245  238  230  223  217  214  213  212  211  210  209  210
  211  212  213  213  212  210  210  208  205                                   
    45.0-180.0 180.0   5.0 450.0                            LAT/LON1/LON2/DLON/H
  210  214  214  213  211  205  197  181  163  140  118  100   86   77   73   71
   70   69   68   68   69   73   78   84   88   92   94   95   95   95   96   98
  102  109  120  132  145  157  167  177  186  194  202  209  216  223  231  240
  248  255  259  257  252  244  235  227  221  218  216  215  214  214  214  216
  218  221  222  221  219  215  214  211  210                                   
    42.5-180.0 180.0   5.0 450.0                            LAT/LON1/LON2/DLON/H
  211  215  214  213  214  208  201  187  169  147  124  106   91   83   78   77
   78   78   77   78   80   84   89   94   99  101  102  103  102  101  100  100
  103  110  120  132  145  158  169  180  189  198  206  214  221  230  239  249
  258  264  266  264  257  248  239  231  225  222  220  218  218  218  219  223
  227  231  233  231  227  222  219  214  211                                   
    40.0-180.0 180.0   5.0 450.0                            LAT/LON1/LON2/DLON/H
  213  215  212  210  211  205  199  186  171  150  130  112   98   89   85   85
   85   86   87   88   90   93   99  104  108  110  110  109  108  107  105  104
  105  110  119  131  144  158  170  181  192  201  210  218  226  235  246  256
  265  271  273  270  263  255  246  239  234  230  228  226  225  225  228  234
  240  246  248  245  240  232  228  219  213                                   
    37.5-180.0 180.0   5.0 450.0                            LAT/LON1/LON2/DLON/H
  218  216  211  206  205  198  192  182  169  151  134  118  106   97   93   92
   92   93   94   95   97  101  106  111  114  116  116  115  114  112  110  108
  108  112  119  130  143  157  170  182  194  204  213  222  231  241  252  263
  273  279  281  280  275  269  262  257  252  249  246  243  241  240  244  251
  259  267  270  266  260  248  243  230  218                                   
    35.0-180.0 180.0   5.0 450.0                            LAT/LON1/LON2/DLON/H
  231  224  215  205  200  192  185  176  165  151  137  125  114  105  100   98
   98   99   99  100  102  105  110  115  119  121  121  120  119  118  115  113
  112  114  120  130  142  156  170  184  196  207  217  226  235  246  258  271
  281  289  294  296  295  293  290  287  284  280  275  271  267  265  268  277
  287  296  301  296  288  274  267  250  231                                   
    32.5-180.0 180.0   5.0 450.0                            LAT/LON1/LON2/DLON/H
  254  242  229  213  203  191  183  172  163  151  140  130  121  113  107  103
  102  102  102  102  104  107  112  118  123  126  126  125  124  123  121  118
  117  117  122  130  142  156  170  185  199  211  221  230  239  251  265  279
  292  303  312  319  324  328  329  329  327  323  317  310  303  299  301  310
  321  332  339  333  325  310  300  282  254                                   
    30.0-180.0 180.0   5.0 450.0                            LAT/LON1/LON2/DLON/H
  287  272  255  233  217  200  189  176  165  153  144  136  128  120  112  107
  104  103  102  103  105  108  114  121  127  131  132  131  130  128  126  123
  121  120  124  131  142  156  171  186  201  214  224  234  244  257  273  289
  306  321  335  348  360  370  376  378  377  373  366  357  347  341  341  348
  360  372  381  376  368  352  340  322  287                                   
    27.5-180.0 180.0   5.0 450.0                            LAT/LON1/LON2/DLON/H
  328  312  291  264  243  223  207  190  175  161  150  142  134  125  117  109
  105  103  102  103  105  110  118  127  134  138  139  138  135  133  130  127
  124  123  126  133  143  156  171  187  202  216  228  238  250  265  282  302
  322  341  361  380  399  414  424  429  429  425  417  406  395  385  382  388
  399  413  424  419  413  398  383  367  328                                   
    25.0-180.0 180.0   5.0 450.0                            LAT/LON1/LON2/DLON/H
  373  357  332  303  278  255  236  214  193  174  160  150  141  130  120  112
  106  104  103  104  108  114  124  134  143  148  148  145  140  136  132  129
  125  124  126  133  143  156  171  187  203  218  231  243  257  274  294  316
  340  363  387  411  435  454  467  473  474  470  463  452  438  427  421  424
  435  450  462  459  454  440  424  411  373                                   
    22.5-180.0 180.0   5.0 450.0                            LAT/LON1/LON2/DLON/H
  413  400  372  342  316  293  270  244  218  193  174  160  148  136  125  115
  109  106  106  108  113  121  132  143  153  157  156  150  143  137  131  126
  123  121  123  130  141  155  170  186  202  219  234  248  265  284  307  332
  357  383  409  436  462  482  496  502  503  501  495  485  472  459  452  453
  462  477  490  489  485  474  458  448  413                                   
    20.0-180.0 180.0   5.0 450.0                            LAT/LON1/LON2/DLON/H
  442  431  403  375  350  327  303  275  244  215  191  173  158  144  132  121
  115  112  112  114  119  129  141  153  162  165  161  153  143  133  126  120
  115  114  117  125  137  151  166  183  201  219  236  254  273  295  320  346
  372  398  424  450  473  492  504  510  512  512  509  503  492  480  472  472
  480  494  507  508  504  495  480  473  442                                   
    17.5-180.0 180.0   5.0 450.0                            LAT/LON1/LON2/DLON/H
  456  448  420  394  372  352  328  300  268  236  208  187  170  155  141  131
  124  121  121  123  128  137  149  160  168  169  162  151  138  126  116  109
  104  103  107  116  129  145  162  180  199  219  239  260  282  306  331  358
  384  407  429  451  470  484  494  499  503  506  508  506  499  490  483  482
  488  500  512  514  510  503  490  483  456                                   
    15.0-180.0 180.0   5.0 450.0                            LAT/LON1/LON2/DLON/H
  455  447  421  398  379  362  341  315  284  252  224  202  184  168  155  144
  137  134  132  133  137  145  155  164  168  166  157  143  128  115  105   97
   92   91   95  105  120  138  157  176  197  219  242  266  290  315  341  366
  390  409  427  443  456  466  473  479  484  491  497  500  498  492  486  484
  488  499  509  510  506  498  488  481  455                                   
    12.5-180.0 180.0   5.0 450.0                            LAT/LON1/LON2/DLON/H
  444  436  412  388  372  357  339  317  290  262  235  215  198  183  170  160
  153  149  146  145  146  151  157  162  163  158  146  132  117  104   94   86
   81   79   84   95  111  131  151  173  196  220  245  271  296  321  347  371
  392  408  421  431  440  448  454  460  468  477  487  493  495  491  486  483
  485  493  500  500  495  486  477  470  444                                   
    10.0-180.0 180.0   5.0 450.0                            LAT/LON1/LON2/DLON/H
  429  419  397  371  356  341  325  308  286  263  241  224  209  196  185  176
  170  165  160  156  154  153  154  155  152  144  132  118  105   93   84   77
   72   70   74   86  103  124  146  170  195  221  247  274  300  325  349  372
  391  405  416  424  431  437  444  452  461  472  483  490  493  491  486  482
  482  486  491  489  483  472  463  454  429                                   
     7.5-180.0 180.0   5.0 450.0                            LAT/LON1/LON2/DLON/H
  417  406  383  355  338  321  305  291  274  256  240  228  217  206  197  190
  185  179  173  166  159  153  149  145  138  129  118  106   94   85   78   72
