data/edconvlstm_nd/pred1310.15i
     1.0            IONOSPHERE MAPS     GNSS                IONEX VERSION / TYPE
pyspatialgeodesy        IME             05-JAN-18 20:20     PGM / RUN BY / DATE 
Map Name                                                    COMMENT             
Predicted global ionosphere maps (GIM).                     DESCRIPTION         
  2015     5    11     0     0     0                        EPOCH OF FIRST MAP  
  2015     5    12     0     0     0                        EPOCH OF LAST MAP   
  7200                                                      INTERVAL            
    13                                                      # OF MAPS IN FILE   
  NONE                                                      MAPPING FUNCTION    
10.0                                                        ELEVATION CUTOFF    
One-way carrier phase leveled to code                       OBSERVABLES USED    
  6371.0                                                    BASE RADIUS         
 2                                                          MAP DIMENSION       
   450.0 450.0   0.0                                        HGT1 / HGT2 / DHGT  
    87.5 -87.5  -2.5                                        LAT1 / LAT2 / DLAT  
  -180.0 180.0   5.0                                        LON1 / LON2 / DLON  
    -1                                                      EXPONENT            
                                                            END OF HEADER       
[from data line 4719]
    12                                                      START OF TEC MAP    
  2015     5    11    22     0     0                        EPOCH OF CURRENT MAP
    87.5-180.0 180.0   5.0 450.0                            LAT/LON1/LON2/DLON/H
  221  205  186  192  194  196  196  196  197  199  200  201  202  203  204  204
  204  204  204  203  202  201  200  198  197  195  193  191  189  188  186  184
  182  180  179  177  176  175  174  173  173  172  172  172  173  173  174  174
  175  176  176  177  178  178  179  180  180  181  181  181  182  182  182  182
  182  182  181  184  195  197  194  204  221                                   
    85.0-180.0 180.0   5.0 450.0                            LAT/LON1/LON2/DLON/H
  205  202  201  197  193  199  200  203  205  207  209  211  212  214  215  215
  216  216  215  214  213  212  210  208  206  204  202  200  197  195  192  190
  187  185  183  180  178  177  175  174  173  173  173  173  173  174  175  176
  177  178  180  181  182  183  184  185  185  186  186  186  186  186  186  186
  187  186  187  188  194  183  184  194  205                                   
    82.5-180.0 180.0   5.0 450.0                            LAT/LON1/LON2/DLON/H
  183  186  183  182  183  191  194  198  200  204  208  211  214  217  219  220
  220  220  219  217  216  213  211  208  205  202  199  196  193  189  186  182
  179  175  172  169  166  163  161  160  158  158  158  159  160  161  163  165
  167  170  172  174  176  177  179  180  181  181  182  182  181  181  181  179
  179  177  177  182  186  188  181  177  183                                   
    80.0-180.0 180.0   5.0 450.0                            LAT/LON1/LON2/DLON/H
  173  174  174  173  172  179  183  191  196  202  207  212  216  219  222  223
  223  222  220  218  215  212  209  205  202  199  195  192  188  184  180  176
  172  168  163  159  156  152  149  147  145  145  145  146  147  150  152  155
  158  161  164  167  170  172  174  175  176  177  177  177  176  175  174  173
  172  170  170  173  175  165  162  168  173                                   
    77.5-180.0 180.0   5.0 450.0                            LAT/LON1/LON2/DLON/H
  174  166  169  168  168  175  179  187  193  201  207  213  219  223  225  226
  225  224  221  217  214  210  206  203  199  196  193  190  187  183  179  176
  172  167  163  159  154  151  147  144  142  141  142  143  144  147  151  154
  158  162  166  169  172  174  176  177  178  179  179  179  178  177  176  174
  172  170  169  170  177  163  165  176  174                                   
    75.0-180.0 180.0   5.0 450.0                            LAT/LON1/LON2/DLON/H
  175  169  168  166  164  172  175  182  190  199  205  213  218  222  224  224
  222  218  214  210  205  201  197  194  191  188  186  183  181  178  175  172
  169  165  161  157  152  148  144  141  138  137  137  138  140  143  146  150
  154  158  161  164  167  169  171  172  173  174  175  175  174  174  173  172
  171  169  170  169  174  163  167  172  175                                   
    72.5-180.0 180.0   5.0 450.0                            LAT/LON1/LON2/DLON/H
  184  179  177  177  171  178  180  186  193  201  208  216  221  225  225  224
  220  215  210  204  198  194  190  187  184  182  180  178  176  175  172  170
  167  164  161  157  153  149  145  142  139  137  137  137  139  142  146  150
  154  157  160  163  165  166  168  169  171  172  173  174  174  174  175  174
  173  173  174  174  180  172  179  191  184                                   
    70.0-180.0 180.0   5.0 450.0                            LAT/LON1/LON2/DLON/H
  198  195  191  188  180  184  184  190  197  205  212  219  224  226  225  222
  217  210  203  197  191  186  182  179  176  174  172  171  169  168  166  164
  162  160  157  154  150  147  143  139  137  135  134  135  137  139  143  146
  149  152  154  156  157  158  159  161  163  165  168  170  171  172  174  175
  174  176  179  181  189  186  196  206  198                                   
    67.5-180.0 180.0   5.0 450.0                            LAT/LON1/LON2/DLON/H
  217  216  212  208  199  201  200  204  209  217  224  230  234  235  233  229
  222  215  207  200  194  189  184  181  178  176  173  171  169  167  165  164
  162  160  158  155  152  149  146  143  141  139  138  139  140  142  145  148
  150  152  153  154  154  155  156  158  161  165  168  172  175  177  179  181
  181  184  188  190  199  198  210  222  217                                   
    65.0-180.0 180.0   5.0 450.0                            LAT/LON1/LON2/DLON/H
  230  231  227  223  212  213  210  213  218  225  231  237  240  240  238  233
  226  218  211  204  198  193  189  185  182  178  175  171  169  166  164  162
  160  157  155  152  150  147  145  143  141  139  139  139  139  141  143  144
  146  146  146  146  146  146  148  151  155  160  165  170  174  177  180  182
  182  186  191  195  206  208  222  234  230                                   
    62.5-180.0 180.0   5.0 450.0                            LAT/LON1/LON2/DLON/H
  239  241  239  234  224  224  221  223  227  233  238  243  246  246  243  239
  233  227  220  215  210  206  202  197  192  188  183  179  176  173  170  167
  164  160  157  154  151  149  147  145  144  142  142  141  141  141  142  142
  142  142  141  140  140  140  142  146  151  157  164  170  174  178  181  182
  183  186  191  194  206  209  222  235  239                                   
    60.0-180.0 180.0   5.0 450.0                            LAT/LON1/LON2/DLON/H
  240  243  242  239  231  230  228  229  233  238  242  246  248  248  246  243
  239  235  231  227  224  221  217  212  207  202  197  193  190  187  184  180
  175  169  164  159  156  153  151  150  149  148  146  145  143  142  141  140
  138  137  136  135  134  134  137  141  148  155  163  169  175  178  181  182
  181  184  187  190  201  205  217  231  240                                   
    57.5-180.0 180.0   5.0 450.0                            LAT/LON1/LON2/DLON/H
  237  238  241  239  235  235  234  235  237  241  243  246  248  248  247  246
  245  243  241  240  238  235  232  228  223  219  216  214  212  210  206  201
  194  186  177  170  165  161  159  158  157  155  153  151  148  144  141  138
  135  134  132  131  130  131  134  139  146  155  163  170  175  179  181  182
  181  182  184  186  194  197  207  223  237                                   
    55.0-180.0 180.0   5.0 450.0                            LAT/LON1/LON2/DLON/H
  233  234  240  240  239  241  241  242  244  245  246  247  247  247  247  248
  248  249  249  249  249  248  246  243  241  239  238  239  239  238  235  228
  219  208  196  186  179  173  170  168  167  165  163  159  154  148  143  138
  135  132  131  130  130  131  134  140  148  156  165  172  177  181  183  184
  183  184  186  185  192  193  200  218  233                                   
    52.5-180.0 180.0   5.0 450.0                            LAT/LON1/LON2/DLON/H
  233  233  242  246  248  252  254  254  255  254  251  249  247  246  247  248
  250  251  253  254  255  256  256  256  257  258  261  264  267  268  265  257
  245  230  216  203  193  186  182  179  178  175  172  167  160  153  146  140
  136  133  132  131  132  133  137  143  150  159  168  175  181  184  188  190
  190  192  193  193  197  196  201  220  233                                   
    50.0-180.0 180.0   5.0 450.0                            LAT/LON1/LON2/DLON/H
  242  242  253  259  264  271  274  274  274  270  265  259  254  251  250  250
  251  252  254  255  258  261  264  268  272  276  282  287  292  293  289  280
  266  249  232  217  206  198  193  190  187  185  181  175  168  160  151  145
  140  137  136  136  136  138  142  148  156  165  174  182  187  192  196  200
  202  206  209  209  212  209  214  234  242                                   
    47.5-180.0 180.0   5.0 450.0                            LAT/LON1/LON2/DLON/H
  260  260  272  280  288  297  301  302  301  296  287  278  270  263  259  256
  254  253  253  255  259  265  272  279  286  293  299  306  310  310  305  293
  277  259  241  226  215  207  201  197  194  192  188  183  176  167  159  152
  147  144  143  143  143  144  148  154  163  173  183  192  198  204  209  215
  219  227  231  234  236  233  237  260  260                                   
    45.0-180.0 180.0   5.0 450.0                            LAT/LON1/LON2/DLON/H
  287  289  301  310  319  330  334  337  335  330  319  307  295  284  275  267
  261  257  255  256  262  271  281  291  300  307  314  318  320  317  309  296
  279  261  244  231  221  214  208  204  200  197  194  189  183  176  168  161
  156  153  152  151  151  152  155  162  172  183  195  206  213  219  226  233
  240  250  257  263  266  264  269  294  287                                   
    42.5-180.0 180.0   5.0 450.0                            LAT/LON1/LON2/DLON/H
  321  324  335  344  354  364  370  374  374  369  358  345  329  314  299  286
  274  265  261  262  270  281  294  306  315  322  325  325  322  315  305  290
  274  259  245  235  228  222  216  211  207  203  200  197  192  186  178  172
  167  163  161  160  158  159  162  169  180  195  209  222  231  238  245  253
  260  273  283  292  296  298  304  330  321                                   
    40.0-180.0 180.0   5.0 450.0                            LAT/LON1/LON2/DLON/H
  356  361  371  379  389  399  406  411  413  411  401  388  371  351  331  311
  293  280  273  274  283  297  312  325  333  336  335  330  322  312  299  286
  273  261  252  246  241  236  230  224  218  213  209  206  202  197  190  184
  178  174  171  168  166  165  167  175  188  205  223  238  250  258  265  272
  279  293  305  317  322  327  336  363  356                                   
    37.5-180.0 180.0   5.0 450.0                            LAT/LON1/LON2/DLON/H
  390  396  405  410  420  429  437  444  449  450  444  433  415  393  368  342
  319  302  293  294  304  319  335  346  352  352  346  337  326  314  303  292
  284  277  272  269  265  260  253  244  235  227  222  219  215  210  204  197
  190  185  180  176  172  169  171  179  193  212  233  252  267  276  283  289
  295  310  322  336  341  350  363  388  390                                   
    35.0-180.0 180.0   5.0 450.0                            LAT/LON1/LON2/DLON/H
  420  427  435  437  448  455  465  473  481  485  484  476  459  436  408  378
  350  330  319  320  331  346  360  370  374  371  363  352  341  330  322  317
  315  313  312  309  304  296  285  272  259  248  240  234  229  224  217  209
  202  195  189  183  178  174  174  181  196  217  241  263  280  291  299  304
  310  323  336  350  356  367  383  407  420                                   
    32.5-180.0 180.0   5.0 450.0                            LAT/LON1/LON2/DLON/H
  450  457  464  464  476  483  493  501  511  518  520  516  502  479  449  416
  386  363  351  352  361  375  387  395  397  393  386  377  369  364  363  365
  369  371  370  365  355  341  324  305  287  271  260  251  244  237  229  221
  213  205  198  191  184  179  179  185  198  219  244  269  289  303  312  319
  324  337  349  363  369  382  400  422  450                                   
    30.0-180.0 180.0   5.0 450.0                            LAT/LON1/LON2/DLON/H
  479  486  494  494  509  517  527  535  545  553  556  554  543  522  492  457
  425  400  387  386  393  404  414  420  421  419  415  412  411  414  422  432
  441  445  439  426  407  385  361  336  313  294  278  267  258  249  240  231
  222  214  206  199  192  186  184  189  201  220  245  270  293  310  324  333
  341  355  366  380  385  398  418  438  479                                   
    27.5-180.0 180.0   5.0 450.0                            LAT/LON1/LON2/DLON/H
  509  518  527  531  552  562  573  580  589  594  597  596  586  566  536  501
  468  442  426  421  424  431  438  443  446  448  450  455  462  475  491  507
  517  516  502  477  446  414  384  356  330  309  292  278  267  258  248  239
  230  222  214  206  199  193  190  192  202  219  242  267  292  314  332  348
  359  376  389  402  407  418  438  457  509                                   
    25.0-180.0 180.0   5.0 450.0                            LAT/LON1/LON2/DLON/H
  539  551  562  574  602  616  631  637  645  647  647  643  633  614  585  550
  515  486  467  458  456  458  462  467  472  478  487  498  513  531  551  567
  573  563  536  499  457  417  383  355  331  312  296  283  272  262  253  244
  236  228  219  211  203  197  193  194  201  215  235  259  286  312  338  361
  379  401  416  429  433  443  461  481  539                                   
    22.5-180.0 180.0   5.0 450.0                            LAT/LON1/LON2/DLON/H
  566  582  596  616  653  674  693  702  709  708  704  698  687  667  638  603
  566  535  511  496  488  486  488  492  498  508  520  533  549  565  579  588
  585  565  529  481  432  389  355  331  314  301  290  281  272  263  255  248
  240  231  222  213  205  198  194  194  199  210  226  249  276  307  340  371
  398  426  445  459  461  471  487  507  566                                   
    20.0-180.0 180.0   5.0 450.0                            LAT/LON1/LON2/DLON/H
  587  609  625  651  697  723  749  763  772  770  764  756  744  724  695  659
  621  586  557  536  523  517  516  519  525  534  542  549  554  557  559  556
  545  518  476  425  375  334  306  291  283  280  277  273  268  262  256  250
  242  233  223  213  203  196  192  191  196  204  218  238  266  301  340  379
  414  448  472  487  488  498  512  533  587                                   
    17.5-180.0 180.0   5.0 450.0                            LAT/LON1/LON2/DLON/H
  599  627  646  674  725  756  788  807  821  822  818  810  798  779  752  716
  676  639  606  580  562  552  548  548  550  551  546  536  521  505  491  477
  459  431  390  343  299  268  250  246  250  256  262  265  264  261  257  252
  244  234  222  210  199  191  187  187  191  198  210  229  256  293  337  382
  424  464  492  508  509  520  532  554  599                                   
    15.0-180.0 180.0   5.0 450.0                            LAT/LON1/LON2/DLON/H
  603  634  656  682  733  767  802  827  847  854  854  850  840  825  800  766
  727  688  653  624  603  589  581  575  567  552  527  494  457  422  394  372
  351  326  294  259  229  211  205  211  223  238  251  259  262  262  259  253
  245  233  219  204  191  183  179  180  185  192  203  220  248  286  332  380
  425  470  501  519  521  533  545  565  603                                   
    12.5-180.0 180.0   5.0 450.0                            LAT/LON1/LON2/DLON/H
  601  632  655  675  723  755  790  818  844  858  865  866  862  852  832  802
  766  728  694  665  641  623  609  593  571  536  490  436  381  333  296  271
  252  235  216  198  184  179  183  195  213  232  248  259  264  264  260  254
  244  230  213  196  182  173  169  171  176  184  195  212  239  278  324  373
  419  464  498  518  522  537  550  569  601                                   
    10.0-180.0 180.0   5.0 450.0                            LAT/LON1/LON2/DLON/H
  595  625  647  659  701  727  758  785  814  835  850  858  861  857  843  819
  787  755  724  695  670  647  625  598  561  511  448  380  316  262  225  202
  190  182  177  174  174  180  190  205  223  241  256  266  268  266  261  253
  241  224  206  187  172  162  159  161  167  175  186  204  231  269  315  362
  406  451  486  509  515  534  549  567  595                                   
     7.5-180.0 180.0   5.0 450.0                            LAT/LON1/LON2/DLON/H
  591  620  640  644  677  695  718  740  770  794  813  828  837  839  832  814
  790  763  737  711  685  658  628  592  544  484  414  343  279  230  199  183
