data/edconvlstm_nd/pred1730.15i
     1.0            IONOSPHERE MAPS     GNSS                IONEX VERSION / TYPE
pyspatialgeodesy        IME             05-JAN-18 20:20     PGM / RUN BY / DATE 
Map Name                                                    COMMENT             
Predicted global ionosphere maps (GIM).                     DESCRIPTION         
  2015     6    22     0     0     0                        EPOCH OF FIRST MAP  
  2015     6    23     0     0     0                        EPOCH OF LAST MAP   
  7200                                                      INTERVAL            
    13                                                      # OF MAPS IN FILE   
  NONE                                                      MAPPING FUNCTION    
10.0                                                        ELEVATION CUTOFF    
One-way carrier phase leveled to code                       OBSERVABLES USED    
  6371.0                                                    BASE RADIUS         
 2                                                          MAP DIMENSION       
   450.0 450.0   0.0                                        HGT1 / HGT2 / DHGT  
    87.5 -87.5  -2.5                                        LAT1 / LAT2 / DLAT  
  -180.0 180.0   5.0                                        LON1 / LON2 / DLON  
    -1                                                      EXPONENT            
                                                            END OF HEADER       
[from data line 4719]
    12                                                      START OF TEC MAP    
  2015     6    22    22     0     0                        EPOCH OF CURRENT MAP
    87.5-180.0 180.0   5.0 450.0                            LAT/LON1/LON2/DLON/H
  213  194  176  182  181  180  179  178  176  176  175  174  174  173  172  171
  171  170  169  168  167  166  165  165  164  163  162  162  161  161  160  160
  160  159  159  159  159  159  160  160  160  161  161  162  163  163  164  165
  166  167  168  169  170  171  172  173  174  175  175  176  177  177  178  178
  178  179  178  180  190  193  191  201  213                                   
    85.0-180.0 180.0   5.0 450.0                            LAT/LON1/LON2/DLON/H
  203  199  198  193  186  189  188  188  186  186  184  183  182  181  180  179
  178  177  176  175  173  172  171  170  169  168  167  166  165  164  164  163
  163  162  162  162  162  162  163  163  164  164  165  166  167  168  169  170
  172  173  175  176  177  179  180  182  183  184  185  187  187  188  189  190
  191  191  192  192  196  187  188  198  203                                   
    82.5-180.0 180.0   5.0 450.0                            LAT/LON1/LON2/DLON/H
  191  194  193  190  186  190  189  188  185  185  183  183  181  180  179  177
  176  175  173  171  170  168  166  164  162  161  159  157  156  155  154  153
  152  152  151  151  151  151  152  152  153  154  155  156  158  159  161  163
  165  167  169  171  173  175  177  179  181  183  184  186  187  188  189  190
  191  190  191  196  197  201  196  195  191                                   
    80.0-180.0 180.0   5.0 450.0                            LAT/LON1/LON2/DLON/H
  195  199  201  196  190  191  192  193  192  192  190  190  189  188  187  186
  185  183  182  180  178  176  173  171  169  166  164  162  160  158  157  156
  155  154  154  154  154  154  154  155  155  156  157  159  160  162  164  166
  169  171  174  176  178  181  183  185  187  188  190  191  193  194  195  196
  197  197  198  201  201  192  193  199  195                                   
    77.5-180.0 180.0   5.0 450.0                            LAT/LON1/LON2/DLON/H
  203  197  203  199  196  198  198  199  198  198  198  198  198  198  197  197
  196  195  194  192  190  188  185  182  179  176  173  170  168  166  164  163
  162  161  160  160  160  160  160  160  161  161  162  163  165  167  169  171
  174  177  179  182  184  186  188  190  191  193  194  195  196  197  198  199
  199  199  201  202  206  194  201  211  203                                   
    75.0-180.0 180.0   5.0 450.0                            LAT/LON1/LON2/DLON/H
  204  198  201  196  192  196  195  196  197  199  199  201  201  202  203  203
  203  203  202  201  199  197  194  191  188  184  181  178  175  173  171  169
  169  168  168  167  167  167  166  166  166  166  166  167  168  170  172  174
  177  179  182  184  186  188  189  190  192  193  194  194  195  196  197  198
  197  198  199  198  200  188  193  198  204                                   
    72.5-180.0 180.0   5.0 450.0                            LAT/LON1/LON2/DLON/H
  201  195  198  198  192  196  197  198  198  200  201  203  205  206  208  209
  210  210  210  209  208  206  203  200  196  192  188  184  181  178  177  175
  175  174  174  173  173  172  171  170  169  168  168  168  169  171  173  175
  178  180  182  184  186  188  189  190  191  192  193  193  194  195  196  196
  195  195  196  194  194  184  189  200  201                                   
    70.0-180.0 180.0   5.0 450.0                            LAT/LON1/LON2/DLON/H
  199  193  194  192  186  189  190  191  192  195  196  199  201  203  205  207
  208  209  209  209  208  207  204  201  197  193  189  186  183  180  179  178
  178  177  177  177  176  174  172  171  169  167  166  166  166  167  169  171
  173  175  177  179  180  181  182  183  185  186  187  188  190  191  192  192
  191  191  192  191  191  181  187  196  199                                   
    67.5-180.0 180.0   5.0 450.0                            LAT/LON1/LON2/DLON/H
  203  196  198  198  192  195  195  196  197  199  200  203  205  207  209  210
  212  213  214  214  214  213  211  208  205  201  197  194  191  189  188  188
  188  187  187  186  184  182  179  176  174  171  170  169  169  169  170  172
  173  175  177  178  179  181  182  184  186  188  190  193  195  197  198  199
  198  197  197  195  193  183  189  199  203                                   
    65.0-180.0 180.0   5.0 450.0                            LAT/LON1/LON2/DLON/H
  207  200  201  201  194  197  196  196  196  197  198  200  201  203  204  205
  206  207  208  209  210  210  209  206  203  200  197  195  193  192  192  192
  191  191  189  187  185  182  178  175  172  169  166  165  164  164  164  165
  165  166  167  168  169  171  173  175  179  182  186  190  194  197  200  201
  200  200  200  198  198  188  194  204  207                                   
    62.5-180.0 180.0   5.0 450.0                            LAT/LON1/LON2/DLON/H
  216  210  211  210  204  206  204  203  201  201  200  201  201  202  202  202
  202  203  204  206  207  208  207  206  204  202  200  199  199  199  199  198
  197  196  194  191  187  183  179  175  171  168  165  163  161  160  159  159
  158  158  158  159  160  162  165  169  174  179  186  192  197  201  205  207
  206  206  206  205  205  194  201  211  216                                   
    60.0-180.0 180.0   5.0 450.0                            LAT/LON1/LON2/DLON/H
  226  220  222  221  215  216  213  211  208  206  203  202  202  201  199  198
  197  197  198  200  202  204  204  204  203  202  202  202  204  205  205  205
  203  200  196  192  187  183  178  174  170  166  163  160  158  156  153  151
  149  147  146  146  148  150  155  160  167  175  183  191  198  203  208  210
  210  210  211  210  212  203  210  220  226                                   
    57.5-180.0 180.0   5.0 450.0                            LAT/LON1/LON2/DLON/H
  236  232  233  233  229  230  226  223  218  214  210  207  205  202  199  197
  194  193  194  196  198  200  202  202  202  202  204  206  209  211  212  211
  208  203  198  193  187  182  177  173  169  165  162  158  155  151  148  144
  140  137  135  135  136  139  145  152  161  171  181  190  198  205  210  212
  212  214  215  215  217  210  218  228  236                                   
    55.0-180.0 180.0   5.0 450.0                            LAT/LON1/LON2/DLON/H
  246  243  244  245  242  244  241  237  231  225  219  215  211  207  202  198
  195  192  192  194  196  199  200  201  202  203  206  210  214  217  218  216
  212  206  200  194  188  183  178  173  169  165  161  157  153  148  143  137
  132  128  125  125  126  130  137  146  157  168  180  190  199  206  211  213
  213  215  217  217  221  216  225  235  246                                   
    52.5-180.0 180.0   5.0 450.0                            LAT/LON1/LON2/DLON/H
  253  250  252  254  254  258  256  252  246  239  231  225  220  214  209  203
  198  194  193  195  197  199  200  201  202  204  208  213  218  221  222  220
  215  208  202  195  189  184  178  174  169  165  161  156  151  145  138  132
  126  121  118  118  119  124  132  142  154  167  179  191  200  206  211  213
  213  215  218  219  223  220  229  239  253                                   
    50.0-180.0 180.0   5.0 450.0                            LAT/LON1/LON2/DLON/H
  258  255  258  261  264  270  271  269  263  255  246  239  232  225  218  211
  205  200  198  199  200  202  203  203  204  206  210  215  221  224  225  222
  217  210  204  198  192  186  181  176  171  166  161  155  149  143  136  129
  123  118  115  115  117  122  131  142  155  168  181  193  202  208  212  214
  214  216  220  221  226  224  233  242  258                                   
    47.5-180.0 180.0   5.0 450.0                            LAT/LON1/LON2/DLON/H
  260  258  261  265  271  280  284  284  280  272  263  254  246  238  231  222
  215  209  206  206  207  208  208  207  207  209  213  218  223  226  227  224
  219  213  208  202  196  191  185  179  173  167  161  155  148  141  134  128
  123  119  116  116  118  124  133  144  158  172  185  197  206  212  216  218
  218  220  224  225  229  229  237  246  260                                   
    45.0-180.0 180.0   5.0 450.0                            LAT/LON1/LON2/DLON/H
  262  260  263  268  276  288  296  299  297  290  281  271  262  254  245  236
  227  220  216  215  216  216  216  215  214  215  218  222  227  229  229  227
  223  219  214  209  203  197  191  184  177  170  163  156  149  142  135  130
  126  123  121  121  123  129  137  148  162  177  191  203  212  219  223  225
  225  228  231  232  236  236  243  251  262                                   
    42.5-180.0 180.0   5.0 450.0                            LAT/LON1/LON2/DLON/H
  266  264  267  271  281  295  305  312  313  308  299  289  280  270  260  250
  241  233  229  227  228  228  228  227  225  225  227  230  233  235  234  233
  230  227  223  218  212  205  198  190  182  174  166  158  151  144  139  135
  132  130  129  129  130  134  142  153  166  181  196  209  220  227  233  235
  236  239  242  243  245  246  252  259  266                                   
    40.0-180.0 180.0   5.0 450.0                            LAT/LON1/LON2/DLON/H
  272  270  274  277  288  301  314  323  327  325  317  308  297  287  276  265
  256  248  243  242  242  244  244  243  242  241  242  243  244  244  244  242
  240  238  234  229  222  214  205  196  188  179  171  163  156  149  144  141
  140  139  138  137  137  140  146  155  168  183  199  214  226  235  242  246
  248  251  255  256  257  258  263  269  272                                   
    37.5-180.0 180.0   5.0 450.0                            LAT/LON1/LON2/DLON/H
  282  282  285  286  297  309  323  334  340  341  335  326  315  304  293  282
  271  263  259  258  260  262  264  265  264  262  261  260  259  258  257  256
  254  251  246  240  231  221  212  203  194  187  179  170  163  156  152  150
  148  147  145  143  142  143  147  155  167  182  198  215  229  241  249  255
  258  263  267  268  269  270  276  282  282                                   
    35.0-180.0 180.0   5.0 450.0                            LAT/LON1/LON2/DLON/H
  296  297  301  300  309  319  333  344  353  356  352  345  334  323  311  299
  289  281  277  277  280  284  287  289  289  287  284  281  278  276  273  271
  268  264  257  248  237  227  217  208  201  194  187  179  171  165  160  158
  156  154  151  147  144  143  145  152  162  176  193  211  228  241  252  259
  263  270  275  278  279  281  288  295  296                                   
    32.5-180.0 180.0   5.0 450.0                            LAT/LON1/LON2/DLON/H
  312  314  319  316  323  331  344  355  366  371  370  364  355  343  331  319
  309  301  297  297  301  307  312  315  315  312  308  303  298  294  289  285
  280  273  264  252  239  228  218  212  206  201  194  187  179  172  167  164
  161  158  153  148  144  141  141  145  154  167  184  203  221  237  249  258
  263  271  278  282  284  287  297  306  312                                   
    30.0-180.0 180.0   5.0 450.0                            LAT/LON1/LON2/DLON/H
  326  330  336  332  338  345  355  366  379  387  388  385  377  367  355  342
  331  323  319  320  324  331  337  340  339  335  329  322  315  309  302  296
  288  277  264  250  236  224  216  211  208  204  199  191  183  176  170  166
  162  158  152  146  141  137  136  138  144  156  172  191  211  227  240  250
  257  266  275  281  285  289  302  314  326                                   
    27.5-180.0 180.0   5.0 450.0                            LAT/LON1/LON2/DLON/H
  338  342  349  347  352  358  367  378  392  402  407  407  402  393  381  369
  358  349  344  344  348  354  359  361  359  353  345  335  326  317  309  299
  287  273  257  241  226  215  209  207  205  203  198  191  183  175  169  164
  159  154  148  141  136  132  130  131  136  146  161  179  198  215  228  239
  246  258  267  275  281  288  302  317  338                                   
    25.0-180.0 180.0   5.0 450.0                            LAT/LON1/LON2/DLON/H
  343  349  357  356  362  368  377  389  404  418  426  429  427  421  411  399
  387  378  372  370  372  375  378  378  373  364  353  340  329  317  306  293
  278  261  243  226  212  203  198  198  198  196  191  184  176  168  162  157
  151  146  140  134  130  127  126  126  130  137  151  168  186  202  215  226
  235  247  258  267  275  283  299  316  343                                   
    22.5-180.0 180.0   5.0 450.0                            LAT/LON1/LON2/DLON/H
  343  350  358  359  366  374  384  397  415  431  443  451  452  449  442  431
  419  409  401  396  395  394  393  388  380  367  352  336  322  308  295  279
  261  243  224  208  196  189  186  186  187  185  179  172  164  157  151  145
  140  135  130  126  123  122  122  123  125  132  143  159  176  191  204  215
  225  238  251  260  269  278  294  312  343                                   
    20.0-180.0 180.0   5.0 450.0                            LAT/LON1/LON2/DLON/H
  337  344  352  355  363  373  386  401  422  441  456  468  474  476  471  462
  451  440  430  422  416  410  403  393  380  363  343  324  307  292  276  258
  240  221  205  191  182  177  175  175  174  171  165  157  149  143  137  132
  128  123  119  117  116  118  119  120  123  128  138  152  168  183  196  208
  219  234  247  256  265  274  289  308  337                                   
    17.5-180.0 180.0   5.0 450.0                            LAT/LON1/LON2/DLON/H
  327  334  341  345  354  366  381  399  422  444  463  479  490  496  495  490
  480  469  457  446  434  422  408  393  374  353  330  307  288  270  253  236
  218  202  188  179  174  171  169  167  163  158  151  143  135  129  124  120
  116  112  110  109  110  113  116  118  121  125  134  148  163  178  192  206
  218  234  247  257  265  273  286  305  327                                   
    15.0-180.0 180.0   5.0 450.0                            LAT/LON1/LON2/DLON/H
  318  324  329  333  343  356  373  393  417  441  462  481  496  506  510  509
  502  492  480  465  448  429  410  389  366  340  314  288  266  247  231  214
  199  187  179  175  172  170  167  162  156  148  140  132  125  120  115  111
  107  104  102  102  105  109  113  115  118  122  130  143  158  174  190  206
  221  238  252  261  268  275  287  303  318                                   
    12.5-180.0 180.0   5.0 450.0                            LAT/LON1/LON2/DLON/H
  311  317  321  324  333  346  363  383  408  432  454  474  491  505  514  516
  514  506  494  478  457  432  407  382  356  327  298  270  246  227  212  198
  187  180  177  177  177  175  170  162  153  144  135  127  121  115  110  106
  102   99   97   98  100  104  108  110  113  117  125  138  153  171  190  209
  226  245  259  267  273  279  290  304  311                                   
    10.0-180.0 180.0   5.0 450.0                            LAT/LON1/LON2/DLON/H
  309  315  318  319  328  339  356  374  398  420  440  460  477  493  505  512
  513  509  499  482  458  430  401  373  345  315  284  255  231  212  199  189
  182  180  181  184  185  182  175  164  153  143  135  128  122  116  110  105
  100   96   95   94   96   99  102  104  106  110  118  130  147  166  188  210
  230  251  265  273  278  284  294  306  309                                   
     7.5-180.0 180.0   5.0 450.0                            LAT/LON1/LON2/DLON/H
  313  319  322  322  331  340  354  370  390  408  425  441  457  473  486  496
  501  501  493  476  451  421  391  363  335  305  274  244  220  203  192  185
