data/edconvlstm_nd/pred0190.15i
     1.0            IONOSPHERE MAPS     GNSS                IONEX VERSION / TYPE
pyspatialgeodesy        IME             05-JAN-18 20:20     PGM / RUN BY / DATE 
Map Name                                                    COMMENT             
Predicted global ionosphere maps (GIM).                     DESCRIPTION         
  2015     1    19     0     0     0                        EPOCH OF FIRST MAP  
  2015     1    20     0     0     0                        EPOCH OF LAST MAP   
  7200                                                      INTERVAL            
    13                                                      # OF MAPS IN FILE   
  NONE                                                      MAPPING FUNCTION    
10.0                                                        ELEVATION CUTOFF    
One-way carrier phase leveled to code                       OBSERVABLES USED    
  6371.0                                                    BASE RADIUS         
 2                                                          MAP DIMENSION       
   450.0 450.0   0.0                                        HGT1 / HGT2 / DHGT  
    87.5 -87.5  -2.5                                        LAT1 / LAT2 / DLAT  
  -180.0 180.0   5.0                                        LON1 / LON2 / DLON  
    -1                                                      EXPONENT            
                                                            END OF HEADER       
[from data line 429]
     2                                                      START OF TEC MAP    
  2015     1    19     2     0     0                        EPOCH OF CURRENT MAP
    87.5-180.0 180.0   5.0 450.0                            LAT/LON1/LON2/DLON/H
   74   79   74   73   73   74   71   70   72   73   73   75   75   76   76   76
   76   76   75   75   74   73   72   72   71   70   69   68   67   66   66   65
   64   63   63   62   61   61   60   60   59   59   59   58   58   58   57   57
   56   56   56   55   55   55   54   54   54   54   54   54   54   54   54   56
   57   58   57   57   57   71   75   71   74                                   
    85.0-180.0 180.0   5.0 450.0                            LAT/LON1/LON2/DLON/H
   70   80   66   71   72   73   71   71   72   73   74   75   76   76   76   76
   76   75   74   73   72   71   70   69   68   67   66   66   65   65   65   65
   65   65   65   66   66   66   67   67   67   67   67   67   67   66   66   65
   64   63   62   61   61   60   59   59   58   58   58   58   58   58   59   60
   62   63   61   65   67   68   78   71   70                                   
    82.5-180.0 180.0   5.0 450.0                            LAT/LON1/LON2/DLON/H
   69   64   74   70   69   71   69   69   72   73   74   76   77   77   77   77
   76   74   73   71   69   67   65   64   62   61   60   59   59   59   59   60
   60   61   62   64   65   66   67   68   69   70   70   70   70   69   68   67
   66   64   62   61   60   58   57   57   56   56   56   56   57   57   58   59
   60   61   60   60   69   59   65   72   69                                   
    80.0-180.0 180.0   5.0 450.0                            LAT/LON1/LON2/DLON/H
   81   74   74   68   69   67   68   69   73   74   74   76   77   76   76   74
   72   70   67   64   62   59   56   54   52   51   50   50   50   50   51   52
   54   56   58   60   62   63   65   67   68   69   69   69   68   67   66   64
   62   60   58   56   55   54   53   52   52   53   54   55   56   58   60   62
   64   64   65   64   78   70   73   83   81                                   
    77.5-180.0 180.0   5.0 450.0                            LAT/LON1/LON2/DLON/H
   95   88   81   78   75   74   76   78   81   82   82   84   84   83   81   79
   76   72   68   64   60   56   53   50   48   46   45   45   45   46   47   49
   51   53   56   58   61   63   65   66   68   68   68   68   67   65   63   61
   59   57   55   54   53   52   52   53   54   56   58   61   64   67   71   75
   78   80   80   81   89   83   85   92   95                                   
    75.0-180.0 180.0   5.0 450.0                            LAT/LON1/LON2/DLON/H
  106  101   98   94   88   87   87   88   90   90   89   89   88   86   83   79
   75   70   65   60   56   52   49   46   44   43   42   42   43   44   46   48
   50   52   54   57   59   60   62   63   64   64   64   63   62   60   58   56
   54   53   51   50   50   51   52   54   57   60   64   69   74   80   85   91
   95   98  100   99  108  107  107  107  106                                   
    72.5-180.0 180.0   5.0 450.0                            LAT/LON1/LON2/DLON/H
  120  117  114  108  103  100  100   99  100   98   96   94   91   87   83   77
   72   67   62   57   53   50   48   46   45   44   44   45   46   47   49   50
   52   53   55   56   57   59   59   60   60   60   59   58   57   55   53   52
   50   49   49   49   50   51   54   57   62   67   73   79   86   94  101  109
  114  119  124  124  131  128  128  126  120                                   
    70.0-180.0 180.0   5.0 450.0                            LAT/LON1/LON2/DLON/H
  140  135  133  127  120  115  113  111  110  106  101   97   92   85   79   72
   66   60   56   52   49   47   46   45   45   45   46   47   49   50   51   52
   53   53   54   54   54   54   55   55   54   54   53   52   50   49   47   46
   46   45   46   48   50   53   57   62   68   75   83   91   99  108  116  125
  131  136  143  144  150  149  150  144  140                                   
    67.5-180.0 180.0   5.0 450.0                            LAT/LON1/LON2/DLON/H
  154  151  147  140  132  125  121  117  115  108  101   95   87   79   71   63
   56   51   47   44   43   42   42   42   42   43   44   45   47   48   48   48
   48   47   46   45   44   44   43   43   42   41   40   39   38   37   37   36
   37   38   40   43   47   52   57   64   72   80   89   98  106  115  123  132
  138  143  150  151  159  159  161  158  154                                   
    65.0-180.0 180.0   5.0 450.0                            LAT/LON1/LON2/DLON/H
  166  163  158  152  143  136  130  126  121  113  104   96   87   76   67   59
   52   47   44   42   41   41   41   42   42   43   44   44   45   45   45   44
   43   41   40   38   36   35   34   34   33   33   32   32   31   30   30   31
   32   34   37   42   47   54   61   70   79   88   98  108  117  125  132  139
  144  148  154  155  164  166  170  169  166                                   
    62.5-180.0 180.0   5.0 450.0                            LAT/LON1/LON2/DLON/H
  176  174  169  162  154  146  139  134  128  119  109  100   89   78   68   60
   53   49   47   45   45   45   44   44   43   43   43   43   43   43   42   41
   39   37   35   33   32   31   30   29   29   29   29   29   29   28   29   29
   31   34   38   44   51   59   68   79   90  101  111  121  129  136  142  147
  150  151  157  157  165  169  175  176  176                                   
    60.0-180.0 180.0   5.0 450.0                            LAT/LON1/LON2/DLON/H
  181  181  176  168  160  151  143  137  131  122  112  102   91   80   71   63
   58   54   52   51   50   49   47   44   42   41   40   39   39   39   38   37
   35   34   32   31   29   29   28   28   28   29   29   30   30   30   30   31
   33   36   40   47   55   64   76   88  100  113  124  134  142  147  151  154
  154  154  157  158  165  169  176  178  181                                   
    57.5-180.0 180.0   5.0 450.0                            LAT/LON1/LON2/DLON/H
  186  187  182  172  164  154  145  138  132  123  113  103   93   83   75   69
   64   62   60   58   56   52   48   44   40   37   35   35   34   34   34   33
   33   32   32   31   31   31   31   31   32   33   34   35   35   35   35   36
   37   40   45   52   61   72   85   98  113  126  139  149  156  160  163  164
  162  159  162  162  169  171  178  181  186                                   
    55.0-180.0 180.0   5.0 450.0                            LAT/LON1/LON2/DLON/H
  193  193  187  175  166  155  145  137  130  121  111  103   94   85   78   73
   70   68   66   63   60   54   48   42   37   33   32   31   32   32   32   32
   33   33   35   36   37   38   38   39   40   41   42   43   44   44   44   44
   45   48   52   59   69   81   95  110  126  141  154  164  171  175  176  176
  173  169  171  170  176  176  183  185  193                                   
    52.5-180.0 180.0   5.0 450.0                            LAT/LON1/LON2/DLON/H
  202  201  193  180  170  157  146  136  128  118  109  101   93   86   80   76
   73   72   70   66   62   55   49   42   37   33   32   32   33   34   34   35
   36   38   41   44   47   49   49   50   50   51   53   54   55   56   56   56
   56   58   62   69   79   92  107  124  141  156  170  180  187  190  191  190
  186  182  183  181  187  184  190  192  202                                   
    50.0-180.0 180.0   5.0 450.0                            LAT/LON1/LON2/DLON/H
  213  211  201  188  178  163  150  139  129  117  107   99   92   85   80   76
   74   72   70   67   63   57   51   45   41   39   38   39   40   41   41   41
   43   47   51   56   60   62   63   63   63   64   65   67   69   70   70   70
   70   71   75   81   92  105  121  138  156  172  185  195  201  204  205  204
  200  196  196  193  198  194  199  201  213                                   
    47.5-180.0 180.0   5.0 450.0                            LAT/LON1/LON2/DLON/H
  224  221  209  199  188  174  159  145  133  120  108  100   92   86   80   76
   73   71   69   67   64   61   57   53   50   50   50   51   52   52   51   51
   52   57   63   69   74   77   77   76   76   76   78   80   83   85   85   85
   85   86   89   95  106  120  136  154  171  186  198  207  213  215  215  214
  211  207  206  203  207  202  206  209  224                                   
    45.0-180.0 180.0   5.0 450.0                            LAT/LON1/LON2/DLON/H
  231  228  216  210  201  187  172  156  141  126  113  104   95   88   82   76
   72   70   69   69   69   69   67   66   65   65   66   67   66   64   62   60
   61   66   73   80   86   88   88   87   87   87   89   92   96   98  100  100
  100  101  104  111  122  136  152  169  185  198  209  217  221  222  221  220
  217  214  212  208  211  207  211  214  231                                   
    42.5-180.0 180.0   5.0 450.0                            LAT/LON1/LON2/DLON/H
  232  229  220  218  212  201  187  170  153  135  121  110  102   94   87   81
   76   74   74   76   79   81   82   82   82   82   83   82   80   76   71   67
   68   72   79   87   93   96   96   95   95   96   99  103  107  110  112  114
  114  115  119  127  138  153  168  184  197  209  218  224  226  226  224  223
  219  216  214  210  211  207  211  215  232                                   
    40.0-180.0 180.0   5.0 450.0                            LAT/LON1/LON2/DLON/H
  227  224  219  221  220  212  200  184  165  146  130  120  112  104   97   91
   86   84   85   89   94   98  100  100   98   97   96   93   89   83   76   72
   72   76   83   91   96   99  100  100  101  103  106  110  115  119  122  124
  125  128  133  141  154  169  184  197  209  219  226  231  233  232  229  227
  224  219  217  212  211  207  211  215  227                                   
    37.5-180.0 180.0   5.0 450.0                            LAT/LON1/LON2/DLON/H
  220  216  214  219  222  219  210  195  177  156  140  130  123  117  111  106
  102  100  103  108  114  117  118  115  110  106  102   98   92   86   80   76
   76   80   86   92   97  100  101  102  104  107  111  115  119  123  127  130
  132  135  141  152  166  182  197  210  221  229  237  242  245  244  242  240
  236  230  227  220  218  213  218  219  220                                   
    35.0-180.0 180.0   5.0 450.0                            LAT/LON1/LON2/DLON/H
  216  211  208  213  220  220  215  202  185  164  147  138  133  130  127  124
  121  121  124  129  134  135  131  123  115  107  102   97   92   87   83   81
   82   85   90   95   98  100  101  103  105  109  113  117  120  124  127  129
  131  135  143  155  172  190  207  220  231  241  250  258  263  265  266  265
  261  254  251  243  239  234  237  234  216                                   
    32.5-180.0 180.0   5.0 450.0                            LAT/LON1/LON2/DLON/H
  223  215  209  210  217  219  215  205  189  169  152  144  140  140  140  140
  140  141  144  148  149  146  137  124  112  103   97   94   92   91   89   90
   91   94   97   99  100  100  101  103  106  110  113  116  118  120  122  123
  124  128  137  152  172  193  211  227  241  254  267  280  290  296  300  302
  299  294  290  280  277  271  273  263  223                                   
    30.0-180.0 180.0   5.0 450.0                            LAT/LON1/LON2/DLON/H
  246  235  222  215  219  220  217  208  193  173  156  147  144  145  148  151
  153  155  157  159  156  148  134  118  105   97   94   95   97   99  101  103
  106  108  109  107  105  103  102  103  106  109  111  113  113  113  113  113
  113  117  127  144  167  191  213  232  250  269  289  308  325  337  346  352
  352  350  346  334  330  322  322  305  246                                   
    27.5-180.0 180.0   5.0 450.0                            LAT/LON1/LON2/DLON/H
  287  273  250  234  233  230  226  216  201  180  162  150  146  146  150  154
  158  160  160  158  151  139  124  109   99   95   97  103  109  114  119  124
  127  127  125  120  113  108  105  105  107  108  109  108  107  105  103  101
  101  105  117  137  163  189  215  238  262  288  316  343  368  388  404  416
  421  422  419  403  398  388  381  361  287                                   
    25.0-180.0 180.0   5.0 450.0                            LAT/LON1/LON2/DLON/H
  347  330  295  269  260  253  246  235  219  196  174  159  150  147  149  152
  154  154  151  146  137  125  113  103  100  102  110  120  129  138  145  151
  153  151  144  134  123  114  109  107  107  107  105  103  100   97   94   91
   91   96  110  132  160  190  219  248  278  311  347  382  414  441  464  483
  495  501  500  483  477  465  451  428  347                                   
    22.5-180.0 180.0   5.0 450.0                            LAT/LON1/LON2/DLON/H
  421  405  361  323  303  289  279  266  248  224  198  177  161  152  149  148
  147  143  137  128  120  113  108  107  112  121  133  146  158  168  175  180
  180  174  162  148  133  121  114  110  107  104  101   98   94   91   87   85
   85   92  107  131  161  194  227  260  296  335  377  417  454  487  515  540
  559  570  571  556  550  540  526  502  421                                   
    20.0-180.0 180.0   5.0 450.0                            LAT/LON1/LON2/DLON/H
  502  492  444  395  362  340  325  308  288  263  234  207  183  167  157  150
  144  135  125  116  112  112  117  125  137  150  165  179  191  199  204  205
  201  190  175  157  140  127  117  111  107  102   97   93   89   86   83   81
   82   90  107  132  164  199  235  273  313  357  401  443  481  516  548  577
  600  615  620  610  604  599  593  570  502                                   
    17.5-180.0 180.0   5.0 450.0                            LAT/LON1/LON2/DLON/H
  579  576  530  474  430  403  381  360  339  312  280  248  218  194  177  165
  153  140  128  120  121  130  143  159  174  189  203  214  222  226  225  220
  211  197  179  160  143  129  119  112  105  100   94   90   86   83   81   79
   82   91  109  136  169  206  244  285  328  373  417  457  493  526  558  588
  613  630  638  636  632  634  640  622  579                                   
    15.0-180.0 180.0   5.0 450.0                            LAT/LON1/LON2/DLON/H
  638  641  601  547  498  467  441  417  396  369  336  299  264  234  211  194
  179  163  150  145  151  167  187  206  222  233  240  245  245  241  233  222
  209  193  175  157  142  129  119  111  105   98   93   88   85   82   80   80
   84   95  114  141  175  213  253  295  339  382  423  460  491  521  550  577
  601  619  629  635  636  644  661  650  638                                   
    12.5-180.0 180.0   5.0 450.0                            LAT/LON1/LON2/DLON/H
  670  675  645  600  552  521  493  471  451  426  395  358  320  286  260  240
  223  207  195  193  203  223  246  264  273  275  272  265  255  242  227  211
  196  180  165  151  138  128  119  112  105   99   94   90   86   83   81   82
   88  101  121  150  184  222  261  302  344  385  421  452  479  504  529  553
  575  591  603  615  621  633  657  655  670                                   
    10.0-180.0 180.0   5.0 450.0                            LAT/LON1/LON2/DLON/H
  676  681  661  629  586  557  530  511  495  476  449  417  381  348  321  302
  286  272  262  262  274  294  313  323  320  308  290  271  251  230  210  192
  177  165  154  143  134  127  119  113  107  102   97   93   89   85   83   85
   93  108  130  160  194  230  268  307  345  381  413  440  462  483  505  526
  544  558  571  587  596  612  638  644  676                                   
     7.5-180.0 180.0   5.0 450.0                            LAT/LON1/LON2/DLON/H
  664  669  657  635  601  575  549  534  523  510  492  467  438  410  388  372
  360  349  342  343  354  369  378  374  354  324  291  261  234  210  189  173
