data/edconvlstm_nd/pred2530.15i
     1.0            IONOSPHERE MAPS     GNSS                IONEX VERSION / TYPE
pyspatialgeodesy        IME             05-JAN-18 20:20     PGM / RUN BY / DATE 
Map Name                                                    COMMENT             
Predicted global ionosphere maps (GIM).                     DESCRIPTION         
  2015     9    10     0     0     0                        EPOCH OF FIRST MAP  
  2015     9    11     0     0     0                        EPOCH OF LAST MAP   
  7200                                                      INTERVAL            
    13                                                      # OF MAPS IN FILE   
  NONE                                                      MAPPING FUNCTION    
10.0                                                        ELEVATION CUTOFF    
One-way carrier phase leveled to code                       OBSERVABLES USED    
  6371.0                                                    BASE RADIUS         
 2                                                          MAP DIMENSION       
   450.0 450.0   0.0                                        HGT1 / HGT2 / DHGT  
    87.5 -87.5  -2.5                                        LAT1 / LAT2 / DLAT  
  -180.0 180.0   5.0                                        LON1 / LON2 / DLON  
    -1                                                      EXPONENT            
                                                            END OF HEADER       
[from data line 1287]
     4                                                      START OF TEC MAP    
  2015     9    10     6     0     0                        EPOCH OF CURRENT MAP
    87.5-180.0 180.0   5.0 450.0                            LAT/LON1/LON2/DLON/H
   73   80   80   85   86   87   88   86   89   92   94   96   98  100  102  103
  104  105  106  106  107  107  106  106  105  105  104  103  102  101  100   99
   99   98   97   97   96   96   95   95   94   94   94   94   94   94   93   93
   93   92   91   91   90   89   87   86   85   83   82   80   79   77   76   75
   75   75   73   73   79   85   92   84   73                                   
    85.0-180.0 180.0   5.0 450.0                            LAT/LON1/LON2/DLON/H
   68   85   84   85   90   94   96   98  101  105  107  110  113  115  117  118
  120  120  121  121  121  121  121  120  119  118  118  116  115  115  114  113
  112  112  111  111  111  111  111  111  111  111  111  111  111  112  111  111
  111  110  110  109  107  106  104  102  100   97   95   92   90   87   84   82
   82   81   76   76   77   80   89   83   68                                   
    82.5-180.0 180.0   5.0 450.0                            LAT/LON1/LON2/DLON/H
   67   73   85   82   85   91   96   99  104  108  112  116  119  121  123  124
  125  125  125  125  124  123  122  121  119  118  117  115  114  113  112  112
  112  111  112  112  112  113  114  115  116  117  118  119  120  121  122  122
  123  123  122  122  120  119  117  114  111  108  104  100   96   91   87   84
   81   78   73   70   75   70   69   68   67                                   
    80.0-180.0 180.0   5.0 450.0                            LAT/LON1/LON2/DLON/H
   66   64   71   71   77   82   89   94  100  105  109  114  117  119  120  121
  121  120  119  118  116  114  112  110  108  106  105  103  102  101  101  101
  101  102  103  104  105  106  108  110  112  114  116  119  121  123  125  127
  128  129  130  130  129  128  125  123  119  115  110  105   99   93   87   82
   77   71   67   63   66   63   65   61   66                                   
    77.5-180.0 180.0   5.0 450.0                            LAT/LON1/LON2/DLON/H
   61   58   60   63   66   75   83   90   97  103  106  111  113  115  115  114
  113  111  109  106  103  100   97   95   92   90   89   87   87   86   86   87
   88   89   91   93   95   97  100  102  105  108  112  115  119  122  126  129
  132  134  136  137  137  137  135  133  130  125  120  114  108  100   93   86
   79   73   66   62   59   50   50   55   61                                   
    75.0-180.0 180.0   5.0 450.0                            LAT/LON1/LON2/DLON/H
   53   52   51   56   58   69   77   84   91   97  100  104  105  105  103  101
   98   95   91   87   84   80   77   74   72   70   69   68   68   68   68   70
   71   73   75   77   80   82   85   88   91   95   99  103  107  112  117  121
  125  129  132  134  136  137  137  136  134  131  126  121  115  108  101   94
   86   79   71   62   59   51   50   56   53                                   
    72.5-180.0 180.0   5.0 450.0                            LAT/LON1/LON2/DLON/H
   58   55   53   56   59   71   80   87   93   98  101  103  103  101   99   95
   90   86   81   76   72   68   65   62   60   59   58   58   58   59   60   62
   64   67   69   71   73   76   78   81   85   88   93   97  102  108  113  118
  123  127  132  135  138  141  142  143  143  142  139  135  130  125  119  113
  107  100   94   85   77   66   61   67   58                                   
    70.0-180.0 180.0   5.0 450.0                            LAT/LON1/LON2/DLON/H
   71   63   61   61   60   69   77   83   90   94   96   98   96   94   90   85
   79   74   69   64   60   56   53   51   49   49   48   49   50   52   54   56
   58   61   63   64   66   68   70   73   76   80   84   89   94  100  106  111
  116  121  126  130  134  138  142  144  146  147  146  145  142  138  134  130
  126  120  115  108   99   87   82   84   71                                   
    67.5-180.0 180.0   5.0 450.0                            LAT/LON1/LON2/DLON/H
   81   70   66   63   61   67   74   79   84   88   89   91   89   86   81   76
   71   65   60   56   52   48   46   44   43   43   43   44   46   48   50   52
   54   55   57   58   59   61   63   65   68   71   76   80   86   91   96  101
  106  111  115  120  124  129  134  139  143  145  147  147  146  144  142  141
  140  136  134  129  120  107   99   98   81                                   
    65.0-180.0 180.0   5.0 450.0                            LAT/LON1/LON2/DLON/H
   93   80   72   67   62   65   70   74   78   82   83   85   83   81   77   72
   67   62   57   53   50   47   44   43   42   42   43   44   46   48   50   51
   52   53   54   55   56   57   58   61   63   67   72   77   82   87   92   96
  101  104  109  113  118  124  130  136  141  145  148  149  150  150  149  150
  151  151  152  149  142  130  120  116   93                                   
    62.5-180.0 180.0   5.0 450.0                            LAT/LON1/LON2/DLON/H
  105   90   80   72   64   64   66   68   71   73   75   77   77   76   73   70
   66   62   58   54   51   48   46   45   44   44   45   47   48   49   50   51
   51   51   51   52   53   54   56   58   62   66   71   76   81   86   91   95
   98  101  105  109  114  120  127  134  140  145  149  151  152  152  153  156
  159  161  165  164  160  149  139  132  105                                   
    60.0-180.0 180.0   5.0 450.0                            LAT/LON1/LON2/DLON/H
  115  100   89   77   67   63   62   61   62   62   64   66   68   69   68   66
   64   61   57   54   51   49   47   46   45   45   46   47   48   48   48   47
   46   46   47   48   49   51   54   56   60   64   70   76   81   86   91   94
   97  100  104  108  113  119  126  133  140  146  150  152  153  153  154  157
  161  166  172  174  172  164  154  145  115                                   
    57.5-180.0 180.0   5.0 450.0                            LAT/LON1/LON2/DLON/H
  126  112  100   86   75   68   62   58   55   53   53   56   59   61   63   62
   61   59   56   54   51   49   48   46   45   45   45   46   46   45   44   42
   41   41   42   44   47   50   53   56   60   65   71   78   84   89   94   98
  101  104  108  112  117  123  130  137  144  149  153  155  155  155  156  159
  164  169  177  181  182  176  167  157  126                                   
    55.0-180.0 180.0   5.0 450.0                            LAT/LON1/LON2/DLON/H
  138  127  116  101   89   79   69   59   52   46   44   46   49   53   55   56
   56   54   52   50   49   47   46   44   43   43   42   42   42   40   38   37
   36   36   38   41   45   49   52   56   61   67   73   81   87   94   99  103
  107  111  115  119  124  130  136  143  149  154  158  159  160  159  160  163
  167  173  182  186  189  186  177  167  138                                   
    52.5-180.0 180.0   5.0 450.0                            LAT/LON1/LON2/DLON/H
  152  144  135  121  109   97   82   67   54   44   38   39   41   45   48   49
   49   48   47   45   44   44   43   42   40   39   39   38   37   35   33   31
   31   32   35   40   45   49   54   58   63   69   76   84   92   99  105  111
  116  120  125  129  134  139  144  150  155  159  162  164  165  165  166  169
  173  178  187  191  195  193  186  176  152                                   
    50.0-180.0 180.0   5.0 450.0                            LAT/LON1/LON2/DLON/H
  164  161  154  142  132  120  102   82   63   47   37   35   36   38   41   42
   42   41   40   39   39   39   39   38   37   36   35   35   33   31   29   28
   28   30   34   40   46   52   56   61   66   73   81   89   97  105  112  119
  125  131  136  140  144  148  152  156  160  163  166  169  171  172  174  177
  181  186  193  196  200  198  192  183  164                                   
    47.5-180.0 180.0   5.0 450.0                            LAT/LON1/LON2/DLON/H
  174  174  169  160  153  142  124  101   78   57   42   36   34   35   36   36
   36   34   34   34   34   35   35   35   34   34   33   32   31   29   27   26
   27   30   36   43   50   56   60   65   70   78   86   95  104  112  120  128
  135  142  147  151  154  156  158  160  162  164  167  171  175  178  182  186
  190  194  199  200  203  201  196  188  174                                   
    45.0-180.0 180.0   5.0 450.0                            LAT/LON1/LON2/DLON/H
  177  179  175  170  166  158  141  118   94   70   52   42   36   34   33   32
   31   30   29   29   30   32   33   33   33   32   31   31   30   28   27   27
   28   32   39   47   55   61   66   71   76   84   93  103  112  121  130  138
  146  152  157  160  163  163  163  163  163  164  167  172  177  183  189  194
  198  201  204  204  204  201  195  189  177                                   
    42.5-180.0 180.0   5.0 450.0                            LAT/LON1/LON2/DLON/H
  173  173  171  168  167  163  149  130  107   83   64   51   43   38   35   32
   30   28   28   28   29   31   32   32   32   32   31   31   30   29   29   29
   31   36   44   52   61   67   72   77   84   93  102  113  122  131  140  148
  156  162  167  170  171  171  170  168  166  166  169  174  180  187  194  201
  205  207  208  206  204  198  193  187  173                                   
    40.0-180.0 180.0   5.0 450.0                            LAT/LON1/LON2/DLON/H
  162  158  155  153  154  153  145  131  113   92   74   61   51   44   39   35
   33   31   30   30   31   32   33   34   33   33   33   32   32   32   32   33
   36   41   48   57   66   73   79   85   93  102  113  124  133  142  150  158
  166  172  177  180  183  183  182  179  176  174  176  180  186  193  200  207
  211  212  211  207  203  195  189  184  162                                   
    37.5-180.0 180.0   5.0 450.0                            LAT/LON1/LON2/DLON/H
  149  138  132  129  130  132  128  120  108   94   81   70   60   52   46   41
   38   37   36   36   36   36   36   36   36   35   35   35   35   35   36   38
   41   46   53   61   70   78   85   92  102  113  125  136  145  153  161  169
  176  183  189  194  199  202  201  199  195  193  192  195  199  204  210  215
  217  217  215  209  204  194  187  182  149                                   
    35.0-180.0 180.0   5.0 450.0                            LAT/LON1/LON2/DLON/H
  139  119  109  102  101  103  102  100   95   88   80   73   66   59   53   48
   46   45   44   43   42   41   40   40   39   39   38   38   38   39   40   42
   45   50   56   64   73   82   91  100  111  124  137  148  157  165  172  180
  187  195  204  213  222  229  232  230  226  223  221  220  222  223  225  228
  228  227  223  215  210  198  191  185  139                                   
    32.5-180.0 180.0   5.0 450.0                            LAT/LON1/LON2/DLON/H
  138  109   93   82   76   75   76   77   77   75   73   71   67   62   58   55
   53   53   52   51   48   46   45   43   43   42   42   41   42   43   44   47
   49   53   59   67   76   87   97  108  121  135  148  160  169  176  183  191
  200  210  223  237  252  264  271  271  268  263  260  257  255  252  250  249
  247  243  238  229  223  210  204  197  138                                   
    30.0-180.0 180.0   5.0 450.0                            LAT/LON1/LON2/DLON/H
  150  114   93   76   63   58   56   57   59   60   62   65   64   62   60   58
   58   58   58   56   53   50   48   47   46   46   45   45   45   46   48   51
   53   57   62   70   80   91  103  116  130  145  159  171  180  187  195  203
  214  227  245  266  287  305  316  319  317  312  306  301  296  290  284  279
  274  268  262  251  245  234  228  218  150                                   
    27.5-180.0 180.0   5.0 450.0                            LAT/LON1/LON2/DLON/H
  179  137  113   89   69   57   50   48   48   50   53   57   59   60   59   59
   60   61   60   58   55   53   51   50   50   50   50   49   49   50   52   54
   57   60   65   73   84   96  109  123  138  154  169  182  191  199  207  217
  229  246  269  296  324  348  364  369  367  362  356  349  342  333  324  317
  310  303  295  282  277  267  260  250  179                                   
    25.0-180.0 180.0   5.0 450.0                            LAT/LON1/LON2/DLON/H
  221  177  151  122   96   77   63   54   49   48   50   54   56   57   57   58
   59   60   59   58   55   54   53   54   54   54   54   53   52   53   55   57
   60   63   68   76   87  101  115  129  145  162  178  192  202  211  220  231
  245  266  294  327  361  390  408  415  414  408  402  396  388  378  368  360
  352  345  335  321  315  306  298  287  221                                   
    22.5-180.0 180.0   5.0 450.0                            LAT/LON1/LON2/DLON/H
  271  229  203  172  143  118   97   80   67   60   57   58   58   58   57   56
   57   57   57   56   55   55   56   57   59   59   59   57   56   55   57   59
   62   65   70   78   89  103  118  133  150  169  186  202  214  223  233  246
  263  287  319  356  393  424  444  452  451  446  440  435  429  420  412  404
  396  389  378  363  354  347  336  325  271                                   
    20.0-180.0 180.0   5.0 450.0                            LAT/LON1/LON2/DLON/H
  320  282  260  231  202  175  148  124  103   87   78   73   69   65   61   58
   56   55   55   55   55   57   59   62   63   64   63   62   59   58   58   60
   62   65   70   78   90  104  119  135  153  174  194  211  225  236  248  262
  282  309  342  381  419  449  469  476  475  471  468  465  462  457  451  445
  438  431  419  403  392  383  370  360  320                                   
    17.5-180.0 180.0   5.0 450.0                            LAT/LON1/LON2/DLON/H
  360  328  310  286  262  236  207  180  153  130  112  100   90   80   71   64
   60   58   57   58   59   62   65   67   69   69   68   65   62   60   59   59
   61   63   68   76   88  102  118  135  155  178  200  220  235  248  262  280
  302  330  364  401  436  465  482  488  488  485  484  485  486  485  483  480
  475  468  456  437  423  412  395  386  360                                   
    15.0-180.0 180.0   5.0 450.0                            LAT/LON1/LON2/DLON/H
  384  359  344  327  309  289  262  237  208  180  156  137  120  103   89   78
   70   67   66   66   68   70   73   74   74   73   71   69   65   61   59   58
   59   60   64   72   85  100  116  134  156  181  206  227  245  260  277  297
  321  349  382  416  447  472  486  491  491  491  493  497  503  506  508  508
  504  498  485  466  448  432  413  404  384                                   
    12.5-180.0 180.0   5.0 450.0                            LAT/LON1/LON2/DLON/H
  394  373  361  347  337  322  302  282  256  229  202  178  155  133  113   98
   88   83   81   81   81   82   83   82   80   78   76   72   68   63   59   57
   56   56   60   68   81   96  113  133  157  183  210  233  252  270  289  312
  338  367  397  427  453  473  485  490  492  493  498  506  514  521  526  528
  526  520  508  488  466  445  424  414  394                                   
    10.0-180.0 180.0   5.0 450.0                            LAT/LON1/LON2/DLON/H
  395  375  364  350  343  333  319  308  288  265  240  215  189  164  142  124
  112  106  103  101   99   98   96   92   88   84   80   77   72   66   61   56
   54   54   57   65   78   94  112  132  157  185  213  237  257  277  299  324
  352  381  409  435  456  473  484  489  493  497  503  513  523  532  538  541
  540  535  524  504  480  454  431  421  395                                   
     7.5-180.0 180.0   5.0 450.0                            LAT/LON1/LON2/DLON/H
  393  374  360  342  334  325  317  312  301  284  263  241  217  192  169  151
  139  132  128  124  120  116  111  104   98   92   87   82   77   70   64   58
