data/edconvlstm_nd/pred3060.15i
     1.0            IONOSPHERE MAPS     GNSS                IONEX VERSION / TYPE
pyspatialgeodesy        IME             05-JAN-18 20:20     PGM / RUN BY / DATE 
Map Name                                                    COMMENT             
Predicted global ionosphere maps (GIM).                     DESCRIPTION         
  2015    11     2     0     0     0                        EPOCH OF FIRST MAP  
  2015    11     3     0     0     0                        EPOCH OF LAST MAP   
  7200                                                      INTERVAL            
    13                                                      # OF MAPS IN FILE   
  NONE                                                      MAPPING FUNCTION    
10.0                                                        ELEVATION CUTOFF    
One-way carrier phase leveled to code                       OBSERVABLES USED    
  6371.0                                                    BASE RADIUS         
 2                                                          MAP DIMENSION       
   450.0 450.0   0.0                                        HGT1 / HGT2 / DHGT  
    87.5 -87.5  -2.5                                        LAT1 / LAT2 / DLAT  
  -180.0 180.0   5.0                                        LON1 / LON2 / DLON  
    -1                                                      EXPONENT            
                                                            END OF HEADER       
[from data line 5148]
    13                                                      START OF TEC MAP    
  2015    11     3     0     0     0                        EPOCH OF CURRENT MAP
    87.5-180.0 180.0   5.0 450.0                            LAT/LON1/LON2/DLON/H
   79   72   64   55   55   61   58   56   57   57   58   59   60   60   61   61
   61   61   61   61   60   60   59   58   58   57   56   55   54   53   53   52
   51   51   50   50   50   50   50   51   51   51   52   53   53   54   55   55
   56   56   56   57   57   57   57   57   57   57   56   56   55   55   54   54
   54   53   53   53   45   62   66   67   79                                   
    85.0-180.0 180.0   5.0 450.0                            LAT/LON1/LON2/DLON/H
   69   77   58   58   58   67   63   61   62   61   62   62   63   63   64   64
   64   63   63   62   61   60   59   58   56   55   53   52   50   49   48   47
   46   45   45   45   45   46   47   48   49   50   52   53   55   56   57   58
   59   60   61   62   62   63   63   63   63   63   63   63   63   63   63   63
   63   62   62   67   67   74   83   75   69                                   
    82.5-180.0 180.0   5.0 450.0                            LAT/LON1/LON2/DLON/H
   63   56   64   58   56   66   61   58   61   61   62   64   65   66   66   67
   66   66   65   63   61   59   56   53   50   47   44   41   39   37   35   34
   33   33   33   33   34   35   37   39   41   43   45   47   49   51   53   54
   55   56   57   58   59   59   60   60   60   61   61   61   61   61   61   62
   61   60   60   59   65   61   70   74   63                                   
    80.0-180.0 180.0   5.0 450.0                            LAT/LON1/LON2/DLON/H
   77   68   70   60   61   65   62   60   64   63   65   67   69   70   71   71
   71   70   68   66   63   59   56   52   48   44   41   38   35   33   31   30
   30   29   30   31   32   33   35   37   39   41   43   45   47   49   51   53
   54   55   56   57   57   58   59   60   60   61   61   62   62   63   63   64
   63   61   62   61   76   67   80   95   77                                   
    77.5-180.0 180.0   5.0 450.0                            LAT/LON1/LON2/DLON/H
   93   82   72   71   70   72   67   68   71   71   73   75   77   79   80   81
   81   79   78   75   71   67   62   57   52   48   44   40   37   34   33   32
   31   31   32   33   34   36   38   40   41   43   45   47   49   51   52   53
   55   55   56   56   57   58   58   59   60   61   62   63   64   65   67   67
   67   68   69   71   79   77   84  106   93                                   
    75.0-180.0 180.0   5.0 450.0                            LAT/LON1/LON2/DLON/H
  107   88   85   84   82   83   76   76   79   78   80   82   83   84   85   85
   85   83   81   78   74   69   64   58   53   49   44   41   38   36   35   35
   35   35   36   37   38   39   41   42   43   45   46   48   49   50   51   52
   53   53   53   54   54   55   56   57   58   60   62   64   65   67   69   71
   71   73   76   74   83   91   96  112  107                                   
    72.5-180.0 180.0   5.0 450.0                            LAT/LON1/LON2/DLON/H
  114  101  100   98   96   93   88   88   91   89   90   91   91   91   90   90
   88   86   84   80   76   71   66   60   55   51   47   45   43   41   41   41
   41   41   40   40   40   40   41   41   41   41   42   43   43   44   44   44
   44   44   44   44   44   45   46   48   50   53   55   58   61   64   67   70
   71   74   80   81   90  100  108  126  114                                   
    70.0-180.0 180.0   5.0 450.0                            LAT/LON1/LON2/DLON/H
  127  117  116  118  114  110  104  103  105  102  101  100   98   96   94   91
   89   86   83   79   75   70   65   60   56   52   50   48   48   48   48   48
   48   47   46   45   44   42   41   41   41   40   40   41   41   41   41   41
   40   40   40   40   40   41   43   46   49   53   56   60   63   67   71   74
   76   79   86   88   98  112  118  132  127                                   
    67.5-180.0 180.0   5.0 450.0                            LAT/LON1/LON2/DLON/H
  136  131  130  132  126  121  114  113  113  109  106  104  100   96   92   88
   84   81   77   73   69   65   60   56   52   50   48   48   48   48   49   49
   48   46   44   41   39   36   35   34   33   33   33   33   33   34   33   33
   33   33   32   32   33   34   37   40   44   49   54   58   62   66   70   73
   76   79   87   89  101  117  121  136  136                                   
    65.0-180.0 180.0   5.0 450.0                            LAT/LON1/LON2/DLON/H
  143  139  138  140  135  129  121  120  119  115  112  108  103   97   91   86
   82   78   75   71   67   62   58   53   50   47   46   46   47   48   48   47
   46   43   39   36   33   30   28   27   27   27   28   29   29   30   30   30
   30   29   29   29   29   31   33   38   43   49   54   60   65   69   73   76
   78   81   89   91  102  119  125  140  143                                   
    62.5-180.0 180.0   5.0 450.0                            LAT/LON1/LON2/DLON/H
  148  146  146  147  142  135  126  125  124  120  117  112  107  100   94   88
   84   80   77   73   69   64   58   53   49   47   45   45   46   47   47   45
   43   39   35   32   28   26   25   24   25   26   27   29   30   31   32   32
   31   30   30   29   29   31   34   39   45   52   59   66   72   77   81   84
   85   87   95   96  105  121  127  144  148                                   
    60.0-180.0 180.0   5.0 450.0                            LAT/LON1/LON2/DLON/H
  154  153  152  152  147  138  129  126  126  122  119  114  109  102   97   92
   89   86   82   78   73   66   60   54   49   45   44   44   44   44   44   42
   39   36   32   29   26   25   24   25   27   29   31   33   34   36   36   36
   35   34   32   31   31   32   36   42   49   58   66   74   81   87   92   95
   96   98  104  105  112  125  132  150  154                                   
    57.5-180.0 180.0   5.0 450.0                            LAT/LON1/LON2/DLON/H
  164  163  162  159  153  143  133  129  128  123  119  115  109  104  100   97
   94   92   89   84   76   68   60   54   48   45   43   43   43   43   42   40
   38   35   32   30   29   28   29   31   33   35   38   40   42   44   44   44
   43   40   38   36   35   36   40   47   55   65   74   84   92  100  107  111
  113  114  121  121  127  136  143  162  164                                   
    55.0-180.0 180.0   5.0 450.0                            LAT/LON1/LON2/DLON/H
  181  180  176  172  165  152  141  135  131  124  119  114  109  105  102  101
   99   97   93   87   78   69   61   54   49   46   44   44   44   44   43   42
   40   38   37   36   36   37   39   41   44   47   49   51   53   54   55   54
   52   49   46   43   41   43   47   54   63   73   83   94  104  113  123  130
  133  136  143  143  149  153  160  180  181                                   
    52.5-180.0 180.0   5.0 450.0                            LAT/LON1/LON2/DLON/H
  203  202  196  191  182  169  156  146  139  129  121  114  109  105  104  103
  102  100   95   87   78   68   61   55   52   50   49   49   49   49   48   47
   46   46   46   47   49   51   53   56   58   60   62   64   66   66   67   66
   64   61   56   52   50   51   55   62   71   81   92  103  114  125  137  148
  153  158  166  167  173  176  182  202  203                                   
    50.0-180.0 180.0   5.0 450.0                            LAT/LON1/LON2/DLON/H
  229  229  221  216  207  192  178  165  153  138  127  117  111  107  106  105
  104  100   94   85   76   68   62   59   57   57   58   58   58   57   56   55
   55   56   58   61   64   67   70   72   73   75   76   77   79   80   80   79
   77   74   69   65   62   62   66   73   82   91  100  111  122  136  150  163
  172  180  188  189  196  201  207  227  229                                   
    47.5-180.0 180.0   5.0 450.0                            LAT/LON1/LON2/DLON/H
  252  255  246  243  234  221  207  190  173  154  137  125  116  111  109  108
  105  100   92   83   75   70   66   65   66   67   69   69   68   66   65   64
   64   66   70   74   78   82   84   86   86   87   88   89   90   91   92   91
   90   87   83   79   76   76   80   86   94  101  110  119  130  144  159  175
  186  196  205  207  216  223  230  248  252                                   
    45.0-180.0 180.0   5.0 450.0                            LAT/LON1/LON2/DLON/H
  266  273  267  267  259  249  237  218  198  174  154  137  126  120  116  113
  108  100   92   84   78   74   74   75   77   79   80   79   77   74   72   70
   71   74   78   84   89   93   95   95   96   96   97   98  100  101  101  102
  101   99   96   93   91   91   95  100  107  113  120  127  138  151  166  182
  194  206  215  219  228  237  246  263  266                                   
    42.5-180.0 180.0   5.0 450.0                            LAT/LON1/LON2/DLON/H
  270  280  277  281  278  271  261  244  223  197  174  155  142  134  128  122
  114  105   97   90   86   85   85   87   89   90   89   86   83   78   75   73
   74   78   82   88   94   97  100  100  101  101  103  104  106  107  108  109
  110  110  108  106  105  106  110  115  121  126  130  137  146  157  172  187
  199  210  220  225  233  243  252  267  270                                   
    40.0-180.0 180.0   5.0 450.0                            LAT/LON1/LON2/DLON/H
  264  276  275  282  284  281  274  261  242  218  195  177  163  153  145  136
  126  116  108  103  101  101  102  101  100   98   94   89   83   78   74   73
   74   78   83   89   94   98  100  101  102  104  106  108  110  110  111  113
  115  117  117  117  117  119  123  129  134  138  141  146  154  165  178  191
  202  212  222  227  232  240  249  264  264                                   
    37.5-180.0 180.0   5.0 450.0                            LAT/LON1/LON2/DLON/H
  252  264  264  273  280  279  274  266  252  231  212  197  185  175  165  155
  143  133  126  122  122  121  118  114  107  101   94   87   81   77   74   73
   75   79   84   89   94   98  100  101  103  105  108  111  112  112  112  113
  116  119  122  123  124  127  132  138  143  147  151  156  164  175  187  199
  207  215  225  229  230  236  245  261  252                                   
    35.0-180.0 180.0   5.0 450.0                            LAT/LON1/LON2/DLON/H
  244  254  254  260  269  270  266  261  253  238  224  212  203  195  185  174
  162  152  147  144  143  139  131  120  109   99   92   85   81   78   77   78
   80   84   88   92   96   98  101  102  105  108  111  113  113  111  110  111
  114  117  120  123  125  130  136  142  148  153  158  165  175  187  200  211
  219  225  234  237  235  238  248  267  244                                   
    32.5-180.0 180.0   5.0 450.0                            LAT/LON1/LON2/DLON/H
  248  255  254  255  262  261  257  254  250  240  230  223  217  211  201  190
  178  170  166  163  159  150  136  121  107   97   91   88   88   88   88   90
   93   96   98  101  102  103  104  106  108  111  114  115  113  110  107  106
  108  111  114  117  120  126  133  141  149  155  162  173  186  202  218  231
  238  245  253  254  252  253  265  288  248                                   
    30.0-180.0 180.0   5.0 450.0                            LAT/LON1/LON2/DLON/H
  273  278  271  265  267  263  256  252  250  242  236  232  228  221  212  201
  190  183  179  174  166  152  134  117  105   99   99  101  105  108  111  114
  115  116  116  115  114  112  112  113  114  116  117  117  113  108  104  102
  102  104  106  108  112  119  128  137  146  155  165  179  198  219  240  257
  267  275  283  284  283  284  298  326  273                                   
    27.5-180.0 180.0   5.0 450.0                            LAT/LON1/LON2/DLON/H
  324  326  309  297  294  284  272  265  260  252  246  241  236  229  219  208
  197  190  184  176  162  145  127  114  109  111  118  127  135  142  146  148
  147  144  140  134  129  125  122  121  121  122  121  119  114  107  102   99
   98   99  100  102  106  113  123  134  145  155  168  185  208  235  262  286
  303  315  325  325  328  331  347  380  324                                   
    25.0-180.0 180.0   5.0 450.0                            LAT/LON1/LON2/DLON/H
  398  397  372  355  345  329  311  297  285  273  263  255  247  237  225  212
  200  191  181  168  150  133  121  118  124  137  152  168  180  188  191  190
  185  177  166  155  145  138  132  129  127  126  125  121  115  108  103  100
   99   98   98   99  103  111  122  135  147  158  172  191  217  249  282  314
  339  358  371  374  383  390  410  446  398                                   
    22.5-180.0 180.0   5.0 450.0                            LAT/LON1/LON2/DLON/H
  483  478  456  438  422  401  375  351  330  310  293  278  263  248  232  217
  202  189  174  156  138  126  124  134  154  178  202  221  233  239  239  232
  221  205  187  170  156  146  139  134  131  129  127  123  117  110  105  102
  101  100  100  100  104  112  124  138  150  163  178  199  227  263  301  339
  372  398  415  423  439  452  479  515  483                                   
    20.0-180.0 180.0   5.0 450.0                            LAT/LON1/LON2/DLON/H
  559  553  545  535  515  492  460  428  396  365  337  312  289  268  247  227
  209  191  171  150  136  132  144  169  202  234  260  276  284  284  276  262
  243  220  197  176  159  148  140  135  132  130  128  124  118  112  107  104
  103  101   99   99  103  112  125  140  154  168  185  207  236  274  316  359
  397  427  448  461  484  503  538  575  559                                   
    17.5-180.0 180.0   5.0 450.0                            LAT/LON1/LON2/DLON/H
  611  610  619  622  605  585  555  517  477  435  396  360  328  298  272  249
  226  202  179  160  151  160  186  224  264  296  315  321  318  308  292  272
  247  219  192  170  154  144  138  134  132  130  127  123  118  111  106  104
  102  100   98   97  101  111  126  142  159  175  193  215  245  283  326  370
  411  443  466  484  510  533  576  613  611                                   
    15.0-180.0 180.0   5.0 450.0                            LAT/LON1/LON2/DLON/H
  630  640  664  679  671  661  637  603  560  513  465  419  378  342  311  283
  256  229  204  189  189  209  248  294  332  353  355  344  326  305  284  259
  232  203  177  157  145  138  135  133  131  130  128  124  117  110  105  102
  100   98   96   96  100  111  127  146  164  182  201  224  253  290  332  374
  414  446  470  490  517  540  587  625  630                                   
    12.5-180.0 180.0   5.0 450.0                            LAT/LON1/LON2/DLON/H
  621  644  675  699  702  703  691  666  630  585  535  485  439  398  362  331
  301  272  249  239  249  280  325  368  392  391  370  338  307  280  256  233
  207  181  159  144  137  135  134  135  134  133  131  126  119  111  105  102
  100   98   96   96  101  112  129  149  169  189  209  232  261  296  335  374
  410  440  462  483  509  531  576  615  621                                   
    10.0-180.0 180.0   5.0 450.0                            LAT/LON1/LON2/DLON/H
  599  628  658  686  699  712  711  699  674  638  594  547  501  460  424  391
  359  331  311  307  325  363  405  434  434  405  358  310  270  242  222  203
  183  163  148  139  137  138  140  141  141  140  136  130  121  112  105  101
  100   98   97   97  102  114  131  153  174  195  217  241  270  303  339  374
  406  431  452  472  494  514  555  594  599                                   
     7.5-180.0 180.0   5.0 450.0                            LAT/LON1/LON2/DLON/H
  576  605  629  654  674  694  703  702  690  667  634  596  557  520  487  456
  425  399  383  385  407  442  472  477  449  393  327  269  229  207  194  182
