data/edconvlstm_nd/pred3300.15i
     1.0            IONOSPHERE MAPS     GNSS                IONEX VERSION / TYPE
pyspatialgeodesy        IME             05-JAN-18 20:20     PGM / RUN BY / DATE 
Map Name                                                    COMMENT             
Predicted global ionosphere maps (GIM).                     DESCRIPTION         
  2015    11    26     0     0     0                        EPOCH OF FIRST MAP  
  2015    11    27     0     0     0                        EPOCH OF LAST MAP   
  7200                                                      INTERVAL            
    13                                                      # OF MAPS IN FILE   
  NONE                                                      MAPPING FUNCTION    
10.0                                                        ELEVATION CUTOFF    
One-way carrier phase leveled to code                       OBSERVABLES USED    
  6371.0                                                    BASE RADIUS         
 2                                                          MAP DIMENSION       
   450.0 450.0   0.0                                        HGT1 / HGT2 / DHGT  
    87.5 -87.5  -2.5                                        LAT1 / LAT2 / DLAT  
  -180.0 180.0   5.0                                        LON1 / LON2 / DLON  
    -1                                                      EXPONENT            
                                                            END OF HEADER       
[from data line 3003]
     8                                                      START OF TEC MAP    
  2015    11    26    14     0     0                        EPOCH OF CURRENT MAP
    87.5-180.0 180.0   5.0 450.0                            LAT/LON1/LON2/DLON/H
   38   51   54   56   59   59   60   56   56   58   58   58   58   58   57   57
   56   56   55   54   53   53   52   51   51   50   50   50   50   50   49   49
   49   49   49   48   48   48   47   47   47   47   47   47   47   47   48   48
   49   49   50   50   50   51   51   51   51   51   51   51   51   51   51   51
   51   51   48   46   49   52   67   70   38                                   
    85.0-180.0 180.0   5.0 450.0                            LAT/LON1/LON2/DLON/H
   43   60   75   59   61   65   65   65   65   68   67   67   66   66   65   64
   63   62   61   60   60   59   58   58   57   57   57   57   57   57   57   57
   56   56   56   55   55   55   54   54   54   53   53   53   53   54   54   55
   55   56   56   57   57   58   58   58   59   59   59   58   58   58   58   58
   59   59   54   51   56   58   69   62   43                                   
    82.5-180.0 180.0   5.0 450.0                            LAT/LON1/LON2/DLON/H
   35   48   63   53   57   59   61   62   63   64   64   64   63   62   60   59
   57   56   54   53   51   50   50   49   49   49   49   49   49   50   50   50
   50   50   50   49   49   48   47   46   46   45   45   45   45   45   46   46
   47   48   49   49   50   51   51   51   51   51   51   51   51   51   51   51
   52   51   48   45   53   60   61   56   35                                   
    80.0-180.0 180.0   5.0 450.0                            LAT/LON1/LON2/DLON/H
   27   37   55   48   53   53   56   57   59   61   61   62   61   59   57   55
   53   51   49   47   46   45   44   44   44   44   45   46   47   48   49   50
   50   50   50   49   48   46   44   42   41   39   38   38   38   38   39   40
   41   42   43   44   45   46   46   46   46   46   46   45   45   44   44   43
   43   43   42   41   44   50   50   52   27                                   
    77.5-180.0 180.0   5.0 450.0                            LAT/LON1/LON2/DLON/H
   34   37   42   37   42   43   48   50   54   55   56   58   57   56   55   53
   51   49   47   45   44   43   43   43   43   44   46   47   49   51   53   54
   55   55   54   53   50   47   44   40   36   33   31   29   28   28   29   31
   32   34   36   38   39   39   40   40   39   38   37   36   35   33   32   31
   31   30   29   29   30   31   36   38   34                                   
    75.0-180.0 180.0   5.0 450.0                            LAT/LON1/LON2/DLON/H
   16   25   28   28   33   36   39   42   46   49   51   53   53   53   52   51
   50   48   47   46   45   45   46   47   48   50   52   55   57   60   62   64
   65   65   64   62   59   54   49   44   39   34   30   28   26   26   27   28
   30   32   34   36   37   38   38   37   36   35   33   32   31   29   28   27
   26   26   25   24   27   24   25   21   16                                   
    72.5-180.0 180.0   5.0 450.0                            LAT/LON1/LON2/DLON/H
   17   23   23   25   27   30   35   37   41   44   46   48   49   50   50   50
   50   50   50   50   51   52   54   56   58   61   63   66   69   71   74   76
   77   77   76   73   69   63   57   50   42   36   31   27   25   24   25   26
   29   31   33   34   35   35   34   33   31   30   29   28   27   26   25   24
   24   23   23   22   24   21   23   22   17                                   
    70.0-180.0 180.0   5.0 450.0                            LAT/LON1/LON2/DLON/H
   14   21   23   25   27   28   30   34   38   42   44   47   49   50   51   52
   53   55   57   60   63   67   70   73   76   78   81   83   86   88   90   92
   93   93   91   88   84   77   69   61   53   45   38   34   31   30   30   32
   33   35   36   37   36   35   33   32   30   29   28   28   28   28   28   29
   28   28   29   27   29   27   30   30   14                                   
    67.5-180.0 180.0   5.0 450.0                            LAT/LON1/LON2/DLON/H
   18   24   25   27   28   29   31   34   37   40   43   45   47   49   51   53
   56   60   64   69   75   80   85   89   92   95   97   99  100  102  104  105
  105  105  103  100   95   88   80   71   62   54   47   41   38   36   36   37
   38   39   39   37   36   33   31   29   28   27   27   28   29   31   32   34
   35   35   36   34   34   32   33   32   18                                   
    65.0-180.0 180.0   5.0 450.0                            LAT/LON1/LON2/DLON/H
   22   28   27   30   29   30   31   33   36   39   40   43   44   46   49   52
   56   62   69   76   84   91   97  102  106  108  110  111  112  113  114  114
  114  113  111  108  103   96   88   79   70   62   55   49   45   43   42   42
   41   40   39   36   32   29   26   24   23   23   24   26   29   32   35   38
   40   42   44   42   43   42   42   41   22                                   
    62.5-180.0 180.0   5.0 450.0                            LAT/LON1/LON2/DLON/H
   28   33   31   34   33   33   33   34   36   37   39   40   42   44   47   50
   56   63   71   80   89   97  104  110  114  116  118  119  120  121  121  121
  120  119  116  112  107  101   93   85   76   68   61   55   51   48   46   44
   42   39   36   32   27   24   21   19   19   20   21   24   28   32   36   40
   43   45   48   47   47   46   46   46   28                                   
    60.0-180.0 180.0   5.0 450.0                            LAT/LON1/LON2/DLON/H
   34   37   35   37   35   34   33   33   34   35   36   37   38   40   43   47
   53   61   70   79   89   97  105  111  115  119  121  123  124  125  126  125
  124  121  118  114  108  102   95   87   80   72   65   59   54   49   46   42
   39   35   30   26   21   17   15   14   14   16   18   21   25   29   33   37
   41   44   47   46   47   47   47   46   34                                   
    57.5-180.0 180.0   5.0 450.0                            LAT/LON1/LON2/DLON/H
   38   40   39   41   39   38   36   36   36   36   35   36   37   39   42   46
   53   61   70   79   88   97  105  111  116  121  124  128  131  133  134  133
  131  128  123  118  112  106  100   93   86   79   72   65   59   53   48   43
   38   34   29   24   20   17   15   15   16   17   20   23   26   29   33   36
   39   42   45   45   46   46   46   46   38                                   
    55.0-180.0 180.0   5.0 450.0                            LAT/LON1/LON2/DLON/H
   43   45   44   47   45   44   41   40   39   38   37   37   37   39   43   48
   55   63   71   80   89   97  105  112  118  124  129  135  140  143  145  145
  142  137  131  125  118  112  106  100   94   87   80   73   66   58   51   45
   40   35   31   26   23   21   20   20   21   23   25   27   29   31   34   36
   38   40   43   43   45   44   45   45   43                                   
    52.5-180.0 180.0   5.0 450.0                            LAT/LON1/LON2/DLON/H
   49   50   50   54   52   51   48   46   44   42   40   40   40   42   46   53
   60   68   76   84   92  100  108  116  123  130  138  145  152  157  159  158
  154  148  141  134  128  122  116  110  104   98   92   84   75   66   58   51
   45   41   37   34   32   30   30   31   33   35   36   37   38   38   38   39
   40   42   44   44   46   45   45   46   49                                   
    50.0-180.0 180.0   5.0 450.0                            LAT/LON1/LON2/DLON/H
   55   56   57   61   61   60   56   54   51   48   46   45   45   48   53   60
   68   76   83   91   98  107  116  124  133  141  150  158  166  171  174  172
  167  160  153  146  139  133  128  123  117  111  105   97   87   77   68   61
   55   51   49   47   45   44   44   46   48   50   51   50   49   48   47   46
   46   47   49   49   50   50   50   49   55                                   
    47.5-180.0 180.0   5.0 450.0                            LAT/LON1/LON2/DLON/H
   61   64   64   69   69   69   64   62   58   56   53   52   52   55   60   68
   77   85   93  101  109  118  128  138  147  155  164  172  179  183  185  182
  176  169  162  156  151  146  141  136  130  125  118  110  101   90   81   73
   67   64   62   60   59   58   58   60   62   64   65   64   62   59   57   56
   56   56   57   57   58   58   58   56   61                                   
    45.0-180.0 180.0   5.0 450.0                            LAT/LON1/LON2/DLON/H
   66   69   70   75   75   76   71   68   65   63   61   60   59   62   68   77
   87   96  104  112  122  132  143  153  162  170  177  183  188  190  189  185
  179  173  168  164  161  157  153  148  143  137  131  123  114  103   93   86
   80   77   74   72   70   68   68   69   72   74   75   74   72   69   67   66
   65   66   67   67   68   69   68   65   66                                   
    42.5-180.0 180.0   5.0 450.0                            LAT/LON1/LON2/DLON/H
   68   71   71   78   79   79   74   73   71   70   68   67   67   69   76   85
   95  105  114  124  135  147  159  169  177  183  187  190  191  190  187  182
  177  173  171  170  170  168  164  159  153  147  141  133  124  114  105   97
   91   87   83   79   75   71   70   71   74   76   78   78   76   75   74   73
   73   74   75   75   76   78   77   73   68                                   
    40.0-180.0 180.0   5.0 450.0                            LAT/LON1/LON2/DLON/H
   66   69   69   76   77   78   75   74   74   75   74   73   73   76   82   92
  102  112  123  134  147  160  172  182  188  191  192  191  189  185  181  177
  174  173  175  178  180  180  176  170  163  156  149  142  133  123  113  105
   98   93   87   81   75   69   67   67   70   73   76   77   77   76   76   77
   78   78   80   80   81   82   80   77   66                                   
    37.5-180.0 180.0   5.0 450.0                            LAT/LON1/LON2/DLON/H
   61   63   62   70   72   73   72   73   75   77   78   79   79   82   88   98
  108  119  131  143  157  171  182  190  193  194  191  188  184  180  176  175
  176  180  187  193  196  196  191  183  174  165  157  149  139  129  120  111
  104   97   89   81   73   67   63   63   66   70   73   74   75   75   76   77
   78   78   80   79   80   80   78   76   61                                   
    35.0-180.0 180.0   5.0 450.0                            LAT/LON1/LON2/DLON/H
   55   56   54   62   64   65   66   69   73   77   80   83   84   88   94  104
  114  126  138  152  166  179  189  194  194  192  189  186  182  180  180  183
  190  200  210  218  221  219  212  201  189  178  167  157  147  137  127  118
  111  103   95   86   78   71   67   66   69   72   75   76   76   76   76   77
   77   75   76   75   75   73   72   71   55                                   
    32.5-180.0 180.0   5.0 450.0                            LAT/LON1/LON2/DLON/H
   50   49   48   53   55   56   58   63   69   75   81   85   89   94  101  110
  121  133  146  160  174  185  192  194  193  190  188  187  188  191  197  207
  220  235  247  255  257  251  240  225  210  196  183  171  160  149  140  131
  124  117  110  102   94   88   84   83   85   87   88   88   85   83   81   80
   77   74   73   70   69   66   65   65   50                                   
    30.0-180.0 180.0   5.0 450.0                            LAT/LON1/LON2/DLON/H
   48   47   44   48   49   49   51   56   64   71   79   85   92   99  107  117
  129  141  155  169  182  190  194  193  191  190  192  197  204  214  228  246
  266  284  298  304  302  291  275  257  239  222  207  194  181  170  161  154
  148  143  138  132  127  122  119  117  117  117  116  112  106  100   95   90
   84   78   75   70   67   62   62   61   48                                   
    27.5-180.0 180.0   5.0 450.0                            LAT/LON1/LON2/DLON/H
   51   49   44   46   46   45   47   50   58   65   74   83   92  102  112  124
  137  150  164  178  189  195  195  193  192  195  203  215  231  250  272  298
  323  345  358  361  353  337  316  295  275  257  240  225  212  201  193  188
  184  182  180  179  177  174  171  167  164  161  155  148  138  127  118  109
  100   91   85   76   72   65   66   62   51                                   
    25.0-180.0 180.0   5.0 450.0                            LAT/LON1/LON2/DLON/H
   59   57   49   49   48   46   45   47   52   59   68   78   90  103  116  130
  144  159  173  185  194  198  198  196  198  206  221  242  267  294  324  357
  387  410  421  418  403  381  357  335  314  297  280  266  253  243  236  233
  232  232  234  237  239  238  234  227  220  212  202  190  176  161  148  136
  124  113  103   91   86   77   77   69   59                                   
    22.5-180.0 180.0   5.0 450.0                            LAT/LON1/LON2/DLON/H
   73   69   59   57   54   50   48   47   50   55   62   72   86  101  117  133
  149  165  179  191  199  202  202  204  210  225  248  276  307  342  378  415
  447  468  473  463  443  417  392  370  352  337  323  310  299  291  287  285
  286  289  293  299  303  302  296  285  273  261  247  232  214  196  179  165
  151  139  126  113  105   95   95   84   73                                   
    20.0-180.0 180.0   5.0 450.0                            LAT/LON1/LON2/DLON/H
   90   85   71   67   62   56   53   50   51   53   58   68   82   99  117  135
  152  169  183  195  202  207  211  217  230  251  280  313  348  386  425  461
  490  505  504  489  465  439  415  397  384  374  364  355  346  340  338  338
  339  342  346  351  354  351  341  326  309  293  278  261  243  223  206  191
  176  164  150  137  128  117  115  103   90                                   
    17.5-180.0 180.0   5.0 450.0                            LAT/LON1/LON2/DLON/H
  107  101   84   78   70   62   59   55   54   55   58   66   80   98  118  137
  156  172  186  198  207  215  224  237  257  283  315  349  385  421  456  487
  508  516  510  492  469  446  427  415  408  403  399  393  388  384  383  382
  382  381  381  382  379  371  356  337  318  301  286  270  254  236  220  206
  193  182  169  157  147  137  133  122  107                                   
    15.0-180.0 180.0   5.0 450.0                            LAT/LON1/LON2/DLON/H
  119  113   95   86   76   67   64   60   58   58   61   69   83  102  122  143
  161  178  192  204  215  227  243  264  289  319  350  382  413  442  469  491
  504  505  495  479  461  444  433  427  426  426  426  424  421  418  416  413
  408  401  393  385  376  361  342  320  300  284  271  260  247  233  219  207
  197  189  178  168  159  151  146  135  119                                   
    12.5-180.0 180.0   5.0 450.0                            LAT/LON1/LON2/DLON/H
  123  118  101   92   80   69   67   63   62   63   66   75   90  110  132  153
  172  189  203  215  229  246  269  296  325  356  384  409  431  451  468  479
  484  481  472  461  450  443  439  439  442  445  447  447  444  440  436  428
  416  401  385  368  350  330  307  285  266  253  244  236  228  217  207  198
  190  184  177  170  163  156  150  140  123                                   
    10.0-180.0 180.0   5.0 450.0                            LAT/LON1/LON2/DLON/H
  121  117  102   93   81   70   69   66   66   68   73   83  100  122  146  169
  189  206  221  234  251  272  300  331  363  391  413  430  442  451  458  461
  460  456  451  447  446  447  450  454  459  463  465  463  459  453  444  431
  413  390  365  340  316  292  268  247  232  222  217  213  208  200  193  185
  178  174  169  164  159  153  148  138  121                                   
     7.5-180.0 180.0   5.0 450.0                            LAT/LON1/LON2/DLON/H
  114  112   99   91   81   70   70   68   69   72   79   93  112  137  163  188
  210  229  245  260  279  303  334  367  398  422  437  445  447  448  447  446
