data/edconvlstm_nd/pred0360.15i
     1.0            IONOSPHERE MAPS     GNSS                IONEX VERSION / TYPE
pyspatialgeodesy        IME             05-JAN-18 20:20     PGM / RUN BY / DATE 
Map Name                                                    COMMENT             
Predicted global ionosphere maps (GIM).                     DESCRIPTION         
  2015     2     5     0     0     0                        EPOCH OF FIRST MAP  
  2015     2     6     0     0     0                        EPOCH OF LAST MAP   
  7200                                                      INTERVAL            
    13                                                      # OF MAPS IN FILE   
  NONE                                                      MAPPING FUNCTION    
10.0                                                        ELEVATION CUTOFF    
One-way carrier phase leveled to code                       OBSERVABLES USED    
  6371.0                                                    BASE RADIUS         
 2                                                          MAP DIMENSION       
   450.0 450.0   0.0                                        HGT1 / HGT2 / DHGT  
    87.5 -87.5  -2.5                                        LAT1 / LAT2 / DLAT  
  -180.0 180.0   5.0                                        LON1 / LON2 / DLON  
    -1                                                      EXPONENT            
                                                            END OF HEADER       
[from data line 2574]
     7                                                      START OF TEC MAP    
  2015     2     5    12     0     0                        EPOCH OF CURRENT MAP
    87.5-180.0 180.0   5.0 450.0                            LAT/LON1/LON2/DLON/H
   86   97   98  104  108  109  110  108  110  113  113  114  115  116  116  117
  117  117  118  118  119  119  120  120  121  121  122  122  122  122  122  122
  121  120  119  117  115  113  111  108  105  102   98   95   92   89   86   83
   81   79   77   75   75   74   74   74   74   75   76   77   78   79   81   82
   85   87   86   85   90   91  103  104   86                                   
    85.0-180.0 180.0   5.0 450.0                            LAT/LON1/LON2/DLON/H
   88  102  113  105  106  112  113  115  117  119  119  120  121  121  121  122
  122  122  123  123  124  124  125  126  127  128  129  130  131  132  132  132
  132  131  130  128  125  122  119  115  111  106  102   97   92   88   84   80
   77   74   72   71   70   70   71   72   73   74   76   77   79   81   83   86
   89   91   89   87   88   93   99  101   88                                   
    82.5-180.0 180.0   5.0 450.0                            LAT/LON1/LON2/DLON/H
   82   95  103   96   97  101  104  106  107  109  109  109  108  108  107  107
  107  106  107  107  108  109  111  113  115  118  121  124  126  129  131  132
  133  134  133  132  129  126  122  117  111  104   98   91   84   78   72   66
   62   58   55   54   53   53   54   55   57   59   62   64   67   70   73   76
   80   82   81   80   84   92   89   89   82                                   
    80.0-180.0 180.0   5.0 450.0                            LAT/LON1/LON2/DLON/H
   79   87   94   89   89   90   93   95   96   97   96   96   94   93   91   89
   88   87   87   87   88   90   92   96   99  104  108  113  118  123  128  131
  135  137  138  138  136  133  129  123  116  108  100   91   83   74   67   60
   54   50   47   45   44   44   46   48   51   54   58   62   65   69   73   76
   80   82   82   81   81   87   87   88   79                                   
    77.5-180.0 180.0   5.0 450.0                            LAT/LON1/LON2/DLON/H
   85   86   87   83   82   83   85   86   87   85   83   82   79   76   73   70
   67   66   65   65   67   69   73   78   84   90   97  105  112  120  128  135
  141  147  151  153  153  152  148  142  135  126  117  107   97   87   78   71
   64   59   55   53   52   52   53   56   59   62   67   71   76   80   84   87
   89   90   89   89   88   86   85   86   85                                   
    75.0-180.0 180.0   5.0 450.0                            LAT/LON1/LON2/DLON/H
   79   82   80   78   77   79   78   78   77   76   72   70   65   61   57   52
   49   47   46   47   49   52   57   64   71   80   89   98  108  119  129  138
  148  156  163  168  171  172  170  166  159  152  142  132  122  112  103   94
   87   81   77   73   71   70   70   71   73   76   79   83   87   91   95   98
   99   99   98   93   93   89   87   78   79                                   
    72.5-180.0 180.0   5.0 450.0                            LAT/LON1/LON2/DLON/H
   77   80   77   77   75   78   78   76   74   71   67   63   58   53   47   42
   38   35   35   36   39   44   51   59   68   78   89  100  111  122  134  145
  157  167  177  185  191  194  195  193  188  182  174  165  156  146  137  129
  121  115  109  103   99   95   92   90   89   89   91   93   96   99  101  104
  104  104  102   97   96   93   91   85   77                                   
    70.0-180.0 180.0   5.0 450.0                            LAT/LON1/LON2/DLON/H
   73   77   77   78   76   78   76   75   73   70   65   60   54   48   41   36
   32   29   29   31   36   43   52   62   74   85   96  107  118  129  141  153
  166  178  190  200  209  214  217  218  216  212  206  199  191  182  174  165
  157  150  142  134  125  117  110  103   98   94   92   92   93   94   96   98
   98   98   97   92   92   91   93   89   73                                   
    67.5-180.0 180.0   5.0 450.0                            LAT/LON1/LON2/DLON/H
   66   73   76   78   78   81   81   80   77   73   68   63   56   50   44   38
   34   32   32   35   42   51   62   75   87   99  110  120  129  139  150  162
  175  188  201  213  223  231  236  239  239  237  234  228  222  214  206  198
  189  180  170  159  147  134  122  110  100   92   87   83   82   82   83   85
   86   85   85   81   82   84   86   84   66                                   
    65.0-180.0 180.0   5.0 450.0                            LAT/LON1/LON2/DLON/H
   57   68   71   76   77   81   81   81   79   76   71   66   59   53   47   42
   38   36   38   43   51   62   76   90  103  115  125  134  142  151  161  173
  186  199  213  226  237  246  253  258  260  261  258  254  248  241  233  224
  214  202  190  175  159  142  124  108   94   82   74   68   65   63   63   65
   66   66   68   66   69   74   79   79   57                                   
    62.5-180.0 180.0   5.0 450.0                            LAT/LON1/LON2/DLON/H
   47   59   63   69   71   76   78   79   78   76   72   67   62   56   51   46
   43   42   44   50   60   72   87  102  116  128  137  145  153  161  170  182
  196  210  224  237  248  258  265  271  275  276  276  272  266  258  249  238
  226  213  197  180  161  140  120  100   84   70   60   52   48   45   45   45
   46   48   50   49   54   59   65   68   47                                   
    60.0-180.0 180.0   5.0 450.0                            LAT/LON1/LON2/DLON/H
   39   50   53   59   61   66   69   71   72   71   69   66   61   56   52   48
   46   45   48   54   64   77   92  108  122  134  144  152  159  168  179  192
  206  221  235  248  258  267  275  281  286  288  288  284  277  268  257  244
  231  216  199  180  159  137  115   95   78   64   53   45   40   36   34   34
   34   35   37   37   43   47   53   58   39                                   
    57.5-180.0 180.0   5.0 450.0                            LAT/LON1/LON2/DLON/H
   37   43   45   49   51   54   58   62   64   65   64   62   59   55   51   48
   46   46   49   55   64   76   91  107  122  135  145  155  165  176  189  204
  220  235  249  261  270  278  285  291  296  299  299  295  287  277  264  250
  235  220  202  183  162  141  119  100   84   71   61   54   48   44   40   38
   36   35   37   36   42   43   48   53   37                                   
    55.0-180.0 180.0   5.0 450.0                            LAT/LON1/LON2/DLON/H
   41   42   40   42   42   45   49   53   57   59   59   58   55   52   49   47
   46   46   48   53   61   72   86  102  117  131  144  156  168  182  198  216
  234  251  264  275  283  289  294  299  305  308  309  305  297  285  271  257
  242  227  211  193  173  153  134  116  102   92   84   77   72   66   60   55
   51   48   49   47   51   50   53   57   41                                   
    52.5-180.0 180.0   5.0 450.0                            LAT/LON1/LON2/DLON/H
   53   48   43   41   39   40   44   48   52   55   57   56   53   50   48   46
   45   46   47   51   58   68   81   96  112  128  143  157  173  190  209  229
  249  266  280  289  295  300  304  309  314  318  319  316  308  296  282  268
  255  241  227  211  193  174  156  141  129  121  115  109  104   97   90   83
   76   72   71   67   70   67   68   68   53                                   
    50.0-180.0 180.0   5.0 450.0                            LAT/LON1/LON2/DLON/H
   70   62   53   48   44   44   46   49   53   57   58   57   55   52   49   48
   48   48   50   52   58   66   79   94  111  128  145  162  180  200  221  242
  263  281  294  303  308  311  314  319  324  329  331  329  321  311  298  286
  274  262  249  234  216  198  180  166  155  148  143  139  134  128  119  111
  103   98   96   92   94   91   90   86   70                                   
    47.5-180.0 180.0   5.0 450.0                            LAT/LON1/LON2/DLON/H
   89   82   71   63   57   55   55   56   60   63   64   63   60   57   54   53
   54   54   56   58   62   70   82   98  116  135  154  172  191  211  232  254
  275  293  307  315  320  322  325  330  336  342  344  343  337  327  317  306
  296  285  273  257  238  218  199  183  171  164  159  155  151  144  136  128
  120  115  113  110  114  113  112  106   89                                   
    45.0-180.0 180.0   5.0 450.0                            LAT/LON1/LON2/DLON/H
  105  101   92   84   77   73   71   70   72   74   75   74   70   66   63   63
   63   64   65   67   71   79   92  109  128  148  167  186  204  222  241  262
  282  300  315  325  331  335  338  343  350  355  359  358  353  345  336  327
  318  307  292  274  252  228  206  186  172  162  156  152  147  141  135  128
  121  118  116  115  122  126  127  122  105                                   
    42.5-180.0 180.0   5.0 450.0                            LAT/LON1/LON2/DLON/H
  112  115  110  104   99   93   90   87   86   87   87   86   82   78   76   75
   75   76   77   79   83   92  106  124  144  164  183  200  215  230  246  264
  284  303  321  334  343  349  355  360  367  372  374  373  368  361  353  345
  335  322  305  282  256  228  201  177  159  146  138  132  128  123  117  113
  108  106  105  106  115  124  127  125  112                                   
    40.0-180.0 180.0   5.0 450.0                            LAT/LON1/LON2/DLON/H
  109  119  120  119  117  112  107  102   99   99   98   98   95   91   88   88
   88   88   89   90   94  104  120  140  161  180  197  211  223  234  248  265
  285  307  328  346  359  369  376  383  389  393  394  391  385  378  370  361
  349  333  312  285  255  223  192  164  142  127  116  110  105  101   98   95
   91   89   88   88   98  108  113  114  109                                   
    37.5-180.0 180.0   5.0 450.0                            LAT/LON1/LON2/DLON/H
  100  115  122  125  127  123  119  113  108  107  106  106  104  102  100   99
   99   98   97   98  103  115  133  154  175  193  208  219  228  237  250  268
  291  317  343  366  384  397  406  414  419  421  419  414  406  398  389  379
  365  346  321  292  259  225  192  163  139  122  110  102   98   95   92   90
   86   82   78   74   79   86   92   96  100                                   
    35.0-180.0 180.0   5.0 450.0                            LAT/LON1/LON2/DLON/H
   89  106  116  123  127  125  123  117  112  109  109  110  110  109  107  106
  105  104  102  103  110  123  143  165  186  203  215  225  233  243  257  279
  307  338  370  397  419  435  447  454  458  457  452  445  436  427  417  406
  390  369  342  312  279  247  216  188  164  146  134  127  123  121  118  114
  107   98   89   76   72   71   74   79   89                                   
    32.5-180.0 180.0   5.0 450.0                            LAT/LON1/LON2/DLON/H
   83   97  107  115  121  120  119  114  109  107  107  110  111  111  110  110
  108  106  104  106  114  130  151  174  195  211  223  232  241  254  274  301
  336  373  410  442  467  485  497  504  506  503  495  486  476  467  458  446
  430  408  382  353  324  297  271  247  226  210  199  194  191  188  184  178
  165  149  132  106   90   74   71   70   83                                   
    30.0-180.0 180.0   5.0 450.0                            LAT/LON1/LON2/DLON/H
   88   96  101  108  112  111  112  107  103  101  102  106  108  109  109  109
  107  106  105  108  118  137  161  184  204  220  231  243  256  275  301  337
  378  422  464  499  526  544  555  561  561  556  547  537  528  520  512  502
  487  467  443  419  397  377  358  340  324  311  303  299  297  294  288  277
  257  233  206  168  138  104   88   76   88                                   
    27.5-180.0 180.0   5.0 450.0                            LAT/LON1/LON2/DLON/H
  107  108  103  106  107  104  105  100   97   95   96  100  103  104  105  105
  104  104  105  111  125  146  172  196  216  231  244  259  278  305  341  384
  433  483  528  564  590  606  616  620  619  614  605  597  589  584  579  572
  561  545  526  509  494  483  473  462  450  441  435  433  432  427  416  398
  371  338  301  255  211  159  126  101  107                                   
    25.0-180.0 180.0   5.0 450.0                            LAT/LON1/LON2/DLON/H
  143  133  116  112  110  103  103   97   94   92   92   95   97   98   98   99
   99  101  106  116  134  159  186  211  230  246  262  282  310  345  389  440
  494  548  594  628  651  665  673  676  675  671  665  659  656  655  655  653
  647  637  625  615  608  605  601  596  588  580  575  574  571  563  548  523
  487  448  401  352  298  233  183  144  143                                   
    22.5-180.0 180.0   5.0 450.0                            LAT/LON1/LON2/DLON/H
  193  173  142  129  121  110  108  101   96   93   92   92   93   93   92   93
   95   99  108  122  145  174  203  228  247  265  285  312  347  391  441  497
  554  608  651  682  700  711  718  722  723  722  720  719  720  724  729  733
  733  730  724  719  717  718  717  713  704  695  688  685  680  670  651  621
  582  541  490  441  384  316  254  205  193                                   
    20.0-180.0 180.0   5.0 450.0                            LAT/LON1/LON2/DLON/H
  247  218  181  156  140  125  119  110  103   98   94   93   91   90   88   89
   92   99  111  130  158  189  220  245  266  287  313  347  388  437  492  549
  604  654  692  717  732  742  751  757  761  764  765  767  772  780  789  798
  804  806  805  802  799  797  793  783  769  753  742  734  728  716  696  667
  629  595  547  504  452  391  328  274  247                                   
    17.5-180.0 180.0   5.0 450.0                            LAT/LON1/LON2/DLON/H
  294  261  224  190  165  145  134  122  113  105   99   95   92   89   87   88
   91  100  115  139  170  204  236  263  286  311  342  382  429  481  535  588
  639  681  712  732  747  759  771  781  789  794  797  801  807  816  827  839
  848  853  853  848  841  832  818  798  773  748  729  716  706  694  676  650
  619  594  558  524  486  437  384  334  294                                   
    15.0-180.0 180.0   5.0 450.0                            LAT/LON1/LON2/DLON/H
  328  295  264  226  193  169  152  137  124  114  105   99   94   91   89   89
   93  103  120  147  181  217  251  279  305  335  371  415  464  515  565  612
  654  689  714  733  749  766  783  797  808  814  817  820  824  831  841  853
  863  869  867  859  845  826  800  768  730  694  666  646  632  619  604  583
  560  544  524  501  480  445  406  368  328                                   
    12.5-180.0 180.0   5.0 450.0                            LAT/LON1/LON2/DLON/H
  343  317  295  258  220  192  171  152  135  122  112  104   99   95   93   92
   96  107  126  155  191  229  263  294  323  358  398  444  492  538  581  620
  654  683  705  725  745  767  789  808  821  826  827  826  826  829  836  845
  854  858  854  841  820  792  756  712  664  617  580  553  535  521  508  492
  476  469  461  451  445  425  400  372  343                                   
    10.0-180.0 180.0   5.0 450.0                            LAT/LON1/LON2/DLON/H
  342  326  312  281  243  212  188  166  147  132  119  110  104  101   98   98
  101  112  132  162  200  239  275  308  341  379  422  467  510  549  584  616
  644  670  692  714  740  767  794  816  829  833  830  825  819  817  818  823
  829  830  823  807  782  748  705  653  597  544  499  466  444  429  419  407
  397  395  395  395  399  393  377  353  342                                   
     7.5-180.0 180.0   5.0 450.0                            LAT/LON1/LON2/DLON/H
  328  323  316  292  258  227  202  178  158  141  127  117  111  108  105  104
  107  118  139  170  209  249  287  323  360  401  444  486  523  553  580  606
