data/edconvlstm_nd/pred0630.15i
     1.0            IONOSPHERE MAPS     GNSS                IONEX VERSION / TYPE
pyspatialgeodesy        IME             05-JAN-18 20:20     PGM / RUN BY / DATE 
Map Name                                                    COMMENT             
Predicted global ionosphere maps (GIM).                     DESCRIPTION         
  2015     3     4     0     0     0                        EPOCH OF FIRST MAP  
  2015     3     5     0     0     0                        EPOCH OF LAST MAP   
  7200                                                      INTERVAL            
    13                                                      # OF MAPS IN FILE   
  NONE                                                      MAPPING FUNCTION    
10.0                                                        ELEVATION CUTOFF    
One-way carrier phase leveled to code                       OBSERVABLES USED    
  6371.0                                                    BASE RADIUS         
 2                                                          MAP DIMENSION       
   450.0 450.0   0.0                                        HGT1 / HGT2 / DHGT  
    87.5 -87.5  -2.5                                        LAT1 / LAT2 / DLAT  
  -180.0 180.0   5.0                                        LON1 / LON2 / DLON  
    -1                                                      EXPONENT            
                                                            END OF HEADER       
[from data line 429]
     2                                                      START OF TEC MAP    
  2015     3     4     2     0     0                        EPOCH OF CURRENT MAP
    87.5-180.0 180.0   5.0 450.0                            LAT/LON1/LON2/DLON/H
  133  140  145  147  146  145  143  143  146  148  150  153  155  157  158  159
  159  159  159  157  156  154  151  149  146  143  140  137  135  132  130  127
  125  123  122  120  119  118  117  116  116  115  115  115  115  115  116  116
  117  118  119  120  121  122  123  125  126  127  128  129  130  131  132  133
  135  137  135  135  136  138  140  134  133                                   
    85.0-180.0 180.0   5.0 450.0                            LAT/LON1/LON2/DLON/H
  141  155  143  152  155  154  154  155  157  160  162  165  168  170  172  173
  173  172  171  169  167  163  160  156  151  146  142  137  133  129  125  122
  119  117  115  114  113  112  112  112  112  112  112  113  114  115  116  117
  118  119  121  123  124  126  128  130  132  134  136  138  140  141  143  145
  148  150  148  150  146  147  148  141  141                                   
    82.5-180.0 180.0   5.0 450.0                            LAT/LON1/LON2/DLON/H
  148  154  162  159  159  160  160  162  166  169  172  176  180  183  186  187
  188  187  185  182  178  173  167  160  153  146  139  132  126  120  116  112
  108  106  105  104  103  103  103  104  105  105  106  107  108  110  111  112
  114  116  118  121  123  126  129  133  136  139  142  145  148  150  153  156
  158  160  158  157  161  151  150  144  148                                   
    80.0-180.0 180.0   5.0 450.0                            LAT/LON1/LON2/DLON/H
  159  163  160  157  158  157  159  162  166  170  174  179  184  188  191  193
  193  192  190  185  180  173  165  157  148  138  129  121  113  107  102   98
   95   94   93   93   94   95   96   97   98   99  100  101  102  103  104  106
  107  109  112  115  119  123  127  131  136  140  144  149  153  156  160  165
  167  168  168  168  177  170  173  160  159                                   
    77.5-180.0 180.0   5.0 450.0                            LAT/LON1/LON2/DLON/H
  170  172  168  166  160  158  161  163  167  170  174  179  184  188  191  193
  193  191  187  183  176  169  160  150  140  130  121  112  105   98   94   91
   90   90   90   92   94   96   98  100  101  102  102  102  103  103  103  104
  105  107  110  114  118  122  127  133  138  144  149  155  160  164  169  175
  178  182  181  184  189  185  187  180  170                                   
    75.0-180.0 180.0   5.0 450.0                            LAT/LON1/LON2/DLON/H
  184  188  182  179  170  167  166  166  168  169  171  175  178  179  180  179
  177  174  170  165  159  153  145  136  127  117  109  101   95   90   87   86
   86   88   90   93   96   98  100  102  103  103  102  101  100   99   98   98
   99  101  104  107  112  117  123  129  136  142  148  154  160  166  172  179
  183  188  191  189  197  199  202  200  184                                   
    72.5-180.0 180.0   5.0 450.0                            LAT/LON1/LON2/DLON/H
  200  208  204  198  189  183  181  178  178  176  175  174  172  169  166  161
  157  152  148  145  140  136  130  124  117  110  103   97   93   90   89   89
   91   94   97  101  104  107  109  110  110  109  107  104  102  100   98   97
   98  100  103  108  114  120  127  134  141  147  154  160  165  171  177  185
  191  197  204  205  211  213  218  219  200                                   
    70.0-180.0 180.0   5.0 450.0                            LAT/LON1/LON2/DLON/H
  225  233  228  222  212  205  200  196  193  188  183  177  169  160  151  141
  134  128  124  122  120  119  116  113  109  105  100   97   94   93   93   94
   97   99  103  106  108  110  111  110  109  107  104  100   97   94   92   91
   92   95  100  107  114  122  131  139  147  154  160  166  170  175  181  188
  194  201  210  214  223  229  237  238  225                                   
    67.5-180.0 180.0   5.0 450.0                            LAT/LON1/LON2/DLON/H
  242  253  247  242  233  225  218  212  207  200  191  181  167  152  136  123
  112  105  102  101  102  103  104  104  102  100   97   94   93   92   93   94
   96   98  100  101  102  101  101   99   97   94   91   87   83   80   79   79
   81   86   93  102  113  123  134  144  153  161  167  172  175  178  182  187
  193  200  210  215  227  235  245  249  242                                   
    65.0-180.0 180.0   5.0 450.0                            LAT/LON1/LON2/DLON/H
  254  266  261  258  251  241  234  228  223  214  203  189  171  151  131  114
  100   92   89   89   92   95   98  100   99   97   95   93   92   92   92   92
   93   93   92   91   90   88   86   84   81   78   75   72   69   66   65   67
   71   78   88  100  113  127  141  153  164  172  179  183  185  186  188  191
  195  200  210  215  227  237  248  254  254                                   
    62.5-180.0 180.0   5.0 450.0                            LAT/LON1/LON2/DLON/H
  259  272  269  268  263  253  247  241  235  227  215  200  180  157  135  115
  100   90   87   88   91   95   98   99   97   95   92   90   88   88   88   87
   86   84   82   79   75   72   69   67   65   64   61   59   57   55   55   57
   62   71   84   99  116  133  149  164  177  187  194  199  201  201  201  203
  204  207  214  217  227  235  247  253  259                                   
    60.0-180.0 180.0   5.0 450.0                            LAT/LON1/LON2/DLON/H
  258  270  270  269  266  257  250  245  240  232  221  207  188  166  143  123
  108   98   94   94   96   98   99   97   94   89   85   82   81   80   79   79
   77   74   70   66   61   58   55   54   53   53   52   50   49   47   47   50
   56   67   81   99  118  138  157  175  190  202  211  217  220  221  221  221
  220  220  224  224  230  234  244  249  258                                   
    57.5-180.0 180.0   5.0 450.0                            LAT/LON1/LON2/DLON/H
  259  270  271  269  268  258  250  244  239  231  221  210  194  175  155  137
  123  113  107  105  104  102   99   93   87   81   76   73   71   71   71   70
   68   65   61   56   52   49   47   47   48   48   49   49   47   46   46   49
   55   66   82  101  123  145  166  185  202  217  228  237  242  245  246  247
  244  243  244  240  241  239  247  251  259                                   
    55.0-180.0 180.0   5.0 450.0                            LAT/LON1/LON2/DLON/H
  266  274  274  271  271  260  251  243  236  226  217  207  195  181  166  152
  139  129  122  116  110  103   96   87   79   71   66   63   62   62   63   62
   61   58   55   52   49   47   47   47   49   50   52   52   52   50   50   52
   59   70   87  107  130  153  175  196  214  231  245  256  265  270  274  276
  274  273  272  265  260  252  258  260  266                                   
    52.5-180.0 180.0   5.0 450.0                            LAT/LON1/LON2/DLON/H
  282  287  286  281  281  270  259  246  235  222  211  201  192  182  172  162
  152  143  133  123  112  101   90   80   70   63   59   56   56   57   58   58
   57   55   54   53   52   52   52   54   55   58   60   61   61   59   59   61
   67   79   96  118  141  165  187  208  227  244  260  274  285  293  300  305
  306  305  304  293  285  272  276  278  282                                   
    50.0-180.0 180.0   5.0 450.0                            LAT/LON1/LON2/DLON/H
  306  308  304  299  299  288  274  257  241  223  207  196  187  180  174  167
  159  149  137  124  110   97   85   75   67   61   57   55   55   56   57   57
   57   57   58   59   61   62   63   65   66   68   70   72   72   72   72   74
   81   93  111  133  157  180  202  221  240  257  273  288  301  312  321  330
  333  335  334  323  313  298  302  305  306                                   
    47.5-180.0 180.0   5.0 450.0                            LAT/LON1/LON2/DLON/H
  333  334  326  322  321  311  296  276  255  231  210  194  184  177  172  166
  159  148  135  120  106   94   84   76   70   66   63   61   60   60   60   60
   60   62   65   69   73   76   77   78   78   79   81   84   85   86   87   90
   97  111  129  152  176  198  218  236  253  268  283  297  311  323  334  344
  351  357  358  349  339  326  330  335  333                                   
    45.0-180.0 180.0   5.0 450.0                            LAT/LON1/LON2/DLON/H
  357  358  348  345  342  333  319  298  274  246  220  200  186  177  170  163
  154  143  130  117  105   96   89   85   81   78   75   72   69   67   65   64
   65   68   73   79   85   89   91   90   90   90   92   94   97   99  102  106
  115  129  149  172  196  218  237  252  266  278  291  303  315  326  337  349
  358  366  371  366  359  351  357  363  357                                   
    42.5-180.0 180.0   5.0 450.0                            LAT/LON1/LON2/DLON/H
  375  376  366  361  357  348  336  317  294  264  235  212  194  181  171  162
  151  139  127  117  110  105  102  100   98   94   90   84   79   73   69   68
   69   73   80   89   96  101  102  101  100   99  101  104  108  112  116  121
  131  147  168  193  217  239  257  269  279  289  298  308  317  327  337  348
  358  368  375  375  373  371  379  384  375                                   
    40.0-180.0 180.0   5.0 450.0                            LAT/LON1/LON2/DLON/H
  386  386  375  366  359  351  340  327  307  280  252  227  207  191  177  165
  152  141  132  126  123  122  121  119  115  110  102   94   86   79   74   73
   75   81   89   98  106  111  112  111  110  109  110  114  118  123  129  136
  147  164  186  211  237  259  275  286  293  300  307  314  322  331  340  350
  358  368  376  380  381  386  395  399  386                                   
    37.5-180.0 180.0   5.0 450.0                            LAT/LON1/LON2/DLON/H
  394  391  375  359  350  340  331  322  308  288  264  242  222  204  188  173
  160  150  145  143  143  143  141  136  129  119  109  100   92   86   83   83
   87   93  101  109  116  120  122  122  121  121  122  125  129  134  140  148
  159  177  199  225  251  273  290  300  307  313  319  326  334  342  351  360
  367  374  382  387  392  402  413  413  394                                   
    35.0-180.0 180.0   5.0 450.0                            LAT/LON1/LON2/DLON/H
  404  397  376  351  338  324  314  308  300  286  269  252  235  219  203  187
  175  167  165  166  166  163  156  146  134  122  113  106  102  101  102  104
  108  113  119  124  128  131  133  134  135  135  135  136  139  143  148  156
  167  183  206  232  259  283  301  314  322  329  336  345  355  365  375  384
  389  393  400  404  412  427  438  435  404                                   
    32.5-180.0 180.0   5.0 450.0                            LAT/LON1/LON2/DLON/H
  425  416  390  356  337  317  302  295  290  280  270  258  247  233  219  204
  194  189  188  189  185  176  162  147  132  122  118  119  123  130  135  140
  143  146  147  147  146  145  147  149  150  150  149  148  147  149  152  158
  168  184  205  231  260  287  309  325  337  347  359  372  386  401  414  422
  426  427  432  435  445  464  475  469  425                                   
    30.0-180.0 180.0   5.0 450.0                            LAT/LON1/LON2/DLON/H
  469  462  430  389  365  337  313  299  290  281  273  265  257  246  234  222
  213  210  210  207  197  180  160  142  130  127  132  146  163  179  191  198
  199  196  188  178  169  163  162  164  165  165  161  156  152  150  151  156
  164  178  198  225  256  286  313  334  351  367  384  404  425  446  463  474
  477  478  481  483  496  518  525  520  469                                   
    27.5-180.0 180.0   5.0 450.0                            LAT/LON1/LON2/DLON/H
  539  536  504  460  430  395  357  331  312  298  286  277  269  260  249  239
  231  228  225  216  199  176  154  140  136  145  166  196  230  259  277  283
  278  264  242  218  197  184  179  179  179  176  169  160  152  147  146  149
  156  169  188  215  248  282  314  341  364  386  410  436  465  492  515  530
  536  540  544  546  563  588  591  587  539                                   
    25.0-180.0 180.0   5.0 450.0                            LAT/LON1/LON2/DLON/H
  630  636  611  571  537  495  443  400  366  338  317  301  289  278  266  255
  246  240  232  217  194  170  153  149  160  187  228  278  329  368  389  389
  372  340  300  259  226  205  195  191  188  181  171  158  147  139  137  139
  146  159  179  207  242  281  318  351  380  408  437  469  503  535  562  582
  595  604  612  619  639  671  674  673  630                                   
    22.5-180.0 180.0   5.0 450.0                            LAT/LON1/LON2/DLON/H
  730  749  743  714  678  631  566  505  452  407  371  343  321  303  287  273
  261  249  235  215  191  173  168  182  213  262  323  391  452  493  506  492
  458  407  348  293  251  223  207  198  190  179  165  150  137  129  126  128
  136  150  172  203  243  286  329  367  401  434  467  502  538  572  602  626
  645  662  677  691  714  755  765  769  730                                   
    20.0-180.0 180.0   5.0 450.0                            LAT/LON1/LON2/DLON/H
  826  854  874  861  827  781  709  636  565  503  448  403  368  340  317  297
  279  262  243  222  203  197  211  248  302  370  443  515  570  598  593  560
  507  442  374  313  267  234  213  198  184  170  154  138  125  117  114  118
  127  144  170  206  250  298  345  388  426  461  497  532  568  602  633  660
  685  709  730  753  778  825  846  859  826                                   
    17.5-180.0 180.0   5.0 450.0                            LAT/LON1/LON2/DLON/H
  905  937  975  977  947  910  842  765  686  611  540  479  430  391  360  333
  309  287  266  249  242  254  292  353  425  498  564  618  650  652  624  572
  507  439  374  316  271  237  212  192  174  157  141  126  114  107  105  110
  122  142  172  214  263  314  364  409  449  486  521  556  590  623  654  683
  713  741  769  800  825  871  901  924  905                                   
    15.0-180.0 180.0   5.0 450.0                            LAT/LON1/LON2/DLON/H
  952  986 1033 1043 1020  993  937  866  789  710  632  562  503  456  418  385
  355  331  313  306  315  351  413  489  561  616  653  672  670  643  593  530
  465  405  352  305  266  234  208  187  167  148  132  117  107  100   99  105
  119  143  178  223  276  330  380  425  465  502  538  573  607  639  669  700
  731  763  795  829  854  891  926  956  952                                   
    12.5-180.0 180.0   5.0 450.0                            LAT/LON1/LON2/DLON/H
  965 1002 1047 1060 1044 1028  985  925  855  782  708  638  578  529  488  452
  421  398  388  394  425  481  556  627  674  692  687  666  629  579  518  457
  403  359  322  288  258  232  210  188  167  147  130  115  105   98   97  103
  118  145  183  231  285  339  388  432  471  508  545  582  617  651  682  713
  745  777  810  844  865  891  925  957  965                                   
    10.0-180.0 180.0   5.0 450.0                            LAT/LON1/LON2/DLON/H
  956  992 1026 1037 1027 1020  988  940  883  822  758  698  645  601  563  529
  500  483  484  507  554  620  686  730  735  707  658  602  543  485  430  382
  345  318  295  275  256  237  218  198  176  154  135  120  107   99   96  101
  117  145  185  234  288  340  388  430  468  505  543  582  622  660  694  726
  759  788  821  852  868  884  911  941  956                                   
     7.5-180.0 180.0   5.0 450.0                            LAT/LON1/LON2/DLON/H
  940  968  987  990  981  978  957  922  880  833  784  738  698  663  632  604
  582  573  585  619  672  729  768  770  729  657  575  500  440  393  355  326
