data/edconvlstm_nd/pred0310.15i
     1.0            IONOSPHERE MAPS     GNSS                IONEX VERSION / TYPE
pyspatialgeodesy        IME             05-JAN-18 20:20     PGM / RUN BY / DATE 
Map Name                                                    COMMENT             
Predicted global ionosphere maps (GIM).                     DESCRIPTION         
  2015     1    31     0     0     0                        EPOCH OF FIRST MAP  
  2015     2     1     0     0     0                        EPOCH OF LAST MAP   
  7200                                                      INTERVAL            
    13                                                      # OF MAPS IN FILE   
  NONE                                                      MAPPING FUNCTION    
10.0                                                        ELEVATION CUTOFF    
One-way carrier phase leveled to code                       OBSERVABLES USED    
  6371.0                                                    BASE RADIUS         
 2                                                          MAP DIMENSION       
   450.0 450.0   0.0                                        HGT1 / HGT2 / DHGT  
    87.5 -87.5  -2.5                                        LAT1 / LAT2 / DLAT  
  -180.0 180.0   5.0                                        LON1 / LON2 / DLON  
    -1                                                      EXPONENT            
                                                            END OF HEADER       
[from data line 4719]
    12                                                      START OF TEC MAP    
  2015     1    31    22     0     0                        EPOCH OF CURRENT MAP
    87.5-180.0 180.0   5.0 450.0                            LAT/LON1/LON2/DLON/H
  119  116  106  111  117  115  116  115  118  123  125  129  132  136  139  141
  144  145  146  147  147  147  146  145  144  142  139  137  134  131  128  125
  122  119  116  113  110  107  105  103  101   99   97   96   96   95   95   95
   95   96   96   97   97   98   99  100  100  101  101  101  101  101  101  100
  100   99   96   94  102  102  119  121  119                                   
    85.0-180.0 180.0   5.0 450.0                            LAT/LON1/LON2/DLON/H
  123  119  126  112  113  120  122  127  131  137  141  146  151  155  159  163
  165  167  169  169  169  169  167  166  163  161  157  154  150  146  142  138
  133  129  125  120  116  113  109  106  103  101   99   98   97   96   96   96
   97   98   99  101  102  104  105  106  107  108  109  109  109  109  109  108
  108  106  102   98  101  103  106  104  123                                   
    82.5-180.0 180.0   5.0 450.0                            LAT/LON1/LON2/DLON/H
   95   97   99   95  101  108  115  120  127  136  144  152  160  167  174  179
  183  186  188  189  189  188  187  184  181  177  173  168  162  157  150  144
  138  131  125  119  113  108  103   98   94   91   88   86   85   84   84   85
   86   88   91   93   96   99  101  103  105  107  107  108  108  107  106  104
  102   99   95   94   96  107   98   99   95                                   
    80.0-180.0 180.0   5.0 450.0                            LAT/LON1/LON2/DLON/H
   66   72   80   77   82   86   99  109  121  133  144  156  167  176  184  190
  194  197  198  198  197  195  193  189  185  181  176  170  163  156  149  142
  134  126  119  111  104   98   92   86   81   77   74   72   71   71   71   73
   76   79   83   87   92   96  100  103  106  108  109  109  108  107  105  102
   99   96   92   89   83   88   80   89   66                                   
    77.5-180.0 180.0   5.0 450.0                            LAT/LON1/LON2/DLON/H
   69   68   73   69   76   82   95  107  121  135  149  164  177  188  196  201
  204  206  205  204  202  200  198  195  191  188  183  178  172  165  158  150
  143  135  127  119  111  104   96   90   84   79   74   71   69   69   69   71
   75   79   84   90   95  101  106  110  114  116  117  117  115  113  110  106
  102   99   95   92   87   86   83   97   69                                   
    75.0-180.0 180.0   5.0 450.0                            LAT/LON1/LON2/DLON/H
   70   71   73   69   76   83   96  109  126  143  160  176  188  198  203  206
  205  202  198  194  190  187  184  182  180  177  175  171  166  161  155  149
  142  135  128  122  115  108  102   96   90   85   80   77   75   74   74   76
   80   84   90   96  102  107  112  117  120  122  122  122  120  117  115  112
  108  106  103   98   92   89   85   89   70                                   
    72.5-180.0 180.0   5.0 450.0                            LAT/LON1/LON2/DLON/H
   95   94   94   94   95  101  114  127  143  161  179  195  207  214  216  213
  206  198  188  180  173  169  166  165  165  164  163  162  159  155  150  145
  140  135  130  125  120  115  110  105  100   94   90   86   83   82   82   84
   86   91   95  101  106  112  116  120  123  124  124  123  121  119  117  114
  112  111  111  107  102  102  102  111   95                                   
    70.0-180.0 180.0   5.0 450.0                            LAT/LON1/LON2/DLON/H
  122  122  122  119  120  125  135  149  166  186  203  218  228  231  228  218
  205  189  173  160  150  144  141  141  142  143  143  143  141  139  135  132
  128  125  122  119  116  113  110  107  103  100   96   93   90   89   89   90
   92   95   99  103  107  111  115  117  119  119  119  118  116  114  113  113
  112  114  119  121  120  123  129  136  122                                   
    67.5-180.0 180.0   5.0 450.0                            LAT/LON1/LON2/DLON/H
  158  160  160  157  158  160  169  182  198  217  234  249  257  257  249  234
  213  190  168  150  137  128  124  123  124  125  126  126  125  122  119  116
  114  112  110  109  108  107  106  104  102  100   97   95   93   92   92   92
   94   96   99  102  104  107  109  111  112  112  111  110  108  107  107  108
  109  114  121  127  130  140  148  155  158                                   
    65.0-180.0 180.0   5.0 450.0                            LAT/LON1/LON2/DLON/H
  178  185  189  186  186  188  195  208  224  243  260  274  281  279  267  247
  221  193  167  144  127  116  109  107  106  106  106  105  103  100   97   94
   92   91   90   89   89   90   90   90   90   90   89   88   87   87   86   87
   87   89   90   92   94   95   96   97   97   97   96   95   94   93   94   96
   99  107  118  128  136  153  167  175  178                                   
    62.5-180.0 180.0   5.0 450.0                            LAT/LON1/LON2/DLON/H
  192  204  209  208  210  213  220  231  246  265  282  296  303  301  289  268
  240  210  180  154  134  119  109  103   98   95   93   90   87   83   80   77
   75   73   71   71   71   71   72   73   74   75   76   76   76   76   76   76
   77   77   78   79   79   80   81   81   81   82   82   81   81   81   82   84
   88   97  108  120  131  152  168  177  192                                   
    60.0-180.0 180.0   5.0 450.0                            LAT/LON1/LON2/DLON/H
  192  209  219  221  225  228  236  248  263  281  298  312  319  318  307  288
  262  233  203  175  152  133  118  107   98   91   86   81   77   73   70   66
   63   61   58   57   56   55   56   57   59   61   63   65   66   66   66   65
   65   65   65   65   65   65   66   67   68   69   70   70   70   70   72   74
   78   87   98  110  122  146  166  176  192                                   
    57.5-180.0 180.0   5.0 450.0                            LAT/LON1/LON2/DLON/H
  187  208  221  227  234  240  249  260  274  291  307  320  328  329  322  307
  286  260  232  204  178  155  135  119  106   95   88   82   78   74   70   66
   62   58   55   52   49   48   47   48   50   53   56   58   59   59   58   57
   56   55   55   54   54   55   55   57   58   61   62   64   65   65   66   69
   73   81   92  103  114  138  158  170  187                                   
    55.0-180.0 180.0   5.0 450.0                            LAT/LON1/LON2/DLON/H
  184  208  226  234  244  252  263  274  287  301  315  326  333  336  333  323
  308  288  263  236  208  181  157  137  120  107   98   92   88   84   80   76
   71   66   60   56   52   49   48   49   51   54   57   59   59   58   56   53
   52   50   50   50   50   50   52   54   57   59   62   64   65   66   68   71
   75   83   94  104  114  136  156  169  184                                   
    52.5-180.0 180.0   5.0 450.0                            LAT/LON1/LON2/DLON/H
  187  213  234  244  257  268  280  290  301  312  321  329  334  337  338  334
  325  309  288  263  235  207  180  157  138  125  116  110  106  102   98   92
   85   79   72   67   62   59   57   57   59   62   65   66   66   63   60   56
   54   53   52   52   52   54   55   58   61   65   67   69   71   72   75   79
   85   95  106  116  125  145  164  176  187                                   
    50.0-180.0 180.0   5.0 450.0                            LAT/LON1/LON2/DLON/H
  202  228  250  261  277  291  304  313  321  328  332  334  337  339  341  341
  336  326  308  285  258  229  202  178  160  147  138  133  128  123  116  108
   99   91   85   80   76   73   72   72   73   76   79   80   78   74   70   66
   63   61   61   61   62   63   65   68   71   74   76   78   79   81   86   92
  101  114  128  140  149  166  183  194  202                                   
    47.5-180.0 180.0   5.0 450.0                            LAT/LON1/LON2/DLON/H
  226  249  271  282  300  316  330  340  345  348  346  343  341  341  343  345
  343  336  321  301  276  249  223  201  183  170  162  155  147  138  127  116
  105   97   91   88   87   86   86   86   88   91   93   94   92   88   83   79
   76   75   75   75   76   77   79   81   84   86   87   88   89   92   98  108
  119  137  154  170  180  196  213  221  226                                   
    45.0-180.0 180.0   5.0 450.0                            LAT/LON1/LON2/DLON/H
  255  273  293  303  322  341  355  365  370  369  363  355  349  346  347  348
  347  341  329  311  290  266  243  223  206  193  182  171  158  143  127  112
  101   93   90   90   92   94   95   96   98  101  104  105  103  100   96   93
   92   91   92   92   92   92   93   95   96   97   97   97   99  102  110  122
  137  158  180  200  213  229  246  253  255                                   
    42.5-180.0 180.0   5.0 450.0                            LAT/LON1/LON2/DLON/H
  281  295  312  321  339  358  373  384  388  387  379  369  360  354  353  352
  350  345  334  320  303  283  263  243  226  210  195  178  158  137  117  101
   90   85   85   89   94   98  100  101  103  105  108  110  110  108  106  105
  105  106  106  106  105  105  105  106  106  106  106  105  107  111  120  134
  151  174  198  221  238  256  275  283  281                                   
    40.0-180.0 180.0   5.0 450.0                            LAT/LON1/LON2/DLON/H
  300  311  325  332  348  365  379  390  396  397  390  380  370  364  361  358
  355  349  341  330  316  299  280  260  240  220  199  175  151  127  106   92
   84   83   86   93   99  103  105  105  105  106  108  110  111  111  111  112
  114  116  116  116  114  113  113  113  113  112  111  111  113  119  129  143
  159  182  207  230  249  271  292  303  300                                   
    37.5-180.0 180.0   5.0 450.0                            LAT/LON1/LON2/DLON/H
  310  320  332  335  349  361  374  385  392  395  392  385  378  373  369  366
  362  356  349  341  330  314  294  271  247  222  196  170  144  122  106   98
   96   99  105  112  116  118  116  113  110  109  109  111  111  112  113  116
  119  121  121  119  118  117  116  116  115  115  114  115  118  125  135  148
  163  183  205  228  246  272  294  309  310                                   
    35.0-180.0 180.0   5.0 450.0                            LAT/LON1/LON2/DLON/H
  314  325  336  337  347  354  364  372  381  386  386  384  381  379  377  374
  369  365  360  354  344  327  304  276  248  220  193  169  149  135  129  131
  137  145  151  154  153  148  140  131  123  118  116  116  115  115  116  118
  121  122  121  118  116  115  116  116  115  115  115  118  122  130  141  153
  165  181  199  218  234  263  287  304  314                                   
    32.5-180.0 180.0   5.0 450.0                            LAT/LON1/LON2/DLON/H
  320  333  345  342  349  350  356  360  367  373  376  378  380  381  382  380
  377  374  372  367  356  337  309  277  247  220  198  182  173  173  182  197
  213  223  225  220  210  195  178  162  149  140  134  129  126  122  121  121
  121  120  117  114  112  112  113  114  114  115  116  120  126  136  147  158
  167  179  193  208  222  252  278  296  320                                   
    30.0-180.0 180.0   5.0 450.0                            LAT/LON1/LON2/DLON/H
  335  351  365  359  363  358  358  357  361  365  369  373  377  382  384  384
  383  382  381  377  364  341  310  277  249  229  217  214  222  241  268  298
  322  332  326  307  281  253  227  204  185  172  162  153  145  137  131  127
  123  119  113  109  108  109  111  113  114  115  118  123  131  142  155  167
  174  184  193  204  217  247  276  294  335                                   
    27.5-180.0 180.0   5.0 450.0                            LAT/LON1/LON2/DLON/H
  361  382  398  390  393  383  378  370  369  369  370  373  378  383  386  388
  388  388  387  382  367  341  310  281  260  252  255  270  297  336  383  427
  455  458  436  398  354  312  277  249  227  211  197  184  171  158  146  136
  128  119  111  106  105  108  112  114  115  116  120  126  136  149  165  179
  188  197  203  211  224  254  286  303  361                                   
    25.0-180.0 180.0   5.0 450.0                            LAT/LON1/LON2/DLON/H
  400  425  444  437  442  428  418  403  396  389  386  385  387  390  392  392
  392  391  390  382  365  341  314  294  286  292  313  346  393  451  512  563
  587  575  530  470  408  356  316  286  264  247  232  217  199  181  164  149
  134  121  111  106  106  110  115  117  118  119  123  130  141  156  175  195
  207  219  225  233  246  277  310  327  400                                   
    22.5-180.0 180.0   5.0 450.0                            LAT/LON1/LON2/DLON/H
  448  477  499  497  505  491  477  457  443  430  419  413  409  407  404  401
  398  395  391  381  364  343  326  319  328  352  389  439  499  566  630  673
  680  647  581  501  427  370  330  303  285  271  258  242  223  202  181  161
  143  126  114  109  110  115  120  122  122  123  127  134  146  163  186  211
  229  247  256  267  280  312  346  363  448                                   
    20.0-180.0 180.0   5.0 450.0                            LAT/LON1/LON2/DLON/H
  499  531  556  562  577  565  550  527  508  488  471  457  445  436  428  419
  411  404  395  383  368  355  351  361  387  427  477  535  596  656  704  726
  709  654  571  482  404  348  314  295  284  276  266  254  236  215  193  171
  151  133  121  116  118  124  128  128  127  127  131  138  150  168  195  226
  251  277  290  306  320  354  389  406  499                                   
    17.5-180.0 180.0   5.0 450.0                            LAT/LON1/LON2/DLON/H
  542  579  607  622  646  639  627  604  583  560  536  515  496  480  464  449
  435  422  408  395  384  381  391  419  460  511  564  616  662  698  717  709
  668  595  505  415  343  296  271  262  259  259  256  248  235  218  198  178
  158  142  131  128  130  135  137  135  132  131  134  141  153  173  203  239
  271  303  323  343  359  396  432  451  542                                   
    15.0-180.0 180.0   5.0 450.0                            LAT/LON1/LON2/DLON/H
  573  612  644  666  700  702  695  678  659  635  609  583  559  536  514  492
  472  453  436  422  416  423  448  490  540  591  635  665  682  683  666  628
  566  485  397  319  262  229  216  216  222  228  231  230  223  212  197  181
  165  152  144  142  144  147  146  142  136  134  136  143  155  177  210  249
  286  324  348  372  390  429  466  487  573                                   
    12.5-180.0 180.0   5.0 450.0                            LAT/LON1/LON2/DLON/H
  588  628  663  690  733  743  746  736  723  703  679  653  627  600  574  548
  523  499  480  467  467  484  519  567  616  654  675  674  654  618  570  509
  436  357  284  226  189  172  171  177  187  196  204  208  207  201  193  182
  173  164  159  158  159  158  154  146  138  135  136  144  158  182  217  258
  297  337  364  390  409  450  488  511  588                                   
    10.0-180.0 180.0   5.0 450.0                            LAT/LON1/LON2/DLON/H
  590  630  667  696  744  763  774  773  768  755  736  715  691  665  638  611
  585  560  540  529  534  556  594  638  675  691  680  644  591  528  460  388
  316  251  200  167  150  148  153  161  170  178  186  191  194  194  190  186
  181  177  175  173  172  167  159  149  139  135  136  145  161  188  226  267
  305  344  372  397  417  459  497  521  590                                   
     7.5-180.0 180.0   5.0 450.0                            LAT/LON1/LON2/DLON/H
  586  624  662  690  741  766  784  790  794  788  777  762  743  722  699  675
  651  628  610  602  608  631  664  695  709  697  655  591  517  441  368  298
