data/edconvlstm_nd/pred1800.15i
     1.0            IONOSPHERE MAPS     GNSS                IONEX VERSION / TYPE
pyspatialgeodesy        IME             05-JAN-18 20:20     PGM / RUN BY / DATE 
Map Name                                                    COMMENT             
Predicted global ionosphere maps (GIM).                     DESCRIPTION         
  2015     6    29     0     0     0                        EPOCH OF FIRST MAP  
  2015     6    30     0     0     0                        EPOCH OF LAST MAP   
  7200                                                      INTERVAL            
    13                                                      # OF MAPS IN FILE   
  NONE                                                      MAPPING FUNCTION    
10.0                                                        ELEVATION CUTOFF    
One-way carrier phase leveled to code                       OBSERVABLES USED    
  6371.0                                                    BASE RADIUS         
 2                                                          MAP DIMENSION       
   450.0 450.0   0.0                                        HGT1 / HGT2 / DHGT  
    87.5 -87.5  -2.5                                        LAT1 / LAT2 / DLAT  
  -180.0 180.0   5.0                                        LON1 / LON2 / DLON  
    -1                                                      EXPONENT            
                                                            END OF HEADER       
[from data line 2145]
     6                                                      START OF TEC MAP    
  2015     6    29    10     0     0                        EPOCH OF CURRENT MAP
    87.5-180.0 180.0   5.0 450.0                            LAT/LON1/LON2/DLON/H
  112  115  112  115  116  115  113  110  111  112  111  111  111  110  110  110
  110  109  109  109  109  109  109  110  110  110  111  111  112  112  113  113
  114  115  115  116  116  117  118  118  119  119  120  120  121  121  122  122
  122  122  122  122  122  121  121  120  120  119  118  117  117  116  115  114
  114  115  113  110  115  112  120  120  112                                   
    85.0-180.0 180.0   5.0 450.0                            LAT/LON1/LON2/DLON/H
  110  116  123  117  117  119  118  118  118  119  118  118  117  117  116  116
  116  115  115  115  115  115  115  116  116  117  117  118  119  120  121  121
  122  123  124  125  125  126  126  127  127  128  129  129  130  130  131  131
  131  131  131  131  131  131  130  129  129  128  127  126  125  124  123  122
  123  123  118  115  112  112  117  119  110                                   
    82.5-180.0 180.0   5.0 450.0                            LAT/LON1/LON2/DLON/H
  104  116  119  114  112  115  115  115  116  116  115  115  114  113  113  112
  111  111  111  111  111  111  111  112  113  114  115  117  118  119  121  122
  124  125  127  128  129  129  130  131  132  132  133  134  135  136  136  137
  137  138  138  138  137  136  135  134  133  132  130  128  127  125  123  121
  120  120  114  113  111  114  110  105  104                                   
    80.0-180.0 180.0   5.0 450.0                            LAT/LON1/LON2/DLON/H
  104  110  114  113  112  112  113  114  115  115  113  113  111  110  109  107
  106  106  105  105  105  105  106  106  107  109  110  112  114  116  118  120
  122  124  126  127  129  130  131  132  132  133  135  136  137  138  140  141
  142  142  143  143  142  142  140  139  137  136  133  131  129  126  124  122
  120  118  114  112  108  112  115  107  104                                   
    77.5-180.0 180.0   5.0 450.0                            LAT/LON1/LON2/DLON/H
  107  110  113  114  113  115  116  117  118  117  114  113  111  109  107  105
  104  103  102  102  102  102  102  103  104  106  108  110  113  115  118  121
  124  127  129  131  133  134  136  137  138  139  141  143  145  147  149  151
  152  153  154  154  154  153  151  150  148  145  143  140  137  134  131  128
  124  121  115  114  112  109  111  110  107                                   
    75.0-180.0 180.0   5.0 450.0                            LAT/LON1/LON2/DLON/H
  102  108  106  110  111  115  116  117  117  117  114  112  109  106  104  102
  100   99   98   97   97   97   97   98   99  100  102  104  107  111  114  118
  122  126  129  132  134  135  137  138  139  141  143  145  148  151  154  156
  158  159  160  160  160  159  158  156  154  152  150  147  144  141  137  134
  130  125  118  112  110  108  110  105  102                                   
    72.5-180.0 180.0   5.0 450.0                            LAT/LON1/LON2/DLON/H
   99  104  101  107  109  114  116  118  118  117  114  112  108  105  103  101
   99   98   97   97   96   96   96   96   96   97   99  101  104  108  113  118
  123  128  132  135  138  140  141  143  144  146  149  152  155  158  161  164
  166  167  167  167  166  164  163  161  160  158  157  155  153  150  147  143
  138  133  126  119  113  110  109  106   99                                   
    70.0-180.0 180.0   5.0 450.0                            LAT/LON1/LON2/DLON/H
   99   99   97  102  103  108  110  112  113  112  109  107  104  101   99   97
   96   95   94   94   94   93   92   92   91   92   93   95   99  104  109  115
  121  127  132  136  140  142  144  146  148  150  153  156  160  163  166  168
  169  169  168  166  164  163  161  160  159  158  158  158  157  156  153  151
  146  140  132  124  116  112  112  109   99                                   
    67.5-180.0 180.0   5.0 450.0                            LAT/LON1/LON2/DLON/H
   96   96   93   97   98  102  104  106  107  107  105  103  101   98   97   96
   95   95   94   94   93   92   91   90   89   89   90   92   96  101  107  114
  121  127  133  138  142  145  148  150  152  155  158  161  165  167  169  170
  170  168  166  163  160  157  156  155  155  156  157  159  160  160  159  158
  154  148  140  131  121  116  113  110   96                                   
    65.0-180.0 180.0   5.0 450.0                            LAT/LON1/LON2/DLON/H
   98   96   92   94   93   96   97   99  100  100   99   98   97   96   95   95
   95   95   95   94   93   92   90   89   88   88   89   92   97  102  109  117
  124  132  138  144  148  152  155  158  161  164  167  171  173  175  176  174
  172  168  164  159  155  152  151  150  152  154  157  160  163  165  165  165
  163  158  151  142  132  126  122  118   98                                   
    62.5-180.0 180.0   5.0 450.0                            LAT/LON1/LON2/DLON/H
  102   99   93   93   89   90   90   91   91   92   91   91   91   91   92   93
   94   94   94   93   92   90   88   87   86   87   90   94   99  106  113  121
  130  137  144  150  155  159  162  166  170  174  177  180  182  183  181  178
  173  167  161  155  150  147  146  146  149  152  156  161  164  167  169  171
  170  166  160  152  143  136  132  128  102                                   
    60.0-180.0 180.0   5.0 450.0                            LAT/LON1/LON2/DLON/H
  110  105   97   94   86   85   83   82   82   82   82   83   83   85   86   88
   90   90   90   89   87   85   84   83   84   86   91   96  103  111  120  128
  136  144  150  156  161  165  169  174  179  183  187  190  191  190  187  181
  174  166  159  152  147  144  143  145  148  152  157  161  165  169  171  174
  174  172  168  161  153  148  144  139  110                                   
    57.5-180.0 180.0   5.0 450.0                            LAT/LON1/LON2/DLON/H
  120  114  104   99   88   84   80   76   75   74   73   74   75   77   80   82
   84   85   85   83   81   80   79   79   82   86   93  101  110  119  129  138
  146  153  159  164  169  173  178  183  189  194  199  201  201  199  194  186
  178  169  160  154  149  146  146  148  152  156  160  165  168  171  174  176
  177  177  174  170  164  159  155  150  120                                   
    55.0-180.0 180.0   5.0 450.0                            LAT/LON1/LON2/DLON/H
  131  125  114  107   93   86   79   74   70   68   66   66   67   69   71   74
   77   78   78   76   75   73   73   75   80   86   95  105  116  128  138  148
  156  163  168  173  177  182  187  193  199  205  209  212  211  207  201  192
  183  174  165  159  154  153  153  156  159  163  166  169  172  174  175  178
  179  180  179  176  172  169  165  160  131                                   
    52.5-180.0 180.0   5.0 450.0                            LAT/LON1/LON2/DLON/H
  143  136  126  117  102   92   83   75   70   65   61   60   60   61   63   66
   69   70   70   70   68   68   70   73   79   87   98  110  123  136  148  158
  167  174  179  183  187  192  197  203  209  215  220  222  221  216  209  200
  191  182  174  168  164  162  163  165  168  171  174  175  176  177  178  180
  182  183  182  181  178  176  172  166  143                                   
    50.0-180.0 180.0   5.0 450.0                            LAT/LON1/LON2/DLON/H
  152  146  136  127  112  101   91   81   74   67   62   58   56   55   56   59
   61   63   64   65   65   66   69   73   81   90  102  115  129  143  157  168
  178  185  191  195  199  203  208  214  220  226  230  232  230  226  219  210
  201  193  185  179  175  174  174  176  178  180  181  182  181  181  181  183
  185  186  186  185  182  180  176  169  152                                   
    47.5-180.0 180.0   5.0 450.0                            LAT/LON1/LON2/DLON/H
  157  152  144  136  122  111  101   90   82   74   66   61   56   53   53   54
   57   59   61   63   64   67   71   77   85   95  107  120  135  150  164  177
  188  197  204  209  213  217  221  227  233  238  242  243  241  237  230  222
  215  207  199  193  188  184  183  184  186  187  188  187  186  186  186  188
  190  191  190  188  185  181  176  170  157                                   
    45.0-180.0 180.0   5.0 450.0                            LAT/LON1/LON2/DLON/H
  158  153  147  141  130  120  110  101   92   84   75   68   61   56   53   53
   55   58   61   64   67   72   78   85   93  102  113  126  141  156  171  185
  198  209  217  223  228  233  237  242  247  251  255  256  254  249  244  237
  230  223  215  207  199  194  191  191  191  193  193  192  192  192  192  195
  197  197  196  192  187  181  175  168  158                                   
    42.5-180.0 180.0   5.0 450.0                            LAT/LON1/LON2/DLON/H
  155  150  146  141  133  126  118  110  103   96   87   79   70   63   58   57
   58   61   64   68   74   80   87   95  103  111  121  133  147  162  178  193
  207  220  230  238  244  249  253  258  262  266  269  270  268  264  259  253
  247  240  231  220  210  202  197  195  196  197  197  197  197  198  200  203
  205  205  203  197  189  181  173  165  155                                   
    40.0-180.0 180.0   5.0 450.0                            LAT/LON1/LON2/DLON/H
  150  144  141  137  132  127  122  117  113  107   99   91   82   73   67   64
   64   66   70   75   81   89   98  106  113  121  130  140  153  168  184  200
  216  230  242  252  259  265  269  274  278  282  284  285  283  280  276  271
  265  257  247  234  222  211  204  201  201  202  202  203  204  206  209  213
  215  215  210  203  192  181  172  163  150                                   
    37.5-180.0 180.0   5.0 450.0                            LAT/LON1/LON2/DLON/H
  144  137  135  131  128  125  123  121  119  115  110  103   94   84   77   73
   72   73   77   82   89   98  108  116  124  130  138  148  161  175  191  207
  223  239  252  263  272  279  284  288  292  296  299  300  299  296  293  288
  282  274  263  250  236  223  215  210  209  210  211  212  213  216  220  224
  226  225  218  209  196  182  173  163  144                                   
    35.0-180.0 180.0   5.0 450.0                            LAT/LON1/LON2/DLON/H
  140  133  130  126  123  122  122  121  121  120  117  112  104   95   87   82
   80   81   83   88   96  105  115  124  132  139  146  156  168  182  198  213
  230  245  259  271  281  288  294  299  304  309  312  314  314  312  308  304
  299  291  281  267  253  241  231  226  224  224  224  224  225  228  232  236
  237  234  226  215  200  185  175  165  140                                   
    32.5-180.0 180.0   5.0 450.0                            LAT/LON1/LON2/DLON/H
  140  132  128  123  120  119  120  121  122  122  121  117  111  103   96   90
   88   87   88   92  100  109  120  129  137  144  152  163  175  189  204  219
  234  249  263  275  285  293  300  306  312  317  322  325  326  324  322  318
  314  308  299  288  276  265  256  250  247  244  242  240  240  242  244  247
  247  243  233  220  205  189  180  170  140                                   
    30.0-180.0 180.0   5.0 450.0                            LAT/LON1/LON2/DLON/H
  144  135  131  125  120  120  121  121  122  122  122  119  114  107  101   96
   93   91   91   95  102  111  122  132  140  147  156  168  181  195  209  223
  237  250  263  274  284  292  300  308  315  322  328  332  334  334  333  330
  327  324  318  311  303  295  287  281  275  270  264  260  258  257  258  259
  256  250  239  225  210  194  184  175  144                                   
    27.5-180.0 180.0   5.0 450.0                            LAT/LON1/LON2/DLON/H
  151  142  137  130  126  125  126  125  124  123  121  118  114  108  103   99
   95   93   93   96  102  112  122  132  140  148  158  170  184  199  212  225
  237  249  260  270  280  288  297  306  315  323  331  337  340  342  341  340
  340  339  338  337  333  329  323  316  308  299  290  282  277  274  272  271
  265  257  245  230  214  197  189  180  151                                   
    25.0-180.0 180.0   5.0 450.0                            LAT/LON1/LON2/DLON/H
  159  151  146  140  134  134  134  131  129  125  121  117  113  107  103   99
   96   94   93   96  102  111  122  131  138  147  157  170  184  199  213  225
  236  246  256  265  274  283  293  303  313  323  332  339  344  347  348  349
  351  354  358  361  364  363  359  351  340  327  314  303  296  290  286  282
  274  264  249  233  217  200  191  184  159                                   
    22.5-180.0 180.0   5.0 450.0                            LAT/LON1/LON2/DLON/H
  166  159  154  149  145  144  144  140  136  129  122  117  111  106  102   98
   95   93   93   95  102  111  121  130  137  144  154  167  182  197  212  224
  235  244  253  262  271  280  290  301  313  324  334  342  347  351  354  357
  361  368  376  384  390  393  389  381  367  351  335  322  312  305  299  292
  282  269  254  236  219  201  192  185  166                                   
    20.0-180.0 180.0   5.0 450.0                            LAT/LON1/LON2/DLON/H
  171  165  161  158  154  154  154  150  144  135  126  118  112  106  101   97
   94   92   92   95  102  111  121  129  135  142  151  163  177  193  208  222
  233  243  252  261  270  280  291  303  316  328  338  346  352  356  360  364
  371  380  392  403  411  415  412  402  387  369  351  337  326  317  309  300
  288  274  258  239  221  200  191  185  171                                   
    17.5-180.0 180.0   5.0 450.0                            LAT/LON1/LON2/DLON/H
  174  168  165  162  159  159  160  157  150  140  130  122  114  108  102   98
   94   92   92   95  102  111  120  128  134  140  147  158  171  188  204  219
  232  243  253  263  274  285  297  310  323  335  345  352  357  362  366  373
  381  392  405  417  425  429  425  414  399  380  362  347  336  327  317  307
  294  279  262  242  222  200  190  183  174                                   
    15.0-180.0 180.0   5.0 450.0                            LAT/LON1/LON2/DLON/H
  175  169  166  162  159  159  161  159  154  144  135  126  119  112  105  100
   96   93   93   96  102  110  120  128  133  138  144  153  166  182  200  217
  232  245  256  268  280  292  305  319  333  346  355  361  365  369  374  381
  391  403  415  426  433  435  431  420  405  387  370  355  343  333  323  311
  298  283  266  246  224  200  189  181  175                                   
    12.5-180.0 180.0   5.0 450.0                            LAT/LON1/LON2/DLON/H
  177  169  166  160  156  154  156  155  152  145  137  130  124  117  110  104
   99   96   95   96  101  109  118  126  132  136  141  149  161  178  197  215
  232  246  260  273  286  300  314  329  344  357  366  372  375  378  383  390
  400  411  422  431  436  436  431  422  407  391  375  360  348  337  325  313
  300  286  269  249  227  202  190  181  177                                   
    10.0-180.0 180.0   5.0 450.0                            LAT/LON1/LON2/DLON/H
  181  172  167  157  151  146  147  147  146  141  137  132  128  122  116  109
  104  100   97   97  100  106  114  122  129  134  139  146  157  174  194  214
  232  247  262  276  291  306  321  337  353  367  376  381  383  386  390  398
  407  417  427  433  435  434  429  420  407  393  378  363  350  337  324  312
  299  286  271  252  231  205  193  184  181                                   
     7.5-180.0 180.0   5.0 450.0                            LAT/LON1/LON2/DLON/H
  189  179  172  158  147  139  138  137  137  135  133  132  130  126  121  115
  109  104  100   98   98  101  108  115  123  130  136  143  155  171  191  212
