data/edconvlstm_nd/pred2710.15i
     1.0            IONOSPHERE MAPS     GNSS                IONEX VERSION / TYPE
pyspatialgeodesy        IME             05-JAN-18 20:20     PGM / RUN BY / DATE 
Map Name                                                    COMMENT             
Predicted global ionosphere maps (GIM).                     DESCRIPTION         
  2015     9    28     0     0     0                        EPOCH OF FIRST MAP  
  2015     9    29     0     0     0                        EPOCH OF LAST MAP   
  7200                                                      INTERVAL            
    13                                                      # OF MAPS IN FILE   
  NONE                                                      MAPPING FUNCTION    
10.0                                                        ELEVATION CUTOFF    
One-way carrier phase leveled to code                       OBSERVABLES USED    
  6371.0                                                    BASE RADIUS         
 2                                                          MAP DIMENSION       
   450.0 450.0   0.0                                        HGT1 / HGT2 / DHGT  
    87.5 -87.5  -2.5                                        LAT1 / LAT2 / DLAT  
  -180.0 180.0   5.0                                        LON1 / LON2 / DLON  
    -1                                                      EXPONENT            
                                                            END OF HEADER       
[from data line 4290]
    11                                                      START OF TEC MAP    
  2015     9    28    20     0     0                        EPOCH OF CURRENT MAP
    87.5-180.0 180.0   5.0 450.0                            LAT/LON1/LON2/DLON/H
  123  119  108  115  118  117  117  115  115  118  118  120  121  122  123  124
  125  125  126  126  126  125  125  124  123  121  120  119  117  116  114  113
  111  110  109  108  107  106  106  105  105  105  104  104  104  105  105  105
  105  105  106  106  106  106  106  106  107  107  106  106  106  106  106  106
  105  106  104  103  113  110  124  125  123                                   
    85.0-180.0 180.0   5.0 450.0                            LAT/LON1/LON2/DLON/H
  123  116  122  111  111  116  117  120  121  124  125  127  129  131  132  134
  135  136  136  136  136  135  134  133  131  129  127  125  123  121  119  117
  115  113  112  111  110  109  108  107  107  107  106  106  106  106  107  107
  107  107  107  108  108  108  108  108  108  108  108  107  107  107  106  106
  106  106  103  101  104  102  106  107  123                                   
    82.5-180.0 180.0   5.0 450.0                            LAT/LON1/LON2/DLON/H
  100   99  101   99  102  108  113  115  117  121  124  128  130  133  136  139
  141  142  143  144  143  142  141  139  136  133  130  127  123  120  117  114
  111  109  107  105  103  102  101  100   99   98   98   97   97   97   97   97
   97   97   97   98   98   98   98   98   97   97   97   96   95   95   94   93
   93   92   90   92   94  103   94   96  100                                   
    80.0-180.0 180.0   5.0 450.0                            LAT/LON1/LON2/DLON/H
   80   81   89   88   92   94  103  109  114  119  124  129  133  137  141  144
  146  148  149  149  149  147  145  142  138  134  129  124  119  114  109  105
  102   99   96   94   92   91   89   88   87   86   85   85   84   84   84   84
   84   85   85   85   86   86   86   86   85   85   84   83   82   81   80   79
   79   79   78   80   78   81   77   87   80                                   
    77.5-180.0 180.0   5.0 450.0                            LAT/LON1/LON2/DLON/H
   80   77   85   86   92   97  105  112  118  124  129  136  141  146  151  155
  158  160  161  162  162  160  157  154  149  144  137  131  125  119  113  108
  104  101   98   95   93   91   89   87   85   83   81   79   78   77   76   76
   76   76   76   76   77   77   76   76   75   74   73   71   70   69   68   67
   67   67   68   71   73   74   75   89   80                                   
    75.0-180.0 180.0   5.0 450.0                            LAT/LON1/LON2/DLON/H
   77   79   83   86   94  100  108  115  122  130  136  142  147  152  156  160
  163  165  167  168  168  166  164  160  155  149  143  135  128  121  115  110
  105  102   99   97   95   93   90   88   85   82   79   76   74   72   71   70
   70   70   70   70   70   69   69   68   67   66   64   63   61   60   60   60
   61   63   65   66   68   70   71   75   77                                   
    72.5-180.0 180.0   5.0 450.0                            LAT/LON1/LON2/DLON/H
   81   85   89   98  102  110  118  124  130  137  143  148  153  158  161  164
  167  169  170  171  172  171  169  166  161  155  148  140  132  124  118  112
  108  105  103  100   98   96   92   88   84   80   76   72   68   66   64   63
   62   62   61   61   60   60   59   57   56   54   52   51   50   50   50   51
   53   56   60   62   64   70   75   83   81                                   
    70.0-180.0 180.0   5.0 450.0                            LAT/LON1/LON2/DLON/H
   87   94   98  105  110  117  122  130  136  143  148  152  156  159  160  162
  164  165  167  169  170  171  170  168  163  158  150  142  134  126  119  114
  110  107  104  102  100   97   93   88   83   78   72   68   64   61   59   57
   56   55   54   53   52   51   49   47   46   44   42   41   41   41   43   45
   48   52   58   63   68   76   84   90   87                                   
    67.5-180.0 180.0   5.0 450.0                            LAT/LON1/LON2/DLON/H
   96  105  109  118  124  130  136  142  147  152  156  160  162  163  163  164
  164  165  167  169  171  173  173  172  168  163  156  147  139  130  123  117
  113  110  107  105  102   99   94   88   82   76   71   66   62   59   57   55
   54   52   51   49   48   46   44   42   40   38   37   36   36   37   40   43
   47   53   59   65   70   82   89   94   96                                   
    65.0-180.0 180.0   5.0 450.0                            LAT/LON1/LON2/DLON/H
  100  111  115  124  129  135  140  146  151  156  160  163  164  164  163  162
  161  162  164  167  170  173  174  173  171  166  159  151  142  134  126  120
  115  111  108  105  101   97   91   85   78   72   67   62   59   56   54   52
   50   48   46   44   42   40   37   35   34   32   31   31   32   33   36   39
   44   51   59   66   73   87   96  101  100                                   
    62.5-180.0 180.0   5.0 450.0                            LAT/LON1/LON2/DLON/H
  103  115  120  129  134  141  146  151  156  161  164  167  167  166  164  163
  162  163  165  168  171  175  176  176  174  169  163  155  147  138  130  123
  117  112  108  103   99   93   87   80   74   68   64   60   58   56   54   52
   49   47   44   41   39   36   34   33   31   31   30   31   32   33   36   39
   43   50   58   65   73   87   97  101  103                                   
    60.0-180.0 180.0   5.0 450.0                            LAT/LON1/LON2/DLON/H
  104  116  122  131  136  142  147  153  158  163  167  169  170  168  167  165
  164  165  167  170  174  177  178  178  176  171  166  159  152  145  137  129
  122  116  110  103   97   90   83   76   71   66   63   61   59   58   56   53
   50   47   43   40   37   35   34   33   33   33   33   34   35   36   38   41
   44   50   57   64   72   86   97  102  104                                   
    57.5-180.0 180.0   5.0 450.0                            LAT/LON1/LON2/DLON/H
  106  118  124  133  139  145  150  155  160  165  169  171  172  172  170  169
  168  169  171  174  177  179  180  178  176  172  168  164  159  153  146  139
  131  122  114  106   98   90   83   76   71   68   66   65   65   63   61   57
   53   49   45   42   39   38   38   38   39   40   41   42   42   43   43   45
   47   52   58   64   71   85   95  101  106                                   
    55.0-180.0 180.0   5.0 450.0                            LAT/LON1/LON2/DLON/H
  110  122  130  139  146  151  156  161  165  169  172  175  176  175  175  174
  174  175  176  178  180  180  179  177  174  172  170  168  166  162  157  150
  141  132  122  112  103   94   87   80   76   74   74   74   74   72   69   64
   59   54   49   46   44   44   45   47   49   51   52   53   53   52   52   52
   53   56   61   66   72   85   95  101  110                                   
    52.5-180.0 180.0   5.0 450.0                            LAT/LON1/LON2/DLON/H
  116  129  140  149  156  161  166  170  172  175  177  179  179  179  179  179
  179  180  181  182  181  180  177  174  171  170  170  171  172  172  168  162
  153  143  132  121  111  102   94   89   85   84   85   86   85   83   79   73
   67   61   57   54   53   53   55   58   61   64   66   67   66   65   63   62
   61   63   67   72   77   88   98  104  116                                   
    50.0-180.0 180.0   5.0 450.0                            LAT/LON1/LON2/DLON/H
  126  140  152  162  170  176  180  183  184  185  185  185  185  185  185  185
  185  185  185  185  183  180  176  171  169  168  170  174  178  180  179  173
  165  154  142  131  121  112  105  100   97   96   98   98   98   95   90   83
   77   71   67   64   64   65   68   71   75   78   80   81   80   78   76   73
   72   73   77   80   86   95  104  110  126                                   
    47.5-180.0 180.0   5.0 450.0                            LAT/LON1/LON2/DLON/H
  137  152  167  177  186  193  197  199  198  197  196  195  193  193  192  192
  191  191  190  188  185  181  176  171  169  169  172  178  184  187  186  181
  172  161  150  140  131  123  116  111  108  108  109  110  109  106  100   93
   87   82   78   76   76   78   81   84   88   92   94   94   93   91   88   86
   83   84   88   92   96  105  114  118  137                                   
    45.0-180.0 180.0   5.0 450.0                            LAT/LON1/LON2/DLON/H
  148  164  180  191  201  210  213  215  214  212  209  207  205  203  202  201
  200  199  197  194  191  186  181  176  173  173  177  183  188  190  189  183
  174  164  154  145  138  131  125  120  118  117  118  118  117  113  107  101
   96   92   90   88   88   89   92   95   99  102  104  105  104  102  100   97
   95   96   99  103  109  116  126  129  148                                   
    42.5-180.0 180.0   5.0 450.0                            LAT/LON1/LON2/DLON/H
  157  174  191  203  214  224  228  230  228  227  224  221  219  217  215  213
  211  209  206  203  200  195  190  185  183  183  185  189  191  191  188  181
  172  163  155  148  143  137  132  127  124  122  122  122  120  116  111  106
  102  100   99   98   97   98   99  102  106  109  111  112  112  110  109  107
  105  106  110  114  120  127  137  141  157                                   
    40.0-180.0 180.0   5.0 450.0                            LAT/LON1/LON2/DLON/H
  164  182  198  211  224  234  239  242  242  241  238  236  234  233  231  228
  225  222  219  216  213  209  204  200  197  196  197  197  196  192  186  178
  170  162  156  152  147  143  137  132  127  124  123  122  120  116  112  108
  106  105  104  103  102  102  103  105  108  111  113  114  115  115  115  114
  112  114  118  123  129  137  147  152  164                                   
    37.5-180.0 180.0   5.0 450.0                            LAT/LON1/LON2/DLON/H
  169  187  204  217  230  240  247  251  253  254  253  252  251  250  248  245
  241  237  234  231  229  225  222  218  215  212  211  208  203  196  188  179
  172  166  162  159  155  151  144  137  130  125  122  121  118  115  111  108
  106  106  106  105  104  102  103  104  106  109  111  113  115  116  117  117
  117  119  124  129  135  144  154  161  169                                   
    35.0-180.0 180.0   5.0 450.0                            LAT/LON1/LON2/DLON/H
  173  193  209  222  236  245  253  258  262  265  267  267  267  266  264  261
  257  253  250  247  245  242  239  235  232  230  226  222  215  206  197  189
  183  179  177  174  170  163  154  144  135  128  124  121  118  115  110  107
  105  105  105  104  102  101  101  102  103  105  107  108  111  113  116  117
  118  121  127  133  139  150  161  169  173                                   
    32.5-180.0 180.0   5.0 450.0                            LAT/LON1/LON2/DLON/H
  181  201  218  228  241  249  259  265  271  276  279  282  282  282  280  276
  272  267  264  261  259  257  254  251  248  246  243  239  232  223  215  210
  206  204  202  198  191  181  169  156  144  135  129  125  122  117  112  107
  104  103  102  102  100   99   99  100  101  102  102  103  105  108  112  115
  117  122  129  136  143  155  168  176  181                                   
    30.0-180.0 180.0   5.0 450.0                            LAT/LON1/LON2/DLON/H
  193  214  230  238  251  257  266  273  281  287  292  295  297  296  294  289
  284  279  276  273  271  268  265  262  261  261  260  258  254  249  244  242
  242  242  239  231  219  204  187  171  157  147  140  135  130  124  117  110
  106  103  101  100  100  100  101  102  102  101   99   98  100  102  107  111
  114  122  131  140  148  162  177  185  193                                   
    27.5-180.0 180.0   5.0 450.0                            LAT/LON1/LON2/DLON/H
  209  231  247  253  265  270  279  285  293  300  305  309  311  310  307  302
  296  291  287  284  282  278  275  272  273  275  279  281  282  282  284  287
  290  289  282  268  248  226  205  186  172  161  153  148  142  135  126  117
  110  105  103  102  103  104  105  106  105  102   98   95   95   97  101  107
  112  121  133  145  155  171  189  196  209                                   
    25.0-180.0 180.0   5.0 450.0                            LAT/LON1/LON2/DLON/H
  228  250  267  272  284  289  297  302  310  316  321  325  327  326  323  317
  311  305  301  298  295  290  286  284  286  291  299  308  315  323  331  338
  343  339  324  299  270  242  217  198  184  174  167  162  156  147  137  127
  118  112  109  108  109  111  113  112  110  105   99   94   91   92   96  103
  109  122  136  150  163  181  203  208  228                                   
    22.5-180.0 180.0   5.0 450.0                            LAT/LON1/LON2/DLON/H
  246  269  286  293  307  312  320  324  331  336  341  344  346  346  343  338
  332  327  323  320  316  310  306  303  305  313  325  338  353  366  379  389
  390  378  351  316  278  245  219  201  190  182  178  173  168  160  150  139
  129  122  119  118  119  121  121  119  115  108  100   93   88   88   92   99
  107  122  138  155  170  191  215  220  246                                   
    20.0-180.0 180.0   5.0 450.0                            LAT/LON1/LON2/DLON/H
  261  285  303  313  329  336  346  350  356  362  366  369  372  373  371  368
  363  359  356  353  349  343  337  334  335  342  356  373  391  407  421  426
  419  395  358  313  270  235  211  196  188  184  182  179  175  169  161  151
  142  135  131  130  130  130  129  125  119  110  101   92   86   84   88   96
  106  122  140  159  176  198  224  231  261                                   
    17.5-180.0 180.0   5.0 450.0                            LAT/LON1/LON2/DLON/H
  270  296  315  328  349  358  370  375  383  389  395  399  404  407  408  408
  406  405  403  401  398  391  384  378  376  381  393  408  425  439  446  442
  424  389  343  294  250  216  195  185  180  179  179  179  178  175  170  163
  156  149  145  142  140  138  134  128  121  111  101   91   85   82   85   93
  104  122  141  160  179  202  230  240  270                                   
    15.0-180.0 180.0   5.0 450.0                            LAT/LON1/LON2/DLON/H
  274  302  324  340  364  376  391  398  409  418  425  433  440  447  453  457
  460  462  464  463  460  453  444  434  428  428  433  442  451  457  454  439
  410  368  318  268  226  197  180  173  171  172  174  176  177  177  176  173
  168  162  157  152  147  142  136  128  120  110  100   91   84   82   84   91
  103  121  140  159  179  203  232  245  274                                   
    12.5-180.0 180.0   5.0 450.0                            LAT/LON1/LON2/DLON/H
  274  306  331  349  375  390  407  417  431  443  454  465  477  489  501  511
  520  527  532  534  532  524  512  498  485  476  471  470  468  462  448  424
  388  342  293  246  210  186  173  167  166  168  170  172  175  178  180  180
  178  172  165  158  150  142  133  125  116  107   98   90   84   82   84   91
  101  119  138  157  176  202  232  247  274                                   
    10.0-180.0 180.0   5.0 450.0                            LAT/LON1/LON2/DLON/H
  274  311  338  358  385  402  421  432  449  464  479  494  509  527  545  562
  578  590  600  605  603  595  580  560  539  519  503  490  477  461  439  408
  369  324  278  238  209  190  179  173  171  170  171  173  176  180  184  186
  185  178  169  158  148  137  128  119  110  103   95   89   84   82   85   91
  101  118  136  154  174  202  232  250  274                                   
     7.5-180.0 180.0   5.0 450.0                            LAT/LON1/LON2/DLON/H
  278  319  349  368  396  414  433  445  463  480  497  514  533  555  578  601
  623  641  655  663  663  654  636  610  580  551  525  503  482  460  433  400
