data/edconvlstm_nd/pred1530.15i
     1.0            IONOSPHERE MAPS     GNSS                IONEX VERSION / TYPE
pyspatialgeodesy        IME             05-JAN-18 20:20     PGM / RUN BY / DATE 
Map Name                                                    COMMENT             
Predicted global ionosphere maps (GIM).                     DESCRIPTION         
  2015     6     2     0     0     0                        EPOCH OF FIRST MAP  
  2015     6     3     0     0     0                        EPOCH OF LAST MAP   
  7200                                                      INTERVAL            
    13                                                      # OF MAPS IN FILE   
  NONE                                                      MAPPING FUNCTION    
10.0                                                        ELEVATION CUTOFF    
One-way carrier phase leveled to code                       OBSERVABLES USED    
  6371.0                                                    BASE RADIUS         
 2                                                          MAP DIMENSION       
   450.0 450.0   0.0                                        HGT1 / HGT2 / DHGT  
    87.5 -87.5  -2.5                                        LAT1 / LAT2 / DLAT  
  -180.0 180.0   5.0                                        LON1 / LON2 / DLON  
    -1                                                      EXPONENT            
                                                            END OF HEADER       
[from data line 2574]
     7                                                      START OF TEC MAP    
  2015     6     2    12     0     0                        EPOCH OF CURRENT MAP
    87.5-180.0 180.0   5.0 450.0                            LAT/LON1/LON2/DLON/H
  151  150  145  150  152  152  151  150  151  152  152  152  152  152  152  152
  152  152  152  151  151  151  150  150  150  149  149  149  148  148  148  148
  147  147  147  146  146  146  146  146  146  146  146  146  147  147  148  148
  148  149  149  149  150  150  150  150  149  149  149  148  148  148  147  147
  146  147  145  144  150  147  154  152  151                                   
    85.0-180.0 180.0   5.0 450.0                            LAT/LON1/LON2/DLON/H
  143  147  155  151  151  154  154  155  156  157  157  157  157  157  157  157
  157  157  157  156  156  156  156  155  155  155  155  154  154  154  153  153
  153  152  152  151  151  150  150  150  150  150  151  151  152  153  153  154
  155  156  156  157  157  157  157  157  157  156  156  155  155  154  153  153
  153  154  149  148  146  144  149  152  143                                   
    82.5-180.0 180.0   5.0 450.0                            LAT/LON1/LON2/DLON/H
  130  143  145  141  142  146  147  148  149  150  150  151  151  151  151  151
  151  150  150  150  150  150  150  150  150  150  150  150  150  150  150  150
  150  150  149  149  148  148  148  147  148  148  149  150  151  152  153  155
  156  157  158  158  159  159  158  158  157  156  155  153  152  150  149  147
  146  145  141  141  139  145  143  135  130                                   
    80.0-180.0 180.0   5.0 450.0                            LAT/LON1/LON2/DLON/H
  125  134  138  139  138  140  142  145  147  148  148  149  149  149  149  149
  148  148  147  147  146  146  146  146  146  146  147  147  148  148  149  149
  149  149  148  148  147  146  146  146  146  146  147  149  151  152  154  156
  158  160  161  162  162  162  162  161  159  158  156  153  151  149  146  145
  143  141  137  136  132  135  140  130  125                                   
    77.5-180.0 180.0   5.0 450.0                            LAT/LON1/LON2/DLON/H
  125  129  133  135  135  138  140  143  145  146  146  147  147  147  147  146
  146  145  145  144  143  143  143  143  143  144  145  146  148  150  151  153
  153  154  154  153  152  152  151  150  151  151  153  155  157  160  162  165
  167  169  171  171  172  171  170  169  167  164  161  158  155  152  148  145
  142  139  133  133  132  130  133  131  125                                   
    75.0-180.0 180.0   5.0 450.0                            LAT/LON1/LON2/DLON/H
  118  125  125  129  130  134  136  139  141  143  143  144  144  144  144  144
  143  143  142  141  140  139  139  139  139  141  142  145  148  151  154  156
  159  160  160  160  159  158  157  156  156  157  158  160  163  166  169  172
  174  176  177  178  178  177  176  174  172  169  166  163  159  155  151  147
  143  139  134  129  128  128  130  122  118                                   
    72.5-180.0 180.0   5.0 450.0                            LAT/LON1/LON2/DLON/H
  113  120  119  124  124  129  132  134  137  138  139  140  140  141  141  140
  140  139  138  137  135  134  134  134  134  135  138  141  145  150  155  159
  163  166  167  167  167  165  164  163  163  163  165  167  170  173  176  178
  180  181  182  182  181  180  178  176  174  172  169  166  163  159  155  151
  147  142  136  131  127  126  127  123  113                                   
    70.0-180.0 180.0   5.0 450.0                            LAT/LON1/LON2/DLON/H
  113  115  115  118  118  121  124  126  129  131  132  134  135  136  136  136
  135  134  133  131  130  128  127  127  127  128  131  135  140  147  153  160
  165  169  172  173  173  171  170  168  168  168  170  172  175  177  180  181
  182  182  181  179  178  176  175  173  172  171  170  168  166  163  160  156
  152  146  140  134  129  127  128  124  113                                   
    67.5-180.0 180.0   5.0 450.0                            LAT/LON1/LON2/DLON/H
  113  115  114  116  114  117  119  121  124  126  128  131  133  134  135  135
  134  133  131  129  127  125  124  122  122  123  126  130  136  143  151  159
  166  172  175  177  177  176  174  173  173  173  175  177  180  182  183  183
  182  181  178  176  174  172  171  170  170  171  171  171  171  169  167  165
  160  155  148  141  134  130  129  126  113                                   
    65.0-180.0 180.0   5.0 450.0                            LAT/LON1/LON2/DLON/H
  117  116  113  113  110  111  112  114  117  120  122  126  129  132  133  134
  133  131  129  127  125  122  120  119  118  119  122  126  133  141  149  158
  166  173  178  180  181  180  179  178  178  179  181  183  186  187  187  185
  183  179  175  172  169  167  167  167  169  171  174  176  177  177  176  174
  171  166  159  152  144  139  138  134  117                                   
    62.5-180.0 180.0   5.0 450.0                            LAT/LON1/LON2/DLON/H
  122  119  114  112  106  106  106  107  109  112  116  121  126  130  132  133
  132  130  128  125  123  120  119  117  117  118  120  125  131  139  148  157
  166  173  178  181  182  183  182  182  183  184  187  189  191  191  190  187
  183  178  173  169  166  165  165  166  169  173  178  181  184  185  185  184
  180  176  169  162  154  148  146  142  122                                   
    60.0-180.0 180.0   5.0 450.0                            LAT/LON1/LON2/DLON/H
  129  123  117  112  103  102  100   99  101  104  108  114  120  125  128  130
  130  128  125  123  120  118  117  117  117  118  121  126  132  139  148  156
  164  171  177  181  183  185  185  186  187  190  192  195  196  196  194  190
  185  179  174  170  167  166  167  169  173  178  183  188  191  193  193  191
  188  183  177  171  164  157  155  151  129                                   
    57.5-180.0 180.0   5.0 450.0                            LAT/LON1/LON2/DLON/H
  137  128  120  114  103  100   96   93   94   96   99  106  112  119  124  126
  126  125  123  120  119  118  117  118  119  122  125  130  136  143  151  158
  165  172  177  182  186  188  190  192  194  196  199  202  203  202  199  195
  190  184  179  176  173  172  173  176  180  185  191  195  198  199  199  197
  193  189  183  178  172  165  164  159  137                                   
    55.0-180.0 180.0   5.0 450.0                            LAT/LON1/LON2/DLON/H
  144  134  125  118  105  100   95   90   89   89   92   97  104  111  117  121
  122  121  120  118  117  117  118  120  123  126  131  136  142  148  155  161
  167  173  179  184  189  193  196  199  201  204  207  209  210  209  206  202
  197  192  188  185  183  182  183  185  189  194  198  202  204  204  202  200
  195  191  186  182  177  171  170  166  144                                   
    52.5-180.0 180.0   5.0 450.0                            LAT/LON1/LON2/DLON/H
  150  139  131  124  110  105   98   92   88   86   86   90   96  103  110  115
  117  118  118  118  118  119  121  123  127  131  137  143  149  155  160  164
  169  175  181  188  194  199  204  207  210  213  215  217  218  216  213  209
  205  201  198  195  194  193  193  195  198  202  205  208  208  207  204  200
  195  192  187  184  180  176  175  170  150                                   
    50.0-180.0 180.0   5.0 450.0                            LAT/LON1/LON2/DLON/H
  154  144  137  131  118  112  105   98   92   87   85   86   91   97  104  110
  114  117  118  120  121  123  126  128  132  137  143  149  155  160  165  169
  173  179  186  194  201  208  213  217  220  222  225  226  226  224  221  218
  214  211  208  206  204  203  203  204  205  208  210  211  210  208  204  200
  195  191  187  185  182  179  178  173  154                                   
    47.5-180.0 180.0   5.0 450.0                            LAT/LON1/LON2/DLON/H
  156  149  143  138  127  122  115  107  100   93   88   87   89   94  100  107
  113  118  122  125  128  131  133  136  139  143  148  154  160  165  169  173
  177  184  192  201  211  219  225  229  232  234  235  236  236  233  230  227
  223  220  217  215  213  211  210  210  211  212  213  213  211  208  204  199
  195  191  188  186  184  181  179  175  156                                   
    45.0-180.0 180.0   5.0 450.0                            LAT/LON1/LON2/DLON/H
  155  152  148  144  136  132  126  119  111  103   96   93   92   95  101  108
  115  122  128  134  138  142  144  145  147  150  154  159  165  169  173  177
  183  190  200  211  222  231  238  242  245  247  248  248  247  245  241  237
  233  229  226  223  221  219  217  216  216  215  215  214  212  209  205  201
  196  193  190  188  185  182  180  175  155                                   
    42.5-180.0 180.0   5.0 450.0                            LAT/LON1/LON2/DLON/H
  154  153  151  148  142  139  136  129  123  115  107  102  100  101  105  112
  120  129  137  145  151  155  157  158  158  159  161  165  169  174  178  183
  190  199  210  222  234  244  252  257  260  263  264  264  262  259  254  249
  244  240  236  233  230  227  226  224  223  221  219  217  214  211  207  204
  200  197  194  192  187  184  181  175  154                                   
    40.0-180.0 180.0   5.0 450.0                            LAT/LON1/LON2/DLON/H
  152  154  153  150  145  143  141  137  132  126  119  114  110  109  112  118
  127  137  147  157  165  170  172  172  170  169  169  172  175  179  184  190
  199  209  222  235  248  259  268  274  278  280  282  282  280  276  271  265
  259  254  250  246  244  242  240  239  236  232  228  223  219  215  212  209
  205  203  199  195  190  186  182  175  152                                   
    37.5-180.0 180.0   5.0 450.0                            LAT/LON1/LON2/DLON/H
  151  155  154  149  144  143  141  139  137  134  130  126  122  120  121  126
  134  145  157  168  178  185  187  186  183  181  180  181  183  187  192  200
  210  222  236  251  264  276  285  292  297  300  302  303  301  297  292  285
  279  274  270  267  266  265  264  262  257  250  242  234  228  222  218  215
  211  208  203  199  192  187  183  174  151                                   
    35.0-180.0 180.0   5.0 450.0                            LAT/LON1/LON2/DLON/H
  152  157  155  147  142  139  138  136  137  137  137  135  132  129  130  134
  141  152  164  177  189  197  201  200  197  193  192  192  194  197  203  212
  223  237  253  268  281  294  304  311  317  321  324  325  324  321  316  311
  306  301  299  298  298  299  299  295  287  275  261  249  239  231  226  222
  217  213  207  202  195  189  185  175  152                                   
    32.5-180.0 180.0   5.0 450.0                            LAT/LON1/LON2/DLON/H
  157  162  158  147  139  134  131  130  132  136  139  140  138  137  136  139
  146  156  169  183  196  206  211  211  209  206  204  204  206  210  216  226
  239  255  271  286  300  313  323  332  338  343  346  347  347  346  343  340
  337  335  335  337  340  343  342  336  323  305  285  267  252  241  233  228
  221  217  210  203  197  191  187  177  157                                   
    30.0-180.0 180.0   5.0 450.0                            LAT/LON1/LON2/DLON/H
  165  169  163  150  139  131  126  123  126  131  137  140  141  140  140  143
  149  158  171  185  199  210  217  219  218  217  216  217  220  224  232  243
  257  273  290  305  319  332  343  352  358  363  366  369  370  371  372  372
  372  374  377  382  387  391  390  380  362  336  309  284  264  250  240  232
  225  219  211  205  199  194  190  181  165                                   
    27.5-180.0 180.0   5.0 450.0                            LAT/LON1/LON2/DLON/H
  175  178  171  156  143  132  125  119  121  127  133  138  140  141  141  143
  149  158  170  184  199  211  219  223  225  225  226  229  234  240  248  260
  275  292  309  324  338  351  362  371  377  381  385  388  391  395  399  402
  407  412  419  426  433  437  434  420  395  363  329  299  275  257  245  236
  227  221  212  206  200  197  194  187  175                                   
    25.0-180.0 180.0   5.0 450.0                            LAT/LON1/LON2/DLON/H
  184  188  179  165  150  138  128  121  121  125  130  135  137  138  139  142
  147  156  167  181  196  208  218  224  227  231  235  240  247  255  266  278
  294  310  327  342  356  369  380  389  394  398  400  404  409  416  423  430
  438  446  455  464  471  473  467  449  419  382  343  309  282  262  248  238
  229  222  213  207  202  199  197  192  184                                   
    22.5-180.0 180.0   5.0 450.0                            LAT/LON1/LON2/DLON/H
  191  196  188  174  160  148  137  128  125  127  130  133  134  135  136  138
  144  152  164  177  190  203  213  221  227  233  241  250  260  270  282  296
  311  328  344  359  374  386  397  405  410  413  415  418  425  433  442  452
  462  471  481  489  494  493  483  462  429  389  349  313  285  264  249  239
  230  224  215  209  204  201  200  196  191                                   
    20.0-180.0 180.0   5.0 450.0                            LAT/LON1/LON2/DLON/H
  192  200  192  181  169  158  149  140  135  133  132  132  132  131  132  134
  140  148  159  171  184  196  207  216  225  235  246  258  271  284  298  313
  328  345  361  376  390  403  413  420  425  426  428  432  438  447  457  467
  477  486  494  500  501  497  483  460  426  387  347  312  284  263  248  238
  231  225  217  211  205  202  200  196  192                                   
    17.5-180.0 180.0   5.0 450.0                            LAT/LON1/LON2/DLON/H
  188  197  191  182  174  166  159  151  145  141  137  134  131  128  128  130
  135  143  154  165  177  189  200  211  223  236  250  265  281  298  314  329
  346  362  378  393  406  418  428  435  439  440  441  444  450  458  467  475
  483  490  495  497  494  486  470  446  413  376  339  306  280  260  246  237
  230  226  219  212  205  199  197  192  188                                   
    15.0-180.0 180.0   5.0 450.0                            LAT/LON1/LON2/DLON/H
  178  187  183  176  172  166  164  159  154  148  142  136  130  126  124  125
  130  138  148  159  170  182  194  207  222  238  255  273  292  311  329  346
  363  379  395  409  422  434  443  449  453  454  454  456  460  465  472  477
  482  485  486  484  478  466  449  425  395  362  329  299  274  255  242  234
  228  225  218  211  202  194  190  184  178                                   
    12.5-180.0 180.0   5.0 450.0                            LAT/LON1/LON2/DLON/H
  165  173  170  163  162  158  160  158  155  151  144  137  130  124  120  120
  124  132  142  153  164  176  190  206  224  242  261  282  303  324  344  363
  380  396  411  425  437  447  455  461  464  465  464  465  466  469  471  473
  474  475  473  467  458  444  426  403  377  347  317  290  267  249  236  229
  224  221  215  208  197  187  181  174  165                                   
    10.0-180.0 180.0   5.0 450.0                            LAT/LON1/LON2/DLON/H
  153  158  154  147  147  144  148  149  149  146  141  135  127  121  116  115
  118  125  135  146  159  172  189  208  228  249  270  292  315  338  359  378
  396  412  426  439  449  457  464  468  471  471  470  468  467  466  465  463
  462  461  457  450  439  424  407  386  362  336  308  281  259  241  229  222
  218  215  210  202  191  178  172  163  153                                   
     7.5-180.0 180.0   5.0 450.0                            LAT/LON1/LON2/DLON/H
  144  145  140  132  131  127  132  134  137  136  133  128  123  116  111  108
  110  117  128  140  154  170  190  212  236  259  282  304  327  350  372  391
