data/edconvlstm_nd/pred3330.15i
     1.0            IONOSPHERE MAPS     GNSS                IONEX VERSION / TYPE
pyspatialgeodesy        IME             05-JAN-18 20:20     PGM / RUN BY / DATE 
Map Name                                                    COMMENT             
Predicted global ionosphere maps (GIM).                     DESCRIPTION         
  2015    11    29     0     0     0                        EPOCH OF FIRST MAP  
  2015    11    30     0     0     0                        EPOCH OF LAST MAP   
  7200                                                      INTERVAL            
    13                                                      # OF MAPS IN FILE   
  NONE                                                      MAPPING FUNCTION    
10.0                                                        ELEVATION CUTOFF    
One-way carrier phase leveled to code                       OBSERVABLES USED    
  6371.0                                                    BASE RADIUS         
 2                                                          MAP DIMENSION       
   450.0 450.0   0.0                                        HGT1 / HGT2 / DHGT  
    87.5 -87.5  -2.5                                        LAT1 / LAT2 / DLAT  
  -180.0 180.0   5.0                                        LON1 / LON2 / DLON  
    -1                                                      EXPONENT            
                                                            END OF HEADER       
[from data line 2574]
     7                                                      START OF TEC MAP    
  2015    11    29    12     0     0                        EPOCH OF CURRENT MAP
    87.5-180.0 180.0   5.0 450.0                            LAT/LON1/LON2/DLON/H
   63   74   74   74   76   75   74   69   69   70   69   69   68   68   67   67
   67   66   66   65   65   65   64   64   63   63   62   62   61   61   60   60
   59   59   58   58   57   57   56   56   56   56   56   57   57   57   58   59
   59   60   61   62   63   64   65   66   67   68   69   70   70   71   71   72
   73   74   72   69   74   75   88   86   63                                   
    85.0-180.0 180.0   5.0 450.0                            LAT/LON1/LON2/DLON/H
   69   80   91   73   72   74   73   72   71   72   70   70   70   69   69   69
   69   69   68   68   68   68   68   68   68   67   67   67   66   66   66   65
   65   64   64   63   62   62   62   61   61   61   61   61   61   61   62   62
   63   64   65   66   67   69   70   71   73   74   75   76   77   77   78   79
   80   80   76   72   75   77   87   85   69                                   
    82.5-180.0 180.0   5.0 450.0                            LAT/LON1/LON2/DLON/H
   65   72   81   69   67   67   67   65   64   63   62   61   60   59   59   58
   58   58   58   58   58   58   58   58   58   58   58   58   58   58   58   58
   58   57   57   56   56   55   55   54   54   53   53   52   52   52   52   53
   53   54   55   57   58   60   62   63   65   66   68   69   70   71   72   73
   75   75   72   68   73   80   78   76   65                                   
    80.0-180.0 180.0   5.0 450.0                            LAT/LON1/LON2/DLON/H
   64   65   75   65   64   60   60   58   58   56   54   54   52   52   51   50
   50   50   50   50   51   51   52   52   53   54   54   55   55   56   56   56
   56   56   56   55   55   54   53   52   51   50   48   47   46   46   45   45
   45   46   47   49   51   52   54   56   58   60   62   63   65   66   67   68
   69   69   68   66   67   73   75   76   64                                   
    77.5-180.0 180.0   5.0 450.0                            LAT/LON1/LON2/DLON/H
   66   64   66   59   58   57   58   57   56   54   51   51   49   48   47   47
   47   47   47   48   48   49   50   51   52   53   55   56   57   58   58   59
   60   60   60   60   59   58   56   55   52   50   47   45   43   41   40   39
   39   40   41   43   45   47   49   51   53   55   57   58   59   60   61   61
   62   62   60   59   59   60   65   67   66                                   
    75.0-180.0 180.0   5.0 450.0                            LAT/LON1/LON2/DLON/H
   53   56   57   54   55   55   54   53   52   51   48   48   46   46   45   45
   45   46   47   48   49   50   51   53   54   56   57   59   61   62   64   65
   66   68   68   69   69   68   66   64   61   58   54   50   46   43   41   40
   39   39   40   41   43   45   47   49   51   52   54   55   56   57   57   58
   58   57   57   54   55   54   55   54   53                                   
    72.5-180.0 180.0   5.0 450.0                            LAT/LON1/LON2/DLON/H
   49   52   52   50   51   52   53   52   50   49   47   46   44   44   44   44
   44   45   46   47   48   50   51   53   55   57   59   61   63   66   68   71
   73   76   77   79   80   79   78   76   72   68   62   57   52   48   44   41
   40   39   39   39   40   41   43   44   46   47   49   50   51   52   52   52
   52   51   51   49   50   50   52   53   49                                   
    70.0-180.0 180.0   5.0 450.0                            LAT/LON1/LON2/DLON/H
   45   50   52   50   51   51   50   50   50   49   47   46   45   45   45   46
   46   47   48   49   51   52   54   56   58   60   63   66   69   72   75   79
   83   86   90   92   94   95   94   92   88   82   76   70   63   58   53   49
   46   44   43   42   42   42   42   43   44   45   46   48   49   50   51   51
   51   50   50   48   49   49   54   54   45                                   
    67.5-180.0 180.0   5.0 450.0                            LAT/LON1/LON2/DLON/H
   41   48   50   49   51   51   52   52   52   51   50   50   49   49   49   49
   50   50   51   52   53   54   56   58   60   63   66   69   73   77   82   87
   91   96  100  104  107  108  108  106  102   96   90   82   75   68   62   57
   53   49   47   45   43   41   41   40   41   42   44   46   48   49   50   51
   51   50   50   47   48   48   51   50   41                                   
    65.0-180.0 180.0   5.0 450.0                            LAT/LON1/LON2/DLON/H
   38   47   48   49   50   51   52   52   53   53   53   53   53   53   53   53
   53   53   53   53   53   54   56   58   61   64   68   73   78   83   89   95
  101  106  112  116  119  121  121  119  116  110  103   96   88   80   73   67
   61   56   52   48   45   42   40   39   39   40   42   44   47   49   51   52
   53   52   53   50   51   51   53   52   38                                   
    62.5-180.0 180.0   5.0 450.0                            LAT/LON1/LON2/DLON/H
   37   45   45   46   47   49   50   51   52   53   53   54   54   54   54   53
   53   52   51   50   50   51   52   55   59   63   69   75   82   89   96  103
  109  116  121  125  129  130  131  129  126  121  114  106   98   89   81   74
   67   61   55   50   45   41   38   36   36   37   39   41   44   47   49   51
   52   52   53   51   52   51   53   52   37                                   
    60.0-180.0 180.0   5.0 450.0                            LAT/LON1/LON2/DLON/H
   36   42   41   43   43   44   45   46   47   49   50   51   51   52   51   50
   49   47   45   44   43   44   46   49   54   61   68   76   84   93  101  110
  117  123  129  133  135  137  137  135  132  127  121  114  105   96   88   79
   71   64   56   50   43   39   35   33   33   34   35   38   40   42   44   46
   47   48   50   49   50   50   51   50   36                                   
    57.5-180.0 180.0   5.0 450.0                            LAT/LON1/LON2/DLON/H
   36   40   39   39   39   40   40   42   43   45   47   48   48   48   48   46
   44   42   40   38   37   38   41   45   52   60   69   79   89  100  110  119
  127  134  139  142  144  144  144  142  140  136  130  123  115  106   97   88
   78   70   61   53   47   41   37   35   34   35   36   38   39   40   42   43
   44   45   48   47   50   49   51   50   36                                   
    55.0-180.0 180.0   5.0 450.0                            LAT/LON1/LON2/DLON/H
   40   41   39   39   37   38   37   38   40   42   43   45   45   45   44   43
   40   38   35   33   33   35   38   44   52   62   73   85   97  109  120  130
  138  145  149  151  152  152  151  150  148  145  141  135  127  118  108   98
   88   78   69   61   54   48   44   42   41   41   41   41   41   41   41   41
   42   43   46   47   50   50   51   51   40                                   
    52.5-180.0 180.0   5.0 450.0                            LAT/LON1/LON2/DLON/H
   46   45   43   43   40   40   38   38   39   41   42   43   43   43   42   40
   38   36   34   32   33   35   40   48   57   69   81   94  107  119  131  141
  149  155  159  161  162  162  161  160  158  156  153  148  141  132  122  111
  100   90   81   73   66   60   57   54   53   52   50   49   47   44   43   42
   42   43   47   48   52   53   54   54   46                                   
    50.0-180.0 180.0   5.0 450.0                            LAT/LON1/LON2/DLON/H
   54   54   51   51   47   47   44   43   43   44   44   44   43   42   41   40
   38   36   35   35   36   41   47   56   67   80   93  105  118  129  140  149
  157  164  168  171  172  172  172  171  170  169  166  162  156  147  137  126
  115  104   95   87   81   76   73   70   68   66   63   59   55   52   48   47
   46   47   51   53   58   59   60   60   54                                   
    47.5-180.0 180.0   5.0 450.0                            LAT/LON1/LON2/DLON/H
   64   65   63   63   59   59   54   52   51   50   49   48   47   45   44   42
   41   40   40   41   45   51   59   70   82   94  107  118  128  137  146  154
  162  169  175  179  182  183  184  184  183  182  180  176  170  161  151  140
  129  119  110  102   96   92   89   86   83   80   75   70   65   60   56   54
   53   54   58   61   65   67   67   67   64                                   
    45.0-180.0 180.0   5.0 450.0                            LAT/LON1/LON2/DLON/H
   72   75   74   76   73   72   67   65   62   61   58   57   54   51   49   47
   47   47   48   51   57   65   76   87   99  111  121  130  137  142  148  155
  162  171  179  186  192  195  197  197  196  194  191  187  181  173  163  152
  141  130  122  115  109  104  101   98   94   89   84   78   73   68   64   62
   61   63   66   68   72   75   75   74   72                                   
    42.5-180.0 180.0   5.0 450.0                            LAT/LON1/LON2/DLON/H
   76   82   82   86   84   84   79   77   74   73   70   67   63   59   56   55
   54   55   58   64   72   82   93  105  117  127  135  140  143  145  148  153
  161  171  183  193  202  207  210  209  207  204  200  196  189  181  171  160
  149  139  130  122  116  111  107  102   98   92   86   81   76   72   70   69
   69   70   73   74   77   80   80   78   76                                   
    40.0-180.0 180.0   5.0 450.0                            LAT/LON1/LON2/DLON/H
   75   83   84   90   90   92   88   86   84   83   81   78   73   69   65   63
   63   65   69   77   86   98  110  122  132  141  147  149  148  147  147  152
  161  174  189  203  214  221  224  223  219  214  208  202  195  187  177  165
  154  143  134  125  118  111  105  100   95   88   82   77   74   72   72   72
   73   74   76   77   79   81   80   78   75                                   
    37.5-180.0 180.0   5.0 450.0                            LAT/LON1/LON2/DLON/H
   69   77   80   87   89   92   90   90   90   91   89   87   82   78   73   71
   71   73   79   87   99  111  124  135  145  153  157  157  154  150  150  156
  167  183  201  217  230  238  241  238  232  225  218  210  203  194  183  171
  160  148  137  127  117  108  101   94   87   81   75   71   69   69   71   73
   74   74   76   75   76   77   75   74   69                                   
    35.0-180.0 180.0   5.0 450.0                            LAT/LON1/LON2/DLON/H
   61   68   71   79   82   85   86   88   91   93   94   93   89   85   80   77
   77   79   86   95  108  121  134  145  155  161  164  164  161  158  159  167
  182  201  221  239  253  260  262  258  250  241  231  223  215  205  195  183
  171  158  145  132  119  107   97   89   82   75   70   66   65   67   70   72
   73   72   73   71   70   69   67   67   61                                   
    32.5-180.0 180.0   5.0 450.0                            LAT/LON1/LON2/DLON/H
   52   59   61   68   71   74   77   81   87   91   94   96   93   89   84   81
   80   83   90  101  114  127  140  151  160  167  171  172  171  171  176  189
  207  229  251  269  282  288  289  283  274  263  253  244  235  226  216  204
  191  177  162  146  130  115  102   93   85   78   73   69   68   70   73   75
   74   72   70   67   66   63   60   61   52                                   
    30.0-180.0 180.0   5.0 450.0                            LAT/LON1/LON2/DLON/H
   47   53   53   58   60   63   66   71   78   85   91   94   93   90   86   83
   82   85   92  103  117  130  143  154  164  171  177  181  184  189  200  218
  242  266  288  305  316  321  320  314  304  293  283  274  266  257  248  236
  224  210  193  174  154  136  121  110  102   95   89   85   84   84   84   84
   81   76   72   67   65   61   57   58   47                                   
    27.5-180.0 180.0   5.0 450.0                            LAT/LON1/LON2/DLON/H
   48   51   50   52   53   54   57   62   69   76   83   88   89   88   84   82
   82   86   93  105  118  132  144  155  165  174  183  190  199  211  229  253
  281  308  329  344  353  356  354  348  339  329  320  312  305  298  290  280
  268  254  237  216  193  172  155  143  134  127  121  116  113  110  108  104
   97   88   82   74   71   65   62   61   48                                   
    25.0-180.0 180.0   5.0 450.0                            LAT/LON1/LON2/DLON/H
   55   56   51   50   50   50   52   55   60   67   74   79   82   82   80   79
   80   85   93  105  119  132  144  156  166  177  189  201  215  234  260  290
  321  349  369  382  388  389  387  382  376  368  361  356  351  345  339  331
  321  308  291  270  246  222  204  190  180  173  167  161  155  149  142  133
  122  110  100   90   85   78   74   70   55                                   
    22.5-180.0 180.0   5.0 450.0                            LAT/LON1/LON2/DLON/H
   69   66   58   54   52   51   51   52   55   60   65   70   73   74   74   75
   77   83   93  106  119  133  146  157  168  181  195  211  232  258  290  324
  357  384  402  412  415  415  414  412  409  406  402  399  397  393  389  384
  377  367  352  331  307  282  261  246  235  227  219  212  203  193  181  169
  153  139  125  112  106   96   91   83   69                                   
    20.0-180.0 180.0   5.0 450.0                            LAT/LON1/LON2/DLON/H
   86   81   70   64   59   57   55   53   54   56   59   62   65   66   68   70
   74   82   93  107  121  135  148  160  172  186  203  224  249  280  315  352
  385  410  424  431  432  432  433  434  436  437  437  437  437  436  435  432
  428  421  409  390  366  340  317  299  285  275  267  258  247  234  219  203
  185  169  153  138  129  117  110  100   86                                   
    17.5-180.0 180.0   5.0 450.0                            LAT/LON1/LON2/DLON/H
  102   97   84   76   70   65   62   58   56   56   56   57   59   61   63   66
   72   82   95  110  125  140  153  165  179  195  214  238  267  300  336  371
  401  422  433  436  437  438  441  447  453  458  462  465  467  467  468  467
  466  462  451  434  410  383  357  336  319  307  298  288  277  262  246  230
  211  195  177  161  150  136  125  115  102                                   
    15.0-180.0 180.0   5.0 450.0                            LAT/LON1/LON2/DLON/H
  114  108   96   87   80   74   71   65   61   58   56   56   57   59   61   66
   73   84   98  114  131  147  160  174  189  207  229  255  285  317  350  381
  407  423  431  432  433  435  442  451  461  470  476  480  482  483  484  484
  484  481  472  455  432  404  377  352  333  319  309  300  288  275  260  244
  227  212  194  178  165  148  136  127  114                                   
    12.5-180.0 180.0   5.0 450.0                            LAT/LON1/LON2/DLON/H
  119  114  104   95   88   81   79   73   68   63   59   57   58   60   63   68
   76   89  104  122  140  156  171  186  204  225  249  276  304  332  360  386
  405  418  423  424  425  430  439  451  464  475  481  485  486  486  485  485
  484  481  473  458  436  408  379  353  331  316  304  295  285  273  260  247
  232  219  201  186  172  153  139  131  119                                   
    10.0-180.0 180.0   5.0 450.0                            LAT/LON1/LON2/DLON/H
  118  114  106   99   93   87   86   80   74   68   63   61   62   65   69   74
   83   96  113  132  151  168  185  203  222  246  271  297  322  346  368  387
  402  410  414  416  419  426  438  452  466  477  483  485  484  481  478  476
  475  472  465  451  430  404  374  345  321  303  291  282  272  261  250  239
  227  216  201  186  171  151  137  130  118                                   
     7.5-180.0 180.0   5.0 450.0                            LAT/LON1/LON2/DLON/H
  114  111  105   99   96   90   91   86   81   74   68   66   67   71   76   82
   92  106  124  144  164  183  202  221  243  268  295  319  340  359  375  388
