data/edconvlstm_nd/pred1880.15i
     1.0            IONOSPHERE MAPS     GNSS                IONEX VERSION / TYPE
pyspatialgeodesy        IME             05-JAN-18 20:20     PGM / RUN BY / DATE 
Map Name                                                    COMMENT             
Predicted global ionosphere maps (GIM).                     DESCRIPTION         
  2015     7     7     0     0     0                        EPOCH OF FIRST MAP  
  2015     7     8     0     0     0                        EPOCH OF LAST MAP   
  7200                                                      INTERVAL            
    13                                                      # OF MAPS IN FILE   
  NONE                                                      MAPPING FUNCTION    
10.0                                                        ELEVATION CUTOFF    
One-way carrier phase leveled to code                       OBSERVABLES USED    
  6371.0                                                    BASE RADIUS         
 2                                                          MAP DIMENSION       
   450.0 450.0   0.0                                        HGT1 / HGT2 / DHGT  
    87.5 -87.5  -2.5                                        LAT1 / LAT2 / DLAT  
  -180.0 180.0   5.0                                        LON1 / LON2 / DLON  
    -1                                                      EXPONENT            
                                                            END OF HEADER       
[from data line 3003]
     8                                                      START OF TEC MAP    
  2015     7     7    14     0     0                        EPOCH OF CURRENT MAP
    87.5-180.0 180.0   5.0 450.0                            LAT/LON1/LON2/DLON/H
  144  148  143  148  151  150  149  147  147  148  147  147  147  147  147  147
  148  148  149  149  150  150  151  151  152  152  153  153  153  154  154  154
  154  154  154  154  154  154  154  154  154  154  154  153  153  153  153  153
  153  152  152  152  151  151  151  150  150  149  149  149  148  148  148  147
  147  147  146  144  151  147  154  149  144                                   
    85.0-180.0 180.0   5.0 450.0                            LAT/LON1/LON2/DLON/H
  142  148  159  151  151  155  154  155  155  155  154  153  153  153  153  153
  153  154  154  155  155  156  157  158  159  159  160  161  161  161  162  162
  162  162  162  162  162  162  162  162  161  161  161  161  161  160  160  160
  160  159  159  158  158  157  157  156  156  155  155  155  154  154  153  153
  154  154  150  148  147  143  148  149  142                                   
    82.5-180.0 180.0   5.0 450.0                            LAT/LON1/LON2/DLON/H
  129  143  148  143  144  147  148  148  146  146  145  144  143  142  142  142
  142  143  144  146  147  149  151  152  154  155  157  158  159  160  161  161
  162  162  162  162  162  162  162  161  161  161  161  161  160  160  160  159
  159  158  158  157  156  155  154  153  152  151  150  149  148  147  146  146
  145  145  141  142  139  144  140  132  129                                   
    80.0-180.0 180.0   5.0 450.0                            LAT/LON1/LON2/DLON/H
  124  133  140  139  139  140  140  141  140  138  136  134  133  131  131  131
  132  133  135  137  140  142  145  148  150  152  154  156  158  159  160  160
  160  160  160  160  160  159  159  159  159  159  159  159  158  158  158  158
  158  157  156  155  154  153  151  150  148  146  145  143  141  140  138  137
  137  136  134  134  130  131  132  125  124                                   
    77.5-180.0 180.0   5.0 450.0                            LAT/LON1/LON2/DLON/H
  127  131  137  136  138  139  138  137  135  132  128  126  123  121  120  120
  121  123  126  130  133  137  142  145  149  152  155  158  160  161  162  163
  163  163  163  163  162  162  162  161  161  161  161  162  162  162  162  162
  162  162  161  160  158  157  155  152  150  147  145  142  139  136  134  132
  130  129  126  127  128  123  124  123  127                                   
    75.0-180.0 180.0   5.0 450.0                            LAT/LON1/LON2/DLON/H
  123  129  131  133  135  138  136  135  132  129  124  120  116  114  113  113
  115  118  121  126  131  136  141  146  150  154  157  160  162  164  165  165
  166  165  165  164  164  163  162  162  162  162  162  163  164  164  165  165
  165  165  164  163  161  159  157  154  151  148  145  142  138  135  132  129
  126  125  122  120  122  120  121  112  123                                   
    72.5-180.0 180.0   5.0 450.0                            LAT/LON1/LON2/DLON/H
  122  128  130  135  137  140  139  137  133  129  123  119  114  112  110  111
  113  117  121  127  133  139  144  150  154  158  161  164  166  167  168  169
  169  169  168  167  166  165  165  164  164  164  165  166  167  168  168  169
  169  168  168  166  165  163  161  158  155  152  149  145  141  138  134  131
  128  125  123  120  120  119  119  116  122                                   
    70.0-180.0 180.0   5.0 450.0                            LAT/LON1/LON2/DLON/H
  123  128  130  134  136  140  139  138  134  130  124  119  115  112  111  112
  115  119  124  130  137  143  148  153  157  160  163  165  167  168  168  169
  169  168  167  166  165  164  163  162  162  163  163  165  166  166  167  167
  167  167  166  165  163  162  160  157  155  153  150  147  144  141  138  135
  131  128  125  122  122  120  123  118  123                                   
    67.5-180.0 180.0   5.0 450.0                            LAT/LON1/LON2/DLON/H
  125  130  132  137  140  144  144  143  140  136  131  126  122  120  119  121
  124  128  134  140  146  151  156  160  163  165  167  168  169  169  170  170
  169  169  168  166  165  164  163  163  163  163  164  165  167  167  168  167
  167  166  165  164  163  162  161  159  158  157  155  154  152  149  147  145
  141  138  134  130  127  124  125  121  125                                   
    65.0-180.0 180.0   5.0 450.0                            LAT/LON1/LON2/DLON/H
  125  130  131  136  139  144  144  144  142  140  136  132  130  128  128  130
  134  138  143  148  153  157  161  164  166  168  168  169  169  169  169  169
  169  168  167  166  165  164  163  163  163  164  165  166  167  167  167  166
  165  164  163  162  162  161  160  160  160  160  160  160  159  159  157  156
  153  150  145  140  137  133  134  129  125                                   
    62.5-180.0 180.0   5.0 450.0                            LAT/LON1/LON2/DLON/H
  124  129  129  133  136  141  142  143  143  142  140  138  137  137  138  140
  144  148  152  156  159  162  165  167  168  169  170  170  170  170  170  170
  169  169  168  167  166  166  165  165  165  166  168  169  169  169  168  167
  165  164  163  162  162  162  162  163  163  164  166  167  168  169  168  168
  165  162  157  151  146  140  140  135  124                                   
    60.0-180.0 180.0   5.0 450.0                            LAT/LON1/LON2/DLON/H
  122  126  124  128  130  135  136  138  139  139  139  139  140  142  144  148
  151  154  157  160  162  164  165  167  168  169  170  170  171  171  171  171
  171  171  171  170  170  169  169  169  170  171  172  173  173  173  171  169
  167  166  165  165  166  166  167  168  169  170  172  174  176  178  178  178
  175  172  167  160  153  146  146  140  122                                   
    57.5-180.0 180.0   5.0 450.0                            LAT/LON1/LON2/DLON/H
  120  121  118  121  122  128  128  130  132  133  135  137  140  143  147  151
  155  157  159  160  161  162  164  166  168  170  171  172  173  174  174  175
  175  176  176  176  176  176  177  177  178  179  181  181  181  180  178  176
  174  173  173  173  174  175  176  177  178  179  181  183  185  186  187  186
  184  181  175  167  159  150  149  144  120                                   
    55.0-180.0 180.0   5.0 450.0                            LAT/LON1/LON2/DLON/H
  118  117  113  114  114  119  120  121  123  125  127  131  136  141  146  151
  155  157  158  158  159  159  161  164  168  171  173  175  177  178  179  180
  181  182  183  184  185  186  187  187  188  190  191  191  191  190  187  185
  183  183  184  185  187  188  188  188  188  189  190  191  193  193  193  192
  189  185  179  171  162  152  150  145  118                                   
    52.5-180.0 180.0   5.0 450.0                            LAT/LON1/LON2/DLON/H
  117  114  109  109  108  113  113  114  115  117  120  124  129  136  142  148
  152  155  155  155  155  156  159  163  168  173  177  180  181  183  185  187
  188  190  192  194  196  197  198  199  200  201  202  203  202  201  199  197
  195  196  197  199  201  202  202  201  200  199  199  200  200  199  198  196
  192  188  182  173  164  153  151  145  117                                   
    50.0-180.0 180.0   5.0 450.0                            LAT/LON1/LON2/DLON/H
  119  114  108  107  105  109  109  109  110  112  114  119  124  131  138  145
  150  153  154  154  154  156  159  165  172  177  182  185  188  190  192  194
  197  200  203  206  208  210  212  212  213  213  214  214  214  213  211  210
  209  210  211  214  216  216  215  214  212  210  209  208  207  205  202  199
  195  190  184  175  166  155  151  146  119                                   
    47.5-180.0 180.0   5.0 450.0                            LAT/LON1/LON2/DLON/H
  124  117  110  109  105  109  109  109  109  111  113  117  123  130  137  144
  149  153  154  155  156  158  163  170  178  185  190  193  196  198  201  204
  208  212  216  220  223  226  227  227  227  226  226  227  227  226  225  224
  223  224  225  227  229  229  227  225  222  220  218  217  215  212  208  203
  198  193  187  178  168  158  154  148  124                                   
    45.0-180.0 180.0   5.0 450.0                            LAT/LON1/LON2/DLON/H
  130  123  116  114  110  113  112  112  113  115  117  120  126  132  139  146
  152  156  158  159  161  164  170  178  187  194  199  203  205  208  212  216
  221  226  232  237  242  245  246  245  243  241  240  240  240  240  239  238
  238  238  238  239  240  239  237  234  232  230  228  227  224  220  215  209
  203  198  191  183  173  163  158  153  130                                   
    42.5-180.0 180.0   5.0 450.0                            LAT/LON1/LON2/DLON/H
  139  132  124  121  116  118  118  118  120  122  124  128  132  138  145  151
  157  161  164  166  169  174  180  189  198  205  210  214  217  221  226  232
  238  245  252  259  265  268  269  267  263  260  257  256  256  256  255  254
  253  252  251  251  250  248  246  243  241  240  239  237  234  229  224  218
  211  205  198  190  180  170  165  159  139                                   
    40.0-180.0 180.0   5.0 450.0                            LAT/LON1/LON2/DLON/H
  148  142  133  129  124  124  124  124  127  130  133  137  141  147  152  158
  163  168  172  175  179  184  191  200  209  217  223  227  231  236  243  251
  260  269  279  287  294  298  298  294  288  282  278  276  275  275  274  273
  271  268  266  264  261  259  256  253  252  251  250  249  246  241  234  227
  219  213  206  198  188  179  173  167  148                                   
    37.5-180.0 180.0   5.0 450.0                            LAT/LON1/LON2/DLON/H
  157  153  143  138  131  130  129  129  132  136  140  145  150  155  160  165
  170  175  179  183  188  194  201  210  220  228  236  242  248  255  264  275
  286  298  310  320  329  333  332  326  318  309  303  299  297  297  296  294
  291  287  283  279  276  272  269  266  264  264  263  262  258  252  245  237
  228  221  214  206  196  188  183  175  157                                   
    35.0-180.0 180.0   5.0 450.0                            LAT/LON1/LON2/DLON/H
  167  164  153  146  137  135  132  132  135  139  145  150  156  161  166  170
  175  180  185  190  196  202  210  219  229  239  248  257  266  276  288  302
  316  331  345  358  367  371  370  362  351  340  331  326  323  322  322  319
  316  311  306  300  295  290  286  282  279  278  277  275  270  263  254  245
  236  228  220  213  204  196  192  184  167                                   
    32.5-180.0 180.0   5.0 450.0                            LAT/LON1/LON2/DLON/H
  178  175  163  156  145  140  135  133  135  139  145  152  158  164  169  173
  177  182  189  195  202  209  217  227  238  249  261  272  284  298  313  330
  347  364  381  396  406  410  407  398  386  372  362  354  351  350  349  347
  344  338  332  326  319  313  306  300  296  292  289  285  279  271  261  251
  241  233  224  216  209  203  200  192  178                                   
    30.0-180.0 180.0   5.0 450.0                            LAT/LON1/LON2/DLON/H
  188  186  174  166  154  147  139  134  134  136  142  149  157  164  170  174
  179  184  191  199  207  215  224  234  245  258  272  287  302  319  338  357
  376  396  415  430  441  444  441  430  416  402  390  382  379  378  377  376
  373  368  362  354  346  337  328  318  310  304  298  292  285  275  265  254
  243  234  225  217  211  207  205  198  188                                   
    27.5-180.0 180.0   5.0 450.0                            LAT/LON1/LON2/DLON/H
  198  197  185  178  165  157  147  138  134  134  138  146  154  163  170  175
  179  186  194  203  212  221  230  240  252  267  283  300  319  339  359  381
  402  423  442  458  467  470  465  454  440  425  414  407  403  403  404  404
  402  397  391  382  371  359  346  333  320  310  301  293  284  274  263  253
  241  232  222  214  210  207  208  201  198                                   
    25.0-180.0 180.0   5.0 450.0                            LAT/LON1/LON2/DLON/H
  204  205  195  190  179  169  157  145  137  134  136  143  152  162  170  176
  181  188  198  208  217  226  235  245  258  274  292  311  332  355  377  400
  421  442  460  474  482  482  476  466  453  441  431  425  424  425  427  428
  427  422  415  405  391  375  358  340  324  309  297  287  277  267  258  248
  237  227  217  209  205  205  206  202  204                                   
    22.5-180.0 180.0   5.0 450.0                            LAT/LON1/LON2/DLON/H
  206  210  202  200  191  182  169  155  144  138  137  143  152  162  171  179
  186  194  203  214  223  232  240  251  264  281  300  320  343  367  390  412
  433  452  468  479  484  482  476  467  457  448  442  439  439  441  444  446
  445  440  432  419  402  383  361  340  320  302  287  275  265  256  249  240
  230  221  211  203  199  199  202  198  206                                   
    20.0-180.0 180.0   5.0 450.0                            LAT/LON1/LON2/DLON/H
  202  208  204  205  200  192  181  165  153  145  142  146  154  165  175  184
  192  201  211  221  230  237  245  256  270  287  307  328  352  375  398  419
  437  453  465  473  476  473  468  462  456  451  448  448  450  453  457  458
  457  451  441  425  404  380  356  332  310  290  274  261  251  243  237  231
  223  215  204  196  191  191  194  191  202                                   
    17.5-180.0 180.0   5.0 450.0                            LAT/LON1/LON2/DLON/H
  191  200  199  202  201  196  187  173  161  152  148  151  159  170  181  190
  200  210  220  229  236  242  249  261  276  294  314  336  358  382  403  421
  436  448  457  462  463  460  457  454  453  453  453  455  459  462  465  466
  463  455  442  423  399  372  345  320  297  278  261  248  238  231  226  222
  215  208  198  188  182  181  183  180  191                                   
    15.0-180.0 180.0   5.0 450.0                            LAT/LON1/LON2/DLON/H
  175  187  188  191  193  190  185  174  165  157  154  156  164  175  186  197
  208  218  229  236  241  246  253  266  283  302  322  343  365  387  407  423
  435  443  449  452  451  449  449  451  454  458  461  464  468  471  472  471
  466  456  440  417  389  359  331  306  285  267  251  238  228  221  217  214
  208  201  191  182  174  172  172  168  175                                   
    12.5-180.0 180.0   5.0 450.0                            LAT/LON1/LON2/DLON/H
  157  170  170  173  176  174  174  167  161  156  155  158  166  178  190  203
  214  226  236  243  246  249  257  271  291  312  332  352  373  393  412  426
  437  443  447  447  446  446  448  454  461  468  472  475  477  479  478  474
  467  454  435  409  379  348  319  296  277  261  246  233  223  215  211  207
  201  195  186  177  168  164  163  157  157                                   
    10.0-180.0 180.0   5.0 450.0                            LAT/LON1/LON2/DLON/H
  142  153  151  151  152  151  153  150  149  148  149  155  164  177  191  205
  218  231  242  248  251  254  262  278  299  321  342  361  381  401  419  433
  443  449  452  451  450  451  457  466  475  482  486  487  487  486  482  476
  465  450  429  402  371  340  312  290  274  260  247  234  222  213  207  202
  195  190  181  174  164  159  156  148  142                                   
     7.5-180.0 180.0   5.0 450.0                            LAT/LON1/LON2/DLON/H
  132  139  134  130  128  125  129  128  130  133  137  145  156  171  187  203
  219  234  246  253  256  259  268  286  308  331  352  370  389  409  427  443
