data/edconvlstm_nd/pred1380.15i
     1.0            IONOSPHERE MAPS     GNSS                IONEX VERSION / TYPE
pyspatialgeodesy        IME             05-JAN-18 20:20     PGM / RUN BY / DATE 
Map Name                                                    COMMENT             
Predicted global ionosphere maps (GIM).                     DESCRIPTION         
  2015     5    18     0     0     0                        EPOCH OF FIRST MAP  
  2015     5    19     0     0     0                        EPOCH OF LAST MAP   
  7200                                                      INTERVAL            
    13                                                      # OF MAPS IN FILE   
  NONE                                                      MAPPING FUNCTION    
10.0                                                        ELEVATION CUTOFF    
One-way carrier phase leveled to code                       OBSERVABLES USED    
  6371.0                                                    BASE RADIUS         
 2                                                          MAP DIMENSION       
   450.0 450.0   0.0                                        HGT1 / HGT2 / DHGT  
    87.5 -87.5  -2.5                                        LAT1 / LAT2 / DLAT  
  -180.0 180.0   5.0                                        LON1 / LON2 / DLON  
    -1                                                      EXPONENT            
                                                            END OF HEADER       
[from data line 5148]
    13                                                      START OF TEC MAP    
  2015     5    19     0     0     0                        EPOCH OF CURRENT MAP
    87.5-180.0 180.0   5.0 450.0                            LAT/LON1/LON2/DLON/H
  189  193  202  192  192  192  189  189  189  188  187  187  187  186  186  185
  185  185  184  184  184  184  183  183  183  183  182  182  182  181  181  181
  180  180  179  179  178  178  177  177  177  176  176  176  175  175  175  175
  175  176  176  176  177  177  177  178  179  179  180  180  181  181  182  183
  183  185  188  189  190  187  188  213  189                                   
    85.0-180.0 180.0   5.0 450.0                            LAT/LON1/LON2/DLON/H
  205  197  196  193  199  199  197  196  197  196  195  195  194  194  193  193
  192  192  191  191  191  190  190  190  189  189  189  188  188  188  187  187
  186  186  185  185  184  184  183  182  182  181  180  180  179  179  178  178
  178  178  178  179  179  180  180  181  182  182  183  184  185  185  186  187
  188  190  193  197  192  195  199  214  205                                   
    82.5-180.0 180.0   5.0 450.0                            LAT/LON1/LON2/DLON/H
  201  195  198  195  200  200  198  199  200  199  199  199  199  198  198  197
  197  197  196  196  195  195  194  193  192  192  191  190  189  188  187  186
  185  185  184  183  183  182  182  181  180  179  178  177  176  176  175  175
  175  175  176  176  177  178  179  180  181  182  183  184  185  186  187  188
  189  191  193  194  194  185  192  199  201                                   
    80.0-180.0 180.0   5.0 450.0                            LAT/LON1/LON2/DLON/H
  198  198  195  191  194  197  200  202  203  203  203  203  203  203  202  201
  201  200  199  199  198  197  196  195  194  192  191  190  189  188  187  186
  186  186  186  186  186  186  186  185  184  183  182  181  180  180  179  179
  179  179  180  181  182  183  184  185  186  187  188  190  191  191  192  194
  194  194  195  194  198  190  200  209  198                                   
    77.5-180.0 180.0   5.0 450.0                            LAT/LON1/LON2/DLON/H
  204  198  196  193  193  196  202  205  207  207  207  208  208  207  206  205
  203  202  201  199  198  197  196  194  192  191  189  188  186  186  185  185
  186  187  188  190  191  192  192  192  192  191  190  189  188  187  187  187
  187  188  189  191  192  194  195  196  197  198  199  200  201  201  202  202
  202  202  201  197  202  200  203  219  204                                   
    75.0-180.0 180.0   5.0 450.0                            LAT/LON1/LON2/DLON/H
  212  202  199  196  196  199  204  207  210  210  211  211  210  209  206  204
  201  199  197  195  194  193  191  190  188  187  185  184  183  183  183  184
  186  189  192  194  197  199  200  200  199  198  197  196  195  194  194  195
  196  198  200  202  204  205  207  208  209  209  210  210  211  211  211  211
  210  210  208  200  203  205  207  227  212                                   
    72.5-180.0 180.0   5.0 450.0                            LAT/LON1/LON2/DLON/H
  210  207  205  199  198  202  207  210  214  214  215  215  213  210  206  202
  198  194  191  189  187  186  185  184  183  181  180  179  178  179  180  182
  185  189  193  197  200  202  203  203  202  201  199  197  196  196  196  198
  200  203  206  209  212  214  215  216  217  217  217  217  217  217  217  217
  216  216  215  208  209  207  212  236  210                                   
    70.0-180.0 180.0   5.0 450.0                            LAT/LON1/LON2/DLON/H
  215  211  209  205  203  206  211  215  219  220  221  221  218  213  208  202
  195  190  186  184  182  181  181  180  179  178  177  176  176  177  179  182
  186  190  194  197  200  202  203  202  200  197  195  193  192  192  194  197
  201  206  211  215  218  221  222  223  223  223  223  223  222  222  221  222
  221  220  220  215  218  217  220  243  215                                   
    67.5-180.0 180.0   5.0 450.0                            LAT/LON1/LON2/DLON/H
  222  221  217  212  209  211  216  220  225  227  228  228  226  220  213  205
  197  191  186  182  181  180  180  180  180  179  178  178  178  179  181  184
  187  190  194  196  198  198  197  195  192  189  186  184  183  184  188  192
  198  205  211  217  221  224  226  227  227  227  227  227  226  226  225  225
  225  225  224  220  225  224  228  252  222                                   
    65.0-180.0 180.0   5.0 450.0                            LAT/LON1/LON2/DLON/H
  230  229  226  219  215  216  220  225  230  233  236  237  235  230  222  213
  204  196  191  187  185  185  185  186  186  185  185  185  185  186  188  189
  191  193  194  194  193  192  189  185  181  177  173  171  171  173  177  184
  191  200  207  214  220  224  226  228  230  230  231  231  231  230  229  229
  228  228  228  226  232  232  239  261  230                                   
    62.5-180.0 180.0   5.0 450.0                            LAT/LON1/LON2/DLON/H
  240  239  236  229  223  222  225  229  235  239  244  246  245  241  234  225
  216  208  202  198  196  196  196  197  197  197  197  197  198  199  199  199
  199  198  195  192  189  185  180  175  170  165  161  159  159  162  167  175
  184  193  202  210  217  222  227  230  233  236  238  239  239  238  237  236
  235  235  235  234  240  241  249  270  240                                   
    60.0-180.0 180.0   5.0 450.0                            LAT/LON1/LON2/DLON/H
  249  251  248  239  231  228  230  233  239  243  249  253  254  252  246  239
  231  223  217  213  211  211  212  212  213  213  214  214  215  215  214  212
  209  204  198  192  186  180  173  167  162  156  152  150  150  153  158  166
  176  186  196  205  213  221  228  234  240  245  248  251  251  251  249  247
  245  244  243  242  247  249  258  278  249                                   
    57.5-180.0 180.0   5.0 450.0                            LAT/LON1/LON2/DLON/H
  260  263  261  251  242  237  237  238  243  246  252  256  259  259  257  252
  246  239  234  230  229  229  229  230  231  232  232  233  233  233  230  226
  219  211  202  193  184  177  170  164  157  152  147  145  144  147  152  160
  169  179  189  200  210  220  230  240  249  257  263  267  268  267  265  262
  259  255  253  251  256  257  267  286  260                                   
    55.0-180.0 180.0   5.0 450.0                            LAT/LON1/LON2/DLON/H
  272  278  276  266  256  250  248  247  250  251  255  258  261  263  263  261
  257  253  250  247  246  246  247  248  249  250  250  251  251  250  246  239
  229  218  206  195  186  178  172  165  159  153  148  144  144  145  150  156
  164  174  185  196  208  221  235  249  261  272  280  285  287  285  282  279
  274  269  266  262  265  265  275  293  272                                   
    52.5-180.0 180.0   5.0 450.0                            LAT/LON1/LON2/DLON/H
  284  293  292  284  274  269  266  263  262  260  260  261  263  264  265  266
  265  263  262  261  261  263  264  265  265  266  266  266  266  263  258  249
  237  223  211  199  191  184  177  171  165  159  153  149  147  148  151  156
  163  172  182  194  208  223  240  258  274  288  297  303  304  302  299  294
  289  284  279  274  276  275  284  302  284                                   
    50.0-180.0 180.0   5.0 450.0                            LAT/LON1/LON2/DLON/H
  298  309  310  304  297  294  291  286  283  276  271  267  265  265  266  267
  268  269  270  272  274  277  279  280  279  279  279  278  276  273  266  255
  242  228  215  205  197  192  187  182  175  169  162  157  155  155  156  160
  166  173  182  194  209  226  246  267  285  301  311  316  316  314  311  307
  303  299  294  288  290  288  295  312  298                                   
    47.5-180.0 180.0   5.0 450.0                            LAT/LON1/LON2/DLON/H
  313  325  328  325  322  322  321  316  310  300  289  280  272  268  267  267
  269  272  276  280  285  289  292  293  292  290  288  286  283  278  269  257
  244  230  219  211  206  203  200  195  189  181  174  169  166  165  165  168
  171  177  184  196  211  230  251  273  293  309  319  323  323  320  317  315
  314  311  308  303  305  302  308  324  313                                   
    45.0-180.0 180.0   5.0 450.0                            LAT/LON1/LON2/DLON/H
  327  339  344  346  346  350  352  349  342  329  314  299  286  276  271  270
  271  275  281  288  295  301  305  305  303  300  296  292  287  280  270  258
  244  232  223  218  216  215  214  210  203  196  188  182  179  177  177  178
  180  183  189  199  214  233  256  278  298  313  322  325  323  320  318  319
  321  323  323  320  323  319  324  338  327                                   
    42.5-180.0 180.0   5.0 450.0                            LAT/LON1/LON2/DLON/H
  343  354  359  363  367  375  379  379  374  360  343  324  306  291  282  277
  277  282  289  298  308  315  318  318  315  310  304  299  291  282  271  258
  246  236  229  227  227  228  228  225  219  211  204  198  194  192  192  191
  191  192  196  204  219  237  259  281  300  314  321  322  320  318  318  322
  328  335  339  338  342  338  343  356  343                                   
    40.0-180.0 180.0   5.0 450.0                            LAT/LON1/LON2/DLON/H
  361  370  375  379  385  393  399  402  400  389  372  352  331  313  299  291
  290  294  302  313  323  331  334  333  329  323  316  308  298  287  274  262
  250  242  237  237  239  241  242  240  234  227  220  214  211  209  207  204
  202  201  203  210  223  241  262  283  300  312  318  318  317  316  319  326
  337  349  357  359  365  362  367  377  361                                   
    37.5-180.0 180.0   5.0 450.0                            LAT/LON1/LON2/DLON/H
  385  392  395  396  402  409  414  418  418  412  399  381  360  340  323  313
  309  312  320  331  342  350  352  351  346  339  331  321  309  296  282  269
  259  252  248  248  250  254  255  254  250  243  237  232  228  225  221  217
  213  210  210  215  227  244  264  283  299  309  315  316  316  317  324  336
  351  367  379  383  392  389  394  404  385                                   
    35.0-180.0 180.0   5.0 450.0                            LAT/LON1/LON2/DLON/H
  417  422  424  420  423  427  428  431  434  431  423  409  391  370  352  340
  334  335  342  353  363  370  372  370  366  360  351  340  326  310  294  281
  272  264  260  259  260  263  266  266  264  259  254  249  244  240  234  228
  222  216  214  218  228  245  264  282  297  307  313  316  319  325  336  352
  371  390  405  411  422  421  425  436  417                                   
    32.5-180.0 180.0   5.0 450.0                            LAT/LON1/LON2/DLON/H
  458  463  463  456  455  455  452  452  454  453  449  439  423  404  385  371
  362  361  366  374  383  389  391  390  387  382  374  362  345  327  310  297
  286  278  271  267  267  269  273  275  275  273  269  264  258  251  244  236
  227  220  216  218  227  242  261  279  294  305  313  320  328  339  355  375
  397  419  434  441  456  456  460  471  458                                   
    30.0-180.0 180.0   5.0 450.0                            LAT/LON1/LON2/DLON/H
  507  512  513  505  503  500  493  489  487  486  482  473  459  441  421  404
  392  387  388  393  400  405  408  409  408  405  397  384  365  345  327  312
  299  288  278  271  268  270  274  279  282  282  280  276  268  259  248  238
  228  220  214  215  223  238  258  277  293  307  319  331  345  362  382  404
  428  450  465  472  491  492  496  509  507                                   
    27.5-180.0 180.0   5.0 450.0                            LAT/LON1/LON2/DLON/H
  560  565  570  565  564  563  554  546  539  534  527  517  502  482  460  439
  422  411  407  409  413  418  422  425  426  424  417  402  382  360  339  322
  307  292  278  267  262  264  270  276  282  286  286  281  272  260  248  236
  225  216  210  210  218  235  256  277  297  314  331  349  369  392  414  437
  460  480  493  500  523  525  530  547  560                                   
    25.0-180.0 180.0   5.0 450.0                            LAT/LON1/LON2/DLON/H
  614  616  624  628  631  636  630  620  609  598  586  571  552  529  503  476
  452  435  424  421  423  427  432  436  439  438  430  414  391  366  343  323
  305  286  269  256  250  252  259  268  277  283  285  281  271  257  242  229
  218  210  204  205  214  232  255  280  302  323  345  369  395  422  447  470
  491  507  516  523  550  550  559  581  614                                   
    22.5-180.0 180.0   5.0 450.0                            LAT/LON1/LON2/DLON/H
  661  658  669  684  694  707  708  701  689  674  655  634  610  582  551  518
  486  460  442  434  433  435  439  443  445  443  433  414  389  361  335  312
  290  270  251  238  233  236  244  255  265  274  277  274  264  248  232  219
  209  201  196  198  209  229  255  283  308  333  358  386  416  446  473  496
  515  529  535  541  567  566  580  607  661                                   
    20.0-180.0 180.0   5.0 450.0                            LAT/LON1/LON2/DLON/H
  692  685  699  724  743  766  777  777  767  751  728  702  673  641  604  564
  524  490  465  450  444  444  445  446  445  439  424  401  371  341  313  288
  266  246  228  217  215  220  229  241  252  261  266  263  253  237  220  207
  197  190  187  190  202  225  254  285  314  341  369  399  431  463  490  513
  532  543  548  555  577  574  592  623  692                                   
    17.5-180.0 180.0   5.0 450.0                            LAT/LON1/LON2/DLON/H
  702  691  709  742  769  802  823  832  829  815  792  764  734  699  659  614
  568  526  494  473  462  456  451  447  439  425  402  373  339  307  280  258
  238  221  207  200  201  208  218  229  239  248  252  250  240  224  207  194
  185  179  176  180  195  220  252  287  319  348  378  410  442  474  501  523
  542  553  558  565  582  577  598  631  702                                   
    15.0-180.0 180.0   5.0 450.0                            LAT/LON1/LON2/DLON/H
  693  679  699  735  767  805  835  854  860  852  834  809  782  749  710  664
  615  568  531  504  486  473  460  445  425  399  367  332  298  269  246  229
  214  202  194  192  196  204  213  222  229  236  240  237  227  211  195  181
  172  166  164  168  184  211  247  284  320  352  384  417  450  481  508  531
  549  560  567  574  586  582  603  634  693                                   
    12.5-180.0 180.0   5.0 450.0                            LAT/LON1/LON2/DLON/H
  676  660  677  710  738  776  809  835  850  852  842  826  806  781  748  706
  658  612  571  540  516  493  468  439  403  364  323  286  255  234  219  209
  200  194  191  193  200  208  215  220  224  227  229  226  216  200  184  170
  159  152  149  154  169  198  235  275  314  349  383  418  452  485  513  537
  556  569  578  586  595  592  612  640  676                                   
    10.0-180.0 180.0   5.0 450.0                            LAT/LON1/LON2/DLON/H
  665  646  655  676  694  723  752  780  802  813  813  808  800  787  765  732
  691  649  610  576  546  512  472  424  373  322  277  242  220  209  204  202
  200  198  199  203  211  217  221  223  222  221  220  215  205  191  174  159
  147  137  133  136  151  178  215  257  297  336  373  411  449  484  515  541
  563  579  591  601  609  609  628  653  665                                   
     7.5-180.0 180.0   5.0 450.0                            LAT/LON1/LON2/DLON/H
  667  646  644  648  648  661  679  703  726  743  753  760  765  764  755  734
  704  670  637  603  566  520  464  400  336  278  234  208  198  199  204  208
