data/edconvlstm_nd/pred3030.15i
     1.0            IONOSPHERE MAPS     GNSS                IONEX VERSION / TYPE
pyspatialgeodesy        IME             05-JAN-18 20:20     PGM / RUN BY / DATE 
Map Name                                                    COMMENT             
Predicted global ionosphere maps (GIM).                     DESCRIPTION         
  2015    10    30     0     0     0                        EPOCH OF FIRST MAP  
  2015    10    31     0     0     0                        EPOCH OF LAST MAP   
  7200                                                      INTERVAL            
    13                                                      # OF MAPS IN FILE   
  NONE                                                      MAPPING FUNCTION    
10.0                                                        ELEVATION CUTOFF    
One-way carrier phase leveled to code                       OBSERVABLES USED    
  6371.0                                                    BASE RADIUS         
 2                                                          MAP DIMENSION       
   450.0 450.0   0.0                                        HGT1 / HGT2 / DHGT  
    87.5 -87.5  -2.5                                        LAT1 / LAT2 / DLAT  
  -180.0 180.0   5.0                                        LON1 / LON2 / DLON  
    -1                                                      EXPONENT            
                                                            END OF HEADER       
[from data line 2145]
     6                                                      START OF TEC MAP    
  2015    10    30    10     0     0                        EPOCH OF CURRENT MAP
    87.5-180.0 180.0   5.0 450.0                            LAT/LON1/LON2/DLON/H
   67   73   73   80   83   84   85   84   86   89   91   92   93   95   96   96
   97   97   97   97   97   97   96   96   96   95   94   94   93   92   91   90
   88   87   85   84   82   80   78   77   75   73   72   70   69   67   66   64
   63   62   60   59   58   57   56   55   54   54   53   53   53   53   53   54
   56   58   58   58   65   69   83   83   67                                   
    85.0-180.0 180.0   5.0 450.0                            LAT/LON1/LON2/DLON/H
   59   76   82   79   81   86   88   91   93   96   98  100  101  103  104  105
  105  106  106  106  106  106  106  105  105  105  104  104  103  103  102  101
  100   98   97   95   93   92   90   88   86   84   82   80   78   76   74   71
   69   67   65   63   61   59   58   56   55   55   54   54   54   54   55   56
   58   59   57   58   63   68   78   80   59                                   
    82.5-180.0 180.0   5.0 450.0                            LAT/LON1/LON2/DLON/H
   46   60   72   70   71   74   79   81   85   88   91   94   95   97   98   99
  100  100  101  101  101  101  101  100  100  101  101  101  101  101  101  101
  101  100   99   98   97   96   94   93   91   90   88   86   84   82   79   76
   73   70   67   64   61   58   55   52   50   48   46   45   44   44   44   44
   46   47   46   47   56   63   64   66   46                                   
    80.0-180.0 180.0   5.0 450.0                            LAT/LON1/LON2/DLON/H
   43   52   62   61   65   66   72   74   79   82   85   88   90   91   93   94
   94   94   94   94   94   93   93   93   93   94   94   95   97   98   99  101
  102  102  103  103  104  104  104  103  103  102  101  100   99   97   95   92
   88   85   80   76   71   66   61   57   52   49   45   43   41   39   38   38
   38   38   39   40   48   55   60   62   43                                   
    77.5-180.0 180.0   5.0 450.0                            LAT/LON1/LON2/DLON/H
   47   51   57   57   59   63   68   72   76   79   82   85   87   89   90   91
   91   91   90   90   89   88   87   86   86   87   89   91   93   96   99  103
  106  108  111  113  115  117  118  120  121  122  123  124  124  124  122  120
  117  113  108  102   96   89   82   75   69   63   58   53   49   46   43   42
   40   39   38   39   43   44   51   56   47                                   
    75.0-180.0 180.0   5.0 450.0                            LAT/LON1/LON2/DLON/H
   41   48   50   53   55   60   64   66   69   72   74   77   79   81   82   82
   83   82   82   80   79   77   76   76   76   77   79   82   86   91   96  102
  107  112  117  122  126  130  134  138  141  145  149  152  154  156  156  155
  152  148  142  134  126  117  108   99   91   83   76   69   64   59   55   52
   48   45   43   41   45   43   47   46   41                                   
    72.5-180.0 180.0   5.0 450.0                            LAT/LON1/LON2/DLON/H
   42   47   48   50   51   57   61   63   65   67   69   72   74   76   77   78
   79   78   77   76   74   72   70   68   68   69   72   76   81   88   95  102
  110  117  124  130  136  142  148  154  160  167  173  178  183  186  188  188
  186  181  175  166  156  145  134  123  112  103   94   87   80   75   69   65
   60   55   53   48   49   46   49   51   42                                   
    70.0-180.0 180.0   5.0 450.0                            LAT/LON1/LON2/DLON/H
   44   47   49   50   51   55   56   58   60   62   64   66   68   70   72   74
   74   74   74   72   69   66   64   62   61   62   65   70   76   84   93  102
  111  120  128  136  144  152  159  167  176  184  192  200  206  211  214  214
  211  206  198  188  176  163  149  136  124  113  104   96   90   84   78   74
   68   63   60   53   52   48   53   54   44                                   
    67.5-180.0 180.0   5.0 450.0                            LAT/LON1/LON2/DLON/H
   43   46   48   50   51   55   57   58   60   61   62   65   67   70   72   74
   75   76   75   72   69   66   62   60   58   59   62   67   74   82   92  102
  112  122  131  140  149  157  166  175  184  193  203  211  218  224  226  226
  223  217  208  196  182  168  153  138  125  114  105   97   91   86   81   77
   72   67   64   56   54   49   51   53   43                                   
    65.0-180.0 180.0   5.0 450.0                            LAT/LON1/LON2/DLON/H
   42   46   47   49   50   54   55   57   58   59   61   63   66   69   72   74
   76   76   75   73   69   65   61   58   57   58   61   67   74   83   93  104
  115  126  136  145  155  164  173  183  192  202  212  220  227  231  233  232
  228  220  210  197  182  165  149  134  120  108   99   92   86   81   77   74
   70   65   63   56   55   50   51   53   42                                   
    62.5-180.0 180.0   5.0 450.0                            LAT/LON1/LON2/DLON/H
   41   44   44   47   48   52   53   54   56   57   59   62   64   68   71   73
   75   75   74   71   67   63   59   57   56   57   61   67   75   84   95  106
  117  129  139  150  159  169  179  188  198  207  216  223  229  232  232  230
  224  216  204  191  175  158  141  126  111  100   90   83   77   72   68   65
   61   58   56   51   51   47   48   51   41                                   
    60.0-180.0 180.0   5.0 450.0                            LAT/LON1/LON2/DLON/H
   40   42   42   45   45   47   48   50   51   53   55   58   61   64   66   69
   70   70   68   65   61   57   54   52   52   55   59   66   74   84   95  107
  119  131  143  153  164  174  183  192  201  209  217  222  226  227  226  222
  216  207  196  183  168  152  136  120  106   94   84   76   70   64   60   56
   52   49   49   45   47   43   44   47   40                                   
    57.5-180.0 180.0   5.0 450.0                            LAT/LON1/LON2/DLON/H
   43   43   42   44   43   45   45   46   48   49   51   54   57   59   61   63
   63   62   60   57   53   50   48   48   50   53   59   67   76   86   98  110
  123  136  149  160  171  181  191  200  208  215  221  225  226  225  223  218
  212  204  195  183  170  155  140  125  112  100   89   80   73   66   60   55
   50   47   47   44   47   43   44   47   43                                   
    55.0-180.0 180.0   5.0 450.0                            LAT/LON1/LON2/DLON/H
   49   48   46   47   45   45   45   44   45   47   48   51   52   54   56   56
   56   54   52   48   45   44   43   44   48   53   60   69   79   90  102  115
  129  143  157  170  181  192  201  210  217  223  227  229  229  227  223  218
  213  207  200  191  180  168  154  140  127  115  105   95   86   77   69   63
   57   52   52   50   52   49   50   52   49                                   
    52.5-180.0 180.0   5.0 450.0                            LAT/LON1/LON2/DLON/H
   61   59   56   55   51   51   48   47   47   47   48   49   50   51   52   51
   50   48   45   42   40   40   41   44   49   56   64   73   83   95  108  122
  137  153  168  182  194  205  215  223  230  235  237  238  235  232  228  224
  220  216  211  205  196  186  173  161  149  137  127  117  107   97   87   79
   71   66   65   63   65   62   63   63   61                                   
    50.0-180.0 180.0   5.0 450.0                            LAT/LON1/LON2/DLON/H
   77   74   71   69   64   63   59   55   53   52   51   51   51   51   50   49
   48   45   42   40   40   40   43   48   54   61   69   79   89  101  115  130
  147  164  180  195  209  220  231  239  245  249  250  248  245  240  236  233
  230  228  225  221  214  204  193  181  169  158  149  139  130  119  109  100
   91   85   83   81   82   81   82   80   77                                   
    47.5-180.0 180.0   5.0 450.0                            LAT/LON1/LON2/DLON/H
   93   92   89   87   81   79   74   68   65   62   60   58   56   55   53   52
   49   47   45   44   44   46   50   56   62   69   77   86   96  108  122  138
  156  174  192  208  223  236  247  255  260  263  262  259  254  249  245  242
  240  239  237  233  226  217  205  193  182  172  163  155  147  137  127  118
  109  103  101   98  100  101  103   99   93                                   
    45.0-180.0 180.0   5.0 450.0                            LAT/LON1/LON2/DLON/H
  104  106  105  104   99   98   91   85   80   76   72   69   65   63   60   58
   56   53   52   52   54   57   61   67   72   79   85   93  102  113  128  144
  163  183  202  220  236  250  261  270  274  275  273  268  262  257  252  249
  248  246  244  239  231  220  207  195  183  174  167  160  153  146  137  128
  120  115  112  110  114  117  119  115  104                                   
    42.5-180.0 180.0   5.0 450.0                            LAT/LON1/LON2/DLON/H
  108  113  113  115  113  112  107  101   95   91   86   82   78   74   71   68
   65   64   63   64   66   70   74   78   83   88   93   99  107  118  132  149
  168  189  210  229  247  262  274  282  286  285  281  275  269  263  258  254
  251  249  245  238  229  216  202  189  177  168  161  155  150  143  136  128
  121  116  113  113  117  122  124  122  108                                   
    40.0-180.0 180.0   5.0 450.0                            LAT/LON1/LON2/DLON/H
  101  109  111  117  118  119  115  111  107  103   98   95   90   87   83   80
   77   76   76   77   80   82   85   88   91   94   99  104  111  121  135  152
  172  193  215  237  256  273  286  294  296  294  289  282  275  269  263  259
  255  251  245  238  227  214  200  185  172  162  154  147  141  135  127  120
  113  107  105  105  109  114  117  116  101                                   
    37.5-180.0 180.0   5.0 450.0                            LAT/LON1/LON2/DLON/H
   87   96  100  107  111  115  114  114  112  110  107  105  101   98   94   91
   88   87   87   88   90   92   93   94   95   98  103  108  115  125  138  155
  175  197  221  244  265  284  297  305  307  304  298  291  285  279  274  269
  264  259  254  247  238  225  211  196  181  168  156  146  137  128  119  111
  102   95   92   90   93   96   99  100   87                                   
    35.0-180.0 180.0   5.0 450.0                            LAT/LON1/LON2/DLON/H
   70   79   82   91   96  101  104  107  108  110  110  110  109  107  104  100
   97   95   95   96   97   96   96   95   96  100  105  112  120  130  143  160
  180  203  228  253  277  296  311  319  321  318  312  307  302  298  294  290
  285  281  277  273  268  259  247  232  215  197  180  164  149  135  122  111
   99   88   82   77   77   77   80   82   70                                   
    32.5-180.0 180.0   5.0 450.0                            LAT/LON1/LON2/DLON/H
   57   64   66   73   77   82   87   93   98  103  107  110  112  112  110  106
  103  101  100  100   99   97   95   93   95  100  108  117  126  137  151  168
  189  213  240  267  292  313  328  337  340  338  334  330  328  327  325  323
  319  318  318  319  319  316  307  293  275  253  229  206  184  163  145  129
  112   97   86   76   71   65   67   69   57                                   
    30.0-180.0 180.0   5.0 450.0                            LAT/LON1/LON2/DLON/H
   53   57   55   60   62   66   71   77   84   91   99  106  111  113  112  109
  106  104  102  101   99   95   91   90   93  101  112  124  135  148  162  180
  202  228  256  285  311  333  349  359  363  364  363  363  365  367  368  367
  367  368  374  382  389  392  388  376  357  331  301  270  240  214  191  170
  149  128  111   92   82   68   68   67   53                                   
    27.5-180.0 180.0   5.0 450.0                            LAT/LON1/LON2/DLON/H
   60   60   54   55   54   55   59   64   71   80   89   98  106  110  111  109
  106  104  102  100   97   91   87   87   93  103  117  132  146  160  176  196
  220  247  277  307  334  357  373  384  390  394  397  402  409  416  420  422
  424  430  442  457  472  481  482  472  451  421  385  348  313  282  255  231
  206  181  158  130  113   90   87   79   60                                   
    25.0-180.0 180.0   5.0 450.0                            LAT/LON1/LON2/DLON/H
   81   76   64   60   57   54   56   58   64   71   80   90   99  105  107  107
  104  102  100   98   93   88   85   86   93  106  123  140  157  174  193  215
  241  271  302  332  359  381  397  409  417  425  434  445  457  468  476  481
  486  497  514  536  556  570  574  565  543  510  470  427  388  354  326  301
  275  248  220  186  162  131  121  106   81                                   
    22.5-180.0 180.0   5.0 450.0                            LAT/LON1/LON2/DLON/H
  114  104   86   76   69   63   61   60   63   68   75   83   92   98  102  102
  100   99   97   95   90   86   83   86   95  110  128  147  167  187  210  236
  264  296  327  356  381  401  417  430  441  453  467  484  501  516  527  534
  542  555  576  601  624  639  643  634  611  576  534  490  450  417  389  366
  342  317  286  251  222  184  167  147  114                                   
    20.0-180.0 180.0   5.0 450.0                            LAT/LON1/LON2/DLON/H
  155  142  119  101   89   80   75   71   70   72   75   81   87   93   95   96
   95   94   93   91   88   84   83   87   98  114  134  155  177  201  227  256
  286  318  348  375  398  416  431  445  459  475  493  514  535  552  564  572
  580  593  613  635  656  668  670  659  636  602  563  522  486  455  431  411
  393  373  344  311  279  240  217  196  155                                   
    17.5-180.0 180.0   5.0 450.0                            LAT/LON1/LON2/DLON/H
  197  182  157  134  116  102   95   88   83   81   81   83   86   89   90   90
   90   89   88   87   84   82   83   89  101  119  139  161  186  213  242  273
  304  334  362  387  408  425  440  455  471  490  511  533  554  571  581  587
  593  602  617  634  647  653  650  638  616  587  554  520  489  463  443  429
  416  404  381  355  323  288  263  243  197                                   
    15.0-180.0 180.0   5.0 450.0                            LAT/LON1/LON2/DLON/H
  230  217  194  167  145  127  117  107   99   94   90   88   88   87   87   86
   85   85   84   83   81   80   83   92  106  124  145  168  194  223  254  285
  316  344  370  393  412  429  445  462  479  499  520  541  559  573  581  583
  584  588  596  603  608  606  599  585  566  543  517  492  467  446  429  418
  411  406  391  374  348  319  296  278  230                                   
    12.5-180.0 180.0   5.0 450.0                            LAT/LON1/LON2/DLON/H
  248  239  220  194  170  149  137  126  116  108  101   95   91   88   85   83
   82   81   80   79   78   79   84   95  111  130  152  176  202  232  263  294
  324  351  374  395  414  431  448  466  484  503  523  541  556  565  569  567
  565  563  564  563  558  550  538  524  507  490  472  453  434  415  399  388
  383  383  377  368  350  329  310  295  248                                   
    10.0-180.0 180.0   5.0 450.0                            LAT/LON1/LON2/DLON/H
  254  248  235  209  187  166  154  142  130  120  111  103   95   90   85   82
   80   79   77   76   75   78   86   99  117  138  161  185  212  242  272  302
  330  355  377  397  414  432  450  469  488  506  523  538  549  555  555  552
  547  542  537  530  519  505  491  476  462  449  435  421  404  385  367  353
  347  348  347  346  336  322  308  295  254                                   
     7.5-180.0 180.0   5.0 450.0                            LAT/LON1/LON2/DLON/H
  253  249  239  215  197  176  164  152  140  130  120  110  100   92   85   81
   79   77   76   74   75   78   88  103  123  146  171  197  225  253  283  311
