data/edconvlstm_nd/pred1420.15i
     1.0            IONOSPHERE MAPS     GNSS                IONEX VERSION / TYPE
pyspatialgeodesy        IME             05-JAN-18 20:20     PGM / RUN BY / DATE 
Map Name                                                    COMMENT             
Predicted global ionosphere maps (GIM).                     DESCRIPTION         
  2015     5    22     0     0     0                        EPOCH OF FIRST MAP  
  2015     5    23     0     0     0                        EPOCH OF LAST MAP   
  7200                                                      INTERVAL            
    13                                                      # OF MAPS IN FILE   
  NONE                                                      MAPPING FUNCTION    
10.0                                                        ELEVATION CUTOFF    
One-way carrier phase leveled to code                       OBSERVABLES USED    
  6371.0                                                    BASE RADIUS         
 2                                                          MAP DIMENSION       
   450.0 450.0   0.0                                        HGT1 / HGT2 / DHGT  
    87.5 -87.5  -2.5                                        LAT1 / LAT2 / DLAT  
  -180.0 180.0   5.0                                        LON1 / LON2 / DLON  
    -1                                                      EXPONENT            
                                                            END OF HEADER       
[from data line 1287]
     4                                                      START OF TEC MAP    
  2015     5    22     6     0     0                        EPOCH OF CURRENT MAP
    87.5-180.0 180.0   5.0 450.0                            LAT/LON1/LON2/DLON/H
  171  168  165  168  168  167  164  161  162  163  163  163  163  163  162  162
  162  161  160  160  159  158  157  156  155  154  153  152  152  151  151  150
  150  150  149  149  149  149  149  149  149  150  150  150  151  151  152  152
  153  153  154  154  155  155  155  156  156  156  156  156  157  157  157  157
  158  160  159  160  164  163  165  165  171                                   
    85.0-180.0 180.0   5.0 450.0                            LAT/LON1/LON2/DLON/H
  169  172  171  172  173  173  172  171  172  172  172  172  172  172  172  172
  171  171  170  169  169  167  166  165  164  163  162  161  160  159  159  159
  158  158  158  158  158  157  158  158  158  158  159  159  160  160  161  162
  162  163  164  164  165  166  166  167  167  167  168  168  168  168  168  169
  171  172  169  170  166  167  169  170  169                                   
    82.5-180.0 180.0   5.0 450.0                            LAT/LON1/LON2/DLON/H
  172  175  175  170  169  170  169  168  169  169  168  169  170  170  171  171
  171  170  170  169  167  166  164  162  161  159  158  156  156  155  155  154
  154  154  154  154  154  155  155  155  156  156  157  158  159  160  161  162
  163  164  165  166  167  168  168  169  169  169  170  170  170  169  169  170
  170  171  167  169  170  169  168  161  172                                   
    80.0-180.0 180.0   5.0 450.0                            LAT/LON1/LON2/DLON/H
  171  175  171  169  169  167  167  166  167  166  166  167  168  169  170  171
  171  171  170  169  167  165  162  160  157  155  153  152  151  150  150  151
  151  151  152  152  153  153  154  154  155  156  158  159  161  163  165  166
  168  170  171  172  173  174  175  175  175  175  175  175  174  174  173  173
  173  172  169  171  172  172  177  163  171                                   
    77.5-180.0 180.0   5.0 450.0                            LAT/LON1/LON2/DLON/H
  171  172  170  169  167  166  166  164  164  163  162  163  164  166  168  170
  171  171  171  170  168  165  161  158  154  151  149  148  147  147  148  150
  151  153  154  155  156  157  158  159  160  162  164  167  169  172  175  178
  180  182  184  185  186  186  186  186  186  185  185  184  183  182  180  180
  178  177  172  173  175  173  172  167  171                                   
    75.0-180.0 180.0   5.0 450.0                            LAT/LON1/LON2/DLON/H
  169  172  168  168  166  166  164  161  160  158  156  157  159  161  163  166
  168  170  170  169  166  163  158  153  149  145  142  141  141  142  144  147
  150  153  155  157  158  159  160  162  164  166  170  173  177  181  185  189
  191  193  195  195  196  195  195  194  193  193  192  190  189  188  186  185
  183  181  176  173  174  173  174  168  169                                   
    72.5-180.0 180.0   5.0 450.0                            LAT/LON1/LON2/DLON/H
  167  173  170  170  168  166  165  161  158  155  153  153  154  156  160  163
  167  169  170  169  167  163  157  152  146  141  138  137  138  141  145  149
  154  159  162  165  166  168  169  171  173  177  181  186  191  197  201  205
  207  209  209  209  208  206  204  203  201  200  199  197  196  195  193  192
  190  187  183  180  177  176  175  172  167                                   
    70.0-180.0 180.0   5.0 450.0                            LAT/LON1/LON2/DLON/H
  171  173  171  170  168  166  163  159  155  151  148  147  147  149  152  156
  160  164  166  165  163  158  152  145  139  133  130  130  132  136  142  149
  156  161  166  169  171  172  173  175  179  183  189  195  202  208  213  217
  219  219  218  215  212  209  205  203  201  199  198  198  197  196  195  195
  192  190  186  183  180  179  181  178  171                                   
    67.5-180.0 180.0   5.0 450.0                            LAT/LON1/LON2/DLON/H
  170  173  171  171  170  167  164  158  154  149  144  142  141  142  145  149
  153  157  159  159  157  152  146  138  131  126  123  123  126  132  140  149
  157  164  170  173  175  176  178  180  184  190  197  204  212  219  224  227
  227  226  222  217  212  207  202  199  196  195  194  194  194  194  194  194
  193  191  187  184  181  181  183  182  170                                   
    65.0-180.0 180.0   5.0 450.0                            LAT/LON1/LON2/DLON/H
  172  175  173  171  171  168  164  159  154  148  143  140  137  136  138  140
  144  147  149  150  148  143  137  129  122  117  115  117  122  130  140  150
  160  168  174  178  180  182  184  187  192  199  207  215  224  230  235  236
  235  231  226  219  212  205  200  195  193  191  191  191  192  192  193  194
  193  192  190  187  185  186  188  187  172                                   
    62.5-180.0 180.0   5.0 450.0                            LAT/LON1/LON2/DLON/H
  175  177  175  173  172  169  165  160  155  148  142  138  133  131  130  131
  133  135  137  137  135  131  125  118  113  109  109  112  119  129  140  152
  162  171  177  182  185  188  191  196  202  210  219  228  235  241  245  245
  242  237  229  221  213  205  199  195  192  191  190  190  191  191  192  194
  194  194  192  190  189  190  193  192  175                                   
    60.0-180.0 180.0   5.0 450.0                            LAT/LON1/LON2/DLON/H
  180  181  178  174  174  170  166  160  154  147  141  135  129  125  121  120
  119  120  121  121  119  116  111  106  102  101  103  108  117  128  140  152
  163  172  180  185  190  195  200  207  214  223  232  240  248  252  254  253
  249  243  235  226  218  210  205  200  197  195  194  193  192  192  192  194
  194  196  195  194  194  194  197  196  180                                   
    57.5-180.0 180.0   5.0 450.0                            LAT/LON1/LON2/DLON/H
  188  189  184  178  177  172  167  160  155  147  140  133  126  119  113  110
  107  107  107  106  105  102   99   96   95   95   99  107  116  128  141  153
  164  174  182  190  197  205  213  222  231  240  248  256  261  265  266  264
  259  253  246  238  230  223  218  214  210  207  204  201  198  196  195  196
  197  199  199  200  200  200  203  201  188                                   
    55.0-180.0 180.0   5.0 450.0                            LAT/LON1/LON2/DLON/H
  198  199  193  187  184  177  171  162  155  147  138  130  122  114  107  101
   98   96   96   95   94   92   90   89   90   93   99  108  119  131  143  154
  165  175  185  196  206  217  229  240  250  259  266  272  276  278  279  277
  273  268  262  256  249  243  238  233  229  225  219  214  208  203  199  199
  199  202  204  206  207  207  210  207  198                                   
    52.5-180.0 180.0   5.0 450.0                            LAT/LON1/LON2/DLON/H
  211  212  206  199  195  185  178  167  158  147  138  129  119  110  103   97
   93   92   91   91   90   89   88   89   91   96  103  113  124  135  146  157
  168  178  190  203  218  233  247  260  271  279  285  289  292  293  293  293
  291  288  284  279  273  268  262  257  251  245  237  228  219  211  205  203
  203  206  209  212  214  214  217  215  211                                   
    50.0-180.0 180.0   5.0 450.0                            LAT/LON1/LON2/DLON/H
  225  227  221  215  209  197  188  174  163  150  139  128  118  109  101   96
   94   93   93   94   94   93   93   95   98  104  112  122  132  142  152  162
  172  183  197  213  231  249  266  281  292  299  303  306  307  308  310  311
  312  311  309  305  299  293  287  280  273  264  254  242  230  219  211  208
  208  211  215  219  221  222  224  224  225                                   
    47.5-180.0 180.0   5.0 450.0                            LAT/LON1/LON2/DLON/H
  237  240  236  232  224  211  200  184  170  155  142  130  119  109  103   99
   98   99  101  103  104  104  104  106  110  116  124  133  143  151  159  168
  178  190  205  223  244  265  285  300  311  317  320  321  322  324  327  330
  333  334  333  329  322  315  306  298  289  279  267  254  240  227  218  214
  213  216  221  225  228  229  233  233  237                                   
    45.0-180.0 180.0   5.0 450.0                            LAT/LON1/LON2/DLON/H
  247  251  248  246  237  225  213  196  180  162  147  133  122  112  106  104
  105  108  112  115  117  118  119  121  125  131  138  146  154  161  168  175
  185  197  214  234  257  280  300  316  327  332  333  333  334  338  342  348
  353  355  353  348  340  330  320  310  300  289  277  263  248  235  225  221
  219  223  227  231  234  236  240  242  247                                   
    42.5-180.0 180.0   5.0 450.0                            LAT/LON1/LON2/DLON/H
  253  257  256  254  247  235  224  206  189  170  153  139  127  117  112  111
  113  118  124  128  132  134  136  138  142  147  153  159  165  170  176  182
  192  205  222  243  267  291  312  328  338  342  343  343  345  349  356  363
  369  371  368  362  352  340  328  318  308  298  286  273  259  246  236  231
  229  232  235  238  241  243  248  250  253                                   
    40.0-180.0 180.0   5.0 450.0                            LAT/LON1/LON2/DLON/H
  257  258  258  256  250  239  229  213  196  177  160  145  133  124  119  118
  121  127  134  140  144  148  151  154  158  162  167  171  175  178  183  189
  199  212  230  251  274  297  318  334  344  348  348  349  352  358  366  374
  380  381  378  371  361  350  339  330  322  313  302  290  276  263  253  247
  244  245  247  248  250  252  257  258  257                                   
    37.5-180.0 180.0   5.0 450.0                            LAT/LON1/LON2/DLON/H
  261  258  256  252  247  236  228  215  200  182  166  153  141  131  126  125
  128  134  141  148  154  159  164  168  172  176  179  181  183  186  189  195
  205  218  235  255  277  299  319  334  344  348  350  351  355  362  371  380
  386  388  386  381  374  366  359  353  348  341  332  319  305  291  279  271
  266  264  264  262  262  263  269  267  261                                   
    35.0-180.0 180.0   5.0 450.0                            LAT/LON1/LON2/DLON/H
  267  259  255  246  241  230  223  211  200  185  171  160  149  140  133  131
  133  137  144  152  160  168  175  181  186  189  191  191  191  192  195  200
  209  222  237  255  275  295  314  329  339  344  347  349  354  362  372  382
  389  393  394  394  393  392  392  391  390  386  377  364  348  331  317  305
  296  291  288  283  281  280  284  280  267                                   
    32.5-180.0 180.0   5.0 450.0                            LAT/LON1/LON2/DLON/H
  279  266  258  244  237  224  217  206  197  186  175  166  157  148  141  137
  136  139  145  154  164  176  186  194  200  202  202  201  199  198  199  203
  211  222  236  252  269  287  305  320  330  336  339  343  349  358  369  379
  388  396  404  412  420  429  438  445  448  446  437  423  405  384  365  348
  334  325  320  312  307  304  306  299  279                                   
    30.0-180.0 180.0   5.0 450.0                            LAT/LON1/LON2/DLON/H
  301  282  269  251  240  223  214  204  196  187  179  172  164  156  148  143
  140  141  146  155  168  183  198  208  214  216  214  210  206  202  201  203
  210  220  231  245  260  276  292  307  318  325  329  333  340  350  362  374
  386  400  415  434  454  475  493  508  516  516  508  492  471  446  421  398
  379  367  358  348  340  336  335  325  301                                   
    27.5-180.0 180.0   5.0 450.0                            LAT/LON1/LON2/DLON/H
  333  310  292  268  251  231  218  207  199  191  185  179  172  165  157  150
  145  144  148  158  174  193  210  223  229  229  225  219  212  206  202  202
  206  214  224  236  249  264  279  293  304  312  317  322  330  341  354  369
  386  405  430  459  492  523  551  571  583  585  577  560  537  508  478  450
  427  412  402  390  380  374  370  358  333                                   
    25.0-180.0 180.0   5.0 450.0                            LAT/LON1/LON2/DLON/H
  376  351  326  297  273  249  231  218  209  200  194  188  182  175  167  160
  154  151  154  164  181  203  223  238  243  241  235  226  216  207  201  198
  200  206  215  226  238  251  265  278  290  299  306  313  322  334  349  367
  388  414  446  485  526  566  599  624  637  640  633  616  592  562  529  498
  473  457  448  434  423  416  409  395  376                                   
    22.5-180.0 180.0   5.0 450.0                            LAT/LON1/LON2/DLON/H
  422  398  369  335  303  274  252  236  224  214  206  199  193  187  180  173
  166  162  163  173  191  214  236  250  254  250  241  229  217  206  197  192
  192  196  204  214  226  239  252  266  278  288  297  307  318  332  350  371
  395  425  463  506  552  594  629  653  667  671  665  650  628  599  568  537
  512  497  489  477  464  458  450  433  422                                   
    20.0-180.0 180.0   5.0 450.0                            LAT/LON1/LON2/DLON/H
  466  445  412  376  336  302  276  257  243  231  221  213  206  201  195  188
  181  176  176  184  201  224  245  258  260  253  241  227  213  200  190  182
  180  183  190  201  213  227  241  255  268  281  293  306  320  337  357  380
  407  440  478  521  564  603  634  655  668  673  671  661  643  620  592  564
  542  530  525  514  501  495  488  469  466                                   
    17.5-180.0 180.0   5.0 450.0                            LAT/LON1/LON2/DLON/H
  500  484  449  411  365  329  298  278  262  249  237  228  221  216  211  206
  200  193  191  196  210  230  248  259  258  247  232  216  202  189  177  169
  165  168  175  187  201  216  231  246  262  278  293  309  327  347  369  395
  423  454  490  528  564  595  618  635  646  653  655  652  642  626  605  583
  565  555  552  543  531  524  519  499  500                                   
    15.0-180.0 180.0   5.0 450.0                            LAT/LON1/LON2/DLON/H
  521  508  474  436  388  349  316  294  278  264  252  243  236  232  229  225
  219  211  206  207  216  231  245  251  246  232  214  198  184  173  162  154
  150  152  160  172  188  205  222  239  258  277  296  316  337  359  384  410
  438  468  499  529  556  576  591  603  612  621  628  632  631  624  611  595
  581  574  573  565  554  547  543  522  521                                   
    12.5-180.0 180.0   5.0 450.0                            LAT/LON1/LON2/DLON/H
  532  520  487  450  403  363  329  306  290  276  265  256  250  247  245  243
  237  228  220  215  218  227  235  236  227  210  191  175  164  155  146  139
  136  137  145  158  175  195  214  234  255  278  301  323  346  370  396  423
  450  478  504  527  545  556  564  571  580  590  602  612  619  619  613  603
  594  590  589  582  572  563  560  539  532                                   
    10.0-180.0 180.0   5.0 450.0                            LAT/LON1/LON2/DLON/H
  536  525  493  457  413  373  338  315  299  286  275  267  262  259  258  256
  251  241  230  220  217  219  220  216  203  184  165  152  143  137  131  126
  123  124  132  145  164  185  207  230  253  278  304  328  353  377  403  431
  458  484  507  526  538  544  547  552  560  572  587  601  611  617  616  610
  605  602  601  595  584  573  571  551  536                                   
     7.5-180.0 180.0   5.0 450.0                            LAT/LON1/LON2/DLON/H
  538  526  496  461  422  383  349  324  307  295  284  277  270  267  266  264
  258  248  234  221  212  207  203  193  178  159  142  131  125  122  118  114
