data/edconvlstm_nd/pred0780.15i
     1.0            IONOSPHERE MAPS     GNSS                IONEX VERSION / TYPE
pyspatialgeodesy        IME             05-JAN-18 20:20     PGM / RUN BY / DATE 
Map Name                                                    COMMENT             
Predicted global ionosphere maps (GIM).                     DESCRIPTION         
  2015     3    19     0     0     0                        EPOCH OF FIRST MAP  
  2015     3    20     0     0     0                        EPOCH OF LAST MAP   
  7200                                                      INTERVAL            
    13                                                      # OF MAPS IN FILE   
  NONE                                                      MAPPING FUNCTION    
10.0                                                        ELEVATION CUTOFF    
One-way carrier phase leveled to code                       OBSERVABLES USED    
  6371.0                                                    BASE RADIUS         
 2                                                          MAP DIMENSION       
   450.0 450.0   0.0                                        HGT1 / HGT2 / DHGT  
    87.5 -87.5  -2.5                                        LAT1 / LAT2 / DLAT  
  -180.0 180.0   5.0                                        LON1 / LON2 / DLON  
    -1                                                      EXPONENT            
                                                            END OF HEADER       
[from data line 4290]
    11                                                      START OF TEC MAP    
  2015     3    19    20     0     0                        EPOCH OF CURRENT MAP
    87.5-180.0 180.0   5.0 450.0                            LAT/LON1/LON2/DLON/H
  120  114  106  111  115  113  110  107  108  109  108  108  108  108  108  107
  107  106  105  104  103  102  100   99   97   96   95   93   92   90   89   88
   87   86   85   84   83   83   83   83   83   83   84   84   85   86   87   89
   90   91   93   94   95   96   98   99  100  101  102  103  103  104  105  105
  105  106  105  104  115  110  122  121  120                                   
    85.0-180.0 180.0   5.0 450.0                            LAT/LON1/LON2/DLON/H
  124  118  126  113  112  117  116  117  118  119  119  120  120  121  121  120
  120  119  118  116  115  113  111  109  107  105  103  100   98   96   94   92
   90   88   87   85   84   83   83   82   82   82   83   83   84   86   87   89
   91   92   94   96   98  100  102  103  104  106  107  108  108  109  110  110
  111  111  109  107  111  111  111  109  124                                   
    82.5-180.0 180.0   5.0 450.0                            LAT/LON1/LON2/DLON/H
  102  107  106  103  106  112  115  115  116  118  120  122  123  124  125  125
  125  124  122  121  118  116  114  111  109  106  103  101   98   96   93   90
   87   85   82   80   78   76   74   73   72   71   71   71   72   73   74   76
   78   80   83   85   87   89   91   92   94   95   96   97   97   98   98   98
  100  100   99  101  105  113  105  100  102                                   
    80.0-180.0 180.0   5.0 450.0                            LAT/LON1/LON2/DLON/H
   82   86   87   86   88   91   97  100  104  109  112  116  119  121  123  123
  123  122  121  119  116  113  111  108  105  103  100   98   95   92   89   85
   82   79   75   72   69   66   63   61   59   58   58   57   58   59   61   63
   65   68   71   73   76   78   80   81   82   83   83   83   83   83   83   83
   83   83   83   84   84   90   87   91   82                                   
    77.5-180.0 180.0   5.0 450.0                            LAT/LON1/LON2/DLON/H
   82   81   81   80   85   90   95  100  106  111  116  122  127  131  134  135
  135  134  132  129  126  123  121  118  116  115  113  111  109  106  104  100
   97   93   88   84   80   76   72   68   65   62   60   59   59   59   60   62
   65   67   70   73   76   77   79   79   80   79   79   78   77   76   75   75
   75   75   76   77   79   80   83   89   82                                   
    75.0-180.0 180.0   5.0 450.0                            LAT/LON1/LON2/DLON/H
   72   74   70   69   75   81   85   90   98  106  113  121  127  133  136  138
  139  137  135  132  129  127  124  123  122  120  119  118  116  114  111  108
  104  100   96   91   87   82   78   74   70   67   64   62   61   61   62   64
   66   68   71   74   76   77   77   77   76   75   73   71   70   68   67   67
   67   67   67   66   68   70   75   71   72                                   
    72.5-180.0 180.0   5.0 450.0                            LAT/LON1/LON2/DLON/H
   73   75   72   76   78   83   88   93   99  108  116  125  134  141  146  148
  149  147  145  141  138  135  133  132  131  130  129  128  126  124  120  117
  113  108  103   99   94   90   85   81   77   73   70   68   66   65   65   66
   68   71   73   75   77   77   77   75   73   71   68   66   64   63   62   62
   62   64   65   63   66   69   78   79   73                                   
    70.0-180.0 180.0   5.0 450.0                            LAT/LON1/LON2/DLON/H
   77   80   76   78   80   83   86   92   99  108  117  127  135  143  149  152
  153  151  148  145  142  139  137  136  135  134  132  130  126  122  118  113
  109  104  100   96   92   89   86   83   80   77   74   71   69   68   68   69
   71   73   75   77   78   78   76   74   71   68   65   62   60   60   60   61
   61   63   65   65   69   74   86   85   77                                   
    67.5-180.0 180.0   5.0 450.0                            LAT/LON1/LON2/DLON/H
   87   91   88   91   93   94   97  101  107  114  122  132  141  149  155  159
  159  158  155  151  148  145  143  141  139  136  132  128  122  116  110  105
   99   95   91   87   85   83   81   79   78   76   74   72   71   69   69   70
   72   74   77   79   79   78   76   73   70   66   63   61   60   60   61   63
   65   67   70   69   73   79   92   91   87                                   
    65.0-180.0 180.0   5.0 450.0                            LAT/LON1/LON2/DLON/H
   93   98   96  101  103  104  106  109  114  120  126  134  142  150  156  160
  161  160  158  155  152  149  146  143  140  134  127  120  111  103   96   90
   84   80   76   73   71   70   70   71   71   71   71   70   68   67   67   68
   69   72   74   75   76   75   72   69   65   62   59   58   58   59   61   63
   66   69   72   72   77   84   99   99   93                                   
    62.5-180.0 180.0   5.0 450.0                            LAT/LON1/LON2/DLON/H
   98  104  103  111  115  117  119  122  124  128  132  137  143  150  156  160
  163  163  161  159  156  153  150  145  139  131  122  111  101   92   84   77
   72   67   63   60   58   57   58   59   61   63   63   63   62   61   61   61
   63   65   67   69   69   68   66   62   59   56   54   54   55   57   59   62
   65   68   71   71   75   82   95   96   98                                   
    60.0-180.0 180.0   5.0 450.0                            LAT/LON1/LON2/DLON/H
   97  104  106  117  124  127  132  135  136  137  138  140  143  148  153  158
  162  164  164  162  160  157  153  147  139  128  117  106   95   86   79   73
   67   62   57   53   50   49   49   50   53   56   57   58   57   55   54   54
   55   57   59   60   60   59   57   55   52   50   49   49   51   53   55   58
   60   63   65   65   69   78   89   92   97                                   
    57.5-180.0 180.0   5.0 450.0                            LAT/LON1/LON2/DLON/H
   95  103  108  122  133  140  147  151  152  150  147  145  144  146  151  156
  161  164  166  166  164  161  156  149  139  129  118  107   99   92   87   82
   77   71   65   58   53   49   47   48   50   53   55   55   54   52   50   48
   48   49   51   52   53   52   50   48   46   45   45   46   47   49   51   53
   55   57   59   59   62   70   81   85   95                                   
    55.0-180.0 180.0   5.0 450.0                            LAT/LON1/LON2/DLON/H
   94  105  112  128  143  155  165  172  173  168  161  154  148  147  150  155
  161  166  169  169  168  165  160  152  143  133  124  117  113  110  108  106
  101   94   85   75   66   59   55   53   54   56   57   57   55   52   49   46
   45   45   46   47   47   47   46   45   44   43   43   44   46   47   48   50
   50   52   54   54   57   66   76   81   94                                   
    52.5-180.0 180.0   5.0 450.0                            LAT/LON1/LON2/DLON/H
   99  112  123  140  158  174  188  197  198  192  180  167  157  152  153  158
  164  170  173  174  173  169  164  157  149  142  138  136  137  139  140  139
  134  126  114  100   88   77   70   66   65   65   65   64   61   57   52   48
   46   45   45   46   46   46   46   45   44   44   45   45   46   47   48   48
   49   50   53   54   58   67   79   83   99                                   
    50.0-180.0 180.0   5.0 450.0                            LAT/LON1/LON2/DLON/H
  112  129  143  160  180  200  217  228  230  222  207  189  173  163  162  166
  172  177  181  181  179  176  171  165  160  157  157  160  166  172  176  175
  169  158  144  128  113  100   90   83   80   79   78   76   71   66   60   55
   51   50   49   49   50   50   50   50   50   50   50   50   51   51   51   51
   52   54   58   61   67   77   91   94  112                                   
    47.5-180.0 180.0   5.0 450.0                            LAT/LON1/LON2/DLON/H
  132  153  171  186  207  230  249  262  266  258  241  218  197  183  178  180
  185  189  191  191  189  185  181  176  174  175  179  187  196  203  207  205
  196  183  167  151  135  121  110  102   97   94   92   89   84   77   70   64
   61   58   57   57   57   57   57   57   57   57   57   57   57   57   57   57
   58   62   67   73   81   93  111  113  132                                   
    45.0-180.0 180.0   5.0 450.0                            LAT/LON1/LON2/DLON/H
  158  182  202  215  237  261  282  298  303  298  280  254  229  210  202  201
  204  206  206  205  202  198  195  192  192  195  202  212  221  227  227  221
  210  195  179  164  150  139  128  119  113  108  105  101   96   89   82   76
   72   69   68   67   66   66   66   67   66   66   65   65   65   65   65   65
   66   71   79   87   97  112  134  135  158                                   
    42.5-180.0 180.0   5.0 450.0                            LAT/LON1/LON2/DLON/H
  181  209  230  243  264  288  311  330  339  337  321  295  267  245  233  228
  227  227  225  222  219  216  213  212  213  217  225  233  239  240  235  224
  211  195  181  170  160  151  143  134  126  120  116  112  107  100   93   87
   83   80   78   77   76   76   76   75   74   73   72   72   72   72   72   73
   74   80   88   98  110  128  152  155  181                                   
    40.0-180.0 180.0   5.0 450.0                            LAT/LON1/LON2/DLON/H
  199  229  251  264  285  309  334  354  368  371  359  337  309  285  269  260
  255  252  248  244  240  238  236  235  237  241  247  251  251  246  236  223
  208  195  184  177  171  165  158  148  139  132  127  122  117  109  102   96
   92   89   87   85   84   84   83   82   80   78   76   76   76   77   77   77
   79   84   93  103  117  137  162  168  199                                   
    37.5-180.0 180.0   5.0 450.0                            LAT/LON1/LON2/DLON/H
  207  239  262  276  298  321  348  371  389  397  392  375  351  327  308  295
  286  279  273  268  265  263  263  263  264  267  270  269  263  254  242  229
  218  209  202  197  193  187  178  167  155  146  139  133  126  118  110  103
   99   95   93   91   91   90   90   88   85   81   79   78   79   79   79   79
   79   84   92  102  116  137  162  170  207                                   
    35.0-180.0 180.0   5.0 450.0                            LAT/LON1/LON2/DLON/H
  208  241  265  281  305  327  355  379  401  415  417  407  389  367  348  332
  319  308  299  294  292  293  294  295  296  298  297  292  283  273  265  259
  255  251  246  239  232  222  208  192  176  163  154  146  138  128  118  110
  104   99   96   95   95   96   95   93   89   85   82   81   81   81   80   79
   78   80   87   96  108  130  155  165  208                                   
    32.5-180.0 180.0   5.0 450.0                            LAT/LON1/LON2/DLON/H
  205  239  264  282  307  329  359  384  409  427  436  433  422  405  386  368
  352  338  328  323  323  326  330  332  334  333  331  324  317  313  314  320
  327  327  319  305  288  268  246  223  201  185  172  162  152  140  128  117
  109  103  100   99  100  101  102  100   95   91   88   86   85   84   82   79
   76   77   82   89  100  121  146  157  205                                   
    30.0-180.0 180.0   5.0 450.0                            LAT/LON1/LON2/DLON/H
  206  238  265  283  311  332  362  388  415  437  451  455  451  439  422  403
  385  369  359  355  358  365  370  373  375  375  372  369  368  375  392  412
  428  429  414  385  352  318  286  256  230  209  195  183  170  156  141  128
  117  110  106  105  106  109  110  109  105  100   97   96   95   92   88   83
   78   77   80   86   97  116  144  154  206                                   
    27.5-180.0 180.0   5.0 450.0                            LAT/LON1/LON2/DLON/H
  213  243  270  289  318  340  371  396  424  447  465  476  478  472  458  440
  421  404  394  393  398  406  413  418  420  421  421  424  434  456  489  523
  544  541  511  465  413  364  322  286  257  235  219  206  192  176  159  143
  130  121  116  114  116  120  122  121  117  114  111  110  109  105   99   92
   86   84   86   91  103  122  151  160  213                                   
    25.0-180.0 180.0   5.0 450.0                            LAT/LON1/LON2/DLON/H
  229  258  284  303  334  357  387  411  438  462  483  498  506  505  496  480
  461  445  436  436  442  451  458  463  467  471  477  488  510  544  589  632
  653  641  595  529  459  397  348  309  280  259  244  231  217  199  181  163
  149  138  131  129  130  134  137  137  134  132  131  130  127  122  114  106
   98   96   98  105  118  138  171  178  229                                   
    22.5-180.0 180.0   5.0 450.0                            LAT/LON1/LON2/DLON/H
  255  282  307  327  359  382  413  435  461  483  504  523  536  541  536  523
  506  491  483  483  489  497  504  510  516  524  537  555  583  624  673  717
  734  711  650  567  482  412  360  323  297  280  269  257  243  225  206  188
  172  159  150  146  146  149  151  152  151  151  151  151  147  140  131  121
  113  111  115  124  140  164  201  207  255                                   
    20.0-180.0 180.0   5.0 450.0                            LAT/LON1/LON2/DLON/H
  287  314  338  358  392  415  446  467  491  511  532  552  569  578  578  569
  556  543  535  534  539  545  551  559  569  581  597  616  643  681  727  765
  774  741  668  573  481  409  360  329  311  300  292  283  269  252  232  213
  196  181  169  161  158  159  159  159  159  160  162  164  161  155  145  135
  127  127  132  145  164  193  233  240  287                                   
    17.5-180.0 180.0   5.0 450.0                            LAT/LON1/LON2/DLON/H
  317  347  372  393  428  451  482  503  525  545  564  584  603  617  622  618
  609  598  591  589  591  596  603  613  626  640  654  668  686  713  747  773
  771  728  647  549  458  393  352  331  322  318  315  308  295  278  258  237
  218  200  185  173  166  162  159  157  156  157  161  164  164  159  152  143
  137  138  147  163  186  219  262  270  317                                   
    15.0-180.0 180.0   5.0 450.0                            LAT/LON1/LON2/DLON/H
  342  375  403  426  461  484  515  537  560  579  597  617  638  655  666  668
  664  657  650  647  648  653  661  672  685  696  704  707  711  721  736  745
  730  679  597  504  425  372  344  334  334  337  337  332  319  301  280  259
  238  217  199  183  172  163  155  150  146  147  151  155  157  154  150  144
  140  143  155  174  200  237  282  292  342                                   
    12.5-180.0 180.0   5.0 450.0                            LAT/LON1/LON2/DLON/H
  356  395  427  451  487  509  542  565  590  610  629  650  671  692  708  718
  720  717  713  710  710  714  722  732  742  748  746  735  721  712  706  696
  667  612  536  459  397  360  345  345  351  358  359  352  338  320  299  277
  255  233  212  194  179  166  154  145  139  137  140  143  146  146  144  140
  138  143  157  177  206  245  290  302  356                                   
    10.0-180.0 180.0   5.0 450.0                            LAT/LON1/LON2/DLON/H
  360  406  442  467  504  527  561  585  614  637  657  679  701  725  747  763
  772  775  774  773  773  775  780  787  793  792  778  753  724  696  671  644
  605  551  490  433  392  370  365  369  376  381  379  369  352  332  310  288
  265  243  221  202  184  169  155  143  135  131  131  134  136  137  137  135
  134  140  155  176  206  245  289  303  360                                   
     7.5-180.0 180.0   5.0 450.0                            LAT/LON1/LON2/DLON/H
  357  409  449  475  513  537  573  599  632  659  682  704  728  753  778  800
  816  824  827  827  826  826  829  834  835  826  802  766  725  685  647  609
