data/edconvlstm_nd/pred2990.15i
     1.0            IONOSPHERE MAPS     GNSS                IONEX VERSION / TYPE
pyspatialgeodesy        IME             05-JAN-18 20:20     PGM / RUN BY / DATE 
Map Name                                                    COMMENT             
Predicted global ionosphere maps (GIM).                     DESCRIPTION         
  2015    10    26     0     0     0                        EPOCH OF FIRST MAP  
  2015    10    27     0     0     0                        EPOCH OF LAST MAP   
  7200                                                      INTERVAL            
    13                                                      # OF MAPS IN FILE   
  NONE                                                      MAPPING FUNCTION    
10.0                                                        ELEVATION CUTOFF    
One-way carrier phase leveled to code                       OBSERVABLES USED    
  6371.0                                                    BASE RADIUS         
 2                                                          MAP DIMENSION       
   450.0 450.0   0.0                                        HGT1 / HGT2 / DHGT  
    87.5 -87.5  -2.5                                        LAT1 / LAT2 / DLAT  
  -180.0 180.0   5.0                                        LON1 / LON2 / DLON  
    -1                                                      EXPONENT            
                                                            END OF HEADER       
[from data line 2574]
     7                                                      START OF TEC MAP    
  2015    10    26    12     0     0                        EPOCH OF CURRENT MAP
    87.5-180.0 180.0   5.0 450.0                            LAT/LON1/LON2/DLON/H
   99  109  109  113  114  113  112  107  107  108  106  105  103  102  101  100
   99   99   98   98   99   99  100  100  101  102  103  104  105  105  106  106
  106  106  106  106  105  104  104  103  102  101  100   99   99   98   97   97
   96   96   95   95   95   95   96   96   97   97   98   98   99  100  101  102
  104  106  105  104  110  108  119  116   99                                   
    85.0-180.0 180.0   5.0 450.0                            LAT/LON1/LON2/DLON/H
  104  114  125  113  111  114  113  112  111  110  108  106  104  103  101  100
   99   99   99   99  100  101  102  103  105  107  109  110  112  113  114  115
  116  116  116  115  114  114  112  111  110  108  107  105  104  102  101  100
   99   99   98   98   98   98   99  100  100  101  102  103  104  105  106  107
  110  111  108  105  106  107  114  115  104                                   
    82.5-180.0 180.0   5.0 450.0                            LAT/LON1/LON2/DLON/H
  100  110  117  107  104  106  106  105  103  101   98   95   92   90   87   86
   85   84   85   86   87   90   92   95   99  102  106  109  112  115  118  120
  121  122  122  122  122  121  119  118  115  113  110  108  105  102  100   98
   96   94   93   93   92   92   92   92   92   93   93   94   95   96   97   98
  100  102  100   99  101  108  103  100  100                                   
    80.0-180.0 180.0   5.0 450.0                            LAT/LON1/LON2/DLON/H
   97  100  108  101   98   96   96   95   93   90   86   83   79   75   72   70
   69   68   69   71   73   77   81   86   91   97  102  107  112  116  120  123
  125  127  128  129  128  127  126  124  121  118  114  110  106  103   99   96
   94   92   90   89   88   87   87   87   86   86   87   87   87   88   88   89
   91   91   91   91   90   96   97   94   97                                   
    77.5-180.0 180.0   5.0 450.0                            LAT/LON1/LON2/DLON/H
   95   93   97   94   92   92   92   91   89   85   80   76   71   67   63   60
   59   59   60   63   67   72   78   85   92   99  106  113  120  125  130  135
  138  142  144  145  146  146  144  142  139  135  130  125  120  115  111  107
  104  101   99   97   95   93   92   90   89   87   86   85   84   84   83   83
   83   83   83   83   85   82   83   84   95                                   
    75.0-180.0 180.0   5.0 450.0                            LAT/LON1/LON2/DLON/H
   85   86   86   86   85   88   87   85   83   79   74   69   64   59   56   53
   51   51   53   57   62   68   75   83   92  100  108  116  124  130  136  141
  146  151  155  158  160  162  162  160  158  154  149  144  138  132  127  123
  119  116  113  110  107  104  101   97   94   91   88   86   84   82   81   80
   79   77   77   74   76   73   72   67   85                                   
    72.5-180.0 180.0   5.0 450.0                            LAT/LON1/LON2/DLON/H
   75   76   76   79   79   84   84   84   81   78   73   69   64   59   56   53
   52   52   54   58   64   71   79   88   97  106  115  123  130  137  143  149
  155  162  168  173  178  182  184  184  183  179  174  168  162  155  150  144
  140  136  131  127  122  117  111  105  100   94   90   86   83   80   78   76
   74   72   71   68   70   67   65   64   75                                   
    70.0-180.0 180.0   5.0 450.0                            LAT/LON1/LON2/DLON/H
   67   67   69   72   73   77   77   78   77   75   71   68   64   60   57   55
   54   55   57   62   68   75   84   93  102  111  119  127  133  140  146  153
  160  168  176  185  192  199  203  206  205  202  198  191  184  177  170  164
  158  153  147  140  133  125  116  108  100   93   87   82   78   75   73   71
   68   66   66   62   63   61   62   62   67                                   
    67.5-180.0 180.0   5.0 450.0                            LAT/LON1/LON2/DLON/H
   57   59   61   66   68   73   75   77   77   76   74   72   70   67   65   63
   63   64   66   70   76   83   92  100  109  117  124  130  135  141  147  154
  162  171  181  192  202  211  218  222  223  220  215  209  201  192  184  177
  170  163  155  146  137  126  116  105   96   88   81   77   73   70   68   67
   65   63   62   58   59   57   57   58   57                                   
    65.0-180.0 180.0   5.0 450.0                            LAT/LON1/LON2/DLON/H
   50   54   55   59   61   67   69   71   72   73   73   73   72   71   70   70
   69   70   72   76   81   88   96  104  112  120  126  131  136  141  147  154
  163  174  186  199  211  222  231  236  238  236  231  223  214  205  196  187
  178  169  159  149  137  124  112  100   90   81   75   71   68   66   65   64
   62   61   60   56   58   57   58   60   50                                   
    62.5-180.0 180.0   5.0 450.0                            LAT/LON1/LON2/DLON/H
   45   49   50   53   54   59   62   64   66   68   70   71   72   72   73   73
   73   73   74   77   81   88   95  103  111  118  124  130  135  140  146  154
  164  175  188  202  216  228  237  243  245  243  238  230  220  210  199  189
  179  169  158  146  132  119  106   93   83   75   69   66   64   63   62   61
   60   59   59   55   57   56   58   61   45                                   
    60.0-180.0 180.0   5.0 450.0                            LAT/LON1/LON2/DLON/H
   44   47   46   48   48   51   53   56   58   60   63   65   67   69   70   70
   70   70   70   72   75   81   88   97  105  113  120  126  133  140  147  156
  167  179  192  206  219  231  241  247  249  247  242  233  223  213  202  191
  180  169  157  144  130  116  103   91   82   74   69   66   64   63   62   62
   61   59   60   56   58   57   58   62   44                                   
    57.5-180.0 180.0   5.0 450.0                            LAT/LON1/LON2/DLON/H
   48   49   47   47   45   47   48   50   52   54   56   59   61   63   64   65
   64   64   63   64   67   73   80   89   99  108  117  125  134  143  153  164
  175  187  200  213  226  237  246  252  254  252  247  239  230  219  209  198
  186  175  162  149  135  122  110   99   90   83   79   76   73   72   71   69
   68   66   67   63   64   62   63   66   48                                   
    55.0-180.0 180.0   5.0 450.0                            LAT/LON1/LON2/DLON/H
   58   56   52   51   48   48   48   49   50   51   52   53   55   56   57   58
   57   56   56   56   59   65   74   84   95  105  116  127  139  151  163  176
  188  200  212  224  235  245  253  258  260  259  254  248  240  231  221  210
  199  186  174  160  147  135  124  114  106  100   96   93   90   88   85   83
   80   78   79   75   76   73   72   72   58                                   
    52.5-180.0 180.0   5.0 450.0                            LAT/LON1/LON2/DLON/H
   72   68   63   60   56   57   55   54   54   53   52   52   52   52   52   53
   52   51   51   52   56   63   72   84   96  108  120  133  147  162  177  191
  204  216  227  237  247  256  263  268  270  270  266  261  255  248  239  228
  216  204  190  177  164  153  142  134  127  122  118  115  112  109  105  102
   99   96   96   93   93   88   87   82   72                                   
    50.0-180.0 180.0   5.0 450.0                            LAT/LON1/LON2/DLON/H
   87   83   77   74   70   71   68   66   64   61   58   55   53   51   51   51
   51   51   51   54   59   67   78   90  102  115  128  143  158  174  191  206
  219  231  242  252  261  270  277  282  285  284  283  279  275  268  260  249
  237  223  209  195  182  171  161  154  148  144  141  138  134  131  127  123
  119  117  116  113  112  107  104   96   87                                   
    47.5-180.0 180.0   5.0 450.0                            LAT/LON1/LON2/DLON/H
  102   98   92   89   87   88   85   82   79   75   69   64   59   55   54   53
   54   55   57   61   69   78   90  102  115  127  140  154  170  186  202  217
  231  243  255  265  276  285  293  299  302  302  301  299  295  289  281  269
  255  239  223  208  194  183  173  166  162  159  157  155  152  149  145  142
  138  136  134  131  130  126  121  111  102                                   
    45.0-180.0 180.0   5.0 450.0                            LAT/LON1/LON2/DLON/H
  112  110  105  103  102  103  101   98   95   90   83   75   68   63   60   59
   60   63   67   74   83   94  106  119  130  142  153  166  179  194  209  223
  237  250  263  276  289  301  311  317  320  321  319  317  313  306  297  283
  267  249  231  213  198  186  176  169  165  163  163  163  161  159  156  154
  151  150  147  145  144  140  135  125  112                                   
    42.5-180.0 180.0   5.0 450.0                            LAT/LON1/LON2/DLON/H
  115  115  112  112  112  114  113  111  108  103   96   87   79   73   69   68
   70   74   80   88   99  111  123  135  146  155  165  175  186  197  210  222
  236  250  267  284  301  316  328  335  338  338  336  332  326  318  306  291
  272  251  231  211  195  181  170  163  160  160  161  162  162  161  159  158
  156  155  153  151  150  147  141  133  115                                   
    40.0-180.0 180.0   5.0 450.0                            LAT/LON1/LON2/DLON/H
  110  113  112  114  116  118  118  117  115  111  105   97   89   83   79   78
   79   84   91  101  113  125  137  148  157  166  174  182  190  198  207  218
  232  249  268  290  312  331  345  353  356  354  350  344  336  326  313  295
  275  252  230  209  190  175  163  156  153  153  155  157  157  156  155  155
  154  153  150  147  146  143  138  132  110                                   
    37.5-180.0 180.0   5.0 450.0                            LAT/LON1/LON2/DLON/H
  100  105  105  108  112  114  116  116  115  114  109  104   97   91   87   86
   87   92  100  110  122  135  146  156  164  173  180  187  192  198  205  215
  229  249  273  299  325  347  362  371  373  370  364  357  347  336  322  303
  282  259  237  215  195  179  165  157  153  152  153  154  154  152  150  149
  147  144  141  136  135  131  127  122  100                                   
    35.0-180.0 180.0   5.0 450.0                            LAT/LON1/LON2/DLON/H
   90   95   95   98  102  104  106  107  109  110  108  106  101   97   93   92
   92   97  104  115  127  138  148  158  167  176  184  191  196  201  207  217
  233  255  283  314  343  366  382  391  392  389  382  374  364  353  339  322
  302  281  259  238  218  200  185  175  168  166  165  163  159  155  150  146
  142  137  132  124  121  115  113  108   90                                   
    32.5-180.0 180.0   5.0 450.0                            LAT/LON1/LON2/DLON/H
   83   88   86   88   90   91   93   95   99  102  103  104  102  100   97   95
   95   99  106  116  127  138  147  157  167  178  188  197  203  209  215  227
  245  271  302  335  366  390  406  414  416  413  407  399  390  381  369  355
  339  321  302  283  264  245  228  215  206  201  196  190  181  171  162  155
  147  138  129  118  112  104  102   97   83                                   
    30.0-180.0 180.0   5.0 450.0                            LAT/LON1/LON2/DLON/H
   83   86   82   82   82   80   82   83   88   92   96   99  100  100   98   96
   96   99  106  116  126  137  146  157  168  181  194  205  214  222  232  247
  269  298  331  366  397  420  435  443  445  443  440  435  429  422  414  405
  394  381  366  349  331  312  294  278  266  257  247  236  221  206  192  179
  166  153  140  124  115  102  101   93   83                                   
    27.5-180.0 180.0   5.0 450.0                            LAT/LON1/LON2/DLON/H
   93   93   86   83   80   75   75   75   79   84   89   93   96   97   97   96
   95   99  106  116  128  138  149  159  172  187  202  216  229  241  256  276
  303  335  370  404  433  454  468  475  479  481  481  480  478  475  473  469
  464  456  446  433  416  397  378  359  343  329  315  298  278  257  237  220
  202  185  166  145  132  114  111   98   93                                   
    25.0-180.0 180.0   5.0 450.0                            LAT/LON1/LON2/DLON/H
  112  109   97   91   86   79   76   74   75   79   83   88   91   93   94   94
   94   99  107  119  132  145  156  167  179  194  211  228  245  264  287  314
  345  380  415  446  472  489  501  509  516  522  527  532  535  537  539  540
  541  539  533  522  507  488  467  445  424  406  387  366  342  317  294  273
  251  230  206  180  163  139  131  113  112                                   
    22.5-180.0 180.0   5.0 450.0                            LAT/LON1/LON2/DLON/H
  137  131  115  106   99   89   84   78   77   78   80   83   86   88   89   91
   93  100  111  126  141  155  167  178  190  205  222  242  265  291  321  355
  391  426  458  485  506  520  531  541  551  562  573  583  591  597  602  607
  610  610  605  596  581  562  539  514  490  468  447  425  400  375  351  329
  305  282  253  225  202  174  159  136  137                                   
    20.0-180.0 180.0   5.0 450.0                            LAT/LON1/LON2/DLON/H
  165  157  137  126  117  105   97   88   83   80   78   79   80   82   84   87
   92  102  116  134  153  169  181  191  203  217  235  258  286  318  356  395
  432  465  493  514  530  543  554  566  581  597  614  628  638  645  650  653
  654  652  646  636  621  601  577  551  525  502  480  460  438  416  395  374
  352  331  300  271  243  212  191  165  165                                   
    17.5-180.0 180.0   5.0 450.0                            LAT/LON1/LON2/DLON/H
  192  183  162  148  136  122  112  100   90   84   79   77   77   78   80   84
   92  104  122  143  165  183  196  207  218  232  252  276  307  344  385  426
  461  491  513  530  544  556  569  585  603  624  643  659  669  673  673  671
  667  660  651  639  623  603  579  553  527  504  484  467  451  434  418  400
  381  363  335  308  277  246  221  193  192                                   
    15.0-180.0 180.0   5.0 450.0                            LAT/LON1/LON2/DLON/H
  212  203  184  168  154  137  125  111   98   88   80   76   74   75   77   83
   92  107  128  152  176  196  211  223  235  250  270  296  329  367  408  446
  478  503  521  535  548  561  577  596  619  641  662  676  682  681  675  665
  654  642  629  614  599  580  557  531  506  483  466  453  442  431  419  405
  389  375  351  329  300  269  244  215  212                                   
    12.5-180.0 180.0   5.0 450.0                            LAT/LON1/LON2/DLON/H
  224  216  201  183  168  150  137  120  104   92   83   77   74   74   77   83
   94  111  134  160  186  208  225  239  253  270  291  318  350  387  424  459
  486  507  522  535  548  564  582  604  628  651  670  681  683  676  663  647
  629  612  596  580  564  547  526  501  476  455  439  429  422  414  405  394
  381  369  351  334  309  280  256  229  224                                   
    10.0-180.0 180.0   5.0 450.0                            LAT/LON1/LON2/DLON/H
  229  222  211  194  178  159  145  127  109   96   86   80   77   76   79   85
   97  115  139  168  195  219  239  255  272  291  315  342  373  406  439  468
  491  508  521  534  548  565  586  610  634  656  673  680  678  666  648  627
  607  586  568  551  536  520  501  478  454  433  417  408  402  395  387  376
  364  354  341  328  308  283  260  237  229                                   
     7.5-180.0 180.0   5.0 450.0                            LAT/LON1/LON2/DLON/H
  232  226  216  200  185  166  151  133  115  101   92   86   83   81   83   90
  102  120  145  175  204  229  251  270  291  314  340  368  397  426  454  477
