data/edconvlstm_nd/pred1010.15i
     1.0            IONOSPHERE MAPS     GNSS                IONEX VERSION / TYPE
pyspatialgeodesy        IME             05-JAN-18 20:20     PGM / RUN BY / DATE 
Map Name                                                    COMMENT             
Predicted global ionosphere maps (GIM).                     DESCRIPTION         
  2015     4    11     0     0     0                        EPOCH OF FIRST MAP  
  2015     4    12     0     0     0                        EPOCH OF LAST MAP   
  7200                                                      INTERVAL            
    13                                                      # OF MAPS IN FILE   
  NONE                                                      MAPPING FUNCTION    
10.0                                                        ELEVATION CUTOFF    
One-way carrier phase leveled to code                       OBSERVABLES USED    
  6371.0                                                    BASE RADIUS         
 2                                                          MAP DIMENSION       
   450.0 450.0   0.0                                        HGT1 / HGT2 / DHGT  
    87.5 -87.5  -2.5                                        LAT1 / LAT2 / DLAT  
  -180.0 180.0   5.0                                        LON1 / LON2 / DLON  
    -1                                                      EXPONENT            
                                                            END OF HEADER       
[from data line 5148]
    13                                                      START OF TEC MAP    
  2015     4    12     0     0     0                        EPOCH OF CURRENT MAP
    87.5-180.0 180.0   5.0 450.0                            LAT/LON1/LON2/DLON/H
  119  111  111  103  105  106  103  103  105  106  109  111  113  114  116  117
  118  119  119  119  118  118  117  115  114  113  111  110  109  107  106  105
  105  104  104  103  103  104  104  104  104  105  105  105  105  105  105  105
  105  104  104  104  103  103  102  102  101  101  100  100   99   98   98   98
   98   97   97   97   94  101  104  111  119                                   
    85.0-180.0 180.0   5.0 450.0                            LAT/LON1/LON2/DLON/H
  116  116   97  100  105  107  104  103  105  107  109  111  113  115  117  118
  119  120  120  120  119  118  116  114  113  110  108  106  104  102  101  100
   99   98   98   97   98   98   99  100  101  102  102  103  104  104  104  104
  104  104  104  103  103  103  102  102  102  102  101  101  101  101  100  101
  101  101  102  106  103  110  115  114  116                                   
    82.5-180.0 180.0   5.0 450.0                            LAT/LON1/LON2/DLON/H
  112  100  104  103  106  111  106  106  110  112  115  118  120  123  125  126
  127  127  127  126  125  123  120  118  114  111  107  103  100   97   94   92
   90   89   89   89   90   91   92   94   96   97   99  100  101  102  102  102
  102  102  102  102  102  101  101  101  101  102  102  102  102  103  103  104
  104  105  106  105  107  100  104  109  112                                   
    80.0-180.0 180.0   5.0 450.0                            LAT/LON1/LON2/DLON/H
  117  103  100   99  104  106  105  107  111  113  117  120  123  126  128  129
  130  130  129  127  125  122  118  114  110  104   99   94   89   85   81   78
   76   75   75   75   77   78   81   83   85   87   89   91   92   92   93   93
   93   92   92   92   92   92   92   92   93   94   95   96   97   99  100  103
  103  103  105  102  111  103  111  125  117                                   
    77.5-180.0 180.0   5.0 450.0                            LAT/LON1/LON2/DLON/H
  129  112  102  107  108  108  109  112  116  118  122  126  129  131  132  133
  132  131  129  127  125  122  118  113  107  101   95   89   83   78   73   70
   68   67   67   68   70   72   74   77   79   82   83   85   85   86   86   85
   85   84   84   84   84   84   84   85   87   88   90   92   95   97  100  104
  106  109  110  109  115  115  119  139  129                                   
    75.0-180.0 180.0   5.0 450.0                            LAT/LON1/LON2/DLON/H
  144  123  117  119  118  116  115  118  122  124  128  130  132  132  131  129
  127  124  122  120  117  114  111  107  102   96   89   83   77   71   67   64
   62   61   61   63   65   67   69   72   74   75   76   77   77   77   77   76
   75   75   74   74   74   75   76   78   80   83   86   89   92   96  100  105
  108  113  117  114  122  131  134  149  144                                   
    72.5-180.0 180.0   5.0 450.0                            LAT/LON1/LON2/DLON/H
  152  140  135  133  128  123  124  126  130  132  134  136  135  133  129  124
  120  116  113  111  109  108  106  103   99   93   87   81   75   69   65   62
   60   59   60   61   62   64   66   67   68   69   69   69   69   68   67   66
   66   65   65   65   66   68   70   72   75   78   82   86   90   94  100  105
  109  115  123  125  133  143  149  166  152                                   
    70.0-180.0 180.0   5.0 450.0                            LAT/LON1/LON2/DLON/H
  168  157  152  150  141  135  135  136  140  141  143  143  140  134  127  119
  112  107  103  102  101  101  101   99   96   92   86   80   74   69   65   63
   61   61   61   62   62   63   64   64   64   64   64   63   62   61   61   60
   60   61   62   63   65   68   70   74   78   82   86   90   94   99  104  110
  115  121  131  135  145  158  162  178  168                                   
    67.5-180.0 180.0   5.0 450.0                            LAT/LON1/LON2/DLON/H
  181  174  166  161  150  142  140  141  145  146  147  146  141  132  122  112
  103   96   92   91   92   94   95   94   92   88   83   77   72   67   64   61
   60   59   59   59   58   58   58   57   56   55   54   53   52   51   51   52
   53   54   56   59   62   66   70   74   79   84   88   93   98  102  107  113
  116  123  133  136  149  164  169  188  181                                   
    65.0-180.0 180.0   5.0 450.0                            LAT/LON1/LON2/DLON/H
  189  182  174  168  157  147  144  145  149  150  151  148  142  131  119  107
   97   90   86   86   88   90   91   91   89   85   80   75   70   66   62   60
   59   57   56   55   54   53   51   50   48   47   45   45   44   44   45   46
   48   51   55   59   64   69   74   79   84   90   95  100  105  109  114  118
  121  126  135  138  151  167  175  197  189                                   
    62.5-180.0 180.0   5.0 450.0                            LAT/LON1/LON2/DLON/H
  194  187  179  174  162  151  146  147  151  152  153  150  143  132  120  107
   97   90   87   87   88   90   90   89   85   81   76   71   66   63   60   58
   56   54   52   50   49   47   45   43   42   40   40   39   39   40   42   44
   47   51   56   61   67   73   79   85   91   97  103  109  114  119  123  126
  127  131  138  139  149  166  176  201  194                                   
    60.0-180.0 180.0   5.0 450.0                            LAT/LON1/LON2/DLON/H
  195  189  183  178  167  155  149  148  152  153  154  151  144  134  122  111
  102   96   93   92   92   91   90   86   81   75   70   66   62   60   58   55
   53   51   48   46   43   42   40   39   38   38   38   38   39   40   42   45
   49   53   59   65   72   79   85   90   96  102  109  116  122  128  132  135
  135  136  141  141  148  163  173  200  195                                   
    57.5-180.0 180.0   5.0 450.0                            LAT/LON1/LON2/DLON/H
  198  194  190  185  176  162  156  154  157  157  156  153  146  138  128  119
  112  107  104  101   98   94   89   83   76   70   65   62   60   59   57   55
   52   49   46   43   42   41   40   40   41   41   42   43   44   46   48   51
   54   59   65   72   79   85   91   96  101  107  114  122  130  137  143  147
  146  146  149  146  151  163  173  201  198                                   
    55.0-180.0 180.0   5.0 450.0                            LAT/LON1/LON2/DLON/H
  206  205  202  198  190  177  170  167  168  166  163  158  151  143  136  129
  124  119  115  110  104   97   89   81   73   67   64   62   62   61   60   58
   54   51   47   45   44   45   46   47   49   51   53   54   56   57   60   62
   66   71   76   83   89   95  100  104  107  112  118  128  138  147  155  160
  160  160  163  158  161  170  179  206  206                                   
    52.5-180.0 180.0   5.0 450.0                            LAT/LON1/LON2/DLON/H
  221  222  220  217  210  199  193  188  186  180  174  165  157  150  144  139
  135  130  124  116  108   99   89   81   74   69   66   66   67   68   67   64
   60   56   53   52   52   54   57   60   63   66   69   72   74   76   78   81
   84   88   93   98  104  108  111  113  114  117  124  134  146  158  168  176
  177  179  182  176  178  185  191  218  221                                   
    50.0-180.0 180.0   5.0 450.0                            LAT/LON1/LON2/DLON/H
  241  244  242  240  235  227  223  217  212  202  190  177  166  157  152  148
  144  137  129  120  110  101   92   84   79   75   74   75   77   78   76   73
   69   65   62   62   64   68   72   77   82   86   91   94   97  100  102  105
  107  110  114  118  122  125  125  124  124  126  132  143  156  170  183  192
  196  201  205  200  202  208  213  237  241                                   
    47.5-180.0 180.0   5.0 450.0                            LAT/LON1/LON2/DLON/H
  263  268  266  266  263  259  257  250  242  227  210  192  177  166  159  155
  149  141  132  122  113  105   98   93   88   86   86   87   89   88   86   82
   77   74   73   74   78   83   89   95  101  108  114  119  124  127  130  132
  133  135  137  139  141  142  141  139  137  138  144  156  170  185  199  209
  216  223  231  228  231  235  240  261  263                                   
    45.0-180.0 180.0   5.0 450.0                            LAT/LON1/LON2/DLON/H
  285  290  290  291  290  289  290  284  274  255  232  208  189  175  166  160
  152  143  134  125  118  113  108  105  102  100   99   99   99   97   93   89
   85   82   83   86   91   97  104  111  119  127  135  143  148  153  155  157
  158  158  158  159  160  161  160  157  155  156  163  175  190  205  218  228
  236  245  256  256  261  264  269  288  285                                   
    42.5-180.0 180.0   5.0 450.0                            LAT/LON1/LON2/DLON/H
  306  310  310  313  314  314  317  312  302  280  253  226  202  185  173  164
  155  146  137  130  126  124  122  120  117  114  112  109  106  102   97   93
   89   89   91   96  102  109  116  124  133  143  153  162  169  174  177  178
  178  177  176  176  178  180  181  180  180  183  191  203  218  231  242  251
  258  269  281  284  290  292  297  315  306                                   
    40.0-180.0 180.0   5.0 450.0                            LAT/LON1/LON2/DLON/H
  326  330  330  332  334  335  337  334  323  301  272  242  216  195  181  169
  159  150  143  139  137  137  137  135  131  126  121  116  110  104   98   94
   92   93   97  103  111  118  126  134  143  154  165  175  183  188  191  191
  191  190  189  190  193  198  202  205  208  214  224  238  252  264  273  279
  285  295  308  313  319  319  324  340  326                                   
    37.5-180.0 180.0   5.0 450.0                            LAT/LON1/LON2/DLON/H
  349  353  353  353  355  354  355  351  341  319  289  258  230  207  190  177
  166  158  153  151  152  153  152  148  142  134  127  119  112  105   99   95
   94   97  103  111  119  127  134  141  150  160  172  182  190  195  197  198
  197  196  196  198  203  211  220  228  236  246  259  274  290  301  308  313
  317  326  339  345  350  348  352  367  349                                   
    35.0-180.0 180.0   5.0 450.0                            LAT/LON1/LON2/DLON/H
  381  387  386  383  384  380  377  372  360  337  307  275  246  222  203  188
  177  171  167  167  167  167  163  156  148  138  130  122  115  109  104  101
  101  104  111  120  128  136  142  148  155  164  175  185  192  197  198  198
  197  197  197  200  207  219  232  246  260  274  291  309  326  339  347  352
  356  364  376  381  385  383  385  399  381                                   
    32.5-180.0 180.0   5.0 450.0                            LAT/LON1/LON2/DLON/H
  425  436  435  428  427  420  413  404  389  364  332  298  268  242  221  205
  194  187  184  183  181  177  169  159  149  141  134  129  125  120  116  114
  115  119  125  133  141  147  152  156  161  169  177  186  192  196  196  195
  194  193  194  198  207  222  240  259  277  296  316  337  358  375  386  394
  400  407  417  421  425  425  426  437  425                                   
    30.0-180.0 180.0   5.0 450.0                            LAT/LON1/LON2/DLON/H
  482  500  500  491  488  481  470  455  435  405  370  333  300  271  247  228
  215  206  202  197  190  181  170  159  151  146  145  145  145  143  141  139
  139  141  146  152  158  163  166  168  171  175  182  189  194  195  195  193
  191  189  190  194  204  220  241  264  286  307  330  355  380  402  421  435
  444  453  462  463  470  473  474  484  482                                   
    27.5-180.0 180.0   5.0 450.0                            LAT/LON1/LON2/DLON/H
  548  572  577  570  567  561  547  528  502  467  425  383  345  311  282  258
  240  227  217  207  194  180  168  160  157  159  166  173  178  180  179  176
  174  173  174  176  179  182  184  185  185  186  190  196  199  199  197  193
  189  186  186  190  199  216  239  264  288  311  335  362  391  420  447  468
  485  496  503  503  515  522  528  536  548                                   
    25.0-180.0 180.0   5.0 450.0                            LAT/LON1/LON2/DLON/H
  620  643  655  655  654  652  640  618  589  548  500  450  405  363  326  295
  269  249  231  213  194  179  168  166  173  185  201  215  226  230  228  223
  217  211  206  204  204  206  207  206  204  203  205  209  211  209  204  197
  190  186  184  187  195  212  235  261  287  312  337  366  398  433  466  494
  517  531  537  538  557  568  583  593  620                                   
    22.5-180.0 180.0   5.0 450.0                            LAT/LON1/LON2/DLON/H
  692  704  725  735  736  739  733  714  684  641  588  532  478  428  381  339
  303  271  243  218  196  181  178  185  203  226  250  270  282  284  280  271
  260  249  238  231  228  229  231  230  227  226  227  229  229  225  216  205
  195  188  184  184  191  207  230  257  285  311  338  368  403  441  479  513
  540  556  563  568  593  609  635  651  692                                   
    20.0-180.0 180.0   5.0 450.0                            LAT/LON1/LON2/DLON/H
  757  753  781  802  806  815  815  803  777  736  681  621  561  502  444  390
  341  297  259  228  205  196  202  222  250  282  309  328  336  333  323  309
  294  278  263  253  249  250  253  253  252  250  251  252  251  244  231  215
  201  190  184  182  187  201  225  253  282  309  338  369  406  446  487  524
  554  573  583  594  625  643  679  702  757                                   
    17.5-180.0 180.0   5.0 450.0                            LAT/LON1/LON2/DLON/H
  805  789  823  853  861  875  881  876  857  821  769  708  645  580  514  449
  387  332  286  251  231  230  248  279  316  348  370  378  374  361  343  326
  309  293  277  267  263  266  270  273  273  272  273  274  272  261  243  223
  204  190  180  176  179  193  216  245  275  305  335  368  406  448  490  528
  560  582  596  615  650  671  713  742  805                                   
    15.0-180.0 180.0   5.0 450.0                            LAT/LON1/LON2/DLON/H
  830  810  850  885  896  912  923  925  915  887  843  786  724  658  588  516
  445  382  330  295  281  289  318  356  392  413  417  405  382  357  335  318
  306  294  284  276  274  278  283  286  287  287  289  289  285  271  249  224
  201  184  173  166  168  180  203  232  264  295  327  363  403  446  488  527
  560  585  606  632  669  692  735  767  830                                   
    12.5-180.0 180.0   5.0 450.0                            LAT/LON1/LON2/DLON/H
  835  824  867  900  909  924  936  944  943  927  893  846  791  730  662  589
  516  450  397  365  358  375  409  443  463  460  436  399  361  329  308  299
  296  294  291  288  287  290  293  295  294  294  295  294  288  272  246  218
  193  174  161  154  154  164  186  215  247  280  315  353  396  441  484  522
  556  584  611  644  683  708  749  780  835                                   
    10.0-180.0 180.0   5.0 450.0                            LAT/LON1/LON2/DLON/H
  832  836  880  904  908  918  928  938  944  939  917  881  837  786  728  662
  595  534  487  461  459  478  505  521  512  476  423  367  322  293  283  286
  295  304  308  307  306  305  303  300  297  294  292  290  281  262  235  206
  180  161  148  140  139  149  169  198  230  264  300  342  388  434  478  516
  552  583  615  652  692  719  757  784  832                                   
     7.5-180.0 180.0   5.0 450.0                            LAT/LON1/LON2/DLON/H
  832  854  895  909  904  906  910  919  929  931  918  893  860  822  777  725
  671  622  585  566  565  576  582  568  524  458  386  327  289  275  280  296
