data/edconvlstm_nd/pred3620.15i
     1.0            IONOSPHERE MAPS     GNSS                IONEX VERSION / TYPE
pyspatialgeodesy        IME             05-JAN-18 20:20     PGM / RUN BY / DATE 
Map Name                                                    COMMENT             
Predicted global ionosphere maps (GIM).                     DESCRIPTION         
  2015    12    28     0     0     0                        EPOCH OF FIRST MAP  
  2015    12    29     0     0     0                        EPOCH OF LAST MAP   
  7200                                                      INTERVAL            
    13                                                      # OF MAPS IN FILE   
  NONE                                                      MAPPING FUNCTION    
10.0                                                        ELEVATION CUTOFF    
One-way carrier phase leveled to code                       OBSERVABLES USED    
  6371.0                                                    BASE RADIUS         
 2                                                          MAP DIMENSION       
   450.0 450.0   0.0                                        HGT1 / HGT2 / DHGT  
    87.5 -87.5  -2.5                                        LAT1 / LAT2 / DLAT  
  -180.0 180.0   5.0                                        LON1 / LON2 / DLON  
    -1                                                      EXPONENT            
                                                            END OF HEADER       
[from data line 1716]
     5                                                      START OF TEC MAP    
  2015    12    28     8     0     0                        EPOCH OF CURRENT MAP
    87.5-180.0 180.0   5.0 450.0                            LAT/LON1/LON2/DLON/H
   33   44   42   44   44   43   42   37   36   36   35   35   33   33   31   30
   29   28   27   27   26   25   25   24   24   24   24   23   23   23   23   23
   23   23   23   23   23   23   23   23   24   24   24   25   25   26   26   27
   28   28   29   30   31   31   32   32   33   33   34   34   34   35   35   35
   37   37   36   36   44   52   64   60   33                                   
    85.0-180.0 180.0   5.0 450.0                            LAT/LON1/LON2/DLON/H
   32   57   62   53   55   55   54   52   51   51   49   49   47   46   44   43
   42   41   40   39   38   38   37   37   37   37   37   38   38   38   38   38
   38   38   38   38   38   38   38   38   38   38   39   39   39   40   40   41
   42   43   43   44   45   46   46   47   48   48   49   49   49   50   50   51
   52   52   50   50   56   59   73   65   32                                   
    82.5-180.0 180.0   5.0 450.0                            LAT/LON1/LON2/DLON/H
   39   51   69   61   61   61   60   58   57   56   53   52   50   47   45   43
   41   39   38   36   35   35   34   34   34   34   35   35   36   36   37   37
   37   37   38   38   37   37   37   37   37   37   37   38   38   39   39   40
   41   42   43   44   45   45   46   47   48   48   49   49   50   50   50   51
   52   53   52   51   61   62   65   59   39                                   
    80.0-180.0 180.0   5.0 450.0                            LAT/LON1/LON2/DLON/H
   51   58   74   67   71   67   67   65   64   62   58   56   53   50   46   43
   40   38   36   34   33   32   32   32   32   33   34   35   36   37   38   39
   40   40   40   40   40   39   39   38   38   38   38   39   39   40   40   41
   42   43   44   45   46   47   48   48   49   49   49   50   50   50   51   51
   53   53   55   54   60   64   67   62   51                                   
    77.5-180.0 180.0   5.0 450.0                            LAT/LON1/LON2/DLON/H
   58   61   68   63   64   65   66   65   64   61   57   54   50   47   43   39
   36   33   30   28   27   26   26   27   28   29   31   33   34   36   37   38
   39   39   39   38   37   36   36   35   34   34   34   35   36   37   38   40
   41   43   45   46   47   47   48   48   48   47   47   47   46   46   46   45
   46   46   45   47   48   47   54   52   58                                   
    75.0-180.0 180.0   5.0 450.0                            LAT/LON1/LON2/DLON/H
   42   51   57   55   57   60   61   60   59   57   53   51   47   44   40   37
   33   30   28   26   25   25   25   27   28   30   32   35   37   39   40   40
   41   40   39   38   37   36   35   34   34   34   34   35   37   39   41   43
   46   48   50   51   52   52   52   51   50   49   47   46   45   43   42   41
   40   39   39   37   40   38   44   42   42                                   
    72.5-180.0 180.0   5.0 450.0                            LAT/LON1/LON2/DLON/H
   37   44   50   47   51   56   58   58   57   55   52   50   47   44   40   37
   34   31   29   27   26   26   27   28   30   33   35   37   40   41   42   42
   42   41   39   38   37   36   35   34   34   35   37   39   41   44   48   51
   55   58   60   62   62   61   60   58   55   53   50   48   46   44   41   39
   38   36   36   35   37   34   38   38   37                                   
    70.0-180.0 180.0   5.0 450.0                            LAT/LON1/LON2/DLON/H
   32   39   47   44   47   50   52   52   52   51   49   48   46   44   42   39
   37   35   33   31   30   30   31   33   35   37   39   41   43   44   44   43
   42   40   39   38   36   36   36   36   37   39   42   45   50   54   59   64
   69   73   75   76   76   74   71   67   63   59   56   53   49   46   43   41
   38   36   35   34   34   31   37   36   32                                   
    67.5-180.0 180.0   5.0 450.0                            LAT/LON1/LON2/DLON/H
   28   35   41   40   42   45   46   46   46   46   44   45   44   43   42   41
   39   37   35   34   33   33   34   36   37   39   41   42   42   42   41   40
   38   37   35   34   34   34   36   37   40   44   48   53   59   65   71   78
   83   88   90   91   89   86   81   75   70   64   60   56   52   49   45   42
   39   36   35   32   33   29   33   31   28                                   
    65.0-180.0 180.0   5.0 450.0                            LAT/LON1/LON2/DLON/H
   27   34   38   37   39   41   42   42   42   41   41   42   42   43   43   42
   42   40   39   38   37   37   38   39   40   41   41   41   41   40   39   37
   35   34   33   33   33   35   38   42   47   52   58   65   72   79   87   94
  100  105  107  107  105   99   93   85   78   71   66   62   58   54   50   47
   43   40   38   35   35   31   34   33   27                                   
    62.5-180.0 180.0   5.0 450.0                            LAT/LON1/LON2/DLON/H
   28   34   38   37   38   40   40   39   39   38   38   39   40   42   43   44
   44   43   42   41   40   40   40   40   41   41   41   40   39   37   36   34
   33   32   31   32   35   38   43   49   56   63   71   78   86   94  102  109
  116  121  123  123  119  112  104   95   86   79   73   68   64   60   56   52
   48   44   43   38   38   33   36   35   28                                   
    60.0-180.0 180.0   5.0 450.0                            LAT/LON1/LON2/DLON/H
   32   35   38   37   38   39   39   37   36   35   34   35   37   39   41   42
   43   42   41   40   39   39   39   39   38   38   37   36   34   33   32   31
   30   30   30   33   36   42   48   56   65   73   82   90   98  106  113  120
  127  132  135  134  130  123  113  103   93   86   80   75   70   66   61   56
   51   47   45   41   41   35   37   36   32                                   
    57.5-180.0 180.0   5.0 450.0                            LAT/LON1/LON2/DLON/H
   35   36   38   38   39   41   40   38   36   34   33   34   35   37   39   40
   41   41   40   38   37   37   37   36   36   35   33   32   31   30   30   29
   30   30   33   36   42   49   57   67   76   86   96  104  111  118  124  131
  137  142  145  145  141  134  124  114  104   96   90   85   80   75   69   62
   56   51   49   45   45   38   39   38   35                                   
    55.0-180.0 180.0   5.0 450.0                            LAT/LON1/LON2/DLON/H
   40   39   40   40   41   43   43   41   38   36   33   33   33   35   37   38
   39   38   37   36   35   34   34   34   33   32   31   30   29   29   29   30
   31   33   37   42   49   58   68   78   89  100  109  117  124  129  134  139
  145  150  154  155  152  145  136  126  117  110  104   99   93   86   78   70
   62   56   54   49   49   42   43   42   40                                   
    52.5-180.0 180.0   5.0 450.0                            LAT/LON1/LON2/DLON/H
   45   42   42   43   43   47   47   45   43   39   36   35   34   34   35   37
   37   37   35   34   33   32   32   32   31   30   29   29   29   29   30   32
   34   38   43   50   59   69   79   91  102  113  123  131  137  141  144  148
  152  157  162  164  163  157  149  141  133  126  121  115  109  101   91   81
   71   63   60   55   54   47   48   47   45                                   
    50.0-180.0 180.0   5.0 450.0                            LAT/LON1/LON2/DLON/H
   51   46   45   46   46   51   52   51   48   45   40   38   36   35   36   37
   37   36   35   33   32   32   31   31   31   30   29   29   30   31   33   35
   39   44   51   60   69   80   92  103  115  127  137  145  151  154  155  157
  160  165  169  172  173  169  162  155  148  142  137  132  125  116  104   92
   81   71   67   62   61   55   55   55   51                                   
    47.5-180.0 180.0   5.0 450.0                            LAT/LON1/LON2/DLON/H
   58   51   50   50   50   55   57   57   55   51   47   44   40   39   38   38
   39   38   36   35   33   33   33   33   33   32   32   31   32   33   35   38
   43   49   58   69   80   92  103  115  127  139  150  159  165  167  167  167
  169  172  176  180  181  179  173  167  160  155  151  146  139  128  116  103
   91   81   75   70   68   64   64   64   58                                   
    45.0-180.0 180.0   5.0 450.0                            LAT/LON1/LON2/DLON/H
   63   57   54   54   53   59   62   63   62   59   55   51   47   44   43   43
   43   42   41   39   37   37   36   36   36   36   35   35   35   36   38   41
   46   54   64   77   89  102  114  126  139  151  163  173  179  181  180  178
  178  179  183  186  187  185  180  174  169  164  160  154  147  137  124  112
   99   89   83   77   75   72   73   73   63                                   
    42.5-180.0 180.0   5.0 450.0                            LAT/LON1/LON2/DLON/H
   67   63   58   59   57   63   65   68   68   67   64   60   56   52   50   49
   50   50   48   47   45   43   43   42   42   41   40   40   39   38   39   41
   47   56   68   83   98  111  124  137  149  162  175  185  191  194  193  190
  187  187  188  190  190  188  183  177  172  167  163  157  150  140  129  117
  106   95   88   82   79   77   78   79   67                                   
    40.0-180.0 180.0   5.0 450.0                            LAT/LON1/LON2/DLON/H
   69   65   61   61   60   65   67   71   73   74   73   70   66   62   59   59
   59   59   59   57   54   52   51   50   49   47   46   44   41   40   39   41
   47   57   72   88  105  120  134  147  159  172  185  195  202  206  205  201
  197  194  193  193  192  189  184  178  172  167  163  157  150  140  130  120
  109   99   92   83   80   77   78   79   69                                   
    37.5-180.0 180.0   5.0 450.0                            LAT/LON1/LON2/DLON/H
   67   65   61   61   60   64   67   71   75   79   79   79   76   72   70   69
   70   71   71   69   66   62   59   57   55   53   50   47   44   41   40   41
   47   59   76   95  113  130  144  157  169  181  193  204  212  216  216  213
  208  203  199  196  193  190  185  180  174  169  164  158  150  141  131  122
  113  101   93   82   77   71   72   74   67                                   
    35.0-180.0 180.0   5.0 450.0                            LAT/LON1/LON2/DLON/H
   63   62   59   58   57   61   64   68   74   79   83   85   84   81   79   78
   79   81   81   80   76   72   68   64   60   58   54   51   47   44   42   44
   51   64   82  102  123  140  155  167  179  190  201  211  220  225  227  225
  220  214  208  203  199  195  192  188  183  178  173  165  157  147  138  129
  118  106   95   81   72   62   62   64   63                                   
    32.5-180.0 180.0   5.0 450.0                            LAT/LON1/LON2/DLON/H
   58   56   54   54   53   56   59   63   70   76   82   87   88   87   85   85
   87   89   90   89   85   80   75   69   65   62   59   55   52   49   48   50
   58   72   91  112  133  151  167  179  189  199  209  219  228  236  240  240
  236  229  222  216  211  209  207  205  203  199  194  186  176  165  154  144
  132  116  103   84   70   52   52   55   58                                   
    30.0-180.0 180.0   5.0 450.0                            LAT/LON1/LON2/DLON/H
   55   51   49   50   49   52   54   58   63   70   78   85   88   89   89   89
   91   93   95   94   91   86   80   74   69   65   63   60   58   56   56   59
   67   82  101  123  145  164  179  192  202  210  219  228  239  248  255  257
  255  249  242  236  233  232  234  235  236  234  229  221  209  196  183  171
  156  137  120   94   75   49   47   51   55                                   
    27.5-180.0 180.0   5.0 450.0                            LAT/LON1/LON2/DLON/H
   56   49   46   47   46   49   51   52   57   63   71   79   84   87   87   88
   91   94   96   96   93   89   82   76   71   68   66   65   64   63   64   68
   78   93  112  135  157  177  194  207  217  225  233  242  254  265  275  279
  279  274  269  264  264  266  272  277  281  281  277  268  256  241  225  209
  191  169  149  116   91   56   52   56   56                                   
    25.0-180.0 180.0   5.0 450.0                            LAT/LON1/LON2/DLON/H
   64   53   48   47   46   48   49   49   51   56   62   70   77   81   83   85
   87   90   93   94   92   88   83   77   73   70   68   67   67   68   70   76
   87  103  123  146  169  190  209  224  235  243  251  261  274  287  299  306
  307  305  302  301  303  310  319  328  334  336  333  324  311  294  275  256
  234  210  187  149  120   77   69   72   64                                   
    22.5-180.0 180.0   5.0 450.0                            LAT/LON1/LON2/DLON/H
   81   64   56   52   50   52   52   49   48   51   56   62   68   73   76   78
   81   84   87   88   88   85   81   77   72   70   68   68   68   70   74   82
   94  111  132  156  180  204  224  241  255  265  275  286  299  314  327  335
  339  340  340  342  349  359  372  384  392  394  391  383  369  350  328  306
  281  256  230  190  160  112  100  101   81                                   
    20.0-180.0 180.0   5.0 450.0                            LAT/LON1/LON2/DLON/H
  107   85   73   64   60   61   58   53   50   49   52   57   62   66   69   72
   74   77   79   81   82   81   78   75   71   68   66   65   66   69   75   85
   98  116  138  163  190  215  239  259  276  289  301  313  328  343  357  366
  372  375  378  384  394  407  422  435  443  446  443  435  420  400  377  353
  327  301  275  236  207  156  142  140  107                                   
    17.5-180.0 180.0   5.0 450.0                            LAT/LON1/LON2/DLON/H
  139  114   98   84   77   75   70   63   56   53   53   55   59   62   65   68
   70   71   73   74   76   76   75   72   69   65   63   61   62   66   73   84
   99  118  142  169  197  225  252  275  295  311  326  341  356  372  385  394
  401  405  411  419  431  446  461  473  481  482  479  471  457  438  414  389
  364  340  314  280  253  204  188  184  139                                   
    15.0-180.0 180.0   5.0 450.0                            LAT/LON1/LON2/DLON/H
  173  146  128  110   99   92   85   76   68   62   59   59   61   63   65   67
   68   69   69   70   72   73   73   71   67   63   59   57   57   61   69   81
   98  119  144  173  203  233  262  288  311  331  348  365  381  395  407  416
  422  427  434  443  455  470  484  494  499  499  495  487  475  458  435  412
  389  368  345  316  292  248  231  225  173                                   
    12.5-180.0 180.0   5.0 450.0                            LAT/LON1/LON2/DLON/H
  202  175  157  135  121  111  103   93   83   75   70   68   68   69   70   71
   71   71   70   70   72   73   73   71   67   62   57   54   53   57   66   79
   98  120  147  176  207  238  269  298  323  345  365  382  398  411  421  428
  434  440  447  456  468  481  493  499  501  498  494  487  477  462  442  422
  401  384  364  340  319  282  265  257  202                                   
    10.0-180.0 180.0   5.0 450.0                            LAT/LON1/LON2/DLON/H
  223  197  180  156  140  127  118  109   99   91   85   81   79   78   79   79
   78   77   75   75   75   76   76   73   69   63   57   53   52   56   65   80
   99  123  149  179  210  242  273  303  329  353  374  392  406  418  426  433
  439  445  452  461  472  483  492  495  494  489  484  477  469  456  440  422
  405  390  373  353  335  303  285  276  223                                   
     7.5-180.0 180.0   5.0 450.0                            LAT/LON1/LON2/DLON/H
  234  209  193  169  154  140  131  123  114  107  101   96   93   91   90   89
   88   86   84   83   83   83   82   79   73   66   60   55   54   58   68   83
