data/edconvlstm_nd/pred1980.15i
     1.0            IONOSPHERE MAPS     GNSS                IONEX VERSION / TYPE
pyspatialgeodesy        IME             05-JAN-18 20:20     PGM / RUN BY / DATE 
Map Name                                                    COMMENT             
Predicted global ionosphere maps (GIM).                     DESCRIPTION         
  2015     7    17     0     0     0                        EPOCH OF FIRST MAP  
  2015     7    18     0     0     0                        EPOCH OF LAST MAP   
  7200                                                      INTERVAL            
    13                                                      # OF MAPS IN FILE   
  NONE                                                      MAPPING FUNCTION    
10.0                                                        ELEVATION CUTOFF    
One-way carrier phase leveled to code                       OBSERVABLES USED    
  6371.0                                                    BASE RADIUS         
 2                                                          MAP DIMENSION       
   450.0 450.0   0.0                                        HGT1 / HGT2 / DHGT  
    87.5 -87.5  -2.5                                        LAT1 / LAT2 / DLAT  
  -180.0 180.0   5.0                                        LON1 / LON2 / DLON  
    -1                                                      EXPONENT            
                                                            END OF HEADER       
[from data line 3432]
     9                                                      START OF TEC MAP    
  2015     7    17    16     0     0                        EPOCH OF CURRENT MAP
    87.5-180.0 180.0   5.0 450.0                            LAT/LON1/LON2/DLON/H
  159  159  152  160  162  161  161  160  160  161  161  161  161  161  161  161
  161  160  160  160  159  159  158  157  157  156  155  155  154  153  153  152
  151  151  150  150  149  149  148  148  148  148  148  148  148  148  148  149
  149  149  150  151  151  152  152  153  153  154  154  155  155  155  156  156
  156  157  155  155  163  160  166  160  159                                   
    85.0-180.0 180.0   5.0 450.0                            LAT/LON1/LON2/DLON/H
  154  156  165  159  158  162  162  164  165  166  165  166  166  166  166  166
  166  166  166  165  165  164  163  163  162  161  160  159  159  158  157  156
  155  154  154  153  152  152  151  151  150  150  150  150  150  150  151  151
  152  153  153  154  155  156  156  157  158  159  159  160  160  161  161  161
  162  163  160  158  159  154  157  158  154                                   
    82.5-180.0 180.0   5.0 450.0                            LAT/LON1/LON2/DLON/H
  138  148  150  147  147  150  153  154  154  156  156  157  158  158  159  159
  160  160  160  159  159  158  158  157  157  156  155  154  154  153  152  151
  150  149  148  147  146  145  145  144  144  143  143  143  143  143  144  144
  145  146  146  147  148  149  150  151  152  152  153  153  153  153  153  153
  154  153  150  152  149  154  148  140  138                                   
    80.0-180.0 180.0   5.0 450.0                            LAT/LON1/LON2/DLON/H
  129  136  141  140  139  140  143  147  149  151  152  154  155  157  158  158
  159  159  159  159  158  158  157  156  155  155  154  153  152  150  149  148
  146  145  144  143  141  140  140  139  138  138  137  137  137  137  137  138
  138  139  140  141  143  144  145  145  146  146  147  147  147  147  147  147
  147  146  144  145  140  138  137  132  129                                   
    77.5-180.0 180.0   5.0 450.0                            LAT/LON1/LON2/DLON/H
  128  128  132  132  132  134  136  139  141  143  145  147  149  151  153  154
  155  156  156  156  156  155  155  154  154  153  152  152  151  150  149  148
  146  145  144  143  142  141  140  139  138  137  137  136  136  135  135  135
  136  137  137  138  139  140  141  141  141  141  141  140  139  139  138  138
  137  137  135  136  136  129  130  129  128                                   
    75.0-180.0 180.0   5.0 450.0                            LAT/LON1/LON2/DLON/H
  122  124  126  127  128  131  132  135  137  141  143  146  148  151  153  154
  155  156  157  157  157  157  156  156  156  155  155  155  154  153  153  152
  151  150  148  147  146  145  145  144  143  142  141  140  138  137  137  136
  136  136  137  137  138  139  139  139  139  138  137  136  135  134  133  133
  132  132  132  129  131  126  127  116  122                                   
    72.5-180.0 180.0   5.0 450.0                            LAT/LON1/LON2/DLON/H
  117  120  122  126  125  129  131  133  135  138  140  143  145  148  150  152
  153  154  154  154  154  154  154  154  153  153  153  152  152  152  151  151
  151  151  150  150  149  148  148  147  146  145  144  143  141  139  138  137
  136  136  136  136  136  137  137  136  135  134  132  130  129  127  126  126
  125  125  125  123  124  122  123  119  117                                   
    70.0-180.0 180.0   5.0 450.0                            LAT/LON1/LON2/DLON/H
  116  120  122  125  125  128  130  133  135  138  139  142  145  147  149  150
  152  152  153  153  153  153  153  152  152  151  150  150  149  150  150  151
  152  152  152  152  152  152  152  151  151  150  149  147  145  142  140  138
  137  136  135  135  136  135  135  134  133  131  128  126  124  123  122  122
  121  121  122  121  122  121  125  120  116                                   
    67.5-180.0 180.0   5.0 450.0                            LAT/LON1/LON2/DLON/H
  117  123  125  130  130  134  136  139  141  143  144  147  149  151  152  154
  155  155  155  155  155  155  154  153  151  149  148  147  147  147  149  150
  152  153  154  155  155  155  156  156  156  156  155  153  151  148  145  143
  141  140  139  139  139  139  138  137  135  133  130  127  125  123  122  122
  121  121  122  120  121  120  124  120  117                                   
    65.0-180.0 180.0   5.0 450.0                            LAT/LON1/LON2/DLON/H
  117  124  126  131  132  137  139  142  144  146  147  149  151  152  154  155
  155  156  156  156  155  154  153  151  149  147  144  143  143  144  146  149
  152  154  155  156  157  158  159  160  160  161  160  158  155  152  149  146
  145  143  143  143  142  142  141  139  137  134  131  128  126  123  122  121
  121  120  121  120  121  121  126  123  117                                   
    62.5-180.0 180.0   5.0 450.0                            LAT/LON1/LON2/DLON/H
  114  123  125  131  133  139  142  145  147  149  150  151  153  154  155  156
  157  157  157  156  155  154  152  150  147  144  141  140  140  141  145  148
  152  155  156  157  158  159  160  161  163  164  163  162  159  156  153  150
  149  148  147  147  147  147  145  143  140  137  133  130  127  124  122  121
  120  119  119  118  118  118  122  120  114                                   
    60.0-180.0 180.0   5.0 450.0                            LAT/LON1/LON2/DLON/H
  110  118  122  128  131  137  141  145  147  149  150  151  152  153  155  156
  157  157  156  155  154  152  150  148  145  141  139  138  138  141  145  150
  154  157  158  159  159  160  161  163  165  167  167  166  163  160  157  155
  153  153  153  153  153  152  150  147  143  139  135  131  128  124  122  120
  118  116  115  113  113  112  117  115  110                                   
    57.5-180.0 180.0   5.0 450.0                            LAT/LON1/LON2/DLON/H
  103  111  116  123  127  135  140  144  146  148  148  149  150  152  154  156
  157  157  155  154  152  150  148  146  144  141  139  139  141  145  150  155
  159  162  163  163  163  163  164  167  169  170  171  170  168  165  162  160
  159  159  159  159  159  157  154  150  146  141  137  132  128  124  121  118
  115  112  110  107  106  105  110  108  103                                   
    55.0-180.0 180.0   5.0 450.0                            LAT/LON1/LON2/DLON/H
   96  104  110  117  122  131  137  141  144  145  145  146  147  149  152  155
  156  156  154  151  149  147  146  145  144  143  142  143  146  151  157  162
  167  169  169  168  167  167  169  171  173  175  176  175  173  170  168  166
  166  166  166  166  165  162  158  153  148  142  137  132  127  123  119  115
  111  108  105  101   99   98  102  101   96                                   
    52.5-180.0 180.0   5.0 450.0                            LAT/LON1/LON2/DLON/H
   91   98  105  112  117  128  134  139  142  143  142  143  144  146  150  153
  155  154  152  149  146  144  144  144  145  146  147  149  153  159  165  171
  174  176  176  174  173  173  174  176  179  181  181  180  179  176  174  173
  172  172  172  171  169  165  160  154  148  143  137  132  127  122  117  113
  108  104  101   96   94   93   96   97   91                                   
    50.0-180.0 180.0   5.0 450.0                            LAT/LON1/LON2/DLON/H
   89   96  102  109  115  126  133  139  142  143  142  142  143  145  149  152
  154  154  151  147  144  143  143  145  148  151  154  157  162  167  173  178
  181  182  182  181  180  180  181  183  186  187  188  188  186  184  182  180
  179  178  177  175  172  167  161  155  149  144  138  133  128  122  117  112
  107  103  100   95   93   91   95   96   89                                   
    47.5-180.0 180.0   5.0 450.0                            LAT/LON1/LON2/DLON/H
   91   98  104  110  115  127  135  142  146  148  146  145  145  146  149  153
  155  155  152  149  146  145  147  150  154  157  161  165  170  175  180  184
  187  188  188  188  187  188  190  192  194  196  196  196  194  193  190  188
  186  184  181  178  174  168  162  157  151  146  141  136  131  125  120  115
  110  106  103   98   96   94   98   99   91                                   
    45.0-180.0 180.0   5.0 450.0                            LAT/LON1/LON2/DLON/H
   96  103  107  114  118  131  139  147  153  155  154  153  151  151  153  156
  158  158  157  154  153  153  155  158  163  166  170  173  177  181  185  189
  192  194  195  197  198  199  201  202  204  205  206  206  205  203  200  197
  194  190  185  180  175  170  164  159  155  151  147  143  137  131  126  121
  116  112  109  104  102  100  104  106   96                                   
    42.5-180.0 180.0   5.0 450.0                            LAT/LON1/LON2/DLON/H
  102  109  112  118  123  135  145  154  162  166  165  163  160  158  159  161
  163  165  165  164  164  165  168  171  175  177  179  181  184  187  191  195
  199  204  207  211  213  214  215  216  216  217  217  217  216  215  211  207
  201  195  189  183  177  172  167  163  161  158  156  152  147  140  134  129
  125  121  118  113  111  109  112  113  102                                   
    40.0-180.0 180.0   5.0 450.0                            LAT/LON1/LON2/DLON/H
  107  114  115  122  126  139  150  161  171  177  178  176  172  169  167  168
  171  173  176  178  180  183  186  189  190  191  191  192  193  196  200  206
  213  220  227  232  235  235  235  233  232  231  231  231  230  228  224  217
  210  202  193  186  180  176  172  170  169  168  167  163  158  151  144  139
  134  131  128  123  120  117  120  119  107                                   
    37.5-180.0 180.0   5.0 450.0                            LAT/LON1/LON2/DLON/H
  110  115  116  122  127  140  153  166  178  187  190  190  186  181  178  178
  180  185  190  195  200  204  207  209  208  207  205  205  206  210  217  226
  237  247  256  262  264  263  259  255  251  248  247  247  246  243  237  229
  219  209  199  191  185  181  179  178  178  179  177  174  169  161  154  148
  143  140  137  132  127  124  125  123  110                                   
    35.0-180.0 180.0   5.0 450.0                            LAT/LON1/LON2/DLON/H
  110  114  114  119  125  138  152  167  182  194  200  202  199  194  191  190
  192  198  206  214  222  228  231  231  228  225  223  223  226  233  243  256
  271  285  295  301  300  296  288  280  273  268  266  264  262  258  251  241
  229  217  206  197  191  188  187  187  187  188  187  183  177  170  162  156
  150  147  143  139  133  129  128  125  110                                   
    32.5-180.0 180.0   5.0 450.0                            LAT/LON1/LON2/DLON/H
  109  111  111  115  121  134  149  165  182  196  206  211  211  208  205  204
  206  213  222  233  243  250  254  253  250  246  244  246  253  264  279  296
  314  330  341  344  341  331  319  307  297  290  285  283  279  273  265  253
  240  226  213  204  197  194  194  194  194  193  191  188  182  174  166  160
  154  151  148  143  137  132  129  125  109                                   
    30.0-180.0 180.0   5.0 450.0                            LAT/LON1/LON2/DLON/H
  108  107  107  110  116  129  144  160  178  195  208  217  221  221  220  219
  222  229  239  250  261  270  275  275  272  270  270  275  286  302  321  343
  363  379  388  389  381  367  350  334  321  312  306  301  296  288  277  264
  249  234  221  210  203  199  198  197  196  194  191  187  181  173  166  160
  155  153  150  147  140  134  130  125  108                                   
    27.5-180.0 180.0   5.0 450.0                            LAT/LON1/LON2/DLON/H
  110  107  106  107  113  125  139  154  172  191  207  220  229  233  235  236
  239  245  254  265  277  287  293  295  295  295  298  308  323  343  367  390
  411  426  432  428  415  397  377  358  343  332  325  319  311  301  289  274
  258  242  227  215  206  202  199  197  194  190  186  181  175  169  163  158
  154  153  151  149  144  137  132  128  110                                   
    25.0-180.0 180.0   5.0 450.0                            LAT/LON1/LON2/DLON/H
  115  110  108  109  113  124  136  150  168  187  205  222  236  245  250  253
  255  260  268  278  289  301  309  314  317  321  328  342  361  384  409  432
  451  463  465  457  441  420  398  378  362  351  342  334  325  313  298  282
  265  248  231  217  207  201  197  194  189  183  177  172  167  161  157  154
  152  152  151  151  148  142  135  133  115                                   
    22.5-180.0 180.0   5.0 450.0                            LAT/LON1/LON2/DLON/H
  123  116  113  113  116  126  137  149  166  185  205  224  242  255  264  269
  272  276  281  289  300  312  323  332  338  346  357  374  396  420  444  465
  480  487  485  473  455  433  411  392  377  366  356  347  336  322  306  288
  270  251  233  217  206  198  193  188  182  175  168  162  157  154  152  150
  149  150  151  153  152  147  141  140  123                                   
    20.0-180.0 180.0   5.0 450.0                            LAT/LON1/LON2/DLON/H
  132  126  121  121  122  130  139  150  166  185  206  228  247  264  276  284
  288  291  294  301  311  324  337  348  359  370  384  402  424  446  467  484
  494  497  491  477  458  438  419  402  388  377  368  358  345  330  312  292
  273  252  233  215  202  193  187  181  175  167  160  154  150  148  147  147
  146  149  150  154  155  151  146  147  132                                   
    17.5-180.0 180.0   5.0 450.0                            LAT/LON1/LON2/DLON/H
  140  134  128  129  128  134  142  153  169  188  209  231  253  271  286  296
  302  305  308  313  323  336  350  364  377  390  405  423  443  463  480  491
  496  494  485  471  454  437  421  407  396  387  378  367  353  335  316  295
  273  251  230  212  198  188  182  176  170  163  155  149  146  144  144  145
  144  147  149  153  156  153  150  151  140                                   
    15.0-180.0 180.0   5.0 450.0                            LAT/LON1/LON2/DLON/H
  144  140  133  134  132  136  144  155  171  191  212  235  256  276  293  305
  313  317  321  326  335  348  363  378  392  406  421  437  455  471  483  489
  489  483  472  460  447  434  422  412  402  394  385  373  358  339  318  295
  272  249  227  208  194  185  179  175  169  162  155  149  145  143  143  143
  142  144  146  151  154  152  150  152  144                                   
    12.5-180.0 180.0   5.0 450.0                            LAT/LON1/LON2/DLON/H
  143  141  133  134  131  135  143  155  172  193  214  236  257  277  295  310
  320  326  332  338  347  360  375  390  404  418  431  446  461  473  481  483
  478  470  460  450  441  433  424  416  407  399  389  377  360  340  317  293
  269  244  222  203  190  182  178  175  172  166  158  151  146  143  142  141
  139  141  142  146  149  147  146  147  143                                   
    10.0-180.0 180.0   5.0 450.0                            LAT/LON1/LON2/DLON/H
  139  137  130  130  126  129  137  151  170  192  214  235  255  275  293  310
  323  332  339  347  357  370  384  399  412  425  438  450  463  473  478  476
  470  461  452  446  440  435  428  419  410  400  390  376  359  338  314  288
  262  237  215  197  185  179  177  177  175  171  163  155  147  142  140  137
  134  135  135  138  141  140  139  138  139                                   
     7.5-180.0 180.0   5.0 450.0                            LAT/LON1/LON2/DLON/H
  131  130  124  123  119  120  130  144  165  188  210  231  251  270  289  306
  321  333  342  352  363  376  389  403  416  429  441  453  464  472  475  473
