data/edconvlstm_nd/pred0570.15i
     1.0            IONOSPHERE MAPS     GNSS                IONEX VERSION / TYPE
pyspatialgeodesy        IME             05-JAN-18 20:20     PGM / RUN BY / DATE 
Map Name                                                    COMMENT             
Predicted global ionosphere maps (GIM).                     DESCRIPTION         
  2015     2    26     0     0     0                        EPOCH OF FIRST MAP  
  2015     2    27     0     0     0                        EPOCH OF LAST MAP   
  7200                                                      INTERVAL            
    13                                                      # OF MAPS IN FILE   
  NONE                                                      MAPPING FUNCTION    
10.0                                                        ELEVATION CUTOFF    
One-way carrier phase leveled to code                       OBSERVABLES USED    
  6371.0                                                    BASE RADIUS         
 2                                                          MAP DIMENSION       
   450.0 450.0   0.0                                        HGT1 / HGT2 / DHGT  
    87.5 -87.5  -2.5                                        LAT1 / LAT2 / DLAT  
  -180.0 180.0   5.0                                        LON1 / LON2 / DLON  
    -1                                                      EXPONENT            
                                                            END OF HEADER       
[from data line 1287]
     4                                                      START OF TEC MAP    
  2015     2    26     6     0     0                        EPOCH OF CURRENT MAP
    87.5-180.0 180.0   5.0 450.0                            LAT/LON1/LON2/DLON/H
   86   85   83   88   89   89   88   86   88   90   92   94   96   97   98   99
  100  101  102  102  103  103  103  103  102  102  101  101  100  100   99   98
   98   97   97   96   96   96   96   96   96   96   97   97   98   98   99   99
  100  100  100  100   99   99   98   97   96   94   93   91   90   88   86   85
   85   85   82   81   86   89   95   91   86                                   
    85.0-180.0 180.0   5.0 450.0                            LAT/LON1/LON2/DLON/H
   76   86   80   82   85   86   87   87   89   92   93   96   98  100  102  103
  105  106  107  108  108  108  108  108  108  107  106  105  105  104  103  102
  102  101  101  101  101  101  101  102  102  103  105  106  107  109  110  112
  113  114  115  115  115  115  114  113  112  110  109  106  104  102   99   97
   97   96   90   90   87   89   92   88   76                                   
    82.5-180.0 180.0   5.0 450.0                            LAT/LON1/LON2/DLON/H
   75   74   77   74   74   75   76   76   79   82   84   88   91   94   96   99
  101  102  104  104  105  105  105  104  103  102  101   99   98   97   96   95
   94   94   94   94   95   95   97   98  100  103  105  109  112  115  119  122
  125  128  130  131  132  133  133  132  130  128  125  122  119  115  111  108
  105  102   95   92   93   86   79   77   75                                   
    80.0-180.0 180.0   5.0 450.0                            LAT/LON1/LON2/DLON/H
   79   67   63   60   62   60   62   63   67   70   73   78   82   86   89   92
   95   97   99  100  101  101  100   99   98   96   94   92   91   89   88   87
   87   87   87   87   88   89   91   94   97  101  105  111  116  122  129  135
  140  146  150  153  156  157  158  157  156  153  150  146  141  135  130  125
  119  112  106  100   98   90   86   77   79                                   
    77.5-180.0 180.0   5.0 450.0                            LAT/LON1/LON2/DLON/H
   85   67   59   56   53   52   53   54   58   61   65   71   75   80   84   88
   91   94   96   97   98   98   97   96   94   91   89   87   85   83   82   82
   82   82   83   84   86   88   90   94   99  104  111  118  127  136  145  155
  164  172  179  185  190  193  194  194  193  190  186  181  175  168  161  154
  146  138  126  120  112   96   89   84   85                                   
    75.0-180.0 180.0   5.0 450.0                            LAT/LON1/LON2/DLON/H
   89   72   59   55   50   48   48   48   51   54   57   62   66   70   74   78
   81   84   87   89   90   90   90   88   86   83   81   78   76   75   75   75
   75   76   77   78   80   82   85   90   95  102  111  121  132  144  157  170
  182  193  203  212  218  222  224  225  223  220  216  210  204  196  188  181
  171  162  151  137  128  113  104   96   89                                   
    72.5-180.0 180.0   5.0 450.0                            LAT/LON1/LON2/DLON/H
   99   81   67   61   56   54   53   53   54   56   59   63   66   69   71   74
   77   80   83   86   88   89   88   87   84   81   78   76   74   72   72   73
   73   75   76   78   80   82   86   90   97  105  116  128  142  157  173  189
  205  219  231  241  248  253  255  256  254  250  245  238  231  223  215  207
  198  189  179  166  154  137  126  117   99                                   
    70.0-180.0 180.0   5.0 450.0                            LAT/LON1/LON2/DLON/H
  114   94   80   72   64   60   57   56   57   58   59   61   62   64   65   67
   69   72   75   79   82   83   84   83   80   77   73   70   68   67   67   67
   68   70   71   72   74   76   80   85   93  102  114  129  145  163  182  201
  219  236  250  261  269  274  276  276  273  268  262  254  246  238  229  222
  214  205  196  184  173  158  150  141  114                                   
    67.5-180.0 180.0   5.0 450.0                            LAT/LON1/LON2/DLON/H
  121  103   89   81   71   66   63   61   61   61   61   62   61   61   61   62
   63   66   70   74   78   81   82   81   78   74   70   67   64   62   62   62
   62   63   64   64   66   68   72   77   85   96  110  126  145  165  186  207
  228  246  262  274  282  287  288  286  282  276  268  259  250  240  231  223
  216  207  200  189  181  168  161  155  121                                   
    65.0-180.0 180.0   5.0 450.0                            LAT/LON1/LON2/DLON/H
  129  112   97   88   78   71   68   66   67   67   66   65   63   61   60   60
   61   64   68   73   77   80   82   81   78   74   69   65   62   60   58   58
   58   57   57   57   58   61   65   72   81   93  108  126  146  168  191  214
  236  255  272  284  292  296  296  293  287  280  271  261  251  240  230  222
  214  206  200  189  184  175  170  165  129                                   
    62.5-180.0 180.0   5.0 450.0                            LAT/LON1/LON2/DLON/H
  133  116  102   92   81   74   70   69   70   70   69   68   65   63   61   61
   62   65   69   74   78   81   82   81   78   73   68   63   60   57   55   54
   52   51   50   50   51   54   60   68   79   93  109  128  149  171  195  218
  241  261  278  290  297  301  300  296  290  282  273  262  252  240  229  220
  210  202  196  186  182  174  172  166  133                                   
    60.0-180.0 180.0   5.0 450.0                            LAT/LON1/LON2/DLON/H
  136  118  103   91   80   71   67   66   68   69   68   68   66   64   63   63
   64   67   70   75   78   80   81   79   75   70   65   60   56   53   51   49
   47   45   44   44   45   49   56   67   79   95  112  132  152  175  197  221
  243  263  280  292  300  303  302  298  292  285  276  266  255  244  231  221
  210  199  192  182  179  171  169  162  136                                   
    57.5-180.0 180.0   5.0 450.0                            LAT/LON1/LON2/DLON/H
  140  121  105   90   78   67   62   61   63   64   65   66   65   64   64   65
   67   69   72   75   77   78   77   75   71   66   61   56   52   50   48   46
   44   42   40   40   43   49   58   70   85  102  120  139  159  180  202  225
  246  266  283  295  303  307  307  304  299  293  285  277  266  255  242  231
  218  205  197  185  181  171  168  160  140                                   
    55.0-180.0 180.0   5.0 450.0                            LAT/LON1/LON2/DLON/H
  148  128  110   92   79   66   58   56   57   57   58   60   60   61   63   65
   68   70   72   74   74   74   72   69   65   60   56   52   49   47   45   44
   42   40   39   40   44   52   63   77   93  111  129  148  167  188  209  230
  251  271  288  301  310  314  315  313  310  305  300  292  283  272  260  247
  233  219  209  195  189  176  172  162  148                                   
    52.5-180.0 180.0   5.0 450.0                            LAT/LON1/LON2/DLON/H
  161  140  121  101   87   70   60   54   53   52   52   53   55   57   61   64
   67   70   71   71   70   69   67   64   60   56   52   49   47   46   45   44
   43   42   42   44   50   59   72   87  104  122  140  159  178  197  218  238
  259  279  296  309  319  324  326  326  324  321  316  310  302  292  280  267
  252  238  226  210  202  186  180  171  161                                   
    50.0-180.0 180.0   5.0 450.0                            LAT/LON1/LON2/DLON/H
  177  157  137  118  101   82   69   60   54   50   48   49   51   54   58   62
   66   68   69   68   67   65   63   60   56   53   50   48   47   47   47   47
   47   46   48   51   58   69   83   99  116  134  152  171  189  209  229  250
  270  289  307  321  331  337  339  339  338  336  332  326  318  309  297  285
  271  258  245  227  217  200  194  185  177                                   
    47.5-180.0 180.0   5.0 450.0                            LAT/LON1/LON2/DLON/H
  194  175  157  138  121  101   86   72   63   55   50   49   49   52   57   61
   64   66   66   66   65   64   62   60   57   54   52   50   50   51   51   52
   53   53   56   61   69   81   95  111  129  146  164  183  202  222  242  263
  283  302  320  334  344  350  353  352  350  347  342  336  328  318  306  295
  283  271  259  241  231  214  209  202  194                                   
    45.0-180.0 180.0   5.0 450.0                            LAT/LON1/LON2/DLON/H
  208  191  175  160  143  123  107   90   77   65   58   54   53   55   58   61
   64   65   66   67   67   67   66   64   62   59   57   56   56   57   58   59
   60   62   65   71   80   92  107  123  140  158  177  196  216  237  257  277
  297  317  334  348  358  364  365  364  360  355  348  339  329  318  305  295
  284  275  265  249  239  223  220  216  208                                   
    42.5-180.0 180.0   5.0 450.0                            LAT/LON1/LON2/DLON/H
  215  199  188  176  162  144  128  111   95   80   70   64   62   62   63   65
   66   67   69   72   74   76   76   74   71   69   67   65   65   65   66   66
   67   69   73   80   89  102  117  134  151  169  189  209  230  252  273  293
  312  331  348  362  371  377  377  374  369  361  352  340  327  313  300  288
  278  271  262  249  241  225  224  222  215                                   
    40.0-180.0 180.0   5.0 450.0                            LAT/LON1/LON2/DLON/H
  214  197  190  181  171  157  144  128  112   96   85   78   74   72   72   71
   72   73   77   82   87   89   89   87   84   81   79   77   76   76   75   75
   75   76   80   86   96  109  125  142  161  180  201  223  245  267  288  307
  326  344  360  374  385  391  391  388  381  371  360  346  331  315  299  286
  275  266  259  247  239  223  223  219  214                                   
    37.5-180.0 180.0   5.0 450.0                            LAT/LON1/LON2/DLON/H
  206  187  181  174  169  158  149  136  122  108   98   91   87   85   83   81
   81   84   90   97  103  106  104  101   98   95   93   92   90   88   85   83
   82   82   84   90  100  114  131  150  170  192  214  237  260  281  301  319
  337  354  371  387  399  408  411  408  402  392  379  365  349  332  314  299
  286  275  266  252  244  224  223  214  206                                   
    35.0-180.0 180.0   5.0 450.0                            LAT/LON1/LON2/DLON/H
  198  173  166  159  157  149  143  134  124  113  105  101   98   95   93   91
   92   97  105  114  120  122  119  115  112  110  109  108  105  101   96   92
   88   86   87   92  102  116  135  157  180  204  228  251  273  294  312  328
  344  362  381  400  417  430  437  438  434  425  414  402  387  372  354  337
  320  306  294  276  266  241  235  218  198                                   
    32.5-180.0 180.0   5.0 450.0                            LAT/LON1/LON2/DLON/H
  196  166  153  143  141  133  129  124  117  110  106  104  103  102  101  100
  103  110  120  130  135  135  131  127  124  125  125  124  120  114  106   98
   92   88   88   92  102  118  139  163  189  215  240  264  285  303  319  333
  350  370  394  419  443  462  474  479  478  472  464  456  446  434  419  402
  382  363  347  322  309  278  264  239  196                                   
    30.0-180.0 180.0   5.0 450.0                            LAT/LON1/LON2/DLON/H
  210  174  153  136  132  120  115  111  107  103  101  103  104  104  104  106
  112  121  132  142  145  143  138  135  136  139  141  140  134  124  113  102
   94   88   87   91  102  119  142  170  199  226  252  274  294  310  325  340
  359  385  415  448  479  504  522  531  533  531  528  525  521  515  505  490
  469  447  425  392  374  335  310  279  210                                   
    27.5-180.0 180.0   5.0 450.0                            LAT/LON1/LON2/DLON/H
  245  204  174  149  137  120  110  104  100   98   98  100  102  103  105  109
  117  128  139  147  148  145  142  143  148  154  157  155  145  132  118  104
   94   89   88   92  103  121  146  176  207  236  261  283  302  318  334  352
  377  410  448  488  525  556  577  590  597  598  600  602  605  607  603  591
  572  548  522  481  458  409  371  338  245                                   
    25.0-180.0 180.0   5.0 450.0                            LAT/LON1/LON2/DLON/H
  304  260  220  186  164  140  123  113  107  103  102  103  103  104  106  111
  120  131  141  146  145  144  145  151  161  170  173  168  155  138  122  107
   97   91   90   95  105  124  151  182  215  244  270  292  312  330  349  373
  405  444  489  535  576  610  635  652  661  667  673  681  690  697  699  691
  674  652  623  579  550  495  448  414  304                                   
    22.5-180.0 180.0   5.0 450.0                            LAT/LON1/LON2/DLON/H
  387  343  293  248  215  184  160  144  133  125  120  117  114  111  112  116
  124  133  140  142  141  143  150  163  178  188  188  179  163  144  126  111
  100   94   94   98  109  128  155  188  221  252  278  302  324  346  371  401
  439  484  533  582  625  661  689  707  720  730  740  751  763  774  779  774
  760  741  713  672  638  584  535  500  387                                   
    20.0-180.0 180.0   5.0 450.0                            LAT/LON1/LON2/DLON/H
  488  446  387  331  285  249  218  197  181  169  157  147  138  130  127  128
  133  139  141  141  141  147  161  180  198  206  203  189  170  149  130  114
  103   98   97  102  112  131  158  191  225  257  285  312  339  366  397  432
  475  523  574  623  667  702  730  751  767  779  791  804  817  829  834  830
  820  805  782  748  712  662  623  584  488                                   
    17.5-180.0 180.0   5.0 450.0                            LAT/LON1/LON2/DLON/H
  591  552  488  423  364  326  291  268  249  232  214  195  178  163  154  151
  152  152  150  147  148  158  178  201  219  224  215  196  174  152  132  117
  106  101  101  105  115  133  160  194  228  260  291  322  353  386  421  461
  507  557  608  655  697  731  758  778  794  807  820  833  846  856  861  859
  851  841  824  798  764  719  695  656  591                                   
    15.0-180.0 180.0   5.0 450.0                            LAT/LON1/LON2/DLON/H
  676  640  575  507  440  401  366  344  326  306  283  257  232  209  194  185
  180  175  168  163  165  178  201  225  240  240  225  202  177  154  134  120
  110  105  104  107  117  134  161  194  228  262  295  329  366  403  442  485
  532  582  631  677  715  746  769  786  800  814  827  840  852  860  864  861
  856  850  840  821  791  751  739  706  676                                   
    12.5-180.0 180.0   5.0 450.0                            LAT/LON1/LON2/DLON/H
  731  698  635  569  499  461  430  412  396  377  351  322  290  262  241  226
  216  206  195  188  190  204  227  248  259  253  233  207  180  156  138  125
  116  110  108  110  118  135  160  192  227  262  297  335  375  416  457  501
  547  595  643  685  718  743  762  776  790  803  817  830  840  847  848  845
  842  837  832  818  796  762  753  731  731                                   
    10.0-180.0 180.0   5.0 450.0                            LAT/LON1/LON2/DLON/H
  755  724  663  601  534  499  472  459  447  430  406  376  343  312  287  270
  256  242  229  220  221  234  253  269  273  262  239  210  183  161  145  133
  124  117  113  113  120  135  159  190  224  260  297  337  379  421  463  506
  549  595  638  675  704  725  742  757  771  786  801  814  823  826  825  820
  816  812  808  797  781  754  746  733  755                                   
     7.5-180.0 180.0   5.0 450.0                            LAT/LON1/LON2/DLON/H
  755  725  665  607  545  511  487  479  472  458  437  410  379  350  326  309
  294  280  266  256  256  265  277  285  282  266  240  213  188  170  156  144
