data/edconvlstm_nd/pred3540.15i
     1.0            IONOSPHERE MAPS     GNSS                IONEX VERSION / TYPE
pyspatialgeodesy        IME             05-JAN-18 20:20     PGM / RUN BY / DATE 
Map Name                                                    COMMENT             
Predicted global ionosphere maps (GIM).                     DESCRIPTION         
  2015    12    20     0     0     0                        EPOCH OF FIRST MAP  
  2015    12    21     0     0     0                        EPOCH OF LAST MAP   
  7200                                                      INTERVAL            
    13                                                      # OF MAPS IN FILE   
  NONE                                                      MAPPING FUNCTION    
10.0                                                        ELEVATION CUTOFF    
One-way carrier phase leveled to code                       OBSERVABLES USED    
  6371.0                                                    BASE RADIUS         
 2                                                          MAP DIMENSION       
   450.0 450.0   0.0                                        HGT1 / HGT2 / DHGT  
    87.5 -87.5  -2.5                                        LAT1 / LAT2 / DLAT  
  -180.0 180.0   5.0                                        LON1 / LON2 / DLON  
    -1                                                      EXPONENT            
                                                            END OF HEADER       
[from data line 5148]
    13                                                      START OF TEC MAP    
  2015    12    21     0     0     0                        EPOCH OF CURRENT MAP
    87.5-180.0 180.0   5.0 450.0                            LAT/LON1/LON2/DLON/H
   90   88   80   72   68   76   74   74   76   78   80   82   85   86   88   89
   90   91   91   91   91   90   89   88   86   85   83   82   80   79   77   76
   74   73   72   71   70   69   68   67   66   66   65   65   64   64   64   64
   65   65   65   65   65   65   65   66   65   65   65   65   64   64   63   63
   63   63   62   62   57   70   82   83   90                                   
    85.0-180.0 180.0   5.0 450.0                            LAT/LON1/LON2/DLON/H
   83   86   69   73   74   83   81   81   84   85   87   89   91   93   94   95
   95   95   95   94   92   91   89   87   85   82   80   78   76   74   73   71
   70   69   68   67   66   65   65   64   64   64   64   64   64   65   65   66
   67   68   69   69   70   71   72   72   73   73   73   73   73   72   72   72
   72   71   72   75   77   85   98   94   83                                   
    82.5-180.0 180.0   5.0 450.0                            LAT/LON1/LON2/DLON/H
   76   69   83   77   75   85   83   83   88   90   93   96   99  101  102  102
  102  101   99   96   93   89   85   82   78   74   71   68   66   64   62   61
   60   59   58   57   57   57   57   56   57   57   58   58   59   60   62   63
   65   67   68   70   71   73   74   75   76   77   77   77   77   76   76   75
   74   72   72   73   78   72   86   87   76                                   
    80.0-180.0 180.0   5.0 450.0                            LAT/LON1/LON2/DLON/H
   81   74   79   72   72   76   80   82   89   91   96  101  104  107  109  109
  108  106  103   99   94   89   83   78   74   70   66   63   61   59   58   57
   56   55   54   54   53   53   52   52   51   51   52   52   53   55   56   58
   61   63   65   68   70   71   73   74   75   76   76   76   75   74   73   72
   71   68   68   67   81   71   86   99   81                                   
    77.5-180.0 180.0   5.0 450.0                            LAT/LON1/LON2/DLON/H
   84   76   72   75   69   73   76   83   90   94  101  107  112  116  119  119
  118  115  111  106   99   93   86   80   74   70   66   63   61   59   59   58
   58   57   57   56   56   55   54   53   52   52   52   52   53   55   56   59
   61   64   66   69   71   73   75   76   77   77   77   76   75   74   73   71
   69   68   67   68   72   70   78  100   84                                   
    75.0-180.0 180.0   5.0 450.0                            LAT/LON1/LON2/DLON/H
   87   71   77   81   71   77   79   85   94   98  105  112  117  121  122  122
  120  116  111  105   98   90   83   77   72   68   65   63   62   61   62   62
   63   63   63   62   61   60   58   57   55   55   54   55   56   57   59   61
   64   67   70   73   75   77   79   80   80   80   79   79   77   76   75   73
   70   70   69   66   69   76   82   99   87                                   
    72.5-180.0 180.0   5.0 450.0                            LAT/LON1/LON2/DLON/H
   88   76   84   85   78   79   82   89   98  102  109  115  119  122  123  121
  118  114  108  101   95   88   82   76   72   69   66   65   65   65   67   68
   69   69   69   68   67   65   63   61   59   58   58   59   60   62   64   67
   70   73   76   79   81   83   84   85   85   85   84   83   82   81   80   79
   76   75   78   76   78   82   89  108   88                                   
    70.0-180.0 180.0   5.0 450.0                            LAT/LON1/LON2/DLON/H
  102   87   94   97   88   89   91   96  104  107  112  117  119  120  118  115
  110  105   99   93   88   83   78   74   71   69   67   67   67   68   70   72
   73   73   72   71   69   67   64   63   62   62   62   63   65   67   69   72
   75   78   81   84   86   87   88   88   87   87   86   85   84   83   84   84
   82   81   84   84   86   92   98  113  102                                   
    67.5-180.0 180.0   5.0 450.0                            LAT/LON1/LON2/DLON/H
  115  101  106  109   99   98   98  102  108  109  112  115  114  112  107  102
   95   89   84   79   75   72   69   67   65   63   62   62   63   64   66   67
   68   67   66   64   61   59   58   57   57   58   60   62   64   67   70   72
   75   78   80   82   84   85   85   84   83   82   82   81   81   82   83   85
   85   85   89   90   95  101  106  119  115                                   
    65.0-180.0 180.0   5.0 450.0                            LAT/LON1/LON2/DLON/H
  126  112  116  119  109  106  105  107  112  112  113  113  110  104   97   90
   82   75   70   66   64   62   61   59   58   57   56   55   56   56   57   58
   57   56   55   52   50   48   48   49   50   53   56   60   63   66   68   70
   72   74   76   77   78   79   78   77   77   76   76   77   78   80   83   86
   88   89   95   96  102  109  115  129  126                                   
    62.5-180.0 180.0   5.0 450.0                            LAT/LON1/LON2/DLON/H
  135  122  126  128  118  114  111  113  116  115  114  113  108  100   92   82
   74   66   61   58   56   55   54   53   52   51   50   49   48   48   48   48
   47   45   43   41   39   39   40   42   46   50   55   59   62   65   67   68
   69   70   70   71   71   72   72   71   71   71   72   74   77   81   86   90
   93   96  102  104  109  116  122  137  135                                   
    60.0-180.0 180.0   5.0 450.0                            LAT/LON1/LON2/DLON/H
  138  127  131  133  122  118  114  114  117  115  114  111  106   98   88   78
   69   61   56   52   50   49   48   47   45   44   42   41   40   39   39   38
   37   35   33   31   31   31   34   37   42   48   53   58   61   63   63   63
   62   62   62   62   63   63   64   65   66   67   70   73   78   83   89   95
   99  102  109  111  115  120  127  142  138                                   
    57.5-180.0 180.0   5.0 450.0                            LAT/LON1/LON2/DLON/H
  139  131  134  135  124  119  114  114  116  114  113  110  105   97   88   79
   69   61   55   50   46   43   41   39   38   36   35   34   34   33   32   31
   30   29   27   27   27   29   32   37   43   49   54   58   60   60   59   57
   56   54   54   54   55   57   59   61   64   67   71   76   81   87   94  102
  106  111  118  120  122  125  132  149  139                                   
    55.0-180.0 180.0   5.0 450.0                            LAT/LON1/LON2/DLON/H
  141  135  138  138  126  120  114  113  115  112  111  109  105   99   91   83
   74   66   58   51   44   39   35   32   31   30   30   30   31   30   30   29
   28   27   27   28   29   32   36   41   47   52   57   60   60   59   56   53
   51   49   49   50   51   54   58   61   65   70   74   80   86   92  100  108
  114  120  129  131  132  133  140  157  141                                   
    52.5-180.0 180.0   5.0 450.0                            LAT/LON1/LON2/DLON/H
  147  143  144  143  131  124  117  115  114  111  110  108  105  101   96   90
   83   74   65   55   45   37   31   28   27   27   29   31   32   33   32   32
   31   32   33   35   38   41   46   50   54   58   61   63   62   60   56   52
   49   48   48   50   52   56   60   64   69   74   79   85   90   97  105  114
  121  129  139  143  145  144  151  168  147                                   
    50.0-180.0 180.0   5.0 450.0                            LAT/LON1/LON2/DLON/H
  161  157  156  154  142  133  124  120  118  113  110  109  107  105  103  100
   94   87   76   63   50   40   32   27   26   28   32   35   38   39   39   38
   38   40   43   47   51   55   59   62   64   66   68   68   66   63   59   56
   53   52   53   55   59   63   67   71   76   81   85   90   95  100  108  118
  127  137  150  156  160  160  166  182  161                                   
    47.5-180.0 180.0   5.0 450.0                            LAT/LON1/LON2/DLON/H
  180  179  175  172  159  148  137  131  126  118  114  112  110  110  111  110
  108  101   89   75   60   47   37   31   31   33   38   43   46   47   47   46
   47   50   55   61   66   70   73   75   75   75   75   74   72   70   66   63
   61   61   63   66   69   73   76   80   84   88   92   96   99  103  110  120
  131  144  160  170  177  179  185  198  180                                   
    45.0-180.0 180.0   5.0 450.0                            LAT/LON1/LON2/DLON/H
  203  207  199  195  182  170  157  148  140  129  122  118  116  117  120  122
  122  117  106   91   75   59   47   41   40   43   49   54   56   57   55   54
   55   60   66   74   80   84   86   85   84   83   82   81   80   78   76   74
   73   74   76   79   82   84   86   89   92   96   99  101  103  106  112  122
  134  150  168  182  193  199  205  214  203                                   
    42.5-180.0 180.0   5.0 450.0                            LAT/LON1/LON2/DLON/H
  227  236  227  222  211  197  183  171  160  146  136  130  127  127  131  134
  136  134  125  112   95   78   64   56   54   57   61   65   66   65   62   60
   62   67   74   82   89   93   94   93   91   89   88   88   88   88   87   86
   86   87   89   91   93   94   95   96   99  102  105  107  108  110  116  125
  138  155  176  193  207  216  222  227  227                                   
    40.0-180.0 180.0   5.0 450.0                            LAT/LON1/LON2/DLON/H
  247  262  253  249  240  227  212  200  186  169  156  147  143  142  145  149
  153  153  148  137  121  104   88   78   72   72   74   76   75   71   67   64
   66   72   79   87   94   98   99   98   97   95   95   96   98   98   98   97
   97   97   98   99   99   99  100  101  104  107  110  113  114  116  122  131
  144  162  183  201  217  229  235  237  247                                   
    37.5-180.0 180.0   5.0 450.0                            LAT/LON1/LON2/DLON/H
  263  283  276  273  268  257  243  230  215  197  182  171  165  163  164  168
  172  175  174  167  153  136  117  101   91   86   85   84   81   76   71   69
   71   76   83   91   96  100  102  102  102  102  103  105  106  107  105  104
  102  101  101  101  100  100  100  101  105  110  114  118  121  124  131  141
  154  170  192  209  225  238  243  245  263                                   
    35.0-180.0 180.0   5.0 450.0                            LAT/LON1/LON2/DLON/H
  275  299  295  293  293  285  272  260  246  227  211  199  192  188  188  190
  194  199  201  199  187  168  144  122  105   96   92   90   87   83   79   78
   80   85   91   97  101  105  107  108  109  111  112  114  114  113  110  106
  102  100   98   97   96   95   96   98  103  110  117  123  129  135  144  155
  167  182  202  218  232  245  251  254  275                                   
    32.5-180.0 180.0   5.0 450.0                            LAT/LON1/LON2/DLON/H
  287  314  312  311  315  311  300  290  277  258  242  230  222  217  214  213
  216  222  227  227  216  193  163  135  114  103   99   98   97   95   94   94
   97  102  106  109  112  114  116  118  120  122  123  123  122  118  112  105
   99   95   92   90   89   89   91   95  102  111  121  130  140  149  161  173
  185  198  216  230  242  254  261  268  287                                   
    30.0-180.0 180.0   5.0 450.0                            LAT/LON1/LON2/DLON/H
  305  333  333  333  340  338  330  321  309  290  274  263  254  246  240  237
  237  242  246  245  232  205  172  141  120  111  109  111  114  116  119  122
  126  130  131  131  131  130  131  133  135  137  137  134  129  122  113  104
   96   91   87   86   85   86   89   96  105  117  130  143  155  169  183  196
  208  219  236  246  258  268  277  289  305                                   
    27.5-180.0 180.0   5.0 450.0                            LAT/LON1/LON2/DLON/H
  330  359  361  361  370  371  365  356  343  324  308  295  285  275  266  258
  255  255  255  249  231  202  169  142  127  123  127  135  142  150  157  163
  168  170  167  162  156  152  151  153  154  154  152  146  138  128  116  106
   97   91   88   86   87   89   94  103  116  130  146  161  177  193  210  225
  236  247  261  268  280  290  301  317  330                                   
    25.0-180.0 180.0   5.0 450.0                            LAT/LON1/LON2/DLON/H
  365  394  398  400  410  412  407  397  382  362  344  329  316  303  290  278
  269  263  254  240  217  189  162  144  138  144  156  170  184  196  207  216
  221  219  210  198  186  178  174  174  174  173  167  159  148  135  123  112
  103   98   95   94   96  100  107  119  133  150  168  185  203  222  240  256
  268  279  291  296  310  320  334  354  365                                   
    22.5-180.0 180.0   5.0 450.0                            LAT/LON1/LON2/DLON/H
  408  437  444  448  457  460  456  444  427  404  384  366  349  331  313  297
  281  265  246  222  196  172  157  153  161  179  200  219  236  250  263  272
  274  266  250  231  213  201  195  193  192  189  181  171  158  145  132  122
  114  109  106  106  109  115  124  137  154  173  192  211  230  250  270  287
  301  313  325  329  345  356  374  396  408                                   
    20.0-180.0 180.0   5.0 450.0                            LAT/LON1/LON2/DLON/H
  452  480  493  501  509  513  509  497  478  453  429  407  385  363  340  318
  295  267  237  205  180  164  162  175  198  227  254  275  291  303  313  319
  315  301  278  252  231  216  209  207  205  200  192  180  167  154  142  132
  125  121  119  119  123  129  139  154  171  191  211  232  253  275  296  315
  330  345  359  364  382  393  417  441  452                                   
    17.5-180.0 180.0   5.0 450.0                            LAT/LON1/LON2/DLON/H
  492  518  538  549  556  563  561  549  530  504  478  453  427  401  375  348
  316  279  238  203  180  174  187  215  251  286  313  329  338  344  347  346
  335  314  287  259  236  222  215  213  211  207  198  186  173  161  150  142
  135  131  128  129  132  138  149  163  181  201  223  246  269  293  315  336
  354  371  387  396  415  427  457  481  492                                   
    15.0-180.0 180.0   5.0 450.0                            LAT/LON1/LON2/DLON/H
  518  543  569  585  592  601  602  594  578  554  529  503  476  448  419  388
  350  305  259  222  203  208  234  273  315  347  366  371  369  364  358  349
  332  307  279  253  233  222  216  214  212  208  200  189  177  166  156  148
  142  136  134  133  136  142  152  166  184  205  228  253  279  305  329  351
  371  391  409  422  440  451  485  510  518                                   
    12.5-180.0 180.0   5.0 450.0                            LAT/LON1/LON2/DLON/H
  528  551  580  600  610  622  627  624  614  597  576  553  527  500  471  439
  398  350  301  265  252  266  301  343  380  401  404  393  376  360  346  331
  312  287  263  242  228  220  216  214  211  207  200  190  179  169  160  152
  145  139  135  134  137  143  153  166  183  204  228  256  285  314  339  362
  383  404  424  438  455  463  497  524  528                                   
    10.0-180.0 180.0   5.0 450.0                            LAT/LON1/LON2/DLON/H
  521  540  570  593  606  622  632  636  634  625  612  596  576  553  527  497
  458  410  364  332  325  344  379  414  436  437  419  391  362  338  320  304
  285  266  249  236  228  223  219  215  211  206  199  190  180  171  163  155
  147  140  136  135  137  144  153  165  180  200  226  256  288  319  346  370
  391  412  431  446  458  462  495  524  521                                   
     7.5-180.0 180.0   5.0 450.0                            LAT/LON1/LON2/DLON/H
  503  516  543  567  583  603  617  628  634  635  633  627  616  601  582  556
  522  480  439  414  412  430  457  475  474  450  412  369  333  308  292  279
