data/edconvlstm_nd/pred2780.15i
     1.0            IONOSPHERE MAPS     GNSS                IONEX VERSION / TYPE
pyspatialgeodesy        IME             05-JAN-18 20:20     PGM / RUN BY / DATE 
Map Name                                                    COMMENT             
Predicted global ionosphere maps (GIM).                     DESCRIPTION         
  2015    10     5     0     0     0                        EPOCH OF FIRST MAP  
  2015    10     6     0     0     0                        EPOCH OF LAST MAP   
  7200                                                      INTERVAL            
    13                                                      # OF MAPS IN FILE   
  NONE                                                      MAPPING FUNCTION    
10.0                                                        ELEVATION CUTOFF    
One-way carrier phase leveled to code                       OBSERVABLES USED    
  6371.0                                                    BASE RADIUS         
 2                                                          MAP DIMENSION       
   450.0 450.0   0.0                                        HGT1 / HGT2 / DHGT  
    87.5 -87.5  -2.5                                        LAT1 / LAT2 / DLAT  
  -180.0 180.0   5.0                                        LON1 / LON2 / DLON  
    -1                                                      EXPONENT            
                                                            END OF HEADER       
[from data line 3861]
    10                                                      START OF TEC MAP    
  2015    10     5    18     0     0                        EPOCH OF CURRENT MAP
    87.5-180.0 180.0   5.0 450.0                            LAT/LON1/LON2/DLON/H
   88   90   86   90   95   94   94   92   93   96   96   98  100  101  102  104
  105  105  106  106  106  105  105  104  103  102  101   99   98   97   95   94
   93   91   90   90   89   88   88   87   87   87   87   87   87   88   88   88
   88   89   89   89   89   89   89   89   88   88   87   87   86   85   85   84
   84   83   80   77   82   81   97   99   88                                   
    85.0-180.0 180.0   5.0 450.0                            LAT/LON1/LON2/DLON/H
   90   87   98   83   84   90   90   93   94   98   98  101  103  105  106  108
  109  110  111  111  111  111  110  109  108  106  104  103  101   99   97   95
   93   92   90   89   87   86   86   85   85   84   84   85   85   85   86   86
   87   87   88   88   88   88   88   88   88   87   87   86   85   84   83   82
   82   81   76   72   75   77   84   83   90                                   
    82.5-180.0 180.0   5.0 450.0                            LAT/LON1/LON2/DLON/H
   68   71   75   69   74   79   84   85   88   91   94   97  100  103  105  108
  110  111  112  113  113  112  111  109  107  105  102  100   97   94   91   89
   86   84   81   80   78   76   75   74   74   74   74   74   75   75   76   77
   79   80   81   81   82   82   82   82   82   81   80   79   78   77   75   74
   73   70   66   64   68   78   72   71   68                                   
    80.0-180.0 180.0   5.0 450.0                            LAT/LON1/LON2/DLON/H
   48   51   60   57   61   62   70   74   78   83   87   92   95   99  103  106
  109  111  112  112  112  110  108  105  102   99   95   91   87   83   80   77
   73   71   68   66   63   62   60   59   59   59   59   60   61   63   64   66
   68   70   72   73   74   75   75   75   74   73   71   70   68   66   64   62
   61   59   56   55   54   60   57   63   48                                   
    77.5-180.0 180.0   5.0 450.0                            LAT/LON1/LON2/DLON/H
   49   48   51   49   54   57   64   68   73   78   82   88   93   98  103  107
  111  113  115  115  114  112  109  106  101   96   92   87   82   78   73   70
   66   63   60   58   55   53   51   50   49   49   49   50   52   54   56   59
   62   64   67   69   70   71   71   71   70   68   67   65   63   60   58   55
   53   51   49   48   48   49   49   56   49                                   
    75.0-180.0 180.0   5.0 450.0                            LAT/LON1/LON2/DLON/H
   41   43   44   45   51   54   60   64   70   76   80   86   92   97  102  107
  111  114  116  116  115  113  109  105  100   94   89   84   79   75   71   67
   64   61   58   55   52   50   48   46   45   44   45   45   47   49   52   55
   58   61   64   66   67   68   68   67   66   65   63   61   59   57   55   54
   52   51   49   45   45   43   42   41   41                                   
    72.5-180.0 180.0   5.0 450.0                            LAT/LON1/LON2/DLON/H
   43   44   44   48   51   54   60   63   67   71   76   81   87   93   98  104
  108  112  114  115  114  111  107  102   96   89   83   78   73   68   64   61
   58   56   54   51   48   46   43   41   39   38   38   39   40   42   45   48
   51   54   57   59   60   60   60   59   58   57   55   54   53   52   51   50
   48   47   45   41   40   40   40   42   43                                   
    70.0-180.0 180.0   5.0 450.0                            LAT/LON1/LON2/DLON/H
   44   45   45   49   52   55   58   62   67   71   75   80   84   90   95  100
  105  109  112  114  113  111  106  101   95   89   83   77   73   69   66   63
   61   59   57   54   51   48   45   42   40   38   37   37   38   40   42   45
   48   50   52   54   54   54   53   52   51   49   49   48   48   48   49   49
   49   48   47   44   44   42   44   46   44                                   
    67.5-180.0 180.0   5.0 450.0                            LAT/LON1/LON2/DLON/H
   47   47   48   52   56   59   63   67   70   73   77   81   85   90   95  100
  106  110  114  116  115  113  109  103   97   90   84   78   74   70   67   65
   63   61   59   57   54   51   47   43   40   38   37   36   37   38   40   42
   44   46   47   47   47   46   45   44   42   42   42   42   44   45   47   49
   49   49   48   44   43   42   41   43   47                                   
    65.0-180.0 180.0   5.0 450.0                            LAT/LON1/LON2/DLON/H
   46   48   48   53   56   60   64   68   72   76   80   84   87   91   95  100
  105  110  114  117  118  116  112  107  100   94   88   83   79   75   73   71
   69   67   65   62   59   55   50   46   42   40   38   37   37   38   39   40
   41   41   41   41   40   38   37   35   34   34   34   36   39   42   46   48
   50   50   50   47   45   45   44   46   46                                   
    62.5-180.0 180.0   5.0 450.0                            LAT/LON1/LON2/DLON/H
   46   48   48   53   57   61   66   70   76   80   84   88   91   95   99  103
  108  113  118  121  122  121  117  112  106   99   94   89   85   82   79   77
   75   73   70   66   62   58   53   48   45   42   40   39   39   39   40   39
   39   38   37   35   33   32   30   29   28   29   30   33   36   40   45   48
   50   50   49   46   44   43   42   44   46                                   
    60.0-180.0 180.0   5.0 450.0                            LAT/LON1/LON2/DLON/H
   46   48   48   53   55   59   65   71   77   83   88   92   96   99  102  106
  111  116  121  124  126  125  122  117  111  105  100   96   93   91   88   86
   83   79   76   71   67   62   57   52   49   46   45   44   44   43   42   41
   39   36   34   32   30   28   27   26   26   27   29   32   36   40   45   48
   50   50   48   45   43   42   42   44   46                                   
    57.5-180.0 180.0   5.0 450.0                            LAT/LON1/LON2/DLON/H
   46   50   50   54   57   61   67   73   80   86   92   97  101  104  108  112
  116  121  125  128  129  129  125  121  115  111  107  105  103  102  100   97
   93   89   84   79   74   69   64   60   56   54   54   53   53   51   49   46
   42   38   35   33   31   30   29   29   30   31   33   36   40   44   48   51
   52   51   50   46   44   43   43   45   46                                   
    55.0-180.0 180.0   5.0 450.0                            LAT/LON1/LON2/DLON/H
   51   55   56   59   61   65   70   76   83   90   96  102  106  110  113  117
  121  125  128  131  132  130  127  123  118  115  113  113  113  113  112  109
  105  100   95   89   84   79   74   70   68   66   66   66   65   63   59   54
   49   44   40   38   36   36   36   37   38   40   42   44   47   50   53   55
   56   55   53   49   47   46   46   49   51                                   
    52.5-180.0 180.0   5.0 450.0                            LAT/LON1/LON2/DLON/H
   59   64   66   68   69   73   77   82   88   94  100  106  111  115  119  123
  127  130  132  133  133  131  128  124  121  119  119  121  124  125  125  122
  118  112  107  102   97   93   88   85   83   82   82   81   80   77   73   67
   60   54   50   47   46   46   47   49   50   52   53   55   57   58   60   62
   61   60   59   55   54   53   53   55   59                                   
    50.0-180.0 180.0   5.0 450.0                            LAT/LON1/LON2/DLON/H
   69   75   78   80   82   85   89   92   96  101  105  110  116  121  127  131
  134  136  137  137  136  133  130  127  124  123  125  129  133  136  137  135
  130  125  120  116  112  108  105  102  100   99   99   99   97   94   88   81
   74   67   62   59   58   59   60   63   64   66   67   67   68   68   69   69
   68   68   67   64   63   62   63   64   69                                   
    47.5-180.0 180.0   5.0 450.0                            LAT/LON1/LON2/DLON/H
   81   86   91   94   96  100  102  106  107  110  113  117  123  129  136  142
  145  146  146  144  142  140  136  133  130  130  133  138  143  146  147  145
  141  137  133  130  127  125  122  120  118  117  117  116  114  110  104   96
   89   82   77   74   72   73   75   77   78   79   79   79   78   77   77   77
   76   77   77   75   74   74   74   74   81                                   
    45.0-180.0 180.0   5.0 450.0                            LAT/LON1/LON2/DLON/H
   91   96  101  107  110  115  117  120  120  122  123  127  133  141  150  156
  160  161  160  157  155  152  148  144  142  141  143  147  151  154  154  152
  149  146  143  142  141  139  138  136  134  132  132  131  128  124  117  110
  103   96   91   88   86   86   87   89   90   90   90   89   88   86   85   85
   84   86   86   86   85   84   83   83   91                                   
    42.5-180.0 180.0   5.0 450.0                            LAT/LON1/LON2/DLON/H
   98  103  108  117  122  129  132  135  134  135  136  140  147  157  168  176
  180  181  179  176  173  170  166  162  158  155  155  157  159  160  159  157
  154  152  151  151  152  151  150  148  146  144  143  141  138  134  127  120
  113  107  102   99   97   96   97   97   98   98   98   98   96   94   93   92
   91   93   94   94   93   91   90   90   98                                   
    40.0-180.0 180.0   5.0 450.0                            LAT/LON1/LON2/DLON/H
  100  105  111  123  132  141  145  148  148  150  150  155  164  176  188  198
  203  204  202  199  196  192  188  183  177  173  170  168  166  164  162  160
  158  158  158  159  160  161  159  157  154  151  149  146  143  138  132  126
  120  114  109  105  103  102  102  102  103  103  103  103  102  101   99   98
   97   99  100   99   97   94   92   94  100                                   
    37.5-180.0 180.0   5.0 450.0                            LAT/LON1/LON2/DLON/H
   99  104  110  125  138  149  155  160  162  164  166  172  183  197  210  221
  226  228  226  223  220  216  211  205  199  192  186  180  175  170  166  165
  164  165  167  168  169  168  165  161  157  153  150  146  142  138  132  127
  121  116  111  108  106  104  104  104  104  104  105  106  107  106  105  103
  102  102  103  101   98   94   90   93   99                                   
    35.0-180.0 180.0   5.0 450.0                            LAT/LON1/LON2/DLON/H
   96  101  109  125  140  152  162  170  174  178  182  190  202  217  231  242
  248  249  248  245  241  237  232  226  219  211  203  194  186  179  175  175
  177  179  181  181  179  175  170  164  157  151  146  142  138  134  129  123
  118  113  109  106  105  104  104  104  104  105  106  108  110  110  109  107
  105  104  104  101   96   91   87   91   96                                   
    32.5-180.0 180.0   5.0 450.0                            LAT/LON1/LON2/DLON/H
   94  100  109  124  140  153  165  175  183  189  196  206  219  234  249  260
  266  267  266  263  259  255  250  245  238  230  221  211  202  195  192  194
  198  202  203  200  193  185  175  166  156  148  142  137  133  129  125  120
  114  110  106  104  103  104  104  104  104  105  107  110  112  113  113  111
  108  106  105  100   95   89   84   89   94                                   
    30.0-180.0 180.0   5.0 450.0                            LAT/LON1/LON2/DLON/H
   96  104  115  127  143  154  167  178  188  197  206  219  233  249  264  274
  281  282  281  278  274  270  265  261  256  251  243  234  225  219  219  224
  230  235  234  226  214  199  184  170  158  147  140  134  131  127  123  118
  113  107  104  102  103  105  106  107  106  107  108  111  115  116  117  115
  111  109  106  101   95   89   85   90   96                                   
    27.5-180.0 180.0   5.0 450.0                            LAT/LON1/LON2/DLON/H
  103  114  126  136  150  160  172  182  192  203  214  228  244  261  275  287
  293  296  294  291  287  284  281  279  277  274  269  263  256  253  255  263
  272  277  273  260  241  219  198  179  164  151  143  137  134  131  127  122
  116  110  106  105  106  109  111  112  111  110  111  114  117  119  120  118
  114  112  109  105   99   94   89   95  103                                   
    25.0-180.0 180.0   5.0 450.0                            LAT/LON1/LON2/DLON/H
  114  127  142  149  162  171  181  189  199  209  221  236  253  271  287  299
  307  311  310  308  305  303  303  304  305  305  303  299  295  295  300  311
  321  325  318  299  273  245  218  194  176  162  153  148  146  143  139  133
  126  118  113  112  114  117  119  119  118  116  115  116  118  120  122  121
  118  117  114  110  106  101   97  102  114                                   
    22.5-180.0 180.0   5.0 450.0                            LAT/LON1/LON2/DLON/H
  127  141  159  165  178  186  195  200  208  218  231  247  265  283  301  316
  326  332  333  333  332  333  336  339  343  345  345  344  342  344  351  363
  373  375  364  340  308  273  241  215  195  181  172  168  166  164  160  152
  143  134  127  124  125  127  129  128  125  121  118  117  118  119  122  123
  121  122  118  116  113  109  104  110  127                                   
    20.0-180.0 180.0   5.0 450.0                            LAT/LON1/LON2/DLON/H
  138  155  174  181  195  203  211  215  223  233  245  262  282  302  322  340
  354  363  368  370  373  377  383  388  392  395  396  395  394  397  404  414
  422  420  405  377  341  303  268  241  221  207  199  195  194  192  187  178
  166  154  145  140  139  139  139  136  131  126  121  118  117  117  120  122
  122  125  122  121  119  115  110  118  138                                   
    17.5-180.0 180.0   5.0 450.0                            LAT/LON1/LON2/DLON/H
  146  165  185  196  211  220  229  233  241  252  266  285  306  329  352  374
  392  406  415  422  429  437  444  449  453  454  453  450  448  448  452  458
  461  455  438  408  370  331  298  271  252  239  232  228  227  224  216  205
  191  176  165  157  153  150  148  143  137  130  123  118  115  114  116  120
  122  126  123  122  121  118  111  122  146                                   
    15.0-180.0 180.0   5.0 450.0                            LAT/LON1/LON2/DLON/H
  149  172  192  207  224  236  247  254  263  276  292  314  338  364  391  417
  440  459  473  485  496  506  514  519  519  516  510  503  497  492  489  489
  486  478  459  430  395  359  328  304  286  274  267  263  259  254  244  230
  213  197  183  173  165  160  155  148  141  133  125  118  113  111  113  116
  119  124  121  120  119  115  107  122  149                                   
    12.5-180.0 180.0   5.0 450.0                            LAT/LON1/LON2/DLON/H
  148  173  194  213  234  250  265  275  287  303  323  348  375  404  435  465
  493  517  536  552  566  578  586  589  585  576  563  549  535  523  514  507
  499  489  471  447  418  387  359  337  321  309  300  294  287  277  264  247
  229  212  197  184  175  167  160  152  144  135  127  119  113  109  110  113
  115  120  117  115  113  109  100  117  148                                   
    10.0-180.0 180.0   5.0 450.0                            LAT/LON1/LON2/DLON/H
  145  172  193  217  241  261  281  296  314  334  357  384  413  444  478  511
  543  571  595  614  630  643  652  652  643  625  604  581  560  542  527  515
  504  493  480  462  439  414  391  370  353  340  328  318  306  292  275  256
  237  220  204  191  180  171  162  153  144  136  127  119  113  109  109  110
  111  115  111  108  106  101   93  110  145                                   
     7.5-180.0 180.0   5.0 450.0                            LAT/LON1/LON2/DLON/H
  143  170  192  218  245  269  295  315  338  363  389  417  448  480  514  549
  583  614  640  662  680  694  701  698  682  657  627  598  572  551  533  517
