data/edconvlstm_nd/pred1710.15i
     1.0            IONOSPHERE MAPS     GNSS                IONEX VERSION / TYPE
pyspatialgeodesy        IME             05-JAN-18 20:20     PGM / RUN BY / DATE 
Map Name                                                    COMMENT             
Predicted global ionosphere maps (GIM).                     DESCRIPTION         
  2015     6    20     0     0     0                        EPOCH OF FIRST MAP  
  2015     6    21     0     0     0                        EPOCH OF LAST MAP   
  7200                                                      INTERVAL            
    13                                                      # OF MAPS IN FILE   
  NONE                                                      MAPPING FUNCTION    
10.0                                                        ELEVATION CUTOFF    
One-way carrier phase leveled to code                       OBSERVABLES USED    
  6371.0                                                    BASE RADIUS         
 2                                                          MAP DIMENSION       
   450.0 450.0   0.0                                        HGT1 / HGT2 / DHGT  
    87.5 -87.5  -2.5                                        LAT1 / LAT2 / DLAT  
  -180.0 180.0   5.0                                        LON1 / LON2 / DLON  
    -1                                                      EXPONENT            
                                                            END OF HEADER       
[from data line 2145]
     6                                                      START OF TEC MAP    
  2015     6    20    10     0     0                        EPOCH OF CURRENT MAP
    87.5-180.0 180.0   5.0 450.0                            LAT/LON1/LON2/DLON/H
  159  156  151  156  158  158  157  156  158  159  160  161  161  161  161  162
  162  162  162  162  162  161  161  161  161  161  161  161  161  161  161  161
  162  162  162  163  163  164  164  164  164  164  164  164  164  163  163  162
  162  161  160  159  158  158  157  156  155  154  153  153  152  151  150  150
  149  151  149  148  153  152  158  158  159                                   
    85.0-180.0 180.0   5.0 450.0                            LAT/LON1/LON2/DLON/H
  150  150  157  155  156  160  161  162  164  166  166  167  168  168  169  169
  169  169  169  169  169  169  169  169  170  170  170  170  170  171  171  172
  172  173  174  174  175  175  176  176  176  176  176  176  176  175  174  173
  172  171  170  169  167  166  164  163  162  160  159  158  157  156  154  154
  154  154  150  149  147  147  153  158  150                                   
    82.5-180.0 180.0   5.0 450.0                            LAT/LON1/LON2/DLON/H
  140  147  149  146  147  151  153  155  157  159  160  162  162  163  163  164
  164  164  164  164  164  165  165  165  165  166  166  167  168  169  170  171
  172  174  175  176  177  178  179  180  181  181  181  181  181  180  179  178
  177  175  173  172  170  168  166  164  162  160  157  155  153  151  149  147
  146  145  140  142  140  145  145  140  140                                   
    80.0-180.0 180.0   5.0 450.0                            LAT/LON1/LON2/DLON/H
  138  142  144  145  145  147  150  153  156  158  159  160  160  161  161  161
  161  161  161  161  161  161  161  161  161  162  162  163  164  165  167  169
  170  172  175  177  179  180  182  183  185  186  187  187  187  187  187  186
  185  183  182  180  178  176  174  171  169  166  164  161  158  155  152  150
  148  145  141  142  138  140  146  137  138                                   
    77.5-180.0 180.0   5.0 450.0                            LAT/LON1/LON2/DLON/H
  142  140  144  145  143  146  148  151  154  155  155  156  156  156  156  155
  155  155  155  155  155  155  155  155  155  156  156  157  159  161  163  166
  169  172  175  178  181  184  186  189  191  193  194  196  197  197  197  197
  196  195  194  192  191  189  187  184  182  180  177  174  170  166  162  159
  155  151  144  145  144  141  142  141  142                                   
    75.0-180.0 180.0   5.0 450.0                            LAT/LON1/LON2/DLON/H
  140  142  141  143  142  145  146  148  150  151  151  151  150  150  149  149
  148  148  148  148  148  148  148  148  148  148  149  150  152  154  158  161
  165  169  174  178  181  185  188  191  194  197  199  201  203  204  205  205
  205  204  203  202  201  199  198  197  195  193  191  188  185  181  177  172
  167  162  155  150  148  146  146  141  140                                   
    72.5-180.0 180.0   5.0 450.0                            LAT/LON1/LON2/DLON/H
  141  143  141  142  140  142  143  144  145  145  145  145  144  143  142  141
  141  141  141  142  142  142  142  142  141  141  142  143  145  148  153  157
  162  167  172  177  181  185  189  192  195  198  201  203  206  207  208  209
  209  208  207  206  205  205  204  204  203  203  202  200  198  194  190  186
  180  174  167  161  155  153  150  148  141                                   
    70.0-180.0 180.0   5.0 450.0                            LAT/LON1/LON2/DLON/H
  146  144  141  140  136  135  136  136  137  137  136  136  135  134  133  132
  132  133  134  135  135  136  136  135  135  134  134  136  138  142  147  152
  158  164  170  175  179  183  187  190  193  196  199  202  204  206  207  208
  207  206  205  204  202  202  202  203  204  205  206  206  205  203  200  197
  191  185  177  170  164  160  159  156  146                                   
    67.5-180.0 180.0   5.0 450.0                            LAT/LON1/LON2/DLON/H
  150  147  143  140  134  131  130  129  129  129  129  129  129  128  127  127
  127  128  129  131  133  133  134  133  132  132  132  133  135  139  145  150
  157  163  168  173  178  182  185  188  191  194  197  200  202  204  205  205
  204  202  200  197  196  195  196  198  200  203  206  208  209  209  207  205
  201  195  187  180  173  169  166  163  150                                   
    65.0-180.0 180.0   5.0 450.0                            LAT/LON1/LON2/DLON/H
  156  152  146  141  131  126  122  120  120  121  121  122  123  123  122  122
  122  124  126  128  131  132  133  132  132  132  132  133  136  141  146  152
  158  164  170  174  178  182  185  188  191  194  197  200  202  204  204  203
  201  198  194  191  188  187  188  190  194  198  203  206  209  210  211  210
  208  204  197  191  184  182  179  175  156                                   
    62.5-180.0 180.0   5.0 450.0                            LAT/LON1/LON2/DLON/H
  163  159  151  142  130  121  115  111  111  112  113  116  117  118  118  118
  118  120  122  125  128  130  132  132  133  133  134  136  140  144  149  155
  161  166  171  176  179  183  186  189  192  195  198  201  203  205  205  204
  201  196  191  186  182  180  181  184  188  193  198  202  206  209  210  212
  211  209  204  200  194  192  190  186  163                                   
    60.0-180.0 180.0   5.0 450.0                            LAT/LON1/LON2/DLON/H
  171  167  157  145  130  118  109  103  101  102  104  108  110  112  112  112
  113  114  117  121  124  127  129  131  132  134  137  140  144  149  153  158
  163  168  173  177  181  184  187  190  193  197  200  204  207  208  209  207
  203  197  191  185  180  178  178  180  184  189  193  198  201  205  208  210
  212  212  209  206  202  202  200  195  171                                   
    57.5-180.0 180.0   5.0 450.0                            LAT/LON1/LON2/DLON/H
  179  175  165  150  132  117  105   97   93   93   96  100  103  105  106  107
  107  109  112  115  119  123  126  129  132  136  140  145  150  154  159  163
  167  171  176  180  184  187  191  194  198  202  206  210  213  215  216  214
  210  204  197  190  184  181  180  182  185  189  192  195  199  202  205  209
  212  214  213  212  209  210  208  203  179                                   
    55.0-180.0 180.0   5.0 450.0                            LAT/LON1/LON2/DLON/H
  186  183  173  157  137  120  105   93   88   87   89   93   96   99  100  101
  102  103  106  109  113  117  122  126  131  137  144  150  155  160  164  167
  171  175  179  183  188  192  196  200  204  209  213  218  221  224  225  224
  220  214  207  199  193  189  188  189  191  193  194  196  198  200  204  209
  213  216  216  217  214  215  213  208  186                                   
    52.5-180.0 180.0   5.0 450.0                            LAT/LON1/LON2/DLON/H
  192  189  180  164  143  125  109   95   87   84   84   87   91   93   95   96
   97   99  101  105  109  113  119  125  132  139  147  155  161  165  169  171
  174  178  183  188  194  199  203  208  212  217  222  226  231  234  235  235
  232  226  218  210  204  199  197  197  198  199  199  199  199  201  205  210
  215  219  220  220  218  218  215  209  192                                   
    50.0-180.0 180.0   5.0 450.0                            LAT/LON1/LON2/DLON/H
  195  191  184  170  151  133  116  101   91   85   83   85   88   90   92   94
   95   97   99  103  107  112  118  125  134  143  153  161  167  171  173  175
  178  182  188  194  201  207  212  217  222  226  231  236  240  243  245  245
  242  237  229  221  213  208  205  205  205  205  204  203  203  204  208  214
  220  224  224  224  220  219  214  208  195                                   
    47.5-180.0 180.0   5.0 450.0                            LAT/LON1/LON2/DLON/H
  193  189  185  173  157  141  125  110   99   91   87   87   88   90   92   94
   96   98  101  104  108  114  121  130  140  150  160  168  174  177  178  180
  183  188  195  202  210  217  222  227  232  237  242  246  250  253  254  254
  252  246  238  229  220  214  211  210  210  210  209  208  208  210  215  221
  226  231  230  227  221  217  211  205  193                                   
    45.0-180.0 180.0   5.0 450.0                            LAT/LON1/LON2/DLON/H
  187  183  180  172  159  147  134  120  109  100   94   93   93   94   96   98
  100  102  105  108  113  119  127  137  148  159  169  176  181  183  184  186
  189  195  203  211  220  227  234  239  244  249  253  257  260  262  263  263
  260  254  245  235  225  217  213  212  213  214  214  214  215  218  223  230
  235  239  236  231  223  215  207  200  187                                   
    42.5-180.0 180.0   5.0 450.0                            LAT/LON1/LON2/DLON/H
  178  173  172  166  157  149  141  130  120  111  104  101  100  101  102  104
  106  108  111  114  119  127  136  148  159  170  180  186  189  191  191  193
  196  203  211  221  231  239  246  252  258  262  266  269  271  273  273  273
  270  263  254  243  231  222  217  215  216  218  220  221  223  227  234  240
  245  247  242  235  224  213  203  195  178                                   
    40.0-180.0 180.0   5.0 450.0                            LAT/LON1/LON2/DLON/H
  168  162  161  156  151  147  143  136  129  121  115  111  109  109  110  111
  112  114  116  120  126  134  146  159  171  182  190  195  198  199  199  201
  205  211  221  231  241  250  258  265  271  277  281  283  285  286  286  286
  283  277  268  257  245  234  227  224  225  227  229  232  235  239  245  252
  255  256  249  239  226  212  201  192  168                                   
    37.5-180.0 180.0   5.0 450.0                            LAT/LON1/LON2/DLON/H
  160  153  151  145  142  141  141  139  135  129  124  121  119  118  118  118
  119  119  121  124  131  141  155  169  182  193  200  204  206  207  207  209
  213  220  229  240  250  260  269  278  286  292  296  299  300  302  303  304
  303  299  292  282  270  258  249  244  243  244  246  248  250  254  258  263
  265  263  255  243  229  213  202  191  160                                   
    35.0-180.0 180.0   5.0 450.0                            LAT/LON1/LON2/DLON/H
  157  149  146  137  134  134  137  138  137  135  132  129  127  126  125  124
  123  123  123  126  133  145  161  177  191  201  207  210  212  214  215  217
  221  228  237  247  258  269  280  290  299  306  311  315  318  321  324  328
  331  331  327  320  309  297  287  279  275  273  273  272  272  272  273  275
  273  270  259  247  232  217  205  194  157                                   
    32.5-180.0 180.0   5.0 450.0                            LAT/LON1/LON2/DLON/H
  160  152  146  134  130  129  133  136  138  138  137  136  134  133  131  129
  126  124  123  126  134  147  165  182  196  206  211  214  216  219  222  225
  229  235  243  254  265  277  289  301  311  320  326  331  336  342  349  357
  365  370  372  369  361  350  338  328  320  314  309  304  298  293  290  287
  282  275  263  250  236  221  211  199  160                                   
    30.0-180.0 180.0   5.0 450.0                            LAT/LON1/LON2/DLON/H
  169  162  154  139  133  132  135  137  140  141  141  141  140  138  136  132
  128  125  123  125  133  148  166  185  199  207  211  214  218  223  227  231
  235  241  249  260  273  285  299  311  322  332  339  346  353  363  375  389
  402  413  421  424  421  412  400  386  374  363  352  341  329  317  307  298
  289  280  266  254  240  227  217  206  169                                   
    27.5-180.0 180.0   5.0 450.0                            LAT/LON1/LON2/DLON/H
  184  177  168  153  145  142  143  144  145  146  146  146  145  143  139  135
  130  125  123  124  132  147  166  185  198  206  209  213  218  224  230  236
  241  247  257  268  281  294  308  321  332  342  350  359  370  383  400  418
  436  454  468  477  479  473  461  445  428  412  395  378  359  340  323  310
  296  285  270  257  244  233  223  214  184                                   
    25.0-180.0 180.0   5.0 450.0                            LAT/LON1/LON2/DLON/H
  201  195  187  173  164  160  159  158  157  155  154  152  151  148  143  138
  132  127  124  124  132  146  165  183  196  202  205  209  216  224  233  240
  247  255  266  278  292  305  318  331  342  352  361  371  383  400  420  442
  465  486  505  519  525  522  510  493  473  453  432  409  384  359  338  319
  303  289  273  259  246  237  228  221  201                                   
    22.5-180.0 180.0   5.0 450.0                            LAT/LON1/LON2/DLON/H
  216  211  205  194  186  183  180  176  172  168  164  161  157  153  148  142
  135  130  126  126  133  146  164  180  192  197  201  205  213  224  234  244
  253  264  277  291  305  318  330  342  353  362  371  381  395  414  436  459
  483  505  525  541  549  547  537  520  500  479  456  430  402  374  348  327
  309  294  276  262  248  238  229  224  216                                   
    20.0-180.0 180.0   5.0 450.0                            LAT/LON1/LON2/DLON/H
  226  223  219  213  206  204  201  196  190  183  176  170  165  159  153  146
  139  133  129  129  134  146  161  176  187  192  196  201  211  223  236  248
  261  275  291  306  321  333  345  355  365  374  382  392  406  424  445  467
  489  509  527  541  549  548  539  524  506  487  465  439  411  382  356  333
  314  297  279  264  249  238  228  225  226                                   
    17.5-180.0 180.0   5.0 450.0                            LAT/LON1/LON2/DLON/H
  229  227  226  223  219  218  216  211  204  195  186  179  171  164  157  149
  142  137  132  131  135  144  158  171  181  187  192  198  209  223  238  254
  270  287  305  322  338  350  361  371  380  388  396  405  416  432  450  469
  486  501  514  524  529  528  520  509  495  479  460  438  412  385  359  337
  317  301  282  266  250  235  225  222  229                                   
    15.0-180.0 180.0   5.0 450.0                            LAT/LON1/LON2/DLON/H
  226  223  225  224  222  221  220  217  210  202  192  183  175  167  159  152
  145  139  135  132  134  141  152  164  175  182  188  196  209  224  241  259
  278  298  319  338  354  367  379  389  398  406  412  419  427  439  453  466
  477  486  493  498  500  497  491  482  473  462  448  430  408  383  359  338
  320  303  285  269  251  233  222  218  226                                   
    12.5-180.0 180.0   5.0 450.0                            LAT/LON1/LON2/DLON/H
  219  215  217  215  214  213  214  212  207  200  191  183  175  167  159  152
  145  139  135  131  131  136  144  156  166  175  184  194  208  225  244  265
  286  308  330  350  368  383  396  407  417  424  429  433  439  446  455  462
  467  471  473  473  472  468  462  456  450  443  433  419  400  378  357  337
  319  304  287  271  253  231  220  214  219                                   
    10.0-180.0 180.0   5.0 450.0                            LAT/LON1/LON2/DLON/H
  211  207  207  202  200  197  198  197  194  190  184  177  170  162  155  148
  142  137  132  128  126  128  135  145  157  168  179  192  208  226  247  269
  292  315  337  358  378  395  410  423  434  441  445  447  449  453  457  461
  462  462  460  458  454  449  443  438  434  428  420  408  391  371  351  332
  316  303  287  272  256  232  221  213  211                                   
     7.5-180.0 180.0   5.0 450.0                            LAT/LON1/LON2/DLON/H
  206  201  198  189  184  177  177  177  176  175  171  166  161  155  149  143
  137  132  127  123  119  120  125  134  147  160  174  190  207  227  249  272
