data/edconvlstm_nd/pred0320.15i
     1.0            IONOSPHERE MAPS     GNSS                IONEX VERSION / TYPE
pyspatialgeodesy        IME             05-JAN-18 20:20     PGM / RUN BY / DATE 
Map Name                                                    COMMENT             
Predicted global ionosphere maps (GIM).                     DESCRIPTION         
  2015     2     1     0     0     0                        EPOCH OF FIRST MAP  
  2015     2     2     0     0     0                        EPOCH OF LAST MAP   
  7200                                                      INTERVAL            
    13                                                      # OF MAPS IN FILE   
  NONE                                                      MAPPING FUNCTION    
10.0                                                        ELEVATION CUTOFF    
One-way carrier phase leveled to code                       OBSERVABLES USED    
  6371.0                                                    BASE RADIUS         
 2                                                          MAP DIMENSION       
   450.0 450.0   0.0                                        HGT1 / HGT2 / DHGT  
    87.5 -87.5  -2.5                                        LAT1 / LAT2 / DLAT  
  -180.0 180.0   5.0                                        LON1 / LON2 / DLON  
    -1                                                      EXPONENT            
                                                            END OF HEADER       
[from data line 4719]
    12                                                      START OF TEC MAP    
  2015     2     1    22     0     0                        EPOCH OF CURRENT MAP
    87.5-180.0 180.0   5.0 450.0                            LAT/LON1/LON2/DLON/H
  115  109   99  104  110  108  108  107  108  112  112  115  116  118  120  121
  121  122  122  122  121  120  119  118  116  115  113  111  109  107  105  103
  101   99   98   96   95   94   93   93   92   92   92   92   92   92   93   93
   94   95   95   96   97   97   98   98   98   99   99   99   99   99   98   98
   97   97   94   92  101  100  115  120  115                                   
    85.0-180.0 180.0   5.0 450.0                            LAT/LON1/LON2/DLON/H
  118  114  120  108  108  114  116  119  122  127  129  132  134  136  138  138
  139  139  138  137  135  133  131  128  125  122  119  116  113  110  106  104
  101   98   96   95   93   92   91   91   90   90   91   91   92   92   93   94
   96   97   98   99  100  102  103  104  104  105  106  106  106  106  106  105
  105  104  100   96   99  103  104  103  118                                   
    82.5-180.0 180.0   5.0 450.0                            LAT/LON1/LON2/DLON/H
   92   98  100   97  102  109  115  119  124  130  135  140  144  148  150  152
  152  152  151  149  147  144  141  137  133  129  124  120  115  110  106  102
   98   95   92   89   87   86   84   84   83   84   84   85   85   87   88   89
   91   93   94   96   98   99  101  102  104  105  105  105  105  105  104  102
  102   99   96   94   97  110  100  101   92                                   
    80.0-180.0 180.0   5.0 450.0                            LAT/LON1/LON2/DLON/H
   73   84   92   90   96  101  113  122  132  141  150  157  163  167  170  171
  170  168  166  162  159  154  150  145  139  134  128  122  116  110  104   99
   94   89   86   83   80   79   77   77   77   77   78   79   81   82   84   87
   89   92   94   97  100  102  104  107  108  110  110  111  110  109  108  106
  104  102   99   96   91   98   89   99   73                                   
    77.5-180.0 180.0   5.0 450.0                            LAT/LON1/LON2/DLON/H
   82   87   94   92  101  109  123  135  147  158  169  179  186  190  192  192
  189  185  181  176  172  167  163  159  154  149  143  137  131  125  119  113
  108  103   99   95   93   90   89   88   87   87   87   88   90   91   93   96
   98  101  104  107  110  113  116  119  121  122  123  123  122  121  119  117
  114  111  109  106  100  100   97  111   82                                   
    75.0-180.0 180.0   5.0 450.0                            LAT/LON1/LON2/DLON/H
   86   92   98   97  108  119  133  148  164  180  193  203  210  212  211  207
  200  192  185  178  172  167  164  160  157  153  149  144  138  132  126  121
  116  111  107  104  101   99   97   96   95   94   94   95   96   97   99  101
  104  106  109  112  115  118  121  123  125  126  127  127  127  126  124  122
  119  119  117  112  104  101   97  101   86                                   
    72.5-180.0 180.0   5.0 450.0                            LAT/LON1/LON2/DLON/H
  107  109  115  120  127  139  156  173  189  206  220  231  236  236  230  220
  208  195  183  174  167  163  161  160  159  157  154  150  146  140  135  130
  125  121  117  114  111  109  107  105  103  103  102  102  102  103  104  106
  108  109  112  114  116  119  122  124  126  127  128  128  127  126  125  124
  122  122  122  119  112  111  110  119  107                                   
    70.0-180.0 180.0   5.0 450.0                            LAT/LON1/LON2/DLON/H
  125  129  135  139  147  160  176  196  216  235  250  260  263  259  248  231
  212  193  177  164  156  152  152  152  153  152  151  148  143  138  133  129
  124  120  117  114  111  109  107  105  103  102  102  101  101  102  102  103
  104  105  107  108  110  112  114  115  117  118  118  118  118  117  117  118
  117  120  124  126  124  125  129  137  125                                   
    67.5-180.0 180.0   5.0 450.0                            LAT/LON1/LON2/DLON/H
  153  156  163  169  177  190  208  228  248  268  284  294  295  288  272  250
  224  199  178  162  153  148  148  149  150  150  148  144  140  134  129  124
  120  117  114  111  108  106  104  102  101  100   99   99   99  100  100  100
  100  101  101  102  103  105  107  108  110  111  111  111  110  110  110  112
  113  118  124  129  130  138  145  154  153                                   
    65.0-180.0 180.0   5.0 450.0                            LAT/LON1/LON2/DLON/H
  167  176  184  190  198  212  228  250  271  293  310  320  321  312  292  266
  235  205  180  161  150  144  143  143  142  140  136  131  124  118  113  108
  105  102   99   96   93   91   89   87   86   86   86   86   86   86   86   86
   85   85   85   85   86   88   90   92   93   95   95   94   93   93   93   95
   98  106  115  126  134  149  161  173  167                                   
    62.5-180.0 180.0   5.0 450.0                            LAT/LON1/LON2/DLON/H
  182  194  204  210  219  233  250  271  292  314  332  344  345  336  316  288
  256  224  196  174  160  152  147  143  139  133  125  117  109  102   96   92
   89   86   83   80   77   74   72   71   70   70   71   72   72   72   72   71
   70   69   68   69   70   72   74   77   80   81   82   81   80   78   78   81
   84   93  105  118  129  149  166  178  182                                   
    60.0-180.0 180.0   5.0 450.0                            LAT/LON1/LON2/DLON/H
  188  205  217  225  235  248  265  285  307  330  349  361  364  357  339  313
  282  250  220  196  178  166  156  147  137  126  115  104   94   87   81   78
   75   72   69   66   63   60   57   56   56   56   57   58   59   58   57   56
   54   53   52   52   54   57   61   65   69   71   71   70   68   66   65   68
   72   82   95  109  123  148  169  182  188                                   
    57.5-180.0 180.0   5.0 450.0                            LAT/LON1/LON2/DLON/H
  193  215  229  238  249  262  279  297  318  339  358  370  376  372  359  338
  311  281  252  226  204  186  170  154  139  124  110   97   87   79   74   71
   68   66   63   59   55   52   49   48   47   48   50   51   51   50   48   46
   44   42   41   42   44   49   54   59   64   68   68   66   63   60   59   61
   67   77   91  106  120  146  169  182  193                                   
    55.0-180.0 180.0   5.0 450.0                            LAT/LON1/LON2/DLON/H
  203  227  244  253  266  279  295  311  329  347  364  376  382  382  374  359
  338  312  285  257  231  207  186  165  145  127  111   98   88   82   77   74
   71   68   64   60   56   52   49   47   47   48   50   51   50   49   46   43
   40   38   37   39   42   48   54   62   68   72   72   70   66   62   61   64
   70   81   96  111  124  150  173  185  203                                   
    52.5-180.0 180.0   5.0 450.0                            LAT/LON1/LON2/DLON/H
  217  243  262  271  286  299  314  327  341  354  366  376  382  385  382  373
  358  337  311  283  254  227  200  176  154  135  120  108   99   93   89   85
   82   78   73   69   64   60   57   55   55   56   57   58   57   55   51   47
   44   42   41   43   48   54   62   71   78   82   82   79   75   71   70   74
   81   95  111  126  139  163  184  194  217                                   
    50.0-180.0 180.0   5.0 450.0                            LAT/LON1/LON2/DLON/H
  239  264  285  294  312  326  340  349  357  364  371  376  380  383  384  380
  370  353  330  302  272  243  215  190  168  150  136  125  118  112  107  102
   96   91   86   82   78   74   71   69   68   69   70   71   70   67   63   58
   55   52   52   55   60   67   76   86   93   97   96   93   87   83   84   89
   99  116  134  150  162  183  203  210  239                                   
    47.5-180.0 180.0   5.0 450.0                            LAT/LON1/LON2/DLON/H
  264  287  310  320  339  355  368  374  378  378  377  377  378  380  381  380
  374  360  339  313  284  256  229  205  185  169  157  147  140  132  125  117
  109  102   98   94   92   90   87   85   84   84   86   87   86   83   79   74
   70   68   68   71   76   84   93  102  109  112  111  106  100   97   98  106
  119  138  158  177  190  208  226  232  264                                   
    45.0-180.0 180.0   5.0 450.0                            LAT/LON1/LON2/DLON/H
  288  309  332  343  365  382  394  399  399  395  387  381  377  376  377  376
  371  360  341  318  292  267  243  222  204  190  179  169  159  148  136  125
  115  108  104  103  102  102  101   99   98   98   99  100  100   98   93   89
   85   84   84   87   93  100  109  116  122  124  122  117  112  109  112  122
  136  157  180  200  215  233  251  256  288                                   
    42.5-180.0 180.0   5.0 450.0                            LAT/LON1/LON2/DLON/H
  306  327  349  361  383  402  414  418  416  410  399  388  380  375  373  371
  366  355  340  320  299  278  258  240  224  210  196  183  169  154  138  124
  113  106  104  106  109  111  110  109  107  107  109  110  110  108  104  100
   97   96   97  101  106  112  119  125  130  131  129  124  120  118  122  133
  149  170  193  214  232  250  269  279  306                                   
    40.0-180.0 180.0   5.0 450.0                            LAT/LON1/LON2/DLON/H
  315  337  359  370  392  410  422  427  426  419  408  396  385  378  373  368
  361  352  339  324  308  290  273  256  239  222  205  188  170  152  134  120
  109  104  104  109  114  117  118  116  114  114  115  116  116  113  110  106
  104  103  105  108  113  118  124  128  131  131  130  127  124  124  129  141
  155  176  197  217  236  257  277  292  315                                   
    37.5-180.0 180.0   5.0 450.0                            LAT/LON1/LON2/DLON/H
  318  341  362  372  391  407  419  424  425  421  413  402  392  383  375  368
  360  352  342  331  319  304  287  268  247  226  205  185  166  148  133  121
  113  110  112  117  123  127  127  124  121  120  120  120  118  115  111  107
  104  104  106  110  114  119  123  126  127  127  127  125  125  127  134  145
  157  175  194  212  229  253  276  294  318                                   
    35.0-180.0 180.0   5.0 450.0                            LAT/LON1/LON2/DLON/H
  319  344  364  370  387  398  409  413  416  416  412  405  396  388  379  371
  363  356  349  342  331  316  297  274  249  224  201  181  165  153  143  136
  132  130  132  137  141  143  141  136  132  128  127  125  121  116  110  105
  102  102  104  108  113  117  120  122  122  122  122  123  125  130  138  148
  159  173  188  203  217  243  268  289  319                                   
    32.5-180.0 180.0   5.0 450.0                            LAT/LON1/LON2/DLON/H
  327  352  372  372  385  391  399  402  406  408  408  404  398  391  383  375
  367  362  358  352  342  324  301  274  246  221  201  186  178  174  174  173
  173  172  171  171  170  167  162  154  148  143  139  134  128  119  111  104
  101  101  104  107  112  116  118  119  118  118  119  121  126  133  143  154
  163  174  185  197  209  235  262  283  327                                   
    30.0-180.0 180.0   5.0 450.0                            LAT/LON1/LON2/DLON/H
  345  370  389  384  394  394  399  399  403  405  406  404  400  393  386  378
  372  369  366  360  347  326  299  271  245  224  211  207  210  219  228  235
  237  235  228  220  210  199  188  178  169  163  157  150  140  128  117  109
  105  105  107  111  115  118  120  119  118  117  118  122  129  139  152  164
  172  182  191  200  211  237  265  285  345                                   
    27.5-180.0 180.0   5.0 450.0                            LAT/LON1/LON2/DLON/H
  376  400  419  411  419  415  415  411  413  413  412  409  404  397  390  382
  377  373  369  361  345  322  295  271  251  240  239  248  266  287  307  321
  323  315  297  276  254  234  217  204  194  187  180  171  158  144  130  120
  116  115  116  119  122  125  125  124  121  119  120  125  133  146  163  178
  188  199  207  216  226  253  282  300  376                                   
    25.0-180.0 180.0   5.0 450.0                            LAT/LON1/LON2/DLON/H
  419  442  461  454  463  456  454  446  444  439  433  425  417  408  398  389
  382  376  369  357  338  316  294  278  271  274  288  312  343  377  406  421
  418  397  364  327  291  262  241  227  218  212  206  197  183  166  150  139
  134  132  131  132  133  133  132  129  125  122  123  127  137  153  173  194
  209  224  234  244  255  284  314  330  419                                   
    22.5-180.0 180.0   5.0 450.0                            LAT/LON1/LON2/DLON/H
  469  493  512  510  524  519  516  505  499  487  474  459  444  430  417  404
  392  381  368  352  332  314  301  299  308  327  357  395  437  478  506  514
  497  459  410  359  314  280  256  243  237  234  231  222  209  191  175  164
  157  153  149  146  143  140  137  133  128  125  124  128  139  157  182  209
  230  252  266  281  294  326  358  373  469                                   
    20.0-180.0 180.0   5.0 450.0                            LAT/LON1/LON2/DLON/H
  519  546  567  574  595  595  594  584  574  557  536  513  491  471  452  433
  414  395  375  354  335  323  323  338  364  400  443  489  533  567  581  570
  535  482  424  367  319  284  262  252  249  250  249  244  232  217  201  189
  181  174  167  159  151  145  139  134  129  125  124  128  138  158  187  221
  250  280  301  320  337  372  408  422  519                                   
    17.5-180.0 180.0   5.0 450.0                            LAT/LON1/LON2/DLON/H
  562  594  618  636  667  673  678  671  662  642  616  587  559  533  507  480
  452  424  396  371  354  351  366  397  440  488  535  576  606  618  608  574
  524  465  406  353  310  280  262  255  255  258  260  258  250  237  224  212
  203  193  182  169  156  145  138  132  127  123  122  125  137  158  191  229
  266  304  331  356  376  415  456  471  562                                   
    15.0-180.0 180.0   5.0 450.0                            LAT/LON1/LON2/DLON/H
  591  630  659  685  725  739  752  751  746  728  702  672  642  612  581  547
  510  473  438  410  396  403  431  476  529  578  615  635  636  618  581  530
  472  417  368  327  297  275  263  258  258  261  263  263  258  249  238  227
  217  205  190  172  155  142  133  127  123  120  119  123  135  158  193  236
  278  322  354  383  406  450  495  510  591                                   
    12.5-180.0 180.0   5.0 450.0                            LAT/LON1/LON2/DLON/H
  607  650  686  716  764  785  805  811  813  801  780  755  728  699  666  628
  584  540  500  471  462  477  515  567  618  653  664  652  619  571  514  453
  399  356  326  305  291  280  272  266  262  261  261  260  256  249  240  231
  220  206  189  169  150  135  126  121  119  117  117  121  134  159  196  241
  285  332  368  399  425  472  519  536  607                                   
    10.0-180.0 180.0   5.0 450.0                            LAT/LON1/LON2/DLON/H
  611  658  697  729  781  808  834  846  855  851  839  822  803  780  750  711
  666  619  578  552  547  567  607  654  689  698  676  629  566  497  430  372
  330  307  299  300  302  301  295  285  273  262  255  250  246  240  232  223
  212  199  181  161  142  128  121  118  117  116  117  122  136  163  201  246
  290  338  375  406  433  482  531  548  611                                   
     7.5-180.0 180.0   5.0 450.0                            LAT/LON1/LON2/DLON/H
  610  659  699  728  781  812  841  856  870  874  871  865  856  841  818  784
  742  699  662  639  637  657  690  721  732  710  655  580  499  422  357  311
