data/edconvlstm_nd/pred2880.15i
     1.0            IONOSPHERE MAPS     GNSS                IONEX VERSION / TYPE
pyspatialgeodesy        IME             05-JAN-18 20:20     PGM / RUN BY / DATE 
Map Name                                                    COMMENT             
Predicted global ionosphere maps (GIM).                     DESCRIPTION         
  2015    10    15     0     0     0                        EPOCH OF FIRST MAP  
  2015    10    16     0     0     0                        EPOCH OF LAST MAP   
  7200                                                      INTERVAL            
    13                                                      # OF MAPS IN FILE   
  NONE                                                      MAPPING FUNCTION    
10.0                                                        ELEVATION CUTOFF    
One-way carrier phase leveled to code                       OBSERVABLES USED    
  6371.0                                                    BASE RADIUS         
 2                                                          MAP DIMENSION       
   450.0 450.0   0.0                                        HGT1 / HGT2 / DHGT  
    87.5 -87.5  -2.5                                        LAT1 / LAT2 / DLAT  
  -180.0 180.0   5.0                                        LON1 / LON2 / DLON  
    -1                                                      EXPONENT            
                                                            END OF HEADER       
[from data line 4719]
    12                                                      START OF TEC MAP    
  2015    10    15    22     0     0                        EPOCH OF CURRENT MAP
    87.5-180.0 180.0   5.0 450.0                            LAT/LON1/LON2/DLON/H
   94   85   76   77   82   78   78   74   75   78   77   79   79   80   80   81
   81   80   80   79   78   77   75   74   72   71   69   68   67   66   65   64
   63   63   62   62   62   62   62   62   62   63   63   63   64   64   64   65
   65   65   66   66   66   66   66   66   66   66   66   66   66   66   66   66
   66   66   63   60   67   69   89   98   94                                   
    85.0-180.0 180.0   5.0 450.0                            LAT/LON1/LON2/DLON/H
   98   89   94   77   78   81   80   82   83   86   86   88   89   90   90   91
   90   90   89   88   87   85   83   81   79   78   76   74   73   71   70   69
   69   68   68   68   68   68   68   68   69   69   69   70   70   70   70   70
   70   71   71   71   71   71   71   71   71   71   70   70   70   70   70   70
   70   69   66   63   69   73   78   75   98                                   
    82.5-180.0 180.0   5.0 450.0                            LAT/LON1/LON2/DLON/H
   76   74   74   67   72   76   78   79   81   84   86   89   90   92   93   94
   94   93   92   90   88   85   82   79   77   74   71   69   67   65   63   62
   61   61   61   60   60   60   61   61   61   61   62   62   62   63   63   63
   64   64   64   64   64   65   65   65   65   65   65   65   65   64   64   63
   64   62   59   59   66   79   72   74   76                                   
    80.0-180.0 180.0   5.0 450.0                            LAT/LON1/LON2/DLON/H
   55   59   64   59   64   65   71   75   79   83   87   91   94   96   98   98
   98   96   94   90   86   82   78   73   69   65   61   58   55   53   52   51
   50   50   50   50   50   50   51   51   52   52   53   53   54   54   55   55
   56   56   56   57   57   57   57   58   58   58   58   58   58   58   57   57
   57   57   56   57   57   65   58   68   55                                   
    77.5-180.0 180.0   5.0 450.0                            LAT/LON1/LON2/DLON/H
   63   61   62   58   65   67   74   78   83   87   92   98  102  106  107  108
  107  105  102   97   91   85   79   73   68   63   58   55   52   50   49   48
   47   47   46   46   46   46   46   46   46   46   46   47   47   48   48   48
   49   49   50   50   50   51   52   52   53   53   53   54   54   54   54   53
   54   54   55   56   57   60   58   71   63                                   
    75.0-180.0 180.0   5.0 450.0                            LAT/LON1/LON2/DLON/H
   55   58   59   57   64   68   74   79   86   92   98  104  109  112  114  114
  112  109  104   98   91   84   77   70   64   59   54   51   49   48   47   47
   47   47   46   46   46   45   45   44   44   44   44   44   44   45   45   45
   45   45   45   45   45   46   46   47   48   49   49   50   50   51   51   52
   53   55   56   56   56   57   54   58   55                                   
    72.5-180.0 180.0   5.0 450.0                            LAT/LON1/LON2/DLON/H
   64   64   65   67   68   71   78   81   86   92   98  104  109  112  114  114
  111  107  101   94   86   77   69   61   55   49   45   43   42   41   41   42
   42   42   42   41   40   39   38   37   36   36   35   35   35   35   35   35
   34   34   34   34   34   35   36   37   38   39   40   41   42   43   44   45
   46   48   50   49   49   55   56   64   64                                   
    70.0-180.0 180.0   5.0 450.0                            LAT/LON1/LON2/DLON/H
   66   69   70   71   72   76   79   83   90   96  102  108  112  114  115  114
  110  105   99   91   83   74   66   58   51   46   43   41   40   41   42   43
   44   44   43   42   40   38   37   35   34   34   34   33   33   33   32   32
   31   31   30   30   30   31   32   33   35   36   38   39   40   41   43   45
   46   49   52   53   56   62   68   75   66                                   
    67.5-180.0 180.0   5.0 450.0                            LAT/LON1/LON2/DLON/H
   76   79   78   80   80   81   85   88   93   97  102  107  111  113  113  111
  108  103   97   90   82   73   64   56   49   43   40   38   38   39   40   41
   42   42   40   38   36   33   31   30   29   29   29   29   29   29   28   28
   27   26   26   26   26   27   28   30   31   33   35   37   38   40   42   44
   46   48   50   51   54   64   68   75   76                                   
    65.0-180.0 180.0   5.0 450.0                            LAT/LON1/LON2/DLON/H
   79   83   82   85   83   84   86   88   93   96  101  105  108  110  110  109
  106  103   98   92   84   76   67   59   51   45   41   38   38   38   39   40
   40   39   37   34   31   29   27   26   26   26   27   27   27   27   26   25
   24   24   23   23   24   24   26   27   29   31   34   36   38   40   43   45
   47   51   53   56   59   71   76   83   79                                   
    62.5-180.0 180.0   5.0 450.0                            LAT/LON1/LON2/DLON/H
   86   89   87   89   88   87   88   88   92   94   98  102  105  106  107  108
  107  106  103   98   92   84   75   65   56   48   43   39   37   37   37   37
   35   34   31   27   25   22   21   21   22   23   24   25   25   25   25   24
   23   22   21   21   22   23   24   26   28   30   33   35   38   41   44   47
   50   53   55   57   60   71   75   81   86                                   
    60.0-180.0 180.0   5.0 450.0                            LAT/LON1/LON2/DLON/H
   89   92   91   92   90   88   89   88   91   92   95   98  101  104  106  109
  111  112  112  109  104   97   87   76   65   56   48   43   39   37   35   34
   32   29   26   22   20   18   18   19   21   23   25   26   26   26   25   24
   23   22   21   21   22   23   24   26   28   30   32   35   39   43   47   51
   55   58   60   61   64   75   79   85   89                                   
    57.5-180.0 180.0   5.0 450.0                            LAT/LON1/LON2/DLON/H
   94   97   96   98   95   93   93   91   92   92   94   96   99  103  107  112
  117  121  124  123  119  111  101   89   77   65   56   49   43   39   36   33
   29   26   23   20   18   17   18   21   24   27   29   30   30   30   28   26
   25   24   23   23   23   24   26   28   29   31   34   37   41   46   52   58
   63   67   69   69   70   79   82   88   94                                   
    55.0-180.0 180.0   5.0 450.0                            LAT/LON1/LON2/DLON/H
  102  106  107  107  105  103  102   99   97   95   95   96   99  104  110  118
  125  132  136  137  133  126  115  102   89   77   66   58   50   44   39   34
   30   26   23   21   20   20   23   26   30   34   37   38   37   35   33   31
   29   28   27   27   27   28   30   31   33   34   37   40   45   51   59   67
   73   79   81   81   80   87   89   95  102                                   
    52.5-180.0 180.0   5.0 450.0                            LAT/LON1/LON2/DLON/H
  112  117  120  121  119  118  116  112  108  103  100  100  102  107  115  124
  133  141  146  147  144  137  126  114  101   89   78   69   60   53   46   40
   35   31   28   26   26   28   32   36   41   45   47   47   46   43   41   38
   37   35   34   34   34   35   36   38   39   40   41   44   50   57   67   77
   85   93   97   97   94  100  100  106  112                                   
    50.0-180.0 180.0   5.0 450.0                            LAT/LON1/LON2/DLON/H
  126  132  138  139  138  138  136  131  125  117  111  108  109  114  122  132
  141  149  154  155  152  145  135  123  112  101   91   82   73   64   56   49
   43   40   37   36   37   40   44   50   55   58   59   58   55   52   50   48
   46   45   44   43   44   45   46   47   47   48   48   51   56   64   75   87
   98  107  113  114  111  116  116  121  126                                   
    47.5-180.0 180.0   5.0 450.0                            LAT/LON1/LON2/DLON/H
  142  149  156  157  159  160  158  154  145  135  126  121  120  124  132  141
  150  156  160  160  157  150  141  131  122  113  104   95   86   76   67   60
   54   51   49   49   51   54   59   64   69   71   71   69   65   62   60   58
   57   57   56   56   56   57   58   59   59   58   58   59   64   72   84   98
  110  121  129  131  128  133  133  137  142                                   
    45.0-180.0 180.0   5.0 450.0                            LAT/LON1/LON2/DLON/H
  158  165  172  175  177  180  180  176  166  155  144  137  135  138  145  152
  159  164  166  166  162  156  148  139  131  123  115  106   97   87   78   70
   65   62   61   62   65   68   73   77   81   82   80   77   73   70   69   69
   69   69   69   69   70   71   73   73   72   71   69   70   74   82   94  108
  120  133  142  146  145  150  151  154  158                                   
    42.5-180.0 180.0   5.0 450.0                            LAT/LON1/LON2/DLON/H
  173  179  186  189  192  196  196  193  184  174  163  155  152  155  160  166
  171  175  176  174  170  164  156  148  140  131  123  113  103   93   85   78
   74   72   72   73   76   80   84   87   89   89   86   83   79   77   77   78
   80   80   81   82   83   85   87   87   85   83   81   81   85   93  104  117
  129  142  152  157  158  164  167  170  173                                   
    40.0-180.0 180.0   5.0 450.0                            LAT/LON1/LON2/DLON/H
  187  192  197  201  204  206  206  204  197  189  179  173  171  173  178  183
  187  189  189  187  183  176  167  157  147  137  126  115  104   95   88   83
   80   79   80   82   85   89   92   94   94   93   90   86   83   82   83   85
   87   89   90   92   94   96   98   97   95   93   91   91   95  103  114  126
  137  150  160  166  168  175  179  183  187                                   
    37.5-180.0 180.0   5.0 450.0                            LAT/LON1/LON2/DLON/H
  201  206  210  213  214  213  213  210  204  198  192  188  188  191  196  201
  205  207  207  205  200  191  180  166  152  138  124  112  101   93   87   85
   84   84   86   88   92   95   97   98   97   95   91   88   86   85   87   89
   92   93   95   97  100  103  104  103  101   98   96   98  104  112  123  135
  145  157  167  174  177  186  190  196  201                                   
    35.0-180.0 180.0   5.0 450.0                            LAT/LON1/LON2/DLON/H
  219  226  230  230  229  223  219  213  208  204  201  200  203  208  214  220
  224  226  227  224  217  206  191  173  155  136  119  105   95   89   87   88
   89   90   92   94   97  100  101  101  100   97   93   90   88   88   89   91
   92   93   95   97  101  104  106  104  101   98   98  102  109  119  131  143
  153  164  175  183  187  198  203  211  219                                   
    32.5-180.0 180.0   5.0 450.0                            LAT/LON1/LON2/DLON/H
  246  257  263  258  253  240  231  220  214  209  208  210  216  222  230  237
  242  245  245  241  232  217  198  176  154  133  114  100   92   89   91   94
   97   99  100  102  104  105  106  105  103  100   97   94   92   91   91   91
   91   91   92   94   98  102  103  101   98   95   96  102  112  124  138  151
  162  174  186  195  200  214  221  231  246                                   
    30.0-180.0 180.0   5.0 450.0                            LAT/LON1/LON2/DLON/H
  283  300  309  298  291  271  255  237  226  220  219  222  228  236  244  251
  256  259  257  251  239  221  199  175  152  130  112  100   95   97  102  108
  111  112  112  112  113  113  112  111  109  106  104  101   98   96   94   92
   90   88   88   90   94   98   99   97   92   90   91   99  112  128  144  159
  171  186  200  211  218  235  246  257  283                                   
    27.5-180.0 180.0   5.0 450.0                            LAT/LON1/LON2/DLON/H
  329  353  366  350  342  317  294  268  251  240  236  238  244  251  258  264
  268  268  264  255  239  218  195  172  151  132  118  110  109  114  122  129
  132  131  128  126  125  123  121  119  117  115  114  111  108  104  100   95
   90   87   85   86   90   93   94   92   87   85   87   96  111  130  149  168
  182  200  217  232  240  262  278  290  329                                   
    25.0-180.0 180.0   5.0 450.0                            LAT/LON1/LON2/DLON/H
  381  410  428  410  404  376  348  314  290  273  265  263  265  270  274  277
  278  275  267  252  233  211  189  169  154  142  134  131  134  143  152  158
  159  154  148  143  140  136  133  130  128  128  127  125  121  116  109  102
   95   89   85   85   87   90   91   88   84   81   84   93  110  131  154  175
  194  216  236  255  266  293  314  326  381                                   
    22.5-180.0 180.0   5.0 450.0                            LAT/LON1/LON2/DLON/H
  432  466  486  471  470  444  414  375  345  322  307  299  297  296  296  295
  291  283  269  250  228  205  186  173  166  162  161  164  171  180  189  192
  188  180  171  163  157  152  147  144  142  143  143  142  137  130  122  113
  104   95   89   86   86   88   88   86   83   80   82   91  108  131  157  182
  204  231  255  278  293  325  351  363  432                                   
    20.0-180.0 180.0   5.0 450.0                            LAT/LON1/LON2/DLON/H
  476  512  534  524  531  511  485  445  412  383  362  348  339  333  328  321
  312  297  278  255  230  209  194  188  189  194  201  208  216  224  228  226
  218  206  194  184  177  170  164  160  159  159  160  159  154  147  137  126
  115  104   95   89   87   87   87   86   83   81   83   91  108  131  159  187
  213  244  272  298  317  354  385  396  476                                   
    17.5-180.0 180.0   5.0 450.0                            LAT/LON1/LON2/DLON/H
  506  541  565  562  579  569  551  517  484  453  427  407  392  380  370  358
  342  323  299  273  248  228  217  217  225  237  248  256  263  266  264  256
  243  228  215  205  197  190  183  178  176  177  177  176  171  162  151  140
  127  114  102   94   89   87   87   86   84   83   85   92  108  132  160  191
  220  254  284  314  336  375  410  422  506                                   
    15.0-180.0 180.0   5.0 450.0                            LAT/LON1/LON2/DLON/H
  517  549  574  578  605  609  604  580  554  524  497  473  454  438  422  405
  385  362  336  309  284  266  258  261  273  287  298  304  305  301  293  279
  262  247  235  227  219  212  204  198  194  193  192  189  183  174  163  151
  137  123  109   97   90   86   86   86   85   85   87   94  110  133  162  194
  224  260  292  323  347  388  425  438  517                                   
    12.5-180.0 180.0   5.0 450.0                            LAT/LON1/LON2/DLON/H
  513  539  563  571  607  624  633  624  609  587  563  540  520  501  483  463
  441  415  389  363  339  323  315  318  328  339  346  345  338  326  311  293
  275  262  253  248  242  235  227  218  212  208  204  198  191  181  170  157
  143  127  112   99   90   85   84   84   84   85   88   96  111  135  164  196
  227  264  297  328  353  394  431  445  513                                   
    10.0-180.0 180.0   5.0 450.0                            LAT/LON1/LON2/DLON/H
  498  518  537  548  587  615  639  644  644  632  616  599  581  564  546  526
  504  479  455  432  411  394  384  381  384  386  383  373  358  340  320  302
  287  277  272  270  266  259  249  238  227  218  210  202  193  182  170  157
  142  127  111   97   87   81   80   80   81   83   87   96  112  136  166  198
  229  266  299  329  355  395  431  446  498                                   
     7.5-180.0 180.0   5.0 450.0                            LAT/LON1/LON2/DLON/H
  481  495  509  517  557  591  624  642  654  655  650  641  630  617  603  586
  567  546  526  507  488  470  453  440  431  421  406  387  367  346  327  311
