data/edconvlstm_nd/pred1930.15i
     1.0            IONOSPHERE MAPS     GNSS                IONEX VERSION / TYPE
pyspatialgeodesy        IME             05-JAN-18 20:20     PGM / RUN BY / DATE 
Map Name                                                    COMMENT             
Predicted global ionosphere maps (GIM).                     DESCRIPTION         
  2015     7    12     0     0     0                        EPOCH OF FIRST MAP  
  2015     7    13     0     0     0                        EPOCH OF LAST MAP   
  7200                                                      INTERVAL            
    13                                                      # OF MAPS IN FILE   
  NONE                                                      MAPPING FUNCTION    
10.0                                                        ELEVATION CUTOFF    
One-way carrier phase leveled to code                       OBSERVABLES USED    
  6371.0                                                    BASE RADIUS         
 2                                                          MAP DIMENSION       
   450.0 450.0   0.0                                        HGT1 / HGT2 / DHGT  
    87.5 -87.5  -2.5                                        LAT1 / LAT2 / DLAT  
  -180.0 180.0   5.0                                        LON1 / LON2 / DLON  
    -1                                                      EXPONENT            
                                                            END OF HEADER       
[from data line 858]
     3                                                      START OF TEC MAP    
  2015     7    12     4     0     0                        EPOCH OF CURRENT MAP
    87.5-180.0 180.0   5.0 450.0                            LAT/LON1/LON2/DLON/H
  162  156  154  155  158  154  151  148  149  148  147  147  146  145  145  143
  142  141  140  139  138  137  135  134  133  132  131  130  129  128  127  127
  126  126  126  125  125  125  125  126  126  127  127  128  129  130  131  133
  134  135  136  137  138  139  140  141  142  143  144  144  145  145  145  146
  147  149  149  149  152  151  151  153  162                                   
    85.0-180.0 180.0   5.0 450.0                            LAT/LON1/LON2/DLON/H
  162  163  158  160  164  160  159  158  158  157  156  155  154  153  152  151
  149  148  146  145  143  141  140  139  137  136  135  134  133  132  132  131
  131  131  130  130  130  130  130  130  131  131  132  133  134  135  137  138
  140  141  143  144  146  147  149  150  151  152  153  154  155  156  156  157
  159  161  158  161  155  153  156  153  162                                   
    82.5-180.0 180.0   5.0 450.0                            LAT/LON1/LON2/DLON/H
  167  169  166  163  165  163  162  161  161  159  158  158  156  155  154  152
  150  148  146  144  141  139  137  135  133  131  130  129  128  127  127  127
  126  126  126  126  126  126  126  126  127  127  128  129  131  133  135  136
  139  141  143  145  148  150  152  154  156  157  159  160  161  162  163  164
  165  166  164  167  167  157  156  149  167                                   
    80.0-180.0 180.0   5.0 450.0                            LAT/LON1/LON2/DLON/H
  169  171  161  159  160  158  159  157  157  156  154  154  153  152  150  148
  146  144  141  138  135  132  129  126  123  121  120  118  118  118  118  118
  118  118  119  119  119  119  120  120  121  122  124  126  128  130  133  136
  139  142  146  149  152  154  157  159  162  164  165  167  168  169  169  171
  171  171  168  169  170  163  168  153  169                                   
    77.5-180.0 180.0   5.0 450.0                            LAT/LON1/LON2/DLON/H
  170  171  162  158  157  155  156  155  154  152  151  151  151  150  150  148
  146  144  141  137  133  129  125  121  118  115  113  112  112  112  113  114
  115  116  117  118  119  120  120  121  122  124  126  129  132  135  139  144
  148  152  156  160  163  166  169  172  174  176  177  178  179  180  180  181
  180  180  174  176  175  166  166  160  170                                   
    75.0-180.0 180.0   5.0 450.0                            LAT/LON1/LON2/DLON/H
  167  170  159  156  153  150  150  148  147  146  145  145  146  146  146  145
  144  142  139  135  130  125  119  115  110  107  105  104  104  105  106  108
  110  112  114  116  117  118  119  121  123  125  128  132  136  141  147  152
  157  162  167  171  175  178  181  183  185  186  187  188  189  189  189  189
  188  187  181  177  173  166  166  164  167                                   
    72.5-180.0 180.0   5.0 450.0                            LAT/LON1/LON2/DLON/H
  164  171  160  156  152  148  147  144  143  141  141  142  143  144  145  146
  145  144  141  136  131  125  119  113  109  105  102  101  102  103  105  108
  111  114  117  119  121  123  125  127  129  132  137  142  147  154  160  167
  173  178  183  188  191  193  195  196  197  198  198  198  199  198  198  199
  197  195  190  186  178  167  166  166  164                                   
    70.0-180.0 180.0   5.0 450.0                            LAT/LON1/LON2/DLON/H
  168  171  161  157  150  144  141  137  136  133  133  134  136  138  140  142
  142  141  138  134  129  122  116  109  104  100   97   96   97   99  102  106
  110  113  117  120  122  125  127  130  134  138  144  150  157  165  172  180
  186  192  196  200  202  204  204  204  204  203  203  202  202  202  202  203
  202  200  195  192  184  173  172  171  168                                   
    67.5-180.0 180.0   5.0 450.0                            LAT/LON1/LON2/DLON/H
  173  177  165  160  151  142  138  132  129  126  125  127  129  131  134  136
  137  136  133  130  124  118  111  105   99   95   92   92   93   95   99  103
  107  111  115  119  122  125  129  133  138  144  151  158  167  175  184  191
  198  203  207  210  211  212  211  209  207  205  204  203  203  202  203  204
  204  202  198  195  188  177  175  175  173                                   
    65.0-180.0 180.0   5.0 450.0                            LAT/LON1/LON2/DLON/H
  181  184  172  166  155  144  138  130  126  122  120  121  123  125  128  130
  130  129  127  123  118  112  106  100   95   92   90   89   91   93   97  101
  106  110  114  119  123  127  132  138  144  151  160  169  178  187  196  204
  210  215  218  220  221  220  218  215  212  209  206  204  203  203  204  206
  206  205  202  200  195  185  184  183  181                                   
    62.5-180.0 180.0   5.0 450.0                            LAT/LON1/LON2/DLON/H
  192  196  183  175  163  150  142  133  127  122  119  119  120  121  123  124
  123  122  119  114  110  104   99   95   91   89   88   89   90   93   96  101
  105  109  114  119  124  130  136  144  152  160  170  179  189  199  208  216
  222  227  230  231  231  230  227  224  219  215  211  208  206  206  207  209
  210  210  208  207  203  195  194  194  192                                   
    60.0-180.0 180.0   5.0 450.0                            LAT/LON1/LON2/DLON/H
  204  207  195  186  174  160  150  140  133  126  122  120  119  119  119  118
  116  113  108  104   99   95   92   89   88   88   88   89   91   94   97  101
  105  109  114  119  126  133  141  150  159  169  179  190  200  210  219  227
  233  238  241  243  243  242  240  236  231  226  220  216  213  212  213  215
  216  217  215  215  213  207  206  205  204                                   
    57.5-180.0 180.0   5.0 450.0                            LAT/LON1/LON2/DLON/H
  217  220  208  199  186  172  161  150  142  134  128  125  122  119  117  113
  109  104   99   93   89   86   85   85   86   88   90   92   95   97  100  103
  106  110  115  121  128  137  146  157  168  178  189  199  209  219  229  237
  244  250  254  257  259  259  257  253  248  241  235  229  225  222  222  224
  225  227  226  226  224  219  218  219  217                                   
    55.0-180.0 180.0   5.0 450.0                            LAT/LON1/LON2/DLON/H
  228  231  220  211  199  186  175  164  155  146  138  132  127  122  117  111
  105   98   91   85   81   80   81   84   88   92   95   98  100  102  105  107
  110  113  117  123  131  141  152  164  175  186  197  207  217  227  237  247
  256  263  269  274  277  278  277  274  268  261  253  246  240  236  235  237
  238  239  238  238  236  232  231  232  228                                   
    52.5-180.0 180.0   5.0 450.0                            LAT/LON1/LON2/DLON/H
  239  240  231  222  212  200  190  179  170  160  151  143  135  127  120  112
  104   96   89   83   80   80   83   89   95  100  104  107  109  110  112  113
  115  118  121  127  135  145  157  170  182  193  203  213  223  234  246  257
  268  278  285  291  296  298  298  295  290  282  273  265  258  253  251  252
  252  254  253  252  249  245  244  246  239                                   
    50.0-180.0 180.0   5.0 450.0                            LAT/LON1/LON2/DLON/H
  248  247  239  231  223  213  204  194  185  175  165  155  145  136  127  118
  109  101   93   87   85   87   92  100  107  113  117  119  120  121  121  122
  123  124  127  131  139  149  162  175  188  199  209  218  228  240  254  268
  281  293  303  310  314  317  317  315  310  302  293  284  276  270  268  268
  269  270  269  268  264  259  257  260  248                                   
    47.5-180.0 180.0   5.0 450.0                            LAT/LON1/LON2/DLON/H
  257  254  245  239  232  223  216  208  199  189  179  168  157  146  136  127
  119  111  104   99   98  101  108  117  124  130  133  133  133  132  132  132
  132  132  133  137  143  153  166  179  192  203  213  222  233  246  262  279
  295  309  319  326  331  333  333  330  325  318  310  300  293  287  284  284
  285  287  286  285  280  274  271  274  257                                   
    45.0-180.0 180.0   5.0 450.0                            LAT/LON1/LON2/DLON/H
  267  260  252  246  238  231  225  218  211  201  191  180  169  158  148  139
  132  125  119  116  116  121  129  138  146  150  151  149  147  145  144  143
  142  141  141  143  148  157  169  183  196  208  217  227  239  254  272  291
  309  323  334  340  343  344  343  340  336  330  322  314  307  301  298  299
  300  303  304  302  297  291  286  290  267                                   
    42.5-180.0 180.0   5.0 450.0                            LAT/LON1/LON2/DLON/H
  280  269  259  251  244  236  230  224  218  210  201  191  181  170  161  153
  146  141  137  135  137  143  152  161  168  171  170  166  162  159  156  155
  153  150  148  149  152  160  172  186  200  212  223  233  245  262  282  302
  321  336  345  350  351  350  349  347  344  339  333  326  320  314  312  313
  315  319  320  320  315  310  304  308  280                                   
    40.0-180.0 180.0   5.0 450.0                            LAT/LON1/LON2/DLON/H
  297  282  269  259  249  240  232  227  222  216  209  201  191  182  173  166
  160  156  153  153  157  164  174  183  190  192  189  183  177  172  169  166
  163  159  156  155  157  164  175  189  204  217  229  240  254  271  291  313
  331  345  353  356  356  355  353  352  350  348  344  339  333  329  327  327
  330  334  338  338  336  332  327  330  297                                   
    37.5-180.0 180.0   5.0 450.0                            LAT/LON1/LON2/DLON/H
  321  303  286  271  258  245  235  229  224  219  214  208  200  192  184  176
  171  168  166  168  174  182  193  203  210  211  208  200  192  186  181  177
  172  168  163  161  162  167  178  192  208  223  236  248  262  279  300  320
  338  351  357  359  359  358  358  359  359  359  357  354  349  345  343  344
  347  352  356  358  357  357  352  356  321                                   
    35.0-180.0 180.0   5.0 450.0                            LAT/LON1/LON2/DLON/H
  351  332  311  290  273  256  243  234  228  223  219  214  208  200  192  185
  179  175  175  179  186  196  209  220  228  229  225  217  208  199  193  187
  181  175  170  167  167  171  181  195  212  228  243  256  270  287  306  325
  341  352  358  361  362  363  365  368  371  374  374  372  369  365  363  363
  366  370  375  378  380  384  381  386  351                                   
    32.5-180.0 180.0   5.0 450.0                            LAT/LON1/LON2/DLON/H
  388  369  343  318  298  277  258  246  237  231  227  222  216  208  199  191
  184  180  180  185  194  206  221  234  242  245  241  233  223  213  203  195
  188  181  175  171  171  174  183  197  214  231  247  261  275  291  309  326
  341  351  357  362  365  370  375  382  388  393  395  395  392  388  385  385
  386  390  395  399  404  413  411  418  388                                   
    30.0-180.0 180.0   5.0 450.0                            LAT/LON1/LON2/DLON/H
  428  411  381  355  331  307  283  267  255  246  239  234  227  218  207  197
  188  183  183  189  199  214  230  245  255  259  256  248  237  224  212  201
  191  183  176  173  172  176  183  196  212  230  247  261  275  291  307  323
  336  347  355  362  370  379  389  399  408  415  419  420  418  414  410  408
  409  411  416  421  426  439  440  450  428                                   
    27.5-180.0 180.0   5.0 450.0                            LAT/LON1/LON2/DLON/H
  466  453  422  397  372  347  319  298  281  268  259  251  242  230  218  205
  194  188  188  193  205  221  238  254  265  270  268  260  248  233  217  202
  189  179  173  170  170  173  180  191  206  224  241  256  271  286  301  316
  330  341  352  363  376  390  403  416  427  436  442  444  443  439  435  432
  431  433  437  441  446  461  465  478  466                                   
    25.0-180.0 180.0   5.0 450.0                            LAT/LON1/LON2/DLON/H
  499  492  462  442  417  392  362  337  316  299  285  273  261  247  232  218
  205  197  196  201  213  229  246  262  273  278  276  267  253  235  215  197
  181  170  164  162  163  166  171  180  194  211  229  245  261  276  292  308
  322  335  349  364  381  398  415  429  441  450  456  460  460  459  456  454
  453  454  457  461  463  477  484  499  499                                   
    22.5-180.0 180.0   5.0 450.0                            LAT/LON1/LON2/DLON/H
  520  520  496  483  460  437  407  380  355  334  316  301  285  269  252  236
  221  212  209  213  224  238  254  268  277  281  277  266  249  228  205  183
  165  154  148  148  150  153  157  165  177  194  211  229  246  263  281  297
  313  329  346  364  383  401  418  431  443  452  459  464  467  469  469  469
  470  472  475  477  476  487  496  511  520                                   
    20.0-180.0 180.0   5.0 450.0                            LAT/LON1/LON2/DLON/H
  528  535  519  513  494  475  448  421  394  370  349  330  312  294  276  259
  244  233  229  230  238  249  261  271  277  277  270  256  235  211  186  163
  145  134  130  130  133  136  140  147  158  174  192  211  230  249  269  287
  305  323  342  361  380  397  412  424  434  443  452  459  465  469  473  477
  481  484  488  490  485  491  500  512  528                                   
    17.5-180.0 180.0   5.0 450.0                            LAT/LON1/LON2/DLON/H
  525  537  527  527  514  500  476  452  426  400  377  357  338  320  303  286
  271  260  253  251  254  260  266  270  270  265  253  235  212  186  161  140
  124  114  110  112  115  119  123  129  139  154  173  194  215  236  257  278
  298  318  337  357  374  388  400  410  421  431  442  451  459  466  473  480
  486  492  497  498  490  491  500  505  525                                   
    15.0-180.0 180.0   5.0 450.0                            LAT/LON1/LON2/DLON/H
  514  527  521  523  515  504  485  465  441  418  395  375  357  341  326  312
  299  288  278  272  269  268  267  264  257  245  228  206  182  158  137  118
  104   96   93   95   99  103  107  113  123  139  158  180  202  225  247  270
  291  313  332  350  364  376  387  398  411  424  437  448  457  465  473  481
  489  496  502  502  493  491  497  496  514                                   
    12.5-180.0 180.0   5.0 450.0                            LAT/LON1/LON2/DLON/H
  500  511  506  504  500  491  474  457  437  417  397  380  365  352  342  333
  323  312  301  290  280  271  262  251  236  218  196  173  151  132  115  100
   89   82   80   82   86   90   95  101  111  127  147  170  193  216  239  262
  285  307  327  343  355  366  377  392  409  426  441  453  462  470  477  484
  491  499  505  506  497  491  495  488  500                                   
    10.0-180.0 180.0   5.0 450.0                            LAT/LON1/LON2/DLON/H
  489  496  488  480  476  465  449  433  417  399  383  369  358  350  345  341
  336  327  314  299  283  267  250  231  210  187  164  143  125  110   98   88
   80   74   71   72   76   81   86   92  103  120  140  163  186  208  231  254
  279  302  322  338  350  361  375  394  416  437  455  467  476  482  487  491
  497  503  509  510  502  496  497  486  489                                   
     7.5-180.0 180.0   5.0 450.0                            LAT/LON1/LON2/DLON/H
  486  488  476  460  453  439  421  404  388  372  358  347  339  334  334  335
  333  327  315  298  278  256  232  207  181  156  135  117  104   95   87   80
