data/edconvlstm_nd/pred2000.15i
     1.0            IONOSPHERE MAPS     GNSS                IONEX VERSION / TYPE
pyspatialgeodesy        IME             05-JAN-18 20:20     PGM / RUN BY / DATE 
Map Name                                                    COMMENT             
Predicted global ionosphere maps (GIM).                     DESCRIPTION         
  2015     7    19     0     0     0                        EPOCH OF FIRST MAP  
  2015     7    20     0     0     0                        EPOCH OF LAST MAP   
  7200                                                      INTERVAL            
    13                                                      # OF MAPS IN FILE   
  NONE                                                      MAPPING FUNCTION    
10.0                                                        ELEVATION CUTOFF    
One-way carrier phase leveled to code                       OBSERVABLES USED    
  6371.0                                                    BASE RADIUS         
 2                                                          MAP DIMENSION       
   450.0 450.0   0.0                                        HGT1 / HGT2 / DHGT  
    87.5 -87.5  -2.5                                        LAT1 / LAT2 / DLAT  
  -180.0 180.0   5.0                                        LON1 / LON2 / DLON  
    -1                                                      EXPONENT            
                                                            END OF HEADER       
[from data line 3003]
     8                                                      START OF TEC MAP    
  2015     7    19    14     0     0                        EPOCH OF CURRENT MAP
    87.5-180.0 180.0   5.0 450.0                            LAT/LON1/LON2/DLON/H
  143  144  140  146  149  149  148  147  148  150  150  150  150  150  150  150
  150  150  150  149  149  148  148  147  146  146  145  144  143  142  142  141
  140  139  139  138  137  137  136  136  136  135  135  135  136  136  136  136
  137  137  138  138  138  139  139  139  140  140  140  140  140  140  140  140
  140  141  140  139  146  143  151  147  143                                   
    85.0-180.0 180.0   5.0 450.0                            LAT/LON1/LON2/DLON/H
  139  142  153  147  148  152  152  154  155  156  156  157  157  157  158  158
  158  157  157  157  156  155  154  154  153  152  151  150  149  148  147  146
  144  143  142  141  140  139  139  138  138  137  137  137  138  138  139  139
  140  140  141  142  142  143  143  144  144  144  145  145  145  145  145  145
  146  147  143  141  142  139  144  146  139                                   
    82.5-180.0 180.0   5.0 450.0                            LAT/LON1/LON2/DLON/H
  124  136  140  137  138  144  146  148  149  151  151  152  153  153  154  154
  154  154  154  153  153  152  152  151  150  149  148  147  146  144  143  142
  140  139  137  136  135  133  132  132  131  131  131  131  131  132  133  134
  135  136  137  138  138  139  140  140  140  140  140  139  139  138  137  137
  137  137  133  134  133  140  136  130  124                                   
    80.0-180.0 180.0   5.0 450.0                            LAT/LON1/LON2/DLON/H
  117  125  131  132  132  134  137  142  143  146  146  148  148  149  150  150
  150  151  150  150  150  149  149  148  147  146  145  144  143  142  140  139
  137  135  133  131  130  128  127  126  125  125  125  126  127  128  129  131
  132  134  135  136  137  138  138  138  138  137  136  135  134  132  131  130
  130  128  126  126  123  125  128  123  117                                   
    77.5-180.0 180.0   5.0 450.0                            LAT/LON1/LON2/DLON/H
  117  119  124  126  126  130  132  136  138  140  140  142  143  144  145  145
  146  146  147  147  147  147  147  147  147  146  146  145  144  143  142  141
  140  138  136  135  133  131  130  129  128  128  128  129  130  132  134  136
  138  140  141  143  143  144  144  143  142  140  138  136  134  131  129  126
  124  122  119  119  120  117  120  121  117                                   
    75.0-180.0 180.0   5.0 450.0                            LAT/LON1/LON2/DLON/H
  111  115  115  119  121  125  126  129  132  134  135  136  137  138  139  140
  141  141  142  143  144  145  145  146  146  147  147  147  147  147  146  146
  145  144  142  141  139  137  136  135  134  134  134  135  137  139  141  143
  145  147  149  150  150  150  150  149  147  145  142  139  136  133  129  127
  123  120  117  114  115  113  116  109  111                                   
    72.5-180.0 180.0   5.0 450.0                            LAT/LON1/LON2/DLON/H
  108  111  111  117  117  121  124  126  128  129  130  131  132  133  133  134
  135  136  138  139  140  142  143  145  146  147  148  148  149  149  150  150
  150  150  149  148  147  145  144  142  142  142  142  143  145  147  149  151
  153  155  156  157  157  156  155  154  152  150  147  144  141  137  133  130
  126  122  118  114  113  111  114  112  108                                   
    70.0-180.0 180.0   5.0 450.0                            LAT/LON1/LON2/DLON/H
  109  109  110  115  114  117  119  122  123  125  125  126  126  127  127  128
  129  130  132  134  136  138  140  142  144  145  146  147  148  150  151  153
  154  155  155  154  153  152  150  149  149  149  149  150  152  153  155  156
  157  158  158  158  158  157  156  155  153  152  150  148  145  142  138  135
  130  126  122  117  115  112  116  114  109                                   
    67.5-180.0 180.0   5.0 450.0                            LAT/LON1/LON2/DLON/H
  111  111  112  116  116  119  121  123  124  126  125  126  126  126  127  127
  127  129  130  132  135  137  140  142  144  146  147  148  150  151  153  156
  158  159  160  161  160  159  158  157  156  157  157  158  160  161  161  162
  161  161  160  159  158  157  156  156  155  155  155  154  153  150  148  145
  140  135  130  124  119  116  118  115  111                                   
    65.0-180.0 180.0   5.0 450.0                            LAT/LON1/LON2/DLON/H
  113  113  113  116  114  117  119  121  123  124  124  125  125  125  125  125
  125  126  127  130  132  135  139  142  144  146  147  148  149  151  154  157
  160  162  164  165  165  164  163  163  163  163  164  166  166  166  166  164
  162  160  158  156  154  153  153  154  154  156  157  158  158  157  156  153
  148  143  137  131  126  122  123  120  113                                   
    62.5-180.0 180.0   5.0 450.0                            LAT/LON1/LON2/DLON/H
  114  112  112  114  112  114  116  119  121  123  123  124  125  125  124  124
  124  125  126  128  130  134  138  141  144  146  147  148  149  151  154  157
  161  164  166  167  168  167  167  167  168  169  170  171  172  171  169  165
  162  158  154  152  150  149  150  151  153  156  159  161  163  163  162  159
  154  148  142  135  129  123  124  121  114                                   
    60.0-180.0 180.0   5.0 450.0                            LAT/LON1/LON2/DLON/H
  113  110  108  110  107  109  111  114  116  118  119  121  122  123  123  123
  123  123  123  125  128  132  136  141  144  147  148  149  150  152  155  159
  162  166  168  170  171  171  171  172  173  174  176  177  177  175  171  166
  161  156  151  148  147  146  147  150  153  156  160  163  165  166  164  161
  156  149  143  135  128  121  122  118  113                                   
    57.5-180.0 180.0   5.0 450.0                            LAT/LON1/LON2/DLON/H
  110  105  103  105  101  103  105  108  110  113  115  117  118  120  121  122
  122  122  122  123  126  130  135  141  146  149  152  153  154  156  159  163
  167  170  173  175  176  176  177  178  179  181  183  184  183  180  175  169
  162  156  152  148  147  147  149  152  155  159  163  166  167  167  165  161
  155  147  140  132  124  117  117  114  110                                   
    55.0-180.0 180.0   5.0 450.0                            LAT/LON1/LON2/DLON/H
  107  101   99   99   96   97   99  102  105  107  109  111  114  116  118  120
  121  121  121  122  125  129  135  142  148  153  156  158  160  162  165  169
  173  177  180  182  183  184  185  186  187  189  191  191  190  186  180  173
  166  159  154  152  151  152  153  156  160  163  166  168  168  166  163  158
  151  142  134  126  118  110  110  108  107                                   
    52.5-180.0 180.0   5.0 450.0                            LAT/LON1/LON2/DLON/H
  103   97   95   96   93   94   96   99  101  103  104  107  110  113  116  119
  121  122  122  123  125  130  136  144  151  157  162  164  167  170  173  177
  181  185  188  191  193  194  195  196  197  198  198  198  196  192  185  178
  170  164  160  158  158  159  161  163  165  168  169  170  168  165  160  154
  146  137  128  119  111  104  103  101  103                                   
    50.0-180.0 180.0   5.0 450.0                            LAT/LON1/LON2/DLON/H
  101   96   94   96   93   94   96   98  100  102  103  105  108  112  116  120
  124  125  125  125  128  132  139  148  156  163  168  171  174  177  181  185
  189  194  198  202  205  207  209  209  208  207  206  205  202  198  191  183
  176  170  167  166  166  167  169  170  172  172  172  171  168  163  157  151
  142  133  124  115  107   99   99   97  101                                   
    47.5-180.0 180.0   5.0 450.0                            LAT/LON1/LON2/DLON/H
  100   97   96   99   97   98   99  102  103  105  105  107  110  114  119  124
  128  130  131  131  133  138  145  153  161  168  174  177  181  184  188  193
  198  204  210  216  221  224  226  225  222  219  215  212  208  203  197  189
  182  177  174  173  174  175  175  176  176  176  175  172  168  163  157  150
  141  132  123  114  106   98   98   95  100                                   
    45.0-180.0 180.0   5.0 450.0                            LAT/LON1/LON2/DLON/H
  100  100   99  103  102  103  105  107  109  111  111  113  115  119  125  130
  135  137  138  139  141  145  152  160  167  174  179  183  186  190  195  200
  207  215  224  233  241  246  247  245  239  233  227  221  216  210  204  196
  189  184  181  180  180  180  180  179  178  177  175  173  169  164  158  152
  144  135  127  117  108  101   99   97  100                                   
    42.5-180.0 180.0   5.0 450.0                            LAT/LON1/LON2/DLON/H
  101  103  102  106  106  108  110  113  116  118  119  121  124  128  133  138
  143  146  147  149  151  155  161  167  174  179  184  187  191  195  201  209
  218  229  241  254  265  272  274  270  262  252  242  234  227  220  213  205
  197  192  188  186  185  184  182  180  178  177  175  173  170  166  161  156
  149  142  133  123  114  106  104  100  101                                   
    40.0-180.0 180.0   5.0 450.0                            LAT/LON1/LON2/DLON/H
  101  104  103  107  108  110  113  116  120  124  127  130  133  137  142  147
  151  154  157  159  162  165  170  176  181  185  189  192  196  202  209  219
  231  246  263  280  295  304  306  301  290  277  263  252  243  234  226  217
  208  201  196  193  190  187  184  180  178  176  174  173  172  169  166  162
  156  149  141  131  121  112  109  104  101                                   
    37.5-180.0 180.0   5.0 450.0                            LAT/LON1/LON2/DLON/H
  100  103  102  105  105  108  111  115  121  126  131  137  142  146  151  155
  159  162  165  168  172  176  180  184  187  191  194  198  203  210  220  233
  249  268  290  311  329  340  343  336  323  307  291  277  265  254  244  233
  223  215  208  203  198  193  188  183  178  176  174  174  173  172  170  167
  162  156  148  138  127  118  114  108  100                                   
    35.0-180.0 180.0   5.0 450.0                            LAT/LON1/LON2/DLON/H
   99  101  100  100  100  102  105  110  116  124  131  139  146  152  157  161
  165  168  172  177  181  185  189  191  194  197  201  206  213  222  234  251
  271  294  320  344  365  378  381  374  360  342  323  307  293  280  268  255
  244  233  225  218  211  204  196  189  183  178  176  176  175  175  174  171
  166  160  152  143  132  123  119  111   99                                   
    32.5-180.0 180.0   5.0 450.0                            LAT/LON1/LON2/DLON/H
   99   99   97   95   94   95   97  101  108  117  127  137  147  155  161  165
  169  173  178  183  189  194  197  199  201  205  210  217  226  237  253  272
  296  323  351  378  400  413  416  409  395  377  358  341  325  310  296  283
  269  258  248  239  230  220  210  200  191  185  181  179  178  177  175  173
  168  162  155  146  136  127  124  115   99                                   
    30.0-180.0 180.0   5.0 450.0                            LAT/LON1/LON2/DLON/H
  101  100   96   92   90   90   91   92   98  107  119  132  144  154  162  167
  171  176  182  189  195  201  204  206  209  213  221  230  241  255  273  295
  321  351  381  408  429  440  443  436  424  407  390  373  357  342  328  313
  299  287  276  265  254  242  229  216  204  195  188  183  180  178  175  172
  167  162  155  147  139  132  129  119  101                                   
    27.5-180.0 180.0   5.0 450.0                            LAT/LON1/LON2/DLON/H
  106  104   99   93   90   89   88   87   91   98  110  124  138  150  160  166
  172  178  185  193  200  206  210  213  217  223  233  245  258  274  294  317
  345  375  404  429  447  456  457  452  441  428  414  399  385  371  357  344
  330  318  306  294  281  266  251  235  220  206  195  187  182  177  174  170
  164  159  153  147  141  136  134  124  106                                   
    25.0-180.0 180.0   5.0 450.0                            LAT/LON1/LON2/DLON/H
  112  111  105   99   96   94   91   87   88   93  103  117  132  146  157  165
  172  179  187  196  204  211  216  220  226  234  246  260  275  293  312  336
  363  391  418  439  452  458  457  452  445  436  426  416  405  394  382  370
  358  346  334  321  306  290  272  253  234  217  202  191  182  176  171  166
  160  156  151  147  143  140  139  130  112                                   
    22.5-180.0 180.0   5.0 450.0                            LAT/LON1/LON2/DLON/H
  120  121  113  109  106  104  100   94   91   93  100  112  127  141  154  163
  172  180  189  198  207  215  221  227  235  246  260  275  291  309  328  350
  374  398  419  435  443  445  443  440  436  431  426  421  414  407  398  389
  379  368  356  342  326  308  288  267  246  225  207  192  181  173  167  162
  156  153  148  146  144  143  143  135  120                                   
    20.0-180.0 180.0   5.0 450.0                            LAT/LON1/LON2/DLON/H
  127  130  122  120  117  116  112  105   99   98  101  110  123  138  151  162
  172  181  190  199  209  217  225  233  244  257  272  289  305  321  338  357
  377  395  411  420  423  423  420  419  418  418  418  417  414  411  406  399
  391  381  368  353  336  317  296  274  251  229  208  191  178  169  163  158
  153  150  146  144  144  144  144  137  127                                   
    17.5-180.0 180.0   5.0 450.0                            LAT/LON1/LON2/DLON/H
  130  137  129  129  127  127  123  116  109  105  105  112  123  136  149  161
  172  181  191  200  209  218  228  239  252  267  284  300  316  331  346  360
  374  387  395  399  399  397  395  395  398  402  405  408  409  408  405  401
  393  383  370  354  337  317  296  274  251  227  206  188  174  165  159  155
  151  149  144  142  142  143  143  137  130                                   
    15.0-180.0 180.0   5.0 450.0                            LAT/LON1/LON2/DLON/H
  129  137  130  132  131  132  130  124  118  112  110  114  123  135  147  160
  171  181  191  199  208  219  230  244  259  276  294  311  326  339  351  362
  370  377  380  380  377  375  374  377  382  388  394  398  401  402  400  396
  388  377  363  346  328  308  288  266  244  222  201  183  170  162  157  154
  150  148  143  140  138  138  137  132  129                                   
    12.5-180.0 180.0   5.0 450.0                            LAT/LON1/LON2/DLON/H
  124  132  126  128  127  129  129  125  120  115  113  115  123  134  146  159
  171  182  191  199  208  219  232  248  265  284  302  320  335  348  357  365
  369  371  369  366  363  362  364  368  375  381  387  392  394  395  393  387
  378  365  349  331  312  293  273  253  233  213  194  178  166  159  155  153
  150  147  141  136  134  131  129  124  124                                   
    10.0-180.0 180.0   5.0 450.0                            LAT/LON1/LON2/DLON/H
  116  123  118  119  117  118  120  119  116  112  111  114  122  132  144  158
  170  182  191  199  208  219  234  251  271  291  310  328  344  357  366  371
  373  372  368  364  362  363  366  372  378  384  388  390  391  389  384  376
  364  348  330  311  292  273  254  237  220  203  186  172  162  156  154  152
  149  146  139  132  128  123  120  115  116                                   
     7.5-180.0 180.0   5.0 450.0                            LAT/LON1/LON2/DLON/H
  109  113  107  106  103  103  105  105  105  104  105  109  118  129  142  156
  170  182  192  200  209  221  236  255  276  297  318  338  355  368  378  383
