data/edconvlstm_nd/pred3180.15i
     1.0            IONOSPHERE MAPS     GNSS                IONEX VERSION / TYPE
pyspatialgeodesy        IME             05-JAN-18 20:20     PGM / RUN BY / DATE 
Map Name                                                    COMMENT             
Predicted global ionosphere maps (GIM).                     DESCRIPTION         
  2015    11    14     0     0     0                        EPOCH OF FIRST MAP  
  2015    11    15     0     0     0                        EPOCH OF LAST MAP   
  7200                                                      INTERVAL            
    13                                                      # OF MAPS IN FILE   
  NONE                                                      MAPPING FUNCTION    
10.0                                                        ELEVATION CUTOFF    
One-way carrier phase leveled to code                       OBSERVABLES USED    
  6371.0                                                    BASE RADIUS         
 2                                                          MAP DIMENSION       
   450.0 450.0   0.0                                        HGT1 / HGT2 / DHGT  
    87.5 -87.5  -2.5                                        LAT1 / LAT2 / DLAT  
  -180.0 180.0   5.0                                        LON1 / LON2 / DLON  
    -1                                                      EXPONENT            
                                                            END OF HEADER       
[from data line 1287]
     4                                                      START OF TEC MAP    
  2015    11    14     6     0     0                        EPOCH OF CURRENT MAP
    87.5-180.0 180.0   5.0 450.0                            LAT/LON1/LON2/DLON/H
   42   48   43   47   47   48   48   45   45   47   48   49   49   49   49   49
   49   49   49   48   48   47   47   47   46   46   46   46   45   45   45   44
   44   44   43   43   43   42   42   42   42   42   42   42   42   42   42   42
   43   43   43   43   43   43   43   42   42   42   41   41   40   40   39   39
   40   39   37   38   43   53   62   56   42                                   
    85.0-180.0 180.0   5.0 450.0                            LAT/LON1/LON2/DLON/H
   28   46   42   44   47   50   50   50   51   53   53   54   55   55   55   55
   55   55   55   54   54   54   54   53   53   53   53   53   53   53   53   52
   52   52   52   52   52   51   51   51   51   52   52   52   52   52   52   53
   53   53   53   52   52   52   51   51   50   50   49   48   47   46   45   45
   45   45   41   42   47   49   61   55   28                                   
    82.5-180.0 180.0   5.0 450.0                            LAT/LON1/LON2/DLON/H
   27   30   43   41   42   45   46   46   48   49   50   52   52   52   52   52
   52   51   51   50   50   49   49   49   49   48   48   48   49   49   49   49
   49   49   49   50   50   50   50   51   51   52   52   53   54   54   55   55
   56   56   56   56   56   56   56   55   54   53   52   50   49   47   45   44
   43   42   39   37   48   41   45   45   27                                   
    80.0-180.0 180.0   5.0 450.0                            LAT/LON1/LON2/DLON/H
   32   29   38   34   40   39   42   42   45   46   47   49   50   50   49   49
   48   47   46   46   45   44   44   44   43   44   44   44   45   45   46   46
   47   48   48   49   49   50   51   51   52   53   55   56   57   59   60   61
   62   63   64   64   65   65   64   64   63   61   60   58   56   53   50   48
   46   43   41   39   46   41   42   42   32                                   
    77.5-180.0 180.0   5.0 450.0                            LAT/LON1/LON2/DLON/H
   41   32   33   30   32   33   36   37   40   42   43   46   47   47   47   46
   46   44   43   42   41   40   39   39   38   38   39   39   40   41   42   43
   43   44   45   45   46   46   47   49   50   52   54   56   59   61   64   66
   68   70   72   74   75   76   77   77   76   75   73   70   67   64   60   56
   52   48   44   42   41   29   32   34   41                                   
    75.0-180.0 180.0   5.0 450.0                            LAT/LON1/LON2/DLON/H
   37   31   31   29   29   32   35   36   38   41   42   44   45   45   45   44
   43   42   40   39   38   37   36   36   36   36   37   38   39   40   41   42
   43   43   43   43   44   44   45   47   49   51   55   58   62   66   69   73
   77   81   84   87   89   91   93   93   93   92   90   87   83   79   74   69
   63   58   53   46   45   33   33   34   37                                   
    72.5-180.0 180.0   5.0 450.0                            LAT/LON1/LON2/DLON/H
   43   34   33   29   30   34   37   38   40   42   43   45   45   46   45   44
   43   41   40   38   37   36   35   35   35   36   37   38   40   41   42   43
   44   43   43   43   43   43   44   46   49   53   58   63   68   73   79   84
   90   95  100  105  109  112  115  116  116  114  112  108  104   99   93   87
   80   74   70   62   57   44   42   44   43                                   
    70.0-180.0 180.0   5.0 450.0                            LAT/LON1/LON2/DLON/H
   51   39   40   36   34   37   40   40   42   44   44   46   46   46   45   44
   42   41   39   38   37   36   36   36   36   37   39   40   42   44   45   45
   45   44   42   41   41   41   42   45   49   54   60   66   73   80   87   94
  101  109  115  122  127  132  135  136  136  134  131  127  121  115  108  101
   94   87   82   73   67   56   55   56   51                                   
    67.5-180.0 180.0   5.0 450.0                            LAT/LON1/LON2/DLON/H
   53   42   42   38   35   38   40   41   42   43   43   45   44   44   43   42
   40   39   38   37   36   35   35   35   36   37   38   40   42   43   43   43
   42   40   38   36   35   35   36   40   45   51   58   66   74   82   90   99
  108  117  125  133  140  145  148  149  149  146  142  137  131  124  116  109
  101   92   88   79   73   62   61   62   53                                   
    65.0-180.0 180.0   5.0 450.0                            LAT/LON1/LON2/DLON/H
   58   46   44   40   36   38   40   42   43   44   44   45   44   44   43   42
   41   40   39   38   37   36   36   36   37   37   39   40   41   42   42   42
   40   37   35   32   30   30   32   37   43   50   59   68   77   86   95  105
  115  126  135  145  152  158  161  162  160  157  153  147  140  132  124  115
  106   97   92   83   78   68   66   69   58                                   
    62.5-180.0 180.0   5.0 450.0                            LAT/LON1/LON2/DLON/H
   60   48   45   41   37   38   40   42   43   44   44   46   45   44   44   43
   42   42   41   40   39   38   38   38   38   38   39   40   40   41   41   40
   38   36   33   30   28   28   31   37   44   53   62   72   82   92  102  112
  123  135  146  156  164  170  173  173  170  166  161  155  148  140  131  122
  112  101   95   85   80   70   69   72   60                                   
    60.0-180.0 180.0   5.0 450.0                            LAT/LON1/LON2/DLON/H
   62   49   44   39   35   35   37   38   40   42   42   44   44   44   44   44
   44   43   42   41   40   39   38   37   37   36   36   37   37   37   37   37
   35   33   30   28   26   27   31   37   45   55   66   76   86   96  106  117
  129  142  153  164  172  178  180  180  177  172  167  161  154  147  138  128
  117  104   97   88   82   71   68   69   62                                   
    57.5-180.0 180.0   5.0 450.0                            LAT/LON1/LON2/DLON/H
   64   49   43   36   33   32   33   35   37   39   40   42   42   43   44   45
   46   45   45   43   41   39   38   36   35   34   34   34   34   34   34   34
   33   32   30   28   28   29   34   41   50   61   72   82   93  103  113  125
  137  150  162  173  182  188  190  189  185  181  175  170  165  158  149  140
  127  113  105   95   88   74   69   68   64                                   
    55.0-180.0 180.0   5.0 450.0                            LAT/LON1/LON2/DLON/H
   69   51   43   35   32   30   31   32   34   35   36   39   40   42   44   46
   47   47   46   44   42   40   37   36   34   33   32   32   32   32   32   32
   32   32   32   31   31   34   39   47   57   68   79   90  101  111  122  134
  147  160  172  183  192  197  199  198  194  190  186  181  177  171  164  154
  141  126  117  105   97   80   73   70   69                                   
    52.5-180.0 180.0   5.0 450.0                            LAT/LON1/LON2/DLON/H
   76   56   46   38   34   32   32   31   32   33   34   36   38   41   44   47
   49   49   48   46   43   41   38   37   35   34   34   33   32   32   32   33
   34   35   36   37   38   41   47   55   66   77   89  100  111  122  134  146
  159  172  184  194  201  206  208  207  204  200  197  193  190  186  180  171
  157  142  132  118  109   90   82   77   76                                   
    50.0-180.0 180.0   5.0 450.0                            LAT/LON1/LON2/DLON/H
   86   65   53   45   41   39   38   36   35   34   34   36   38   41   45   48
   50   50   49   47   45   43   41   41   40   40   39   38   37   36   36   37
   39   41   44   46   48   51   57   66   76   88  100  112  124  136  148  161
  174  185  195  204  210  214  216  215  213  210  207  204  202  198  193  185
  172  158  146  132  122  103   95   90   86                                   
    47.5-180.0 180.0   5.0 450.0                            LAT/LON1/LON2/DLON/H
   97   77   64   59   53   52   50   45   42   39   37   38   39   42   46   48
   50   50   50   48   47   47   47   48   48   48   48   46   44   42   41   42
   45   48   52   56   59   63   69   78   88  100  113  125  138  151  165  178
  189  199  207  213  217  220  221  220  218  216  213  211  209  205  200  193
  181  168  157  142  132  116  110  104   97                                   
    45.0-180.0 180.0   5.0 450.0                            LAT/LON1/LON2/DLON/H
  107   89   77   76   71   70   66   60   53   48   45   44   44   46   48   50
   51   51   50   51   51   53   55   57   58   59   58   56   53   50   48   48
   50   55   60   65   69   74   81   90  101  114  127  140  154  168  182  195
  205  212  217  220  222  223  224  223  221  219  217  214  210  206  200  193
  183  171  160  146  138  124  120  116  107                                   
    42.5-180.0 180.0   5.0 450.0                            LAT/LON1/LON2/DLON/H
  110   96   87   90   88   88   85   77   68   61   56   54   52   52   53   53
   53   52   53   54   57   61   65   68   69   69   68   66   62   57   53   52
   55   60   66   72   78   84   91  101  114  127  141  156  170  185  199  210
  219  224  226  227  226  226  226  225  223  221  218  215  209  202  195  187
  178  166  156  143  136  124  121  119  110                                   
    40.0-180.0 180.0   5.0 450.0                            LAT/LON1/LON2/DLON/H
  107   95   89   97   97  100   98   91   82   74   69   66   64   62   61   59
   57   56   57   60   64   69   74   77   78   78   76   72   67   62   57   55
   57   62   69   77   83   91  100  112  127  141  156  171  185  200  213  224
  231  234  235  234  233  231  230  229  228  226  223  218  211  202  191  182
  171  159  148  136  128  117  114  113  107                                   
    37.5-180.0 180.0   5.0 450.0                            LAT/LON1/LON2/DLON/H
   98   86   81   90   95  100  101   97   90   84   80   78   76   74   71   68
   65   63   64   68   73   78   83   85   85   83   80   76   70   64   59   56
   57   63   70   78   86   96  108  122  139  155  171  186  200  213  225  235
  242  245  246  245  245  244  242  241  240  239  237  232  223  211  198  185
  172  157  144  130  120  105  102  100   98                                   
    35.0-180.0 180.0   5.0 450.0                            LAT/LON1/LON2/DLON/H
   87   73   67   75   82   88   91   91   89   86   85   86   86   84   82   78
   75   74   74   77   82   87   90   90   88   84   80   76   71   65   60   57
   58   62   69   78   87   99  113  131  150  168  185  199  213  225  236  246
  253  258  262  264  266  266  266  265  265  265  264  259  250  237  221  206
  189  169  154  135  120   98   92   89   87                                   
    32.5-180.0 180.0   5.0 450.0                            LAT/LON1/LON2/DLON/H
   79   59   50   56   63   68   73   77   79   80   83   87   90   91   90   88
   86   85   85   88   91   94   95   93   89   84   79   75   71   67   62   59
   59   62   68   76   86  100  117  137  159  180  197  212  225  237  248  258
  267  276  285  292  298  301  302  301  302  304  305  302  294  281  264  247
  226  202  182  156  136  101   93   87   79                                   
    30.0-180.0 180.0   5.0 450.0                            LAT/LON1/LON2/DLON/H
   80   51   38   41   45   48   53   58   64   68   74   82   88   92   95   95
   95   95   95   96   98   98   97   94   89   83   78   75   72   69   65   61
   60   62   66   74   85  100  120  143  167  190  209  224  237  249  260  273
  286  301  316  330  340  346  349  349  351  354  357  357  351  340  324  305
  282  254  229  193  167  121  109   98   80                                   
    27.5-180.0 180.0   5.0 450.0                            LAT/LON1/LON2/DLON/H
   93   57   38   35   34   34   37   42   48   54   62   71   79   87   93   97
   99  100  100  100  100   99   98   94   89   84   79   76   74   72   68   64
   62   63   66   73   84  100  122  147  174  199  219  236  250  263  276  292
  310  331  353  373  389  398  402  404  407  411  416  418  415  406  392  374
  350  320  289  244  213  155  140  126   93                                   
    25.0-180.0 180.0   5.0 450.0                            LAT/LON1/LON2/DLON/H
  123   79   53   44   37   32   32   34   38   44   51   59   68   77   85   92
   96   99   99   99   98   97   96   94   91   87   83   80   78   75   72   69
   66   65   67   73   84  102  125  152  180  207  230  249  265  279  296  315
  338  364  392  418  438  451  457  460  464  469  476  480  479  474  463  447
  424  393  357  305  269  204  185  171  123                                   
    22.5-180.0 180.0   5.0 450.0                            LAT/LON1/LON2/DLON/H
  170  120   87   71   57   47   42   40   40   43   46   52   58   66   75   82
   88   91   92   91   91   91   93   95   94   92   88   85   83   81   79   76
   72   70   70   75   87  105  129  157  186  215  240  263  282  300  319  342
  368  398  429  458  482  497  506  510  515  521  528  534  536  533  527  515
  494  466  427  373  330  263  240  232  170                                   
    20.0-180.0 180.0   5.0 450.0                            LAT/LON1/LON2/DLON/H
  228  175  137  116   94   79   68   60   57   54   53   53   56   61   67   73
   78   80   81   81   82   85   91   96   99   98   96   92   90   88   86   83
   79   75   74   79   90  109  134  163  193  223  252  278  301  323  346  370
  398  429  461  490  514  530  540  547  553  559  566  571  575  575  573  566
  550  526  489  437  389  326  302  301  228                                   
    17.5-180.0 180.0   5.0 450.0                            LAT/LON1/LON2/DLON/H
  289  238  200  176  144  123  107   96   87   79   71   65   63   63   65   68
   70   70   71   72   75   81   89   98  104  106  104  101   97   95   92   88
   83   79   77   83   96  116  141  169  199  231  263  293  321  346  371  397
  425  454  482  509  531  546  557  564  571  577  583  587  591  593  594  591
  581  562  529  485  435  380  361  366  289                                   
    15.0-180.0 180.0   5.0 450.0                            LAT/LON1/LON2/DLON/H
  339  294  263  239  199  174  155  142  129  116  102   90   81   76   74   71
   68   67   67   68   73   80   90  101  110  114  113  109  105  100   96   92
   86   81   81   87  102  123  148  176  206  239  273  307  338  367  394  420
  445  470  494  515  532  545  555  563  570  575  579  582  584  587  589  589
  583  569  543  508  463  419  406  412  339                                   
    12.5-180.0 180.0   5.0 450.0                            LAT/LON1/LON2/DLON/H
  371  332  312  288  248  222  203  190  177  160  141  124  110  101   92   84
   77   72   71   73   77   85   95  107  118  123  122  117  110  104   98   93
   87   84   85   93  108  129  154  182  212  246  282  318  352  383  411  437
  460  481  499  513  524  534  542  550  556  559  561  561  562  564  567  568
  564  554  535  509  476  442  431  436  371                                   
    10.0-180.0 180.0   5.0 450.0                            LAT/LON1/LON2/DLON/H
  388  354  341  314  280  255  240  232  221  204  184  164  147  134  121  108
   97   89   86   87   91   97  107  118  127  131  129  122  113  105   99   93
   88   86   88   97  113  134  158  185  216  250  287  325  360  393  422  448
  470  487  499  508  514  520  527  532  536  538  537  536  536  538  542  543
  540  533  519  500  478  455  442  442  388                                   
     7.5-180.0 180.0   5.0 450.0                            LAT/LON1/LON2/DLON/H
  395  367  354  320  292  269  258  256  250  238  220  202  186  171  156  140
  125  115  111  111  114  118  124  131  137  138  134  125  115  106   99   93
