data/edconvlstm_nd/pred0930.15i
     1.0            IONOSPHERE MAPS     GNSS                IONEX VERSION / TYPE
pyspatialgeodesy        IME             05-JAN-18 20:20     PGM / RUN BY / DATE 
Map Name                                                    COMMENT             
Predicted global ionosphere maps (GIM).                     DESCRIPTION         
  2015     4     3     0     0     0                        EPOCH OF FIRST MAP  
  2015     4     4     0     0     0                        EPOCH OF LAST MAP   
  7200                                                      INTERVAL            
    13                                                      # OF MAPS IN FILE   
  NONE                                                      MAPPING FUNCTION    
10.0                                                        ELEVATION CUTOFF    
One-way carrier phase leveled to code                       OBSERVABLES USED    
  6371.0                                                    BASE RADIUS         
 2                                                          MAP DIMENSION       
   450.0 450.0   0.0                                        HGT1 / HGT2 / DHGT  
    87.5 -87.5  -2.5                                        LAT1 / LAT2 / DLAT  
  -180.0 180.0   5.0                                        LON1 / LON2 / DLON  
    -1                                                      EXPONENT            
                                                            END OF HEADER       
[from data line 2574]
     7                                                      START OF TEC MAP    
  2015     4     3    12     0     0                        EPOCH OF CURRENT MAP
    87.5-180.0 180.0   5.0 450.0                            LAT/LON1/LON2/DLON/H
  177  184  185  194  198  200  201  202  204  206  207  208  209  209  210  210
  210  210  209  209  208  207  206  205  204  203  202  200  199  197  195  194
  192  190  189  187  185  183  181  179  177  175  173  171  169  167  166  164
  162  161  159  158  157  157  156  156  156  156  157  158  159  160  161  163
  165  168  169  170  178  178  184  180  177                                   
    85.0-180.0 180.0   5.0 450.0                            LAT/LON1/LON2/DLON/H
  176  185  198  197  199  205  208  211  213  215  216  217  217  218  218  218
  218  218  217  217  216  215  214  213  212  211  210  209  207  206  204  203
  201  200  198  196  194  191  189  186  184  181  178  176  173  170  168  165
  163  161  159  157  155  154  154  153  153  154  154  155  157  158  160  162
  166  169  168  169  172  174  179  182  176                                   
    82.5-180.0 180.0   5.0 450.0                            LAT/LON1/LON2/DLON/H
  163  184  189  186  189  196  199  203  205  207  208  209  209  210  210  211
  211  211  211  211  211  210  210  210  209  209  208  208  208  207  207  207
  206  205  204  203  201  199  197  194  190  187  183  179  175  171  166  162
  158  154  150  147  144  141  139  138  137  137  137  138  139  140  142  145
  148  151  151  155  158  167  169  160  163                                   
    80.0-180.0 180.0   5.0 450.0                            LAT/LON1/LON2/DLON/H
  152  165  170  170  172  176  179  184  186  188  189  190  190  191  192  192
  193  194  194  195  195  195  195  195  196  196  197  198  199  201  202  204
  205  206  206  205  205  203  201  198  195  191  187  183  178  172  167  161
  156  151  146  141  137  133  131  128  127  126  125  126  126  127  128  130
  133  135  135  139  140  145  152  140  152                                   
    77.5-180.0 180.0   5.0 450.0                            LAT/LON1/LON2/DLON/H
  142  144  150  149  151  155  157  159  161  162  162  162  163  164  165  167
  169  171  172  174  175  177  178  180  181  184  186  190  194  198  203  208
  212  215  219  221  222  223  222  221  219  216  212  208  203  197  190  184
  177  170  164  158  152  147  143  139  136  134  132  131  130  129  129  129
  129  129  127  128  131  128  133  127  142                                   
    75.0-180.0 180.0   5.0 450.0                            LAT/LON1/LON2/DLON/H
  124  127  127  128  130  134  134  135  136  136  135  135  136  137  139  142
  146  149  153  156  159  162  165  168  171  175  180  185  192  200  207  215
  222  228  234  238  242  244  245  246  245  243  240  236  231  226  219  212
  205  197  190  183  176  170  164  159  155  151  148  145  143  140  138  136
  133  130  126  121  121  117  121  111  124                                   
    72.5-180.0 180.0   5.0 450.0                            LAT/LON1/LON2/DLON/H
  112  113  112  115  116  119  119  118  117  115  113  113  113  115  118  122
  128  134  139  145  150  154  158  162  167  172  179  187  196  206  216  227
  237  246  253  260  266  270  274  276  276  276  274  272  268  262  256  249
  242  233  225  217  210  203  196  189  183  178  173  169  165  161  157  153
  147  142  134  125  119  113  114  109  112                                   
    70.0-180.0 180.0   5.0 450.0                            LAT/LON1/LON2/DLON/H
  106  104  103  105  107  108  108  106  103  100   97   96   96   98  102  108
  115  123  131  139  146  152  157  162  167  173  181  190  202  214  226  239
  250  261  270  279  286  291  296  299  301  302  301  299  296  291  285  278
  270  262  253  244  236  228  221  213  206  200  194  188  183  178  173  168
  160  152  142  130  120  112  112  109  106                                   
    67.5-180.0 180.0   5.0 450.0                            LAT/LON1/LON2/DLON/H
   99   99   98  102  105  107  106  104  100   95   91   89   89   91   95  102
  111  121  131  141  149  156  162  167  172  178  186  196  208  221  235  248
  261  272  282  291  298  305  310  315  318  320  320  319  316  312  306  299
  291  282  273  264  255  247  239  231  223  216  209  203  198  192  187  181
  173  163  151  136  123  112  110  107   99                                   
    65.0-180.0 180.0   5.0 450.0                            LAT/LON1/LON2/DLON/H
   95   95   94  100  102  106  105  103   99   94   89   86   85   87   92   99
  109  120  132  143  153  160  166  170  175  180  188  198  211  225  239  253
  266  277  287  296  305  312  319  324  328  332  333  333  330  326  319  311
  301  292  282  272  264  255  247  239  230  222  215  208  203  197  192  186
  178  168  155  139  126  114  110  107   95                                   
    62.5-180.0 180.0   5.0 450.0                            LAT/LON1/LON2/DLON/H
   90   90   89   96   99  103  104  102   98   93   89   86   85   87   91   98
  108  120  133  145  155  163  168  172  175  179  186  196  208  223  237  251
  263  274  284  293  302  311  319  327  333  337  340  340  337  332  324  315
  304  293  283  273  264  256  248  240  231  223  215  208  202  197  191  186
  178  168  156  140  126  112  106  104   90                                   
    60.0-180.0 180.0   5.0 450.0                            LAT/LON1/LON2/DLON/H
   86   84   82   89   92   96   97   96   94   90   87   84   84   85   89   96
  105  117  130  142  153  161  166  169  171  174  180  189  202  216  230  243
  255  265  275  285  296  307  318  328  337  343  346  346  343  337  328  316
  304  292  281  272  263  256  248  240  232  223  214  207  200  194  189  183
  176  166  155  139  125  110  103   99   86                                   
    57.5-180.0 180.0   5.0 450.0                            LAT/LON1/LON2/DLON/H
   85   80   78   82   84   87   89   88   87   84   82   81   80   82   85   91
  100  111  125  138  150  158  163  165  167  169  174  183  195  209  222  235
  245  254  264  276  290  305  321  334  345  353  356  356  352  344  334  321
  308  296  285  276  268  261  255  247  239  230  221  212  205  198  191  185
  176  167  156  142  128  111  103   97   85                                   
    55.0-180.0 180.0   5.0 450.0                            LAT/LON1/LON2/DLON/H
   89   81   77   77   78   80   82   81   79   77   76   75   75   77   79   85
   93  105  119  133  146  155  161  164  165  167  172  180  192  206  218  229
  237  246  256  270  288  308  329  346  360  368  372  371  366  357  346  333
  319  306  296  288  281  276  270  263  255  246  236  227  219  210  201  193
  183  173  162  149  136  119  108  100   89                                   
    52.5-180.0 180.0   5.0 450.0                            LAT/LON1/LON2/DLON/H
  101   89   83   79   77   78   79   77   75   73   72   71   71   72   74   79
   88  100  115  131  145  157  164  168  170  173  178  186  198  210  222  230
  236  243  253  270  292  318  343  365  381  390  393  391  385  375  363  350
  337  325  315  308  302  298  292  286  278  269  260  250  240  230  219  208
  196  185  173  161  151  133  121  111  101                                   
    50.0-180.0 180.0   5.0 450.0                            LAT/LON1/LON2/DLON/H
  119  105   97   89   85   85   84   80   78   75   73   72   71   71   72   77
   86   99  115  133  150  164  173  179  184  188  194  203  214  225  235  241
  244  249  258  277  303  333  364  389  406  415  417  414  406  396  384  371
  359  348  339  333  327  322  317  310  303  294  285  276  266  254  241  228
  213  201  188  177  169  153  139  129  119                                   
    47.5-180.0 180.0   5.0 450.0                            LAT/LON1/LON2/DLON/H
  140  128  116  107  102  100   98   92   88   84   81   78   76   75   75   80
   89  103  121  141  160  176  189  198  205  211  219  228  239  249  257  260
  260  262  271  291  319  353  387  414  432  440  441  436  428  417  405  392
  380  370  362  355  349  342  335  328  321  313  305  296  286  274  260  244
  229  216  202  193  187  174  160  151  140                                   
    45.0-180.0 180.0   5.0 450.0                            LAT/LON1/LON2/DLON/H
  160  152  139  131  124  121  118  111  105  100   95   91   87   84   84   88
   97  112  131  153  173  191  207  219  229  239  248  258  269  278  284  285
  283  283  291  310  340  376  412  440  457  464  463  457  448  437  424  410
  398  388  379  371  362  353  343  334  326  319  312  304  295  283  269  253
  236  224  209  202  199  190  178  171  160                                   
    42.5-180.0 180.0   5.0 450.0                            LAT/LON1/LON2/DLON/H
  174  172  159  155  149  146  142  135  127  120  113  108  103   99   98  101
  110  125  144  166  187  206  224  239  253  265  276  287  297  306  311  311
  309  308  315  334  364  401  437  465  482  488  486  479  468  455  440  426
  412  400  390  378  366  353  339  328  319  312  305  298  289  278  265  250
  234  222  208  202  202  197  188  182  174                                   
    40.0-180.0 180.0   5.0 450.0                            LAT/LON1/LON2/DLON/H
  178  182  172  172  171  168  165  158  149  141  133  127  121  117  115  117
  124  138  157  178  199  219  237  255  272  286  299  310  320  329  335  336
  334  334  342  362  392  430  465  493  509  515  513  505  493  478  460  443
  426  412  399  384  367  350  332  318  307  299  291  284  275  264  252  237
  223  211  198  193  194  193  187  180  178                                   
    37.5-180.0 180.0   5.0 450.0                            LAT/LON1/LON2/DLON/H
  172  181  176  179  182  181  181  174  166  158  151  145  139  135  132  132
  138  150  167  187  207  227  246  266  284  300  314  325  336  345  353  358
  360  364  374  395  426  463  499  526  543  550  549  542  529  511  490  469
  449  432  415  397  376  354  333  315  302  291  281  272  261  249  237  224
  210  199  185  179  180  180  177  167  172                                   
    35.0-180.0 180.0   5.0 450.0                            LAT/LON1/LON2/DLON/H
  161  174  172  176  182  182  184  180  174  168  162  157  153  150  147  146
  150  159  174  193  212  231  251  271  291  308  322  333  344  356  367  378
  387  396  411  435  467  504  540  567  585  595  598  593  581  561  536  511
  488  468  448  427  403  378  353  332  315  300  287  274  259  245  232  218
  205  193  178  169  167  165  164  151  161                                   
    32.5-180.0 180.0   5.0 450.0                            LAT/LON1/LON2/DLON/H
  153  165  164  169  175  174  178  176  172  168  164  163  161  160  157  155
  157  164  178  196  215  234  254  274  294  311  325  336  348  362  379  398
  415  433  454  482  516  553  588  616  637  652  660  660  649  629  603  575
  549  526  505  482  456  428  401  376  354  336  318  299  281  262  246  231
  217  204  187  174  168  160  157  139  153                                   
    30.0-180.0 180.0   5.0 450.0                            LAT/LON1/LON2/DLON/H
  154  162  159  163  167  165  169  167  164  162  160  161  162  162  161  159
  159  166  180  198  218  237  257  276  295  312  325  337  350  369  393  420
  447  475  503  535  570  606  640  670  694  715  731  737  731  713  687  659
  632  608  585  562  536  507  478  450  424  400  377  353  329  306  286  268
  252  237  217  201  188  174  164  139  154                                   
    27.5-180.0 180.0   5.0 450.0                            LAT/LON1/LON2/DLON/H
  170  172  162  163  164  159  161  159  156  154  152  154  157  159  158  156
  157  164  178  199  220  241  261  280  298  313  326  339  356  379  409  445
  482  519  554  589  624  659  691  721  749  777  800  814  815  803  780  754
  728  705  683  661  636  609  578  547  516  488  460  432  404  376  352  329
  311  294  271  251  233  211  191  156  170                                   
    25.0-180.0 180.0   5.0 450.0                            LAT/LON1/LON2/DLON/H
  201  197  180  173  170  161  160  155  151  147  145  146  148  151  151  150
  151  159  176  199  224  247  267  286  302  317  331  347  367  395  432  474
  519  563  603  639  672  703  733  762  794  827  858  880  889  883  866  844
  821  800  780  761  739  714  683  648  613  579  548  519  489  459  433  408
  387  369  344  321  297  268  237  194  201                                   
    22.5-180.0 180.0   5.0 450.0                            LAT/LON1/LON2/DLON/H
  244  237  214  195  185  173  168  159  152  146  141  139  140  142  143  142
  144  153  173  199  227  253  274  292  308  324  341  360  386  419  460  508
  556  603  643  678  707  733  760  788  822  859  895  923  938  940  929  912
  893  875  858  842  824  800  768  729  688  650  618  591  564  537  512  486
  465  449  423  398  372  338  298  250  244                                   
    20.0-180.0 180.0   5.0 450.0                            LAT/LON1/LON2/DLON/H
  293  287  261  231  211  194  183  171  159  150  141  136  135  135  135  134
  137  148  170  199  230  257  279  297  315  333  354  380  411  449  494  542
  590  634  672  702  727  749  771  799  833  871  908  939  959  965  960  948
  933  918  905  892  876  852  817  773  727  685  654  631  611  592  572  549
  529  515  493  468  445  408  365  317  293                                   
    17.5-180.0 180.0   5.0 450.0                            LAT/LON1/LON2/DLON/H
  341  336  312  273  245  222  206  188  172  158  146  137  132  130  129  129
  133  146  169  199  231  260  282  302  321  344  372  404  441  482  526  571
  614  653  686  713  733  751  771  797  830  867  903  933  953  961  959  950
  939  928  918  907  893  868  830  780  728  683  653  636  626  616  604  585
  568  558  542  520  501  464  423  380  341                                   
    15.0-180.0 180.0   5.0 450.0                            LAT/LON1/LON2/DLON/H
  378  374  353  313  279  252  231  208  188  170  154  141  133  130  128  128
  133  146  170  200  232  261  284  305  329  358  392  430  469  510  550  589
  626  661  690  713  731  747  766  791  821  854  885  910  927  935  934  927
  919  911  904  895  881  856  816  762  704  657  627  615  614  614  609  595
  581  574  563  545  532  499  463  424  378                                   
    12.5-180.0 180.0   5.0 450.0                            LAT/LON1/LON2/DLON/H
  399  394  376  338  305  275  252  226  202  181  162  147  137  132  129  130
  136  150  173  203  234  262  286  310  339  372  410  449  488  526  562  597
  631  663  689  710  728  744  763  786  812  839  863  883  894  898  896  890
  883  878  873  866  853  829  788  733  674  624  593  584  589  594  595  585
  571  565  558  544  535  507  476  442  399                                   
    10.0-180.0 180.0   5.0 450.0                            LAT/LON1/LON2/DLON/H
  401  392  374  343  314  286  262  236  211  189  169  153  141  135  133  134
  141  155  178  207  236  264  290  318  349  384  422  461  498  534  569  602
  633  662  688  709  727  745  765  786  807  828  845  858  864  863  858  851
  845  841  838  833  823  800  762  709  650  599  567  557  562  570  572  563
  549  542  536  523  516  493  468  436  401                                   
     7.5-180.0 180.0   5.0 450.0                            LAT/LON1/LON2/DLON/H
  389  374  354  329  309  284  261  236  212  192  173  157  145  139  136  139
  146  161  184  212  241  270  297  325  357  392  430  468  505  540  572  604
