data/edconvlstm_nd/pred1350.15i
     1.0            IONOSPHERE MAPS     GNSS                IONEX VERSION / TYPE
pyspatialgeodesy        IME             05-JAN-18 20:20     PGM / RUN BY / DATE 
Map Name                                                    COMMENT             
Predicted global ionosphere maps (GIM).                     DESCRIPTION         
  2015     5    15     0     0     0                        EPOCH OF FIRST MAP  
  2015     5    16     0     0     0                        EPOCH OF LAST MAP   
  7200                                                      INTERVAL            
    13                                                      # OF MAPS IN FILE   
  NONE                                                      MAPPING FUNCTION    
10.0                                                        ELEVATION CUTOFF    
One-way carrier phase leveled to code                       OBSERVABLES USED    
  6371.0                                                    BASE RADIUS         
 2                                                          MAP DIMENSION       
   450.0 450.0   0.0                                        HGT1 / HGT2 / DHGT  
    87.5 -87.5  -2.5                                        LAT1 / LAT2 / DLAT  
  -180.0 180.0   5.0                                        LON1 / LON2 / DLON  
    -1                                                      EXPONENT            
                                                            END OF HEADER       
[from data line 5148]
    13                                                      START OF TEC MAP    
  2015     5    16     0     0     0                        EPOCH OF CURRENT MAP
    87.5-180.0 180.0   5.0 450.0                            LAT/LON1/LON2/DLON/H
  184  205  217  207  203  206  206  207  209  210  211  213  214  214  214  214
  213  212  211  209  208  206  204  202  200  197  195  193  191  189  187  185
  184  182  181  180  180  179  179  179  178  178  178  178  178  179  179  178
  178  178  178  178  178  178  178  177  177  177  178  178  178  178  179  180
  181  183  185  187  186  183  188  197  184                                   
    85.0-180.0 180.0   5.0 450.0                            LAT/LON1/LON2/DLON/H
  209  214  208  210  215  219  221  222  225  227  229  230  231  232  231  231
  229  228  225  223  220  217  213  210  206  203  199  196  192  189  187  184
  182  181  179  179  178  178  179  179  180  180  181  182  182  183  183  183
  183  183  183  182  182  182  181  181  181  181  182  182  183  183  184  185
  187  189  192  196  190  194  198  205  209                                   
    82.5-180.0 180.0   5.0 450.0                            LAT/LON1/LON2/DLON/H
  205  208  213  212  216  220  221  225  230  232  235  237  239  240  240  239
  237  234  231  228  224  219  214  209  204  199  194  188  184  179  175  172
  170  168  167  167  168  169  170  172  173  175  177  178  179  180  181  181
  181  181  181  180  180  180  180  180  180  180  181  181  182  183  184  186
  188  190  192  193  191  180  188  187  205                                   
    80.0-180.0 180.0   5.0 450.0                            LAT/LON1/LON2/DLON/H
  201  205  204  202  208  215  222  227  233  237  240  244  246  247  247  246
  244  241  237  232  227  222  216  209  203  196  189  182  176  170  165  162
  159  158  159  160  162  165  169  172  175  178  181  183  184  186  186  187
  187  186  186  185  185  184  184  184  184  184  184  185  186  187  188  190
  191  191  192  192  197  185  194  196  201                                   
    77.5-180.0 180.0   5.0 450.0                            LAT/LON1/LON2/DLON/H
  202  198  200  202  201  208  216  223  230  235  240  244  248  249  249  247
  245  241  237  232  227  221  215  208  201  193  185  177  169  163  158  154
  152  152  154  157  162  167  172  177  181  185  188  190  192  193  194  194
  194  193  193  192  191  190  190  189  189  189  189  189  190  191  192  193
  193  194  193  192  197  193  195  204  202                                   
    75.0-180.0 180.0   5.0 450.0                            LAT/LON1/LON2/DLON/H
  208  201  202  203  200  206  213  219  227  232  237  242  245  246  245  243
  239  235  231  226  222  218  213  207  201  193  185  176  168  161  155  152
  151  153  156  161  168  175  181  187  192  196  199  201  202  203  204  204
  204  203  203  202  201  200  199  198  197  197  196  196  196  196  197  198
  198  199  197  191  196  198  201  210  208                                   
    72.5-180.0 180.0   5.0 450.0                            LAT/LON1/LON2/DLON/H
  204  206  208  206  200  204  210  215  223  227  233  237  239  238  236  232
  227  223  219  216  214  212  209  206  201  194  186  177  169  161  155  152
  152  155  160  167  174  182  189  195  199  203  205  206  207  208  208  209
  209  210  210  209  208  207  206  205  204  203  202  201  200  200  200  201
  201  201  201  197  201  203  208  219  204                                   
    70.0-180.0 180.0   5.0 450.0                            LAT/LON1/LON2/DLON/H
  212  211  214  212  203  205  210  215  222  227  232  235  236  234  230  224
  219  214  211  209  210  211  212  211  208  203  195  186  177  169  162  159
  159  162  168  175  182  190  196  201  203  205  205  205  205  206  207  209
  211  212  213  214  214  213  212  211  210  208  207  206  205  204  204  204
  204  204  205  203  209  214  219  227  212                                   
    67.5-180.0 180.0   5.0 450.0                            LAT/LON1/LON2/DLON/H
  220  221  222  220  208  208  211  215  222  226  231  234  235  231  226  219
  213  208  206  207  211  215  219  221  220  216  208  199  189  180  173  169
  168  170  175  181  187  193  197  199  199  198  197  195  195  196  198  201
  204  208  211  213  214  214  214  213  212  211  211  209  208  206  205  205
  205  205  206  206  213  220  227  234  220                                   
    65.0-180.0 180.0   5.0 450.0                            LAT/LON1/LON2/DLON/H
  226  227  228  225  213  210  211  214  220  224  230  233  233  230  224  217
  211  207  207  210  216  223  230  234  234  230  223  213  202  193  185  180
  178  178  181  185  189  191  193  191  189  185  181  178  177  178  182  186
  192  197  202  206  208  210  211  212  212  212  212  211  210  208  207  205
  204  204  206  207  214  222  231  237  226                                   
    62.5-180.0 180.0   5.0 450.0                            LAT/LON1/LON2/DLON/H
  232  232  232  229  217  211  210  212  218  222  227  231  232  229  224  218
  214  212  214  219  227  235  242  247  247  243  235  226  216  206  198  192
  188  186  186  187  187  187  185  180  174  168  162  159  157  159  163  169
  177  184  190  196  200  204  207  209  211  213  214  214  213  211  209  208
  206  205  207  208  214  222  232  237  232                                   
    60.0-180.0 180.0   5.0 450.0                            LAT/LON1/LON2/DLON/H
  234  235  235  230  219  211  208  208  214  217  222  227  228  227  223  220
  219  220  223  230  238  246  252  255  254  250  243  234  225  217  209  202
  197  193  189  187  184  180  175  168  160  152  145  141  140  142  146  153
  161  169  177  185  191  197  203  207  211  214  217  217  217  216  214  213
  210  209  210  209  213  220  230  234  234                                   
    57.5-180.0 180.0   5.0 450.0                            LAT/LON1/LON2/DLON/H
  236  238  240  232  223  213  207  206  210  212  216  220  222  222  221  221
  223  227  232  239  246  252  256  256  254  250  244  238  232  226  219  213
  206  199  192  187  181  175  168  159  150  141  134  130  128  130  134  140
  148  157  166  175  184  192  201  208  214  219  222  224  224  224  223  222
  219  218  218  215  216  219  229  235  236                                   
    55.0-180.0 180.0   5.0 450.0                            LAT/LON1/LON2/DLON/H
  240  245  247  238  230  220  212  208  209  209  211  213  214  215  216  219
  224  231  238  244  249  253  253  252  249  246  243  240  237  234  229  222
  214  205  197  188  181  173  165  156  147  138  131  126  125  126  129  134
  140  148  158  168  180  191  203  213  221  228  232  235  235  235  235  236
  234  233  232  227  226  225  233  241  240                                   
    52.5-180.0 180.0   5.0 450.0                            LAT/LON1/LON2/DLON/H
  250  257  259  251  243  234  225  219  216  212  210  208  207  208  210  216
  223  231  239  245  248  249  248  246  244  243  242  243  243  242  238  232
  222  212  202  193  184  177  169  160  151  142  135  131  129  129  130  133
  138  145  154  166  180  194  209  222  232  240  245  248  249  249  251  253
  254  254  253  245  242  239  245  255  250                                   
    50.0-180.0 180.0   5.0 450.0                            LAT/LON1/LON2/DLON/H
  266  274  277  270  262  256  247  238  232  223  216  210  206  204  207  212
  221  229  237  242  245  245  245  244  244  245  247  250  252  251  248  240
  230  219  208  199  191  184  177  169  160  152  145  141  138  137  137  138
  141  146  155  168  184  201  218  233  245  254  259  262  263  264  267  272
  276  278  277  268  265  260  266  277  266                                   
    47.5-180.0 180.0   5.0 450.0                            LAT/LON1/LON2/DLON/H
  288  295  299  294  287  282  275  264  254  241  230  219  211  206  207  211
  218  227  234  239  243  245  247  249  251  255  258  261  262  260  255  247
  236  225  214  206  199  193  187  180  171  164  157  153  151  149  148  147
  148  152  160  173  190  209  228  244  257  267  272  275  276  278  283  289
  296  301  301  293  292  286  292  304  288                                   
    45.0-180.0 180.0   5.0 450.0                            LAT/LON1/LON2/DLON/H
  311  317  323  322  313  310  304  293  281  265  249  235  223  215  212  214
  219  226  233  240  246  252  257  262  267  271  273  274  273  268  261  251
  239  228  218  212  207  203  198  191  184  176  170  166  164  162  160  158
  157  160  168  181  198  218  237  254  268  278  284  287  289  291  297  305
  314  322  323  317  318  312  320  332  311                                   
    42.5-180.0 180.0   5.0 450.0                            LAT/LON1/LON2/DLON/H
  333  337  346  348  338  334  328  317  305  289  272  256  241  230  223  221
  224  229  237  246  255  265  275  282  288  290  290  287  281  273  263  252
  240  230  222  217  214  212  209  203  196  189  183  179  178  176  174  170
  168  170  177  189  206  226  245  263  278  289  297  301  303  306  311  320
  330  339  342  339  341  336  348  358  333                                   
    40.0-180.0 180.0   5.0 450.0                            LAT/LON1/LON2/DLON/H
  353  358  367  371  359  353  345  335  324  308  293  278  262  249  239  234
  234  238  247  259  272  286  298  306  310  310  305  298  288  277  264  252
  240  231  225  222  222  222  220  216  209  203  197  194  193  191  188  184
  180  181  186  197  213  232  251  270  287  302  311  317  320  323  329  337
  346  354  358  357  361  358  372  379  353                                   
    37.5-180.0 180.0   5.0 450.0                            LAT/LON1/LON2/DLON/H
  374  382  390  392  379  369  357  346  336  322  310  298  285  271  259  252
  249  254  264  278  295  311  323  329  330  325  317  306  294  280  267  254
  243  234  230  229  231  234  234  231  226  220  216  213  210  207  203  197
  193  191  195  204  218  236  257  278  298  316  329  338  342  346  350  357
  365  372  374  375  380  380  394  398  374                                   
    35.0-180.0 180.0   5.0 450.0                            LAT/LON1/LON2/DLON/H
  399  412  420  414  401  387  370  357  346  335  325  317  307  295  282  273
  270  274  286  303  322  337  347  349  345  337  327  315  302  288  274  261
  251  243  239  240  243  248  251  250  246  242  238  235  231  226  220  212
  205  201  203  209  222  240  261  285  310  332  350  362  369  373  377  384
  390  395  397  397  403  406  418  418  399                                   
    32.5-180.0 180.0   5.0 450.0                            LAT/LON1/LON2/DLON/H
  431  451  460  448  435  418  396  379  366  354  346  340  332  321  308  298
  294  299  312  330  348  361  366  364  357  348  339  328  317  303  289  276
  265  257  253  254  259  265  269  270  269  267  264  260  255  247  237  226
  216  209  208  212  223  241  264  292  321  349  371  387  397  403  409  415
  422  425  427  427  434  439  447  443  431                                   
    30.0-180.0 180.0   5.0 450.0                            LAT/LON1/LON2/DLON/H
  470  501  514  500  489  473  448  426  407  392  382  375  367  354  339  327
  323  328  340  357  372  380  381  376  368  361  355  348  339  326  312  298
  285  276  271  271  276  282  288  291  292  291  290  286  278  267  252  237
  223  213  209  211  221  239  265  297  331  363  389  409  422  432  440  449
  457  462  463  463  473  477  481  475  470                                   
    27.5-180.0 180.0   5.0 450.0                            LAT/LON1/LON2/DLON/H
  516  557  578  570  565  553  528  502  477  455  440  428  415  399  380  364
  357  360  369  382  391  395  393  387  382  379  377  374  367  355  339  323
  308  297  290  288  291  296  302  307  310  312  311  307  297  281  262  243
  225  213  206  207  217  237  266  300  338  373  403  426  443  456  468  480
  492  499  501  501  515  519  520  515  516                                   
    25.0-180.0 180.0   5.0 450.0                            LAT/LON1/LON2/DLON/H
  571  616  645  648  651  647  626  599  570  541  518  499  480  457  432  411
  399  396  400  405  408  407  404  400  399  401  404  404  397  384  366  347
  330  315  305  299  299  303  308  314  319  323  324  319  307  288  265  242
  223  208  200  201  212  234  265  302  342  379  412  438  458  475  492  508
  523  533  535  537  556  560  563  563  571                                   
    22.5-180.0 180.0   5.0 450.0                            LAT/LON1/LON2/DLON/H
  635  674  705  720  729  735  724  702  671  639  609  583  557  527  496  468
  450  439  433  429  424  419  415  415  419  425  431  432  424  408  386  364
  343  323  308  298  295  298  303  309  316  321  323  320  307  286  261  236
  216  201  193  195  208  231  264  303  344  382  415  443  467  489  510  531
  551  564  567  572  594  597  607  617  635                                   
    20.0-180.0 180.0   5.0 450.0                            LAT/LON1/LON2/DLON/H
  703  726  751  774  787  805  806  792  766  734  701  671  640  605  569  535
  508  488  471  455  441  432  429  432  440  449  456  454  441  419  392  363
  337  313  294  282  279  282  288  295  301  307  311  308  297  276  251  227
  206  193  187  191  205  231  266  305  345  381  414  443  471  498  525  551
  575  591  597  607  630  629  648  670  703                                   
    17.5-180.0 180.0   5.0 450.0                            LAT/LON1/LON2/DLON/H
  762  765  782  809  827  852  864  860  841  814  783  753  721  685  646  607
  573  542  513  485  462  448  445  450  460  469  472  463  441  409  374  340
  309  284  266  257  256  262  269  275  281  286  290  289  279  261  238  216
  198  186  183  189  206  233  268  306  344  378  411  442  474  506  538  567
  594  612  624  638  660  657  682  713  762                                   
    15.0-180.0 180.0   5.0 450.0                            LAT/LON1/LON2/DLON/H
  796  782  795  825  845  874  891  896  886  867  843  817  788  756  718  678
  638  598  557  517  486  467  463  468  477  480  472  450  415  374  333  297
  269  248  235  232  237  246  254  259  262  264  266  266  259  244  225  206
  191  182  181  189  207  234  268  304  338  371  404  439  476  514  550  582
  609  630  646  664  684  679  707  743  796                                   
    12.5-180.0 180.0   5.0 450.0                            LAT/LON1/LON2/DLON/H
  804  780  797  826  843  870  887  895  894  884  869  853  833  808  775  737
  695  649  600  551  512  489  482  484  484  475  450  412  366  321  282  252
  230  218  214  219  231  243  251  253  250  247  246  245  240  229  214  198
  186  179  178  186  202  227  259  292  325  357  393  433  478  522  562  596
  624  645  664  685  702  699  726  760  804                                   
    10.0-180.0 180.0   5.0 450.0                            LAT/LON1/LON2/DLON/H
  799  776  796  820  830  849  862  869  871  868  863  857  849  834  809  777
  737  690  636  582  538  511  498  490  476  447  404  354  305  265  236  219
  209  207  211  223  240  255  262  258  249  239  233  230  225  217  205  192
  180  173  171  176  189  211  239  270  302  337  378  426  479  530  575  610
  638  658  680  702  718  719  743  772  799                                   
     7.5-180.0 180.0   5.0 450.0                            LAT/LON1/LON2/DLON/H
  795  780  800  814  815  824  829  831  832  831  833  836  838  832  817  791
  757  712  659  604  558  525  503  480  446  398  341  288  248  224  214  210
