data/edconvlstm_nd/pred1300.15i
     1.0            IONOSPHERE MAPS     GNSS                IONEX VERSION / TYPE
pyspatialgeodesy        IME             05-JAN-18 20:20     PGM / RUN BY / DATE 
Map Name                                                    COMMENT             
Predicted global ionosphere maps (GIM).                     DESCRIPTION         
  2015     5    10     0     0     0                        EPOCH OF FIRST MAP  
  2015     5    11     0     0     0                        EPOCH OF LAST MAP   
  7200                                                      INTERVAL            
    13                                                      # OF MAPS IN FILE   
  NONE                                                      MAPPING FUNCTION    
10.0                                                        ELEVATION CUTOFF    
One-way carrier phase leveled to code                       OBSERVABLES USED    
  6371.0                                                    BASE RADIUS         
 2                                                          MAP DIMENSION       
   450.0 450.0   0.0                                        HGT1 / HGT2 / DHGT  
    87.5 -87.5  -2.5                                        LAT1 / LAT2 / DLAT  
  -180.0 180.0   5.0                                        LON1 / LON2 / DLON  
    -1                                                      EXPONENT            
                                                            END OF HEADER       
[from data line 3003]
     8                                                      START OF TEC MAP    
  2015     5    10    14     0     0                        EPOCH OF CURRENT MAP
    87.5-180.0 180.0   5.0 450.0                            LAT/LON1/LON2/DLON/H
  196  189  182  190  191  193  193  194  196  198  199  200  202  203  204  205
  206  207  207  208  208  208  208  209  209  209  209  209  209  209  209  209
  209  209  209  209  209  209  209  209  208  208  208  208  207  207  206  206
  205  204  203  203  202  201  199  198  197  196  195  193  192  191  189  188
  187  187  185  185  190  193  195  198  196                                   
    85.0-180.0 180.0   5.0 450.0                            LAT/LON1/LON2/DLON/H
  176  178  186  185  184  189  192  195  197  199  200  202  204  205  206  207
  208  209  210  211  211  211  212  212  212  212  213  213  213  213  213  213
  213  213  213  213  213  213  213  213  213  213  212  212  211  211  210  209
  208  207  206  205  204  202  201  199  197  196  194  192  190  188  187  185
  184  183  180  180  180  180  184  190  176                                   
    82.5-180.0 180.0   5.0 450.0                            LAT/LON1/LON2/DLON/H
  153  165  169  168  169  176  180  183  186  189  192  194  196  198  199  200
  202  203  203  204  205  205  206  206  207  207  207  207  208  208  208  208
  208  208  208  208  208  208  208  208  208  207  207  206  205  205  204  203
  201  200  199  197  196  194  192  190  188  185  182  180  177  174  171  168
  165  163  159  162  160  168  170  163  153                                   
    80.0-180.0 180.0   5.0 450.0                            LAT/LON1/LON2/DLON/H
  152  161  168  169  170  176  182  187  191  195  198  201  203  204  206  207
  208  208  209  209  209  209  209  209  209  209  209  209  209  209  209  209
  209  209  209  209  209  209  210  210  210  210  210  209  209  209  208  208
  207  206  205  204  203  202  200  198  196  193  190  186  182  178  175  171
  168  164  160  162  157  156  162  154  152                                   
    77.5-180.0 180.0   5.0 450.0                            LAT/LON1/LON2/DLON/H
  158  161  170  172  173  181  186  191  195  199  201  203  205  206  207  208
  208  209  209  209  209  209  209  209  210  210  210  209  209  209  209  209
  209  209  209  209  209  209  209  209  209  210  210  210  210  210  210  210
  210  210  209  209  208  207  206  205  202  200  196  193  189  184  179  175
  170  166  161  162  162  158  161  160  158                                   
    75.0-180.0 180.0   5.0 450.0                            LAT/LON1/LON2/DLON/H
  163  168  174  178  179  188  193  197  201  204  206  208  209  210  210  210
  210  210  210  210  211  211  212  212  212  213  212  212  212  211  211  211
  210  210  210  210  210  210  210  210  211  211  211  212  213  213  214  214
  215  216  216  216  216  216  215  214  212  210  207  204  200  195  190  186
  180  176  172  169  167  164  166  159  163                                   
    72.5-180.0 180.0   5.0 450.0                            LAT/LON1/LON2/DLON/H
  166  172  178  183  183  192  197  200  203  206  207  208  208  208  208  207
  207  207  208  209  210  211  213  214  215  215  215  214  213  212  211  210
  209  208  208  207  207  207  207  207  207  208  209  209  210  211  212  214
  215  215  216  216  217  217  216  215  214  212  210  207  204  200  196  191
  186  182  177  175  171  169  171  170  166                                   
    70.0-180.0 180.0   5.0 450.0                            LAT/LON1/LON2/DLON/H
  169  174  180  184  184  191  196  199  202  204  205  205  205  205  204  204
  204  204  206  207  210  212  215  217  219  220  219  218  217  215  213  211
  209  208  207  206  205  205  205  205  205  206  207  208  209  211  212  213
  214  214  215  215  214  214  213  213  212  210  209  206  204  200  197  193
  188  185  181  178  174  173  176  175  169                                   
    67.5-180.0 180.0   5.0 450.0                            LAT/LON1/LON2/DLON/H
  167  173  178  183  183  190  195  198  201  203  204  205  205  205  205  205
  205  206  209  211  215  219  223  226  229  230  229  228  225  223  219  217
  214  212  210  209  207  207  207  207  208  209  210  211  212  213  214  215
  215  215  214  213  212  211  210  209  209  208  206  205  202  200  197  194
  190  187  184  181  176  174  176  177  167                                   
    65.0-180.0 180.0   5.0 450.0                            LAT/LON1/LON2/DLON/H
  158  164  166  172  171  178  183  187  191  194  196  199  200  201  201  202
  203  205  207  211  216  221  226  231  234  236  236  234  232  228  225  221
  218  216  213  211  210  209  209  209  210  211  213  214  214  214  214  214
  213  211  210  208  206  204  203  202  201  200  199  197  195  193  190  188
  184  182  179  177  173  171  173  173  158                                   
    62.5-180.0 180.0   5.0 450.0                            LAT/LON1/LON2/DLON/H
  144  149  150  154  154  160  166  171  177  182  187  191  194  196  198  200
  201  203  206  210  215  221  227  233  238  240  241  239  237  234  230  227
  224  221  218  215  213  212  212  213  215  216  217  218  218  217  215  213
  211  209  206  203  200  198  197  196  195  194  193  191  188  185  182  180
  176  174  172  170  165  162  163  163  144                                   
    60.0-180.0 180.0   5.0 450.0                            LAT/LON1/LON2/DLON/H
  129  130  129  133  132  138  144  151  159  167  174  181  186  191  194  196
  198  200  203  206  211  217  224  231  236  240  242  241  240  238  235  233
  230  227  224  221  219  218  218  220  222  223  224  224  223  220  217  214
  211  207  204  201  198  197  195  195  194  193  191  189  185  181  177  173
  168  165  163  161  156  152  151  150  129                                   
    57.5-180.0 180.0   5.0 450.0                            LAT/LON1/LON2/DLON/H
  117  114  111  113  111  117  124  132  141  151  161  171  179  185  190  194
  196  198  200  202  206  212  219  227  233  238  241  243  243  242  242  241
  240  237  234  230  228  227  227  229  232  234  234  233  231  227  223  219
  215  211  208  205  203  202  201  201  201  200  198  194  190  184  177  172
  165  161  157  155  149  143  141  139  117                                   
    55.0-180.0 180.0   5.0 450.0                            LAT/LON1/LON2/DLON/H
  111  103  100   99   96  101  108  116  127  139  151  162  173  181  187  192
  195  196  197  199  202  207  214  222  230  236  241  244  246  248  250  252
  252  250  247  243  240  239  239  242  245  247  247  246  242  237  232  227
  223  220  217  215  213  213  213  214  214  213  211  207  201  193  185  177
  169  163  158  154  148  140  137  134  111                                   
    52.5-180.0 180.0   5.0 450.0                            LAT/LON1/LON2/DLON/H
  114  102   98   94   90   94  100  108  120  132  145  157  169  178  185  191
  195  196  197  197  199  204  211  220  229  237  243  248  252  257  261  265
  266  266  263  259  256  254  254  257  260  262  262  260  256  250  245  240
  236  233  230  229  228  228  229  230  231  230  227  223  216  208  199  189
  179  171  164  160  153  144  140  136  114                                   
    50.0-180.0 180.0   5.0 450.0                            LAT/LON1/LON2/DLON/H
  124  111  106  100   93   97  101  108  119  131  144  157  168  178  186  192
  197  199  200  199  200  204  212  222  232  241  249  255  261  267  274  280
  283  284  282  278  275  273  273  274  276  278  278  275  270  265  260  255
  252  249  246  245  244  244  245  246  246  245  242  238  231  223  214  203
  192  183  176  171  163  156  152  147  124                                   
    47.5-180.0 180.0   5.0 450.0                            LAT/LON1/LON2/DLON/H
  138  127  121  114  106  107  110  114  124  135  148  160  171  180  188  195
  201  204  205  205  205  209  217  228  240  250  259  266  272  280  288  295
  301  303  302  300  297  295  294  294  295  295  294  290  285  280  275  271
  268  265  262  259  257  256  255  255  254  252  250  246  241  234  225  216
  205  196  188  183  176  170  168  162  138                                   
    45.0-180.0 180.0   5.0 450.0                            LAT/LON1/LON2/DLON/H
  153  146  140  132  123  122  122  125  133  143  155  167  177  185  192  200
  206  210  212  212  213  217  226  238  251  263  272  279  286  294  303  312
  319  324  326  325  324  321  319  317  315  313  310  305  300  294  290  286
  282  278  274  269  264  261  258  256  253  250  247  244  240  236  230  223
  213  204  197  192  186  184  183  177  153                                   
    42.5-180.0 180.0   5.0 450.0                            LAT/LON1/LON2/DLON/H
  163  163  157  150  141  137  136  136  142  152  164  175  184  192  199  206
  213  217  220  220  221  226  236  249  264  276  285  292  300  308  318  329
  339  347  352  355  356  353  350  344  339  333  327  321  314  308  303  299
  294  289  282  274  267  260  255  250  245  240  236  234  232  230  227  223
  215  208  201  197  191  192  192  186  163                                   
    40.0-180.0 180.0   5.0 450.0                            LAT/LON1/LON2/DLON/H
  166  173  168  162  155  149  145  144  149  160  172  184  193  200  206  213
  220  225  228  228  229  235  245  260  275  288  298  306  314  323  335  349
  362  374  384  391  394  393  387  378  368  358  348  338  330  322  316  311
  305  298  288  278  268  259  251  244  237  231  226  224  223  223  222  220
  214  209  202  197  192  194  194  187  166                                   
    37.5-180.0 180.0   5.0 450.0                            LAT/LON1/LON2/DLON/H
  163  176  172  167  161  153  150  147  152  164  178  191  201  208  214  221
  228  233  235  236  237  242  253  268  284  299  310  319  328  341  356  374
  391  408  423  434  440  439  431  419  403  388  373  360  348  339  332  325
  318  309  299  287  275  265  255  246  237  230  224  221  220  221  221  220
  215  210  203  197  190  191  190  180  163                                   
    35.0-180.0 180.0   5.0 450.0                            LAT/LON1/LON2/DLON/H
  159  173  170  164  160  151  148  145  151  164  180  196  207  215  222  229
  236  241  244  244  244  249  260  275  292  308  320  332  345  362  383  405
  429  451  470  485  493  492  482  466  446  425  405  388  373  362  353  345
  338  329  318  306  294  283  274  264  254  246  239  234  232  232  231  230
  224  218  208  200  190  188  184  171  159                                   
    32.5-180.0 180.0   5.0 450.0                            LAT/LON1/LON2/DLON/H
  157  169  165  159  154  146  143  140  147  161  179  197  211  221  229  237
  244  250  253  253  254  258  268  283  300  317  332  348  366  389  416  445
  474  500  523  540  549  548  537  517  494  469  445  424  406  393  383  376
  369  361  351  341  330  321  312  302  292  283  274  268  263  259  257  252
  245  236  223  211  197  189  181  165  157                                   
    30.0-180.0 180.0   5.0 450.0                            LAT/LON1/LON2/DLON/H
  160  168  161  154  148  140  137  134  141  156  175  195  212  225  234  244
  252  260  264  266  267  270  279  293  311  329  347  367  392  422  457  492
  526  555  579  596  603  601  589  568  543  517  492  468  449  434  425  419
  414  409  402  393  385  377  369  360  350  339  329  320  311  303  297  289
  278  266  248  231  213  199  186  166  160                                   
    27.5-180.0 180.0   5.0 450.0                            LAT/LON1/LON2/DLON/H
  172  173  161  153  145  137  135  132  138  152  171  191  210  225  238  249
  261  271  278  282  284  288  296  309  326  345  367  393  424  462  503  544
  581  610  632  645  649  645  632  612  589  565  541  518  499  485  477  474
  472  470  465  459  452  445  438  429  418  406  395  383  371  359  348  335
  320  304  281  261  239  220  201  178  172                                   
    25.0-180.0 180.0   5.0 450.0                            LAT/LON1/LON2/DLON/H
  190  185  168  157  147  140  137  134  138  149  166  186  205  222  238  253
  268  282  293  301  305  310  317  329  346  367  393  424  461  505  551  595
  631  658  674  681  680  673  661  644  626  606  586  567  550  539  534  533
  534  533  530  524  516  508  498  488  477  465  454  443  430  415  400  383
  364  345  319  297  271  249  226  202  190                                   
    22.5-180.0 180.0   5.0 450.0                            LAT/LON1/LON2/DLON/H
  214  204  182  168  155  148  144  140  141  149  162  179  198  217  236  254
  274  292  309  321  328  333  341  353  371  394  424  459  502  548  596  638
  670  690  698  698  692  683  672  661  649  636  622  608  595  587  584  586
  588  587  582  572  560  546  533  520  508  499  491  483  472  458  442  422
  400  380  352  330  303  281  258  234  214                                   
    20.0-180.0 180.0   5.0 450.0                            LAT/LON1/LON2/DLON/H
  236  226  202  185  168  159  154  149  147  151  159  173  190  210  232  254
  277  300  322  338  349  356  364  377  397  424  457  496  540  587  631  668
  694  705  704  696  686  677  670  665  660  653  645  637  629  624  623  625
  626  623  613  596  576  554  534  517  505  498  494  492  486  475  461  441
  419  400  374  352  328  310  290  267  236                                   
    17.5-180.0 180.0   5.0 450.0                            LAT/LON1/LON2/DLON/H
  254  246  221  202  182  171  164  157  152  152  156  166  182  203  226  252
  278  306  331  352  365  374  384  398  421  451  488  530  573  616  655  684
  701  703  695  682  670  663  661  662  663  662  659  655  650  647  647  648
  646  638  621  596  566  535  507  485  471  466  467  470  470  464  453  436
  415  398  377  359  340  327  314  294  254                                   
    15.0-180.0 180.0   5.0 450.0                            LAT/LON1/LON2/DLON/H
  264  259  235  215  194  182  173  164  157  153  153  161  176  197  222  249
  279  309  337  360  375  386  397  415  441  476  516  558  599  636  666  687
  696  692  680  665  654  650  653  659  665  668  667  665  661  659  658  656
  650  636  612  578  538  498  462  436  420  416  420  428  432  430  423  408
  390  376  360  348  337  330  325  305  264                                   
    12.5-180.0 180.0   5.0 450.0                            LAT/LON1/LON2/DLON/H
  263  263  242  222  202  188  178  168  159  153  151  157  171  193  219  248
  279  310  339  363  379  391  405  427  458  497  539  581  618  648  671  685
  688  680  666  652  644  645  652  662  670  674  674  670  666  662  658  652
  641  622  592  551  504  458  417  388  371  367  371  379  384  385  379  366
  351  341  330  323  319  319  319  299  263                                   
    10.0-180.0 180.0   5.0 450.0                            LAT/LON1/LON2/DLON/H
  254  259  241  223  206  190  180  168  158  152  149  155  170  192  219  249
  280  311  340  363  379  393  410  436  472  515  560  601  634  659  675  682
  681  673  660  650  647  651  662  673  680  682  679  673  666  658  650  640
  625  601  567  524  475  427  385  355  337  331  332  337  341  341  336  323
  310  301  294  291  294  298  301  280  254                                   
     7.5-180.0 180.0   5.0 450.0                            LAT/LON1/LON2/DLON/H
  239  248  234  218  206  189  179  166  156  150  148  155  170  193  221  251
  282  312  339  362  379  395  416  446  487  534  581  621  651  670  681  684
