data/edconvlstm_nd/pred0990.15i
     1.0            IONOSPHERE MAPS     GNSS                IONEX VERSION / TYPE
pyspatialgeodesy        IME             05-JAN-18 20:20     PGM / RUN BY / DATE 
Map Name                                                    COMMENT             
Predicted global ionosphere maps (GIM).                     DESCRIPTION         
  2015     4     9     0     0     0                        EPOCH OF FIRST MAP  
  2015     4    10     0     0     0                        EPOCH OF LAST MAP   
  7200                                                      INTERVAL            
    13                                                      # OF MAPS IN FILE   
  NONE                                                      MAPPING FUNCTION    
10.0                                                        ELEVATION CUTOFF    
One-way carrier phase leveled to code                       OBSERVABLES USED    
  6371.0                                                    BASE RADIUS         
 2                                                          MAP DIMENSION       
   450.0 450.0   0.0                                        HGT1 / HGT2 / DHGT  
    87.5 -87.5  -2.5                                        LAT1 / LAT2 / DLAT  
  -180.0 180.0   5.0                                        LON1 / LON2 / DLON  
    -1                                                      EXPONENT            
                                                            END OF HEADER       
[from data line 3861]
    10                                                      START OF TEC MAP    
  2015     4     9    18     0     0                        EPOCH OF CURRENT MAP
    87.5-180.0 180.0   5.0 450.0                            LAT/LON1/LON2/DLON/H
  218  214  204  210  213  215  214  214  215  216  217  218  218  219  220  221
  222  223  223  223  223  223  222  221  220  219  218  217  216  214  213  212
  210  209  208  207  207  206  205  205  205  205  205  205  206  206  207  207
  208  208  209  209  210  210  211  211  211  212  212  212  212  212  212  212
  211  211  210  210  219  219  216  214  218                                   
    85.0-180.0 180.0   5.0 450.0                            LAT/LON1/LON2/DLON/H
  210  211  217  212  211  216  216  218  219  221  221  223  224  226  228  229
  230  231  232  232  232  232  231  230  229  227  226  224  222  219  217  215
  213  211  210  208  207  206  205  205  205  205  206  206  207  208  209  210
  211  213  214  215  216  217  217  218  219  219  219  219  219  219  219  218
  218  218  216  215  218  209  208  213  210                                   
    82.5-180.0 180.0   5.0 450.0                            LAT/LON1/LON2/DLON/H
  185  195  194  193  196  203  205  207  209  212  214  217  220  224  227  230
  232  235  236  237  237  237  236  234  232  229  227  223  220  216  213  209
  206  203  200  198  196  194  193  192  191  192  192  193  194  196  198  200
  202  204  206  207  209  210  212  213  213  214  214  214  213  212  212  210
  209  207  204  206  203  206  198  187  185                                   
    80.0-180.0 180.0   5.0 450.0                            LAT/LON1/LON2/DLON/H
  165  171  171  172  174  177  181  187  191  195  199  204  209  213  218  223
  227  230  232  234  235  234  233  231  228  225  221  217  213  208  204  199
  195  191  188  184  182  179  177  176  176  176  176  177  179  181  183  186
  189  191  194  196  198  200  201  202  203  203  203  202  201  200  199  197
  195  192  189  188  182  175  169  164  165                                   
    77.5-180.0 180.0   5.0 450.0                            LAT/LON1/LON2/DLON/H
  152  149  151  152  156  160  164  170  176  182  187  194  201  208  215  221
  227  232  236  238  239  239  238  236  233  229  225  220  215  210  205  200
  195  191  186  182  179  175  173  170  169  168  168  168  170  171  174  176
  179  182  184  186  188  190  191  192  192  192  191  190  189  187  185  183
  179  176  172  170  166  156  152  152  152                                   
    75.0-180.0 180.0   5.0 450.0                            LAT/LON1/LON2/DLON/H
  138  137  135  138  142  147  151  157  164  172  179  187  195  203  211  219
  226  232  236  240  242  242  241  239  236  232  228  223  218  213  208  203
  198  194  189  184  179  175  171  168  165  163  162  161  162  163  164  166
  168  170  172  173  174  175  176  176  175  175  174  173  172  170  169  167
  164  161  158  153  150  142  139  131  138                                   
    72.5-180.0 180.0   5.0 450.0                            LAT/LON1/LON2/DLON/H
  129  130  130  134  138  143  148  154  161  169  177  186  195  204  213  222
  230  237  242  246  249  250  250  248  245  241  236  231  226  222  217  212
  207  202  197  191  186  181  176  171  167  163  160  158  157  157  157  157
  158  159  159  160  160  159  159  158  158  157  156  155  154  153  152  151
  148  146  144  139  137  133  133  131  129                                   
    70.0-180.0 180.0   5.0 450.0                            LAT/LON1/LON2/DLON/H
  127  131  131  136  140  145  150  156  163  171  179  188  197  207  216  225
  233  240  246  251  254  256  256  254  251  247  242  238  233  229  224  220
  215  210  204  198  192  186  179  173  167  162  158  155  152  150  148  147
  146  145  144  143  141  140  138  137  136  135  135  135  134  134  134  134
  132  132  131  129  129  128  132  129  127                                   
    67.5-180.0 180.0   5.0 450.0                            LAT/LON1/LON2/DLON/H
  129  137  140  146  152  158  163  169  175  183  191  200  208  217  226  234
  242  250  256  262  266  268  268  266  263  259  254  249  245  240  236  232
  227  222  216  209  201  194  187  179  173  167  161  156  152  148  145  142
  139  136  133  130  128  125  123  122  121  121  121  121  122  122  123  123
  123  123  124  122  124  125  131  130  129                                   
    65.0-180.0 180.0   5.0 450.0                            LAT/LON1/LON2/DLON/H
  129  140  145  153  160  167  172  178  185  193  200  209  217  225  233  241
  248  256  263  269  273  276  276  275  271  267  262  257  253  249  245  241
  236  229  222  214  206  197  189  181  174  167  160  154  149  143  138  133
  128  124  119  115  112  109  107  105  105  105  106  107  108  109  110  111
  111  112  113  113  117  122  129  130  129                                   
    62.5-180.0 180.0   5.0 450.0                            LAT/LON1/LON2/DLON/H
  127  141  148  158  167  175  182  188  195  203  211  219  227  234  241  248
  255  262  269  275  280  283  284  282  279  274  269  265  261  258  254  249
  244  236  228  218  208  199  190  182  174  168  161  155  148  141  134  128
  121  115  109  104  100   97   95   95   95   97   99  100  101  102  102  103
  102  103  105  105  109  115  122  125  127                                   
    60.0-180.0 180.0   5.0 450.0                            LAT/LON1/LON2/DLON/H
  123  138  148  159  169  179  186  193  201  209  217  226  234  241  248  254
  260  266  272  278  283  286  287  286  283  279  275  271  269  266  263  259
  252  243  233  222  211  200  191  183  176  170  163  157  149  141  133  125
  117  110  103   98   94   91   90   91   92   95   97   99  100  100   99   98
   97   97   98   98  102  107  115  119  123                                   
    57.5-180.0 180.0   5.0 450.0                            LAT/LON1/LON2/DLON/H
  120  135  147  159  170  181  189  196  204  213  222  231  240  247  252  257
  262  267  273  278  282  285  286  286  284  282  279  278  277  276  274  269
  261  251  240  227  215  204  195  187  181  175  169  162  154  146  136  127
  118  110  103   97   94   92   92   94   96  100  103  105  105  104  102  100
   97   96   96   95   98  102  108  113  120                                   
    55.0-180.0 180.0   5.0 450.0                            LAT/LON1/LON2/DLON/H
  121  135  148  161  174  185  194  200  208  216  226  235  244  251  256  261
  264  268  272  276  279  282  284  285  284  284  284  285  287  287  286  281
  272  261  248  234  222  211  202  195  189  183  178  171  163  153  143  133
  124  116  109  103  100   99  100  103  107  111  114  116  116  115  112  108
  104  102  101   99  100  102  107  111  121                                   
    52.5-180.0 180.0   5.0 450.0                            LAT/LON1/LON2/DLON/H
  127  140  155  167  181  194  202  208  215  223  232  241  250  256  261  264
  267  269  271  274  276  279  281  283  285  287  290  294  297  299  298  292
  283  271  257  243  231  220  212  205  199  194  188  181  172  163  153  143
  134  126  119  114  112  111  113  117  121  125  128  130  130  128  125  121
  116  114  112  110  110  109  113  117  127                                   
    50.0-180.0 180.0   5.0 450.0                            LAT/LON1/LON2/DLON/H
  140  151  166  180  194  208  216  221  227  234  242  251  258  264  268  271
  272  273  274  274  276  278  281  284  288  293  298  304  309  310  308  302
  291  279  265  253  242  232  224  217  211  205  198  190  182  172  162  153
  145  138  132  128  126  126  128  131  135  139  142  144  145  143  141  137
  133  131  128  127  126  123  126  129  140                                   
    47.5-180.0 180.0   5.0 450.0                            LAT/LON1/LON2/DLON/H
  157  167  181  197  212  227  234  240  245  251  258  265  271  276  279  281
  281  281  280  279  279  281  284  288  294  301  308  314  318  319  315  307
  296  283  271  261  252  244  236  229  221  214  206  198  189  180  171  163
  157  151  146  141  139  139  140  143  146  150  152  154  156  155  154  152
  149  148  146  146  144  140  143  147  157                                   
    45.0-180.0 180.0   5.0 450.0                            LAT/LON1/LON2/DLON/H
  174  185  198  215  232  248  256  262  267  273  278  284  289  292  294  295
  295  294  291  289  288  289  292  297  303  310  317  323  325  324  317  307
  295  284  275  267  261  255  248  239  230  222  213  203  194  185  177  171
  166  162  157  153  149  148  149  150  153  155  157  160  162  163  164  164
  162  162  161  162  161  157  159  165  174                                   
    42.5-180.0 180.0   5.0 450.0                            LAT/LON1/LON2/DLON/H
  189  199  212  232  250  267  276  283  289  296  301  306  310  312  313  313
  313  311  308  304  302  302  305  309  315  321  327  330  330  325  317  306
  294  285  279  275  271  266  259  249  239  228  219  208  198  189  183  178
  174  171  166  161  157  154  153  154  155  156  158  160  163  166  169  170
  169  171  170  171  171  168  169  177  189                                   
    40.0-180.0 180.0   5.0 450.0                            LAT/LON1/LON2/DLON/H
  196  207  220  242  263  280  292  301  309  317  323  329  332  333  334  334
  333  331  328  324  322  321  322  326  330  334  337  337  335  328  319  308
  298  292  288  287  286  281  272  261  249  238  228  217  206  197  190  186
  183  179  174  168  162  159  157  156  156  156  157  160  163  167  170  172
  171  172  172  172  172  169  170  179  196                                   
    37.5-180.0 180.0   5.0 450.0                            LAT/LON1/LON2/DLON/H
  194  205  220  242  266  283  300  311  323  333  342  349  352  354  355  356
  355  353  350  347  344  343  343  345  346  348  349  348  345  339  331  322
  316  312  311  311  309  303  291  278  266  255  244  233  221  210  202  198
  194  190  184  177  171  166  164  162  161  160  161  163  166  169  172  172
  170  170  167  165  164  161  161  170  194                                   
    35.0-180.0 180.0   5.0 450.0                            LAT/LON1/LON2/DLON/H
  188  197  213  234  259  276  297  312  328  342  354  364  369  373  375  376
  375  374  372  370  368  367  365  365  364  365  366  366  365  362  359  355
  352  350  350  349  345  334  319  304  290  280  271  260  246  234  224  217
  213  208  201  193  186  181  178  176  174  172  172  173  176  178  178  177
  172  168  162  157  153  148  147  156  188                                   
    32.5-180.0 180.0   5.0 450.0                            LAT/LON1/LON2/DLON/H
  180  188  204  222  245  262  286  304  325  344  360  373  382  387  391  393
  393  393  392  391  390  389  387  385  385  386  390  394  399  402  405  408
  409  410  408  404  393  376  356  337  324  316  308  297  282  267  254  246
  240  234  226  218  211  207  204  201  198  195  194  195  196  195  194  189
  180  172  162  154  146  139  135  143  180                                   
    30.0-180.0 180.0   5.0 450.0                            LAT/LON1/LON2/DLON/H
  178  183  197  213  233  248  273  293  317  340  360  377  389  398  404  407
  408  409  409  410  410  410  408  407  408  413  422  434  447  460  472  482
  487  488  483  471  451  425  399  378  364  357  351  341  325  307  293  283
  276  269  261  253  247  243  240  237  234  230  228  227  226  223  218  210
  197  186  171  160  149  137  132  139  178                                   
    27.5-180.0 180.0   5.0 450.0                            LAT/LON1/LON2/DLON/H
  184  186  196  210  226  240  264  285  311  335  358  378  394  406  415  420
  423  424  426  428  429  429  429  429  435  446  465  486  510  533  555  571
  580  578  565  542  511  475  442  417  403  398  394  384  368  350  334  324
  317  311  304  296  291  288  286  282  277  272  267  265  262  256  248  237
  222  209  190  177  163  147  138  144  184                                   
    25.0-180.0 180.0   5.0 450.0                            LAT/LON1/LON2/DLON/H
  197  198  203  216  230  241  264  284  310  335  358  380  399  414  426  434
  439  442  445  447  450  450  451  455  467  487  516  548  582  614  642  662
  669  660  637  602  560  515  475  446  431  427  425  417  403  386  372  363
  358  353  348  342  338  335  332  327  320  312  305  300  295  288  279  266
  251  237  216  202  184  164  153  160  197                                   
    22.5-180.0 180.0   5.0 450.0                            LAT/LON1/LON2/DLON/H
  215  216  217  230  242  252  272  291  316  340  363  386  407  426  441  452
  460  465  469  472  474  475  477  486  504  534  573  614  654  690  717  734
  734  716  683  639  588  536  490  458  441  437  435  430  418  405  396  391
  390  388  385  381  377  373  368  361  350  340  331  324  318  310  301  290
  276  264  244  230  208  184  173  183  215                                   
    20.0-180.0 180.0   5.0 450.0                            LAT/LON1/LON2/DLON/H
  231  234  234  247  258  268  286  305  328  352  374  397  420  442  461  476
  488  496  501  505  506  506  510  522  547  585  631  676  715  745  764  771
  761  736  696  646  591  536  486  451  431  424  422  418  411  404  401  402
  406  408  407  404  400  394  386  375  361  348  337  328  322  315  309  301
  291  283  266  252  227  203  191  206  231                                   
    17.5-180.0 180.0   5.0 450.0                            LAT/LON1/LON2/DLON/H
  241  244  246  259  272  284  303  322  344  367  388  412  437  463  486  507
  523  535  542  545  545  544  549  564  594  637  683  723  752  768  774  769
  751  720  678  629  575  521  471  431  407  396  391  387  384  384  388  396
  404  409  410  407  401  393  381  367  352  336  323  314  307  302  299  295
  290  287  275  261  237  213  202  221  241                                   
    15.0-180.0 180.0   5.0 450.0                            LAT/LON1/LON2/DLON/H
  239  242  247  262  278  293  316  336  360  382  405  430  457  486  514  540
  561  578  588  591  590  588  593  611  643  683  722  749  762  762  753  738
  714  682  643  599  551  501  453  411  381  363  353  348  347  353  364  377
  388  394  395  392  385  374  360  344  327  310  297  287  281  277  276  276
  276  276  268  256  234  212  202  222  239                                   
    12.5-180.0 180.0   5.0 450.0                            LAT/LON1/LON2/DLON/H
  227  228  237  255  275  295  322  345  371  395  420  447  477  510  542  572
  599  621  634  639  638  636  642  659  687  719  744  755  751  736  717  694
  668  638  604  569  531  488  443  400  365  340  324  315  315  324  339  354
  366  372  372  367  358  345  330  313  296  279  265  255  249  246  247  249
  251  254  248  237  218  200  190  209  227                                   
    10.0-180.0 180.0   5.0 450.0                            LAT/LON1/LON2/DLON/H
  208  210  221  243  266  290  322  349  378  406  432  462  495  530  565  599
  631  658  675  683  684  684  689  703  723  743  753  748  731  706  681  655
  629  603  578  552  524  490  449  406  366  335  313  300  298  307  323  338
  348  352  349  342  330  316  300  284  267  252  237  226  220  217  218  220
  223  225  220  210  195  181  170  188  208                                   
     7.5-180.0 180.0   5.0 450.0                            LAT/LON1/LON2/DLON/H
  187  191  205  229  255  282  318  349  383  413  444  476  511  547  583  620
  654  684  706  718  723  725  729  738  749  756  753  738  713  684  656  632
