data/edconvlstm_nd/pred2860.15i
     1.0            IONOSPHERE MAPS     GNSS                IONEX VERSION / TYPE
pyspatialgeodesy        IME             05-JAN-18 20:20     PGM / RUN BY / DATE 
Map Name                                                    COMMENT             
Predicted global ionosphere maps (GIM).                     DESCRIPTION         
  2015    10    13     0     0     0                        EPOCH OF FIRST MAP  
  2015    10    14     0     0     0                        EPOCH OF LAST MAP   
  7200                                                      INTERVAL            
    13                                                      # OF MAPS IN FILE   
  NONE                                                      MAPPING FUNCTION    
10.0                                                        ELEVATION CUTOFF    
One-way carrier phase leveled to code                       OBSERVABLES USED    
  6371.0                                                    BASE RADIUS         
 2                                                          MAP DIMENSION       
   450.0 450.0   0.0                                        HGT1 / HGT2 / DHGT  
    87.5 -87.5  -2.5                                        LAT1 / LAT2 / DLAT  
  -180.0 180.0   5.0                                        LON1 / LON2 / DLON  
    -1                                                      EXPONENT            
                                                            END OF HEADER       
[from data line 3861]
    10                                                      START OF TEC MAP    
  2015    10    13    18     0     0                        EPOCH OF CURRENT MAP
    87.5-180.0 180.0   5.0 450.0                            LAT/LON1/LON2/DLON/H
   76   79   78   81   86   83   83   80   81   84   84   86   87   89   90   91
   93   93   94   95   95   95   94   94   93   92   90   89   88   86   84   83
   81   79   78   76   75   74   72   72   71   70   70   70   70   70   70   70
   70   70   70   71   71   71   72   72   72   73   73   73   73   74   74   74
   75   75   71   68   73   73   89   92   76                                   
    85.0-180.0 180.0   5.0 450.0                            LAT/LON1/LON2/DLON/H
   81   82   93   75   77   80   79   81   82   85   86   88   90   92   94   96
   98  100  101  102  102  102  102  102  101   99   98   96   95   93   91   88
   86   84   82   79   77   75   74   73   72   71   70   70   70   70   70   70
   70   71   71   71   72   72   72   73   73   73   74   74   75   75   76   76
   77   76   72   68   72   74   81   78   81                                   
    82.5-180.0 180.0   5.0 450.0                            LAT/LON1/LON2/DLON/H
   65   68   73   65   68   70   72   73   75   78   81   85   88   91   95   98
  101  104  106  107  108  108  108  107  106  104  102  100   97   95   92   89
   86   83   80   77   74   71   69   67   66   64   64   63   63   64   64   64
   65   66   66   67   67   67   68   68   69   69   70   70   70   71   71   71
   71   70   67   64   69   80   76   74   65                                   
    80.0-180.0 180.0   5.0 450.0                            LAT/LON1/LON2/DLON/H
   49   54   63   57   59   58   62   64   68   71   76   81   86   91   96  101
  105  109  111  112  113  112  111  109  107  104  102   99   96   92   89   86
   82   79   75   71   68   65   62   60   58   57   57   57   58   59   60   61
   62   63   64   65   65   65   66   66   66   67   67   67   68   68   68   68
   68   68   66   65   63   71   67   72   49                                   
    77.5-180.0 180.0   5.0 450.0                            LAT/LON1/LON2/DLON/H
   56   55   56   51   54   53   57   60   64   68   73   80   87   95  102  109
  114  118  121  122  121  119  117  113  109  106  102   98   95   92   88   85
   81   77   73   69   65   61   57   54   53   52   51   52   54   55   57   59
   61   62   63   64   64   64   64   64   64   64   64   65   65   65   65   65
   65   65   64   63   61   63   63   69   56                                   
    75.0-180.0 180.0   5.0 450.0                            LAT/LON1/LON2/DLON/H
   46   49   49   46   49   49   52   54   59   65   71   80   89   98  107  115
  121  125  127  127  125  121  116  111  106  101   96   92   89   87   85   82
   80   77   73   69   65   60   56   53   52   51   52   53   56   59   61   64
   66   67   67   67   66   65   64   64   63   63   63   63   63   63   64   64
   63   64   64   62   60   59   56   53   46                                   
    72.5-180.0 180.0   5.0 450.0                            LAT/LON1/LON2/DLON/H
   50   50   48   48   47   47   50   52   55   61   68   78   88   99  109  118
  125  129  130  128  124  118  110  102   95   88   83   79   76   75   74   73
   72   71   68   64   60   55   51   48   46   45   46   49   52   56   59   62
   63   64   63   62   60   58   56   55   54   53   54   54   55   55   55   55
   55   55   55   52   51   52   51   53   50                                   
    70.0-180.0 180.0   5.0 450.0                            LAT/LON1/LON2/DLON/H
   47   48   49   48   48   47   49   51   56   63   71   81   92  104  115  125
  132  135  135  132  126  118  108   98   88   80   74   70   68   67   68   69
   70   69   68   65   60   55   51   47   45   45   46   49   53   57   61   64
   65   64   62   60   57   53   51   49   48   48   48   49   50   51   51   51
   51   50   51   49   48   49   52   53   47                                   
    67.5-180.0 180.0   5.0 450.0                            LAT/LON1/LON2/DLON/H
   48   49   49   51   51   51   54   56   61   66   75   86   97  110  121  131
  138  142  141  137  130  119  107   95   83   73   66   61   59   59   61   63
   65   66   65   62   58   52   47   43   41   40   42   46   50   54   57   59
   60   58   56   52   48   45   42   40   40   40   42   43   45   46   47   47
   45   44   43   41   41   43   44   45   48                                   
    65.0-180.0 180.0   5.0 450.0                            LAT/LON1/LON2/DLON/H
   43   47   48   51   51   53   55   59   64   70   78   89  101  113  125  135
  143  147  148  144  136  125  112   99   85   74   65   59   57   56   58   61
   63   64   64   61   56   50   44   39   36   36   37   41   45   49   51   53
   52   49   46   42   38   35   32   32   32   33   35   38   40   41   42   42
   41   39   38   37   37   40   41   44   43                                   
    62.5-180.0 180.0   5.0 450.0                            LAT/LON1/LON2/DLON/H
   39   44   46   50   52   55   58   62   68   74   82   92  104  116  128  139
  147  153  154  152  146  135  123  109   95   82   71   64   60   58   59   61
   62   63   62   59   54   48   41   36   32   31   32   35   38   41   43   43
   42   39   35   31   28   26   25   25   26   28   31   34   37   38   39   39
   37   35   33   32   32   34   35   37   39                                   
    60.0-180.0 180.0   5.0 450.0                            LAT/LON1/LON2/DLON/H
   35   41   43   49   51   53   58   63   69   76   84   93  104  115  127  139
  149  156  160  160  156  148  137  124  110   96   85   75   69   65   64   64
   65   64   63   59   53   46   39   34   30   28   29   30   33   34   35   33
   31   28   25   22   20   19   19   20   22   25   28   32   34   36   37   36
   34   31   30   28   29   30   31   34   35                                   
    57.5-180.0 180.0   5.0 450.0                            LAT/LON1/LON2/DLON/H
   33   39   41   48   51   54   60   66   73   79   87   95  105  115  126  138
  149  159  166  169  168  163  154  143  130  116  104   94   85   79   76   74
   72   71   68   63   57   50   43   37   33   31   30   31   31   31   30   28
   25   22   20   18   17   17   18   20   23   26   30   33   36   38   38   37
   35   32   30   28   29   29   29   33   33                                   
    55.0-180.0 180.0   5.0 450.0                            LAT/LON1/LON2/DLON/H
   35   40   43   49   53   57   64   71   78   84   91   98  106  115  125  137
  149  161  170  175  177  175  169  160  149  137  125  114  104   97   91   87
   83   80   76   70   64   57   51   45   40   38   36   35   34   32   30   27
   23   21   19   18   18   19   21   23   27   30   34   37   39   41   41   40
   38   36   34   32   31   31   30   34   35                                   
    52.5-180.0 180.0   5.0 450.0                            LAT/LON1/LON2/DLON/H
   39   44   47   54   59   64   72   79   86   91   97  102  108  116  125  136
  149  161  171  179  183  184  181  174  165  155  144  133  124  115  108  102
   97   92   86   81   74   68   62   56   52   49   46   44   41   38   34   30
   27   25   23   23   24   25   28   30   34   37   40   43   44   45   46   45
   43   42   41   39   38   37   35   39   39                                   
    50.0-180.0 180.0   5.0 450.0                            LAT/LON1/LON2/DLON/H
   47   52   56   63   68   76   84   91   97  102  106  110  114  120  128  138
  150  162  173  181  186  188  187  183  176  168  159  150  141  133  125  118
  111  105   99   92   86   80   74   69   65   62   59   55   51   47   42   39
   36   34   33   33   34   35   37   40   43   46   48   49   50   51   51   51
   50   50   50   48   47   45   43   46   47                                   
    47.5-180.0 180.0   5.0 450.0                            LAT/LON1/LON2/DLON/H
   58   62   67   75   82   91   99  107  112  116  119  121  123  128  134  143
  153  164  174  182  188  190  190  187  182  176  169  161  154  147  140  132
  125  118  110  104   97   91   86   81   78   74   71   67   62   58   53   50
   47   46   46   45   45   46   47   49   52   54   56   57   57   57   58   58
   58   59   60   59   57   56   53   55   58                                   
    45.0-180.0 180.0   5.0 450.0                            LAT/LON1/LON2/DLON/H
   68   72   78   88   96  107  115  124  129  133  134  135  137  140  145  152
  160  169  177  184  189  191  191  189  185  180  175  169  163  157  151  144
  136  128  120  113  106  100   95   91   87   84   80   76   72   68   64   62
   60   59   59   57   56   55   56   57   59   62   63   64   64   64   64   65
   66   67   69   69   67   66   63   64   68                                   
    42.5-180.0 180.0   5.0 450.0                            LAT/LON1/LON2/DLON/H
   76   81   88  100  109  121  130  140  145  149  150  151  152  155  159  165
  171  178  184  189  193  194  194  191  188  184  179  174  169  164  158  152
  144  136  128  120  113  107  101   97   93   89   86   83   79   76   74   73
   72   71   69   67   64   62   61   62   65   67   69   70   70   70   71   72
   72   74   76   76   75   73   71   72   76                                   
    40.0-180.0 180.0   5.0 450.0                            LAT/LON1/LON2/DLON/H
   80   86   94  108  119  132  142  153  159  164  166  168  169  172  176  180
  185  189  193  197  199  200  198  196  192  188  184  179  175  169  164  158
  150  143  134  126  118  111  105  100   95   92   89   86   84   82   81   80
   80   78   76   72   67   64   63   65   68   71   74   75   76   76   77   78
   78   79   81   81   79   77   75   77   80                                   
    37.5-180.0 180.0   5.0 450.0                            LAT/LON1/LON2/DLON/H
   81   87   96  112  124  138  150  162  170  177  181  184  186  189  193  197
  200  203  205  207  209  208  206  203  199  195  191  186  181  176  170  164
  157  150  142  133  125  117  109  102   97   93   91   89   87   86   86   85
   84   82   78   73   68   64   64   66   70   74   77   79   80   80   81   82
   82   83   84   83   81   78   76   80   81                                   
    35.0-180.0 180.0   5.0 450.0                            LAT/LON1/LON2/DLON/H
   80   86   96  113  126  139  154  168  178  187  193  198  202  206  210  213
  215  216  218  219  220  219  216  212  208  205  201  197  191  185  179  173
  167  161  153  144  135  125  116  107  101   96   94   92   91   90   89   88
   86   82   77   72   66   64   64   67   72   77   80   82   83   84   84   85
   84   84   85   84   80   77   74   80   80                                   
    32.5-180.0 180.0   5.0 450.0                            LAT/LON1/LON2/DLON/H
   80   87   96  113  126  139  156  171  184  195  204  211  216  221  226  228
  229  230  230  230  230  228  225  221  218  216  214  211  206  200  194  189
  183  178  170  161  151  139  127  117  109  104  101   99   97   95   93   90
   87   82   76   71   67   65   66   70   75   80   83   85   86   86   87   87
   86   86   86   84   80   77   74   80   80                                   
    30.0-180.0 180.0   5.0 450.0                            LAT/LON1/LON2/DLON/H
   82   90   99  114  128  140  157  174  189  203  214  223  230  236  240  242
  243  242  241  240  238  236  232  229  227  228  229  229  226  222  216  212
  207  202  195  185  172  159  145  132  123  117  113  109  106  103   99   94
   89   83   77   73   70   70   72   76   81   86   88   89   89   89   89   89
   88   87   87   86   81   78   75   82   82                                   
    27.5-180.0 180.0   5.0 450.0                            LAT/LON1/LON2/DLON/H
   89   97  107  120  133  145  162  179  196  211  224  235  244  250  254  256
  255  252  250  247  244  240  237  235  236  240  246  250  251  249  246  242
  238  233  225  214  199  182  166  152  141  134  128  123  118  113  107  101
   94   88   83   79   78   79   82   86   90   93   94   94   93   92   92   92
   90   90   90   89   85   81   79   85   89                                   
    25.0-180.0 180.0   5.0 450.0                            LAT/LON1/LON2/DLON/H
   99  108  119  130  144  155  172  188  205  221  235  247  258  265  269  269
  267  263  258  254  249  244  241  241  245  254  265  275  281  282  281  279
  275  270  260  245  227  208  189  173  161  153  145  139  131  124  117  110
  104   98   93   91   91   92   95   97  100  101  101   99   97   96   96   96
   94   94   93   93   90   87   85   90   99                                   
    22.5-180.0 180.0   5.0 450.0                            LAT/LON1/LON2/DLON/H
  112  121  133  145  159  171  187  203  219  235  249  262  273  281  285  284
  281  275  269  262  256  251  249  251  258  272  288  303  313  318  319  318
  315  308  294  276  254  231  211  194  181  171  162  152  143  135  128  122
  117  112  108  107  107  108  109  109  109  108  106  104  101  100  100  100
   98   98   97   97   96   93   92   97  112                                   
    20.0-180.0 180.0   5.0 450.0                            LAT/LON1/LON2/DLON/H
  124  135  149  161  177  190  206  220  236  251  265  279  291  299  303  302
  298  292  284  276  270  266  265  269  280  296  315  333  347  355  358  357
  352  342  324  301  275  250  229  211  197  186  174  163  152  145  139  135
  132  129  126  125  124  123  121  119  117  114  110  107  103  102  102  103
  100  101   99  100  100   97   96  102  124                                   
    17.5-180.0 180.0   5.0 450.0                            LAT/LON1/LON2/DLON/H
  133  146  162  176  195  209  226  240  255  269  284  298  311  320  324  324
  320  314  306  299  294  292  293  299  311  327  347  366  381  389  392  390
  383  368  347  320  292  265  243  225  210  196  182  168  158  151  148  148
  147  146  145  143  140  137  131  126  121  116  112  108  104  103  103  104
  102  102   99  100  100   98   97  106  133                                   
    15.0-180.0 180.0   5.0 450.0                            LAT/LON1/LON2/DLON/H
  137  151  171  187  208  225  244  258  273  288  304  319  333  343  348  350
  348  343  337  332  330  330  334  341  352  367  384  401  413  419  419  414
  404  386  362  334  305  278  256  237  220  203  186  170  159  154  155  158
  161  163  162  159  154  146  137  129  122  117  112  107  104  102  103  104
  102  101   98   97   97   95   94  106  137                                   
    12.5-180.0 180.0   5.0 450.0                            LAT/LON1/LON2/DLON/H
  134  152  174  193  217  236  258  274  290  306  323  340  355  367  374  378
  379  378  376  375  375  379  385  392  401  412  424  435  442  443  439  431
  417  398  373  345  317  292  269  249  229  209  189  171  160  157  161  167
  173  176  175  171  163  152  140  130  122  116  111  106  103  101  102  103
  101  100   95   93   92   90   89  103  134                                   
    10.0-180.0 180.0   5.0 450.0                            LAT/LON1/LON2/DLON/H
  128  148  173  193  219  242  267  285  304  322  341  360  377  390  399  406
  412  415  418  421  425  432  440  447  453  458  463  466  466  462  453  442
  427  408  385  359  333  309  286  264  241  217  194  175  164  161  166  175
  182  186  184  178  168  155  141  130  121  115  110  105  101  100  101  101
   99   98   92   88   86   84   84   98  128                                   
     7.5-180.0 180.0   5.0 450.0                            LAT/LON1/LON2/DLON/H
  122  143  168  190  218  243  271  292  314  334  355  376  394  409  421  432
  441  450  457  464  472  482  491  499  501  501  497  492  485  476  464  450
