data/edconvlstm_nd/pred3120.15i
     1.0            IONOSPHERE MAPS     GNSS                IONEX VERSION / TYPE
pyspatialgeodesy        IME             05-JAN-18 20:20     PGM / RUN BY / DATE 
Map Name                                                    COMMENT             
Predicted global ionosphere maps (GIM).                     DESCRIPTION         
  2015    11     8     0     0     0                        EPOCH OF FIRST MAP  
  2015    11     9     0     0     0                        EPOCH OF LAST MAP   
  7200                                                      INTERVAL            
    13                                                      # OF MAPS IN FILE   
  NONE                                                      MAPPING FUNCTION    
10.0                                                        ELEVATION CUTOFF    
One-way carrier phase leveled to code                       OBSERVABLES USED    
  6371.0                                                    BASE RADIUS         
 2                                                          MAP DIMENSION       
   450.0 450.0   0.0                                        HGT1 / HGT2 / DHGT  
    87.5 -87.5  -2.5                                        LAT1 / LAT2 / DLAT  
  -180.0 180.0   5.0                                        LON1 / LON2 / DLON  
    -1                                                      EXPONENT            
                                                            END OF HEADER       
[from data line 429]
     2                                                      START OF TEC MAP    
  2015    11     8     2     0     0                        EPOCH OF CURRENT MAP
    87.5-180.0 180.0   5.0 450.0                            LAT/LON1/LON2/DLON/H
   55   62   56   54   50   50   45   42   42   42   41   41   40   40   39   39
   38   38   37   37   36   36   35   35   35   35   34   34   34   34   34   34
   34   35   35   35   35   36   36   37   38   39   40   41   42   43   44   46
   47   48   49   50   51   51   52   52   53   53   53   53   53   53   53   53
   54   54   53   52   54   67   72   69   55                                   
    85.0-180.0 180.0   5.0 450.0                            LAT/LON1/LON2/DLON/H
   49   67   56   59   56   56   53   50   49   49   48   48   47   47   47   46
   46   45   44   43   42   41   40   39   38   37   36   35   35   34   34   34
   34   34   34   35   36   37   38   39   41   42   44   46   48   49   51   53
   54   56   57   58   59   60   61   61   62   62   63   63   63   63   63   63
   65   65   64   66   70   71   81   70   49                                   
    82.5-180.0 180.0   5.0 450.0                            LAT/LON1/LON2/DLON/H
   52   59   74   64   56   56   52   49   49   48   47   48   48   48   47   47
   46   45   44   42   41   39   37   34   32   30   29   27   26   26   25   25
   25   25   26   27   28   30   31   34   36   39   41   44   47   50   52   55
   57   59   61   62   63   64   65   66   67   67   68   68   68   69   69   70
   70   70   70   68   78   68   71   72   52                                   
    80.0-180.0 180.0   5.0 450.0                            LAT/LON1/LON2/DLON/H
   74   76   79   67   60   54   53   49   49   47   46   47   47   48   48   48
   47   46   45   42   40   37   34   31   29   27   25   23   22   21   21   21
   22   22   23   25   26   28   30   33   35   38   41   44   47   50   53   56
   58   61   62   64   65   66   67   68   69   70   71   72   72   73   74   75
   76   75   77   76   90   81   83   86   74                                   
    77.5-180.0 180.0   5.0 450.0                            LAT/LON1/LON2/DLON/H
   90   89   86   78   64   58   56   53   52   49   48   48   49   50   50   51
   50   49   47   45   42   38   34   31   27   24   22   20   19   18   18   19
   20   21   23   24   26   28   30   32   35   38   41   44   47   50   53   56
   59   61   63   65   66   67   68   69   71   72   73   75   76   78   80   82
   83   85   85   88   96   89   90   96   90                                   
    75.0-180.0 180.0   5.0 450.0                            LAT/LON1/LON2/DLON/H
  103  102  103   95   78   72   67   62   59   55   53   53   53   54   54   55
   54   53   51   48   44   40   36   32   28   25   23   21   21   21   22   23
   25   26   28   29   30   32   33   35   36   38   41   44   46   50   53   55
   58   60   61   63   64   65   67   69   71   73   75   78   81   83   86   90
   92   95   98   99  109  108  109  111  103                                   
    72.5-180.0 180.0   5.0 450.0                            LAT/LON1/LON2/DLON/H
  118  119  121  111   95   87   82   76   71   65   61   60   58   58   58   58
   57   55   53   50   46   42   38   34   31   28   26   26   26   27   29   31
   32   33   34   35   36   36   36   37   38   39   41   44   46   49   52   55
   57   59   60   62   63   64   66   69   72   75   79   83   87   90   94   99
  102  106  113  116  126  125  127  128  118                                   
    70.0-180.0 180.0   5.0 450.0                            LAT/LON1/LON2/DLON/H
  136  137  138  128  110  100   93   85   79   72   66   63   60   58   56   55
   54   52   50   47   44   40   37   34   31   30   29   30   31   33   35   37
   38   39   39   39   38   38   37   37   37   38   40   42   44   47   50   52
   54   56   57   58   59   61   64   67   72   76   81   86   91   95   99  104
  107  112  120  125  136  138  142  140  136                                   
    67.5-180.0 180.0   5.0 450.0                            LAT/LON1/LON2/DLON/H
  145  148  147  137  118  109  101   92   84   76   68   63   59   55   52   50
   47   45   43   41   38   35   32   30   29   28   29   30   33   35   37   38
   38   38   37   35   33   32   31   30   30   31   32   34   37   40   43   45
   47   48   49   50   52   55   58   63   69   76   82   88   93   97  101  105
  108  112  121  126  138  143  148  148  145                                   
    65.0-180.0 180.0   5.0 450.0                            LAT/LON1/LON2/DLON/H
  152  155  152  142  124  115  106   98   90   81   73   66   60   54   50   46
   43   41   39   36   34   32   30   29   28   29   30   32   34   36   38   38
   37   35   33   30   28   26   25   24   24   25   27   30   33   36   38   41
   42   43   44   46   48   51   57   63   72   80   89   96  102  106  108  111
  112  114  122  127  139  146  152  155  152                                   
    62.5-180.0 180.0   5.0 450.0                            LAT/LON1/LON2/DLON/H
  156  159  156  145  129  120  111  104   97   88   79   71   64   57   51   46
   43   40   37   35   33   32   30   29   29   30   32   34   36   38   38   37
   35   32   29   26   23   21   20   20   21   23   26   28   32   35   37   39
   41   42   43   45   48   53   60   69   79   91  101  111  117  120  122  123
  122  121  127  132  142  149  156  161  156                                   
    60.0-180.0 180.0   5.0 450.0                            LAT/LON1/LON2/DLON/H
  159  162  159  145  130  121  113  106  100   91   83   75   67   59   53   48
   44   40   38   35   33   31   30   29   29   30   32   34   36   36   36   34
   31   27   23   20   18   17   17   18   19   22   25   28   31   34   37   38
   40   41   43   46   51   57   66   77   89  103  116  127  134  138  138  138
  135  132  136  140  148  153  161  165  159                                   
    57.5-180.0 180.0   5.0 450.0                            LAT/LON1/LON2/DLON/H
  166  168  163  147  132  122  114  107  102   93   85   78   70   63   56   51
   46   43   39   37   34   32   30   29   28   29   31   32   34   34   32   30
   26   23   19   17   16   15   16   18   21   24   27   31   34   36   38   39
   41   43   46   50   57   65   75   88  102  117  132  144  153  157  158  157
  153  149  152  155  162  164  171  175  166                                   
    55.0-180.0 180.0   5.0 450.0                            LAT/LON1/LON2/DLON/H
  179  179  172  154  138  127  117  109  103   94   86   79   72   66   60   55
   50   46   42   38   35   32   29   28   27   28   29   30   31   31   29   27
   24   21   18   17   17   18   19   22   25   28   31   34   37   39   40   41
   43   46   51   58   66   76   88  101  116  132  147  161  170  176  178  178
  174  170  173  175  181  179  185  189  179                                   
    52.5-180.0 180.0   5.0 450.0                            LAT/LON1/LON2/DLON/H
  197  195  187  168  152  139  126  115  107   96   87   80   74   68   63   59
   54   49   44   39   35   32   30   28   27   28   29   30   30   30   28   26
   24   22   21   21   22   24   26   28   31   34   37   40   42   43   44   45
   47   52   59   69   79   91  104  117  131  146  161  174  185  192  196  198
  196  193  196  196  202  196  203  205  197                                   
    50.0-180.0 180.0   5.0 450.0                            LAT/LON1/LON2/DLON/H
  218  216  206  189  173  159  143  128  115  101   90   83   76   72   68   63
   58   52   46   41   36   33   31   30   29   30   31   31   32   32   30   29
   28   28   28   29   31   33   35   37   40   42   45   47   49   49   50   51
   54   61   71   83   97  110  122  134  146  159  172  185  196  205  211  216
  216  215  217  217  221  214  220  222  218                                   
    47.5-180.0 180.0   5.0 450.0                            LAT/LON1/LON2/DLON/H
  238  237  227  215  200  184  165  146  128  111   97   88   81   76   73   68
   62   55   48   43   39   36   35   34   34   34   35   36   36   36   35   34
   34   35   37   40   42   44   46   48   50   52   54   55   57   57   57   59
   63   72   85  100  116  130  143  153  162  171  182  193  204  213  221  228
  231  232  233  231  234  226  232  235  238                                   
    45.0-180.0 180.0   5.0 450.0                            LAT/LON1/LON2/DLON/H
  252  253  246  240  228  212  190  167  145  124  107   96   88   83   78   73
   66   58   51   46   43   42   41   41   41   42   42   42   42   41   40   40
   41   43   47   50   52   54   56   57   59   60   62   64   65   65   66   68
   74   85  100  118  136  151  162  170  176  183  190  199  209  218  228  236
  240  241  241  238  239  231  237  241  252                                   
    42.5-180.0 180.0   5.0 450.0                            LAT/LON1/LON2/DLON/H
  257  261  259  258  249  235  213  189  164  139  120  107   98   91   86   79
   71   62   56   51   50   51   51   52   51   51   50   49   48   46   45   45
   47   50   54   58   60   62   64   65   67   69   70   72   73   74   75   78
   86   98  115  135  153  169  179  185  189  193  199  205  214  223  232  241
  245  245  244  239  237  230  235  240  257                                   
    40.0-180.0 180.0   5.0 450.0                            LAT/LON1/LON2/DLON/H
  256  261  262  264  260  248  229  206  181  155  135  120  110  102   95   87
   78   70   64   61   62   64   65   65   63   60   58   56   53   51   49   49
   51   55   60   63   66   68   69   71   73   75   77   79   81   82   84   88
   97  110  128  147  166  182  192  198  202  205  209  215  222  230  239  247
  251  249  245  240  235  228  232  238  256                                   
    37.5-180.0 180.0   5.0 450.0                            LAT/LON1/LON2/DLON/H
  254  257  257  259  259  250  233  214  191  167  147  134  123  114  106   97
   88   81   77   76   78   81   81   79   75   70   65   62   59   56   54   54
   56   60   64   67   70   71   73   75   78   81   83   85   87   89   91   97
  106  119  136  155  174  189  201  208  214  218  223  228  236  244  253  261
  262  258  253  247  241  235  238  243  254                                   
    35.0-180.0 180.0   5.0 450.0                            LAT/LON1/LON2/DLON/H
  257  256  252  248  249  242  227  212  194  173  156  144  135  126  117  108
  101   96   94   95   98   99   98   93   85   78   72   68   65   62   60   60
   63   67   70   73   74   75   77   79   82   85   88   89   91   93   96  102
  111  124  140  158  177  193  207  217  226  233  240  248  257  267  277  284
  285  279  275  268  264  260  264  265  257                                   
    32.5-180.0 180.0   5.0 450.0                            LAT/LON1/LON2/DLON/H
  276  268  256  243  240  231  218  205  190  173  159  150  143  135  128  120
  115  112  112  114  117  117  113  105   95   86   80   76   74   72   71   72
   74   78   80   81   81   81   82   84   86   89   91   92   93   95   98  104
  113  125  140  158  176  194  211  226  238  250  260  271  283  296  309  318
  318  313  310  306  306  305  311  308  276                                   
    30.0-180.0 180.0   5.0 450.0                            LAT/LON1/LON2/DLON/H
  318  301  278  253  244  230  213  199  186  171  160  153  147  142  135  130
  127  126  128  130  132  130  124  115  104   95   90   87   87   86   87   88
   91   94   96   95   93   91   90   90   91   92   93   93   94   95   99  105
  113  125  139  156  174  194  214  234  251  266  281  296  313  330  347  359
  362  359  359  358  364  370  378  371  318                                   
    27.5-180.0 180.0   5.0 450.0                            LAT/LON1/LON2/DLON/H
  384  358  321  283  266  245  221  203  187  172  161  155  150  145  140  137
  135  136  138  139  139  137  131  123  114  107  103  103  104  105  107  109
  113  116  117  114  110  105  101   99   97   96   96   95   95   95   98  104
  114  125  139  156  175  197  220  243  264  283  302  321  343  366  389  406
  414  416  420  423  436  450  457  449  384                                   
    25.0-180.0 180.0   5.0 450.0                            LAT/LON1/LON2/DLON/H
  467  431  382  335  308  279  247  222  200  181  168  159  153  147  143  139
  138  139  139  139  138  137  134  130  126  122  121  122  125  128  131  135
  139  143  143  139  131  123  115  109  105  101   99   98   97   97  100  106
  116  128  143  160  180  204  230  255  279  301  323  345  372  402  432  456
  471  479  489  496  516  542  547  536  467                                   
    22.5-180.0 180.0   5.0 450.0                            LAT/LON1/LON2/DLON/H
  554  510  455  404  367  332  291  259  230  205  186  172  161  152  144  139
  136  134  133  131  131  132  136  140  142  144  145  147  150  154  158  163
  168  172  171  165  155  143  132  122  114  108  105  104  102  101  103  109
  120  134  150  169  192  217  245  272  298  321  343  368  399  434  470  501
  524  539  555  568  593  631  638  625  554                                   
    20.0-180.0 180.0   5.0 450.0                            LAT/LON1/LON2/DLON/H
  626  579  529  483  439  399  352  312  276  245  218  197  178  162  149  139
  131  125  121  119  121  129  141  155  166  173  176  177  179  182  186  191
  196  199  197  190  177  163  148  135  124  117  114  112  109  107  108  115
  126  142  161  182  207  234  263  291  316  339  362  389  421  459  498  534
  563  584  604  624  650  697  710  698  626                                   
    17.5-180.0 180.0   5.0 450.0                            LAT/LON1/LON2/DLON/H
  668  626  590  557  512  471  421  377  336  299  265  235  207  183  162  144
  130  119  112  111  117  132  155  180  201  212  215  213  211  210  212  216
  219  220  217  208  195  179  163  148  136  128  124  121  118  114  114  121
  134  151  172  195  222  251  280  306  330  353  377  404  437  476  516  552
  583  606  628  650  674  723  742  736  668                                   
    15.0-180.0 180.0   5.0 450.0                            LAT/LON1/LON2/DLON/H
  673  640  626  609  571  536  489  445  402  362  322  285  249  215  186  160
  139  124  116  116  127  150  183  218  246  260  260  253  244  238  236  235
  235  233  227  218  206  191  176  161  148  139  135  131  126  122  121  127
  141  160  182  207  235  264  291  315  337  360  384  413  446  484  522  556
  584  606  625  645  664  704  727  730  673                                   
    12.5-180.0 180.0   5.0 450.0                            LAT/LON1/LON2/DLON/H
  645  624  630  629  606  580  541  502  463  424  384  343  300  260  223  191
  164  146  137  140  155  185  225  267  299  312  307  293  277  264  255  249
  243  237  230  221  211  200  187  173  160  151  145  140  134  128  126  133
  148  167  190  215  243  270  295  317  337  359  385  415  449  484  518  548
  571  588  601  616  625  651  673  688  645                                   
    10.0-180.0 180.0   5.0 450.0                            LAT/LON1/LON2/DLON/H
  597  587  606  618  613  599  570  541  510  478  443  402  358  314  273  237
  208  188  180  185  205  238  281  324  352  361  350  329  307  287  271  257
  245  236  228  221  214  207  196  184  171  161  154  147  139  133  131  138
  153  172  194  219  245  270  292  311  329  351  379  411  445  478  508  532
  549  560  567  574  575  585  603  625  597                                   
     7.5-180.0 180.0   5.0 450.0                            LAT/LON1/LON2/DLON/H
  545  542  567  586  597  595  578  559  540  519  492  458  417  374  334  297
  268  249  243  251  272  304  342  376  396  397  382  357  330  306  284  263
