data/edconvlstm_nd/pred1880.15i
     1.0            IONOSPHERE MAPS     GNSS                IONEX VERSION / TYPE
pyspatialgeodesy        IME             05-JAN-18 20:20     PGM / RUN BY / DATE 
Map Name                                                    COMMENT             
Predicted global ionosphere maps (GIM).                     DESCRIPTION         
  2015     7     7     0     0     0                        EPOCH OF FIRST MAP  
  2015     7     8     0     0     0                        EPOCH OF LAST MAP   
  7200                                                      INTERVAL            
    13                                                      # OF MAPS IN FILE   
  NONE                                                      MAPPING FUNCTION    
10.0                                                        ELEVATION CUTOFF    
One-way carrier phase leveled to code                       OBSERVABLES USED    
  6371.0                                                    BASE RADIUS         
 2                                                          MAP DIMENSION       
   450.0 450.0   0.0                                        HGT1 / HGT2 / DHGT  
    87.5 -87.5  -2.5                                        LAT1 / LAT2 / DLAT  
  -180.0 180.0   5.0                                        LON1 / LON2 / DLON  
    -1                                                      EXPONENT            
                                                            END OF HEADER       
[from data line 3861]
    10                                                      START OF TEC MAP    
  2015     7     7    18     0     0                        EPOCH OF CURRENT MAP
    87.5-180.0 180.0   5.0 450.0                            LAT/LON1/LON2/DLON/H
  155  150  139  146  148  147  146  145  145  147  146  147  147  148  149  149
  150  151  151  152  152  153  153  153  153  153  153  153  153  152  152  152
  152  151  151  151  151  150  150  150  150  150  150  149  149  149  149  149
  149  148  148  148  148  147  147  147  146  146  145  145  145  144  144  143
  143  143  142  141  151  148  154  152  155                                   
    85.0-180.0 180.0   5.0 450.0                            LAT/LON1/LON2/DLON/H
  148  148  154  148  147  150  150  152  152  154  153  154  155  156  157  158
  159  160  160  161  162  162  163  163  163  163  163  162  162  162  161  161
  160  160  159  159  159  158  158  158  158  158  157  157  157  156  156  156
  155  155  154  154  154  153  152  152  151  151  150  150  149  149  148  148
  148  148  145  144  146  140  143  144  148                                   
    82.5-180.0 180.0   5.0 450.0                            LAT/LON1/LON2/DLON/H
  127  134  136  134  135  140  142  143  143  144  145  146  147  148  150  151
  153  155  156  158  159  160  161  162  162  162  162  161  160  160  159  158
  157  156  156  156  155  155  155  155  154  154  154  153  153  152  152  151
  151  150  149  149  148  148  147  146  145  144  143  142  141  140  139  138
  137  136  133  136  135  140  133  127  127                                   
    80.0-180.0 180.0   5.0 450.0                            LAT/LON1/LON2/DLON/H
  117  122  129  129  130  131  134  138  139  141  141  143  144  146  148  150
  152  155  157  159  161  163  164  164  165  164  164  163  161  160  158  157
  155  154  153  153  153  152  152  152  152  151  151  150  150  149  149  148
  147  147  146  146  145  144  143  142  141  139  138  137  135  134  133  132
  131  130  129  129  126  122  121  120  117                                   
    77.5-180.0 180.0   5.0 450.0                            LAT/LON1/LON2/DLON/H
  121  120  128  128  130  133  135  138  138  140  140  142  143  145  147  150
  153  156  159  162  165  167  169  170  171  170  169  168  166  164  161  159
  157  156  155  155  154  154  154  154  154  154  153  152  151  150  150  149
  149  148  148  147  146  146  144  143  141  140  138  136  134  133  131  130
  129  128  126  127  128  120  121  125  121                                   
    75.0-180.0 180.0   5.0 450.0                            LAT/LON1/LON2/DLON/H
  121  124  128  130  132  136  137  139  141  142  143  144  146  148  150  153
  156  160  164  167  171  173  175  177  177  176  175  173  170  167  164  161
  158  157  155  155  155  155  156  156  155  154  153  152  150  149  148  147
  147  147  147  146  146  145  143  142  140  138  136  135  133  132  131  131
  130  129  129  126  127  122  123  117  121                                   
    72.5-180.0 180.0   5.0 450.0                            LAT/LON1/LON2/DLON/H
  127  130  135  139  140  144  146  147  147  148  148  150  151  153  156  159
  162  166  170  174  177  180  182  183  183  182  180  177  173  169  165  162
  159  157  156  156  156  157  157  157  157  156  154  152  150  148  146  146
  146  146  146  146  145  144  143  141  139  138  136  135  134  134  134  134
  133  134  134  131  131  128  130  129  127                                   
    70.0-180.0 180.0   5.0 450.0                            LAT/LON1/LON2/DLON/H
  135  139  143  146  147  150  150  152  153  154  154  156  158  160  162  165
  168  172  176  179  182  184  186  186  186  184  181  177  173  169  164  160
  157  154  153  153  154  155  155  155  155  153  150  147  144  142  140  139
  139  140  140  141  140  139  137  135  134  132  132  132  132  133  135  137
  137  138  139  138  139  137  141  138  135                                   
    67.5-180.0 180.0   5.0 450.0                            LAT/LON1/LON2/DLON/H
  147  152  155  159  160  163  162  164  164  166  166  168  171  173  175  178
  181  184  186  189  191  192  193  193  191  189  185  181  176  172  167  162
  159  156  155  155  155  157  158  158  157  154  151  147  144  141  139  138
  138  139  140  140  139  138  136  134  132  131  132  133  135  138  141  145
  146  148  149  148  148  147  149  146  147                                   
    65.0-180.0 180.0   5.0 450.0                            LAT/LON1/LON2/DLON/H
  156  161  163  167  167  169  168  170  170  172  174  177  180  183  185  187
  189  191  192  194  194  195  194  193  191  188  185  181  177  172  168  163
  159  156  154  154  154  156  157  157  156  153  149  144  140  136  134  134
  134  135  136  136  135  132  130  127  126  126  127  130  134  138  143  147
  150  154  156  155  157  157  161  157  156                                   
    62.5-180.0 180.0   5.0 450.0                            LAT/LON1/LON2/DLON/H
  163  169  170  174  174  177  174  176  176  179  182  186  190  193  196  197
  198  199  199  198  198  197  195  194  191  188  185  182  179  176  172  167
  163  160  157  156  156  157  158  158  157  154  149  144  139  135  133  132
  133  133  134  133  132  129  126  123  121  121  124  128  133  139  145  150
  153  157  160  160  162  161  166  163  163                                   
    60.0-180.0 180.0   5.0 450.0                            LAT/LON1/LON2/DLON/H
  166  173  174  177  178  180  178  179  179  183  186  191  196  200  203  204
  204  203  201  200  198  196  194  192  190  188  186  184  183  181  178  174
  170  166  162  160  159  160  161  161  159  156  151  145  140  136  133  132
  133  133  133  132  130  126  122  119  117  118  121  125  132  138  144  150
  153  157  159  160  163  164  170  168  166                                   
    57.5-180.0 180.0   5.0 450.0                            LAT/LON1/LON2/DLON/H
  165  174  175  179  180  183  180  181  181  185  188  194  199  204  207  207
  206  204  202  199  197  195  193  191  190  188  187  188  188  188  187  184
  180  175  171  167  166  166  166  166  164  161  156  150  144  140  137  136
  136  136  135  133  130  126  121  118  116  116  120  125  131  137  143  148
  151  154  156  157  161  163  170  169  165                                   
    55.0-180.0 180.0   5.0 450.0                            LAT/LON1/LON2/DLON/H
  164  173  175  180  181  186  183  184  184  186  190  195  201  205  207  208
  206  203  200  198  196  194  193  192  191  190  191  193  195  196  197  195
  191  186  181  177  175  175  175  174  172  168  163  157  151  147  144  142
  141  141  139  137  133  128  123  120  118  118  121  126  132  137  142  145
  147  149  152  152  157  160  168  168  164                                   
    52.5-180.0 180.0   5.0 450.0                            LAT/LON1/LON2/DLON/H
  161  172  175  180  183  189  187  187  187  189  192  196  201  204  206  206
  204  200  197  195  194  194  194  194  194  194  196  198  201  204  206  205
  202  197  192  189  187  186  186  184  182  178  172  166  161  156  152  150
  149  148  146  142  138  133  129  125  123  123  126  130  134  138  141  144
  144  146  148  149  153  157  166  167  161                                   
    50.0-180.0 180.0   5.0 450.0                            LAT/LON1/LON2/DLON/H
  160  172  175  181  185  193  193  194  193  195  196  199  202  205  205  204
  201  198  195  194  194  195  197  198  199  200  202  204  208  211  213  213
  211  207  203  201  199  199  198  196  193  189  183  178  172  167  163  161
  158  156  154  150  146  142  137  134  132  132  134  137  140  142  144  145
  144  145  147  148  152  156  165  167  160                                   
    47.5-180.0 180.0   5.0 450.0                            LAT/LON1/LON2/DLON/H
  160  173  177  184  189  199  200  202  202  203  204  206  207  208  207  204
  201  198  196  195  197  200  203  206  207  208  209  211  213  216  218  219
  218  216  214  213  213  213  212  209  205  201  195  190  184  179  175  172
  169  167  164  160  156  152  149  146  145  145  146  147  148  149  149  149
  147  148  150  150  154  158  166  168  160                                   
    45.0-180.0 180.0   5.0 450.0                            LAT/LON1/LON2/DLON/H
  163  176  180  188  194  205  208  212  213  215  216  217  217  215  212  208
  204  201  199  200  202  207  211  215  217  218  217  217  219  220  223  224
  225  225  225  226  227  227  226  223  218  213  208  203  198  193  188  185
  181  178  175  171  168  165  163  161  159  159  159  160  160  159  158  157
  155  155  156  157  159  162  169  171  163                                   
    42.5-180.0 180.0   5.0 450.0                            LAT/LON1/LON2/DLON/H
  168  181  184  192  199  211  216  221  224  228  230  231  230  226  221  216
  211  207  206  207  210  215  221  225  228  228  227  226  225  226  228  231
  233  235  237  240  241  242  240  236  231  226  221  216  212  207  202  198
  194  190  187  184  181  179  177  176  175  174  174  173  173  171  169  168
  166  166  166  166  167  168  174  175  168                                   
    40.0-180.0 180.0   5.0 450.0                            LAT/LON1/LON2/DLON/H
  175  187  189  197  203  215  221  228  234  240  244  247  245  241  234  227
  221  217  216  217  220  225  230  235  238  239  239  237  236  236  239  242
  246  249  253  256  258  258  255  250  244  239  235  231  226  221  216  211
  207  203  199  196  194  192  192  191  190  189  188  187  186  184  182  180
  177  177  177  176  175  175  179  181  175                                   
    37.5-180.0 180.0   5.0 450.0                            LAT/LON1/LON2/DLON/H
  183  194  195  202  207  217  224  232  240  250  257  262  262  257  250  241
  234  229  227  228  230  234  240  245  249  252  253  252  251  252  255  260
  265  270  273  275  276  274  270  264  258  253  249  245  241  235  229  224
  219  214  211  208  206  205  205  205  204  203  202  200  199  196  194  191
  188  188  186  185  183  181  184  186  183                                   
    35.0-180.0 180.0   5.0 450.0                            LAT/LON1/LON2/DLON/H
  192  202  203  208  211  219  225  233  244  256  267  275  277  273  265  256
  249  244  241  240  242  245  250  256  262  267  270  272  273  276  280  286
  292  297  299  298  296  291  285  278  271  266  262  258  253  247  240  234
  229  224  220  217  216  216  216  216  216  214  213  211  209  206  203  200
  197  196  193  191  188  186  189  191  192                                   
    32.5-180.0 180.0   5.0 450.0                            LAT/LON1/LON2/DLON/H
  201  211  211  215  216  222  226  234  245  260  274  285  290  288  281  273
  265  260  256  255  255  258  262  269  277  285  292  297  301  306  312  320
  327  330  329  324  317  309  300  290  282  277  273  269  263  256  248  241
  236  231  226  223  222  223  225  225  224  222  220  218  215  212  209  206
  201  199  196  193  191  188  192  196  201                                   
    30.0-180.0 180.0   5.0 450.0                            LAT/LON1/LON2/DLON/H
  211  220  221  224  223  227  229  235  247  262  279  293  301  302  297  290
  283  278  275  273  272  274  278  285  295  307  318  327  334  341  350  359
  366  367  362  352  339  326  313  301  292  285  280  275  268  260  252  244
  238  232  228  225  225  227  229  231  229  227  223  220  217  213  210  206
  201  199  195  192  190  189  194  199  211                                   
    27.5-180.0 180.0   5.0 450.0                            LAT/LON1/LON2/DLON/H
  219  229  230  234  232  234  234  239  250  265  283  299  310  315  314  309
  305  300  297  295  293  293  297  305  316  331  345  357  367  377  387  398
  405  404  394  377  358  340  324  310  298  289  282  275  267  258  250  242
  235  229  224  222  223  227  231  233  231  227  222  217  213  209  206  202
  197  194  190  188  187  187  194  201  219                                   
    25.0-180.0 180.0   5.0 450.0                            LAT/LON1/LON2/DLON/H
  225  236  238  243  241  243  242  245  255  270  287  305  320  328  332  331
  329  327  324  320  318  317  320  327  340  355  372  385  397  409  421  433
  440  436  420  398  373  351  332  315  300  289  279  270  261  252  243  235
  227  221  216  215  218  224  229  232  229  223  216  209  204  200  196  193
  189  187  183  181  183  184  192  200  225                                   
    22.5-180.0 180.0   5.0 450.0                            LAT/LON1/LON2/DLON/H
  226  239  243  249  250  252  252  253  262  276  293  312  329  342  351  356
  358  357  354  349  345  342  344  351  363  379  395  409  421  433  446  457
  462  455  436  409  382  357  336  317  300  285  272  261  251  242  233  224
  217  210  206  205  210  218  226  229  226  217  207  198  191  186  184  181
  178  177  175  174  176  179  187  197  226                                   
    20.0-180.0 180.0   5.0 450.0                            LAT/LON1/LON2/DLON/H
  222  237  242  251  256  259  261  263  271  283  300  320  340  357  371  382
  388  389  386  380  373  368  368  374  385  399  414  427  438  448  458  467
  469  459  438  411  383  359  338  318  298  280  264  251  241  232  223  215
  206  199  195  196  202  213  222  226  221  210  197  185  176  171  169  168
  166  167  166  165  168  171  179  190  222                                   
    17.5-180.0 180.0   5.0 450.0                            LAT/LON1/LON2/DLON/H
  212  228  236  248  257  263  267  271  279  291  308  328  350  372  391  408
  418  421  418  409  400  392  390  394  404  416  429  439  447  454  461  466
  464  453  432  406  381  359  340  320  298  277  259  245  234  225  217  208
  199  191  186  188  196  208  218  222  217  203  187  172  162  156  155  155
  154  156  155  155  157  161  168  178  212                                   
    15.0-180.0 180.0   5.0 450.0                            LAT/LON1/LON2/DLON/H
  196  214  225  240  252  261  270  276  286  299  315  335  359  384  409  430
  444  450  446  435  422  413  409  412  420  430  440  447  451  454  457  458
  454  441  422  399  379  361  345  325  303  280  259  245  234  226  218  208
  197  188  183  184  192  204  215  219  213  198  180  163  151  144  143  143
  143  145  144  144  145  148  153  163  196                                   
    12.5-180.0 180.0   5.0 450.0                            LAT/LON1/LON2/DLON/H
  177  197  210  228  244  255  269  278  291  304  321  341  366  393  421  446
  464  471  467  454  439  428  423  426  433  441  449  453  454  454  453  450
  444  432  415  396  380  367  354  336  313  289  269  254  244  235  226  215
  202  190  183  183  191  202  213  216  210  195  176  158  144  137  134  134
  133  134  134  132  132  134  137  146  177                                   
    10.0-180.0 180.0   5.0 450.0                            LAT/LON1/LON2/DLON/H
  158  179  195  215  234  248  265  278  293  309  325  346  370  398  427  454
  473  481  477  464  448  437  433  436  443  451  457  460  459  456  452  447
  440  428  413  399  388  379  368  351  329  306  286  271  261  252  241  226
  210  196  187  186  191  201  211  214  209  195  176  157  143  134  130  127
  125  125  123  121  119  119  121  130  158                                   
     7.5-180.0 180.0   5.0 450.0                            LAT/LON1/LON2/DLON/H
  142  165  183  205  226  243  263  278  296  313  329  349  371  397  425  451
  471  480  477  465  450  440  438  443  452  460  466  468  467  463  458  452
