data/edconvlstm_nd/pred0660.15i
     1.0            IONOSPHERE MAPS     GNSS                IONEX VERSION / TYPE
pyspatialgeodesy        IME             05-JAN-18 20:20     PGM / RUN BY / DATE 
Map Name                                                    COMMENT             
Predicted global ionosphere maps (GIM).                     DESCRIPTION         
  2015     3     7     0     0     0                        EPOCH OF FIRST MAP  
  2015     3     8     0     0     0                        EPOCH OF LAST MAP   
  7200                                                      INTERVAL            
    13                                                      # OF MAPS IN FILE   
  NONE                                                      MAPPING FUNCTION    
10.0                                                        ELEVATION CUTOFF    
One-way carrier phase leveled to code                       OBSERVABLES USED    
  6371.0                                                    BASE RADIUS         
 2                                                          MAP DIMENSION       
   450.0 450.0   0.0                                        HGT1 / HGT2 / DHGT  
    87.5 -87.5  -2.5                                        LAT1 / LAT2 / DLAT  
  -180.0 180.0   5.0                                        LON1 / LON2 / DLON  
    -1                                                      EXPONENT            
                                                            END OF HEADER       
[from data line 1287]
     4                                                      START OF TEC MAP    
  2015     3     7     6     0     0                        EPOCH OF CURRENT MAP
    87.5-180.0 180.0   5.0 450.0                            LAT/LON1/LON2/DLON/H
  127  126  122  125  126  125  124  124  127  130  133  136  138  141  143  144
  145  146  147  147  147  146  145  145  144  143  141  140  139  138  138  137
  136  136  135  135  135  135  135  135  135  135  135  136  136  136  136  137
  137  137  137  137  137  136  136  135  134  133  131  130  128  126  124  123
  122  123  120  119  121  122  127  126  127                                   
    85.0-180.0 180.0   5.0 450.0                            LAT/LON1/LON2/DLON/H
  118  124  118  120  123  124  125  127  131  135  138  142  145  149  151  154
  155  157  157  157  157  157  156  154  153  152  150  149  148  146  146  145
  144  144  144  144  144  144  144  145  145  146  147  148  149  150  151  152
  153  154  154  155  156  156  156  155  154  153  152  150  147  145  141  139
  138  136  130  129  122  123  123  123  118                                   
    82.5-180.0 180.0   5.0 450.0                            LAT/LON1/LON2/DLON/H
  116  114  112  107  107  109  110  112  118  123  127  133  138  143  147  151
  153  155  155  155  154  153  151  149  146  144  142  140  139  138  137  136
  136  136  137  138  138  139  141  142  143  145  147  149  152  154  157  160
  163  165  168  171  173  175  176  177  177  176  174  172  168  164  160  155
  151  146  137  134  130  120  113  108  116                                   
    80.0-180.0 180.0   5.0 450.0                            LAT/LON1/LON2/DLON/H
  116  107   98   94   95   95   97  100  106  112  119  127  133  140  145  149
  152  154  154  153  151  148  144  141  137  133  131  128  127  126  126  126
  127  128  129  131  133  135  137  139  142  144  148  152  156  160  165  171
  177  182  188  193  198  203  206  208  210  210  209  206  202  197  191  185
  177  168  157  149  141  129  123  109  116                                   
    77.5-180.0 180.0   5.0 450.0                            LAT/LON1/LON2/DLON/H
  121  104   95   90   86   85   87   90   96  102  109  118  126  134  140  145
  148  149  149  146  143  138  133  128  124  120  117  115  114  114  116  117
  120  123  126  128  131  134  137  141  144  148  153  158  164  171  179  187
  196  205  214  223  231  238  244  248  251  253  253  251  247  242  235  226
  216  204  188  178  165  144  132  121  121                                   
    75.0-180.0 180.0   5.0 450.0                            LAT/LON1/LON2/DLON/H
  127  111   97   92   84   82   82   83   88   93  100  109  117  124  130  135
  137  138  136  133  129  123  117  111  106  101   99   97   98   99  102  105
  109  114  118  122  126  129  133  137  142  147  153  159  168  177  187  199
  211  223  236  247  258  268  276  283  288  291  292  291  287  282  274  266
  253  240  223  204  188  166  153  139  127                                   
    72.5-180.0 180.0   5.0 450.0                            LAT/LON1/LON2/DLON/H
  137  122  108   99   89   85   84   83   86   90   96  104  110  117  122  125
  127  127  125  121  116  110  104   98   93   89   87   86   88   91   95  100
  105  110  115  119  123  128  132  137  142  149  156  164  174  186  199  213
  228  243  258  271  284  295  304  311  316  319  320  319  316  311  303  295
  282  269  252  233  213  188  172  162  137                                   
    70.0-180.0 180.0   5.0 450.0                            LAT/LON1/LON2/DLON/H
  153  134  121  109   96   89   86   84   85   88   92   98  103  107  110  112
  112  112  110  106  102   97   91   86   81   78   77   78   80   84   89   94
   99  103  108  112  116  121  125  131  137  145  154  164  176  190  205  222
  239  257  273  288  301  312  321  327  331  333  334  333  329  324  317  308
  297  283  267  248  229  206  193  185  153                                   
    67.5-180.0 180.0   5.0 450.0                            LAT/LON1/LON2/DLON/H
  160  143  129  117  103   94   89   86   87   88   91   95   98  100  102  102
  102  101   99   97   93   89   85   80   77   75   75   76   79   82   86   90
   93   96   99  102  105  110  115  122  130  139  150  163  177  192  210  228
  247  265  282  296  308  317  324  328  330  330  329  327  324  318  311  303
  292  279  265  247  230  210  199  195  160                                   
    65.0-180.0 180.0   5.0 450.0                            LAT/LON1/LON2/DLON/H
  166  150  136  123  107   97   91   89   89   90   93   96   97   98   98   97
   97   95   94   92   89   86   83   80   78   77   78   79   81   84   86   87
   88   89   90   91   94   99  106  115  126  138  151  166  182  199  218  237
  256  274  290  303  313  319  322  323  322  321  319  317  313  308  301  292
  282  269  256  240  227  210  203  200  166                                   
    62.5-180.0 180.0   5.0 450.0                            LAT/LON1/LON2/DLON/H
  169  153  140  123  107   96   90   88   89   90   93   96   97   97   97   96
   95   94   92   91   88   86   84   81   80   80   81   83   84   85   85   84
   82   80   79   80   83   89   98  109  123  139  155  172  190  208  227  247
  266  283  298  309  315  318  318  316  313  311  308  306  303  299  292  284
  272  259  247  231  221  206  201  198  169                                   
    60.0-180.0 180.0   5.0 450.0                            LAT/LON1/LON2/DLON/H
  173  155  141  121  104   91   84   82   83   86   89   92   94   95   96   96
   95   94   93   91   88   86   83   82   81   81   82   83   84   83   81   78
   73   70   67   68   72   80   92  107  124  143  162  181  200  219  239  258
  276  292  305  314  319  319  317  313  309  306  304  303  301  298  292  283
  271  257  245  229  220  205  200  195  173                                   
    57.5-180.0 180.0   5.0 450.0                            LAT/LON1/LON2/DLON/H
  183  163  147  121  103   88   78   75   76   78   82   86   89   91   93   95
   96   96   94   91   88   85   82   80   79   79   80   81   81   79   76   71
   66   61   59   61   66   76   91  109  130  152  173  194  214  233  252  271
  288  304  316  323  327  326  323  318  314  312  311  311  310  308  303  295
  283  268  255  238  230  213  207  198  183                                   
    55.0-180.0 180.0   5.0 450.0                            LAT/LON1/LON2/DLON/H
  199  178  159  129  108   89   77   70   69   70   72   76   80   84   88   92
   95   95   94   91   87   83   79   77   76   75   76   76   76   74   70   65
   60   56   55   58   66   78   95  116  139  163  186  208  228  247  266  284
  301  316  327  335  338  338  335  331  328  326  325  326  326  325  322  314
  302  288  275  257  249  230  222  208  199                                   
    52.5-180.0 180.0   5.0 450.0                            LAT/LON1/LON2/DLON/H
  223  201  180  146  124  101   84   73   68   65   65   67   70   75   81   87
   92   93   92   89   85   81   77   75   73   71   71   71   71   69   66   62
   58   55   56   61   71   86  104  127  151  176  200  222  242  261  280  297
  314  328  340  348  353  354  352  349  346  344  344  344  345  344  341  334
  323  310  298  281  272  253  243  227  223                                   
    50.0-180.0 180.0   5.0 450.0                            LAT/LON1/LON2/DLON/H
  251  229  206  173  149  123  102   86   75   67   63   62   63   68   75   82
   87   90   90   87   84   81   78   75   73   71   69   69   69   68   66   64
   61   60   63   70   81   97  117  140  164  189  213  235  256  275  293  310
  326  341  353  363  369  371  372  370  367  364  361  359  358  356  352  347
  338  328  317  302  295  277  267  250  251                                   
    47.5-180.0 180.0   5.0 450.0                            LAT/LON1/LON2/DLON/H
  275  256  234  204  180  154  130  109   92   78   68   62   61   64   70   77
   83   86   87   86   85   84   83   81   78   75   73   72   72   72   71   69
   68   69   73   82   94  111  131  153  177  201  225  247  267  286  304  322
  338  352  365  375  383  387  388  387  383  377  371  365  359  355  350  345
  339  332  325  314  309  295  286  272  275                                   
    45.0-180.0 180.0   5.0 450.0                            LAT/LON1/LON2/DLON/H
  289  273  256  231  210  185  161  138  116   97   81   71   65   66   70   76
   81   84   85   87   89   91   92   91   89   85   82   80   79   79   78   77
   77   79   85   95  108  125  144  165  188  212  235  257  277  297  315  332
  347  361  374  384  392  397  399  397  391  383  372  360  350  341  334  329
  325  322  318  312  312  301  295  283  289                                   
    42.5-180.0 180.0   5.0 450.0                            LAT/LON1/LON2/DLON/H
  287  274  263  245  228  207  187  165  142  120  100   86   77   74   76   79
   83   85   87   91   96  101  105  106  103   99   94   91   89   88   87   86
   87   89   96  106  120  136  155  176  199  221  244  266  287  307  325  341
  355  367  378  388  395  401  403  402  395  384  369  352  337  324  314  308
  304  303  302  301  303  294  290  280  287                                   
    40.0-180.0 180.0   5.0 450.0                            LAT/LON1/LON2/DLON/H
  270  256  249  235  226  210  196  180  161  140  121  105   95   90   88   89
   90   91   94   99  106  114  120  121  119  114  108  104  101   98   97   95
   95   97  103  113  127  145  164  186  209  231  253  275  296  316  334  349
  361  372  382  391  399  406  411  411  405  393  376  356  338  322  309  301
  295  292  291  290  292  280  277  266  270                                   
    37.5-180.0 180.0   5.0 450.0                            LAT/LON1/LON2/DLON/H
  246  225  219  204  200  190  183  176  164  150  135  123  113  108  105  104
  102  102  105  111  119  127  133  135  133  128  123  117  113  110  106  103
  101  102  108  117  132  150  171  195  218  241  264  285  306  326  343  358
  370  381  391  401  412  422  431  434  431  421  405  387  368  351  337  325
  315  307  302  297  296  276  268  253  246                                   
    35.0-180.0 180.0   5.0 450.0                            LAT/LON1/LON2/DLON/H
  229  195  182  162  158  151  150  151  150  145  139  133  128  125  123  120
  118  117  119  124  131  138  143  145  144  141  137  132  126  121  115  110
  106  105  109  119  133  153  177  202  228  252  275  296  317  338  355  371
  384  396  409  424  439  455  469  478  481  476  465  450  434  419  404  390
  373  359  347  333  326  296  280  255  229                                   
    32.5-180.0 180.0   5.0 450.0                            LAT/LON1/LON2/DLON/H
  232  182  157  126  116  107  107  115  122  127  130  133  135  136  137  136
  134  133  134  138  142  145  149  151  153  152  150  146  139  131  123  115
  109  107  110  119  134  155  181  209  237  262  285  308  330  351  370  388
  404  421  439  460  482  505  526  543  554  558  554  547  538  526  512  494
  471  448  427  403  389  349  319  286  232                                   
    30.0-180.0 180.0   5.0 450.0                            LAT/LON1/LON2/DLON/H
  267  204  163  116   93   75   71   79   90  102  113  124  133  140  144  146
  146  147  147  148  149  150  152  156  160  163  163  159  151  141  130  120
  113  109  111  119  134  157  184  214  244  270  295  318  342  365  388  409
  431  454  480  510  540  572  602  628  649  663  671  674  674  670  658  638
  608  575  542  505  483  431  387  349  267                                   
    27.5-180.0 180.0   5.0 450.0                            LAT/LON1/LON2/DLON/H
  341  267  211  147  107   76   60   60   68   81   95  110  124  135  144  149
  152  154  155  155  153  152  154  160  168  174  176  171  162  151  139  128
  119  114  114  121  135  157  186  217  247  275  301  326  353  380  407  434
  463  494  529  568  608  648  688  724  755  781  801  817  828  832  826  806
  772  731  686  636  603  537  477  440  341                                   
    25.0-180.0 180.0   5.0 450.0                            LAT/LON1/LON2/DLON/H
  450  370  298  223  166  121   87   74   71   76   87  101  115  128  138  145
  150  155  157  156  154  153  158  167  178  187  189  185  176  164  152  140
  129  121  118  122  134  156  185  216  247  276  303  331  362  394  427  460
  496  536  580  627  676  725  772  817  857  892  922  948  969  981  981  964
  931  888  838  780  735  658  589  557  450                                   
    22.5-180.0 180.0   5.0 450.0                            LAT/LON1/LON2/DLON/H
  581  501  418  340  269  212  159  126  107   99   99  105  115  124  133  139
  145  151  154  155  154  156  164  177  192  203  206  201  192  181  169  154
  139  127  120  122  133  153  181  213  244  274  304  336  371  408  446  485
  528  575  626  679  733  786  837  886  931  970 1004 1035 1062 1080 1086 1074
 1046 1010  965  907  853  775  713  689  581                                   
    20.0-180.0 180.0   5.0 450.0                            LAT/LON1/LON2/DLON/H
  706  635  554  485  403  339  270  218  178  152  135  129  128  131  134  137
  141  147  151  154  157  162  174  192  210  222  224  218  208  196  180  161
  142  127  119  120  130  150  178  209  240  272  305  341  381  423  465  509
  556  607  661  716  769  819  867  913  955  992 1025 1056 1083 1105 1116 1112
 1094 1068 1035  986  931  864  821  808  706                                   
    17.5-180.0 180.0   5.0 450.0                            LAT/LON1/LON2/DLON/H
  798  744  679  626  545  480  403  338  280  233  198  174  160  152  146  143
  144  147  152  156  162  172  189  212  232  243  241  230  216  199  178  156
  137  123  116  117  128  148  175  206  238  272  309  349  393  438  484  530
  579  630  683  733  779  820  857  892  924  953  980 1005 1030 1053 1068 1072
 1064 1050 1034  999  954  904  885  884  798                                   
    15.0-180.0 180.0   5.0 450.0                            LAT/LON1/LON2/DLON/H
  842  804  763  726  657  600  527  459  392  332  279  239  210  189  173  162
  156  156  159  163  172  186  208  233  253  258  249  231  209  186  163  143
  127  117  112  115  127  147  174  205  238  275  315  359  406  453  499  546
  594  642  689  730  764  791  813  833  852  870  887  906  926  945  961  971
  975  973  972  953  927  894  893  903  842                                   
    12.5-180.0 180.0   5.0 450.0                            LAT/LON1/LON2/DLON/H
  839  814  793  770  718  672  610  549  486  425  366  316  275  242  215  195
  182  175  174  178  187  204  227  252  266  265  247  220  192  166  145  129
  118  111  110  115  129  150  176  207  241  279  322  368  417  464  511  555
  599  642  680  711  732  746  755  762  770  779  789  802  815  830  846  859
  871  878  889  882  873  854  859  876  839                                   
    10.0-180.0 180.0   5.0 450.0                            LAT/LON1/LON2/DLON/H
  806  790  780  765  726  690  639  591  542  492  440  391  346  307  272  243
  221  207  200  199  206  221  242  262  271  263  238  205  174  149  132  120
  113  109  110  118  133  155  181  211  245  284  327  375  424  471  515  556
  596  632  662  684  697  703  705  707  709  713  719  728  739  751  765  780
  795  807  822  822  820  807  809  827  806                                   
     7.5-180.0 180.0   5.0 450.0                            LAT/LON1/LON2/DLON/H
  761  749  741  727  698  666  624  589  557  523  487  449  411  374  337  302
  272  249  234  225  225  235  250  264  267  254  225  191  161  139  125  116
