data/edconvlstm_nd/pred2850.15i
     1.0            IONOSPHERE MAPS     GNSS                IONEX VERSION / TYPE
pyspatialgeodesy        IME             05-JAN-18 20:20     PGM / RUN BY / DATE 
Map Name                                                    COMMENT             
Predicted global ionosphere maps (GIM).                     DESCRIPTION         
  2015    10    12     0     0     0                        EPOCH OF FIRST MAP  
  2015    10    13     0     0     0                        EPOCH OF LAST MAP   
  7200                                                      INTERVAL            
    13                                                      # OF MAPS IN FILE   
  NONE                                                      MAPPING FUNCTION    
10.0                                                        ELEVATION CUTOFF    
One-way carrier phase leveled to code                       OBSERVABLES USED    
  6371.0                                                    BASE RADIUS         
 2                                                          MAP DIMENSION       
   450.0 450.0   0.0                                        HGT1 / HGT2 / DHGT  
    87.5 -87.5  -2.5                                        LAT1 / LAT2 / DLAT  
  -180.0 180.0   5.0                                        LON1 / LON2 / DLON  
    -1                                                      EXPONENT            
                                                            END OF HEADER       
[from data line 1716]
     5                                                      START OF TEC MAP    
  2015    10    12     8     0     0                        EPOCH OF CURRENT MAP
    87.5-180.0 180.0   5.0 450.0                            LAT/LON1/LON2/DLON/H
   32   40   37   40   41   41   41   37   38   40   40   41   41   42   42   42
   43   43   43   43   43   43   43   43   43   43   42   42   42   42   42   42
   41   41   40   40   39   38   38   37   37   36   36   35   35   35   35   34
   34   34   34   34   34   34   33   33   33   32   32   32   31   31   30   30
   31   31   29   30   36   43   55   54   32                                   
    85.0-180.0 180.0   5.0 450.0                            LAT/LON1/LON2/DLON/H
   23   44   46   42   44   47   47   47   47   49   49   50   51   51   51   52
   52   52   52   53   53   53   53   54   54   54   54   55   55   55   55   55
   54   54   54   53   52   51   51   50   49   49   48   48   47   47   47   47
   47   47   46   46   46   46   45   45   45   44   44   43   42   42   41   41
   41   41   37   38   43   45   57   52   23                                   
    82.5-180.0 180.0   5.0 450.0                            LAT/LON1/LON2/DLON/H
   22   31   45   41   43   44   45   45   47   48   48   50   50   50   50   50
   50   50   50   50   50   50   50   51   51   52   52   53   53   54   54   54
   55   55   55   54   54   53   52   52   51   50   50   50   49   49   49   50
   50   50   50   50   50   50   49   48   48   47   46   45   43   42   41   40
   39   39   36   35   44   41   42   40   22                                   
    80.0-180.0 180.0   5.0 450.0                            LAT/LON1/LON2/DLON/H
   28   29   42   38   43   42   43   43   45   46   46   48   48   48   48   47
   47   47   46   46   46   46   46   47   48   48   50   51   52   53   55   56
   57   58   58   58   58   57   56   56   55   55   54   54   55   55   56   57
   57   58   59   59   59   59   58   57   56   54   53   51   49   46   44   42
   40   38   37   35   41   39   40   39   28                                   
    77.5-180.0 180.0   5.0 450.0                            LAT/LON1/LON2/DLON/H
   36   32   36   34   36   37   39   40   42   43   43   45   45   45   45   44
   44   43   43   42   41   41   41   41   42   43   44   45   47   49   52   54
   56   57   58   58   57   57   56   55   55   55   55   56   57   59   61   62
   64   66   67   68   68   68   67   66   65   63   61   59   56   53   49   46
   42   39   35   33   33   25   28   31   36                                   
    75.0-180.0 180.0   5.0 450.0                            LAT/LON1/LON2/DLON/H
   27   27   30   30   32   35   37   38   39   40   40   41   41   42   41   41
   40   39   38   37   37   36   36   36   36   37   38   40   43   46   49   52
   54   56   57   57   57   56   55   55   55   56   57   59   62   65   68   71
   73   76   77   78   78   78   77   76   75   73   71   68   65   61   57   53
   47   43   38   32   32   23   25   25   27                                   
    72.5-180.0 180.0   5.0 450.0                            LAT/LON1/LON2/DLON/H
   29   26   27   27   30   35   37   37   38   39   38   40   40   41   41   40
   40   39   38   36   34   33   32   31   31   32   33   35   38   42   45   49
   52   55   56   57   57   56   56   56   57   59   62   65   69   74   78   82
   85   88   89   90   90   89   88   86   85   83   81   78   76   72   68   63
   57   51   47   39   36   26   26   28   29                                   
    70.0-180.0 180.0   5.0 450.0                            LAT/LON1/LON2/DLON/H
   31   25   29   29   31   33   34   35   35   36   36   38   38   39   39   40
   39   38   37   35   34   32   30   29   29   29   30   32   35   38   42   47
   50   53   55   56   56   56   56   57   59   62   67   72   77   83   88   93
   96   98   99   99   97   95   93   91   89   87   86   84   82   79   75   71
   66   59   54   46   41   31   32   34   31                                   
    67.5-180.0 180.0   5.0 450.0                            LAT/LON1/LON2/DLON/H
   31   25   28   27   29   31   32   32   32   33   33   35   35   37   38   39
   39   38   37   36   33   31   29   28   27   27   27   29   31   34   38   42
   46   49   51   53   53   54   54   56   59   64   70   76   83   89   95   99
  102  104  103  102   99   96   93   90   87   85   84   83   82   81   78   75
   71   65   60   51   44   34   34   35   31                                   
    65.0-180.0 180.0   5.0 450.0                            LAT/LON1/LON2/DLON/H
   33   26   29   28   28   30   31   31   30   31   31   33   34   36   37   39
   39   39   38   37   35   33   31   29   28   27   27   28   30   32   36   40
   43   47   49   51   52   53   55   57   62   68   74   82   89   96  102  106
  108  109  107  104  101   96   92   88   85   83   82   82   82   81   80   78
   75   69   65   56   50   40   39   41   33                                   
    62.5-180.0 180.0   5.0 450.0                            LAT/LON1/LON2/DLON/H
   36   29   30   29   29   30   30   30   29   29   29   31   32   34   36   38
   39   39   38   37   35   34   32   31   29   28   28   28   29   31   34   38
   41   45   48   50   52   54   56   60   65   72   79   87   95  101  107  110
  112  112  110  107  102   97   92   87   83   81   80   79   80   80   80   79
   76   72   69   60   55   45   43   45   36                                   
    60.0-180.0 180.0   5.0 450.0                            LAT/LON1/LON2/DLON/H
   40   33   33   31   30   30   30   28   28   27   27   28   29   31   34   35
   36   36   36   35   33   32   31   31   30   29   28   28   28   29   31   35
   39   42   46   49   51   54   57   62   68   75   82   90   97  103  107  111
  113  113  112  109  104   99   93   88   83   80   78   78   78   78   78   77
   75   72   70   62   58   48   46   47   40                                   
    57.5-180.0 180.0   5.0 450.0                            LAT/LON1/LON2/DLON/H
   45   38   38   34   33   32   31   29   28   27   26   27   28   30   31   33
   34   33   33   32   31   30   30   31   30   30   29   28   28   28   30   34
   38   42   46   50   53   57   61   66   72   80   87   93   99  105  109  113
  115  117  117  116  112  108  102   96   91   87   84   83   82   81   80   79
   76   73   72   66   62   52   49   49   45                                   
    55.0-180.0 180.0   5.0 450.0                            LAT/LON1/LON2/DLON/H
   51   44   43   39   37   35   34   32   30   29   27   27   27   28   29   30
   31   30   29   28   28   28   29   30   30   30   29   28   28   28   30   33
   38   43   48   53   57   61   66   72   78   85   92   97  102  107  111  116
  120  124  126  127  125  122  117  111  105  100   96   93   91   88   85   83
   79   76   75   69   66   57   53   52   51                                   
    52.5-180.0 180.0   5.0 450.0                            LAT/LON1/LON2/DLON/H
   59   51   49   45   43   40   39   36   34   31   29   28   27   28   28   29
   29   28   27   26   25   26   27   29   30   31   30   29   28   28   30   34
   40   46   52   58   63   68   73   80   86   92   98  103  107  111  116  122
  128  133  138  141  141  139  134  128  122  116  112  108  104  100   95   91
   86   81   80   75   71   62   59   57   59                                   
    50.0-180.0 180.0   5.0 450.0                            LAT/LON1/LON2/DLON/H
   66   59   56   52   49   47   45   42   39   35   32   30   29   29   29   29
   29   28   26   25   25   26   27   29   31   32   31   30   29   30   32   36
   43   50   58   65   71   76   82   89   95  101  106  110  113  118  123  130
  138  145  151  155  157  155  150  144  138  132  128  123  119  113  107  101
   95   90   88   81   77   69   65   63   66                                   
    47.5-180.0 180.0   5.0 450.0                            LAT/LON1/LON2/DLON/H
   73   67   63   60   56   55   52   48   44   40   35   33   31   31   31   32
   31   30   28   27   27   27   29   31   32   33   33   32   31   31   34   39
   47   56   65   72   79   86   92   99  106  111  116  119  122  127  133  141
  149  157  164  168  169  167  161  155  148  143  139  136  131  126  119  112
  105   99   95   88   83   76   73   71   73                                   
    45.0-180.0 180.0   5.0 450.0                            LAT/LON1/LON2/DLON/H
   78   73   69   67   62   62   59   54   50   45   40   37   35   34   35   36
   35   34   32   31   31   32   33   34   35   35   35   34   33   33   37   43
   52   61   71   80   88   95  102  110  117  122  127  130  134  139  145  153
  161  168  174  176  176  173  166  159  152  148  145  142  139  134  128  121
  114  107  103   95   89   82   80   79   78                                   
    42.5-180.0 180.0   5.0 450.0                            LAT/LON1/LON2/DLON/H
   80   76   71   71   67   67   64   59   55   50   44   41   39   39   40   41
   41   40   38   38   38   38   39   39   39   38   37   36   35   36   40   46
   56   67   78   88   97  105  113  121  128  134  139  142  146  152  158  166
  172  178  181  183  181  175  168  159  152  148  146  145  143  139  133  127
  121  114  108  100   94   87   84   84   80                                   
    40.0-180.0 180.0   5.0 450.0                            LAT/LON1/LON2/DLON/H
   79   75   70   71   67   68   66   62   58   53   48   46   45   45   46   47
   47   47   46   46   47   47   47   45   43   41   39   37   37   38   42   50
   60   72   83   94  104  113  123  132  140  147  151  155  160  165  172  179
  184  188  190  189  186  180  171  161  153  148  146  146  144  141  135  130
  124  118  112  104   97   89   85   85   79                                   
    37.5-180.0 180.0   5.0 450.0                            LAT/LON1/LON2/DLON/H
   77   72   66   66   64   65   63   61   59   55   52   51   50   52   53   54
   55   55   55   56   57   57   55   52   48   44   41   39   39   41   45   53
   63   76   88  100  111  122  132  143  152  159  164  169  174  180  186  193
  198  201  202  202  199  192  183  172  163  156  153  151  149  144  138  133
  127  120  115  106   99   88   83   82   77                                   
    35.0-180.0 180.0   5.0 450.0                            LAT/LON1/LON2/DLON/H
   73   66   60   60   58   58   58   58   57   56   55   55   56   59   61   62
   63   63   64   65   66   65   62   57   51   46   42   41   41   43   48   56
   67   80   93  106  119  131  143  154  164  172  178  183  188  195  203  210
  216  220  223  224  224  220  211  199  188  179  173  168  162  154  145  138
  131  124  118  109  100   87   80   78   73                                   
    32.5-180.0 180.0   5.0 450.0                            LAT/LON1/LON2/DLON/H
   71   61   53   53   51   51   52   54   55   55   56   59   62   66   69   70
   70   71   72   73   74   72   68   61   54   48   44   42   43   46   52   61
   72   85   99  113  127  140  154  166  177  186  192  198  205  213  222  231
  239  247  254  260  264  263  256  244  231  219  209  198  187  174  160  149
  139  130  123  114  104   88   80   76   71                                   
    30.0-180.0 180.0   5.0 450.0                            LAT/LON1/LON2/DLON/H
   72   59   49   48   46   46   47   49   52   53   56   61   66   71   74   76
   77   77   78   79   79   77   71   64   57   50   46   45   46   49   56   66
   78   92  106  121  136  151  166  180  192  202  209  216  224  234  246  258
  270  281  294  306  315  318  313  302  288  273  258  242  224  204  185  168
  154  142  133  122  111   92   86   78   72                                   
    27.5-180.0 180.0   5.0 450.0                            LAT/LON1/LON2/DLON/H
   78   61   49   47   44   43   44   46   49   51   55   61   67   73   77   80
   81   81   81   82   81   79   74   67   60   54   50   48   49   54   62   72
   85  100  115  131  147  164  180  195  209  220  229  237  247  259  273  289
  305  322  340  357  372  378  376  365  350  333  314  294  270  244  219  196
  175  159  148  134  123  103   98   88   78                                   
    25.0-180.0 180.0   5.0 450.0                            LAT/LON1/LON2/DLON/H
   90   71   56   52   48   45   45   46   48   50   53   59   65   72   77   80
   82   82   82   83   82   80   76   71   65   59   55   53   54   59   67   79
   93  109  125  142  160  178  195  212  227  240  251  261  272  287  304  323
  343  364  386  409  426  436  435  425  409  390  370  347  320  290  259  230
  204  183  168  151  140  120  117  105   90                                   
    22.5-180.0 180.0   5.0 450.0                            LAT/LON1/LON2/DLON/H
  109   89   72   65   59   54   52   50   51   51   53   57   63   69   74   77
   79   80   81   81   81   80   79   76   72   67   62   59   59   64   73   87
  102  119  136  154  173  192  211  228  245  260  273  286  300  316  335  357
  380  404  429  453  472  482  481  471  456  438  418  394  367  335  301  268
  236  211  192  172  161  142  141  128  109                                   
    20.0-180.0 180.0   5.0 450.0                            LAT/LON1/LON2/DLON/H
  134  115   96   86   78   70   65   61   59   57   56   58   61   65   70   73
   75   76   77   78   79   80   82   82   80   75   69   65   64   69   79   94
  111  129  147  165  185  204  224  242  260  278  294  310  326  345  366  389
  413  437  462  485  503  511  508  498  483  467  450  429  405  375  340  305
  270  241  217  196  183  168  168  155  134                                   
    17.5-180.0 180.0   5.0 450.0                            LAT/LON1/LON2/DLON/H
  162  146  127  115  103   92   85   77   72   67   64   62   62   64   66   68
   70   71   72   74   76   80   85   88   88   84   77   71   70   74   85  101
  119  138  156  175  194  214  233  252  272  292  312  331  350  370  391  414
  437  460  482  501  514  517  511  500  487  475  463  448  428  403  372  337
  300  269  243  221  207  194  194  181  162                                   
    15.0-180.0 180.0   5.0 450.0                            LAT/LON1/LON2/DLON/H
  189  177  161  146  133  118  108   98   91   83   76   71   68   67   66   66
   66   66   68   70   74   80   87   93   94   91   84   78   75   79   90  107
  126  144  163  181  200  219  238  257  279  301  324  346  367  388  410  431
  452  471  487  500  506  504  495  483  473  465  458  450  437  418  392  360
  325  294  267  245  230  218  219  205  189                                   
    12.5-180.0 180.0   5.0 450.0                            LAT/LON1/LON2/DLON/H
  214  205  191  175  161  144  133  121  112  102   93   85   79   74   70   67
   65   65   65   68   74   82   90   97  100   97   91   84   82   85   96  112
  130  149  167  184  201  219  237  257  279  305  330  355  377  398  419  439
  456  470  481  487  486  479  467  455  448  445  444  442  436  423  402  374
  343  314  289  268  253  241  241  225  214                                   
    10.0-180.0 180.0   5.0 450.0                            LAT/LON1/LON2/DLON/H
  233  225  215  197  185  168  157  144  133  122  112  102   93   85   78   73
   69   66   67   70   77   86   95  103  106  103   98   92   89   92  101  116
  133  151  168  184  199  215  232  252  275  302  330  356  379  400  420  438
  452  463  469  470  465  454  440  429  424  425  429  432  431  422  406  383
  355  331  309  289  275  262  259  241  233                                   
     7.5-180.0 180.0   5.0 450.0                            LAT/LON1/LON2/DLON/H
  248  240  230  212  204  186  176  164  154  143  132  122  111  101   91   82
   76   72   72   76   84   94  103  110  112  110  105   99   96   98  106  119
