data/edconvlstm_nd/pred0690.15i
     1.0            IONOSPHERE MAPS     GNSS                IONEX VERSION / TYPE
pyspatialgeodesy        IME             05-JAN-18 20:20     PGM / RUN BY / DATE 
Map Name                                                    COMMENT             
Predicted global ionosphere maps (GIM).                     DESCRIPTION         
  2015     3    10     0     0     0                        EPOCH OF FIRST MAP  
  2015     3    11     0     0     0                        EPOCH OF LAST MAP   
  7200                                                      INTERVAL            
    13                                                      # OF MAPS IN FILE   
  NONE                                                      MAPPING FUNCTION    
10.0                                                        ELEVATION CUTOFF    
One-way carrier phase leveled to code                       OBSERVABLES USED    
  6371.0                                                    BASE RADIUS         
 2                                                          MAP DIMENSION       
   450.0 450.0   0.0                                        HGT1 / HGT2 / DHGT  
    87.5 -87.5  -2.5                                        LAT1 / LAT2 / DLAT  
  -180.0 180.0   5.0                                        LON1 / LON2 / DLON  
    -1                                                      EXPONENT            
                                                            END OF HEADER       
[from data line 3861]
    10                                                      START OF TEC MAP    
  2015     3    10    18     0     0                        EPOCH OF CURRENT MAP
    87.5-180.0 180.0   5.0 450.0                            LAT/LON1/LON2/DLON/H
  149  151  147  157  163  163  162  162  163  165  165  167  168  169  170  170
  171  171  171  171  170  169  168  167  166  164  162  160  157  155  152  150
  147  144  142  139  136  134  131  129  127  126  124  123  122  121  121  121
  121  122  123  124  125  126  127  129  130  132  134  135  137  138  140  141
  142  144  145  144  153  152  158  152  149                                   
    85.0-180.0 180.0   5.0 450.0                            LAT/LON1/LON2/DLON/H
  151  154  166  160  163  168  169  173  174  177  178  179  181  182  183  184
  185  185  185  185  185  184  182  181  179  177  174  172  169  165  162  159
  155  151  148  144  140  137  134  131  129  127  125  123  122  122  121  121
  122  123  124  125  127  128  130  132  134  136  138  140  142  143  145  147
  149  151  150  149  152  151  150  150  151                                   
    82.5-180.0 180.0   5.0 450.0                            LAT/LON1/LON2/DLON/H
  130  141  144  146  153  160  165  169  171  175  178  181  184  187  189  191
  193  194  195  196  196  195  194  193  191  188  185  182  178  173  169  164
  158  153  147  142  137  132  127  123  119  115  112  110  108  107  106  106
  106  107  108  110  112  114  116  118  120  122  124  126  128  129  131  132
  134  136  136  137  137  147  137  134  130                                   
    80.0-180.0 180.0   5.0 450.0                            LAT/LON1/LON2/DLON/H
  109  118  124  128  134  139  146  154  160  165  170  175  179  183  187  190
  192  194  195  196  196  195  194  193  190  187  184  180  175  170  164  158
  151  144  137  130  124  117  111  106  101   97   94   91   89   88   87   88
   88   90   92   94   96   99  102  104  107  109  111  113  115  116  117  118
  120  121  121  122  116  120  114  119  109                                   
    77.5-180.0 180.0   5.0 450.0                            LAT/LON1/LON2/DLON/H
  100  102  106  109  117  124  132  140  148  155  162  169  175  181  186  191
  195  198  201  203  204  204  204  203  201  198  195  191  186  180  174  167
  160  152  144  136  128  121  114  107  102   96   92   89   86   84   83   83
   84   85   87   89   91   94   96   98  100  101  103  104  104  104  105  105
  105  105  106  106  102  101   99  107  100                                   
    75.0-180.0 180.0   5.0 450.0                            LAT/LON1/LON2/DLON/H
   84   88   89   94  103  110  118  128  138  148  156  164  172  179  186  191
  196  201  204  207  209  211  211  210  209  207  203  199  194  188  182  175
  167  159  150  141  133  125  118  111  104   99   94   91   88   86   85   84
   85   86   87   89   90   92   93   94   95   96   96   95   95   94   94   93
   92   92   93   91   88   87   86   82   84                                   
    72.5-180.0 180.0   5.0 450.0                            LAT/LON1/LON2/DLON/H
   76   82   84   92   98  107  117  127  138  148  158  168  177  185  193  200
  206  212  218  222  226  228  229  229  227  224  220  216  210  203  196  189
  180  171  162  153  144  136  128  121  114  108  103   99   95   93   91   90
   90   90   91   92   92   93   93   93   92   92   90   89   87   86   84   83
   81   81   81   80   79   80   81   82   76                                   
    70.0-180.0 180.0   5.0 450.0                            LAT/LON1/LON2/DLON/H
   74   82   84   92   99  108  118  129  141  152  163  173  183  191  199  207
  214  221  228  234  239  243  244  244  242  238  233  227  221  214  206  197
  188  179  169  159  150  141  133  126  120  114  109  104  100   97   94   92
   92   91   91   90   90   89   88   87   86   84   82   81   78   76   74   73
   71   70   72   72   74   76   82   81   74                                   
    67.5-180.0 180.0   5.0 450.0                            LAT/LON1/LON2/DLON/H
   77   87   91  101  109  119  130  142  153  165  176  186  195  204  212  220
  229  238  246  254  260  265  266  265  262  257  251  243  236  227  218  209
  199  188  177  166  156  146  138  131  124  118  112  107  102   98   94   92
   90   89   88   87   86   84   83   82   80   79   77   76   74   71   69   67
   66   66   67   67   70   75   81   83   77                                   
    65.0-180.0 180.0   5.0 450.0                            LAT/LON1/LON2/DLON/H
   76   89   94  106  115  125  137  150  162  174  184  194  202  210  218  227
  237  247  258  267  275  280  282  280  276  270  262  254  246  237  228  217
  206  194  181  169  157  147  138  130  123  116  110  104   98   92   87   84
   81   79   77   75   74   72   70   69   68   67   67   66   64   62   60   58
   57   57   59   60   65   72   81   85   76                                   
    62.5-180.0 180.0   5.0 450.0                            LAT/LON1/LON2/DLON/H
   75   88   96  110  121  133  146  159  170  182  192  201  208  216  224  233
  244  256  269  280  289  294  295  293  287  280  272  264  256  248  238  227
  215  201  187  172  158  146  136  127  120  112  105   98   90   83   77   72
   68   66   64   62   61   59   58   58   58   59   60   60   59   57   55   53
   50   50   52   53   58   65   74   79   75                                   
    60.0-180.0 180.0   5.0 450.0                            LAT/LON1/LON2/DLON/H
   70   84   93  109  121  134  149  162  174  185  195  203  209  216  225  235
  247  261  275  287  297  301  302  299  293  286  279  272  266  259  250  240
  226  211  194  178  162  148  137  127  118  110  102   93   84   75   68   62
   58   55   54   52   51   51   51   51   53   55   57   58   58   56   53   50
   47   45   46   46   50   58   66   73   70                                   
    57.5-180.0 180.0   5.0 450.0                            LAT/LON1/LON2/DLON/H
   65   78   88  106  121  135  150  164  176  187  195  202  209  215  224  235
  249  264  279  292  301  305  304  301  295  289  285  281  277  272  265  255
  241  225  206  188  171  155  142  132  122  113  104   94   84   74   65   59
   54   52   51   51   50   50   51   53   55   59   62   64   64   62   58   54
   49   46   45   44   47   52   58   66   65                                   
    55.0-180.0 180.0   5.0 450.0                            LAT/LON1/LON2/DLON/H
   63   74   86  104  122  137  153  167  179  189  196  203  208  215  224  236
  251  268  283  296  304  306  305  301  297  293  291  291  290  287  282  272
  258  240  221  201  183  167  153  142  132  123  113  103   91   80   71   65
   61   59   59   59   59   60   61   63   66   70   74   76   76   74   70   64
   58   53   51   49   49   51   54   62   63                                   
    52.5-180.0 180.0   5.0 450.0                            LAT/LON1/LON2/DLON/H
   67   76   89  107  127  143  160  174  185  194  201  206  212  218  227  240
  256  273  289  300  307  308  306  302  300  299  300  302  304  303  298  288
  273  255  235  215  197  181  168  157  147  138  128  117  106   95   86   80
   76   75   76   77   77   78   79   81   84   88   91   93   93   91   86   80
   72   68   65   61   60   59   58   64   67                                   
    50.0-180.0 180.0   5.0 450.0                            LAT/LON1/LON2/DLON/H
   78   85   99  116  138  156  173  187  198  206  212  217  221  227  237  250
  266  283  298  308  313  313  311  309  308  309  313  317  318  316  310  298
  282  264  245  226  210  195  182  171  162  153  144  134  124  114  105  100
   98   97   98   99  100  100  101  102  104  107  109  111  111  108  104   98
   91   87   84   81   78   74   70   74   78                                   
    47.5-180.0 180.0   5.0 450.0                            LAT/LON1/LON2/DLON/H
   96  101  114  131  154  173  190  204  215  224  230  234  238  243  252  265
  281  297  311  320  324  324  322  321  322  324  328  331  330  324  314  299
  282  264  247  231  216  203  192  181  172  164  156  148  139  131  124  120
  118  118  118  119  118  118  118  118  119  120  122  123  124  122  119  115
  110  107  105  103  101   95   89   90   96                                   
    45.0-180.0 180.0   5.0 450.0                            LAT/LON1/LON2/DLON/H
  116  120  132  149  172  192  210  224  236  246  253  257  260  265  273  285
  299  314  328  336  340  341  339  339  340  343  344  342  335  324  309  292
  275  258  243  230  217  206  195  185  176  168  161  154  147  141  135  132
  131  130  129  128  126  124  123  123  123  124  125  127  128  129  129  128
  124  124  123  124  123  117  110  112  116                                   
    42.5-180.0 180.0   5.0 450.0                            LAT/LON1/LON2/DLON/H
  135  138  148  167  190  210  228  242  257  269  277  283  286  290  296  306
  320  334  346  355  360  362  361  361  361  361  357  348  335  318  299  282
  266  252  240  229  218  207  196  185  175  167  160  154  148  143  139  136
  134  131  128  124  121  118  116  115  115  115  117  120  124  128  131  133
  132  135  135  138  140  134  128  132  135                                   
    40.0-180.0 180.0   5.0 450.0                            LAT/LON1/LON2/DLON/H
  147  150  160  180  204  223  242  258  274  290  301  308  312  316  321  329
  340  354  366  377  383  386  386  385  382  376  366  351  332  313  296  282
  270  260  250  240  228  216  202  188  176  166  158  152  145  140  137  133
  130  125  119  113  108  105  102  101  101  101  103  107  113  119  126  131
  133  137  139  142  145  141  136  145  147                                   
    37.5-180.0 180.0   5.0 450.0                            LAT/LON1/LON2/DLON/H
  150  154  164  187  211  230  250  268  288  306  321  331  337  340  344  351
  361  373  387  398  407  411  410  406  399  388  374  356  337  321  309  302
  297  291  282  270  255  238  220  202  187  174  164  155  147  141  137  133
  127  120  111  103   97   93   91   90   89   90   92   97  103  111  119  125
  128  132  134  137  140  137  133  145  150                                   
    35.0-180.0 180.0   5.0 450.0                            LAT/LON1/LON2/DLON/H
  145  150  163  186  212  230  253  273  296  318  336  350  358  362  366  372
  380  392  406  420  430  434  431  423  413  400  384  369  356  350  350  354
  356  353  342  324  303  280  255  233  213  197  183  171  161  153  148  143
  136  126  115  105   99   95   93   92   91   91   93   97  103  111  118  123
  124  126  126  126  128  125  120  135  145                                   
    32.5-180.0 180.0   5.0 450.0                            LAT/LON1/LON2/DLON/H
  137  143  159  183  210  227  252  274  300  325  347  364  374  381  385  390
  398  410  425  440  450  453  448  438  426  414  405  399  399  407  423  439
  449  445  429  402  371  339  309  281  258  238  220  205  192  182  176  170
  163  152  140  129  122  118  115  113  112  111  112  115  119  124  128  130
  128  128  124  120  117  112  105  121  137                                   
    30.0-180.0 180.0   5.0 450.0                            LAT/LON1/LON2/DLON/H
  132  138  156  181  208  225  252  275  303  330  354  373  387  396  402  408
  415  426  442  457  468  469  463  452  442  438  440  449  467  495  528  557
  572  565  537  497  453  412  375  344  317  295  275  256  240  229  223  219
  212  202  190  179  172  167  164  159  155  152  151  151  152  153  153  150
  144  140  131  123  116  106   94  110  132                                   
    27.5-180.0 180.0   5.0 450.0                            LAT/LON1/LON2/DLON/H
  134  140  158  184  212  229  257  280  308  335  360  381  397  409  417  423
  431  442  457  473  483  484  477  469  466  473  491  520  559  607  656  695
  710  694  651  595  538  488  445  411  384  360  339  318  301  290  286  285
  281  274  264  255  249  243  237  228  219  211  206  202  198  192  187  179
  170  163  150  137  126  110   92  106  134                                   
    25.0-180.0 180.0   5.0 450.0                            LAT/LON1/LON2/DLON/H
  145  150  166  193  222  240  269  291  318  344  368  389  406  420  430  437
  445  457  472  487  497  498  494  492  500  522  559  608  666  728  786  826
  834  806  749  679  611  552  505  470  442  420  398  378  361  352  351  355
  358  357  352  346  341  334  323  309  294  281  271  261  250  237  224  211
  198  189  174  160  145  124   99  110  145                                   
    22.5-180.0 180.0   5.0 450.0                            LAT/LON1/LON2/DLON/H
  164  166  179  208  237  257  286  307  333  357  379  398  416  431  443  452
  461  472  487  502  512  515  516  523  544  583  638  702  770  836  890  922
  919  880  813  734  658  594  543  506  479  458  438  418  404  398  403  414
  424  430  432  430  427  418  402  382  361  343  329  316  299  279  259  239
  223  214  197  183  166  141  113  121  164                                   
    20.0-180.0 180.0   5.0 450.0                            LAT/LON1/LON2/DLON/H
  184  183  193  224  254  276  305  326  351  373  392  411  428  444  458  468
  478  490  504  519  531  538  545  563  598  652  718  788  853  909  951  968
  953  905  833  751  673  606  554  515  487  465  446  429  417  417  428  446
  465  477  484  487  484  472  453  427  403  383  367  352  333  309  284  260
  242  231  215  201  183  157  128  135  184                                   
    17.5-180.0 180.0   5.0 450.0                            LAT/LON1/LON2/DLON/H
  200  196  206  237  268  292  321  344  368  390  408  427  444  461  476  488
  499  512  527  542  556  568  584  612  658  720  788  850  901  939  961  961
  935  882  810  733  660  596  543  501  469  445  426  411  403  407  424  448
  472  489  499  503  501  488  466  439  413  394  379  365  346  321  295  269
  250  239  223  210  192  166  139  146  200                                   
    15.0-180.0 180.0   5.0 450.0                            LAT/LON1/LON2/DLON/H
  205  200  211  243  275  301  332  356  382  405  425  444  463  481  498  513
  526  540  556  573  589  606  630  666  718  779  838  883  911  924  924  908
  873  822  759  694  632  574  520  473  436  409  389  375  370  378  398  424
  448  466  476  481  479  467  446  420  397  380  369  358  341  318  292  266
  247  237  220  209  192  168  143  150  205                                   
    12.5-180.0 180.0   5.0 450.0                            LAT/LON1/LON2/DLON/H
  200  195  209  241  273  302  335  362  392  418  441  463  484  505  525  542
  558  573  591  609  628  651  680  719  770  823  865  886  887  875  856  829
  793  750  702  653  604  553  499  448  406  374  352  338  335  344  363  387
  408  422  430  433  431  421  404  383  365  352  345  337  323  303  280  255
  236  226  210  197  183  163  138  147  200                                   
    10.0-180.0 180.0   5.0 450.0                            LAT/LON1/LON2/DLON/H
  187  184  200  233  266  297  333  364  397  428  456  482  506  531  554  574
  593  611  629  649  671  696  728  767  811  850  869  864  842  812  782  752
  723  691  659  627  591  546  493  439  392  356  331  316  312  319  335  353
  369  377  382  383  380  372  359  344  331  323  318  312  302  285  265  242
  223  212  196  182  170  154  128  139  187                                   
     7.5-180.0 180.0   5.0 450.0                            LAT/LON1/LON2/DLON/H
  171  172  190  224  257  291  329  363  401  436  469  500  529  557  583  607
  628  648  668  690  713  740  772  808  841  861  858  832  795  757  726  701
