data/edconvlstm_nd/pred1860.15i
     1.0            IONOSPHERE MAPS     GNSS                IONEX VERSION / TYPE
pyspatialgeodesy        IME             05-JAN-18 20:20     PGM / RUN BY / DATE 
Map Name                                                    COMMENT             
Predicted global ionosphere maps (GIM).                     DESCRIPTION         
  2015     7     5     0     0     0                        EPOCH OF FIRST MAP  
  2015     7     6     0     0     0                        EPOCH OF LAST MAP   
  7200                                                      INTERVAL            
    13                                                      # OF MAPS IN FILE   
  NONE                                                      MAPPING FUNCTION    
10.0                                                        ELEVATION CUTOFF    
One-way carrier phase leveled to code                       OBSERVABLES USED    
  6371.0                                                    BASE RADIUS         
 2                                                          MAP DIMENSION       
   450.0 450.0   0.0                                        HGT1 / HGT2 / DHGT  
    87.5 -87.5  -2.5                                        LAT1 / LAT2 / DLAT  
  -180.0 180.0   5.0                                        LON1 / LON2 / DLON  
    -1                                                      EXPONENT            
                                                            END OF HEADER       
[from data line 3432]
     9                                                      START OF TEC MAP    
  2015     7     5    16     0     0                        EPOCH OF CURRENT MAP
    87.5-180.0 180.0   5.0 450.0                            LAT/LON1/LON2/DLON/H
  181  174  163  169  170  171  170  169  169  170  169  169  168  168  167  167
  166  166  165  165  165  165  164  164  165  165  165  165  166  166  167  167
  168  169  169  170  171  172  172  173  174  174  175  175  176  176  177  177
  177  177  177  176  176  176  175  175  174  174  173  173  172  171  171  170
  169  169  167  167  173  172  174  176  181                                   
    85.0-180.0 180.0   5.0 450.0                            LAT/LON1/LON2/DLON/H
  168  165  171  168  167  172  172  173  174  174  173  173  172  171  171  170
  169  168  168  167  167  166  166  166  167  167  167  168  168  169  170  170
  171  172  173  174  175  176  177  178  179  180  181  181  182  182  182  182
  182  182  181  181  180  180  179  178  177  176  176  175  174  173  172  171
  171  170  167  166  167  159  162  168  168                                   
    82.5-180.0 180.0   5.0 450.0                            LAT/LON1/LON2/DLON/H
  152  158  160  159  160  167  169  171  171  171  171  170  169  168  166  165
  163  162  161  160  159  159  159  159  160  160  161  161  162  163  163  164
  165  166  167  168  170  171  173  174  176  177  178  179  180  180  180  181
  180  180  180  179  178  178  176  175  174  173  171  169  168  166  165  163
  162  160  157  160  157  159  154  146  152                                   
    80.0-180.0 180.0   5.0 450.0                            LAT/LON1/LON2/DLON/H
  152  157  162  163  164  169  172  176  177  177  176  176  174  172  169  167
  165  162  161  160  159  159  159  160  160  161  162  162  163  164  164  165
  165  166  168  169  171  173  174  176  178  180  181  182  183  184  184  184
  184  184  183  183  182  181  179  178  176  174  172  170  168  166  164  162
  161  159  156  158  154  146  146  142  152                                   
    77.5-180.0 180.0   5.0 450.0                            LAT/LON1/LON2/DLON/H
  159  160  166  169  171  177  180  183  184  185  183  182  180  177  174  170
  167  165  163  162  162  162  163  165  166  167  168  169  170  170  170  170
  170  170  171  173  174  176  178  180  182  183  185  186  186  187  187  187
  187  187  186  186  185  184  183  181  179  177  175  172  170  167  165  163
  160  158  156  157  159  148  147  149  159                                   
    75.0-180.0 180.0   5.0 450.0                            LAT/LON1/LON2/DLON/H
  164  169  173  177  179  187  189  192  194  195  193  191  188  184  180  176
  172  169  167  167  167  169  171  173  176  178  179  180  180  180  179  179
  178  178  178  179  180  181  183  185  186  188  189  189  189  189  189  189
  189  189  189  189  189  189  188  186  185  183  180  178  176  174  172  170
  167  166  164  162  163  155  155  149  164                                   
    72.5-180.0 180.0   5.0 450.0                            LAT/LON1/LON2/DLON/H
  167  175  179  186  186  194  198  201  201  202  199  197  193  188  183  178
  174  171  170  170  172  175  178  182  186  188  190  191  191  190  188  187
  185  184  183  183  184  185  186  187  188  188  188  188  188  187  186  186
  187  187  188  189  189  189  189  188  187  185  184  182  180  178  177  175
  173  171  170  168  167  161  163  161  167                                   
    70.0-180.0 180.0   5.0 450.0                            LAT/LON1/LON2/DLON/H
  174  182  187  192  191  199  202  205  206  206  203  200  196  191  185  180
  176  174  173  174  177  181  186  191  195  198  200  201  200  198  196  194
  191  189  188  187  187  187  188  189  189  189  188  186  185  183  183  183
  183  184  186  187  188  189  189  189  188  187  186  186  185  184  184  183
  181  179  179  176  176  171  174  171  174                                   
    67.5-180.0 180.0   5.0 450.0                            LAT/LON1/LON2/DLON/H
  180  189  195  200  200  206  209  212  212  212  209  206  202  197  191  186
  183  181  181  183  187  192  198  203  208  211  212  212  211  209  207  204
  201  198  196  195  194  194  194  195  194  193  191  189  186  184  183  183
  184  186  188  190  192  193  193  193  193  192  192  192  192  192  192  192
  191  190  189  186  183  179  182  180  180                                   
    65.0-180.0 180.0   5.0 450.0                            LAT/LON1/LON2/DLON/H
  184  193  199  203  202  208  210  212  213  213  211  208  204  199  194  190
  187  185  186  189  194  199  205  211  215  218  219  219  217  215  213  210
  207  205  202  200  199  199  199  198  198  196  194  191  187  185  183  183
  184  187  190  192  194  195  195  195  195  194  195  195  196  197  197  197
  196  195  194  192  190  186  190  188  184                                   
    62.5-180.0 180.0   5.0 450.0                            LAT/LON1/LON2/DLON/H
  185  194  200  204  203  208  210  212  212  213  211  209  206  203  199  195
  193  192  193  196  200  206  211  216  220  222  223  222  221  220  218  216
  214  211  209  207  205  204  204  204  203  202  199  195  191  188  186  186
  188  191  194  197  198  199  198  197  197  196  196  197  198  198  199  198
  196  195  194  192  190  186  190  190  185                                   
    60.0-180.0 180.0   5.0 450.0                            LAT/LON1/LON2/DLON/H
  184  192  197  202  201  206  208  210  210  211  210  209  207  205  203  200
  199  198  199  202  206  210  215  218  221  222  223  223  222  222  221  220
  219  217  215  213  211  210  210  210  210  208  205  201  197  194  192  192
  194  197  200  202  203  203  201  199  198  197  196  196  197  196  196  194
  191  189  188  186  184  181  187  187  184                                   
    57.5-180.0 180.0   5.0 450.0                            LAT/LON1/LON2/DLON/H
  179  186  193  198  198  204  207  208  209  209  209  209  209  208  208  207
  206  205  206  207  209  212  215  218  220  221  221  221  222  223  224  225
  226  225  223  221  219  218  218  218  218  217  215  211  206  203  201  201
  202  205  207  209  209  207  205  202  199  197  196  195  194  192  190  186
  182  179  177  175  173  172  178  180  179                                   
    55.0-180.0 180.0   5.0 450.0                            LAT/LON1/LON2/DLON/H
  172  179  187  194  196  203  207  209  210  210  210  211  212  213  213  214
  213  213  212  212  212  213  215  216  217  218  219  220  222  225  228  231
  233  233  232  230  228  227  227  228  228  228  225  221  217  213  211  210
  211  213  215  215  214  211  208  204  200  197  194  192  189  186  182  177
  171  166  164  162  160  160  167  169  172                                   
    52.5-180.0 180.0   5.0 450.0                            LAT/LON1/LON2/DLON/H
  163  171  180  190  194  204  209  212  213  214  214  215  217  218  220  222
  222  221  219  217  215  214  213  214  214  216  218  220  224  228  233  237
  240  242  242  241  239  238  238  239  240  239  237  233  228  224  222  220
  220  221  221  220  218  215  210  206  201  197  193  190  185  180  174  168
  161  155  152  149  148  148  155  158  163                                   
    50.0-180.0 180.0   5.0 450.0                            LAT/LON1/LON2/DLON/H
  154  164  174  186  194  206  214  219  221  223  223  224  225  227  230  232
  232  231  227  223  219  215  213  213  214  216  220  224  229  234  240  246
  250  253  254  254  253  253  253  253  254  253  250  246  241  236  233  231
  229  228  227  224  221  217  213  208  204  199  194  189  183  176  169  162
  154  148  144  141  139  140  146  149  154                                   
    47.5-180.0 180.0   5.0 450.0                            LAT/LON1/LON2/DLON/H
  146  156  168  182  193  208  219  227  232  235  236  237  238  239  242  244
  244  242  237  231  225  219  216  215  217  221  226  232  238  244  250  256
  262  267  269  271  271  271  271  271  270  268  265  260  255  249  245  241
  238  235  232  228  224  220  216  212  207  202  196  190  183  176  168  161
  153  146  142  138  136  136  140  143  146                                   
    45.0-180.0 180.0   5.0 450.0                            LAT/LON1/LON2/DLON/H
  138  149  161  177  191  209  224  235  244  249  252  253  254  255  256  258
  258  255  249  241  233  226  222  222  225  230  237  244  251  257  264  271
  278  284  289  292  294  294  294  293  291  287  283  277  270  264  259  253
  248  243  238  233  228  224  220  216  212  207  200  194  186  179  172  165
  157  151  145  141  137  136  138  139  138                                   
    42.5-180.0 180.0   5.0 450.0                            LAT/LON1/LON2/DLON/H
  130  142  153  169  186  206  226  241  254  263  268  271  271  272  272  273
  273  269  262  253  244  236  232  232  237  244  253  261  268  275  281  289
  297  306  313  319  323  324  323  320  316  310  304  297  289  282  275  268
  260  253  246  239  234  230  226  223  219  213  207  200  193  185  179  173
  165  159  153  148  142  139  139  139  130                                   
    40.0-180.0 180.0   5.0 450.0                            LAT/LON1/LON2/DLON/H
  124  134  144  160  177  200  223  243  261  275  283  287  289  288  288  288
  287  283  276  266  256  248  244  245  251  260  271  280  289  296  303  312
  322  333  344  352  357  359  357  352  346  338  329  320  311  303  294  285
  275  265  256  248  241  237  234  230  226  221  215  208  201  194  189  183
  176  170  163  157  148  143  141  139  124                                   
    37.5-180.0 180.0   5.0 450.0                            LAT/LON1/LON2/DLON/H
  119  127  134  148  166  189  215  240  263  281  294  300  303  303  302  301
  299  295  287  278  268  261  258  260  267  278  290  301  311  319  328  338
  351  365  379  389  396  397  394  388  379  368  357  347  336  326  315  303
  291  279  267  258  250  245  241  238  234  229  223  217  210  204  198  193
  186  179  172  165  154  147  143  140  119                                   
    35.0-180.0 180.0   5.0 450.0                            LAT/LON1/LON2/DLON/H
  116  121  125  137  153  176  204  232  259  282  298  308  312  312  311  310
  307  303  296  288  280  273  271  274  283  296  310  322  333  344  355  368
  384  401  417  428  435  436  431  423  411  399  386  374  362  350  336  322
  307  292  279  268  259  253  248  244  240  235  229  224  218  212  207  201
  193  186  178  170  158  149  145  141  116                                   
    32.5-180.0 180.0   5.0 450.0                            LAT/LON1/LON2/DLON/H
  116  118  119  128  142  164  191  220  251  277  297  309  315  316  315  314
  311  307  302  295  289  284  283  288  298  312  328  342  356  368  383  400
  419  438  454  465  470  469  463  453  440  426  413  399  385  371  355  338
  320  303  288  275  265  258  251  246  241  237  232  227  222  217  211  205
  196  188  179  171  159  150  146  142  116                                   
    30.0-180.0 180.0   5.0 450.0                            LAT/LON1/LON2/DLON/H
  119  118  116  122  134  154  181  209  240  267  289  304  311  314  314  313
  311  308  305  300  296  293  294  300  311  327  344  361  376  392  410  430
  451  471  486  494  496  492  484  473  460  446  432  418  403  387  368  349
  329  309  293  278  267  257  249  243  238  233  230  226  222  216  210  203
  193  185  175  168  158  150  147  143  119                                   
    27.5-180.0 180.0   5.0 450.0                            LAT/LON1/LON2/DLON/H
  124  122  118  122  131  149  173  199  229  256  278  294  303  308  309  309
  308  306  305  303  301  300  303  310  323  339  358  377  395  413  433  455
  477  495  506  510  507  500  490  479  467  455  442  428  412  394  374  352
  329  309  290  275  262  251  242  234  228  224  221  218  215  209  203  195
  186  178  168  162  154  149  147  143  124                                   
    25.0-180.0 180.0   5.0 450.0                            LAT/LON1/LON2/DLON/H
  131  128  123  126  134  149  171  193  220  244  265  281  293  299  302  303
  304  304  304  305  306  307  312  320  333  351  371  390  410  429  450  472
  492  506  511  509  502  491  480  470  460  450  439  426  411  392  370  346
  323  301  282  265  251  239  229  220  214  210  207  205  202  197  191  183
  174  167  159  154  150  147  146  144  131                                   
    22.5-180.0 180.0   5.0 450.0                            LAT/LON1/LON2/DLON/H
  137  136  130  133  140  154  172  191  213  234  253  269  281  290  295  298
  301  303  305  308  311  314  320  329  344  362  381  401  421  440  459  478
  494  502  501  493  481  468  457  449  442  435  427  415  400  381  358  334
  310  287  268  251  236  224  213  205  198  193  191  188  185  180  174  167
  160  155  149  146  144  145  144  144  137                                   
    20.0-180.0 180.0   5.0 450.0                            LAT/LON1/LON2/DLON/H
  140  141  136  140  148  159  175  190  209  226  243  258  271  282  290  295
  300  304  308  312  317  322  328  339  353  371  391  410  427  444  460  474
  484  486  480  467  452  438  428  421  418  414  408  398  383  364  341  317
  293  271  251  234  220  208  199  191  184  179  175  171  167  162  156  151
  145  142  138  138  139  141  141  142  140                                   
    17.5-180.0 180.0   5.0 450.0                            LAT/LON1/LON2/DLON/H
  138  141  139  144  152  162  177  189  205  220  234  249  264  276  287  294
  301  307  313  318  324  330  337  348  363  381  399  416  430  443  455  464
  467  464  453  437  420  407  398  395  393  392  387  378  364  345  323  300
  277  255  236  219  206  196  188  181  174  168  163  157  151  145  140  135
  131  130  129  130  132  135  135  137  138                                   
    15.0-180.0 180.0   5.0 450.0                            LAT/LON1/LON2/DLON/H
  131  136  135  142  150  160  175  187  201  214  228  243  258  272  285  295
  304  311  318  325  331  337  346  358  372  389  405  420  431  440  447  450
  449  441  427  410  394  383  376  374  374  374  370  361  347  328  307  285
  263  242  223  207  195  187  181  176  170  163  155  148  140  133  127  123
  120  120  120  122  125  128  126  129  131                                   
    12.5-180.0 180.0   5.0 450.0                            LAT/LON1/LON2/DLON/H
  120  126  126  133  142  152  167  180  195  209  223  238  254  269  283  295
  305  314  322  329  336  344  354  366  381  396  411  423  431  436  439  438
  433  423  408  392  379  369  365  364  365  364  359  349  335  316  296  275
  253  232  213  198  187  181  178  175  170  163  153  143  134  126  120  115
  112  113  113  115  117  118  115  119  120                                   
    10.0-180.0 180.0   5.0 450.0                            LAT/LON1/LON2/DLON/H
  107  113  113  120  128  138  155  170  187  202  218  234  250  266  281  294
  305  315  324  331  339  349  360  373  387  401  414  424  431  433  433  430
  423  412  399  386  375  368  366  365  365  362  355  344  328  310  290  269
  248  226  207  192  182  178  178  177  173  165  155  143  133  124  117  111
  107  107  106  107  109  108  104  107  107                                   
     7.5-180.0 180.0   5.0 450.0                            LAT/LON1/LON2/DLON/H
   95  100  100  106  113  123  140  157  177  196  213  230  247  262  277  290
  302  312  322  330  340  351  363  377  391  404  415  424  430  432  430  426
