data/edconvlstm_nd/pred0090.15i
     1.0            IONOSPHERE MAPS     GNSS                IONEX VERSION / TYPE
pyspatialgeodesy        IME             05-JAN-18 20:20     PGM / RUN BY / DATE 
Map Name                                                    COMMENT             
Predicted global ionosphere maps (GIM).                     DESCRIPTION         
  2015     1     9     0     0     0                        EPOCH OF FIRST MAP  
  2015     1    10     0     0     0                        EPOCH OF LAST MAP   
  7200                                                      INTERVAL            
    13                                                      # OF MAPS IN FILE   
  NONE                                                      MAPPING FUNCTION    
10.0                                                        ELEVATION CUTOFF    
One-way carrier phase leveled to code                       OBSERVABLES USED    
  6371.0                                                    BASE RADIUS         
 2                                                          MAP DIMENSION       
   450.0 450.0   0.0                                        HGT1 / HGT2 / DHGT  
    87.5 -87.5  -2.5                                        LAT1 / LAT2 / DLAT  
  -180.0 180.0   5.0                                        LON1 / LON2 / DLON  
    -1                                                      EXPONENT            
                                                            END OF HEADER       
[from data line 3861]
    10                                                      START OF TEC MAP    
  2015     1     9    18     0     0                        EPOCH OF CURRENT MAP
    87.5-180.0 180.0   5.0 450.0                            LAT/LON1/LON2/DLON/H
   90   91   86   91   95   93   93   90   91   93   93   94   94   95   96   97
   97   98   98   98   98   98   98   98   98   97   97   97   97   96   96   96
   96   96   96   96   96   95   95   95   95   95   94   94   94   93   93   93
   92   92   92   91   91   91   90   90   90   89   89   88   88   88   87   87
   87   87   84   81   86   85  100  100   90                                   
    85.0-180.0 180.0   5.0 450.0                            LAT/LON1/LON2/DLON/H
   94   90  100   84   84   88   87   89   90   92   92   93   94   95   96   97
   97   98   99   99  100  100  100  100  100   99   99   99   98   98   98   98
   98   98   98   98   98   97   97   97   96   96   95   95   94   93   92   92
   91   90   90   89   88   88   88   87   87   87   86   86   86   85   85   85
   85   84   80   76   78   80   87   86   94                                   
    82.5-180.0 180.0   5.0 450.0                            LAT/LON1/LON2/DLON/H
   75   77   79   73   76   80   82   83   84   86   87   89   90   92   93   95
   96   97   98   98   98   98   98   97   96   95   94   93   92   92   91   91
   91   91   91   91   91   91   91   90   90   89   88   87   86   85   83   82
   81   80   79   79   78   78   77   77   77   77   76   76   76   76   76   75
   76   74   71   69   73   82   76   75   75                                   
    80.0-180.0 180.0   5.0 450.0                            LAT/LON1/LON2/DLON/H
   57   60   68   64   65   65   71   73   76   78   80   82   84   86   88   90
   92   93   94   94   94   94   92   91   89   87   85   83   81   80   80   80
   80   80   80   81   81   82   82   81   81   80   79   78   76   75   73   72
   71   70   69   68   68   68   68   68   68   68   68   68   68   68   68   67
   67   67   65   64   62   67   63   69   57                                   
    77.5-180.0 180.0   5.0 450.0                            LAT/LON1/LON2/DLON/H
   60   60   62   60   64   65   70   73   76   78   80   84   87   90   93   95
   98  100  102  102  102  101   98   95   92   88   84   80   78   76   74   74
   74   74   75   76   77   78   78   78   77   76   75   73   71   70   68   67
   66   65   65   64   65   65   65   66   66   66   67   67   67   67   67   66
   65   64   63   63   61   60   61   64   60                                   
    75.0-180.0 180.0   5.0 450.0                            LAT/LON1/LON2/DLON/H
   51   56   58   58   62   66   70   73   77   81   84   88   91   96  100  104
  108  111  114  115  115  113  109  105   99   93   86   80   76   72   69   68
   68   68   69   71   72   73   74   74   74   73   71   70   68   66   65   64
   64   64   64   65   65   66   67   68   69   70   71   71   72   72   72   71
   70   69   67   63   62   59   58   51   51                                   
    72.5-180.0 180.0   5.0 450.0                            LAT/LON1/LON2/DLON/H
   55   59   59   64   66   71   77   81   84   88   92   96  101  107  113  119
  126  131  135  138  138  135  131  123  114  105   95   85   77   71   66   63
   62   62   62   64   65   66   67   67   67   66   65   63   61   60   59   59
   59   60   62   63   65   66   68   69   70   71   71   72   72   72   72   71
   70   68   66   61   59   58   59   55   55                                   
    70.0-180.0 180.0   5.0 450.0                            LAT/LON1/LON2/DLON/H
   55   59   60   65   68   73   78   84   88   94   99  105  111  119  127  136
  145  154  161  166  168  166  161  152  141  128  114  101   89   79   72   66
   63   61   60   60   61   62   62   62   62   61   60   59   57   57   56   57
   58   60   62   65   67   69   71   72   73   73   74   75   75   75   75   74
   73   70   69   64   62   60   64   59   55                                   
    67.5-180.0 180.0   5.0 450.0                            LAT/LON1/LON2/DLON/H
   59   62   62   68   72   78   85   92   97  103  110  117  125  135  146  158
  170  182  192  200  203  202  197  187  174  158  141  123  108   94   83   75
   69   64   61   59   57   57   56   56   56   55   54   54   53   53   53   54
   56   59   62   66   68   71   72   73   73   73   73   74   74   74   74   74
   72   70   67   62   60   60   61   58   59                                   
    65.0-180.0 180.0   5.0 450.0                            LAT/LON1/LON2/DLON/H
   58   60   60   66   70   77   84   93  100  109  116  126  136  148  161  177
  193  208  222  232  238  240  236  227  213  195  176  156  136  120  105   93
   83   75   68   62   57   54   52   51   50   50   49   49   48   48   49   50
   53   56   59   63   66   68   69   70   70   70   69   70   70   71   71   71
   70   68   67   63   62   63   65   64   58                                   
    62.5-180.0 180.0   5.0 450.0                            LAT/LON1/LON2/DLON/H
   58   58   57   64   69   77   85   96  105  116  125  136  148  162  178  196
  215  233  249  261  269  273  270  262  248  230  209  188  167  148  131  115
  102   89   77   66   57   51   47   45   44   44   44   44   43   43   43   44
   46   49   53   56   59   61   63   63   63   62   62   62   63   64   64   65
   64   63   63   59   58   60   61   64   58                                   
    60.0-180.0 180.0   5.0 450.0                            LAT/LON1/LON2/DLON/H
   55   55   54   60   65   73   83   96  109  122  134  147  161  176  193  213
  233  253  270  283  293  297  296  289  277  260  241  220  199  179  161  143
  126  108   91   75   62   51   45   41   40   40   41   40   39   39   38   38
   39   41   44   47   50   52   54   54   54   53   53   53   54   56   57   58
   59   58   58   55   55   58   60   65   55                                   
    57.5-180.0 180.0   5.0 450.0                            LAT/LON1/LON2/DLON/H
   53   52   51   57   64   72   85  101  117  133  148  162  176  191  209  229
  249  268  285  298  307  311  311  306  297  283  266  247  228  210  191  173
  153  132  110   89   71   57   48   43   42   42   42   41   40   38   36   35
   35   36   38   40   43   45   46   47   47   46   46   47   48   50   52   54
   55   56   56   54   54   56   59   66   53                                   
    55.0-180.0 180.0   5.0 450.0                            LAT/LON1/LON2/DLON/H
   54   53   52   58   65   75   90  109  129  148  164  179  194  209  226  244
  263  280  294  304  311  315  315  313  307  297  284  268  252  235  218  200
  179  156  130  105   83   67   56   50   47   47   46   45   43   40   37   35
   34   34   35   36   38   40   42   43   43   43   42   43   45   47   50   53
   55   56   57   56   55   58   61   69   54                                   
    52.5-180.0 180.0   5.0 450.0                            LAT/LON1/LON2/DLON/H
   56   56   56   62   70   82  100  122  144  166  184  199  213  226  241  258
  273  287  297  303  307  310  312  312  310  304  295  282  269  254  239  222
  201  177  150  123   99   81   68   60   57   55   54   52   50   46   43   40
   37   36   36   37   39   41   42   43   43   43   43   43   45   48   51   55
   57   60   62   61   60   63   66   74   56                                   
    50.0-180.0 180.0   5.0 450.0                            LAT/LON1/LON2/DLON/H
   63   63   64   71   80   94  114  138  163  186  205  220  233  245  257  271
  283  292  297  299  300  302  305  308  310  308  302  292  280  266  252  236
  217  193  167  140  116   97   83   74   69   66   64   61   58   55   52   49
   46   44   44   44   45   46   48   49   49   48   47   47   48   51   55   60
   63   66   69   69   68   70   73   79   63                                   
    47.5-180.0 180.0   5.0 450.0                            LAT/LON1/LON2/DLON/H
   71   71   73   82   94  110  132  158  183  207  226  241  252  263  273  283
  291  296  297  295  294  295  299  306  311  313  308  299  286  273  259  243
  225  203  179  154  132  114   99   89   82   77   73   70   67   65   62   60
   58   56   55   55   56   57   58   58   58   56   54   53   54   56   61   66
   70   74   77   78   76   77   80   83   71                                   
    45.0-180.0 180.0   5.0 450.0                            LAT/LON1/LON2/DLON/H
   79   79   83   94  109  127  151  177  203  227  246  260  271  280  288  295
  300  301  298  293  290  292  299  308  316  319  315  304  290  275  260  244
  226  206  184  163  144  127  113  102   92   85   80   77   75   73   72   71
   70   69   68   68   68   69   69   70   68   66   63   60   60   62   67   72
   76   80   83   84   83   83   84   87   79                                   
    42.5-180.0 180.0   5.0 450.0                            LAT/LON1/LON2/DLON/H
   86   85   91  105  123  143  168  194  219  243  262  277  288  296  302  307
  309  307  301  295  293  295  304  315  325  328  323  310  293  275  257  239
  221  203  185  168  152  138  125  112  100   91   84   81   79   79   80   80
   80   80   79   79   79   80   80   80   78   75   71   67   66   67   71   75
   79   83   85   87   87   85   85   89   86                                   
    40.0-180.0 180.0   5.0 450.0                            LAT/LON1/LON2/DLON/H
   90   88   97  114  135  157  182  207  231  255  274  290  302  310  316  318
  318  314  307  302  300  304  314  327  336  338  331  315  296  275  255  236
  218  201  186  172  160  148  135  121  107   95   87   83   82   83   84   85
   86   86   86   86   86   87   87   87   86   82   77   73   70   70   73   76
   79   82   84   85   85   83   82   88   90                                   
    37.5-180.0 180.0   5.0 450.0                            LAT/LON1/LON2/DLON/H
   91   89  100  120  144  167  192  216  240  263  283  300  313  323  328  329
  327  322  315  311  310  316  327  339  347  347  338  321  300  279  258  239
  222  206  193  182  172  160  146  130  114  101   92   87   85   86   87   88
   89   89   89   89   89   90   91   91   90   87   82   77   74   72   73   75
   76   78   79   80   79   77   75   85   91                                   
    35.0-180.0 180.0   5.0 450.0                            LAT/LON1/LON2/DLON/H
   91   89  103  126  152  175  201  223  246  268  289  308  323  333  338  339
  335  330  324  321  323  329  340  350  356  355  345  329  310  290  272  255
  239  225  213  202  191  178  162  144  127  112  101   95   93   92   91   91
   90   89   89   89   90   91   92   93   93   90   86   81   77   74   74   74
   73   73   73   73   72   69   68   81   91                                   
    32.5-180.0 180.0   5.0 450.0                            LAT/LON1/LON2/DLON/H
   93   92  106  132  160  183  209  231  253  274  296  315  331  342  348  347
  343  337  332  331  334  341  350  358  362  360  352  340  327  313  301  288
  276  263  250  236  222  205  186  165  146  130  118  111  106  103  100   97
   94   92   91   90   91   92   93   95   96   94   91   87   83   79   76   74
   72   71   70   69   67   63   63   77   93                                   
    30.0-180.0 180.0   5.0 450.0                            LAT/LON1/LON2/DLON/H
   97   97  112  139  168  192  219  240  262  283  304  324  340  351  356  355
  350  344  340  341  345  351  357  362  365  365  362  358  354  351  347  342
  333  321  305  286  265  242  218  195  174  157  144  135  128  121  115  110
  105  101   98   96   96   96   98  100  101  101   99   96   92   88   84   80
   76   74   73   71   68   63   64   77   97                                   
    27.5-180.0 180.0   5.0 450.0                            LAT/LON1/LON2/DLON/H
  105  106  120  149  180  205  233  255  277  297  317  335  350  361  365  363
  357  351  349  350  354  358  362  365  368  372  378  385  394  403  410  412
  407  394  373  346  317  286  257  231  209  192  178  167  157  148  139  131
  124  118  113  110  107  107  107  109  110  111  110  109  105  100   95   90
   85   83   81   78   75   70   71   81  105                                   
    25.0-180.0 180.0   5.0 450.0                            LAT/LON1/LON2/DLON/H
  116  117  132  162  195  222  252  275  297  316  334  350  364  373  376  373
  367  362  360  361  364  367  368  371  377  387  403  423  446  467  482  489
  485  469  443  409  371  333  300  272  250  232  217  204  192  181  171  161
  152  144  137  131  126  123  122  122  122  123  123  122  119  114  109  103
   97   96   93   90   87   82   83   89  116                                   
    22.5-180.0 180.0   5.0 450.0                            LAT/LON1/LON2/DLON/H
  128  129  146  177  214  243  277  301  324  342  358  372  383  390  391  388
  382  377  376  377  379  380  380  384  394  413  440  474  507  535  552  558
  552  533  503  463  419  377  341  312  289  271  255  241  228  216  205  195
  185  176  166  157  149  143  139  137  136  135  134  133  130  126  121  115
  110  110  106  104  100   95   95   99  128                                   
    20.0-180.0 180.0   5.0 450.0                            LAT/LON1/LON2/DLON/H
  138  140  159  192  233  266  303  330  354  373  389  401  409  414  415  411
  406  401  399  400  400  400  401  408  424  452  491  532  568  594  608  609
  600  579  546  503  457  413  375  346  323  304  287  272  259  248  238  229
  220  209  197  184  173  165  158  154  150  147  144  142  139  134  129  125
  121  122  119  117  111  106  105  108  138                                   
    17.5-180.0 180.0   5.0 450.0                            LAT/LON1/LON2/DLON/H
  144  148  170  205  251  287  328  357  385  406  423  435  443  448  448  445
  440  435  433  432  431  431  434  445  469  505  549  590  621  638  644  640
  628  605  570  527  481  437  400  370  347  326  308  293  281  272  265  259
  250  239  225  210  197  186  177  170  164  159  154  149  145  140  135  131
  128  131  128  127  119  113  110  115  144                                   
    15.0-180.0 180.0   5.0 450.0                            LAT/LON1/LON2/DLON/H
  145  153  179  216  265  305  349  382  413  438  459  474  484  490  492  490
  486  481  477  474  472  473  479  496  526  565  605  638  657  664  661  651
  635  611  577  536  491  449  413  384  359  338  319  304  293  287  283  279
  273  262  247  231  215  203  193  184  176  169  162  156  151  145  139  133
  131  134  132  130  122  115  111  119  145                                   
    12.5-180.0 180.0   5.0 450.0                            LAT/LON1/LON2/DLON/H
  143  156  186  224  277  318  365  401  435  466  491  511  526  536  541  542
  540  536  531  526  523  524  534  555  586  621  650  669  675  671  661  646
  627  602  570  532  491  452  417  388  363  340  321  306  297  293  292  290
  284  274  259  242  226  213  203  194  186  177  169  162  155  148  140  133
  129  131  129  126  119  112  107  119  143                                   
    10.0-180.0 180.0   5.0 450.0                            LAT/LON1/LON2/DLON/H
  139  158  191  232  286  329  377  414  452  487  518  544  564  579  590  596
  597  594  589  583  580  582  593  613  638  662  678  682  677  665  649  631
  610  586  557  524  487  450  416  386  360  338  319  305  296  293  292  290
  285  275  260  244  228  216  207  200  192  183  174  167  159  151  141  131
  124  124  120  115  110  105   99  116  139                                   
     7.5-180.0 180.0   5.0 450.0                            LAT/LON1/LON2/DLON/H
  135  160  196  239  293  338  387  424  463  501  536  568  593  614  631  642
  648  649  644  638  635  637  646  660  675  685  688  681  668  652  634  614
