data/edconvlstm_nd/pred1730.15i
     1.0            IONOSPHERE MAPS     GNSS                IONEX VERSION / TYPE
pyspatialgeodesy        IME             05-JAN-18 20:20     PGM / RUN BY / DATE 
Map Name                                                    COMMENT             
Predicted global ionosphere maps (GIM).                     DESCRIPTION         
  2015     6    22     0     0     0                        EPOCH OF FIRST MAP  
  2015     6    23     0     0     0                        EPOCH OF LAST MAP   
  7200                                                      INTERVAL            
    13                                                      # OF MAPS IN FILE   
  NONE                                                      MAPPING FUNCTION    
10.0                                                        ELEVATION CUTOFF    
One-way carrier phase leveled to code                       OBSERVABLES USED    
  6371.0                                                    BASE RADIUS         
 2                                                          MAP DIMENSION       
   450.0 450.0   0.0                                        HGT1 / HGT2 / DHGT  
    87.5 -87.5  -2.5                                        LAT1 / LAT2 / DLAT  
  -180.0 180.0   5.0                                        LON1 / LON2 / DLON  
    -1                                                      EXPONENT            
                                                            END OF HEADER       
[from data line 1287]
     4                                                      START OF TEC MAP    
  2015     6    22     6     0     0                        EPOCH OF CURRENT MAP
    87.5-180.0 180.0   5.0 450.0                            LAT/LON1/LON2/DLON/H
  188  182  178  181  182  181  179  177  179  180  180  181  182  182  183  184
  184  185  185  185  186  186  186  186  186  186  187  187  187  187  187  187
  187  186  186  186  186  186  186  185  185  185  184  184  184  184  183  183
  183  183  183  183  183  182  182  181  181  180  180  179  178  177  176  176
  176  177  176  176  180  179  180  180  188                                   
    85.0-180.0 180.0   5.0 450.0                            LAT/LON1/LON2/DLON/H
  185  183  182  184  186  186  187  187  188  189  189  190  191  192  193  194
  195  195  196  196  197  197  197  198  198  198  198  198  198  198  198  198
  198  199  199  199  198  198  198  198  198  197  197  197  197  196  196  196
  196  196  196  196  195  195  194  194  193  192  191  190  189  187  186  185
  186  186  182  184  179  180  182  184  185                                   
    82.5-180.0 180.0   5.0 450.0                            LAT/LON1/LON2/DLON/H
  185  185  184  181  182  183  183  184  185  186  186  188  189  190  191  192
  193  193  194  194  195  195  195  195  195  195  194  194  195  195  195  195
  196  196  196  197  197  197  197  197  197  197  197  197  197  197  197  197
  198  198  198  198  198  197  197  196  195  193  192  190  188  186  184  183
  182  181  177  179  180  180  181  175  185                                   
    80.0-180.0 180.0   5.0 450.0                            LAT/LON1/LON2/DLON/H
  183  183  179  179  180  181  183  183  185  185  185  186  187  188  189  190
  191  192  193  193  193  193  193  192  191  191  191  191  191  192  192  193
  195  196  197  198  199  199  200  200  200  200  201  201  202  202  203  204
  205  205  206  206  206  205  204  203  202  200  198  195  193  190  187  186
  183  181  176  178  179  180  186  174  183                                   
    77.5-180.0 180.0   5.0 450.0                            LAT/LON1/LON2/DLON/H
  182  180  178  179  180  181  182  182  183  182  181  182  182  182  183  184
  186  187  188  188  188  187  186  185  184  183  183  183  184  185  187  190
  193  195  198  200  201  203  204  204  205  205  206  207  208  209  211  212
  213  214  215  215  215  215  213  212  210  207  205  202  199  195  192  189
  185  183  176  177  180  178  180  177  182                                   
    75.0-180.0 180.0   5.0 450.0                            LAT/LON1/LON2/DLON/H
  178  180  176  179  179  181  182  181  180  178  176  176  175  175  176  177
  178  180  181  181  181  180  178  176  174  172  172  172  174  177  181  186
  190  195  199  202  205  207  208  209  210  210  211  213  214  216  218  220
  221  223  223  223  223  222  220  218  216  213  210  207  204  201  197  194
  190  186  179  175  176  177  179  177  178                                   
    72.5-180.0 180.0   5.0 450.0                            LAT/LON1/LON2/DLON/H
  177  181  178  180  181  183  183  181  180  176  173  171  169  168  169  170
  172  173  175  175  175  173  170  167  165  163  162  163  166  171  177  184
  191  197  203  208  211  213  215  216  217  218  219  221  222  224  226  228
  229  230  230  229  227  225  223  220  218  215  213  210  208  205  202  199
  195  191  185  181  178  177  179  178  177                                   
    70.0-180.0 180.0   5.0 450.0                            LAT/LON1/LON2/DLON/H
  179  180  178  179  181  181  182  179  177  172  168  165  162  160  160  161
  163  165  166  167  166  164  161  157  153  150  150  152  156  163  172  181
  191  199  207  212  216  219  220  221  222  224  225  227  229  231  232  233
  233  232  231  228  225  221  218  214  212  209  208  207  206  204  202  201
  197  193  187  183  180  179  182  181  179                                   
    67.5-180.0 180.0   5.0 450.0                            LAT/LON1/LON2/DLON/H
  177  178  176  178  179  180  180  177  174  169  164  160  157  155  154  155
  156  158  159  160  159  156  152  147  143  140  140  142  148  157  168  180
  191  201  210  216  220  223  225  226  227  229  231  233  234  236  236  236
  234  231  228  223  217  212  207  203  200  198  198  198  199  199  199  199
  197  194  188  184  180  178  180  181  177                                   
    65.0-180.0 180.0   5.0 450.0                            LAT/LON1/LON2/DLON/H
  176  176  173  175  176  176  176  174  171  166  161  157  154  151  150  150
  151  152  153  153  151  148  144  139  134  132  132  136  143  154  166  180
  193  204  213  220  224  227  229  231  233  235  238  240  241  242  241  239
  235  230  224  217  209  202  196  191  188  187  187  189  191  194  195  197
  196  194  189  185  181  180  183  183  176                                   
    62.5-180.0 180.0   5.0 450.0                            LAT/LON1/LON2/DLON/H
  175  176  172  173  173  173  173  170  167  163  159  156  152  149  147  146
  146  146  146  146  144  141  136  132  128  126  127  131  140  152  165  180
  194  205  215  221  226  229  232  235  238  242  245  247  248  248  246  242
  236  229  221  212  203  194  187  181  178  177  178  181  185  188  191  194
  195  194  190  187  184  183  186  186  175                                   
    60.0-180.0 180.0   5.0 450.0                            LAT/LON1/LON2/DLON/H
  177  176  172  172  171  170  169  166  164  160  156  153  150  147  144  142
  140  139  138  137  135  132  128  124  121  120  122  128  137  149  163  178
  191  203  212  219  224  228  232  236  241  246  250  253  255  253  250  245
  238  230  221  211  200  191  183  177  174  173  174  177  181  184  188  191
  193  193  191  189  187  187  190  190  177                                   
    57.5-180.0 180.0   5.0 450.0                            LAT/LON1/LON2/DLON/H
  183  181  176  175  173  170  168  164  161  157  154  151  148  144  140  137
  134  132  130  129  126  124  121  118  116  117  120  127  136  148  161  174
  187  198  207  214  220  225  231  237  244  250  255  259  260  259  255  249
  242  234  224  214  204  195  187  181  177  176  177  179  182  184  187  190
  192  194  193  193  192  193  197  197  183                                   
    55.0-180.0 180.0   5.0 450.0                            LAT/LON1/LON2/DLON/H
  192  190  186  183  180  175  172  166  162  156  152  149  145  140  135  131
  127  124  122  120  118  116  114  113  113  115  120  126  135  145  156  168
  179  190  199  207  214  221  228  236  245  252  259  263  264  263  259  254
  247  240  232  223  214  205  197  191  188  186  186  186  187  188  189  191
  193  195  196  197  199  202  206  204  192                                   
    52.5-180.0 180.0   5.0 450.0                            LAT/LON1/LON2/DLON/H
  204  204  201  196  192  186  180  172  166  158  153  148  142  136  130  124
  120  117  115  114  112  110  110  110  112  116  121  128  135  142  151  161
  171  180  190  199  208  217  226  236  245  254  260  265  266  265  263  259
  254  248  242  235  227  220  213  207  203  201  200  198  197  196  195  195
  196  199  200  204  207  211  215  213  204                                   
    50.0-180.0 180.0   5.0 450.0                            LAT/LON1/LON2/DLON/H
  219  220  218  213  209  201  194  183  174  164  156  148  140  132  125  119
  115  112  111  110  109  109  109  111  114  119  125  130  135  140  146  153
  162  172  182  193  203  214  225  235  245  254  260  265  267  267  266  264
  261  258  254  249  243  236  230  225  221  218  216  213  210  206  203  202
  202  204  207  211  216  222  226  222  219                                   
    47.5-180.0 180.0   5.0 450.0                            LAT/LON1/LON2/DLON/H
  234  236  235  230  226  218  210  197  186  173  161  151  141  131  122  115
  112  110  110  111  110  110  111  114  119  124  129  133  136  138  141  147
  154  164  176  188  201  213  225  236  245  253  259  264  266  268  269  269
  269  268  266  262  257  252  246  241  238  235  231  228  223  218  213  211
  210  213  215  220  226  232  235  230  234                                   
    45.0-180.0 180.0   5.0 450.0                            LAT/LON1/LON2/DLON/H
  247  249  249  244  241  233  225  211  198  183  169  156  144  132  121  114
  111  111  113  114  115  115  117  120  125  131  135  137  138  137  138  142
  149  160  172  186  200  214  226  237  246  253  258  262  265  268  271  273
  275  276  276  273  269  265  260  256  252  249  246  242  236  231  226  223
  222  224  226  231  236  243  245  239  247                                   
    42.5-180.0 180.0   5.0 450.0                            LAT/LON1/LON2/DLON/H
  257  258  258  252  250  242  235  222  208  192  177  163  149  135  124  116
  114  115  117  120  121  123  124  128  133  138  141  142  140  138  137  140
  147  158  171  185  201  215  228  239  247  253  257  261  265  269  273  278
  281  283  284  282  279  276  272  269  266  263  259  256  251  245  240  238
  237  239  241  245  249  254  255  249  257                                   
    40.0-180.0 180.0   5.0 450.0                            LAT/LON1/LON2/DLON/H
  266  264  262  254  251  244  237  226  213  198  184  170  155  141  129  121
  118  119  123  126  129  130  133  136  141  145  147  146  143  139  138  141
  147  158  171  186  202  217  231  241  249  254  257  261  266  271  277  282
  286  289  290  290  289  287  285  283  280  278  275  272  267  263  259  257
  256  258  259  261  264  267  267  260  266                                   
    37.5-180.0 180.0   5.0 450.0                            LAT/LON1/LON2/DLON/H
  275  268  263  252  247  239  233  223  213  201  188  176  162  148  135  126
  123  124  128  132  135  138  141  144  149  152  152  149  145  141  140  142
  149  159  172  186  202  218  232  243  250  255  258  262  268  274  281  287
  292  295  298  299  301  302  302  301  299  297  295  292  288  284  281  279
  279  281  281  282  283  285  283  276  275                                   
    35.0-180.0 180.0   5.0 450.0                            LAT/LON1/LON2/DLON/H
  287  275  266  250  242  230  224  216  209  199  190  180  168  155  142  132
  127  128  132  136  141  144  148  153  156  157  156  151  146  142  141  144
  151  160  172  185  201  217  232  243  251  256  260  264  270  278  286  293
  298  303  307  312  316  321  324  325  325  323  320  318  314  310  307  306
  306  308  308  307  306  307  303  296  287                                   
    32.5-180.0 180.0   5.0 450.0                            LAT/LON1/LON2/DLON/H
  304  288  274  253  239  225  216  209  203  196  190  183  173  160  147  136
  130  130  133  139  145  151  156  161  164  163  159  153  147  143  142  145
  151  160  170  183  198  214  229  241  250  255  260  266  273  282  291  298
  305  312  319  327  336  345  352  355  356  354  351  348  344  339  336  334
  334  336  336  334  333  333  327  321  304                                   
    30.0-180.0 180.0   5.0 450.0                            LAT/LON1/LON2/DLON/H
  327  309  290  264  245  227  215  207  201  195  190  185  177  165  152  139
  132  130  133  140  148  157  165  170  172  169  162  154  147  142  142  144
  149  157  166  178  192  208  224  237  246  252  258  265  274  284  294  304
  313  322  332  344  358  371  382  388  389  387  383  379  374  368  364  361
  361  363  364  362  360  360  353  348  327                                   
    27.5-180.0 180.0   5.0 450.0                            LAT/LON1/LON2/DLON/H
  354  335  312  285  261  240  225  215  207  200  195  189  181  169  155  142
  132  129  133  141  152  164  174  181  181  175  165  154  145  140  139  140
  145  151  159  170  184  200  215  229  239  246  254  262  273  285  296  308
  320  332  346  362  380  397  410  417  419  416  412  406  400  394  388  384
  384  387  388  386  384  385  377  374  354                                   
    25.0-180.0 180.0   5.0 450.0                            LAT/LON1/LON2/DLON/H
  380  363  339  312  286  262  245  233  223  214  205  197  187  174  159  144
  133  129  133  143  157  172  184  191  190  181  168  154  143  136  133  133
  136  141  149  160  173  189  204  217  228  237  246  257  269  282  296  311
  325  341  358  377  397  416  430  438  440  437  432  426  420  413  406  402
  402  405  407  406  404  405  397  395  380                                   
    22.5-180.0 180.0   5.0 450.0                            LAT/LON1/LON2/DLON/H
  401  388  366  340  314  291  272  259  247  234  221  209  196  181  164  148
  136  132  135  146  162  180  194  200  197  184  168  151  139  130  125  123
  124  128  136  147  161  176  191  204  215  226  237  249  264  279  295  311
  329  347  367  387  408  426  440  448  449  447  443  437  432  425  419  415
  414  418  421  419  417  418  410  408  401                                   
    20.0-180.0 180.0   5.0 450.0                            LAT/LON1/LON2/DLON/H
  413  404  385  363  339  318  300  286  273  258  242  225  209  191  173  155
  143  137  140  152  169  187  201  205  199  184  164  146  132  122  115  111
  110  114  122  134  148  163  178  191  203  215  228  243  259  275  292  311
  331  351  372  391  410  426  439  446  448  447  445  441  437  431  426  423
  423  427  429  428  424  423  416  414  413                                   
    17.5-180.0 180.0   5.0 450.0                            LAT/LON1/LON2/DLON/H
  414  409  394  374  355  336  320  308  295  279  261  242  222  202  183  165
  152  146  148  158  174  191  203  205  196  178  157  138  123  112  104   98
   96   99  107  120  134  150  165  179  193  207  223  239  256  273  291  311
  332  354  373  391  406  419  430  437  440  442  442  441  439  435  431  429
  430  433  435  432  427  423  415  412  414                                   
    15.0-180.0 180.0   5.0 450.0                            LAT/LON1/LON2/DLON/H
  407  403  391  373  357  341  328  317  307  292  274  255  234  214  195  177
  164  156  157  164  177  190  199  198  186  166  145  127  113  102   93   85
   82   85   93  106  122  138  154  170  186  203  221  239  256  273  291  312
  334  355  373  388  399  409  418  425  431  435  438  440  440  439  437  436
  436  438  439  434  426  420  411  407  407                                   
    12.5-180.0 180.0   5.0 450.0                            LAT/LON1/LON2/DLON/H
  395  391  380  361  348  332  321  312  305  293  277  260  240  222  205  189
  176  167  165  169  177  185  188  184  170  151  131  114  102   92   83   75
   71   73   82   95  111  129  147  165  183  203  223  242  259  276  293  314
  336  357  374  385  394  401  409  417  424  431  437  441  443  443  443  442
  442  444  442  435  426  416  407  401  395                                   
    10.0-180.0 180.0   5.0 450.0                            LAT/LON1/LON2/DLON/H
  385  379  368  346  333  316  304  296  290  281  269  255  239  224  210  197
  185  175  170  169  172  174  173  165  151  132  115  102   92   84   76   68
   63   65   73   86  103  122  141  162  183  205  227  247  264  279  296  317
  339  360  376  387  394  400  408  416  425  434  441  446  448  449  449  449
  448  448  445  436  425  414  405  397  385                                   
     7.5-180.0 180.0   5.0 450.0                            LAT/LON1/LON2/DLON/H
  380  373  360  334  319  300  285  275  269  261  252  241  230  219  209  199
  189  179  171  166  163  159  154  144  130  115  101   90   83   77   70   63
