data/edconvlstm_nd/pred1780.15i
     1.0            IONOSPHERE MAPS     GNSS                IONEX VERSION / TYPE
pyspatialgeodesy        IME             05-JAN-18 20:20     PGM / RUN BY / DATE 
Map Name                                                    COMMENT             
Predicted global ionosphere maps (GIM).                     DESCRIPTION         
  2015     6    27     0     0     0                        EPOCH OF FIRST MAP  
  2015     6    28     0     0     0                        EPOCH OF LAST MAP   
  7200                                                      INTERVAL            
    13                                                      # OF MAPS IN FILE   
  NONE                                                      MAPPING FUNCTION    
10.0                                                        ELEVATION CUTOFF    
One-way carrier phase leveled to code                       OBSERVABLES USED    
  6371.0                                                    BASE RADIUS         
 2                                                          MAP DIMENSION       
   450.0 450.0   0.0                                        HGT1 / HGT2 / DHGT  
    87.5 -87.5  -2.5                                        LAT1 / LAT2 / DLAT  
  -180.0 180.0   5.0                                        LON1 / LON2 / DLON  
    -1                                                      EXPONENT            
                                                            END OF HEADER       
[from data line 429]
     2                                                      START OF TEC MAP    
  2015     6    27     2     0     0                        EPOCH OF CURRENT MAP
    87.5-180.0 180.0   5.0 450.0                            LAT/LON1/LON2/DLON/H
  133  140  144  146  145  142  139  137  138  138  138  138  138  137  137  136
  136  135  134  133  132  130  129  128  126  125  123  122  120  119  118  116
  115  114  113  112  112  112  111  111  112  112  112  113  114  114  115  116
  117  118  119  120  120  121  122  123  124  125  125  126  127  127  128  130
  132  134  133  133  135  138  138  127  133                                   
    85.0-180.0 180.0   5.0 450.0                            LAT/LON1/LON2/DLON/H
  147  157  145  152  156  153  151  150  150  150  149  149  149  148  147  147
  146  145  143  142  140  139  137  135  133  131  129  127  124  122  120  119
  117  115  114  113  112  112  112  112  112  113  114  115  116  117  119  120
  121  123  124  126  127  128  130  131  132  133  134  136  137  138  139  141
  144  146  145  148  146  146  146  136  147                                   
    82.5-180.0 180.0   5.0 450.0                            LAT/LON1/LON2/DLON/H
  159  159  167  163  163  162  160  159  160  159  158  157  157  156  155  154
  153  151  150  148  146  144  141  138  136  133  130  127  124  121  118  115
  113  111  109  108  107  107  107  108  108  110  111  113  115  117  119  121
  123  125  127  128  130  132  133  135  137  138  140  142  143  145  147  150
  152  154  153  154  160  149  147  140  159                                   
    80.0-180.0 180.0   5.0 450.0                            LAT/LON1/LON2/DLON/H
  170  167  162  160  161  159  160  159  159  158  156  155  154  153  152  151
  150  149  148  146  144  141  138  135  131  128  124  120  116  112  109  106
  103  101   99   98   97   97   98   99  100  102  104  107  110  112  115  118
  120  123  125  127  129  130  132  133  135  136  138  140  142  144  146  150
  152  153  153  154  167  160  162  150  170                                   
    77.5-180.0 180.0   5.0 450.0                            LAT/LON1/LON2/DLON/H
  172  169  162  165  159  158  160  160  159  156  154  153  151  150  149  148
  147  147  145  144  142  139  136  132  128  124  120  115  111  107  103  100
   98   96   94   94   94   94   96   98  100  103  106  109  112  116  119  122
  125  127  129  131  132  134  134  135  136  137  139  141  142  145  147  151
  153  156  154  158  166  161  161  156  172                                   
    75.0-180.0 180.0   5.0 450.0                            LAT/LON1/LON2/DLON/H
  168  165  159  163  156  156  156  155  153  150  147  145  144  142  141  140
  140  139  138  137  135  132  129  125  121  116  111  107  102   98   95   92
   90   89   88   89   89   91   93   96   99  102  105  109  113  116  119  122
  125  127  129  130  130  131  131  131  131  132  132  134  136  138  140  144
  146  149  149  147  155  155  155  155  168                                   
    72.5-180.0 180.0   5.0 450.0                            LAT/LON1/LON2/DLON/H
  158  161  158  161  156  155  155  155  153  150  147  145  143  141  139  138
  137  137  136  134  133  130  127  122  118  113  108  103   99   95   93   91
   90   90   90   92   94   96   99  102  105  108  112  116  119  123  126  129
  132  134  135  135  135  134  133  132  132  132  132  133  134  136  139  142
  144  147  148  147  150  149  148  151  158                                   
    70.0-180.0 180.0   5.0 450.0                            LAT/LON1/LON2/DLON/H
  156  156  155  159  154  153  154  153  153  150  146  144  141  139  137  135
  134  132  131  130  127  124  121  116  111  106  101   96   92   90   88   88
   89   90   92   94   97  100  103  106  110  113  116  120  123  127  130  133
  135  137  137  137  136  134  132  131  130  129  129  130  131  132  134  138
  140  142  144  144  147  146  146  147  156                                   
    67.5-180.0 180.0   5.0 450.0                            LAT/LON1/LON2/DLON/H
  150  151  150  154  150  149  150  150  150  148  145  143  141  138  135  133
  131  129  126  124  121  117  113  108  102   97   92   88   85   83   83   84
   86   88   91   94   97  100  103  106  109  112  115  118  121  125  128  131
  133  134  135  134  132  130  128  126  124  124  124  124  125  126  127  131
  132  134  136  136  140  139  139  143  150                                   
    65.0-180.0 180.0   5.0 450.0                            LAT/LON1/LON2/DLON/H
  147  147  145  150  146  146  147  148  150  148  146  145  143  140  137  134
  131  128  124  120  116  112  107  101   95   90   85   82   80   80   81   83
   85   88   91   94   97  100  103  106  108  110  113  115  118  122  125  128
  131  132  132  131  129  126  124  122  121  120  120  121  121  122  123  125
  127  128  130  130  135  135  137  141  147                                   
    62.5-180.0 180.0   5.0 450.0                            LAT/LON1/LON2/DLON/H
  145  145  144  149  145  144  146  147  149  149  148  148  147  145  142  138
  134  129  124  119  114  108  102   96   90   85   81   78   78   78   80   83
   85   88   91   93   96   99  101  103  105  107  109  111  114  118  121  125
  127  129  129  128  126  124  121  120  119  119  120  120  121  121  122  123
  124  125  127  127  131  132  135  140  145                                   
    60.0-180.0 180.0   5.0 450.0                            LAT/LON1/LON2/DLON/H
  144  145  144  148  144  142  143  145  147  147  147  148  149  148  145  142
  137  131  124  118  111  104   98   91   86   81   78   76   76   78   80   82
   84   86   87   89   91   93   95   97   99  100  102  105  108  112  115  119
  122  124  125  124  122  120  119  118  118  119  120  121  121  121  121  122
  122  123  125  125  129  131  134  139  144                                   
    57.5-180.0 180.0   5.0 450.0                            LAT/LON1/LON2/DLON/H
  146  147  146  149  145  142  142  143  145  145  145  147  148  148  147  144
  139  132  124  117  109  102   95   89   84   80   77   77   77   79   80   82
   82   82   83   83   84   86   88   90   92   94   96   99  102  106  110  114
  118  120  121  121  119  118  117  117  118  120  122  123  123  122  122  123
  122  123  125  125  129  131  135  140  146                                   
    55.0-180.0 180.0   5.0 450.0                            LAT/LON1/LON2/DLON/H
  149  151  150  153  148  144  143  142  142  141  141  143  145  146  146  143
  138  131  123  115  108  101   94   89   84   81   79   79   80   81   82   81
   80   78   77   76   77   79   81   83   85   87   90   93   96  101  106  110
  114  117  118  118  118  117  117  118  120  122  124  125  126  125  124  124
  124  125  127  126  131  133  136  142  149                                   
    52.5-180.0 180.0   5.0 450.0                            LAT/LON1/LON2/DLON/H
  153  156  156  159  154  148  146  143  142  139  138  139  140  142  142  140
  135  129  122  114  107  101   96   91   88   85   83   83   84   84   84   81
   78   75   72   71   71   73   76   78   80   83   85   88   92   97  103  108
  112  115  117  118  118  118  119  120  122  124  127  128  128  127  127  127
  128  129  131  130  134  136  138  143  153                                   
    50.0-180.0 180.0   5.0 450.0                            LAT/LON1/LON2/DLON/H
  158  163  163  167  161  155  152  147  144  139  136  136  136  137  137  135
  132  126  120  114  109  105  101   97   94   91   90   89   89   88   86   83
   78   73   70   69   69   71   74   76   79   81   83   86   91   96  102  107
  112  115  118  120  121  121  122  124  125  128  130  131  131  130  130  132
  133  134  137  136  140  140  142  146  158                                   
    47.5-180.0 180.0   5.0 450.0                            LAT/LON1/LON2/DLON/H
  165  170  170  175  169  163  159  154  149  143  138  135  134  134  133  131
  128  124  120  116  113  110  108  105  102  100   97   96   95   93   90   85
   80   75   71   70   71   73   76   78   80   81   83   86   90   96  102  108
  113  117  121  123  125  126  127  128  130  131  133  134  134  134  135  137
  139  142  145  145  148  147  148  151  165                                   
    45.0-180.0 180.0   5.0 450.0                            LAT/LON1/LON2/DLON/H
  172  177  177  182  176  171  168  162  157  149  143  138  135  133  132  130
  127  124  121  120  119  118  117  115  112  108  105  103  101   98   94   89
   83   79   76   76   77   79   82   83   84   84   86   88   92   98  104  111
  116  121  125  128  131  133  134  134  135  136  137  138  138  139  140  144
  147  152  155  155  158  156  156  158  172                                   
    42.5-180.0 180.0   5.0 450.0                            LAT/LON1/LON2/DLON/H
  181  184  184  189  183  178  176  172  166  158  151  145  141  137  135  132
  130  128  126  126  127  127  127  125  121  117  113  109  106  103   99   94
   89   86   84   84   86   88   90   90   90   90   90   92   95  101  107  114
  120  126  131  135  138  141  142  142  142  142  143  143  144  145  148  153
  158  163  167  167  170  167  167  168  181                                   
    40.0-180.0 180.0   5.0 450.0                            LAT/LON1/LON2/DLON/H
  192  193  191  196  190  186  185  181  176  169  161  155  149  145  142  139
  137  135  134  135  136  136  136  133  129  124  119  115  112  108  104  100
   96   94   94   95   97   99   99   99   98   97   96   97  100  105  111  118
  125  131  137  142  146  150  151  151  151  150  151  152  153  155  159  164
  170  176  180  182  185  182  182  182  192                                   
    37.5-180.0 180.0   5.0 450.0                            LAT/LON1/LON2/DLON/H
  206  204  201  204  199  195  194  191  187  180  173  167  161  156  152  149
  147  145  145  145  145  145  143  140  135  130  126  122  118  114  110  107
  104  103  104  105  107  108  108  107  106  104  103  103  105  109  115  123
  130  137  143  150  155  160  162  162  162  162  162  164  166  169  173  178
  184  190  195  197  201  199  200  199  206                                   
    35.0-180.0 180.0   5.0 450.0                            LAT/LON1/LON2/DLON/H
  222  219  215  215  212  208  206  203  200  193  186  180  174  169  165  162
  159  158  156  155  154  152  149  145  141  137  133  130  126  121  116  113
  111  110  111  113  114  115  115  114  112  111  110  109  110  113  119  127
  134  142  149  157  164  170  174  175  175  175  177  179  182  185  190  195
  200  205  210  213  218  217  219  218  222                                   
    32.5-180.0 180.0   5.0 450.0                            LAT/LON1/LON2/DLON/H
  241  238  234  232  230  226  223  219  216  209  201  195  189  184  180  177
  174  171  169  166  163  159  155  151  148  145  142  139  134  128  123  118
  115  115  115  116  116  117  117  117  117  116  115  115  115  117  122  130
  138  146  155  164  173  181  186  189  190  191  194  197  201  205  209  213
  217  221  225  229  234  236  239  238  241                                   
    30.0-180.0 180.0   5.0 450.0                            LAT/LON1/LON2/DLON/H
  261  261  257  254  254  251  247  242  237  229  220  214  207  201  197  193
  189  186  181  176  171  167  163  159  157  156  154  150  144  136  128  121
  117  114  113  113  113  114  115  116  118  119  119  118  117  119  124  131
  140  150  159  170  181  191  198  203  206  208  212  216  221  226  229  232
  234  237  240  243  249  252  257  257  261                                   
    27.5-180.0 180.0   5.0 450.0                            LAT/LON1/LON2/DLON/H
  280  284  282  281  284  282  278  272  265  255  245  237  229  222  217  212
  206  200  194  187  181  176  173  171  170  169  167  162  153  143  132  122
  116  111  108  107  107  108  110  113  116  119  119  119  118  118  123  131
  141  152  163  175  188  199  209  216  221  225  230  236  242  247  250  252
  252  252  254  257  263  267  272  273  280                                   
    25.0-180.0 180.0   5.0 450.0                            LAT/LON1/LON2/DLON/H
  298  307  307  311  316  317  315  308  300  287  275  265  256  248  240  233
  225  216  208  199  192  188  186  185  185  184  180  172  161  148  134  122
  112  106  102  100  100  102  105  109  113  116  117  117  116  116  121  129
  141  153  166  179  193  207  219  227  234  240  247  254  262  267  271  272
  270  269  269  271  275  279  285  287  298                                   
    22.5-180.0 180.0   5.0 450.0                            LAT/LON1/LON2/DLON/H
  313  327  331  340  349  354  355  349  339  325  312  299  288  277  267  257
  246  234  223  213  207  203  202  202  201  198  191  180  166  150  134  119
  108  100   95   93   94   97  100  104  108  112  113  113  112  113  118  127
  140  154  169  183  198  213  226  237  245  253  261  271  280  286  290  291
  288  286  285  285  287  290  295  299  313                                   
    20.0-180.0 180.0   5.0 450.0                            LAT/LON1/LON2/DLON/H
  326  342  350  365  378  386  392  387  379  365  350  337  324  311  297  283
  269  254  241  230  224  221  221  220  216  209  198  184  167  149  132  116
  104   95   90   88   90   93   96   99  103  106  108  109  109  110  115  125
  139  155  171  187  203  218  233  245  255  264  274  285  295  304  309  310
  307  304  302  300  300  301  306  309  326                                   
    17.5-180.0 180.0   5.0 450.0                            LAT/LON1/LON2/DLON/H
  338  353  364  381  398  409  419  417  411  399  386  373  359  344  328  311
  293  275  260  248  242  239  238  234  227  215  199  182  163  145  128  113
  100   91   87   86   88   90   93   95   97  100  103  105  106  107  113  124
  139  156  174  191  207  223  238  251  263  274  286  298  310  319  326  328
  326  323  321  318  315  313  318  321  338                                   
    15.0-180.0 180.0   5.0 450.0                            LAT/LON1/LON2/DLON/H
  349  362  372  389  406  419  430  432  430  421  411  400  387  372  355  336
  316  295  278  266  259  255  251  243  230  213  194  174  156  139  123  109
   98   90   86   85   87   89   90   91   92   94   98  101  103  106  112  122
  138  156  175  193  211  228  243  258  270  283  295  309  322  333  341  345
  345  343  340  337  331  328  332  336  349                                   
    12.5-180.0 180.0   5.0 450.0                            LAT/LON1/LON2/DLON/H
  361  371  379  390  405  416  427  431  431  427  420  413  403  390  373  353
  332  311  293  280  272  265  257  244  226  204  182  162  145  130  118  106
   96   89   86   86   87   88   88   87   87   89   93   98  101  104  110  120
  136  155  175  195  214  232  249  264  277  290  304  319  333  346  355  361
  362  362  360  356  349  344  350  354  361                                   
    10.0-180.0 180.0   5.0 450.0                            LAT/LON1/LON2/DLON/H
  376  382  385  390  400  406  413  417  419  417  414  410  403  392  377  359
  339  318  300  287  277  267  254  236  213  189  166  147  133  122  113  104
   96   90   87   86   87   87   85   84   83   86   90   95   99  102  107  116
  131  151  173  195  216  236  253  269  283  296  310  326  343  357  368  375
  378  379  378  374  366  361  368  374  376                                   
     7.5-180.0 180.0   5.0 450.0                            LAT/LON1/LON2/DLON/H
  392  397  394  392  396  396  398  399  400  398  397  394  389  380  367  351
  333  315  298  284  272  258  241  219  194  169  148  132  122  115  109  103
