data/edconvlstm_nd/pred1340.15i
     1.0            IONOSPHERE MAPS     GNSS                IONEX VERSION / TYPE
pyspatialgeodesy        IME             05-JAN-18 20:20     PGM / RUN BY / DATE 
Map Name                                                    COMMENT             
Predicted global ionosphere maps (GIM).                     DESCRIPTION         
  2015     5    14     0     0     0                        EPOCH OF FIRST MAP  
  2015     5    15     0     0     0                        EPOCH OF LAST MAP   
  7200                                                      INTERVAL            
    13                                                      # OF MAPS IN FILE   
  NONE                                                      MAPPING FUNCTION    
10.0                                                        ELEVATION CUTOFF    
One-way carrier phase leveled to code                       OBSERVABLES USED    
  6371.0                                                    BASE RADIUS         
 2                                                          MAP DIMENSION       
   450.0 450.0   0.0                                        HGT1 / HGT2 / DHGT  
    87.5 -87.5  -2.5                                        LAT1 / LAT2 / DLAT  
  -180.0 180.0   5.0                                        LON1 / LON2 / DLON  
    -1                                                      EXPONENT            
                                                            END OF HEADER       
[from data line 5148]
    13                                                      START OF TEC MAP    
  2015     5    15     0     0     0                        EPOCH OF CURRENT MAP
    87.5-180.0 180.0   5.0 450.0                            LAT/LON1/LON2/DLON/H
  163  175  186  177  174  174  173  173  175  175  176  177  178  178  178  178
  178  177  176  175  174  172  170  168  166  163  161  158  156  154  151  149
  147  146  144  143  142  141  140  140  140  140  141  141  142  143  144  145
  147  148  150  151  153  154  156  157  158  160  161  162  163  163  164  165
  166  167  167  167  165  161  167  169  163                                   
    85.0-180.0 180.0   5.0 450.0                            LAT/LON1/LON2/DLON/H
  184  187  173  177  182  184  183  184  185  186  187  188  189  189  189  189
  188  186  185  183  180  177  174  171  167  163  159  155  152  148  144  141
  138  136  134  133  131  131  130  130  130  131  132  133  134  135  137  139
  141  143  146  148  151  153  156  158  161  163  165  167  168  170  171  172
  174  174  176  179  172  176  178  180  184                                   
    82.5-180.0 180.0   5.0 450.0                            LAT/LON1/LON2/DLON/H
  185  182  186  184  187  189  187  189  192  193  194  195  196  197  196  196
  195  193  190  188  184  180  176  171  166  161  155  149  144  139  134  130
  126  123  121  120  119  118  118  119  119  120  122  123  125  128  130  133
  136  139  143  146  150  154  157  161  164  168  171  173  176  177  179  181
  182  183  184  183  181  170  173  170  185                                   
    80.0-180.0 180.0   5.0 450.0                            LAT/LON1/LON2/DLON/H
  191  185  179  177  182  185  188  190  194  195  197  199  201  202  203  202
  201  199  196  193  189  184  179  173  166  159  151  144  137  130  124  119
  115  112  111  110  110  110  111  112  114  115  117  119  122  124  127  131
  134  138  143  147  152  156  161  165  169  173  177  180  183  185  187  189
  189  189  189  188  194  181  186  185  191                                   
    77.5-180.0 180.0   5.0 450.0                            LAT/LON1/LON2/DLON/H
  201  189  182  184  180  182  187  190  194  195  198  201  204  205  206  205
  204  202  199  196  192  187  182  175  168  160  152  143  135  128  121  116
  113  111  110  111  112  113  116  118  120  122  124  126  128  131  134  138
  142  146  150  155  160  164  169  174  178  182  186  189  192  195  197  198
  198  199  197  196  200  196  194  200  201                                   
    75.0-180.0 180.0   5.0 450.0                            LAT/LON1/LON2/DLON/H
  214  198  192  193  187  187  189  192  196  197  200  203  205  206  206  205
  203  201  198  195  192  188  183  178  171  163  155  146  138  130  124  120
  117  117  117  119  122  125  128  130  132  134  136  138  140  142  145  148
  152  156  160  164  169  173  177  181  185  189  193  196  199  201  203  205
  204  206  205  198  202  206  203  208  214                                   
    72.5-180.0 180.0   5.0 450.0                            LAT/LON1/LON2/DLON/H
  215  209  206  203  196  194  197  199  203  204  206  208  209  208  206  203
  199  196  193  190  188  186  183  179  174  167  160  151  143  136  131  127
  126  126  128  132  135  139  143  145  147  148  149  150  151  153  156  159
  162  166  169  173  176  180  183  186  189  192  195  198  200  202  204  206
  206  207  209  204  207  211  212  218  215                                   
    70.0-180.0 180.0   5.0 450.0                            LAT/LON1/LON2/DLON/H
  225  220  219  218  209  207  209  211  215  216  217  218  217  213  208  202
  196  191  188  186  185  185  184  182  179  173  167  159  152  145  140  138
  137  138  141  145  149  153  156  158  159  160  160  160  161  163  165  169
  172  176  180  183  185  187  190  192  194  196  198  200  202  203  205  207
  206  208  211  208  214  221  222  224  225                                   
    67.5-180.0 180.0   5.0 450.0                            LAT/LON1/LON2/DLON/H
  231  232  229  228  219  217  219  220  224  225  227  227  224  218  210  201
  192  186  182  181  181  183  184  184  182  178  172  165  159  153  149  146
  145  146  149  152  156  159  161  162  162  162  161  161  162  164  167  172
  176  181  184  187  188  190  191  192  194  196  198  199  200  201  201  202
  202  204  207  205  213  222  223  226  231                                   
    65.0-180.0 180.0   5.0 450.0                            LAT/LON1/LON2/DLON/H
  233  234  231  231  225  222  223  225  230  232  234  234  230  222  211  200
  190  183  178  177  179  181  184  185  184  180  175  170  164  159  155  152
  151  151  151  153  155  156  157  157  156  155  154  154  155  158  163  169
  174  179  183  186  187  188  189  190  192  194  196  198  198  198  198  198
  197  198  201  200  207  218  220  224  233                                   
    62.5-180.0 180.0   5.0 450.0                            LAT/LON1/LON2/DLON/H
  229  229  227  228  225  221  222  225  231  234  236  237  233  224  213  202
  191  183  179  178  179  182  183  184  183  180  175  171  166  162  159  156
  153  151  150  149  148  148  147  146  144  143  142  142  144  148  154  161
  167  173  177  180  181  183  184  186  189  192  195  197  198  197  196  195
  193  193  196  195  199  209  212  217  229                                   
    60.0-180.0 180.0   5.0 450.0                            LAT/LON1/LON2/DLON/H
  221  221  220  221  220  216  217  220  227  230  233  234  231  224  214  203
  194  187  183  181  181  182  182  180  178  175  171  168  166  163  161  157
  153  149  145  141  138  135  134  132  130  128  127  128  131  135  142  149
  156  162  167  170  172  174  177  181  186  191  195  198  199  198  197  195
  192  191  194  191  193  200  202  210  221                                   
    57.5-180.0 180.0   5.0 450.0                            LAT/LON1/LON2/DLON/H
  217  216  217  217  218  214  215  217  223  226  229  229  227  221  213  205
  198  193  189  187  185  183  179  175  171  167  165  164  164  164  163  159
  154  147  141  134  129  126  123  121  119  117  116  117  119  124  130  137
  144  149  154  158  162  166  171  178  185  192  198  201  203  202  201  199
  196  196  198  194  194  197  198  209  217                                   
    55.0-180.0 180.0   5.0 450.0                            LAT/LON1/LON2/DLON/H
  220  221  223  222  224  220  221  222  226  227  227  226  223  218  212  208
  203  200  197  193  189  184  177  171  165  161  160  162  164  167  167  164
  158  150  141  133  127  123  120  117  114  112  111  111  113  117  122  128
  133  138  143  148  153  160  168  178  187  196  203  207  209  209  209  208
  207  208  211  206  204  205  204  216  220                                   
    52.5-180.0 180.0   5.0 450.0                            LAT/LON1/LON2/DLON/H
  235  239  243  241  241  240  241  239  240  236  232  228  222  217  213  211
  209  207  205  200  194  186  178  169  163  160  161  164  170  174  175  173
  166  157  147  139  133  128  125  122  118  115  113  112  113  116  120  124
  127  131  136  142  149  159  170  182  194  203  210  215  216  217  218  221
  222  226  231  226  225  225  222  234  235                                   
    50.0-180.0 180.0   5.0 450.0                            LAT/LON1/LON2/DLON/H
  262  271  275  273  273  275  276  271  267  257  248  238  229  222  218  217
  216  215  212  208  201  192  183  174  169  167  169  174  181  186  187  184
  177  168  159  151  146  142  139  135  130  125  122  120  120  121  123  125
  127  130  135  142  152  164  178  192  204  214  220  223  224  225  229  234
  240  249  257  253  255  256  251  261  262                                   
    47.5-180.0 180.0   5.0 450.0                            LAT/LON1/LON2/DLON/H
  298  312  317  316  317  320  322  315  306  290  274  258  244  234  228  226
  225  224  221  216  210  202  194  187  183  182  184  190  196  200  201  197
  189  181  173  168  164  161  158  154  148  141  136  132  131  132  133  133
  134  135  140  149  161  176  191  206  217  226  230  231  232  233  238  248
  258  272  284  283  289  292  287  292  298                                   
    45.0-180.0 180.0   5.0 450.0                            LAT/LON1/LON2/DLON/H
  337  357  362  364  365  370  372  364  351  331  308  286  268  253  244  239
  236  234  231  228  223  218  212  207  203  202  204  208  212  214  213  208
  201  194  189  186  185  184  181  176  169  161  154  149  147  147  147  146
  146  147  152  162  176  192  208  222  233  239  242  241  241  242  248  260
  275  292  308  311  322  327  322  323  337                                   
    42.5-180.0 180.0   5.0 450.0                            LAT/LON1/LON2/DLON/H
  371  397  403  407  410  415  417  408  393  371  346  320  298  280  267  258
  252  249  246  244  242  240  236  232  228  225  225  226  226  225  222  217
  211  206  204  204  206  207  206  201  192  183  174  168  166  165  164  163
  162  163  168  179  194  211  228  241  250  254  255  254  253  254  261  274
  290  309  328  334  347  354  349  347  371                                   
    40.0-180.0 180.0   5.0 450.0                            LAT/LON1/LON2/DLON/H
  397  425  430  435  441  446  447  439  425  404  379  354  331  311  295  283
  274  269  266  266  266  265  262  257  251  246  242  240  238  234  230  225
  221  219  219  223  227  231  231  226  217  206  197  190  186  185  184  182
  180  180  185  196  212  230  246  258  266  270  271  271  270  272  279  291
  307  326  344  352  365  371  367  363  397                                   
    37.5-180.0 180.0   5.0 450.0                            LAT/LON1/LON2/DLON/H
  414  440  443  447  458  462  462  455  443  425  405  385  365  346  328  312
  301  294  292  293  294  292  287  279  270  262  256  251  248  244  240  236
  234  234  237  243  249  254  256  252  243  232  221  212  208  205  203  199
  196  195  199  210  225  243  259  272  280  286  289  291  293  297  305  316
  330  346  361  367  377  382  378  375  414                                   
    35.0-180.0 180.0   5.0 450.0                            LAT/LON1/LON2/DLON/H
  427  447  450  452  465  468  467  461  451  437  423  410  396  380  363  346
  333  325  323  324  324  320  310  298  285  274  267  263  260  258  255  254
  254  256  260  266  273  278  281  278  270  258  245  235  228  223  218  213
  207  204  206  216  231  249  266  280  291  300  308  315  322  328  337  347
  359  371  382  383  390  393  387  388  427                                   
    32.5-180.0 180.0   5.0 450.0                            LAT/LON1/LON2/DLON/H
  444  457  460  463  476  479  478  471  462  451  442  435  427  415  399  381
  367  359  357  356  353  344  330  313  297  286  280  279  280  280  281  282
  283  285  288  292  297  302  304  302  295  282  269  256  246  237  229  221
  212  206  206  214  228  247  265  282  297  312  326  339  351  362  373  383
  393  403  408  405  409  409  401  406  444                                   
    30.0-180.0 180.0   5.0 450.0                            LAT/LON1/LON2/DLON/H
  473  477  483  488  503  509  508  499  488  476  469  465  462  452  436  418
  403  394  390  387  380  366  346  326  310  301  300  303  309  314  317  319
  320  320  319  318  319  322  323  322  315  302  287  272  259  247  235  223
  212  203  200  206  220  239  261  281  301  321  341  360  378  393  407  419
  430  438  440  431  435  433  424  433  473                                   
    27.5-180.0 180.0   5.0 450.0                            LAT/LON1/LON2/DLON/H
  519  509  518  529  548  562  563  552  537  522  512  507  503  493  476  456
  439  428  421  414  402  384  362  342  329  325  329  338  348  356  361  362
  361  356  349  341  335  333  333  331  325  313  298  281  265  251  236  222
  208  197  193  197  211  231  255  280  305  330  355  379  402  421  438  453
  468  477  476  464  470  464  458  471  519                                   
    25.0-180.0 180.0   5.0 450.0                            LAT/LON1/LON2/DLON/H
  583  552  563  583  608  631  638  628  609  588  572  562  554  541  520  497
  476  461  450  438  422  401  381  365  358  360  369  382  394  402  405  403
  397  385  369  352  339  332  330  328  323  312  298  281  265  249  233  218
  203  191  186  190  203  225  253  282  311  341  370  398  424  447  467  487
  506  519  518  506  514  506  506  524  583                                   
    22.5-180.0 180.0   5.0 450.0                            LAT/LON1/LON2/DLON/H
  655  603  617  648  676  709  724  718  696  669  645  629  614  595  569  540
  514  494  477  460  441  422  406  398  397  405  418  430  439  442  439  431
  417  397  372  347  328  316  312  310  307  299  287  272  257  242  227  212
  198  186  181  184  198  221  251  284  318  351  383  414  442  468  492  516
  541  559  562  555  566  558  564  588  655                                   
    20.0-180.0 180.0   5.0 450.0                            LAT/LON1/LON2/DLON/H
  714  654  675  716  746  788  811  809  788  757  726  702  681  655  623  588
  556  529  505  484  463  448  440  441  448  458  467  472  471  463  450  432
  411  384  354  325  302  288  283  282  280  276  267  256  244  232  218  205
  191  181  176  179  193  217  250  286  323  359  394  426  456  484  511  539
  569  593  602  602  617  611  623  651  714                                   
    17.5-180.0 180.0   5.0 450.0                            LAT/LON1/LON2/DLON/H
  749  697  726  774  807  853  882  886  868  837  804  775  748  718  680  639
  601  568  539  513  494  484  484  492  501  507  505  495  476  453  429  404
  378  349  319  290  268  256  251  250  250  248  244  237  229  220  209  197
  185  175  170  173  187  212  247  287  327  365  400  434  465  495  524  556
  590  617  633  641  658  655  672  702  749                                   
    15.0-180.0 180.0   5.0 450.0                            LAT/LON1/LON2/DLON/H
  763  728  765  813  846  893  924  932  920  895  865  836  809  776  737  693
  650  612  578  550  532  526  531  541  546  539  518  485  447  411  380  353
  328  303  277  254  237  226  222  222  223  223  222  219  215  209  200  189
  178  169  163  166  179  204  240  282  325  365  403  438  471  503  535  569
  604  634  655  669  686  687  707  736  763                                   
    12.5-180.0 180.0   5.0 450.0                            LAT/LON1/LON2/DLON/H
  766  750  790  831  859  903  932  942  937  920  898  876  853  824  786  742
  698  658  622  593  575  569  573  576  568  541  495  441  390  350  320  298
  280  262  244  228  215  208  204  204  204  205  206  206  205  201  192  182
  170  160  154  155  166  190  226  270  316  359  400  438  475  511  545  580
  615  644  668  687  704  706  727  756  766                                   
    10.0-180.0 180.0   5.0 450.0                            LAT/LON1/LON2/DLON/H
  767  766  806  835  856  891  913  922  922  914  902  889  874  852  820  781
  739  700  664  635  614  603  598  587  559  508  441  376  325  291  271  258
  248  238  227  217  210  204  201  198  197  197  198  200  200  195  186  174
  161  149  141  139  148  170  206  251  299  346  391  434  477  517  555  591
  625  652  676  697  714  718  739  768  767                                   
     7.5-180.0 180.0   5.0 450.0                            LAT/LON1/LON2/DLON/H
  771  780  818  834  845  868  880  885  886  885  882  878  872  859  835  802
  765  730  696  665  639  618  598  567  517  447  372  311  272  254  247  244
