data/edconvlstm_nd/pred2900.15i
     1.0            IONOSPHERE MAPS     GNSS                IONEX VERSION / TYPE
pyspatialgeodesy        IME             05-JAN-18 20:20     PGM / RUN BY / DATE 
Map Name                                                    COMMENT             
Predicted global ionosphere maps (GIM).                     DESCRIPTION         
  2015    10    17     0     0     0                        EPOCH OF FIRST MAP  
  2015    10    18     0     0     0                        EPOCH OF LAST MAP   
  7200                                                      INTERVAL            
    13                                                      # OF MAPS IN FILE   
  NONE                                                      MAPPING FUNCTION    
10.0                                                        ELEVATION CUTOFF    
One-way carrier phase leveled to code                       OBSERVABLES USED    
  6371.0                                                    BASE RADIUS         
 2                                                          MAP DIMENSION       
   450.0 450.0   0.0                                        HGT1 / HGT2 / DHGT  
    87.5 -87.5  -2.5                                        LAT1 / LAT2 / DLAT  
  -180.0 180.0   5.0                                        LON1 / LON2 / DLON  
    -1                                                      EXPONENT            
                                                            END OF HEADER       
[from data line 2574]
     7                                                      START OF TEC MAP    
  2015    10    17    12     0     0                        EPOCH OF CURRENT MAP
    87.5-180.0 180.0   5.0 450.0                            LAT/LON1/LON2/DLON/H
   49   62   65   70   74   74   75   73   74   77   78   80   80   81   82   82
   82   82   82   82   82   82   81   81   81   81   80   80   80   79   78   77
   76   75   73   72   70   69   67   65   64   62   61   60   59   58   57   57
   56   56   55   55   55   55   54   54   54   54   54   54   54   55   55   55
   57   58   56   54   58   61   75   78   49                                   
    85.0-180.0 180.0   5.0 450.0                            LAT/LON1/LON2/DLON/H
   50   72   85   73   75   80   80   82   83   86   86   87   88   88   88   89
   89   89   89   89   89   89   90   90   91   91   91   91   91   91   91   90
   89   87   85   83   81   79   76   74   72   70   68   66   65   64   63   62
   62   61   61   61   61   61   61   62   62   62   63   63   64   64   65   66
   67   68   64   62   65   70   78   75   50                                   
    82.5-180.0 180.0   5.0 450.0                            LAT/LON1/LON2/DLON/H
   42   61   74   66   69   72   74   76   78   80   81   83   83   83   83   83
   83   83   83   83   84   84   85   86   88   89   90   92   93   93   93   93
   92   90   88   86   83   80   77   74   71   68   65   63   62   60   59   58
   57   57   56   56   56   56   55   55   55   55   55   55   56   56   56   57
   58   58   56   54   61   70   70   68   42                                   
    80.0-180.0 180.0   5.0 450.0                            LAT/LON1/LON2/DLON/H
   37   51   65   58   62   61   64   66   69   71   72   73   73   73   73   72
   72   72   72   72   72   74   75   77   80   82   85   88   91   93   94   95
   94   93   91   88   85   81   77   74   70   67   64   62   60   59   58   57
   56   56   56   55   55   54   53   53   52   51   51   51   51   50   50   51
   51   52   51   50   54   63   64   66   37                                   
    77.5-180.0 180.0   5.0 450.0                            LAT/LON1/LON2/DLON/H
   45   51   54   48   50   51   54   55   59   60   60   62   62   62   62   61
   61   60   60   60   61   62   64   67   70   74   78   83   87   90   93   94
   95   94   92   89   85   81   77   73   70   67   64   63   61   61   61   61
   61   61   60   60   59   58   56   55   53   52   50   49   48   47   46   46
   45   45   44   45   46   49   54   58   45                                   
    75.0-180.0 180.0   5.0 450.0                            LAT/LON1/LON2/DLON/H
   33   41   41   39   41   43   44   45   47   49   49   51   51   51   50   50
   49   49   49   49   50   52   54   57   62   67   72   78   83   88   92   94
   96   95   93   91   87   83   80   77   74   72   70   70   70   70   71   71
   72   72   71   70   68   66   63   60   57   54   52   50   48   46   45   44
   43   42   42   40   43   43   45   43   33                                   
    72.5-180.0 180.0   5.0 450.0                            LAT/LON1/LON2/DLON/H
   32   36   35   34   34   36   37   38   39   41   41   42   43   43   43   43
   43   43   43   43   44   46   48   52   56   61   68   74   80   86   91   94
   96   96   94   92   89   86   84   82   80   79   79   80   81   83   84   85
   86   85   84   82   79   74   70   65   61   56   53   50   47   45   43   42
   41   40   41   39   42   41   43   44   32                                   
    70.0-180.0 180.0   5.0 450.0                            LAT/LON1/LON2/DLON/H
   29   32   33   33   32   32   32   33   35   37   37   39   39   40   40   40
   41   41   41   42   43   45   48   52   56   62   68   74   81   87   92   95
   97   98   97   95   93   91   90   89   90   91   93   95   97   99  101  102
  101  100   97   93   88   81   75   69   63   57   53   50   47   45   43   43
   42   41   42   40   42   41   46   46   29                                   
    67.5-180.0 180.0   5.0 450.0                            LAT/LON1/LON2/DLON/H
   27   31   31   31   31   31   32   33   34   36   36   38   39   40   41   41
   42   43   45   46   48   50   53   57   61   65   70   76   81   86   91   94
   96   97   96   95   94   94   94   96   98  101  104  107  110  112  113  113
  112  109  104   98   91   83   75   67   61   55   51   48   46   44   43   43
   43   42   43   40   42   42   45   44   27                                   
    65.0-180.0 180.0   5.0 450.0                            LAT/LON1/LON2/DLON/H
   25   30   30   31   30   31   32   33   35   36   37   38   39   40   41   43
   44   47   49   52   55   59   62   65   69   72   76   80   84   88   92   95
   97   98   98   98   98   99  101  104  108  112  116  119  122  123  123  122
  119  114  108  100   90   81   71   63   56   51   48   45   44   43   43   43
   43   43   44   42   44   45   47   47   25                                   
    62.5-180.0 180.0   5.0 450.0                            LAT/LON1/LON2/DLON/H
   24   30   30   31   30   31   32   33   35   37   37   39   39   41   42   44
   46   49   53   57   62   67   71   75   78   80   82   85   88   91   94   97
   99  100  100  101  101  103  106  111  116  120  124  127  129  129  128  125
  121  115  107   97   87   76   66   57   51   46   44   42   41   41   41   41
   41   41   42   41   43   44   47   47   24                                   
    60.0-180.0 180.0   5.0 450.0                            LAT/LON1/LON2/DLON/H
   26   31   30   31   29   29   30   31   33   35   35   37   38   39   40   42
   44   48   53   59   65   72   77   81   84   86   87   89   91   94   97  100
  103  104  104  105  106  108  112  117  122  126  129  131  131  130  128  125
  120  113  104   94   83   71   61   53   47   43   41   40   40   40   40   39
   39   38   40   39   41   42   44   44   26                                   
    57.5-180.0 180.0   5.0 450.0                            LAT/LON1/LON2/DLON/H
   29   33   32   32   30   29   30   31   33   34   35   36   36   37   38   39
   42   45   51   58   66   74   81   87   90   92   93   95   97  100  104  108
  111  112  113  114  115  117  121  126  130  134  136  137  136  134  131  128
  123  116  108   97   86   75   65   57   52   48   47   46   46   45   44   43
   41   40   41   40   42   42   44   44   29                                   
    55.0-180.0 180.0   5.0 450.0                            LAT/LON1/LON2/DLON/H
   35   38   37   35   32   31   31   31   33   34   34   35   35   35   35   36
   38   42   48   55   65   74   83   90   95   98   99  101  104  108  113  118
  122  124  125  125  126  128  132  136  139  142  143  143  141  139  137  134
  130  124  117  107   96   85   75   68   63   60   59   58   58   56   54   51
   48   45   46   44   46   45   46   46   35                                   
    52.5-180.0 180.0   5.0 450.0                            LAT/LON1/LON2/DLON/H
   45   46   45   42   38   36   35   34   35   35   35   35   35   34   34   34
   35   39   45   53   63   74   85   93   99  103  106  108  112  117  123  129
  134  138  139  139  140  141  144  148  150  152  152  151  149  148  146  144
  142  138  131  122  112  101   92   85   80   77   76   75   74   72   69   65
   60   56   56   53   54   53   53   53   45                                   
    50.0-180.0 180.0   5.0 450.0                            LAT/LON1/LON2/DLON/H
   57   57   56   53   47   46   43   41   40   39   38   38   36   35   34   34
   35   39   44   53   64   75   87   97  104  110  113  117  121  126  133  141
  147  151  152  153  153  155  158  161  163  164  163  162  160  159  159  158
  157  154  148  139  129  119  109  102   98   95   93   93   91   89   86   81
   76   71   69   65   66   65   65   64   57                                   
    47.5-180.0 180.0   5.0 450.0                            LAT/LON1/LON2/DLON/H
   70   70   69   66   59   59   55   52   50   48   45   43   41   39   38   38
   39   42   48   56   67   79   91  102  111  118  122  126  130  135  142  150
  156  161  164  165  167  169  172  175  176  177  176  174  173  173  173  173
  172  169  163  154  143  133  124  117  112  109  108  107  106  104  101   97
   92   87   84   79   79   79   80   78   70                                   
    45.0-180.0 180.0   5.0 450.0                            LAT/LON1/LON2/DLON/H
   80   82   81   79   73   73   69   65   62   59   55   52   50   47   46   45
   46   49   55   63   73   85   98  109  119  127  132  135  138  142  148  155
  162  168  172  175  179  183  187  190  191  191  190  188  187  187  187  187
  185  180  173  163  152  141  131  124  119  116  115  115  114  113  111  108
  104  100   97   92   92   93   94   92   80                                   
    42.5-180.0 180.0   5.0 450.0                            LAT/LON1/LON2/DLON/H
   86   90   89   89   84   85   81   78   74   71   67   64   61   58   56   56
   57   60   65   72   82   93  105  117  128  137  142  144  145  147  151  157
  164  171  177  184  190  197  202  206  207  206  204  202  201  199  199  197
  193  187  177  166  154  142  132  124  120  117  116  116  116  115  114  113
  110  107  104  100  101  103  103  101   86                                   
    40.0-180.0 180.0   5.0 450.0                            LAT/LON1/LON2/DLON/H
   86   91   91   93   91   92   90   88   84   82   78   76   73   71   69   69
   69   72   76   83   92  102  114  126  137  146  151  153  152  151  153  158
  165  174  183  193  203  213  220  224  225  223  220  216  213  211  208  205
  199  191  180  167  153  140  130  122  117  115  114  113  113  112  112  112
  110  108  106  102  102  104  104  102   86                                   
    37.5-180.0 180.0   5.0 450.0                            LAT/LON1/LON2/DLON/H
   81   87   87   91   91   93   92   92   90   89   87   86   84   83   82   82
   82   84   87   93  101  111  122  134  146  155  160  161  158  156  156  161
  170  180  193  206  220  232  241  246  245  242  236  231  227  223  219  214
  208  198  187  173  158  144  132  123  118  115  114  113  111  110  108  108
  106  104  102   98   98   98   98   96   81                                   
    35.0-180.0 180.0   5.0 450.0                            LAT/LON1/LON2/DLON/H
   75   80   80   84   85   88   89   90   91   91   92   93   93   94   94   93
   93   93   96  101  109  118  128  141  153  163  169  169  166  164  165  171
  181  194  210  226  243  257  267  271  269  264  257  250  244  239  235  230
  224  216  205  191  175  159  146  136  130  127  124  122  118  113  109  106
  103  100   99   93   91   89   88   87   75                                   
    32.5-180.0 180.0   5.0 450.0                            LAT/LON1/LON2/DLON/H
   70   74   72   76   77   79   81   84   86   89   92   96   99  102  103  102
  101  100  103  107  115  124  134  147  160  171  178  179  178  177  180  189
  202  218  236  254  272  288  298  301  298  291  282  274  268  263  261  258
  255  249  240  227  211  193  177  165  158  154  150  145  138  129  120  113
  107  102   99   92   89   83   81   80   70                                   
    30.0-180.0 180.0   5.0 450.0                            LAT/LON1/LON2/DLON/H
   70   72   68   69   70   71   73   75   78   82   88   94  100  105  108  107
  105  105  107  112  119  129  140  153  166  178  187  191  193  196  204  217
  234  253  271  290  308  323  333  335  331  323  314  306  301  298  298  299
  300  299  293  282  265  246  227  212  203  197  193  186  175  160  145  133
  122  114  109   99   94   85   82   79   70                                   
    27.5-180.0 180.0   5.0 450.0                            LAT/LON1/LON2/DLON/H
   78   77   71   69   68   67   67   68   71   75   81   89   98  104  108  108
  106  106  108  115  123  134  145  159  173  186  196  204  211  221  236  254
  275  295  314  332  348  362  371  373  369  361  353  346  343  343  347  352
  358  362  360  351  334  312  289  272  260  254  249  240  226  206  186  167
  151  139  130  117  110   97   91   86   78                                   
    25.0-180.0 180.0   5.0 450.0                            LAT/LON1/LON2/DLON/H
   94   90   81   77   74   71   69   66   67   70   75   83   92   99  104  105
  104  104  109  116  127  139  152  165  180  194  207  219  232  249  271  296
  321  342  360  376  390  402  409  411  409  403  398  394  394  398  405  415
  425  433  434  425  407  382  357  336  323  316  310  301  285  262  236  212
  190  175  161  146  137  121  110  102   94                                   
    22.5-180.0 180.0   5.0 450.0                            LAT/LON1/LON2/DLON/H
  117  111   98   92   88   82   78   73   70   70   73   78   85   92   96   97
   98  101  107  118  131  145  158  172  187  202  217  234  253  278  308  339
  367  389  406  419  429  439  445  448  448  447  446  447  450  458  468  481
  493  502  504  494  474  446  417  394  379  371  365  357  341  317  289  261
  235  217  198  184  172  153  136  126  117                                   
    20.0-180.0 180.0   5.0 450.0                            LAT/LON1/LON2/DLON/H
  145  137  121  112  105   98   94   86   80   76   75   76   79   83   86   88
   90   96  106  120  135  151  166  180  195  210  228  249  275  307  342  378
  408  431  445  455  463  470  476  481  485  489  493  499  506  516  528  540
  551  558  556  544  520  490  459  434  418  410  405  398  384  362  334  305
  277  257  235  224  209  189  167  154  145                                   
    17.5-180.0 180.0   5.0 450.0                            LAT/LON1/LON2/DLON/H
  172  163  147  134  124  116  111  102   94   87   81   77   76   77   78   79
   83   91  105  122  141  158  173  188  204  221  241  265  296  333  372  410
  441  462  475  482  487  492  499  507  516  526  536  546  556  566  576  584
  590  591  584  567  541  509  477  451  435  426  422  417  407  389  364  337
  309  290  267  258  241  221  198  184  172                                   
    15.0-180.0 180.0   5.0 450.0                            LAT/LON1/LON2/DLON/H
  193  186  170  154  142  133  128  119  108   98   89   81   76   73   72   73
   78   89  106  126  147  165  182  198  214  233  256  283  317  356  396  433
  462  481  492  497  501  506  514  526  540  554  569  581  592  600  606  609
  607  600  586  565  537  505  474  449  433  424  419  415  408  395  377  353
  329  312  290  283  266  247  224  210  193                                   
    12.5-180.0 180.0   5.0 450.0                            LAT/LON1/LON2/DLON/H
  208  202  188  170  156  147  142  132  121  109   97   87   79   74   71   71
   78   91  110  132  154  174  192  209  227  248  273  303  338  376  413  447
  473  489  498  502  506  513  523  538  555  574  591  604  614  619  619  614
  605  591  572  548  520  489  460  436  419  409  402  398  393  385  373  356
  337  322  304  298  283  266  244  228  208                                   
    10.0-180.0 180.0   5.0 450.0                            LAT/LON1/LON2/DLON/H
  218  212  201  181  167  156  151  142  130  118  106   94   85   78   74   74
   81   95  116  139  162  183  202  221  242  265  293  324  358  392  425  453
  475  489  497  501  506  514  527  544  564  584  602  614  621  622  618  608
  592  573  551  527  499  471  444  422  404  390  380  374  369  365  359  349
  335  324  311  305  293  277  256  240  218                                   
     7.5-180.0 180.0   5.0 450.0                            LAT/LON1/LON2/DLON/H
  226  221  209  188  173  160  155  146  135  124  112  102   93   86   81   81
   88  103  124  148  171  193  214  234  258  284  313  344  375  405  431  454
