data/edconvlstm_nd/pred0880.15i
     1.0            IONOSPHERE MAPS     GNSS                IONEX VERSION / TYPE
pyspatialgeodesy        IME             05-JAN-18 20:20     PGM / RUN BY / DATE 
Map Name                                                    COMMENT             
Predicted global ionosphere maps (GIM).                     DESCRIPTION         
  2015     3    29     0     0     0                        EPOCH OF FIRST MAP  
  2015     3    30     0     0     0                        EPOCH OF LAST MAP   
  7200                                                      INTERVAL            
    13                                                      # OF MAPS IN FILE   
  NONE                                                      MAPPING FUNCTION    
10.0                                                        ELEVATION CUTOFF    
One-way carrier phase leveled to code                       OBSERVABLES USED    
  6371.0                                                    BASE RADIUS         
 2                                                          MAP DIMENSION       
   450.0 450.0   0.0                                        HGT1 / HGT2 / DHGT  
    87.5 -87.5  -2.5                                        LAT1 / LAT2 / DLAT  
  -180.0 180.0   5.0                                        LON1 / LON2 / DLON  
    -1                                                      EXPONENT            
                                                            END OF HEADER       
[from data line 429]
     2                                                      START OF TEC MAP    
  2015     3    29     2     0     0                        EPOCH OF CURRENT MAP
    87.5-180.0 180.0   5.0 450.0                            LAT/LON1/LON2/DLON/H
  165  169  170  167  165  162  157  156  156  155  155  155  155  155  154  154
  153  153  152  151  150  149  147  146  144  143  141  139  138  137  136  135
  135  135  135  136  137  138  140  142  144  146  149  151  154  156  158  160
  162  164  166  168  169  170  171  172  173  173  174  174  174  173  173  173
  173  174  172  171  170  168  168  177  165                                   
    85.0-180.0 180.0   5.0 450.0                            LAT/LON1/LON2/DLON/H
  169  176  165  169  170  166  164  162  162  161  161  161  161  160  160  159
  159  158  157  155  154  152  150  148  145  143  140  138  135  133  132  130
  129  129  130  130  132  134  137  140  143  146  150  154  157  161  164  167
  170  173  176  178  180  182  184  186  187  188  189  189  189  189  188  188
  189  189  186  187  177  175  175  179  169                                   
    82.5-180.0 180.0   5.0 450.0                            LAT/LON1/LON2/DLON/H
  172  175  175  172  170  166  163  163  163  162  162  163  163  163  163  162
  161  160  159  157  154  151  148  145  141  138  134  130  126  122  120  117
  116  115  116  117  119  122  125  130  134  139  144  149  154  158  163  168
  172  176  180  184  188  191  195  198  200  202  204  205  206  206  206  206
  205  204  201  198  195  184  184  179  172                                   
    80.0-180.0 180.0   5.0 450.0                            LAT/LON1/LON2/DLON/H
  177  183  176  172  169  167  167  167  168  168  169  170  171  172  172  171
  170  169  167  164  161  157  153  148  143  138  133  127  122  117  113  110
  108  108  108  110  113  117  121  127  132  138  144  149  155  161  166  171
  176  181  186  190  195  199  204  208  211  215  218  220  222  223  223  224
  223  220  215  211  210  201  206  195  177                                   
    77.5-180.0 180.0   5.0 450.0                            LAT/LON1/LON2/DLON/H
  189  190  184  180  173  170  172  173  174  175  176  179  181  182  182  181
  179  177  174  170  167  162  158  153  147  141  135  129  123  118  113  110
  108  108  109  111  115  119  124  130  136  141  147  152  157  162  167  172
  177  182  187  192  197  202  208  213  218  223  227  231  234  236  238  240
  239  237  231  228  226  219  220  215  189                                   
    75.0-180.0 180.0   5.0 450.0                            LAT/LON1/LON2/DLON/H
  205  206  197  193  184  182  182  181  184  185  187  190  191  191  190  188
  185  181  177  173  169  165  160  155  150  144  138  132  126  120  116  112
  110  110  111  114  118  122  127  132  138  143  147  152  156  160  164  168
  172  177  182  187  193  199  205  211  218  223  229  234  239  242  245  249
  249  249  246  239  237  235  238  237  205                                   
    72.5-180.0 180.0   5.0 450.0                            LAT/LON1/LON2/DLON/H
  218  225  217  210  201  197  196  196  198  200  202  204  204  202  198  193
  187  181  176  172  168  164  161  157  153  148  142  136  130  125  121  118
  116  116  117  119  122  126  130  135  139  143  146  149  152  155  158  161
  165  169  174  180  186  193  200  206  213  220  226  232  237  242  247  252
  255  257  257  254  252  249  253  254  218                                   
    70.0-180.0 180.0   5.0 450.0                            LAT/LON1/LON2/DLON/H
  241  244  236  229  219  212  210  210  212  214  215  217  215  209  201  192
  183  175  168  163  160  158  156  153  150  146  141  136  131  126  122  119
  118  117  118  120  122  124  127  130  132  134  136  138  140  142  145  148
  152  157  163  169  176  184  191  199  207  214  221  227  233  238  244  250
  255  259  263  263  264  265  271  272  241                                   
    67.5-180.0 180.0   5.0 450.0                            LAT/LON1/LON2/DLON/H
  259  263  254  245  234  226  222  221  224  226  227  227  223  215  203  190
  178  168  160  155  153  151  150  149  146  143  138  133  128  124  120  117
  116  115  114  115  115  116  117  118  118  119  120  121  123  125  128  132
  137  143  150  158  167  176  185  193  201  209  216  222  228  233  238  245
  251  256  262  265  270  273  281  285  259                                   
    65.0-180.0 180.0   5.0 450.0                            LAT/LON1/LON2/DLON/H
  274  276  266  256  245  234  228  227  230  233  235  235  229  219  204  189
  175  163  155  150  147  146  145  143  140  136  131  126  122  118  115  112
  110  109  108  106  105  104  103  102  102  101  102  103  104  107  111  116
  123  132  141  152  162  173  183  192  200  208  215  221  226  231  236  242
  247  253  260  264  270  277  287  292  274                                   
    62.5-180.0 180.0   5.0 450.0                            LAT/LON1/LON2/DLON/H
  285  284  275  262  251  238  230  228  231  234  237  238  232  222  207  191
  177  165  157  152  149  147  144  140  135  129  123  118  114  110  108  106
  104  102  100   97   94   92   89   87   86   85   86   87   89   93   98  106
  115  126  138  151  164  175  186  196  205  213  219  225  230  235  239  244
  249  253  260  263  270  277  288  295  285                                   
    60.0-180.0 180.0   5.0 450.0                            LAT/LON1/LON2/DLON/H
  293  291  281  266  254  238  227  224  226  229  233  234  231  222  210  196
  183  173  166  160  156  151  145  138  130  122  115  110  106  104  103  101
   99   97   94   90   87   83   80   77   75   75   75   77   80   85   92  101
  113  126  141  156  170  183  194  204  213  221  228  235  240  245  249  254
  257  260  265  267  272  278  288  295  293                                   
    57.5-180.0 180.0   5.0 450.0                            LAT/LON1/LON2/DLON/H
  304  300  290  273  260  242  228  222  221  222  225  227  225  220  211  202
  193  186  179  173  167  159  149  138  127  117  110  106  103  102  102  101
   99   97   93   89   85   81   77   74   73   72   73   75   79   85   93  104
  117  132  148  164  179  193  205  215  224  233  240  248  254  260  266  271
  273  275  279  278  280  283  291  299  304                                   
    55.0-180.0 180.0   5.0 450.0                            LAT/LON1/LON2/DLON/H
  318  315  304  287  275  255  238  226  221  218  218  218  217  215  211  207
  202  197  192  185  176  165  153  140  128  118  112  108  107  107  107  106
  104  102   98   94   90   87   83   80   78   77   78   81   85   91  100  111
  125  141  158  175  191  204  216  227  237  246  255  263  271  279  287  294
  297  299  301  297  296  295  301  309  318                                   
    52.5-180.0 180.0   5.0 450.0                            LAT/LON1/LON2/DLON/H
  336  336  325  312  301  280  260  243  231  221  215  212  211  210  210  209
  207  204  199  191  181  169  156  144  134  126  121  119  119  119  119  117
  114  111  108  105  101   98   95   92   90   89   90   92   97  103  111  123
  137  153  170  187  203  217  230  241  251  261  270  280  290  301  311  321
  326  330  330  323  318  314  318  326  336                                   
    50.0-180.0 180.0   5.0 450.0                            LAT/LON1/LON2/DLON/H
  357  361  352  345  335  316  295  273  254  236  222  213  209  207  208  209
  208  205  199  190  180  170  160  151  145  141  139  138  138  137  135  131
  127  123  119  117  115  113  111  108  105  104  105  107  111  117  125  136
  150  166  184  201  218  232  246  257  268  278  288  299  311  323  335  348
  356  362  364  355  347  340  342  350  357                                   
    47.5-180.0 180.0   5.0 450.0                            LAT/LON1/LON2/DLON/H
  378  387  383  382  374  358  338  313  287  261  239  223  214  209  209  208
  206  201  194  185  177  171  166  163  161  161  161  161  160  156  151  144
  138  133  130  129  129  128  127  124  122  120  120  122  126  132  140  151
  164  180  198  217  234  250  264  276  287  297  308  319  330  342  356  370
  382  392  395  387  378  370  370  376  378                                   
    45.0-180.0 180.0   5.0 450.0                            LAT/LON1/LON2/DLON/H
  396  408  408  414  408  398  382  356  327  295  265  243  227  218  214  209
  203  195  187  180  176  175  176  178  182  184  185  183  178  171  162  152
  144  139  137  138  140  141  141  139  137  135  135  137  141  146  154  165
  179  195  214  234  253  270  285  297  308  318  328  338  348  359  372  387
  401  413  421  416  408  400  399  401  396                                   
    42.5-180.0 180.0   5.0 450.0                            LAT/LON1/LON2/DLON/H
  410  420  422  430  428  424  414  393  364  329  295  268  248  234  224  214
  203  192  184  180  181  185  192  198  203  205  203  197  188  178  166  155
  147  143  142  145  149  153  154  152  150  148  148  150  154  160  168  179
  193  210  230  251  272  291  306  319  329  338  347  356  365  374  385  400
  415  430  441  441  436  429  427  423  410                                   
    40.0-180.0 180.0   5.0 450.0                            LAT/LON1/LON2/DLON/H
  421  423  421  426  428  430  426  412  388  355  322  294  273  255  240  224
  209  197  190  190  196  204  212  219  222  220  213  203  190  178  167  159
  153  150  151  155  160  165  166  165  162  160  160  163  167  173  181  192
  206  224  244  267  289  309  325  338  348  357  366  374  382  391  402  415
  430  446  460  465  463  459  455  443  421                                   
    37.5-180.0 180.0   5.0 450.0                            LAT/LON1/LON2/DLON/H
  434  423  412  408  413  417  418  412  395  369  341  317  296  278  259  239
  221  209  205  210  219  228  235  238  235  227  215  202  189  179  173  169
  167  167  169  173  177  180  181  179  176  173  173  175  180  185  193  202
  215  233  254  278  302  323  340  354  365  375  385  395  405  416  428  442
  457  473  488  494  494  495  487  468  434                                   
    35.0-180.0 180.0   5.0 450.0                            LAT/LON1/LON2/DLON/H
  457  435  413  395  397  398  398  397  388  370  350  332  315  298  277  256
  238  227  228  236  246  253  254  250  241  228  215  202  194  190  192  195
  198  200  201  202  203  203  201  197  193  189  188  189  192  196  201  209
  220  237  258  283  308  331  350  365  378  391  404  419  435  451  467  483
  499  515  531  535  538  542  528  505  457                                   
    32.5-180.0 180.0   5.0 450.0                            LAT/LON1/LON2/DLON/H
  504  474  439  406  397  390  385  382  377  366  354  342  329  313  293  272
  255  248  252  261  269  270  265  254  242  230  219  212  212  219  230  242
  249  251  249  245  239  234  228  221  214  208  204  203  204  205  207  211
  220  235  256  281  306  330  351  369  384  400  418  440  464  489  512  534
  553  572  587  590  596  602  583  557  504                                   
    30.0-180.0 180.0   5.0 450.0                            LAT/LON1/LON2/DLON/H
  581  549  500  452  430  412  395  386  378  369  359  351  340  325  306  286
  271  266  270  277  280  275  264  253  243  238  236  240  251  270  293  312
  322  321  312  299  285  272  260  249  238  229  222  217  214  211  208  209
  215  229  249  272  298  322  344  363  382  401  424  453  486  521  556  586
  612  636  653  655  665  676  652  626  581                                   
    27.5-180.0 180.0   5.0 450.0                            LAT/LON1/LON2/DLON/H
  685  657  598  539  501  471  441  419  403  390  378  367  354  336  316  296
  282  276  277  279  276  267  257  251  252  259  271  288  313  345  378  401
  409  400  381  356  332  311  293  278  263  250  238  229  221  213  206  204
  208  220  239  262  286  311  334  356  377  400  428  463  504  549  594  635
  670  701  721  726  738  759  738  715  685                                   
    25.0-180.0 180.0   5.0 450.0                            LAT/LON1/LON2/DLON/H
  803  784  727  663  607  565  520  484  457  435  416  398  377  354  329  306
  289  279  274  268  260  252  249  256  273  296  323  355  392  434  471  492
  491  472  441  406  373  344  320  300  281  264  249  236  223  211  201  196
  199  211  231  254  278  303  328  352  377  403  435  474  520  573  626  676
  720  758  784  796  809  842  833  818  803                                   
    22.5-180.0 180.0   5.0 450.0                            LAT/LON1/LON2/DLON/H
  910  906  862  802  731  678  622  574  535  504  475  446  416  383  351  323
  301  283  269  256  247  244  254  276  309  348  388  429  474  518  551  562
  550  518  477  434  394  359  331  307  286  267  250  234  219  204  192  186
  190  204  226  250  276  302  329  356  384  414  448  489  537  593  651  706
  757  799  833  854  869  910  922  919  910                                   
    20.0-180.0 180.0   5.0 450.0                            LAT/LON1/LON2/DLON/H
  982 1000  980  929  851  792  730  673  627  587  549  510  468  426  388  354
  324  298  275  258  250  256  279  316  362  410  455  497  537  572  593  591
  566  526  478  431  387  350  319  295  274  255  238  223  207  192  179  175
  181  199  224  251  278  306  336  367  398  431  467  508  556  611  669  726
  779  823  864  894  911  951  982  993  982                                   
    17.5-180.0 180.0   5.0 450.0                            LAT/LON1/LON2/DLON/H
 1015 1055 1062 1022  947  890  828  768  717  672  628  581  531  483  439  400
  365  333  304  285  281  295  328  375  426  473  509  538  562  581  585  570
  536  490  441  394  352  316  287  264  246  231  217  204  190  177  166  164
  174  196  225  254  283  313  345  379  415  451  489  531  578  629  683  737
  789  831  873  910  930  961 1003 1026 1015                                   
    15.0-180.0 180.0   5.0 450.0                            LAT/LON1/LON2/DLON/H
 1019 1075 1101 1069 1006  958  902  845  794  748  701  651  598  546  501  461
  424  388  357  339  339  361  401  448  492  522  536  540  541  540  530  506
  467  422  378  337  301  270  245  226  213  202  193  184  173  162  154  155
  168  194  225  256  286  317  352  391  430  471  512  555  601  648  695  742
  789  824  863  900  921  945  987 1016 1019                                   
    12.5-180.0 180.0   5.0 450.0                            LAT/LON1/LON2/DLON/H
 1004 1062 1094 1071 1025  992  946  896  850  806  760  711  660  611  567  529
  493  459  430  416  421  448  486  523  545  544  526  502  482  467  449  422
  385  346  309  278  251  227  207  194  185  179  174  167  160  151  145  148
  163  190  222  254  284  317  355  397  442  487  531  575  620  664  705  744
  782  810  842  873  893  911  947  977 1004                                   
    10.0-180.0 180.0   5.0 450.0                            LAT/LON1/LON2/DLON/H
  978 1026 1056 1039 1013  995  960  918  879  841  800  757  712  668  629  596
  565  535  512  504  515  540  568  582  570  533  484  438  407  388  370  345
  314  283  256  234  215  197  182  172  167  164  162  158  152  145  140  143
  159  185  217  247  278  313  354  400  448  495  541  586  632  675  714  747
  777  798  822  845  862  875  902  931  978                                   
     7.5-180.0 180.0   5.0 450.0                            LAT/LON1/LON2/DLON/H
  950  983 1010  998  987  981  955  921  888  855  820  785  747  711  679  652
  626  604  589  587  600  619  626  609  561  493  423  370  339  324  313  294
