data/edconvlstm_nd/pred1610.15i
     1.0            IONOSPHERE MAPS     GNSS                IONEX VERSION / TYPE
pyspatialgeodesy        IME             05-JAN-18 20:20     PGM / RUN BY / DATE 
Map Name                                                    COMMENT             
Predicted global ionosphere maps (GIM).                     DESCRIPTION         
  2015     6    10     0     0     0                        EPOCH OF FIRST MAP  
  2015     6    11     0     0     0                        EPOCH OF LAST MAP   
  7200                                                      INTERVAL            
    13                                                      # OF MAPS IN FILE   
  NONE                                                      MAPPING FUNCTION    
10.0                                                        ELEVATION CUTOFF    
One-way carrier phase leveled to code                       OBSERVABLES USED    
  6371.0                                                    BASE RADIUS         
 2                                                          MAP DIMENSION       
   450.0 450.0   0.0                                        HGT1 / HGT2 / DHGT  
    87.5 -87.5  -2.5                                        LAT1 / LAT2 / DLAT  
  -180.0 180.0   5.0                                        LON1 / LON2 / DLON  
    -1                                                      EXPONENT            
                                                            END OF HEADER       
[from data line 3432]
     9                                                      START OF TEC MAP    
  2015     6    10    16     0     0                        EPOCH OF CURRENT MAP
    87.5-180.0 180.0   5.0 450.0                            LAT/LON1/LON2/DLON/H
  168  166  158  163  165  165  164  163  163  164  164  164  164  164  165  165
  165  165  165  165  165  165  165  165  165  165  165  165  165  165  165  165
  165  165  165  165  165  165  165  166  166  166  167  167  168  168  169  169
  169  170  170  170  170  170  170  170  169  169  169  168  168  167  166  166
  165  165  163  162  171  168  172  168  168                                   
    85.0-180.0 180.0   5.0 450.0                            LAT/LON1/LON2/DLON/H
  161  166  173  167  165  169  169  170  170  171  170  171  171  171  171  171
  171  171  171  171  171  171  171  170  170  170  170  170  170  170  170  170
  169  169  169  169  169  169  169  169  170  171  171  172  173  174  175  175
  176  177  177  178  178  178  178  178  177  177  176  176  175  174  174  173
  173  173  170  167  169  162  166  167  161                                   
    82.5-180.0 180.0   5.0 450.0                            LAT/LON1/LON2/DLON/H
  143  156  159  155  156  160  161  162  161  162  162  163  163  164  164  164
  164  164  164  164  164  164  164  164  164  164  164  164  164  164  164  164
  164  163  163  163  162  163  163  163  164  165  166  168  169  171  173  174
  175  176  177  178  178  178  177  177  176  175  174  172  171  170  168  167
  166  164  161  162  160  164  160  149  143                                   
    80.0-180.0 180.0   5.0 450.0                            LAT/LON1/LON2/DLON/H
  137  146  153  152  152  153  155  158  158  160  161  162  163  163  164  164
  165  165  165  164  164  164  164  165  165  165  166  166  167  167  166  166
  165  165  164  163  162  162  162  163  164  165  167  169  171  173  175  177
  179  180  181  182  182  182  181  180  178  176  174  172  170  168  166  164
  163  161  158  158  153  151  152  144  137                                   
    77.5-180.0 180.0   5.0 450.0                            LAT/LON1/LON2/DLON/H
  140  143  149  150  150  153  153  156  157  158  159  161  163  164  165  166
  166  166  166  166  166  166  167  168  168  169  171  171  172  172  172  172
  171  170  169  168  167  166  166  166  167  169  171  173  176  179  182  185
  187  189  190  190  190  189  188  186  183  181  178  175  172  169  166  164
  161  159  155  155  155  148  149  147  140                                   
    75.0-180.0 180.0   5.0 450.0                            LAT/LON1/LON2/DLON/H
  139  143  145  147  148  152  151  154  156  159  161  163  165  167  169  170
  170  171  171  170  171  171  172  173  174  176  177  178  180  180  180  180
  179  177  175  174  172  171  170  170  171  172  174  177  180  183  187  190
  192  194  195  195  194  192  190  188  185  182  179  176  173  170  167  164
  161  158  156  151  152  147  149  138  139                                   
    72.5-180.0 180.0   5.0 450.0                            LAT/LON1/LON2/DLON/H
  142  145  145  149  149  153  154  156  157  161  163  166  169  171  173  175
  175  175  175  175  175  175  176  177  179  181  183  184  186  187  187  186
  185  183  181  179  177  175  174  173  174  175  177  180  183  186  190  193
  195  196  197  197  195  193  191  189  186  183  181  178  175  172  169  166
  162  159  157  152  151  147  148  144  142                                   
    70.0-180.0 180.0   5.0 450.0                            LAT/LON1/LON2/DLON/H
  148  148  148  151  150  153  154  157  159  162  165  169  172  175  177  179
  179  179  179  178  178  178  178  180  181  183  185  187  188  189  189  188
  187  186  183  181  178  176  174  173  172  173  175  177  180  183  186  188
  190  191  191  190  188  186  183  181  179  178  177  176  174  172  170  167
  163  160  157  153  152  150  152  146  148                                   
    67.5-180.0 180.0   5.0 450.0                            LAT/LON1/LON2/DLON/H
  156  157  157  159  159  162  163  166  168  171  174  178  181  184  186  188
  188  187  186  185  184  184  184  185  187  188  190  191  192  193  193  193
  192  190  188  185  183  180  177  176  175  175  176  178  180  183  185  187
  188  188  187  186  184  181  179  178  177  177  178  179  179  178  177  175
  171  167  163  159  157  154  156  150  156                                   
    65.0-180.0 180.0   5.0 450.0                            LAT/LON1/LON2/DLON/H
  163  165  164  166  166  170  170  172  174  177  180  183  186  189  191  192
  192  191  189  188  186  185  185  186  187  188  190  191  192  192  193  193
  192  191  189  186  183  180  177  175  174  174  174  175  177  178  180  181
  181  181  179  177  175  172  170  169  170  172  174  177  180  181  180  179
  174  170  166  162  160  158  162  156  163                                   
    62.5-180.0 180.0   5.0 450.0                            LAT/LON1/LON2/DLON/H
  168  173  172  175  175  180  179  182  183  185  187  189  191  193  195  196
  196  194  192  190  188  187  186  187  187  189  190  191  192  193  193  194
  194  193  191  188  185  182  179  177  175  175  175  176  177  177  178  178
  178  177  175  172  169  167  165  165  166  169  173  178  182  184  184  183
  178  173  168  163  161  160  164  159  168                                   
    60.0-180.0 180.0   5.0 450.0                            LAT/LON1/LON2/DLON/H
  169  177  176  180  182  187  187  189  190  190  191  192  193  195  196  197
  196  194  192  189  187  186  185  186  187  188  189  191  192  194  195  196
  196  195  194  191  188  185  182  180  178  178  178  178  178  179  178  178
  177  175  173  171  168  165  164  164  165  168  173  178  182  185  185  183
  178  172  166  160  159  158  165  160  169                                   
    57.5-180.0 180.0   5.0 450.0                            LAT/LON1/LON2/DLON/H
  166  177  178  183  186  194  194  196  195  195  193  192  193  194  196  197
  196  194  191  188  186  185  185  185  187  189  191  193  196  198  199  200
  201  200  199  197  194  191  188  186  185  184  184  185  184  184  183  182
  181  179  177  175  172  170  169  168  169  171  175  179  182  184  184  181
  175  169  162  155  154  153  161  158  166                                   
    55.0-180.0 180.0   5.0 450.0                            LAT/LON1/LON2/DLON/H
  160  173  175  183  187  197  199  200  199  197  194  192  192  193  195  196
  196  194  191  188  186  185  185  186  188  191  194  197  201  203  205  207
  207  207  206  204  202  198  195  193  192  192  193  193  193  192  191  189
  188  187  186  184  182  180  178  177  177  177  178  180  181  181  180  178
  171  164  156  149  147  147  156  154  160                                   
    52.5-180.0 180.0   5.0 450.0                            LAT/LON1/LON2/DLON/H
  151  166  170  179  185  197  201  203  201  198  194  191  191  192  195  197
  197  196  193  190  188  187  187  189  191  195  199  203  207  210  212  213
  214  214  213  212  210  207  204  202  201  201  202  203  203  201  200  199
  198  198  197  196  195  193  191  190  188  186  183  181  180  178  176  173
  167  160  152  144  142  141  150  148  151                                   
    50.0-180.0 180.0   5.0 450.0                            LAT/LON1/LON2/DLON/H
  144  158  163  173  181  194  200  203  202  199  194  192  192  194  197  200
  201  200  198  195  193  192  192  194  196  200  204  209  214  217  219  220
  220  221  221  220  218  216  213  211  210  211  212  213  213  211  210  209
  209  209  210  209  209  207  206  203  200  195  190  184  179  175  172  169
  164  158  151  143  139  138  145  143  144                                   
    47.5-180.0 180.0   5.0 450.0                            LAT/LON1/LON2/DLON/H
  138  152  155  166  175  190  197  202  202  200  197  195  196  198  203  206
  208  208  206  204  202  201  200  201  203  207  211  216  220  223  225  225
  226  227  228  228  227  225  223  221  220  221  223  223  223  221  220  219
  220  221  222  222  221  220  219  216  211  205  196  188  180  174  170  168
  165  160  154  146  142  139  144  142  138                                   
    45.0-180.0 180.0   5.0 450.0                            LAT/LON1/LON2/DLON/H
  137  147  149  159  169  184  194  201  203  203  202  202  203  206  211  215
  218  219  218  217  215  213  212  212  213  215  219  223  227  229  230  230
  230  232  235  237  238  237  235  233  233  233  235  235  234  232  230  230
  231  232  233  233  232  230  228  225  221  213  203  193  183  176  173  171
  169  167  163  155  150  145  148  144  137                                   
    42.5-180.0 180.0   5.0 450.0                            LAT/LON1/LON2/DLON/H
  139  146  145  155  164  180  191  200  205  209  210  211  213  217  221  226
  229  232  233  232  231  230  227  226  225  226  228  231  234  235  235  235
  236  240  244  249  252  253  251  249  249  249  250  250  247  245  243  242
  243  244  244  243  240  238  235  232  227  220  211  200  190  183  179  179
  178  178  175  168  161  154  155  150  139                                   
    40.0-180.0 180.0   5.0 450.0                            LAT/LON1/LON2/DLON/H
  145  148  145  153  162  177  189  200  209  215  219  223  225  229  233  237
  242  246  249  250  250  248  245  242  240  239  240  241  243  244  244  244
  246  252  259  267  272  274  274  272  271  272  272  270  266  262  259  258
  258  258  256  253  248  244  241  237  233  227  219  209  200  193  190  190
  190  191  188  183  175  166  165  158  145                                   
    37.5-180.0 180.0   5.0 450.0                            LAT/LON1/LON2/DLON/H
  154  153  147  154  163  177  190  202  214  224  231  235  238  241  245  250
  256  261  266  269  270  268  265  260  257  255  254  255  257  257  258  259
  264  272  282  293  300  304  304  302  302  302  301  298  292  286  281  279
  277  275  270  264  258  252  247  243  239  235  229  221  214  208  205  204
  203  204  202  197  189  178  176  168  154                                   
    35.0-180.0 180.0   5.0 450.0                            LAT/LON1/LON2/DLON/H
  164  160  152  159  166  180  193  207  221  233  242  248  251  253  257  262
  270  277  284  288  289  288  284  280  276  273  272  273  275  277  280  284
  291  302  315  327  337  341  342  341  340  340  338  333  325  316  309  304
  300  295  288  279  270  262  256  251  248  244  241  236  231  225  221  218
  216  216  214  209  200  189  187  178  164                                   
    32.5-180.0 180.0   5.0 450.0                            LAT/LON1/LON2/DLON/H
  176  169  160  167  174  186  200  214  230  244  254  260  263  265  269  276
  285  294  302  307  309  308  304  300  296  294  294  296  300  305  311  319
  330  343  358  371  381  386  386  386  385  384  382  375  364  352  341  333
  325  317  306  296  285  276  268  262  258  255  254  252  249  243  238  231
  226  224  221  217  208  198  196  186  176                                   
    30.0-180.0 180.0   5.0 450.0                            LAT/LON1/LON2/DLON/H
  186  179  170  177  184  196  209  224  240  255  265  272  275  278  283  291
  302  313  321  326  328  327  324  320  317  316  318  322  330  339  350  363
  377  393  407  420  429  432  433  432  432  431  427  418  404  388  374  361
  350  337  324  312  301  291  282  275  270  267  267  267  265  259  251  241
  232  227  224  219  211  202  202  193  186                                   
    27.5-180.0 180.0   5.0 450.0                            LAT/LON1/LON2/DLON/H
  195  188  180  188  195  206  220  234  251  265  276  283  287  291  298  309
  321  333  342  346  347  346  343  340  338  339  343  351  363  378  394  411
  428  444  457  468  474  476  475  474  473  472  467  456  439  420  402  385
  369  353  338  324  313  304  295  287  280  277  277  278  276  270  260  246
  233  225  221  216  210  204  204  196  195                                   
    25.0-180.0 180.0   5.0 450.0                            LAT/LON1/LON2/DLON/H
  199  195  189  197  205  216  229  243  260  274  286  294  300  306  316  328
  342  354  362  366  366  364  362  360  359  361  368  381  397  416  437  457
  475  490  500  507  510  509  507  505  504  502  496  483  464  442  419  398
  378  359  342  328  318  310  302  294  286  282  281  282  281  274  261  245
  229  219  214  209  205  201  203  195  199                                   
    22.5-180.0 180.0   5.0 450.0                            LAT/LON1/LON2/DLON/H
  199  198  195  203  212  222  236  250  267  281  294  304  313  322  334  349
  363  375  382  385  385  383  381  379  379  383  393  408  427  449  472  493
  510  523  530  533  533  530  527  523  521  518  511  497  476  451  425  401
  377  355  336  321  313  307  300  293  286  281  279  279  277  269  256  238
  221  210  203  200  197  195  197  191  199                                   
    20.0-180.0 180.0   5.0 450.0                            LAT/LON1/LON2/DLON/H
  194  196  195  202  213  223  238  252  270  285  300  313  325  338  352  368
  383  394  401  404  403  402  399  397  398  403  414  431  452  475  497  517
  532  541  545  546  543  539  535  531  527  523  514  498  476  449  421  394
  367  342  321  306  298  293  289  284  278  273  271  269  266  258  244  227
  209  198  192  188  187  186  188  183  194                                   
    17.5-180.0 180.0   5.0 450.0                            LAT/LON1/LON2/DLON/H
  183  188  189  195  207  217  233  248  267  285  302  319  335  351  368  384
  399  410  417  420  421  419  417  415  416  421  433  450  470  492  512  529
  542  549  551  550  546  542  538  533  527  521  510  493  469  441  412  382
  354  327  305  288  279  275  272  268  264  260  257  254  250  241  229  213
  197  186  180  176  175  174  175  172  183                                   
    15.0-180.0 180.0   5.0 450.0                            LAT/LON1/LON2/DLON/H
  169  175  177  182  194  204  222  238  259  280  301  321  341  359  378  395
  410  421  429  434  436  436  434  433  433  439  450  467  486  505  522  536
  546  552  553  551  547  544  540  534  527  517  504  485  461  433  403  373
  344  316  292  274  262  257  253  251  247  244  241  237  232  223  212  198
  184  175  169  165  163  161  160  157  169                                   
    12.5-180.0 180.0   5.0 450.0                            LAT/LON1/LON2/DLON/H
  152  159  160  164  176  185  205  223  247  271  296  319  342  362  382  399
  414  427  437  444  449  451  451  450  451  457  468  483  500  516  530  542
  550  554  555  553  551  549  545  538  529  517  502  482  458  430  400  370
  341  313  288  267  253  243  238  234  231  228  225  221  215  206  197  185
  174  166  160  155  151  147  144  141  152                                   
    10.0-180.0 180.0   5.0 450.0                            LAT/LON1/LON2/DLON/H
  135  143  142  146  156  165  186  206  233  260  288  314  338  360  379  397
  413  428  441  451  459  463  465  466  468  475  487  501  516  529  541  550
  556  559  560  559  558  557  554  546  535  522  505  485  461  434  405  376
  348  320  294  271  252  237  228  221  218  215  211  206  200  192  184  175
  166  160  152  147  141  134  129  126  135                                   
     7.5-180.0 180.0   5.0 450.0                            LAT/LON1/LON2/DLON/H
  121  128  126  129  136  145  167  189  219  249  279  307  332  353  373  391
  409  426  441  454  465  472  477  481  486  495  507  521  535  546  554  561
