data/edconvlstm_nd/pred0530.15i
     1.0            IONOSPHERE MAPS     GNSS                IONEX VERSION / TYPE
pyspatialgeodesy        IME             05-JAN-18 20:20     PGM / RUN BY / DATE 
Map Name                                                    COMMENT             
Predicted global ionosphere maps (GIM).                     DESCRIPTION         
  2015     2    22     0     0     0                        EPOCH OF FIRST MAP  
  2015     2    23     0     0     0                        EPOCH OF LAST MAP   
  7200                                                      INTERVAL            
    13                                                      # OF MAPS IN FILE   
  NONE                                                      MAPPING FUNCTION    
10.0                                                        ELEVATION CUTOFF    
One-way carrier phase leveled to code                       OBSERVABLES USED    
  6371.0                                                    BASE RADIUS         
 2                                                          MAP DIMENSION       
   450.0 450.0   0.0                                        HGT1 / HGT2 / DHGT  
    87.5 -87.5  -2.5                                        LAT1 / LAT2 / DLAT  
  -180.0 180.0   5.0                                        LON1 / LON2 / DLON  
    -1                                                      EXPONENT            
                                                            END OF HEADER       
[from data line 4719]
    12                                                      START OF TEC MAP    
  2015     2    22    22     0     0                        EPOCH OF CURRENT MAP
    87.5-180.0 180.0   5.0 450.0                            LAT/LON1/LON2/DLON/H
  129  116  101  107  109  106  106  104  105  108  108  110  112  114  116  118
  119  121  122  122  123  123  123  123  122  121  120  119  118  117  116  115
  114  113  112  111  111  110  109  109  108  108  108  108  108  108  108  108
  109  109  110  110  110  111  111  111  111  111  111  111  111  110  109  108
  107  106  104  102  112  108  121  126  129                                   
    85.0-180.0 180.0   5.0 450.0                            LAT/LON1/LON2/DLON/H
  125  114  117  107  104  108  108  111  112  115  116  119  121  124  126  129
  130  132  133  134  134  134  134  133  132  131  129  127  126  124  122  120
  119  117  116  114  113  112  111  110  110  109  109  109  109  109  109  110
  110  111  112  113  114  114  115  115  116  116  116  116  115  115  114  113
  113  111  108  105  107  106  106  109  125                                   
    82.5-180.0 180.0   5.0 450.0                            LAT/LON1/LON2/DLON/H
  100   97   97   94   95   99  103  104  105  109  112  116  119  123  126  130
  132  135  136  138  138  138  138  136  134  132  130  127  124  121  119  116
  114  112  110  108  106  105  103  102  101  100   99   98   98   98   98   99
   99  100  102  103  104  106  107  108  109  109  110  110  109  109  108  106
  105  103  101  102  103  112  101  104  100                                   
    80.0-180.0 180.0   5.0 450.0                            LAT/LON1/LON2/DLON/H
   84   86   90   86   88   87   96  100  104  109  114  119  124  129  133  137
  140  142  144  145  145  144  143  141  138  135  131  127  123  119  115  112
  109  107  105  103  101   99   97   96   94   92   91   90   89   89   89   90
   92   93   95   98  100  102  103  105  106  107  107  107  107  106  105  103
  102  100   98   99   95   98   92  103   84                                   
    77.5-180.0 180.0   5.0 450.0                            LAT/LON1/LON2/DLON/H
   98   95  102   97  101  102  110  113  118  122  127  133  138  143  147  150
  153  154  155  156  156  155  153  151  147  143  139  134  129  125  121  118
  115  113  111  110  108  107  104  102   99   96   93   90   88   87   87   88
   89   91   93   96   98  101  103  104  106  107  107  107  107  106  106  105
  104  103  103  105  104  104  105  121   98                                   
    75.0-180.0 180.0   5.0 450.0                            LAT/LON1/LON2/DLON/H
  110  114  118  113  118  121  126  130  136  142  147  151  155  158  160  161
  161  161  160  160  158  157  155  152  149  145  140  134  129  124  120  117
  115  114  113  113  112  110  108  105  101   97   93   89   87   85   84   85
   86   88   90   93   95   97   98  100  100  101  101  101  101  101  101  102
  102  104  106  106  106  108  112  117  110                                   
    72.5-180.0 180.0   5.0 450.0                            LAT/LON1/LON2/DLON/H
  136  142  150  152  154  156  162  165  167  171  173  176  178  178  176  174
  171  167  164  162  160  158  155  153  149  144  138  131  125  120  115  113
  111  111  112  113  113  112  110  107  103   98   93   88   84   82   81   81
   82   84   86   88   90   91   91   91   91   91   90   90   90   91   93   95
   97  102  107  110  112  120  129  140  136                                   
    70.0-180.0 180.0   5.0 450.0                            LAT/LON1/LON2/DLON/H
  162  174  184  185  188  191  194  198  200  203  204  204  201  197  191  184
  176  169  163  158  155  152  150  147  143  138  131  124  117  110  106  102
  101  102  103  104  106  106  104  101   97   91   86   81   78   75   75   75
   76   78   80   81   82   81   80   79   77   75   74   74   74   75   78   83
   87   95  105  113  121  135  150  158  162                                   
    67.5-180.0 180.0   5.0 450.0                            LAT/LON1/LON2/DLON/H
  192  208  221  225  232  236  239  242  241  242  240  238  232  224  214  203
  191  180  171  165  160  157  154  151  146  139  131  121  112  104   98   94
   92   92   94   96   98   98   97   95   91   86   81   77   74   72   72   73
   75   77   79   79   79   77   75   72   69   66   65   64   64   66   70   76
   83   93  105  117  128  148  165  174  192                                   
    65.0-180.0 180.0   5.0 450.0                            LAT/LON1/LON2/DLON/H
  208  230  245  252  261  267  271  273  274  274  271  266  259  248  234  220
  205  191  180  172  166  161  158  153  147  139  129  118  106   96   88   83
   80   79   79   80   81   82   81   79   76   72   68   65   63   62   63   65
   67   69   71   71   70   67   64   60   56   53   51   50   51   53   58   65
   73   86  101  116  132  157  179  188  208                                   
    62.5-180.0 180.0   5.0 450.0                            LAT/LON1/LON2/DLON/H
  220  243  260  270  283  291  296  299  299  299  296  291  283  271  257  241
  225  211  198  189  181  176  170  164  156  146  133  120  107   94   84   77
   72   69   67   66   66   66   66   64   62   59   57   55   54   54   56   58
   60   63   64   64   63   61   57   53   50   47   45   44   46   49   54   62
   71   84  100  115  131  159  181  190  220                                   
    60.0-180.0 180.0   5.0 450.0                            LAT/LON1/LON2/DLON/H
  222  246  265  277  293  303  311  315  317  317  315  311  303  293  280  265
  249  234  221  211  202  194  187  179  168  156  142  127  113   99   88   78
   71   65   61   58   56   55   54   53   51   50   49   48   48   49   50   52
   54   56   58   58   57   56   53   50   47   45   44   44   46   50   56   63
   73   86  101  116  131  159  181  191  222                                   
    57.5-180.0 180.0   5.0 450.0                            LAT/LON1/LON2/DLON/H
  222  245  265  279  298  309  319  323  326  326  326  322  317  308  298  286
  272  259  246  235  224  215  205  195  183  169  155  140  125  112   99   88
   78   69   62   57   53   50   49   48   48   48   48   47   47   48   49   50
   52   53   54   55   55   55   54   53   52   51   51   52   55   59   65   74
   83   95  110  122  134  159  179  190  222                                   
    55.0-180.0 180.0   5.0 450.0                            LAT/LON1/LON2/DLON/H
  227  248  269  283  303  315  326  331  334  334  333  330  327  321  314  305
  294  283  270  258  245  234  222  210  197  183  170  156  142  129  117  104
   93   82   72   64   59   55   53   53   53   54   54   54   53   53   53   53
   53   54   55   56   57   59   61   62   62   63   64   66   70   75   82   91
  100  112  126  136  145  166  183  193  227                                   
    52.5-180.0 180.0   5.0 450.0                            LAT/LON1/LON2/DLON/H
  237  256  278  291  312  325  336  340  342  340  338  335  332  328  324  318
  310  300  288  274  261  247  234  221  209  197  185  173  161  149  136  123
  110   98   87   78   71   67   65   65   65   66   66   66   65   63   62   61
   60   60   60   62   64   68   72   76   78   80   82   85   89   95  103  113
  122  134  147  157  163  180  194  202  237                                   
    50.0-180.0 180.0   5.0 450.0                            LAT/LON1/LON2/DLON/H
  255  272  294  306  329  343  354  356  356  352  347  342  338  334  332  328
  322  312  300  286  271  257  244  232  220  209  199  189  178  166  154  140
  126  113  102   93   86   82   80   80   81   82   82   81   80   78   76   74
   72   70   70   72   76   82   87   92   96   98  100  103  108  115  124  134
  144  158  171  181  187  200  213  219  255                                   
    47.5-180.0 180.0   5.0 450.0                            LAT/LON1/LON2/DLON/H
  276  292  314  325  349  365  376  378  376  369  361  352  346  341  338  335
  329  319  307  293  278  265  252  241  231  222  212  201  190  177  162  148
  134  121  111  104   99   97   96   95   96   96   97   96   95   93   91   88
   86   85   84   86   90   96  103  108  112  114  115  118  123  130  140  151
  162  177  191  204  212  224  237  243  276                                   
    45.0-180.0 180.0   5.0 450.0                            LAT/LON1/LON2/DLON/H
  296  311  333  344  369  387  398  401  398  390  379  367  358  351  346  341
  334  324  311  298  284  272  262  252  243  233  221  208  193  177  160  144
  131  120  113  109  107  107  106  106  106  107  107  107  106  105  104  103
  101  100   99  100  104  110  117  122  125  126  126  128  132  139  150  162
  174  190  206  221  233  247  263  271  296                                   
    42.5-180.0 180.0   5.0 450.0                            LAT/LON1/LON2/DLON/H
  310  326  347  358  383  403  415  420  419  412  399  385  373  364  357  349
  340  329  316  304  292  283  273  264  254  241  226  208  188  168  149  133
  121  113  110  109  111  112  113  112  112  111  112  112  113  113  113  114
  113  113  112  113  116  121  127  132  134  134  133  133  137  144  154  166
  179  196  213  230  246  265  283  297  310                                   
    40.0-180.0 180.0   5.0 450.0                            LAT/LON1/LON2/DLON/H
  317  335  355  365  389  408  424  431  433  428  416  402  389  378  369  360
  349  336  324  314  305  296  287  277  263  246  226  203  179  157  137  122
  113  108  108  111  115  118  118  117  115  114  114  115  116  117  118  120
  121  121  120  120  122  127  133  136  137  136  134  134  137  144  154  166
  179  196  213  231  249  273  295  314  317                                   
    37.5-180.0 180.0   5.0 450.0                            LAT/LON1/LON2/DLON/H
  320  340  358  367  389  406  423  432  438  436  427  416  403  393  382  371
  359  347  336  328  321  313  303  289  270  249  224  198  173  151  134  123
  116  114  117  121  126  128  128  124  121  118  118  118  119  119  120  122
  123  123  122  122  124  128  133  136  137  135  133  132  135  141  152  164
  176  192  210  227  245  273  297  320  320                                   
    35.0-180.0 180.0   5.0 450.0                            LAT/LON1/LON2/DLON/H
  323  345  363  368  388  402  419  429  437  438  433  424  413  404  394  382
  370  359  351  345  339  330  317  298  275  249  223  198  176  159  149  143
  141  141  143  146  149  149  145  139  133  129  127  126  124  122  121  121
  121  121  120  120  122  126  131  134  135  133  130  129  132  139  150  163
  175  191  207  223  239  268  294  318  323                                   
    32.5-180.0 180.0   5.0 450.0                            LAT/LON1/LON2/DLON/H
  333  356  375  376  395  404  420  428  436  439  436  429  420  412  402  391
  380  370  364  360  355  344  327  304  278  252  228  208  194  188  186  188
  189  189  188  187  185  180  172  163  153  147  143  140  135  130  124  120
  118  116  115  116  118  123  129  132  133  131  128  128  131  138  151  165
  178  195  210  224  237  265  293  316  333                                   
    30.0-180.0 180.0   5.0 450.0                            LAT/LON1/LON2/DLON/H
  356  380  400  397  414  418  431  436  443  445  443  436  427  418  408  397
  387  378  374  371  365  352  331  307  282  259  242  232  230  237  248  257
  261  259  251  241  230  219  207  193  181  172  166  160  152  142  131  123
  117  114  112  113  117  123  128  132  132  131  128  128  132  141  156  174
  188  206  221  234  245  272  300  321  356                                   
    27.5-180.0 180.0   5.0 450.0                            LAT/LON1/LON2/DLON/H
  394  417  439  435  451  451  460  460  465  464  459  450  439  428  416  403
  392  383  379  375  367  352  332  309  289  275  268  271  283  304  327  344
  348  339  319  297  277  259  242  226  211  201  193  185  174  159  143  130
  121  115  113  115  120  126  131  134  134  132  130  130  136  147  165  187
  205  225  239  253  263  290  317  336  394                                   
    25.0-180.0 180.0   5.0 450.0                            LAT/LON1/LON2/DLON/H
  444  469  492  489  508  505  510  504  504  498  489  476  461  446  430  413
  399  388  381  374  364  349  331  315  304  301  307  323  349  382  414  434
  434  412  379  343  313  290  271  254  239  228  219  210  197  179  159  142
  130  123  120  122  127  133  137  138  136  133  132  133  139  153  176  202
  225  249  264  280  291  318  346  363  444                                   
    22.5-180.0 180.0   5.0 450.0                            LAT/LON1/LON2/DLON/H
  501  527  552  558  581  579  580  569  564  552  538  519  498  476  454  432
  413  397  384  373  360  347  335  329  331  340  357  383  417  456  490  506
  496  462  414  368  333  308  289  273  258  247  238  229  216  198  178  159
  145  136  133  134  138  142  144  143  139  134  132  134  142  158  184  215
  243  272  290  309  323  350  381  398  501                                   
    20.0-180.0 180.0   5.0 450.0                            LAT/LON1/LON2/DLON/H
  552  582  612  628  659  661  661  649  639  624  603  578  550  521  492  464
  438  415  395  378  363  352  349  354  369  389  414  442  476  510  536  542
  519  473  418  368  332  309  293  279  266  255  247  240  229  214  195  177
  163  153  148  148  150  152  151  147  141  135  132  134  144  162  190  225
  257  290  311  334  351  381  417  435  552                                   
    17.5-180.0 180.0   5.0 450.0                            LAT/LON1/LON2/DLON/H
  588  622  657  683  724  733  737  728  720  704  681  651  617  582  547  512
  479  448  420  396  379  371  376  393  418  445  469  491  512  531  540  530
  496  445  389  342  312  296  285  275  262  252  245  240  234  224  210  194
  181  171  165  163  163  161  158  151  143  136  133  135  145  165  195  231
  265  301  326  350  371  405  447  468  588                                   
    15.0-180.0 180.0   5.0 450.0                            LAT/LON1/LON2/DLON/H
  604  640  681  713  762  779  791  790  789  777  757  728  692  654  615  575
  536  498  462  432  412  407  419  444  474  500  515  519  518  514  502  476
  436  386  338  302  283  277  273  266  254  243  236  234  232  227  218  207
  196  187  181  177  174  170  163  154  144  137  134  137  147  168  199  235
  270  308  334  360  383  422  467  490  604                                   
    12.5-180.0 180.0   5.0 450.0                            LAT/LON1/LON2/DLON/H
  601  638  681  716  768  793  814  823  831  829  817  794  763  727  689  650
  608  564  522  486  464  460  474  502  530  546  543  525  498  468  436  400
  358  317  283  264  260  264  267  261  248  235  226  224  225  225  220  213
  205  198  193  187  183  176  168  157  146  138  135  139  151  172  203  239
  274  311  339  364  389  432  477  502  601                                   
    10.0-180.0 180.0   5.0 450.0                            LAT/LON1/LON2/DLON/H
  587  623  666  698  749  779  807  825  843  852  851  839  817  790  759  725
  686  641  596  556  530  524  536  558  577  577  554  512  462  413  369  329
  293  265  249  247  257  270  277  270  254  235  223  219  219  220  218  213
  209  204  200  194  188  181  171  160  148  140  138  142  155  177  208  243
  277  313  343  368  394  438  482  506  587                                   
     7.5-180.0 180.0   5.0 450.0                            LAT/LON1/LON2/DLON/H
  569  605  644  671  717  749  780  803  830  849  859  858  848  833  813  789
  756  716  672  631  602  590  595  606  610  593  550  490  427  370  324  288
