data/edconvlstm_nd/pred3310.15i
     1.0            IONOSPHERE MAPS     GNSS                IONEX VERSION / TYPE
pyspatialgeodesy        IME             05-JAN-18 20:20     PGM / RUN BY / DATE 
Map Name                                                    COMMENT             
Predicted global ionosphere maps (GIM).                     DESCRIPTION         
  2015    11    27     0     0     0                        EPOCH OF FIRST MAP  
  2015    11    28     0     0     0                        EPOCH OF LAST MAP   
  7200                                                      INTERVAL            
    13                                                      # OF MAPS IN FILE   
  NONE                                                      MAPPING FUNCTION    
10.0                                                        ELEVATION CUTOFF    
One-way carrier phase leveled to code                       OBSERVABLES USED    
  6371.0                                                    BASE RADIUS         
 2                                                          MAP DIMENSION       
   450.0 450.0   0.0                                        HGT1 / HGT2 / DHGT  
    87.5 -87.5  -2.5                                        LAT1 / LAT2 / DLAT  
  -180.0 180.0   5.0                                        LON1 / LON2 / DLON  
    -1                                                      EXPONENT            
                                                            END OF HEADER       
[from data line 3432]
     9                                                      START OF TEC MAP    
  2015    11    27    16     0     0                        EPOCH OF CURRENT MAP
    87.5-180.0 180.0   5.0 450.0                            LAT/LON1/LON2/DLON/H
   70   77   78   82   86   84   85   81   82   84   83   84   84   84   84   83
   83   82   81   80   80   79   78   77   76   75   73   73   72   71   70   69
   68   68   67   66   66   65   65   64   64   64   63   63   63   63   63   64
   64   64   65   65   65   66   66   67   67   67   68   68   69   69   70   70
   71   72   69   67   71   75   89   89   70                                   
    85.0-180.0 180.0   5.0 450.0                            LAT/LON1/LON2/DLON/H
   77   84   98   81   83   86   86   87   88   90   89   90   90   90   89   89
   89   88   87   87   86   85   84   83   82   81   80   79   78   77   76   75
   74   74   73   73   72   72   71   71   70   70   70   69   69   69   69   69
   69   69   69   69   70   70   70   71   71   71   72   72   72   73   74   74
   75   75   72   69   74   78   86   81   77                                   
    82.5-180.0 180.0   5.0 450.0                            LAT/LON1/LON2/DLON/H
   67   73   81   73   76   79   81   82   84   85   85   86   85   85   85   85
   84   83   82   81   80   79   77   76   75   73   72   70   69   68   67   66
   65   64   63   63   62   61   60   60   59   59   58   57   57   57   56   57
   57   57   57   58   58   58   59   59   60   60   60   61   61   62   62   63
   64   64   62   61   68   80   80   77   67                                   
    80.0-180.0 180.0   5.0 450.0                            LAT/LON1/LON2/DLON/H
   55   62   72   66   71   71   76   77   80   81   82   83   83   83   83   83
   82   82   81   80   79   78   77   75   74   72   70   68   66   64   63   62
   60   60   59   58   57   55   54   53   52   51   49   49   48   47   47   47
   47   48   49   49   50   51   51   52   52   52   53   53   53   53   54   54
   56   57   57   57   60   70   68   73   55                                   
    77.5-180.0 180.0   5.0 450.0                            LAT/LON1/LON2/DLON/H
   60   61   61   57   62   63   68   70   74   75   76   78   80   81   82   83
   83   84   84   85   84   84   83   81   79   76   73   70   68   65   63   61
   59   58   56   55   53   50   48   45   42   40   38   36   34   34   33   33
   34   35   37   38   39   40   41   42   42   43   43   43   43   42   43   43
   44   45   45   47   48   54   58   61   60                                   
    75.0-180.0 180.0   5.0 450.0                            LAT/LON1/LON2/DLON/H
   41   48   49   48   53   54   57   60   64   67   68   71   73   75   77   79
   81   83   85   87   89   90   90   88   86   83   80   76   72   69   66   63
   61   60   58   56   54   51   47   43   39   35   32   30   28   27   26   27
   28   30   32   34   35   37   38   38   39   39   38   38   38   38   38   38
   39   40   42   42   44   46   46   43   41                                   
    72.5-180.0 180.0   5.0 450.0                            LAT/LON1/LON2/DLON/H
   40   44   44   44   45   46   50   52   54   57   59   62   64   68   70   74
   78   82   87   92   95   98  100   99   97   93   89   83   78   73   69   66
   63   60   58   55   52   48   44   38   33   28   23   20   18   17   17   18
   20   23   25   27   29   31   32   33   33   33   33   33   33   33   33   33
   33   34   35   35   36   40   42   43   40                                   
    70.0-180.0 180.0   5.0 450.0                            LAT/LON1/LON2/DLON/H
   33   40   41   41   42   41   42   45   48   51   54   57   60   64   68   73
   79   86   93  101  108  114  118  119  117  113  107  101   94   87   81   76
   73   69   66   62   58   53   48   41   34   28   23   19   17   16   17   18
   21   23   26   28   30   31   32   33   33   33   34   34   35   35   35   36
   36   37   38   38   40   42   46   46   33                                   
    67.5-180.0 180.0   5.0 450.0                            LAT/LON1/LON2/DLON/H
   34   39   39   40   40   38   41   43   45   48   50   54   57   61   65   71
   79   88   98  109  120  128  134  136  135  131  124  116  108  100   92   86
   81   76   71   67   62   56   49   42   35   28   23   19   17   16   17   19
   22   24   27   28   30   31   31   32   33   33   34   35   36   37   38   39
   40   40   41   40   40   42   43   44   34                                   
    65.0-180.0 180.0   5.0 450.0                            LAT/LON1/LON2/DLON/H
   33   38   37   39   37   36   37   39   41   44   47   50   54   57   62   69
   77   88  101  115  128  139  146  150  150  146  140  131  122  113  104   96
   89   83   77   71   64   58   50   43   36   29   24   21   19   18   19   21
   23   25   26   27   28   28   28   29   30   31   33   35   37   38   40   41
   42   44   45   45   45   46   47   48   33                                   
    62.5-180.0 180.0   5.0 450.0                            LAT/LON1/LON2/DLON/H
   35   39   38   40   38   36   36   38   40   43   46   50   53   57   62   69
   78   90  103  118  133  145  154  159  160  157  151  143  134  125  116  107
   98   90   82   74   66   58   51   44   37   31   27   24   22   22   23   24
   25   26   26   25   25   25   26   26   28   29   32   34   36   39   40   42
   43   45   47   46   46   47   47   48   35                                   
    60.0-180.0 180.0   5.0 450.0                            LAT/LON1/LON2/DLON/H
   38   41   39   41   38   35   35   37   39   42   46   50   54   59   63   70
   79   90  104  119  134  147  156  161  163  161  156  150  143  135  126  117
  107   96   86   76   66   58   50   44   38   33   30   28   26   26   26   27
   26   25   23   22   21   21   21   22   24   26   28   31   34   36   37   39
   40   42   44   44   45   47   48   49   38                                   
    57.5-180.0 180.0   5.0 450.0                            LAT/LON1/LON2/DLON/H
   40   43   42   44   41   38   38   39   42   46   50   55   60   65   70   77
   85   96  108  122  136  148  156  162  164  164  161  157  152  146  139  129
  118  106   94   82   71   62   54   48   43   40   38   36   35   35   34   33
   31   28   25   22   20   20   20   22   24   26   29   31   34   35   36   37
   38   40   43   44   45   47   49   50   40                                   
    55.0-180.0 180.0   5.0 450.0                            LAT/LON1/LON2/DLON/H
   46   49   49   51   48   45   44   45   47   52   57   63   69   74   80   87
   95  104  115  127  138  148  156  161  164  165  165  164  161  157  151  142
  131  118  104   90   78   68   60   55   51   49   48   47   46   44   43   40
   37   33   29   26   23   23   23   25   27   29   32   34   35   36   36   37
   38   39   42   44   46   49   51   52   46                                   
    52.5-180.0 180.0   5.0 450.0                            LAT/LON1/LON2/DLON/H
   51   55   57   59   57   54   52   53   55   60   65   72   79   86   92   99
  107  115  124  134  143  150  156  161  165  168  170  171  170  167  162  153
  142  129  114  101   88   78   71   65   62   61   60   59   58   56   54   50
   46   42   38   34   32   31   32   33   35   37   38   39   40   39   39   39
   40   41   45   47   50   52   54   55   51                                   
    50.0-180.0 180.0   5.0 450.0                            LAT/LON1/LON2/DLON/H
   58   63   66   69   68   66   63   63   65   70   76   83   91   98  105  113
  120  128  135  142  149  155  160  165  169  173  176  178  178  175  169  161
  150  137  124  112  100   91   84   79   75   74   73   72   71   69   66   62
   58   54   50   48   46   45   46   47   47   48   48   47   46   45   44   44
   45   47   50   53   55   58   60   60   58                                   
    47.5-180.0 180.0   5.0 450.0                            LAT/LON1/LON2/DLON/H
   64   70   74   78   78   77   74   74   76   81   86   94  102  110  118  126
  134  141  147  152  157  162  166  172  177  181  184  185  183  179  172  163
  152  142  131  121  112  104   98   92   89   87   86   85   83   80   77   74
   71   68   65   63   61   61   61   61   60   59   57   55   53   52   51   51
   52   54   58   60   63   66   67   66   64                                   
    45.0-180.0 180.0   5.0 450.0                            LAT/LON1/LON2/DLON/H
   69   74   78   85   86   86   84   85   86   92   97  105  113  121  129  138
  146  153  158  162  166  171  176  181  187  191  193  191  186  178  168  158
  149  141  134  128  122  117  111  105  101   99   97   95   93   90   87   84
   82   80   78   76   74   73   72   70   68   65   62   60   59   58   58   59
   60   62   66   68   70   72   73   71   69                                   
    42.5-180.0 180.0   5.0 450.0                            LAT/LON1/LON2/DLON/H
   70   74   78   87   89   91   90   93   95  102  108  116  123  131  140  148
  156  162  167  171  175  180  186  192  197  201  200  195  185  173  161  151
  143  138  136  134  132  128  123  117  112  108  105  102   99   96   93   91
   89   88   86   83   81   78   76   73   70   66   63   62   61   62   63   65
   66   69   72   74   75   77   77   75   70                                   
    40.0-180.0 180.0   5.0 450.0                            LAT/LON1/LON2/DLON/H
   68   70   73   83   87   90   92   97  102  111  118  126  133  141  149  157
  165  171  176  180  184  189  195  202  206  208  205  196  183  168  155  146
  141  139  141  142  142  140  134  127  120  115  110  107  103  100   97   95
   93   91   89   85   81   77   73   69   65   62   60   59   61   63   66   68
   70   72   75   76   76   77   76   75   68                                   
    37.5-180.0 180.0   5.0 450.0                            LAT/LON1/LON2/DLON/H
   62   63   64   75   79   84   89   98  107  118  127  135  143  150  158  166
  174  179  184  188  193  198  203  209  212  212  207  196  182  168  157  151
  149  151  154  157  157  154  147  138  129  121  116  111  107  102   99   97
   95   92   88   83   76   70   65   61   58   56   55   56   59   62   66   69
   71   72   74   74   73   73   70   72   62                                   
    35.0-180.0 180.0   5.0 450.0                            LAT/LON1/LON2/DLON/H
   56   55   54   65   69   74   82   94  108  122  134  144  152  161  169  177
  183  188  193  196  200  204  208  212  214  213  207  198  187  178  172  171
  174  178  181  183  180  174  164  152  140  131  123  118  112  107  103  100
   98   94   88   81   73   66   60   56   54   53   54   56   59   62   65   68
   69   70   72   71   68   67   64   67   56                                   
    32.5-180.0 180.0   5.0 450.0                            LAT/LON1/LON2/DLON/H
   51   48   46   54   58   62   72   87  106  123  139  151  162  171  180  189
  195  199  202  205  208  209  211  211  212  211  208  204  201  200  204  210
  218  223  224  221  213  201  187  171  157  145  136  129  123  117  113  110
  107  102   95   86   77   69   63   60   58   58   59   61   64   66   68   69
   69   69   70   69   65   62   59   63   51                                   
    30.0-180.0 180.0   5.0 450.0                            LAT/LON1/LON2/DLON/H
   48   45   41   47   48   51   62   78  100  121  141  156  169  181  192  201
  207  210  213  214  214  213  211  209  209  210  213  217  225  236  251  266
  278  283  280  270  254  236  216  196  179  166  156  148  141  135  131  128
  125  120  112  103   93   85   79   75   74   74   75   76   76   75   75   74
   73   72   73   71   66   62   59   62   48                                   
    27.5-180.0 180.0   5.0 450.0                            LAT/LON1/LON2/DLON/H
   50   46   40   43   43   44   53   70   93  117  139  158  174  189  202  212
  219  222  223  222  220  215  210  207  208  213  224  239  259  284  310  335
  351  354  345  326  301  275  250  227  208  194  182  173  166  160  157  155
  153  148  141  132  123  114  108  105  102  101  100   99   96   91   88   85
   82   81   80   77   73   68   65   64   50                                   
    25.0-180.0 180.0   5.0 450.0                            LAT/LON1/LON2/DLON/H
   56   52   44   45   43   43   50   66   88  112  135  156  176  193  209  221
  228  231  231  229  224  217  211  208  212  224  243  270  302  339  376  408
  427  427  410  382  348  315  286  261  241  226  214  204  197  192  190  189
  188  186  180  172  163  155  149  143  139  136  132  127  120  112  106  101
   97   95   93   89   84   79   75   70   56                                   
    22.5-180.0 180.0   5.0 450.0                            LAT/LON1/LON2/DLON/H
   66   60   51   51   49   47   53   66   87  109  132  154  175  195  213  227
  235  238  237  233  228  221  216  216  225  244  272  308  350  396  440  475
  492  487  463  426  386  349  318  294  275  259  247  237  230  225  225  226
  226  225  221  214  206  199  191  184  176  169  161  153  143  133  124  118
  113  111  107  102   98   91   86   77   66                                   
    20.0-180.0 180.0   5.0 450.0                            LAT/LON1/LON2/DLON/H
   77   69   60   59   57   56   62   73   91  112  133  154  175  197  216  231
  240  243  241  238  233  228  226  232  247  274  309  352  399  447  491  522
  534  522  492  451  409  373  344  322  305  290  278  267  259  255  255  256
  258  257  254  248  241  234  224  214  202  191  181  170  159  148  139  133
  127  124  119  114  109  102   95   85   77                                   
    17.5-180.0 180.0   5.0 450.0                            LAT/LON1/LON2/DLON/H
   86   77   67   68   67   67   74   85  102  122  141  160  181  201  221  236
  246  248  247  244  241  240  245  257  280  313  353  397  442  484  520  541
  544  527  494  455  417  386  362  344  329  315  302  290  280  274  273  274
  275  274  270  265  258  250  239  226  212  199  186  175  164  154  147  141
  135  133  126  121  116  108  100   91   86                                   
    15.0-180.0 180.0   5.0 450.0                            LAT/LON1/LON2/DLON/H
   90   81   73   75   77   78   88  100  117  136  155  174  193  213  231  246
  255  258  257  256  256  260  271  291  321  358  398  438  473  503  524  532
  526  507  477  445  415  391  373  360  347  334  318  303  290  281  276  274
  273  270  265  259  252  244  233  220  206  192  179  169  160  153  147  143
  137  134  126  121  117  108   99   93   90                                   
    12.5-180.0 180.0   5.0 450.0                            LAT/LON1/LON2/DLON/H
   89   81   76   80   84   88  102  115  134  155  175  194  212  231  249  263
  272  275  275  276  279  288  305  332  366  404  440  470  491  504  509  506
  494  476  453  430  410  395  383  373  362  347  328  308  290  275  265  259
  253  248  241  235  229  221  213  201  189  177  166  158  151  146  143  139
  134  130  121  116  111  103   94   92   89                                   
    10.0-180.0 180.0   5.0 450.0                            LAT/LON1/LON2/DLON/H
   83   78   75   82   89   96  114  129  151  174  196  217  237  255  272  286
  296  300  302  304  311  324  346  376  413  448  475  492  497  494  486  475
  461  447  434  422  412  404  397  388  376  359  336  310  285  264  247  235
  225  217  209  203  198  193  188  181  172  163  155  148  143  139  137  134
  128  123  114  109  104   96   88   87   83                                   
     7.5-180.0 180.0   5.0 450.0                            LAT/LON1/LON2/DLON/H
   76   74   73   82   91  102  123  141  165  191  216  240  262  281  299  314
  325  331  336  340  349  365  389  421  455  483  499  502  495  481  466  452
