data/edconvlstm_nd/pred1850.15i
     1.0            IONOSPHERE MAPS     GNSS                IONEX VERSION / TYPE
pyspatialgeodesy        IME             05-JAN-18 20:20     PGM / RUN BY / DATE 
Map Name                                                    COMMENT             
Predicted global ionosphere maps (GIM).                     DESCRIPTION         
  2015     7     4     0     0     0                        EPOCH OF FIRST MAP  
  2015     7     5     0     0     0                        EPOCH OF LAST MAP   
  7200                                                      INTERVAL            
    13                                                      # OF MAPS IN FILE   
  NONE                                                      MAPPING FUNCTION    
10.0                                                        ELEVATION CUTOFF    
One-way carrier phase leveled to code                       OBSERVABLES USED    
  6371.0                                                    BASE RADIUS         
 2                                                          MAP DIMENSION       
   450.0 450.0   0.0                                        HGT1 / HGT2 / DHGT  
    87.5 -87.5  -2.5                                        LAT1 / LAT2 / DLAT  
  -180.0 180.0   5.0                                        LON1 / LON2 / DLON  
    -1                                                      EXPONENT            
                                                            END OF HEADER       
[from data line 4290]
    11                                                      START OF TEC MAP    
  2015     7     4    20     0     0                        EPOCH OF CURRENT MAP
    87.5-180.0 180.0   5.0 450.0                            LAT/LON1/LON2/DLON/H
  196  186  174  182  182  182  181  180  180  181  180  180  180  179  179  178
  178  177  176  175  174  173  172  171  169  168  167  166  164  163  162  161
  160  159  158  157  157  156  156  156  156  156  156  156  157  157  158  159
  159  160  161  162  163  164  165  165  166  167  168  169  170  170  171  172
  172  173  172  174  184  185  187  189  196                                   
    85.0-180.0 180.0   5.0 450.0                            LAT/LON1/LON2/DLON/H
  191  192  197  192  188  192  193  194  193  194  193  193  193  193  192  191
  190  190  188  187  186  184  183  181  180  178  176  175  173  171  170  168
  167  165  164  163  162  161  161  161  160  160  161  161  162  162  163  164
  165  166  168  169  170  172  173  174  176  177  178  179  180  181  182  183
  184  185  185  185  188  182  183  188  191                                   
    82.5-180.0 180.0   5.0 450.0                            LAT/LON1/LON2/DLON/H
  178  187  190  188  187  192  195  195  194  195  195  195  195  194  193  193
  192  190  189  187  185  184  181  179  177  174  172  170  167  165  162  160
  158  156  154  152  151  150  149  148  148  148  148  149  149  150  152  153
  155  157  159  161  163  165  166  168  170  172  173  175  176  177  178  179
  180  180  180  185  185  191  185  180  178                                   
    80.0-180.0 180.0   5.0 450.0                            LAT/LON1/LON2/DLON/H
  177  187  193  190  188  191  194  198  198  199  199  200  200  200  199  198
  197  196  194  192  191  188  186  183  181  178  175  172  169  166  163  161
  158  156  153  151  150  148  147  146  146  145  146  146  148  149  151  152
  155  157  159  161  163  165  167  169  171  173  174  176  177  178  179  180
  182  182  183  186  183  178  179  180  177                                   
    77.5-180.0 180.0   5.0 450.0                            LAT/LON1/LON2/DLON/H
  181  181  190  188  189  192  195  198  199  200  200  201  201  201  201  200
  199  198  197  196  194  192  190  188  185  182  179  176  172  169  166  164
  161  159  156  154  152  150  149  147  146  146  146  146  147  149  150  152
  155  157  159  161  163  164  166  168  169  171  172  174  175  176  177  178
  178  179  180  182  185  176  181  186  181                                   
    75.0-180.0 180.0   5.0 450.0                            LAT/LON1/LON2/DLON/H
  181  182  187  185  185  190  192  194  196  199  199  200  200  200  199  199
  198  197  197  196  195  194  193  191  188  186  183  180  177  174  171  169
  167  165  163  161  158  156  154  153  151  150  150  150  151  152  153  155
  157  159  160  161  162  164  165  166  167  169  170  171  173  174  175  177
  177  178  180  179  181  173  177  174  181                                   
    72.5-180.0 180.0   5.0 450.0                            LAT/LON1/LON2/DLON/H
  181  182  186  189  186  190  193  195  196  198  198  199  199  198  197  196
  196  195  195  195  195  195  194  193  191  188  186  183  180  177  175  173
  172  170  169  167  165  162  160  157  155  154  153  153  153  154  155  156
  158  159  159  160  160  160  160  161  162  164  166  167  169  171  173  175
  175  176  178  178  178  172  176  181  181                                   
    70.0-180.0 180.0   5.0 450.0                            LAT/LON1/LON2/DLON/H
  186  185  188  188  184  188  191  193  195  197  197  197  195  194  192  191
  190  190  190  191  192  192  192  191  190  187  184  182  179  177  176  175
  174  173  172  171  169  166  163  160  158  156  154  154  154  154  155  156
  156  156  156  155  154  153  152  153  154  156  159  162  165  168  171  174
  175  177  180  180  181  176  181  183  186                                   
    67.5-180.0 180.0   5.0 450.0                            LAT/LON1/LON2/DLON/H
  196  194  197  198  194  198  200  202  204  205  204  204  202  199  197  195
  193  193  194  195  196  197  197  196  194  192  189  186  184  183  182  182
  182  182  181  180  177  175  171  168  165  163  161  160  160  160  161  161
  160  159  157  155  152  150  149  149  151  154  158  163  168  172  177  181
  183  185  188  188  188  183  188  191  196                                   
    65.0-180.0 180.0   5.0 450.0                            LAT/LON1/LON2/DLON/H
  203  202  203  204  199  202  203  206  208  209  208  207  204  201  197  194
  193  192  193  194  195  196  196  195  192  190  186  184  182  182  182  183
  183  184  183  181  179  176  173  170  167  164  162  161  160  160  160  159
  158  156  152  148  144  141  139  139  141  146  152  158  165  172  178  183
  186  190  194  195  197  192  198  199  203                                   
    62.5-180.0 180.0   5.0 450.0                            LAT/LON1/LON2/DLON/H
  211  211  212  212  207  210  211  214  215  217  216  214  210  206  202  199
  197  196  196  197  198  198  198  196  193  190  186  184  183  183  185  186
  187  187  186  184  181  178  175  172  169  167  165  164  162  162  161  159
  157  153  148  143  137  133  130  130  133  139  147  156  164  172  180  186
  190  195  200  201  203  199  205  206  211                                   
    60.0-180.0 180.0   5.0 450.0                            LAT/LON1/LON2/DLON/H
  217  217  219  218  214  217  218  220  222  223  222  220  216  211  207  203
  201  200  199  200  200  199  198  195  192  189  186  184  184  186  188  190
  191  190  188  186  182  179  176  174  172  170  168  166  164  162  160  157
  154  149  143  136  129  124  121  121  125  132  141  151  161  171  179  187
  191  197  202  204  207  204  211  212  217                                   
    57.5-180.0 180.0   5.0 450.0                            LAT/LON1/LON2/DLON/H
  220  222  224  224  221  224  225  227  228  229  227  225  221  217  212  209
  206  205  204  203  202  201  198  195  192  189  187  187  188  190  193  195
  196  195  192  188  184  180  178  176  175  173  171  169  166  163  159  155
  151  145  138  131  123  117  114  114  118  126  136  146  157  167  176  184
  190  196  202  204  207  207  214  216  220                                   
    55.0-180.0 180.0   5.0 450.0                            LAT/LON1/LON2/DLON/H
  222  227  230  231  229  232  233  234  235  235  232  230  226  222  218  214
  212  209  208  206  204  201  199  196  193  191  190  191  194  197  200  203
  203  201  197  192  187  183  181  180  179  178  176  172  168  163  158  153
  148  142  135  128  120  114  110  111  115  122  131  142  152  162  171  180
  186  193  199  202  206  208  216  218  222                                   
    52.5-180.0 180.0   5.0 450.0                            LAT/LON1/LON2/DLON/H
  224  232  236  238  237  241  242  243  242  241  237  234  230  226  222  219
  216  213  210  208  205  202  199  197  195  194  195  197  200  204  208  210
  210  207  202  196  190  187  185  184  184  182  180  175  169  163  157  151
  146  140  134  127  120  114  111  111  114  121  129  138  147  155  165  173
  181  189  197  200  206  209  218  220  224                                   
    50.0-180.0 180.0   5.0 450.0                            LAT/LON1/LON2/DLON/H
  228  240  245  248  248  253  253  253  251  249  245  240  236  232  228  224
  221  217  213  209  205  203  200  199  199  200  202  205  208  212  216  217
  216  213  207  201  196  192  190  189  188  186  183  177  171  163  157  151
  145  141  136  130  125  120  117  116  118  123  129  136  143  150  159  168
  177  187  196  200  207  213  222  225  228                                   
    47.5-180.0 180.0   5.0 450.0                            LAT/LON1/LON2/DLON/H
  234  249  255  259  260  265  266  265  263  260  254  249  244  239  235  230
  225  220  215  211  207  205  204  204  205  207  210  213  216  219  222  223
  222  219  213  207  202  198  196  194  192  189  185  179  171  164  157  151
  147  143  140  137  133  129  126  125  126  129  132  137  142  147  155  165
  175  186  198  204  211  219  229  232  234                                   
    45.0-180.0 180.0   5.0 450.0                            LAT/LON1/LON2/DLON/H
  243  261  267  271  273  278  279  279  276  273  267  262  257  251  245  239
  232  225  219  214  211  210  210  212  214  217  220  222  224  226  228  228
  227  225  220  215  210  206  203  200  196  192  187  180  173  166  159  154
  151  149  148  146  144  141  139  137  136  137  138  140  143  148  155  165
  176  189  203  211  219  229  241  243  243                                   
    42.5-180.0 180.0   5.0 450.0                            LAT/LON1/LON2/DLON/H
  253  274  280  282  285  290  291  292  291  288  284  279  273  267  260  252
  243  234  227  222  220  219  221  224  227  229  231  232  233  233  234  234
  234  232  229  225  221  217  212  208  202  196  190  183  177  170  164  160
  157  157  157  157  156  155  152  149  147  146  146  146  147  151  158  168
  179  194  209  220  229  241  254  256  253                                   
    40.0-180.0 180.0   5.0 450.0                            LAT/LON1/LON2/DLON/H
  264  285  291  291  294  299  301  303  304  305  302  299  295  289  280  270
  259  248  240  235  233  234  236  239  242  244  245  245  243  242  242  242
  242  242  240  238  234  230  224  218  210  203  196  190  184  178  173  168
  166  166  167  168  168  166  164  160  157  154  152  152  153  156  162  172
  183  199  216  228  238  253  267  268  264                                   
    37.5-180.0 180.0   5.0 450.0                            LAT/LON1/LON2/DLON/H
  272  293  299  298  300  304  308  312  317  320  322  322  320  314  305  293
  280  267  258  253  251  252  255  258  260  262  262  261  258  255  254  254
  255  255  255  254  251  246  239  231  221  212  205  200  195  189  184  179
  176  176  177  178  177  175  172  167  163  159  157  156  157  160  167  176
  187  203  220  234  245  262  278  279  272                                   
    35.0-180.0 180.0   5.0 450.0                            LAT/LON1/LON2/DLON/H
  279  299  305  301  304  308  313  319  327  335  341  346  346  342  334  321
  306  292  282  277  274  275  276  278  281  282  282  280  276  273  271  271
  272  273  273  272  269  264  256  245  234  225  218  213  208  202  196  190
  186  184  184  184  182  179  175  169  164  160  158  157  159  163  169  178
  188  204  221  236  249  267  285  286  279                                   
    32.5-180.0 180.0   5.0 450.0                            LAT/LON1/LON2/DLON/H
  283  301  308  304  307  310  316  324  336  349  360  369  373  372  364  352
  336  322  311  304  300  299  299  300  302  303  303  302  299  296  293  293
  293  294  293  291  287  280  270  259  247  238  231  226  221  214  206  199
  192  189  187  185  182  178  172  165  159  155  153  154  157  162  169  177
  186  201  218  234  247  267  286  289  283                                   
    30.0-180.0 180.0   5.0 450.0                            LAT/LON1/LON2/DLON/H
  284  302  310  306  310  313  321  330  345  362  378  391  399  401  396  384
  369  355  342  334  328  324  322  321  323  325  327  327  325  322  319  317
  316  314  311  307  300  291  280  268  256  247  240  235  229  221  212  202
  194  188  184  181  177  171  164  157  150  146  145  147  151  157  164  172
  181  196  212  228  242  263  283  287  284                                   
    27.5-180.0 180.0   5.0 450.0                            LAT/LON1/LON2/DLON/H
  284  301  310  309  315  319  327  338  355  374  393  410  423  428  426  416
  403  388  375  364  355  348  344  342  343  347  350  352  351  348  345  341
  337  332  324  315  304  292  280  267  256  248  242  236  230  221  210  198
  189  182  177  172  167  160  152  145  138  134  133  136  141  147  155  164
  173  188  204  221  235  256  277  283  284                                   
    25.0-180.0 180.0   5.0 450.0                            LAT/LON1/LON2/DLON/H
  282  299  310  312  321  327  336  347  365  386  407  427  442  451  453  447
  436  422  407  394  382  372  364  361  363  367  372  375  375  372  366  360
  352  341  329  314  298  283  268  255  245  238  233  228  221  211  199  188
  178  170  164  159  153  146  139  131  125  121  120  123  128  135  143  153
  163  179  196  213  228  248  269  277  282                                   
    22.5-180.0 180.0   5.0 450.0                            LAT/LON1/LON2/DLON/H
  280  296  309  315  327  336  346  357  375  397  419  440  457  469  475  474
  466  454  438  422  407  394  384  380  381  386  392  395  393  388  380  370
  357  342  324  304  283  263  246  233  224  219  215  210  203  193  182  171
  162  155  148  143  137  131  124  118  113  109  108  110  115  121  130  141
  153  171  189  206  222  240  260  271  280                                   
    20.0-180.0 180.0   5.0 450.0                            LAT/LON1/LON2/DLON/H
  276  292  306  316  331  342  353  365  384  405  426  447  466  481  492  496
  492  482  467  449  431  415  403  398  398  402  406  407  404  396  385  371
  354  335  312  287  261  238  220  206  198  193  190  186  180  171  161  152
  144  138  132  126  121  116  111  106  102   98   97   98  102  108  117  130
  144  164  184  201  216  234  253  265  276                                   
    17.5-180.0 180.0   5.0 450.0                            LAT/LON1/LON2/DLON/H
  270  287  301  314  330  343  356  368  387  408  428  449  468  486  501  510
  511  504  490  472  452  435  421  414  413  415  416  414  407  396  381  364
  344  322  296  268  240  215  195  180  172  167  165  162  156  149  141  134
  128  122  117  112  107  103  100   96   93   90   88   88   91   96  106  119
  135  157  179  197  212  229  247  259  270                                   
    15.0-180.0 180.0   5.0 450.0                            LAT/LON1/LON2/DLON/H
  262  281  295  308  325  339  352  366  384  404  424  443  462  482  501  515
  521  518  507  490  471  452  438  430  426  424  421  415  404  390  372  353
  332  308  282  253  224  198  177  162  152  147  144  142  137  132  126  121
  116  111  106  101   97   94   91   90   87   85   82   81   82   87   96  109
  127  151  174  192  207  224  241  253  262                                   
    12.5-180.0 180.0   5.0 450.0                            LAT/LON1/LON2/DLON/H
  254  274  288  300  316  330  344  357  376  395  413  431  450  471  492  510
  521  523  515  501  484  466  452  442  435  430  422  412  398  381  362  342
  321  298  272  245  217  192  171  155  144  137  133  130  127  123  118  114
  110  105   99   94   90   88   87   86   84   82   79   77   77   80   88  101
  119  143  167  186  201  218  236  247  254                                   
    10.0-180.0 180.0   5.0 450.0                            LAT/LON1/LON2/DLON/H
  248  271  285  295  309  321  334  347  365  383  399  415  433  453  476  496
  511  517  514  504  490  474  460  449  441  432  422  408  392  373  354  333
  313  292  269  245  221  198  178  162  149  139  133  129  126  122  118  114
  109  103   96   91   87   85   84   84   83   80   78   75   74   75   82   94
  111  134  158  177  193  212  231  242  248                                   
     7.5-180.0 180.0   5.0 450.0                            LAT/LON1/LON2/DLON/H
  245  272  287  294  306  315  327  339  355  371  385  399  415  434  455  476
  492  501  503  497  487  474  462  451  442  432  419  404  386  368  348  329
