data/edconvlstm_nd/pred1820.15i
     1.0            IONOSPHERE MAPS     GNSS                IONEX VERSION / TYPE
pyspatialgeodesy        IME             05-JAN-18 20:20     PGM / RUN BY / DATE 
Map Name                                                    COMMENT             
Predicted global ionosphere maps (GIM).                     DESCRIPTION         
  2015     7     1     0     0     0                        EPOCH OF FIRST MAP  
  2015     7     2     0     0     0                        EPOCH OF LAST MAP   
  7200                                                      INTERVAL            
    13                                                      # OF MAPS IN FILE   
  NONE                                                      MAPPING FUNCTION    
10.0                                                        ELEVATION CUTOFF    
One-way carrier phase leveled to code                       OBSERVABLES USED    
  6371.0                                                    BASE RADIUS         
 2                                                          MAP DIMENSION       
   450.0 450.0   0.0                                        HGT1 / HGT2 / DHGT  
    87.5 -87.5  -2.5                                        LAT1 / LAT2 / DLAT  
  -180.0 180.0   5.0                                        LON1 / LON2 / DLON  
    -1                                                      EXPONENT            
                                                            END OF HEADER       
[from data line 1716]
     5                                                      START OF TEC MAP    
  2015     7     1     8     0     0                        EPOCH OF CURRENT MAP
    87.5-180.0 180.0   5.0 450.0                            LAT/LON1/LON2/DLON/H
  131  133  130  135  135  134  131  128  129  130  130  130  130  130  130  130
  130  130  130  130  129  129  128  127  127  126  126  125  125  124  124  124
  124  124  124  125  125  125  125  126  126  127  127  128  129  129  130  131
  132  133  134  135  135  136  136  137  137  137  137  137  137  136  136  135
  135  136  134  133  137  135  141  136  131                                   
    85.0-180.0 180.0   5.0 450.0                            LAT/LON1/LON2/DLON/H
  131  138  140  139  138  140  139  138  139  139  139  140  140  140  140  140
  140  140  140  139  139  138  137  136  136  135  134  134  133  133  133  133
  133  133  134  134  134  134  135  135  136  136  137  138  139  141  142  143
  144  146  147  148  150  151  151  152  152  152  152  152  152  151  150  150
  150  150  145  143  139  141  144  144  131                                   
    82.5-180.0 180.0   5.0 450.0                            LAT/LON1/LON2/DLON/H
  133  139  142  136  133  135  134  134  135  135  135  136  137  137  137  138
  138  137  137  136  135  134  133  132  131  130  129  129  129  129  129  130
  131  131  132  132  133  133  134  134  135  136  137  138  140  142  143  145
  148  150  152  153  155  156  157  158  159  159  158  158  157  155  154  153
  152  150  145  143  142  144  141  136  133                                   
    80.0-180.0 180.0   5.0 450.0                            LAT/LON1/LON2/DLON/H
  134  136  135  133  132  131  131  131  132  133  133  134  135  136  137  137
  137  137  137  135  134  132  130  128  127  125  124  124  124  125  126  127
  129  130  131  132  133  133  133  134  134  135  136  138  140  142  145  148
  150  153  156  158  160  162  163  164  164  164  164  162  161  159  157  155
  154  151  146  146  144  147  151  139  134                                   
    77.5-180.0 180.0   5.0 450.0                            LAT/LON1/LON2/DLON/H
  135  133  133  133  130  131  130  130  131  131  131  133  134  136  137  138
  139  139  138  137  135  133  130  127  125  123  122  122  122  124  126  129
  132  134  136  138  139  139  139  139  139  140  141  143  145  148  151  155
  158  162  165  168  170  172  173  173  174  173  172  170  168  166  163  160
  157  154  148  147  147  146  146  143  135                                   
    75.0-180.0 180.0   5.0 450.0                            LAT/LON1/LON2/DLON/H
  130  132  128  130  127  129  128  127  128  128  128  130  131  133  135  137
  139  139  139  137  135  132  128  124  120  118  116  116  118  121  125  129
  133  137  140  142  143  143  143  142  142  142  143  145  148  151  155  159
  163  166  169  171  173  175  175  176  176  175  174  172  170  168  165  162
  159  155  150  145  145  146  147  142  130                                   
    72.5-180.0 180.0   5.0 450.0                            LAT/LON1/LON2/DLON/H
  129  133  129  130  128  129  128  127  127  127  126  128  130  133  135  138
  140  141  141  139  136  132  128  123  119  115  114  114  116  121  126  133
  139  145  149  151  152  152  151  150  149  149  150  152  156  159  163  167
  170  173  175  176  177  177  177  177  176  176  175  174  172  171  168  167
  164  160  156  151  148  150  148  146  129                                   
    70.0-180.0 180.0   5.0 450.0                            LAT/LON1/LON2/DLON/H
  133  134  131  130  127  126  124  123  122  121  121  123  124  127  130  133
  136  137  137  136  133  128  123  117  112  108  107  108  111  117  125  133
  141  148  153  156  157  156  155  153  152  152  154  157  160  164  168  171
  173  175  175  174  173  172  170  169  168  168  167  167  167  167  167  167
  165  162  158  154  152  154  155  153  133                                   
    67.5-180.0 180.0   5.0 450.0                            LAT/LON1/LON2/DLON/H
  135  138  134  133  129  127  124  121  119  117  116  118  119  122  125  128
  131  133  133  131  128  124  118  112  107  103  101  103  107  114  123  133
  142  150  156  159  160  159  157  155  155  155  158  161  166  170  173  175
  176  175  173  170  166  163  160  157  156  156  157  158  160  162  163  165
  165  164  161  158  155  158  159  156  135                                   
    65.0-180.0 180.0   5.0 450.0                            LAT/LON1/LON2/DLON/H
  140  144  140  138  133  130  125  120  117  115  113  114  115  118  121  123
  126  127  127  125  122  118  112  107  102   99   98  101  106  114  124  134
  144  153  159  162  162  161  160  159  159  161  164  169  174  178  181  181
  180  177  172  167  161  155  151  147  146  146  147  150  154  158  161  165
  167  167  166  164  163  167  168  164  140                                   
    62.5-180.0 180.0   5.0 450.0                            LAT/LON1/LON2/DLON/H
  146  152  147  144  138  134  128  121  116  112  109  109  110  112  114  116
  118  118  118  116  113  109  105  101   98   96   96  100  106  115  125  136
  146  154  159  162  163  162  161  161  162  166  171  177  182  186  188  187
  184  179  172  164  157  150  144  140  137  138  140  143  148  154  159  164
  168  169  169  168  168  173  175  172  146                                   
    60.0-180.0 180.0   5.0 450.0                            LAT/LON1/LON2/DLON/H
  154  159  155  151  145  139  131  122  115  109  105  104  104  105  106  107
  107  107  105  103  101   98   96   94   93   93   95  100  107  116  126  136
  145  153  158  161  161  161  161  162  165  170  176  183  188  192  193  191
  186  180  172  164  156  148  141  136  134  133  135  139  144  150  156  161
  166  169  170  170  171  177  180  177  154                                   
    57.5-180.0 180.0   5.0 450.0                            LAT/LON1/LON2/DLON/H
  162  168  164  161  154  147  137  126  116  108  102   99   97   97   97   97
   96   95   93   91   89   88   87   88   89   92   96  102  110  119  128  137
  146  153  157  160  161  162  163  165  169  175  182  189  195  198  198  195
  190  184  177  169  160  153  146  141  137  136  138  141  145  150  155  160
  165  168  170  171  173  180  184  183  162                                   
    55.0-180.0 180.0   5.0 450.0                            LAT/LON1/LON2/DLON/H
  171  176  174  171  164  156  145  132  119  108   99   94   90   89   88   87
   86   84   82   80   79   79   80   83   88   93   99  106  113  122  130  139
  146  152  157  160  162  164  166  169  175  181  188  195  200  202  202  199
  195  189  183  177  170  163  156  150  146  144  144  146  148  152  155  159
  163  166  168  170  174  182  187  186  171                                   
    52.5-180.0 180.0   5.0 450.0                            LAT/LON1/LON2/DLON/H
  179  184  184  181  174  167  155  139  125  110   99   91   85   82   80   79
   77   75   73   72   71   73   77   82   88   95  102  110  118  126  133  141
  147  153  158  162  165  168  172  176  182  188  195  200  204  206  205  203
  199  196  192  187  182  176  170  164  159  156  154  154  154  155  157  159
  162  165  167  170  175  184  188  188  179                                   
    50.0-180.0 180.0   5.0 450.0                            LAT/LON1/LON2/DLON/H
  186  191  191  190  184  177  165  149  132  116  101   91   83   78   75   73
   72   70   69   68   69   72   77   83   91   99  107  115  122  129  137  143
  149  155  161  166  170  175  180  185  190  196  202  206  209  210  209  207
  206  204  202  200  195  190  183  177  172  168  165  163  161  160  160  162
  164  166  168  172  177  186  190  189  186                                   
    47.5-180.0 180.0   5.0 450.0                            LAT/LON1/LON2/DLON/H
  190  195  196  195  191  184  173  158  141  123  107   94   84   77   73   71
   70   70   69   70   71   75   81   88   96  104  112  119  126  133  139  146
  152  159  165  171  177  183  189  194  200  205  210  213  215  215  215  214
  214  214  213  211  207  202  195  188  183  178  174  171  168  166  165  166
  168  170  172  176  181  190  193  190  190                                   
    45.0-180.0 180.0   5.0 450.0                            LAT/LON1/LON2/DLON/H
  192  196  197  195  193  187  178  165  149  132  115  101   89   81   76   73
   73   73   74   75   78   82   88   95  102  110  116  123  129  136  142  149
  156  163  170  178  185  193  199  205  210  215  219  222  223  223  223  223
  224  225  224  222  217  210  203  196  190  185  180  177  174  172  171  173
  175  177  179  183  187  195  197  193  192                                   
    42.5-180.0 180.0   5.0 450.0                            LAT/LON1/LON2/DLON/H
  191  194  193  190  189  184  178  168  155  140  125  110   98   88   82   79
   78   79   81   84   87   92   97  104  110  115  121  126  132  138  146  153
  161  168  176  185  194  202  209  215  220  225  229  232  233  234  235  235
  236  236  235  231  225  217  209  202  195  190  186  182  179  178  178  181
  184  187  190  193  196  203  203  197  191                                   
    40.0-180.0 180.0   5.0 450.0                            LAT/LON1/LON2/DLON/H
  190  190  187  181  180  175  171  165  157  146  133  121  108   98   90   86
   86   87   90   93   97  102  107  112  117  121  124  129  134  141  149  158
  166  174  183  192  201  210  218  224  230  235  239  243  245  247  248  249
  250  249  247  241  234  225  216  209  203  198  193  189  186  185  187  191
  195  200  202  204  206  211  210  202  190                                   
    37.5-180.0 180.0   5.0 450.0                            LAT/LON1/LON2/DLON/H
  189  186  179  170  167  162  160  158  155  148  140  130  119  108  100   96
   94   95   98  101  106  111  116  120  123  125  127  131  136  144  153  162
  171  180  188  198  208  217  225  232  238  244  249  254  257  260  262  264
  265  264  260  254  246  237  228  221  216  210  205  200  197  196  198  203
  208  213  214  216  216  220  218  208  189                                   
    35.0-180.0 180.0   5.0 450.0                            LAT/LON1/LON2/DLON/H
  192  184  174  161  155  149  148  147  148  147  143  137  129  119  111  105
  102  102  104  108  113  118  122  125  127  128  129  133  139  147  157  167
  176  185  194  204  214  223  232  239  245  252  258  263  268  272  276  278
  280  279  276  271  264  256  249  243  238  232  225  219  213  211  212  217
  221  225  226  227  226  229  226  216  192                                   
    32.5-180.0 180.0   5.0 450.0                            LAT/LON1/LON2/DLON/H
  199  187  174  157  148  138  137  137  140  142  143  141  136  128  120  113
  109  107  109  112  117  122  126  129  130  130  131  134  141  150  161  171
  181  189  199  209  219  229  237  244  251  258  265  271  277  282  287  291
  294  296  295  293  289  284  280  275  270  262  254  244  236  231  229  231
  234  236  236  236  235  237  234  224  199                                   
    30.0-180.0 180.0   5.0 450.0                            LAT/LON1/LON2/DLON/H
  210  194  181  161  148  135  132  130  134  137  141  143  140  135  127  120
  114  111  111  114  119  125  129  131  132  132  132  136  142  152  164  174
  184  193  202  212  223  233  241  248  255  262  269  276  283  290  296  302
  308  312  316  318  319  318  317  314  309  300  288  276  264  254  248  246
  245  246  244  243  242  243  241  231  210                                   
    27.5-180.0 180.0   5.0 450.0                            LAT/LON1/LON2/DLON/H
  223  206  193  172  157  141  135  130  131  134  139  142  143  139  133  125
  119  114  113  116  120  126  131  133  133  133  133  136  143  153  164  175
  184  194  204  215  226  235  243  250  257  264  272  279  287  295  303  311
  320  328  336  344  350  355  357  355  349  339  325  310  294  280  269  262
  256  254  251  249  248  249  246  238  223                                   
    25.0-180.0 180.0   5.0 450.0                            LAT/LON1/LON2/DLON/H
  235  218  207  189  173  156  146  137  135  135  138  142  144  142  137  130
  122  117  115  117  121  127  132  134  134  133  132  135  141  151  161  172
  182  192  203  215  226  237  245  252  258  266  273  281  289  298  308  319
  330  343  355  367  378  387  391  391  385  374  358  341  323  305  290  277
  267  262  257  255  253  253  251  244  235                                   
    22.5-180.0 180.0   5.0 450.0                            LAT/LON1/LON2/DLON/H
  244  229  221  207  192  175  163  151  144  140  141  143  145  145  141  134
  126  119  117  118  122  128  133  135  134  132  131  132  137  145  155  166
  176  187  199  212  225  236  245  252  260  268  276  284  293  303  314  326
  340  355  371  386  400  410  416  416  409  398  383  367  348  329  309  293
  280  272  265  261  259  258  255  247  244                                   
    20.0-180.0 180.0   5.0 450.0                            LAT/LON1/LON2/DLON/H
  248  234  230  220  210  193  181  167  158  150  146  147  147  147  143  137
  129  122  119  120  123  129  133  135  134  130  127  126  129  136  146  157
  168  180  194  208  223  235  244  253  261  271  280  290  299  310  322  335
  349  365  382  398  412  422  427  427  421  411  398  384  367  348  328  309
  294  284  276  271  267  263  258  249  248                                   
    17.5-180.0 180.0   5.0 450.0                            LAT/LON1/LON2/DLON/H
  247  234  233  227  220  206  195  183  172  161  154  152  151  149  146  139
  132  125  121  121  124  129  133  134  132  127  122  119  120  125  135  146
  159  172  188  204  219  233  243  254  264  276  287  298  309  320  332  345
  359  374  389  403  415  423  427  426  420  413  404  393  381  364  345  326
  309  298  290  283  277  269  261  249  247                                   
    15.0-180.0 180.0   5.0 450.0                            LAT/LON1/LON2/DLON/H
  242  230  230  225  222  211  203  193  183  172  163  157  154  152  148  141
  134  127  123  122  125  128  131  131  128  122  115  110  109  113  123  135
  149  165  182  199  216  230  243  255  268  282  296  309  322  333  345  357
  369  382  394  404  412  418  419  418  414  409  404  398  389  376  359  342
  326  315  306  297  288  276  264  249  242                                   
    12.5-180.0 180.0   5.0 450.0                            LAT/LON1/LON2/DLON/H
  239  226  225  219  217  208  202  196  189  179  169  162  157  153  149  143
  135  128  124  122  123  126  127  126  122  115  107  100   98  102  111  125
  142  159  177  196  213  228  242  256  272  289  305  321  334  347  358  369
  379  388  397  403  408  411  411  410  408  406  404  401  395  385  371  356
  342  331  322  312  300  284  269  250  239                                   
    10.0-180.0 180.0   5.0 450.0                            LAT/LON1/LON2/DLON/H
  239  226  222  213  210  200  196  192  188  181  172  165  158  154  149  143
  136  129  124  122  121  121  121  120  115  108   99   91   88   92  102  118
  136  154  174  192  210  226  242  257  275  293  312  329  345  357  368  378
  386  394  399  404  406  407  408  408  408  407  406  404  400  391  379  366
  354  345  336  324  311  292  274  253  239                                   
     7.5-180.0 180.0   5.0 450.0                            LAT/LON1/LON2/DLON/H
  247  232  226  211  205  193  188  185  184  178  171  163  157  151  146  141
  134  128  123  120  117  116  114  111  106   99   91   84   81   84   96  112
