data/edconvlstm_nd/pred0600.15i
     1.0            IONOSPHERE MAPS     GNSS                IONEX VERSION / TYPE
pyspatialgeodesy        IME             05-JAN-18 20:20     PGM / RUN BY / DATE 
Map Name                                                    COMMENT             
Predicted global ionosphere maps (GIM).                     DESCRIPTION         
  2015     3     1     0     0     0                        EPOCH OF FIRST MAP  
  2015     3     2     0     0     0                        EPOCH OF LAST MAP   
  7200                                                      INTERVAL            
    13                                                      # OF MAPS IN FILE   
  NONE                                                      MAPPING FUNCTION    
10.0                                                        ELEVATION CUTOFF    
One-way carrier phase leveled to code                       OBSERVABLES USED    
  6371.0                                                    BASE RADIUS         
 2                                                          MAP DIMENSION       
   450.0 450.0   0.0                                        HGT1 / HGT2 / DHGT  
    87.5 -87.5  -2.5                                        LAT1 / LAT2 / DLAT  
  -180.0 180.0   5.0                                        LON1 / LON2 / DLON  
    -1                                                      EXPONENT            
                                                            END OF HEADER       
[from data line 3861]
    10                                                      START OF TEC MAP    
  2015     3     1    18     0     0                        EPOCH OF CURRENT MAP
    87.5-180.0 180.0   5.0 450.0                            LAT/LON1/LON2/DLON/H
  172  173  167  179  182  184  186  187  189  192  194  196  198  200  202  204
  205  207  208  209  209  209  209  209  208  207  206  205  204  202  201  199
  197  195  193  191  188  186  184  182  180  178  176  174  173  171  170  169
  168  168  167  166  166  166  166  166  166  166  166  166  167  167  167  167
  168  169  168  168  175  176  179  176  172                                   
    85.0-180.0 180.0   5.0 450.0                            LAT/LON1/LON2/DLON/H
  163  171  183  179  178  186  189  194  197  201  203  206  209  212  215  217
  220  222  223  225  225  226  225  225  224  223  221  220  218  216  213  211
  208  206  203  200  197  195  192  189  186  184  182  179  177  176  174  173
  172  171  170  170  170  169  169  169  169  169  170  170  170  171  171  171
  173  173  172  170  170  170  170  173  163                                   
    82.5-180.0 180.0   5.0 450.0                            LAT/LON1/LON2/DLON/H
  138  150  157  158  161  167  175  180  183  189  194  199  204  209  214  219
  223  227  229  231  232  233  233  232  230  228  226  223  220  217  214  211
  207  204  200  196  193  189  185  181  177  174  170  167  164  162  160  158
  157  156  155  154  153  153  153  152  152  152  151  151  151  151  151  151
  152  152  151  152  149  158  152  151  138                                   
    80.0-180.0 180.0   5.0 450.0                            LAT/LON1/LON2/DLON/H
  122  134  144  146  148  152  161  169  175  182  188  196  202  209  216  222
  228  232  235  237  238  237  236  233  230  226  222  218  214  210  206  202
  198  194  190  186  182  178  174  170  166  162  159  156  154  152  151  151
  151  151  151  151  151  151  151  150  150  149  148  148  147  146  146  145
  145  145  144  143  136  138  136  139  122                                   
    77.5-180.0 180.0   5.0 450.0                            LAT/LON1/LON2/DLON/H
  115  118  127  128  132  137  145  153  159  166  173  182  191  200  209  218
  225  231  235  237  238  236  233  229  224  219  213  207  202  197  193  189
  186  183  180  176  173  169  165  161  157  153  150  147  145  144  144  144
  145  147  148  149  149  149  148  147  146  144  142  141  139  137  136  135
  133  132  131  130  127  125  128  131  115                                   
    75.0-180.0 180.0   5.0 450.0                            LAT/LON1/LON2/DLON/H
  108  115  120  121  124  130  135  142  149  157  165  174  185  196  207  218
  227  235  240  242  242  239  235  228  221  213  206  199  192  187  182  179
  176  173  171  169  167  164  160  157  153  149  146  144  143  143  145  147
  150  152  155  156  157  157  155  153  151  148  145  143  140  138  136  134
  132  130  130  126  122  120  121  114  108                                   
    72.5-180.0 180.0   5.0 450.0                            LAT/LON1/LON2/DLON/H
  106  112  115  120  120  126  131  137  142  149  157  168  180  193  206  220
  231  241  247  250  249  245  239  230  220  210  200  191  184  177  173  169
  167  165  164  163  162  160  157  153  149  146  142  140  140  140  143  146
  150  154  157  159  160  159  156  153  149  145  141  138  135  132  130  128
  125  123  122  119  115  114  116  115  106                                   
    70.0-180.0 180.0   5.0 450.0                            LAT/LON1/LON2/DLON/H
  109  114  118  122  124  129  133  138  143  150  157  168  181  195  210  226
  239  251  258  262  261  256  248  237  226  213  202  191  181  174  168  164
  161  159  158  157  156  154  151  148  144  140  137  134  134  135  138  143
  147  152  156  158  157  155  151  147  142  137  133  130  127  125  124  122
  119  118  118  115  113  112  116  114  109                                   
    67.5-180.0 180.0   5.0 450.0                            LAT/LON1/LON2/DLON/H
  112  118  122  130  134  141  146  151  155  161  169  179  192  207  224  241
  256  269  277  281  280  275  266  254  240  227  213  201  191  181  174  168
  164  161  159  157  155  153  150  146  142  137  133  130  129  129  132  137
  142  147  150  152  151  147  143  137  132  127  123  121  119  118  118  117
  115  114  114  112  109  109  111  111  112                                   
    65.0-180.0 180.0   5.0 450.0                            LAT/LON1/LON2/DLON/H
  107  114  119  129  135  144  150  157  162  169  177  187  201  217  234  253
  270  284  294  298  297  292  282  270  256  242  228  215  204  193  184  176
  169  163  158  154  150  146  142  138  132  127  121  117  114  114  115  118
  123  127  129  130  129  125  120  114  109  105  103  101  101  101  102  102
  101  101  102  101   99  100  102  105  107                                   
    62.5-180.0 180.0   5.0 450.0                            LAT/LON1/LON2/DLON/H
   97  103  108  121  130  141  150  160  167  176  185  197  211  228  246  266
  283  298  309  314  314  308  299  287  273  260  247  235  224  213  202  191
  181  171  163  155  148  142  137  131  124  118  111  105  100   97   97   98
  100  103  104  105  103   99   95   90   86   84   83   83   84   85   86   86
   85   86   86   86   85   85   86   91   97                                   
    60.0-180.0 180.0   5.0 450.0                            LAT/LON1/LON2/DLON/H
   82   87   92  106  117  129  142  155  166  178  190  204  219  237  256  276
  294  309  320  326  325  320  311  300  288  277  266  256  247  237  225  213
  199  186  173  161  151  142  135  127  120  112  104   96   89   84   80   78
   78   79   80   79   78   75   72   69   67   67   67   68   70   71   72   72
   70   70   71   70   69   69   69   76   82                                   
    57.5-180.0 180.0   5.0 450.0                            LAT/LON1/LON2/DLON/H
   68   72   77   91  103  116  132  147  163  178  194  210  227  245  265  284
  303  318  328  333  332  327  319  309  299  291  284  278  271  263  253  240
  224  207  190  175  161  150  140  131  123  114  105   96   87   79   72   67
   64   63   63   63   62   61   60   59   59   60   61   63   65   66   66   65
   62   61   61   60   59   57   56   63   68                                   
    55.0-180.0 180.0   5.0 450.0                            LAT/LON1/LON2/DLON/H
   61   64   69   82   94  108  125  142  161  180  199  217  236  255  274  293
  310  324  334  338  336  331  323  314  307  302  299  297  294  289  281  268
  251  232  212  194  178  164  152  141  132  124  114  105   94   84   74   67
   62   59   58   58   58   58   59   60   62   64   67   69   70   70   68   66
   63   61   59   58   57   53   51   57   61                                   
    52.5-180.0 180.0   5.0 450.0                            LAT/LON1/LON2/DLON/H
   63   65   71   82   94  109  125  144  164  185  207  227  247  266  284  302
  318  331  339  341  338  333  325  318  313  310  311  312  313  311  304  292
  276  256  235  215  197  181  167  156  146  138  129  119  109   98   87   78
   72   68   66   65   66   68   70   73   76   79   81   82   82   81   79   76
   71   69   67   65   64   60   56   60   63                                   
    50.0-180.0 180.0   5.0 450.0                            LAT/LON1/LON2/DLON/H
   74   76   84   94  106  121  137  155  176  198  221  242  261  279  297  314
  328  339  344  345  342  336  329  323  319  318  320  324  326  326  321  310
  294  275  254  233  214  197  183  170  161  152  145  136  127  116  106   97
   90   85   83   82   83   86   89   93   96   99  100  100   99   96   93   90
   86   84   82   81   80   75   71   73   74                                   
    47.5-180.0 180.0   5.0 450.0                            LAT/LON1/LON2/DLON/H
   94   96  105  116  128  144  158  176  196  218  240  260  279  296  312  327
  339  348  352  351  347  341  335  329  326  326  328  331  333  333  327  316
  301  283  263  244  226  209  194  181  170  163  156  150  142  134  125  117
  111  107  104  102  103  105  109  112  115  117  117  115  113  110  108  105
  102  101  100  101  100   96   92   93   94                                   
    45.0-180.0 180.0   5.0 450.0                            LAT/LON1/LON2/DLON/H
  115  119  130  143  157  172  186  202  221  242  262  282  299  314  328  341
  352  359  360  358  354  348  343  339  336  334  334  334  333  330  322  311
  296  280  263  246  230  214  198  185  174  166  161  156  151  145  139  133
  128  124  120  118  117  118  121  123  125  126  125  123  121  119  117  116
  114  115  116  118  119  115  113  116  115                                   
    42.5-180.0 180.0   5.0 450.0                            LAT/LON1/LON2/DLON/H
  132  138  152  169  185  201  215  229  246  266  285  303  318  332  344  356
  364  369  369  366  362  357  354  350  346  342  338  333  327  319  309  296
  283  269  255  242  229  214  199  184  173  165  160  156  153  149  145  141
  137  133  128  123  121  120  121  123  123  123  121  119  118  118  119  120
  120  122  125  127  128  126  126  132  132                                   
    40.0-180.0 180.0   5.0 450.0                            LAT/LON1/LON2/DLON/H
  138  147  165  186  206  223  238  252  269  287  305  322  335  347  358  368
  375  378  377  374  370  367  364  361  356  349  341  331  319  307  294  282
  270  260  250  241  230  216  201  186  173  165  159  156  153  150  147  144
  139  134  127  121  116  114  114  114  113  111  110  108  109  111  114  116
  118  121  124  125  126  125  126  135  138                                   
    37.5-180.0 180.0   5.0 450.0                            LAT/LON1/LON2/DLON/H
  134  145  164  190  214  234  252  268  284  303  321  337  349  360  370  378
  383  385  384  381  378  375  373  370  365  356  344  330  315  300  288  278
  270  264  259  252  242  228  212  195  182  172  166  161  157  153  149  146
  141  134  125  117  111  107  105  104  102   99   97   97   99  102  106  110
  112  114  116  116  115  113  115  126  134                                   
    35.0-180.0 180.0   5.0 450.0                            LAT/LON1/LON2/DLON/H
  124  134  154  184  211  232  255  274  293  313  332  348  360  371  379  386
  390  391  389  386  384  382  380  377  371  362  349  335  320  307  297  293
  291  291  288  282  271  256  237  219  205  194  186  180  173  167  161  156
  149  140  130  120  112  108  105  102   99   95   93   93   95   99  104  108
  108  108  108  106  102   98  100  110  124                                   
    32.5-180.0 180.0   5.0 450.0                            LAT/LON1/LON2/DLON/H
  114  122  141  172  202  224  251  272  295  318  339  356  369  380  388  393
  396  396  394  391  389  387  385  381  376  369  360  349  338  330  328  332
  339  344  344  336  322  302  279  259  243  232  223  215  205  196  188  180
  171  160  148  137  129  124  119  115  110  105  102  102  104  108  112  114
  111  109  105  100   93   87   88   96  114                                   
    30.0-180.0 180.0   5.0 450.0                            LAT/LON1/LON2/DLON/H
  109  115  133  163  193  215  245  269  295  321  344  364  378  389  396  401
  402  401  399  396  393  390  387  383  381  378  375  372  369  372  381  396
  413  424  425  413  391  363  335  312  295  284  275  265  253  241  231  221
  211  199  186  174  165  159  153  146  138  131  127  126  128  130  132  131
  125  119  111  103   94   85   83   87  109                                   
    27.5-180.0 180.0   5.0 450.0                            LAT/LON1/LON2/DLON/H
  113  117  134  161  191  212  243  268  297  325  350  372  388  399  405  408
  408  406  403  400  396  391  387  385  386  390  396  404  414  429  453  483
  511  528  526  505  471  432  396  369  352  342  334  324  312  299  288  278
  268  256  243  232  223  215  206  196  184  173  166  163  162  162  161  156
  146  138  125  116  105   93   88   87  113                                   
    25.0-180.0 180.0   5.0 450.0                            LAT/LON1/LON2/DLON/H
  126  129  143  169  197  217  248  273  303  332  359  382  399  410  416  417
  415  412  408  403  398  392  388  387  393  406  423  444  468  499  539  583
  621  639  630  596  547  495  450  419  402  394  389  381  370  359  351  344
  337  327  316  306  296  287  274  257  240  224  212  205  200  195  190  182
  170  160  145  135  123  109  101   96  126                                   
    22.5-180.0 180.0   5.0 450.0                            LAT/LON1/LON2/DLON/H
  147  150  161  185  212  230  259  283  314  344  372  395  412  423  428  428
  424  418  413  407  400  394  389  392  404  426  456  491  530  575  627  680
  721  735  715  667  602  537  484  449  432  426  424  419  413  407  405  405
  403  399  391  382  371  358  340  318  294  272  255  242  232  223  214  203
  190  180  165  156  143  128  118  114  147                                   
    20.0-180.0 180.0   5.0 450.0                            LAT/LON1/LON2/DLON/H
  170  173  183  206  231  248  274  297  327  358  386  410  428  439  443  441
  435  427  419  412  404  398  395  402  422  454  496  542  592  645  701  754
  789  794  763  702  626  552  492  453  434  429  429  428  426  428  435  444
  450  451  447  438  426  409  387  360  332  306  284  267  253  240  228  215
  202  194  180  173  160  145  135  135  170                                   
    17.5-180.0 180.0   5.0 450.0                            LAT/LON1/LON2/DLON/H
  189  192  203  226  251  266  290  311  341  371  400  424  443  455  459  457
  449  439  430  421  412  406  407  420  447  489  540  594  647  698  748  791
  815  808  767  700  620  542  478  435  412  404  403  403  406  415  431  450
  464  470  468  460  446  426  400  372  342  315  292  273  256  241  228  216
  204  198  187  182  169  156  146  152  189                                   
    15.0-180.0 180.0   5.0 450.0                            LAT/LON1/LON2/DLON/H
  196  202  216  240  265  280  303  324  352  383  411  437  458  471  477  475
  467  456  445  435  426  422  427  446  481  530  586  640  688  728  763  790
  799  783  739  673  596  520  454  406  377  363  356  354  360  375  399  425
  445  454  453  445  429  408  381  354  327  302  280  261  243  228  215  204
  195  191  183  180  169  158  148  159  196                                   
    12.5-180.0 180.0   5.0 450.0                            LAT/LON1/LON2/DLON/H
  191  199  219  246  273  290  313  334  363  392  421  448  470  486  494  495
  488  478  466  455  447  446  456  481  522  574  629  676  711  735  751  760
  758  738  696  638  570  501  437  385  348  324  309  302  306  323  351  381
  404  415  414  405  388  367  342  318  296  275  256  238  221  206  195  185
  178  177  172  168  161  152  142  157  191                                   
    10.0-180.0 180.0   5.0 450.0                            LAT/LON1/LON2/DLON/H
  177  188  213  244  274  295  321  344  373  402  430  457  481  500  512  516
  512  504  493  482  475  477  492  522  566  618  666  701  720  725  725  722
  712  691  657  611  557  498  438  384  339  305  281  266  265  280  308  338
  361  371  369  359  342  322  300  280  263  248  232  215  200  186  175  166
  161  161  157  154  148  141  130  147  177                                   
     7.5-180.0 180.0   5.0 450.0                            LAT/LON1/LON2/DLON/H
  161  174  203  237  272  298  328  353  384  413  441  468  492  513  529  537
  538  532  523  513  508  514  534  568  612  658  696  717  719  711  700  688
