data/edconvlstm_nd/pred0050.15i
     1.0            IONOSPHERE MAPS     GNSS                IONEX VERSION / TYPE
pyspatialgeodesy        IME             05-JAN-18 20:20     PGM / RUN BY / DATE 
Map Name                                                    COMMENT             
Predicted global ionosphere maps (GIM).                     DESCRIPTION         
  2015     1     5     0     0     0                        EPOCH OF FIRST MAP  
  2015     1     6     0     0     0                        EPOCH OF LAST MAP   
  7200                                                      INTERVAL            
    13                                                      # OF MAPS IN FILE   
  NONE                                                      MAPPING FUNCTION    
10.0                                                        ELEVATION CUTOFF    
One-way carrier phase leveled to code                       OBSERVABLES USED    
  6371.0                                                    BASE RADIUS         
 2                                                          MAP DIMENSION       
   450.0 450.0   0.0                                        HGT1 / HGT2 / DHGT  
    87.5 -87.5  -2.5                                        LAT1 / LAT2 / DLAT  
  -180.0 180.0   5.0                                        LON1 / LON2 / DLON  
    -1                                                      EXPONENT            
                                                            END OF HEADER       
[from data line 3003]
     8                                                      START OF TEC MAP    
  2015     1     5    14     0     0                        EPOCH OF CURRENT MAP
    87.5-180.0 180.0   5.0 450.0                            LAT/LON1/LON2/DLON/H
   80   92   94   99  103  104  106  103  106  110  112  115  117  119  121  123
  125  127  128  129  130  131  131  131  131  130  129  128  126  125  123  121
  119  117  115  113  111  109  107  105  104  102  101  100   98   97   97   96
   95   95   94   94   93   93   93   92   92   92   92   92   92   92   92   92
   92   93   90   87   92   93  107  101   80                                   
    85.0-180.0 180.0   5.0 450.0                            LAT/LON1/LON2/DLON/H
   89   97  111   95   96  100  102  104  106  110  111  114  116  119  122  124
  127  129  132  134  135  137  138  138  138  138  137  136  135  133  131  129
  127  125  122  120  117  115  113  111  109  107  106  104  103  102  101  101
  100   99   99   98   98   98   97   97   97   96   96   96   96   96   95   95
   96   95   90   86   89   91  102   98   89                                   
    82.5-180.0 180.0   5.0 450.0                            LAT/LON1/LON2/DLON/H
   81   87   93   81   83   86   89   90   91   94   96   99  101  104  107  110
  113  116  120  123  125  127  129  130  131  131  130  129  127  125  123  121
  118  115  112  109  106  104  101   99   97   95   94   93   92   92   91   91
   91   91   91   91   91   91   91   91   91   90   90   90   90   90   89   89
   90   88   84   80   84   91   91   86   81                                   
    80.0-180.0 180.0   5.0 450.0                            LAT/LON1/LON2/DLON/H
   69   70   78   68   68   66   69   69   71   72   73   76   78   81   84   88
   93   97  102  106  111  114  117  119  121  121  120  119  117  115  112  109
  106  103   99   96   93   90   87   85   83   81   80   80   80   80   81   82
   83   84   84   85   86   86   86   86   86   86   86   86   85   85   84   83
   83   81   79   75   73   79   79   78   69                                   
    77.5-180.0 180.0   5.0 450.0                            LAT/LON1/LON2/DLON/H
   69   65   64   57   57   56   57   57   58   57   56   58   59   62   65   70
   75   81   87   93  100  105  110  113  116  117  117  116  114  112  109  106
  102   99   95   92   88   85   81   79   76   75   74   74   74   76   77   80
   82   84   86   87   89   89   89   89   89   89   88   87   87   86   85   83
   82   79   76   72   68   67   69   67   69                                   
    75.0-180.0 180.0   5.0 450.0                            LAT/LON1/LON2/DLON/H
   55   58   56   53   54   55   54   52   51   49   47   46   45   47   49   53
   58   64   71   79   87   94  101  106  109  112  112  112  111  108  106  103
   99   96   92   89   85   81   78   74   71   69   68   68   69   71   74   77
   81   84   87   89   91   92   92   92   92   91   90   90   89   88   86   85
   83   80   77   71   69   64   63   57   55                                   
    72.5-180.0 180.0   5.0 450.0                            LAT/LON1/LON2/DLON/H
   59   62   60   60   60   63   62   59   55   51   46   43   40   39   40   42
   47   53   61   69   79   88   97  104  109  113  115  115  114  112  110  107
  104  101   98   95   91   87   82   78   74   72   70   69   70   73   76   80
   84   87   91   93   95   96   96   96   96   95   94   94   93   93   92   90
   88   85   82   75   71   68   66   64   59                                   
    70.0-180.0 180.0   5.0 450.0                            LAT/LON1/LON2/DLON/H
   61   67   68   70   71   74   72   70   66   61   54   48   43   40   38   38
   42   47   55   64   75   87   98  107  115  121  124  125  125  124  122  120
  118  115  111  108  103   98   93   87   82   78   75   73   73   74   77   80
   83   87   90   92   94   94   95   95   94   94   94   94   94   94   94   94
   92   89   87   81   76   74   75   73   61                                   
    67.5-180.0 180.0   5.0 450.0                            LAT/LON1/LON2/DLON/H
   67   74   75   80   82   88   88   87   82   76   69   62   55   50   46   45
   46   51   58   69   81   95  109  121  131  139  144  147  148  148  146  144
  141  138  134  130  124  118  111  104   97   91   85   82   79   79   79   80
   82   84   86   87   88   88   89   89   89   89   89   90   91   91   92   93
   93   90   88   82   77   76   76   74   67                                   
    65.0-180.0 180.0   5.0 450.0                            LAT/LON1/LON2/DLON/H
   68   76   79   86   90   98   99  100   96   91   84   77   69   62   57   53
   53   56   63   74   88  104  120  136  150  160  168  173  176  176  175  173
  170  166  161  155  148  140  132  123  113  105   97   91   86   82   79   77
   76   76   75   75   75   75   76   76   77   77   78   79   81   82   84   86
   87   87   86   81   78   78   79   78   68                                   
    62.5-180.0 180.0   5.0 450.0                            LAT/LON1/LON2/DLON/H
   67   74   77   86   92  101  104  106  104  101   96   90   83   76   70   65
   62   64   70   81   96  114  134  152  169  183  194  201  206  207  207  205
  200  195  188  180  172  162  152  142  131  120  110  101   93   86   79   73
   69   65   62   60   59   60   61   62   63   64   65   67   68   70   72   75
   77   78   79   75   73   73   74   74   67                                   
    60.0-180.0 180.0   5.0 450.0                            LAT/LON1/LON2/DLON/H
   63   68   70   80   86   95   99  102  103  102   99   96   91   85   78   72
   69   69   75   86  101  121  143  164  185  202  215  226  232  236  236  234
  228  221  212  202  192  181  170  158  146  134  122  111  100   89   79   69
   61   54   48   45   44   44   46   48   50   51   52   53   54   55   57   60
   63   65   67   66   66   66   68   67   63                                   
    57.5-180.0 180.0   5.0 450.0                            LAT/LON1/LON2/DLON/H
   57   60   62   72   77   85   89   93   95   97   97   96   93   89   83   77
   74   74   80   90  107  127  151  175  198  218  234  247  257  262  264  261
  254  245  234  222  211  199  188  176  164  151  138  125  112   98   85   72
   60   50   43   38   36   37   39   41   44   45   45   45   45   45   46   49
   52   55   59   59   60   61   62   63   57                                   
    55.0-180.0 180.0   5.0 450.0                            LAT/LON1/LON2/DLON/H
   54   56   57   65   69   74   77   80   83   86   89   90   89   87   82   78
   76   78   84   95  112  134  158  183  208  230  249  264  276  283  285  282
  275  264  252  239  226  214  203  192  180  168  154  141  126  111   96   80
   66   54   45   40   38   38   40   43   45   46   46   45   43   41   41   42
   45   48   54   56   59   59   60   60   54                                   
    52.5-180.0 180.0   5.0 450.0                            LAT/LON1/LON2/DLON/H
   55   56   55   61   63   66   66   68   71   75   78   81   82   81   78   77
   77   81   90  103  121  143  167  193  217  240  260  277  289  297  300  297
  289  277  264  251  238  227  217  206  196  184  171  158  143  128  111   95
   80   67   58   52   49   49   50   52   54   54   53   51   48   45   43   43
   44   48   54   58   62   62   64   63   55                                   
    50.0-180.0 180.0   5.0 450.0                            LAT/LON1/LON2/DLON/H
   60   61   59   64   63   63   61   62   63   67   70   73   74   74   73   75
   79   86   98  114  134  156  180  204  228  250  269  285  297  305  306  303
  295  284  271  259  248  238  229  220  210  199  187  174  160  145  129  113
   99   86   76   70   66   65   65   66   67   66   65   62   59   55   52   50
   50   53   60   64   69   71   72   69   60                                   
    47.5-180.0 180.0   5.0 450.0                            LAT/LON1/LON2/DLON/H
   68   70   68   71   69   67   63   61   62   64   67   69   69   69   70   74
   82   94  110  129  151  174  197  219  240  259  276  289  299  304  305  301
  293  284  274  264  255  247  240  232  223  212  200  188  174  160  145  131
  117  106   96   89   84   81   79   78   78   77   76   74   71   67   64   61
   60   62   68   73   78   81   83   79   68                                   
    45.0-180.0 180.0   5.0 450.0                            LAT/LON1/LON2/DLON/H
   78   81   79   82   79   76   70   67   66   68   70   71   70   69   71   78
   90  106  126  148  171  194  216  236  253  269  281  290  295  297  295  291
  285  279  273  267  261  256  250  242  233  221  209  196  183  169  156  143
  131  120  111  103   97   91   87   85   83   83   82   82   81   78   75   72
   70   71   76   81   87   91   93   88   78                                   
    42.5-180.0 180.0   5.0 450.0                            LAT/LON1/LON2/DLON/H
   85   90   88   92   90   86   80   76   75   77   77   77   75   75   78   87
  102  122  145  169  193  215  235  253  267  277  284  287  287  285  281  277
  275  273  271  270  268  265  259  251  241  228  214  201  187  173  160  148
  137  127  118  109  101   93   87   82   80   80   81   83   84   83   82   80
   78   78   82   86   91   97  100   95   85                                   
    40.0-180.0 180.0   5.0 450.0                            LAT/LON1/LON2/DLON/H
   88   93   93   99   97   94   89   86   85   87   87   87   85   85   89  100
  117  140  164  189  213  234  253  268  278  285  286  284  279  273  268  266
  266  270  274  277  278  277  271  261  249  234  219  203  188  173  159  147
  136  127  117  108   98   89   81   75   73   72   74   77   80   82   82   82
   81   81   84   86   91   97  100   96   88                                   
    37.5-180.0 180.0   5.0 450.0                            LAT/LON1/LON2/DLON/H
   86   92   93  100   99   97   94   92   93   95   97   97   97   99  105  118
  136  159  183  207  230  250  267  280  287  290  288  282  274  266  262  262
  267  276  285  292  295  294  287  276  261  244  227  209  191  175  160  146
  135  125  116  106   95   85   76   70   67   66   67   70   73   76   79   80
   81   81   83   84   88   92   95   93   86                                   
    35.0-180.0 180.0   5.0 450.0                            LAT/LON1/LON2/DLON/H
   82   86   88   97   97   95   94   93   95   99  102  105  108  113  122  136
  156  178  201  223  244  263  277  288  293  293  290  283  275  269  268  272
  283  296  309  319  322  320  311  298  282  262  242  222  203  184  167  152
  140  130  120  111  101   91   82   76   71   68   67   67   69   72   75   78
   80   81   83   83   84   86   88   88   82                                   
    32.5-180.0 180.0   5.0 450.0                            LAT/LON1/LON2/DLON/H
   78   81   82   91   91   89   89   90   92   97  102  108  115  124  137  154
  174  195  216  236  255  272  284  292  295  295  293  289  285  284  289  299
  315  333  348  358  361  356  346  331  312  291  269  246  225  204  186  170
  157  147  139  131  123  115  106   99   91   85   79   75   73   74   77   81
   83   85   87   85   84   83   83   83   78                                   
    30.0-180.0 180.0   5.0 450.0                            LAT/LON1/LON2/DLON/H
   79   79   78   85   85   82   83   83   86   90   97  106  117  131  148  167
  188  209  229  248  265  278  288  293  295  296  297  299  304  312  325  343
  364  386  402  411  411  403  391  374  354  331  307  282  259  237  218  202
  190  182  176  171  166  159  151  142  131  119  108   98   91   88   89   92
   94   96   98   95   91   86   85   82   79                                   
    27.5-180.0 180.0   5.0 450.0                            LAT/LON1/LON2/DLON/H
   85   82   79   83   82   78   78   77   78   82   89   99  114  131  153  176
  199  220  240  258  273  285  291  293  293  296  303  315  331  351  375  401
  428  452  469  475  471  460  444  426  405  381  354  328  303  281  262  248
  238  233  231  230  228  223  215  204  188  170  152  136  123  116  114  115
  116  117  118  113  106   98   94   87   85                                   
    25.0-180.0 180.0   5.0 450.0                            LAT/LON1/LON2/DLON/H
   97   90   84   85   84   78   76   73   73   75   81   91  107  127  152  178
  204  228  249  267  282  291  293  292  292  297  312  335  364  397  432  468
  501  527  542  544  535  520  503  484  462  436  408  380  355  333  317  305
  299  298  300  302  302  298  289  273  253  229  205  184  168  156  151  149
  148  147  146  140  129  117  110   96   97                                   
    22.5-180.0 180.0   5.0 450.0                            LAT/LON1/LON2/DLON/H
  113  102   93   91   88   82   79   75   73   72   75   84   99  121  148  177
  206  232  256  276  290  297  297  293  292  301  324  358  400  446  492  534
  571  596  608  605  594  577  559  540  518  492  463  434  409  389  375  366
  364  367  372  376  376  370  357  336  311  283  256  233  215  202  194  190
  185  182  178  171  156  140  130  110  113                                   
    20.0-180.0 180.0   5.0 450.0                            LAT/LON1/LON2/DLON/H
  129  115  102   97   94   88   85   80   77   74   74   80   94  115  143  174
  206  236  263  285  300  305  302  296  296  310  340  384  436  491  543  588
  623  645  653  649  637  621  605  588  568  542  513  484  459  441  429  424
  424  429  434  436  433  422  403  376  346  316  290  270  255  243  235  229
  222  217  209  201  182  163  149  125  129                                   
    17.5-180.0 180.0   5.0 450.0                            LAT/LON1/LON2/DLON/H
  141  124  109  102   99   93   92   87   83   80   78   82   94  114  141  173
  208  242  272  296  310  314  309  303  306  325  362  412  470  527  579  620
  650  667  672  669  659  648  637  623  605  582  553  525  501  484  474  469
  470  472  474  471  461  443  416  385  352  323  301  286  277  271  266  260
  251  245  233  224  202  182  164  139  141                                   
    15.0-180.0 180.0   5.0 450.0                            LAT/LON1/LON2/DLON/H
  144  128  111  103  100   94   94   91   90   87   85   88   99  117  144  178
  214  250  283  307  322  324  319  315  322  347  388  440  497  550  595  629
  651  664  669  668  664  658  652  644  630  609  583  556  533  515  504  497
  494  492  487  476  458  432  400  364  331  305  289  282  280  280  280  276
  268  261  247  237  212  192  173  147  144                                   
    12.5-180.0 180.0   5.0 450.0                            LAT/LON1/LON2/DLON/H
  140  126  108   99   96   89   92   91   93   93   93   97  108  127  154  188
  226  263  296  321  335  337  333  333  346  374  417  466  516  560  594  618
  634  644  650  654  656  657  656  652  643  627  604  578  554  535  520  509
  499  489  476  457  431  399  362  327  296  274  264  263  268  274  278  276
  270  263  249  237  212  192  174  148  140                                   
    10.0-180.0 180.0   5.0 450.0                            LAT/LON1/LON2/DLON/H
  130  119  101   92   87   80   84   86   91   95   99  106  119  140  168  203
  241  279  312  336  349  352  351  357  375  406  446  489  528  559  582  598
  610  618  627  635  643  649  653  653  649  637  618  594  569  547  527  509
  492  473  452  425  393  357  321  287  261  244  238  242  250  259  265  266
  261  255  241  228  204  185  169  144  130                                   
     7.5-180.0 180.0   5.0 450.0                            LAT/LON1/LON2/DLON/H
  119  111   94   84   78   69   74   77   85   93  101  114  131  155  185  221
  259  297  329  352  365  369  373  383  406  438  474  507  533  553  566  577
