data/edconvlstm_nd/pred0270.15i
     1.0            IONOSPHERE MAPS     GNSS                IONEX VERSION / TYPE
pyspatialgeodesy        IME             05-JAN-18 20:20     PGM / RUN BY / DATE 
Map Name                                                    COMMENT             
Predicted global ionosphere maps (GIM).                     DESCRIPTION         
  2015     1    27     0     0     0                        EPOCH OF FIRST MAP  
  2015     1    28     0     0     0                        EPOCH OF LAST MAP   
  7200                                                      INTERVAL            
    13                                                      # OF MAPS IN FILE   
  NONE                                                      MAPPING FUNCTION    
10.0                                                        ELEVATION CUTOFF    
One-way carrier phase leveled to code                       OBSERVABLES USED    
  6371.0                                                    BASE RADIUS         
 2                                                          MAP DIMENSION       
   450.0 450.0   0.0                                        HGT1 / HGT2 / DHGT  
    87.5 -87.5  -2.5                                        LAT1 / LAT2 / DLAT  
  -180.0 180.0   5.0                                        LON1 / LON2 / DLON  
    -1                                                      EXPONENT            
                                                            END OF HEADER       
[from data line 4290]
    11                                                      START OF TEC MAP    
  2015     1    27    20     0     0                        EPOCH OF CURRENT MAP
    87.5-180.0 180.0   5.0 450.0                            LAT/LON1/LON2/DLON/H
   97  101   94   98  102  101  101  100  102  106  107  110  113  115  118  120
  123  125  126  128  129  130  130  131  131  131  131  131  130  130  130  129
  129  128  128  127  126  126  125  124  123  122  122  121  120  119  118  117
  116  115  113  112  111  109  108  106  105  103  102  100   99   97   96   94
   93   92   88   85   92   92  110  112   97                                   
    85.0-180.0 180.0   5.0 450.0                            LAT/LON1/LON2/DLON/H
   99  101  109   93   93   99  100  104  107  112  114  118  121  125  128  131
  133  136  137  139  140  141  142  142  142  142  142  142  142  142  141  141
  140  140  139  138  137  136  135  134  133  132  131  130  129  127  126  125
  123  122  120  119  117  115  113  111  109  107  105  103  101  100   98   96
   95   93   88   83   86   88   96   93   99                                   
    82.5-180.0 180.0   5.0 450.0                            LAT/LON1/LON2/DLON/H
   71   77   82   74   77   83   88   92   96  101  106  112  117  122  127  131
  135  138  140  142  143  144  145  145  145  145  145  145  145  144  144  143
  143  142  141  140  138  137  136  134  133  131  130  128  127  125  124  122
  120  118  116  114  112  110  107  105  102  100   97   95   93   90   88   86
   84   81   76   74   78   89   84   83   71                                   
    80.0-180.0 180.0   5.0 450.0                            LAT/LON1/LON2/DLON/H
   43   51   62   54   58   59   68   75   82   90   97  106  112  119  125  130
  134  136  138  139  139  139  138  137  137  136  136  135  135  135  135  134
  134  133  132  131  130  128  126  125  123  121  120  118  117  115  114  112
  110  108  106  104  101   99   96   93   90   87   84   82   79   77   75   72
   70   68   64   63   61   66   61   70   43                                   
    77.5-180.0 180.0   5.0 450.0                            LAT/LON1/LON2/DLON/H
   43   44   50   44   48   51   61   68   76   84   93  103  112  120  126  132
  135  137  138  138  137  136  135  133  132  131  130  130  129  130  130  130
  130  129  128  127  125  123  121  119  117  114  112  111  109  108  107  105
  104  102  101   98   96   93   90   87   83   81   78   75   73   71   69   67
   65   62   61   59   59   57   56   67   43                                   
    75.0-180.0 180.0   5.0 450.0                            LAT/LON1/LON2/DLON/H
   41   43   46   42   47   51   59   67   77   88   98  109  119  127  133  137
  139  140  139  136  133  130  126  123  121  118  117  116  116  116  117  117
  117  117  116  115  113  111  109  107  104  102  100   99   98   97   97   96
   96   95   93   92   89   86   83   80   77   75   72   71   69   68   67   67
   65   65   65   61   60   55   50   53   41                                   
    72.5-180.0 180.0   5.0 450.0                            LAT/LON1/LON2/DLON/H
   56   55   57   58   57   62   71   78   86   97  107  118  127  135  140  143
  143  142  139  134  129  124  119  114  110  107  104  103  102  102  102  103
  104  104  103  102  100   98   95   93   90   88   87   85   85   85   85   85
   85   85   85   84   82   79   77   74   71   69   67   66   66   66   67   67
   68   69   69   65   63   60   58   64   56                                   
    70.0-180.0 180.0   5.0 450.0                            LAT/LON1/LON2/DLON/H
   71   71   73   74   74   79   86   94  103  114  125  135  144  150  154  155
  154  150  145  139  132  125  118  112  106  101   97   94   92   91   91   91
   91   91   90   88   86   84   81   79   77   75   74   73   73   74   75   76
   77   78   78   78   77   75   73   70   68   66   64   64   65   66   68   70
   72   74   77   76   75   72   72   77   71                                   
    67.5-180.0 180.0   5.0 450.0                            LAT/LON1/LON2/DLON/H
   90   89   93   97   99  104  111  119  127  136  145  155  163  168  171  171
  168  163  157  150  142  133  125  117  109  102   96   91   87   85   84   83
   83   82   80   78   76   73   70   68   66   65   64   64   65   66   68   69
   71   73   74   74   74   72   71   68   66   65   64   64   65   67   70   73
   75   78   81   81   80   80   79   85   90                                   
    65.0-180.0 180.0   5.0 450.0                            LAT/LON1/LON2/DLON/H
   96   99  105  112  116  123  130  139  146  156  164  173  179  183  185  184
  181  176  170  162  154  145  136  126  116  106   98   90   84   79   76   74
   72   70   68   65   62   59   56   54   53   52   52   53   54   56   57   59
   61   63   65   66   66   66   65   63   62   60   60   60   61   63   65   68
   70   74   77   80   80   83   85   91   96                                   
    62.5-180.0 180.0   5.0 450.0                            LAT/LON1/LON2/DLON/H
   96  102  110  120  129  139  148  158  165  173  180  188  193  197  198  198
  195  191  184  177  169  160  150  139  127  115  104   94   85   78   73   69
   66   63   59   55   51   47   45   43   43   43   44   45   46   48   49   51
   53   55   56   58   59   59   59   58   57   56   56   56   56   57   59   60
   62   64   67   69   70   74   77   85   96                                   
    60.0-180.0 180.0   5.0 450.0                            LAT/LON1/LON2/DLON/H
   88   96  108  122  135  148  161  173  181  189  195  201  206  209  210  210
  208  204  199  192  184  175  165  154  141  127  114  101   91   82   75   69
   64   59   54   49   44   40   38   37   37   38   39   40   42   43   43   44
   45   47   49   50   52   53   53   53   53   52   52   51   51   51   51   51
   51   52   53   54   56   62   65   76   88                                   
    57.5-180.0 180.0   5.0 450.0                            LAT/LON1/LON2/DLON/H
   78   89  104  122  140  158  175  188  198  206  211  215  218  220  222  222
  221  218  212  205  198  189  179  168  156  142  129  116  104   94   85   78
   70   64   57   51   45   41   39   38   38   40   41   42   43   44   43   43
   43   44   45   47   48   50   51   51   51   51   50   49   49   47   46   45
   43   42   43   43   44   49   53   65   78                                   
    55.0-180.0 180.0   5.0 450.0                            LAT/LON1/LON2/DLON/H
   71   85  103  125  148  170  191  208  219  226  230  232  233  234  235  235
  234  230  224  217  208  199  191  181  171  159  147  135  124  113  103   93
   84   75   68   60   55   50   48   47   47   48   50   51   51   50   49   48
   47   46   47   48   49   50   52   52   53   52   52   51   49   47   46   43
   40   38   38   37   37   41   44   58   71                                   
    52.5-180.0 180.0   5.0 450.0                            LAT/LON1/LON2/DLON/H
   72   88  108  134  161  188  212  231  243  251  253  253  252  250  250  249
  247  242  234  225  215  207  200  193  186  178  169  159  149  138  127  115
  104   93   84   77   71   67   64   63   63   63   64   64   64   63   60   58
   56   55   55   55   56   57   58   58   58   58   57   55   54   52   49   47
   43   42   41   40   39   42   44   58   72                                   
    50.0-180.0 180.0   5.0 450.0                            LAT/LON1/LON2/DLON/H
   82  100  123  151  181  212  239  260  273  281  282  279  275  271  269  266
  262  255  245  234  223  215  209  205  203  199  194  187  178  166  153  139
  125  113  104   96   91   88   85   84   83   82   82   82   81   79   77   74
   71   70   68   68   68   68   68   68   67   66   64   63   61   59   57   55
   52   52   52   52   51   52   54   67   82                                   
    47.5-180.0 180.0   5.0 450.0                            LAT/LON1/LON2/DLON/H
  101  119  145  174  206  239  268  291  305  313  314  309  302  296  291  287
  281  271  258  244  233  225  221  221  222  222  221  215  206  192  176  159
  143  129  120  114  110  108  106  104  102  101  100  100   99   97   95   92
   89   87   86   84   83   82   81   80   78   76   74   72   70   68   67   66
   64   65   67   68   68   70   72   84  101                                   
    45.0-180.0 180.0   5.0 450.0                            LAT/LON1/LON2/DLON/H
  124  143  171  199  232  266  296  320  335  345  346  341  332  324  317  311
  302  290  275  260  247  240  238  240  243  246  245  239  228  211  190  170
  152  138  130  125  124  123  122  120  118  116  114  113  113  112  110  108
  106  104  102  100   99   97   94   92   89   86   83   81   79   78   77   76
   75   77   80   85   87   91   95  105  124                                   
    42.5-180.0 180.0   5.0 450.0                            LAT/LON1/LON2/DLON/H
  146  165  193  222  254  287  316  342  359  372  375  371  362  352  344  336
  326  313  297  281  269  262  260  262  265  267  264  255  239  219  195  172
  153  140  133  131  132  133  133  130  127  124  122  122  121  121  120  118
  117  116  114  113  110  108  105  102   98   94   91   88   86   85   84   84
   83   85   89   95  100  107  115  126  146                                   
    40.0-180.0 180.0   5.0 450.0                            LAT/LON1/LON2/DLON/H
  160  180  209  237  268  299  328  354  374  390  397  396  388  379  370  362
  351  338  323  308  296  289  286  285  285  282  275  261  242  218  193  170
  152  141  136  136  138  139  138  135  131  128  125  125  124  124  123  122
  121  120  119  118  116  114  111  107  104  100   96   93   91   90   88   87
   84   85   89   96  103  114  125  138  160                                   
    37.5-180.0 180.0   5.0 450.0                            LAT/LON1/LON2/DLON/H
  166  189  218  245  274  302  331  357  379  399  411  414  410  402  394  386
  376  364  350  337  326  318  312  306  300  291  279  262  240  217  193  173
  159  150  146  146  146  146  143  138  133  128  126  125  125  124  122  120
  118  117  116  116  115  114  112  109  105  102   99   96   94   92   89   86
   81   80   82   88   95  110  124  141  166                                   
    35.0-180.0 180.0   5.0 450.0                            LAT/LON1/LON2/DLON/H
  166  192  221  247  275  300  328  353  378  401  417  425  425  421  414  407
  399  388  377  366  356  346  336  324  311  297  281  263  243  222  204  190
  181  175  172  169  164  159  151  143  136  131  128  127  126  124  120  116
  113  111  110  110  111  111  110  108  105  102  100   97   95   92   88   83
   76   72   72   76   83   99  117  136  166                                   
    32.5-180.0 180.0   5.0 450.0                            LAT/LON1/LON2/DLON/H
  166  195  225  249  275  298  323  348  374  400  420  432  436  434  430  424
  417  409  401  392  382  371  356  338  321  304  288  272  257  244  234  228
  225  222  217  208  196  182  167  155  145  139  135  133  131  128  122  115
  110  106  104  105  107  108  108  108  106  103  101   99   96   93   89   82
   73   67   64   66   73   90  110  130  166                                   
    30.0-180.0 180.0   5.0 450.0                            LAT/LON1/LON2/DLON/H
  169  202  233  255  279  299  323  346  373  400  423  438  445  445  442  438
  432  426  419  412  402  389  371  351  332  317  306  297  290  286  287  291
  295  294  284  265  240  215  192  174  161  153  149  147  143  138  130  121
  113  107  104  104  107  109  111  110  108  106  104  102   99   96   91   84
   74   67   63   64   71   88  109  130  169                                   
    27.5-180.0 180.0   5.0 450.0                            LAT/LON1/LON2/DLON/H
  180  216  249  268  292  309  330  351  377  404  429  445  454  455  453  449
  444  438  432  426  416  401  383  364  349  341  338  339  343  350  363  377
  387  385  366  333  294  256  224  201  185  175  170  166  162  155  146  135
  125  117  112  112  114  117  119  118  115  112  109  106  103  100   95   89
   80   74   70   70   78   95  116  137  180                                   
    25.0-180.0 180.0   5.0 450.0                            LAT/LON1/LON2/DLON/H
  199  237  270  288  313  328  346  363  388  414  438  455  465  467  465  461
  455  449  443  436  425  411  395  382  376  378  387  399  413  431  454  477
  489  481  449  401  347  297  258  231  213  202  196  191  186  178  169  158
  146  136  130  129  130  132  133  130  126  120  116  112  108  104  101   96
   89   86   82   84   93  111  131  151  199                                   
    22.5-180.0 180.0   5.0 450.0                            LAT/LON1/LON2/DLON/H
  224  262  296  315  340  354  370  384  406  430  453  469  479  482  481  476
  470  462  455  446  435  422  411  407  412  427  448  470  493  518  546  568
  575  557  512  451  387  331  289  260  242  230  223  217  211  204  195  185
  174  164  156  153  153  153  151  145  137  129  122  117  112  108  105  102
   98   98   96  102  113  132  152  171  224                                   
    20.0-180.0 180.0   5.0 450.0                            LAT/LON1/LON2/DLON/H
  251  288  322  343  371  385  400  411  430  451  472  488  498  502  501  497
  490  482  472  462  450  440  436  441  458  485  516  545  571  594  615  628
  624  594  540  473  406  350  310  284  267  256  247  239  233  227  220  212
  203  193  186  181  178  175  169  160  148  137  127  119  113  109  106  105
  103  107  108  118  132  153  175  195  251                                   
    17.5-180.0 180.0   5.0 450.0                            LAT/LON1/LON2/DLON/H
  273  310  344  369  400  415  430  439  456  475  494  510  521  527  528  525
  518  509  498  487  476  468  470  484  511  547  583  611  630  642  647  645
  627  588  531  465  404  355  322  301  287  276  266  257  249  244  239  234
  227  219  212  206  201  194  185  171  156  142  130  120  113  108  105  105
  104  111  115  129  146  170  196  218  273                                   
    15.0-180.0 180.0   5.0 450.0                            LAT/LON1/LON2/DLON/H
  286  324  360  387  421  439  456  465  481  500  519  536  549  557  560  560
  555  546  535  523  512  508  514  534  567  605  638  658  661  654  640  620
  590  547  493  436  386  349  326  312  302  291  280  268  259  252  248  245
  241  236  230  224  217  207  194  178  160  144  130  120  113  107  104  103
  103  112  118  134  154  182  213  237  286                                   
    12.5-180.0 180.0   5.0 450.0                            LAT/LON1/LON2/DLON/H
  289  328  367  395  432  453  473  484  502  522  543  563  579  590  597  600
  598  591  581  570  560  557  566  588  621  654  675  678  662  634  602  569
  532  489  442  398  363  340  327  320  313  303  290  276  264  255  250  247
  244  241  236  230  222  211  197  179  160  143  130  120  113  107  104  102
  102  110  118  135  157  189  223  249  289                                   
    10.0-180.0 180.0   5.0 450.0                            LAT/LON1/LON2/DLON/H
  283  326  366  396  434  458  481  496  516  539  564  587  607  622  633  640
  643  640  633  623  614  612  620  640  666  686  691  673  639  595  552  510
  470  432  395  365  345  335  330  328  323  313  300  284  268  256  247  242
  239  236  232  227  219  207  193  175  158  142  129  120  114  109  105  102
  101  109  118  135  158  193  230  255  283                                   
     7.5-180.0 180.0   5.0 450.0                            LAT/LON1/LON2/DLON/H
  276  322  363  392  430  456  483  501  526  552  580  607  630  649  664  676
  684  686  682  675  667  665  671  684  697  700  685  651  604  553  505  462
