data/edconvlstm_nd/pred3160.15i
     1.0            IONOSPHERE MAPS     GNSS                IONEX VERSION / TYPE
pyspatialgeodesy        IME             05-JAN-18 20:20     PGM / RUN BY / DATE 
Map Name                                                    COMMENT             
Predicted global ionosphere maps (GIM).                     DESCRIPTION         
  2015    11    12     0     0     0                        EPOCH OF FIRST MAP  
  2015    11    13     0     0     0                        EPOCH OF LAST MAP   
  7200                                                      INTERVAL            
    13                                                      # OF MAPS IN FILE   
  NONE                                                      MAPPING FUNCTION    
10.0                                                        ELEVATION CUTOFF    
One-way carrier phase leveled to code                       OBSERVABLES USED    
  6371.0                                                    BASE RADIUS         
 2                                                          MAP DIMENSION       
   450.0 450.0   0.0                                        HGT1 / HGT2 / DHGT  
    87.5 -87.5  -2.5                                        LAT1 / LAT2 / DLAT  
  -180.0 180.0   5.0                                        LON1 / LON2 / DLON  
    -1                                                      EXPONENT            
                                                            END OF HEADER       
[from data line 2574]
     7                                                      START OF TEC MAP    
  2015    11    12    12     0     0                        EPOCH OF CURRENT MAP
    87.5-180.0 180.0   5.0 450.0                            LAT/LON1/LON2/DLON/H
   39   50   51   54   56   56   56   52   53   56   56   58   58   59   60   60
   61   61   61   61   61   61   61   61   60   60   60   59   59   58   58   57
   56   55   54   54   53   52   51   50   49   48   48   47   47   47   47   47
   47   47   47   48   48   48   48   49   49   49   49   49   49   49   49   49
   50   50   48   46   50   53   67   68   39                                   
    85.0-180.0 180.0   5.0 450.0                            LAT/LON1/LON2/DLON/H
   38   57   68   55   56   59   59   60   60   63   63   64   64   65   65   66
   66   67   67   68   68   68   68   68   68   68   68   68   68   67   67   66
   65   64   62   61   60   58   57   56   55   54   53   52   52   51   51   51
   52   52   53   53   54   55   56   56   57   57   57   57   57   57   57   57
   58   58   54   51   55   57   67   63   38                                   
    82.5-180.0 180.0   5.0 450.0                            LAT/LON1/LON2/DLON/H
   29   43   56   48   50   51   52   53   54   55   56   58   58   59   60   60
   61   62   62   63   63   64   64   65   65   66   66   66   66   66   66   65
   64   63   62   60   59   57   55   53   51   50   49   48   47   46   46   46
   46   47   47   48   49   50   50   51   52   52   52   52   52   52   51   51
   52   51   48   45   53   58   57   54   29                                   
    80.0-180.0 180.0   5.0 450.0                            LAT/LON1/LON2/DLON/H
   26   35   49   43   45   43   44   44   46   48   48   50   51   52   53   53
   54   55   56   57   57   58   59   60   61   62   63   64   64   65   65   65
   65   64   63   61   59   56   54   52   49   47   45   44   43   42   42   42
   42   43   44   45   46   47   48   49   50   50   50   50   50   49   48   48
   47   46   45   43   46   51   51   53   26                                   
    77.5-180.0 180.0   5.0 450.0                            LAT/LON1/LON2/DLON/H
   37   39   41   35   36   35   36   36   38   38   38   40   41   43   44   45
   47   48   49   50   51   52   53   55   56   58   59   61   63   64   66   66
   66   66   65   63   60   58   55   52   49   46   44   42   40   39   39   39
   39   40   41   43   44   46   47   49   50   50   51   50   50   48   47   45
   44   42   39   39   38   38   42   46   37                                   
    75.0-180.0 180.0   5.0 450.0                            LAT/LON1/LON2/DLON/H
   28   34   34   33   34   33   32   31   32   33   33   34   34   36   37   39
   40   42   43   45   46   47   49   51   53   55   57   60   63   65   67   69
   70   70   69   68   66   64   61   58   55   52   50   48   46   45   44   43
   43   44   45   46   47   49   50   51   53   53   54   54   53   51   49   47
   44   42   40   37   38   34   36   34   28                                   
    72.5-180.0 180.0   5.0 450.0                            LAT/LON1/LON2/DLON/H
   33   36   35   34   34   34   33   31   31   30   29   30   31   33   34   36
   38   40   42   44   45   47   48   50   52   55   58   61   64   67   71   73
   75   76   77   76   75   73   71   68   65   63   61   59   57   55   53   52
   51   50   50   50   50   51   51   53   54   54   55   55   54   53   51   48
   46   42   40   37   38   35   37   37   33                                   
    70.0-180.0 180.0   5.0 450.0                            LAT/LON1/LON2/DLON/H
   35   38   40   39   40   39   36   35   34   33   31   32   33   34   36   38
   40   42   44   46   47   49   51   53   56   59   62   65   69   73   77   80
   83   85   86   86   86   85   83   82   80   78   77   75   73   70   68   65
   62   59   57   55   54   53   53   53   54   55   55   55   55   54   53   51
   48   45   44   40   41   38   43   42   35                                   
    67.5-180.0 180.0   5.0 450.0                            LAT/LON1/LON2/DLON/H
   35   40   42   43   44   44   43   41   39   37   35   36   36   38   40   42
   44   46   48   50   52   54   56   58   60   63   66   69   73   77   81   85
   89   92   93   94   95   95   94   94   93   93   92   91   89   85   82   77
   72   67   62   58   54   51   50   49   49   50   51   52   52   52   51   51
   49   46   45   40   41   40   43   41   35                                   
    65.0-180.0 180.0   5.0 450.0                            LAT/LON1/LON2/DLON/H
   33   39   41   44   46   47   46   45   43   41   39   39   40   42   44   46
   48   50   52   53   55   57   60   62   65   67   70   73   77   81   86   91
   95   99  101  103  104  105  105  106  107  108  108  107  105  101   96   89
   82   74   66   59   53   49   46   44   43   44   45   46   47   48   48   48
   47   45   45   41   42   42   44   43   33                                   
    62.5-180.0 180.0   5.0 450.0                            LAT/LON1/LON2/DLON/H
   28   35   38   42   45   47   47   47   45   44   42   43   44   46   48   50
   51   53   54   55   57   59   62   65   68   70   73   76   80   85   90   96
  101  106  109  111  113  114  115  117  119  120  121  121  118  113  106   98
   88   78   67   58   50   44   40   37   36   36   37   38   39   40   41   42
   42   41   41   38   39   39   40   40   28                                   
    60.0-180.0 180.0   5.0 450.0                            LAT/LON1/LON2/DLON/H
   23   30   32   36   39   41   42   42   42   41   40   42   43   45   48   49
   50   51   51   52   54   57   61   64   67   70   73   77   81   87   94  101
  108  113  117  119  121  122  123  125  127  129  130  129  126  120  112  102
   91   79   67   57   47   40   35   32   30   30   30   31   32   33   34   34
   35   35   36   34   35   33   33   34   23                                   
    57.5-180.0 180.0   5.0 450.0                            LAT/LON1/LON2/DLON/H
   18   24   26   30   33   34   36   37   37   37   38   40   42   44   47   48
   48   48   47   48   50   54   59   63   67   71   75   80   86   93  102  111
  119  125  129  131  132  132  133  134  136  138  139  138  135  128  120  109
   97   85   72   61   51   43   38   34   32   32   32   32   32   32   32   32
   33   32   34   33   34   31   29   31   18                                   
    55.0-180.0 180.0   5.0 450.0                            LAT/LON1/LON2/DLON/H
   18   23   24   27   29   30   31   32   33   33   34   36   39   42   44   45
   44   43   43   44   46   51   57   62   68   73   78   84   92  101  112  123
  132  138  142  144  144  143  144  144  146  147  147  146  142  136  128  118
  106   94   82   71   61   53   47   44   42   41   41   40   39   38   37   36
   35   35   37   36   38   32   30   31   18                                   
    52.5-180.0 180.0   5.0 450.0                            LAT/LON1/LON2/DLON/H
   25   27   26   29   29   29   30   30   30   30   30   33   35   38   41   41
   41   40   39   40   44   49   56   63   70   76   83   91  101  113  125  137
  147  153  157  157  157  156  155  156  156  157  156  154  151  145  138  129
  119  108   97   86   77   69   63   60   58   57   57   56   54   51   48   46
   45   44   46   46   47   40   37   37   25                                   
    50.0-180.0 180.0   5.0 450.0                            LAT/LON1/LON2/DLON/H
   38   38   35   36   35   35   34   32   31   30   30   31   33   36   38   39
   38   38   38   40   44   50   58   66   74   82   90  100  112  126  139  152
  162  168  170  170  170  169  168  168  168  167  166  163  160  155  149  142
  134  125  115  104   95   87   81   77   76   76   76   75   73   70   66   63
   60   59   61   60   60   55   52   49   38                                   
    47.5-180.0 180.0   5.0 450.0                            LAT/LON1/LON2/DLON/H
   56   55   51   51   47   48   44   40   37   34   32   32   34   35   37   38
   38   37   38   41   46   53   62   72   81   90  100  112  125  139  153  165
  173  179  181  181  181  181  181  181  181  179  177  173  170  166  161  156
  149  141  131  121  111  102   95   91   90   91   92   92   91   89   85   81
   77   75   76   75   77   74   71   66   56                                   
    45.0-180.0 180.0   5.0 450.0                            LAT/LON1/LON2/DLON/H
   74   74   69   69   65   64   59   54   48   44   40   38   37   37   38   38
   38   39   40   44   50   59   68   79   89  100  111  124  137  151  163  173
  180  184  187  188  190  192  194  195  194  192  188  183  180  176  173  168
  162  154  144  133  121  111  103   98   97   98  101  103  104  102   99   95
   91   88   88   87   91   91   90   84   74                                   
    42.5-180.0 180.0   5.0 450.0                            LAT/LON1/LON2/DLON/H
   87   89   85   85   82   82   76   70   63   57   51   47   44   43   42   41
   41   41   44   49   56   66   76   87   99  111  123  136  148  159  169  176
  181  185  189  193  198  203  207  210  209  205  199  194  189  185  182  177
  171  162  151  138  125  112  103   97   96   98  101  105  107  107  106  102
   98   94   93   92   97  100  101   97   87                                   
    40.0-180.0 180.0   5.0 450.0                            LAT/LON1/LON2/DLON/H
   91   95   92   95   93   93   89   83   77   72   65   60   55   51   48   46
   45   45   49   55   63   74   85   97  109  122  135  147  157  165  171  175
  179  184  189  197  205  214  221  225  224  219  212  205  199  195  190  185
  177  167  154  139  124  110   99   93   90   92   95   99  103  104  104  101
   97   92   90   87   93   98  100   98   91                                   
    37.5-180.0 180.0   5.0 450.0                            LAT/LON1/LON2/DLON/H
   84   90   90   94   95   97   95   92   88   84   79   73   67   62   57   53
   51   51   55   62   72   83   95  107  120  133  146  156  164  169  172  175
  179  185  193  204  217  229  238  242  241  235  227  219  212  206  200  193
  184  172  158  142  126  112  100   92   88   88   90   93   96   98   98   95
   90   84   80   77   82   86   88   90   84                                   
    35.0-180.0 180.0   5.0 450.0                            LAT/LON1/LON2/DLON/H
   71   78   80   84   87   90   92   92   92   91   88   84   79   72   66   61
   58   58   62   70   81   94  106  119  132  145  157  166  172  175  177  179
  185  193  205  219  234  248  259  264  263  256  248  239  231  223  216  208
  197  185  171  155  140  125  112  103   97   95   94   94   95   95   94   91
   85   77   71   65   68   70   73   77   71                                   
    32.5-180.0 180.0   5.0 450.0                            LAT/LON1/LON2/DLON/H
   58   65   66   70   74   77   81   84   88   91   92   91   87   81   74   69
   65   65   70   80   92  106  119  131  144  157  169  178  183  186  188  192
  200  212  227  243  260  275  286  291  290  284  275  266  258  250  242  233
  223  211  198  185  171  158  145  134  126  119  115  110  107  104  100   96
   88   78   69   60   61   58   60   66   58                                   
    30.0-180.0 180.0   5.0 450.0                            LAT/LON1/LON2/DLON/H
   51   56   55   58   60   62   67   72   78   84   89   91   90   86   81   75
   72   72   78   90  104  119  132  145  158  170  182  192  198  203  208  216
  227  243  261  279  296  311  321  325  324  319  312  304  296  289  281  272
  263  253  244  234  224  211  198  186  174  164  155  146  137  129  123  116
  105   93   81   67   64   58   56   61   51                                   
    27.5-180.0 180.0   5.0 450.0                            LAT/LON1/LON2/DLON/H
   52   56   50   51   51   51   55   59   66   73   80   85   87   86   83   80
   78   80   87  100  116  132  147  159  172  185  197  209  218  226  236  250
  267  286  306  325  341  353  361  364  364  361  356  351  345  339  332  325
  318  312  307  301  293  283  269  254  240  226  212  199  185  173  163  153
  140  125  109   91   83   71   65   64   52                                   
    25.0-180.0 180.0   5.0 450.0                            LAT/LON1/LON2/DLON/H
   65   65   55   54   52   49   50   52   56   62   68   75   79   82   82   82
   82   86   96  111  128  145  160  173  186  199  214  228  241  256  272  292
  315  337  358  376  389  399  404  407  408  408  407  405  402  398  393  389
  385  383  382  380  375  364  349  332  314  297  280  262  245  229  216  203
  188  173  151  131  116   97   85   76   65                                   
    22.5-180.0 180.0   5.0 450.0                            LAT/LON1/LON2/DLON/H
   88   86   70   66   61   56   54   52   53   55   59   64   70   74   78   80
   84   91  103  120  139  157  172  186  199  214  230  248  267  288  312  338
  365  390  410  425  436  442  447  451  454  458  461  463  464  463  461  460
  461  462  464  464  458  446  427  406  385  364  345  325  306  288  273  258
  242  226  201  180  160  133  115  100   88                                   
    20.0-180.0 180.0   5.0 450.0                            LAT/LON1/LON2/DLON/H
  119  114   93   86   78   69   65   59   56   55   55   58   62   67   72   77
   84   93  108  126  146  165  182  197  212  228  247  269  293  321  351  382
  411  436  455  467  475  480  485  491  498  506  515  521  525  527  529  531
  534  538  540  537  528  510  486  460  435  413  392  372  353  335  320  305
  290  275  248  229  204  173  150  130  119                                   
    17.5-180.0 180.0   5.0 450.0                            LAT/LON1/LON2/DLON/H
  151  145  120  109   97   86   80   70   64   59   56   56   58   63   68   75
   83   95  111  131  151  171  190  207  224  243  265  290  319  351  385  418
  448  471  487  497  504  510  516  525  537  549  562  572  578  582  586  590
  594  597  595  587  570  545  515  483  454  431  411  393  375  359  345  332
  319  307  282  265  239  208  184  162  151                                   
    15.0-180.0 180.0   5.0 450.0                            LAT/LON1/LON2/DLON/H
  175  172  147  132  115  102   94   83   73   66   60   58   59   62   67   74
   83   97  114  134  155  176  196  216  237  259  284  312  343  377  412  445
  473  493  506  515  523  531  541  553  568  584  599  610  616  621  625  629
  631  630  623  607  582  549  512  476  445  421  403  387  373  359  348  336
  326  317  297  283  259  231  208  185  175                                   
    12.5-180.0 180.0   5.0 450.0                            LAT/LON1/LON2/DLON/H
  189  188  166  149  131  116  107   94   82   73   66   63   62   63   68   74
   85   99  117  137  159  181  204  228  253  279  306  335  366  399  432  462
  486  503  515  524  534  546  559  575  592  609  623  632  637  640  642  645
  645  640  626  603  571  532  490  451  419  396  379  366  354  341  331  321
  312  306  292  282  262  237  217  195  189                                   
    10.0-180.0 180.0   5.0 450.0                            LAT/LON1/LON2/DLON/H
  190  191  174  157  140  125  116  104   91   81   73   69   67   67   70   76
   87  102  121  142  164  188  215  243  273  302  331  359  388  417  445  470
  491  506  518  529  542  557  574  592  608  623  634  639  641  642  643  645
  642  633  613  584  547  504  461  422  391  368  353  340  328  315  304  294
  287  283  273  266  251  231  214  193  190                                   
     7.5-180.0 180.0   5.0 450.0                            LAT/LON1/LON2/DLON/H
  183  184  170  154  142  127  120  109   98   88   80   76   73   71   73   78
   89  105  125  147  171  199  229  263  297  330  359  385  408  431  454  474
