data/edconvlstm_nd/pred0670.15i
     1.0            IONOSPHERE MAPS     GNSS                IONEX VERSION / TYPE
pyspatialgeodesy        IME             05-JAN-18 20:20     PGM / RUN BY / DATE 
Map Name                                                    COMMENT             
Predicted global ionosphere maps (GIM).                     DESCRIPTION         
  2015     3     8     0     0     0                        EPOCH OF FIRST MAP  
  2015     3     9     0     0     0                        EPOCH OF LAST MAP   
  7200                                                      INTERVAL            
    13                                                      # OF MAPS IN FILE   
  NONE                                                      MAPPING FUNCTION    
10.0                                                        ELEVATION CUTOFF    
One-way carrier phase leveled to code                       OBSERVABLES USED    
  6371.0                                                    BASE RADIUS         
 2                                                          MAP DIMENSION       
   450.0 450.0   0.0                                        HGT1 / HGT2 / DHGT  
    87.5 -87.5  -2.5                                        LAT1 / LAT2 / DLAT  
  -180.0 180.0   5.0                                        LON1 / LON2 / DLON  
    -1                                                      EXPONENT            
                                                            END OF HEADER       
[from data line 1716]
     5                                                      START OF TEC MAP    
  2015     3     8     8     0     0                        EPOCH OF CURRENT MAP
    87.5-180.0 180.0   5.0 450.0                            LAT/LON1/LON2/DLON/H
  113  112  110  118  123  125  126  126  130  133  135  137  137  138  138  138
  137  137  136  135  134  133  132  131  130  129  129  129  128  128  128  129
  129  129  129  129  129  129  129  129  128  128  127  126  125  124  123  121
  120  118  116  114  111  109  106  103  100   97   94   92   90   88   86   86
   86   88   88   89   95   97  107  111  113                                   
    85.0-180.0 180.0   5.0 450.0                            LAT/LON1/LON2/DLON/H
  102  109  113  117  122  128  132  136  140  143  145  147  147  147  147  146
  145  144  142  140  139  137  136  134  133  132  132  132  132  133  133  134
  135  136  138  139  140  141  142  142  142  142  142  142  141  140  139  137
  135  133  130  127  123  119  115  110  106  101   96   92   89   86   83   82
   82   84   81   83   84   89   95  100  102                                   
    82.5-180.0 180.0   5.0 450.0                            LAT/LON1/LON2/DLON/H
   93  103  108  111  116  124  130  135  140  144  146  148  148  148  146  145
  142  140  137  134  131  128  126  124  122  121  120  120  121  122  124  127
  129  132  135  139  142  145  148  150  152  154  155  156  157  157  157  156
  154  152  149  144  140  134  127  120  113  105   98   91   84   78   73   70
   68   68   65   68   73   77   77   80   93                                   
    80.0-180.0 180.0   5.0 450.0                            LAT/LON1/LON2/DLON/H
   93   98  103  109  117  124  132  139  145  149  151  153  152  151  148  145
  141  137  133  128  124  119  116  112  110  108  107  107  108  110  114  118
  123  128  133  139  144  150  155  159  164  168  171  175  178  180  182  183
  183  182  180  176  171  164  156  147  137  126  115  105   94   85   77   71
   66   63   60   61   65   69   76   74   93                                   
    77.5-180.0 180.0   5.0 450.0                            LAT/LON1/LON2/DLON/H
   97   98  104  111  118  126  134  141  147  150  152  153  151  148  145  141
  136  131  126  121  116  111  107  103   99   97   96   96   98  101  106  112
  119  127  135  144  152  159  167  174  180  186  192  198  204  210  215  220
  223  225  226  224  220  214  205  195  183  169  155  141  127  114  103   93
   84   77   70   70   71   69   75   77   97                                   
    75.0-180.0 180.0   5.0 450.0                            LAT/LON1/LON2/DLON/H
   99  102  103  111  118  127  134  139  144  146  146  145  142  138  134  129
  124  119  115  110  106  102   98   94   90   88   86   86   88   92   98  105
  113  123  133  143  153  162  171  179  187  196  204  212  222  231  240  249
  257  263  267  269  267  263  255  244  232  217  202  185  169  153  139  126
  114  104   94   87   85   81   85   83   99                                   
    72.5-180.0 180.0   5.0 450.0                            LAT/LON1/LON2/DLON/H
  104  105  104  111  117  125  132  136  140  140  139  136  132  127  121  116
  112  109  106  104  102   99   96   93   90   87   85   85   87   90   96  104
  113  124  135  146  157  167  176  185  193  202  212  222  234  246  259  273
  285  296  304  310  311  309  303  293  281  267  251  234  216  199  183  168
  153  141  129  117  109  101  101  100  104                                   
    70.0-180.0 180.0   5.0 450.0                            LAT/LON1/LON2/DLON/H
  112  107  105  109  112  117  123  127  130  130  127  123  118  111  106  101
   98   97   97   97   97   97   96   95   92   89   87   86   86   89   95  102
  111  122  133  144  154  164  173  182  190  199  209  221  235  251  268  285
  302  317  329  338  342  341  336  327  316  301  285  269  251  234  217  201
  185  170  157  142  130  119  119  118  112                                   
    67.5-180.0 180.0   5.0 450.0                            LAT/LON1/LON2/DLON/H
  112  104  100  102  102  107  112  116  119  119  117  113  107  101   95   92
   91   91   93   96   98  100  101  101   98   95   92   90   89   90   94  101
  109  119  129  140  149  158  166  174  181  190  200  212  227  245  265  286
  306  324  339  349  354  355  350  342  331  317  303  287  270  254  237  221
  205  190  175  157  144  130  127  128  112                                   
    65.0-180.0 180.0   5.0 450.0                            LAT/LON1/LON2/DLON/H
  114  101   94   93   90   94   99  104  108  110  109  106  101   95   90   87
   87   89   92   96  100  103  105  105  103  100   96   92   90   91   94   99
  107  116  126  135  144  152  160  167  174  182  192  205  221  240  262  285
  307  326  342  353  358  358  354  345  335  323  309  295  280  264  248  232
  216  200  185  166  153  138  134  136  114                                   
    62.5-180.0 180.0   5.0 450.0                            LAT/LON1/LON2/DLON/H
  114   97   87   83   77   79   84   90   96  100  101  101   97   93   89   87
   87   89   92   96  100  103  105  105  103   99   95   91   88   88   91   96
  103  112  121  130  139  147  154  161  169  177  188  201  218  237  260  283
  305  325  340  350  355  354  349  342  332  321  310  298  284  269  253  237
  221  203  188  169  155  138  135  138  114                                   
    60.0-180.0 180.0   5.0 450.0                            LAT/LON1/LON2/DLON/H
  117   95   82   74   66   65   70   76   83   88   93   95   94   92   90   88
   89   90   92   94   97   98   99   98   96   92   88   84   81   81   84   90
   98  107  117  126  135  144  152  160  169  179  191  205  221  241  262  285
  306  325  339  348  352  351  346  339  331  323  314  303  291  277  261  244
  226  207  191  171  159  139  136  136  117                                   
    57.5-180.0 180.0   5.0 450.0                            LAT/LON1/LON2/DLON/H
  125  101   84   71   61   57   59   64   71   78   84   88   90   91   91   91
   91   91   91   91   90   90   89   88   86   82   78   75   73   74   78   85
   94  105  116  127  138  148  158  168  180  192  205  219  236  254  274  295
  315  332  345  353  355  354  350  345  339  333  327  318  307  293  277  259
  239  219  202  181  168  147  141  139  125                                   
    55.0-180.0 180.0   5.0 450.0                            LAT/LON1/LON2/DLON/H
  141  115   96   78   65   57   56   58   63   69   75   81   85   88   91   92
   93   92   89   86   83   81   79   77   75   72   68   65   65   66   72   81
   93  106  120  133  146  159  171  184  198  213  227  243  259  276  294  313
  331  346  358  364  367  366  363  359  356  352  348  341  331  318  301  282
  260  238  220  198  185  161  154  149  141                                   
    52.5-180.0 180.0   5.0 450.0                            LAT/LON1/LON2/DLON/H
  162  136  117   96   81   69   64   61   62   65   69   74   79   84   89   93
   94   93   88   83   78   74   72   70   68   65   62   60   60   63   70   81
   95  111  129  145  161  177  192  207  223  240  256  273  288  304  321  337
  353  366  376  382  384  383  381  379  377  376  373  368  359  346  329  309
  286  263  244  220  206  182  172  164  162                                   
    50.0-180.0 180.0   5.0 450.0                            LAT/LON1/LON2/DLON/H
  186  161  144  122  106   91   81   73   69   68   68   71   75   81   88   93
   95   94   89   83   77   73   71   70   68   65   62   59   59   63   71   84
  101  121  142  162  181  199  217  234  252  270  288  305  320  335  350  364
  377  388  397  401  402  401  399  397  396  395  393  389  380  368  352  333
  310  288  267  243  228  204  193  184  186                                   
    47.5-180.0 180.0   5.0 450.0                            LAT/LON1/LON2/DLON/H
  206  184  169  150  135  120  107   94   85   78   75   75   77   82   89   95
   98   97   92   86   82   79   77   77   75   72   67   64   63   66   74   89
  108  131  156  180  203  223  242  261  280  300  318  335  351  364  377  389
  400  408  414  417  416  413  410  407  405  403  400  394  386  374  359  342
  322  303  282  259  244  221  209  202  206                                   
    45.0-180.0 180.0   5.0 450.0                            LAT/LON1/LON2/DLON/H
  216  198  188  175  163  149  136  120  107   96   89   86   86   89   94   99
  102  101   98   94   91   90   90   90   88   83   77   71   68   71   79   94
  115  141  169  197  223  246  266  286  306  325  344  361  377  389  400  410
  418  424  427  427  423  418  412  406  401  397  391  384  374  362  348  333
  316  300  281  261  247  226  215  211  216                                   
    42.5-180.0 180.0   5.0 450.0                            LAT/LON1/LON2/DLON/H
  213  198  194  187  180  171  161  147  132  119  109  103  101  102  105  108
  110  109  107  105  104  105  106  106  103   97   88   80   75   75   83   98
  120  148  179  210  238  264  286  307  327  347  366  383  398  410  419  427
  433  436  437  434  428  420  410  401  393  385  376  366  353  339  324  310
  296  282  266  249  236  216  208  206  213                                   
    40.0-180.0 180.0   5.0 450.0                            LAT/LON1/LON2/DLON/H
  196  184  184  184  183  180  176  167  154  141  130  124  120  120  120  121
  121  120  118  118  119  121  123  123  118  109   98   87   80   80   86  101
  123  152  184  217  249  276  301  323  344  364  383  401  416  428  437  443
  448  450  450  446  438  428  417  405  394  384  372  358  343  325  307  291
  275  260  245  229  216  196  191  190  196                                   
    37.5-180.0 180.0   5.0 450.0                            LAT/LON1/LON2/DLON/H
  174  160  162  164  170  173  176  174  167  158  150  145  142  140  138  137
  134  133  132  132  134  136  137  135  129  118  105   93   85   83   88  102
  123  151  185  220  254  284  311  336  358  379  400  418  434  447  456  463
  468  471  472  470  463  454  443  431  419  408  395  379  360  339  316  294
  273  253  235  216  203  177  173  171  174                                   
    35.0-180.0 180.0   5.0 450.0                            LAT/LON1/LON2/DLON/H
  158  137  136  136  145  152  162  167  168  166  163  162  161  159  156  153
  149  147  146  147  148  149  148  144  135  124  110   97   89   86   90  101
  121  149  182  219  255  289  319  346  371  394  416  436  454  468  479  489
  496  503  508  510  508  502  494  484  475  465  453  438  417  390  361  332
  303  277  254  228  212  177  170  163  158                                   
    32.5-180.0 180.0   5.0 450.0                            LAT/LON1/LON2/DLON/H
  158  128  119  114  120  127  139  150  157  162  166  170  172  173  171  167
  163  161  160  160  159  157  153  148  139  127  113  101   92   88   92  102
  121  147  181  218  256  292  325  355  383  409  434  456  476  493  508  521
  534  547  559  569  574  574  571  566  561  555  547  533  512  482  447  409
  371  337  307  274  254  210  195  179  158                                   
    30.0-180.0 180.0   5.0 450.0                            LAT/LON1/LON2/DLON/H
  182  143  123  108  108  109  119  131  141  150  159  168  175  179  179  176
  174  173  172  171  167  162  156  150  141  130  117  105   97   94   97  107
  125  151  183  220  258  296  332  365  395  424  451  476  500  522  541  560
  579  600  622  642  657  665  669  671  671  672  668  659  639  608  569  524
  476  433  394  352  329  277  251  227  182                                   
    27.5-180.0 180.0   5.0 450.0                            LAT/LON1/LON2/DLON/H
  234  188  156  128  118  111  113  121  129  138  148  160  170  177  179  179
  179  180  180  178  172  165  158  152  144  134  123  112  105  104  109  119
  136  160  191  226  265  303  341  376  408  439  468  496  524  550  575  600
  628  659  692  723  749  767  780  789  797  803  805  800  783  753  711  662
  608  558  510  460  432  374  333  304  234                                   
    25.0-180.0 180.0   5.0 450.0                            LAT/LON1/LON2/DLON/H
  313  260  218  178  156  137  129  128  129  134  142  152  162  170  174  176
  179  181  183  180  174  166  161  156  149  141  130  122  117  118  125  135
  152  174  204  238  276  315  353  389  423  455  485  516  547  578  608  639
  674  714  757  799  835  863  884  901  915  927  934  933  919  891  851  801
  747  695  640  585  550  489  435  404  313                                   
    22.5-180.0 180.0   5.0 450.0                            LAT/LON1/LON2/DLON/H
  412  352  299  252  216  187  166  155  147  144  145  150  157  163  167  170
  174  178  180  178  173  167  163  160  155  148  139  132  130  133  140  151
  168  191  220  254  291  330  368  405  439  471  503  536  570  604  638  673
  713  759  808  856  897  930  955  977  996 1012 1024 1027 1018  995  961  916
  867  821  765  709  666  607  550  514  412                                   
    20.0-180.0 180.0   5.0 450.0                            LAT/LON1/LON2/DLON/H
  514  450  389  340  290  252  220  199  182  170  162  160  162  164  165  166
  169  173  176  174  170  167  165  164  160  154  146  140  139  142  149  162
  181  206  238  272  309  347  385  421  455  488  521  555  591  628  664  701
  743  789  838  884  923  952  976  996 1016 1035 1051 1059 1057 1043 1019  984
  944  908  861  808  759  704  654  617  514                                   
    17.5-180.0 180.0   5.0 450.0                            LAT/LON1/LON2/DLON/H
  599  534  471  425  365  322  282  254  229  209  194  184  178  174  171  168
  169  170  172  170  167  166  166  166  163  156  148  141  139  143  151  167
  190  220  254  290  327  364  400  435  469  502  537  574  612  649  686  722
  761  803  844  881  909  930  945  960  976  995 1013 1026 1032 1029 1016  994
  966  940  907  859  813  762  723  691  599                                   
    15.0-180.0 180.0   5.0 450.0                            LAT/LON1/LON2/DLON/H
  649  590  532  491  429  384  342  310  282  257  236  219  207  196  186  178
  174  172  171  168  166  165  166  167  164  156  145  137  133  136  148  168
  196  231  268  306  342  378  412  446  480  514  550  588  628  666  702  735
  767  799  828  851  865  872  877  883  894  909  928  946  959  966  965  955
  939  922  901  860  821  774  745  722  649                                   
    12.5-180.0 180.0   5.0 450.0                            LAT/LON1/LON2/DLON/H
  664  613  564  530  472  428  388  358  331  306  282  262  244  228  211  197
  186  180  175  170  167  166  168  168  164  153  140  129  125  129  143  167
  201  240  280  318  354  388  421  453  486  521  558  598  639  677  709  737
  761  782  797  805  806  802  798  796  801  812  829  849  867  881  890  890
  883  873  859  825  793  751  726  714  664                                   
    10.0-180.0 180.0   5.0 450.0                            LAT/LON1/LON2/DLON/H
  653  613  572  544  493  450  413  388  367  347  326  306  286  265  243  222
  205  193  184  177  172  171  172  171  164  151  136  125  120  125  142  169
  206  247  289  327  361  394  424  455  488  523  562  603  644  681  710  733
  750  762  766  764  757  748  740  734  734  740  754  772  792  809  821  825
  822  815  804  773  748  708  687  681  653                                   
     7.5-180.0 180.0   5.0 450.0                            LAT/LON1/LON2/DLON/H
  632  600  566  541  497  456  422  402  388  375  360  345  327  304  278  251
  228  210  197  187  182  179  179  175  166  153  138  127  123  130  147  176
