data/edconvlstm_nd/pred1680.15i
     1.0            IONOSPHERE MAPS     GNSS                IONEX VERSION / TYPE
pyspatialgeodesy        IME             05-JAN-18 20:20     PGM / RUN BY / DATE 
Map Name                                                    COMMENT             
Predicted global ionosphere maps (GIM).                     DESCRIPTION         
  2015     6    17     0     0     0                        EPOCH OF FIRST MAP  
  2015     6    18     0     0     0                        EPOCH OF LAST MAP   
  7200                                                      INTERVAL            
    13                                                      # OF MAPS IN FILE   
  NONE                                                      MAPPING FUNCTION    
10.0                                                        ELEVATION CUTOFF    
One-way carrier phase leveled to code                       OBSERVABLES USED    
  6371.0                                                    BASE RADIUS         
 2                                                          MAP DIMENSION       
   450.0 450.0   0.0                                        HGT1 / HGT2 / DHGT  
    87.5 -87.5  -2.5                                        LAT1 / LAT2 / DLAT  
  -180.0 180.0   5.0                                        LON1 / LON2 / DLON  
    -1                                                      EXPONENT            
                                                            END OF HEADER       
[from data line 2145]
     6                                                      START OF TEC MAP    
  2015     6    17    10     0     0                        EPOCH OF CURRENT MAP
    87.5-180.0 180.0   5.0 450.0                            LAT/LON1/LON2/DLON/H
  157  153  149  154  157  158  157  155  157  158  158  158  158  158  159  158
  158  158  158  158  158  158  158  157  157  156  156  156  156  155  155  155
  155  155  155  155  155  155  156  156  156  155  155  155  155  154  154  153
  153  152  151  150  149  148  147  146  145  144  143  142  141  141  140  140
  140  142  141  141  147  145  151  153  157                                   
    85.0-180.0 180.0   5.0 450.0                            LAT/LON1/LON2/DLON/H
  150  151  160  159  161  163  164  165  166  167  166  167  166  166  166  166
  166  166  165  165  165  165  165  164  164  163  163  163  162  162  162  162
  162  162  162  162  163  163  163  163  163  163  163  163  163  162  162  161
  160  159  158  157  155  154  152  151  149  148  147  145  145  144  143  143
  145  146  143  143  142  141  148  154  150                                   
    82.5-180.0 180.0   5.0 450.0                            LAT/LON1/LON2/DLON/H
  142  157  160  159  161  165  167  168  169  169  169  168  168  167  166  166
  165  165  165  165  164  164  164  163  163  162  161  161  160  160  160  160
  160  161  161  162  162  163  164  164  165  165  165  165  165  165  164  164
  163  162  160  159  157  155  153  151  148  146  144  141  140  138  137  137
  137  138  135  139  139  144  146  139  142                                   
    80.0-180.0 180.0   5.0 450.0                            LAT/LON1/LON2/DLON/H
  142  154  159  162  162  164  166  168  169  168  166  165  164  162  161  160
  160  159  159  159  159  159  158  157  157  156  155  154  153  152  152  153
  153  154  155  157  158  160  161  163  164  165  166  166  167  167  168  167
  167  166  165  164  162  160  157  154  151  148  144  141  138  135  133  132
  132  132  130  134  134  140  149  139  142                                   
    77.5-180.0 180.0   5.0 450.0                            LAT/LON1/LON2/DLON/H
  148  157  164  166  167  168  169  170  170  168  164  162  159  157  155  154
  153  154  154  154  155  155  154  153  152  150  149  147  146  146  146  147
  148  150  153  156  158  161  164  166  168  170  172  173  175  176  178  178
  179  179  179  178  176  174  171  168  164  160  155  151  146  142  139  136
  134  134  131  135  139  141  147  145  148                                   
    75.0-180.0 180.0   5.0 450.0                            LAT/LON1/LON2/DLON/H
  146  157  159  164  165  167  168  167  167  164  159  155  151  148  145  144
  144  144  145  147  148  148  147  146  144  142  140  138  136  136  137  138
  141  145  149  153  157  161  165  168  171  174  176  179  181  184  186  188
  189  190  190  190  189  188  185  182  178  173  168  163  158  153  149  145
  142  140  136  135  138  142  148  143  146                                   
    72.5-180.0 180.0   5.0 450.0                            LAT/LON1/LON2/DLON/H
  144  155  156  160  162  164  165  164  162  158  152  147  142  138  136  135
  135  136  138  140  142  142  142  140  138  135  132  129  128  128  130  133
  137  142  147  153  159  164  169  173  177  181  184  188  191  194  196  199
  200  202  203  203  203  201  199  197  193  189  184  179  174  169  164  160
  156  152  148  145  143  145  148  145  144                                   
    70.0-180.0 180.0   5.0 450.0                            LAT/LON1/LON2/DLON/H
  143  148  149  152  153  154  155  154  153  149  143  138  132  128  125  124
  125  127  129  132  134  135  134  132  129  126  123  120  120  120  123  127
  133  140  147  154  161  167  173  178  182  187  190  194  197  200  203  205
  207  208  208  208  208  207  205  203  200  197  194  190  187  183  178  175
  170  165  159  154  150  149  152  148  143                                   
    67.5-180.0 180.0   5.0 450.0                            LAT/LON1/LON2/DLON/H
  139  141  141  142  142  143  144  144  143  140  135  130  125  121  118  117
  118  120  123  126  128  129  128  126  123  120  117  115  115  117  120  126
  133  140  149  157  165  172  178  184  189  193  197  201  205  207  209  210
  210  210  210  209  208  207  206  204  203  201  200  198  196  194  192  189
  185  180  173  166  158  154  154  149  139                                   
    65.0-180.0 180.0   5.0 450.0                            LAT/LON1/LON2/DLON/H
  138  136  133  133  130  130  131  132  132  130  127  124  120  116  113  112
  112  114  117  120  122  123  123  121  118  116  114  114  115  118  123  130
  137  146  155  164  172  179  186  192  197  202  207  211  214  216  217  216
  214  212  210  208  206  204  203  202  202  202  202  203  203  204  203  203
  200  196  188  181  172  166  163  157  138                                   
    62.5-180.0 180.0   5.0 450.0                            LAT/LON1/LON2/DLON/H
  140  136  129  125  120  118  118  119  121  121  119  118  115  112  109  108
  108  109  111  114  115  116  116  116  115  114  115  116  119  124  130  137
  145  154  163  172  180  187  194  201  207  213  218  222  225  226  225  222
  218  214  210  206  203  201  200  199  199  200  201  204  206  209  211  212
  212  209  203  195  185  178  174  167  140                                   
    60.0-180.0 180.0   5.0 450.0                            LAT/LON1/LON2/DLON/H
  147  140  130  122  113  108  107  107  109  110  110  110  109  107  105  103
  103  104  105  106  108  109  109  110  112  114  117  121  127  133  140  147
  155  163  172  180  188  196  203  210  217  223  229  234  236  236  233  229
  223  217  211  207  203  201  198  197  197  198  200  203  207  211  215  219
  220  219  215  208  200  192  187  179  147                                   
    57.5-180.0 180.0   5.0 450.0                            LAT/LON1/LON2/DLON/H
  160  151  139  127  113  105  101   98   99  100  101  102  102  101  100   99
   98   98   98   99  100  101  103  106  110  116  122  129  137  144  152  159
  166  174  182  190  198  206  213  221  228  236  243  247  250  249  245  239
  231  224  218  213  209  206  203  201  200  200  201  204  208  213  218  223
  226  227  225  220  213  207  202  193  160                                   
    55.0-180.0 180.0   5.0 450.0                            LAT/LON1/LON2/DLON/H
  177  167  153  137  120  108  100   94   93   92   93   94   95   95   94   94
   94   93   93   93   94   96   99  104  111  119  128  137  147  155  163  170
  177  184  192  200  208  216  224  232  241  249  256  262  264  262  257  250
  242  235  229  224  220  217  213  210  207  205  205  207  211  215  220  226
  230  232  231  228  224  220  216  205  177                                   
    52.5-180.0 180.0   5.0 450.0                            LAT/LON1/LON2/DLON/H
  196  186  172  153  134  118  106   96   91   88   87   87   87   88   89   89
   90   90   89   89   90   93   97  104  113  123  134  145  156  165  173  180
  187  194  202  211  219  228  237  245  254  263  271  276  277  275  270  262
  254  247  242  238  234  231  226  222  218  215  213  214  216  219  224  229
  233  236  236  234  232  229  226  215  196                                   
    50.0-180.0 180.0   5.0 450.0                            LAT/LON1/LON2/DLON/H
  212  202  189  171  151  133  118  104   95   89   85   83   83   83   85   87
   88   89   89   89   90   93   99  108  118  129  141  153  163  173  181  188
  195  203  213  222  232  242  251  261  270  278  286  290  291  288  282  274
  267  260  256  252  249  245  240  235  230  225  223  222  223  226  229  234
  238  241  240  239  236  235  232  221  212                                   
    47.5-180.0 180.0   5.0 450.0                            LAT/LON1/LON2/DLON/H
  221  212  202  185  167  149  132  117  105   95   88   84   82   82   84   87
   90   92   92   92   94   98  105  114  125  136  148  159  169  178  187  195
  203  213  224  236  248  258  268  278  287  295  301  305  305  301  295  286
  279  272  268  265  261  257  251  245  239  235  232  231  232  234  237  242
  244  247  245  242  238  236  233  222  221                                   
    45.0-180.0 180.0   5.0 450.0                            LAT/LON1/LON2/DLON/H
  221  214  206  193  178  162  147  131  118  106   97   91   87   86   88   92
   95   98   99   99  101  105  113  123  133  144  155  164  174  183  191  200
  211  223  237  251  265  277  288  297  305  313  318  320  319  314  307  299
  291  284  278  274  269  263  256  250  245  241  239  239  240  243  247  251
  254  255  252  246  239  235  230  219  221                                   
    42.5-180.0 180.0   5.0 450.0                            LAT/LON1/LON2/DLON/H
  213  207  202  192  181  169  157  144  132  120  110  103   97   95   96  100
  104  107  108  108  110  115  123  133  143  153  162  170  178  187  196  207
  220  235  251  268  284  297  309  318  326  332  336  337  334  329  322  313
  304  295  288  281  273  265  258  252  248  245  245  246  248  252  257  262
  265  266  260  251  240  233  225  214  213                                   
    40.0-180.0 180.0   5.0 450.0                            LAT/LON1/LON2/DLON/H
  200  194  191  183  176  168  161  152  144  134  125  118  111  108  108  111
  115  118  118  118  120  125  133  143  153  162  169  176  183  192  202  214
  229  247  267  286  304  319  331  340  347  352  355  354  352  346  339  330
  320  310  300  290  279  269  260  254  251  250  251  253  256  261  267  273
  277  277  269  257  243  231  221  210  200                                   
    37.5-180.0 180.0   5.0 450.0                            LAT/LON1/LON2/DLON/H
  187  181  178  170  165  161  160  155  151  146  140  133  127  123  122  123
  126  129  129  128  130  135  143  154  163  170  177  183  190  198  209  223
  240  260  283  304  324  340  352  362  369  372  374  374  371  367  361  353
  343  331  319  305  292  279  269  262  260  259  260  262  265  270  276  284
  288  288  279  265  248  233  221  209  187                                   
    35.0-180.0 180.0   5.0 450.0                            LAT/LON1/LON2/DLON/H
  179  172  168  159  154  152  154  154  155  154  152  148  142  138  135  135
  137  138  138  137  138  144  153  163  172  180  185  191  198  207  218  233
  252  275  299  323  343  360  374  383  389  393  394  394  393  391  387  381
  372  361  348  332  317  302  290  283  279  277  277  276  277  280  285  292
  296  297  288  273  255  238  225  212  179                                   
    32.5-180.0 180.0   5.0 450.0                            LAT/LON1/LON2/DLON/H
  179  171  166  153  148  146  150  153  157  159  161  159  155  150  147  145
  146  146  145  145  146  152  161  172  181  189  194  200  207  217  229  244
  265  289  315  340  362  380  393  403  408  411  413  414  416  417  417  415
  409  400  387  372  356  340  327  318  312  307  302  297  292  291  294  299
  302  303  294  280  263  246  234  221  179                                   
    30.0-180.0 180.0   5.0 450.0                            LAT/LON1/LON2/DLON/H
  190  180  173  158  151  148  152  155  159  164  167  168  165  161  156  153
  152  152  152  151  153  160  169  180  190  198  204  210  218  228  240  257
  278  304  331  357  379  396  409  419  424  427  429  432  437  443  447  449
  448  443  434  421  407  392  378  366  357  347  335  323  312  305  302  304
  306  306  298  285  270  255  245  234  190                                   
    27.5-180.0 180.0   5.0 450.0                            LAT/LON1/LON2/DLON/H
  208  198  189  173  164  160  162  163  167  170  174  175  173  168  163  159
  157  156  156  157  160  167  177  189  199  207  214  221  229  239  252  269
  291  317  344  369  390  407  420  429  435  439  442  448  456  465  474  481
  485  485  481  473  461  448  435  421  407  392  373  354  335  321  312  308
  307  305  298  287  276  264  255  247  208                                   
    25.0-180.0 180.0   5.0 450.0                            LAT/LON1/LON2/DLON/H
  230  219  210  197  187  182  182  180  180  181  183  183  181  175  168  163
  160  160  160  162  167  175  185  197  207  215  223  230  239  250  263  280
  302  326  352  376  396  412  424  433  440  445  451  459  470  482  495  505
  513  518  519  517  510  499  487  473  456  435  411  385  360  338  323  313
  307  302  295  285  278  268  263  258  230                                   
    22.5-180.0 180.0   5.0 450.0                            LAT/LON1/LON2/DLON/H
  250  240  233  224  215  211  208  204  200  197  195  193  189  182  174  167
  164  163  164  167  173  181  192  203  214  223  231  239  248  259  272  289
  309  332  355  377  396  412  424  433  441  449  457  467  480  494  508  520
  530  539  545  546  543  536  526  512  494  471  443  413  383  357  336  320
  308  300  291  282  276  269  266  264  250                                   
    20.0-180.0 180.0   5.0 450.0                            LAT/LON1/LON2/DLON/H
  264  255  251  249  242  241  237  232  224  217  211  206  199  191  182  173
  168  166  167  171  177  185  196  207  218  228  236  244  253  265  278  294
  313  334  357  378  396  411  423  433  442  452  462  475  488  502  514  526
  537  547  556  560  560  556  549  537  519  496  467  436  405  376  351  329
  312  299  288  278  272  265  265  264  264                                   
    17.5-180.0 180.0   5.0 450.0                            LAT/LON1/LON2/DLON/H
  270  263  263  267  263  264  261  256  247  237  227  219  211  202  191  180
  173  170  171  173  178  186  196  207  219  228  237  245  255  268  282  298
  317  338  359  379  398  413  425  436  446  458  470  483  496  508  518  527
  537  547  556  561  563  561  556  546  531  510  483  454  424  394  366  341
  319  302  288  276  269  261  261  260  270                                   
    15.0-180.0 180.0   5.0 450.0                            LAT/LON1/LON2/DLON/H
  270  264  267  274  273  275  274  271  262  251  240  231  222  212  200  189
  180  175  173  173  176  182  191  203  214  225  234  244  255  269  286  304
  323  344  365  385  403  418  431  443  455  468  482  495  506  515  521  527
  534  543  551  556  558  557  553  546  534  515  492  466  439  411  383  355
  330  310  294  279  269  259  258  254  270                                   
    12.5-180.0 180.0   5.0 450.0                            LAT/LON1/LON2/DLON/H
  267  262  267  272  272  273  273  272  266  256  245  236  228  219  207  196
  185  178  173  171  171  174  182  193  205  217  229  240  254  271  290  311
  332  353  373  393  410  426  439  452  466  481  496  509  518  524  527  529
  534  541  547  551  552  550  547  541  531  516  497  475  450  424  397  369
  343  322  304  287  275  262  259  252  267                                   
    10.0-180.0 180.0   5.0 450.0                            LAT/LON1/LON2/DLON/H
  267  264  267  267  264  261  261  260  256  248  239  232  226  219  210  198
  188  179  172  166  162  162  168  179  193  207  221  236  252  273  295  319
  341  362  381  400  417  433  448  462  478  494  509  522  530  533  534  535
  539  545  550  552  552  549  545  539  530  516  499  479  457  433  408  381
  356  335  318  301  288  273  267  257  267                                   
     7.5-180.0 180.0   5.0 450.0                            LAT/LON1/LON2/DLON/H
  276  275  274  265  257  246  242  239  236  230  223  218  215  211  204  195
  185  175  166  158  151  148  152  163  179  196  213  231  251  274  300  325
