data/edconvlstm_nd/pred2430.15i
     1.0            IONOSPHERE MAPS     GNSS                IONEX VERSION / TYPE
pyspatialgeodesy        IME             05-JAN-18 20:20     PGM / RUN BY / DATE 
Map Name                                                    COMMENT             
Predicted global ionosphere maps (GIM).                     DESCRIPTION         
  2015     8    31     0     0     0                        EPOCH OF FIRST MAP  
  2015     9     1     0     0     0                        EPOCH OF LAST MAP   
  7200                                                      INTERVAL            
    13                                                      # OF MAPS IN FILE   
  NONE                                                      MAPPING FUNCTION    
10.0                                                        ELEVATION CUTOFF    
One-way carrier phase leveled to code                       OBSERVABLES USED    
  6371.0                                                    BASE RADIUS         
 2                                                          MAP DIMENSION       
   450.0 450.0   0.0                                        HGT1 / HGT2 / DHGT  
    87.5 -87.5  -2.5                                        LAT1 / LAT2 / DLAT  
  -180.0 180.0   5.0                                        LON1 / LON2 / DLON  
    -1                                                      EXPONENT            
                                                            END OF HEADER       
[from data line 2574]
     7                                                      START OF TEC MAP    
  2015     8    31    12     0     0                        EPOCH OF CURRENT MAP
    87.5-180.0 180.0   5.0 450.0                            LAT/LON1/LON2/DLON/H
   88   97   98  103  106  106  106  103  104  107  107  108  109  109  110  110
  111  111  112  112  112  113  113  113  113  113  113  113  112  112  112  112
  111  111  110  110  109  108  108  107  107  106  106  105  105  105  104  104
  104  104  103  103  102  102  102  101  101  100  100   99   98   98   97   97
   97   98   96   93   97   95  107  105   88                                   
    85.0-180.0 180.0   5.0 450.0                            LAT/LON1/LON2/DLON/H
   91  101  112  102  102  107  108  109  110  113  113  114  114  115  116  116
  117  117  118  118  119  119  120  120  120  120  120  120  120  120  120  119
  119  118  117  117  116  115  114  114  113  113  112  112  111  111  111  110
  110  109  109  108  107  107  106  105  105  104  103  102  101  100   99   99
  100  100   95   91   91   94  103  105   91                                   
    82.5-180.0 180.0   5.0 450.0                            LAT/LON1/LON2/DLON/H
   84   95  103   97   97  101  104  106  107  109  110  111  111  112  113  113
  114  114  115  116  117  117  118  119  119  120  120  120  120  120  120  119
  119  118  117  117  116  115  115  114  114  113  113  113  113  113  113  112
  112  112  111  110  109  108  107  106  105  103  102  100   99   97   96   95
   95   94   89   86   87   95   93   93   84                                   
    80.0-180.0 180.0   5.0 450.0                            LAT/LON1/LON2/DLON/H
   77   82   92   89   89   90   93   96   99  100  101  102  102  103  104  105
  106  107  108  109  111  112  113  114  115  116  116  117  117  117  117  116
  115  115  114  113  113  112  111  111  111  111  111  111  112  112  112  112
  112  111  110  110  108  107  106  104  102  100   98   96   94   92   90   88
   87   85   82   81   79   85   89   89   77                                   
    77.5-180.0 180.0   5.0 450.0                            LAT/LON1/LON2/DLON/H
   76   77   82   81   81   84   87   90   92   93   93   94   94   95   96   97
   99  101  103  105  107  109  111  113  115  116  116  117  117  117  117  116
  116  115  114  114  113  113  113  113  113  114  115  115  116  117  117  117
  117  117  116  115  114  113  111  109  107  104  101   99   96   93   90   87
   85   82   78   77   75   74   78   81   76                                   
    75.0-180.0 180.0   5.0 450.0                            LAT/LON1/LON2/DLON/H
   62   66   67   69   71   75   77   80   82   83   83   84   84   85   86   87
   90   92   95   98  102  105  108  110  112  114  115  115  116  116  116  115
  115  114  113  113  113  113  113  113  114  115  116  117  118  119  120  121
  121  120  120  119  118  116  114  112  109  107  104  101   97   94   90   87
   83   79   75   70   70   68   70   67   62                                   
    72.5-180.0 180.0   5.0 450.0                            LAT/LON1/LON2/DLON/H
   55   57   58   61   62   67   70   72   73   75   74   75   75   76   78   80
   83   86   90   94   98  102  105  108  110  112  113  114  114  114  114  114
  113  113  113  112  112  112  113  113  114  116  117  118  120  121  122  122
  123  123  122  121  120  119  117  115  113  111  108  105  102   98   94   90
   86   81   76   70   67   64   64   66   55                                   
    70.0-180.0 180.0   5.0 450.0                            LAT/LON1/LON2/DLON/H
   51   50   52   53   54   57   59   62   64   65   65   66   67   68   70   73
   76   81   85   90   95  100  103  106  109  110  111  112  112  112  113  113
  113  113  113  113  113  113  113  114  114  116  117  118  119  120  121  121
  122  122  121  121  120  119  118  116  114  112  110  108  105  101   97   93
   88   82   78   71   66   62   64   65   51                                   
    67.5-180.0 180.0   5.0 450.0                            LAT/LON1/LON2/DLON/H
   47   45   46   48   48   50   53   55   57   59   59   61   62   64   67   70
   75   80   85   91   96  100  104  107  109  110  110  110  111  111  112  112
  113  113  114  114  114  114  114  114  114  115  116  116  117  117  118  118
  119  119  119  119  119  118  118  117  116  114  113  111  109  106  102   99
   94   87   82   73   67   63   62   62   47                                   
    65.0-180.0 180.0   5.0 450.0                            LAT/LON1/LON2/DLON/H
   46   43   43   43   43   44   46   49   51   53   54   57   59   62   65   70
   75   80   86   92   97  102  105  108  109  110  110  110  111  112  113  114
  116  117  117  118  118  118  118  117  117  117  116  116  116  116  116  116
  117  117  118  118  118  118  118  118  117  116  116  114  113  110  107  104
   99   93   88   79   72   68   66   66   46                                   
    62.5-180.0 180.0   5.0 450.0                            LAT/LON1/LON2/DLON/H
   47   43   42   41   39   39   41   43   45   48   49   52   55   59   64   69
   74   80   86   92   97  102  105  107  108  109  109  109  110  112  114  116
  118  119  121  121  122  121  121  120  119  118  117  116  115  114  114  114
  115  115  116  117  118  118  118  118  118  118  118  117  116  114  111  108
  104   98   93   84   77   72   69   69   47                                   
    60.0-180.0 180.0   5.0 450.0                            LAT/LON1/LON2/DLON/H
   51   44   42   39   36   35   36   37   39   41   43   47   50   55   60   66
   72   78   84   90   95   99  102  105  106  106  106  107  108  110  113  116
  119  121  123  124  125  125  124  123  121  119  117  115  114  113  112  113
  113  115  116  118  119  119  119  119  119  119  119  119  118  116  113  109
  105  100   95   88   80   75   73   71   51                                   
    57.5-180.0 180.0   5.0 450.0                            LAT/LON1/LON2/DLON/H
   55   47   44   40   36   33   33   34   35   37   38   42   46   50   56   62
   68   74   80   86   91   96  100  103  104  105  105  106  108  111  114  117
  121  124  127  129  130  131  130  129  127  124  121  119  117  115  115  116
  117  119  120  122  123  124  124  124  123  123  123  123  122  120  116  113
  108  103   99   91   84   79   76   74   55                                   
    55.0-180.0 180.0   5.0 450.0                            LAT/LON1/LON2/DLON/H
   60   52   48   43   37   34   33   32   32   33   34   37   41   45   50   56
   62   69   75   81   87   92   97  100  102  103  104  105  107  111  114  119
  123  126  130  133  135  136  137  136  133  130  127  124  122  121  120  121
  123  124  126  128  129  129  129  129  128  128  129  128  127  124  120  116
  111  105  101   94   87   81   78   76   60                                   
    52.5-180.0 180.0   5.0 450.0                            LAT/LON1/LON2/DLON/H
   65   57   53   48   41   38   35   33   32   32   32   34   37   41   45   51
   57   63   70   77   83   89   94   99  101  103  104  106  108  111  115  120
  124  128  133  136  140  142  143  143  141  138  135  132  129  128  128  129
  130  132  134  135  136  135  135  134  134  134  135  135  134  131  126  121
  115  108  104   96   90   84   81   78   65                                   
    50.0-180.0 180.0   5.0 450.0                            LAT/LON1/LON2/DLON/H
   69   63   58   55   47   44   40   37   35   34   33   34   35   38   41   46
   52   58   66   73   81   88   94   99  102  104  106  107  109  112  116  120
  125  130  134  139  144  148  150  151  150  147  144  140  138  136  136  137
  138  139  141  141  142  141  140  139  140  141  142  143  142  139  133  127
  120  112  107   99   92   86   83   79   69                                   
    47.5-180.0 180.0   5.0 450.0                            LAT/LON1/LON2/DLON/H
   73   68   64   62   54   52   48   44   41   39   36   36   36   37   39   43
   49   56   64   72   80   88   95  100  104  107  109  110  112  114  117  121
  125  130  136  142  148  154  158  159  159  156  153  150  147  145  144  144
  145  146  147  147  147  146  145  144  145  146  148  150  150  147  141  134
  126  118  111  103   95   89   85   81   73                                   
    45.0-180.0 180.0   5.0 450.0                            LAT/LON1/LON2/DLON/H
   75   72   69   68   62   60   57   54   50   47   43   42   40   40   40   43
   48   55   64   73   82   91   98  104  108  110  112  113  114  116  119  122
  126  131  138  145  153  160  165  168  168  167  164  160  157  154  153  153
  153  153  153  153  152  151  150  149  150  152  154  157  157  154  149  142
  133  124  117  108   99   92   88   84   75                                   
    42.5-180.0 180.0   5.0 450.0                            LAT/LON1/LON2/DLON/H
   76   75   73   73   68   68   65   63   59   56   53   50   47   45   44   46
   50   57   67   77   87   95  102  108  112  114  116  117  117  118  120  123
  127  133  141  149  158  167  173  178  179  179  176  172  169  166  164  163
  162  162  161  161  160  159  157  156  156  158  160  162  163  160  155  148
  139  130  122  113  103   96   91   87   76                                   
    40.0-180.0 180.0   5.0 450.0                            LAT/LON1/LON2/DLON/H
   77   77   75   76   72   73   72   70   68   66   63   60   56   53   51   51
   55   62   71   82   92  100  107  111  115  118  119  120  121  121  122  125
  130  137  145  156  166  176  184  189  193  193  191  188  184  180  178  177
  176  175  175  174  173  172  170  168  167  167  168  169  168  165  159  153
  144  135  127  118  108  100   95   90   77                                   
    37.5-180.0 180.0   5.0 450.0                            LAT/LON1/LON2/DLON/H
   77   77   76   77   73   75   76   75   74   73   71   69   65   61   58   57
   60   67   77   88   98  105  111  115  118  120  122  124  124  124  125  128
  134  142  153  164  176  187  196  204  209  211  211  208  204  200  198  197
  197  197  197  197  196  194  191  188  184  181  179  177  174  169  163  156
  147  139  131  122  112  103   98   94   77                                   
    35.0-180.0 180.0   5.0 450.0                            LAT/LON1/LON2/DLON/H
   77   78   76   76   72   75   77   77   77   77   76   75   72   68   65   63
   65   72   82   93  103  110  114  117  120  123  125  127  128  128  130  134
  141  152  164  177  190  202  213  222  230  234  235  233  230  227  225  225
  226  228  229  230  229  227  222  216  208  201  194  188  182  174  166  158
  149  140  133  124  115  106  101   96   77                                   
    32.5-180.0 180.0   5.0 450.0                            LAT/LON1/LON2/DLON/H
   77   79   77   75   71   74   76   76   77   77   77   78   76   73   70   68
   70   76   87   98  108  114  117  120  122  125  128  131  132  134  137  143
  152  164  179  193  207  221  233  245  255  262  265  265  262  260  260  261
  264  268  271  273  272  269  262  251  239  227  214  203  192  181  170  160
  150  141  134  125  117  109  104   99   77                                   
    30.0-180.0 180.0   5.0 450.0                            LAT/LON1/LON2/DLON/H
   77   80   79   75   72   74   76   76   76   76   77   78   77   76   73   71
   73   80   90  102  111  117  120  122  124  127  131  135  138  141  146  154
  166  181  197  213  229  243  258  272  284  294  299  300  299  298  300  303
  309  315  320  322  321  316  306  291  274  256  238  222  206  191  177  164
  152  142  134  125  118  111  107  101   77                                   
    27.5-180.0 180.0   5.0 450.0                            LAT/LON1/LON2/DLON/H
   79   83   82   76   73   75   77   76   76   75   75   76   77   76   75   73
   75   82   92  104  114  120  123  124  126  130  135  140  145  151  158  168
  183  200  219  237  253  270  286  302  316  328  335  337  338  339  342  347
  355  363  370  373  371  364  350  331  309  286  264  243  223  204  187  171
  156  144  134  125  119  112  109  103   79                                   
    25.0-180.0 180.0   5.0 450.0                            LAT/LON1/LON2/DLON/H
   82   87   87   79   77   79   80   78   77   75   74   75   76   77   76   75
   77   84   94  106  116  123  125  127  129  133  139  147  154  162  173  186
  203  223  243  262  281  298  316  334  349  362  370  374  376  378  382  389
  399  408  415  418  415  404  387  365  339  313  288  264  242  220  200  182
  164  149  137  127  121  115  113  106   82                                   
    22.5-180.0 180.0   5.0 450.0                            LAT/LON1/LON2/DLON/H
   87   93   92   83   81   83   84   82   80   77   75   75   76   77   76   76
   78   85   95  107  118  124  127  129  132  137  145  154  165  176  190  207
  227  248  269  290  310  328  347  365  381  394  402  407  409  413  418  426
  435  445  452  453  448  435  415  391  363  336  309  284  260  238  216  196
  175  158  143  131  125  119  116  109   87                                   
    20.0-180.0 180.0   5.0 450.0                            LAT/LON1/LON2/DLON/H
   94  102  100   90   87   89   90   87   84   81   78   77   77   78   78   78
   80   86   96  108  118  124  128  130  134  141  150  163  177  193  211  231
  252  275  297  318  339  358  378  395  411  422  430  434  437  441  447  454
  463  472  477  478  471  456  435  409  382  354  327  302  278  255  233  211
  189  170  152  139  132  125  122  115   94                                   
    17.5-180.0 180.0   5.0 450.0                            LAT/LON1/LON2/DLON/H
  105  112  108   98   94   95   95   93   90   86   81   79   79   79   79   79
   81   87   96  107  116  123  127  131  136  145  158  174  192  212  234  256
  279  302  324  346  366  386  405  422  436  445  452  456  459  463  469  475
  483  490  494  493  485  469  447  421  394  367  340  315  292  269  248  227
  205  185  165  150  142  133  129  122  105                                   
    15.0-180.0 180.0   5.0 450.0                            LAT/LON1/LON2/DLON/H
  117  123  116  107  101  101  101   99   96   91   86   83   81   80   80   80
   82   87   95  105  114  121  126  131  139  151  167  187  209  233  258  282
  305  328  350  371  391  410  429  444  456  464  468  472  476  480  485  490
  496  502  504  501  491  475  452  427  400  373  347  322  299  278  259  240
  220  200  180  164  154  144  138  131  117                                   
    12.5-180.0 180.0   5.0 450.0                            LAT/LON1/LON2/DLON/H
  130  133  124  114  107  106  105  103  100   95   90   86   83   82   81   81
   82   86   93  102  111  118  125  132  143  158  178  201  228  255  281  306
  329  351  372  392  411  430  447  461  471  476  480  483  486  490  495  499
  504  507  507  502  490  472  449  424  398  371  345  321  299  280  264  248
  231  213  194  178  168  156  149  141  130                                   
    10.0-180.0 180.0   5.0 450.0                            LAT/LON1/LON2/DLON/H
  143  142  130  120  110  107  106  103  101   97   92   88   85   82   81   80
   81   85   91   99  108  116  125  135  149  167  190  217  246  275  302  327
  349  370  389  408  426  444  459  471  479  484  486  489  492  495  499  502
  504  505  502  494  481  462  439  414  388  362  336  311  290  273  261  249
  236  223  206  192  182  168  160  151  143                                   
     7.5-180.0 180.0   5.0 450.0                            LAT/LON1/LON2/DLON/H
  153  149  135  123  112  106  104  101   98   95   91   87   84   82   79   78
   79   82   89   97  107  116  127  140  157  179  205  233  264  293  319  343
