data/edconvlstm_nd/pred3180.15i
     1.0            IONOSPHERE MAPS     GNSS                IONEX VERSION / TYPE
pyspatialgeodesy        IME             05-JAN-18 20:20     PGM / RUN BY / DATE 
Map Name                                                    COMMENT             
Predicted global ionosphere maps (GIM).                     DESCRIPTION         
  2015    11    14     0     0     0                        EPOCH OF FIRST MAP  
  2015    11    15     0     0     0                        EPOCH OF LAST MAP   
  7200                                                      INTERVAL            
    13                                                      # OF MAPS IN FILE   
  NONE                                                      MAPPING FUNCTION    
10.0                                                        ELEVATION CUTOFF    
One-way carrier phase leveled to code                       OBSERVABLES USED    
  6371.0                                                    BASE RADIUS         
 2                                                          MAP DIMENSION       
   450.0 450.0   0.0                                        HGT1 / HGT2 / DHGT  
    87.5 -87.5  -2.5                                        LAT1 / LAT2 / DLAT  
  -180.0 180.0   5.0                                        LON1 / LON2 / DLON  
    -1                                                      EXPONENT            
                                                            END OF HEADER       
[from data line 2145]
     6                                                      START OF TEC MAP    
  2015    11    14    10     0     0                        EPOCH OF CURRENT MAP
    87.5-180.0 180.0   5.0 450.0                            LAT/LON1/LON2/DLON/H
   46   57   58   62   63   63   64   60   60   62   61   62   61   61   61   60
   59   58   58   57   56   55   54   53   53   52   51   51   50   49   49   48
   47   46   45   45   44   43   42   42   41   41   40   40   40   40   40   40
   40   40   41   41   41   41   42   42   43   43   44   44   45   45   46   47
   49   50   48   48   54   61   74   74   46                                   
    85.0-180.0 180.0   5.0 450.0                            LAT/LON1/LON2/DLON/H
   43   67   76   66   68   71   71   71   70   72   71   71   70   69   69   68
   67   66   66   65   64   64   63   63   62   62   61   61   60   60   59   59
   58   57   56   56   55   54   53   52   52   51   51   50   50   50   50   50
   49   49   50   50   50   50   50   51   51   52   53   54   55   56   57   58
   60   61   58   58   63   68   80   77   43                                   
    82.5-180.0 180.0   5.0 450.0                            LAT/LON1/LON2/DLON/H
   40   57   70   63   64   64   65   64   64   65   64   64   63   62   60   59
   58   57   56   56   55   55   54   54   54   54   54   54   54   54   54   54
   53   53   52   52   51   51   50   49   49   48   48   48   47   47   47   47
   46   46   46   46   45   45   45   46   46   47   47   48   49   50   51   53
   54   56   54   53   62   70   73   72   40                                   
    80.0-180.0 180.0   5.0 450.0                            LAT/LON1/LON2/DLON/H
   40   52   66   58   62   59   60   58   59   59   58   57   56   54   53   51
   50   48   48   47   46   46   46   46   47   47   48   48   49   50   50   51
   51   51   51   51   51   51   51   51   50   50   50   51   51   51   50   50
   50   49   48   47   46   45   44   44   44   44   44   45   46   47   48   49
   51   52   52   52   58   67   71   70   40                                   
    77.5-180.0 180.0   5.0 450.0                            LAT/LON1/LON2/DLON/H
   47   52   57   51   52   52   53   53   54   53   51   51   49   48   46   44
   43   42   41   40   40   40   40   41   41   42   43   44   46   47   48   49
   50   51   52   52   53   53   54   54   55   56   57   57   58   59   59   59
   58   57   56   54   52   49   47   46   44   44   43   43   44   44   45   46
   47   47   46   47   49   52   60   61   47                                   
    75.0-180.0 180.0   5.0 450.0                            LAT/LON1/LON2/DLON/H
   35   44   47   45   47   48   48   48   48   48   46   46   44   42   40   39
   38   37   36   36   36   36   37   38   39   40   42   43   45   47   49   51
   53   55   56   58   59   61   62   64   66   67   69   72   73   75   76   76
   75   74   71   67   64   59   56   52   49   47   46   46   46   46   46   46
   46   46   45   43   47   47   52   49   35                                   
    72.5-180.0 180.0   5.0 450.0                            LAT/LON1/LON2/DLON/H
   35   40   42   40   42   45   46   45   45   44   43   42   40   39   38   36
   35   34   34   34   34   35   35   36   37   39   40   42   45   47   50   53
   57   60   63   66   69   72   74   77   80   83   86   90   93   95   97   97
   96   94   90   85   79   73   67   62   57   54   52   50   50   49   49   49
   48   47   47   45   46   46   50   51   35                                   
    70.0-180.0 180.0   5.0 450.0                            LAT/LON1/LON2/DLON/H
   33   37   41   40   41   43   44   44   44   44   43   43   41   40   39   37
   37   36   36   36   37   37   38   38   39   40   42   44   47   50   54   58
   62   67   72   76   80   84   88   92   96  100  104  109  113  116  118  119
  118  114  109  102   94   86   78   71   65   60   57   55   53   52   51   51
   49   48   48   45   47   46   52   53   33                                   
    67.5-180.0 180.0   5.0 450.0                            LAT/LON1/LON2/DLON/H
   31   35   39   39   40   42   44   45   45   46   45   45   44   43   42   41
   40   40   40   40   40   40   41   41   41   42   43   45   48   51   56   61
   67   73   80   86   91   96  101  105  110  115  119  124  128  132  135  135
  134  130  123  115  105   95   85   77   70   64   60   58   56   54   53   52
   50   48   48   44   46   45   49   50   31                                   
    65.0-180.0 180.0   5.0 450.0                            LAT/LON1/LON2/DLON/H
   30   35   38   39   38   41   43   45   46   47   47   47   46   46   46   45
   45   45   45   45   45   44   44   43   43   43   43   45   48   52   58   65
   73   81   89   96  103  109  115  119  124  129  133  138  142  146  148  148
  146  141  133  124  112  101   90   80   72   66   62   59   56   54   52   50
   49   47   47   44   46   46   49   51   30                                   
    62.5-180.0 180.0   5.0 450.0                            LAT/LON1/LON2/DLON/H
   30   34   36   37   37   39   41   43   45   46   47   48   48   48   48   48
   48   48   48   48   48   47   45   44   43   42   42   43   47   52   59   68
   78   88   98  107  115  122  128  132  137  141  145  149  152  155  157  157
  154  148  139  129  116  104   92   81   73   67   62   58   55   52   49   47
   45   43   44   42   44   43   46   50   30                                   
    60.0-180.0 180.0   5.0 450.0                            LAT/LON1/LON2/DLON/H
   31   34   35   35   34   34   36   38   40   42   44   46   47   47   48   48
   48   48   48   47   46   45   43   41   39   38   38   40   44   50   59   70
   82   94  106  116  125  132  138  142  146  150  153  156  159  161  161  160
  157  151  142  130  118  105   92   82   73   66   61   57   53   49   45   42
   40   38   39   39   42   40   42   44   31                                   
    57.5-180.0 180.0   5.0 450.0                            LAT/LON1/LON2/DLON/H
   32   34   34   33   32   31   32   33   36   38   40   43   44   45   46   46
   47   46   46   45   44   42   40   38   36   35   36   38   43   51   61   74
   88  102  115  126  135  143  149  154  158  161  164  166  168  169  169  167
  163  157  148  137  124  111   99   88   80   73   67   63   58   52   47   43
   39   37   39   39   43   40   41   42   32                                   
    55.0-180.0 180.0   5.0 450.0                            LAT/LON1/LON2/DLON/H
   35   36   35   34   31   30   30   30   33   35   37   39   41   42   43   44
   44   43   43   42   40   39   37   36   34   34   35   38   44   54   66   80
   95  110  124  136  145  153  159  165  169  173  175  178  179  179  178  176
  172  166  158  148  136  124  112  101   92   85   79   73   67   60   54   48
   44   41   43   44   47   43   43   43   35                                   
    52.5-180.0 180.0   5.0 450.0                            LAT/LON1/LON2/DLON/H
   41   41   39   37   35   33   31   31   32   34   35   37   39   40   41   41
   42   41   40   39   38   37   36   35   35   35   38   42   49   59   73   88
  104  120  133  145  155  163  170  176  181  185  189  191  192  192  191  189
  185  179  172  163  152  141  129  119  110  102   96   89   82   74   66   59
   54   51   53   52   56   52   51   48   41                                   
    50.0-180.0 180.0   5.0 450.0                            LAT/LON1/LON2/DLON/H
   50   50   46   45   42   40   38   35   35   36   36   38   39   40   40   41
   41   40   40   39   38   38   37   37   38   40   43   48   56   68   81   97
  114  129  143  154  163  172  180  187  193  199  203  205  207  206  205  203
  199  194  187  179  170  159  148  138  129  121  113  106   99   90   82   74
   68   65   66   64   67   65   64   60   50                                   
    47.5-180.0 180.0   5.0 450.0                            LAT/LON1/LON2/DLON/H
   62   62   58   58   55   54   49   45   43   42   41   41   41   42   42   42
   42   42   41   41   41   41   42   42   44   47   51   57   66   77   91  106
  122  138  151  162  172  181  190  198  206  212  216  219  220  220  219  216
  212  207  201  194  185  175  164  154  144  135  128  120  113  105   96   89
   83   79   79   77   79   79   80   75   62                                   
    45.0-180.0 180.0   5.0 450.0                            LAT/LON1/LON2/DLON/H
   73   75   72   74   71   71   65   59   55   52   50   49   47   47   46   46
   46   46   46   46   47   47   48   50   52   55   60   67   75   86   99  114
  130  145  159  170  181  191  202  211  219  225  229  231  232  231  230  228
  224  219  213  205  197  186  175  163  153  143  135  128  121  113  106  100
   94   90   89   86   88   91   93   89   73                                   
    42.5-180.0 180.0   5.0 450.0                            LAT/LON1/LON2/DLON/H
   80   85   83   88   87   88   81   74   69   65   61   59   57   55   54   53
   53   53   53   54   54   55   56   58   60   64   69   76   84   94  106  120
  135  151  165  179  192  204  216  226  234  238  241  242  242  242  241  239
  235  229  222  214  204  192  180  167  155  145  136  129  122  115  108  103
   98   93   92   89   91   96   99   97   80                                   
    40.0-180.0 180.0   5.0 450.0                            LAT/LON1/LON2/DLON/H
   81   87   87   96   97   98   93   87   82   78   74   72   68   66   64   62
   61   61   61   62   63   63   64   65   67   71   77   84   92  101  112  125
  140  157  173  189  205  220  234  244  251  254  254  253  253  254  254  252
  248  242  233  223  211  197  183  168  155  144  134  125  118  111  104   99
   94   89   87   83   85   90   94   94   81                                   
    37.5-180.0 180.0   5.0 450.0                            LAT/LON1/LON2/DLON/H
   75   82   84   93   96   99   96   93   89   87   85   83   80   77   74   72
   70   69   69   70   70   70   70   71   73   77   84   92  100  109  119  132
  147  165  184  203  223  241  256  267  272  272  270  269  269  271  273  273
  269  262  251  238  223  207  190  174  159  146  134  124  115  106  100   94
   88   82   78   73   74   77   81   83   75                                   
    35.0-180.0 180.0   5.0 450.0                            LAT/LON1/LON2/DLON/H
   66   73   74   83   86   89   89   90   90   91   91   92   90   88   85   82
   79   77   76   76   76   75   75   75   77   82   90  100  109  118  128  141
  158  177  199  222  245  266  283  293  297  296  293  292  294  299  304  306
  304  296  283  267  248  229  209  190  173  158  144  131  120  109  101   95
   87   78   72   64   64   62   67   69   66                                   
    32.5-180.0 180.0   5.0 450.0                            LAT/LON1/LON2/DLON/H
   58   63   61   69   72   74   76   79   84   88   93   96   97   96   93   89
   86   83   81   80   79   78   77   77   81   87   97  109  120  130  141  155
  173  195  219  245  271  295  313  324  328  326  324  325  330  339  349  354
  354  346  331  311  289  266  243  222  203  186  170  154  139  126  116  107
   97   85   77   65   61   54   58   60   58                                   
    30.0-180.0 180.0   5.0 450.0                            LAT/LON1/LON2/DLON/H
   53   55   50   56   57   58   61   66   73   80   88   96  100  101   99   95
   90   86   84   82   81   80   79   80   85   93  106  119  132  144  157  173
  192  216  243  272  300  325  345  357  362  362  362  366  376  391  405  415
  417  409  393  371  345  318  293  269  249  230  212  193  175  160  147  137
  124  109   97   79   71   59   61   60   53                                   
    27.5-180.0 180.0   5.0 450.0                            LAT/LON1/LON2/DLON/H
   54   54   45   48   47   47   49   54   61   70   80   90   97  100  100   97
   92   88   84   82   81   80   80   83   89  100  114  129  144  159  174  192
  214  240  269  299  329  356  377  390  397  400  405  414  430  450  469  483
  488  481  464  440  411  382  354  329  307  287  267  247  227  209  195  183
  167  150  133  109   96   78   77   71   54                                   
    25.0-180.0 180.0   5.0 450.0                            LAT/LON1/LON2/DLON/H
   66   62   49   48   46   44   44   47   53   61   71   81   89   95   97   95
   91   87   83   81   80   80   81   86   95  107  122  139  155  172  191  212
  237  265  295  327  357  384  406  421  431  439  448  463  484  509  533  550
  557  551  535  509  479  449  419  393  371  350  329  308  287  268  253  240
  224  205  183  153  136  112  107   95   66                                   
    22.5-180.0 180.0   5.0 450.0                            LAT/LON1/LON2/DLON/H
   89   82   63   58   54   50   49   48   52   57   64   72   80   86   89   89
   87   84   81   79   78   79   83   90  100  113  129  145  164  183  206  231
  259  289  320  351  381  407  429  446  460  472  487  507  533  560  586  605
  614  609  594  569  540  510  481  455  432  411  390  369  348  329  313  300
  284  265  239  207  185  157  147  131   89                                   
    20.0-180.0 180.0   5.0 450.0                            LAT/LON1/LON2/DLON/H
  122  112   88   79   72   65   61   57   58   59   62   66   72   77   81   82
   81   79   78   77   77   78   83   92  104  118  133  150  169  192  218  247
  278  310  341  371  398  424  445  464  480  497  517  540  567  595  620  639
  648  645  631  609  583  556  529  505  483  462  442  421  399  380  364  351
  335  318  289  260  234  205  191  174  122                                   
    17.5-180.0 180.0   5.0 450.0                            LAT/LON1/LON2/DLON/H
  157  146  120  107   95   85   79   73   69   67   65   65   67   71   74   75
   75   75   75   75   75   78   84   94  107  122  137  154  174  198  228  260
  293  326  356  384  410  433  454  474  493  513  535  559  584  608  630  646
  653  651  641  624  603  579  556  535  515  496  476  455  433  413  396  381
  366  350  323  299  272  246  231  214  157                                   
    15.0-180.0 180.0   5.0 450.0                            LAT/LON1/LON2/DLON/H
  186  176  154  136  120  107   99   92   85   78   71   67   66   68   69   70
   71   72   73   74   75   77   84   95  110  126  141  158  178  204  236  270
  305  337  367  393  417  438  459  479  499  520  542  563  583  601  617  628
  634  633  627  615  600  583  564  546  528  510  491  469  446  423  403  385
  369  356  333  315  291  270  256  241  186                                   
    12.5-180.0 180.0   5.0 450.0                            LAT/LON1/LON2/DLON/H
  202  194  179  159  141  125  118  110  101   91   80   73   69   68   68   69
   70   72   74   75   75   78   85   98  115  131  147  164  185  212  245  280
  315  346  374  398  420  441  461  481  502  522  541  558  571  582  591  597
  601  601  599  594  585  573  558  542  526  508  489  466  440  413  388  367
  349  337  320  308  291  274  263  250  202                                   
    10.0-180.0 180.0   5.0 450.0                            LAT/LON1/LON2/DLON/H
  205  199  191  169  152  136  131  125  115  104   91   81   74   72   70   70
   70   73   76   77   78   80   88  103  121  140  157  175  196  224  256  291
  324  353  379  402  422  442  462  483  504  524  540  551  557  561  563  565
  568  571  572  572  569  560  548  533  517  499  478  453  423  392  362  337
  316  304  292  286  276  264  254  244  205                                   
     7.5-180.0 180.0   5.0 450.0                            LAT/LON1/LON2/DLON/H
  200  194  190  167  153  138  136  133  126  115  101   90   82   78   75   73
   73   75   78   80   81   85   94  109  130  151  170  189  212  239  270  302
