data/edconvlstm_nd/pred1670.15i
     1.0            IONOSPHERE MAPS     GNSS                IONEX VERSION / TYPE
pyspatialgeodesy        IME             05-JAN-18 20:20     PGM / RUN BY / DATE 
Map Name                                                    COMMENT             
Predicted global ionosphere maps (GIM).                     DESCRIPTION         
  2015     6    16     0     0     0                        EPOCH OF FIRST MAP  
  2015     6    17     0     0     0                        EPOCH OF LAST MAP   
  7200                                                      INTERVAL            
    13                                                      # OF MAPS IN FILE   
  NONE                                                      MAPPING FUNCTION    
10.0                                                        ELEVATION CUTOFF    
One-way carrier phase leveled to code                       OBSERVABLES USED    
  6371.0                                                    BASE RADIUS         
 2                                                          MAP DIMENSION       
   450.0 450.0   0.0                                        HGT1 / HGT2 / DHGT  
    87.5 -87.5  -2.5                                        LAT1 / LAT2 / DLAT  
  -180.0 180.0   5.0                                        LON1 / LON2 / DLON  
    -1                                                      EXPONENT            
                                                            END OF HEADER       
[from data line 4719]
    12                                                      START OF TEC MAP    
  2015     6    16    22     0     0                        EPOCH OF CURRENT MAP
    87.5-180.0 180.0   5.0 450.0                            LAT/LON1/LON2/DLON/H
  195  177  160  167  167  168  168  167  167  168  167  167  167  167  166  166
  165  164  163  162  161  160  159  158  157  155  154  153  152  152  151  150
  149  149  148  148  148  148  147  147  147  147  147  147  147  147  147  147
  147  147  147  147  147  147  147  148  148  148  149  149  150  150  151  152
  152  153  153  156  167  170  172  184  195                                   
    85.0-180.0 180.0   5.0 450.0                            LAT/LON1/LON2/DLON/H
  180  181  181  176  172  177  177  179  179  180  180  180  179  179  178  177
  176  175  174  172  171  169  168  166  165  164  162  161  160  159  158  157
  156  155  155  154  154  154  153  153  153  153  153  153  153  152  152  152
  152  152  152  152  152  152  153  153  153  154  154  155  155  156  157  158
  159  160  162  162  168  162  165  173  180                                   
    82.5-180.0 180.0   5.0 450.0                            LAT/LON1/LON2/DLON/H
  158  167  168  167  166  173  175  176  176  178  178  178  178  178  177  175
  174  172  170  168  166  164  162  160  158  155  153  151  150  148  147  145
  144  144  143  143  143  143  143  143  143  143  143  143  143  143  143  143
  143  143  143  143  143  143  143  143  143  143  144  144  145  145  146  147
  148  148  149  155  160  168  166  164  158                                   
    80.0-180.0 180.0   5.0 450.0                            LAT/LON1/LON2/DLON/H
  154  164  169  167  166  172  176  180  182  185  186  187  187  186  185  184
  182  180  177  174  172  169  166  163  160  158  155  152  150  147  145  144
  143  142  141  141  141  142  142  143  143  143  143  143  143  143  143  143
  142  142  142  142  142  142  142  141  141  141  141  141  142  142  143  144
  145  146  147  150  154  152  157  163  154                                   
    77.5-180.0 180.0   5.0 450.0                            LAT/LON1/LON2/DLON/H
  155  157  165  164  166  173  177  182  185  188  189  191  192  192  191  190
  188  186  183  181  178  175  172  169  166  162  159  156  152  149  147  145
  144  143  143  143  144  145  146  147  147  148  148  148  148  147  147  147
  147  147  147  147  147  146  146  145  145  144  143  143  143  142  143  143
  143  143  145  146  155  150  159  172  155                                   
    75.0-180.0 180.0   5.0 450.0                            LAT/LON1/LON2/DLON/H
  153  156  159  158  159  168  171  177  181  186  189  191  193  193  192  191
  189  187  185  182  180  177  175  172  168  165  161  157  153  150  147  144
  143  142  142  143  144  146  147  148  148  149  148  148  148  147  147  147
  147  147  147  147  147  147  147  146  145  144  143  142  141  141  141  141
  141  142  143  141  148  143  151  157  153                                   
    72.5-180.0 180.0   5.0 450.0                            LAT/LON1/LON2/DLON/H
  150  152  154  157  156  164  168  174  178  183  186  190  192  192  192  191
  189  188  186  184  182  180  178  175  172  168  163  158  154  149  146  143
  141  140  141  142  143  145  146  147  148  148  147  146  146  145  145  145
  146  147  148  149  149  150  149  148  147  146  145  144  142  142  141  141
  140  141  141  139  144  140  149  161  150                                   
    70.0-180.0 180.0   5.0 450.0                            LAT/LON1/LON2/DLON/H
  153  152  152  152  150  157  161  167  171  178  181  186  188  189  188  187
  186  184  183  182  181  179  178  175  172  168  163  158  152  148  143  140
  138  137  138  139  140  142  144  144  144  143  142  141  140  139  139  140
  141  143  145  147  148  148  149  148  147  146  145  144  143  142  142  142
  141  142  143  141  146  143  151  161  153                                   
    67.5-180.0 180.0   5.0 450.0                            LAT/LON1/LON2/DLON/H
  161  160  160  160  157  163  165  170  175  181  185  190  192  193  193  192
  191  189  188  188  188  187  186  183  180  175  170  165  159  154  150  146
  144  142  142  143  145  146  147  147  146  145  143  141  139  138  139  140
  143  145  148  151  153  154  155  155  155  154  153  153  152  151  151  152
  151  152  153  150  153  149  157  167  161                                   
    65.0-180.0 180.0   5.0 450.0                            LAT/LON1/LON2/DLON/H
  170  168  167  167  162  165  165  170  174  180  184  189  192  194  193  192
  190  189  188  188  189  188  187  185  182  178  173  168  163  158  154  150
  148  146  145  145  146  147  148  147  146  143  140  137  135  134  134  136
  139  142  146  149  151  153  155  156  157  157  157  157  156  156  157  157
  157  158  160  158  162  159  167  176  170                                   
    62.5-180.0 180.0   5.0 450.0                            LAT/LON1/LON2/DLON/H
  183  181  180  178  173  174  173  176  179  184  189  194  197  198  198  196
  194  192  192  192  193  193  192  190  187  183  179  175  171  168  164  161
  158  155  153  153  153  153  153  152  149  145  141  137  134  133  133  135
  138  142  145  148  151  154  156  159  161  162  163  164  164  163  164  164
  164  165  167  166  171  167  176  184  183                                   
    60.0-180.0 180.0   5.0 450.0                            LAT/LON1/LON2/DLON/H
  195  194  193  191  185  184  181  182  184  189  194  198  201  202  201  199
  197  195  195  196  196  197  196  193  190  187  185  183  181  180  178  174
  171  167  165  163  162  162  161  159  156  151  145  140  136  134  134  136
  138  141  144  146  149  152  156  159  163  166  169  170  170  169  169  169
  169  170  172  172  178  174  185  192  195                                   
    57.5-180.0 180.0   5.0 450.0                            LAT/LON1/LON2/DLON/H
  206  205  205  204  198  197  193  192  193  197  200  204  207  207  206  203
  201  199  198  199  200  200  198  196  193  191  191  191  193  193  193  190
  186  181  177  174  173  172  171  169  165  159  152  146  141  138  136  137
  138  140  142  143  146  149  154  160  165  170  173  175  175  174  173  173
  171  173  175  175  181  179  190  198  206                                   
    55.0-180.0 180.0   5.0 450.0                            LAT/LON1/LON2/DLON/H
  214  215  216  216  211  211  206  205  205  207  209  212  213  213  211  208
  204  202  202  202  202  202  200  198  195  195  196  200  204  207  208  206
  201  195  190  186  183  182  182  179  175  169  161  153  146  142  140  139
  139  139  139  140  142  146  152  159  167  174  178  180  180  178  176  175
  173  174  176  175  183  182  194  202  214                                   
    52.5-180.0 180.0   5.0 450.0                            LAT/LON1/LON2/DLON/H
  220  222  225  226  223  225  221  219  218  219  219  220  219  218  215  211
  208  205  204  204  204  203  201  198  196  197  200  206  213  218  220  217
  212  205  199  194  192  191  191  189  184  177  168  159  151  146  143  141
  140  138  137  136  138  142  149  159  169  177  182  185  184  181  179  176
  174  175  176  176  184  184  196  205  220                                   
    50.0-180.0 180.0   5.0 450.0                            LAT/LON1/LON2/DLON/H
  225  228  232  235  235  240  237  237  235  234  232  230  227  223  219  215
  211  209  207  207  207  206  203  200  198  200  205  212  220  226  228  225
  219  212  205  200  198  198  198  196  192  184  174  164  156  150  146  143
  141  139  136  134  135  140  149  160  172  182  188  190  189  186  183  180
  177  178  179  179  187  187  200  210  225                                   
    47.5-180.0 180.0   5.0 450.0                            LAT/LON1/LON2/DLON/H
  230  234  239  245  247  254  254  256  254  252  247  242  236  230  225  220
  216  213  211  211  211  209  207  204  202  204  210  217  225  230  232  228
  222  214  208  203  202  202  203  202  197  189  179  168  159  153  149  146
  144  140  137  135  136  142  151  164  176  187  194  196  195  192  189  186
  183  184  186  186  194  195  206  218  230                                   
    45.0-180.0 180.0   5.0 450.0                            LAT/LON1/LON2/DLON/H
  238  243  247  255  259  269  272  275  275  272  265  257  247  239  232  227
  222  219  217  217  217  216  214  211  210  212  217  223  230  233  233  229
  223  216  210  206  206  207  208  207  202  194  184  173  164  158  154  151
  149  146  142  140  141  147  157  169  183  194  201  203  203  200  198  196
  194  195  197  197  206  206  217  229  238                                   
    42.5-180.0 180.0   5.0 450.0                            LAT/LON1/LON2/DLON/H
  249  255  258  267  272  284  289  295  297  294  285  273  261  251  243  236
  231  228  226  226  226  226  225  223  222  224  228  233  237  238  236  231
  225  219  214  212  212  213  215  214  209  201  192  181  172  166  162  160
  157  154  151  149  150  155  165  177  190  201  208  211  212  210  209  208
  207  209  212  213  221  221  231  244  249                                   
    40.0-180.0 180.0   5.0 450.0                            LAT/LON1/LON2/DLON/H
  264  271  273  281  287  299  307  315  318  315  306  292  278  266  256  249
  244  240  238  238  240  241  241  240  240  241  243  246  247  245  242  236
  231  226  223  222  222  223  224  223  219  212  203  193  185  178  174  172
  169  166  163  161  162  166  174  185  196  207  214  219  220  221  221  221
  221  225  229  230  238  238  248  261  264                                   
    37.5-180.0 180.0   5.0 450.0                            LAT/LON1/LON2/DLON/H
  282  289  290  298  303  315  324  333  338  337  327  313  298  284  274  266
  259  255  252  253  256  260  261  262  262  262  264  264  262  258  252  247
  242  239  237  236  236  237  238  236  233  227  219  210  202  195  190  187
  184  180  176  174  174  177  183  191  200  210  218  224  228  230  232  234
  235  239  244  247  254  254  265  279  282                                   
    35.0-180.0 180.0   5.0 450.0                            LAT/LON1/LON2/DLON/H
  302  309  311  317  322  333  342  351  358  358  349  336  320  306  295  286
  279  273  270  272  277  281  285  286  286  287  287  285  281  275  268  263
  259  256  255  253  253  253  252  251  248  244  238  230  222  214  208  203
  198  193  188  184  183  184  188  193  200  209  217  225  232  237  241  244
  246  251  257  260  268  269  281  295  302                                   
    32.5-180.0 180.0   5.0 450.0                            LAT/LON1/LON2/DLON/H
  322  330  334  337  343  353  362  371  378  380  373  361  347  333  321  311
  301  294  292  294  300  306  310  311  312  311  310  307  301  294  286  281
  277  275  272  270  268  267  265  264  262  260  255  249  240  232  223  216
  208  201  195  190  188  187  188  190  195  203  212  223  232  240  246  250
  252  258  265  270  279  281  295  309  322                                   
    30.0-180.0 180.0   5.0 450.0                            LAT/LON1/LON2/DLON/H
  342  351  357  360  367  376  384  392  401  404  400  390  377  364  351  339
  328  320  317  319  325  332  335  336  334  333  331  327  320  312  304  298
  293  289  285  281  277  273  271  270  270  269  267  262  253  243  232  222
  213  203  196  190  186  183  181  182  185  192  203  216  228  238  246  252
  255  262  270  276  286  290  306  321  342                                   
    27.5-180.0 180.0   5.0 450.0                            LAT/LON1/LON2/DLON/H
  360  370  380  384  393  402  410  417  426  431  430  423  412  400  387  374
  361  351  347  348  353  358  359  357  353  349  346  341  334  325  316  308
  301  294  287  280  273  269  266  266  267  269  268  264  255  244  232  220
  209  198  189  182  177  173  170  168  170  178  190  206  221  234  244  251
  256  264  273  280  291  298  315  333  360                                   
    25.0-180.0 180.0   5.0 450.0                            LAT/LON1/LON2/DLON/H
  374  387  400  406  419  429  437  445  455  461  463  459  451  441  428  413
  398  387  381  381  383  384  381  374  365  359  354  348  340  330  318  307
  297  285  274  264  257  252  249  250  253  257  258  254  246  235  222  210
  197  186  177  169  164  159  155  153  154  162  176  194  212  228  240  249
  256  267  277  286  297  306  324  345  374                                   
    22.5-180.0 180.0   5.0 450.0                            LAT/LON1/LON2/DLON/H
  386  401  417  425  443  454  465  473  485  493  497  497  492  484  472  456
  440  427  420  417  415  409  399  386  372  361  353  345  336  324  310  295
  279  264  249  238  230  226  225  227  230  235  237  234  226  215  203  192
  180  170  161  155  149  145  140  137  139  148  163  183  203  222  237  249
  258  272  284  293  305  315  333  357  386                                   
    20.0-180.0 180.0   5.0 450.0                            LAT/LON1/LON2/DLON/H
  396  412  430  439  461  475  488  499  512  523  530  533  532  526  516  502
  485  471  461  454  446  433  414  393  373  357  345  335  324  310  293  273
  254  235  219  207  201  199  199  202  205  209  210  207  200  190  180  171
  162  154  147  141  137  132  128  126  128  136  152  173  196  217  235  251
  264  280  294  304  315  326  344  370  396                                   
    17.5-180.0 180.0   5.0 450.0                            LAT/LON1/LON2/DLON/H
  405  422  440  450  474  490  507  519  535  548  557  563  565  564  556  544
  529  515  503  491  475  453  425  396  369  348  333  321  307  291  271  249
  226  206  190  181  178  178  180  182  184  186  185  181  174  166  158  152
  146  141  136  132  128  125  121  119  121  130  146  167  191  214  236  255
  272  292  307  318  327  339  357  383  405                                   
    15.0-180.0 180.0   5.0 450.0                            LAT/LON1/LON2/DLON/H
  413  430  446  455  481  499  518  533  551  564  575  584  589  591  588  579
  567  554  540  523  500  469  432  395  362  338  320  305  289  271  250  227
  204  185  172  167  167  170  172  173  172  171  167  162  155  147  142  138
  135  132  129  127  125  122  119  117  119  127  143  164  189  214  239  262
  282  305  322  333  340  353  371  395  413                                   
    12.5-180.0 180.0   5.0 450.0                            LAT/LON1/LON2/DLON/H
  422  437  451  458  484  501  523  539  557  571  582  593  601  606  606  602
  594  583  569  547  517  478  434  391  355  328  307  291  274  256  235  213
  193  177  168  167  171  176  178  176  171  166  160  152  145  138  134  132
  131  129  127  125  124  122  119  118  120  128  143  163  188  215  243  269
  292  317  336  347  353  367  386  406  422                                   
    10.0-180.0 180.0   5.0 450.0                            LAT/LON1/LON2/DLON/H
  433  446  456  459  483  499  521  537  555  568  579  590  599  606  610  609
  606  598  584  559  523  479  431  386  348  319  298  280  264  247  229  211
  195  184  179  182  189  194  194  189  181  171  162  153  145  138  134  132
  130  128  126  124  123  121  120  119  122  129  143  163  188  216  245  274
  300  327  347  359  365  380  401  417  433                                   
     7.5-180.0 180.0   5.0 450.0                            LAT/LON1/LON2/DLON/H
  447  458  464  462  482  496  516  531  547  559  568  578  586  594  600  602
  602  597  583  557  518  472  423  379  342  313  292  274  259  244  231  218
