data/edconvlstm_nd/pred1880.15i
     1.0            IONOSPHERE MAPS     GNSS                IONEX VERSION / TYPE
pyspatialgeodesy        IME             05-JAN-18 20:20     PGM / RUN BY / DATE 
Map Name                                                    COMMENT             
Predicted global ionosphere maps (GIM).                     DESCRIPTION         
  2015     7     7     0     0     0                        EPOCH OF FIRST MAP  
  2015     7     8     0     0     0                        EPOCH OF LAST MAP   
  7200                                                      INTERVAL            
    13                                                      # OF MAPS IN FILE   
  NONE                                                      MAPPING FUNCTION    
10.0                                                        ELEVATION CUTOFF    
One-way carrier phase leveled to code                       OBSERVABLES USED    
  6371.0                                                    BASE RADIUS         
 2                                                          MAP DIMENSION       
   450.0 450.0   0.0                                        HGT1 / HGT2 / DHGT  
    87.5 -87.5  -2.5                                        LAT1 / LAT2 / DLAT  
  -180.0 180.0   5.0                                        LON1 / LON2 / DLON  
    -1                                                      EXPONENT            
                                                            END OF HEADER       
[from data line 429]
     2                                                      START OF TEC MAP    
  2015     7     7     2     0     0                        EPOCH OF CURRENT MAP
    87.5-180.0 180.0   5.0 450.0                            LAT/LON1/LON2/DLON/H
  152  155  159  159  159  156  154  152  153  153  153  153  153  153  153  152
  152  152  151  150  150  149  148  147  146  145  144  143  142  141  141  140
  139  139  139  138  138  138  138  138  138  138  139  139  139  140  140  141
  141  142  142  143  143  144  144  144  144  144  144  144  144  144  144  145
  146  147  147  146  149  149  150  146  152                                   
    85.0-180.0 180.0   5.0 450.0                            LAT/LON1/LON2/DLON/H
  161  169  158  164  169  166  165  165  165  165  165  165  165  164  163  163
  162  161  160  159  158  156  155  153  152  150  149  147  146  145  144  143
  142  142  141  141  141  141  141  142  142  142  143  143  144  144  145  146
  146  147  148  148  149  149  150  150  151  151  151  152  152  152  152  153
  155  156  155  158  154  154  155  150  161                                   
    82.5-180.0 180.0   5.0 450.0                            LAT/LON1/LON2/DLON/H
  169  170  174  172  174  173  172  172  174  174  173  173  172  171  170  169
  167  166  164  163  161  159  156  154  152  149  147  145  143  141  139  138
  137  137  136  137  137  137  138  138  139  139  140  141  142  142  143  144
  145  146  147  148  149  150  151  151  152  152  153  153  154  154  155  156
  157  159  158  159  164  153  154  148  169                                   
    80.0-180.0 180.0   5.0 450.0                            LAT/LON1/LON2/DLON/H
  174  177  172  172  175  176  178  178  179  178  177  176  175  173  172  170
  168  166  164  162  160  157  154  151  148  145  142  138  136  133  132  130
  130  130  130  131  132  133  134  135  136  137  138  139  140  142  143  145
  146  148  149  151  152  153  153  154  154  155  155  155  155  156  156  158
  159  159  158  159  169  162  166  155  174                                   
    77.5-180.0 180.0   5.0 450.0                            LAT/LON1/LON2/DLON/H
  177  179  176  178  176  177  181  181  182  180  178  177  175  172  170  167
  165  163  161  159  156  154  151  147  144  140  136  132  128  126  124  123
  123  124  126  127  129  131  133  135  136  137  138  140  141  143  145  147
  149  151  153  155  156  157  158  158  158  158  158  157  157  157  157  159
  159  161  159  162  169  164  166  161  177                                   
    75.0-180.0 180.0   5.0 450.0                            LAT/LON1/LON2/DLON/H
  177  179  177  180  178  179  181  182  182  180  177  174  171  168  164  161
  158  156  154  152  150  148  145  141  137  133  128  123  120  117  115  115
  116  118  120  123  126  128  130  132  133  135  136  137  139  142  144  147
  150  153  155  158  159  160  161  161  161  160  159  159  158  157  158  159
  159  161  160  157  164  164  166  164  177                                   
    72.5-180.0 180.0   5.0 450.0                            LAT/LON1/LON2/DLON/H
  172  179  180  182  181  182  185  185  185  182  178  175  170  165  160  156
  153  151  149  148  147  145  143  140  135  131  125  121  117  114  113  113
  115  118  122  126  129  132  134  136  137  139  140  142  144  147  151  154
  158  161  164  166  168  169  169  169  168  167  166  165  164  163  163  164
  164  166  166  165  167  165  166  167  172                                   
    70.0-180.0 180.0   5.0 450.0                            LAT/LON1/LON2/DLON/H
  173  177  180  182  181  181  184  184  184  181  176  172  166  159  154  149
  145  143  142  141  141  141  139  136  132  127  121  116  113  110  110  111
  114  118  123  127  131  134  136  137  138  139  141  143  146  150  154  158
  162  166  168  170  172  172  173  172  171  170  169  168  167  165  165  167
  166  168  169  168  171  168  170  170  173                                   
    67.5-180.0 180.0   5.0 450.0                            LAT/LON1/LON2/DLON/H
  173  177  178  180  179  179  181  181  181  178  173  168  161  154  147  141
  136  134  133  134  135  135  134  131  127  122  117  112  109  107  107  109
  113  118  123  127  130  133  134  134  135  136  138  141  145  150  155  159
  163  166  169  170  171  172  172  172  171  170  169  168  167  166  166  167
  167  169  170  169  172  170  171  173  173                                   
    65.0-180.0 180.0   5.0 450.0                            LAT/LON1/LON2/DLON/H
  174  176  176  178  177  176  178  178  178  175  171  166  159  151  143  136
  131  129  128  128  129  130  129  127  123  119  114  110  108  107  108  110
  114  119  123  127  129  130  131  131  131  133  136  140  145  150  155  160
  163  165  167  168  169  169  170  170  170  170  170  169  169  168  167  169
  169  170  172  171  175  173  176  178  174                                   
    62.5-180.0 180.0   5.0 450.0                            LAT/LON1/LON2/DLON/H
  175  177  177  178  176  174  176  175  176  173  170  165  159  151  143  136
  130  127  126  126  126  126  125  123  119  116  113  110  109  109  111  113
  117  120  123  125  126  127  126  126  127  129  133  138  144  150  155  158
  161  162  163  164  164  165  166  168  169  170  171  171  171  170  170  172
  172  174  175  174  178  177  180  183  175                                   
    60.0-180.0 180.0   5.0 450.0                            LAT/LON1/LON2/DLON/H
  178  179  179  180  176  173  174  173  173  171  168  164  159  152  145  138
  132  128  125  124  123  122  120  118  115  112  111  111  111  113  115  116
  118  120  121  122  121  120  119  119  121  124  129  136  142  148  152  155
  156  157  157  158  159  160  163  165  168  170  172  173  173  173  174  175
  176  178  180  178  182  181  184  188  178                                   
    57.5-180.0 180.0   5.0 450.0                            LAT/LON1/LON2/DLON/H
  183  184  183  184  180  176  175  173  173  170  167  165  161  155  149  142
  136  131  128  125  122  119  116  113  111  110  111  113  115  118  120  120
  121  120  119  118  116  114  113  113  115  119  126  133  140  146  150  151
  151  151  151  153  155  157  161  165  168  172  174  176  178  178  179  181
  182  185  186  185  188  186  189  194  183                                   
    55.0-180.0 180.0   5.0 450.0                            LAT/LON1/LON2/DLON/H
  190  190  191  192  187  182  180  176  174  170  167  165  162  157  152  147
  141  136  131  127  123  118  114  110  108  109  112  116  120  124  125  125
  123  120  117  114  112  110  109  109  111  116  124  131  139  144  147  148
  147  147  148  150  154  158  162  167  171  175  179  182  184  185  187  189
  191  194  195  194  196  193  196  201  190                                   
    52.5-180.0 180.0   5.0 450.0                            LAT/LON1/LON2/DLON/H
  200  199  201  203  198  192  189  183  179  173  169  166  163  160  156  151
  146  141  136  132  126  120  115  111  110  111  116  121  127  130  131  129
  125  121  117  113  110  108  107  108  110  115  123  131  138  143  145  146
  146  147  149  152  157  162  168  173  177  182  185  188  191  193  196  199
  202  206  207  205  205  202  204  209  200                                   
    50.0-180.0 180.0   5.0 450.0                            LAT/LON1/LON2/DLON/H
  211  211  213  216  212  205  201  193  187  178  172  168  166  163  160  156
  152  148  143  139  133  127  121  117  116  118  123  129  135  138  138  135
  130  124  119  115  112  111  110  110  112  117  124  131  138  143  146  147
  148  151  155  160  166  172  177  182  186  190  194  197  200  203  206  211
  215  220  221  219  217  213  214  219  211                                   
    47.5-180.0 180.0   5.0 450.0                            LAT/LON1/LON2/DLON/H
  223  223  226  230  227  220  216  207  198  187  179  174  170  167  164  161
  158  155  152  148  144  138  133  129  128  130  135  140  145  147  146  142
  136  130  124  121  119  117  116  116  117  121  127  134  140  145  149  152
  155  160  166  173  179  185  190  194  197  201  204  207  210  213  218  224
  229  235  237  234  231  225  225  231  223                                   
    45.0-180.0 180.0   5.0 450.0                            LAT/LON1/LON2/DLON/H
  236  236  239  244  242  235  231  221  211  199  189  182  177  174  170  167
  165  162  161  159  157  153  149  145  144  146  150  154  157  157  155  150
  144  138  133  130  128  127  126  125  125  127  132  138  144  150  155  160
  166  174  181  189  195  200  203  206  209  212  215  218  221  224  229  236
  243  249  252  249  245  238  238  244  236                                   
    42.5-180.0 180.0   5.0 450.0                            LAT/LON1/LON2/DLON/H
  249  248  251  256  255  249  245  235  225  212  201  193  188  183  179  176
  173  171  171  172  172  170  167  165  164  165  167  169  170  168  165  160
  154  148  144  142  141  140  138  136  135  136  139  144  150  157  164  171
  180  189  198  206  211  214  216  218  220  223  227  229  232  235  241  248
  255  263  267  264  260  252  251  259  249                                   
    40.0-180.0 180.0   5.0 450.0                            LAT/LON1/LON2/DLON/H
  262  261  262  266  266  260  256  247  238  226  215  207  201  196  191  186
  182  181  181  184  186  187  186  185  185  186  186  186  184  181  176  170
  165  160  156  155  154  153  152  149  146  146  148  152  158  165  173  183
  194  204  214  220  224  226  227  228  231  234  238  242  244  247  252  259
  267  275  279  277  274  267  266  275  262                                   
    37.5-180.0 180.0   5.0 450.0                            LAT/LON1/LON2/DLON/H
  276  274  273  276  275  270  266  259  251  240  231  223  217  211  205  198
  193  190  191  194  198  201  203  204  205  206  206  204  199  194  188  182
  177  172  169  167  167  166  164  161  158  157  158  161  166  174  183  194
  205  216  225  230  233  233  234  236  239  244  250  254  257  259  263  269
  276  284  290  290  289  282  283  293  276                                   
    35.0-180.0 180.0   5.0 450.0                            LAT/LON1/LON2/DLON/H
  292  289  287  288  286  280  276  270  265  256  248  242  235  228  221  212
  205  200  200  203  208  213  218  221  224  226  225  222  216  208  201  194
  188  183  180  178  177  177  176  173  170  168  168  170  174  181  190  201
  212  223  230  235  237  237  239  242  247  254  261  266  270  272  274  279
  285  293  300  302  303  299  302  312  292                                   
    32.5-180.0 180.0   5.0 450.0                            LAT/LON1/LON2/DLON/H
  312  308  304  304  299  292  288  283  280  274  268  262  255  247  238  227
  217  210  208  210  215  222  229  236  242  245  244  240  232  222  213  205
  198  192  188  185  184  184  184  182  180  178  177  178  180  185  193  203
  214  223  230  235  237  239  242  248  255  264  272  279  283  284  286  289
  294  302  311  314  318  317  323  335  312                                   
    30.0-180.0 180.0   5.0 450.0                            LAT/LON1/LON2/DLON/H
  336  331  327  325  318  310  305  301  299  294  289  284  277  267  256  243
  230  220  214  215  220  229  239  249  257  261  261  255  245  233  222  212
  203  196  190  187  186  187  188  187  186  184  183  182  182  184  190  200
  210  219  226  232  237  241  247  254  263  273  283  291  295  297  298  301
  305  313  322  328  334  337  345  359  336                                   
    27.5-180.0 180.0   5.0 450.0                            LAT/LON1/LON2/DLON/H
  363  358  354  352  342  334  328  324  323  319  315  308  300  289  276  260
  243  229  221  219  224  234  247  259  268  273  272  266  254  240  226  214
  203  194  187  183  182  184  186  186  186  185  183  180  178  179  183  192
  201  211  220  229  237  245  254  262  272  283  293  302  308  311  313  315
  319  327  337  345  353  359  369  385  363                                   
    25.0-180.0 180.0   5.0 450.0                            LAT/LON1/LON2/DLON/H
  390  387  385  383  372  363  357  353  352  349  343  336  325  313  297  278
  258  241  228  224  228  240  254  267  276  280  277  269  255  238  222  207
  195  185  177  173  173  176  178  180  180  178  176  172  169  168  172  180
  191  202  214  227  239  252  263  273  282  292  303  312  320  325  329  333
  338  346  357  365  374  382  394  411  390                                   
    22.5-180.0 180.0   5.0 450.0                            LAT/LON1/LON2/DLON/H
  418  416  416  415  404  395  389  385  384  381  375  365  353  338  320  299
  276  254  238  231  235  246  261  273  279  279  274  262  246  227  209  193
  180  169  162  159  160  163  166  167  167  166  163  159  155  155  159  168
  180  194  210  227  245  261  275  286  294  303  313  323  333  341  348  354
  361  370  381  390  397  406  419  437  418                                   
    20.0-180.0 180.0   5.0 450.0                            LAT/LON1/LON2/DLON/H
  442  443  445  445  435  426  421  417  417  413  406  395  381  365  346  323
  297  271  251  241  244  254  267  276  277  272  261  246  228  208  189  172
  159  149  144  143  146  150  152  152  151  149  146  142  139  140  146  156
  171  188  208  230  253  273  289  300  308  316  325  336  347  358  369  378
  388  398  409  417  423  430  444  461  442                                   
    17.5-180.0 180.0   5.0 450.0                            LAT/LON1/LON2/DLON/H
  463  467  469  470  461  453  448  445  445  442  434  423  408  390  371  347
  320  291  267  255  255  263  272  275  270  257  241  223  203  182  164  148
  137  129  126  128  133  137  138  137  134  131  128  125  124  127  134  146
  163  183  207  234  262  286  304  316  324  331  339  350  364  378  392  405
  417  429  440  447  449  454  468  482  463                                   
    15.0-180.0 180.0   5.0 450.0                            LAT/LON1/LON2/DLON/H
  481  487  488  488  480  472  467  465  465  462  455  443  429  412  392  369
  342  312  285  269  266  270  274  270  257  237  216  195  175  156  139  126
  118  114  114  118  123  127  127  123  119  115  112  111  112  116  125  139
  157  180  208  238  269  296  317  330  339  346  355  367  381  398  415  431
  447  460  470  476  475  477  490  502  481                                   
    12.5-180.0 180.0   5.0 450.0                            LAT/LON1/LON2/DLON/H
  498  505  503  501  493  485  479  476  475  472  465  455  441  425  407  386
  359  329  302  283  275  274  271  260  239  213  188  167  148  133  120  111
  107  106  109  113  118  120  118  113  108  103  101  101  104  109  119  133
  153  177  206  239  272  302  325  341  352  361  371  383  399  417  437  456
  473  487  497  501  498  497  510  520  498                                   
    10.0-180.0 180.0   5.0 450.0                            LAT/LON1/LON2/DLON/H
  516  523  518  511  503  494  486  481  478  473  466  456  443  427  411  392
  368  340  312  291  279  273  263  245  217  188  162  142  128  117  109  105
  104  106  109  113  116  116  113  106  100   96   95   96   99  105  115  129
  147  172  202  236  271  302  328  348  362  374  385  398  415  434  455  476
  494  508  518  521  516  515  528  537  516                                   
     7.5-180.0 180.0   5.0 450.0                            LAT/LON1/LON2/DLON/H
  536  543  534  523  514  503  492  483  476  468  459  448  435  419  403  386
  366  341  315  292  277  265  250  225  194  164  141  126  117  111  108  108
