data/edconvlstm_nd/pred3250.15i
     1.0            IONOSPHERE MAPS     GNSS                IONEX VERSION / TYPE
pyspatialgeodesy        IME             05-JAN-18 20:20     PGM / RUN BY / DATE 
Map Name                                                    COMMENT             
Predicted global ionosphere maps (GIM).                     DESCRIPTION         
  2015    11    21     0     0     0                        EPOCH OF FIRST MAP  
  2015    11    22     0     0     0                        EPOCH OF LAST MAP   
  7200                                                      INTERVAL            
    13                                                      # OF MAPS IN FILE   
  NONE                                                      MAPPING FUNCTION    
10.0                                                        ELEVATION CUTOFF    
One-way carrier phase leveled to code                       OBSERVABLES USED    
  6371.0                                                    BASE RADIUS         
 2                                                          MAP DIMENSION       
   450.0 450.0   0.0                                        HGT1 / HGT2 / DHGT  
    87.5 -87.5  -2.5                                        LAT1 / LAT2 / DLAT  
  -180.0 180.0   5.0                                        LON1 / LON2 / DLON  
    -1                                                      EXPONENT            
                                                            END OF HEADER       
[from data line 3861]
    10                                                      START OF TEC MAP    
  2015    11    21    18     0     0                        EPOCH OF CURRENT MAP
    87.5-180.0 180.0   5.0 450.0                            LAT/LON1/LON2/DLON/H
   88   90   87   90   94   91   91   87   88   90   89   90   90   90   90   90
   90   90   90   89   89   88   87   87   86   86   85   84   84   83   83   83
   83   82   82   82   82   82   81   81   81   81   82   82   82   83   83   84
   84   85   86   86   87   87   88   88   88   89   89   89   89   89   88   88
   88   88   84   81   87   86  101   99   88                                   
    85.0-180.0 180.0   5.0 450.0                            LAT/LON1/LON2/DLON/H
   95   91  102   83   83   86   85   86   87   89   88   89   89   90   90   90
   90   90   89   89   88   88   87   87   86   86   85   85   84   84   84   83
   83   83   83   82   82   82   81   81   81   81   81   81   81   82   82   82
   83   83   84   85   86   86   87   87   88   88   88   88   88   88   88   88
   88   87   82   78   81   82   89   86   95                                   
    82.5-180.0 180.0   5.0 450.0                            LAT/LON1/LON2/DLON/H
   77   77   79   71   74   77   80   80   81   82   84   85   86   87   87   87
   87   87   86   85   84   83   83   82   81   80   80   79   79   79   78   78
   78   77   77   76   75   74   73   72   71   70   70   69   69   69   69   70
   70   71   72   73   75   76   77   78   79   79   80   80   80   80   80   79
   79   78   74   72   76   85   79   77   77                                   
    80.0-180.0 180.0   5.0 450.0                            LAT/LON1/LON2/DLON/H
   58   59   66   60   61   61   67   69   72   75   78   80   82   83   84   85
   85   84   83   82   81   79   78   77   76   75   74   74   73   73   73   73
   73   72   72   70   69   67   65   64   62   60   59   58   57   57   57   58
   59   60   62   64   66   67   69   70   71   72   72   72   72   71   71   70
   70   69   67   65   63   69   65   69   58                                   
    77.5-180.0 180.0   5.0 450.0                            LAT/LON1/LON2/DLON/H
   58   55   55   53   56   58   64   68   72   76   80   85   88   91   93   94
   95   94   93   92   90   89   87   85   83   81   80   79   79   79   79   78
   78   77   75   73   70   67   64   60   57   53   51   49   47   47   47   48
   49   51   54   56   59   61   63   65   66   67   67   67   66   66   65   64
   63   63   62   61   59   59   58   63   58                                   
    75.0-180.0 180.0   5.0 450.0                            LAT/LON1/LON2/DLON/H
   45   46   46   46   49   52   58   63   69   76   81   88   93   97  100  102
  103  103  103  101  100   98   95   93   90   88   86   85   84   84   83   83
   82   80   78   75   71   66   62   57   53   49   45   43   41   40   40   41
   43   45   48   51   54   56   58   59   60   61   61   61   60   59   59   58
   57   58   58   55   55   52   49   47   45                                   
    72.5-180.0 180.0   5.0 450.0                            LAT/LON1/LON2/DLON/H
   45   44   43   47   48   52   58   64   70   78   86   94  100  106  111  114
  116  117  117  116  115  112  109  106  102   98   95   92   90   88   87   85
   83   81   77   73   68   63   57   51   46   41   37   34   32   31   31   33
   34   37   39   42   44   46   48   49   50   50   50   50   49   49   49   49
   49   49   50   48   47   47   46   49   45                                   
    70.0-180.0 180.0   5.0 450.0                            LAT/LON1/LON2/DLON/H
   43   43   42   45   47   50   56   64   73   82   92  101  109  116  121  125
  129  131  133  133  133  131  128  124  119  113  108  103   99   95   92   90
   86   82   78   72   66   60   54   48   42   38   34   31   30   29   30   31
   32   34   36   38   40   41   42   42   42   42   42   42   42   42   43   43
   44   45   47   46   47   47   50   52   43                                   
    67.5-180.0 180.0   5.0 450.0                            LAT/LON1/LON2/DLON/H
   46   45   43   48   51   55   62   71   80   91  101  112  121  129  135  140
  145  148  152  154  154  153  149  144  137  129  121  114  107  102   97   92
   87   82   76   69   62   55   49   43   38   35   32   30   30   29   30   31
   32   33   34   34   35   35   35   35   35   36   36   36   37   37   38   40
   41   42   44   43   44   46   48   50   46                                   
    65.0-180.0 180.0   5.0 450.0                            LAT/LON1/LON2/DLON/H
   44   44   43   49   51   56   64   74   85   97  108  120  130  138  144  150
  156  161  166  170  172  171  168  162  153  143  133  124  115  107  100   93
   87   79   71   64   56   49   43   38   35   33   32   31   31   31   31   31
   31   30   30   29   28   27   27   27   27   28   29   30   31   32   34   36
   37   40   42   42   44   47   50   53   44                                   
    62.5-180.0 180.0   5.0 450.0                            LAT/LON1/LON2/DLON/H
   43   44   42   50   54   60   68   79   91  104  117  128  138  147  154  160
  167  174  180  185  188  187  183  176  166  154  142  131  121  111  103   94
   85   76   67   57   49   42   37   34   32   31   32   32   32   32   32   31
   30   28   25   23   21   20   20   20   21   22   24   26   27   29   31   33
   35   37   40   39   40   44   46   49   43                                   
    60.0-180.0 180.0   5.0 450.0                            LAT/LON1/LON2/DLON/H
   41   42   41   50   54   61   70   82   96  109  123  135  145  153  160  167
  175  182  189  195  198  197  193  184  173  161  149  137  126  117  107   97
   86   75   64   53   44   38   33   31   31   32   33   35   35   35   34   31
   28   25   21   18   16   14   14   14   16   18   21   23   26   28   30   32
   33   35   37   37   38   41   43   46   41                                   
    57.5-180.0 180.0   5.0 450.0                            LAT/LON1/LON2/DLON/H
   38   41   42   52   58   66   76   89  103  117  130  142  152  160  168  175
  183  191  198  203  205  204  199  190  179  167  156  145  135  126  116  105
   93   80   67   55   46   39   36   34   35   37   39   41   41   40   38   34
   30   25   21   17   14   12   12   14   16   19   22   26   28   31   33   35
   36   37   39   38   37   39   40   44   38                                   
    55.0-180.0 180.0   5.0 450.0                            LAT/LON1/LON2/DLON/H
   40   44   46   56   65   74   85   98  112  126  139  151  160  168  176  184
  192  199  205  209  210  207  201  193  183  173  163  154  146  138  128  116
  103   88   74   62   52   46   43   42   44   46   48   49   48   46   43   39
   34   29   24   19   16   15   15   17   21   25   29   32   35   38   40   41
   42   43   44   42   40   40   40   44   40                                   
    52.5-180.0 180.0   5.0 450.0                            LAT/LON1/LON2/DLON/H
   45   49   54   65   75   86   97  110  123  136  149  159  169  177  185  193
  201  207  212  213  212  209  203  196  188  180  173  167  160  152  142  130
  115  100   85   72   63   57   54   54   55   57   58   59   57   55   51   47
   42   37   32   28   25   24   25   27   31   36   40   43   46   48   50   51
   52   52   53   51   47   46   44   47   45                                   
    50.0-180.0 180.0   5.0 450.0                            LAT/LON1/LON2/DLON/H
   54   58   65   77   90  102  113  126  137  149  160  170  178  187  195  203
  211  216  218  218  216  212  207  201  196  191  186  181  175  166  155  142
  126  110   95   83   75   70   68   67   68   70   70   69   67   64   61   57
   53   49   45   41   39   38   40   43   47   51   55   57   58   59   60   61
   62   63   64   63   59   56   52   54   54                                   
    47.5-180.0 180.0   5.0 450.0                            LAT/LON1/LON2/DLON/H
   66   69   77   91  105  119  130  142  153  164  173  182  190  198  206  214
  221  225  226  224  221  217  214  211  208  205  202  196  188  178  164  149
  132  116  103   92   85   82   80   80   81   81   81   79   77   75   72   70
   67   64   61   59   57   57   58   61   65   68   69   70   69   69   69   71
   72   74   76   75   72   68   64   65   66                                   
    45.0-180.0 180.0   5.0 450.0                            LAT/LON1/LON2/DLON/H
   77   79   87  103  118  134  145  158  168  179  187  195  202  210  218  226
  232  235  234  232  229  227  225  224  223  221  216  208  197  183  166  149
  132  118  106   98   93   91   90   90   90   90   89   87   86   84   83   81
   80   79   77   76   75   75   76   78   80   82   81   80   78   76   76   77
   79   81   84   85   83   79   77   77   77                                   
    42.5-180.0 180.0   5.0 450.0                            LAT/LON1/LON2/DLON/H
   85   85   92  110  127  144  157  171  181  192  200  208  215  222  230  238
  243  245  244  242  240  240  240  240  239  235  228  216  200  181  163  145
  129  116  106  101   98   97   97   97   96   96   95   93   92   91   91   91
   91   90   89   88   87   87   88   90   91   90   89   86   83   81   80   81
   82   85   88   89   89   86   85   86   85                                   
    40.0-180.0 180.0   5.0 450.0                            LAT/LON1/LON2/DLON/H
   87   86   93  113  131  149  164  179  191  203  212  221  228  235  242  249
  253  255  255  254  254  254  255  254  252  245  234  218  198  177  157  141
  127  117  111  107  105  104  104  103  102  100   99   98   97   97   96   96
   96   95   94   93   93   93   94   94   94   93   91   87   84   82   81   81
   82   84   87   88   89   87   87   91   87                                   
    37.5-180.0 180.0   5.0 450.0                            LAT/LON1/LON2/DLON/H
   84   83   91  112  131  150  167  183  198  212  223  233  240  247  254  260
  263  265  266  266  267  268  267  264  259  249  235  217  196  176  159  146
  137  130  125  122  119  117  114  111  109  107  105  104  102  101  100   98
   97   95   93   92   92   93   93   93   93   91   89   86   83   81   80   80
   79   80   82   83   83   82   82   88   84                                   
    35.0-180.0 180.0   5.0 450.0                            LAT/LON1/LON2/DLON/H
   78   78   86  108  129  147  167  185  203  220  233  244  252  259  265  270
  273  274  276  278  279  278  275  269  260  249  235  218  201  186  176  170
  166  162  158  152  146  139  132  126  121  117  114  112  109  107  103  100
   96   92   89   88   88   89   90   91   90   89   87   85   83   81   80   78
   76   75   76   75   73   74   73   82   78                                   
    32.5-180.0 180.0   5.0 450.0                            LAT/LON1/LON2/DLON/H
   73   74   84  105  126  144  165  186  206  226  242  254  263  270  276  279
  281  283  285  288  288  285  277  267  258  249  239  229  220  215  214  217
  219  217  211  200  186  172  160  149  140  134  129  124  120  115  110  103
   97   91   86   85   86   88   89   90   90   90   89   88   86   84   82   80
   76   73   72   69   66   66   64   75   73                                   
    30.0-180.0 180.0   5.0 450.0                            LAT/LON1/LON2/DLON/H
   71   76   87  107  128  144  165  186  209  230  249  262  273  280  286  288
  290  291  294  296  294  287  275  264  257  254  253  255  258  266  277  288
  295  293  281  261  238  215  195  179  166  157  149  142  135  129  121  112
  103   94   89   87   88   91   94   95   96   96   96   95   94   92   89   86
   80   76   72   68   64   62   59   71   71                                   
    27.5-180.0 180.0   5.0 450.0                            LAT/LON1/LON2/DLON/H
   76   85   97  115  136  150  170  190  213  234  254  269  280  289  294  297
  298  299  302  302  297  286  273  264  263  270  283  298  316  337  359  379
  388  383  362  331  296  263  235  213  197  184  174  164  155  147  138  128
  117  106   99   97   98  102  105  107  108  109  109  109  107  105  101   96
   89   84   79   73   68   64   60   71   76                                   
    25.0-180.0 180.0   5.0 450.0                            LAT/LON1/LON2/DLON/H
   89   99  114  132  152  165  182  199  220  240  258  273  285  294  300  304
  305  306  308  307  299  286  275  271  281  301  329  359  391  423  455  479
  488  476  444  399  352  309  274  247  227  212  199  188  178  169  160  149
  138  126  118  115  116  120  124  126  127  127  127  126  124  120  116  109
  102   97   90   85   78   72   65   74   89                                   
    22.5-180.0 180.0   5.0 450.0                            LAT/LON1/LON2/DLON/H
  106  117  134  152  174  187  202  216  233  250  265  278  290  299  306  309
  311  313  313  310  302  291  285  291  313  348  389  432  474  514  550  574
  578  556  512  454  396  344  304  274  253  236  222  210  199  191  183  174
  163  152  143  139  140  144  147  148  148  147  146  144  141  136  130  123
  115  111  103   99   92   84   73   81  106                                   
    20.0-180.0 180.0   5.0 450.0                            LAT/LON1/LON2/DLON/H
  123  135  153  174  198  213  227  239  253  266  277  287  296  305  312  316
  319  320  320  317  310  304  307  325  361  408  459  510  556  597  629  647
  641  609  554  487  421  364  321  290  269  252  238  225  215  207  202  196
  187  177  169  164  164  167  170  170  168  166  163  159  155  148  141  133
  125  122  114  111  105   95   82   91  123                                   
    17.5-180.0 180.0   5.0 450.0                            LAT/LON1/LON2/DLON/H
  138  149  169  194  221  239  255  266  277  287  294  301  309  316  323  327
  330  331  332  330  326  328  341  372  418  474  531  582  625  658  679  684
  667  626  565  494  426  368  325  295  275  259  245  233  223  217  214  211
  206  198  191  186  185  187  187  186  183  179  174  169  163  156  148  139
  130  127  119  118  113  103   90  101  138                                   
    15.0-180.0 180.0   5.0 450.0                            LAT/LON1/LON2/DLON/H
  147  159  180  210  241  262  282  294  305  313  318  323  328  335  342  346
  349  351  351  351  353  363  387  427  481  540  595  639  669  687  692  683
  656  610  549  481  416  362  321  293  274  260  246  233  224  219  219  220
  219  214  207  202  200  200  199  197  193  187  181  174  167  159  151  141
  131  128  119  118  114  105   95  109  147                                   
    12.5-180.0 180.0   5.0 450.0                            LAT/LON1/LON2/DLON/H
  149  163  187  220  256  282  307  320  333  341  346  351  356  362  369  373
  376  379  381  384  390  407  439  486  542  598  644  672  684  683  672  651
  618  573  518  459  401  352  315  290  273  259  245  232  222  219  221  225
  226  224  218  213  209  207  204  201  197  190  182  174  166  159  150  140
  129  125  116  113  110  104   96  112  149                                   
    10.0-180.0 180.0   5.0 450.0                            LAT/LON1/LON2/DLON/H
  148  165  192  227  268  297  327  344  359  370  377  383  389  396  403  408
  412  416  419  424  435  457  493  542  594  640  669  677  670  653  630  603
  570  531  487  439  392  350  318  295  278  263  247  233  222  219  223  228
  232  231  226  220  214  210  207  203  198  190  181  172  164  157  150  140
  128  121  111  107  104  100   95  112  148                                   
     7.5-180.0 180.0   5.0 450.0                            LAT/LON1/LON2/DLON/H
  146  166  196  233  275  308  342  363  382  397  408  417  425  434  441  448
  453  458  463  470  483  508  544  589  631  661  669  659  637  611  584  556
