data/edconvlstm_nd/pred1070.15i
     1.0            IONOSPHERE MAPS     GNSS                IONEX VERSION / TYPE
pyspatialgeodesy        IME             05-JAN-18 20:20     PGM / RUN BY / DATE 
Map Name                                                    COMMENT             
Predicted global ionosphere maps (GIM).                     DESCRIPTION         
  2015     4    17     0     0     0                        EPOCH OF FIRST MAP  
  2015     4    18     0     0     0                        EPOCH OF LAST MAP   
  7200                                                      INTERVAL            
    13                                                      # OF MAPS IN FILE   
  NONE                                                      MAPPING FUNCTION    
10.0                                                        ELEVATION CUTOFF    
One-way carrier phase leveled to code                       OBSERVABLES USED    
  6371.0                                                    BASE RADIUS         
 2                                                          MAP DIMENSION       
   450.0 450.0   0.0                                        HGT1 / HGT2 / DHGT  
    87.5 -87.5  -2.5                                        LAT1 / LAT2 / DLAT  
  -180.0 180.0   5.0                                        LON1 / LON2 / DLON  
    -1                                                      EXPONENT            
                                                            END OF HEADER       
[from data line 4290]
    11                                                      START OF TEC MAP    
  2015     4    17    20     0     0                        EPOCH OF CURRENT MAP
    87.5-180.0 180.0   5.0 450.0                            LAT/LON1/LON2/DLON/H
  182  171  157  164  166  167  166  166  166  168  169  170  171  173  174  175
  175  176  176  175  175  174  174  173  171  170  168  167  165  163  161  160
  158  156  155  154  153  152  151  150  149  149  148  148  147  147  147  147
  147  147  147  148  149  149  150  151  152  153  154  156  157  158  159  159
  159  160  159  160  171  169  170  174  182                                   
    85.0-180.0 180.0   5.0 450.0                            LAT/LON1/LON2/DLON/H
  170  168  171  166  164  169  169  172  173  176  177  179  181  183  185  187
  188  189  189  189  189  188  187  185  184  182  179  177  174  172  169  167
  165  163  161  159  158  157  156  155  154  153  152  152  151  150  150  149
  149  149  149  149  150  151  152  153  154  156  157  159  160  162  163  164
  166  166  166  165  170  161  161  166  170                                   
    82.5-180.0 180.0   5.0 450.0                            LAT/LON1/LON2/DLON/H
  145  148  148  147  149  156  158  161  163  167  171  176  180  184  187  190
  193  194  195  195  195  194  192  190  187  184  181  177  174  170  166  163
  160  157  155  153  151  150  149  148  147  145  144  143  142  140  139  137
  136  135  135  135  135  136  137  139  141  143  145  148  150  152  153  155
  156  155  155  159  160  163  154  147  145                                   
    80.0-180.0 180.0   5.0 450.0                            LAT/LON1/LON2/DLON/H
  131  132  133  132  132  136  140  147  152  159  165  172  178  185  190  194
  197  199  200  200  199  198  196  193  190  186  182  177  172  168  163  159
  155  152  149  147  146  145  145  144  144  143  142  140  138  136  134  131
  129  128  126  126  126  127  129  131  133  136  139  142  144  147  149  150
  151  151  150  151  148  141  135  138  131                                   
    77.5-180.0 180.0   5.0 450.0                            LAT/LON1/LON2/DLON/H
  129  121  122  119  121  125  129  137  144  153  162  173  182  191  198  203
  206  208  209  208  206  204  202  199  196  192  188  183  178  173  168  163
  159  155  153  152  152  152  153  153  153  153  152  150  147  144  140  136
  132  129  126  125  124  125  126  128  131  134  137  139  142  144  146  147
  147  147  146  146  147  135  133  140  129                                   
    75.0-180.0 180.0   5.0 450.0                            LAT/LON1/LON2/DLON/H
  126  118  114  111  112  116  119  127  138  150  161  174  185  195  203  208
  210  211  210  208  205  203  200  197  195  192  188  184  179  173  168  162
  158  155  153  153  154  155  158  160  161  162  161  159  156  152  147  142
  137  132  129  126  125  125  126  128  130  133  136  138  140  141  143  144
  143  143  142  139  140  130  131  128  126                                   
    72.5-180.0 180.0   5.0 450.0                            LAT/LON1/LON2/DLON/H
  128  120  116  115  112  116  120  128  139  153  167  182  195  206  213  217
  218  216  213  209  205  201  199  197  195  193  191  187  181  175  169  163
  158  154  153  153  155  158  162  165  168  169  169  168  165  160  154  148
  143  137  133  130  129  129  129  130  132  134  136  137  138  138  139  139
  137  137  137  134  136  130  135  137  128                                   
    70.0-180.0 180.0   5.0 450.0                            LAT/LON1/LON2/DLON/H
  135  129  124  122  119  120  123  133  144  160  176  192  205  215  221  223
  221  217  211  205  199  195  192  191  190  189  187  183  178  171  163  156
  150  146  144  145  147  151  155  159  163  165  166  165  162  158  153  147
  142  137  134  131  130  130  131  131  132  133  133  133  133  132  132  132
  130  130  131  130  135  133  142  143  135                                   
    67.5-180.0 180.0   5.0 450.0                            LAT/LON1/LON2/DLON/H
  145  142  139  137  134  135  137  147  159  175  191  208  221  230  235  235
  230  223  215  207  199  194  191  190  190  189  187  183  177  169  160  151
  144  139  136  136  138  142  146  150  154  156  157  157  155  152  148  143
  139  136  134  133  133  133  134  134  134  134  133  131  130  128  127  126
  126  126  128  127  133  136  146  149  145                                   
    65.0-180.0 180.0   5.0 450.0                            LAT/LON1/LON2/DLON/H
  150  151  149  148  145  145  147  156  169  185  202  218  230  239  242  240
  235  226  216  206  198  192  188  187  186  185  182  177  170  161  151  141
  132  126  123  122  123  125  128  131  134  136  136  136  135  133  130  128
  126  124  124  125  126  127  128  128  127  125  123  120  118  116  116  115
  115  117  120  121  130  137  149  153  150                                   
    62.5-180.0 180.0   5.0 450.0                            LAT/LON1/LON2/DLON/H
  152  156  155  155  153  153  156  165  177  194  210  225  237  245  248  246
  241  233  223  213  204  197  192  189  187  184  180  174  166  156  145  134
  126  119  115  113  112  112  113  114  114  114  114  113  112  111  110  109
  109  109  111  113  116  118  119  119  117  114  111  108  106  104  105  106
  107  109  113  114  123  133  144  151  152                                   
    60.0-180.0 180.0   5.0 450.0                            LAT/LON1/LON2/DLON/H
  149  155  156  156  156  157  160  169  182  198  213  227  238  246  249  250
  247  241  234  224  215  206  199  194  190  186  180  173  164  154  144  134
  126  120  115  111  109  106  104  102  100   98   96   94   93   91   91   91
   92   94   97  101  104  107  108  107  105  101   97   94   93   93   95   98
  100  104  108  110  117  127  138  145  149                                   
    57.5-180.0 180.0   5.0 450.0                            LAT/LON1/LON2/DLON/H
  144  151  154  155  157  158  162  171  184  199  213  225  236  243  249  252
  254  252  248  241  231  221  212  205  198  192  186  178  170  161  152  144
  138  132  127  123  118  112  107  101   96   92   88   85   82   80   79   79
   80   83   86   91   95   98   99   98   95   91   87   85   84   86   91   96
  100  106  110  110  115  124  132  140  144                                   
    55.0-180.0 180.0   5.0 450.0                            LAT/LON1/LON2/DLON/H
  142  149  154  155  159  162  167  176  188  200  212  223  232  240  248  255
  262  265  265  260  251  240  229  220  212  205  199  192  185  178  172  167
  162  157  152  145  138  129  121  112  104   97   92   87   82   79   77   76
   77   79   82   87   91   94   96   95   92   87   83   81   82   86   93  101
  108  115  120  119  122  127  133  139  142                                   
    52.5-180.0 180.0   5.0 450.0                            LAT/LON1/LON2/DLON/H
  147  153  159  162  168  173  178  186  196  206  215  222  230  238  248  260
  271  279  282  279  271  260  249  239  231  225  219  214  210  206  202  198
  195  190  183  175  165  154  142  131  121  113  106   99   93   89   85   83
   82   84   86   89   93   97   99   98   96   91   88   86   88   94  103  114
  123  132  138  137  138  140  143  148  147                                   
    50.0-180.0 180.0   5.0 450.0                            LAT/LON1/LON2/DLON/H
  161  166  174  178  185  192  196  203  211  218  223  228  233  241  253  267
  282  293  299  298  291  281  270  262  255  251  248  245  243  240  238  235
  231  224  216  205  192  179  165  153  142  133  125  118  111  106  101   98
   96   96   96   99  102  106  108  109  107  104  101  100  103  109  120  132
  143  155  162  164  164  164  166  169  161                                   
    47.5-180.0 180.0   5.0 450.0                            LAT/LON1/LON2/DLON/H
  185  189  198  203  211  218  222  227  232  236  238  240  243  251  263  279
  295  308  315  314  309  301  293  287  284  282  282  280  279  277  274  270
  263  254  242  228  213  198  184  171  160  151  144  137  131  125  120  116
  113  111  111  111  114  118  121  124  124  121  119  118  121  128  139  152
  164  179  189  195  196  197  198  202  185                                   
    45.0-180.0 180.0   5.0 450.0                            LAT/LON1/LON2/DLON/H
  215  219  228  235  244  250  252  255  258  259  258  257  260  267  280  296
  311  324  330  331  327  321  316  314  314  315  315  315  313  309  305  298
  288  275  259  242  225  209  194  182  171  163  156  151  146  141  137  133
  130  127  124  123  125  129  134  138  140  139  138  138  140  146  156  169
  182  199  213  224  229  232  236  243  215                                   
    42.5-180.0 180.0   5.0 450.0                            LAT/LON1/LON2/DLON/H
  248  253  263  271  279  284  284  284  284  283  280  280  282  290  302  317
  332  342  348  349  346  343  341  340  342  344  345  343  340  334  327  317
  304  287  268  249  231  214  199  187  176  168  162  158  154  151  148  145
  142  138  134  132  133  137  142  148  152  153  152  153  155  160  168  179
  192  211  229  247  255  265  272  284  248                                   
    40.0-180.0 180.0   5.0 450.0                            LAT/LON1/LON2/DLON/H
  279  286  296  305  313  315  314  311  309  307  304  304  308  317  330  344
  356  365  369  370  368  366  365  366  367  368  368  364  358  351  341  330
  315  296  276  256  237  221  206  192  180  171  164  160  158  156  154  152
  149  145  141  137  137  140  147  153  157  160  160  161  163  167  173  182
  194  215  237  259  273  289  302  316  279                                   
    37.5-180.0 180.0   5.0 450.0                            LAT/LON1/LON2/DLON/H
  306  315  325  333  341  341  339  335  333  330  328  330  336  347  361  374
  385  391  394  395  393  391  389  388  388  387  384  379  372  363  354  343
  328  310  290  271  254  238  223  206  191  178  169  164  161  160  159  157
  155  151  146  142  141  143  149  155  159  162  163  163  165  168  172  179
  190  211  236  263  280  302  322  338  306                                   
    35.0-180.0 180.0   5.0 450.0                            LAT/LON1/LON2/DLON/H
  327  339  349  356  364  362  361  357  355  354  353  357  366  379  394  406
  416  421  424  423  421  417  413  408  405  401  397  392  385  378  371  363
  351  336  318  301  287  272  255  235  214  195  182  174  170  167  166  165
  163  159  154  150  148  150  154  159  162  163  164  165  166  168  171  176
  185  207  233  262  282  309  334  349  327                                   
    32.5-180.0 180.0   5.0 450.0                            LAT/LON1/LON2/DLON/H
  347  362  373  378  386  383  384  381  381  381  382  388  399  413  428  441
  449  454  456  454  450  443  434  426  420  416  413  410  406  403  400  397
  390  378  363  350  338  324  304  279  250  225  206  194  187  183  181  179
  177  174  170  166  164  165  167  169  170  170  169  169  169  170  172  176
  184  206  233  262  285  314  344  356  347                                   
    30.0-180.0 180.0   5.0 450.0                            LAT/LON1/LON2/DLON/H
  368  387  399  404  414  411  415  413  415  416  419  426  437  451  465  477
  485  489  489  486  478  467  454  443  436  434  436  438  441  443  446  448
  445  437  425  414  403  388  365  333  298  265  240  223  213  208  204  202
  200  198  195  192  191  190  189  188  186  183  180  178  178  178  179  182
  190  212  238  268  291  321  354  364  368                                   
    27.5-180.0 180.0   5.0 450.0                            LAT/LON1/LON2/DLON/H
  392  415  429  438  452  451  458  458  462  464  466  473  482  495  507  516
  522  524  522  517  506  491  476  464  459  463  472  483  493  501  509  514
  513  506  495  483  470  453  425  388  346  308  278  259  247  240  235  232
  231  230  229  228  226  223  219  213  207  200  194  191  189  187  188  191
  199  222  248  278  302  331  367  375  392                                   
    25.0-180.0 180.0   5.0 450.0                            LAT/LON1/LON2/DLON/H
  417  444  462  476  497  502  514  517  523  525  527  531  538  547  554  560
  562  560  556  546  532  515  500  491  492  505  525  545  562  575  584  588
  585  573  556  539  522  499  468  427  383  343  313  294  282  275  271  268
  268  268  269  268  266  260  252  241  230  219  211  205  201  197  197  200
  209  233  261  290  314  343  381  389  417                                   
    22.5-180.0 180.0   5.0 450.0                            LAT/LON1/LON2/DLON/H
  439  471  492  514  545  558  575  583  592  596  597  600  603  607  609  608
  605  599  589  576  560  543  530  528  539  563  593  621  642  655  660  657
  643  620  592  565  540  512  479  438  397  362  337  323  315  310  307  305
  306  307  309  309  305  297  283  267  251  237  226  217  211  206  204  207
  217  242  271  300  324  355  394  404  439                                   
    20.0-180.0 180.0   5.0 450.0                            LAT/LON1/LON2/DLON/H
  455  491  517  547  588  608  632  646  660  667  670  673  674  673  668  661
  652  640  625  608  591  577  571  578  600  633  670  702  721  727  721  704
  675  635  592  552  517  485  452  418  386  361  347  341  340  340  340  340
  341  343  345  344  338  325  307  287  266  249  236  226  217  210  207  210
  220  247  277  306  330  362  403  416  455                                   
    17.5-180.0 180.0   5.0 450.0                            LAT/LON1/LON2/DLON/H
  463  502  533  569  617  645  675  695  715  727  735  740  741  738  730  717
  702  685  666  646  630  621  623  640  670  709  747  775  785  777  755  720
  672  616  556  503  460  426  397  373  354  344  344  350  357  363  366  367
  368  370  370  367  358  341  319  295  273  255  240  229  219  210  206  207
  217  244  276  304  330  363  403  422  463                                   
    15.0-180.0 180.0   5.0 450.0                            LAT/LON1/LON2/DLON/H
  462  503  539  580  633  665  698  723  748  766  781  792  797  796  786  771
  753  733  712  692  678  675  686  710  743  780  811  827  823  798  758  705
  641  569  498  436  388  354  332  319  317  323  337  355  370  381  386  388
  387  385  382  375  362  342  316  291  268  250  236  225  215  206  200  200
  209  235  266  295  323  358  396  421  462                                   
    12.5-180.0 180.0   5.0 450.0                            LAT/LON1/LON2/DLON/H
  454  497  537  581  636  670  703  729  758  782  804  823  835  838  832  818
  801  781  761  744  734  737  753  780  810  837  854  853  831  791  735  669
  593  514  438  373  325  294  279  279  290  312  339  365  385  398  403  402
  397  390  381  369  351  327  300  275  253  236  224  214  205  197  191  190
  198  221  252  279  311  348  384  414  454                                   
    10.0-180.0 180.0   5.0 450.0                            LAT/LON1/LON2/DLON/H
  443  487  531  577  631  665  696  720  750  778  806  833  853  863  862  854
  841  826  810  797  792  800  818  841  861  872  871  852  814  761  697  624
  547  469  397  336  293  267  259  267  290  322  357  387  409  420  421  414
  402  388  372  353  330  303  276  252  232  216  205  197  191  185  180  177
  184  205  233  260  295  335  370  402  443                                   
     7.5-180.0 180.0   5.0 450.0                            LAT/LON1/LON2/DLON/H
  433  481  528  575  627  659  687  708  735  764  796  827  854  872  878  876
  870  862  853  845  845  855  871  885  890  883  863  829  782  724  659  591
