data/edconvlstm_nd/pred3030.15i
     1.0            IONOSPHERE MAPS     GNSS                IONEX VERSION / TYPE
pyspatialgeodesy        IME             05-JAN-18 20:20     PGM / RUN BY / DATE 
Map Name                                                    COMMENT             
Predicted global ionosphere maps (GIM).                     DESCRIPTION         
  2015    10    30     0     0     0                        EPOCH OF FIRST MAP  
  2015    10    31     0     0     0                        EPOCH OF LAST MAP   
  7200                                                      INTERVAL            
    13                                                      # OF MAPS IN FILE   
  NONE                                                      MAPPING FUNCTION    
10.0                                                        ELEVATION CUTOFF    
One-way carrier phase leveled to code                       OBSERVABLES USED    
  6371.0                                                    BASE RADIUS         
 2                                                          MAP DIMENSION       
   450.0 450.0   0.0                                        HGT1 / HGT2 / DHGT  
    87.5 -87.5  -2.5                                        LAT1 / LAT2 / DLAT  
  -180.0 180.0   5.0                                        LON1 / LON2 / DLON  
    -1                                                      EXPONENT            
                                                            END OF HEADER       
     1                                                      START OF TEC MAP    
  2015    10    30     0     0     0                        EPOCH OF CURRENT MAP
    87.5-180.0 180.0   5.0 450.0                            LAT/LON1/LON2/DLON/H
  122  123  122  112  113  117  114  112  113  112  112  112  112  111  110  109
  107  106  104  103  101  100   98   97   96   94   93   92   91   91   90   89
   88   88   87   87   86   86   85   85   85   85   85   85   86   86   87   88
   89   89   90   91   92   93   93   94   95   95   96   96   96   96   97   98
   99  100  100  101   96  106  110  101  122                                   
    85.0-180.0 180.0   5.0 450.0                            LAT/LON1/LON2/DLON/H
  129  132  111  112  116  122  118  116  116  114  113  112  111  110  108  106
  104  102   99   97   95   93   92   90   89   88   87   86   86   86   86   86
   86   86   86   86   87   87   87   88   89   90   91   92   93   94   96   97
   98   99  101  102  103  104  105  105  106  106  107  107  107  107  107  108
  109  109  111  115  116  121  126  120  129                                   
    82.5-180.0 180.0   5.0 450.0                            LAT/LON1/LON2/DLON/H
  133  121  127  121  123  128  122  119  120  118  116  115  113  110  108  104
  101   98   95   91   88   86   83   81   79   78   77   77   77   77   77   77
   78   79   79   80   81   82   83   84   85   87   89   90   92   94   96   98
  100  102  104  106  108  109  110  112  112  113  114  114  114  114  115  115
  115  115  116  116  122  115  120  121  133                                   
    80.0-180.0 180.0   5.0 450.0                            LAT/LON1/LON2/DLON/H
  149  134  129  121  126  126  123  119  120  117  114  112  109  106  101   97
   92   87   82   78   73   70   66   63   61   60   60   59   60   60   61   62
   63   64   65   66   67   67   68   69   70   72   74   76   78   80   83   86
   88   91   94   96   99  101  103  105  107  108  109  110  111  111  112  114
  114  113  115  115  132  122  134  142  149                                   
    77.5-180.0 180.0   5.0 450.0                            LAT/LON1/LON2/DLON/H
  162  147  134  136  133  133  130  129  129  125  122  119  115  110  105   99
   92   85   79   73   67   62   58   55   52   51   50   51   51   53   54   55
   56   57   58   58   58   58   58   58   58   59   61   62   64   66   69   72
   75   78   81   84   87   90   93   96   98  101  103  105  106  108  110  112
  113  115  117  120  131  133  140  159  162                                   
    75.0-180.0 180.0   5.0 450.0                            LAT/LON1/LON2/DLON/H
  170  153  147  148  145  144  139  137  138  133  129  125  120  113  106   98
   90   82   74   66   59   53   49   45   43   42   42   43   45   47   49   51
   52   53   53   52   51   50   49   49   48   48   49   50   51   53   56   58
   61   64   67   70   73   76   80   83   86   89   92   95   98  100  103  107
  108  113  118  118  130  143  150  166  170                                   
    72.5-180.0 180.0   5.0 450.0                            LAT/LON1/LON2/DLON/H
  170  164  163  161  158  156  152  151  151  145  141  136  129  121  112  102
   92   82   73   64   57   51   46   43   41   40   41   43   45   48   50   52
   53   53   52   50   48   46   44   42   41   41   41   41   42   43   45   47
   48   50   53   56   59   62   66   69   73   77   81   85   88   92   97  102
  105  111  120  124  136  148  159  178  170                                   
    70.0-180.0 180.0   5.0 450.0                            LAT/LON1/LON2/DLON/H
  180  180  179  179  174  171  166  164  163  157  152  145  137  128  117  105
   94   83   73   64   57   51   46   43   41   40   42   44   47   50   53   55
   55   54   52   50   46   43   41   39   38   38   38   39   40   42   43   44
   46   47   49   50   53   56   60   64   69   73   78   83   88   93   99  105
  109  115  126  133  145  159  168  185  180                                   
    67.5-180.0 180.0   5.0 450.0                            LAT/LON1/LON2/DLON/H
  188  193  192  191  185  181  174  171  169  162  156  149  140  130  118  106
   94   83   73   64   57   51   46   43   41   41   42   44   47   50   52   53
   53   50   47   43   40   36   34   32   32   32   34   35   36   38   39   40
   40   41   42   43   45   48   51   56   62   68   74   80   87   93   99  106
  111  118  130  138  151  166  174  192  188                                   
    65.0-180.0 180.0   5.0 450.0                            LAT/LON1/LON2/DLON/H
  196  202  201  200  193  188  178  175  173  166  160  154  145  134  122  109
   98   87   78   70   63   57   52   48   45   44   44   46   48   50   51   51
   49   46   42   37   33   30   28   28   29   30   32   34   36   38   38   38
   38   38   38   39   41   43   46   52   59   66   74   82   89   97  104  111
  117  124  135  143  157  171  180  198  196                                   
    62.5-180.0 180.0   5.0 450.0                            LAT/LON1/LON2/DLON/H
  203  211  210  207  200  193  183  179  177  171  165  159  150  140  128  116
  105   96   88   80   73   67   61   56   52   49   49   49   50   50   50   48
   45   41   37   33   30   27   27   27   29   32   35   37   39   40   41   40
   39   38   38   38   39   41   45   52   60   68   78   87   96  105  113  120
  125  132  143  150  163  176  184  202  203                                   
    60.0-180.0 180.0   5.0 450.0                            LAT/LON1/LON2/DLON/H
  209  219  217  212  205  197  186  182  180  174  169  163  155  146  135  124
  115  106   99   92   84   77   70   63   58   54   52   51   51   50   48   45
   42   38   34   31   29   28   28   30   32   36   39   42   44   44   44   43
   41   39   38   38   39   42   47   54   63   74   84   95  105  114  123  131
  136  141  152  158  169  179  187  204  209                                   
    57.5-180.0 180.0   5.0 450.0                            LAT/LON1/LON2/DLON/H
  217  228  225  219  213  204  192  188  185  179  173  168  160  152  142  133
  125  117  109  102   94   85   76   69   62   58   55   53   51   49   46   43
   39   36   33   32   32   32   34   36   39   42   45   48   49   50   48   46
   44   42   40   40   42   45   52   60   70   81   93  104  115  125  135  143
  148  153  163  169  178  185  192  209  217                                   
    55.0-180.0 180.0   5.0 450.0                            LAT/LON1/LON2/DLON/H
  229  239  235  229  224  215  203  197  193  185  179  172  165  157  148  140
  133  125  117  108   99   89   80   72   66   61   58   55   52   49   46   42
   40   38   37   38   40   42   45   47   49   52   54   55   56   56   54   52
   49   47   46   46   48   53   60   70   80   91  102  113  124  134  145  155
  161  166  176  182  190  194  200  217  229                                   
    52.5-180.0 180.0   5.0 450.0                            LAT/LON1/LON2/DLON/H
  243  254  248  244  241  232  221  213  206  195  186  178  169  162  154  146
  139  130  120  110  100   91   82   75   70   66   62   59   56   52   49   45
   43   43   45   49   53   56   59   61   61   62   63   63   63   62   61   58
   56   55   55   56   59   65   72   82   92  101  111  121  130  141  153  165
  172  180  190  195  203  207  213  230  243                                   
    50.0-180.0 180.0   5.0 450.0                            LAT/LON1/LON2/DLON/H
  258  271  265  263  263  256  245  236  225  210  197  186  176  168  160  152
  142  132  120  109   99   91   84   79   75   73   70   67   63   58   54   51
   50   51   56   62   68   73   75   75   74   72   71   71   71   70   68   67
   66   67   68   70   74   80   88   97  105  113  120  128  137  147  160  173
  183  192  203  209  218  222  229  244  258                                   
    47.5-180.0 180.0   5.0 450.0                            LAT/LON1/LON2/DLON/H
  271  286  281  285  286  282  274  263  249  231  213  198  186  176  167  157
  145  131  118  107   98   91   87   85   84   82   80   76   70   65   60   57
   57   60   66   74   82   88   90   88   85   81   79   78   78   78   78   78
   79   81   84   87   92   98  105  113  120  125  130  135  143  153  166  180
  192  203  214  221  231  237  244  258  271                                   
    45.0-180.0 180.0   5.0 450.0                            LAT/LON1/LON2/DLON/H
  279  295  293  301  305  305  301  291  276  254  233  215  200  188  177  163
  148  132  117  106   98   95   94   95   95   94   90   85   77   70   64   61
   62   66   74   84   92   98  100   97   92   88   86   85   85   86   87   89
   92   95  100  104  109  115  122  129  134  138  141  144  150  159  172  187
  200  212  223  230  241  248  256  266  279                                   
    42.5-180.0 180.0   5.0 450.0                            LAT/LON1/LON2/DLON/H
  279  296  295  307  314  318  318  312  298  275  253  234  218  204  190  174
  155  136  120  110  105  104  106  108  108  105   99   91   82   73   67   64
   65   70   78   88   97  103  104  101   97   93   90   90   91   93   95   98
  103  108  113  118  123  130  136  142  147  150  151  154  159  167  180  194
  207  219  230  237  246  253  260  268  279                                   
    40.0-180.0 180.0   5.0 450.0                            LAT/LON1/LON2/DLON/H
  273  289  289  301  311  318  321  319  309  290  270  252  237  223  207  188
  166  145  130  121  118  120  123  123  120  114  104   93   82   73   67   64
   66   72   80   89   98  103  105  103   99   95   94   95   96   98  101  104
  109  115  121  126  132  138  145  152  157  160  162  165  170  178  190  203
  214  225  236  242  248  253  259  265  273                                   
    37.5-180.0 180.0   5.0 450.0                            LAT/LON1/LON2/DLON/H
  265  279  278  287  299  307  311  313  309  295  279  266  253  241  225  204
  181  161  146  140  139  140  140  135  127  115  102   90   80   72   68   67
   70   75   82   90   97  102  104  103   99   97   97   98   99  101  102  105
  109  115  121  126  132  139  148  156  163  168  171  175  182  191  202  214
  224  233  242  247  249  252  257  264  265                                   
    35.0-180.0 180.0   5.0 450.0                            LAT/LON1/LON2/DLON/H
  263  275  272  275  285  291  294  299  299  291  281  273  265  255  241  221
  199  180  167  162  160  158  151  140  125  110   97   86   79   74   73   75
   78   83   88   94   99  103  104  103  100   99   99  100  101  101  101  101
  104  108  113  118  125  133  144  155  164  172  178  185  194  205  217  229
  236  243  252  255  254  256  262  271  263                                   
    32.5-180.0 180.0   5.0 450.0                            LAT/LON1/LON2/DLON/H
  275  286  281  276  280  282  281  285  287  283  279  275  272  265  252  234
  215  198  187  182  177  168  154  136  117  102   91   85   83   84   86   90
   94   97  100  103  105  106  106  105  103  101  101  101  101   99   97   95
   95   97  101  105  112  122  135  149  162  172  182  193  206  220  234  246
  253  258  266  269  269  271  279  291  275                                   
    30.0-180.0 180.0   5.0 450.0                            LAT/LON1/LON2/DLON/H
  309  322  313  299  297  291  284  283  284  281  278  277  275  270  259  243
  226  212  202  194  183  167  146  124  107   95   90   91   96  102  108  114
  117  119  119  117  116  114  112  109  106  105  104  104  102   98   94   90
   88   87   89   92   99  110  125  141  157  172  185  200  216  234  251  264
  272  278  287  290  293  297  309  326  309                                   
    27.5-180.0 180.0   5.0 450.0                            LAT/LON1/LON2/DLON/H
  368  384  370  349  341  328  313  304  298  291  285  282  279  273  262  248
  232  219  207  194  177  154  131  112  100   96  100  108  119  130  139  145
  147  146  142  136  130  124  120  115  111  109  108  107  104  100   94   89
   85   82   82   84   90  102  119  137  155  172  188  206  226  247  266  283
  294  303  313  317  327  334  349  372  368                                   
    25.0-180.0 180.0   5.0 450.0                            LAT/LON1/LON2/DLON/H
  446  467  451  427  416  397  372  352  335  319  307  298  289  279  266  250
  234  219  203  184  160  136  117  105  104  110  122  137  152  165  174  178
  177  173  165  155  144  135  128  122  117  114  113  112  109  105   99   93
   88   84   81   81   87  100  118  138  157  175  193  213  235  257  280  299
  315  330  343  349  367  380  399  429  446                                   
    22.5-180.0 180.0   5.0 450.0                            LAT/LON1/LON2/DLON/H
  533  560  550  527  514  491  458  425  396  369  347  328  310  293  274  255
  235  215  193  168  142  122  111  113  123  140  158  177  192  202  207  206
  201  193  181  167  154  143  135  128  123  120  118  117  115  111  106  100
   94   88   83   82   87  100  119  141  161  180  199  220  243  267  291  314
  334  355  373  384  409  430  457  492  533                                   
    20.0-180.0 180.0   5.0 450.0                            LAT/LON1/LON2/DLON/H
  612  647  649  634  623  600  561  518  477  439  405  374  346  318  292  266
  240  213  184  155  132  120  123  138  161  185  205  221  230  233  230  223
  213  200  185  170  157  146  139  132  128  124  122  121  119  115  110  104
   98   91   84   82   87  101  121  144  165  185  205  227  250  275  300  326
  351  377  400  417  448  477  514  552  612                                   
    17.5-180.0 180.0   5.0 450.0                            LAT/LON1/LON2/DLON/H
  669  712  728  725  718  701  663  617  568  522  478  437  397  359  322  288
  254  220  185  155  137  137  155  184  215  240  256  262  259  251  239  225
  209  194  178  164  153  146  140  136  131  128  126  124  122  117  112  106
   99   92   85   82   88  102  124  147  169  190  210  233  257  283  309  337
  366  396  423  446  480  513  558  596  669                                   
    15.0-180.0 180.0   5.0 450.0                            LAT/LON1/LON2/DLON/H
  693  740  767  778  779  771  742  700  652  604  556  508  460  412  366  323
  281  239  201  174  164  176  207  246  279  299  302  292  274  253  231  211
  193  176  163  153  147  143  141  139  136  133  130  127  123  118  112  106
  100   94   87   84   90  106  128  152  175  195  216  240  265  291  319  348
  378  411  441  467  502  533  581  617  693                                   
    12.5-180.0 180.0   5.0 450.0                            LAT/LON1/LON2/DLON/H
  684  731  763  784  794  796  780  749  711  668  624  577  527  475  422  371
  322  275  236  212  211  235  274  316  344  350  335  305  271  239  211  188
  170  157  148  143  141  143  145  145  143  139  135  131  125  118  111  106
  101   95   89   87   94  110  134  159  182  202  223  247  273  300  328  357
  389  422  452  480  511  539  585  615  684                                   
    10.0-180.0 180.0   5.0 450.0                            LAT/LON1/LON2/DLON/H
  654  695  725  749  765  776  772  755  731  702  670  632  588  537  483  428
  375  326  289  270  276  306  348  383  397  383  347  299  253  214  185  165
  151  143  139  139  143  149  153  154  152  148  142  135  126  117  110  104
  100   95   91   90   98  116  140  166  188  209  230  254  280  308  337  366
  396  428  458  485  511  534  574  600  654                                   
     7.5-180.0 180.0   5.0 450.0                            LAT/LON1/LON2/DLON/H
  616  647  670  689  705  720  724  721  713  701  685  663  631  588  539  486
  434  388  353  339  350  379  413  433  426  391  336  276  225  187  164  151
