data/edconvlstm_nd/pred0500.15i
     1.0            IONOSPHERE MAPS     GNSS                IONEX VERSION / TYPE
pyspatialgeodesy        IME             05-JAN-18 20:20     PGM / RUN BY / DATE 
Map Name                                                    COMMENT             
Predicted global ionosphere maps (GIM).                     DESCRIPTION         
  2015     2    19     0     0     0                        EPOCH OF FIRST MAP  
  2015     2    20     0     0     0                        EPOCH OF LAST MAP   
  7200                                                      INTERVAL            
    13                                                      # OF MAPS IN FILE   
  NONE                                                      MAPPING FUNCTION    
10.0                                                        ELEVATION CUTOFF    
One-way carrier phase leveled to code                       OBSERVABLES USED    
  6371.0                                                    BASE RADIUS         
 2                                                          MAP DIMENSION       
   450.0 450.0   0.0                                        HGT1 / HGT2 / DHGT  
    87.5 -87.5  -2.5                                        LAT1 / LAT2 / DLAT  
  -180.0 180.0   5.0                                        LON1 / LON2 / DLON  
    -1                                                      EXPONENT            
                                                            END OF HEADER       
[from data line 2145]
     6                                                      START OF TEC MAP    
  2015     2    19    10     0     0                        EPOCH OF CURRENT MAP
    87.5-180.0 180.0   5.0 450.0                            LAT/LON1/LON2/DLON/H
   77   84   84   88   90   91   90   87   88   90   90   91   90   90   90   90
   89   89   89   88   88   88   88   88   88   88   88   89   89   89   90   90
   90   90   90   90   90   89   89   88   88   87   86   85   84   82   81   80
   79   77   76   75   73   72   71   70   69   69   68   68   68   68   69   69
   71   73   72   72   78   79   92   93   77                                   
    85.0-180.0 180.0   5.0 450.0                            LAT/LON1/LON2/DLON/H
   74   86   93   87   88   91   92   92   92   94   93   93   92   91   91   90
   89   88   88   88   88   88   88   89   90   90   91   92   94   95   96   97
   98   99  100  100  101  101  101  100   99   98   97   96   94   92   90   88
   86   83   81   79   77   75   73   72   71   70   69   69   69   70   70   72
   74   75   73   72   74   79   86   89   74                                   
    82.5-180.0 180.0   5.0 450.0                            LAT/LON1/LON2/DLON/H
   70   81   89   83   83   85   86   86   86   86   85   84   82   80   78   76
   74   73   72   72   72   72   73   74   76   77   79   82   84   86   89   92
   94   97   99  101  103  104  105  105  105  105  103  102  100   97   94   91
   88   84   80   76   73   69   66   64   62   60   59   59   59   60   60   62
   64   66   64   65   70   76   74   73   70                                   
    80.0-180.0 180.0   5.0 450.0                            LAT/LON1/LON2/DLON/H
   74   77   84   80   81   81   82   83   84   83   80   79   75   71   68   65
   62   60   59   59   59   60   61   63   65   68   70   74   77   81   85   90
   94   98  102  106  110  112  114  116  117  117  116  115  113  110  107  103
   99   94   88   83   78   73   68   64   61   59   57   56   56   56   57   58
   60   61   62   63   66   72   75   73   74                                   
    77.5-180.0 180.0   5.0 450.0                            LAT/LON1/LON2/DLON/H
   81   79   82   80   80   81   83   84   84   81   78   75   70   64   60   55
   52   50   49   49   50   52   54   56   59   63   66   70   75   80   86   92
   98  105  112  118  123  128  132  135  137  138  138  138  138  136  133  130
  125  120  114  107  100   93   87   81   76   72   69   67   65   65   65   66
   66   67   67   68   69   68   72   72   81                                   
    75.0-180.0 180.0   5.0 450.0                            LAT/LON1/LON2/DLON/H
   77   78   77   78   78   82   83   83   83   79   75   70   64   58   52   48
   44   43   43   44   46   48   51   54   58   61   64   68   73   78   84   92
   99  108  116  124  131  138  143  148  151  155  158  160  162  163  162  161
  158  153  147  140  132  124  115  108  101   95   90   86   83   82   81   81
   80   79   78   74   75   73   77   70   77                                   
    72.5-180.0 180.0   5.0 450.0                            LAT/LON1/LON2/DLON/H
   75   76   74   77   78   83   86   86   85   81   75   69   62   54   48   44
   41   40   41   43   46   50   54   58   62   65   68   71   75   80   86   93
  102  112  121  131  140  148  155  161  167  173  179  184  189  194  198  199
  199  196  192  185  176  166  156  145  136  127  119  113  108  105  102  100
   98   96   94   87   85   81   83   80   75                                   
    70.0-180.0 180.0   5.0 450.0                            LAT/LON1/LON2/DLON/H
   75   74   74   77   78   83   86   86   85   81   75   68   60   52   46   41
   39   39   41   44   49   55   60   65   68   71   73   74   77   80   86   93
  102  112  123  133  144  153  161  169  177  185  194  203  213  222  230  236
  239  238  235  228  219  207  195  182  169  157  146  137  130  124  119  116
  112  107  104   95   91   86   91   90   75                                   
    67.5-180.0 180.0   5.0 450.0                            LAT/LON1/LON2/DLON/H
   70   71   71   75   78   85   89   90   89   85   79   72   63   55   48   44
   42   42   46   51   58   65   71   76   79   80   80   80   80   82   86   92
  101  111  123  134  145  155  164  173  183  193  205  218  232  245  257  266
  272  274  271  265  254  242  227  211  196  181  167  155  145  136  129  124
  118  112  108   97   92   87   91   92   70                                   
    65.0-180.0 180.0   5.0 450.0                            LAT/LON1/LON2/DLON/H
   66   69   68   73   77   85   90   92   92   89   84   76   68   60   53   49
   47   48   52   58   66   73   80   84   87   87   86   84   83   84   87   92
  100  111  123  135  146  157  167  178  189  202  217  233  251  267  282  294
  302  305  302  295  284  270  253  235  217  199  182  167  154  142  133  125
  118  111  106   95   90   86   91   95   66                                   
    62.5-180.0 180.0   5.0 450.0                            LAT/LON1/LON2/DLON/H
   62   65   63   69   74   82   88   91   92   90   86   80   73   65   59   55
   53   54   58   64   71   78   84   88   90   90   88   86   84   84   86   91
  100  110  122  135  147  159  170  182  195  210  228  246  266  284  301  314
  322  324  322  314  302  286  268  249  229  209  190  173  157  142  130  119
  111  102   97   86   82   78   84   90   62                                   
    60.0-180.0 180.0   5.0 450.0                            LAT/LON1/LON2/DLON/H
   60   62   59   64   68   75   81   84   86   86   84   80   75   69   64   60
   58   59   61   65   70   76   80   84   85   85   84   82   81   81   84   90
   98  109  122  135  149  161  174  188  203  220  239  259  279  298  314  326
  333  335  332  323  311  295  277  258  237  217  197  178  159  142  126  113
  102   92   86   76   74   69   76   82   60                                   
    57.5-180.0 180.0   5.0 450.0                            LAT/LON1/LON2/DLON/H
   62   62   58   61   63   69   73   76   78   79   79   78   75   72   68   65
   63   62   63   64   67   70   72   75   76   77   77   77   77   79   83   89
   99  111  125  139  154  169  183  199  216  234  254  275  294  312  326  337
  343  343  339  331  319  304  287  269  250  231  211  190  170  150  131  115
  101   89   83   73   71   66   72   77   62                                   
    55.0-180.0 180.0   5.0 450.0                            LAT/LON1/LON2/DLON/H
   69   66   60   60   61   64   66   68   69   71   72   73   73   72   70   68
   66   64   63   62   61   62   63   65   67   68   70   72   74   78   83   91
  101  114  129  146  163  180  197  215  233  253  273  293  311  326  338  346
  350  350  346  339  328  315  300  284  268  250  231  211  189  168  146  128
  111   97   90   80   77   70   76   79   69                                   
    52.5-180.0 180.0   5.0 450.0                            LAT/LON1/LON2/DLON/H
   82   76   69   65   63   63   63   62   62   64   66   68   70   71   72   71
   69   67   63   60   58   56   56   58   60   63   66   69   73   78   85   94
  105  120  137  157  177  197  216  236  256  276  296  315  330  343  352  357
  360  359  355  348  339  329  316  303  289  273  256  237  216  193  170  150
  131  116  106   95   93   85   89   88   82                                   
    50.0-180.0 180.0   5.0 450.0                            LAT/LON1/LON2/DLON/H
   99   90   83   76   71   68   65   60   59   59   62   65   68   71   73   74
   72   69   65   61   58   55   55   56   59   62   66   71   76   82   89   99
  112  128  148  171  195  218  240  262  283  303  322  338  351  361  367  370
  371  370  366  361  353  344  333  322  310  296  280  263  242  220  197  176
  156  140  129  117  114  107  109  106   99                                   
    47.5-180.0 180.0   5.0 450.0                            LAT/LON1/LON2/DLON/H
  115  106   99   90   83   77   72   64   61   59   61   65   69   73   75   77
   76   74   70   65   62   59   59   60   63   67   71   76   81   87   95  106
  120  140  163  190  218  244  268  291  312  331  349  363  373  380  383  385
  384  382  378  372  365  355  345  335  324  311  297  280  261  240  218  197
  177  162  150  138  136  130  131  128  115                                   
    45.0-180.0 180.0   5.0 450.0                            LAT/LON1/LON2/DLON/H
  127  119  113  104   97   90   83   74   67   65   65   68   72   76   80   82
   82   80   76   72   69   68   67   69   72   75   79   84   89   95  103  115
  132  154  182  213  244  273  299  321  341  359  374  386  393  398  399  399
  397  393  388  380  371  360  349  338  326  314  300  284  266  246  225  206
  189  174  163  152  151  147  148  146  127                                   
    42.5-180.0 180.0   5.0 450.0                            LAT/LON1/LON2/DLON/H
  131  126  122  115  109  103   95   86   78   74   73   76   79   83   86   88
   88   87   84   81   79   77   78   80   82   86   89   94   99  105  114  128
  147  172  204  238  272  303  329  350  368  383  396  405  411  413  413  411
  407  401  393  383  371  357  344  331  318  305  291  275  258  239  219  202
  186  174  163  154  154  152  154  154  131                                   
    40.0-180.0 180.0   5.0 450.0                            LAT/LON1/LON2/DLON/H
  125  123  121  118  115  111  105   97   89   84   83   85   88   91   94   96
   97   96   93   90   88   87   87   89   92   95   99  103  109  117  127  143
  165  194  228  265  301  333  358  377  392  405  415  422  426  426  425  421
  415  406  396  382  368  352  336  321  307  293  278  262  244  224  205  188
  173  161  152  144  145  144  147  148  125                                   
    37.5-180.0 180.0   5.0 450.0                            LAT/LON1/LON2/DLON/H
  112  112  112  111  113  111  109  103   97   93   92   94   97   99  102  104
  105  104  102   99   96   94   94   95   98  101  106  112  120  130  144  162
  187  219  255  294  331  362  386  402  415  425  432  437  440  440  436  431
  423  412  399  384  368  351  334  318  303  289  273  256  237  215  194  176
  160  146  136  127  127  125  131  132  112                                   
    35.0-180.0 180.0   5.0 450.0                            LAT/LON1/LON2/DLON/H
   98   98   98   98  102  103  105  103  100   98   98  101  103  106  109  112
  113  113  110  105  102   99   97   97  100  104  111  121  133  147  164  187
  215  249  287  326  363  392  413  427  437  444  450  454  456  455  450  444
  434  422  409  393  377  361  345  330  316  303  288  271  250  226  202  180
  160  143  129  116  112  106  114  114   98                                   
    32.5-180.0 180.0   5.0 450.0                            LAT/LON1/LON2/DLON/H
   90   88   85   85   89   91   96   97   97   98  100  104  107  111  114  118
  120  119  116  111  105  100   97   96   99  105  116  131  148  167  190  216
  248  284  323  362  397  424  442  453  459  465  470  474  475  474  470  462
  453  441  428  415  402  389  376  363  352  342  330  314  292  266  239  212
  187  164  144  123  114  100  106  102   90                                   
    30.0-180.0 180.0   5.0 450.0                            LAT/LON1/LON2/DLON/H
   96   88   81   78   79   80   86   88   91   94   98  103  107  111  116  121
  124  123  120  114  107  100   95   94   98  107  123  143  165  191  219  250
  284  323  363  401  433  457  471  479  483  487  492  497  499  499  495  489
  481  472  462  454  445  437  428  420  414  408  400  387  367  340  309  278
  247  218  190  158  141  116  116  106   96                                   
    27.5-180.0 180.0   5.0 450.0                            LAT/LON1/LON2/DLON/H
  119  105   91   83   80   78   82   84   86   90   94   99  104  109  114  120
  124  124  121  115  108  101   95   94   99  112  131  157  185  216  249  284
  322  363  404  440  469  489  499  504  507  511  518  524  529  530  529  525
  520  515  512  509  506  503  499  496  495  494  492  483  466  440  408  374
  338  303  265  224  196  159  148  130  119                                   
    25.0-180.0 180.0   5.0 450.0                            LAT/LON1/LON2/DLON/H
  160  140  118  104   96   89   90   89   89   90   94   97  101  104  109  115
  120  121  119  115  109  104   99   98  105  120  143  173  206  241  278  317
  358  401  441  475  500  516  523  526  530  536  545  554  562  567  569  569
  569  570  572  576  579  580  579  580  583  587  590  585  572  548  518  484
  447  408  361  311  273  225  200  176  160                                   
    22.5-180.0 180.0   5.0 450.0                            LAT/LON1/LON2/DLON/H
  217  191  161  139  124  113  109  104  100   99   99   99   99  100  104  109
  113  116  116  115  112  110  107  108  115  131  157  189  225  263  302  344
  388  432  472  504  526  538  544  547  553  561  573  585  597  606  612  616
  621  626  634  642  648  651  653  656  662  670  675  674  664  644  617  586
  551  515  463  408  359  306  269  239  217                                   
    20.0-180.0 180.0   5.0 450.0                            LAT/LON1/LON2/DLON/H
  282  251  215  187  163  148  139  131  122  116  111  106  102  100  100  102
  106  109  112  115  118  119  120  121  129  146  172  205  241  279  320  364
  410  455  495  525  545  556  562  567  575  586  600  615  630  643  652  660
  668  677  687  696  702  704  705  708  715  725  733  734  725  707  684  657
  628  598  549  497  440  388  345  310  282                                   
    17.5-180.0 180.0   5.0 450.0                            LAT/LON1/LON2/DLON/H
  342  310  272  239  207  189  176  164  150  139  129  119  110  103  100   99
  101  105  110  117  125  131  134  137  145  162  187  218  253  291  332  378
  425  471  510  539  559  570  578  586  596  609  625  642  659  674  686  696
  705  715  725  733  736  735  733  734  741  751  760  760  750  732  711  686
  663  640  601  557  502  455  413  377  342                                   
    15.0-180.0 180.0   5.0 450.0                            LAT/LON1/LON2/DLON/H
  386  356  322  287  249  229  214  199  181  166  151  137  123  112  105  102
  102  105  113  123  135  145  150  154  161  177  200  229  262  298  340  386
  434  479  517  546  566  580  591  602  615  630  647  666  684  700  713  723
  732  741  749  754  754  749  743  741  745  754  760  757  744  722  699  674
  655  638  613  579  535  493  458  425  386                                   
    12.5-180.0 180.0   5.0 450.0                            LAT/LON1/LON2/DLON/H
  409  383  356  323  284  264  248  231  211  192  173  155  139  124  115  110
  109  112  121  133  148  159  165  168  175  188  209  237  269  305  345  390
  437  480  517  546  568  585  601  616  631  648  666  684  702  718  730  740
  748  755  760  761  757  748  739  734  736  741  742  734  714  686  658  632
  615  603  590  568  537  504  475  447  409                                   
    10.0-180.0 180.0   5.0 450.0                            LAT/LON1/LON2/DLON/H
  415  396  374  344  310  291  275  258  237  215  193  173  155  139  129  123
  122  125  134  147  162  173  177  179  184  196  217  245  277  313  352  395
  439  479  514  543  566  587  606  624  642  660  678  696  713  727  739  746
  752  756  758  756  749  739  728  722  722  724  720  705  676  640  606  577
  559  551  546  535  518  493  470  446  415                                   
     7.5-180.0 180.0   5.0 450.0                            LAT/LON1/LON2/DLON/H
  412  401  383  355  328  310  295  278  256  232  209  187  169  155  145  140
  139  143  152  164  177  185  186  186  190  203  226  256  290  326  363  402
