data/edconvlstm_nd/pred0740.15i
     1.0            IONOSPHERE MAPS     GNSS                IONEX VERSION / TYPE
pyspatialgeodesy        IME             05-JAN-18 20:20     PGM / RUN BY / DATE 
Map Name                                                    COMMENT             
Predicted global ionosphere maps (GIM).                     DESCRIPTION         
  2015     3    15     0     0     0                        EPOCH OF FIRST MAP  
  2015     3    16     0     0     0                        EPOCH OF LAST MAP   
  7200                                                      INTERVAL            
    13                                                      # OF MAPS IN FILE   
  NONE                                                      MAPPING FUNCTION    
10.0                                                        ELEVATION CUTOFF    
One-way carrier phase leveled to code                       OBSERVABLES USED    
  6371.0                                                    BASE RADIUS         
 2                                                          MAP DIMENSION       
   450.0 450.0   0.0                                        HGT1 / HGT2 / DHGT  
    87.5 -87.5  -2.5                                        LAT1 / LAT2 / DLAT  
  -180.0 180.0   5.0                                        LON1 / LON2 / DLON  
    -1                                                      EXPONENT            
                                                            END OF HEADER       
[from data line 858]
     3                                                      START OF TEC MAP    
  2015     3    15     4     0     0                        EPOCH OF CURRENT MAP
    87.5-180.0 180.0   5.0 450.0                            LAT/LON1/LON2/DLON/H
  138  141  139  140  140  137  135  133  136  137  139  141  143  145  146  148
  149  150  150  150  150  149  148  147  145  143  141  139  137  136  134  132
  131  130  129  128  127  127  127  127  127  128  128  129  130  131  132  133
  134  135  136  137  138  139  140  140  141  141  142  142  142  141  140  140
  140  141  139  137  139  140  142  136  138                                   
    85.0-180.0 180.0   5.0 450.0                            LAT/LON1/LON2/DLON/H
  139  151  138  140  142  140  139  138  139  141  143  145  148  150  152  154
  156  157  158  158  158  157  156  154  152  150  147  145  142  139  137  135
  133  131  130  129  129  128  129  129  130  131  133  134  136  138  140  142
  144  146  148  150  152  153  155  156  158  159  160  160  160  160  159  159
  159  159  155  155  149  149  148  140  139                                   
    82.5-180.0 180.0   5.0 450.0                            LAT/LON1/LON2/DLON/H
  147  148  144  135  134  132  130  129  130  132  133  137  140  143  146  149
  152  154  155  155  155  154  152  149  146  142  139  135  131  128  124  122
  119  117  116  115  115  116  116  118  119  121  124  127  130  133  137  140
  144  147  151  154  158  161  164  167  170  172  174  176  177  177  176  177
  175  174  169  167  167  156  149  138  147                                   
    80.0-180.0 180.0   5.0 450.0                            LAT/LON1/LON2/DLON/H
  152  149  135  124  124  120  119  118  119  120  122  126  130  134  138  142
  145  148  150  150  149  147  144  140  135  130  125  120  116  111  108  105
  102  100   99   99   99   99  100  102  104  107  111  115  119  124  129  134
  139  145  150  156  161  166  171  176  181  185  189  192  195  196  197  197
  195  191  186  182  183  173  168  149  152                                   
    77.5-180.0 180.0   5.0 450.0                            LAT/LON1/LON2/DLON/H
  162  154  140  127  121  117  115  113  112  112  113  117  121  125  129  134
  137  140  142  142  141  138  134  129  124  118  112  106  101   97   93   91
   89   87   87   87   87   88   90   92   94   98  102  107  112  118  124  131
  138  144  152  159  166  173  180  187  194  201  207  212  217  220  223  224
  223  220  212  209  206  193  185  169  162                                   
    75.0-180.0 180.0   5.0 450.0                            LAT/LON1/LON2/DLON/H
  173  168  150  137  127  121  117  111  109  107  106  108  110  113  116  119
  122  125  126  127  125  123  118  113  107  100   94   89   84   80   78   76
   75   74   74   74   75   76   77   79   82   85   90   95  101  108  116  124
  132  140  149  157  166  174  183  192  201  209  218  225  232  238  242  245
  245  243  237  229  225  214  206  191  173                                   
    72.5-180.0 180.0   5.0 450.0                            LAT/LON1/LON2/DLON/H
  186  184  166  152  141  133  127  119  115  110  107  106  105  104  105  106
  108  110  111  112  111  109  105  101   95   89   84   79   75   72   70   70
   69   70   70   70   71   71   72   73   76   80   85   91   98  107  116  125
  134  143  153  162  171  180  189  199  208  218  227  236  244  251  256  261
  262  261  258  251  243  229  222  212  186                                   
    70.0-180.0 180.0   5.0 450.0                            LAT/LON1/LON2/DLON/H
  204  199  184  169  156  146  138  129  123  115  109  104   99   95   92   90
   89   90   92   93   94   93   91   87   83   78   74   70   67   65   65   65
   66   66   67   67   66   66   66   66   69   72   78   85   94  104  114  125
  135  145  155  164  173  182  191  200  210  219  229  238  247  254  260  265
  268  268  266  261  255  243  238  231  204                                   
    67.5-180.0 180.0   5.0 450.0                            LAT/LON1/LON2/DLON/H
  213  210  195  181  168  157  148  139  131  122  113  106   97   88   81   77
   74   74   76   78   80   81   81   79   75   72   68   65   63   62   62   62
   63   64   63   62   61   59   58   58   60   64   71   79   89  101  112  124
  135  145  155  164  173  182  190  198  207  216  225  234  241  248  254  259
  262  263  262  257  253  243  241  240  213                                   
    65.0-180.0 180.0   5.0 450.0                            LAT/LON1/LON2/DLON/H
  220  216  203  190  177  165  156  147  140  130  120  110   98   86   77   69
   66   65   67   71   74   76   76   75   73   69   66   64   62   62   62   63
   63   63   62   60   58   55   53   53   56   61   68   79   90  103  115  128
  139  150  160  169  177  185  192  200  207  215  223  230  237  243  247  251
  253  254  254  250  248  241  241  243  220                                   
    62.5-180.0 180.0   5.0 450.0                            LAT/LON1/LON2/DLON/H
  224  219  209  195  182  169  160  152  145  136  125  114  101   88   77   69
   65   64   67   70   73   76   76   75   72   69   66   64   63   62   63   63
   63   63   61   58   55   52   51   51   54   61   70   82   95  108  121  134
  146  157  167  176  184  191  198  204  211  217  224  231  237  242  245  248
  248  248  248  244  242  237  239  242  224                                   
    60.0-180.0 180.0   5.0 450.0                            LAT/LON1/LON2/DLON/H
  229  221  212  196  183  168  157  149  143  135  126  116  103   91   81   73
   70   69   71   75   77   78   77   75   72   68   65   63   62   62   62   62
   62   61   59   56   53   51   50   52   56   64   75   88  101  115  128  141
  152  163  174  183  192  200  206  212  219  225  231  238  244  248  251  253
  252  249  248  243  242  237  239  240  229                                   
    57.5-180.0 180.0   5.0 450.0                            LAT/LON1/LON2/DLON/H
  238  229  219  200  186  169  156  146  139  131  123  114  104   94   86   80
   78   78   80   82   83   81   78   75   71   67   64   63   62   62   62   62
   61   60   58   56   55   53   54   56   62   71   83   97  111  125  137  149
  160  172  183  193  203  212  219  226  232  238  245  252  259  264  267  269
  266  262  260  253  251  244  245  243  238                                   
    55.0-180.0 180.0   5.0 450.0                            LAT/LON1/LON2/DLON/H
  254  243  233  211  196  176  159  146  136  126  117  110  102   95   90   87
   86   87   88   88   87   83   78   73   69   66   64   64   64   64   63   63
   62   61   60   59   59   59   61   64   71   80   93  107  121  134  147  158
  169  181  193  205  216  226  235  242  249  256  263  271  279  285  290  292
  289  284  280  271  268  258  257  252  254                                   
    52.5-180.0 180.0   5.0 450.0                            LAT/LON1/LON2/DLON/H
  275  264  252  230  216  193  173  154  139  126  115  107  100   95   92   91
   92   93   94   92   88   83   78   73   70   68   68   68   69   69   68   67
   66   66   66   66   67   69   71   75   81   90  103  117  131  145  157  168
  180  193  206  219  232  243  252  260  267  275  282  291  300  308  314  317
  315  310  304  293  287  275  272  266  275                                   
    50.0-180.0 180.0   5.0 450.0                            LAT/LON1/LON2/DLON/H
  296  287  275  256  242  220  197  173  152  133  118  108  100   96   94   94
   95   95   94   92   87   83   79   76   75   75   76   77   78   78   77   76
   75   75   75   77   79   81   83   86   91   99  111  125  140  155  168  181
  194  207  221  235  248  260  270  278  286  293  300  309  318  327  334  338
  338  334  327  314  306  292  288  282  296                                   
    47.5-180.0 180.0   5.0 450.0                            LAT/LON1/LON2/DLON/H
  313  307  297  283  272  253  228  201  174  149  130  116  106  100   97   96
   96   95   92   89   86   84   83   83   84   86   89   90   91   90   89   87
   86   86   87   89   92   93   94   95   99  106  117  132  149  166  181  196
  210  224  238  252  265  276  286  294  301  307  314  321  329  337  344  350
  351  348  342  329  320  305  301  297  313                                   
    45.0-180.0 180.0   5.0 450.0                            LAT/LON1/LON2/DLON/H
  321  319  313  306  299  283  260  231  200  171  148  131  118  110  104  101
   97   94   91   89   88   89   91   95   99  102  104  106  105  104  101   99
   97   97   99  101  103  104  103  103  104  110  121  138  157  177  196  213
  228  242  255  268  279  289  298  306  312  318  323  328  334  340  346  351
  353  352  347  335  327  312  309  307  321                                   
    42.5-180.0 180.0   5.0 450.0                            LAT/LON1/LON2/DLON/H
  321  320  318  317  314  303  283  256  225  194  168  149  135  125  117  110
  103   98   95   94   96  100  106  111  116  119  120  119  117  114  111  108
  107  107  109  111  112  112  110  107  106  112  124  142  165  189  211  231
  247  261  272  282  291  300  308  316  322  327  330  333  336  339  343  347
  349  349  346  337  330  316  314  312  321                                   
    40.0-180.0 180.0   5.0 450.0                            LAT/LON1/LON2/DLON/H
  316  313  312  312  313  305  290  267  239  210  186  168  154  143  133  124
  115  109  106  107  112  118  125  130  133  134  132  129  124  120  116  114
  113  114  115  117  118  116  113  109  107  112  126  147  173  201  226  248
  265  278  287  295  302  310  319  328  335  340  342  343  344  344  346  348
  350  351  350  344  339  326  323  317  316                                   
    37.5-180.0 180.0   5.0 450.0                            LAT/LON1/LON2/DLON/H
  314  304  301  296  298  292  279  262  239  215  195  181  170  161  152  142
  134  128  127  129  135  141  146  148  147  144  140  134  128  123  120  118
  118  118  119  120  119  117  113  109  108  114  129  152  181  211  239  262
  280  292  300  307  315  324  335  346  356  362  365  366  366  365  365  366
  367  368  370  366  363  352  347  335  314                                   
    35.0-180.0 180.0   5.0 450.0                            LAT/LON1/LON2/DLON/H
  326  307  297  282  280  270  257  242  224  206  192  184  179  174  168  161
  155  153  154  157  162  164  164  161  155  149  143  136  130  126  123  123
  123  122  121  120  119  117  113  110  110  117  132  157  187  219  248  273
  291  304  313  321  331  343  358  374  387  398  404  406  406  406  406  407
  408  410  413  410  410  401  392  373  326                                   
    32.5-180.0 180.0   5.0 450.0                            LAT/LON1/LON2/DLON/H
  363  336  315  285  272  254  235  219  202  188  180  178  179  180  178  176
  176  178  181  185  186  182  175  166  158  151  146  141  136  133  131  130
  129  127  123  120  118  115  113  111  112  120  137  161  191  223  253  278
  298  313  325  338  353  371  391  412  431  446  456  462  466  468  469  471
  473  476  482  478  480  472  456  433  363                                   
    30.0-180.0 180.0   5.0 450.0                            LAT/LON1/LON2/DLON/H
  431  396  361  316  289  259  230  206  186  171  164  166  172  177  181  184
  190  197  202  204  199  189  176  164  157  154  154  153  151  148  146  144
  142  136  129  123  118  116  114  113  116  124  140  164  193  224  253  279
  302  321  339  359  381  406  433  460  484  504  519  531  539  545  551  556
  562  567  573  569  573  565  537  512  431                                   
    27.5-180.0 180.0   5.0 450.0                            LAT/LON1/LON2/DLON/H
  529  488  434  376  336  298  255  220  189  167  156  157  162  169  176  184
  193  203  209  207  197  182  167  158  158  163  171  176  177  174  171  168
  162  153  141  130  123  118  116  116  119  127  143  165  192  222  251  279
  305  330  356  383  414  447  481  513  542  568  589  606  620  631  641  652
  662  674  681  677  682  676  636  610  529                                   
    25.0-180.0 180.0   5.0 450.0                            LAT/LON1/LON2/DLON/H
  645  603  533  466  415  370  316  267  223  188  167  159  159  162  167  175
  186  195  199  193  179  164  154  155  166  184  202  214  217  214  209  202
  192  176  158  141  129  123  119  118  120  128  143  164  190  218  248  278
  309  341  375  412  452  493  533  570  604  633  659  680  699  714  729  744
  760  777  789  789  794  795  750  721  645                                   
    22.5-180.0 180.0   5.0 450.0                            LAT/LON1/LON2/DLON/H
  762  726  648  580  519  471  407  346  288  239  203  181  169  163  162  165
  171  177  176  167  154  145  146  160  187  220  248  265  269  263  253  241
  224  200  175  152  136  126  120  118  119  126  140  161  186  215  246  280
  316  355  397  443  490  537  581  621  656  688  716  740  762  781  798  816
  837  858  876  883  886  896  864  833  762                                   
    20.0-180.0 180.0   5.0 450.0                            LAT/LON1/LON2/DLON/H
  860  834  762  703  638  589  520  450  378  314  263  226  199  180  168  162
  160  158  152  143  135  136  152  183  226  272  308  326  325  312  294  274
  249  218  186  158  139  126  118  114  113  120  134  156  183  213  247  284
  326  371  420  472  523  573  617  655  689  720  748  773  796  817  836  855
  878  902  923  937  941  956  946  919  860                                   
    17.5-180.0 180.0   5.0 450.0                            LAT/LON1/LON2/DLON/H
  921  908  854  811  751  707  640  565  485  408  341  289  249  216  191  174
  162  153  142  134  134  148  179  227  285  338  373  383  371  347  319  291
  259  224  188  158  137  123  113  107  105  111  126  150  179  212  249  291
  336  386  439  494  546  594  634  669  698  726  752  777  800  820  839  858
  880  904  928  945  951  965  976  960  921                                   
    15.0-180.0 180.0   5.0 450.0                            LAT/LON1/LON2/DLON/H
  937  935  905  882  836  804  746  673  590  506  430  367  315  270  234  205
  184  167  155  150  159  185  233  295  359  407  428  422  395  359  322  288
  253  216  182  153  133  118  107   99   97  102  118  143  175  212  252  297
  346  398  452  505  555  598  633  661  685  708  732  757  779  798  815  832
  853  873  897  915  922  933  956  952  937                                   
    12.5-180.0 180.0   5.0 450.0                            LAT/LON1/LON2/DLON/H
  916  920  910  902  878  860  815  751  673  591  514  447  390  339  294  256
  228  208  196  196  215  256  315  381  434  463  461  433  391  345  304  268
  234  201  170  146  128  115  103   94   91   96  112  138  172  211  254  301
  350  403  455  504  549  587  616  639  657  676  698  722  744  763  779  794
  812  829  850  866  872  880  904  909  916                                   
    10.0-180.0 180.0   5.0 450.0                            LAT/LON1/LON2/DLON/H
  873  877  879  881  875  870  836  783  717  645  576  516  464  414  366  326
  295  275  267  276  305  354  413  464  492  490  463  417  364  315  275  242
  212  183  158  140  126  114  103   93   88   93  108  134  169  209  252  299
  348  398  447  492  532  565  591  611  626  642  662  686  710  730  746  760
  776  791  807  820  823  828  846  856  873                                   
     7.5-180.0 180.0   5.0 450.0                            LAT/LON1/LON2/DLON/H
  827  827  833  837  842  843  817  774  719  660  605  560  520  480  440  404
  378  363  364  382  417  462  503  523  517  486  437  380  326  281  246  218
