data/edconvlstm_nd/pred1000.15i
     1.0            IONOSPHERE MAPS     GNSS                IONEX VERSION / TYPE
pyspatialgeodesy        IME             05-JAN-18 20:20     PGM / RUN BY / DATE 
Map Name                                                    COMMENT             
Predicted global ionosphere maps (GIM).                     DESCRIPTION         
  2015     4    10     0     0     0                        EPOCH OF FIRST MAP  
  2015     4    11     0     0     0                        EPOCH OF LAST MAP   
  7200                                                      INTERVAL            
    13                                                      # OF MAPS IN FILE   
  NONE                                                      MAPPING FUNCTION    
10.0                                                        ELEVATION CUTOFF    
One-way carrier phase leveled to code                       OBSERVABLES USED    
  6371.0                                                    BASE RADIUS         
 2                                                          MAP DIMENSION       
   450.0 450.0   0.0                                        HGT1 / HGT2 / DHGT  
    87.5 -87.5  -2.5                                        LAT1 / LAT2 / DLAT  
  -180.0 180.0   5.0                                        LON1 / LON2 / DLON  
    -1                                                      EXPONENT            
                                                            END OF HEADER       
[from data line 429]
     2                                                      START OF TEC MAP    
  2015     4    10     2     0     0                        EPOCH OF CURRENT MAP
    87.5-180.0 180.0   5.0 450.0                            LAT/LON1/LON2/DLON/H
  184  186  189  189  190  188  186  186  188  189  190  190  191  191  191  191
  190  190  189  188  187  185  184  182  180  178  177  175  173  171  169  167
  166  165  163  162  162  161  161  160  160  160  160  160  160  160  160  160
  160  160  161  161  162  162  163  163  164  165  165  166  166  166  167  168
  169  171  172  173  175  174  173  178  184                                   
    85.0-180.0 180.0   5.0 450.0                            LAT/LON1/LON2/DLON/H
  189  192  183  189  195  193  193  193  195  196  196  197  198  198  198  198
  197  196  195  194  193  191  189  187  184  182  179  176  174  171  168  166
  164  163  161  160  160  159  159  159  160  160  160  161  161  162  162  162
  163  164  164  165  166  167  168  169  170  171  172  173  174  174  174  176
  177  179  179  183  176  175  176  175  189                                   
    82.5-180.0 180.0   5.0 450.0                            LAT/LON1/LON2/DLON/H
  185  187  188  190  193  192  192  194  196  197  198  199  200  200  200  200
  199  198  197  195  193  190  187  184  180  176  172  167  163  159  155  152
  149  147  146  145  144  145  145  146  147  148  149  151  152  153  154  155
  157  158  160  162  163  165  167  169  171  173  175  176  178  179  179  181
  182  184  183  183  184  174  175  169  185                                   
    80.0-180.0 180.0   5.0 450.0                            LAT/LON1/LON2/DLON/H
  178  184  179  183  186  188  191  194  196  198  199  200  201  201  201  200
  199  198  196  194  192  189  185  181  175  170  164  158  152  146  141  137
  134  132  131  131  131  132  134  135  137  139  141  142  144  145  147  149
  150  152  154  157  159  162  164  167  170  173  175  177  179  181  182  185
  185  185  183  181  185  177  182  171  178                                   
    77.5-180.0 180.0   5.0 450.0                            LAT/LON1/LON2/DLON/H
  177  180  177  181  182  184  189  192  195  196  197  198  198  197  196  195
  193  192  190  187  185  182  178  173  167  160  153  146  139  133  127  123
  120  118  118  119  120  122  124  127  129  131  133  135  137  139  141  143
  145  147  150  153  156  160  163  167  171  174  178  181  183  185  187  190
  190  190  186  185  186  181  182  177  177                                   
    75.0-180.0 180.0   5.0 450.0                            LAT/LON1/LON2/DLON/H
  180  182  178  183  182  184  188  191  194  194  194  194  192  189  187  183
  181  178  176  174  172  170  167  162  157  150  143  135  128  121  116  111
  109  108  108  110  112  114  117  120  122  124  126  127  129  131  134  136
  140  143  147  151  155  159  164  168  173  177  182  185  189  191  193  196
  195  196  193  187  187  184  186  185  180                                   
    72.5-180.0 180.0   5.0 450.0                            LAT/LON1/LON2/DLON/H
  181  186  185  188  187  188  192  194  196  196  194  191  187  181  175  169
  165  161  159  158  157  156  154  151  147  141  134  126  119  113  108  104
  102  102  103  105  108  111  113  115  117  118  120  121  123  126  129  133
  138  143  148  154  159  164  170  175  181  186  191  195  198  200  202  205
  204  204  202  197  193  189  191  194  181                                   
    70.0-180.0 180.0   5.0 450.0                            LAT/LON1/LON2/DLON/H
  191  194  193  195  193  193  196  197  199  197  194  189  181  172  162  153
  145  140  138  138  139  140  140  138  135  130  123  116  110  104  100   97
   96   97   98  100  103  105  107  108  108  108  109  110  112  116  121  127
  134  141  149  156  163  170  177  183  189  195  201  205  208  210  211  212
  211  210  208  204  202  198  202  207  191                                   
    67.5-180.0 180.0   5.0 450.0                            LAT/LON1/LON2/DLON/H
  202  204  202  203  200  198  200  201  202  200  196  189  178  166  152  140
  130  124  122  122  124  126  128  127  125  120  115  109  103   98   95   93
   92   93   94   96   97   98   99   98   97   97   96   97  100  105  112  121
  130  140  150  160  169  177  185  192  199  205  211  215  218  219  219  218
  216  215  213  209  207  205  210  218  202                                   
    65.0-180.0 180.0   5.0 450.0                            LAT/LON1/LON2/DLON/H
  214  213  210  209  205  201  201  203  205  203  198  190  178  163  147  133
  121  114  112  112  115  118  119  119  117  113  108  103   98   94   92   90
   90   90   91   92   92   92   91   89   87   85   85   86   89   96  105  116
  128  141  153  165  175  185  193  202  209  216  223  227  229  229  227  225
  221  219  217  214  213  212  220  229  214                                   
    62.5-180.0 180.0   5.0 450.0                            LAT/LON1/LON2/DLON/H
  226  223  219  216  210  204  202  203  205  204  200  193  181  165  149  134
  122  114  111  111  113  115  116  115  112  107  103   98   95   92   90   89
   89   89   89   89   88   87   86   83   80   78   77   78   82   90  100  114
  128  143  158  171  182  193  202  211  220  228  234  239  241  240  237  233
  228  224  222  219  219  219  228  238  226                                   
    60.0-180.0 180.0   5.0 450.0                            LAT/LON1/LON2/DLON/H
  237  233  228  221  214  206  202  201  203  203  200  194  184  170  155  141
  130  123  119  118  117  117  115  112  108  104   99   96   94   92   91   90
   90   89   88   88   87   86   84   81   78   76   74   76   80   88  100  114
  130  147  162  176  188  199  209  219  228  237  245  250  252  251  247  243
  236  231  229  226  225  225  235  246  237                                   
    57.5-180.0 180.0   5.0 450.0                            LAT/LON1/LON2/DLON/H
  249  246  240  231  223  212  205  202  202  200  198  194  186  176  164  153
  143  136  132  128  125  122  117  112  107  102   99   97   96   95   94   94
   93   92   91   90   90   89   88   85   83   80   79   80   84   92  104  118
  134  151  166  180  193  204  215  225  235  245  254  260  262  262  258  254
  247  241  238  235  233  233  243  254  249                                   
    55.0-180.0 180.0   5.0 450.0                            LAT/LON1/LON2/DLON/H
  262  260  253  245  237  225  215  208  205  200  197  193  188  181  173  165
  158  151  145  139  133  126  120  113  108  105  102  102  102  102  102  101
   99   98   97   97   97   97   97   95   93   90   89   89   93  100  111  125
  140  156  170  184  196  208  219  230  241  252  261  268  272  273  271  267
  260  255  252  247  244  243  253  265  262                                   
    52.5-180.0 180.0   5.0 450.0                            LAT/LON1/LON2/DLON/H
  276  277  271  265  258  247  235  224  215  206  199  194  189  185  180  176
  170  164  156  148  139  131  123  117  113  111  111  112  113  113  113  111
  109  108  107  107  108  110  110  109  107  104  102  102  105  111  121  134
  147  161  175  188  200  212  223  235  246  257  267  276  281  283  282  281
  276  272  269  263  258  255  264  278  276                                   
    50.0-180.0 180.0   5.0 450.0                            LAT/LON1/LON2/DLON/H
  291  294  291  291  287  277  265  250  235  220  208  199  193  189  186  183
  178  172  163  153  143  135  128  124  123  123  125  127  128  128  127  124
  122  120  119  120  122  124  125  125  122  120  117  116  118  124  132  143
  156  169  182  194  206  218  230  241  252  263  273  281  287  290  292  293
  292  290  288  281  275  270  278  293  291                                   
    47.5-180.0 180.0   5.0 450.0                            LAT/LON1/LON2/DLON/H
  306  312  312  319  318  313  302  284  264  243  224  211  202  196  193  189
  184  176  166  156  147  140  136  135  137  139  142  144  145  144  142  138
  135  133  132  134  136  138  139  138  136  133  130  129  131  136  143  154
  165  177  190  202  215  226  238  249  259  269  278  286  291  295  299  303
  305  307  307  301  294  287  294  310  306                                   
    45.0-180.0 180.0   5.0 450.0                            LAT/LON1/LON2/DLON/H
  320  328  333  346  349  348  339  321  298  272  248  230  217  209  202  196
  188  179  169  160  153  149  149  150  154  158  160  162  161  158  154  150
  146  144  144  145  147  149  150  149  146  143  140  139  141  146  154  164
  175  187  200  212  224  236  247  258  267  276  283  290  294  299  304  310
  317  323  326  321  313  306  312  327  320                                   
    42.5-180.0 180.0   5.0 450.0                            LAT/LON1/LON2/DLON/H
  335  342  350  366  373  375  369  354  331  303  277  256  240  227  217  207
  197  186  176  169  164  163  165  169  173  176  177  176  173  168  163  158
  155  153  153  155  156  157  157  155  152  149  148  147  150  155  163  173
  185  197  209  222  234  246  257  266  275  282  289  294  299  303  309  318
  328  337  343  342  335  327  333  345  335                                   
    40.0-180.0 180.0   5.0 450.0                            LAT/LON1/LON2/DLON/H
  354  356  363  377  386  389  386  374  355  329  304  283  266  251  238  224
  210  198  189  184  182  183  186  189  191  191  189  185  180  174  169  164
  162  161  161  162  162  162  161  159  156  154  153  154  157  162  170  180
  192  204  217  229  242  253  264  273  282  290  296  302  306  311  319  330
  342  355  364  365  359  354  360  367  354                                   
    37.5-180.0 180.0   5.0 450.0                            LAT/LON1/LON2/DLON/H
  378  376  378  382  390  392  389  381  366  345  325  308  293  277  262  245
  229  217  209  205  205  206  207  207  205  201  197  191  185  179  174  171
  169  168  168  168  167  166  165  163  161  159  159  160  163  168  175  185
  196  209  221  234  246  258  269  279  288  297  305  313  319  326  336  350
  365  380  391  393  391  389  395  396  378                                   
    35.0-180.0 180.0   5.0 450.0                            LAT/LON1/LON2/DLON/H
  415  409  401  390  393  391  384  377  366  352  338  326  315  301  285  267
  251  239  232  229  228  227  224  220  214  207  201  195  190  185  182  180
  178  177  176  175  173  171  170  168  167  166  165  166  168  171  177  186
  197  209  222  235  248  260  271  283  294  306  317  328  338  349  363  381
  399  416  430  433  433  437  441  436  415                                   
    32.5-180.0 180.0   5.0 450.0                            LAT/LON1/LON2/DLON/H
  469  462  441  415  408  398  385  375  364  353  344  337  330  319  304  286
  269  258  252  248  245  240  234  226  218  211  206  202  199  196  195  193
  192  189  186  183  180  178  177  176  175  174  173  172  172  173  176  183
  193  206  220  234  247  260  273  286  301  316  331  347  363  380  401  424
  448  469  484  486  490  498  498  489  469                                   
    30.0-180.0 180.0   5.0 450.0                            LAT/LON1/LON2/DLON/H
  542  538  505  465  446  428  406  389  374  360  351  346  341  331  315  297
  280  269  261  256  250  242  233  226  220  217  215  215  214  214  213  211
  209  205  199  194  190  187  186  185  184  183  180  177  174  172  172  177
  187  201  216  232  247  261  276  292  309  327  347  368  392  417  446  477
  508  535  553  554  561  573  567  555  542                                   
    27.5-180.0 180.0   5.0 450.0                            LAT/LON1/LON2/DLON/H
  627  634  593  545  516  490  458  430  405  385  370  361  352  340  321  301
  282  267  257  248  239  231  226  223  224  228  231  235  237  237  236  234
  229  222  214  206  200  197  195  194  192  189  184  179  173  168  166  170
  180  196  213  231  249  266  284  303  322  343  366  392  422  456  494  533
  572  606  626  628  638  654  645  631  627                                   
    25.0-180.0 180.0   5.0 450.0                            LAT/LON1/LON2/DLON/H
  717  737  700  652  615  584  542  501  465  433  408  389  372  352  327  301
  276  256  241  228  219  215  217  225  235  246  255  261  264  264  261  257
  249  238  226  216  208  204  201  198  194  189  183  176  168  161  158  163
  174  192  214  235  257  278  300  322  343  366  391  420  454  494  538  584
  630  668  692  697  709  730  725  712  717                                   
    22.5-180.0 180.0   5.0 450.0                            LAT/LON1/LON2/DLON/H
  799  831  806  769  729  697  651  600  551  506  467  435  405  374  340  304
  272  244  223  208  201  204  216  234  253  270  282  289  291  289  283  275
  263  249  234  220  211  205  200  195  189  182  175  168  160  153  151  156
  171  192  218  244  271  298  325  350  373  396  421  450  486  529  576  624
  673  714  741  752  766  790  797  787  799                                   
    20.0-180.0 180.0   5.0 450.0                            LAT/LON1/LON2/DLON/H
  860  899  893  873  836  809  765  711  654  597  544  497  454  410  365  319
  277  242  215  199  196  207  228  254  279  299  310  314  312  305  295  283
  269  252  234  219  208  199  192  184  176  169  162  156  150  144  144  151
  169  195  225  256  289  322  354  384  409  431  454  482  517  558  603  650
  697  738  768  786  802  824  844  840  860                                   
    17.5-180.0 180.0   5.0 450.0                            LAT/LON1/LON2/DLON/H
  888  931  946  944  919  903  867  817  758  694  631  571  515  460  403  349
  299  257  227  211  212  228  254  284  310  326  332  329  320  307  294  280
  264  247  229  212  199  189  179  168  159  151  147  143  139  136  138  148
  169  198  233  269  307  346  384  418  446  468  489  514  546  582  622  662
  705  742  773  797  814  830  859  861  888                                   
    15.0-180.0 180.0   5.0 450.0                            LAT/LON1/LON2/DLON/H
  883  925  958  972  963  961  939  899  845  782  714  647  582  518  455  393
  339  294  262  247  249  268  295  322  341  347  342  328  312  297  282  269
  254  237  219  202  188  175  163  151  141  135  133  132  131  130  134  146
  169  201  238  279  322  366  410  449  478  502  523  546  573  603  634  666
  701  732  762  789  805  815  844  852  883                                   
    12.5-180.0 180.0   5.0 450.0                            LAT/LON1/LON2/DLON/H
  858  897  937  962  966  976  969  943  901  845  780  713  646  579  513  450
  394  348  317  303  306  323  345  361  365  355  336  314  294  278  266  255
  241  225  208  191  177  163  149  137  128  123  123  125  126  126  130  143
  167  200  239  282  329  378  426  468  501  528  551  574  598  621  643  666
  692  716  743  770  783  789  814  824  858                                   
    10.0-180.0 180.0   5.0 450.0                            LAT/LON1/LON2/DLON/H
  826  858  897  924  936  954  956  946  919  875  819  758  695  632  569  510
  457  414  386  373  375  385  394  392  376  349  318  291  271  260  252  244
  232  216  199  183  168  154  140  128  120  118  119  122  124  124  127  139
  162  195  234  278  327  378  428  472  509  540  566  591  614  634  650  664
  682  700  724  747  758  761  781  791  826                                   
     7.5-180.0 180.0   5.0 450.0                            LAT/LON1/LON2/DLON/H
  796  820  852  872  886  906  914  914  900  869  825  774  720  666  612  561
  515  479  455  443  441  440  430  407  371  330  293  266  252  248  245  240
