data/edconvlstm_nd/pred1390.15i
     1.0            IONOSPHERE MAPS     GNSS                IONEX VERSION / TYPE
pyspatialgeodesy        IME             05-JAN-18 20:20     PGM / RUN BY / DATE 
Map Name                                                    COMMENT             
Predicted global ionosphere maps (GIM).                     DESCRIPTION         
  2015     5    19     0     0     0                        EPOCH OF FIRST MAP  
  2015     5    20     0     0     0                        EPOCH OF LAST MAP   
  7200                                                      INTERVAL            
    13                                                      # OF MAPS IN FILE   
  NONE                                                      MAPPING FUNCTION    
10.0                                                        ELEVATION CUTOFF    
One-way carrier phase leveled to code                       OBSERVABLES USED    
  6371.0                                                    BASE RADIUS         
 2                                                          MAP DIMENSION       
   450.0 450.0   0.0                                        HGT1 / HGT2 / DHGT  
    87.5 -87.5  -2.5                                        LAT1 / LAT2 / DLAT  
  -180.0 180.0   5.0                                        LON1 / LON2 / DLON  
    -1                                                      EXPONENT            
                                                            END OF HEADER       
[from data line 858]
     3                                                      START OF TEC MAP    
  2015     5    19     4     0     0                        EPOCH OF CURRENT MAP
    87.5-180.0 180.0   5.0 450.0                            LAT/LON1/LON2/DLON/H
  211  205  203  203  205  201  198  196  196  195  195  194  194  193  192  192
  191  191  191  191  191  191  191  191  191  192  192  192  193  193  193  193
  193  193  193  193  193  193  193  193  193  193  194  194  195  196  197  198
  199  200  201  201  202  203  204  204  205  205  205  205  205  204  204  204
  203  205  204  206  208  206  202  206  211                                   
    85.0-180.0 180.0   5.0 450.0                            LAT/LON1/LON2/DLON/H
  209  206  203  205  208  204  204  202  202  201  200  200  199  199  198  197
  197  197  197  196  196  197  197  197  197  198  198  199  199  200  200  200
  200  200  200  200  200  200  199  199  199  200  200  201  202  203  205  206
  208  209  210  212  213  214  215  216  216  216  216  216  216  215  214  214
  214  214  211  214  209  206  207  208  209                                   
    82.5-180.0 180.0   5.0 450.0                            LAT/LON1/LON2/DLON/H
  209  209  206  203  204  202  201  201  201  201  200  200  199  198  198  197
  197  196  196  196  196  196  196  196  196  196  196  197  198  198  198  199
  199  199  198  198  197  197  196  196  196  196  197  199  200  202  204  207
  209  211  214  216  218  219  221  222  222  222  222  222  221  220  219  218
  217  216  212  214  214  207  208  200  209                                   
    80.0-180.0 180.0   5.0 450.0                            LAT/LON1/LON2/DLON/H
  205  209  201  199  200  199  201  201  201  200  200  199  199  198  197  196
  195  194  193  192  192  191  190  190  190  191  191  193  194  195  197  198
  199  199  199  199  198  198  197  197  197  198  199  201  204  207  210  214
  217  221  224  227  229  231  233  234  234  235  234  234  232  231  229  228
  225  223  217  216  216  210  216  202  205                                   
    77.5-180.0 180.0   5.0 450.0                            LAT/LON1/LON2/DLON/H
  205  206  201  199  199  199  202  202  203  203  202  202  201  200  198  197
  195  194  192  190  189  187  186  185  185  185  186  188  191  194  197  199
  202  203  204  204  203  203  202  201  202  203  205  208  212  216  221  226
  231  236  240  243  246  248  249  250  250  250  249  248  246  244  241  239
  236  233  225  222  221  214  213  209  205                                   
    75.0-180.0 180.0   5.0 450.0                            LAT/LON1/LON2/DLON/H
  205  206  199  198  199  200  203  204  206  206  205  205  203  201  199  196
  194  191  188  185  183  180  178  177  176  177  179  182  186  191  196  201
  205  208  209  210  210  209  208  208  208  210  213  217  222  229  235  241
  247  253  257  260  262  264  264  264  263  262  260  258  256  254  251  249
  245  241  234  226  221  215  214  216  205                                   
    72.5-180.0 180.0   5.0 450.0                            LAT/LON1/LON2/DLON/H
  204  208  202  201  202  203  207  209  211  211  211  210  208  205  201  197
  193  189  185  181  178  174  171  169  168  169  172  176  182  188  196  202
  208  213  216  217  217  216  215  215  216  219  223  229  236  243  251  259
  265  271  275  277  278  278  277  275  273  270  268  265  263  260  258  256
  252  249  243  236  227  218  217  222  204                                   
    70.0-180.0 180.0   5.0 450.0                            LAT/LON1/LON2/DLON/H
  208  209  204  202  203  204  208  211  214  214  214  213  210  206  201  195
  190  185  180  175  170  166  162  160  158  159  162  167  174  183  192  200
  208  214  217  219  219  218  218  218  220  224  230  238  247  256  266  274
  281  286  289  290  289  287  284  280  275  271  268  265  262  259  257  256
  254  251  246  241  233  223  223  230  208                                   
    67.5-180.0 180.0   5.0 450.0                            LAT/LON1/LON2/DLON/H
  211  212  206  204  204  204  209  212  216  217  218  217  213  208  202  195
  188  182  176  170  165  160  156  152  151  151  154  159  167  176  186  196
  204  211  215  217  217  217  217  219  223  229  237  247  257  268  278  287
  294  298  300  299  296  292  286  280  274  268  264  260  257  254  252  252
  251  250  246  242  235  226  226  235  211                                   
    65.0-180.0 180.0   5.0 450.0                            LAT/LON1/LON2/DLON/H
  215  214  207  204  202  202  206  210  215  217  219  219  216  210  204  196
  188  180  173  167  161  156  151  147  145  145  147  152  160  169  179  188
  197  203  207  209  211  211  213  216  222  231  241  253  265  277  288  297
  303  307  307  304  300  293  286  278  271  264  258  254  250  248  246  245
  244  244  242  241  236  228  230  239  215                                   
    62.5-180.0 180.0   5.0 450.0                            LAT/LON1/LON2/DLON/H
  220  218  211  205  202  200  203  206  212  215  218  219  218  213  206  198
  190  181  174  166  160  154  149  145  143  142  144  148  154  162  171  179
  187  192  196  199  201  203  206  212  221  231  244  257  271  284  295  304
  309  312  312  308  303  296  288  279  272  264  258  253  249  245  243  241
  240  240  239  240  236  230  233  244  220                                   
    60.0-180.0 180.0   5.0 450.0                            LAT/LON1/LON2/DLON/H
  228  224  216  209  203  198  200  202  206  210  213  216  216  213  208  200
  192  183  174  167  161  155  151  147  144  144  144  147  151  157  163  169
  175  180  183  186  189  193  199  207  218  231  245  260  274  287  298  307
  312  315  315  312  307  301  294  286  279  272  265  260  255  250  246  242
  240  239  237  239  237  233  238  248  228                                   
    57.5-180.0 180.0   5.0 450.0                            LAT/LON1/LON2/DLON/H
  239  234  227  217  209  201  200  199  201  203  207  211  212  211  207  200
  192  184  176  169  163  158  154  151  150  149  149  150  152  155  158  161
  165  168  171  174  178  184  192  203  216  230  245  260  275  288  299  308
  314  318  319  318  315  310  305  299  293  286  281  275  269  262  256  250
  245  242  239  241  240  238  244  255  239                                   
    55.0-180.0 180.0   5.0 450.0                            LAT/LON1/LON2/DLON/H
  254  250  242  232  222  212  207  202  200  199  201  204  206  206  204  198
  191  184  177  171  166  162  160  159  158  158  158  158  157  157  157  157
  158  159  162  165  171  178  188  201  215  230  245  260  274  287  299  309
  316  322  325  326  326  324  321  317  312  307  302  296  290  282  273  265
  258  252  247  248  247  247  253  264  254                                   
    52.5-180.0 180.0   5.0 450.0                            LAT/LON1/LON2/DLON/H
  272  269  262  253  242  230  222  213  207  201  199  200  201  201  199  195
  189  183  177  172  169  168  168  168  169  170  170  169  166  163  160  157
  156  156  157  161  168  176  188  201  216  230  245  260  274  287  300  311
  320  328  333  337  339  340  339  337  334  331  326  321  314  305  295  285
  276  268  261  260  259  260  266  277  272                                   
    50.0-180.0 180.0   5.0 450.0                            LAT/LON1/LON2/DLON/H
  292  290  284  277  268  256  245  233  222  211  204  201  199  197  195  191
  186  181  177  175  174  175  176  179  182  184  184  182  179  174  168  163
  160  158  159  163  169  178  190  204  218  233  247  261  275  289  303  316
  327  337  344  349  353  356  357  357  356  354  350  345  338  329  318  308
  297  288  281  278  276  277  282  292  292                                   
    47.5-180.0 180.0   5.0 450.0                            LAT/LON1/LON2/DLON/H
  310  310  305  301  295  285  274  259  244  229  216  208  202  197  193  188
  184  180  179  178  180  182  186  190  194  197  198  197  193  187  181  174
  169  166  166  168  174  183  195  208  222  236  250  264  278  293  308  323
  336  347  356  362  367  370  373  374  374  372  370  365  358  349  340  330
  320  312  304  301  298  298  301  309  310                                   
    45.0-180.0 180.0   5.0 450.0                            LAT/LON1/LON2/DLON/H
  325  325  321  320  318  311  302  288  271  251  234  220  210  202  195  189
  185  182  182  184  187  191  196  201  206  210  211  211  207  202  195  189
  183  179  176  177  181  189  200  213  227  241  255  269  284  300  317  333
  348  359  367  374  379  382  386  388  389  388  386  382  375  367  359  351
  344  337  331  327  323  322  323  328  325                                   
    42.5-180.0 180.0   5.0 450.0                            LAT/LON1/LON2/DLON/H
  338  335  331  331  332  330  323  311  295  274  254  237  222  211  201  194
  189  187  188  192  196  201  206  212  217  221  224  224  222  217  212  206
  199  193  188  186  188  194  205  218  232  247  261  276  292  310  328  345
  359  370  378  384  389  394  398  402  404  405  403  399  393  386  379  373
  369  365  361  357  352  349  348  349  338                                   
    40.0-180.0 180.0   5.0 450.0                            LAT/LON1/LON2/DLON/H
  350  343  337  335  337  337  333  325  311  292  272  253  237  223  211  202
  197  196  197  201  206  212  217  223  229  233  236  237  236  233  229  223
  216  207  200  194  194  199  209  222  238  253  269  285  302  321  340  356
  370  380  388  395  401  408  415  421  426  429  428  425  419  411  405  400
  397  396  394  390  385  380  376  373  350                                   
    37.5-180.0 180.0   5.0 450.0                            LAT/LON1/LON2/DLON/H
  366  356  345  337  338  337  333  328  318  302  285  268  251  236  223  214
  208  206  208  213  218  224  230  236  242  247  250  251  251  249  246  240
  231  220  210  201  198  202  212  226  243  260  277  294  312  331  349  366
  379  389  397  406  415  427  438  449  458  464  466  463  457  448  440  435
  432  432  431  427  421  416  409  402  366                                   
    35.0-180.0 180.0   5.0 450.0                            LAT/LON1/LON2/DLON/H
  394  380  363  347  343  338  332  326  319  307  293  278  264  249  237  227
  221  219  221  225  231  237  245  252  260  265  268  268  267  265  261  254
  244  231  217  206  201  203  213  228  246  265  283  301  319  338  356  372
  385  396  407  419  434  451  470  488  503  513  518  517  510  500  489  481
  477  476  475  469  462  457  447  436  394                                   
    32.5-180.0 180.0   5.0 450.0                            LAT/LON1/LON2/DLON/H
  436  422  399  375  363  352  339  330  322  311  299  288  275  262  250  240
  234  231  232  236  243  252  262  273  281  287  289  288  285  281  275  266
  253  237  221  208  202  203  213  228  247  266  285  304  322  340  357  374
  388  402  417  434  456  482  509  535  557  573  582  583  577  566  552  540
  533  529  526  517  510  504  490  478  436                                   
    30.0-180.0 180.0   5.0 450.0                            LAT/LON1/LON2/DLON/H
  495  485  458  427  408  390  369  352  338  325  312  300  288  276  264  254
  246  243  243  247  255  267  281  296  307  313  313  309  303  295  287  275
  259  240  222  208  200  201  210  224  243  263  283  301  319  336  354  372
  389  407  427  452  481  515  551  585  615  638  652  657  653  641  625  608
  596  590  584  571  561  554  537  524  495                                   
    27.5-180.0 180.0   5.0 450.0                            LAT/LON1/LON2/DLON/H
  567  565  538  506  481  456  426  399  376  356  337  321  306  292  279  267
  258  252  251  255  265  281  301  319  333  338  335  328  317  306  294  278
  259  239  219  204  196  196  203  216  233  253  274  293  311  329  348  368
  390  413  440  472  508  550  592  633  669  698  718  728  726  715  697  677
  661  650  640  624  612  602  585  573  567                                   
    25.0-180.0 180.0   5.0 450.0                            LAT/LON1/LON2/DLON/H
  642  652  632  603  576  550  512  474  440  408  380  355  333  314  297  282
  270  262  259  263  275  295  319  340  355  358  352  340  326  311  294  275
  254  232  213  198  189  187  191  201  217  237  259  279  299  318  340  364
  391  421  454  492  534  579  625  669  708  741  766  780  783  775  758  735
  715  700  687  669  655  643  630  619  642                                   
    22.5-180.0 180.0   5.0 450.0                            LAT/LON1/LON2/DLON/H
  708  732  721  704  678  656  615  570  525  481  440  403  371  344  320  301
  284  273  268  271  285  308  334  356  368  368  358  342  324  306  287  266
  243  221  202  188  178  174  174  182  196  216  240  263  285  307  333  362
  395  430  468  509  552  597  641  684  722  756  783  803  811  809  794  772
  750  733  718  699  684  671  666  656  708                                   
    20.0-180.0 180.0   5.0 450.0                            LAT/LON1/LON2/DLON/H
  754  786  788  784  767  753  716  669  618  564  510  461  418  381  350  324
  303  288  281  284  298  320  345  363  371  365  350  330  310  290  270  249
  226  206  188  175  165  158  156  160  173  194  220  246  272  298  328  362
  400  440  480  521  561  602  641  677  711  742  770  794  809  812  803  785
  764  747  732  715  699  685  688  680  754                                   
    17.5-180.0 180.0   5.0 450.0                            LAT/LON1/LON2/DLON/H
  772  806  818  827  819  818  790  749  698  640  578  520  468  423  385  353
  328  310  300  301  314  333  352  364  363  349  328  305  284  265  247  227
  207  189  173  161  150  141  136  139  152  174  202  232  262  292  326  364
  405  447  488  526  563  597  628  657  683  709  736  762  782  792  790  778
  761  746  734  719  704  688  696  691  772                                   
    15.0-180.0 180.0   5.0 450.0                            LAT/LON1/LON2/DLON/H
  765  790  806  822  825  834  820  789  745  690  628  568  512  463  421  386
  357  337  326  325  333  346  357  357  345  322  295  270  251  235  221  205
  188  172  158  146  135  125  119  121  134  158  189  222  256  290  326  366
  409  451  491  527  558  587  611  632  651  671  695  720  744  760  765  759
  749  738  729  717  703  687  696  692  765                                   
    12.5-180.0 180.0   5.0 450.0                            LAT/LON1/LON2/DLON/H
  741  750  760  775  784  799  796  778  746  700  645  590  538  492  451  416
  388  367  355  352  355  359  357  344  319  287  256  231  215  205  196  184
  170  156  144  132  121  111  106  109  123  148  181  217  252  288  326  367
  409  451  489  521  550  575  596  612  627  642  661  684  708  728  738  739
  735  729  724  716  703  687  695  692  741                                   
    10.0-180.0 180.0   5.0 450.0                            LAT/LON1/LON2/DLON/H
  711  700  698  704  710  725  727  719  699  666  624  581  540  501  467  438
  413  395  384  378  375  369  353  326  289  250  217  195  184  179  174  166
  155  143  131  120  109  101   97  102  117  143  177  213  250  286  324  364
  405  444  481  512  541  566  587  603  616  628  643  663  686  706  720  725
  726  725  724  719  708  692  698  697  711                                   
     7.5-180.0 180.0   5.0 450.0                            LAT/LON1/LON2/DLON/H
  688  659  640  631  627  633  632  629  618  598  571  543  516  489  465  444
  427  413  404  396  387  370  341  302  258  216  184  166  160  159  158  152
