data/edconvlstm_nd/pred3130.15i
     1.0            IONOSPHERE MAPS     GNSS                IONEX VERSION / TYPE
pyspatialgeodesy        IME             05-JAN-18 20:20     PGM / RUN BY / DATE 
Map Name                                                    COMMENT             
Predicted global ionosphere maps (GIM).                     DESCRIPTION         
  2015    11     9     0     0     0                        EPOCH OF FIRST MAP  
  2015    11    10     0     0     0                        EPOCH OF LAST MAP   
  7200                                                      INTERVAL            
    13                                                      # OF MAPS IN FILE   
  NONE                                                      MAPPING FUNCTION    
10.0                                                        ELEVATION CUTOFF    
One-way carrier phase leveled to code                       OBSERVABLES USED    
  6371.0                                                    BASE RADIUS         
 2                                                          MAP DIMENSION       
   450.0 450.0   0.0                                        HGT1 / HGT2 / DHGT  
    87.5 -87.5  -2.5                                        LAT1 / LAT2 / DLAT  
  -180.0 180.0   5.0                                        LON1 / LON2 / DLON  
    -1                                                      EXPONENT            
                                                            END OF HEADER       
[from data line 2574]
     7                                                      START OF TEC MAP    
  2015    11     9    12     0     0                        EPOCH OF CURRENT MAP
    87.5-180.0 180.0   5.0 450.0                            LAT/LON1/LON2/DLON/H
   50   60   62   65   68   67   67   64   65   67   67   68   68   68   68   68
   68   68   67   67   66   66   65   64   63   62   61   60   59   57   56   55
   53   52   50   49   47   46   45   44   43   42   42   42   42   42   42   43
   43   44   45   46   47   48   49   50   51   52   53   53   54   55   55   56
   57   58   56   54   59   62   75   75   50                                   
    85.0-180.0 180.0   5.0 450.0                            LAT/LON1/LON2/DLON/H
   53   69   82   66   68   71   71   72   72   74   74   75   75   75   75   75
   75   75   75   74   74   74   73   73   72   71   70   70   69   67   66   65
   63   61   60   58   56   55   53   52   51   50   49   48   48   48   48   49
   49   50   51   52   53   55   56   57   59   60   61   62   63   63   64   65
   66   66   62   60   64   67   78   73   53                                   
    82.5-180.0 180.0   5.0 450.0                            LAT/LON1/LON2/DLON/H
   45   59   70   61   62   63   65   66   68   69   70   71   71   71   71   71
   71   70   70   70   69   69   69   68   68   68   67   67   66   65   64   62
   60   58   56   54   52   50   48   46   44   43   42   41   41   41   41   42
   43   44   45   46   48   50   51   53   54   55   57   57   58   59   59   59
   60   60   57   55   61   68   68   64   45                                   
    80.0-180.0 180.0   5.0 450.0                            LAT/LON1/LON2/DLON/H
   42   51   62   55   57   55   58   59   62   63   64   65   65   65   65   65
   64   64   64   64   64   64   64   65   65   66   66   66   66   66   65   63
   62   59   57   54   51   49   46   44   42   41   40   39   39   39   39   40
   41   42   43   45   46   48   50   52   53   54   55   56   56   56   56   55
   55   55   53   52   54   61   62   62   42                                   
    77.5-180.0 180.0   5.0 450.0                            LAT/LON1/LON2/DLON/H
   45   49   50   44   46   46   49   50   54   54   54   56   56   56   56   56
   56   56   56   56   56   57   59   60   62   64   66   68   69   69   69   68
   66   64   61   58   54   51   48   45   43   42   40   40   39   40   40   41
   42   43   45   46   48   49   51   52   54   54   55   55   54   54   53   52
   50   49   47   46   45   45   50   51   45                                   
    75.0-180.0 180.0   5.0 450.0                            LAT/LON1/LON2/DLON/H
   30   37   37   36   39   40   41   43   45   46   46   47   47   47   47   47
   47   47   48   48   49   51   53   56   59   62   66   69   72   74   75   75
   74   72   69   66   63   59   57   54   53   51   51   50   50   50   50   51
   51   52   52   53   54   54   55   55   55   55   55   54   53   52   51   49
   47   45   43   39   41   38   39   36   30                                   
    72.5-180.0 180.0   5.0 450.0                            LAT/LON1/LON2/DLON/H
   29   34   33   33   35   37   40   40   41   42   41   42   42   42   42   43
   43   43   44   44   45   47   49   52   56   61   66   70   75   78   81   82
   81   80   77   75   71   69   67   65   64   64   64   64   65   65   64   64
   63   62   61   60   59   58   57   56   55   54   53   52   51   50   48   47
   45   43   41   38   39   37   37   37   29                                   
    70.0-180.0 180.0   5.0 450.0                            LAT/LON1/LON2/DLON/H
   28   34   34   35   37   38   39   40   41   42   41   42   41   42   42   43
   43   44   44   45   46   47   50   53   57   62   68   74   79   84   88   90
   90   90   87   85   82   80   78   78   78   79   81   82   82   82   81   80
   77   75   71   68   65   61   58   56   53   51   50   49   48   47   46   46
   44   43   43   40   41   39   42   41   28                                   
    67.5-180.0 180.0   5.0 450.0                            LAT/LON1/LON2/DLON/H
   29   36   36   37   38   40   43   44   44   44   43   44   43   44   45   46
   47   47   48   48   49   50   52   55   60   65   70   77   83   88   93   96
   97   96   94   91   89   87   86   86   88   90   93   94   95   95   93   90
   86   81   76   70   65   59   55   50   47   45   44   43   43   43   43   44
   44   43   44   42   43   42   43   42   29                                   
    65.0-180.0 180.0   5.0 450.0                            LAT/LON1/LON2/DLON/H
   30   38   37   39   40   42   45   46   47   47   45   46   46   46   48   49
   50   51   52   52   53   54   56   58   62   67   73   79   86   92   97  101
  103  102  100   97   94   92   92   93   96   99  103  106  107  107  104  100
   94   87   80   72   64   57   50   45   41   39   37   37   38   39   40   42
   43   44   46   45   47   47   47   47   30                                   
    62.5-180.0 180.0   5.0 450.0                            LAT/LON1/LON2/DLON/H
   29   37   36   38   39   42   45   47   47   47   46   46   46   48   49   51
   53   54   54   55   55   57   59   61   65   69   75   81   88   95  101  106
  108  108  106  102   98   96   95   97  100  105  109  113  115  114  111  105
   98   90   80   71   61   53   45   39   35   32   31   32   33   34   36   38
   40   41   45   45   47   46   47   46   29                                   
    60.0-180.0 180.0   5.0 450.0                            LAT/LON1/LON2/DLON/H
   26   33   31   33   34   37   40   42   43   43   42   43   43   45   47   49
   51   52   53   53   54   56   59   62   65   70   75   82   89   96  104  109
  113  113  110  106  101   98   97   98  102  107  112  117  119  118  115  108
  100   91   81   70   60   50   42   36   32   29   28   28   29   30   31   32
   34   35   39   40   44   42   42   41   26                                   
    57.5-180.0 180.0   5.0 450.0                            LAT/LON1/LON2/DLON/H
   23   28   25   28   28   31   34   36   37   38   37   38   39   42   44   46
   48   49   49   50   52   55   59   63   67   72   77   84   92  100  109  116
  120  121  119  114  108  104  102  103  106  112  118  123  126  126  122  116
  108   98   87   76   65   56   48   41   37   35   34   33   33   32   31   31
   31   31   35   36   40   37   36   37   23                                   
    55.0-180.0 180.0   5.0 450.0                            LAT/LON1/LON2/DLON/H
   21   25   21   23   23   26   28   30   31   31   32   33   34   37   39   42
   43   44   45   47   50   54   59   64   70   75   81   87   96  105  115  124
  130  131  129  124  118  112  109  110  113  119  126  132  136  136  133  127
  119  109   98   88   77   68   60   54   50   48   47   46   44   41   38   35
   32   31   33   34   38   33   33   33   21                                   
    52.5-180.0 180.0   5.0 450.0                            LAT/LON1/LON2/DLON/H
   22   25   20   22   21   23   24   25   26   26   27   28   30   33   35   37
   39   39   41   43   47   53   59   66   73   79   85   92  101  112  123  133
  140  143  141  136  129  123  119  119  123  130  137  144  149  150  147  142
  133  124  114  103   94   85   78   72   69   67   66   65   62   57   51   44
   39   35   36   36   41   35   34   34   22                                   
    50.0-180.0 180.0   5.0 450.0                            LAT/LON1/LON2/DLON/H
   29   30   24   25   24   25   25   24   24   24   24   26   27   30   33   34
   35   36   38   41   46   53   61   69   77   84   91   99  108  119  130  141
  149  153  152  147  141  135  131  131  135  142  150  157  163  164  162  157
  149  139  130  120  111  103   97   92   89   87   87   85   82   76   68   60
   52   46   45   44   47   44   42   41   29                                   
    47.5-180.0 180.0   5.0 450.0                            LAT/LON1/LON2/DLON/H
   40   40   34   33   31   31   29   28   27   26   25   26   28   30   32   34
   35   35   37   41   47   55   64   73   82   90   97  105  115  125  137  147
  155  160  160  157  153  148  145  145  149  155  163  170  176  177  175  170
  161  152  142  133  125  117  111  107  104  103  103  102  100   94   86   77
   68   61   59   56   59   57   55   54   40                                   
    45.0-180.0 180.0   5.0 450.0                            LAT/LON1/LON2/DLON/H
   53   55   48   47   42   42   38   35   32   31   30   30   31   33   35   36
   37   37   39   43   49   58   68   78   88   96  104  113  121  131  141  151
  159  164  167  166  164  161  160  160  163  169  176  182  186  187  184  178
  169  159  149  140  131  124  118  114  111  110  110  111  110  106  100   92
   84   77   74   70   73   73   72   70   53                                   
    42.5-180.0 180.0   5.0 450.0                            LAT/LON1/LON2/DLON/H
   64   68   63   61   56   55   50   45   42   40   38   38   38   40   41   42
   41   41   43   47   54   63   73   84   94  104  113  121  129  137  145  154
  161  168  173  175  177  177  177  178  180  184  189  193  195  194  190  182
  172  161  150  140  131  123  117  112  109  108  109  110  111  109  106  101
   94   89   86   82   84   86   85   84   64                                   
    40.0-180.0 180.0   5.0 450.0                            LAT/LON1/LON2/DLON/H
   70   77   73   73   67   66   61   57   53   51   49   48   49   50   51   50
   49   48   49   53   60   69   80   91  102  113  123  131  138  144  151  158
  165  174  182  189  194  198  200  201  202  203  205  206  205  202  195  185
  174  162  150  139  128  119  112  106  103  101  102  103  105  105  104  102
   98   94   91   87   89   91   91   91   70                                   
    37.5-180.0 180.0   5.0 450.0                            LAT/LON1/LON2/DLON/H
   69   78   76   77   73   71   68   66   64   63   61   61   61   62   63   62
   59   57   58   61   68   77   88  100  113  126  137  145  151  156  160  167
  175  186  198  210  219  226  229  230  230  229  228  226  222  215  206  195
  182  169  156  143  131  120  111  104   99   96   96   97   98   99   99   98
   95   91   89   84   86   86   87   88   69                                   
    35.0-180.0 180.0   5.0 450.0                            LAT/LON1/LON2/DLON/H
   62   72   70   72   69   68   68   69   71   72   72   73   74   75   75   74
   70   68   67   70   77   87   99  113  127  142  154  163  168  172  176  184
  195  209  226  241  254  263  268  269  267  264  260  255  249  240  229  217
  204  190  176  162  147  134  122  113  106  102  100  100   99   98   97   95
   91   86   83   77   76   73   74   77   62                                   
    32.5-180.0 180.0   5.0 450.0                            LAT/LON1/LON2/DLON/H
   53   61   57   61   59   58   61   66   71   76   80   82   84   86   86   84
   81   78   77   81   88  100  113  129  145  161  174  184  190  194  200  209
  224  243  264  283  299  309  314  315  313  309  303  297  289  279  267  255
  242  228  214  198  181  165  151  139  131  126  122  119  115  110  105   99
   92   84   79   70   68   60   62   64   53                                   
    30.0-180.0 180.0   5.0 450.0                            LAT/LON1/LON2/DLON/H
   47   51   44   49   46   45   49   57   66   74   80   86   90   93   94   93
   90   87   87   91  101  114  130  147  165  182  197  207  214  221  229  243
  263  287  311  333  351  362  367  368  366  362  356  349  340  330  320  308
  296  283  268  251  233  215  198  185  176  169  164  158  151  141  130  119
  106   94   85   73   67   55   56   54   47                                   
    27.5-180.0 180.0   5.0 450.0                            LAT/LON1/LON2/DLON/H
   48   47   35   41   37   35   39   47   57   66   75   82   88   93   97   97
   96   94   96  102  114  129  147  166  185  203  218  230  240  250  263  283
  308  337  365  389  407  418  423  425  423  420  415  409  401  392  382  372
  362  350  335  318  299  279  262  248  238  231  225  217  205  190  173  155
  137  120  106   90   79   64   62   54   48                                   
    25.0-180.0 180.0   5.0 450.0                            LAT/LON1/LON2/DLON/H
   59   53   35   40   35   31   33   39   48   57   65   73   81   88   93   97
   98   99  103  113  127  146  165  185  203  221  237  251  264  279  299  325
  357  391  421  446  463  473  478  479  479  477  474  470  465  458  451  442
  433  422  407  390  371  352  335  320  309  302  296  287  272  252  229  206
  182  162  142  123  106   87   82   66   59                                   
    22.5-180.0 180.0   5.0 450.0                            LAT/LON1/LON2/DLON/H
   82   71   49   48   41   33   34   37   44   50   56   63   70   78   85   91
   96  101  109  122  140  161  181  200  218  234  251  267  285  306  334  367
  405  442  474  498  512  520  524  526  527  527  527  526  524  520  515  508
  500  488  474  458  440  421  403  387  375  368  363  354  339  316  290  262
  236  213  188  166  145  124  116   94   82                                   
    20.0-180.0 180.0   5.0 450.0                            LAT/LON1/LON2/DLON/H
  114  101   76   66   56   42   40   39   43   46   49   54   59   67   75   83
   90   99  112  130  151  173  194  211  227  242  260  279  303  331  365  405
  446  485  517  538  549  554  557  560  563  566  569  571  572  571  567  560
  551  539  524  508  489  469  449  431  419  413  408  401  388  367  341  313
  287  264  238  214  190  169  159  132  114                                   
    17.5-180.0 180.0   5.0 450.0                            LAT/LON1/LON2/DLON/H
  149  136  110   92   76   57   51   45   45   45   45   48   52   58   65   75
   85   98  114  136  160  183  203  218  232  246  265  289  318  352  392  435
  478  516  545  562  570  573  576  580  585  591  596  601  604  604  600  592
  580  566  550  532  511  489  466  447  434  427  423  419  409  391  370  347
  325  305  280  258  233  214  203  173  149                                   
    15.0-180.0 180.0   5.0 450.0                            LAT/LON1/LON2/DLON/H
  177  170  146  121  100   76   65   55   50   47   45   45   48   53   60   69
   81   97  117  142  168  192  210  223  235  249  270  297  331  370  413  457
  499  534  558  571  577  580  584  589  596  603  610  615  619  618  612  601
  587  571  552  532  509  485  460  438  423  415  412  408  401  389  373  357
  341  327  307  288  265  247  237  206  177                                   
    12.5-180.0 180.0   5.0 450.0                            LAT/LON1/LON2/DLON/H
  194  193  175  147  123   96   82   68   59   52   48   47   48   52   58   68
   81   98  122  149  176  199  216  228  239  254  277  308  345  387  431  473
  511  540  560  571  576  580  585  593  601  608  614  618  619  616  608  595
  578  559  539  517  493  466  440  417  399  389  383  379  374  365  355  345
  336  327  314  298  278  260  253  223  194                                   
    10.0-180.0 180.0   5.0 450.0                            LAT/LON1/LON2/DLON/H
  197  201  189  164  141  115  100   83   72   62   56   53   53   56   61   70
   83  103  128  157  185  208  224  235  247  264  289  323  361  403  445  483
  515  540  556  566  572  578  586  596  604  610  613  614  612  606  596  581
  563  542  521  497  472  445  417  392  372  358  348  342  336  329  323  318
  314  310  302  288  272  255  250  222  197                                   
     7.5-180.0 180.0   5.0 450.0                            LAT/LON1/LON2/DLON/H
  186  194  184  165  150  127  115   99   86   75   67   63   62   63   67   74
   88  109  136  167  196  219  235  247  260  280  307  341  379  418  455  488
