data/edconvlstm_nd/pred2810.15i
     1.0            IONOSPHERE MAPS     GNSS                IONEX VERSION / TYPE
pyspatialgeodesy        IME             05-JAN-18 20:20     PGM / RUN BY / DATE 
Map Name                                                    COMMENT             
Predicted global ionosphere maps (GIM).                     DESCRIPTION         
  2015    10     8     0     0     0                        EPOCH OF FIRST MAP  
  2015    10     9     0     0     0                        EPOCH OF LAST MAP   
  7200                                                      INTERVAL            
    13                                                      # OF MAPS IN FILE   
  NONE                                                      MAPPING FUNCTION    
10.0                                                        ELEVATION CUTOFF    
One-way carrier phase leveled to code                       OBSERVABLES USED    
  6371.0                                                    BASE RADIUS         
 2                                                          MAP DIMENSION       
   450.0 450.0   0.0                                        HGT1 / HGT2 / DHGT  
    87.5 -87.5  -2.5                                        LAT1 / LAT2 / DLAT  
  -180.0 180.0   5.0                                        LON1 / LON2 / DLON  
    -1                                                      EXPONENT            
                                                            END OF HEADER       
[from data line 4290]
    11                                                      START OF TEC MAP    
  2015    10     8    20     0     0                        EPOCH OF CURRENT MAP
    87.5-180.0 180.0   5.0 450.0                            LAT/LON1/LON2/DLON/H
   81   81   74   76   80   76   74   70   70   72   71   72   72   73   73   73
   73   73   73   73   72   71   70   70   69   68   67   66   65   64   63   62
   61   61   60   60   59   59   59   59   59   59   59   59   60   61   61   62
   63   65   66   67   68   69   70   71   72   73   74   74   75   75   75   75
   75   74   70   67   72   72   89   95   81                                   
    85.0-180.0 180.0   5.0 450.0                            LAT/LON1/LON2/DLON/H
   87   82   90   72   72   75   73   74   74   76   75   76   76   77   78   78
   78   78   78   77   77   76   74   73   72   71   69   68   67   66   65   64
   63   62   61   61   60   60   59   59   59   59   59   60   60   61   62   63
   65   66   68   69   71   72   74   75   76   78   79   79   80   80   80   80
   80   79   74   69   72   75   80   77   87                                   
    82.5-180.0 180.0   5.0 450.0                            LAT/LON1/LON2/DLON/H
   67   68   70   61   64   67   68   67   68   70   71   73   74   75   77   78
   78   79   78   78   77   75   74   72   70   68   67   65   64   62   61   59
   58   57   55   54   53   52   51   51   50   50   50   51   51   52   53   55
   57   59   61   63   65   68   70   72   74   76   78   79   80   80   80   79
   79   76   72   68   72   82   75   75   67                                   
    80.0-180.0 180.0   5.0 450.0                            LAT/LON1/LON2/DLON/H
   48   50   57   50   53   51   56   58   61   63   66   70   72   74   76   78
   79   79   78   77   75   73   70   68   65   63   61   58   56   54   53   51
   49   47   45   43   42   41   39   39   38   38   38   38   39   40   42   44
   46   49   52   55   58   62   65   69   72   74   76   78   78   79   78   77
   76   75   71   68   64   69   61   69   48                                   
    77.5-180.0 180.0   5.0 450.0                            LAT/LON1/LON2/DLON/H
   54   49   49   44   48   48   52   55   58   62   65   71   75   79   82   85
   86   86   85   83   80   77   73   70   67   64   61   59   57   55   53   51
   49   46   44   41   38   36   34   33   31   31   30   30   31   32   33   36
   38   41   45   49   53   58   62   66   70   73   76   78   79   79   78   77
   76   73   71   68   63   62   57   67   54                                   
    75.0-180.0 180.0   5.0 450.0                            LAT/LON1/LON2/DLON/H
   46   44   42   40   44   46   50   53   59   64   70   76   81   87   91   94
   95   95   93   90   86   82   77   73   69   67   64   63   61   60   58   56
   54   51   48   45   41   39   36   34   33   32   31   31   32   33   34   36
   38   41   44   48   52   56   61   65   69   73   75   77   78   78   78   77
   75   74   72   67   62   57   50   51   46                                   
    72.5-180.0 180.0   5.0 450.0                            LAT/LON1/LON2/DLON/H
   52   48   45   46   46   48   53   55   60   65   71   78   85   91   97  100
  102  101   99   94   89   82   76   71   67   64   62   61   61   60   59   58
   55   52   48   45   41   37   35   33   31   30   30   30   31   32   33   34
   36   38   41   44   47   51   55   59   63   67   69   71   72   72   72   71
   70   68   66   61   56   54   50   54   52                                   
    70.0-180.0 180.0   5.0 450.0                            LAT/LON1/LON2/DLON/H
   53   51   49   49   50   52   55   59   65   71   77   84   92   98  104  108
  110  109  105  100   93   86   79   73   68   66   65   65   65   66   65   64
   62   58   54   49   45   41   39   37   36   36   37   38   39   39   40   41
   42   43   44   46   48   51   54   57   61   64   66   68   69   69   69   69
   67   67   66   63   60   58   58   61   53                                   
    67.5-180.0 180.0   5.0 450.0                            LAT/LON1/LON2/DLON/H
   59   57   54   56   56   58   62   65   70   74   80   88   95  102  108  113
  115  114  110  104   96   87   78   71   66   63   62   63   64   65   65   64
   61   58   53   48   44   40   38   37   37   38   40   42   44   45   46   46
   46   46   46   46   47   48   50   53   56   58   60   62   63   63   64   64
   63   62   61   59   57   59   58   60   59                                   
    65.0-180.0 180.0   5.0 450.0                            LAT/LON1/LON2/DLON/H
   58   58   56   58   58   61   64   67   72   76   82   89   96  104  111  116
  119  119  115  108   99   90   80   72   66   62   61   62   63   65   65   64
   61   56   51   46   41   38   36   36   38   40   43   46   49   51   51   51
   50   48   47   45   44   45   46   47   49   52   54   55   56   56   57   57
   57   58   59   58   58   62   63   66   58                                   
    62.5-180.0 180.0   5.0 450.0                            LAT/LON1/LON2/DLON/H
   58   58   56   58   59   62   65   68   72   76   80   87   95  103  111  118
  122  123  120  113  104   93   82   72   65   60   59   59   60   60   60   59
   55   50   45   40   36   33   32   33   35   39   43   47   50   52   52   52
   50   47   45   42   40   39   39   41   42   45   46   48   49   50   51   51
   51   52   53   53   54   58   60   63   58                                   
    60.0-180.0 180.0   5.0 450.0                            LAT/LON1/LON2/DLON/H
   56   56   54   56   56   59   63   66   69   73   77   84   92  101  111  119
  125  127  125  118  109   98   86   75   66   60   57   56   57   57   56   54
   50   45   40   35   31   29   29   30   33   37   41   45   48   50   50   50
   47   44   41   38   35   33   33   34   36   38   40   42   43   44   45   45
   45   46   47   47   50   55   57   62   56                                   
    57.5-180.0 180.0   5.0 450.0                            LAT/LON1/LON2/DLON/H
   54   54   52   54   55   58   62   64   67   70   74   81   90  100  111  120
  127  131  129  124  115  104   92   80   70   63   58   56   55   55   54   51
   47   42   37   33   30   28   29   30   33   37   40   44   46   47   47   46
   44   41   37   34   31   29   29   30   32   35   37   39   40   40   41   42
   42   42   43   44   46   51   53   60   54                                   
    55.0-180.0 180.0   5.0 450.0                            LAT/LON1/LON2/DLON/H
   55   55   54   56   56   58   62   65   67   69   73   79   88   99  110  121
  129  133  133  129  121  111   99   87   76   67   62   59   57   56   55   52
   48   43   39   35   33   32   33   34   36   39   41   43   44   44   43   42
   40   38   35   32   29   28   28   29   31   34   36   38   39   39   40   40
   40   41   41   42   44   49   51   59   55                                   
    52.5-180.0 180.0   5.0 450.0                            LAT/LON1/LON2/DLON/H
   58   60   60   61   61   64   68   69   70   71   74   80   88   99  110  120
  128  133  134  131  126  117  107   95   84   74   68   64   63   61   59   56
   52   48   45   43   42   41   42   43   44   45   45   45   44   42   41   40
   38   37   35   33   31   30   30   32   34   37   39   40   40   40   41   41
   41   42   43   43   46   50   52   61   58                                   
    50.0-180.0 180.0   5.0 450.0                            LAT/LON1/LON2/DLON/H
   66   70   72   72   73   76   79   80   79   78   79   83   90  100  110  119
  126  130  132  132  129  123  115  104   93   84   77   74   72   71   69   65
   62   58   56   55   54   55   55   56   56   55   53   50   47   44   42   41
   40   40   39   38   37   36   37   39   41   43   44   45   44   43   44   44
   44   45   47   48   51   56   58   66   66                                   
    47.5-180.0 180.0   5.0 450.0                            LAT/LON1/LON2/DLON/H
   77   84   87   88   89   93   95   96   93   91   89   90   95  102  110  117
  123  127  130  132  132  129  124  115  105   96   90   86   85   83   81   77
   73   70   68   68   69   70   71   71   70   68   65   60   55   51   48   46
   46   47   47   47   46   47   48   50   52   53   53   51   50   48   48   48
   49   51   53   55   59   65   68   74   77                                   
    45.0-180.0 180.0   5.0 450.0                            LAT/LON1/LON2/DLON/H
   89   98  103  106  108  114  116  116  112  108  104  102  104  108  113  117
  121  124  128  133  137  138  135  128  119  111  105  101   99   98   95   90
   86   83   82   82   84   85   86   86   85   82   78   73   67   61   58   56
   56   57   58   58   59   60   61   63   64   64   62   60   57   54   53   54
   55   58   61   64   69   75   79   85   89                                   
    42.5-180.0 180.0   5.0 450.0                            LAT/LON1/LON2/DLON/H
  100  112  118  123  127  135  138  140  135  130  124  120  118  119  119  121
  122  126  131  138  145  149  149  144  136  128  121  117  114  112  108  103
   99   95   95   96   98   99  100  100   99   97   93   87   81   75   70   68
   68   68   69   70   71   72   74   75   76   75   72   68   64   61   60   61
   62   66   70   73   79   86   91   96  100                                   
    40.0-180.0 180.0   5.0 450.0                            LAT/LON1/LON2/DLON/H
  108  122  129  137  145  155  161  164  161  157  149  144  139  136  133  132
  132  135  141  150  159  166  167  163  155  145  137  132  128  125  120  115
  111  108  108  109  111  112  113  112  111  110  106  101   95   89   84   81
   80   80   80   81   81   83   84   85   85   83   80   75   71   67   66   67
   69   74   79   82   88   96  101  106  108                                   
    37.5-180.0 180.0   5.0 450.0                            LAT/LON1/LON2/DLON/H
  115  129  137  148  159  172  181  188  188  186  180  175  168  162  157  153
  152  154  161  170  180  187  188  183  174  162  153  145  140  135  131  126
  123  122  122  124  125  125  125  124  122  121  118  113  107  101   95   92
   89   88   87   87   88   89   90   91   91   89   85   80   76   73   73   74
   76   82   87   91   96  104  109  116  115                                   
    35.0-180.0 180.0   5.0 450.0                            LAT/LON1/LON2/DLON/H
  120  134  144  156  171  187  201  211  217  219  217  212  206  199  191  186
  184  185  191  199  207  212  211  204  192  179  166  157  150  145  142  139
  139  139  141  142  142  140  138  135  132  130  126  122  116  110  104   99
   96   93   91   90   90   91   93   93   93   90   87   83   80   78   78   80
   82   88   94   98  104  111  116  126  120                                   
    32.5-180.0 180.0   5.0 450.0                            LAT/LON1/LON2/DLON/H
  128  141  154  165  183  201  219  235  246  254  257  256  252  245  238  232
  228  228  230  235  239  239  234  224  210  194  179  167  160  155  154  155
  158  162  164  164  162  157  151  146  141  136  132  127  121  115  109  104
   99   95   91   89   89   90   92   93   92   90   87   85   83   82   83   85
   88   94  101  106  111  119  125  137  128                                   
    30.0-180.0 180.0   5.0 450.0                            LAT/LON1/LON2/DLON/H
  140  153  168  178  197  217  239  259  276  290  299  303  303  299  293  287
  282  279  276  275  272  267  258  244  226  208  191  179  171  168  170  175
  182  189  192  190  183  174  165  156  148  141  135  128  122  116  110  105
  100   95   91   88   87   88   90   91   90   88   86   85   85   86   88   90
   93  100  108  115  121  131  138  152  140                                   
    27.5-180.0 180.0   5.0 450.0                            LAT/LON1/LON2/DLON/H
  159  173  189  197  217  238  262  285  307  326  340  350  355  355  353  348
  342  334  325  316  306  295  281  263  243  223  205  192  185  185  190  200
  211  219  221  215  203  189  176  164  154  144  135  128  121  115  110  105
   99   94   90   88   87   88   89   90   89   88   86   85   87   89   92   95
   98  106  116  126  135  147  158  172  159                                   
    25.0-180.0 180.0   5.0 450.0                            LAT/LON1/LON2/DLON/H
  184  199  215  222  242  264  289  315  340  362  381  396  406  411  412  409
  402  390  375  359  342  325  307  285  263  241  223  210  205  207  216  230
  244  251  249  237  219  199  182  168  156  145  135  126  119  114  109  105
  100   95   92   89   88   89   90   90   90   88   86   86   88   91   95   98
  102  112  124  138  151  168  184  196  184                                   
    22.5-180.0 180.0   5.0 450.0                            LAT/LON1/LON2/DLON/H
  212  229  245  250  271  294  320  347  374  399  421  439  453  463  468  468
  460  446  426  404  382  360  338  313  287  264  245  234  231  236  248  263
  277  281  272  251  225  201  182  168  155  144  134  126  119  114  110  106
  102   99   96   94   92   92   92   92   91   89   86   86   88   92   96  100
  105  117  133  151  169  191  212  223  212                                   
    20.0-180.0 180.0   5.0 450.0                            LAT/LON1/LON2/DLON/H
  239  259  273  279  300  324  351  379  407  434  457  478  496  510  520  522
  516  501  479  454  429  403  376  347  317  292  274  264  263  270  283  297
  306  303  285  255  223  196  177  164  154  144  135  128  122  118  114  111
  107  104  101   99   97   95   94   94   92   90   87   85   87   90   95  100
  106  121  139  161  184  212  237  249  239                                   
    17.5-180.0 180.0   5.0 450.0                            LAT/LON1/LON2/DLON/H
  262  284  297  304  325  350  378  407  436  464  489  513  534  552  566  572
  568  554  533  508  482  454  422  388  354  327  309  300  301  308  318  327
  327  314  286  250  214  186  169  160  153  147  140  135  130  126  122  118
  114  110  107  105  101   98   96   94   93   90   87   85   85   88   93   98
  105  122  142  168  195  227  256  268  262                                   
    15.0-180.0 180.0   5.0 450.0                            LAT/LON1/LON2/DLON/H
  276  300  313  321  343  368  399  428  459  488  514  540  564  587  604  615
  615  606  588  566  541  511  475  435  396  366  348  340  340  344  349  349
  340  317  282  241  205  180  166  161  158  155  152  148  144  140  134  128
  122  117  113  109  104   99   95   93   91   89   86   83   83   85   90   95
  103  121  143  170  199  234  265  278  276                                   
    12.5-180.0 180.0   5.0 450.0                            LAT/LON1/LON2/DLON/H
  280  307  319  329  353  378  410  441  472  502  530  558  586  612  634  649
  656  653  642  625  601  570  530  485  442  409  388  380  377  377  374  365
  346  317  279  238  205  183  173  171  172  172  170  167  163  157  149  140
  131  123  117  111  105   98   93   90   89   87   84   82   81   83   87   93
  100  119  140  168  197  233  265  279  280                                   
    10.0-180.0 180.0   5.0 450.0                            LAT/LON1/LON2/DLON/H
  277  306  318  330  355  381  414  444  477  508  537  567  596  625  651  672
  685  691  688  677  657  626  583  533  486  449  427  416  410  404  394  378
  354  322  285  248  219  202  195  194  196  196  194  190  185  176  165  152
  139  128  120  112  104   96   90   86   85   84   83   81   80   82   86   91
   98  116  137  163  190  226  258  273  277                                   
     7.5-180.0 180.0   5.0 450.0                            LAT/LON1/LON2/DLON/H
  271  301  313  327  353  379  413  443  476  507  537  566  596  626  655  680
  699  713  720  716  700  669  625  572  522  483  458  445  436  426  411  391
