data/edconvlstm_nd/pred2120.15i
     1.0            IONOSPHERE MAPS     GNSS                IONEX VERSION / TYPE
pyspatialgeodesy        IME             05-JAN-18 20:20     PGM / RUN BY / DATE 
Map Name                                                    COMMENT             
Predicted global ionosphere maps (GIM).                     DESCRIPTION         
  2015     7    31     0     0     0                        EPOCH OF FIRST MAP  
  2015     8     1     0     0     0                        EPOCH OF LAST MAP   
  7200                                                      INTERVAL            
    13                                                      # OF MAPS IN FILE   
  NONE                                                      MAPPING FUNCTION    
10.0                                                        ELEVATION CUTOFF    
One-way carrier phase leveled to code                       OBSERVABLES USED    
  6371.0                                                    BASE RADIUS         
 2                                                          MAP DIMENSION       
   450.0 450.0   0.0                                        HGT1 / HGT2 / DHGT  
    87.5 -87.5  -2.5                                        LAT1 / LAT2 / DLAT  
  -180.0 180.0   5.0                                        LON1 / LON2 / DLON  
    -1                                                      EXPONENT            
                                                            END OF HEADER       
[from data line 2145]
     6                                                      START OF TEC MAP    
  2015     7    31    10     0     0                        EPOCH OF CURRENT MAP
    87.5-180.0 180.0   5.0 450.0                            LAT/LON1/LON2/DLON/H
  116  120  117  122  123  123  122  119  121  123  123  125  125  126  126  127
  127  128  128  128  128  129  129  129  128  128  128  128  128  127  127  127
  127  126  126  125  125  125  125  125  124  124  125  125  125  125  125  126
  126  126  126  125  125  125  124  124  123  122  122  121  120  119  118  118
  118  119  117  114  118  116  125  124  116                                   
    85.0-180.0 180.0   5.0 450.0                            LAT/LON1/LON2/DLON/H
  114  121  128  123  124  127  127  129  130  132  132  133  134  135  136  136
  137  137  137  137  138  138  138  138  138  138  137  137  137  137  136  136
  136  135  135  135  134  134  134  134  134  134  134  135  135  136  136  136
  136  136  136  136  135  135  134  133  132  131  130  129  128  127  126  125
  126  126  121  118  115  115  121  124  114                                   
    82.5-180.0 180.0   5.0 450.0                            LAT/LON1/LON2/DLON/H
  109  120  124  119  118  122  123  125  127  129  130  132  132  133  134  134
  135  135  135  136  136  136  136  136  136  137  137  137  137  137  137  136
  136  136  135  135  135  135  135  135  136  137  138  139  140  141  142  142
  143  143  143  142  141  140  139  138  136  135  133  131  129  127  125  124
  123  122  117  116  113  117  114  110  109                                   
    80.0-180.0 180.0   5.0 450.0                            LAT/LON1/LON2/DLON/H
  108  113  117  116  115  116  118  121  124  126  126  128  129  130  130  131
  131  131  132  132  132  132  132  132  132  132  133  133  133  133  133  133
  133  133  133  132  132  132  133  134  135  137  139  141  143  145  146  148
  148  149  149  148  147  146  144  142  140  138  136  134  131  129  126  125
  123  120  116  115  111  115  118  112  108                                   
    77.5-180.0 180.0   5.0 450.0                            LAT/LON1/LON2/DLON/H
  110  111  113  114  111  114  115  118  121  122  123  124  125  126  126  126
  127  127  127  127  127  127  128  128  128  129  129  130  131  132  133  133
  134  134  134  134  134  134  135  136  138  141  144  147  151  154  156  158
  159  160  160  159  158  156  154  152  150  148  145  142  140  137  134  131
  128  125  119  118  116  114  115  116  110                                   
    75.0-180.0 180.0   5.0 450.0                            LAT/LON1/LON2/DLON/H
  106  108  106  108  106  109  110  112  115  117  116  118  118  119  119  119
  120  120  120  120  120  120  120  120  120  121  122  123  125  127  128  130
  131  132  132  132  132  133  134  136  139  142  146  151  155  159  162  165
  166  166  165  164  162  160  158  157  155  153  151  149  147  144  141  139
  135  131  126  120  119  117  118  114  106                                   
    72.5-180.0 180.0   5.0 450.0                            LAT/LON1/LON2/DLON/H
  105  106  103  105  102  105  106  108  109  111  111  112  113  113  114  114
  114  115  115  115  115  115  114  114  114  115  116  118  121  123  126  129
  132  133  134  134  135  135  136  138  142  146  151  156  161  166  169  171
  171  170  169  167  164  162  161  159  158  158  157  156  155  153  151  149
  146  141  136  131  126  124  122  120  105                                   
    70.0-180.0 180.0   5.0 450.0                            LAT/LON1/LON2/DLON/H
  108  105  101  101   96   97   97   98  100  102  102  104  104  105  106  106
  107  108  108  108  108  108  107  107  106  107  108  110  114  118  122  126
  130  132  134  135  135  135  137  139  142  147  153  159  164  168  171  171
  170  168  165  162  158  156  155  155  155  156  157  158  158  158  157  156
  154  150  145  140  134  131  130  127  108                                   
    67.5-180.0 180.0   5.0 450.0                            LAT/LON1/LON2/DLON/H
  109  106  100   98   93   91   91   91   93   94   95   97   99  100  101  102
  103  104  105  105  105  105  104  103  102  102  103  106  109  114  119  124
  129  132  135  136  136  137  138  140  144  149  155  161  166  170  171  170
  168  163  159  154  150  148  147  148  150  153  155  158  160  161  161  162
  161  158  154  148  142  138  135  131  109                                   
    65.0-180.0 180.0   5.0 450.0                            LAT/LON1/LON2/DLON/H
  114  110  102   98   90   87   85   85   86   88   89   92   94   96   98   99
  101  102  103  104  104  104  103  102  101  100  101  103  107  112  118  124
  130  134  137  139  140  141  142  145  149  154  160  166  171  173  173  171
  166  160  154  148  144  142  142  144  147  151  155  158  161  163  165  167
  167  166  163  159  153  149  146  141  114                                   
    62.5-180.0 180.0   5.0 450.0                            LAT/LON1/LON2/DLON/H
  120  115  106  100   89   84   80   79   79   81   83   86   89   92   94   96
   97   99  100  101  102  102  102  101  100  100  101  103  107  112  118  124
  130  135  139  142  144  145  147  150  155  160  166  172  176  177  176  172
  165  158  151  145  141  140  140  143  147  151  155  158  161  164  166  169
  171  171  170  167  161  158  154  149  120                                   
    60.0-180.0 180.0   5.0 450.0                            LAT/LON1/LON2/DLON/H
  128  122  112  103   91   83   77   74   73   74   75   79   82   86   88   90
   92   93   94   96   97   98   99  100  100  101  102  104  108  112  118  124
  130  136  140  144  147  149  152  156  161  167  173  178  181  182  179  174
  167  159  152  147  143  142  144  147  150  154  157  160  161  163  165  168
  171  173  173  172  168  166  162  155  128                                   
    57.5-180.0 180.0   5.0 450.0                            LAT/LON1/LON2/DLON/H
  137  131  121  111   96   86   78   72   69   68   69   72   75   79   81   83
   84   86   87   89   92   94   97   99  101  103  105  108  111  115  120  126
  131  137  142  147  151  155  159  164  170  176  182  187  189  189  186  180
  173  166  160  155  152  152  154  156  159  162  164  164  164  164  166  169
  172  175  177  177  173  172  168  162  137                                   
    55.0-180.0 180.0   5.0 450.0                            LAT/LON1/LON2/DLON/H
  146  141  132  121  105   93   82   73   68   65   64   66   68   71   73   74
   75   77   79   81   85   89   93   98  102  105  109  112  115  119  123  127
  133  138  144  150  156  162  167  173  179  186  192  196  198  197  194  188
  182  176  170  167  165  165  166  168  170  172  172  170  169  167  167  170
  173  177  179  180  178  177  173  167  146                                   
    52.5-180.0 180.0   5.0 450.0                            LAT/LON1/LON2/DLON/H
  154  150  143  132  116  103   90   79   71   65   62   62   62   64   65   66
   67   69   71   74   78   84   90   97  103  108  113  117  120  123  126  130
  135  140  147  154  162  169  176  183  190  196  202  206  207  206  203  198
  192  187  182  179  177  177  177  179  180  181  179  177  174  171  170  173
  176  180  182  183  181  180  176  170  154                                   
    50.0-180.0 180.0   5.0 450.0                            LAT/LON1/LON2/DLON/H
  160  158  153  143  127  114  101   88   77   69   63   61   59   59   60   60
   61   63   65   69   75   81   89   98  105  112  117  121  124  127  130  133
  137  143  151  160  169  178  187  194  202  208  213  216  217  216  212  207
  202  198  193  190  187  185  185  185  186  186  185  182  179  176  175  177
  181  184  186  186  183  181  176  170  160                                   
    47.5-180.0 180.0   5.0 450.0                            LAT/LON1/LON2/DLON/H
  162  161  158  150  137  126  113  100   88   77   69   64   61   59   58   58
   59   61   64   68   74   82   90  100  108  115  121  125  128  130  132  136
  140  147  155  166  177  188  198  207  214  220  225  227  227  225  222  217
  212  207  202  197  192  188  186  186  186  187  187  186  183  181  180  182
  186  189  190  188  183  180  174  168  162                                   
    45.0-180.0 180.0   5.0 450.0                            LAT/LON1/LON2/DLON/H
  159  159  157  152  142  134  124  112  100   89   79   73   68   64   62   62
   62   64   67   71   77   85   94  103  111  119  124  128  130  132  135  138
  143  151  161  173  186  199  210  220  227  233  237  239  238  236  232  227
  222  216  209  201  194  188  184  182  183  185  186  187  186  185  185  188
  191  193  193  189  182  176  170  164  159                                   
    42.5-180.0 180.0   5.0 450.0                            LAT/LON1/LON2/DLON/H
  152  151  150  147  141  137  130  122  112  102   92   85   79   74   71   70
   70   71   74   78   84   91   99  107  115  122  126  130  132  134  137  141
  147  155  167  181  196  211  223  233  241  246  249  250  250  247  244  239
  233  226  217  206  196  188  182  180  180  183  186  188  189  190  190  193
  196  197  195  189  180  171  163  157  152                                   
    40.0-180.0 180.0   5.0 450.0                            LAT/LON1/LON2/DLON/H
  142  140  139  137  133  133  131  128  122  114  106   99   93   87   83   81
   80   81   84   87   91   97  104  111  118  124  128  131  134  136  139  144
  151  160  173  189  206  222  235  246  254  259  262  263  263  261  258  254
  248  240  229  217  205  195  188  184  184  186  190  193  195  195  196  199
  200  201  196  189  177  166  157  151  142                                   
    37.5-180.0 180.0   5.0 450.0                            LAT/LON1/LON2/DLON/H
  132  127  125  123  121  123  127  128  127  123  118  113  107  101   97   93
   92   92   93   95   98  102  107  114  120  126  131  134  136  139  143  148
  155  166  180  197  215  231  246  257  265  271  275  277  277  277  276  274
  269  261  250  237  225  214  206  201  199  200  202  204  205  205  205  206
  206  205  199  190  176  162  153  146  132                                   
    35.0-180.0 180.0   5.0 450.0                            LAT/LON1/LON2/DLON/H
  125  117  114  109  107  111  118  123  127  128  126  123  119  114  109  105
  102  101  100  101  102  104  109  115  122  128  133  137  140  143  147  153
  161  172  187  204  222  240  255  266  275  282  287  291  294  296  299  299
  296  290  281  270  259  249  240  233  228  225  224  223  221  219  217  217
  215  212  204  193  178  162  153  145  125                                   
    32.5-180.0 180.0   5.0 450.0                            LAT/LON1/LON2/DLON/H
  124  112  107   99   95   99  108  116  123  127  129  130  128  124  119  113
  109  106  104  103  103  104  108  114  122  130  136  141  145  149  153  160
  168  179  193  210  229  246  261  274  283  292  299  305  312  318  324  328
  329  327  321  314  306  297  287  278  269  262  256  250  245  240  235  232
  228  223  213  200  184  168  157  149  124                                   
    30.0-180.0 180.0   5.0 450.0                            LAT/LON1/LON2/DLON/H
  130  115  108   96   89   92  101  108  117  123  128  131  132  129  124  118
  113  109  105  103  101  102  106  113  122  132  140  147  151  156  161  167
  176  187  200  217  234  251  266  279  290  300  310  320  330  341  351  360
  365  367  367  364  360  353  343  331  318  305  294  284  274  265  258  252
  245  238  226  212  195  178  167  159  130                                   
    27.5-180.0 180.0   5.0 450.0                            LAT/LON1/LON2/DLON/H
  142  126  117  101   92   92   99  105  112  119  125  129  132  130  126  120
  114  108  104  100   99   99  103  111  122  133  144  152  158  164  169  176
  185  195  208  224  240  256  271  284  296  309  321  335  349  364  378  390
  400  406  411  414  413  409  399  384  367  349  333  318  305  294  284  276
  267  257  243  227  211  193  181  173  142                                   
    25.0-180.0 180.0   5.0 450.0                            LAT/LON1/LON2/DLON/H
  158  142  133  115  103  100  104  106  111  116  122  127  130  129  126  119
  113  106  101   97   96   97  101  110  121  134  146  156  164  170  177  185
  194  205  218  232  247  263  277  290  303  318  333  350  367  384  401  416
  428  439  447  455  458  455  444  427  407  386  367  350  335  321  311  301
  290  278  262  245  228  209  197  189  158                                   
    22.5-180.0 180.0   5.0 450.0                            LAT/LON1/LON2/DLON/H
  174  159  151  134  121  115  115  114  115  118  121  125  127  127  124  118
  111  104   99   96   94   95  100  109  121  134  147  158  167  175  184  193
  204  216  229  243  257  271  285  299  313  329  346  364  383  402  419  434
  448  460  471  480  485  481  470  451  430  408  389  372  357  345  334  324
  312  298  280  262  244  224  211  204  174                                   
    20.0-180.0 180.0   5.0 450.0                            LAT/LON1/LON2/DLON/H
  186  174  168  153  140  133  129  126  124  123  123  125  126  126  123  117
  111  104   99   95   94   96  101  109  120  133  145  157  167  178  189  201
  214  228  242  256  270  284  297  311  326  342  359  378  397  415  431  445
  458  470  480  489  492  487  473  455  434  416  399  385  372  361  351  341
  328  313  294  274  256  235  221  215  186                                   
    17.5-180.0 180.0   5.0 450.0                            LAT/LON1/LON2/DLON/H
  193  184  180  169  157  149  144  139  134  131  128  127  127  126  123  118
  112  106  100   97   96   98  102  110  119  130  142  153  165  178  192  208
  225  241  257  272  286  300  314  327  342  357  374  391  408  424  437  449
  459  469  477  483  482  474  460  442  425  410  399  389  379  369  360  351
  337  322  301  281  262  239  225  219  193                                   
    15.0-180.0 180.0   5.0 450.0                            LAT/LON1/LON2/DLON/H
  194  187  185  176  167  159  154  149  144  139  134  131  129  127  124  120
  114  109  103  100   99  100  104  109  117  126  137  149  162  178  196  215
  235  254  272  288  304  318  332  346  359  374  388  403  417  429  440  448
  455  461  466  467  463  452  437  421  409  400  394  387  380  371  363  352
  338  322  301  280  261  237  223  217  194                                   
    12.5-180.0 180.0   5.0 450.0                            LAT/LON1/LON2/DLON/H
  193  185  184  177  170  162  157  154  150  145  139  135  131  129  126  123
  118  112  107  103  101  101  103  107  113  121  131  144  159  178  199  221
  244  265  285  303  320  335  350  363  376  389  400  411  422  432  440  445
  449  451  452  449  442  430  415  403  395  391  389  385  378  369  359  347
  332  315  294  273  254  230  216  211  193                                   
    10.0-180.0 180.0   5.0 450.0                            LAT/LON1/LON2/DLON/H
  189  181  181  172  166  158  154  152  150  146  141  136  132  129  127  124
  120  115  110  105  102  101  101  104  109  117  127  141  158  179  202  227
  251  274  295  314  332  349  363  377  388  399  407  415  423  430  437  441
  443  443  441  436  427  415  403  394  390  389  388  383  375  363  350  336
  319  301  281  261  244  220  208  202  189                                   
     7.5-180.0 180.0   5.0 450.0                            LAT/LON1/LON2/DLON/H
  188  178  177  166  159  150  147  146  146  143  139  135  131  128  126  124
  121  116  111  105  101   98   98  100  105  113  125  141  160  182  206  231
