data/edconvlstm_nd/pred0680.15i
     1.0            IONOSPHERE MAPS     GNSS                IONEX VERSION / TYPE
pyspatialgeodesy        IME             05-JAN-18 20:20     PGM / RUN BY / DATE 
Map Name                                                    COMMENT             
Predicted global ionosphere maps (GIM).                     DESCRIPTION         
  2015     3     9     0     0     0                        EPOCH OF FIRST MAP  
  2015     3    10     0     0     0                        EPOCH OF LAST MAP   
  7200                                                      INTERVAL            
    13                                                      # OF MAPS IN FILE   
  NONE                                                      MAPPING FUNCTION    
10.0                                                        ELEVATION CUTOFF    
One-way carrier phase leveled to code                       OBSERVABLES USED    
  6371.0                                                    BASE RADIUS         
 2                                                          MAP DIMENSION       
   450.0 450.0   0.0                                        HGT1 / HGT2 / DHGT  
    87.5 -87.5  -2.5                                        LAT1 / LAT2 / DLAT  
  -180.0 180.0   5.0                                        LON1 / LON2 / DLON  
    -1                                                      EXPONENT            
                                                            END OF HEADER       
[from data line 429]
     2                                                      START OF TEC MAP    
  2015     3     9     2     0     0                        EPOCH OF CURRENT MAP
    87.5-180.0 180.0   5.0 450.0                            LAT/LON1/LON2/DLON/H
  137  140  141  140  140  138  135  134  137  138  140  141  143  144  145  145
  145  145  144  143  142  141  139  137  135  133  132  130  128  127  126  125
  124  123  123  123  123  123  124  124  125  126  127  128  129  131  132  133
  134  135  136  137  138  139  139  140  140  140  139  139  138  137  136  136
  136  137  135  133  133  135  137  136  137                                   
    85.0-180.0 180.0   5.0 450.0                            LAT/LON1/LON2/DLON/H
  141  148  133  139  142  139  137  137  139  141  142  144  145  146  147  147
  147  146  145  143  141  139  136  133  130  128  125  122  120  118  116  115
  114  113  113  113  114  115  116  118  120  122  124  126  129  131  133  136
  138  141  143  145  147  149  151  152  153  153  153  153  152  151  150  150
  150  150  147  147  141  140  141  137  141                                   
    82.5-180.0 180.0   5.0 450.0                            LAT/LON1/LON2/DLON/H
  144  142  144  140  140  138  137  138  141  142  144  146  148  149  150  150
  149  147  145  142  138  134  130  125  121  116  112  108  105  102  100   98
   97   97   97   97   99  100  102  105  108  111  114  117  121  125  128  132
  135  139  143  146  150  153  157  159  162  164  165  166  166  165  164  164
  163  161  158  154  155  142  140  137  144                                   
    80.0-180.0 180.0   5.0 450.0                            LAT/LON1/LON2/DLON/H
  149  145  138  136  136  134  135  138  141  144  146  150  152  154  155  155
  153  151  147  143  138  132  126  119  113  107  101   96   92   89   86   85
   84   84   84   86   88   90   93   96  100  103  107  111  115  119  123  127
  131  136  140  145  150  155  160  165  169  172  175  177  178  177  177  177
  175  171  166  162  166  155  156  148  149                                   
    77.5-180.0 180.0   5.0 450.0                            LAT/LON1/LON2/DLON/H
  158  151  143  142  137  135  138  141  145  148  151  155  158  160  160  159
  157  153  148  143  136  129  121  114  106   99   93   88   84   81   79   78
   78   78   80   82   85   88   91   94   98  102  105  109  112  115  118  122
  125  130  135  140  146  153  160  167  173  178  183  186  188  189  189  189
  187  185  178  177  177  167  167  163  158                                   
    75.0-180.0 180.0   5.0 450.0                            LAT/LON1/LON2/DLON/H
  168  163  154  152  144  141  143  145  149  152  155  158  160  160  159  157
  153  148  142  135  128  121  114  106   99   92   86   81   78   75   74   74
   75   76   78   80   83   86   89   92   94   97  100  102  104  106  108  110
  113  116  121  127  135  144  153  162  171  179  185  190  193  195  196  197
  195  194  190  184  185  181  181  179  168                                   
    72.5-180.0 180.0   5.0 450.0                            LAT/LON1/LON2/DLON/H
  177  178  171  165  157  152  152  154  157  159  161  163  163  161  157  151
  145  139  133  127  121  115  109  103   97   91   86   82   79   77   77   78
   79   81   83   85   87   89   91   93   95   97   99  100  101  102  102  103
  105  109  114  121  130  141  153  164  176  185  193  199  202  204  205  206
  204  203  201  197  197  193  194  195  177                                   
    70.0-180.0 180.0   5.0 450.0                            LAT/LON1/LON2/DLON/H
  195  195  188  181  171  164  162  163  165  166  166  166  162  156  148  139
  131  123  117  113  109  106  102   98   94   89   85   82   80   79   80   81
   83   84   86   87   87   88   89   89   91   92   93   93   93   93   93   94
   95   99  105  113  124  137  151  166  180  191  200  207  210  211  210  210
  208  206  206  204  206  206  210  209  195                                   
    67.5-180.0 180.0   5.0 450.0                            LAT/LON1/LON2/DLON/H
  206  209  201  193  181  172  169  168  170  170  169  166  159  149  138  126
  115  107  102   99   98   98   98   96   93   90   86   83   81   81   81   83
   84   85   85   85   83   82   81   81   82   82   83   84   84   83   83   83
   85   89   96  105  118  134  151  168  185  198  208  214  217  216  214  212
  208  206  205  204  208  210  217  220  206                                   
    65.0-180.0 180.0   5.0 450.0                            LAT/LON1/LON2/DLON/H
  214  219  210  201  189  178  173  172  174  173  171  166  157  144  130  116
  104   96   92   91   92   95   96   96   94   91   87   84   82   81   82   83
   84   84   82   80   77   74   72   72   72   73   75   75   76   76   75   76
   78   83   90  102  117  135  155  175  193  208  219  226  228  226  222  217
  212  207  206  204  209  213  222  227  214                                   
    62.5-180.0 180.0   5.0 450.0                            LAT/LON1/LON2/DLON/H
  220  225  217  207  194  181  175  174  175  175  172  167  157  143  127  112
  100   92   89   89   92   95   97   97   95   91   86   83   80   80   81   82
   82   80   77   73   69   66   64   63   65   66   68   70   71   71   71   72
   75   80   89  102  119  139  161  183  204  220  233  240  243  241  236  229
  221  214  212  208  211  216  226  232  220                                   
    60.0-180.0 180.0   5.0 450.0                            LAT/LON1/LON2/DLON/H
  225  230  222  210  196  181  174  172  173  173  171  166  156  142  128  114
  103   96   93   94   96   98   99   97   93   88   83   79   77   76   77   78
   78   76   73   68   63   60   58   58   60   63   66   68   69   69   70   71
   74   80   91  105  124  146  170  193  215  233  247  256  260  259  255  249
  239  230  226  219  219  222  232  238  225                                   
    57.5-180.0 180.0   5.0 450.0                            LAT/LON1/LON2/DLON/H
  236  240  231  216  202  184  175  171  171  170  168  164  156  144  132  121
  112  106  103  102  101  101   98   95   90   84   79   75   74   74   76   77
   77   75   71   66   62   59   58   59   62   65   68   71   72   72   72   73
   76   83   95  111  131  155  180  204  227  246  262  273  280  282  280  275
  266  256  251  241  238  235  244  249  236                                   
    55.0-180.0 180.0   5.0 450.0                            LAT/LON1/LON2/DLON/H
  257  260  248  231  216  196  183  175  172  168  165  161  154  147  139  132
  126  121  116  111  106  101   96   91   86   81   77   75   75   76   78   79
   79   77   74   70   66   64   64   66   69   72   75   77   77   77   76   77
   81   89  102  120  141  165  190  215  238  259  276  290  301  307  309  308
  301  292  285  274  267  259  265  269  257                                   
    52.5-180.0 180.0   5.0 450.0                            LAT/LON1/LON2/DLON/H
  290  291  276  258  242  220  203  188  179  171  164  159  154  150  147  144
  141  135  127  118  108  100   93   88   85   83   82   82   83   84   86   87
   86   85   82   79   77   76   76   78   81   83   85   86   86   84   84   85
   89   98  112  130  151  175  200  225  248  269  288  305  319  330  337  341
  338  332  326  313  304  291  295  297  290                                   
    50.0-180.0 180.0   5.0 450.0                            LAT/LON1/LON2/DLON/H
  331  331  313  296  281  257  235  214  197  181  169  161  155  154  155  156
  154  147  136  122  109   99   93   91   91   92   94   95   97   99   99   99
   98   96   94   93   92   92   92   93   95   97   98   97   96   94   93   95
  100  109  124  142  163  187  211  234  256  277  297  315  332  348  361  370
  373  372  368  356  345  331  333  334  331                                   
    47.5-180.0 180.0   5.0 450.0                            LAT/LON1/LON2/DLON/H
  374  375  356  341  327  303  277  249  224  200  181  169  162  160  163  166
  164  155  141  124  110  102   99  100  104  109  113  115  117  116  115  112
  110  108  108  108  108  108  109  109  110  110  110  109  107  106  105  107
  113  123  137  155  175  197  220  241  262  282  301  320  339  357  374  388
  397  402  402  393  384  373  373  373  374                                   
    45.0-180.0 180.0   5.0 450.0                            LAT/LON1/LON2/DLON/H
  410  413  396  385  372  349  322  290  258  227  201  184  174  171  173  174
  171  160  144  127  115  111  113  119  126  132  135  137  135  131  126  121
  118  117  118  120  121  123  123  123  122  122  121  120  119  118  118  120
  126  136  150  167  186  206  227  247  267  285  303  322  341  360  379  397
  410  419  424  420  415  409  410  408  410                                   
    42.5-180.0 180.0   5.0 450.0                            LAT/LON1/LON2/DLON/H
  435  439  425  417  405  385  359  327  292  257  227  205  191  185  184  183
  177  164  149  135  128  129  136  144  152  156  156  153  146  138  130  124
  121  122  125  129  131  133  133  133  132  132  131  131  130  130  130  132
  138  147  160  176  194  213  232  251  270  287  305  323  341  361  380  399
  415  428  437  438  438  437  439  435  435                                   
    40.0-180.0 180.0   5.0 450.0                            LAT/LON1/LON2/DLON/H
  446  450  436  429  419  403  379  351  319  284  253  229  213  203  198  193
  184  171  158  150  150  156  165  173  176  174  168  159  148  137  127  122
  122  125  130  135  138  140  140  140  140  140  140  140  140  139  139  141
  146  155  167  182  198  216  235  253  271  289  307  325  344  363  383  402
  419  433  445  451  455  460  463  455  446                                   
    37.5-180.0 180.0   5.0 450.0                            LAT/LON1/LON2/DLON/H
  452  452  436  424  416  401  381  359  333  303  275  252  235  223  214  205
  193  181  173  171  177  187  195  197  193  182  170  156  144  133  125  123
  125  130  136  141  144  145  146  146  146  147  148  148  147  146  144  146
  150  158  169  183  199  216  234  253  273  292  312  331  351  373  393  413
  428  442  456  465  472  483  486  474  452                                   
    35.0-180.0 180.0   5.0 450.0                            LAT/LON1/LON2/DLON/H
  462  458  436  414  404  389  370  354  335  312  290  271  256  243  230  218
  205  195  192  196  205  215  218  211  198  181  165  152  142  135  131  132
  136  142  147  150  151  152  152  153  154  155  155  153  151  147  144  144
  148  156  167  181  196  213  232  252  274  297  320  343  367  392  416  436
  451  463  477  486  497  512  514  498  462                                   
    32.5-180.0 180.0   5.0 450.0                            LAT/LON1/LON2/DLON/H
  488  482  452  416  400  382  361  347  332  316  300  286  273  260  246  232
  219  212  212  219  228  232  227  212  193  175  163  156  152  150  151  154
  158  163  166  166  164  162  161  162  163  163  161  157  151  144  140  139
  143  151  164  178  194  211  231  253  278  305  333  363  394  425  454  477
  492  503  515  524  536  553  552  533  488                                   
    30.0-180.0 180.0   5.0 450.0                            LAT/LON1/LON2/DLON/H
  537  532  493  444  420  397  371  353  338  324  310  299  288  275  261  246
  233  228  229  234  238  234  221  203  186  175  171  175  180  185  189  193
  197  199  197  190  182  176  174  173  173  170  164  157  147  138  132  131
  136  147  161  177  193  211  232  257  285  318  353  391  431  471  508  537
  555  567  577  583  596  613  606  585  537                                   
    27.5-180.0 180.0   5.0 450.0                            LAT/LON1/LON2/DLON/H
  612  611  563  503  471  443  410  384  363  344  327  314  303  290  275  260
  247  241  239  238  233  222  206  192  184  187  198  215  231  242  249  252
  253  248  237  221  206  195  189  186  182  175  166  154  141  130  124  124
  130  143  160  178  196  216  239  267  300  337  379  424  472  522  568  604
  629  646  657  661  673  692  679  657  612                                   
    25.0-180.0 180.0   5.0 450.0                            LAT/LON1/LON2/DLON/H
  707  717  662  595  555  523  481  444  411  383  358  338  323  307  291  274
  260  250  242  232  219  203  191  188  197  218  248  280  306  323  329  328
  321  305  281  252  228  211  202  196  188  176  162  147  133  122  116  118
  127  143  162  183  204  227  254  287  325  368  414  464  517  572  623  665
  696  719  735  742  755  781  772  748  707                                   
    22.5-180.0 180.0   5.0 450.0                            LAT/LON1/LON2/DLON/H
  808  834  781  714  666  629  578  528  483  441  403  373  350  330  311  291
  274  258  242  224  205  191  188  201  230  273  321  366  398  414  415  404
  384  354  316  276  243  222  209  199  187  171  154  138  124  115  111  115
  126  145  168  192  217  245  279  319  363  410  459  509  563  618  669  713
  748  776  798  812  827  864  867  844  808                                   
    20.0-180.0 180.0   5.0 450.0                            LAT/LON1/LON2/DLON/H
  899  939  895  837  785  746  690  630  572  515  463  420  388  361  337  314
  292  271  248  224  204  197  208  239  289  350  411  459  488  495  484  461
  427  384  335  286  249  225  210  197  181  162  144  128  117  110  109  115
  129  150  176  205  235  269  309  356  406  456  506  555  606  656  704  745
  781  812  839  861  879  922  941  923  899                                   
    17.5-180.0 180.0   5.0 450.0                            LAT/LON1/LON2/DLON/H
  963 1007  980  936  890  854  798  734  666  597  532  477  435  401  371  344
  318  294  268  245  229  231  257  306  372  441  501  540  553  544  518  482
  438  387  332  282  245  221  206  190  172  153  135  123  115  112  112  119
  134  157  186  219  253  293  339  391  445  497  545  592  638  683  725  762
  796  827  859  887  907  947  975  967  963                                   
    15.0-180.0 180.0   5.0 450.0                            LAT/LON1/LON2/DLON/H
  986 1025 1018  994  961  934  885  822  751  676  603  540  490  449  415  384
  356  332  309  291  284  298  337  398  467  530  572  588  577  548  507  463
  415  362  309  264  233  214  200  186  168  149  134  125  121  119  120  126
  141  166  197  231  270  314  364  419  473  524  571  615  658  698  734  766
  797  826  860  893  913  943  970  973  986                                   
    12.5-180.0 180.0   5.0 450.0                            LAT/LON1/LON2/DLON/H
  974 1003 1014 1007  988  972  933  878  813  740  666  602  549  505  467  433
  405  384  368  360  366  391  439  500  558  597  608  591  554  507  459  413
  368  322  277  243  221  210  201  189  172  155  142  135  132  130  130  135
  148  172  204  241  282  329  381  436  489  538  583  626  667  704  735  763
  790  815  849  883  901  921  941  952  974                                   
    10.0-180.0 180.0   5.0 450.0                            LAT/LON1/LON2/DLON/H
  941  961  982  985  976  968  939  896  843  780  715  656  606  562  522  487
  461  446  441  446  464  498  546  593  623  625  597  549  493  439  394  355
  319  284  252  230  219  215  210  199  184  169  158  151  147  142  138  140
  152  175  207  245  288  336  388  442  493  540  584  627  667  704  733  757
  781  802  833  865  881  894  907  919  941                                   
     7.5-180.0 180.0   5.0 450.0                            LAT/LON1/LON2/DLON/H
  906  920  944  947  942  938  915  883  843  796  745  698  656  616  576  541
  517  509  515  533  562  599  634  654  645  606  546  479  419  372  339  313
