data/edconvlstm_nd/pred2980.15i
     1.0            IONOSPHERE MAPS     GNSS                IONEX VERSION / TYPE
pyspatialgeodesy        IME             05-JAN-18 20:20     PGM / RUN BY / DATE 
Map Name                                                    COMMENT             
Predicted global ionosphere maps (GIM).                     DESCRIPTION         
  2015    10    25     0     0     0                        EPOCH OF FIRST MAP  
  2015    10    26     0     0     0                        EPOCH OF LAST MAP   
  7200                                                      INTERVAL            
    13                                                      # OF MAPS IN FILE   
  NONE                                                      MAPPING FUNCTION    
10.0                                                        ELEVATION CUTOFF    
One-way carrier phase leveled to code                       OBSERVABLES USED    
  6371.0                                                    BASE RADIUS         
 2                                                          MAP DIMENSION       
   450.0 450.0   0.0                                        HGT1 / HGT2 / DHGT  
    87.5 -87.5  -2.5                                        LAT1 / LAT2 / DLAT  
  -180.0 180.0   5.0                                        LON1 / LON2 / DLON  
    -1                                                      EXPONENT            
                                                            END OF HEADER       
[from data line 3003]
     8                                                      START OF TEC MAP    
  2015    10    25    14     0     0                        EPOCH OF CURRENT MAP
    87.5-180.0 180.0   5.0 450.0                            LAT/LON1/LON2/DLON/H
   89   99   99  106  110  111  111  110  111  114  115  116  117  117  118  119
  120  120  121  122  123  123  124  124  125  125  126  126  126  125  124  124
  122  121  119  117  115  113  111  109  106  104  102  100   98   97   95   94
   93   92   91   91   90   90   89   89   89   89   89   89   89   90   90   90
   91   93   92   90   96   96  107  106   89                                   
    85.0-180.0 180.0   5.0 450.0                            LAT/LON1/LON2/DLON/H
   89  100  113  103  105  111  112  115  117  119  119  121  122  123  123  124
  125  126  127  128  129  131  132  133  134  135  135  136  136  136  135  134
  132  130  128  125  122  119  116  113  110  107  104  101   99   96   94   93
   91   90   89   88   88   87   87   87   87   87   87   87   87   87   88   89
   90   92   89   87   89   92   97   98   89                                   
    82.5-180.0 180.0   5.0 450.0                            LAT/LON1/LON2/DLON/H
   70   86   93   89   91   97  101  104  105  108  109  111  111  112  113  114
  116  117  119  121  123  126  128  131  134  136  138  140  141  141  141  140
  138  136  133  130  126  122  118  113  108  104  100   96   92   89   86   84
   82   80   79   78   77   76   76   75   74   74   73   72   72   71   71   71
   72   74   72   72   75   86   81   81   70                                   
    80.0-180.0 180.0   5.0 450.0                            LAT/LON1/LON2/DLON/H
   58   69   79   76   78   81   86   90   92   94   96   97   98   99   99  100
  102  104  106  109  112  116  120  125  129  133  136  139  141  142  142  141
  140  137  134  130  126  121  116  110  104   99   94   89   85   82   79   77
   75   73   72   71   70   70   69   68   67   66   65   63   62   60   59   59
   59   59   59   59   60   68   68   73   58                                   
    77.5-180.0 180.0   5.0 450.0                            LAT/LON1/LON2/DLON/H
   57   63   67   65   67   71   74   77   80   81   82   84   84   85   86   87
   89   91   95   99  104  110  116  122  128  134  139  144  147  149  150  151
  150  148  145  142  137  132  126  119  113  106  100   95   90   86   83   81
   79   78   77   76   75   73   72   71   69   67   65   62   60   57   54   52
   51   50   49   51   53   54   57   63   57                                   
    75.0-180.0 180.0   5.0 450.0                            LAT/LON1/LON2/DLON/H
   49   57   57   58   59   62   63   65   67   69   70   71   71   72   73   74
   76   79   83   89   96  104  112  120  129  136  142  148  152  155  156  157
  157  156  154  151  148  143  137  131  124  118  112  106  101   97   94   92
   89   88   86   84   82   81   79   77   74   72   69   66   62   59   55   52
   49   48   47   46   50   49   50   47   49                                   
    72.5-180.0 180.0   5.0 450.0                            LAT/LON1/LON2/DLON/H
   47   53   51   53   51   55   55   56   58   59   60   61   62   63   64   66
   69   73   78   86   95  104  115  125  135  143  150  156  160  163  165  166
  167  167  167  166  163  160  155  149  142  136  129  123  118  113  109  106
  102   99   96   93   90   86   83   80   77   74   71   68   65   61   57   53
   50   47   47   45   48   48   49   50   47                                   
    70.0-180.0 180.0   5.0 450.0                            LAT/LON1/LON2/DLON/H
   47   51   50   50   48   48   47   49   50   52   53   56   57   58   60   62
   66   71   78   87   98  110  123  134  145  154  160  165  168  170  171  173
  174  176  177  177  176  174  170  165  159  152  146  139  133  128  123  117
  112  107  101   96   90   85   81   77   74   71   69   66   64   60   57   54
   50   47   47   46   50   50   54   53   47                                   
    67.5-180.0 180.0   5.0 450.0                            LAT/LON1/LON2/DLON/H
   46   51   49   49   46   46   46   47   48   51   53   56   58   61   63   66
   70   77   85   95  108  121  135  148  159  167  172  175  176  177  177  178
  180  182  185  187  188  186  183  179  173  166  159  152  145  138  132  124
  116  108  100   92   84   78   72   68   66   64   63   62   61   59   57   54
   51   49   49   48   51   53   55   54   46                                   
    65.0-180.0 180.0   5.0 450.0                            LAT/LON1/LON2/DLON/H
   43   49   46   46   42   42   41   43   45   48   51   55   59   62   65   69
   74   81   91  102  116  131  146  159  170  178  182  183  183  182  181  182
  184  187  190  194  195  195  192  188  182  175  167  159  151  143  134  124
  114  103   92   81   72   64   58   53   51   51   51   53   53   53   52   51
   49   47   48   47   52   55   57   58   43                                   
    62.5-180.0 180.0   5.0 450.0                            LAT/LON1/LON2/DLON/H
   40   45   41   41   37   37   37   39   42   46   50   55   59   63   67   72
   78   86   96  108  122  137  152  166  177  184  188  189  188  186  185  185
  187  190  194  197  199  199  196  191  184  177  168  160  151  141  130  118
  106   93   80   68   58   49   43   39   38   39   41   44   46   47   47   46
   44   43   44   44   48   52   55   57   40                                   
    60.0-180.0 180.0   5.0 450.0                            LAT/LON1/LON2/DLON/H
   37   40   36   36   32   31   32   35   38   42   47   52   56   62   67   73
   80   88   97  109  123  138  153  166  177  185  189  190  190  189  188  188
  190  193  197  200  201  200  197  191  184  175  167  157  147  137  125  111
   98   84   71   59   49   40   35   31   30   32   35   38   41   43   43   42
   40   38   39   39   44   48   51   54   37                                   
    57.5-180.0 180.0   5.0 450.0                            LAT/LON1/LON2/DLON/H
   36   37   33   34   30   29   31   33   37   40   44   49   54   60   66   73
   80   89   98  109  121  135  149  162  173  182  188  192  193  194  195  196
  197  200  203  205  206  204  200  194  186  177  168  158  148  137  124  110
   97   83   71   60   51   43   38   35   34   35   38   41   44   46   46   45
   42   39   39   39   44   46   48   53   36                                   
    55.0-180.0 180.0   5.0 450.0                            LAT/LON1/LON2/DLON/H
   39   39   35   35   32   32   34   36   39   41   43   47   51   58   65   73
   82   90   99  109  119  131  144  156  168  178  186  193  198  201  204  205
  207  209  211  213  213  211  206  199  191  182  173  163  153  142  130  116
  103   91   81   71   64   57   52   49   48   48   50   52   55   56   56   54
   50   47   46   45   48   49   50   54   39                                   
    52.5-180.0 180.0   5.0 450.0                            LAT/LON1/LON2/DLON/H
   47   45   42   43   41   42   43   44   45   45   45   47   51   58   66   76
   86   95  103  111  120  130  141  152  164  175  186  196  204  210  214  216
  218  220  222  223  223  221  216  209  201  192  183  175  165  154  142  130
  118  107   98   91   84   79   74   71   69   68   69   70   72   73   72   70
   66   62   60   58   60   59   59   59   47                                   
    50.0-180.0 180.0   5.0 450.0                            LAT/LON1/LON2/DLON/H
   60   58   55   56   55   57   58   58   57   54   52   51   54   61   70   82
   93  103  111  118  126  134  143  153  165  176  189  200  211  218  223  226
  228  229  231  233  234  233  229  223  215  206  198  190  181  171  159  147
  136  127  119  113  107  101   97   93   91   89   89   90   91   91   91   89
   85   81   79   77   77   75   74   71   60                                   
    47.5-180.0 180.0   5.0 450.0                            LAT/LON1/LON2/DLON/H
   77   74   72   72   73   76   76   74   71   66   61   59   61   68   78   91
  103  114  123  130  137  144  152  161  171  182  194  206  217  224  229  232
  233  235  238  242  245  245  243  237  230  222  215  207  198  188  176  164
  153  144  136  129  123  117  111  107  105  105  105  106  107  108  108  107
  104  102   99   97   98   95   94   86   77                                   
    45.0-180.0 180.0   5.0 450.0                            LAT/LON1/LON2/DLON/H
   93   91   88   90   91   95   94   91   86   80   73   70   71   78   89  103
  116  128  137  145  151  158  165  173  182  192  202  212  220  226  229  231
  233  236  241  248  253  256  256  251  244  237  229  221  213  202  189  176
  164  153  144  135  127  119  113  110  109  110  112  114  116  117  119  120
  118  117  115  114  116  114  112  104   93                                   
    42.5-180.0 180.0   5.0 450.0                            LAT/LON1/LON2/DLON/H
  104  104  102  105  106  109  108  104   98   92   85   82   83   90  101  115
  129  141  152  160  167  174  181  188  195  202  210  216  220  222  224  225
  228  234  243  253  262  267  267  263  257  249  241  232  223  211  197  181
  166  153  142  131  120  110  104  101  103  107  111  115  118  119  121  123
  123  123  122  123  126  126  124  118  104                                   
    40.0-180.0 180.0   5.0 450.0                            LAT/LON1/LON2/DLON/H
  107  110  109  113  114  117  115  111  106  100   94   92   94  101  112  126
  140  153  163  173  181  188  195  202  208  213  216  217  217  217  216  219
  224  235  248  262  273  280  281  276  268  259  250  241  230  217  201  183
  166  150  136  123  111  100   92   91   95  101  108  113  115  116  118  119
  119  120  120  121  125  127  126  122  107                                   
    37.5-180.0 180.0   5.0 450.0                            LAT/LON1/LON2/DLON/H
  103  109  108  113  115  116  115  112  108  104  100  100  103  111  122  136
  149  162  173  182  191  199  206  213  217  220  220  218  215  213  213  218
  229  244  262  279  293  299  299  293  283  272  262  252  240  225  207  187
  169  152  138  124  111   99   91   89   94  102  110  114  114  113  112  112
  111  110  110  111  115  117  118  116  103                                   
    35.0-180.0 180.0   5.0 450.0                            LAT/LON1/LON2/DLON/H
   96  102  102  108  109  109  109  107  105  103  102  104  110  119  131  144
  157  169  180  189  198  206  213  219  223  224  223  220  217  215  219  229
  246  267  289  309  323  328  325  316  305  292  280  269  256  240  222  202
  184  169  157  145  132  120  110  107  111  118  124  125  123  118  113  109
  104  101  100   99  102  103  105  105   96                                   
    32.5-180.0 180.0   5.0 450.0                            LAT/LON1/LON2/DLON/H
   89   95   95  100  101  100  100   99   99   99  101  106  114  126  139  152
  165  177  187  197  204  211  216  221  224  226  227  225  225  229  238  256
  279  307  333  353  365  367  361  349  336  322  309  297  284  268  251  232
  217  207  200  193  182  169  157  150  150  153  155  152  145  135  125  116
  107  101   97   92   93   92   93   94   89                                   
    30.0-180.0 180.0   5.0 450.0                            LAT/LON1/LON2/DLON/H
   88   92   91   95   94   91   92   92   93   95   99  106  117  131  146  161
  174  187  197  205  211  215  218  221  225  229  233  237  243  254  273  299
  330  363  391  410  419  416  407  392  377  363  350  338  325  311  295  281
  270  267  267  267  261  247  231  218  211  208  203  195  183  167  152  138
  124  114  106   97   95   91   90   88   88                                   
    27.5-180.0 180.0   5.0 450.0                            LAT/LON1/LON2/DLON/H
   93   95   92   94   93   88   88   87   89   91   96  106  119  136  153  171
  186  200  210  217  221  222  222  223  228  235  244  256  271  293  321  357
  396  433  461  477  480  473  459  444  428  414  402  390  379  367  354  344
  340  344  354  361  359  345  324  303  287  275  264  250  233  213  194  176
  158  143  130  118  111  102   97   89   93                                   
    25.0-180.0 180.0   5.0 450.0                            LAT/LON1/LON2/DLON/H
  105  104   97   98   96   91   90   88   88   90   95  105  121  140  161  181
  200  215  226  232  234  232  229  229  235  245  261  282  308  341  381  426
  471  509  534  545  542  530  514  498  484  471  460  450  440  431  421  416
  417  429  445  459  461  446  419  388  362  342  325  308  289  267  246  224
  203  186  168  153  141  125  113   98  105                                   
    22.5-180.0 180.0   5.0 450.0                            LAT/LON1/LON2/DLON/H
  123  119  107  105  103   98   97   93   92   93   97  107  123  145  169  192
  213  230  243  249  249  245  241  241  247  262  285  315  352  397  447  498
  544  580  599  603  594  579  562  548  537  527  518  509  500  493  486  483
  488  503  523  539  541  523  490  452  418  392  373  356  339  319  298  276
  253  235  213  197  178  156  138  116  123                                   
    20.0-180.0 180.0   5.0 450.0                            LAT/LON1/LON2/DLON/H
  143  136  118  114  111  106  105  100   98   97  100  110  127  150  176  201
  225  245  259  266  266  261  257  258  267  287  316  355  402  454  509  562
  605  633  644  640  627  612  598  588  581  574  567  558  550  542  536  533
  537  549  567  580  578  556  518  475  438  412  396  385  374  359  342  321
  299  282  256  240  216  189  166  138  143                                   
    17.5-180.0 180.0   5.0 450.0                            LAT/LON1/LON2/DLON/H
  160  152  129  123  118  112  112  107  104  103  105  114  131  155  182  210
  236  258  273  282  283  280  278  282  296  321  357  401  453  508  562  608
  641  659  661  653  640  628  620  615  613  609  602  593  583  573  565  558
  556  560  568  573  564  537  497  455  421  401  393  391  388  381  369  351
  332  316  290  274  247  217  193  161  160                                   
    15.0-180.0 180.0   5.0 450.0                            LAT/LON1/LON2/DLON/H
  172  163  138  129  122  116  115  111  108  107  109  119  136  161  189  218
  245  269  286  296  299  300  303  313  333  364  404  450  501  550  595  629
  650  657  654  645  636  631  630  632  634  632  625  612  599  585  572  559
  548  540  535  526  509  478  440  404  379  369  371  379  385  385  377  362
  345  331  308  292  265  234  210  178  172                                   
    12.5-180.0 180.0   5.0 450.0                            LAT/LON1/LON2/DLON/H
  176  168  144  132  124  116  116  111  109  109  112  123  142  167  195  225
  254  279  298  310  317  322  332  350  377  413  454  497  539  577  608  628
  638  639  634  629  626  629  635  643  649  647  637  620  602  584  566  546
  524  502  482  461  435  404  372  345  331  332  344  360  372  375  369  355
  339  327  307  291  267  238  216  185  176                                   
    10.0-180.0 180.0   5.0 450.0                            LAT/LON1/LON2/DLON/H
  173  167  145  133  123  114  113  109  107  109  114  127  146  172  201  232
  262  288  310  324  335  347  364  390  423  461  499  534  564  589  607  617
  619  617  613  613  619  629  642  655  661  658  644  623  601  578  555  528
  497  463  430  399  369  340  315  300  297  308  326  345  358  360  353  337
  321  310  292  277  257  232  211  184  173                                   
     7.5-180.0 180.0   5.0 450.0                            LAT/LON1/LON2/DLON/H
  169  163  144  131  121  111  110  106  105  108  115  130  151  177  207  239
  270  298  322  339  354  371  395  428  465  502  534  560  580  594  602  604
