data/edconvlstm_nd/pred2070.15i
     1.0            IONOSPHERE MAPS     GNSS                IONEX VERSION / TYPE
pyspatialgeodesy        IME             05-JAN-18 20:20     PGM / RUN BY / DATE 
Map Name                                                    COMMENT             
Predicted global ionosphere maps (GIM).                     DESCRIPTION         
  2015     7    26     0     0     0                        EPOCH OF FIRST MAP  
  2015     7    27     0     0     0                        EPOCH OF LAST MAP   
  7200                                                      INTERVAL            
    13                                                      # OF MAPS IN FILE   
  NONE                                                      MAPPING FUNCTION    
10.0                                                        ELEVATION CUTOFF    
One-way carrier phase leveled to code                       OBSERVABLES USED    
  6371.0                                                    BASE RADIUS         
 2                                                          MAP DIMENSION       
   450.0 450.0   0.0                                        HGT1 / HGT2 / DHGT  
    87.5 -87.5  -2.5                                        LAT1 / LAT2 / DLAT  
  -180.0 180.0   5.0                                        LON1 / LON2 / DLON  
    -1                                                      EXPONENT            
                                                            END OF HEADER       
[from data line 4290]
    11                                                      START OF TEC MAP    
  2015     7    26    20     0     0                        EPOCH OF CURRENT MAP
    87.5-180.0 180.0   5.0 450.0                            LAT/LON1/LON2/DLON/H
  136  132  122  129  131  129  129  127  127  128  127  127  127  127  127  126
  126  125  125  124  123  122  121  120  119  118  117  115  114  113  112  111
  110  109  108  107  106  106  105  104  104  103  103  103  102  102  102  102
  102  102  102  102  103  103  103  104  104  105  105  106  107  108  109  110
  111  112  112  113  125  123  136  136  136                                   
    85.0-180.0 180.0   5.0 450.0                            LAT/LON1/LON2/DLON/H
  141  140  148  138  136  140  140  142  141  143  141  142  141  141  141  140
  139  139  138  136  135  134  132  131  129  127  126  124  122  120  119  117
  116  114  113  112  111  110  109  109  108  108  107  107  107  106  106  106
  106  106  106  107  107  107  108  108  109  110  111  112  113  114  115  117
  119  120  120  120  125  124  129  127  141                                   
    82.5-180.0 180.0   5.0 450.0                            LAT/LON1/LON2/DLON/H
  126  134  138  134  135  139  142  142  141  142  141  141  140  140  139  138
  138  137  135  134  132  131  129  127  125  122  120  118  115  113  111  109
  107  106  105  104  103  102  101  101  100  100   99   99   99   99   98   98
   98   98   98   99   99   99  100  100  101  101  102  103  105  106  107  109
  111  113  113  118  122  132  127  124  126                                   
    80.0-180.0 180.0   5.0 450.0                            LAT/LON1/LON2/DLON/H
  119  127  136  133  133  133  138  141  141  142  141  142  141  140  139  139
  138  137  136  134  133  131  129  126  124  121  118  115  111  109  106  103
  101  100   98   97   97   96   96   95   95   95   94   94   93   93   93   93
   92   92   92   92   93   93   93   93   94   94   95   96   97   99  101  103
  105  108  110  114  114  118  118  123  119                                   
    77.5-180.0 180.0   5.0 450.0                            LAT/LON1/LON2/DLON/H
  124  124  133  131  134  135  138  140  139  139  138  138  137  137  136  136
  135  135  134  133  132  131  129  127  124  121  117  114  110  107  104  101
   99   98   97   97   96   96   96   96   96   96   96   95   95   94   94   94
   93   93   93   93   93   93   93   93   93   93   93   94   95   96   98   99
  102  104  107  111  115  113  118  126  124                                   
    75.0-180.0 180.0   5.0 450.0                            LAT/LON1/LON2/DLON/H
  121  122  126  125  127  130  132  133  133  134  133  133  132  131  131  131
  131  131  131  132  132  131  130  129  126  123  119  115  112  108  105  102
  100   99   99   99   99  100  100  100  100  100  100   99   98   97   96   96
   95   95   95   95   94   94   94   93   93   93   93   93   93   95   96   99
  100  103  106  106  109  107  111  109  121                                   
    72.5-180.0 180.0   5.0 450.0                            LAT/LON1/LON2/DLON/H
  118  117  121  125  124  126  129  129  127  127  125  125  124  124  123  123
  124  125  126  128  129  129  129  128  126  122  118  114  110  106  102  100
   98   97   97   98   99  100  101  101  101  101  100   98   97   96   95   94
   94   94   94   94   93   93   92   92   91   90   90   90   91   92   94   96
   98  100  103  102  103  103  107  111  118                                   
    70.0-180.0 180.0   5.0 450.0                            LAT/LON1/LON2/DLON/H
  117  115  117  119  118  119  120  120  120  120  119  118  117  117  116  117
  117  119  121  123  126  127  128  128  126  123  119  115  110  106  103  100
   98   98   98   99  100  101  102  103  102  101   99   97   95   94   92   91
   91   90   90   90   90   89   89   88   87   87   87   87   88   90   93   95
   97   99  102  102  104  103  108  110  117                                   
    67.5-180.0 180.0   5.0 450.0                            LAT/LON1/LON2/DLON/H
  119  116  119  122  121  121  122  122  121  121  120  120  119  118  117  117
  118  119  121  124  127  129  131  131  130  127  123  119  114  110  107  104
  103  102  102  103  104  105  106  105  104  103  100   98   95   93   91   90
   89   89   89   88   88   87   87   86   85   85   86   87   89   92   95   99
  102  104  105  104  104  104  106  108  119                                   
    65.0-180.0 180.0   5.0 450.0                            LAT/LON1/LON2/DLON/H
  119  117  119  122  120  120  120  121  120  121  120  120  120  119  118  117
  117  118  120  123  126  129  131  132  131  128  125  121  117  114  110  108
  106  105  105  106  106  107  107  106  104  102   99   95   92   89   87   85
   84   83   82   82   81   80   79   79   78   79   80   83   86   90   95   99
  103  106  108  108  108  108  111  112  119                                   
    62.5-180.0 180.0   5.0 450.0                            LAT/LON1/LON2/DLON/H
  122  121  123  125  124  124  123  124  123  124  124  125  125  124  123  122
  121  121  123  125  128  131  132  133  132  130  128  125  122  119  116  114
  112  111  110  110  110  109  109  107  104  101   97   93   90   86   83   81
   79   78   77   75   74   73   72   71   72   73   75   79   83   88   94  100
  104  108  110  109  109  109  111  111  122                                   
    60.0-180.0 180.0   5.0 450.0                            LAT/LON1/LON2/DLON/H
  124  124  126  129  128  127  126  126  126  128  129  130  131  130  129  127
  125  125  125  127  129  131  133  133  133  131  130  128  127  125  123  121
  119  117  115  114  114  113  111  109  106  102   98   93   89   85   82   79
   76   74   71   69   67   65   64   64   66   68   71   75   80   86   93   99
  104  108  110  110  110  111  114  113  124                                   
    57.5-180.0 180.0   5.0 450.0                            LAT/LON1/LON2/DLON/H
  126  128  131  133  133  132  131  130  130  132  133  135  137  136  135  133
  131  130  129  130  131  132  133  133  133  132  132  132  132  131  131  129
  127  124  122  121  119  118  116  113  109  105  101   96   91   87   83   80
   76   72   69   65   62   60   59   60   62   65   69   74   79   84   91   97
  102  107  110  109  110  112  115  114  126                                   
    55.0-180.0 180.0   5.0 450.0                            LAT/LON1/LON2/DLON/H
  129  132  136  139  139  137  136  135  135  136  137  140  142  142  141  139
  136  134  133  132  133  133  133  133  133  133  134  135  137  138  137  136
  134  132  129  128  126  124  122  119  115  110  105  100   96   91   87   83
   79   74   69   64   60   58   58   59   62   66   71   75   79   84   89   95
  100  105  108  108  109  112  115  116  129                                   
    52.5-180.0 180.0   5.0 450.0                            LAT/LON1/LON2/DLON/H
  131  136  142  145  145  144  142  141  140  141  142  144  145  146  145  143
  141  138  136  135  134  134  133  132  132  133  135  137  140  142  143  142
  140  138  136  135  134  132  130  126  122  117  112  106  102   97   93   89
   84   78   72   66   61   59   60   62   67   71   75   79   82   85   88   93
   98  103  107  108  110  113  117  118  131                                   
    50.0-180.0 180.0   5.0 450.0                            LAT/LON1/LON2/DLON/H
  134  142  148  151  153  152  151  150  148  148  147  148  149  149  149  147
  145  142  139  137  136  135  134  133  133  134  136  140  143  146  147  146
  145  144  143  143  143  142  139  135  130  124  119  113  109  104  100   96
   91   85   78   71   66   64   65   69   74   80   84   86   87   88   90   93
   97  103  108  109  112  117  121  122  134                                   
    47.5-180.0 180.0   5.0 450.0                            LAT/LON1/LON2/DLON/H
  138  147  155  159  161  162  161  161  158  157  156  155  155  154  153  152
  149  146  143  141  138  137  136  135  135  136  139  143  146  149  150  150
  149  150  151  152  153  152  149  144  138  132  126  120  116  112  108  104
   99   93   86   79   73   71   73   78   85   91   95   96   95   93   93   95
   99  105  111  114  118  123  128  129  138                                   
    45.0-180.0 180.0   5.0 450.0                            LAT/LON1/LON2/DLON/H
  143  153  162  166  169  172  173  174  172  171  168  166  164  162  160  158
  155  151  148  145  142  140  139  139  139  141  144  147  150  152  153  153
  154  156  159  162  164  163  160  154  147  140  133  127  123  119  116  113
  108  102   94   87   82   80   83   89   96  103  106  107  104  101   99  100
  103  110  117  121  126  131  137  138  143                                   
    42.5-180.0 180.0   5.0 450.0                            LAT/LON1/LON2/DLON/H
  148  160  169  173  178  183  186  188  187  186  183  180  176  173  170  167
  163  158  154  150  147  146  145  146  147  149  151  154  156  157  158  159
  161  165  170  174  176  175  170  163  155  148  140  135  130  126  123  120
  116  111  103   96   91   89   92   98  106  113  117  117  114  109  107  107
  110  117  125  130  136  142  148  148  148                                   
    40.0-180.0 180.0   5.0 450.0                            LAT/LON1/LON2/DLON/H
  154  165  174  179  185  192  197  202  203  203  200  197  192  188  183  179
  173  167  162  158  155  154  154  155  157  160  162  164  164  165  165  167
  171  177  183  188  190  187  181  173  164  156  149  142  137  134  131  128
  124  118  111  104   99   98  100  106  114  121  125  125  122  117  114  115
  118  125  134  140  145  152  158  159  154                                   
    37.5-180.0 180.0   5.0 450.0                            LAT/LON1/LON2/DLON/H
  159  171  179  184  191  199  207  214  217  220  218  215  210  205  199  193
  186  179  173  168  165  164  166  168  171  174  176  176  176  175  176  179
  185  192  199  203  204  199  191  182  172  164  157  151  145  141  137  134
  130  124  117  111  106  104  106  112  118  125  129  130  128  124  121  122
  125  133  141  148  153  160  167  169  159                                   
    35.0-180.0 180.0   5.0 450.0                            LAT/LON1/LON2/DLON/H
  163  175  183  187  195  204  214  223  229  234  235  233  230  224  218  210
  202  194  186  181  178  178  181  185  188  191  192  192  190  190  191  195
  202  210  216  219  217  210  200  190  180  172  165  159  152  147  142  138
  133  128  121  115  110  109  110  114  119  125  129  130  129  127  126  127
  130  138  146  153  158  166  173  176  163                                   
    32.5-180.0 180.0   5.0 450.0                            LAT/LON1/LON2/DLON/H
  168  179  187  191  199  208  218  229  238  246  250  251  249  244  237  229
  220  211  203  197  195  196  199  204  208  211  211  209  207  206  208  213
  221  228  233  233  228  219  207  196  186  179  172  165  158  151  145  139
  134  128  122  117  113  111  111  113  117  121  125  127  127  127  127  129
  133  140  148  154  160  169  177  181  168                                   
    30.0-180.0 180.0   5.0 450.0                            LAT/LON1/LON2/DLON/H
  172  184  191  194  202  211  221  233  244  255  262  266  267  264  258  250
  240  231  223  217  215  216  220  225  229  231  230  227  224  223  226  232
  239  245  247  244  235  223  211  199  190  182  176  168  160  151  143  137
  131  126  121  116  113  111  110  110  112  114  117  120  121  122  124  128
  131  139  147  153  160  169  179  185  172                                   
    27.5-180.0 180.0   5.0 450.0                            LAT/LON1/LON2/DLON/H
  177  189  197  199  206  215  224  236  249  261  272  279  283  283  279  272
  263  254  246  240  238  239  243  248  251  252  250  245  241  240  243  249
  255  259  257  249  238  224  210  199  190  182  175  167  157  148  139  131
  125  121  117  114  111  109  108  106  106  106  108  110  112  114  118  122
  127  136  144  151  158  169  179  188  177                                   
    25.0-180.0 180.0   5.0 450.0                            LAT/LON1/LON2/DLON/H
  183  195  204  206  212  220  228  239  253  267  280  291  298  301  299  294
  286  278  270  265  262  263  266  270  273  272  268  262  256  254  257  262
  266  267  261  250  235  220  206  195  186  178  170  161  151  140  130  123
  117  114  111  110  108  107  105  102   99   98   98  100  102  105  109  115
  121  131  140  148  156  169  180  191  183                                   
    22.5-180.0 180.0   5.0 450.0                            LAT/LON1/LON2/DLON/H
  188  202  211  213  219  226  234  245  258  274  288  301  312  317  319  316
  310  303  296  290  287  287  289  292  293  291  284  276  269  266  267  271
  272  269  260  246  229  213  200  189  180  172  163  152  141  130  121  114
  109  107  105  105  105  104  101   98   94   91   90   90   92   94   99  106
  114  125  136  146  156  169  183  194  188                                   
    20.0-180.0 180.0   5.0 450.0                            LAT/LON1/LON2/DLON/H
  193  209  219  221  226  234  241  251  264  280  296  311  324  332  337  337
  333  327  320  314  310  309  310  312  311  307  299  289  280  275  274  275
  273  266  254  238  222  207  194  184  174  165  154  143  131  121  112  106
  103  101  100  101  101  100   97   94   89   85   83   82   82   84   89   97
  106  120  133  145  156  172  186  199  193                                   
    17.5-180.0 180.0   5.0 450.0                            LAT/LON1/LON2/DLON/H
  197  214  225  228  233  240  247  258  271  287  303  319  333  345  352  355
  354  349  343  336  330  327  327  328  326  320  311  299  289  282  279  276
  271  261  248  232  216  203  191  182  171  160  148  136  125  115  107  102
   99   97   97   97   97   96   94   90   85   81   78   76   75   76   80   88
   99  115  131  145  158  175  190  203  197                                   
    15.0-180.0 180.0   5.0 450.0                            LAT/LON1/LON2/DLON/H
  200  219  230  233  238  246  254  264  277  293  308  325  340  353  363  369
  370  367  361  353  346  342  341  340  338  331  320  307  296  287  281  275
  268  256  242  227  214  203  193  184  173  161  148  135  124  114  107  102
   98   96   95   94   93   92   90   87   83   79   75   72   70   69   73   81
   93  110  128  144  159  177  194  207  200                                   
    12.5-180.0 180.0   5.0 450.0                            LAT/LON1/LON2/DLON/H
  202  222  233  237  243  250  259  269  282  296  311  327  343  357  369  377
  380  379  373  364  356  351  349  348  346  338  327  314  301  292  283  275
  265  253  240  227  216  208  200  191  180  166  152  139  128  119  111  105
  101   97   94   92   90   88   86   83   80   77   73   70   67   66   68   75
   87  105  125  142  159  179  197  209  202                                   
    10.0-180.0 180.0   5.0 450.0                            LAT/LON1/LON2/DLON/H
  203  225  237  241  247  254  263  273  285  298  312  326  341  356  369  378
  383  383  378  369  361  355  353  352  349  342  331  318  305  295  285  275
  264  252  240  230  222  216  210  202  190  176  161  148  137  127  119  111
  105   99   94   90   87   85   83   80   78   75   72   69   66   64   66   72
   82  100  120  138  157  178  198  209  203                                   
     7.5-180.0 180.0   5.0 450.0                            LAT/LON1/LON2/DLON/H
  205  229  241  245  252  259  268  277  288  300  311  323  336  350  363  374
  380  381  377  369  361  355  353  353  350  343  332  320  308  297  286  275
