data/edconvlstm_nd/pred2720.15i
     1.0            IONOSPHERE MAPS     GNSS                IONEX VERSION / TYPE
pyspatialgeodesy        IME             05-JAN-18 20:20     PGM / RUN BY / DATE 
Map Name                                                    COMMENT             
Predicted global ionosphere maps (GIM).                     DESCRIPTION         
  2015     9    29     0     0     0                        EPOCH OF FIRST MAP  
  2015     9    30     0     0     0                        EPOCH OF LAST MAP   
  7200                                                      INTERVAL            
    13                                                      # OF MAPS IN FILE   
  NONE                                                      MAPPING FUNCTION    
10.0                                                        ELEVATION CUTOFF    
One-way carrier phase leveled to code                       OBSERVABLES USED    
  6371.0                                                    BASE RADIUS         
 2                                                          MAP DIMENSION       
   450.0 450.0   0.0                                        HGT1 / HGT2 / DHGT  
    87.5 -87.5  -2.5                                        LAT1 / LAT2 / DLAT  
  -180.0 180.0   5.0                                        LON1 / LON2 / DLON  
    -1                                                      EXPONENT            
                                                            END OF HEADER       
     1                                                      START OF TEC MAP    
  2015     9    29     0     0     0                        EPOCH OF CURRENT MAP
    87.5-180.0 180.0   5.0 450.0                            LAT/LON1/LON2/DLON/H
  110  110  113  106  104  107  106  105  106  106  107  108  109  109  109  109
  108  108  107  106  105  103  101  100   98   96   95   93   91   89   88   86
   85   83   82   81   80   79   79   79   79   79   80   80   81   82   83   85
   86   87   88   89   90   91   92   93   93   94   94   95   95   95   95   96
   96   97   96   96   91   97  107  106  110                                   
    85.0-180.0 180.0   5.0 450.0                            LAT/LON1/LON2/DLON/H
  113  116   98  105  108  113  111  110  111  111  112  112  112  112  112  111
  110  109  107  105  103  101   99   96   93   91   88   85   83   80   78   76
   74   72   71   70   69   69   69   69   70   71   72   74   76   78   80   82
   84   86   88   89   91   93   94   95   97   98   98   99  100  100  101  101
  103  103  103  105  103  110  118  116  113                                   
    82.5-180.0 180.0   5.0 450.0                            LAT/LON1/LON2/DLON/H
  112  106  117  115  116  122  119  119  122  122  123  124  124  124  124  123
  121  119  116  113  109  106  102   97   93   89   85   81   77   73   70   67
   65   63   61   60   59   59   60   60   62   64   66   68   71   74   77   80
   83   85   88   91   94   96   98  100  102  104  105  107  107  108  109  110
  111  110  109  107  110  102  109  113  112                                   
    80.0-180.0 180.0   5.0 450.0                            LAT/LON1/LON2/DLON/H
  124  116  117  114  119  122  124  126  130  130  132  133  134  134  133  131
  129  125  121  117  112  106  101   95   89   84   79   74   70   67   63   60
   58   55   54   52   51   51   51   52   53   54   56   59   62   66   70   73
   77   81   84   88   91   94   97  100  102  105  107  109  110  111  112  113
  113  111  111  110  123  114  123  131  124                                   
    77.5-180.0 180.0   5.0 450.0                            LAT/LON1/LON2/DLON/H
  137  130  124  130  126  129  132  137  141  141  144  146  147  147  146  143
  140  136  131  125  118  112  105   98   92   86   81   76   72   68   65   62
   60   58   56   54   53   52   52   52   53   54   56   58   62   65   69   73
   77   81   85   89   93   96  100  104  107  110  113  115  117  119  121  122
  122  123  122  123  129  130  133  147  137                                   
    75.0-180.0 180.0   5.0 450.0                            LAT/LON1/LON2/DLON/H
  149  138  136  141  135  139  138  142  146  146  148  150  151  151  149  146
  142  137  131  124  117  109  102   96   90   84   79   75   72   70   68   66
   64   62   60   58   56   54   53   52   52   52   54   56   59   62   66   69
   73   76   80   84   87   91   95   99  103  108  112  116  119  122  125  127
  127  129  130  126  133  142  141  155  149                                   
    72.5-180.0 180.0   5.0 450.0                            LAT/LON1/LON2/DLON/H
  149  146  146  148  142  142  141  145  149  148  150  152  152  152  149  146
  141  135  128  121  113  106   99   92   87   82   79   76   74   73   72   70
   69   67   64   62   59   56   53   51   50   50   50   52   53   56   58   61
   63   66   68   71   74   78   83   88   93   98  104  109  114  119  123  127
  128  130  135  134  138  145  150  167  149                                   
    70.0-180.0 180.0   5.0 450.0                            LAT/LON1/LON2/DLON/H
  159  155  155  159  152  151  148  150  152  151  152  153  152  151  148  143
  137  130  123  115  107  100   93   87   82   78   75   74   73   73   73   73
   72   71   68   65   61   58   54   52   50   49   50   51   52   53   55   56
   58   59   61   63   65   69   74   80   86   93  100  107  113  119  125  130
  132  135  141  142  147  155  159  176  159                                   
    67.5-180.0 180.0   5.0 450.0                            LAT/LON1/LON2/DLON/H
  166  165  165  167  160  156  151  150  151  149  149  149  148  145  142  137
  130  123  115  107   99   92   85   79   74   71   68   68   68   68   69   69
   69   67   64   61   57   53   49   47   45   44   45   46   47   48   48   49
   48   48   48   50   52   56   61   68   75   83   92  100  108  115  122  128
  131  134  141  143  150  159  164  182  166                                   
    65.0-180.0 180.0   5.0 450.0                            LAT/LON1/LON2/DLON/H
  172  171  171  173  166  160  153  151  151  148  147  146  145  142  138  133
  127  119  112  104   96   89   81   75   70   66   64   63   62   63   64   64
   63   61   59   55   51   47   44   42   41   41   43   44   45   46   46   45
   44   42   41   41   42   46   52   59   68   78   87   97  105  113  120  126
  130  134  141  143  151  161  168  186  172                                   
    62.5-180.0 180.0   5.0 450.0                            LAT/LON1/LON2/DLON/H
  178  179  178  179  172  165  156  153  152  148  147  146  145  142  138  134
  128  121  114  107   99   91   83   76   70   65   62   60   59   59   59   58
   57   55   52   49   46   43   40   40   40   41   44   46   47   48   47   45
   43   40   38   37   39   42   49   57   66   77   87   97  106  113  121  127
  130  134  141  143  150  161  169  188  178                                   
    60.0-180.0 180.0   5.0 450.0                            LAT/LON1/LON2/DLON/H
  182  184  185  185  177  169  159  155  153  148  146  146  144  142  139  136
  131  126  120  113  105   97   88   80   73   67   63   60   58   56   55   54
   52   50   47   45   42   40   39   40   41   44   47   50   52   52   51   48
   45   41   39   38   39   43   50   59   69   80   90  100  108  115  122  128
  131  135  142  144  150  160  167  187  182                                   
    57.5-180.0 180.0   5.0 450.0                            LAT/LON1/LON2/DLON/H
  187  191  191  191  184  175  164  159  156  150  147  146  144  143  141  139
  136  132  127  120  112  103   94   85   78   72   67   63   60   57   55   53
   50   48   46   44   43   42   42   44   46   50   54   57   59   59   57   54
   50   46   43   42   44   49   57   67   78   88   98  106  113  119  125  131
  134  138  145  147  152  161  168  187  187                                   
    55.0-180.0 180.0   5.0 450.0                            LAT/LON1/LON2/DLON/H
  194  199  198  198  192  182  172  166  161  154  149  146  144  143  142  141
  139  136  131  125  117  109  100   92   85   80   75   70   66   62   59   56
   53   51   49   48   48   48   49   51   54   58   62   65   67   67   65   62
   58   54   51   51   53   59   68   79   90  100  107  114  119  124  130  136
  140  144  152  154  159  166  172  190  194                                   
    52.5-180.0 180.0   5.0 450.0                            LAT/LON1/LON2/DLON/H
  203  208  207  207  202  193  183  176  169  160  153  148  144  142  141  140
  139  136  132  126  120  113  106  100   95   91   86   82   77   72   67   63
   60   58   57   57   58   59   60   62   65   68   71   74   76   75   74   71
   68   64   62   63   67   74   84   95  105  113  118  122  125  129  135  142
  147  152  161  163  169  175  179  196  203                                   
    50.0-180.0 180.0   5.0 450.0                            LAT/LON1/LON2/DLON/H
  212  218  216  218  213  206  197  190  182  170  160  152  146  143  141  139
  138  135  131  126  121  116  112  110  107  105  101   97   91   85   79   74
   70   69   69   69   71   72   73   74   76   78   80   82   83   84   83   82
   80   78   77   78   83   91  101  112  121  126  129  130  132  135  141  149
  156  163  173  176  182  188  191  206  212                                   
    47.5-180.0 180.0   5.0 450.0                            LAT/LON1/LON2/DLON/H
  220  227  225  228  225  220  214  208  199  185  172  161  152  146  142  139
  136  132  128  125  122  120  120  120  121  121  118  113  106   98   90   84
   80   79   79   81   83   84   85   85   85   85   87   89   91   92   93   93
   92   92   92   94   99  107  118  128  135  139  139  138  139  142  149  158
  166  175  185  188  195  201  204  217  220                                   
    45.0-180.0 180.0   5.0 450.0                            LAT/LON1/LON2/DLON/H
  226  233  232  237  235  233  231  226  218  203  187  173  162  153  146  142
  137  133  129  126  125  127  130  134  136  136  133  126  117  107   97   90
   86   85   87   89   91   93   93   92   91   91   92   94   97   99  101  103
  104  105  106  108  114  122  132  141  148  150  149  147  147  150  158  168
  176  186  197  200  206  213  216  228  226                                   
    42.5-180.0 180.0   5.0 450.0                            LAT/LON1/LON2/DLON/H
  229  237  237  242  242  243  245  243  237  222  206  190  176  165  156  150
  144  138  135  134  135  139  145  149  151  150  144  134  121  109   98   91
   87   87   89   92   96   98   98   96   95   94   96   98  102  105  109  112
  114  115  116  119  124  132  142  151  157  159  158  156  157  161  168  178
  187  197  207  209  215  221  226  237  229                                   
    40.0-180.0 180.0   5.0 450.0                            LAT/LON1/LON2/DLON/H
  232  239  240  246  247  250  255  256  252  239  224  209  194  182  172  164
  157  151  148  149  152  158  163  166  165  159  148  134  119  105   93   86
   83   84   88   93   97   99   99   98   96   96   98  102  106  111  115  118
  120  121  122  124  129  137  147  156  163  165  165  165  167  172  180  189
  197  206  216  218  222  227  233  244  232                                   
    37.5-180.0 180.0   5.0 450.0                            LAT/LON1/LON2/DLON/H
  238  243  244  249  252  255  260  263  262  253  240  227  213  201  191  183
  176  171  169  171  176  181  184  182  175  163  147  130  112   97   86   80
   79   82   87   92   97  100  100   99   98   99  102  106  110  115  118  121
  122  122  121  123  128  137  147  158  165  168  170  172  177  183  192  201
  208  217  225  227  229  234  241  252  238                                   
    35.0-180.0 180.0   5.0 450.0                            LAT/LON1/LON2/DLON/H
  250  254  254  257  260  261  264  267  268  262  253  242  231  220  211  204
  198  195  194  197  201  204  202  194  180  162  142  123  105   90   81   78
   78   82   88   94   99  102  103  103  102  103  107  111  114  117  119  120
  119  117  116  117  122  132  144  155  163  169  173  178  185  194  204  214
  221  229  238  239  241  245  253  265  250                                   
    32.5-180.0 180.0   5.0 450.0                            LAT/LON1/LON2/DLON/H
  272  277  274  274  275  273  271  272  273  270  264  256  247  238  231  225
  221  219  219  221  223  221  213  198  179  158  137  118  102   90   84   82
   84   89   95  101  106  109  110  110  110  111  113  116  118  118  117  115
  113  109  106  107  113  123  137  150  160  167  173  181  192  203  216  227
  236  245  255  258  260  265  274  286  272                                   
    30.0-180.0 180.0   5.0 450.0                            LAT/LON1/LON2/DLON/H
  308  313  307  303  300  293  286  283  284  281  276  270  263  255  249  244
  241  239  238  237  235  228  215  196  174  153  134  119  107  100   96   96
  100  105  110  115  119  122  122  121  120  121  121  122  121  118  114  109
  104   99   95   96  102  114  129  144  156  165  173  184  197  213  228  242
  253  265  278  283  288  295  304  316  308                                   
    27.5-180.0 180.0   5.0 450.0                            LAT/LON1/LON2/DLON/H
  353  361  352  344  339  326  313  306  304  300  295  289  281  274  268  263
  259  254  249  243  235  224  208  189  169  152  138  129  123  120  119  121
  125  129  133  136  138  139  138  136  133  132  130  128  123  117  110  102
   95   89   85   86   93  106  122  139  152  163  173  186  203  222  241  259
  274  290  307  315  324  335  344  354  353                                   
    25.0-180.0 180.0   5.0 450.0                            LAT/LON1/LON2/DLON/H
  403  415  406  397  388  373  355  343  337  331  325  317  307  298  290  283
  276  267  255  241  227  213  197  182  168  157  151  148  148  150  152  155
  158  159  160  159  159  157  154  150  146  142  139  134  126  117  106   97
   88   82   78   79   87  101  119  136  150  162  174  190  209  231  254  276
  297  318  339  351  365  379  388  396  403                                   
    22.5-180.0 180.0   5.0 450.0                            LAT/LON1/LON2/DLON/H
  450  467  461  454  446  430  410  395  386  378  369  357  344  331  320  310
  297  280  259  237  217  202  190  180  173  170  170  174  179  184  187  189
  189  187  183  179  175  171  166  161  155  151  146  139  129  117  105   94
   85   79   76   77   86  100  118  135  150  163  177  194  216  241  268  294
  320  346  371  386  405  422  431  436  450                                   
    20.0-180.0 180.0   5.0 450.0                            LAT/LON1/LON2/DLON/H
  485  507  507  507  502  490  473  458  448  438  426  411  393  376  361  345
  326  299  268  238  214  199  192  189  188  190  195  201  208  212  214  213
  209  204  197  189  182  176  171  165  160  155  150  142  132  119  106   95
   86   79   76   78   86   99  117  134  150  165  180  200  224  252  282  312
  341  370  397  416  438  456  465  469  485                                   
    17.5-180.0 180.0   5.0 450.0                            LAT/LON1/LON2/DLON/H
  503  530  537  544  546  542  532  522  514  505  492  475  455  434  414  392
  364  329  288  250  224  211  208  208  210  214  218  223  227  227  225  221
  215  207  197  187  179  173  169  164  160  157  152  145  135  122  109   97
   88   82   78   79   85   97  114  133  150  167  184  206  233  264  296  328
  359  389  417  437  460  476  486  490  503                                   
    15.0-180.0 180.0   5.0 450.0                            LAT/LON1/LON2/DLON/H
  507  535  548  562  571  577  576  574  571  566  556  540  520  498  475  449
  414  371  322  279  251  238  236  238  238  237  236  235  231  227  221  214
  206  197  186  176  169  164  161  159  157  155  153  147  138  126  113  102
   92   85   80   80   84   95  111  130  150  169  189  214  243  276  310  343
  374  403  429  449  470  483  494  499  507                                   
    12.5-180.0 180.0   5.0 450.0                            LAT/LON1/LON2/DLON/H
  500  529  545  562  579  592  599  604  609  609  605  595  580  561  538  510
  472  424  371  325  294  281  277  274  268  258  246  234  223  213  204  197
  189  180  170  161  156  154  153  152  152  153  152  148  141  130  117  106
   96   88   82   80   83   92  108  128  149  170  193  221  253  288  324  357
  387  413  436  454  471  481  493  500  500                                   
    10.0-180.0 180.0   5.0 450.0                            LAT/LON1/LON2/DLON/H
  492  521  536  555  575  590  601  611  621  628  631  629  621  609  591  565
  528  481  430  384  352  334  324  311  293  270  245  222  204  191  183  177
  172  164  156  150  146  146  146  147  147  149  150  148  142  131  119  107
   97   88   82   78   80   89  105  125  147  170  196  226  261  299  336  369
  397  420  440  455  469  477  490  500  492                                   
     7.5-180.0 180.0   5.0 450.0                            LAT/LON1/LON2/DLON/H
  492  519  533  549  568  581  591  601  613  623  632  637  638  634  623  603
  573  534  489  447  414  390  368  342  308  270  233  203  183  171  166  164
