data/edconvlstm_nd/pred0870.15i
     1.0            IONOSPHERE MAPS     GNSS                IONEX VERSION / TYPE
pyspatialgeodesy        IME             05-JAN-18 20:20     PGM / RUN BY / DATE 
Map Name                                                    COMMENT             
Predicted global ionosphere maps (GIM).                     DESCRIPTION         
  2015     3    28     0     0     0                        EPOCH OF FIRST MAP  
  2015     3    29     0     0     0                        EPOCH OF LAST MAP   
  7200                                                      INTERVAL            
    13                                                      # OF MAPS IN FILE   
  NONE                                                      MAPPING FUNCTION    
10.0                                                        ELEVATION CUTOFF    
One-way carrier phase leveled to code                       OBSERVABLES USED    
  6371.0                                                    BASE RADIUS         
 2                                                          MAP DIMENSION       
   450.0 450.0   0.0                                        HGT1 / HGT2 / DHGT  
    87.5 -87.5  -2.5                                        LAT1 / LAT2 / DLAT  
  -180.0 180.0   5.0                                        LON1 / LON2 / DLON  
    -1                                                      EXPONENT            
                                                            END OF HEADER       
[from data line 858]
     3                                                      START OF TEC MAP    
  2015     3    28     4     0     0                        EPOCH OF CURRENT MAP
    87.5-180.0 180.0   5.0 450.0                            LAT/LON1/LON2/DLON/H
  185  188  186  187  185  182  179  177  178  178  179  180  180  180  180  180
  180  180  179  178  176  175  173  171  170  168  166  164  163  161  160  160
  159  159  160  160  161  162  163  164  165  166  168  169  170  172  173  174
  175  176  177  178  179  180  181  182  183  183  184  185  185  185  185  185
  186  188  186  187  189  188  186  182  185                                   
    85.0-180.0 180.0   5.0 450.0                            LAT/LON1/LON2/DLON/H
  191  197  187  189  188  186  184  183  183  183  183  184  184  185  185  185
  185  184  183  182  180  178  176  173  170  167  164  162  160  158  156  155
  155  155  156  157  159  160  163  165  167  169  172  174  176  178  180  183
  185  186  188  190  192  194  196  197  199  200  201  202  203  203  203  204
  205  206  203  204  197  196  193  189  191                                   
    82.5-180.0 180.0   5.0 450.0                            LAT/LON1/LON2/DLON/H
  199  197  192  184  180  177  174  173  174  174  174  176  177  178  179  180
  180  180  178  177  174  171  167  162  158  153  149  145  141  138  137  136
  136  136  138  140  143  146  149  153  156  160  163  167  170  173  176  179
  183  186  189  193  196  200  203  206  209  212  214  216  218  218  219  219
  219  218  214  214  212  204  198  185  199                                   
    80.0-180.0 180.0   5.0 450.0                            LAT/LON1/LON2/DLON/H
  200  197  183  174  170  166  164  163  164  164  165  168  170  173  175  177
  177  177  176  174  171  166  161  154  148  141  135  129  124  121  118  118
  118  120  123  127  131  136  141  145  150  154  158  162  166  169  173  177
  181  185  190  194  199  204  209  214  218  223  226  229  232  233  234  236
  235  232  227  225  224  215  213  192  200                                   
    77.5-180.0 180.0   5.0 450.0                            LAT/LON1/LON2/DLON/H
  206  195  182  172  162  157  154  152  152  152  154  157  161  164  167  170
  172  172  172  170  166  161  154  147  139  131  123  116  111  107  105  105
  107  111  115  121  127  133  139  145  150  154  158  162  165  169  172  177
  181  186  192  198  205  211  218  224  230  235  240  244  247  250  252  254
  254  252  245  243  242  230  221  206  206                                   
    75.0-180.0 180.0   5.0 450.0                            LAT/LON1/LON2/DLON/H
  215  204  186  175  161  154  149  144  143  142  143  146  148  151  154  157
  159  161  161  160  157  152  146  138  130  121  112  105   99   95   94   95
   98  103  109  116  123  130  137  143  148  152  156  159  162  165  169  174
  179  186  193  201  208  216  224  231  238  243  249  253  257  260  264  267
  267  267  263  257  255  246  238  225  215                                   
    72.5-180.0 180.0   5.0 450.0                            LAT/LON1/LON2/DLON/H
  227  217  201  185  169  159  151  145  141  138  136  137  138  139  141  143
  145  146  148  148  147  144  139  133  125  116  108  100   95   92   91   93
   97  103  110  117  125  132  139  145  149  153  156  159  163  166  171  177
  184  192  201  210  220  229  237  244  250  254  258  262  264  267  270  274
  276  278  278  275  273  264  256  246  227                                   
    70.0-180.0 180.0   5.0 450.0                            LAT/LON1/LON2/DLON/H
  249  236  219  199  181  167  156  148  142  136  132  129  127  125  123  123
  124  126  128  130  132  132  129  125  119  111  104   97   92   89   89   91
   95  101  108  115  122  128  134  139  143  146  149  153  157  162  168  177
  187  198  210  221  233  242  251  257  262  264  266  267  268  269  271  275
  279  282  285  286  288  284  278  270  249                                   
    67.5-180.0 180.0   5.0 450.0                            LAT/LON1/LON2/DLON/H
  264  252  235  213  193  177  164  154  146  138  131  125  118  112  108  105
  104  106  110  114  118  120  121  119  115  109  103   97   93   90   89   91
   94   99  104  110  115  119  123  126  130  133  137  141  147  155  165  177
  190  205  220  234  247  258  266  271  273  274  273  271  269  267  267  270
  273  278  283  287  293  293  290  286  264                                   
    65.0-180.0 180.0   5.0 450.0                            LAT/LON1/LON2/DLON/H
  276  265  247  223  203  185  170  160  151  142  132  124  114  104   96   91
   89   90   94  100  105  110  113  113  110  107  102   97   93   91   90   90
   92   95   99  102  105  107  109  111  114  118  123  130  139  150  163  178
  196  214  233  250  264  275  283  286  287  285  281  277  272  268  266  266
  268  272  278  283  293  296  297  296  276                                   
    62.5-180.0 180.0   5.0 450.0                            LAT/LON1/LON2/DLON/H
  283  273  256  228  208  189  174  163  154  145  135  125  113  101   91   83
   80   81   85   90   96  101  105  105  104  102   98   95   92   90   89   89
   89   90   91   92   93   94   94   96   99  104  110  120  131  145  162  182
  203  224  246  265  280  292  299  302  302  299  294  288  282  276  272  270
  269  270  276  280  291  296  299  299  283                                   
    60.0-180.0 180.0   5.0 450.0                            LAT/LON1/LON2/DLON/H
  287  277  260  229  209  188  172  161  153  144  135  125  113  100   90   82
   78   78   81   86   91   94   96   96   95   93   92   90   88   87   86   85
   84   84   84   83   83   82   82   84   87   93  102  113  127  144  163  185
  209  234  257  278  294  306  314  318  318  315  311  305  299  293  288  284
  280  278  281  283  292  296  298  299  287                                   
    57.5-180.0 180.0   5.0 450.0                            LAT/LON1/LON2/DLON/H
  293  282  265  232  212  189  171  159  150  141  132  124  113  102   93   86
   82   82   84   86   88   89   88   87   85   84   84   84   84   84   83   82
   80   80   79   78   78   77   77   78   82   89   99  111  127  146  167  191
  216  242  267  289  307  320  329  334  335  334  332  329  325  320  315  309
  303  297  296  295  301  299  300  299  293                                   
    55.0-180.0 180.0   5.0 450.0                            LAT/LON1/LON2/DLON/H
  303  292  275  242  220  196  176  161  150  139  130  122  113  105   98   93
   90   89   89   89   88   86   82   79   77   77   77   79   81   82   81   80
   79   78   78   78   78   78   78   79   84   91  102  116  132  152  174  198
  225  251  276  299  318  333  344  351  354  356  356  355  354  351  347  342
  334  325  320  313  314  308  305  303  303                                   
    52.5-180.0 180.0   5.0 450.0                            LAT/LON1/LON2/DLON/H
  318  307  290  260  239  214  191  172  156  142  131  122  114  108  103  100
   99   98   97   94   91   86   81   77   74   75   77   80   83   84   84   82
   81   81   81   83   84   84   85   86   91   99  110  124  142  162  184  208
  234  261  286  310  330  347  359  369  375  378  380  382  383  383  381  377
  368  358  349  337  332  321  316  313  318                                   
    50.0-180.0 180.0   5.0 450.0                            LAT/LON1/LON2/DLON/H
  338  326  311  287  267  242  217  193  172  153  138  127  119  113  110  108
  107  105  103  100   96   90   86   82   80   81   84   87   91   92   91   89
   87   87   88   91   93   94   95   97  102  110  121  137  155  175  197  222
  247  273  299  323  344  362  377  388  395  400  403  405  408  409  410  407
  400  391  379  363  353  339  332  330  338                                   
    47.5-180.0 180.0   5.0 450.0                            LAT/LON1/LON2/DLON/H
  357  346  335  318  300  277  251  223  197  172  153  138  128  122  118  116
  114  112  109  106  104  101   98   96   95   96   99  102  104  104  101   98
   95   95   97  101  104  105  106  108  113  122  134  151  169  190  213  238
  263  289  314  338  360  379  395  407  414  418  421  423  426  428  430  430
  425  418  406  388  374  357  349  348  357                                   
    45.0-180.0 180.0   5.0 450.0                            LAT/LON1/LON2/DLON/H
  373  362  356  345  330  311  286  257  227  198  174  156  143  135  129  125
  121  118  116  115  116  117  117  118  118  119  120  121  120  117  112  107
  104  103  106  110  113  115  116  117  123  133  147  165  185  207  231  256
  281  307  331  355  377  397  413  424  431  434  434  435  436  438  441  442
  441  436  426  409  392  374  366  366  373                                   
    42.5-180.0 180.0   5.0 450.0                            LAT/LON1/LON2/DLON/H
  382  370  367  361  350  335  313  286  254  224  197  177  162  152  143  136
  130  125  125  127  133  138  143  145  145  145  143  140  136  130  123  116
  112  111  113  117  120  122  122  125  131  143  159  179  201  224  249  275
  300  325  349  372  394  413  429  440  445  446  444  442  442  443  446  450
  451  449  441  428  410  390  381  380  382                                   
    40.0-180.0 180.0   5.0 450.0                            LAT/LON1/LON2/DLON/H
  384  369  365  359  352  342  324  301  273  244  218  198  183  170  160  150
  142  137  138  144  154  163  170  173  172  169  163  157  150  142  133  126
  121  120  121  125  127  128  128  131  139  153  171  193  216  240  265  291
  317  342  365  387  409  429  445  455  459  458  454  451  450  451  455  460
  464  464  459  449  431  411  399  396  384                                   
    37.5-180.0 180.0   5.0 450.0                            LAT/LON1/LON2/DLON/H
  387  366  355  344  338  330  315  299  277  253  230  213  199  188  177  166
  157  153  156  165  177  188  195  196  194  188  180  171  162  153  145  138
  133  131  132  134  134  134  134  138  147  163  184  206  229  253  278  304
  330  354  377  400  423  444  461  471  474  472  468  465  465  469  476  484
  490  493  490  480  465  445  427  418  387                                   
    35.0-180.0 180.0   5.0 450.0                            LAT/LON1/LON2/DLON/H
  402  374  352  329  318  306  293  282  266  249  232  220  210  200  191  181
  174  173  177  187  199  208  212  212  208  201  193  184  176  168  161  155
  150  147  146  146  145  143  142  147  158  175  196  218  240  263  286  312
  337  362  385  409  434  457  476  488  492  490  487  487  492  501  514  526
  536  542  541  531  516  498  472  455  402                                   
    32.5-180.0 180.0   5.0 450.0                            LAT/LON1/LON2/DLON/H
  439  406  369  329  309  289  271  260  248  237  226  219  212  206  200  194
  190  192  198  207  214  219  219  217  215  211  207  200  193  187  181  176
  172  168  166  162  159  155  154  158  170  187  208  228  248  268  289  313
  338  363  388  413  441  467  489  504  510  511  513  519  532  550  572  592
  608  616  617  606  591  574  536  511  439                                   
    30.0-180.0 180.0   5.0 450.0                            LAT/LON1/LON2/DLON/H
  504  472  419  361  327  296  269  252  239  228  220  214  209  205  202  201
  201  205  212  217  220  219  217  217  219  222  223  221  217  213  209  205
  201  196  190  183  176  169  167  170  181  198  217  235  251  268  287  309
  334  359  385  412  442  472  497  516  526  533  542  559  583  614  647  678
  702  716  720  709  695  676  623  589  504                                   
    27.5-180.0 180.0   5.0 450.0                            LAT/LON1/LON2/DLON/H
  597  575  508  434  385  343  303  277  256  240  228  218  209  204  201  201
  205  210  215  216  213  209  208  214  225  238  247  251  250  247  245  242
  238  230  219  207  195  184  179  181  190  205  221  237  251  265  282  303
  327  353  381  410  442  475  504  528  544  558  576  603  640  684  730  772
  807  829  840  832  821  800  733  689  597                                   
    25.0-180.0 180.0   5.0 450.0                            LAT/LON1/LON2/DLON/H
  710  707  638  555  493  439  381  341  309  284  261  241  223  209  202  200
  202  206  207  205  200  197  201  216  239  263  281  289  291  290  289  286
  278  264  246  228  210  196  188  187  193  206  220  234  247  261  277  299
  324  352  381  413  448  483  517  546  568  589  616  651  697  751  806  857
  901  932  952  952  945  927  860  808  710                                   
    22.5-180.0 180.0   5.0 450.0                            LAT/LON1/LON2/DLON/H
  831  843  791  713  642  578  504  448  401  362  325  290  258  231  213  204
  200  198  196  191  187  189  203  229  265  300  325  336  338  336  333  326
  311  290  265  240  219  202  191  187  190  200  213  228  243  259  277  301
  328  358  391  425  461  500  537  571  600  627  659  699  749  805  863  919
  968 1006 1034 1043 1038 1026  979  928  831                                   
    20.0-180.0 180.0   5.0 450.0                            LAT/LON1/LON2/DLON/H
  942  958  930  868  800  737  654  584  523  469  417  366  317  274  241  220
  206  196  189  184  185  195  219  258  305  347  373  383  381  375  366  351
  329  300  270  243  220  201  187  180  180  188  203  221  240  261  283  309
  340  373  408  444  483  523  564  601  634  665  699  740  788  842  897  950
 1000 1040 1072 1087 1083 1075 1059 1020  942                                   
    17.5-180.0 180.0   5.0 450.0                            LAT/LON1/LON2/DLON/H
 1019 1032 1025  987  932  879  800  725  655  590  526  462  397  338  289  253
  227  208  196  192  198  219  255  304  355  396  418  420  410  395  377  354
  325  293  263  237  214  194  178  168  166  174  191  214  240  266  294  324
  357  393  431  469  508  550  592  631  665  698  732  771  814  860  906  950
  991 1027 1060 1078 1078 1069 1081 1059 1019                                   
    15.0-180.0 180.0   5.0 450.0                            LAT/LON1/LON2/DLON/H
 1048 1058 1070 1056 1018  980  913  842  771  703  634  563  489  418  356  305
  266  238  222  220  234  264  308  360  409  441  450  439  417  391  365  336
  306  276  249  225  205  186  169  156  152  160  180  209  241  274  306  339
  376  415  454  492  532  574  615  655  691  724  758  793  831  866  897  925
  951  975 1004 1021 1025 1019 1047 1043 1048                                   
    12.5-180.0 180.0   5.0 450.0                            LAT/LON1/LON2/DLON/H
 1033 1045 1070 1079 1058 1032  978  914  848  783  718  650  578  505  435  375
  326  291  272  272  291  328  374  421  457  473  465  439  404  370  338  309
  281  255  233  214  196  179  162  148  143  150  172  205  243  280  315  351
  390  430  470  508  547  588  630  670  707  742  776  810  842  868  884  893
  901  910  930  943  949  947  978  989 1033                                   
    10.0-180.0 180.0   5.0 450.0                            LAT/LON1/LON2/DLON/H
  992 1002 1031 1055 1050 1035  991  934  874  817  762  707  647  582  516  455
  403  365  345  346  368  404  443  476  493  487  459  419  377  340  308  281
  256  236  220  206  192  177  160  146  139  146  168  204  244  283  320  357
  397  437  477  515  553  593  636  677  716  753  789  824  854  872  877  872
  864  860  868  875  880  880  905  924  992                                   
     7.5-180.0 180.0   5.0 450.0                            LAT/LON1/LON2/DLON/H
  944  946  969  998 1002  995  958  906  852  803  762  725  684  637  585  534
  488  453  434  436  454  481  505  515  506  477  434  387  345  309  280  256
