data/edconvlstm_nd/pred0510.15i
     1.0            IONOSPHERE MAPS     GNSS                IONEX VERSION / TYPE
pyspatialgeodesy        IME             05-JAN-18 20:20     PGM / RUN BY / DATE 
Map Name                                                    COMMENT             
Predicted global ionosphere maps (GIM).                     DESCRIPTION         
  2015     2    20     0     0     0                        EPOCH OF FIRST MAP  
  2015     2    21     0     0     0                        EPOCH OF LAST MAP   
  7200                                                      INTERVAL            
    13                                                      # OF MAPS IN FILE   
  NONE                                                      MAPPING FUNCTION    
10.0                                                        ELEVATION CUTOFF    
One-way carrier phase leveled to code                       OBSERVABLES USED    
  6371.0                                                    BASE RADIUS         
 2                                                          MAP DIMENSION       
   450.0 450.0   0.0                                        HGT1 / HGT2 / DHGT  
    87.5 -87.5  -2.5                                        LAT1 / LAT2 / DLAT  
  -180.0 180.0   5.0                                        LON1 / LON2 / DLON  
    -1                                                      EXPONENT            
                                                            END OF HEADER       
[from data line 2574]
     7                                                      START OF TEC MAP    
  2015     2    20    12     0     0                        EPOCH OF CURRENT MAP
    87.5-180.0 180.0   5.0 450.0                            LAT/LON1/LON2/DLON/H
   89   99  100  105  108  109  109  106  107  109  108  109  108  108  108  108
  108  108  107  107  107  108  108  108  109  109  110  110  111  111  111  112
  112  111  111  110  109  108  107  105  104  102  100   99   97   95   94   93
   91   90   89   87   86   85   84   84   83   83   83   83   83   84   85   86
   87   90   89   88   94   94  107  108   89                                   
    85.0-180.0 180.0   5.0 450.0                            LAT/LON1/LON2/DLON/H
   90  101  113  104  104  109  110  111  112  113  112  112  111  111  110  109
  109  108  108  108  108  108  109  109  110  111  112  113  115  116  117  117
  118  118  118  117  116  115  113  111  109  107  104  102   99   97   95   93
   90   88   87   85   84   82   81   81   80   80   80   81   82   83   84   86
   88   91   88   86   88   92  100  103   90                                   
    82.5-180.0 180.0   5.0 450.0                            LAT/LON1/LON2/DLON/H
   81   95  103   95   95   99  101  102  102  102  101  101   99   97   96   94
   93   92   91   91   91   91   92   94   96   98  101  103  106  109  112  114
  116  118  119  119  118  117  116  113  111  108  105  101   98   95   91   88
   85   82   79   77   74   72   70   69   67   67   66   67   67   68   70   72
   75   78   77   77   81   90   88   88   81                                   
    80.0-180.0 180.0   5.0 450.0                            LAT/LON1/LON2/DLON/H
   75   82   91   85   84   83   86   88   89   88   87   86   83   81   79   76
   75   73   72   72   72   73   75   77   81   84   89   93   98  103  108  112
  116  119  121  122  122  121  119  117  114  111  107  103  100   96   92   88
   85   81   78   75   71   68   66   63   61   59   58   58   58   59   60   63
   66   68   69   70   71   79   80   81   75                                   
    77.5-180.0 180.0   5.0 450.0                            LAT/LON1/LON2/DLON/H
   75   75   80   75   73   73   74   75   76   74   72   70   68   65   63   60
   58   56   56   56   57   58   61   65   70   75   82   89   96  104  111  118
  124  130  133  136  137  137  135  133  130  126  123  119  116  112  109  105
  102   98   95   91   87   83   79   75   71   68   65   63   62   62   62   64
   66   67   68   70   72   70   71   74   75                                   
    75.0-180.0 180.0   5.0 450.0                            LAT/LON1/LON2/DLON/H
   69   70   69   66   65   65   64   63   63   61   58   56   54   51   49   47
   45   44   44   45   47   49   53   58   64   71   79   88   97  106  116  124
  132  139  144  147  149  150  149  147  145  142  140  137  135  132  130  128
  126  123  119  115  110  105   99   93   87   82   77   74   72   70   70   71
   72   73   74   72   73   70   68   62   69                                   
    72.5-180.0 180.0   5.0 450.0                            LAT/LON1/LON2/DLON/H
   66   66   64   62   60   60   59   57   56   53   50   48   46   44   42   40
   39   39   40   42   45   50   55   61   68   76   84   94  103  113  124  133
  142  150  156  161  164  165  165  165  164  162  161  161  160  160  159  158
  157  155  152  147  141  134  126  117  109  100   93   88   84   81   80   80
   81   81   81   78   78   74   71   66   66                                   
    70.0-180.0 180.0   5.0 450.0                            LAT/LON1/LON2/DLON/H
   66   65   63   61   59   59   56   54   52   49   46   44   41   39   37   36
   36   38   40   44   49   55   62   69   77   85   94  103  112  121  131  141
  150  158  165  170  174  177  179  180  180  181  181  182  184  185  186  187
  186  184  180  175  167  158  148  136  125  114  104   96   91   87   86   86
   86   86   87   83   82   78   78   72   66                                   
    67.5-180.0 180.0   5.0 450.0                            LAT/LON1/LON2/DLON/H
   62   65   62   62   62   62   60   57   55   51   48   46   44   42   41   41
   42   44   49   54   61   69   77   85   93  100  108  115  123  131  139  148
  156  164  172  178  183  187  190  193  195  197  200  202  205  207  209  210
  209  206  202  195  186  174  162  148  134  121  109  100   93   89   87   87
   88   88   88   83   82   81   81   74   62                                   
    65.0-180.0 180.0   5.0 450.0                            LAT/LON1/LON2/DLON/H
   59   65   63   64   64   66   63   61   58   55   52   50   47   46   45   45
   47   51   56   63   71   80   90   99  107  114  120  126  132  138  145  152
  161  169  176  183  190  195  200  205  209  213  217  221  224  227  228  228
  225  221  214  205  193  180  165  150  134  119  106   95   88   84   82   82
   83   83   84   80   81   82   83   79   59                                   
    62.5-180.0 180.0   5.0 450.0                            LAT/LON1/LON2/DLON/H
   55   63   61   64   65   67   65   63   61   58   55   53   51   50   49   50
   52   56   61   69   78   88   98  107  116  123  129  133  138  143  149  156
  163  171  180  188  195  202  209  215  221  227  231  235  238  240  239  237
  232  224  215  203  190  175  159  143  126  111   97   86   78   74   71   71
   72   73   74   71   72   75   79   77   55                                   
    60.0-180.0 180.0   5.0 450.0                            LAT/LON1/LON2/DLON/H
   52   60   58   61   62   64   63   62   60   58   56   54   53   51   51   51
   53   56   61   68   76   87   97  108  118  126  132  136  140  145  151  158
  166  174  183  192  201  210  218  226  233  239  244  247  249  249  246  241
  232  222  209  196  181  166  150  134  118  103   89   78   70   65   62   61
   61   61   61   59   62   66   71   71   52                                   
    57.5-180.0 180.0   5.0 450.0                            LAT/LON1/LON2/DLON/H
   51   57   55   58   58   60   59   58   58   56   55   54   52   51   51   51
   52   54   57   63   71   81   92  104  115  125  132  137  142  148  154  163
  172  181  191  201  211  221  230  239  247  253  258  261  261  259  253  245
  234  221  207  192  177  162  148  133  118  104   91   80   71   65   61   59
   57   55   55   53   56   59   64   65   51                                   
    55.0-180.0 180.0   5.0 450.0                            LAT/LON1/LON2/DLON/H
   54   57   54   55   54   55   54   54   54   54   53   52   51   50   49   49
   49   50   53   57   64   73   85   98  111  122  131  139  145  152  161  170
  181  192  202  213  223  234  244  253  262  268  273  274  273  269  262  252
  239  225  210  195  181  168  155  142  129  116  103   92   83   76   71   67
   63   59   58   55   57   59   62   64   54                                   
    52.5-180.0 180.0   5.0 450.0                            LAT/LON1/LON2/DLON/H
   63   62   57   56   54   53   52   52   52   52   52   52   51   49   48   48
   48   49   50   53   59   68   81   95  109  122  133  142  151  160  170  181
  193  205  216  227  238  249  260  269  278  284  288  288  286  280  272  261
  249  235  221  207  194  183  172  160  148  136  124  114  105   97   91   85
   79   73   70   67   67   67   69   68   63                                   
    50.0-180.0 180.0   5.0 450.0                            LAT/LON1/LON2/DLON/H
   76   72   66   62   59   57   55   54   54   54   54   53   52   51   50   49
   50   51   52   55   60   69   82   97  113  127  139  149  159  170  181  194
  207  220  232  243  254  266  277  287  295  301  303  303  299  293  284  274
  262  250  237  225  214  204  193  182  171  159  148  138  130  123  116  109
  102   95   90   86   85   84   84   81   76                                   
    47.5-180.0 180.0   5.0 450.0                            LAT/LON1/LON2/DLON/H
   91   87   79   74   69   67   64   61   60   60   59   59   57   55   54   54
   55   57   59   62   68   77   90  106  122  137  149  160  170  180  193  206
  220  233  246  259  271  284  295  305  313  318  319  317  312  305  296  287
  277  267  256  245  235  224  213  201  190  178  168  159  151  145  139  132
  124  118  112  107  106  105  104   98   91                                   
    45.0-180.0 180.0   5.0 450.0                            LAT/LON1/LON2/DLON/H
  105  102   94   88   84   81   78   73   71   70   68   67   65   63   62   62
   64   67   70   74   80   90  103  119  136  150  162  172  180  190  202  215
  229  244  259  273  288  302  315  325  332  336  335  332  325  317  308  299
  291  282  273  263  251  239  226  212  199  187  177  169  162  157  152  146
  139  133  127  122  122  124  123  116  105                                   
    42.5-180.0 180.0   5.0 450.0                            LAT/LON1/LON2/DLON/H
  114  114  108  103  100   98   94   89   85   82   80   77   74   72   70   71
   74   78   83   88   95  105  119  135  151  165  175  183  190  197  208  220
  235  252  269  287  305  322  336  346  353  355  353  347  339  329  320  311
  304  296  287  275  262  246  230  214  199  186  175  167  161  156  152  148
  142  137  131  127  130  133  135  129  114                                   
    40.0-180.0 180.0   5.0 450.0                            LAT/LON1/LON2/DLON/H
  114  119  116  115  114  112  109  103   98   94   90   87   84   81   80   80
   84   88   94  100  108  119  133  149  165  178  187  193  197  203  212  225
  241  260  281  303  324  344  360  371  377  378  374  367  356  345  334  325
  317  308  298  284  268  248  229  209  193  179  168  160  153  148  143  139
  134  129  125  121  125  130  134  130  114                                   
    37.5-180.0 180.0   5.0 450.0                            LAT/LON1/LON2/DLON/H
  108  118  118  121  123  122  120  114  108  103   99   96   92   89   88   88
   91   96  102  109  118  130  144  161  177  189  197  202  205  209  218  232
  251  273  298  324  349  372  389  401  406  406  401  392  380  366  354  343
  334  324  311  294  274  252  229  208  190  177  166  157  148  141  134  128
  122  117  113  108  111  117  122  120  108                                   
    35.0-180.0 180.0   5.0 450.0                            LAT/LON1/LON2/DLON/H
  100  112  114  119  123  123  123  119  113  108  104  101   98   95   94   94
   97  101  107  114  124  137  153  171  187  199  207  211  213  218  229  245
  268  294  324  354  383  408  426  438  442  441  435  425  411  396  382  370
  359  346  331  311  289  265  241  220  202  189  178  168  158  146  136  127
  118  110  103   96   96   99  106  104  100                                   
    32.5-180.0 180.0   5.0 450.0                            LAT/LON1/LON2/DLON/H
   93  105  107  112  117  117  119  116  111  107  104  103  101  100   98   98
   99  103  108  117  129  144  162  180  197  210  218  222  226  233  246  267
  294  326  360  394  426  452  470  481  484  483  476  465  450  435  420  408
  396  382  365  345  322  297  273  253  237  224  214  203  189  174  159  145
  131  118  107   94   90   87   92   91   93                                   
    30.0-180.0 180.0   5.0 450.0                            LAT/LON1/LON2/DLON/H
   93  102  101  105  108  106  109  107  105  102  101  102  102  101  101  100
  101  104  109  119  134  152  172  192  209  222  231  237  244  255  273  299
  332  368  406  444  477  503  520  528  530  528  522  511  497  483  470  459
  449  436  420  400  377  353  331  311  296  285  274  262  247  227  207  188
  168  150  132  111  100   88   89   84   93                                   
    27.5-180.0 180.0   5.0 450.0                            LAT/LON1/LON2/DLON/H
  102  105   99  101  101   97   99   98   97   96   97   98  100  101  101  101
  101  104  111  123  141  163  186  207  224  238  248  258  269  286  309  341
  379  420  461  500  533  557  570  576  577  575  570  561  550  539  530  524
  517  508  493  475  454  432  410  391  377  365  355  342  325  303  280  256
  231  207  181  153  133  110  102   90  102                                   
    25.0-180.0 180.0   5.0 450.0                            LAT/LON1/LON2/DLON/H
  123  119  105  102   99   92   94   92   91   91   93   95   97   99  100  100
  101  104  113  128  151  177  202  224  241  256  270  284  302  325  354  391
  433  478  522  561  590  608  617  619  619  619  617  613  606  600  597  596
  594  589  578  562  544  524  504  485  469  456  444  430  412  391  367  341
  312  282  248  215  187  152  131  111  123                                   
    22.5-180.0 180.0   5.0 450.0                            LAT/LON1/LON2/DLON/H
  156  144  122  112  105   96   95   92   91   91   91   93   95   96   97   98
  100  105  116  135  162  192  219  241  259  276  294  315  340  370  406  447
  493  539  582  616  639  651  655  655  655  658  660  660  659  658  660  666
  670  668  661  648  633  616  596  576  557  541  526  510  493  473  451  426
  396  364  324  289  253  210  176  148  156                                   
    20.0-180.0 180.0   5.0 450.0                            LAT/LON1/LON2/DLON/H
  198  180  151  132  120  107  103   99   96   94   93   93   93   93   94   96
   99  105  119  142  173  206  235  258  277  297  321  349  381  417  458  502
  549  594  631  659  674  680  680  680  683  689  696  700  703  706  713  723
  730  732  728  718  706  691  671  648  624  602  582  564  547  530  513  493
  466  437  395  360  319  272  231  197  198                                   
    17.5-180.0 180.0   5.0 450.0                            LAT/LON1/LON2/DLON/H
  241  222  191  162  142  125  118  111  105  100   97   94   92   91   91   93
   98  106  123  149  183  218  248  271  293  317  346  381  420  461  505  549
  593  632  662  682  691  694  694  697  703  713  724  732  736  741  750  760
  769  773  770  764  754  739  717  689  659  629  602  580  563  550  540  528
  509  485  448  415  373  328  285  249  241                                   
    15.0-180.0 180.0   5.0 450.0                            LAT/LON1/LON2/DLON/H
  275  261  233  199  171  150  138  127  117  109  103   97   93   90   90   92
   98  108  126  154  190  226  256  281  305  334  369  410  453  496  539  581
  619  651  673  686  693  696  701  708  719  733  746  755  760  764  770  779
  787  790  789  783  773  757  732  698  660  622  588  560  541  532  529  525
  515  500  471  442  404  363  326  291  275                                   
    12.5-180.0 180.0   5.0 450.0                            LAT/LON1/LON2/DLON/H
  296  290  270  235  202  178  162  146  131  120  110  102   96   92   91   94
  100  111  130  159  194  230  261  287  315  348  389  433  478  520  559  595
  627  652  669  680  687  694  704  716  732  749  764  772  775  776  778  783
  787  789  786  780  769  750  721  682  637  592  551  518  496  487  488  491
  489  482  463  440  410  377  347  317  296                                   
    10.0-180.0 180.0   5.0 450.0                            LAT/LON1/LON2/DLON/H
  303  307  293  262  230  203  184  164  146  131  119  109  101   97   96   99
  105  116  135  163  198  233  264  293  324  362  406  452  495  533  567  597
  623  644  659  670  680  692  707  725  745  764  778  785  785  781  779  778
  777  774  768  759  746  724  693  651  604  555  510  473  447  435  435  441
  444  444  434  419  398  373  351  326  303                                   
     7.5-180.0 180.0   5.0 450.0                            LAT/LON1/LON2/DLON/H
  304  314  304  276  247  220  200  179  158  142  128  117  109  105  104  106
  112  123  141  169  203  237  269  300  334  375  421  466  506  539  567  592
