data/edconvlstm_nd/pred3160.15i
     1.0            IONOSPHERE MAPS     GNSS                IONEX VERSION / TYPE
pyspatialgeodesy        IME             05-JAN-18 20:20     PGM / RUN BY / DATE 
Map Name                                                    COMMENT             
Predicted global ionosphere maps (GIM).                     DESCRIPTION         
  2015    11    12     0     0     0                        EPOCH OF FIRST MAP  
  2015    11    13     0     0     0                        EPOCH OF LAST MAP   
  7200                                                      INTERVAL            
    13                                                      # OF MAPS IN FILE   
  NONE                                                      MAPPING FUNCTION    
10.0                                                        ELEVATION CUTOFF    
One-way carrier phase leveled to code                       OBSERVABLES USED    
  6371.0                                                    BASE RADIUS         
 2                                                          MAP DIMENSION       
   450.0 450.0   0.0                                        HGT1 / HGT2 / DHGT  
    87.5 -87.5  -2.5                                        LAT1 / LAT2 / DLAT  
  -180.0 180.0   5.0                                        LON1 / LON2 / DLON  
    -1                                                      EXPONENT            
                                                            END OF HEADER       
[from data line 1716]
     5                                                      START OF TEC MAP    
  2015    11    12     8     0     0                        EPOCH OF CURRENT MAP
    87.5-180.0 180.0   5.0 450.0                            LAT/LON1/LON2/DLON/H
   29   39   36   39   40   40   40   36   37   39   39   41   41   42   43   43
   44   44   44   44   44   44   44   44   44   44   44   44   44   44   43   43
   43   43   43   43   43   43   43   43   43   43   43   43   42   42   42   42
   42   41   41   40   39   39   38   37   36   36   35   34   34   33   32   32
   33   33   31   31   38   45   57   55   29                                   
    85.0-180.0 180.0   5.0 450.0                            LAT/LON1/LON2/DLON/H
   20   46   49   44   46   49   49   49   49   51   51   53   53   54   54   55
   55   56   56   56   56   56   56   56   56   56   56   56   56   56   56   56
   56   56   56   56   56   56   56   56   56   56   56   56   56   56   56   56
   55   55   54   53   52   51   50   49   49   48   47   46   45   44   44   43
   44   44   41   42   46   49   60   53   20                                   
    82.5-180.0 180.0   5.0 450.0                            LAT/LON1/LON2/DLON/H
   18   33   48   44   44   46   46   46   47   49   49   51   52   53   53   54
   54   54   54   54   54   53   53   53   53   53   53   53   54   54   54   55
   55   56   56   57   57   58   58   59   59   60   60   60   61   61   61   60
   60   59   58   56   55   53   52   50   49   47   46   44   43   42   41   41
   41   41   39   38   48   46   47   43   18                                   
    80.0-180.0 180.0   5.0 450.0                            LAT/LON1/LON2/DLON/H
   25   32   46   41   45   42   43   43   45   46   47   49   50   51   51   51
   51   51   51   50   50   49   49   49   49   49   49   49   50   51   52   53
   54   55   56   57   58   59   60   61   62   63   65   66   67   67   68   68
   67   66   65   63   61   59   56   54   51   49   47   45   43   41   40   39
   39   39   39   39   45   45   46   44   25                                   
    77.5-180.0 180.0   5.0 450.0                            LAT/LON1/LON2/DLON/H
   38   39   43   37   38   37   37   37   39   40   40   43   44   45   46   46
   46   46   45   44   43   42   42   41   40   40   41   42   43   44   46   47
   49   51   52   53   55   56   58   59   61   63   65   68   70   72   73   74
   74   74   73   71   69   66   63   60   57   54   50   47   45   42   40   39
   37   37   36   37   38   33   38   40   38                                   
    75.0-180.0 180.0   5.0 450.0                            LAT/LON1/LON2/DLON/H
   34   39   40   37   38   38   37   36   36   37   37   38   39   39   40   40
   40   40   39   38   37   36   35   34   34   34   35   36   37   39   41   43
   45   47   49   50   51   53   54   57   59   63   67   71   75   78   81   83
   84   84   84   82   80   78   75   71   67   63   59   55   52   48   45   43
   41   40   39   37   40   35   39   37   34                                   
    72.5-180.0 180.0   5.0 450.0                            LAT/LON1/LON2/DLON/H
   41   43   43   39   41   42   42   39   38   38   36   37   37   38   39   39
   39   39   38   36   35   33   32   31   30   31   31   33   35   37   40   42
   44   46   48   49   50   52   54   57   61   66   72   78   84   90   94   98
  100  100  100   99   97   94   91   87   83   78   74   69   64   60   56   53
   50   48   48   46   47   42   45   44   41                                   
    70.0-180.0 180.0   5.0 450.0                            LAT/LON1/LON2/DLON/H
   46   47   49   47   48   48   47   44   42   41   39   39   38   39   39   40
   40   39   38   37   35   33   32   31   31   31   32   33   35   37   40   42
   45   46   48   49   50   51   54   58   64   71   79   87   96  103  109  114
  116  117  117  115  113  110  107  103   98   93   88   82   76   70   65   61
   58   56   56   52   52   48   54   51   46                                   
    67.5-180.0 180.0   5.0 450.0                            LAT/LON1/LON2/DLON/H
   45   47   50   49   50   52   51   49   46   44   41   40   39   40   40   40
   40   40   38   37   35   34   33   32   31   31   32   33   35   37   39   41
   43   45   46   47   48   50   53   58   65   74   85   96  106  116  123  128
  130  131  130  128  126  123  119  115  110  104   98   91   84   77   70   66
   62   58   58   53   53   49   54   52   45                                   
    65.0-180.0 180.0   5.0 450.0                            LAT/LON1/LON2/DLON/H
   42   44   47   49   51   54   55   53   51   48   44   43   42   42   42   42
   42   41   40   38   37   36   35   34   34   33   33   34   35   36   38   40
   42   44   45   46   48   50   55   61   70   82   95  108  120  131  139  144
  146  147  145  143  140  136  132  128  123  116  109  101   92   83   75   68
   63   59   57   52   52   49   52   51   42                                   
    62.5-180.0 180.0   5.0 450.0                            LAT/LON1/LON2/DLON/H
   35   38   42   45   49   53   55   55   53   51   47   46   44   44   44   44
   44   43   41   40   38   37   37   36   35   35   34   34   34   35   36   38
   40   43   45   47   50   54   59   67   78   91  106  121  135  146  154  159
  161  161  159  156  153  149  145  140  135  128  120  111  100   89   79   70
   63   56   54   48   47   43   45   46   35                                   
    60.0-180.0 180.0   5.0 450.0                            LAT/LON1/LON2/DLON/H
   29   31   34   38   42   46   49   51   50   49   46   45   44   44   44   44
   44   42   40   38   37   36   36   35   35   34   32   31   30   30   32   34
   37   40   44   48   52   58   65   74   86  101  117  132  146  157  165  170
  172  172  170  167  164  160  156  151  146  139  131  121  109   96   83   72
   62   54   50   44   42   36   37   38   29                                   
    57.5-180.0 180.0   5.0 450.0                            LAT/LON1/LON2/DLON/H
   26   25   28   31   35   39   43   45   46   45   44   44   43   44   45   44
   43   42   39   37   35   35   35   34   34   32   30   28   27   27   28   31
   35   41   46   52   58   65   74   84   98  113  129  144  157  168  176  180
  183  184  183  181  178  175  171  167  162  156  148  138  126  111   96   82
   69   59   54   47   44   34   32   34   26                                   
    55.0-180.0 180.0   5.0 450.0                            LAT/LON1/LON2/DLON/H
   30   25   25   27   30   34   37   39   40   40   39   40   41   42   43   44
   42   40   38   35   34   33   33   33   33   31   29   26   24   24   26   30
   35   42   50   59   67   75   85   97  110  125  140  154  166  176  184  190
  194  196  197  197  195  193  189  185  181  175  168  159  147  132  115   99
   84   71   65   56   52   39   36   37   30                                   
    52.5-180.0 180.0   5.0 450.0                            LAT/LON1/LON2/DLON/H
   42   33   30   29   31   32   35   36   37   36   36   37   38   40   42   42
   42   39   37   34   33   33   33   33   33   31   28   25   23   23   25   30
   38   47   57   68   78   88   99  111  124  138  151  164  175  184  192  199
  204  209  212  214  214  212  208  204  200  195  189  181  170  155  139  122
  105   91   83   73   67   53   49   48   42                                   
    50.0-180.0 180.0   5.0 450.0                            LAT/LON1/LON2/DLON/H
   61   50   42   39   37   38   38   37   36   35   34   35   36   38   40   41
   41   39   37   35   34   34   34   34   33   31   29   26   24   24   27   33
   43   54   67   79   91  103  114  127  139  152  163  173  182  191  199  207
  215  222  227  231  232  230  226  222  216  211  206  199  190  177  161  144
  127  112  104   93   87   74   70   67   61                                   
    47.5-180.0 180.0   5.0 450.0                            LAT/LON1/LON2/DLON/H
   85   74   63   58   51   50   48   44   41   38   36   36   36   38   40   41
   41   40   38   36   36   35   35   35   34   33   30   27   26   26   30   38
   49   63   78   92  106  119  131  144  156  166  175  183  191  198  207  215
  225  233  240  244  246  244  240  234  228  222  217  211  203  191  177  161
  145  130  121  110  105   95   93   90   85                                   
    45.0-180.0 180.0   5.0 450.0                            LAT/LON1/LON2/DLON/H
  107   98   87   80   71   68   63   56   51   46   42   40   39   40   41   42
   41   40   39   38   37   37   37   37   36   35   32   30   29   30   34   43
   56   72   89  105  121  135  149  161  173  182  189  194  200  207  214  223
  232  241  248  253  254  252  247  240  233  226  220  214  206  196  183  168
  153  138  128  118  115  110  111  108  107                                   
    42.5-180.0 180.0   5.0 450.0                            LAT/LON1/LON2/DLON/H
  118  114  105  100   91   87   80   72   65   58   52   49   46   45   44   44
   43   41   40   39   39   39   39   39   38   37   35   33   32   33   38   48
   62   80   99  117  135  151  166  179  190  198  203  207  211  217  223  231
  239  246  252  255  256  254  248  241  233  225  217  210  202  192  179  165
  150  136  125  115  113  110  114  115  118                                   
    40.0-180.0 180.0   5.0 450.0                            LAT/LON1/LON2/DLON/H
  115  115  109  107  100   98   93   85   78   71   65   60   56   53   50   48
   45   43   42   41   41   41   41   40   40   39   38   36   35   36   41   52
   67   87  108  129  148  166  182  196  207  214  219  222  225  229  234  239
  244  249  252  254  255  252  248  241  233  224  215  206  196  184  171  157
  141  126  113  101   99   96  102  106  115                                   
    37.5-180.0 180.0   5.0 450.0                            LAT/LON1/LON2/DLON/H
   97   99   97   97   96   97   95   91   86   81   76   72   68   63   59   55
   51   48   46   44   44   43   43   42   42   41   40   39   38   39   44   56
   73   95  118  140  161  180  197  211  223  230  235  238  240  244  247  250
  252  253  254  255  255  254  252  247  240  232  222  210  197  183  168  152
  134  116  100   85   79   73   80   86   97                                   
    35.0-180.0 180.0   5.0 450.0                            LAT/LON1/LON2/DLON/H
   72   74   74   77   79   83   86   86   86   84   83   81   78   74   69   64
   58   54   51   49   48   47   46   45   44   43   42   42   41   42   49   61
   80  103  128  152  174  193  211  226  237  246  251  255  259  262  265  266
  265  264  262  262  263  265  266  266  262  255  245  231  216  198  179  160
  139  116   96   75   64   50   57   65   72                                   
    32.5-180.0 180.0   5.0 450.0                            LAT/LON1/LON2/DLON/H
   50   49   49   54   57   63   68   72   76   79   82   84   84   82   78   73
   67   62   58   56   53   51   49   48   47   46   46   45   45   48   55   68
   89  114  140  165  187  207  224  240  252  261  269  275  281  286  288  288
  286  283  281  282  285  290  295  298  299  295  285  272  254  234  212  190
  164  137  111   82   63   39   43   51   50                                   
    30.0-180.0 180.0   5.0 450.0                            LAT/LON1/LON2/DLON/H
   41   33   31   35   38   42   48   54   60   67   73   80   84   86   84   80
   76   71   67   63   59   56   54   52   51   51   51   51   51   54   62   77
  100  127  154  180  202  222  239  254  267  279  289  298  307  315  319  319
  317  314  313  315  320  328  337  344  349  349  342  329  311  290  266  241
  212  182  151  114   87   51   48   51   41                                   
    27.5-180.0 180.0   5.0 450.0                            LAT/LON1/LON2/DLON/H
   50   35   27   28   28   29   32   37   44   52   61   70   78   83   85   84
   82   78   74   70   65   62   59   57   56   56   56   57   58   62   72   89
  113  142  171  197  220  239  256  271  285  298  312  325  338  348  355  357
  357  356  357  361  368  378  390  402  411  415  412  402  384  362  337  310
  279  246  212  170  136   89   78   72   50                                   
    25.0-180.0 180.0   5.0 450.0                            LAT/LON1/LON2/DLON/H
   82   59   44   37   32   28   27   29   33   40   49   58   68   75   81   84
   84   83   80   76   71   67   64   63   62   62   62   62   65   71   83  102
  128  159  189  216  238  258  275  291  306  322  338  356  373  387  396  401
  404  407  411  418  428  440  453  468  480  489  490  482  467  445  419  390
  358  324  287  244  206  151  131  117   82                                   
    22.5-180.0 180.0   5.0 450.0                            LAT/LON1/LON2/DLON/H
  136  109   85   68   55   44   37   33   33   37   42   50   58   66   73   79
   83   84   83   79   75   71   69   68   68   67   66   67   71   79   94  115
  144  175  206  234  257  277  296  313  330  348  369  390  411  429  441  450
  458  465  473  483  493  505  519  535  550  561  565  560  546  526  500  470
  438  405  365  325  285  228  201  183  136                                   
    20.0-180.0 180.0   5.0 450.0                            LAT/LON1/LON2/DLON/H
  207  179  148  122   98   77   62   51   45   44   45   48   53   59   66   73
   79   82   82   79   76   73   72   72   71   70   69   71   76   87  104  127
  157  189  221  250  275  297  318  337  356  377  401  426  451  471  487  500
  511  523  535  545  555  565  576  590  603  615  620  616  605  587  563  534
  503  472  435  399  359  307  278  261  207                                   
    17.5-180.0 180.0   5.0 450.0                            LAT/LON1/LON2/DLON/H
  280  258  225  193  156  125  102   84   72   64   58   56   56   58   63   68
   74   77   78   77   74   72   72   73   73   72   71   73   79   92  111  137
  167  200  233  263  290  316  339  361  383  407  433  461  488  510  528  543
  557  572  585  595  601  606  611  619  629  638  642  640  631  615  594  568
  540  513  481  452  415  373  347  333  280                                   
    15.0-180.0 180.0   5.0 450.0                            LAT/LON1/LON2/DLON/H
  341  328  298  265  218  181  151  128  109   94   81   72   66   63   64   67
   71   74   74   73   71   69   70   71   72   72   72   74   82   96  117  143
  174  208  241  273  303  332  359  384  408  434  462  491  518  541  559  575
  590  604  616  623  625  623  621  623  627  632  635  632  625  612  594  570
  545  523  497  475  444  411  392  380  341                                   
    12.5-180.0 180.0   5.0 450.0                            LAT/LON1/LON2/DLON/H
  378  373  351  320  270  231  199  174  151  130  111   96   83   75   71   70
   71   72   71   69   67   66   67   70   72   73   73   76   84   99  121  148
  179  213  247  281  313  345  375  403  429  456  485  513  539  561  577  592
  606  619  629  632  628  620  613  608  607  608  608  604  597  586  571  550
  527  507  487  468  445  418  404  394  378                                   
    10.0-180.0 180.0   5.0 450.0                            LAT/LON1/LON2/DLON/H
  386  384  368  342  300  264  236  213  190  167  144  123  105   92   82   77
   74   72   71   68   65   65   67   71   74   76   77   80   88  103  125  152
  184  217  252  286  320  353  385  415  443  470  498  525  549  568  583  597
  609  621  627  627  619  606  594  586  581  578  574  569  562  552  538  520
  499  479  461  444  426  402  390  379  386                                   
     7.5-180.0 180.0   5.0 450.0                            LAT/LON1/LON2/DLON/H
  373  366  354  331  301  272  252  236  218  197  173  151  130  112   97   87
   80   76   73   70   67   66   69   74   79   83   84   87   95  109  130  157
