data/edconvlstm_nd/pred2450.15i
     1.0            IONOSPHERE MAPS     GNSS                IONEX VERSION / TYPE
pyspatialgeodesy        IME             05-JAN-18 20:20     PGM / RUN BY / DATE 
Map Name                                                    COMMENT             
Predicted global ionosphere maps (GIM).                     DESCRIPTION         
  2015     9     2     0     0     0                        EPOCH OF FIRST MAP  
  2015     9     3     0     0     0                        EPOCH OF LAST MAP   
  7200                                                      INTERVAL            
    13                                                      # OF MAPS IN FILE   
  NONE                                                      MAPPING FUNCTION    
10.0                                                        ELEVATION CUTOFF    
One-way carrier phase leveled to code                       OBSERVABLES USED    
  6371.0                                                    BASE RADIUS         
 2                                                          MAP DIMENSION       
   450.0 450.0   0.0                                        HGT1 / HGT2 / DHGT  
    87.5 -87.5  -2.5                                        LAT1 / LAT2 / DLAT  
  -180.0 180.0   5.0                                        LON1 / LON2 / DLON  
    -1                                                      EXPONENT            
                                                            END OF HEADER       
[from data line 1287]
     4                                                      START OF TEC MAP    
  2015     9     2     6     0     0                        EPOCH OF CURRENT MAP
    87.5-180.0 180.0   5.0 450.0                            LAT/LON1/LON2/DLON/H
  117  124  124  130  129  128  127  123  124  125  124  124  124  123  122  121
  120  119  118  116  115  113  112  111  110  109  108  107  106  105  105  105
  104  104  104  104  104  105  105  105  106  106  107  108  109  110  111  112
  113  114  115  116  116  117  117  118  118  119  119  119  119  119  119  120
  121  122  121  121  125  126  130  122  117                                   
    85.0-180.0 180.0   5.0 450.0                            LAT/LON1/LON2/DLON/H
  120  136  134  136  137  138  138  137  137  137  137  137  136  135  134  133
  132  130  128  126  124  123  121  119  117  116  115  114  113  113  112  112
  112  112  113  113  114  114  115  116  117  118  119  121  122  123  125  126
  128  129  131  132  133  134  134  135  136  136  136  136  136  136  136  136
  138  138  134  134  130  133  136  131  120                                   
    82.5-180.0 180.0   5.0 450.0                            LAT/LON1/LON2/DLON/H
  129  137  143  136  134  136  136  136  136  137  136  137  136  135  134  133
  131  128  126  123  120  117  115  112  110  109  107  106  105  105  105  105
  106  107  108  109  110  112  113  115  117  119  121  123  126  128  130  133
  135  137  139  141  142  143  144  145  145  146  146  145  145  145  144  144
  144  143  139  138  139  135  130  124  129                                   
    80.0-180.0 180.0   5.0 450.0                            LAT/LON1/LON2/DLON/H
  130  133  131  128  127  127  128  128  129  130  129  130  130  129  128  126
  124  121  118  114  110  107  103  100   97   95   94   93   93   93   94   95
   96   98  100  102  104  106  109  111  114  117  120  123  127  130  134  137
  140  143  146  148  149  151  152  152  153  153  153  152  151  150  149  148
  147  145  142  142  141  139  139  125  130                                   
    77.5-180.0 180.0   5.0 450.0                            LAT/LON1/LON2/DLON/H
  126  125  123  121  117  119  119  120  121  122  121  123  123  123  122  121
  118  115  111  107  102   98   93   89   86   84   82   82   82   83   85   88
   90   93   96   99  102  105  108  111  115  119  123  128  132  137  142  146
  150  154  157  159  161  162  163  163  164  163  163  162  161  159  158  156
  154  151  145  145  143  135  131  125  126                                   
    75.0-180.0 180.0   5.0 450.0                            LAT/LON1/LON2/DLON/H
  116  117  111  110  105  108  107  106  107  108  108  110  110  111  111  110
  108  105  100   96   91   85   80   76   72   70   69   69   70   72   74   78
   82   86   89   93   97  100  104  107  112  116  122  127  133  139  145  150
  155  159  161  163  165  166  166  166  166  166  165  165  164  162  160  159
  156  152  147  141  138  132  128  124  116                                   
    72.5-180.0 180.0   5.0 450.0                            LAT/LON1/LON2/DLON/H
  111  114  107  104  100  102  100   99   99  100  100  102  103  105  105  105
  103  101   97   92   87   81   75   71   67   64   63   63   64   67   71   75
   80   85   90   94   98  101  105  110  114  120  126  133  140  147  153  159
  163  166  169  170  170  170  170  170  170  169  169  168  167  166  165  164
  161  158  154  149  142  135  128  125  111                                   
    70.0-180.0 180.0   5.0 450.0                            LAT/LON1/LON2/DLON/H
  115  114  107  102   96   95   92   89   89   88   88   91   92   94   96   96
   95   93   90   86   80   75   69   64   60   57   56   56   58   61   65   70
   76   81   86   90   94   98  102  107  112  119  126  134  142  149  156  161
  165  167  168  168  168  167  166  166  165  165  165  165  165  164  163  163
  161  158  155  151  146  139  135  131  115                                   
    67.5-180.0 180.0   5.0 450.0                            LAT/LON1/LON2/DLON/H
  115  114  107  101   94   91   87   83   81   79   78   81   82   84   86   88
   88   87   84   80   75   70   65   60   56   53   51   51   53   55   59   64
   69   75   79   83   87   91   95  101  107  114  122  131  139  147  153  158
  161  162  161  160  159  157  156  156  156  156  157  157  157  157  156  156
  156  154  153  150  146  141  136  132  115                                   
    65.0-180.0 180.0   5.0 450.0                            LAT/LON1/LON2/DLON/H
  120  119  111  104   96   91   86   80   76   73   72   73   75   77   80   81
   82   81   79   76   72   67   63   58   54   51   50   49   50   52   56   60
   65   69   74   78   82   86   91   97  104  112  121  130  139  147  152  155
  157  157  155  153  151  150  149  149  150  151  152  153  152  152  151  151
  151  150  151  150  148  145  141  137  120                                   
    62.5-180.0 180.0   5.0 450.0                            LAT/LON1/LON2/DLON/H
  125  125  118  110  101   95   87   80   74   70   67   68   69   71   74   76
   77   76   74   72   68   64   60   57   53   51   49   48   48   49   52   55
   59   64   68   72   76   81   86   93  101  110  120  130  138  145  149  152
  152  150  148  146  144  144  144  146  148  150  151  151  151  149  148  147
  147  146  148  148  148  147  144  141  125                                   
    60.0-180.0 180.0   5.0 450.0                            LAT/LON1/LON2/DLON/H
  130  130  123  115  106   99   90   80   73   66   62   62   63   65   67   69
   70   69   67   65   62   59   56   54   51   49   47   46   45   46   47   50
   54   58   62   66   71   76   83   90   99  109  120  129  137  143  146  147
  146  145  143  142  141  142  144  146  150  153  154  154  153  150  146  144
  143  142  144  145  146  146  145  142  130                                   
    57.5-180.0 180.0   5.0 450.0                            LAT/LON1/LON2/DLON/H
  134  134  128  120  112  104   94   83   74   65   60   59   59   60   62   63
   63   62   61   58   56   54   52   51   50   48   46   45   44   44   45   47
   50   54   58   63   69   75   83   91  101  112  122  131  138  143  145  145
  145  144  143  143  144  146  150  154  159  163  164  164  161  156  151  147
  144  142  143  144  146  146  145  143  134                                   
    55.0-180.0 180.0   5.0 450.0                            LAT/LON1/LON2/DLON/H
  137  137  132  125  117  110   99   87   76   65   59   56   55   56   57   58
   57   56   54   52   50   49   49   48   48   47   46   45   44   43   44   45
   48   52   57   63   70   77   86   95  106  116  127  135  141  145  146  147
  147  147  148  150  152  156  161  166  171  176  177  176  172  166  159  153
  149  145  145  145  147  147  146  144  137                                   
    52.5-180.0 180.0   5.0 450.0                            LAT/LON1/LON2/DLON/H
  139  139  135  130  123  116  105   92   79   68   59   56   54   54   54   54
   53   51   49   48   47   46   47   47   48   48   48   47   46   45   45   47
   49   54   60   67   74   83   92  102  113  123  134  142  147  150  151  152
  153  155  158  161  165  169  174  179  185  189  190  189  185  178  170  163
  157  153  152  150  151  150  149  146  139                                   
    50.0-180.0 180.0   5.0 450.0                            LAT/LON1/LON2/DLON/H
  140  140  137  134  129  122  112   98   85   72   62   57   54   53   53   52
   51   49   47   46   46   47   48   49   50   51   52   51   50   50   49   51
   54   59   65   73   81   90  100  110  121  132  142  150  155  158  160  161
  164  167  171  175  178  182  186  190  195  198  200  199  195  188  181  175
  169  164  161  159  157  155  153  150  140                                   
    47.5-180.0 180.0   5.0 450.0                            LAT/LON1/LON2/DLON/H
  141  141  138  137  134  129  119  106   93   79   68   62   57   55   53   52
   50   49   48   48   49   50   52   54   56   57   58   58   57   56   56   57
   60   65   72   80   89   99  108  119  130  141  151  159  164  167  170  172
  176  180  184  187  190  192  194  197  200  203  204  203  200  196  190  185
  180  176  173  169  166  162  158  154  141                                   
    45.0-180.0 180.0   5.0 450.0                            LAT/LON1/LON2/DLON/H
  140  141  138  139  137  134  126  113  101   87   76   69   63   59   57   54
   53   52   52   54   55   58   60   62   63   64   65   65   64   63   63   64
   66   71   78   87   96  106  116  126  138  149  160  168  174  178  181  184
  188  192  196  198  199  199  199  199  201  203  204  204  202  200  196  193
  190  187  184  179  175  169  164  160  140                                   
    42.5-180.0 180.0   5.0 450.0                            LAT/LON1/LON2/DLON/H
  140  140  136  138  138  136  130  119  108   96   85   78   71   66   62   59
   57   57   58   61   64   67   69   70   71   72   72   72   71   70   70   70
   72   76   83   91  101  111  121  132  144  156  167  177  183  188  192  195
  199  203  206  207  206  205  203  202  202  203  204  204  203  202  201  200
  199  197  194  189  184  177  171  165  140                                   
    40.0-180.0 180.0   5.0 450.0                            LAT/LON1/LON2/DLON/H
  140  138  133  135  136  134  130  122  113  103   93   87   80   74   69   64
   62   63   65   69   73   76   77   78   77   78   78   78   77   76   75   74
   75   79   85   93  103  113  124  136  148  162  174  184  192  197  201  205
  209  213  215  216  215  213  211  210  210  210  210  209  208  207  206  207
  206  205  203  198  194  185  178  171  140                                   
    37.5-180.0 180.0   5.0 450.0                            LAT/LON1/LON2/DLON/H
  143  138  131  130  130  129  126  120  114  106   99   94   88   82   76   71
   68   69   72   77   81   84   84   83   82   82   81   81   80   79   78   77
   77   80   85   93  103  114  126  138  152  166  180  191  200  205  210  214
  218  222  226  228  229  229  229  229  229  228  227  224  221  219  217  217
  216  214  212  207  203  194  187  177  143                                   
    35.0-180.0 180.0   5.0 450.0                            LAT/LON1/LON2/DLON/H
  150  140  130  126  124  121  119  115  112  106  102   99   94   89   83   77
   74   75   78   83   87   89   89   87   85   84   83   83   82   81   79   78
   77   79   84   91  102  113  126  140  155  170  185  197  206  212  217  222
  228  234  240  246  251  255  259  261  262  261  257  252  247  241  237  234
  231  227  224  219  215  206  200  188  150                                   
    32.5-180.0 180.0   5.0 450.0                            LAT/LON1/LON2/DLON/H
  164  148  135  125  119  113  110  107  105  103  101  100   98   94   88   83
   80   80   83   88   92   94   93   90   87   85   85   84   83   82   80   78
   77   78   82   90  100  113  127  141  157  173  188  201  211  218  224  231
  239  249  260  271  282  292  299  305  307  305  300  292  283  274  265  259
  252  246  241  234  231  223  218  204  164                                   
    30.0-180.0 180.0   5.0 450.0                            LAT/LON1/LON2/DLON/H
  185  165  148  132  121  110  104  100   98   97   97   98   98   96   92   88
   84   84   87   91   95   97   96   93   90   88   87   86   84   82   80   78
   77   77   81   88   99  113  127  143  159  175  191  204  214  223  231  240
  252  267  284  302  319  335  347  355  359  357  350  340  327  314  302  292
  281  271  264  256  253  245  242  227  185                                   
    27.5-180.0 180.0   5.0 450.0                            LAT/LON1/LON2/DLON/H
  215  191  171  148  130  113  104   96   93   92   93   95   97   97   94   91
   88   87   89   94   98  101  100   97   94   92   90   88   86   84   81   79
   78   77   80   87   99  113  128  144  160  177  192  206  217  227  237  251
  267  288  311  335  359  379  396  406  410  408  400  388  374  359  344  330
  315  302  293  282  280  273  271  257  215                                   
    25.0-180.0 180.0   5.0 450.0                            LAT/LON1/LON2/DLON/H
  252  227  204  175  150  126  111  100   94   90   90   92   94   96   95   92
   89   89   91   96  101  105  105  103  100   97   94   92   89   85   83   80
   78   78   80   87   99  113  129  145  162  178  194  208  220  232  245  262
  284  310  339  368  396  419  437  448  452  450  442  429  415  400  385  369
  352  337  326  312  310  304  303  290  252                                   
    22.5-180.0 180.0   5.0 450.0                            LAT/LON1/LON2/DLON/H
  290  267  242  209  178  148  127  111  101   94   91   92   93   94   94   92
   89   89   92   98  105  110  111  110  107  103  100   96   91   87   84   81
   79   78   80   87   99  114  130  147  163  180  196  211  224  238  254  275
  301  331  364  396  424  447  464  473  476  473  466  456  444  431  418  404
  387  371  358  343  340  336  334  322  290                                   
    20.0-180.0 180.0   5.0 450.0                            LAT/LON1/LON2/DLON/H
  326  307  281  245  211  175  149  129  114  104   97   95   94   94   93   91
   89   89   93   99  107  114  117  117  113  109  104   99   94   89   85   82
   79   77   79   86   98  114  131  148  165  183  200  216  231  246  264  288
  317  349  383  414  440  460  473  479  479  477  471  464  457  450  441  430
  415  400  387  371  367  363  360  350  326                                   
    17.5-180.0 180.0   5.0 450.0                            LAT/LON1/LON2/DLON/H
  354  340  315  279  243  205  174  150  133  119  108  102   99   97   94   91
   89   89   93  101  110  117  122  121  118  113  107  101   95   89   85   81
   78   76   77   84   97  114  132  150  168  187  206  224  240  257  277  301
  331  363  395  423  444  458  465  467  466  463  460  458  456  455  452  446
  435  421  409  393  388  384  380  371  354                                   
    15.0-180.0 180.0   5.0 450.0                            LAT/LON1/LON2/DLON/H
  371  361  338  303  268  230  197  173  153  136  123  113  107  102   97   93
   90   91   95  102  111  119  123  123  119  113  107  101   95   89   84   80
   76   73   74   82   96  114  133  152  172  193  214  234  252  269  289  314
  342  372  400  423  438  445  447  446  443  441  441  443  447  452  454  453
  445  434  422  407  401  396  391  383  371                                   
    12.5-180.0 180.0   5.0 450.0                            LAT/LON1/LON2/DLON/H
  378  370  350  316  285  248  216  191  171  153  138  127  118  110  103   98
   94   94   97  104  112  119  122  121  117  111  105   99   93   88   83   78
   73   70   72   80   95  114  134  155  177  200  223  245  264  282  302  325
  351  377  400  417  427  430  428  425  422  420  422  427  435  444  451  453
  447  439  428  414  407  400  395  387  378                                   
    10.0-180.0 180.0   5.0 450.0                            LAT/LON1/LON2/DLON/H
  377  370  352  320  293  258  228  204  185  167  152  140  130  121  112  105
  101  100  102  106  112  117  119  117  112  106  101   96   91   86   82   76
   71   68   70   79   94  114  136  158  182  207  231  255  275  294  313  334
  357  379  398  411  417  419  417  415  412  411  413  419  429  439  446  449
  445  438  428  415  407  398  393  384  377                                   
     7.5-180.0 180.0   5.0 450.0                            LAT/LON1/LON2/DLON/H
  373  366  349  317  294  262  234  213  194  178  164  153  143  133  123  115
  110  108  108  110  113  114  114  111  107  102   97   93   89   85   81   75
