data/edconvlstm_nd/pred1120.15i
     1.0            IONOSPHERE MAPS     GNSS                IONEX VERSION / TYPE
pyspatialgeodesy        IME             05-JAN-18 20:20     PGM / RUN BY / DATE 
Map Name                                                    COMMENT             
Predicted global ionosphere maps (GIM).                     DESCRIPTION         
  2015     4    22     0     0     0                        EPOCH OF FIRST MAP  
  2015     4    23     0     0     0                        EPOCH OF LAST MAP   
  7200                                                      INTERVAL            
    13                                                      # OF MAPS IN FILE   
  NONE                                                      MAPPING FUNCTION    
10.0                                                        ELEVATION CUTOFF    
One-way carrier phase leveled to code                       OBSERVABLES USED    
  6371.0                                                    BASE RADIUS         
 2                                                          MAP DIMENSION       
   450.0 450.0   0.0                                        HGT1 / HGT2 / DHGT  
    87.5 -87.5  -2.5                                        LAT1 / LAT2 / DLAT  
  -180.0 180.0   5.0                                        LON1 / LON2 / DLON  
    -1                                                      EXPONENT            
                                                            END OF HEADER       
[from data line 2145]
     6                                                      START OF TEC MAP    
  2015     4    22    10     0     0                        EPOCH OF CURRENT MAP
    87.5-180.0 180.0   5.0 450.0                            LAT/LON1/LON2/DLON/H
  197  188  182  186  190  192  192  193  196  199  200  203  204  206  208  209
  211  212  214  215  216  217  218  219  219  220  221  221  222  222  223  223
  223  223  222  222  221  220  218  216  214  212  210  207  205  202  199  197
  194  192  189  187  185  183  181  179  178  177  175  175  174  173  173  173
  173  174  173  174  178  180  184  193  197                                   
    85.0-180.0 180.0   5.0 450.0                            LAT/LON1/LON2/DLON/H
  178  178  185  185  187  192  194  196  199  202  203  206  208  210  212  213
  215  216  218  219  220  222  223  224  225  226  227  228  229  230  231  232
  232  232  232  232  231  229  227  225  223  220  217  214  210  207  204  201
  198  194  191  189  186  183  181  179  177  176  175  174  173  172  172  172
  173  175  172  174  173  174  180  189  178                                   
    82.5-180.0 180.0   5.0 450.0                            LAT/LON1/LON2/DLON/H
  158  173  176  174  177  182  185  188  192  194  197  199  202  204  206  208
  210  212  213  214  216  217  218  220  222  224  226  228  230  233  235  237
  239  240  241  241  241  239  238  235  232  229  226  222  218  214  210  205
  201  197  193  189  185  181  178  175  172  170  168  166  165  164  163  163
  163  163  160  163  164  171  175  166  158                                   
    80.0-180.0 180.0   5.0 450.0                            LAT/LON1/LON2/DLON/H
  153  166  169  169  171  174  178  182  186  189  191  194  197  199  201  203
  204  205  206  207  207  207  208  209  210  212  215  218  221  225  229  233
  237  240  242  244  244  244  244  242  240  237  235  232  228  225  222  218
  214  210  206  202  197  193  189  185  181  178  175  173  171  169  168  167
  166  165  160  162  160  164  171  158  153                                   
    77.5-180.0 180.0   5.0 450.0                            LAT/LON1/LON2/DLON/H
  157  165  168  168  168  172  175  178  182  184  186  188  191  193  195  196
  197  198  198  197  196  195  195  195  196  198  201  205  211  216  223  229
  235  241  245  249  252  254  255  255  254  254  253  251  250  249  247  245
  242  239  235  231  227  222  217  212  207  203  199  196  192  189  186  184
  181  178  171  170  169  168  169  163  157                                   
    75.0-180.0 180.0   5.0 450.0                            LAT/LON1/LON2/DLON/H
  158  165  164  165  165  169  172  174  178  180  181  182  184  185  187  188
  189  189  188  187  185  182  181  180  180  182  185  190  197  204  212  221
  229  237  244  250  255  259  262  264  266  267  269  270  272  274  275  276
  275  274  271  267  263  257  252  246  240  235  230  226  221  217  213  209
  203  198  189  182  176  174  173  164  158                                   
    72.5-180.0 180.0   5.0 450.0                            LAT/LON1/LON2/DLON/H
  157  163  161  162  162  166  170  172  175  175  175  176  177  178  180  181
  181  181  180  178  175  172  169  167  167  168  172  177  184  193  203  213
  223  233  242  250  257  262  267  271  275  279  283  288  293  298  302  306
  308  308  306  303  298  293  286  279  273  266  261  255  250  245  239  234
  226  218  207  197  186  179  176  171  157                                   
    70.0-180.0 180.0   5.0 450.0                            LAT/LON1/LON2/DLON/H
  156  157  156  157  157  161  166  168  170  170  169  169  169  170  172  173
  174  174  173  170  167  163  159  157  156  157  161  167  174  184  194  206
  217  228  238  248  256  263  269  274  280  286  293  300  308  316  323  329
  333  335  334  330  325  318  310  303  295  288  281  275  270  264  258  251
  242  232  219  206  192  182  179  175  156                                   
    67.5-180.0 180.0   5.0 450.0                            LAT/LON1/LON2/DLON/H
  149  149  148  150  152  157  162  164  167  166  165  164  164  165  167  168
  170  170  169  166  163  158  155  152  151  153  156  162  169  179  189  200
  212  224  235  245  254  263  270  277  284  291  299  308  318  328  337  344
  349  351  350  346  340  331  322  313  304  297  290  283  278  272  265  258
  249  238  224  210  193  181  176  173  149                                   
    65.0-180.0 180.0   5.0 450.0                            LAT/LON1/LON2/DLON/H
  141  139  137  139  141  147  153  157  160  160  159  158  158  158  161  163
  165  165  164  161  157  153  150  148  148  150  154  159  167  175  185  196
  207  219  230  242  252  262  271  279  287  295  304  314  324  334  343  351
  356  357  355  350  343  333  323  312  302  294  287  280  275  269  263  256
  247  237  223  209  193  179  174  169  141                                   
    62.5-180.0 180.0   5.0 450.0                            LAT/LON1/LON2/DLON/H
  134  130  126  127  129  135  142  147  151  151  151  150  150  152  154  156
  158  158  155  152  148  145  143  143  145  148  153  159  165  173  181  191
  202  213  226  238  250  262  272  282  291  300  309  318  328  337  345  352
  356  357  354  348  339  329  317  306  296  287  280  274  268  262  256  250
  242  232  220  206  191  177  170  165  134                                   
    60.0-180.0 180.0   5.0 450.0                            LAT/LON1/LON2/DLON/H
  134  125  119  117  116  121  128  133  138  139  140  140  141  143  145  147
  148  146  143  138  135  133  133  136  140  146  152  158  164  171  178  186
  196  208  221  235  249  263  275  287  297  307  316  324  332  340  347  353
  356  356  352  346  337  326  315  304  294  286  279  273  268  262  256  249
  241  232  221  208  195  179  171  163  134                                   
    57.5-180.0 180.0   5.0 450.0                            LAT/LON1/LON2/DLON/H
  144  130  121  113  109  111  116  120  125  127  128  130  131  133  136  137
  136  132  127  122  118  118  121  128  136  144  152  159  165  170  176  184
  193  204  218  233  249  266  281  295  308  318  327  335  341  348  353  357
  359  359  356  350  341  332  321  311  302  295  289  284  279  273  267  260
  251  242  231  219  206  190  180  169  144                                   
    55.0-180.0 180.0   5.0 450.0                            LAT/LON1/LON2/DLON/H
  165  146  134  119  111  108  110  112  115  116  118  120  122  124  126  126
  124  118  112  106  103  105  112  122  134  145  155  162  168  172  177  184
  192  203  217  233  251  270  289  307  322  334  343  350  356  361  365  369
  370  370  368  363  356  348  339  330  323  317  312  308  303  297  290  282
  272  262  250  238  226  210  198  185  165                                   
    52.5-180.0 180.0   5.0 450.0                            LAT/LON1/LON2/DLON/H
  194  173  157  137  123  116  113  111  112  111  112  114  116  118  119  119
  115  108  100   94   92   97  108  122  137  151  162  170  175  179  183  188
  195  205  219  236  256  277  300  321  339  354  364  371  376  380  384  387
  389  389  387  384  379  372  365  358  351  346  342  339  335  329  321  311
  299  288  275  262  250  235  222  208  194                                   
    50.0-180.0 180.0   5.0 450.0                            LAT/LON1/LON2/DLON/H
  227  204  186  164  146  134  127  121  117  115  113  114  115  116  117  115
  111  104   96   90   90   97  111  129  148  163  175  183  187  191  194  197
  203  211  224  241  262  286  312  337  359  376  389  396  401  405  408  411
  413  413  412  409  406  401  394  388  381  376  373  370  367  361  352  341
  327  314  298  283  272  258  245  232  227                                   
    47.5-180.0 180.0   5.0 450.0                            LAT/LON1/LON2/DLON/H
  253  234  214  194  175  160  149  139  132  126  122  120  119  119  119  118
  113  106   99   94   96  105  122  143  164  181  192  199  203  205  207  210
  213  220  231  248  270  297  326  355  381  401  415  424  428  431  434  436
  437  437  436  434  430  425  419  411  404  399  395  393  390  384  375  362
  346  331  313  297  285  273  261  251  253                                   
    45.0-180.0 180.0   5.0 450.0                            LAT/LON1/LON2/DLON/H
  267  254  236  221  203  188  175  162  152  143  137  132  130  128  127  125
  121  115  109  106  109  120  139  161  183  200  211  217  220  221  221  223
  225  231  241  257  281  310  343  375  405  428  443  452  456  458  459  460
  460  458  456  452  448  442  435  425  416  409  405  403  400  395  385  371
  354  337  316  297  284  273  263  256  267                                   
    42.5-180.0 180.0   5.0 450.0                            LAT/LON1/LON2/DLON/H
  263  258  245  237  223  211  198  185  173  163  154  148  144  140  138  136
  133  129  125  122  126  138  157  180  201  217  227  232  233  234  234  234
  236  241  252  269  294  327  362  399  431  456  472  480  483  484  484  483
  480  476  471  466  460  453  443  432  421  412  407  404  401  396  386  371
  353  333  310  287  272  261  253  246  263                                   
    40.0-180.0 180.0   5.0 450.0                            LAT/LON1/LON2/DLON/H
  246  246  240  238  231  224  215  204  192  181  172  165  159  154  151  149
  147  145  142  140  144  155  173  195  215  230  238  242  242  243  243  244
  246  252  265  285  313  348  388  427  461  487  504  511  513  513  511  508
  502  495  487  480  472  464  453  440  428  418  412  409  405  399  389  373
  353  331  304  277  257  243  235  226  246                                   
    37.5-180.0 180.0   5.0 450.0                            LAT/LON1/LON2/DLON/H
  223  226  225  226  226  223  220  213  203  195  187  180  174  168  164  162
  161  160  158  157  159  169  185  204  223  237  244  247  247  248  249  252
  257  266  282  306  339  378  420  461  497  524  541  548  550  549  546  541
  534  524  514  504  495  486  475  463  450  441  435  432  428  420  408  390
  369  345  314  281  255  233  221  206  223                                   
    35.0-180.0 180.0   5.0 450.0                            LAT/LON1/LON2/DLON/H
  207  209  209  209  214  214  215  212  207  202  197  193  187  181  177  174
  174  174  172  170  171  178  191  209  226  239  246  249  250  251  255  261
  270  284  305  335  373  415  460  503  539  567  584  593  597  597  595  590
  581  570  558  548  539  530  520  510  499  491  487  484  479  470  455  435
  412  385  352  312  278  246  224  201  207                                   
    32.5-180.0 180.0   5.0 450.0                            LAT/LON1/LON2/DLON/H
  210  204  200  197  201  203  207  207  205  204  203  202  198  193  188  185
  185  184  182  180  179  183  194  211  228  241  248  251  254  258  264  275
  289  310  338  374  416  461  506  549  585  614  634  647  655  660  661  657
  649  639  627  617  609  602  595  587  580  576  573  571  565  552  534  511
  485  457  420  374  333  288  254  221  210                                   
    30.0-180.0 180.0   5.0 450.0                            LAT/LON1/LON2/DLON/H
  237  220  207  197  198  197  202  202  202  205  207  209  208  203  198  195
  194  192  190  186  183  186  196  212  229  244  253  258  263  270  281  297
  318  345  380  421  466  512  555  596  631  661  685  704  719  731  738  739
  734  726  717  708  702  697  694  691  690  689  689  687  679  662  638  611
  582  552  515  465  418  362  314  272  237                                   
    27.5-180.0 180.0   5.0 450.0                            LAT/LON1/LON2/DLON/H
  290  259  234  213  207  204  205  204  204  208  212  216  216  213  208  204
  202  199  196  191  187  189  198  215  233  250  261  270  278  290  307  329
  356  389  429  473  518  561  601  637  670  701  729  756  781  802  816  822
  822  818  811  806  801  799  801  805  810  815  818  815  803  781  753  720
  688  659  621  569  521  457  396  351  290                                   
    25.0-180.0 180.0   5.0 450.0                            LAT/LON1/LON2/DLON/H
  364  318  281  248  232  224  220  216  213  215  220  224  225  222  217  213
  209  206  202  196  192  194  203  219  239  258  273  286  300  318  340  368
  401  439  481  525  567  605  639  669  700  730  763  797  830  860  881  893
  897  896  893  889  886  887  893  902  914  924  930  927  913  887  854  817
  782  754  719  668  623  558  489  448  364                                   
    22.5-180.0 180.0   5.0 450.0                            LAT/LON1/LON2/DLON/H
  448  390  345  300  274  258  247  237  230  229  230  233  233  230  225  221
  217  213  208  202  198  199  208  224  245  265  284  302  323  348  377  410
  447  487  529  571  607  639  665  691  718  749  784  823  863  899  926  942
  949  951  950  947  945  947  954  967  982  996 1002  999  982  953  917  877
  840  816  787  739  701  643  577  546  448                                   
    20.0-180.0 180.0   5.0 450.0                            LAT/LON1/LON2/DLON/H
  525  462  416  367  330  305  286  269  256  248  245  244  242  238  233  228
  224  220  214  208  203  203  211  226  246  268  291  316  344  376  411  449
  488  528  568  605  636  661  682  704  729  760  798  840  883  922  951  969
  978  981  981  979  976  977  984  996 1010 1022 1026 1019  998  966  926  884
  845  823  805  763  737  693  639  625  525                                   
    17.5-180.0 180.0   5.0 450.0                            LAT/LON1/LON2/DLON/H
  582  521  481  435  391  358  333  309  289  275  265  259  253  247  241  237
  232  227  220  213  207  205  209  221  240  264  292  323  358  396  437  478
  518  556  593  626  653  674  693  714  739  771  809  851  894  932  960  977
  986  990  991  989  985  983  986  993 1003 1009 1007  994  967  929  885  838
  795  774  763  731  720  693  660  664  582                                   
    15.0-180.0 180.0   5.0 450.0                            LAT/LON1/LON2/DLON/H
  610  557  527  488  444  407  377  349  325  306  290  279  269  260  253  246
  240  234  225  216  207  201  202  210  228  253  285  322  363  408  452  495
  534  571  606  636  662  683  703  726  753  785  821  860  899  931  955  969
  978  983  984  981  975  970  968  970  972  971  962  942  909  864  814  761
  713  687  678  656  658  650  638  656  610                                   
    12.5-180.0 180.0   5.0 450.0                            LAT/LON1/LON2/DLON/H
  606  567  549  519  478  440  409  380  355  334  315  300  287  276  266  258
  250  240  229  217  204  194  190  195  210  237  273  316  363  412  459  502
  542  578  612  643  670  693  717  742  771  803  836  869  899  924  942  954
  961  966  968  965  957  948  941  938  935  928  913  886  848  798  743  684
  630  598  586  568  580  586  589  614  606                                   
    10.0-180.0 180.0   5.0 450.0                            LAT/LON1/LON2/DLON/H
  584  562  555  532  496  458  427  398  374  352  334  318  304  292  281  270
  259  247  232  216  199  184  176  178  192  220  261  310  363  414  462  506
  546  584  619  651  680  707  734  764  794  824  852  877  899  917  930  939
  946  951  952  948  939  928  919  913  906  895  876  846  805  754  696  634
  576  537  518  501  516  530  538  560  584                                   
     7.5-180.0 180.0   5.0 450.0                            LAT/LON1/LON2/DLON/H
  564  559  558  538  506  469  436  407  383  362  344  330  317  304  292  280
  267  251  233  214  193  175  163  163  177  208  254  309  365  417  465  509
