data/edconvlstm_nd/pred0430.15i
     1.0            IONOSPHERE MAPS     GNSS                IONEX VERSION / TYPE
pyspatialgeodesy        IME             05-JAN-18 20:20     PGM / RUN BY / DATE 
Map Name                                                    COMMENT             
Predicted global ionosphere maps (GIM).                     DESCRIPTION         
  2015     2    12     0     0     0                        EPOCH OF FIRST MAP  
  2015     2    13     0     0     0                        EPOCH OF LAST MAP   
  7200                                                      INTERVAL            
    13                                                      # OF MAPS IN FILE   
  NONE                                                      MAPPING FUNCTION    
10.0                                                        ELEVATION CUTOFF    
One-way carrier phase leveled to code                       OBSERVABLES USED    
  6371.0                                                    BASE RADIUS         
 2                                                          MAP DIMENSION       
   450.0 450.0   0.0                                        HGT1 / HGT2 / DHGT  
    87.5 -87.5  -2.5                                        LAT1 / LAT2 / DLAT  
  -180.0 180.0   5.0                                        LON1 / LON2 / DLON  
    -1                                                      EXPONENT            
                                                            END OF HEADER       
[from data line 3003]
     8                                                      START OF TEC MAP    
  2015     2    12    14     0     0                        EPOCH OF CURRENT MAP
    87.5-180.0 180.0   5.0 450.0                            LAT/LON1/LON2/DLON/H
  117  126  124  133  136  140  141  141  144  147  149  151  152  153  154  155
  156  157  157  158  158  158  158  158  157  156  155  154  153  151  149  147
  145  142  140  137  134  132  129  127  125  123  121  120  119  118  117  116
  116  116  116  116  116  116  117  117  117  117  118  118  118  118  119  119
  120  121  120  119  122  122  130  134  117                                   
    85.0-180.0 180.0   5.0 450.0                            LAT/LON1/LON2/DLON/H
  109  125  138  134  135  143  146  151  154  157  159  162  164  166  167  169
  170  171  172  173  173  174  174  174  174  173  172  171  169  167  164  161
  158  155  151  147  144  140  137  133  131  128  126  124  123  122  121  121
  121  121  121  122  123  123  124  124  125  125  125  125  125  125  125  125
  126  127  125  122  121  123  123  125  109                                   
    82.5-180.0 180.0   5.0 450.0                            LAT/LON1/LON2/DLON/H
   87  110  114  112  116  126  132  138  143  148  152  156  159  162  164  167
  169  171  173  175  176  178  179  181  181  181  181  179  177  175  171  167
  162  157  151  146  140  134  129  124  119  115  112  109  107  105  104  104
  104  104  105  106  107  108  108  109  109  109  109  108  108  107  106  105
  105  105  102  101  101  110  104  104   87                                   
    80.0-180.0 180.0   5.0 450.0                            LAT/LON1/LON2/DLON/H
   74   91   97   97  101  109  116  124  131  136  141  145  148  151  154  156
  158  161  164  167  170  173  176  179  182  183  184  184  182  180  176  171
  165  159  152  144  137  130  123  116  110  105  101   97   95   93   93   93
   93   95   97   99  101  103  104  105  106  106  106  105  103  101   99   98
   96   95   91   88   84   88   85   91   74                                   
    77.5-180.0 180.0   5.0 450.0                            LAT/LON1/LON2/DLON/H
   72   80   83   82   87   94  101  108  115  120  125  129  131  134  135  137
  139  142  146  151  156  163  169  176  182  187  190  192  192  191  187  183
  177  170  162  153  145  136  128  120  112  106  100   96   92   90   89   89
   90   92   95   98  101  104  106  108  109  109  108  106  104  101   98   95
   92   89   86   83   80   76   74   81   72                                   
    75.0-180.0 180.0   5.0 450.0                            LAT/LON1/LON2/DLON/H
   68   75   74   75   78   85   89   94  101  105  108  110  111  112  112  113
  115  119  124  131  140  151  162  173  184  192  199  204  206  206  205  201
  195  188  180  171  162  153  144  135  127  119  113  107  102   99   97   96
   97   99  102  105  109  112  114  116  117  117  115  113  110  107  104  100
   97   93   90   85   83   76   72   68   68                                   
    72.5-180.0 180.0   5.0 450.0                            LAT/LON1/LON2/DLON/H
   69   75   73   75   74   80   83   87   91   93   95   96   95   94   92   92
   93   97  104  115  128  143  159  175  190  202  212  219  224  225  225  222
  217  211  204  196  187  178  169  159  150  141  132  125  118  113  109  106
  106  107  109  111  114  117  119  121  121  120  118  116  113  110  107  103
  100   97   95   91   90   84   80   76   69                                   
    70.0-180.0 180.0   5.0 450.0                            LAT/LON1/LON2/DLON/H
   76   81   80   80   78   81   82   84   86   87   87   86   83   79   76   74
   75   80   89  102  120  140  161  181  199  215  227  236  242  245  246  244
  240  235  229  222  214  206  197  188  178  168  158  148  140  132  126  121
  118  116  116  117  118  119  120  120  119  117  115  112  109  107  105  103
  101  100  100   97   97   93   92   85   76                                   
    67.5-180.0 180.0   5.0 450.0                            LAT/LON1/LON2/DLON/H
   81   89   89   88   87   89   89   89   90   89   87   84   80   74   70   67
   68   73   84  100  121  145  169  192  213  230  243  253  259  262  263  263
  260  256  251  245  238  230  222  213  203  193  182  170  159  149  140  133
  127  122  119  117  116  114  113  112  109  107  104  102  100   98   98   99
   99  100  102  100  102  101  100   93   81                                   
    65.0-180.0 180.0   5.0 450.0                            LAT/LON1/LON2/DLON/H
   81   91   91   91   90   91   90   90   90   88   86   82   76   70   65   62
   64   70   82  101  124  150  177  202  223  240  253  262  269  273  275  275
  274  272  268  262  256  250  242  234  225  214  203  190  178  165  154  143
  134  125  118  112  107  103   99   95   91   88   85   82   81   80   81   84
   86   90   94   95  100  101  101   97   81                                   
    62.5-180.0 180.0   5.0 450.0                            LAT/LON1/LON2/DLON/H
   74   85   85   86   85   88   87   87   86   85   83   79   74   68   64   62
   64   72   86  106  131  158  185  209  229  245  256  264  270  275  279  281
  282  280  277  272  266  260  253  246  237  227  216  203  190  176  162  149
  137  125  114  104   95   88   81   76   71   67   64   61   60   60   61   64
   67   72   78   80   87   90   91   90   74                                   
    60.0-180.0 180.0   5.0 450.0                            LAT/LON1/LON2/DLON/H
   63   71   71   73   73   75   76   77   78   78   76   73   69   65   62   63
   67   77   92  113  138  165  190  212  230  243  253  261  267  274  279  284
  286  286  283  278  272  266  259  252  245  236  225  213  200  186  172  157
  142  127  113  100   88   77   69   62   57   53   50   47   46   45   46   48
   50   54   60   62   70   72   75   77   63                                   
    57.5-180.0 180.0   5.0 450.0                            LAT/LON1/LON2/DLON/H
   51   56   55   58   59   61   63   64   67   68   68   66   63   61   61   65
   72   85  102  123  147  172  195  214  229  240  249  256  264  272  280  287
  292  292  290  285  278  271  265  259  252  245  236  225  213  200  185  170
  154  137  120  104   89   77   67   60   54   51   48   46   44   43   42   42
   42   44   48   49   56   57   59   64   51                                   
    55.0-180.0 180.0   5.0 450.0                            LAT/LON1/LON2/DLON/H
   46   46   43   47   48   50   52   54   58   60   61   60   58   58   60   67
   78   94  113  134  157  180  200  217  230  239  247  255  264  274  285  294
  300  301  298  292  285  278  272  266  261  255  247  238  227  215  202  187
  171  153  134  116  100   86   76   69   64   61   60   58   56   54   51   49
   46   46   48   47   52   50   51   56   46                                   
    52.5-180.0 180.0   5.0 450.0                            LAT/LON1/LON2/DLON/H
   49   46   42   45   45   47   49   51   55   57   58   57   56   56   61   70
   85  104  125  147  168  188  207  222  234  243  252  260  271  283  295  304
  310  311  308  301  293  286  281  276  272  267  260  252  243  233  221  207
  191  173  153  135  117  103   93   86   83   81   81   80   79   76   73   69
   64   61   60   58   62   57   54   57   49                                   
    50.0-180.0 180.0   5.0 450.0                            LAT/LON1/LON2/DLON/H
   63   57   53   55   54   54   55   56   60   63   64   62   59   59   64   76
   94  116  138  160  180  199  216  231  244  254  263  273  284  295  307  316
  321  321  317  310  302  296  292  288  285  280  274  267  258  248  237  224
  209  192  173  154  136  122  112  106  103  102  103  105  105  103  100   95
   89   86   83   81   82   76   71   69   63                                   
    47.5-180.0 180.0   5.0 450.0                            LAT/LON1/LON2/DLON/H
   84   79   74   75   73   71   71   71   74   77   76   73   68   67   72   86
  106  130  152  173  192  210  227  243  257  270  280  289  299  308  317  323
  326  326  321  316  310  306  304  301  298  293  286  278  269  260  249  236
  222  205  186  167  150  136  125  119  116  116  118  121  123  124  122  119
  114  111  109  107  109  103   96   89   84                                   
    45.0-180.0 180.0   5.0 450.0                            LAT/LON1/LON2/DLON/H
  108  105  101  101   99   95   93   91   94   96   95   90   83   80   86  100
  121  145  168  187  205  222  239  256  272  286  296  304  310  315  320  323
  324  323  321  318  316  315  315  313  310  304  296  286  276  265  253  240
  225  208  190  172  154  139  127  119  115  115  117  121  126  129  131  131
  128  128  127  128  132  128  121  113  108                                   
    42.5-180.0 180.0   5.0 450.0                            LAT/LON1/LON2/DLON/H
  126  129  128  128  125  120  116  113  114  116  115  109  102   98  103  117
  139  163  184  202  217  233  250  268  285  298  308  312  314  314  314  315
  316  317  318  319  321  324  326  325  321  313  303  291  278  266  252  238
  222  205  186  167  149  133  119  109  103  100  102  106  112  119  124  127
  128  130  132  136  142  142  137  129  126                                   
    40.0-180.0 180.0   5.0 450.0                            LAT/LON1/LON2/DLON/H
  132  142  145  147  147  140  135  130  130  132  131  127  120  116  121  137
  158  181  200  215  229  243  259  277  293  304  311  312  310  307  305  306
  309  314  319  325  331  337  340  339  334  324  311  297  282  268  253  237
  220  202  183  163  144  127  111   98   89   83   82   85   91   99  106  112
  115  119  123  128  136  140  136  131  132                                   
    37.5-180.0 180.0   5.0 450.0                            LAT/LON1/LON2/DLON/H
  126  141  149  154  157  150  145  139  138  140  141  138  134  132  139  155
  177  198  215  228  239  252  267  282  296  305  308  307  303  299  299  304
  312  322  333  343  353  360  363  361  353  341  326  310  295  279  263  246
  228  209  190  170  151  132  115   99   87   77   72   71   75   81   88   95
   99  103  107  110  119  123  122  120  126                                   
    35.0-180.0 180.0   5.0 450.0                            LAT/LON1/LON2/DLON/H
  113  131  142  150  154  148  144  138  137  139  141  142  141  144  154  171
  193  213  229  240  250  261  274  286  296  302  304  302  300  300  306  318
  334  351  367  380  391  397  399  394  383  369  353  336  321  306  290  273
  256  237  217  198  179  160  142  125  109   96   86   79   77   79   84   88
   90   93   94   94  100  102  101  103  113                                   
    32.5-180.0 180.0   5.0 450.0                            LAT/LON1/LON2/DLON/H
  100  118  129  138  143  138  136  129  128  130  133  137  141  149  163  183
  205  225  240  250  260  270  281  291  298  302  304  305  308  316  332  354
  380  404  424  438  448  451  449  440  426  410  393  378  364  352  338  324
  308  290  271  252  233  215  198  180  164  147  132  119  110  104  103  103
  101  100   96   91   93   90   86   88  100                                   
    30.0-180.0 180.0   5.0 450.0                            LAT/LON1/LON2/DLON/H
   95  110  117  126  131  126  125  119  116  117  121  128  136  148  166  189
  213  233  248  260  271  281  291  299  305  310  314  321  333  352  381  416
  451  482  505  518  523  521  512  499  482  463  447  434  424  416  408  397
  383  367  349  332  315  299  283  267  250  232  212  193  176  162  154  147
  139  131  120  108  103   95   85   80   95                                   
    27.5-180.0 180.0   5.0 450.0                            LAT/LON1/LON2/DLON/H
  102  113  111  120  123  119  119  112  108  107  110  117  128  144  165  191
  216  238  254  268  281  293  304  312  319  326  336  351  375  409  452  499
  544  580  602  610  607  597  583  564  545  526  511  502  498  496  494  489
  479  465  449  433  418  405  393  378  362  343  320  294  269  248  231  216
  200  186  166  148  136  118  100   85  102                                   
    25.0-180.0 180.0   5.0 450.0                            LAT/LON1/LON2/DLON/H
  124  129  116  122  124  120  122  114  107  103  103  109  121  139  162  190
  216  239  258  275  291  306  319  329  339  351  370  397  434  481  537  594
  646  683  701  701  688  670  650  628  608  591  579  575  577  583  588  589
  585  573  558  542  530  520  511  499  484  464  438  408  376  346  321  298
  275  254  226  204  184  158  134  106  124                                   
    22.5-180.0 180.0   5.0 450.0                            LAT/LON1/LON2/DLON/H
  158  157  132  133  133  130  132  124  115  108  105  108  118  136  160  188
  215  240  261  281  300  319  335  349  364  384  413  452  501  559  623  686
  739  772  782  772  751  727  703  682  664  649  642  643  651  664  677  684
  682  670  653  635  622  613  604  594  579  559  533  501  466  432  402  374
  347  322  287  264  240  209  182  144  158                                   
    20.0-180.0 180.0   5.0 450.0                            LAT/LON1/LON2/DLON/H
  195  188  157  150  146  144  146  139  128  119  112  113  121  137  161  188
  216  241  264  287  310  331  351  370  392  422  461  510  568  632  697  758
  806  831  832  813  786  760  738  720  705  694  691  696  709  727  744  754
  751  734  709  685  666  653  642  630  615  595  571  543  510  479  452  425
  398  375  339  316  292  260  235  192  195                                   
    17.5-180.0 180.0   5.0 450.0                            LAT/LON1/LON2/DLON/H
  226  215  182  167  159  157  159  153  143  132  124  122  128  143  165  192
  220  246  270  295  320  344  367  391  421  460  508  564  624  686  747  800
  837  852  844  821  793  770  753  741  731  725  723  730  745  764  782  789
  779  753  717  682  655  634  616  599  581  562  542  521  498  477  459  438
  417  398  367  347  328  298  279  238  226                                   
    15.0-180.0 180.0   5.0 450.0                            LAT/LON1/LON2/DLON/H
  244  230  200  180  167  163  166  161  152  143  134  132  138  152  173  199
  226  253  279  304  330  356  381  411  447  493  547  605  663  718  768  808
  832  836  823  801  779  763  755  750  746  743  742  748  761  777  790  790
  771  732  683  636  597  567  542  518  495  476  461  450  441  435  430  419
  404  391  366  351  338  315  301  266  244                                   
    12.5-180.0 180.0   5.0 450.0                            LAT/LON1/LON2/DLON/H
  244  231  206  183  166  159  162  158  152  146  141  141  147  162  183  209
  236  263  289  316  342  368  395  429  471  521  578  634  684  726  760  785
  798  797  784  768  755  749  750  753  755  754  753  756  763  773  778  768
  737  686  624  566  518  480  448  419  393  373  363  362  368  376  384  383
  375  365  347  335  327  311  300  271  244                                   
    10.0-180.0 180.0   5.0 450.0                            LAT/LON1/LON2/DLON/H
  232  221  200  176  156  145  146  144  142  141  141  145  155  171  194  220
  247  275  302  329  355  381  410  446  492  546  601  650  687  715  734  748
  754  751  744  736  734  738  747  757  763  763  761  759  760  762  757  737
  695  634  563  497  444  403  369  336  307  287  280  287  304  326  345  351
  346  337  322  311  306  296  284  259  232                                   
     7.5-180.0 180.0   5.0 450.0                            LAT/LON1/LON2/DLON/H
  217  208  190  166  144  127  126  124  124  127  134  144  159  180  204  232
  260  288  316  343  369  396  427  466  514  567  617  655  680  695  704  711
