data/edconvlstm_nd/pred1760.15i
     1.0            IONOSPHERE MAPS     GNSS                IONEX VERSION / TYPE
pyspatialgeodesy        IME             05-JAN-18 20:20     PGM / RUN BY / DATE 
Map Name                                                    COMMENT             
Predicted global ionosphere maps (GIM).                     DESCRIPTION         
  2015     6    25     0     0     0                        EPOCH OF FIRST MAP  
  2015     6    26     0     0     0                        EPOCH OF LAST MAP   
  7200                                                      INTERVAL            
    13                                                      # OF MAPS IN FILE   
  NONE                                                      MAPPING FUNCTION    
10.0                                                        ELEVATION CUTOFF    
One-way carrier phase leveled to code                       OBSERVABLES USED    
  6371.0                                                    BASE RADIUS         
 2                                                          MAP DIMENSION       
   450.0 450.0   0.0                                        HGT1 / HGT2 / DHGT  
    87.5 -87.5  -2.5                                        LAT1 / LAT2 / DLAT  
  -180.0 180.0   5.0                                        LON1 / LON2 / DLON  
    -1                                                      EXPONENT            
                                                            END OF HEADER       
[from data line 5148]
    13                                                      START OF TEC MAP    
  2015     6    26     0     0     0                        EPOCH OF CURRENT MAP
    87.5-180.0 180.0   5.0 450.0                            LAT/LON1/LON2/DLON/H
  110  110  115  107  105  107  104  103  105  104  105  106  107  108  108  109
  109  110  110  110  110  109  109  108  108  107  106  105  105  104  103  102
  101  100   99   98   97   96   95   94   94   93   93   92   92   92   92   92
   92   92   92   92   92   93   93   93   93   94   94   94   94   94   95   96
   96   97   97   96   94   98  109  117  110                                   
    85.0-180.0 180.0   5.0 450.0                            LAT/LON1/LON2/DLON/H
  113  117  103  109  112  115  112  112  113  113  114  115  116  117  117  118
  118  118  118  118  117  117  116  115  114  112  111  110  108  107  105  104
  103  101  100   98   97   96   95   94   93   93   92   92   92   91   91   91
   91   92   92   92   93   93   94   94   95   95   96   97   97   98   98   99
  101  101  103  105  102  110  120  123  113                                   
    82.5-180.0 180.0   5.0 450.0                            LAT/LON1/LON2/DLON/H
  113  111  121  118  118  123  121  121  124  124  126  127  128  129  130  130
  130  130  130  129  128  127  126  124  123  121  119  116  114  112  110  108
  106  104  102  100   99   97   96   95   94   93   92   92   92   91   91   92
   92   92   93   93   94   95   95   96   97   98   99  100  101  101  103  104
  105  106  107  107  109  101  111  116  113                                   
    80.0-180.0 180.0   5.0 450.0                            LAT/LON1/LON2/DLON/H
  123  120  119  117  119  123  126  127  130  131  132  134  136  137  138  138
  138  138  137  136  135  133  131  129  127  124  121  118  115  112  109  107
  104  102  100   99   97   96   95   94   93   92   92   92   92   92   92   93
   94   95   96   96   97   98   99  100  100  101  102  102  103  104  105  107
  107  107  108  107  120  112  122  133  123                                   
    77.5-180.0 180.0   5.0 450.0                            LAT/LON1/LON2/DLON/H
  132  125  121  126  121  123  128  132  135  136  138  140  142  143  144  144
  144  143  142  141  140  138  135  132  129  126  122  118  115  112  109  106
  104  103  101  100   99   98   98   97   96   96   96   96   97   98   99  101
  102  104  105  106  107  108  109  109  109  109  109  109  110  110  111  112
  112  114  113  114  122  123  128  144  132                                   
    75.0-180.0 180.0   5.0 450.0                            LAT/LON1/LON2/DLON/H
  136  124  124  129  123  125  128  132  136  137  140  143  144  145  145  144
  143  142  141  139  137  135  132  129  125  120  116  112  108  105  103  101
  100  100  100  100  100  100   99   99   99   99   99  100  102  104  106  108
  110  113  114  116  117  118  118  118  118  117  116  116  115  115  115  115
  114  116  116  112  119  127  130  144  136                                   
    72.5-180.0 180.0   5.0 450.0                            LAT/LON1/LON2/DLON/H
  127  122  123  126  120  121  125  130  135  137  141  143  145  145  144  142
  140  138  136  133  131  128  125  121  116  111  106  101   98   95   94   93
   94   95   97   98   99   99   99   99   99   99  100  101  103  106  109  112
  115  118  120  121  122  123  123  122  122  121  119  118  117  116  116  116
  115  115  117  114  116  123  130  148  127                                   
    70.0-180.0 180.0   5.0 450.0                            LAT/LON1/LON2/DLON/H
  126  118  120  125  119  120  124  130  137  140  144  147  148  147  145  142
  139  136  133  130  127  124  120  116  110  105   99   94   90   88   88   89
   91   94   96   99  100  101  101  101  100  100  101  103  105  109  113  117
  120  123  126  127  128  128  128  128  127  126  124  123  121  120  119  119
  118  118  120  118  119  125  131  147  126                                   
    67.5-180.0 180.0   5.0 450.0                            LAT/LON1/LON2/DLON/H
  126  118  119  123  116  117  121  127  134  138  143  147  148  147  144  140
  135  131  128  125  122  119  115  109  104   97   91   86   83   81   82   84
   87   90   94   96   98   98   98   97   96   96   96   98  101  105  110  114
  118  121  124  125  126  126  126  126  125  125  124  123  121  120  119  119
  118  117  120  117  120  125  131  147  126                                   
    65.0-180.0 180.0   5.0 450.0                            LAT/LON1/LON2/DLON/H
  127  118  119  122  115  114  118  124  132  137  143  147  148  147  144  139
  134  130  126  123  120  117  113  107  101   95   88   83   80   79   80   83
   86   90   93   95   96   95   94   92   91   91   91   93   97  101  106  110
  114  117  119  120  120  120  121  121  122  123  123  123  122  121  121  120
  119  119  121  119  122  128  134  150  127                                   
    62.5-180.0 180.0   5.0 450.0                            LAT/LON1/LON2/DLON/H
  132  123  122  124  116  114  117  122  130  135  141  146  148  148  145  141
  136  131  128  125  122  119  115  110  104   97   91   87   84   84   85   87
   90   92   94   95   94   93   91   88   87   86   87   89   93   97  102  106
  109  111  112  113  113  113  114  116  118  120  123  124  125  124  124  124
  122  122  124  122  125  132  138  154  132                                   
    60.0-180.0 180.0   5.0 450.0                            LAT/LON1/LON2/DLON/H
  137  129  128  129  120  116  117  121  128  132  137  142  145  146  144  141
  137  133  130  128  126  123  120  115  109  103   98   94   92   91   92   94
   95   95   95   94   92   89   87   84   82   82   83   85   88   93   97  100
  103  104  104  104  104  105  107  110  114  118  122  125  127  128  128  127
  126  125  128  126  129  137  142  158  137                                   
    57.5-180.0 180.0   5.0 450.0                            LAT/LON1/LON2/DLON/H
  144  137  136  136  126  120  119  121  126  128  133  137  140  142  141  140
  137  135  133  132  130  128  125  121  116  111  106  104  102  102  102  101
  100   98   95   92   89   86   83   81   80   79   80   83   86   89   93   95
   97   98   97   97   97   98  101  106  111  117  123  128  131  132  132  132
  130  130  131  129  133  141  147  162  144                                   
    55.0-180.0 180.0   5.0 450.0                            LAT/LON1/LON2/DLON/H
  151  144  145  144  134  128  125  124  126  126  128  131  134  136  137  137
  136  136  135  134  134  132  130  126  122  118  115  114  113  113  112  109
  105  100   95   91   87   84   82   81   80   80   81   82   85   87   90   92
   93   93   93   93   94   96  100  105  112  119  126  131  135  136  137  137
  135  134  136  133  136  144  149  164  151                                   
    52.5-180.0 180.0   5.0 450.0                            LAT/LON1/LON2/DLON/H
  156  151  153  153  143  137  133  131  130  127  126  127  128  130  132  133
  134  134  135  135  135  134  132  129  127  124  123  123  123  123  120  116
  109  102   96   90   87   85   83   83   83   83   83   84   86   87   88   90
   91   91   92   93   95   98  103  109  116  123  130  136  139  141  142  142
  140  139  140  136  138  146  151  166  156                                   
    50.0-180.0 180.0   5.0 450.0                            LAT/LON1/LON2/DLON/H
  159  155  158  160  152  147  144  140  137  131  127  126  125  126  127  129
  130  132  133  134  135  134  133  131  130  129  129  131  131  131  127  121
  113  105   97   92   90   89   89   89   89   89   89   89   88   88   89   90
   91   93   95   98  102  106  111  117  124  130  136  141  144  146  147  147
  145  144  144  139  139  147  150  166  159                                   
    47.5-180.0 180.0   5.0 450.0                            LAT/LON1/LON2/DLON/H
  161  157  161  166  160  157  155  152  148  140  133  129  126  125  126  127
  128  130  131  133  134  134  133  132  132  132  134  136  138  137  133  125
  117  109  102   98   96   96   97   98   98   97   96   94   93   92   91   92
   93   97  101  106  111  117  123  129  134  139  144  147  150  151  152  152
  151  150  150  143  142  148  150  165  161                                   
    45.0-180.0 180.0   5.0 450.0                            LAT/LON1/LON2/DLON/H
  162  159  162  170  167  166  166  164  160  151  143  137  132  129  128  127
  128  129  130  132  134  134  134  134  135  136  139  142  144  142  138  131
  123  115  110  107  107  108  109  110  109  107  105  102   99   96   95   95
   98  102  109  116  123  130  136  142  146  149  152  154  155  157  158  159
  158  157  157  149  146  150  151  166  162                                   
    42.5-180.0 180.0   5.0 450.0                            LAT/LON1/LON2/DLON/H
  165  161  165  174  174  175  176  176  173  165  156  149  142  137  134  131
  130  131  132  134  136  137  138  139  140  143  146  149  150  149  144  138
  131  126  122  121  121  123  123  123  121  118  115  111  107  103  101  101
  104  109  117  125  134  142  149  154  157  159  160  161  163  164  165  167
  166  166  166  157  153  155  155  168  165                                   
    40.0-180.0 180.0   5.0 450.0                            LAT/LON1/LON2/DLON/H
  171  167  170  180  183  184  186  187  186  178  171  163  155  149  143  139
  137  136  137  139  141  143  145  147  149  153  156  159  160  157  153  148
  143  139  137  137  138  138  137  135  132  129  125  121  116  112  109  108
  110  116  123  132  142  151  158  164  167  168  169  170  171  172  174  176
  175  175  175  167  163  164  162  174  171                                   
    37.5-180.0 180.0   5.0 450.0                            LAT/LON1/LON2/DLON/H
  183  179  180  189  194  195  197  199  199  192  185  178  171  163  156  150
  146  144  145  148  151  154  156  159  163  167  170  172  172  169  165  160
  157  155  154  153  153  152  149  146  142  138  135  131  127  122  118  116
  117  121  128  136  145  155  164  170  174  176  178  179  181  183  184  186
  185  185  185  177  174  175  173  183  183                                   
    35.0-180.0 180.0   5.0 450.0                            LAT/LON1/LON2/DLON/H
  199  196  197  204  209  210  212  213  213  207  201  194  187  179  171  163
  158  156  157  160  163  167  171  175  179  184  187  188  187  183  178  174
  171  170  169  167  165  162  158  153  149  146  144  141  137  132  127  124
  123  125  129  135  144  154  164  173  179  183  187  190  192  194  195  196
  195  194  194  187  186  188  187  197  199                                   
    32.5-180.0 180.0   5.0 450.0                            LAT/LON1/LON2/DLON/H
  220  219  219  225  231  231  233  232  231  224  217  211  203  195  187  179
  173  171  172  175  179  183  188  192  198  202  205  206  203  197  192  188
  184  182  179  176  171  167  162  157  154  152  150  148  145  140  134  130
  127  126  127  131  139  149  162  173  182  189  195  200  203  205  206  206
  204  203  202  195  197  201  202  212  220                                   
    30.0-180.0 180.0   5.0 450.0                            LAT/LON1/LON2/DLON/H
  241  243  245  251  257  259  261  258  254  246  237  230  222  214  205  197
  191  188  189  191  195  200  205  210  216  220  222  222  217  211  204  198
  193  189  184  178  172  167  162  157  154  153  153  151  149  144  138  132
  128  124  122  124  131  142  156  171  183  194  202  208  213  216  217  216
  213  210  210  203  206  213  217  228  241                                   
    27.5-180.0 180.0   5.0 450.0                            LAT/LON1/LON2/DLON/H
  260  266  271  278  287  292  294  290  284  273  262  252  244  235  226  217
  211  208  207  209  213  217  222  227  232  235  236  233  228  220  211  203
  196  189  181  174  167  162  157  154  151  150  150  149  146  142  136  130
  124  119  116  116  122  134  150  167  183  196  206  215  221  225  226  225
  222  219  217  210  214  223  229  242  260                                   
    25.0-180.0 180.0   5.0 450.0                            LAT/LON1/LON2/DLON/H
  275  283  292  304  316  325  331  327  320  306  292  280  269  259  250  241
  234  229  228  228  230  233  237  241  244  244  243  239  232  223  212  202
  192  182  172  163  157  152  149  146  144  142  142  141  138  134  128  122
  117  111  107  107  113  126  144  163  181  196  209  220  227  232  235  235
  232  228  226  218  222  232  239  255  275                                   
    22.5-180.0 180.0   5.0 450.0                            LAT/LON1/LON2/DLON/H
  283  293  306  323  339  355  366  365  357  342  326  311  299  288  277  268
  260  254  251  248  248  249  250  252  251  249  244  237  229  218  206  194
  182  169  157  148  143  140  139  137  135  132  130  129  126  122  116  112
  107  102   99   99  105  119  137  158  178  196  211  224  233  240  244  246
  244  241  239  230  231  240  247  265  283                                   
    20.0-180.0 180.0   5.0 450.0                            LAT/LON1/LON2/DLON/H
  286  295  311  332  353  375  392  396  391  377  360  344  331  319  308  298
  290  282  276  270  266  264  263  260  255  248  238  228  218  206  194  180
  165  151  139  132  129  130  131  130  126  122  119  116  112  108  103   99
   96   93   90   92   99  113  132  154  176  195  213  228  240  248  255  259
  259  257  255  245  243  250  256  275  286                                   
    17.5-180.0 180.0   5.0 450.0                            LAT/LON1/LON2/DLON/H
  286  294  309  334  357  382  405  415  415  405  390  375  362  351  340  331
  321  312  302  293  286  280  275  267  257  243  228  214  202  189  176  162
  147  134  124  120  121  124  126  125  120  114  109  105  101   97   92   88
   85   83   83   85   93  108  128  150  173  194  214  232  247  259  268  275
  278  278  276  264  260  263  268  287  286                                   
    15.0-180.0 180.0   5.0 450.0                            LAT/LON1/LON2/DLON/H
  289  294  307  330  354  379  404  419  425  421  411  399  388  379  370  361
  352  341  329  317  305  295  286  273  255  234  214  196  182  169  157  145
  133  123  116  114  117  122  125  122  116  109  103   99   94   89   83   80
   77   76   76   80   89  103  123  146  169  193  216  237  256  271  283  293
  299  301  300  289  281  281  285  303  289                                   
    12.5-180.0 180.0   5.0 450.0                            LAT/LON1/LON2/DLON/H
  297  301  309  327  348  369  392  410  421  422  418  412  405  399  393  386
  377  367  353  338  324  310  295  276  251  224  198  178  163  152  142  134
  125  118  114  115  119  124  125  122  115  107  101   96   91   85   79   74
   71   70   72   76   85   99  119  141  165  191  217  243  265  284  299  312
  320  325  326  316  308  305  308  325  297                                   
    10.0-180.0 180.0   5.0 450.0                            LAT/LON1/LON2/DLON/H
  315  317  319  330  344  359  377  393  406  412  413  412  411  408  405  401
  394  385  371  355  338  320  300  275  244  212  183  162  149  141  135  129
  124  120  119  120  123  126  126  121  114  107  102   97   91   85   77   71
   68   67   68   73   82   95  114  136  160  188  218  247  273  296  315  330
  340  348  351  343  337  333  337  353  315                                   
     7.5-180.0 180.0   5.0 450.0                            LAT/LON1/LON2/DLON/H
  341  343  340  342  348  354  364  376  388  395  400  403  405  406  406  404
  400  392  380  363  344  322  298  269  235  201  172  153  142  137  134  131
