data/edconvlstm_nd/pred0690.15i
     1.0            IONOSPHERE MAPS     GNSS                IONEX VERSION / TYPE
pyspatialgeodesy        IME             05-JAN-18 20:20     PGM / RUN BY / DATE 
Map Name                                                    COMMENT             
Predicted global ionosphere maps (GIM).                     DESCRIPTION         
  2015     3    10     0     0     0                        EPOCH OF FIRST MAP  
  2015     3    11     0     0     0                        EPOCH OF LAST MAP   
  7200                                                      INTERVAL            
    13                                                      # OF MAPS IN FILE   
  NONE                                                      MAPPING FUNCTION    
10.0                                                        ELEVATION CUTOFF    
One-way carrier phase leveled to code                       OBSERVABLES USED    
  6371.0                                                    BASE RADIUS         
 2                                                          MAP DIMENSION       
   450.0 450.0   0.0                                        HGT1 / HGT2 / DHGT  
    87.5 -87.5  -2.5                                        LAT1 / LAT2 / DLAT  
  -180.0 180.0   5.0                                        LON1 / LON2 / DLON  
    -1                                                      EXPONENT            
                                                            END OF HEADER       
[from data line 858]
     3                                                      START OF TEC MAP    
  2015     3    10     4     0     0                        EPOCH OF CURRENT MAP
    87.5-180.0 180.0   5.0 450.0                            LAT/LON1/LON2/DLON/H
  125  129  128  129  131  128  125  123  125  127  128  129  130  131  132  132
  131  131  130  128  126  124  122  120  118  116  113  111  109  108  106  105
  104  103  102  101  101  101  100  100  100  100  100  101  101  102  103  103
  104  106  107  108  110  111  113  114  116  117  118  119  119  120  119  120
  122  123  122  121  124  127  129  121  125                                   
    85.0-180.0 180.0   5.0 450.0                            LAT/LON1/LON2/DLON/H
  130  142  131  133  136  134  133  132  133  135  136  138  139  140  140  141
  140  139  138  136  134  131  129  125  122  119  116  114  111  109  107  106
  105  104  104  104  104  104  105  105  106  106  107  108  108  109  110  111
  113  115  116  118  121  123  126  128  130  132  134  135  136  137  137  138
  139  141  137  139  135  135  135  126  130                                   
    82.5-180.0 180.0   5.0 450.0                            LAT/LON1/LON2/DLON/H
  142  143  141  133  134  133  131  130  132  133  135  138  140  142  143  143
  143  142  140  138  134  131  126  122  117  113  108  105  101   99   96   95
   94   94   95   96   97   98  100  102  103  104  106  107  108  109  111  112
  114  117  119  123  126  130  134  138  142  146  149  151  153  154  155  156
  156  156  152  152  155  144  136  125  142                                   
    80.0-180.0 180.0   5.0 450.0                            LAT/LON1/LON2/DLON/H
  153  147  134  124  126  122  122  121  123  125  127  131  135  137  140  141
  141  141  139  135  131  126  120  114  108  102   97   92   88   85   83   82
   82   83   85   87   90   93   96   99  101  103  104  105  106  107  109  110
  112  115  118  123  128  133  139  145  151  156  161  165  168  170  171  172
  172  169  167  165  169  160  155  136  153                                   
    77.5-180.0 180.0   5.0 450.0                            LAT/LON1/LON2/DLON/H
  164  154  139  128  123  119  118  116  117  118  120  125  129  133  136  138
  139  139  137  134  129  124  118  111  104   97   91   85   81   78   76   76
   77   79   83   88   93   98  102  106  109  112  113  114  114  115  115  116
  118  121  125  130  137  144  151  159  166  173  179  184  189  192  194  196
  195  194  189  190  191  179  171  155  164                                   
    75.0-180.0 180.0   5.0 450.0                            LAT/LON1/LON2/DLON/H
  175  167  148  135  125  119  115  110  109  109  110  114  118  122  125  127
  129  129  128  125  121  117  111  104   97   90   83   77   73   69   67   67
   69   73   77   83   89   95  101  106  109  112  113  113  113  113  113  114
  116  119  124  131  138  147  156  165  174  182  189  195  200  204  207  210
  210  211  208  205  206  199  193  177  175                                   
    72.5-180.0 180.0   5.0 450.0                            LAT/LON1/LON2/DLON/H
  187  181  164  148  136  126  119  112  108  105  105  107  109  111  114  115
  117  118  117  117  115  112  108  103   97   91   84   78   73   70   68   68
   69   73   78   84   90   97  103  108  112  115  116  116  116  116  116  118
  121  126  132  141  150  160  171  181  190  197  204  209  212  215  218  221
  223  225  225  224  224  216  210  198  187                                   
    70.0-180.0 180.0   5.0 450.0                            LAT/LON1/LON2/DLON/H
  208  200  183  165  150  136  126  116  109  104  100   99   99   98   98   99
   99  101  102  103  104  104  103  100   97   92   86   81   76   72   69   68
   69   71   75   80   86   92   97  102  106  108  109  110  111  112  114  118
  124  131  140  151  162  174  185  195  203  210  214  216  218  219  220  223
  225  227  231  232  235  231  228  219  208                                   
    67.5-180.0 180.0   5.0 450.0                            LAT/LON1/LON2/DLON/H
  219  214  198  180  163  146  133  121  111  103   97   93   89   85   83   82
   82   83   86   90   94   97   99   99   97   94   89   84   79   74   71   68
   67   68   70   73   76   81   84   88   91   93   95   97   99  103  108  115
  123  134  146  159  172  186  197  207  214  219  220  220  218  216  215  216
  218  221  226  228  234  233  232  228  219                                   
    65.0-180.0 180.0   5.0 450.0                            LAT/LON1/LON2/DLON/H
  229  224  210  192  175  157  142  128  117  107   98   91   85   78   74   71
   70   72   76   81   86   92   95   97   97   94   90   86   81   76   71   68
   66   64   64   65   66   68   70   73   75   78   81   85   90   97  105  115
  128  142  157  172  188  202  214  224  230  232  232  229  224  219  214  213
  213  215  219  222  230  231  233  230  229                                   
    62.5-180.0 180.0   5.0 450.0                            LAT/LON1/LON2/DLON/H
  233  229  217  199  184  164  148  134  123  111  101   93   84   76   70   66
   65   67   71   76   82   88   92   94   94   91   88   83   78   73   69   65
   62   59   57   56   56   56   57   59   61   64   69   75   83   93  105  119
  134  151  169  186  203  219  231  241  247  249  247  243  237  229  223  219
  216  215  218  219  225  227  230  227  233                                   
    60.0-180.0 180.0   5.0 450.0                            LAT/LON1/LON2/DLON/H
  233  229  218  200  186  166  149  135  124  112  101   93   84   76   70   67
   66   67   70   75   79   83   86   87   85   83   79   75   70   66   63   59
   56   54   51   49   48   47   48   49   51   55   61   69   79   92  107  124
  142  161  181  200  217  233  247  257  264  267  267  263  257  249  242  236
  230  226  225  223  226  225  227  222  233                                   
    57.5-180.0 180.0   5.0 450.0                            LAT/LON1/LON2/DLON/H
  234  229  219  199  186  166  149  135  123  111  100   92   84   78   73   71
   71   72   74   76   78   79   79   77   75   72   68   64   61   58   56   54
   52   50   48   47   45   45   45   46   48   53   60   69   81   97  114  133
  153  173  193  212  231  248  262  274  283  288  290  289  285  279  272  265
  257  250  245  238  237  230  230  222  234                                   
    55.0-180.0 180.0   5.0 450.0                            LAT/LON1/LON2/DLON/H
  240  232  222  201  189  168  150  134  120  107   97   89   82   78   76   76
   78   79   79   78   77   74   71   68   65   62   58   56   53   52   51   50
   50   50   49   49   49   49   49   51   53   58   65   75   89  105  124  144
  165  185  206  225  244  261  277  290  301  309  314  316  315  312  307  301
  292  283  275  262  256  243  240  229  240                                   
    52.5-180.0 180.0   5.0 450.0                            LAT/LON1/LON2/DLON/H
  252  242  230  209  197  176  156  137  121  106   94   86   80   78   79   82
   85   86   85   81   76   71   67   63   60   58   55   53   52   51   51   51
   52   53   55   57   58   59   61   62   64   69   76   86  101  118  137  158
  179  199  219  238  257  274  291  306  318  329  337  341  344  344  341  337
  328  318  307  290  279  260  254  243  252                                   
    50.0-180.0 180.0   5.0 450.0                            LAT/LON1/LON2/DLON/H
  269  257  244  223  212  191  170  148  129  110   95   85   80   80   83   88
   92   93   90   85   78   72   68   65   64   62   61   59   57   56   55   56
   57   60   63   67   71   74   76   78   80   84   90  101  115  133  153  174
  194  215  234  253  271  288  305  320  333  344  353  360  364  366  366  364
  357  348  336  315  302  278  272  263  269                                   
    47.5-180.0 180.0   5.0 450.0                            LAT/LON1/LON2/DLON/H
  287  274  259  242  231  212  190  166  143  120  102   90   84   84   88   94
   98   98   94   89   82   78   76   75   76   76   74   72   69   66   63   62
   64   67   72   78   83   88   91   94   96  100  106  116  131  149  169  190
  211  231  250  268  285  302  317  332  344  354  362  369  373  376  376  376
  371  364  353  333  318  293  287  283  287                                   
    45.0-180.0 180.0   5.0 450.0                            LAT/LON1/LON2/DLON/H
  300  287  273  261  251  234  214  189  164  138  116  102   94   93   96  101
  104  104  100   94   90   89   90   92   94   95   93   89   83   77   72   69
   69   73   79   86   93   99  104  107  109  113  120  131  146  164  185  207
  227  247  265  283  299  315  329  341  351  359  365  370  373  374  374  374
  371  367  358  341  326  302  298  298  300                                   
    42.5-180.0 180.0   5.0 450.0                            LAT/LON1/LON2/DLON/H
  306  294  282  275  266  253  235  212  186  159  135  118  109  106  108  111
  113  111  107  104  103  105  109  113  116  116  112  105   96   87   79   75
   75   78   84   92  100  106  112  116  119  124  131  143  158  178  199  221
  242  261  279  297  313  329  342  352  359  364  368  371  372  371  369  368
  366  363  357  343  328  305  303  306  306                                   
    40.0-180.0 180.0   5.0 450.0                            LAT/LON1/LON2/DLON/H
  306  292  283  278  271  262  248  230  206  179  155  138  128  124  124  125
  124  122  119  117  120  125  130  135  136  133  126  116  105   94   86   82
   81   85   90   97  104  111  117  122  126  131  139  152  168  188  211  233
  254  274  292  310  327  344  357  367  373  377  380  382  382  380  376  373
  370  366  361  349  334  311  307  311  306                                   
    37.5-180.0 180.0   5.0 450.0                            LAT/LON1/LON2/DLON/H
  305  287  278  271  266  259  249  236  216  193  172  156  147  142  141  140
  138  136  134  135  140  146  151  152  148  141  132  121  111  101   94   90
   90   93   97  103  109  116  122  127  131  137  146  159  176  197  220  242
  264  284  303  322  342  360  376  387  395  400  405  410  412  411  407  402
  396  391  384  371  354  329  321  319  305                                   
    35.0-180.0 180.0   5.0 450.0                            LAT/LON1/LON2/DLON/H
  310  285  272  259  254  247  240  231  216  198  181  169  163  159  158  156
  154  153  153  156  162  166  167  162  153  142  133  124  117  110  105  103
  103  105  108  111  116  121  126  131  136  142  151  164  182  203  226  249
  271  291  311  333  356  379  399  414  426  437  447  457  464  467  465  459
  452  443  434  417  397  368  355  344  310                                   
    32.5-180.0 180.0   5.0 450.0                            LAT/LON1/LON2/DLON/H
  329  297  275  253  244  234  227  220  209  195  183  176  173  172  171  170
  169  170  172  176  180  181  176  165  152  141  134  131  129  127  125  124
  124  124  125  125  127  130  133  136  140  145  154  168  186  207  230  253
  274  295  317  341  369  397  424  446  465  483  502  521  537  547  549  545
  536  525  512  489  465  434  410  391  329                                   
    30.0-180.0 180.0   5.0 450.0                            LAT/LON1/LON2/DLON/H
  371  333  299  263  248  232  220  212  202  190  182  178  178  179  180  180
  181  183  187  191  192  188  177  163  150  143  143  148  153  156  157  157
  156  154  150  146  143  142  142  142  143  147  156  169  187  208  231  254
  275  297  321  348  380  416  450  481  509  537  567  597  624  643  652  652
  643  631  615  586  558  522  486  461  371                                   
    27.5-180.0 180.0   5.0 450.0                            LAT/LON1/LON2/DLON/H
  439  398  348  299  275  252  232  219  205  191  182  179  180  182  183  184
  186  190  194  196  193  186  175  163  156  157  166  180  193  201  204  204
  200  193  182  171  163  157  152  148  146  148  155  168  187  208  231  254
  276  299  325  356  394  436  478  518  556  594  635  676  713  742  760  766
  762  751  734  702  670  630  580  553  439                                   
    25.0-180.0 180.0   5.0 450.0                            LAT/LON1/LON2/DLON/H
  529  488  424  364  330  301  271  249  227  208  193  187  185  185  186  186
  187  190  192  191  187  180  173  170  173  185  206  231  251  263  266  261
  249  233  214  196  181  169  159  151  146  146  152  166  185  208  232  256
  281  306  335  370  412  460  509  556  602  649  697  745  789  826  851  864
  868  864  852  823  790  749  692  663  529                                   
    22.5-180.0 180.0   5.0 450.0                            LAT/LON1/LON2/DLON/H
  632  594  519  453  410  378  337  305  274  245  222  208  200  195  191  188
  187  186  185  182  178  176  179  187  204  230  263  297  322  332  328  313
  291  265  237  211  190  173  159  148  140  139  146  162  183  208  235  262
  289  318  351  389  436  487  541  593  643  692  743  793  840  880  910  929
  940  945  943  924  894  859  809  782  632                                   
    20.0-180.0 180.0   5.0 450.0                            LAT/LON1/LON2/DLON/H
  733  695  620  555  506  472  426  386  345  306  272  248  231  218  207  198
  192  187  182  178  176  181  195  217  249  288  331  368  389  390  374  345
  311  276  241  210  186  167  151  137  128  128  137  155  180  209  239  270
  302  336  373  415  464  517  571  623  672  720  767  814  859  898  929  951
  967  979  990  984  959  936  908  888  733                                   
    17.5-180.0 180.0   5.0 450.0                            LAT/LON1/LON2/DLON/H
  816  778  711  654  603  571  524  480  433  385  342  307  280  258  239  223
  210  200  192  186  188  201  226  261  305  352  396  426  434  420  388  347
  302  260  223  193  170  151  135  122  113  114  126  147  176  210  245  281
  318  357  398  443  492  543  595  643  687  729  770  810  847  881  909  931
  950  966  986  992  977  965  963  955  816                                   
    15.0-180.0 180.0   5.0 450.0                            LAT/LON1/LON2/DLON/H
  869  834  783  736  688  660  616  572  523  472  422  381  346  316  289  265
  246  231  221  215  220  239  273  318  367  411  443  455  445  415  370  319
  270  227  193  167  148  133  119  107   99  102  116  141  173  211  251  292
  333  376  421  467  514  562  608  650  688  723  755  786  815  841  863  881
  900  916  940  955  949  946  965  972  869                                   
    12.5-180.0 180.0   5.0 450.0                            LAT/LON1/LON2/DLON/H
  890  864  833  797  754  730  690  648  601  550  501  458  421  387  354  325
  301  284  273  269  276  299  336  381  422  451  461  451  422  380  329  277
  230  191  163  143  131  120  108   97   91   94  109  136  171  212  255  299
  343  389  434  479  524  567  606  642  675  703  729  753  775  794  811  824
  839  852  875  893  893  897  927  946  890                                   
    10.0-180.0 180.0   5.0 450.0                            LAT/LON1/LON2/DLON/H
  886  872  859  834  798  776  739  699  655  609  565  526  492  459  427  396
  372  356  347  346  355  376  408  440  460  463  448  417  376  330  282  236
  196  165  143  131  122  114  104   94   89   93  108  134  170  211  254  299
  345  390  435  479  519  558  593  625  653  678  701  722  741  759  773  784
  794  802  819  833  835  841  873  899  886                                   
     7.5-180.0 180.0   5.0 450.0                            LAT/LON1/LON2/DLON/H
  870  865  864  848  820  799  764  724  683  641  604  574  547  520  492  465
  447  437  435  438  446  459  472  479  472  448  411  367  323  281  243  207
