data/edconvlstm_nd/pred2370.15i
     1.0            IONOSPHERE MAPS     GNSS                IONEX VERSION / TYPE
pyspatialgeodesy        IME             05-JAN-18 20:20     PGM / RUN BY / DATE 
Map Name                                                    COMMENT             
Predicted global ionosphere maps (GIM).                     DESCRIPTION         
  2015     8    25     0     0     0                        EPOCH OF FIRST MAP  
  2015     8    26     0     0     0                        EPOCH OF LAST MAP   
  7200                                                      INTERVAL            
    13                                                      # OF MAPS IN FILE   
  NONE                                                      MAPPING FUNCTION    
10.0                                                        ELEVATION CUTOFF    
One-way carrier phase leveled to code                       OBSERVABLES USED    
  6371.0                                                    BASE RADIUS         
 2                                                          MAP DIMENSION       
   450.0 450.0   0.0                                        HGT1 / HGT2 / DHGT  
    87.5 -87.5  -2.5                                        LAT1 / LAT2 / DLAT  
  -180.0 180.0   5.0                                        LON1 / LON2 / DLON  
    -1                                                      EXPONENT            
                                                            END OF HEADER       
[from data line 1287]
     4                                                      START OF TEC MAP    
  2015     8    25     6     0     0                        EPOCH OF CURRENT MAP
    87.5-180.0 180.0   5.0 450.0                            LAT/LON1/LON2/DLON/H
   98  101  101  106  107  106  104  101  102  104  104  105  106  106  106  106
  106  106  105  105  104  103  102  101   99   98   97   96   95   94   93   92
   91   91   90   90   89   89   89   89   89   89   90   90   91   91   92   93
   94   94   95   96   96   97   97   98   98   98   98   98   98   98   97   97
   98   99   98   98  104  106  111  103   98                                   
    85.0-180.0 180.0   5.0 450.0                            LAT/LON1/LON2/DLON/H
   96  108  106  108  110  111  111  111  112  113  114  115  116  116  117  117
  116  116  115  114  113  112  110  109  108  106  105  103  102  101  100   99
   99   98   98   97   97   97   97   97   98   98   99  100  101  102  103  104
  105  107  108  109  110  110  111  112  112  112  112  112  111  111  110  110
  111  111  107  107  106  108  113  107   96                                   
    82.5-180.0 180.0   5.0 450.0                            LAT/LON1/LON2/DLON/H
  100  104  112  107  107  109  110  111  112  114  115  117  118  119  120  120
  119  119  117  116  114  112  110  108  105  103  101  100   98   97   96   96
   95   95   95   95   95   95   96   96   97   99  100  102  104  106  108  110
  112  114  116  118  120  121  122  122  123  123  122  122  121  120  118  117
  116  116  111  110  113  108  103   98  100                                   
    80.0-180.0 180.0   5.0 450.0                            LAT/LON1/LON2/DLON/H
  101   98   98   97   99  100  101  103  105  108  109  112  113  115  116  116
  115  114  113  111  108  105  102   99   96   93   91   89   88   87   87   87
   87   87   88   88   89   89   90   92   93   95   97  100  103  106  110  113
  116  120  122  125  126  128  129  130  130  129  128  127  126  124  121  120
  118  114  111  109  110  109  110   98  101                                   
    77.5-180.0 180.0   5.0 450.0                            LAT/LON1/LON2/DLON/H
   97   93   90   91   89   93   95   97   99  102  103  106  108  110  112  112
  112  111  109  107  103   99   95   91   87   84   82   80   79   78   79   80
   81   82   83   84   85   87   88   90   92   95   99  103  107  112  117  122
  126  131  134  137  139  141  142  142  142  141  139  137  135  132  129  126
  123  120  113  111  109  102  101   98   97                                   
    75.0-180.0 180.0   5.0 450.0                            LAT/LON1/LON2/DLON/H
   88   86   80   82   80   84   85   86   88   90   92   95   97  100  101  102
  102  102  100   97   93   89   84   79   75   71   68   66   66   67   68   70
   72   74   76   78   79   81   82   85   88   91   96  102  108  114  120  126
  132  136  140  143  145  146  147  146  146  144  143  141  138  135  132  129
  125  120  114  107  105  100   98   96   88                                   
    72.5-180.0 180.0   5.0 450.0                            LAT/LON1/LON2/DLON/H
   86   86   79   79   79   83   84   85   86   87   88   91   93   96   98   99
  100   99   98   95   91   86   81   75   70   66   63   61   61   62   65   68
   71   74   77   79   81   83   85   87   91   96  102  109  117  125  133  140
  145  150  153  155  156  156  156  155  153  152  150  148  146  143  140  137
  133  129  124  117  111  105  101   99   86                                   
    70.0-180.0 180.0   5.0 450.0                            LAT/LON1/LON2/DLON/H
   91   88   82   80   79   79   79   79   80   81   81   84   85   87   89   91
   92   92   91   89   85   80   74   68   63   59   56   54   55   57   60   64
   68   72   75   77   79   81   83   86   91   97  105  114  123  133  141  148
  154  158  160  160  160  158  157  155  153  151  149  147  146  143  141  139
  136  132  128  122  116  111  108  105   91                                   
    67.5-180.0 180.0   5.0 450.0                            LAT/LON1/LON2/DLON/H
   92   90   83   80   78   78   76   75   75   75   75   77   78   80   82   83
   85   85   85   83   80   75   70   64   58   53   50   49   50   52   55   60
   64   68   70   72   74   76   78   82   88   96  106  116  127  137  146  153
  157  160  160  159  156  153  150  147  145  143  142  141  140  138  137  136
  134  131  128  123  118  114  110  106   92                                   
    65.0-180.0 180.0   5.0 450.0                            LAT/LON1/LON2/DLON/H
   96   94   86   83   80   77   75   73   72   71   71   73   73   75   76   78
   79   80   80   78   76   72   66   61   55   51   48   47   47   50   53   57
   61   64   67   69   71   72   76   80   88   97  109  121  133  144  152  158
  161  162  160  157  153  148  144  141  139  137  136  136  136  135  134  134
  133  131  129  126  122  119  115  111   96                                   
    62.5-180.0 180.0   5.0 450.0                            LAT/LON1/LON2/DLON/H
  101   99   91   86   82   78   75   71   70   69   68   69   70   71   72   73
   74   75   74   73   71   67   63   58   54   50   47   46   46   48   51   55
   58   61   63   65   67   69   73   79   88   99  112  125  138  149  156  161
  163  162  159  154  149  144  139  136  134  133  133  133  134  133  133  133
  132  131  130  127  125  122  120  116  101                                   
    60.0-180.0 180.0   5.0 450.0                            LAT/LON1/LON2/DLON/H
  106  105   95   89   84   79   74   69   67   65   64   65   66   67   68   68
   68   68   67   66   64   61   58   54   50   47   45   44   45   47   49   52
   54   57   59   61   63   67   72   79   88  100  114  128  140  150  157  161
  161  159  155  151  145  140  136  133  132  131  132  133  133  133  132  131
  130  129  129  127  126  125  123  118  106                                   
    57.5-180.0 180.0   5.0 450.0                            LAT/LON1/LON2/DLON/H
  113  112  103   96   90   83   76   69   66   62   60   61   62   63   63   63
   62   61   59   58   56   54   52   49   47   45   44   44   44   46   48   50
   52   54   56   59   63   67   73   81   91  103  117  131  143  152  158  160
  160  158  155  151  147  142  139  136  135  136  137  137  138  137  135  134
  132  130  130  129  129  129  128  123  113                                   
    55.0-180.0 180.0   5.0 450.0                            LAT/LON1/LON2/DLON/H
  121  122  113  106   98   90   81   72   66   60   57   57   57   58   58   57
   55   53   51   50   48   47   46   44   43   43   43   43   45   46   47   48
   50   52   55   59   64   70   77   85   95  107  120  133  144  152  158  160
  161  160  158  156  153  149  147  145  144  144  145  146  146  144  141  139
  136  134  133  132  132  133  134  129  121                                   
    52.5-180.0 180.0   5.0 450.0                            LAT/LON1/LON2/DLON/H
  132  134  127  120  112  102   92   79   70   61   56   54   54   53   53   52
   50   48   45   43   42   42   41   41   41   42   43   44   46   47   48   49
   50   53   57   63   69   76   83   92  101  112  124  136  146  154  159  163
  164  165  165  165  163  161  158  156  156  156  156  156  156  153  149  146
  142  140  139  137  138  139  140  137  132                                   
    50.0-180.0 180.0   5.0 450.0                            LAT/LON1/LON2/DLON/H
  143  147  141  136  129  118  107   92   79   67   58   54   52   51   50   48
   46   44   42   40   40   39   40   40   41   43   45   47   49   50   51   51
   53   56   61   68   76   84   92  100  108  118  129  140  150  158  164  168
  171  174  176  177  177  175  172  170  168  167  167  167  166  163  158  154
  151  148  146  144  145  146  147  145  143                                   
    47.5-180.0 180.0   5.0 450.0                            LAT/LON1/LON2/DLON/H
  153  159  155  152  146  136  124  107   92   76   65   58   53   51   49   47
   45   43   42   41   41   41   42   43   45   46   49   51   53   54   54   55
   57   60   67   75   84   93  101  108  116  124  134  145  155  163  170  176
  182  186  189  191  191  188  185  181  179  177  176  176  174  171  166  163
  159  156  155  152  152  152  154  151  153                                   
    45.0-180.0 180.0   5.0 450.0                            LAT/LON1/LON2/DLON/H
  158  165  162  163  160  152  140  124  107   89   75   66   59   54   52   49
   47   46   45   45   46   47   49   50   51   52   54   56   58   59   59   59
   61   65   72   81   91  101  109  116  123  131  141  151  162  171  180  187
  193  199  202  204  203  200  195  190  187  184  183  182  180  177  173  170
  167  164  163  160  159  158  158  156  158                                   
    42.5-180.0 180.0   5.0 450.0                            LAT/LON1/LON2/DLON/H
  158  163  162  165  165  160  152  137  121  104   88   77   68   62   58   55
   53   52   52   53   55   57   59   60   60   60   61   62   63   63   63   63
   65   69   76   86   97  107  116  123  130  139  148  159  170  181  190  199
  205  210  213  213  211  207  202  197  192  190  188  187  185  182  179  176
  174  172  170  167  164  161  160  156  158                                   
    40.0-180.0 180.0   5.0 450.0                            LAT/LON1/LON2/DLON/H
  151  155  153  158  161  159  154  144  131  116  101   90   80   73   67   63
   61   61   62   64   67   70   71   71   70   69   68   68   68   67   66   66
   68   72   80   90  101  112  122  130  138  146  156  168  179  191  201  209
  215  219  221  220  217  213  208  203  199  197  196  195  193  190  186  184
  182  180  178  174  170  163  160  155  151                                   
    37.5-180.0 180.0   5.0 450.0                            LAT/LON1/LON2/DLON/H
  143  143  140  143  148  149  148  142  134  123  112  103   93   85   79   74
   71   71   72   75   79   81   82   82   79   77   75   73   72   70   69   69
   70   74   82   92  104  116  126  135  144  154  164  176  188  199  209  217
  222  225  225  224  222  219  216  213  210  209  208  208  206  203  199  196
  193  191  188  183  176  167  163  155  143                                   
    35.0-180.0 180.0   5.0 450.0                            LAT/LON1/LON2/DLON/H
  137  133  127  127  132  133  135  134  131  125  118  112  105   97   90   84
   81   80   82   85   88   91   92   91   88   84   81   78   75   73   71   71
   72   76   84   94  106  119  130  140  150  160  171  183  194  205  215  222
  226  228  228  228  228  228  229  228  228  228  229  228  227  223  218  214
  210  206  202  196  188  176  170  160  137                                   
    32.5-180.0 180.0   5.0 450.0                            LAT/LON1/LON2/DLON/H
  140  131  121  117  118  118  121  122  123  122  120  118  112  106   99   93
   88   87   88   91   95   98   99   98   95   90   86   82   79   76   74   74
   75   79   86   96  108  121  133  144  155  165  176  187  198  208  217  224
  228  230  231  233  237  243  248  251  254  255  257  257  255  250  245  239
  233  229  224  215  205  192  187  175  140                                   
    30.0-180.0 180.0   5.0 450.0                            LAT/LON1/LON2/DLON/H
  156  144  130  120  115  112  113  113  115  116  118  119  116  111  105   98
   94   91   92   95   99  102  104  104  101   97   92   88   84   80   78   77
   78   82   89   98  110  123  135  147  158  168  178  188  198  207  216  223
  228  231  235  241  251  263  274  281  286  288  290  291  289  285  278  271
  264  258  252  242  231  218  213  201  156                                   
    27.5-180.0 180.0   5.0 450.0                            LAT/LON1/LON2/DLON/H
  187  172  155  139  128  118  115  111  112  113  115  118  117  113  107  101
   96   93   93   96  101  105  108  109  107  104   99   94   89   85   82   81
   82   85   91  100  111  123  136  147  158  169  178  187  196  206  215  223
  230  236  243  255  271  289  304  315  321  325  327  328  326  322  315  308
  300  294  287  275  264  252  247  237  187                                   
    25.0-180.0 180.0   5.0 450.0                            LAT/LON1/LON2/DLON/H
  230  214  195  176  158  142  132  122  117  115  115  116  115  112  107  101
   96   93   94   97  102  108  113  115  115  111  107  101   95   90   87   85
   85   88   93  100  111  122  135  146  157  167  177  186  195  204  214  225
  235  245  257  275  296  319  338  351  357  360  362  363  362  359  353  347
  339  332  325  313  302  291  287  280  230                                   
    22.5-180.0 180.0   5.0 450.0                            LAT/LON1/LON2/DLON/H
  280  265  245  225  202  180  163  145  134  125  120  117  115  111  106  100
   96   93   94   97  103  111  118  122  122  119  114  107  101   95   90   88
   87   89   92   99  108  120  132  144  155  166  176  186  196  206  218  231
  245  259  277  299  326  352  372  385  390  391  392  394  394  392  388  383
  377  370  364  351  341  331  327  325  280                                   
    20.0-180.0 180.0   5.0 450.0                            LAT/LON1/LON2/DLON/H
  327  315  296  278  252  227  203  180  161  144  132  124  117  112  106  101
   97   95   96  100  107  115  123  128  129  126  120  112  104   97   92   88
   87   87   90   95  104  116  129  141  154  167  179  190  201  213  227  243
  260  279  301  327  356  383  403  414  417  417  417  418  420  420  418  415
  411  405  400  387  375  367  364  364  327                                   
    17.5-180.0 180.0   5.0 450.0                            LAT/LON1/LON2/DLON/H
  365  356  339  325  298  272  246  218  193  170  151  136  125  117  111  105
  102  100  101  105  112  121  129  134  134  130  122  114  105   97   91   87
   84   83   85   90   99  112  126  140  155  170  185  198  211  225  241  259
  279  301  326  355  384  410  429  437  438  436  435  437  440  442  443  442
  438  434  429  416  404  396  393  394  365                                   
    15.0-180.0 180.0   5.0 450.0                            LAT/LON1/LON2/DLON/H
  388  381  366  356  332  308  281  254  226  199  174  153  138  128  120  114
  111  109  109  112  118  126  133  137  136  130  122  112  103   94   88   83
   80   78   79   84   94  109  125  142  160  177  195  211  226  241  258  278
  300  324  351  379  407  432  447  454  453  450  450  452  456  460  461  461
  459  455  450  438  425  415  412  412  388                                   
    12.5-180.0 180.0   5.0 450.0                            LAT/LON1/LON2/DLON/H
  396  388  376  367  348  327  304  279  253  225  197  174  156  143  134  128
  124  121  120  121  125  130  135  137  134  127  117  107   98   90   84   79
   75   72   73   79   91  107  126  146  167  187  207  226  242  258  276  297
  320  345  372  399  425  446  460  465  465  463  463  466  470  473  475  475
  472  469  463  451  438  426  423  421  396                                   
    10.0-180.0 180.0   5.0 450.0                            LAT/LON1/LON2/DLON/H
  394  383  372  363  348  331  312  292  270  245  218  195  176  162  153  146
  140  135  132  130  130  132  134  133  129  120  110  101   92   85   80   75
   71   68   69   76   90  108  130  152  175  198  220  240  257  274  292  313
  336  361  386  412  436  455  468  474  475  475  476  479  482  484  484  483
  479  475  469  458  444  431  427  424  394                                   
     7.5-180.0 180.0   5.0 450.0                            LAT/LON1/LON2/DLON/H
  388  373  361  350  338  323  309  295  277  256  233  212  194  181  172  164
  157  150  143  138  134  132  130  127  121  112  103   94   88   82   77   73
