data/edconvlstm_nd/pred3250.15i
     1.0            IONOSPHERE MAPS     GNSS                IONEX VERSION / TYPE
pyspatialgeodesy        IME             05-JAN-18 20:20     PGM / RUN BY / DATE 
Map Name                                                    COMMENT             
Predicted global ionosphere maps (GIM).                     DESCRIPTION         
  2015    11    21     0     0     0                        EPOCH OF FIRST MAP  
  2015    11    22     0     0     0                        EPOCH OF LAST MAP   
  7200                                                      INTERVAL            
    13                                                      # OF MAPS IN FILE   
  NONE                                                      MAPPING FUNCTION    
10.0                                                        ELEVATION CUTOFF    
One-way carrier phase leveled to code                       OBSERVABLES USED    
  6371.0                                                    BASE RADIUS         
 2                                                          MAP DIMENSION       
   450.0 450.0   0.0                                        HGT1 / HGT2 / DHGT  
    87.5 -87.5  -2.5                                        LAT1 / LAT2 / DLAT  
  -180.0 180.0   5.0                                        LON1 / LON2 / DLON  
    -1                                                      EXPONENT            
                                                            END OF HEADER       
[from data line 3432]
     9                                                      START OF TEC MAP    
  2015    11    21    16     0     0                        EPOCH OF CURRENT MAP
    87.5-180.0 180.0   5.0 450.0                            LAT/LON1/LON2/DLON/H
   80   85   86   88   92   91   90   86   87   89   88   88   88   88   88   87
   87   86   86   85   84   84   83   82   82   81   81   80   80   79   79   78
   78   77   76   76   75   75   74   74   73   73   73   73   73   74   74   75
   76   76   77   78   79   79   80   81   81   82   83   83   83   84   84   84
   85   85   82   79   85   84   98   95   80                                   
    85.0-180.0 180.0   5.0 450.0                            LAT/LON1/LON2/DLON/H
   87   88  101   81   82   85   85   85   86   87   86   87   86   86   86   85
   85   84   83   83   82   82   81   81   80   80   80   80   79   79   79   78
   78   77   76   75   74   73   73   72   71   71   71   71   71   71   72   72
   73   74   75   76   77   77   78   79   80   81   81   82   82   83   83   83
   84   84   80   76   79   80   89   87   87                                   
    82.5-180.0 180.0   5.0 450.0                            LAT/LON1/LON2/DLON/H
   73   77   81   72   74   77   80   80   80   81   81   82   81   81   80   80
   79   78   77   76   75   74   74   73   73   73   74   74   74   74   74   73
   73   72   70   69   67   65   64   62   61   59   58   58   57   57   58   59
   60   61   62   63   65   66   67   68   70   71   72   73   73   74   74   75
   76   75   72   70   74   83   80   77   73                                   
    80.0-180.0 180.0   5.0 450.0                            LAT/LON1/LON2/DLON/H
   60   61   69   63   63   63   68   69   71   73   74   75   75   75   74   73
   72   71   70   68   68   67   67   67   67   68   69   70   71   72   72   72
   71   70   68   65   63   60   57   54   51   49   47   46   46   46   47   48
   49   51   53   55   57   59   60   62   63   64   64   65   65   66   66   66
   67   67   65   64   63   70   69   71   60                                   
    77.5-180.0 180.0   5.0 450.0                            LAT/LON1/LON2/DLON/H
   60   57   58   55   57   58   63   66   69   71   72   75   76   77   77   76
   75   74   73   72   72   71   71   72   73   74   75   77   78   79   79   79
   79   77   74   71   67   62   57   53   48   44   41   39   38   38   39   41
   43   46   48   51   53   55   57   58   59   60   61   61   61   61   61   61
   61   61   60   60   58   58   60   62   60                                   
    75.0-180.0 180.0   5.0 450.0                            LAT/LON1/LON2/DLON/H
   47   47   47   47   49   52   55   58   62   66   69   72   75   77   77   78
   78   77   77   76   76   77   78   79   80   82   84   85   87   87   88   88
   87   85   81   77   72   66   60   54   48   43   40   37   36   36   38   40
   43   46   49   51   53   55   56   56   57   57   57   56   56   56   57   57
   56   57   57   54   54   51   50   46   47                                   
    72.5-180.0 180.0   5.0 450.0                            LAT/LON1/LON2/DLON/H
   46   45   43   46   46   49   52   56   59   64   68   72   76   80   82   83
   84   85   86   87   88   89   91   92   94   95   96   96   97   97   96   95
   94   91   87   82   76   70   62   55   48   42   38   35   34   34   36   38
   41   44   47   49   50   51   51   50   50   49   49   48   49   49   50   50
   50   51   51   49   48   47   47   47   46                                   
    70.0-180.0 180.0   5.0 450.0                            LAT/LON1/LON2/DLON/H
   43   42   41   43   44   45   46   51   55   61   66   73   78   83   86   89
   92   94   97  100  103  106  109  111  112  113  112  111  110  108  106  104
  102   98   94   88   82   74   66   58   51   45   40   38   37   37   39   41
   44   47   49   50   50   49   47   46   44   43   42   42   43   44   45   47
   47   48   50   48   48   46   50   49   43                                   
    67.5-180.0 180.0   5.0 450.0                            LAT/LON1/LON2/DLON/H
   44   43   41   44   44   45   47   51   56   61   68   75   82   89   94   99
  103  108  113  118  123  128  131  133  133  132  129  126  122  118  115  111
  107  103   97   91   84   77   69   61   54   48   43   41   40   40   42   44
   46   48   48   48   46   44   41   39   37   35   35   36   37   39   41   44
   46   46   48   45   45   45   47   46   44                                   
    65.0-180.0 180.0   5.0 450.0                            LAT/LON1/LON2/DLON/H
   41   42   40   44   43   43   44   48   53   59   66   75   83   91   98  105
  111  118  126  133  141  147  151  153  152  149  144  139  133  128  122  117
  112  106  100   93   85   78   70   62   56   50   46   44   43   43   44   45
   46   46   44   42   39   35   32   29   28   27   27   29   31   34   37   40
   42   44   46   44   45   46   48   48   41                                   
    62.5-180.0 180.0   5.0 450.0                            LAT/LON1/LON2/DLON/H
   39   41   39   43   42   42   42   46   50   57   65   74   83   93  102  110
  119  128  138  147  156  163  167  168  166  161  155  149  142  135  129  123
  116  109  101   93   85   77   69   62   56   51   47   45   43   43   43   42
   41   39   36   33   29   25   22   20   19   20   21   23   26   29   32   35
   38   39   41   40   41   42   44   44   39                                   
    60.0-180.0 180.0   5.0 450.0                            LAT/LON1/LON2/DLON/H
   35   39   37   41   40   38   39   42   46   53   61   71   82   92  102  113
  123  134  145  156  166  173  176  176  173  168  162  155  149  143  137  130
  123  114  105   95   86   77   69   62   56   51   48   45   43   41   40   38
   35   31   27   23   19   16   14   13   13   15   17   19   22   25   28   31
   33   34   36   35   36   38   40   41   35                                   
    57.5-180.0 180.0   5.0 450.0                            LAT/LON1/LON2/DLON/H
   32   37   36   40   39   38   38   41   46   52   61   71   82   93  105  116
  128  140  152  163  173  179  182  181  177  172  167  163  159  154  149  143
  135  125  114  103   92   82   73   66   60   56   52   49   46   43   39   36
   31   27   22   17   14   12   11   12   13   16   18   21   24   26   29   31
   32   33   34   34   35   36   37   39   32                                   
    55.0-180.0 180.0   5.0 450.0                            LAT/LON1/LON2/DLON/H
   32   38   38   42   41   40   41   43   47   54   62   73   84   96  108  121
  133  146  158  169  177  182  184  182  179  175  172  171  169  168  164  158
  149  139  127  114  102   91   82   75   68   63   59   54   50   46   41   37
   32   26   21   17   14   13   14   16   19   22   25   28   30   31   33   34
   34   35   36   35   36   36   37   39   32                                   
    52.5-180.0 180.0   5.0 450.0                            LAT/LON1/LON2/DLON/H
   37   43   43   47   46   46   46   48   53   59   67   77   88  100  113  127
  140  153  164  174  180  184  184  183  181  179  179  180  182  182  179  174
  165  153  141  128  115  104   95   87   80   74   69   64   58   53   48   43
   38   33   28   24   22   22   24   27   31   35   39   40   41   41   41   41
   41   41   43   43   43   42   42   43   37                                   
    50.0-180.0 180.0   5.0 450.0                            LAT/LON1/LON2/DLON/H
   48   52   52   55   55   56   55   57   62   68   75   85   96  108  121  135
  149  161  172  180  185  187  187  185  185  185  188  191  194  195  192  186
  177  165  153  141  130  119  110  102   94   88   82   76   70   64   59   54
   49   45   41   38   36   36   39   44   48   53   55   56   55   53   52   52
   51   52   54   54   55   54   53   53   48                                   
    47.5-180.0 180.0   5.0 450.0                            LAT/LON1/LON2/DLON/H
   61   63   62   65   65   66   66   69   73   80   87   96  106  118  132  146
  159  171  180  187  190  192  192  191  192  194  198  202  204  203  199  191
  182  171  161  151  142  133  124  116  108  101   94   88   82   77   72   69
   65   62   58   55   53   53   56   61   66   70   71   71   68   66   64   63
   63   65   67   69   70   69   69   66   61                                   
    45.0-180.0 180.0   5.0 450.0                            LAT/LON1/LON2/DLON/H
   76   75   72   75   74   76   76   80   85   93  101  110  120  131  144  158
  171  182  190  195  198  199  199  200  202  205  208  210  209  204  197  188
  180  172  165  159  152  145  137  129  120  112  105   99   93   89   86   83
   81   78   74   71   68   68   70   74   79   82   82   81   79   76   74   74
   74   76   79   82   84   85   86   82   76                                   
    42.5-180.0 180.0   5.0 450.0                            LAT/LON1/LON2/DLON/H
   86   83   79   82   81   83   83   89   96  106  115  124  134  145  158  171
  183  193  200  205  207  209  210  211  212  215  216  214  208  199  189  180
  174  170  168  165  162  156  148  139  129  120  113  106  101   98   96   95
   93   90   86   81   77   76   77   80   83   86   86   85   83   81   80   80
   81   83   87   90   94   95   97   93   86                                   
    40.0-180.0 180.0   5.0 450.0                            LAT/LON1/LON2/DLON/H
   89   85   80   84   83   85   87   94  103  116  127  138  148  160  171  184
  195  204  210  215  218  220  220  221  222  222  220  214  204  192  181  175
  173  174  176  177  175  169  160  149  137  126  117  111  106  103  103  102
  100   96   91   84   78   75   75   78   81   83   83   83   82   81   81   82
   83   85   88   91   95   97  100   98   89                                   
    37.5-180.0 180.0   5.0 450.0                            LAT/LON1/LON2/DLON/H
   85   81   76   81   81   83   87   96  108  123  137  151  162  174  185  197
  207  215  221  226  229  230  230  229  228  225  220  212  200  189  181  181
  185  193  199  201  198  189  176  161  146  133  122  115  110  107  107  106
  103   98   90   82   75   71   70   72   75   77   78   78   78   79   80   81
   81   82   84   86   88   91   93   93   85                                   
    35.0-180.0 180.0   5.0 450.0                            LAT/LON1/LON2/DLON/H
   76   72   68   74   75   77   83   94  110  128  146  162  175  187  199  210
  220  227  233  237  240  240  238  234  230  225  220  212  203  197  198  206
  220  233  241  241  233  219  200  180  161  144  131  122  116  113  112  110
  106   99   90   80   73   68   68   70   72   74   75   76   76   77   78   78
   78   77   78   77   78   80   80   83   76                                   
    32.5-180.0 180.0   5.0 450.0                            LAT/LON1/LON2/DLON/H
   65   63   60   66   68   70   78   91  109  131  152  171  187  200  213  224
  233  239  245  249  251  249  242  235  229  225  222  219  219  224  237  257
  279  296  303  298  282  260  234  208  184  164  147  136  129  125  123  120
  114  106   95   85   77   74   73   75   78   79   80   80   80   80   80   79
   77   74   73   71   69   68   67   72   65                                   
    30.0-180.0 180.0   5.0 450.0                            LAT/LON1/LON2/DLON/H
   58   56   54   59   62   63   72   86  108  132  157  178  196  212  225  237
  246  253  258  262  261  256  245  235  229  228  231  239  251  270  297  329
  359  378  381  368  342  310  277  245  216  192  173  159  150  146  143  139
  132  123  112  102   95   91   91   93   95   96   95   94   93   91   89   86
   81   78   75   70   67   63   59   65   58                                   
    27.5-180.0 180.0   5.0 450.0                            LAT/LON1/LON2/DLON/H
   57   56   53   57   60   61   69   84  106  132  159  183  203  221  236  248
  258  265  270  273  270  261  248  237  233  238  252  272  299  334  375  418
  454  472  469  445  407  366  325  289  257  230  208  193  183  178  174  170
  163  153  142  132  126  123  123  124  124  123  121  118  114  110  105  100
   93   89   84   78   73   66   59   62   57                                   
    25.0-180.0 180.0   5.0 450.0                            LAT/LON1/LON2/DLON/H
   64   62   58   61   63   65   72   85  108  134  160  185  207  226  243  257
  268  275  281  282  277  266  252  243  245  260  285  319  361  409  462  513
  551  567  554  518  470  420  375  336  303  275  252  235  224  218  215  211
  204  195  184  176  170  167  165  164  161  158  153  148  142  135  128  120
  112  108  102   96   89   78   68   66   64                                   
    22.5-180.0 180.0   5.0 450.0                            LAT/LON1/LON2/DLON/H
   78   72   66   69   71   73   81   93  114  139  164  188  209  229  247  262
  274  282  287  288  282  271  260  256  267  293  330  376  429  486  546  600
  636  645  622  576  519  465  419  380  348  320  297  280  269  263  260  256
  250  241  232  224  218  214  210  205  199  193  186  179  171  162  153  144
  135  131  124  119  111   96   83   77   78                                   
    20.0-180.0 180.0   5.0 450.0                            LAT/LON1/LON2/DLON/H
   94   83   75   77   81   84   93  106  126  149  172  193  213  232  250  266
  277  285  290  291  287  279  274  279  300  336  383  437  496  556  615  665
  693  692  660  607  548  495  451  416  386  360  338  321  309  303  300  296
  291  283  275  267  261  254  246  237  228  220  211  203  195  185  175  165
  156  153  146  143  134  117  101   92   94                                   
    17.5-180.0 180.0   5.0 450.0                            LAT/LON1/LON2/DLON/H
  108   94   83   85   89   94  106  120  141  163  184  203  221  239  256  270
  281  289  293  295  294  292  295  311  342  387  440  497  554  609  658  696
  712  701  664  611  556  509  472  442  416  392  370  353  340  332  327  323
  317  310  303  295  287  278  266  254  243  233  225  217  209  201  192  182
  173  170  162  161  152  134  118  109  108                                   
    15.0-180.0 180.0   5.0 450.0                            LAT/LON1/LON2/DLON/H
  117  102   88   90   94  101  117  134  156  180  201  219  235  251  267  279
  289  295  300  304  306  311  324  350  390  440  495  548  596  637  671  693
  696  678  641  595  550  513  483  459  437  415  393  374  358  347  340  333
  327  320  313  305  296  283  269  255  243  234  227  221  214  207  200  192
  183  180  171  170  161  144  129  121  117                                   
    12.5-180.0 180.0   5.0 450.0                            LAT/LON1/LON2/DLON/H
  118  104   91   92   96  105  125  146  172  199  221  240  256  271  284  295
  303  309  314  319  327  339  360  394  440  492  543  586  618  641  656  662
  655  635  605  571  539  513  491  472  452  432  409  387  367  351  340  330
  322  315  307  299  289  275  260  246  236  229  223  217  212  207  202  195
  187  183  173  170  160  145  132  125  118                                   
    10.0-180.0 180.0   5.0 450.0                            LAT/LON1/LON2/DLON/H
  114  102   90   92   97  107  131  155  186  217  242  263  280  295  308  318
  325  330  336  344  355  373  401  441  488  537  579  606  620  625  624  619
  608  591  571  550  532  516  501  485  467  446  421  395  370  349  332  320
  310  301  294  286  275  262  248  236  229  224  219  214  208  204  200  195
  187  182  171  164  154  140  128  122  114                                   
     7.5-180.0 180.0   5.0 450.0                            LAT/LON1/LON2/DLON/H
  108   99   89   91   97  109  136  164  199  233  263  287  307  323  336  345
  353  359  366  376  390  413  444  485  530  571  599  611  609  600  590  580
