data/edconvlstm_nd/pred2200.15i
     1.0            IONOSPHERE MAPS     GNSS                IONEX VERSION / TYPE
pyspatialgeodesy        IME             05-JAN-18 20:20     PGM / RUN BY / DATE 
Map Name                                                    COMMENT             
Predicted global ionosphere maps (GIM).                     DESCRIPTION         
  2015     8     8     0     0     0                        EPOCH OF FIRST MAP  
  2015     8     9     0     0     0                        EPOCH OF LAST MAP   
  7200                                                      INTERVAL            
    13                                                      # OF MAPS IN FILE   
  NONE                                                      MAPPING FUNCTION    
10.0                                                        ELEVATION CUTOFF    
One-way carrier phase leveled to code                       OBSERVABLES USED    
  6371.0                                                    BASE RADIUS         
 2                                                          MAP DIMENSION       
   450.0 450.0   0.0                                        HGT1 / HGT2 / DHGT  
    87.5 -87.5  -2.5                                        LAT1 / LAT2 / DLAT  
  -180.0 180.0   5.0                                        LON1 / LON2 / DLON  
    -1                                                      EXPONENT            
                                                            END OF HEADER       
[from data line 3432]
     9                                                      START OF TEC MAP    
  2015     8     8    16     0     0                        EPOCH OF CURRENT MAP
    87.5-180.0 180.0   5.0 450.0                            LAT/LON1/LON2/DLON/H
  131  133  127  131  135  134  134  132  133  134  134  135  135  136  137  137
  138  138  139  139  140  140  140  140  140  140  140  140  139  139  139  138
  138  138  137  137  137  137  137  137  137  137  137  137  137  137  137  136
  136  136  136  135  135  134  134  134  133  133  132  132  131  131  131  130
  130  130  129  127  136  130  139  135  131                                   
    85.0-180.0 180.0   5.0 450.0                            LAT/LON1/LON2/DLON/H
  131  131  141  132  133  136  136  138  138  140  139  140  141  142  143  143
  144  145  146  146  147  147  148  148  148  148  147  147  146  146  145  144
  143  143  142  142  142  141  141  142  142  142  142  143  143  143  143  143
  142  142  142  141  141  140  140  139  138  138  137  136  136  136  135  135
  135  135  132  129  130  125  130  129  131                                   
    82.5-180.0 180.0   5.0 450.0                            LAT/LON1/LON2/DLON/H
  115  125  126  122  124  129  131  132  132  133  134  135  136  137  138  139
  141  142  143  144  146  147  147  148  148  148  148  147  146  145  143  142
  141  139  138  138  137  137  137  138  138  139  139  140  140  140  140  140
  140  140  139  138  137  136  135  134  133  132  131  130  129  129  128  127
  127  126  123  124  124  129  123  114  115                                   
    80.0-180.0 180.0   5.0 450.0                            LAT/LON1/LON2/DLON/H
  105  111  116  115  114  115  118  122  123  124  125  127  128  129  130  132
  134  136  138  140  141  143  144  145  146  146  145  144  143  141  139  136
  134  132  130  129  129  129  129  130  131  132  133  134  135  135  135  135
  135  135  134  133  132  130  129  128  126  125  123  122  120  119  119  118
  118  117  115  116  112  113  113  109  105                                   
    77.5-180.0 180.0   5.0 450.0                            LAT/LON1/LON2/DLON/H
  108  108  111  111  112  113  115  118  119  120  120  122  123  124  126  128
  130  132  135  138  141  143  145  147  148  149  149  147  145  143  140  136
  133  130  128  127  126  126  127  128  129  131  132  133  134  134  134  134
  134  133  132  131  130  128  126  124  122  120  119  117  115  114  113  113
  112  112  110  111  112  107  109  110  108                                   
    75.0-180.0 180.0   5.0 450.0                            LAT/LON1/LON2/DLON/H
  103  105  104  105  107  109  110  112  113  115  114  116  116  118  119  121
  124  127  130  134  137  141  144  147  149  151  151  150  148  145  141  137
  133  129  126  125  124  124  125  126  127  129  130  131  131  131  131  131
  130  129  128  127  125  123  121  119  117  115  113  112  110  109  109  109
  108  108  108  105  107  104  107   98  103                                   
    72.5-180.0 180.0   5.0 450.0                            LAT/LON1/LON2/DLON/H
   99  101  100  105  105  107  109  110  110  111  110  111  111  112  114  116
  118  121  125  129  134  138  143  147  150  152  152  152  150  146  142  138
  133  129  126  124  123  123  124  125  126  127  128  128  128  127  126  126
  125  124  123  121  120  118  116  114  111  110  108  106  105  104  104  104
  104  104  105  102  103  102  105  101   99                                   
    70.0-180.0 180.0   5.0 450.0                            LAT/LON1/LON2/DLON/H
   97   98   98  101  101  104  104  106  106  107  106  106  106  107  108  109
  112  115  119  123  128  133  139  143  148  151  152  152  151  148  144  139
  134  130  127  125  124  124  124  125  126  126  125  124  123  121  120  119
  117  116  115  114  112  110  108  106  104  102  101  100   99   99   99  100
  100  100  101   99  100  100  105  100   97                                   
    67.5-180.0 180.0   5.0 450.0                            LAT/LON1/LON2/DLON/H
   95   97   97  101  103  106  107  109  109  109  108  107  107  107  108  110
  112  115  119  123  127  133  138  143  148  152  154  155  154  152  148  144
  140  136  132  130  129  129  129  129  129  128  126  124  122  119  117  115
  114  113  112  111  109  107  105  103  101  100   99   98   97   97   97   98
   98   99   99   97   97   98  102   97   95                                   
    65.0-180.0 180.0   5.0 450.0                            LAT/LON1/LON2/DLON/H
   91   94   95   99  101  105  107  109  109  110  109  108  108  108  109  111
  113  115  118  122  126  131  136  141  146  151  154  156  157  156  154  151
  147  143  140  138  137  136  136  135  134  132  129  126  122  118  116  114
  112  111  110  108  106  104  102  100   98   97   96   95   95   94   94   95
   95   95   95   94   95   97  102   97   91                                   
    62.5-180.0 180.0   5.0 450.0                            LAT/LON1/LON2/DLON/H
   87   92   93   98  101  106  109  111  112  113  112  112  112  112  113  115
  117  119  121  123  127  130  135  140  145  150  154  158  160  161  160  159
  156  154  151  149  148  146  145  144  142  139  134  130  125  121  118  116
  114  113  112  110  107  105  102  100   98   97   96   95   94   93   92   91
   90   90   90   89   91   92   98   94   87                                   
    60.0-180.0 180.0   5.0 450.0                            LAT/LON1/LON2/DLON/H
   84   89   91   96  100  106  109  112  113  114  114  114  115  116  118  120
  121  123  124  125  127  130  134  139  144  149  154  158  162  165  167  168
  167  166  164  162  160  158  157  154  151  147  142  137  132  128  124  122
  120  119  117  114  111  108  105  102  100   99   98   97   95   92   90   88
   86   84   84   82   85   88   95   91   84                                   
    57.5-180.0 180.0   5.0 450.0                            LAT/LON1/LON2/DLON/H
   81   87   89   95  100  106  110  113  115  116  116  116  118  120  122  125
  126  127  128  128  129  131  134  138  143  149  154  160  166  171  175  179
  180  180  179  177  175  173  170  167  164  159  154  148  143  138  135  133
  131  129  126  122  118  114  110  108  106  104  103  100   97   93   89   85
   82   79   79   77   80   83   91   88   81                                   
    55.0-180.0 180.0   5.0 450.0                            LAT/LON1/LON2/DLON/H
   80   86   89   95   99  107  111  114  116  117  116  117  119  122  125  128
  130  130  130  130  130  132  135  139  144  149  155  162  169  176  183  188
  192  193  193  192  189  187  184  180  176  172  166  161  156  151  148  146
  143  140  136  132  127  122  118  114  112  111  109  106  101   95   89   84
   79   76   75   73   76   80   88   86   80                                   
    52.5-180.0 180.0   5.0 450.0                            LAT/LON1/LON2/DLON/H
   80   87   89   96  100  107  111  115  116  117  116  117  119  122  125  129
  131  131  131  130  131  133  136  140  145  151  157  164  172  181  189  197
  202  205  206  205  203  200  197  194  189  185  179  174  169  165  162  159
  156  152  147  141  135  130  125  122  120  118  115  111  106   98   91   85
   79   76   74   72   75   78   87   85   80                                   
    50.0-180.0 180.0   5.0 450.0                            LAT/LON1/LON2/DLON/H
   83   88   90   97  101  108  113  116  118  118  118  118  120  122  125  128
  131  131  131  131  132  135  139  144  149  154  160  167  175  185  195  203
  210  214  216  216  214  212  210  206  202  198  193  188  184  180  176  173
  168  163  157  150  144  138  133  130  128  125  122  118  111  103   95   88
   83   79   78   75   78   80   88   86   83                                   
    47.5-180.0 180.0   5.0 450.0                            LAT/LON1/LON2/DLON/H
   86   90   91   98  102  110  115  119  121  122  122  122  122  124  126  129
  131  132  132  133  135  139  143  149  154  159  164  171  179  189  199  208
  216  221  224  225  225  224  222  219  215  211  206  202  198  194  190  185
  179  173  166  158  151  145  140  137  135  132  129  124  117  108  100   94
   89   86   85   83   84   85   91   89   86                                   
    45.0-180.0 180.0   5.0 450.0                            LAT/LON1/LON2/DLON/H
   90   92   93   99  103  112  118  123  127  129  129  129  128  129  130  131
  132  133  135  137  140  144  150  156  162  166  171  177  184  193  203  213
  221  227  231  234  235  236  235  233  229  225  221  216  211  207  202  196
  189  181  173  165  158  152  147  143  141  138  135  130  123  115  108  103
   99   97   96   93   93   92   96   93   90                                   
    42.5-180.0 180.0   5.0 450.0                            LAT/LON1/LON2/DLON/H
   94   95   94  101  105  114  121  129  134  138  139  139  139  137  137  136
  137  138  140  142  146  152  158  165  170  175  179  184  191  199  209  219
  227  234  240  244  248  250  250  249  246  241  236  231  226  220  214  207
  198  189  180  171  164  158  153  149  146  143  140  135  129  123  117  114
  111  109  108  104  103   99  102   98   94                                   
    40.0-180.0 180.0   5.0 450.0                            LAT/LON1/LON2/DLON/H
   98   97   95  101  106  116  124  134  141  148  151  153  152  150  147  145
  144  145  147  150  155  161  168  174  180  185  189  194  200  209  218  228
  237  246  253  259  265  268  269  268  265  260  253  247  241  234  226  217
  207  197  187  178  171  165  160  155  151  147  144  140  136  131  127  125
  123  122  120  115  112  107  108  103   98                                   
    37.5-180.0 180.0   5.0 450.0                            LAT/LON1/LON2/DLON/H
  102  100   96  102  106  117  126  138  148  157  163  167  167  164  160  157
  155  155  157  160  164  170  177  184  191  196  201  206  213  222  232  243
  253  263  272  280  287  291  293  291  287  281  273  265  257  248  239  228
  217  205  194  185  178  172  166  160  155  150  147  144  142  139  137  136
  135  134  131  125  121  114  114  109  102                                   
    35.0-180.0 180.0   5.0 450.0                            LAT/LON1/LON2/DLON/H
  106  103   99  103  107  117  127  140  153  165  174  180  181  179  175  170
  167  166  167  170  174  179  186  193  201  207  213  220  228  239  251  264
  276  288  299  308  315  319  320  318  312  304  294  284  274  263  252  240
  226  214  202  193  185  178  171  164  158  153  150  148  147  147  147  147
  145  143  140  133  127  120  120  114  106                                   
    32.5-180.0 180.0   5.0 450.0                            LAT/LON1/LON2/DLON/H
  111  108  103  105  107  116  127  141  155  169  181  190  194  193  189  184
  180  178  178  180  183  188  194  202  211  219  227  236  247  260  275  291
  306  320  332  342  348  351  350  346  338  328  316  304  291  278  265  251
  237  222  210  200  192  184  176  167  160  155  152  151  152  154  155  156
  154  151  147  139  133  125  126  121  111                                   
    30.0-180.0 180.0   5.0 450.0                            LAT/LON1/LON2/DLON/H
  118  114  109  109  109  117  127  140  155  170  184  196  203  205  202  197
  192  189  189  190  192  197  203  212  221  231  242  254  267  284  303  322
  341  357  370  378  382  382  378  371  362  350  336  322  307  293  278  262
  246  231  218  207  197  188  179  170  162  156  153  153  155  158  161  162
  160  156  152  144  138  131  133  128  118                                   
    27.5-180.0 180.0   5.0 450.0                            LAT/LON1/LON2/DLON/H
  127  123  117  115  114  120  129  140  154  170  185  199  210  214  214  210
  205  201  200  200  202  206  213  222  233  245  258  273  290  311  333  356
  378  395  406  412  412  408  401  392  381  368  353  337  321  305  289  272
  255  238  224  211  201  191  181  171  162  156  153  153  156  160  164  165
  163  159  155  147  142  137  141  136  127                                   
    25.0-180.0 180.0   5.0 450.0                            LAT/LON1/LON2/DLON/H
  136  132  127  123  120  125  132  142  155  170  186  202  214  222  225  222
  218  214  212  211  213  217  224  234  247  261  276  293  314  338  364  389
  411  427  436  438  434  426  416  405  394  381  366  350  332  315  297  279
  261  243  227  213  202  191  181  171  162  156  151  151  154  158  163  165
  163  160  156  150  146  143  148  145  136                                   
    22.5-180.0 180.0   5.0 450.0                            LAT/LON1/LON2/DLON/H
  144  141  136  132  128  132  137  146  158  172  188  205  220  230  236  236
  233  229  226  225  227  231  239  250  263  278  295  315  338  363  391  416
  437  451  457  454  446  434  423  411  401  389  375  359  342  323  304  285
  265  245  228  212  200  189  179  170  161  154  149  148  150  154  159  163
  162  160  156  151  149  148  153  151  144                                   
    20.0-180.0 180.0   5.0 450.0                            LAT/LON1/LON2/DLON/H
  148  148  143  140  136  139  144  152  163  176  192  209  226  240  248  251
  250  247  244  243  244  249  257  268  282  298  316  336  359  385  412  436
  454  465  466  460  448  435  423  412  404  394  383  367  350  330  310  289
  267  246  226  209  195  184  175  167  160  153  147  144  145  149  155  159
  159  158  155  152  150  150  154  155  148                                   
    17.5-180.0 180.0   5.0 450.0                            LAT/LON1/LON2/DLON/H
  148  149  146  144  141  144  150  158  169  183  198  216  234  250  261  267
  268  267  264  263  264  269  277  288  303  319  336  356  379  403  427  448
  462  469  467  457  444  431  420  413  407  400  390  376  358  337  315  292
  269  246  225  206  191  179  170  164  159  153  147  143  142  145  151  155
  156  156  153  150  149  149  151  153  148                                   
    15.0-180.0 180.0   5.0 450.0                            LAT/LON1/LON2/DLON/H
  143  146  143  143  141  145  154  163  176  191  206  224  242  260  274  282
  286  287  286  285  286  290  298  310  324  340  356  375  396  417  438  454
  464  467  462  451  438  427  419  414  411  406  398  384  366  344  321  296
  271  247  223  203  187  175  168  163  160  155  149  144  143  145  150  154
  154  153  151  147  145  144  144  147  143                                   
    12.5-180.0 180.0   5.0 450.0                            LAT/LON1/LON2/DLON/H
  133  137  135  136  137  142  153  165  181  197  213  230  249  268  284  295
  303  306  306  305  306  310  319  331  345  360  376  392  410  428  445  457
  463  462  456  445  433  424  420  418  417  414  406  392  374  351  326  300
  273  248  223  202  184  172  166  163  162  159  154  148  145  147  150  153
  152  151  147  143  139  136  134  136  133                                   
    10.0-180.0 180.0   5.0 450.0                            LAT/LON1/LON2/DLON/H
  121  125  123  126  128  134  148  163  181  199  216  234  253  272  289  304
  314  320  322  322  323  327  337  350  364  379  393  408  423  437  450  458
  460  457  449  439  430  424  423  423  424  421  412  398  378  354  328  301
  274  248  223  200  182  170  163  162  162  161  157  152  149  150  152  153
  150  147  142  137  131  126  122  124  121                                   
     7.5-180.0 180.0   5.0 450.0                            LAT/LON1/LON2/DLON/H
  109  111  110  113  116  123  139  156  177  198  216  234  252  271  290  307
  319  328  332  333  335  341  352  366  382  396  409  421  433  444  452  457
