data/edconvlstm_nd/pred2590.15i
     1.0            IONOSPHERE MAPS     GNSS                IONEX VERSION / TYPE
pyspatialgeodesy        IME             05-JAN-18 20:20     PGM / RUN BY / DATE 
Map Name                                                    COMMENT             
Predicted global ionosphere maps (GIM).                     DESCRIPTION         
  2015     9    16     0     0     0                        EPOCH OF FIRST MAP  
  2015     9    17     0     0     0                        EPOCH OF LAST MAP   
  7200                                                      INTERVAL            
    13                                                      # OF MAPS IN FILE   
  NONE                                                      MAPPING FUNCTION    
10.0                                                        ELEVATION CUTOFF    
One-way carrier phase leveled to code                       OBSERVABLES USED    
  6371.0                                                    BASE RADIUS         
 2                                                          MAP DIMENSION       
   450.0 450.0   0.0                                        HGT1 / HGT2 / DHGT  
    87.5 -87.5  -2.5                                        LAT1 / LAT2 / DLAT  
  -180.0 180.0   5.0                                        LON1 / LON2 / DLON  
    -1                                                      EXPONENT            
                                                            END OF HEADER       
[from data line 3003]
     8                                                      START OF TEC MAP    
  2015     9    16    14     0     0                        EPOCH OF CURRENT MAP
    87.5-180.0 180.0   5.0 450.0                            LAT/LON1/LON2/DLON/H
   81   92   93   97  101  101  101   97   98  101  101  102  102  103  104  104
  105  105  106  107  107  107  107  107  107  107  106  106  105  104  104  103
  102  101  100   99   98   97   97   96   95   95   95   94   94   94   94   94
   94   95   95   95   95   95   96   96   96   96   96   96   95   95   95   95
   95   96   93   89   92   90  102  100   81                                   
    85.0-180.0 180.0   5.0 450.0                            LAT/LON1/LON2/DLON/H
   87   93  106   93   94   99   99  101  102  104  104  106  106  107  108  109
  110  111  112  113  113  114  114  114  114  114  114  113  113  112  111  110
  108  107  106  104  103  102  101  100   99   99   98   98   98   97   97   97
   98   98   98   98   99   99   99   99  100   99   99   99   99   99   98   98
   99   98   93   87   88   89   96   96   87                                   
    82.5-180.0 180.0   5.0 450.0                            LAT/LON1/LON2/DLON/H
   76   84   91   84   85   91   93   94   96   98   99  101  102  103  104  106
  107  109  110  111  112  113  114  115  115  116  115  115  114  113  112  110
  108  106  104  102  101   99   98   96   95   94   93   93   93   92   92   93
   93   93   94   94   95   95   96   96   96   96   96   95   95   94   93   92
   92   91   86   81   83   90   86   84   76                                   
    80.0-180.0 180.0   5.0 450.0                            LAT/LON1/LON2/DLON/H
   65   68   76   73   73   75   78   81   84   86   88   90   91   93   95   97
   99  100  102  104  106  107  109  110  111  111  112  111  110  109  107  105
  103  100   98   96   93   91   89   88   86   85   84   83   83   82   82   83
   83   83   84   85   86   86   87   87   87   87   87   86   85   84   82   81
   80   79   75   72   70   76   76   78   65                                   
    77.5-180.0 180.0   5.0 450.0                            LAT/LON1/LON2/DLON/H
   65   63   64   62   64   67   70   73   75   77   79   81   83   85   87   90
   92   94   97   99  102  104  106  108  110  111  111  111  110  108  106  104
  101   98   95   93   90   87   85   83   81   80   79   78   77   76   76   76
   77   77   78   79   79   80   80   81   81   81   80   79   78   76   74   72
   71   68   65   63   62   62   64   68   65                                   
    75.0-180.0 180.0   5.0 450.0                            LAT/LON1/LON2/DLON/H
   53   54   53   54   57   60   62   64   67   70   71   73   75   77   79   81
   84   86   89   92   96   99  102  105  107  109  110  110  109  108  106  104
  101   98   95   92   90   87   85   83   81   79   78   76   75   74   73   73
   73   73   73   73   74   74   74   74   74   74   73   72   71   69   67   65
   63   61   59   55   56   54   55   52   53                                   
    72.5-180.0 180.0   5.0 450.0                            LAT/LON1/LON2/DLON/H
   49   50   48   51   53   56   59   60   62   64   65   67   68   70   72   74
   77   80   83   86   90   94   98  101  104  107  108  109  108  107  105  103
  101   98   95   93   91   89   87   85   83   81   80   78   76   75   73   72
   71   71   70   70   70   69   69   69   68   68   67   66   65   63   62   60
   58   56   54   50   50   50   51   52   49                                   
    70.0-180.0 180.0   5.0 450.0                            LAT/LON1/LON2/DLON/H
   47   48   48   50   52   53   54   56   58   60   61   63   64   66   67   69
   71   74   77   81   85   89   94   98  102  104  106  107  107  107  105  104
  102  100   98   96   94   93   92   90   89   87   85   83   81   79   77   75
   73   72   70   69   67   66   65   64   63   62   62   61   60   59   58   57
   55   53   52   48   49   49   53   53   47                                   
    67.5-180.0 180.0   5.0 450.0                            LAT/LON1/LON2/DLON/H
   44   47   47   49   51   53   54   56   57   59   59   62   63   65   66   68
   70   72   75   78   83   87   91   96   99  102  104  105  105  105  104  103
  102  101  100   99   98   97   96   95   94   92   90   88   86   84   81   79
   76   74   71   69   66   64   62   61   60   59   58   58   57   57   56   55
   54   52   50   47   47   48   50   50   44                                   
    65.0-180.0 180.0   5.0 450.0                            LAT/LON1/LON2/DLON/H
   42   47   46   48   49   50   51   53   55   57   58   60   62   64   66   68
   70   72   74   77   81   85   89   93   96   99  101  102  103  104  104  104
  104  104  103  102  102  101  101  100   99   98   97   94   92   90   87   84
   81   78   75   71   67   64   61   59   57   57   56   56   56   55   55   54
   53   52   51   47   48   49   52   51   42                                   
    62.5-180.0 180.0   5.0 450.0                            LAT/LON1/LON2/DLON/H
   40   44   44   45   46   46   47   48   51   53   55   59   62   65   67   69
   71   72   74   77   80   83   87   91   94   96   98   99  101  102  104  105
  106  106  106  106  105  105  104  104  103  102  101   99   96   94   92   89
   86   83   79   74   70   65   62   59   57   56   56   55   55   55   54   53
   52   50   49   46   46   46   49   49   40                                   
    60.0-180.0 180.0   5.0 450.0                            LAT/LON1/LON2/DLON/H
   37   41   40   40   40   40   41   42   44   47   50   55   59   63   67   69
   71   72   74   75   78   81   84   87   90   92   94   96   99  102  105  107
  109  110  110  109  109  108  107  107  106  105  103  101   99   98   96   94
   91   87   83   78   73   68   64   61   59   57   57   56   55   54   53   51
   49   47   46   42   43   43   46   46   37                                   
    57.5-180.0 180.0   5.0 450.0                            LAT/LON1/LON2/DLON/H
   35   38   37   37   36   35   36   37   39   42   46   51   56   62   66   70
   72   73   74   75   77   79   82   86   88   91   94   97  100  104  109  113
  115  117  117  116  115  114  113  112  111  109  108  106  104  103  102  100
   98   95   90   85   79   74   70   67   65   63   62   61   59   57   54   52
   49   46   44   40   41   40   43   44   35                                   
    55.0-180.0 180.0   5.0 450.0                            LAT/LON1/LON2/DLON/H
   35   36   36   35   33   32   33   33   35   38   41   47   53   59   65   69
   71   73   73   74   76   78   81   85   88   91   95   99  104  109  115  120
  123  125  125  124  122  121  120  118  117  115  113  111  110  109  108  107
  106  103   98   93   87   82   78   75   73   72   70   68   65   61   57   54
   50   46   44   40   40   39   41   42   35                                   
    52.5-180.0 180.0   5.0 450.0                            LAT/LON1/LON2/DLON/H
   37   37   37   37   34   32   33   33   34   36   39   44   50   57   63   68
   71   72   73   74   75   78   82   86   90   94   98  103  109  116  122  128
  131  133  133  132  131  130  129  127  126  123  121  119  117  116  116  116
  114  112  107  102   96   91   88   85   84   82   80   77   73   68   63   58
   53   48   46   42   42   41   43   43   37                                   
    50.0-180.0 180.0   5.0 450.0                            LAT/LON1/LON2/DLON/H
   41   42   42   41   38   37   37   37   37   38   40   45   50   56   62   67
   71   73   74   75   77   80   84   89   94   99  104  110  116  123  130  135
  138  140  140  140  140  140  140  138  136  134  130  128  126  125  125  125
  123  121  116  111  105  101   98   96   95   93   91   87   82   76   70   64
   59   54   52   48   48   47   48   48   41                                   
    47.5-180.0 180.0   5.0 450.0                            LAT/LON1/LON2/DLON/H
   49   49   49   50   45   45   45   45   44   45   46   49   53   58   64   69
   73   75   77   78   80   84   89   95  101  107  112  118  124  130  136  140
  143  145  146  147  149  151  152  151  149  145  141  138  135  134  134  134
  132  129  124  119  113  109  106  105  105  104  101   97   91   85   78   72
   67   62   60   57   56   56   57   56   49                                   
    45.0-180.0 180.0   5.0 450.0                            LAT/LON1/LON2/DLON/H
   57   59   58   60   55   56   56   56   55   56   56   58   61   65   69   74
   78   81   83   85   87   91   96  103  109  116  121  127  131  136  140  143
  146  149  151  154  158  162  164  164  162  158  153  149  146  144  144  143
  141  137  131  125  119  114  112  112  112  112  110  106  100   94   87   81
   76   72   71   68   67   67   67   65   57                                   
    42.5-180.0 180.0   5.0 450.0                            LAT/LON1/LON2/DLON/H
   65   68   67   69   65   66   66   67   67   69   69   71   73   76   79   83
   86   90   92   94   97  100  106  112  119  126  131  135  138  141  143  147
  150  153  158  163  169  175  178  178  176  171  165  160  156  154  153  151
  148  143  136  128  122  117  115  115  116  116  115  112  108  102   96   91
   86   83   81   78   77   77   77   74   65                                   
    40.0-180.0 180.0   5.0 450.0                            LAT/LON1/LON2/DLON/H
   71   74   73   76   73   74   74   76   78   81   83   86   87   89   92   95
   99  102  105  106  108  111  116  123  130  136  140  143  144  146  149  152
  157  162  169  176  184  190  194  194  190  184  177  171  168  165  163  160
  155  148  139  130  122  117  114  114  116  117  117  115  112  108  103   98
   95   91   90   87   85   85   85   81   71                                   
    37.5-180.0 180.0   5.0 450.0                            LAT/LON1/LON2/DLON/H
   73   77   75   78   76   76   78   81   85   90   95   99  102  104  106  109
  113  116  119  120  122  124  128  134  140  146  150  152  152  154  158  164
  172  180  188  197  204  210  213  211  206  198  190  184  180  177  174  170
  163  154  143  131  122  115  112  111  112  114  116  116  114  111  107  104
  100   97   96   93   90   89   88   84   73                                   
    35.0-180.0 180.0   5.0 450.0                            LAT/LON1/LON2/DLON/H
   73   76   73   76   74   74   76   81   87   94  102  109  113  117  120  124
  128  131  134  135  135  136  139  145  151  157  161  162  164  168  175  185
  196  207  217  226  232  236  236  232  224  215  207  200  196  193  188  182
  173  161  147  134  122  113  109  107  108  110  113  114  114  112  109  106
  103  100   99   95   92   89   87   84   73                                   
    32.5-180.0 180.0   5.0 450.0                            LAT/LON1/LON2/DLON/H
   71   73   70   71   69   68   70   75   83   93  103  113  121  127  132  137
  141  145  147  148  148  148  151  156  163  169  173  176  180  188  200  215
  231  245  255  263  267  268  265  257  247  237  228  221  217  212  206  198
  186  171  154  138  124  113  107  104  104  106  109  112  113  112  110  107
  104  101   99   95   91   88   85   82   71                                   
    30.0-180.0 180.0   5.0 450.0                            LAT/LON1/LON2/DLON/H
   68   70   67   66   63   62   63   68   76   86   99  111  122  131  139  146
  151  155  158  159  159  159  162  168  175  182  188  194  202  214  232  253
  273  290  300  306  306  303  297  287  275  263  254  248  243  237  229  218
  203  185  165  146  129  117  108  104  103  105  108  111  113  113  110  107
  103  100   98   95   91   88   84   80   68                                   
    27.5-180.0 180.0   5.0 450.0                            LAT/LON1/LON2/DLON/H
   67   69   65   62   59   57   57   60   67   78   91  105  119  131  141  150
  157  162  165  167  167  169  174  181  189  198  207  216  228  246  270  296
  320  338  348  351  347  340  330  319  306  294  286  280  275  268  257  243
  224  202  179  157  138  124  114  109  107  108  111  114  115  114  111  108
  103  101   99   95   93   89   86   81   67                                   
    25.0-180.0 180.0   5.0 450.0                            LAT/LON1/LON2/DLON/H
   68   72   68   63   58   55   54   55   60   69   81   96  111  126  139  150
  159  165  169  172  175  179  185  195  206  217  228  241  258  281  310  340
  367  386  394  393  386  375  363  350  338  328  320  315  310  302  288  270
  248  223  197  172  151  136  126  120  118  117  119  121  121  119  115  110
  105  103  101   99   98   95   91   85   68                                   
    22.5-180.0 180.0   5.0 450.0                            LAT/LON1/LON2/DLON/H
   74   78   73   66   61   57   54   53   57   63   74   87  103  119  135  147
  158  165  171  176  181  188  198  210  223  237  252  268  289  316  348  380
  408  425  431  427  416  403  391  379  369  361  355  351  346  336  320  298
  272  244  216  190  168  153  143  138  135  133  133  132  130  126  120  115
  110  108  107  105  106  104   99   92   74                                   
    20.0-180.0 180.0   5.0 450.0                            LAT/LON1/LON2/DLON/H
   82   87   82   73   66   61   59   56   57   62   69   81   96  113  130  144
  155  164  172  179  187  198  211  226  243  259  276  296  319  348  381  412
  438  453  456  449  436  423  411  402  395  390  387  384  379  367  349  324
  296  266  236  210  189  175  166  161  158  155  152  149  144  136  129  122
  117  116  115  115  117  115  109  101   82                                   
    17.5-180.0 180.0   5.0 450.0                            LAT/LON1/LON2/DLON/H
   92   97   91   81   73   68   65   62   62   64   69   79   93  110  127  142
  154  164  173  183  194  208  224  243  262  281  300  321  346  375  405  434
  456  467  466  458  445  433  425  420  416  415  413  411  405  393  373  346
  316  286  257  232  213  201  193  189  186  181  176  169  160  149  140  132
  127  126  125  126  128  125  118  111   92                                   
    15.0-180.0 180.0   5.0 450.0                            LAT/LON1/LON2/DLON/H
  100  106   99   89   80   74   73   69   68   69   72   80   93  110  127  143
  156  167  178  189  202  218  238  259  281  302  323  344  368  395  422  445
  462  469  466  457  446  438  434  432  433  433  432  430  424  411  390  362
  332  302  276  253  237  226  221  218  214  208  200  189  177  163  152  144
  138  137  136  136  138  133  126  118  100                                   
    12.5-180.0 180.0   5.0 450.0                            LAT/LON1/LON2/DLON/H
  107  111  103   94   86   80   80   76   76   76   78   85   98  114  132  148
  162  174  185  198  212  230  252  275  298  321  342  363  386  409  431  448
  460  463  460  452  444  440  440  442  444  445  444  441  433  420  398  371
  342  315  290  271  256  248  245  242  238  231  220  206  191  177  165  156
  150  149  146  145  144  137  129  121  107                                   
    10.0-180.0 180.0   5.0 450.0                            LAT/LON1/LON2/DLON/H
  110  111  104   97   89   84   84   82   82   83   85   92  104  120  138  155
  170  183  196  209  224  242  265  289  314  337  358  378  399  418  435  448
  454  455  452  447  443  442  445  448  451  450  447  442  433  419  399  374
  347  321  299  281  269  262  260  258  254  245  233  218  202  187  175  167
  161  158  154  151  148  138  129  121  110                                   
     7.5-180.0 180.0   5.0 450.0                            LAT/LON1/LON2/DLON/H
  110  109  101   96   89   85   86   85   86   88   90   98  111  128  146  164
  180  194  207  221  236  254  276  301  327  350  371  390  408  425  438  446
