data/edconvlstm_nd/pred2330.15i
     1.0            IONOSPHERE MAPS     GNSS                IONEX VERSION / TYPE
pyspatialgeodesy        IME             05-JAN-18 20:20     PGM / RUN BY / DATE 
Map Name                                                    COMMENT             
Predicted global ionosphere maps (GIM).                     DESCRIPTION         
  2015     8    21     0     0     0                        EPOCH OF FIRST MAP  
  2015     8    22     0     0     0                        EPOCH OF LAST MAP   
  7200                                                      INTERVAL            
    13                                                      # OF MAPS IN FILE   
  NONE                                                      MAPPING FUNCTION    
10.0                                                        ELEVATION CUTOFF    
One-way carrier phase leveled to code                       OBSERVABLES USED    
  6371.0                                                    BASE RADIUS         
 2                                                          MAP DIMENSION       
   450.0 450.0   0.0                                        HGT1 / HGT2 / DHGT  
    87.5 -87.5  -2.5                                        LAT1 / LAT2 / DLAT  
  -180.0 180.0   5.0                                        LON1 / LON2 / DLON  
    -1                                                      EXPONENT            
                                                            END OF HEADER       
[from data line 4719]
    12                                                      START OF TEC MAP    
  2015     8    21    22     0     0                        EPOCH OF CURRENT MAP
    87.5-180.0 180.0   5.0 450.0                            LAT/LON1/LON2/DLON/H
  131  119  105  112  114  111  110  108  107  109  108  108  108  108  108  108
  108  108  107  107  107  106  105  104  104  103  102  101  100   99   98   98
   97   96   95   95   94   94   93   93   93   93   93   93   93   93   93   93
   93   93   94   94   94   94   94   95   95   95   96   96   96   97   97   98
   98   99   98   98  110  109  123  127  131                                   
    85.0-180.0 180.0   5.0 450.0                            LAT/LON1/LON2/DLON/H
  130  124  128  118  115  119  118  119  119  120  119  120  120  120  120  120
  120  119  119  118  118  117  116  115  114  112  111  110  109  108  106  105
  104  103  102  101  100   99   99   98   98   98   98   98   98   98   98   99
   99   99  100  100  100  100  101  101  102  102  102  103  104  104  105  106
  107  108  106  105  109  110  112  113  130                                   
    82.5-180.0 180.0   5.0 450.0                            LAT/LON1/LON2/DLON/H
  110  110  112  109  109  112  115  114  114  115  115  116  115  116  116  116
  116  116  115  115  114  113  112  110  109  107  106  104  102  101   99   98
   96   95   93   92   91   90   89   89   89   89   89   89   90   90   91   91
   92   92   92   93   93   93   93   93   94   94   94   95   96   96   97   97
   98   98   98  101  106  117  109  110  110                                   
    80.0-180.0 180.0   5.0 450.0                            LAT/LON1/LON2/DLON/H
   99  102  108  105  105  104  111  113  114  116  116  118  118  119  119  119
  119  119  118  117  116  114  112  110  108  106  103  101   99   97   94   92
   91   89   87   86   84   83   82   82   82   82   83   84   85   86   87   87
   88   88   89   89   89   88   88   88   88   89   89   90   90   91   93   93
   95   96   96   98   98  102   99  107   99                                   
    77.5-180.0 180.0   5.0 450.0                            LAT/LON1/LON2/DLON/H
  103   99  105  102  107  107  112  114  115  117  118  120  121  122  123  124
  124  124  123  122  121  119  116  114  111  108  104  102   99   96   94   92
   90   88   86   84   83   82   81   81   81   81   82   84   85   87   88   89
   89   90   90   89   88   88   87   86   86   86   86   87   88   88   90   91
   92   93   94   96   99   99  100  113  103                                   
    75.0-180.0 180.0   5.0 450.0                            LAT/LON1/LON2/DLON/H
  101   97  100   98  102  106  109  112  115  118  120  122  124  126  127  128
  129  129  128  127  125  122  119  116  112  108  104  101   98   95   93   91
   89   87   86   84   83   81   80   80   80   81   82   84   86   88   89   90
   91   91   90   89   88   86   85   84   83   83   84   85   86   87   89   91
   92   94   95   94   94   93   92   95  101                                   
    72.5-180.0 180.0   5.0 450.0                            LAT/LON1/LON2/DLON/H
   99   93   95  100  100  103  108  110  112  116  118  121  124  126  128  130
  131  131  131  129  126  123  118  114  108  103   99   95   91   89   87   85
   84   82   81   80   78   77   76   75   75   76   77   79   81   83   85   86
   86   86   85   83   81   79   77   76   75   75   76   77   79   81   83   85
   86   87   88   86   85   85   86   95   99                                   
    70.0-180.0 180.0   5.0 450.0                            LAT/LON1/LON2/DLON/H
   98   91   91   94   95   98  102  105  109  113  117  121  124  127  130  132
  133  133  133  131  127  123  117  111  105   99   93   89   85   83   82   81
   80   79   78   77   75   74   72   71   71   71   72   74   76   78   80   81
   81   80   78   76   73   71   69   68   67   68   70   72   75   78   81   83
   84   85   86   85   84   84   86   94   98                                   
    67.5-180.0 180.0   5.0 450.0                            LAT/LON1/LON2/DLON/H
  101   94   93   98   98  101  105  109  113  116  121  126  130  134  137  139
  141  141  140  137  133  127  121  113  105   98   91   86   83   81   80   79
   79   79   78   76   74   72   70   68   67   67   68   70   71   73   75   75
   75   74   72   70   67   64   63   62   63   64   67   71   74   78   82   84
   85   86   86   84   82   83   83   91  101                                   
    65.0-180.0 180.0   5.0 450.0                            LAT/LON1/LON2/DLON/H
  102   96   95   99   98  100  104  107  112  116  121  126  131  135  139  142
  143  144  142  139  135  129  121  112  104   95   89   83   80   78   77   77
   77   77   76   74   71   69   66   64   62   61   62   63   64   65   66   66
   65   64   62   59   57   54   53   53   55   58   62   67   72   76   80   83
   84   85   86   85   84   86   88   96  102                                   
    62.5-180.0 180.0   5.0 450.0                            LAT/LON1/LON2/DLON/H
  107  102  101  104  104  105  107  110  113  117  122  127  133  138  142  145
  147  147  146  143  138  132  124  115  105   97   90   84   81   79   78   78
   77   76   74   72   69   66   63   60   58   57   57   57   58   58   58   58
   57   55   52   50   48   46   46   47   50   54   59   65   70   75   79   82
   83   84   85   84   84   87   89   96  107                                   
    60.0-180.0 180.0   5.0 450.0                            LAT/LON1/LON2/DLON/H
  113  109  109  111  110  109  111  112  115  118  122  127  133  138  142  145
  147  148  147  144  140  134  126  118  109  100   94   89   86   84   83   81
   80   77   75   72   69   66   62   59   57   55   54   54   54   53   53   51
   49   47   45   42   41   40   41   43   47   51   57   63   69   74   78   80
   81   83   84   84   85   91   95  102  113                                   
    57.5-180.0 180.0   5.0 450.0                            LAT/LON1/LON2/DLON/H
  119  118  118  120  119  117  117  117  118  119  122  126  131  136  140  143
  146  146  146  144  141  136  130  122  114  107  101   97   94   92   90   87
   84   80   77   74   71   68   65   62   59   57   55   54   53   52   50   48
   46   43   40   39   37   37   39   42   46   51   57   63   68   73   76   78
   79   81   83   84   86   94   99  105  119                                   
    55.0-180.0 180.0   5.0 450.0                            LAT/LON1/LON2/DLON/H
  126  127  128  131  129  127  126  124  123  122  123  125  129  133  137  140
  142  143  143  142  140  137  133  127  121  115  110  107  105  102   99   95
   90   85   81   77   75   72   70   67   64   62   60   58   56   54   52   49
   46   43   40   38   38   38   40   43   48   53   59   64   69   72   75   77
   78   80   82   84   87   97  104  109  126                                   
    52.5-180.0 180.0   5.0 450.0                            LAT/LON1/LON2/DLON/H
  132  135  137  140  140  138  136  134  131  127  125  125  127  130  133  135
  137  138  138  138  138  137  135  131  127  123  120  118  116  113  109  103
   96   90   86   83   81   79   77   75   72   70   67   65   62   60   56   53
   49   46   43   42   41   42   44   47   52   57   62   66   70   73   75   77
   78   80   83   85   89  100  107  112  132                                   
    50.0-180.0 180.0   5.0 450.0                            LAT/LON1/LON2/DLON/H
  138  141  145  149  150  149  148  145  141  135  131  128  128  129  130  132
  133  133  134  135  136  137  137  136  134  132  130  128  126  123  118  111
  103   97   92   90   89   89   87   85   83   80   77   74   71   68   64   60
   56   53   50   48   47   47   49   53   57   61   66   70   73   76   78   80
   81   83   86   89   92  102  109  114  138                                   
    47.5-180.0 180.0   5.0 450.0                            LAT/LON1/LON2/DLON/H
  141  145  150  155  157  159  160  158  153  146  140  135  132  131  131  131
  131  131  132  133  136  138  140  141  141  139  138  137  135  132  126  118
  110  103   99   98   98   99   98   96   94   91   88   85   81   78   74   69
   65   61   58   56   54   55   56   59   63   67   72   76   79   81   83   85
   87   90   93   95   97  105  111  115  141                                   
    45.0-180.0 180.0   5.0 450.0                            LAT/LON1/LON2/DLON/H
  144  146  152  158  162  167  169  169  165  159  152  146  141  137  135  133
  132  132  132  134  137  141  144  147  147  147  146  144  142  138  132  125
  117  111  108  107  108  109  109  107  105  102   99   96   92   88   84   79
   75   71   67   64   63   62   63   65   69   74   78   82   86   88   91   94
   97  100  103  103  104  108  113  117  144                                   
    42.5-180.0 180.0   5.0 450.0                            LAT/LON1/LON2/DLON/H
  145  146  152  160  165  172  176  179  177  172  166  159  153  148  144  140
  138  136  136  137  140  145  149  153  155  154  153  151  148  144  138  131
  124  119  116  116  117  118  117  116  114  112  109  106  102   98   93   89
   84   80   76   73   70   69   69   71   75   80   85   90   94   98  101  105
  108  112  114  113  112  113  116  119  145                                   
    40.0-180.0 180.0   5.0 450.0                            LAT/LON1/LON2/DLON/H
  147  146  153  160  167  174  181  186  186  184  179  173  168  162  156  151
  146  144  143  143  146  151  156  160  162  162  160  157  154  149  144  138
  132  127  125  125  125  125  124  123  122  121  118  115  111  106  101   96
   91   87   83   79   76   74   74   76   80   85   92   97  103  107  112  116
  120  124  125  123  120  118  119  123  147                                   
    37.5-180.0 180.0   5.0 450.0                            LAT/LON1/LON2/DLON/H
  151  150  156  163  169  176  184  190  193  193  191  187  183  176  170  163
  158  154  152  152  154  158  163  168  171  171  169  165  161  156  151  146
  140  136  133  132  130  129  128  127  127  127  126  123  118  112  106  101
   96   92   87   83   79   77   77   79   83   89   96  104  110  115  121  126
  130  134  135  132  128  125  125  129  151                                   
    35.0-180.0 180.0   5.0 450.0                            LAT/LON1/LON2/DLON/H
  158  158  164  169  175  180  188  195  199  202  202  201  197  192  185  177
  171  166  163  162  163  166  171  177  181  181  179  175  170  165  161  155
  150  145  140  137  134  131  129  130  131  132  131  127  122  115  109  104
   98   94   89   85   81   78   78   80   84   91   99  107  115  121  127  132
  137  141  143  140  136  132  132  136  158                                   
    32.5-180.0 180.0   5.0 450.0                            LAT/LON1/LON2/DLON/H
  170  172  178  181  185  188  195  201  206  210  212  213  212  207  201  193
  186  180  176  173  172  175  179  185  190  192  190  186  181  176  171  165
  159  153  146  140  135  131  129  130  132  134  133  129  123  116  109  103
   98   93   88   84   80   78   77   79   83   90   99  108  117  124  130  136
  140  145  148  145  142  140  141  145  170                                   
    30.0-180.0 180.0   5.0 450.0                            LAT/LON1/LON2/DLON/H
  186  191  197  199  202  202  207  211  215  220  224  227  228  224  218  211
  203  197  191  187  184  184  188  194  200  202  201  198  193  188  182  176
  168  159  150  142  135  130  128  129  132  133  132  127  120  113  106  101
   96   91   86   82   79   76   75   77   80   87   96  106  115  123  130  136
  141  146  150  150  149  149  152  156  186                                   
    27.5-180.0 180.0   5.0 450.0                            LAT/LON1/LON2/DLON/H
  205  213  220  221  223  223  225  226  230  234  238  243  245  244  239  232
  224  216  209  202  197  195  198  203  208  211  211  208  203  198  192  184
  175  165  154  143  135  129  127  128  130  131  128  122  115  108  102   97
   93   88   84   80   76   74   72   73   76   82   90  101  112  121  129  135
  140  147  153  154  155  158  164  168  205                                   
    25.0-180.0 180.0   5.0 450.0                            LAT/LON1/LON2/DLON/H
  225  236  245  245  249  248  248  248  250  252  257  262  266  266  263  257
  249  240  231  221  214  209  208  211  216  218  218  215  211  206  199  191
  180  169  157  146  136  130  127  127  128  126  122  114  107  100   96   92
   89   85   81   77   73   70   68   68   70   75   83   94  106  118  127  135
  141  149  156  159  163  169  178  182  225                                   
    22.5-180.0 180.0   5.0 450.0                            LAT/LON1/LON2/DLON/H
  244  257  268  269  275  276  276  275  275  276  280  284  289  292  291  286
  278  268  256  244  233  225  221  221  223  224  223  219  215  209  202  194
  184  172  161  150  141  134  130  128  126  121  114  106   98   93   89   87
   85   82   78   74   70   67   64   63   63   67   75   87  101  115  127  137
  145  154  162  167  173  181  193  197  244                                   
    20.0-180.0 180.0   5.0 450.0                            LAT/LON1/LON2/DLON/H
  261  275  288  291  300  304  305  304  303  304  306  310  316  320  321  317
  309  298  285  270  256  244  236  232  229  227  224  220  214  209  202  194
  185  176  166  157  148  141  136  131  125  116  107   97   90   86   84   83
   82   79   75   71   68   64   60   58   57   60   68   81   96  113  128  142
  151  163  172  178  186  195  208  214  261                                   
    17.5-180.0 180.0   5.0 450.0                            LAT/LON1/LON2/DLON/H
  274  288  304  308  321  328  332  332  332  332  333  337  343  348  351  349
  342  330  315  298  281  266  253  244  236  230  223  217  211  205  199  193
  186  179  172  165  158  151  144  135  125  113  102   91   84   81   80   80
   79   77   74   70   66   61   57   54   52   55   62   75   93  113  132  149
  162  175  187  194  202  212  226  232  274                                   
    15.0-180.0 180.0   5.0 450.0                            LAT/LON1/LON2/DLON/H
  284  299  316  322  337  347  353  355  356  357  359  363  369  375  380  379
  373  361  345  326  307  289  272  257  244  232  222  213  206  200  195  190
  186  182  179  174  169  162  153  141  127  113   99   89   82   79   78   78
   78   76   73   69   65   60   56   52   50   51   59   72   91  114  137  158
  174  191  204  212  220  232  247  253  284                                   
    12.5-180.0 180.0   5.0 450.0                            LAT/LON1/LON2/DLON/H
  294  310  328  333  350  361  369  372  375  377  379  383  389  396  402  404
  399  387  371  351  331  310  290  270  252  235  220  209  200  194  190  188
  186  185  184  183  179  172  161  146  130  114  100   90   84   80   78   77
   76   75   72   69   65   61   56   52   49   50   57   70   90  115  142  167
  187  207  223  232  240  254  269  275  294                                   
    10.0-180.0 180.0   5.0 450.0                            LAT/LON1/LON2/DLON/H
  306  323  340  343  361  371  380  383  387  390  393  397  403  410  417  420
  417  406  390  370  350  328  306  283  260  239  220  206  196  189  186  185
  185  187  188  187  184  177  165  149  132  116  103   94   87   82   79   77
   75   73   71   69   66   62   58   54   51   51   57   70   90  116  145  173
  197  220  239  250  260  276  293  299  306                                   
     7.5-180.0 180.0   5.0 450.0                            LAT/LON1/LON2/DLON/H
  321  339  355  356  372  379  388  389  393  397  400  404  409  415  422  426
  424  415  400  382  362  341  318  293  268  243  222  205  193  186  183  182
