data/edconvlstm_nd/pred1990.15i
     1.0            IONOSPHERE MAPS     GNSS                IONEX VERSION / TYPE
pyspatialgeodesy        IME             05-JAN-18 20:20     PGM / RUN BY / DATE 
Map Name                                                    COMMENT             
Predicted global ionosphere maps (GIM).                     DESCRIPTION         
  2015     7    18     0     0     0                        EPOCH OF FIRST MAP  
  2015     7    19     0     0     0                        EPOCH OF LAST MAP   
  7200                                                      INTERVAL            
    13                                                      # OF MAPS IN FILE   
  NONE                                                      MAPPING FUNCTION    
10.0                                                        ELEVATION CUTOFF    
One-way carrier phase leveled to code                       OBSERVABLES USED    
  6371.0                                                    BASE RADIUS         
 2                                                          MAP DIMENSION       
   450.0 450.0   0.0                                        HGT1 / HGT2 / DHGT  
    87.5 -87.5  -2.5                                        LAT1 / LAT2 / DLAT  
  -180.0 180.0   5.0                                        LON1 / LON2 / DLON  
    -1                                                      EXPONENT            
                                                            END OF HEADER       
[from data line 4719]
    12                                                      START OF TEC MAP    
  2015     7    18    22     0     0                        EPOCH OF CURRENT MAP
    87.5-180.0 180.0   5.0 450.0                            LAT/LON1/LON2/DLON/H
  173  160  145  152  153  151  151  150  149  150  149  149  149  149  148  148
  147  147  146  145  144  142  141  139  138  136  135  133  132  130  129  128
  127  126  125  125  125  124  124  124  125  125  126  126  127  128  128  129
  130  130  131  131  132  133  133  133  134  134  135  136  136  137  138  138
  138  139  140  141  154  153  159  163  173                                   
    85.0-180.0 180.0   5.0 450.0                            LAT/LON1/LON2/DLON/H
  170  168  170  163  160  163  163  164  163  164  163  164  163  163  162  162
  161  160  159  158  156  155  153  151  149  147  144  142  140  138  136  135
  133  132  131  131  130  130  130  131  131  132  133  134  135  136  137  138
  139  139  140  141  142  142  143  143  144  145  145  146  147  148  149  149
  151  152  152  152  158  152  153  156  170                                   
    82.5-180.0 180.0   5.0 450.0                            LAT/LON1/LON2/DLON/H
  153  157  158  155  155  159  161  161  160  161  161  161  161  161  161  160
  159  158  157  156  154  151  149  146  142  139  136  133  129  127  124  122
  120  118  117  117  117  117  117  118  119  120  122  123  125  127  128  130
  131  132  133  134  134  135  135  135  135  136  136  137  137  138  139  140
  141  142  143  149  152  160  153  151  153                                   
    80.0-180.0 180.0   5.0 450.0                            LAT/LON1/LON2/DLON/H
  145  150  154  151  150  151  155  158  158  160  160  161  161  161  161  161
  161  160  159  158  156  153  150  146  142  137  133  128  124  121  117  114
  112  111  109  109  109  109  110  111  113  115  117  119  121  123  125  127
  128  130  130  131  131  131  130  130  130  129  129  130  130  131  132  134
  136  137  138  141  143  142  141  147  145                                   
    77.5-180.0 180.0   5.0 450.0                            LAT/LON1/LON2/DLON/H
  147  142  149  146  149  151  153  156  156  158  158  159  160  161  162  163
  163  164  163  163  161  158  155  151  146  141  135  130  125  121  117  114
  112  111  110  110  110  110  111  113  114  116  119  121  124  126  128  130
  132  133  133  133  133  131  130  129  128  127  126  126  126  126  128  129
  130  132  133  136  141  137  142  153  147                                   
    75.0-180.0 180.0   5.0 450.0                            LAT/LON1/LON2/DLON/H
  143  139  142  138  141  145  146  149  151  153  153  155  156  158  159  161
  162  164  165  165  164  162  159  155  150  144  138  133  128  123  120  117
  116  115  114  114  114  114  115  116  117  118  120  122  124  126  128  130
  131  132  132  131  130  128  126  124  123  121  120  120  120  121  123  125
  126  128  130  129  133  128  133  134  143                                   
    72.5-180.0 180.0   5.0 450.0                            LAT/LON1/LON2/DLON/H
  139  133  137  139  138  142  145  147  147  149  150  151  152  154  156  159
  161  164  166  167  167  166  163  159  154  148  141  135  130  126  123  121
  120  119  119  119  119  119  118  118  118  118  119  121  123  125  127  128
  130  130  130  129  128  126  123  121  119  118  117  117  118  119  121  122
  123  125  127  125  127  124  129  137  139                                   
    70.0-180.0 180.0   5.0 450.0                            LAT/LON1/LON2/DLON/H
  138  132  133  134  133  137  139  142  143  146  146  147  148  150  152  155
  159  162  165  167  167  167  164  160  155  148  142  136  132  128  126  125
  125  125  125  124  123  122  120  118  116  115  115  115  116  118  119  120
  121  122  122  121  120  118  117  115  114  114  114  114  116  117  120  122
  123  125  127  126  128  125  130  136  138                                   
    67.5-180.0 180.0   5.0 450.0                            LAT/LON1/LON2/DLON/H
  142  135  137  139  138  141  144  147  148  150  150  152  153  154  157  160
  163  167  170  172  174  173  171  166  161  154  148  142  138  135  134  133
  134  134  134  133  131  128  124  121  117  115  113  113  113  114  115  117
  118  118  118  118  118  117  117  117  117  118  119  121  123  125  128  131
  132  133  134  131  132  128  131  138  142                                   
    65.0-180.0 180.0   5.0 450.0                            LAT/LON1/LON2/DLON/H
  144  137  138  139  138  141  143  146  148  151  151  153  154  155  157  160
  163  167  170  172  174  173  171  167  161  155  149  144  141  139  138  139
  139  139  138  136  133  128  123  118  113  109  106  105  104  105  106  106
  107  107  108  108  109  110  111  113  115  118  121  124  127  129  132  135
  136  138  139  137  138  133  138  145  144                                   
    62.5-180.0 180.0   5.0 450.0                            LAT/LON1/LON2/DLON/H
  149  142  143  143  142  144  146  149  151  153  154  156  157  159  161  163
  166  169  172  174  175  174  172  168  163  157  152  148  146  145  145  145
  145  144  141  138  133  127  121  114  109  104  101   99   98   99   99   99
   99   99   99  100  102  104  108  112  117  122  126  130  133  136  139  141
  142  143  143  141  141  137  141  148  149                                   
    60.0-180.0 180.0   5.0 450.0                            LAT/LON1/LON2/DLON/H
  154  147  148  147  145  145  147  149  151  154  155  158  160  161  163  166
  168  170  172  174  174  173  171  167  163  159  155  153  152  152  152  152
  150  148  144  138  132  125  118  112  106  101   98   96   95   95   94   93
   92   91   91   92   94   99  104  111  118  125  130  135  139  142  144  146
  146  146  146  143  145  141  147  154  154                                   
    57.5-180.0 180.0   5.0 450.0                            LAT/LON1/LON2/DLON/H
  159  153  154  153  149  149  149  150  151  154  155  158  160  163  165  167
  169  170  172  172  173  172  170  167  164  161  159  159  159  160  160  158
  155  151  145  138  131  124  117  110  105  100   98   96   95   95   93   91
   89   87   85   86   89   94  101  110  119  127  134  140  143  146  148  149
  148  148  148  145  146  144  151  159  159                                   
    55.0-180.0 180.0   5.0 450.0                            LAT/LON1/LON2/DLON/H
  167  162  163  161  156  154  153  152  152  154  155  158  160  163  165  167
  169  170  170  171  170  170  168  167  165  164  164  165  167  168  168  166
  161  154  146  138  131  124  117  112  107  103  101  100   99   98   96   93
   89   85   82   82   85   90   99  109  120  129  137  143  147  149  150  151
  150  150  149  146  148  147  156  164  167                                   
    52.5-180.0 180.0   5.0 450.0                            LAT/LON1/LON2/DLON/H
  175  172  173  170  165  163  159  157  155  155  155  157  160  162  165  166
  168  168  168  168  168  167  167  166  166  167  169  171  174  176  175  171
  165  156  147  139  131  125  120  115  111  107  105  105  104  103  100   96
   91   86   82   81   83   88   97  108  119  130  139  145  149  151  153  154
  153  153  152  149  151  151  161  169  175                                   
    50.0-180.0 180.0   5.0 450.0                            LAT/LON1/LON2/DLON/H
  185  183  183  181  177  174  169  166  162  160  158  159  160  162  164  166
  167  167  167  167  167  167  167  167  168  170  172  176  179  181  180  176
  168  158  148  140  133  128  124  119  116  112  110  110  109  108  106  102
   96   90   85   83   84   88   96  107  119  130  140  147  152  155  157  159
  159  159  159  155  157  158  167  175  185                                   
    47.5-180.0 180.0   5.0 450.0                            LAT/LON1/LON2/DLON/H
  195  193  194  192  188  187  181  177  172  168  164  163  163  163  165  166
  166  167  167  167  167  167  168  168  170  172  175  179  182  184  183  178
  169  159  150  142  136  133  129  125  121  117  115  114  113  113  111  107
  102   96   91   87   87   90   97  107  119  131  141  149  155  160  164  167
  169  170  170  166  167  167  175  182  195                                   
    45.0-180.0 180.0   5.0 450.0                            LAT/LON1/LON2/DLON/H
  204  201  202  201  199  199  194  190  183  179  173  170  168  167  167  168
  168  168  168  169  170  170  171  171  172  174  177  180  183  185  183  178
  170  161  152  146  142  139  136  132  127  122  118  117  116  116  116  113
  109  103   98   94   92   94  100  108  120  132  143  153  160  167  173  179
  182  185  185  181  180  178  185  191  204                                   
    42.5-180.0 180.0   5.0 450.0                            LAT/LON1/LON2/DLON/H
  211  207  207  208  207  208  204  200  195  189  183  179  176  174  172  172
  172  172  173  174  175  176  176  176  176  177  179  181  183  184  182  178
  171  163  156  152  149  147  144  139  133  127  122  120  119  120  120  119
  116  111  106  102   99  100  103  111  121  134  146  157  166  175  184  192
  197  201  203  198  195  191  195  200  211                                   
    40.0-180.0 180.0   5.0 450.0                            LAT/LON1/LON2/DLON/H
  216  211  210  211  212  213  211  208  204  199  194  189  185  182  180  178
  178  178  180  181  183  184  184  183  183  183  183  184  184  184  182  179
  174  168  163  160  158  157  154  148  141  134  128  124  124  124  125  125
  123  119  114  110  107  106  108  114  124  136  148  161  172  183  194  204
  212  218  220  215  211  205  206  211  216                                   
    37.5-180.0 180.0   5.0 450.0                            LAT/LON1/LON2/DLON/H
  221  216  213  214  215  216  215  214  211  208  204  201  197  193  189  187
  186  186  188  191  193  194  194  194  193  191  190  190  189  188  186  183
  179  175  173  171  170  169  165  159  151  143  136  132  130  131  132  132
  130  127  122  117  114  112  113  118  126  138  151  164  177  189  202  214
  224  231  235  231  226  220  219  223  221                                   
    35.0-180.0 180.0   5.0 450.0                            LAT/LON1/LON2/DLON/H
  229  223  221  220  221  220  219  218  218  217  215  213  209  205  201  197
  196  197  199  202  205  207  208  207  206  204  203  200  198  195  193  191
  188  186  185  184  183  181  177  170  162  153  146  142  139  139  139  139
  136  132  128  123  119  117  117  121  128  139  152  166  179  193  207  221
  232  241  246  243  239  233  233  237  229                                   
    32.5-180.0 180.0   5.0 450.0                            LAT/LON1/LON2/DLON/H
  242  238  236  233  233  230  228  226  227  228  228  227  224  220  215  210
  208  209  212  216  220  222  223  223  223  221  219  216  212  208  205  203
  201  200  199  198  196  192  187  180  172  165  158  153  150  148  147  144
  141  136  130  126  122  120  119  122  128  138  150  164  179  193  209  224
  236  247  254  253  250  246  248  252  242                                   
    30.0-180.0 180.0   5.0 450.0                            LAT/LON1/LON2/DLON/H
  262  261  260  255  254  249  245  242  243  245  246  246  243  238  232  227
  224  224  227  232  236  239  241  242  242  241  239  235  230  225  221  218
  216  215  213  210  205  199  192  186  179  173  167  162  158  155  151  147
  142  135  129  125  121  120  119  121  126  134  146  160  174  190  207  223
  237  250  258  260  259  258  265  268  262                                   
    27.5-180.0 180.0   5.0 450.0                            LAT/LON1/LON2/DLON/H
  288  291  293  286  285  278  273  268  268  269  270  270  267  261  254  248
  243  243  245  250  255  259  261  262  263  262  260  256  250  244  238  234
  231  228  223  216  207  198  191  185  180  176  172  167  162  157  151  145
  138  131  124  120  118  117  116  117  121  128  139  152  168  185  203  222
  237  252  262  265  268  270  281  284  288                                   
    25.0-180.0 180.0   5.0 450.0                            LAT/LON1/LON2/DLON/H
  317  325  329  324  323  317  311  304  303  302  302  300  296  289  281  274
  268  266  268  272  276  280  282  283  283  282  280  276  269  261  253  247
  241  234  225  212  199  188  180  176  174  172  169  165  159  152  145  138
  130  122  116  112  111  111  111  111  114  120  129  143  159  178  199  220
  237  254  266  271  275  281  296  300  317                                   
    22.5-180.0 180.0   5.0 450.0                            LAT/LON1/LON2/DLON/H
  345  357  363  361  363  360  355  347  344  342  339  336  330  322  314  305
  298  294  294  297  300  302  304  303  302  300  297  291  283  273  263  253
  243  231  216  199  183  170  162  160  160  161  160  155  149  141  134  126
  118  110  105  102  102  103  103  103  105  110  119  132  150  171  195  219
  239  258  270  276  283  290  308  313  345                                   
    20.0-180.0 180.0   5.0 450.0                            LAT/LON1/LON2/DLON/H
  366  381  389  390  397  398  396  390  387  383  379  373  366  358  349  340
  332  326  324  324  325  326  325  322  318  314  307  299  289  277  264  250
  235  218  199  179  161  148  141  140  143  145  145  141  134  126  118  111
  104   98   94   93   93   94   95   94   95   99  107  121  140  164  191  218
  241  262  276  282  289  297  316  322  366                                   
    17.5-180.0 180.0   5.0 450.0                            LAT/LON1/LON2/DLON/H
  376  392  401  406  417  423  426  424  423  419  414  408  401  394  385  376
  367  360  355  353  351  349  345  339  331  322  311  300  286  271  255  237
  219  199  178  158  140  128  123  123  126  129  129  125  118  110  103   97
   91   87   84   84   86   87   87   86   85   88   97  111  132  158  188  218
  244  266  281  287  293  301  319  327  376                                   
    15.0-180.0 180.0   5.0 450.0                            LAT/LON1/LON2/DLON/H
  373  388  397  405  419  430  438  441  443  442  438  433  428  423  417  409
  400  392  385  380  376  371  363  353  340  325  309  293  276  259  240  220
  200  180  160  141  125  115  111  112  115  117  116  111  104   97   91   86
   81   78   77   78   80   81   80   78   77   79   87  102  124  152  185  217
  245  268  284  291  296  303  319  328  373                                   
    12.5-180.0 180.0   5.0 450.0                            LAT/LON1/LON2/DLON/H
  361  373  380  388  403  417  431  438  446  448  447  446  444  442  439  434
  426  418  410  403  395  388  377  363  345  325  303  282  262  242  223  204
  185  166  149  133  121  113  110  110  112  112  109  103   97   90   85   80
   76   74   73   75   77   77   76   72   70   71   79   94  116  146  180  214
  243  268  285  292  298  304  318  326  361                                   
    10.0-180.0 180.0   5.0 450.0                            LAT/LON1/LON2/DLON/H
  346  353  356  362  376  391  408  419  431  438  442  444  447  449  449  447
  442  434  426  417  408  398  386  369  346  320  294  268  246  226  208  191
  175  160  146  135  127  122  119  118  117  113  108  102   95   89   84   79
   75   72   71   73   75   75   72   68   64   65   72   87  109  139  173  208
  237  264  282  291  298  304  318  326  346                                   
     7.5-180.0 180.0   5.0 450.0                            LAT/LON1/LON2/DLON/H
  334  336  335  337  349  362  379  393  408  418  426  433  439  445  448  448
  445  440  432  423  413  402  388  369  344  315  284  256  233  214  197  183
