data/edconvlstm_nd/pred2510.15i
     1.0            IONOSPHERE MAPS     GNSS                IONEX VERSION / TYPE
pyspatialgeodesy        IME             05-JAN-18 20:20     PGM / RUN BY / DATE 
Map Name                                                    COMMENT             
Predicted global ionosphere maps (GIM).                     DESCRIPTION         
  2015     9     8     0     0     0                        EPOCH OF FIRST MAP  
  2015     9     9     0     0     0                        EPOCH OF LAST MAP   
  7200                                                      INTERVAL            
    13                                                      # OF MAPS IN FILE   
  NONE                                                      MAPPING FUNCTION    
10.0                                                        ELEVATION CUTOFF    
One-way carrier phase leveled to code                       OBSERVABLES USED    
  6371.0                                                    BASE RADIUS         
 2                                                          MAP DIMENSION       
   450.0 450.0   0.0                                        HGT1 / HGT2 / DHGT  
    87.5 -87.5  -2.5                                        LAT1 / LAT2 / DLAT  
  -180.0 180.0   5.0                                        LON1 / LON2 / DLON  
    -1                                                      EXPONENT            
                                                            END OF HEADER       
[from data line 4719]
    12                                                      START OF TEC MAP    
  2015     9     8    22     0     0                        EPOCH OF CURRENT MAP
    87.5-180.0 180.0   5.0 450.0                            LAT/LON1/LON2/DLON/H
  125  115  103  110  113  109  108  105  105  106  105  105  104  104  103  103
  102  101  100   99   98   97   95   94   93   91   90   88   87   85   84   82
   81   80   79   78   77   77   76   76   75   75   75   74   74   74   75   75
   75   75   76   76   77   78   78   79   80   81   82   83   85   86   87   88
   90   91   91   91  102  103  119  123  125                                   
    85.0-180.0 180.0   5.0 450.0                            LAT/LON1/LON2/DLON/H
  130  123  130  117  116  119  118  120  119  120  119  119  118  117  116  116
  115  113  112  111  110  108  106  105  103  101   99   97   95   93   91   89
   88   86   85   84   83   82   82   81   81   80   80   80   79   79   79   79
   80   80   80   81   82   82   83   84   85   86   88   89   91   92   94   96
   98  100   99   99  104  106  109  109  130                                   
    82.5-180.0 180.0   5.0 450.0                            LAT/LON1/LON2/DLON/H
  112  113  115  112  114  117  120  118  118  118  118  118  117  116  115  114
  113  112  110  109  108  106  105  102  100   98   95   92   89   87   84   82
   80   78   77   76   75   74   74   73   73   72   72   71   71   71   70   70
   71   71   71   72   72   73   74   75   76   78   79   81   82   84   86   88
   90   92   92   96  102  115  107  109  112                                   
    80.0-180.0 180.0   5.0 450.0                            LAT/LON1/LON2/DLON/H
   99  102  109  106  108  106  113  114  115  116  116  116  115  114  113  111
  110  109  108  107  106  105  103  101   98   95   92   88   84   80   77   74
   72   70   69   68   67   67   66   66   65   65   64   64   63   63   62   62
   62   63   63   64   64   65   66   67   68   70   71   73   75   77   79   81
   84   86   88   91   92   99   95  104   99                                   
    77.5-180.0 180.0   5.0 450.0                            LAT/LON1/LON2/DLON/H
  102   98  104  102  107  108  113  114  116  116  116  116  115  114  113  111
  110  109  109  109  109  109  109  107  105  102   98   93   88   83   79   76
   73   71   70   70   70   70   70   69   69   68   67   66   65   64   63   63
   63   63   64   64   65   66   66   67   68   69   70   71   73   74   76   78
   80   82   85   88   91   93   94  107  102                                   
    75.0-180.0 180.0   5.0 450.0                            LAT/LON1/LON2/DLON/H
   94   92   94   93   98  101  106  108  111  114  114  115  114  112  110  108
  106  105  105  106  108  109  111  111  110  107  103   98   92   86   81   77
   75   73   73   73   74   74   75   74   73   72   71   69   67   66   65   65
   65   65   66   66   67   68   68   69   69   70   71   72   73   74   76   77
   79   82   83   83   83   84   83   87   94                                   
    72.5-180.0 180.0   5.0 450.0                            LAT/LON1/LON2/DLON/H
   90   86   87   92   93   97  103  105  108  111  112  113  111  109  106  102
   99   98   98  100  103  106  109  111  110  108  104   98   91   84   79   75
   72   71   71   73   74   75   76   75   74   72   70   68   66   64   64   64
   64   65   66   66   67   68   69   69   69   70   70   71   71   72   73   74
   74   76   76   75   74   76   77   85   90                                   
    70.0-180.0 180.0   5.0 450.0                            LAT/LON1/LON2/DLON/H
   86   81   80   84   84   89   94   99  105  109  112  113  111  108  102   97
   92   89   88   90   94   99  104  107  108  107  103   97   90   83   77   72
   70   69   70   72   74   75   76   75   73   71   68   65   63   62   62   62
   63   64   65   66   67   68   69   70   70   71   71   72   72   73   73   74
   73   74   75   75   74   75   77   84   86                                   
    67.5-180.0 180.0   5.0 450.0                            LAT/LON1/LON2/DLON/H
   86   80   78   83   83   88   95  101  108  113  117  119  118  113  106   98
   90   85   83   84   88   93   99  103  105  104  100   94   86   79   73   68
   66   66   67   69   71   72   73   71   69   66   63   61   59   59   59   60
   61   63   64   66   68   69   70   71   72   73   74   74   75   75   75   75
   74   74   73   72   70   73   72   80   86                                   
    65.0-180.0 180.0   5.0 450.0                            LAT/LON1/LON2/DLON/H
   83   77   75   79   78   83   90   97  106  114  120  124  123  118  109   99
   89   81   77   76   79   84   89   94   96   96   93   88   81   74   68   63
   61   60   61   63   65   66   65   64   61   58   56   54   52   52   53   54
   56   57   59   61   62   64   65   66   68   70   71   73   74   75   75   75
   74   74   73   72   71   74   76   83   83                                   
    62.5-180.0 180.0   5.0 450.0                            LAT/LON1/LON2/DLON/H
   84   78   76   78   78   82   88   95  105  114  123  129  130  125  116  105
   93   83   76   73   74   77   81   85   87   87   85   81   75   69   64   59
   56   55   55   56   57   57   56   54   52   49   47   46   46   46   47   48
   49   51   52   53   55   56   58   60   62   65   67   70   72   73   74   74
   73   72   72   70   70   73   74   81   84                                   
    60.0-180.0 180.0   5.0 450.0                            LAT/LON1/LON2/DLON/H
   84   80   78   80   78   80   86   92  102  112  123  130  134  132  124  113
  101   89   81   76   73   74   75   77   78   78   77   75   72   68   63   58
   54   52   50   50   50   49   48   46   44   43   42   42   42   42   43   43
   43   44   44   45   46   47   49   51   54   58   61   65   68   70   72   72
   71   71   70   70   70   75   78   85   84                                   
    57.5-180.0 180.0   5.0 450.0                            LAT/LON1/LON2/DLON/H
   87   85   84   85   83   83   86   91   99  108  120  129  135  136  132  124
  113  102   92   85   79   76   74   73   72   73   73   73   72   70   66   61
   56   51   49   47   46   45   43   42   41   40   40   41   42   42   42   41
   39   38   38   38   38   40   41   44   47   51   55   60   64   67   69   70
   69   70   70   70   71   77   82   88   87                                   
    55.0-180.0 180.0   5.0 450.0                            LAT/LON1/LON2/DLON/H
   92   93   94   94   92   91   91   93   98  105  115  126  135  139  139  135
  127  118  109  100   92   85   79   74   72   72   74   76   77   76   72   67
   60   55   50   47   45   44   43   42   41   41   42   43   44   44   43   41
   38   36   34   34   34   35   36   38   42   46   50   55   60   64   67   69
   69   71   72   73   75   82   87   94   92                                   
    52.5-180.0 180.0   5.0 450.0                            LAT/LON1/LON2/DLON/H
  100  104  107  108  106  105  102  100  101  105  112  122  132  140  144  145
  142  136  129  120  110  100   90   82   78   78   80   84   86   86   82   75
   67   60   55   51   50   48   47   47   46   47   48   49   50   49   47   44
   40   36   34   34   34   34   35   37   40   44   48   53   58   63   66   69
   71   73   76   78   81   90   96  101  100                                   
    50.0-180.0 180.0   5.0 450.0                            LAT/LON1/LON2/DLON/H
  111  118  124  126  126  124  120  115  111  111  114  122  132  142  150  154
  156  155  150  143  132  120  108   99   93   91   93   97   99   98   93   85
   75   67   62   59   58   57   56   56   55   55   56   57   58   56   53   49
   45   41   39   38   38   39   40   41   43   46   50   54   59   64   69   73
   75   79   83   86   90   99  106  111  111                                   
    47.5-180.0 180.0   5.0 450.0                            LAT/LON1/LON2/DLON/H
  126  134  143  147  148  148  144  137  129  125  124  129  137  146  156  164
  170  172  171  166  157  145  132  121  114  112  113  114  114  111  103   93
   83   75   70   68   68   69   68   67   66   66   66   67   66   64   61   57
   53   50   48   47   48   48   48   49   50   52   55   59   64   69   74   79
   82   88   93   97  102  111  118  122  126                                   
    45.0-180.0 180.0   5.0 450.0                            LAT/LON1/LON2/DLON/H
  142  151  161  167  171  174  170  164  154  147  142  143  148  156  165  175
  183  188  190  188  181  170  159  148  141  138  136  134  130  122  111   99
   89   82   79   79   81   82   82   81   79   78   77   76   75   73   70   66
   63   61   60   60   60   60   60   59   59   60   63   66   71   76   82   88
   92   98  105  109  115  124  130  135  142                                   
    42.5-180.0 180.0   5.0 450.0                            LAT/LON1/LON2/DLON/H
  158  166  177  186  193  198  197  192  183  174  167  165  166  172  179  188
  196  203  206  206  202  194  185  177  171  166  161  154  144  130  116  103
   94   89   89   91   94   97   97   95   93   91   89   88   86   83   80   78
   76   74   73   73   72   72   71   70   70   70   72   75   80   85   92   98
  104  110  117  123  129  137  143  148  158                                   
    40.0-180.0 180.0   5.0 450.0                            LAT/LON1/LON2/DLON/H
  173  180  191  201  210  218  221  219  212  205  197  193  191  193  197  203
  210  216  220  221  219  215  209  204  199  193  185  172  156  137  120  107
   99   97  100  104  109  111  112  110  108  105  103  101   98   95   92   90
   88   87   86   84   83   81   80   79   78   78   80   83   89   95  103  110
  116  123  130  136  141  149  154  161  173                                   
    37.5-180.0 180.0   5.0 450.0                            LAT/LON1/LON2/DLON/H
  186  191  202  212  224  233  240  242  240  235  228  223  220  218  219  222
  226  230  233  234  233  232  229  227  223  217  205  188  167  144  125  113
  108  109  114  120  124  127  127  126  125  123  120  117  113  109  105  102
  100   98   95   92   89   87   85   84   83   83   85   90   96  104  113  121
  128  135  143  148  153  160  165  173  186                                   
    35.0-180.0 180.0   5.0 450.0                            LAT/LON1/LON2/DLON/H
  199  202  212  221  234  244  254  261  263  262  258  254  249  246  244  244
  245  246  246  246  246  246  245  245  242  235  221  201  176  152  134  123
  121  125  131  137  141  143  144  144  144  143  141  136  130  124  118  114
  110  106  101   96   91   88   86   85   85   85   88   93  102  112  122  132
  139  148  156  161  165  171  176  184  199                                   
    32.5-180.0 180.0   5.0 450.0                            LAT/LON1/LON2/DLON/H
  212  214  223  230  242  252  265  275  282  285  284  282  278  275  271  269
  266  264  262  260  259  258  258  257  254  246  232  211  186  163  146  139
  139  145  152  157  160  161  162  163  164  165  162  157  148  139  130  123
  116  110  103   96   90   86   84   83   83   84   88   95  106  118  131  143
  152  161  170  175  178  184  188  196  212                                   
    30.0-180.0 180.0   5.0 450.0                            LAT/LON1/LON2/DLON/H
  226  228  236  240  252  262  276  288  298  304  308  308  306  303  299  295
  291  286  281  276  273  271  268  265  261  252  237  218  196  176  163  159
  162  169  175  178  178  178  179  181  185  186  183  176  164  151  139  129
  119  111  102   94   87   83   81   81   81   83   87   96  109  124  140  155
  165  176  186  191  193  199  203  210  226                                   
    27.5-180.0 180.0   5.0 450.0                            LAT/LON1/LON2/DLON/H
  244  245  253  255  267  277  291  303  315  324  330  332  332  331  328  324
  318  311  303  296  290  285  278  271  263  252  239  223  206  191  183  181
  186  192  195  196  194  193  194  198  202  204  200  190  176  160  144  131
  120  110  101   92   86   82   80   80   80   82   86   97  112  131  150  167
  180  193  204  209  211  216  221  226  244                                   
    25.0-180.0 180.0   5.0 450.0                            LAT/LON1/LON2/DLON/H
  263  264  273  273  287  298  311  323  336  346  353  357  360  360  358  355
  348  339  330  320  311  301  289  276  263  250  238  227  215  206  201  202
  206  210  211  208  205  203  205  209  213  214  209  197  180  162  145  131
  119  109  100   92   86   83   82   82   82   83   88   99  116  137  159  179
  195  211  222  228  230  235  240  245  263                                   
    22.5-180.0 180.0   5.0 450.0                            LAT/LON1/LON2/DLON/H
  283  284  293  296  311  323  337  349  361  372  380  385  389  391  391  387
  380  370  359  347  335  320  302  282  263  247  237  229  223  219  216  217
  219  219  217  213  209  207  209  213  216  215  208  195  178  159  143  129
  117  108  101   95   90   88   87   87   86   86   90  102  120  143  168  191
  209  227  240  247  249  253  258  263  283                                   
    20.0-180.0 180.0   5.0 450.0                            LAT/LON1/LON2/DLON/H
  302  303  314  319  337  352  366  378  391  401  410  417  422  425  425  422
  414  403  390  376  361  342  318  291  265  246  235  231  228  227  225  224
  222  219  214  209  205  204  207  209  210  207  198  184  168  152  137  125
  116  109  103   99   97   95   95   93   92   91   95  106  125  149  175  199
  219  240  254  262  264  268  273  281  302                                   
    17.5-180.0 180.0   5.0 450.0                            LAT/LON1/LON2/DLON/H
  317  319  332  340  361  378  394  407  420  432  442  450  456  460  460  457
  448  435  420  405  387  365  336  302  271  248  236  232  231  230  227  223
  218  211  204  199  196  196  198  199  197  191  181  168  155  142  131  122
  115  111  107  105  103  102  102  100   98   96   99  109  128  152  179  204
  226  248  263  271  273  278  283  294  317                                   
    15.0-180.0 180.0   5.0 450.0                            LAT/LON1/LON2/DLON/H
  327  332  347  357  381  399  416  431  446  460  472  482  489  494  494  490
  480  466  449  432  413  387  354  315  279  253  239  234  232  229  224  216
  208  199  191  186  185  186  187  185  181  172  162  151  141  132  126  120
  116  112  110  109  108  107  106  105  102  100  102  112  129  153  179  205
  226  249  264  273  276  282  289  302  327                                   
    12.5-180.0 180.0   5.0 450.0                            LAT/LON1/LON2/DLON/H
  334  342  358  370  394  412  431  446  464  480  494  507  516  522  523  518
  508  492  475  456  434  407  371  330  291  261  245  237  233  227  219  209
  198  188  181  176  176  176  176  172  165  155  145  136  130  125  122  119
  116  113  112  110  109  108  107  106  103  101  103  111  128  150  176  201
  222  245  260  268  272  280  289  305  334                                   
    10.0-180.0 180.0   5.0 450.0                            LAT/LON1/LON2/DLON/H
  339  350  367  378  401  418  437  452  471  489  506  521  532  539  541  537
  527  512  494  473  450  421  384  342  302  271  252  242  235  226  216  205
  194  184  176  172  171  170  167  161  153  143  134  127  123  122  120  118
  115  113  110  108  107  105  104  103  101   99  100  108  124  145  170  194
  214  236  250  259  264  274  286  305  339                                   
     7.5-180.0 180.0   5.0 450.0                            LAT/LON1/LON2/DLON/H
  343  358  375  384  405  419  436  450  469  488  507  523  535  544  547  544
  536  522  504  484  459  429  393  351  312  281  261  249  240  230  219  208
