data/edconvlstm_nd/pred1330.15i
     1.0            IONOSPHERE MAPS     GNSS                IONEX VERSION / TYPE
pyspatialgeodesy        IME             05-JAN-18 20:20     PGM / RUN BY / DATE 
Map Name                                                    COMMENT             
Predicted global ionosphere maps (GIM).                     DESCRIPTION         
  2015     5    13     0     0     0                        EPOCH OF FIRST MAP  
  2015     5    14     0     0     0                        EPOCH OF LAST MAP   
  7200                                                      INTERVAL            
    13                                                      # OF MAPS IN FILE   
  NONE                                                      MAPPING FUNCTION    
10.0                                                        ELEVATION CUTOFF    
One-way carrier phase leveled to code                       OBSERVABLES USED    
  6371.0                                                    BASE RADIUS         
 2                                                          MAP DIMENSION       
   450.0 450.0   0.0                                        HGT1 / HGT2 / DHGT  
    87.5 -87.5  -2.5                                        LAT1 / LAT2 / DLAT  
  -180.0 180.0   5.0                                        LON1 / LON2 / DLON  
    -1                                                      EXPONENT            
                                                            END OF HEADER       
[from data line 3003]
     8                                                      START OF TEC MAP    
  2015     5    13    14     0     0                        EPOCH OF CURRENT MAP
    87.5-180.0 180.0   5.0 450.0                            LAT/LON1/LON2/DLON/H
  146  145  140  146  150  151  151  151  154  156  157  159  160  162  163  165
  166  167  169  170  171  172  172  173  173  174  174  174  174  174  173  173
  172  171  170  169  168  167  166  165  164  163  162  161  160  159  158  157
  156  155  154  153  152  151  150  149  148  147  146  145  144  144  143  142
  141  142  140  139  145  143  149  149  146                                   
    85.0-180.0 180.0   5.0 450.0                            LAT/LON1/LON2/DLON/H
  134  141  151  147  149  155  156  159  161  163  165  167  168  170  172  173
  175  176  178  179  180  181  182  183  184  184  185  185  184  184  183  183
  182  180  179  178  176  175  173  172  171  170  169  168  167  166  165  164
  164  163  162  161  160  159  158  157  156  154  153  151  150  149  148  147
  147  147  143  142  142  138  142  144  134                                   
    82.5-180.0 180.0   5.0 450.0                            LAT/LON1/LON2/DLON/H
  111  130  134  133  137  144  147  150  153  156  158  161  163  165  167  169
  171  173  175  176  178  180  181  183  184  185  186  186  186  186  185  184
  183  181  179  177  174  172  170  168  166  164  163  162  161  161  160  160
  160  160  159  159  158  157  155  153  151  149  147  145  142  140  138  136
  135  134  131  131  130  136  132  124  111                                   
    80.0-180.0 180.0   5.0 450.0                            LAT/LON1/LON2/DLON/H
  101  116  123  125  127  130  134  139  143  146  148  151  153  156  158  160
  161  163  165  167  169  171  173  175  176  178  179  180  181  181  180  179
  177  175  173  170  166  163  161  158  156  155  154  154  154  155  156  157
  158  159  160  160  160  159  157  156  153  150  147  144  140  137  134  132
  130  128  125  123  120  122  124  117  101                                   
    77.5-180.0 180.0   5.0 450.0                            LAT/LON1/LON2/DLON/H
  107  116  120  121  122  125  127  132  135  137  139  142  144  145  147  149
  151  153  155  157  159  161  163  166  169  171  174  176  177  179  179  179
  177  175  172  169  165  162  158  155  153  152  152  153  154  157  160  163
  165  168  170  171  171  171  169  167  164  160  156  152  147  143  139  135
  132  129  125  124  123  121  123  120  107                                   
    75.0-180.0 180.0   5.0 450.0                            LAT/LON1/LON2/DLON/H
  109  118  118  119  119  122  123  126  129  131  132  134  135  137  138  139
  140  142  144  145  147  150  153  156  159  163  166  170  173  176  177  178
  178  176  173  170  166  162  158  155  152  152  152  154  157  161  165  169
  174  177  180  182  183  182  181  178  175  171  166  161  156  151  146  142
  138  134  130  126  126  124  127  116  109                                   
    72.5-180.0 180.0   5.0 450.0                            LAT/LON1/LON2/DLON/H
  113  121  120  121  120  122  124  125  127  128  128  129  130  131  132  133
  134  135  137  139  141  144  147  151  155  159  164  168  173  177  180  182
  183  182  180  177  173  169  165  161  159  158  159  162  165  170  175  180
  185  189  192  193  194  193  191  188  185  180  175  170  164  158  153  148
  143  139  135  131  129  129  132  124  113                                   
    70.0-180.0 180.0   5.0 450.0                            LAT/LON1/LON2/DLON/H
  117  122  122  122  121  123  124  125  126  127  127  128  128  128  129  129
  130  131  133  135  138  141  144  148  152  157  162  167  173  178  182  186
  188  189  188  185  182  178  174  170  168  167  169  171  175  179  184  188
  192  195  197  197  197  195  193  190  186  181  176  171  165  160  154  149
  144  139  135  131  130  130  135  127  117                                   
    67.5-180.0 180.0   5.0 450.0                            LAT/LON1/LON2/DLON/H
  116  122  122  124  125  128  129  130  130  131  131  131  132  132  132  133
  133  135  137  139  142  146  149  153  157  161  165  171  176  182  187  191
  195  197  197  196  194  190  187  184  182  181  182  185  188  191  194  197
  199  199  199  198  196  193  190  187  183  179  175  170  165  159  153  148
  142  137  132  127  125  126  130  124  116                                   
    65.0-180.0 180.0   5.0 450.0                            LAT/LON1/LON2/DLON/H
  110  117  117  122  124  128  130  132  133  134  134  135  135  136  136  137
  138  139  142  145  148  152  155  158  161  165  169  173  178  184  189  195
  200  203  205  206  205  203  200  198  197  196  197  199  201  202  203  202
  201  198  195  192  188  185  181  178  175  172  168  163  158  152  146  140
  133  128  123  118  117  118  123  119  110                                   
    62.5-180.0 180.0   5.0 450.0                            LAT/LON1/LON2/DLON/H
  102  108  109  117  121  126  129  132  133  135  136  138  139  140  141  142
  143  145  147  151  155  159  162  165  167  169  172  175  179  184  190  196
  202  207  211  213  214  214  213  212  211  212  212  213  213  212  210  206
  201  195  190  185  181  177  174  171  169  166  162  158  152  146  139  131
  124  117  111  107  105  106  111  108  102                                   
    60.0-180.0 180.0   5.0 450.0                            LAT/LON1/LON2/DLON/H
   94   99  100  109  115  121  125  128  131  133  135  138  141  142  144  145
  146  148  151  155  159  163  166  168  169  171  172  174  178  183  188  195
  202  208  214  218  221  223  223  224  225  226  227  228  226  223  217  210
  202  195  189  183  179  176  173  171  169  166  162  158  151  144  135  126
  117  109  102   97   95   95  100   97   94                                   
    57.5-180.0 180.0   5.0 450.0                            LAT/LON1/LON2/DLON/H
   90   92   93  102  109  116  119  123  125  128  131  135  139  143  145  146
  148  150  153  157  161  165  168  169  170  170  171  172  175  180  186  193
  201  208  216  222  227  231  234  236  238  241  243  243  240  235  227  218
  209  202  196  191  188  186  184  182  179  176  172  167  159  150  140  129
  118  109  101   95   92   90   94   91   90                                   
    55.0-180.0 180.0   5.0 450.0                            LAT/LON1/LON2/DLON/H
   93   91   92   99  104  111  114  116  118  121  125  130  136  141  144  147
  148  150  153  157  161  165  167  168  168  168  168  170  173  178  184  191
  200  209  218  226  233  239  243  247  251  255  258  258  255  249  240  231
  222  215  211  208  206  205  204  202  199  195  190  184  175  165  153  141
  129  118  110  103   99   95   98   94   93                                   
    52.5-180.0 180.0   5.0 450.0                            LAT/LON1/LON2/DLON/H
  102   96   96  101  104  109  111  111  112  114  118  124  132  138  143  147
  149  152  154  158  161  164  166  166  166  165  166  168  172  177  184  192
  201  211  221  231  240  247  254  259  265  270  273  274  271  264  255  246
  239  234  232  231  231  230  229  226  223  218  212  205  196  185  173  160
  147  136  127  120  114  109  111  106  102                                   
    50.0-180.0 180.0   5.0 450.0                            LAT/LON1/LON2/DLON/H
  116  108  106  108  108  112  112  111  110  111  115  122  130  138  145  150
  153  156  159  162  164  166  167  166  165  165  166  169  173  179  186  195
  205  216  227  239  249  258  266  273  279  285  289  289  286  279  270  262
  257  255  254  255  255  254  252  249  244  239  232  225  216  206  194  182
  170  159  150  142  136  130  131  125  116                                   
    47.5-180.0 180.0   5.0 450.0                            LAT/LON1/LON2/DLON/H
  131  123  119  119  116  119  117  114  113  114  118  125  134  143  151  157
  161  164  167  170  171  171  171  169  168  168  170  173  178  185  193  202
  212  224  237  250  262  273  281  289  295  301  304  304  300  293  284  277
  273  273  273  274  273  270  267  262  257  251  245  239  231  222  212  202
  190  181  172  164  158  152  153  147  131                                   
    45.0-180.0 180.0   5.0 450.0                            LAT/LON1/LON2/DLON/H
  144  138  133  131  127  128  125  122  121  122  127  134  144  153  162  169
  174  178  180  182  182  181  179  176  175  175  177  181  187  194  202  212
  223  236  250  264  278  290  300  308  314  318  321  319  314  305  296  289
  285  285  285  284  280  275  268  262  257  252  247  243  238  231  224  215
  205  196  188  180  174  170  170  165  144                                   
    42.5-180.0 180.0   5.0 450.0                            LAT/LON1/LON2/DLON/H
  152  150  144  142  137  136  134  132  132  135  141  150  160  170  179  187
  192  196  197  197  196  193  189  186  184  185  187  192  198  205  214  225
  237  251  266  282  298  312  322  330  335  338  339  335  327  316  305  298
  294  292  289  284  277  268  259  253  248  245  242  240  238  234  229  223
  213  205  196  188  182  179  179  175  152                                   
    40.0-180.0 180.0   5.0 450.0                            LAT/LON1/LON2/DLON/H
  153  156  150  148  145  144  144  143  145  151  159  169  180  191  200  208
  213  216  217  215  212  207  202  198  196  197  199  204  211  219  229  241
  254  269  286  304  321  337  348  356  360  361  359  352  342  328  316  307
  301  297  291  282  270  258  248  241  238  236  236  237  238  237  234  228
  219  210  199  190  182  180  180  175  153                                   
    37.5-180.0 180.0   5.0 450.0                            LAT/LON1/LON2/DLON/H
  152  159  154  152  150  149  151  152  158  166  177  189  202  213  223  230
  235  237  236  233  228  221  216  211  209  210  213  218  225  235  246  259
  275  291  310  330  349  366  378  385  388  387  382  373  360  345  331  321
  314  307  298  285  270  256  245  239  237  237  239  242  244  245  243  238
  228  217  203  190  181  177  176  170  152                                   
    35.0-180.0 180.0   5.0 450.0                            LAT/LON1/LON2/DLON/H
  153  161  157  155  154  153  157  160  168  179  192  207  221  233  244  251
  256  257  255  250  243  236  230  225  223  224  228  234  242  253  267  282
  300  319  339  361  382  400  413  419  420  416  409  399  385  369  356  345
  338  331  319  304  287  272  262  256  254  255  257  260  263  265  264  259
  247  233  215  198  185  178  175  165  153                                   
    32.5-180.0 180.0   5.0 450.0                            LAT/LON1/LON2/DLON/H
  161  168  162  159  159  157  161  165  174  187  203  220  236  250  262  270
  274  274  271  266  259  252  245  240  239  240  245  253  263  276  292  311
  331  353  376  399  422  441  453  458  456  451  442  431  418  404  393  385
  379  372  361  346  329  313  303  297  294  293  293  295  298  299  299  293
  279  262  240  219  201  188  182  169  161                                   
    30.0-180.0 180.0   5.0 450.0                            LAT/LON1/LON2/DLON/H
  178  181  173  168  166  162  165  168  177  190  207  226  245  262  275  284
  289  289  286  281  275  269  263  259  257  260  266  275  288  304  323  346
  371  396  421  446  468  486  498  501  497  489  481  471  461  452  445  441
  439  435  426  412  395  380  369  360  354  349  346  346  347  347  346  339
  324  305  280  254  232  213  202  184  178                                   
    27.5-180.0 180.0   5.0 450.0                            LAT/LON1/LON2/DLON/H
  204  201  188  181  176  170  170  169  176  188  205  226  247  267  283  294
  300  301  300  297  293  288  283  280  279  283  291  303  319  339  362  390
  419  447  474  498  520  536  545  545  539  531  523  517  512  509  509  512
  515  515  509  496  481  465  452  439  428  417  409  405  403  402  401  393
  378  358  331  303  276  251  234  212  204                                   
    25.0-180.0 180.0   5.0 450.0                            LAT/LON1/LON2/DLON/H
  236  228  209  197  190  181  176  171  174  183  198  220  244  267  286  300
  309  312  314  313  312  310  307  304  305  310  321  336  356  380  408  440
  472  503  529  552  571  583  588  586  579  572  567  566  568  572  580  589
  598  601  597  585  569  551  534  516  499  482  469  461  457  455  453  446
  431  412  387  357  327  298  276  251  236                                   
    22.5-180.0 180.0   5.0 450.0                            LAT/LON1/LON2/DLON/H
  270  259  234  217  205  193  183  174  171  175  188  209  235  262  286  303
  315  323  327  330  332  332  331  330  333  340  354  373  397  425  457  492
  526  556  581  600  614  622  625  621  615  609  609  614  623  634  648  663
  674  678  673  658  637  615  593  570  548  527  511  502  497  495  493  486
  474  458  436  408  377  346  322  296  270                                   
    20.0-180.0 180.0   5.0 450.0                            LAT/LON1/LON2/DLON/H
  299  291  261  238  223  207  192  177  169  168  178  198  225  255  283  305
  321  332  341  348  352  354  355  356  361  371  389  412  439  471  504  539
  572  600  621  635  645  650  651  649  644  642  646  657  671  689  706  721
  731  732  720  699  671  643  615  589  564  542  527  518  515  513  511  505
  495  484  468  444  415  386  363  338  299                                   
    17.5-180.0 180.0   5.0 450.0                            LAT/LON1/LON2/DLON/H
  318  316  287  260  240  221  201  182  168  164  170  188  216  248  280  306
  327  343  355  364  370  374  376  380  388  402  423  449  479  511  544  577
  607  631  647  658  664  669  671  671  670  672  680  694  712  731  748  760
  764  756  735  704  668  633  601  573  549  529  516  510  508  506  504  499
  490  483  475  457  434  411  392  369  318                                   
    15.0-180.0 180.0   5.0 450.0                            LAT/LON1/LON2/DLON/H
  328  332  306  277  254  232  211  188  170  162  165  182  210  244  279  309
  334  354  369  380  387  392  396  402  414  431  455  484  515  546  576  604
  629  649  663  671  677  682  688  692  696  702  712  727  744  761  773  779
  773  755  723  682  638  597  564  537  516  500  490  486  484  481  477  470
  462  459  457  446  432  416  404  383  328                                   
    12.5-180.0 180.0   5.0 450.0                            LAT/LON1/LON2/DLON/H
  330  338  316  288  263  240  217  193  173  162  164  179  207  243  281  315
  343  366  383  395  403  408  414  424  439  461  487  516  546  575  601  625
  645  661  672  680  687  695  705  714  722  730  741  754  768  779  785  781
  765  736  694  645  596  554  522  500  484  473  466  461  457  450  442  431
  422  420  423  420  414  406  401  382  330                                   
    10.0-180.0 180.0   5.0 450.0                            LAT/LON1/LON2/DLON/H
  328  338  320  292  267  243  220  195  175  164  164  180  208  245  285  321
  353  378  397  410  418  424  432  446  465  490  518  547  575  601  623  643
  659  672  681  689  697  708  722  735  747  757  766  775  784  788  786  774
  750  713  665  612  561  521  494  477  468  461  455  448  439  426  412  395
  383  380  384  387  389  388  388  369  328                                   
     7.5-180.0 180.0   5.0 450.0                            LAT/LON1/LON2/DLON/H
  325  334  318  292  266  242  219  196  176  166  166  182  211  249  290  329
  363  390  411  424  432  439  450  468  492  520  549  577  603  626  645  662
