data/edconvlstm_nd/pred1940.15i
     1.0            IONOSPHERE MAPS     GNSS                IONEX VERSION / TYPE
pyspatialgeodesy        IME             05-JAN-18 20:20     PGM / RUN BY / DATE 
Map Name                                                    COMMENT             
Predicted global ionosphere maps (GIM).                     DESCRIPTION         
  2015     7    13     0     0     0                        EPOCH OF FIRST MAP  
  2015     7    14     0     0     0                        EPOCH OF LAST MAP   
  7200                                                      INTERVAL            
    13                                                      # OF MAPS IN FILE   
  NONE                                                      MAPPING FUNCTION    
10.0                                                        ELEVATION CUTOFF    
One-way carrier phase leveled to code                       OBSERVABLES USED    
  6371.0                                                    BASE RADIUS         
 2                                                          MAP DIMENSION       
   450.0 450.0   0.0                                        HGT1 / HGT2 / DHGT  
    87.5 -87.5  -2.5                                        LAT1 / LAT2 / DLAT  
  -180.0 180.0   5.0                                        LON1 / LON2 / DLON  
    -1                                                      EXPONENT            
                                                            END OF HEADER       
[from data line 3432]
     9                                                      START OF TEC MAP    
  2015     7    13    16     0     0                        EPOCH OF CURRENT MAP
    87.5-180.0 180.0   5.0 450.0                            LAT/LON1/LON2/DLON/H
  172  170  163  170  173  173  173  172  173  174  174  174  174  174  174  174
  173  173  173  172  172  171  170  169  168  167  166  165  164  163  162  161
  160  159  159  158  158  157  157  157  157  157  157  157  157  158  158  158
  158  159  159  159  159  159  160  160  160  160  160  160  160  161  161  161
  161  162  162  162  171  171  174  170  172                                   
    85.0-180.0 180.0   5.0 450.0                            LAT/LON1/LON2/DLON/H
  165  170  178  173  173  178  179  180  181  182  182  182  182  182  182  182
  182  182  181  180  180  179  178  177  176  174  173  172  170  169  167  166
  165  164  163  163  162  162  162  162  162  162  163  163  163  164  164  165
  165  165  165  166  166  165  165  165  165  165  165  165  165  165  165  166
  167  168  166  165  168  164  167  169  165                                   
    82.5-180.0 180.0   5.0 450.0                            LAT/LON1/LON2/DLON/H
  147  161  165  163  165  170  173  175  175  176  177  177  177  178  178  178
  178  177  177  177  176  175  174  173  172  170  168  166  164  162  160  159
  157  156  155  154  153  153  153  154  154  155  156  157  158  159  159  160
  160  161  161  161  160  160  159  159  158  157  156  156  155  155  154  154
  155  155  153  156  156  162  159  149  147                                   
    80.0-180.0 180.0   5.0 450.0                            LAT/LON1/LON2/DLON/H
  142  152  158  159  161  164  167  172  173  175  175  176  176  176  176  176
  177  177  177  177  177  176  176  175  173  172  169  167  164  162  159  156
  154  152  150  149  149  149  149  150  150  152  153  154  155  156  157  158
  159  159  159  159  158  157  156  155  153  152  151  150  149  148  147  147
  148  148  147  149  146  145  147  140  142                                   
    77.5-180.0 180.0   5.0 450.0                            LAT/LON1/LON2/DLON/H
  142  145  150  152  155  159  161  165  166  167  168  168  168  169  169  169
  170  171  172  173  174  175  175  175  175  174  172  169  167  164  160  157
  155  153  151  150  149  149  150  151  152  154  155  157  158  159  160  161
  162  162  162  162  161  159  157  155  153  151  149  147  145  143  142  141
  141  141  140  141  143  137  139  137  142                                   
    75.0-180.0 180.0   5.0 450.0                            LAT/LON1/LON2/DLON/H
  136  140  141  145  148  153  154  157  159  161  160  161  161  161  161  162
  163  164  166  169  171  174  175  177  177  177  176  174  171  168  164  161
  158  155  154  152  152  152  153  153  154  156  157  158  159  160  160  161
  161  161  161  161  159  158  156  153  151  148  146  144  141  140  139  138
  138  138  137  135  137  133  135  124  136                                   
    72.5-180.0 180.0   5.0 450.0                            LAT/LON1/LON2/DLON/H
  132  135  136  141  143  148  150  152  152  153  152  152  152  151  152  152
  154  157  160  164  168  171  175  178  179  180  180  178  176  172  169  166
  163  160  158  157  157  157  158  158  159  160  160  160  160  160  161  161
  161  162  161  161  160  159  157  154  152  149  146  144  142  140  139  138
  137  137  136  134  134  131  133  128  132                                   
    70.0-180.0 180.0   5.0 450.0                            LAT/LON1/LON2/DLON/H
  131  132  132  137  138  143  144  146  146  147  146  145  144  143  143  144
  146  149  153  158  163  168  172  176  179  180  180  179  177  174  171  168
  165  163  161  160  160  160  161  161  161  161  160  159  158  157  157  157
  157  157  157  157  157  156  154  152  149  147  144  142  140  139  138  138
  137  137  136  134  134  132  135  129  131                                   
    67.5-180.0 180.0   5.0 450.0                            LAT/LON1/LON2/DLON/H
  131  134  134  139  141  146  147  149  148  148  147  146  144  143  143  144
  146  149  153  158  164  169  174  178  181  182  183  182  180  178  175  173
  171  169  168  167  168  168  169  169  169  168  166  164  161  160  158  158
  158  159  160  160  160  159  158  156  154  152  149  147  146  144  143  143
  143  142  141  138  137  134  136  130  131                                   
    65.0-180.0 180.0   5.0 450.0                            LAT/LON1/LON2/DLON/H
  131  134  134  139  141  147  148  150  149  149  148  146  145  144  144  144
  146  149  153  157  162  167  172  176  178  179  179  179  178  177  175  174
  173  172  171  171  172  173  174  174  173  172  169  166  162  160  158  158
  158  159  160  161  161  161  160  158  156  154  151  149  147  146  145  144
  143  143  142  139  139  137  140  135  131                                   
    62.5-180.0 180.0   5.0 450.0                            LAT/LON1/LON2/DLON/H
  130  135  135  141  144  150  151  153  153  153  152  151  150  149  149  149
  151  153  156  160  164  167  171  173  175  175  175  175  175  175  175  176
  176  176  176  177  178  179  180  181  180  178  175  171  167  164  163  162
  163  164  166  166  167  166  165  163  160  158  155  153  151  148  146  145
  143  142  141  138  139  136  140  135  130                                   
    60.0-180.0 180.0   5.0 450.0                            LAT/LON1/LON2/DLON/H
  128  134  134  141  145  152  153  156  156  156  155  155  155  155  155  155
  156  157  159  162  164  166  168  169  169  169  169  169  171  173  175  177
  179  180  181  182  183  185  186  187  187  185  182  178  174  171  169  169
  170  172  173  173  173  171  169  167  164  161  158  155  152  149  145  142
  139  137  136  133  134  132  138  134  128                                   
    57.5-180.0 180.0   5.0 450.0                            LAT/LON1/LON2/DLON/H
  125  133  133  141  145  153  155  157  157  158  158  158  159  160  160  161
  162  162  163  163  164  165  165  164  164  163  163  165  168  172  176  181
  184  187  188  188  189  191  193  195  195  194  191  187  183  181  179  180
  181  182  182  181  180  178  175  172  168  165  162  158  154  149  144  139
  134  131  129  127  128  127  135  131  125                                   
    55.0-180.0 180.0   5.0 450.0                            LAT/LON1/LON2/DLON/H
  123  131  131  140  145  154  156  158  158  158  158  159  161  162  164  164
  165  165  164  164  163  162  161  160  159  158  159  162  166  173  180  186
  191  194  195  195  196  198  200  203  204  203  201  197  194  192  191  191
  192  192  191  189  186  183  179  175  171  167  164  160  155  149  143  136
  130  125  123  120  122  122  130  128  123                                   
    52.5-180.0 180.0   5.0 450.0                            LAT/LON1/LON2/DLON/H
  121  130  130  139  144  154  156  158  158  158  157  158  160  162  164  165
  166  166  165  163  161  159  157  156  155  156  157  161  168  176  185  192
  198  201  202  202  203  204  207  210  213  213  211  208  205  203  202  202
  202  201  199  195  191  186  181  176  172  168  165  161  156  150  142  135
  127  121  118  115  117  118  127  124  121                                   
    50.0-180.0 180.0   5.0 450.0                            LAT/LON1/LON2/DLON/H
  121  129  129  139  144  154  157  159  158  158  158  158  159  161  163  165
  166  166  164  162  159  157  155  154  155  156  159  165  172  181  191  200
  206  209  210  209  210  211  215  219  222  222  221  218  215  213  212  212
  212  209  205  199  193  187  181  176  172  168  165  162  157  152  144  136
  128  121  118  114  116  117  126  123  121                                   
    47.5-180.0 180.0   5.0 450.0                            LAT/LON1/LON2/DLON/H
  123  130  129  140  145  155  159  161  162  161  160  160  160  161  162  164
  166  166  165  162  159  156  155  155  157  160  164  171  179  188  198  207
  213  216  217  217  218  220  224  228  231  232  231  228  225  223  222  221
  219  215  209  201  194  187  181  176  172  169  166  164  160  155  149  141
  133  126  122  118  118  118  127  124  123                                   
    45.0-180.0 180.0   5.0 450.0                            LAT/LON1/LON2/DLON/H
  125  131  130  140  147  158  162  166  167  168  167  166  165  165  165  166
  168  169  168  165  162  159  157  159  162  167  173  180  188  197  206  214
  221  224  226  226  228  231  235  239  242  243  241  237  234  232  230  229
  226  220  212  203  195  187  181  176  173  170  168  167  165  162  157  150
  142  135  130  125  124  123  130  126  125                                   
    42.5-180.0 180.0   5.0 450.0                            LAT/LON1/LON2/DLON/H
  128  133  130  141  148  160  166  172  176  178  178  177  175  173  172  173
  174  175  174  172  168  164  163  165  170  176  183  190  198  207  215  223
  230  234  237  239  242  245  250  254  256  255  252  248  244  241  239  237
  233  226  217  207  198  190  184  179  175  173  172  172  172  171  167  161
  154  147  141  135  131  128  134  129  128                                   
    40.0-180.0 180.0   5.0 450.0                            LAT/LON1/LON2/DLON/H
  131  133  129  140  148  161  170  179  185  190  192  191  189  186  184  184
  185  185  185  182  178  174  172  175  180  187  195  203  211  219  227  236
  243  249  254  258  262  266  269  271  272  270  265  259  255  252  250  247
  242  234  223  213  203  195  189  184  180  179  179  180  182  182  180  175
  168  161  154  146  139  133  138  131  131                                   
    37.5-180.0 180.0   5.0 450.0                            LAT/LON1/LON2/DLON/H
  132  132  127  137  147  160  172  184  194  202  206  207  206  203  200  199
  199  199  199  196  191  187  185  187  192  200  209  218  227  235  244  253
  262  270  277  283  288  292  293  293  290  286  279  273  267  264  261  258
  253  243  232  221  211  203  197  192  188  186  187  190  193  194  193  190
  183  175  167  157  147  139  142  134  132                                   
    35.0-180.0 180.0   5.0 450.0                            LAT/LON1/LON2/DLON/H
  133  131  124  133  143  157  172  187  201  212  220  223  223  221  218  216
  215  215  214  212  207  203  200  202  207  215  225  235  246  256  267  278
  289  300  309  317  322  323  322  317  311  303  295  287  281  277  274  271
  264  254  242  230  220  212  205  200  196  195  197  201  205  207  207  204
  197  189  180  167  155  144  146  137  133                                   
    32.5-180.0 180.0   5.0 450.0                            LAT/LON1/LON2/DLON/H
  133  130  121  130  139  154  171  188  205  220  231  237  239  238  236  233
  232  231  230  228  225  221  218  219  224  232  243  256  268  282  296  310
  325  338  349  357  361  359  353  343  332  320  310  301  295  290  287  283
  275  264  251  238  228  219  213  207  204  203  206  211  216  219  219  216
  210  202  192  177  163  150  152  141  133                                   
    30.0-180.0 180.0   5.0 450.0                            LAT/LON1/LON2/DLON/H
  135  131  121  127  136  150  168  187  207  224  238  247  252  253  252  249
  247  245  245  244  243  240  238  238  243  251  264  278  294  312  330  349
  367  383  395  402  402  395  382  367  351  336  324  314  307  302  298  293
  284  271  257  243  232  223  217  211  209  209  213  219  224  227  227  224
  219  211  201  186  170  157  158  147  135                                   
    27.5-180.0 180.0   5.0 450.0                            LAT/LON1/LON2/DLON/H
  139  134  123  128  136  149  167  186  207  226  242  254  262  265  265  262
  259  258  258  259  260  259  258  259  263  272  285  302  321  344  367  390
  412  429  440  444  439  426  407  386  366  349  336  325  318  312  306  298
  287  273  257  243  231  222  216  211  209  211  216  222  227  230  230  227
  222  215  206  192  177  164  165  155  139                                   
    25.0-180.0 180.0   5.0 450.0                            LAT/LON1/LON2/DLON/H
  144  139  128  131  138  150  168  186  208  227  244  258  268  274  275  273
  270  268  269  272  275  277  278  280  284  293  307  325  349  375  403  430
  453  469  477  475  465  447  424  399  377  359  345  334  326  318  310  299
  286  269  252  237  225  216  210  206  205  207  213  219  224  226  226  223
  218  213  206  194  181  171  172  163  144                                   
    22.5-180.0 180.0   5.0 450.0                            LAT/LON1/LON2/DLON/H
  148  145  136  136  143  153  170  188  209  228  246  261  273  280  283  282
  279  277  279  284  290  294  297  300  304  313  327  348  373  403  433  461
  483  496  499  492  477  456  431  406  384  366  353  342  333  323  311  297
  280  261  243  227  215  207  201  198  198  201  205  211  215  216  216  213
  209  205  200  191  181  175  176  169  148                                   
    20.0-180.0 180.0   5.0 450.0                            LAT/LON1/LON2/DLON/H
  151  151  143  143  149  158  174  190  210  229  247  263  275  284  289  289
  287  286  289  295  303  309  314  318  323  331  346  367  394  424  454  481
  499  507  505  494  477  455  431  408  388  372  360  350  339  326  311  293
  273  252  233  217  206  198  194  192  192  193  196  199  202  202  200  198
  194  193  190  184  178  176  177  173  151                                   
    17.5-180.0 180.0   5.0 450.0                            LAT/LON1/LON2/DLON/H
  151  154  149  148  154  162  177  192  211  230  247  263  276  287  293  294
  294  295  298  306  314  323  329  334  339  348  363  384  410  439  466  489
  502  505  499  486  469  450  429  410  393  380  369  359  346  331  312  290
  267  245  226  211  201  194  191  189  188  188  187  187  187  185  183  180
  177  177  176  173  172  172  173  171  151                                   
    15.0-180.0 180.0   5.0 450.0                            LAT/LON1/LON2/DLON/H
  147  153  150  149  156  163  179  192  211  229  246  262  276  287  295  299
  301  303  308  316  325  334  342  347  353  363  377  398  422  447  471  488
  496  495  487  474  460  444  428  414  401  390  381  370  356  337  315  291
  266  244  225  211  201  196  193  191  188  185  181  177  173  169  165  162
  158  159  159  160  161  164  166  165  147                                   
    12.5-180.0 180.0   5.0 450.0                            LAT/LON1/LON2/DLON/H
  140  148  147  147  154  161  176  189  208  226  243  259  273  286  296  303
  308  312  318  326  335  345  353  359  366  376  391  410  432  453  471  483
  487  484  476  465  454  443  432  422  413  404  395  383  367  346  321  295
  269  247  229  216  207  202  199  196  192  186  178  169  162  155  149  145
  141  141  142  144  148  152  155  155  140                                   
    10.0-180.0 180.0   5.0 450.0                            LAT/LON1/LON2/DLON/H
  131  141  140  141  148  154  170  183  202  220  237  253  269  282  295  305
  313  320  327  336  345  354  362  370  378  389  403  421  440  458  472  480
  481  477  470  462  454  448  442  435  427  418  408  395  377  354  327  300
  275  254  236  223  215  209  206  204  199  190  178  165  155  145  138  132
  126  126  127  130  134  139  142  143  131                                   
     7.5-180.0 180.0   5.0 450.0                            LAT/LON1/LON2/DLON/H
  122  132  131  132  137  144  159  173  193  212  230  247  263  279  293  306
  318  327  336  344  353  362  371  380  389  400  415  431  449  464  474  480
