data/edconvlstm_nd/pred3310.15i
     1.0            IONOSPHERE MAPS     GNSS                IONEX VERSION / TYPE
pyspatialgeodesy        IME             05-JAN-18 20:20     PGM / RUN BY / DATE 
Map Name                                                    COMMENT             
Predicted global ionosphere maps (GIM).                     DESCRIPTION         
  2015    11    27     0     0     0                        EPOCH OF FIRST MAP  
  2015    11    28     0     0     0                        EPOCH OF LAST MAP   
  7200                                                      INTERVAL            
    13                                                      # OF MAPS IN FILE   
  NONE                                                      MAPPING FUNCTION    
10.0                                                        ELEVATION CUTOFF    
One-way carrier phase leveled to code                       OBSERVABLES USED    
  6371.0                                                    BASE RADIUS         
 2                                                          MAP DIMENSION       
   450.0 450.0   0.0                                        HGT1 / HGT2 / DHGT  
    87.5 -87.5  -2.5                                        LAT1 / LAT2 / DLAT  
  -180.0 180.0   5.0                                        LON1 / LON2 / DLON  
    -1                                                      EXPONENT            
                                                            END OF HEADER       
[from data line 858]
     3                                                      START OF TEC MAP    
  2015    11    27     4     0     0                        EPOCH OF CURRENT MAP
    87.5-180.0 180.0   5.0 450.0                            LAT/LON1/LON2/DLON/H
   49   56   49   53   52   53   51   48   49   50   50   51   51   51   51   51
   51   50   50   50   49   49   48   47   47   46   46   45   45   45   44   44
   44   43   43   43   43   42   42   42   42   41   41   41   40   40   40   40
   39   39   39   39   39   39   39   39   39   39   39   39   39   39   39   40
   41   41   40   41   44   59   64   51   49                                   
    85.0-180.0 180.0   5.0 450.0                            LAT/LON1/LON2/DLON/H
   38   52   43   46   49   50   49   49   49   50   50   51   51   51   51   51
   50   50   49   48   48   47   47   46   46   45   45   45   45   45   45   45
   45   45   46   46   46   46   46   46   46   46   46   46   46   45   45   45
   44   44   44   43   43   42   42   42   42   41   41   41   41   41   41   41
   42   43   41   44   51   51   65   52   38                                   
    82.5-180.0 180.0   5.0 450.0                            LAT/LON1/LON2/DLON/H
   35   33   47   42   42   45   44   44   46   47   47   48   48   48   48   48
   47   46   45   44   43   42   41   40   39   39   39   39   39   39   39   40
   40   41   41   42   42   43   43   43   44   44   44   44   43   43   43   42
   42   41   41   40   40   39   39   38   38   38   37   37   37   37   36   37
   37   38   36   35   50   41   47   48   35                                   
    80.0-180.0 180.0   5.0 450.0                            LAT/LON1/LON2/DLON/H
   44   40   46   38   44   42   44   44   47   48   47   49   49   49   49   47
   46   44   43   41   39   38   37   35   35   34   34   34   34   35   36   37
   38   39   40   41   42   43   43   44   44   45   45   45   45   45   44   44
   43   43   42   42   42   41   41   41   41   41   41   41   41   41   40   40
   41   40   41   41   53   45   46   50   44                                   
    77.5-180.0 180.0   5.0 450.0                            LAT/LON1/LON2/DLON/H
   52   45   43   36   37   37   40   42   45   45   45   47   48   48   47   46
   44   41   39   37   34   32   31   29   28   27   27   27   28   29   30   31
   32   34   35   37   38   39   39   40   40   40   41   41   41   41   41   41
   41   41   42   42   43   43   44   44   45   45   46   46   46   46   45   45
   45   44   43   44   49   37   38   42   52                                   
    75.0-180.0 180.0   5.0 450.0                            LAT/LON1/LON2/DLON/H
   48   44   43   36   33   35   38   39   41   43   43   44   45   45   44   43
   41   38   36   33   31   29   27   26   25   25   25   25   26   27   28   30
   31   33   34   35   36   36   36   37   37   37   38   38   39   40   40   41
   42   43   44   46   47   49   51   53   54   55   56   57   57   57   56   56
   54   53   52   50   53   42   41   43   48                                   
    72.5-180.0 180.0   5.0 450.0                            LAT/LON1/LON2/DLON/H
   54   46   45   36   34   36   39   40   41   42   42   43   44   43   43   42
   40   38   36   34   31   30   28   27   26   26   27   27   28   30   31   32
   34   34   35   35   35   34   34   34   34   35   36   37   38   39   41   43
   45   47   50   54   57   61   64   67   70   72   73   74   74   74   73   72
   70   68   69   66   67   53   50   51   54                                   
    70.0-180.0 180.0   5.0 450.0                            LAT/LON1/LON2/DLON/H
   63   52   52   43   39   39   41   41   43   42   42   43   43   43   42   41
   40   38   37   35   34   32   31   31   30   30   31   32   33   34   35   36
   37   36   35   34   33   31   30   30   30   31   32   34   36   38   41   44
   47   52   57   62   68   74   79   84   88   90   92   93   92   91   89   88
   85   83   83   80   79   66   64   60   63                                   
    67.5-180.0 180.0   5.0 450.0                            LAT/LON1/LON2/DLON/H
   69   57   54   46   40   39   40   40   40   40   38   39   38   38   37   36
   35   35   34   33   32   31   31   31   31   31   32   33   34   35   35   35
   35   33   31   28   26   24   22   22   22   23   24   27   29   32   36   40
   45   51   58   66   74   82   89   95   99  102  104  104  103  101   98   96
   93   90   91   87   86   74   71   68   69                                   
    65.0-180.0 180.0   5.0 450.0                            LAT/LON1/LON2/DLON/H
   78   63   58   50   43   40   41   41   40   39   37   37   36   35   34   34
   33   33   33   33   32   32   32   32   32   33   33   34   35   35   35   35
   33   30   27   24   20   18   16   16   16   18   20   22   25   29   33   38
   44   52   61   71   81   91   99  106  111  114  115  115  112  109  106  103
   99   96   96   93   93   82   79   78   78                                   
    62.5-180.0 180.0   5.0 450.0                            LAT/LON1/LON2/DLON/H
   85   70   63   55   47   44   44   44   43   41   39   38   37   36   35   34
   34   34   35   34   34   34   34   34   34   34   35   36   36   36   36   34
   32   29   26   22   19   16   15   15   15   17   20   23   26   29   33   39
   46   56   66   78   90  101  110  117  122  125  125  123  121  117  113  109
  105  101  101   98   99   88   87   86   85                                   
    60.0-180.0 180.0   5.0 450.0                            LAT/LON1/LON2/DLON/H
   92   77   68   59   51   47   46   45   44   41   39   38   37   36   35   35
   35   36   36   35   35   34   33   33   33   33   34   34   35   34   34   33
   31   28   25   22   19   16   15   16   17   20   23   26   28   31   35   41
   49   59   71   84   96  108  117  124  128  130  129  127  124  121  117  113
  108  104  104  101  102   93   91   90   92                                   
    57.5-180.0 180.0   5.0 450.0                            LAT/LON1/LON2/DLON/H
   99   84   74   64   56   52   50   48   46   43   40   40   38   37   37   37
   38   38   37   36   35   33   31   31   31   32   32   33   33   33   32   31
   30   29   27   25   22   21   20   22   24   27   30   32   35   37   41   47
   55   66   78   92  104  115  124  129  133  134  133  131  129  126  122  119
  114  110  110  107  108   98   96   95   99                                   
    55.0-180.0 180.0   5.0 450.0                            LAT/LON1/LON2/DLON/H
  107   92   81   71   62   57   54   50   47   44   41   40   39   39   39   40
   41   40   39   37   34   31   30   29   30   31   33   33   33   32   32   32
   32   32   32   31   30   30   30   32   34   38   41   43   44   46   50   56
   65   76   89  101  113  122  129  134  136  137  136  135  134  132  130  127
  123  118  118  115  116  106  103  101  107                                   
    52.5-180.0 180.0   5.0 450.0                            LAT/LON1/LON2/DLON/H
  116  101   90   80   71   65   60   54   50   45   42   41   40   40   42   43
   44   43   41   38   34   32   30   31   33   35   37   37   37   36   35   35
   36   38   40   42   42   43   43   45   48   51   53   55   57   59   63   70
   79   90  102  113  123  131  136  139  140  140  140  140  140  140  140  138
  134  129  128  125  125  115  112  108  116                                   
    50.0-180.0 180.0   5.0 450.0                            LAT/LON1/LON2/DLON/H
  125  111   99   91   81   75   69   61   55   48   44   43   42   43   44   46
   47   46   43   40   36   34   35   37   40   44   46   46   45   43   42   42
   44   48   52   55   58   58   59   60   62   65   67   69   70   73   79   86
   96  107  117  127  134  139  143  144  144  144  145  146  147  149  149  150
  146  142  140  136  136  124  122  116  125                                   
    47.5-180.0 180.0   5.0 450.0                            LAT/LON1/LON2/DLON/H
  133  120  108  102   93   87   80   70   62   53   48   46   45   45   47   48
   49   48   46   43   41   41   43   47   52   57   59   59   57   54   51   51
   53   59   65   70   73   74   75   75   76   78   79   81   84   88   95  104
  114  124  133  140  145  148  149  149  148  148  148  150  152  155  157  158
  156  152  150  145  144  132  130  123  133                                   
    45.0-180.0 180.0   5.0 450.0                            LAT/LON1/LON2/DLON/H
  136  125  114  110  102   97   90   80   70   60   53   50   48   48   50   51
   51   50   49   47   47   50   54   60   67   72   75   74   71   65   61   60
   63   69   76   83   87   88   88   87   87   88   89   92   96  102  111  122
  132  141  147  151  154  155  154  153  151  150  150  151  154  157  160  162
  161  158  155  150  148  136  134  128  136                                   
    42.5-180.0 180.0   5.0 450.0                            LAT/LON1/LON2/DLON/H
  134  123  114  113  107  104   97   88   77   67   60   56   53   53   53   53
   53   53   52   53   56   60   67   75   82   88   90   88   82   75   70   68
   70   76   84   92   97   98   98   96   95   96   97  100  106  114  125  137
  147  154  159  160  161  160  158  156  154  152  152  152  154  156  159  162
  162  160  157  151  148  136  133  128  134                                   
    40.0-180.0 180.0   5.0 450.0                            LAT/LON1/LON2/DLON/H
  127  116  108  108  105  103   98   91   82   73   66   62   60   58   57   56
   56   56   57   60   65   72   80   88   95   99  100   96   90   82   76   74
   76   81   89   97  103  104  104  102  101  101  103  107  114  124  137  149
  158  164  167  167  166  165  164  161  159  157  156  155  155  156  158  162
  163  161  158  151  146  134  129  125  127                                   
    37.5-180.0 180.0   5.0 450.0                            LAT/LON1/LON2/DLON/H
  118  105   97   96   95   94   91   87   81   75   70   68   66   64   62   61
   60   61   64   69   76   83   91   98  103  105  104   99   92   85   80   78
   79   84   92   99  104  107  106  105  105  105  108  113  121  132  145  157
  166  171  172  173  173  173  173  172  170  168  166  165  163  162  163  166
  168  166  163  155  148  134  127  123  118                                   
    35.0-180.0 180.0   5.0 450.0                            LAT/LON1/LON2/DLON/H
  112   96   84   81   79   78   77   76   75   73   71   72   71   70   68   66
   66   68   73   79   86   93   99  103  105  104  102   97   92   86   83   81
   82   86   92   99  104  106  107  107  107  108  112  118  127  139  152  163
  171  176  178  181  184  187  189  189  189  188  187  185  182  180  180  183
  184  182  178  170  161  143  133  126  112                                   
    32.5-180.0 180.0   5.0 450.0                            LAT/LON1/LON2/DLON/H
  115   93   77   69   65   62   61   62   65   66   68   72   74   74   73   73
   73   77   82   89   95  100  102  103  102  100   97   93   90   87   85   85
   86   89   93   97  101  104  105  106  107  110  115  122  131  143  156  168
  176  182  187  193  200  206  211  214  216  217  217  216  213  210  210  213
  215  213  210  200  189  167  155  142  115                                   
    30.0-180.0 180.0   5.0 450.0                            LAT/LON1/LON2/DLON/H
  133  104   82   67   58   51   49   50   53   57   63   69   74   76   77   78
   80   84   90   96  100  101  100   98   96   94   93   91   89   89   89   90
   91   92   94   96   99  101  102  104  106  111  116  124  135  147  160  172
  181  189  199  209  221  232  240  245  249  253  255  256  254  252  253  257
  260  259  256  245  233  207  193  173  133                                   
    27.5-180.0 180.0   5.0 450.0                            LAT/LON1/LON2/DLON/H
  168  134  105   82   66   52   45   43   45   49   56   64   70   75   78   81
   84   89   94   98   98   97   94   92   92   92   92   93   93   94   96   98
   98   98   97   96   96   97   98  100  103  109  116  125  137  150  164  177
  189  201  216  232  250  264  275  283  289  296  301  304  305  304  306  311
  314  315  312  300  289  262  247  220  168                                   
    25.0-180.0 180.0   5.0 450.0                            LAT/LON1/LON2/DLON/H
  220  183  148  116   92   69   54   45   43   45   51   59   66   72   77   80
   84   88   92   93   92   89   87   87   91   95   99  101  103  105  108  109
  109  106  101   97   94   92   92   94   98  104  113  124  138  152  168  184
  200  218  239  262  285  303  317  326  335  345  353  359  361  361  364  369
  373  374  372  359  349  324  308  278  220                                   
    22.5-180.0 180.0   5.0 450.0                            LAT/LON1/LON2/DLON/H
  286  249  209  171  138  106   80   61   53   50   51   57   63   69   74   78
   81   84   86   85   82   80   82   87   96  105  112  116  118  120  123  123
  121  114  105   97   90   86   85   86   90   97  109  122  138  156  174  194
  216  240  268  297  324  346  361  372  383  394  405  412  415  417  420  425
  428  430  427  415  407  386  370  341  286                                   
    20.0-180.0 180.0   5.0 450.0                            LAT/LON1/LON2/DLON/H
  357  324  279  238  201  161  124   94   75   65   60   61   65   69   73   75
   77   78   78   76   74   75   82   94  108  121  131  136  138  139  139  136
  130  119  106   94   85   79   76   76   81   90  103  120  139  160  183  208
  235  266  299  332  362  384  400  411  423  436  448  456  461  463  466  470
  473  473  471  460  453  441  425  401  357                                   
    17.5-180.0 180.0   5.0 450.0                            LAT/LON1/LON2/DLON/H
  419  392  350  310  270  226  181  142  112   92   80   75   74   76   77   77
   76   75   74   72   72   77   89  106  126  142  154  159  159  156  151  143
  132  118  103   89   78   71   67   67   72   83   98  118  141  166  194  224
  256  291  328  362  391  412  426  437  449  462  474  483  489  492  495  498
  500  500  498  490  483  479  467  448  419                                   
    15.0-180.0 180.0   5.0 450.0                            LAT/LON1/LON2/DLON/H
  462  443  407  371  333  290  241  196  158  129  109   98   92   90   88   86
   83   80   78   77   80   88  105  126  148  166  178  181  177  168  156  143
  128  111   95   82   72   65   61   61   67   79   96  118  145  174  206  240
  275  313  349  382  408  425  437  447  458  470  482  492  498  501  504  507
  507  507  506  501  496  498  491  477  462                                   
    12.5-180.0 180.0   5.0 450.0                            LAT/LON1/LON2/DLON/H
  481  469  441  411  379  340  294  249  207  171  145  128  119  114  109  104
  100   97   94   95   99  111  129  152  173  190  198  196  186  171  153  136
  118  102   88   76   68   62   59   59   66   78   97  121  150  182  216  253
  290  327  361  390  412  425  435  444  455  466  477  485  492  496  499  501
  500  499  499  496  493  498  496  487  481                                   
    10.0-180.0 180.0   5.0 450.0                            LAT/LON1/LON2/DLON/H
  481  473  453  426  402  370  330  290  250  212  183  164  152  144  138  132
  127  124  123  125  131  144  162  182  200  210  211  202  186  166  145  126
  108   94   82   73   67   62   60   61   68   82  101  127  157  190  226  263
  300  335  365  390  407  418  427  435  445  455  464  473  479  483  486  487
  486  484  484  483  481  486  487  481  481                                   
     7.5-180.0 180.0   5.0 450.0                            LAT/LON1/LON2/DLON/H
  472  467  450  424  405  379  347  316  281  247  218  199  187  179  172  166
  163  161  162  166  174  186  201  214  222  222  213  198  178  157  136  116
