data/edconvlstm_nd/pred2660.15i
     1.0            IONOSPHERE MAPS     GNSS                IONEX VERSION / TYPE
pyspatialgeodesy        IME             05-JAN-18 20:20     PGM / RUN BY / DATE 
Map Name                                                    COMMENT             
Predicted global ionosphere maps (GIM).                     DESCRIPTION         
  2015     9    23     0     0     0                        EPOCH OF FIRST MAP  
  2015     9    24     0     0     0                        EPOCH OF LAST MAP   
  7200                                                      INTERVAL            
    13                                                      # OF MAPS IN FILE   
  NONE                                                      MAPPING FUNCTION    
10.0                                                        ELEVATION CUTOFF    
One-way carrier phase leveled to code                       OBSERVABLES USED    
  6371.0                                                    BASE RADIUS         
 2                                                          MAP DIMENSION       
   450.0 450.0   0.0                                        HGT1 / HGT2 / DHGT  
    87.5 -87.5  -2.5                                        LAT1 / LAT2 / DLAT  
  -180.0 180.0   5.0                                        LON1 / LON2 / DLON  
    -1                                                      EXPONENT            
                                                            END OF HEADER       
[from data line 3861]
    10                                                      START OF TEC MAP    
  2015     9    23    18     0     0                        EPOCH OF CURRENT MAP
    87.5-180.0 180.0   5.0 450.0                            LAT/LON1/LON2/DLON/H
  115  118  113  118  121  120  119  116  117  119  119  120  121  121  122  123
  123  124  124  124  124  123  123  122  121  120  118  117  116  114  113  112
  110  109  107  106  105  104  103  103  102  102  102  102  103  104  104  105
  106  107  108  109  111  112  113  114  114  115  116  116  117  117  117  117
  117  117  114  112  119  116  128  123  115                                   
    85.0-180.0 180.0   5.0 450.0                            LAT/LON1/LON2/DLON/H
  120  118  127  114  112  117  116  118  119  122  121  123  124  125  127  128
  129  129  130  130  130  129  129  128  126  125  123  122  120  118  115  113
  111  109  107  105  104  102  101  100   99   99   99   99  100  100  101  103
  104  105  107  109  110  112  113  115  116  117  118  118  119  119  119  119
  120  119  115  110  111  110  114  114  120                                   
    82.5-180.0 180.0   5.0 450.0                            LAT/LON1/LON2/DLON/H
  104  104  106  100  101  105  108  109  110  113  115  117  119  122  124  126
  128  130  131  132  132  132  132  130  129  127  124  122  119  116  113  110
  106  103  100   97   95   92   90   88   87   86   85   85   86   86   88   89
   91   93   95   98  100  102  105  106  108  109  110  111  112  112  112  111
  111  110  106  104  104  112  103  101  104                                   
    80.0-180.0 180.0   5.0 450.0                            LAT/LON1/LON2/DLON/H
   84   82   88   84   84   85   90   94   97  101  104  109  112  116  120  124
  127  129  131  133  133  133  132  130  128  125  122  118  115  110  106  102
   98   93   89   85   81   78   75   73   71   69   68   68   69   70   72   74
   76   79   82   85   88   91   93   96   97   99  100  100  100  100  100   99
   99   97   95   94   89   90   86   90   84                                   
    77.5-180.0 180.0   5.0 450.0                            LAT/LON1/LON2/DLON/H
   78   72   73   71   74   76   81   85   89   94   98  105  110  116  122  127
  132  135  138  140  141  141  140  138  136  132  128  124  119  115  110  104
   99   94   89   84   79   75   71   67   64   61   60   59   59   60   62   64
   67   70   73   76   79   82   85   87   88   89   89   90   89   89   88   87
   86   85   83   82   80   77   76   81   78                                   
    75.0-180.0 180.0   5.0 450.0                            LAT/LON1/LON2/DLON/H
   65   62   61   61   65   69   74   78   84   90   96  103  110  117  124  131
  136  141  144  147  148  148  147  145  142  138  134  129  125  120  115  110
  104   99   94   89   83   78   73   69   65   62   59   58   57   58   59   61
   64   67   70   73   75   78   79   81   81   82   81   81   80   80   79   79
   78   77   77   73   71   68   65   62   65                                   
    72.5-180.0 180.0   5.0 450.0                            LAT/LON1/LON2/DLON/H
   60   57   56   61   62   67   73   77   82   88   95  103  111  120  128  135
  141  147  150  153  154  153  152  149  145  141  137  132  127  123  118  113
  109  104   99   93   88   83   77   72   67   62   59   56   54   54   54   56
   58   60   63   65   67   69   69   70   70   69   69   68   67   66   66   66
   66   66   65   62   60   60   58   61   60                                   
    70.0-180.0 180.0   5.0 450.0                            LAT/LON1/LON2/DLON/H
   56   55   54   59   62   67   71   77   83   90   97  106  114  123  131  139
  145  151  154  157  158  157  155  152  148  143  139  134  130  126  122  119
  115  111  107  102   97   91   86   80   74   69   64   60   57   56   55   55
   57   58   60   61   62   62   62   61   60   59   58   57   56   56   56   57
   57   58   59   57   57   57   58   60   56                                   
    67.5-180.0 180.0   5.0 450.0                            LAT/LON1/LON2/DLON/H
   56   57   57   64   67   73   79   84   90   97  104  112  121  130  138  145
  152  156  160  162  162  161  158  155  150  145  140  135  132  128  125  123
  120  117  114  110  105  100   94   88   82   76   70   65   61   59   57   57
   57   58   58   59   58   58   57   55   54   52   51   50   49   49   50   52
   52   53   54   53   52   54   53   56   56                                   
    65.0-180.0 180.0   5.0 450.0                            LAT/LON1/LON2/DLON/H
   54   57   57   66   70   77   83   88   95  101  108  116  125  133  141  148
  153  158  161  163  163  162  159  155  150  145  140  136  133  130  129  127
  126  124  121  117  113  108  102   96   89   83   76   71   66   62   60   58
   57   57   56   55   54   52   50   48   46   44   43   42   42   42   43   45
   46   48   50   50   50   53   53   56   54                                   
    62.5-180.0 180.0   5.0 450.0                            LAT/LON1/LON2/DLON/H
   52   57   58   67   73   81   87   93   99  106  112  120  128  136  143  150
  155  159  162  164  164  163  160  155  150  145  140  137  134  133  132  132
  131  129  127  123  119  114  108  102   95   88   81   75   69   65   61   59
   57   56   54   52   50   48   45   43   41   39   38   38   38   38   39   40
   41   43   45   45   45   47   47   51   52                                   
    60.0-180.0 180.0   5.0 450.0                            LAT/LON1/LON2/DLON/H
   49   54   57   67   73   82   89   95  101  107  114  121  129  136  143  149
  154  158  160  162  162  161  159  155  150  146  141  139  138  138  139  139
  139  137  134  130  125  120  114  108  101   93   86   79   73   68   64   60
   58   55   52   49   46   44   41   39   37   36   35   35   35   35   35   36
   36   37   38   38   40   42   43   46   49                                   
    57.5-180.0 180.0   5.0 450.0                            LAT/LON1/LON2/DLON/H
   45   52   57   67   75   83   90   96  102  108  115  122  129  136  142  148
  152  156  158  160  161  161  159  156  152  148  145  144  145  147  149  150
  150  148  144  139  134  128  122  116  109  101   94   86   80   74   68   64
   60   56   52   49   45   42   40   38   37   36   36   36   35   35   34   34
   33   33   33   34   35   38   38   42   45                                   
    55.0-180.0 180.0   5.0 450.0                            LAT/LON1/LON2/DLON/H
   44   52   58   69   77   85   93   99  104  109  116  122  129  136  141  146
  150  153  156  158  159  160  160  158  155  152  151  151  154  158  162  164
  163  160  156  150  145  139  133  126  119  111  103   95   88   81   75   69
   64   59   54   50   46   42   40   39   39   39   39   39   38   37   35   34
   32   31   31   31   33   35   37   40   44                                   
    52.5-180.0 180.0   5.0 450.0                            LAT/LON1/LON2/DLON/H
   46   55   62   73   81   90   97  103  108  112  118  124  130  135  140  144
  148  150  153  155  157  159  160  160  159  157  158  160  165  170  175  178
  177  174  168  163  157  152  146  139  132  124  115  107   99   91   83   77
   70   64   59   53   49   45   43   43   43   44   44   44   43   41   39   37
   34   33   32   32   34   37   39   42   46                                   
    50.0-180.0 180.0   5.0 450.0                            LAT/LON1/LON2/DLON/H
   51   62   70   81   90   99  106  111  114  118  123  127  132  137  141  144
  147  149  151  154  156  159  162  164  164  164  166  169  175  182  187  190
  189  186  181  176  171  166  161  154  146  137  128  119  110  102   93   86
   79   72   65   59   54   50   49   49   49   51   51   51   50   48   46   43
   40   38   38   37   40   43   45   48   51                                   
    47.5-180.0 180.0   5.0 450.0                            LAT/LON1/LON2/DLON/H
   60   72   81   92  101  111  117  122  125  129  131  135  138  141  144  146
  148  150  152  154  157  162  166  169  171  172  174  178  184  191  196  198
  198  195  191  187  184  180  175  168  159  149  140  130  121  112  103   95
   87   80   73   67   61   57   56   56   58   59   60   60   59   57   55   53
   50   48   47   47   49   52   55   58   60                                   
    45.0-180.0 180.0   5.0 450.0                            LAT/LON1/LON2/DLON/H
   70   83   93  104  113  124  130  136  139  142  144  146  147  149  150  151
  153  154  155  157  161  167  173  178  181  182  183  186  191  197  201  203
  202  200  199  197  196  194  188  180  170  159  148  139  130  121  112  103
   96   88   81   74   69   65   64   64   66   68   70   70   70   68   67   65
   62   61   60   59   61   64   67   69   70                                   
    42.5-180.0 180.0   5.0 450.0                            LAT/LON1/LON2/DLON/H
   79   92  103  116  125  136  143  150  153  157  159  160  160  160  160  160
  161  161  161  164  168  175  183  189  192  193  193  194  197  201  204  205
  205  205  206  208  209  206  200  189  177  165  154  144  135  126  117  109
  102   95   88   82   76   72   71   72   75   78   80   81   81   80   79   78
   75   74   73   72   72   75   78   79   79                                   
    40.0-180.0 180.0   5.0 450.0                            LAT/LON1/LON2/DLON/H
   86   99  110  124  135  146  155  163  168  173  175  176  176  175  174  173
  173  172  172  174  179  187  196  202  206  206  204  203  204  205  207  209
  211  214  218  222  224  220  211  198  183  169  156  146  137  128  120  112
  105   99   93   87   82   78   77   79   82   86   88   90   91   91   91   90
   88   86   84   82   81   82   84   85   86                                   
    37.5-180.0 180.0   5.0 450.0                            LAT/LON1/LON2/DLON/H
   89  102  114  130  141  153  164  173  180  187  190  192  192  191  190  189
  188  186  185  187  192  201  210  217  220  220  217  214  213  213  216  219
  224  230  238  244  245  238  225  207  188  171  158  147  137  128  120  113
  107  101   96   91   87   84   83   85   89   93   96   98   99   99  100   99
   96   94   92   89   86   85   85   87   89                                   
    35.0-180.0 180.0   5.0 450.0                            LAT/LON1/LON2/DLON/H
   91  103  115  133  146  158  170  181  190  199  204  208  209  209  209  208
  206  204  202  203  208  216  225  232  235  234  231  228  227  229  233  239
  248  259  269  275  274  262  243  219  195  175  160  148  137  128  119  112
  107  102   98   94   91   89   88   91   94   98  102  104  105  105  105  105
  101   98   95   91   86   84   82   85   91                                   
    32.5-180.0 180.0   5.0 450.0                            LAT/LON1/LON2/DLON/H
   93  105  117  135  149  161  175  187  198  208  216  221  225  226  228  227
  226  222  220  220  224  232  241  247  250  250  248  247  249  253  261  272
  286  301  313  317  310  292  264  234  205  182  164  151  139  129  120  113
  108  104  101   98   96   94   95   97  100  104  107  108  109  109  109  107
  103  100   96   91   85   81   78   81   93                                   
    30.0-180.0 180.0   5.0 450.0                            LAT/LON1/LON2/DLON/H
   97  109  122  139  154  166  180  193  205  216  226  233  239  243  246  247
  246  242  239  238  242  248  255  261  265  266  268  271  277  286  299  316
  334  352  365  365  352  325  289  252  218  192  173  158  145  133  124  116
  111  108  106  104  103  102  103  104  107  110  112  113  113  112  110  108
  104  100   95   90   84   79   76   79   97                                   
    27.5-180.0 180.0   5.0 450.0                            LAT/LON1/LON2/DLON/H
  105  117  131  147  162  174  186  198  210  222  233  243  252  259  264  267
  266  263  259  257  259  264  270  275  279  284  290  299  311  326  345  366
  389  409  419  415  393  357  314  270  234  206  185  169  155  143  132  124
  119  115  113  112  112  112  113  114  115  116  117  117  116  114  113  110
  105  101   96   91   85   80   77   80  105                                   
    25.0-180.0 180.0   5.0 450.0                            LAT/LON1/LON2/DLON/H
  116  129  143  157  172  184  194  204  215  227  239  251  262  272  281  286
  286  284  280  277  278  281  285  290  296  304  316  331  349  369  393  418
  443  462  469  458  428  385  335  288  249  221  200  184  169  157  146  137
  131  126  124  123  123  124  125  125  124  124  123  122  120  118  116  113
  109  106  100   95   90   85   83   84  116                                   
    22.5-180.0 180.0   5.0 450.0                            LAT/LON1/LON2/DLON/H
  129  142  156  169  184  196  204  212  222  233  244  257  271  284  296  303
  306  305  301  298  298  300  303  308  316  329  345  366  389  413  439  465
  490  506  507  490  453  404  351  302  264  236  216  200  186  174  164  155
  148  142  138  137  137  138  138  137  134  132  129  127  124  121  120  118
  114  112  107  102   98   93   91   92  129                                   
    20.0-180.0 180.0   5.0 450.0                            LAT/LON1/LON2/DLON/H
  140  153  167  181  196  207  215  222  230  240  251  265  280  296  310  321
  326  326  324  321  320  321  325  331  342  357  378  402  428  454  479  503
  523  533  529  506  466  414  360  312  276  250  232  217  205  194  185  177
  169  162  156  154  153  153  153  149  145  139  135  131  127  124  123  122
  120  120  115  110  106  102   99  101  140                                   
    17.5-180.0 180.0   5.0 450.0                            LAT/LON1/LON2/DLON/H
  147  161  174  189  205  217  225  231  239  248  260  274  290  308  325  338
  346  348  348  346  345  347  352  360  373  392  415  440  466  489  510  527
  539  542  533  507  466  416  365  320  286  262  246  233  223  215  208  201
  193  185  177  172  170  169  167  162  155  147  140  134  129  126  125  125
  125  126  122  117  113  109  106  109  147                                   
    15.0-180.0 180.0   5.0 450.0                            LAT/LON1/LON2/DLON/H
  148  164  177  193  211  223  233  240  249  259  270  285  302  321  340  356
  367  372  374  373  374  377  384  394  410  430  454  478  499  517  529  536
  539  535  522  496  459  414  368  327  296  274  259  248  240  235  231  226
  218  209  199  191  187  184  180  173  164  154  145  137  130  126  125  126
  126  128  124  120  116  111  108  114  148                                   
    12.5-180.0 180.0   5.0 450.0                            LAT/LON1/LON2/DLON/H
  142  160  175  192  213  227  241  249  259  270  283  298  316  336  356  374
  388  396  400  402  405  410  419  433  451  471  493  512  527  536  538  535
  529  519  504  481  450  413  373  337  308  287  271  261  256  253  252  248
  241  231  219  208  201  195  189  181  171  159  148  138  129  123  122  123
  123  126  122  118  113  108  105  113  142                                   
    10.0-180.0 180.0   5.0 450.0                            LAT/LON1/LON2/DLON/H
  134  153  170  189  213  229  247  257  270  283  297  313  332  352  372  392
  409  420  427  431  435  443  455  471  491  510  528  540  547  547  540  529
  515  501  486  469  446  417  385  352  324  301  284  273  268  267  268  266
  260  249  235  222  211  202  194  185  174  162  149  137  127  119  116  116
  117  119  115  111  106  101   99  107  134                                   
     7.5-180.0 180.0   5.0 450.0                            LAT/LON1/LON2/DLON/H
  124  145  163  185  212  232  253  266  281  296  312  330  349  369  389  409
  427  441  450  456  463  473  488  507  526  542  554  560  559  552  539  522
