data/edconvlstm_nd/pred1620.15i
     1.0            IONOSPHERE MAPS     GNSS                IONEX VERSION / TYPE
pyspatialgeodesy        IME             05-JAN-18 20:20     PGM / RUN BY / DATE 
Map Name                                                    COMMENT             
Predicted global ionosphere maps (GIM).                     DESCRIPTION         
  2015     6    11     0     0     0                        EPOCH OF FIRST MAP  
  2015     6    12     0     0     0                        EPOCH OF LAST MAP   
  7200                                                      INTERVAL            
    13                                                      # OF MAPS IN FILE   
  NONE                                                      MAPPING FUNCTION    
10.0                                                        ELEVATION CUTOFF    
One-way carrier phase leveled to code                       OBSERVABLES USED    
  6371.0                                                    BASE RADIUS         
 2                                                          MAP DIMENSION       
   450.0 450.0   0.0                                        HGT1 / HGT2 / DHGT  
    87.5 -87.5  -2.5                                        LAT1 / LAT2 / DLAT  
  -180.0 180.0   5.0                                        LON1 / LON2 / DLON  
    -1                                                      EXPONENT            
                                                            END OF HEADER       
[from data line 3003]
     8                                                      START OF TEC MAP    
  2015     6    11    14     0     0                        EPOCH OF CURRENT MAP
    87.5-180.0 180.0   5.0 450.0                            LAT/LON1/LON2/DLON/H
  182  183  178  184  184  185  185  184  185  186  186  187  187  187  188  188
  188  188  189  189  188  188  188  188  187  187  187  186  186  185  185  184
  184  183  183  182  182  181  181  180  180  180  180  180  180  180  180  180
  181  181  181  181  182  182  183  183  183  183  183  183  184  184  183  183
  182  183  181  181  187  186  190  185  182                                   
    85.0-180.0 180.0   5.0 450.0                            LAT/LON1/LON2/DLON/H
  178  181  190  184  182  187  187  189  190  191  191  192  192  193  193  194
  194  195  195  195  195  195  195  195  194  194  194  193  193  192  191  191
  190  189  188  188  187  186  185  185  184  184  184  184  184  184  184  185
  185  186  186  187  187  188  189  189  190  190  190  191  191  191  190  190
  191  191  187  185  184  181  184  187  178                                   
    82.5-180.0 180.0   5.0 450.0                            LAT/LON1/LON2/DLON/H
  164  176  178  173  172  176  178  180  180  182  182  184  185  186  187  188
  189  190  191  191  192  192  192  193  193  193  193  192  192  191  191  190
  189  188  187  185  184  183  182  181  180  179  179  178  178  178  179  179
  179  180  181  182  182  183  184  185  185  185  185  185  185  185  184  183
  183  182  178  179  175  181  178  169  164                                   
    80.0-180.0 180.0   5.0 450.0                            LAT/LON1/LON2/DLON/H
  158  165  169  167  165  167  169  173  174  176  177  179  180  182  183  185
  186  188  189  190  191  192  193  193  194  194  194  194  193  193  192  191
  189  188  186  184  182  180  179  177  176  175  174  174  174  174  174  175
  176  177  178  179  180  181  182  183  183  183  183  183  183  182  181  180
  179  177  174  174  168  167  169  160  158                                   
    77.5-180.0 180.0   5.0 450.0                            LAT/LON1/LON2/DLON/H
  155  156  160  160  159  162  163  166  167  169  170  172  174  176  177  179
  181  183  186  187  189  191  193  194  195  196  197  197  197  196  196  194
  193  191  188  186  184  182  179  178  176  175  175  174  174  174  175  175
  176  177  178  179  181  182  182  183  184  183  183  182  181  179  178  176
  174  171  167  166  166  160  160  157  155                                   
    75.0-180.0 180.0   5.0 450.0                            LAT/LON1/LON2/DLON/H
  148  152  153  155  155  158  159  161  163  165  166  168  169  172  174  176
  178  181  184  187  189  192  195  197  199  200  201  202  202  201  200  199
  197  195  192  189  187  184  182  180  178  178  177  177  177  177  178  178
  179  180  181  182  183  184  185  185  186  185  185  183  182  180  177  175
  172  169  165  161  160  156  156  147  148                                   
    72.5-180.0 180.0   5.0 450.0                            LAT/LON1/LON2/DLON/H
  142  148  149  153  152  156  158  159  160  162  162  164  165  167  169  172
  174  177  180  183  187  191  194  197  199  201  203  203  203  203  202  200
  198  196  193  190  187  185  182  181  179  179  179  179  180  180  180  181
  181  181  182  183  183  184  185  186  186  185  184  183  181  179  176  173
  169  166  162  158  155  153  152  148  142                                   
    70.0-180.0 180.0   5.0 450.0                            LAT/LON1/LON2/DLON/H
  143  147  149  152  152  154  156  158  159  160  161  162  163  165  167  169
  171  174  177  180  184  188  192  195  198  200  201  202  202  201  200  199
  197  195  192  189  186  183  181  180  179  180  181  182  183  183  183  183
  183  182  182  182  182  183  184  184  185  185  184  183  181  179  176  173
  169  165  161  157  154  152  154  149  143                                   
    67.5-180.0 180.0   5.0 450.0                            LAT/LON1/LON2/DLON/H
  145  151  153  157  157  160  161  163  164  165  166  167  169  170  172  173
  174  176  178  181  185  189  193  196  199  201  202  203  202  202  201  200
  198  196  193  190  187  184  183  182  182  184  186  188  190  190  190  189
  188  186  185  184  184  185  186  187  188  189  189  188  187  184  181  178
  174  169  165  160  156  154  155  150  145                                   
    65.0-180.0 180.0   5.0 450.0                            LAT/LON1/LON2/DLON/H
  148  155  156  160  160  163  164  166  167  169  170  172  174  175  176  177
  177  177  178  180  183  186  190  194  197  199  200  200  201  200  200  199
  198  196  193  190  187  185  183  183  185  188  191  195  197  198  197  195
  192  189  187  186  185  186  188  190  192  193  194  194  193  190  187  184
  179  175  170  165  161  158  160  155  148                                   
    62.5-180.0 180.0   5.0 450.0                            LAT/LON1/LON2/DLON/H
  150  157  159  162  162  165  166  168  170  172  174  177  180  182  182  182
  181  179  178  178  180  183  187  190  193  195  197  198  199  200  200  200
  199  198  195  192  189  186  185  186  188  193  198  202  205  206  204  201
  197  193  190  188  188  190  192  195  198  200  202  202  201  198  195  191
  186  180  175  169  164  160  163  158  150                                   
    60.0-180.0 180.0   5.0 450.0                            LAT/LON1/LON2/DLON/H
  150  156  158  161  161  164  165  167  169  172  175  179  183  186  186  185
  183  179  177  175  176  178  181  185  188  191  194  196  198  200  201  202
  202  201  198  195  192  189  188  190  193  199  205  210  213  214  212  208
  203  198  195  193  193  196  199  203  207  210  211  212  210  207  203  198
  192  185  179  172  166  162  164  159  150                                   
    57.5-180.0 180.0   5.0 450.0                            LAT/LON1/LON2/DLON/H
  148  153  154  158  157  161  162  163  166  169  173  178  183  187  188  187
  183  178  174  171  171  172  176  180  184  188  192  196  200  203  206  207
  207  206  204  201  197  195  194  196  200  206  213  219  222  223  221  216
  211  206  202  201  202  205  210  215  219  222  224  223  221  217  211  205
  197  190  182  175  167  161  163  158  148                                   
    55.0-180.0 180.0   5.0 450.0                            LAT/LON1/LON2/DLON/H
  144  147  149  152  151  156  156  157  159  163  167  173  179  184  186  185
  181  175  170  166  165  167  171  176  182  187  193  198  204  208  212  214
  214  213  210  207  204  202  201  203  208  214  221  227  230  231  229  224
  219  215  212  211  213  217  223  228  232  235  236  234  231  225  219  212
  202  194  185  176  167  160  161  157  144                                   
    52.5-180.0 180.0   5.0 450.0                            LAT/LON1/LON2/DLON/H
  141  142  144  146  145  150  150  151  153  156  160  167  173  178  181  180
  177  171  166  162  161  163  168  174  181  188  195  202  209  215  219  221
  221  220  217  214  211  209  209  211  216  222  228  233  237  238  236  232
  228  225  223  224  226  231  236  241  245  247  247  244  239  232  225  217
  207  197  188  178  169  161  160  156  141                                   
    50.0-180.0 180.0   5.0 450.0                            LAT/LON1/LON2/DLON/H
  139  139  140  142  141  145  145  146  147  150  154  161  167  172  175  175
  172  167  163  159  159  163  168  176  183  191  199  208  216  222  226  228
  227  225  223  220  218  217  218  220  224  229  234  239  242  243  242  240
  238  236  236  236  239  243  248  253  256  256  254  250  244  237  229  221
  211  202  192  182  172  164  162  158  139                                   
    47.5-180.0 180.0   5.0 450.0                            LAT/LON1/LON2/DLON/H
  140  139  139  140  138  141  142  142  144  147  151  157  162  167  170  170
  169  165  162  160  161  166  172  180  188  197  205  214  223  229  233  234
  232  230  228  227  226  227  228  230  233  237  241  244  247  248  249  248
  248  248  248  249  251  254  258  261  262  261  257  253  246  240  233  225
  216  207  198  188  178  170  168  163  140                                   
    45.0-180.0 180.0   5.0 450.0                            LAT/LON1/LON2/DLON/H
  144  143  142  141  139  140  141  141  143  147  152  157  162  165  168  169
  168  167  165  165  167  172  179  187  195  203  212  221  229  235  238  239
  238  236  235  236  237  238  240  243  245  247  249  251  253  255  256  258
  259  260  260  260  260  262  263  264  264  261  257  252  247  242  236  230
  222  215  206  197  187  179  176  171  144                                   
    42.5-180.0 180.0   5.0 450.0                            LAT/LON1/LON2/DLON/H
  151  150  147  145  141  141  141  141  145  150  156  162  166  168  170  172
  173  173  173  174  177  182  189  196  203  211  219  228  235  241  245  246
  246  246  248  250  253  256  258  260  261  262  263  263  264  266  268  271
  273  273  272  270  268  267  266  265  263  260  256  252  248  245  241  237
  230  224  215  207  197  191  188  181  151                                   
    40.0-180.0 180.0   5.0 450.0                            LAT/LON1/LON2/DLON/H
  159  160  155  150  144  142  141  142  147  155  163  169  173  176  178  180
  183  185  186  187  190  194  200  206  212  219  227  235  242  249  253  257
  260  263  267  272  276  280  283  285  285  284  283  282  282  282  284  287
  288  288  285  280  275  271  268  266  263  259  256  253  252  251  250  246
  240  234  226  218  208  202  199  191  159                                   
    37.5-180.0 180.0   5.0 450.0                            LAT/LON1/LON2/DLON/H
  169  170  163  156  148  144  142  142  149  159  169  177  183  185  189  192
  197  201  203  204  205  208  212  217  222  229  236  244  252  259  266  273
  280  288  296  303  309  313  316  317  317  315  312  309  307  306  306  307
  307  305  299  292  284  278  273  269  265  262  260  260  261  262  262  259
  252  246  236  228  218  213  210  201  169                                   
    35.0-180.0 180.0   5.0 450.0                            LAT/LON1/LON2/DLON/H
  178  180  172  162  153  146  143  142  150  162  174  185  191  196  201  207
  214  219  222  223  223  224  226  229  234  240  248  256  264  273  283  295
  309  322  334  343  350  354  356  357  356  353  349  344  340  336  334  332
  330  324  316  306  296  288  282  276  273  270  270  271  275  277  278  275
  266  257  245  236  225  221  218  208  178                                   
    32.5-180.0 180.0   5.0 450.0                            LAT/LON1/LON2/DLON/H
  186  189  181  169  159  149  145  143  150  163  177  189  198  205  213  222
  231  239  242  243  242  241  241  243  248  254  263  272  281  292  306  324
  344  363  379  390  397  400  401  401  400  396  391  385  378  372  366  361
  355  347  337  325  314  304  296  290  286  284  285  288  293  296  296  291
  279  267  252  242  230  227  223  213  186                                   
    30.0-180.0 180.0   5.0 450.0                            LAT/LON1/LON2/DLON/H
  194  197  190  177  167  156  149  145  151  163  178  192  203  212  223  236
  248  258  263  264  262  260  259  261  265  273  282  292  303  316  334  357
  383  408  427  439  445  447  447  447  445  441  435  428  419  410  401  393
  384  374  362  349  337  326  317  310  305  303  304  308  313  316  313  305
  290  275  257  245  233  229  226  216  194                                   
    27.5-180.0 180.0   5.0 450.0                            LAT/LON1/LON2/DLON/H
  201  205  200  187  177  165  157  151  154  165  178  193  205  217  231  247
  263  275  282  284  283  281  280  282  287  295  305  317  329  344  365  392
  422  451  472  484  489  489  488  488  486  482  476  468  458  447  436  425
  414  402  390  377  364  353  343  333  326  323  323  327  331  331  326  314
  296  279  259  246  233  230  226  217  201                                   
    25.0-180.0 180.0   5.0 450.0                            LAT/LON1/LON2/DLON/H
  206  211  208  197  189  177  168  160  161  168  180  193  207  221  237  256
  275  290  299  304  304  304  304  307  312  321  332  344  357  373  396  425
  457  487  508  519  522  522  521  520  518  515  510  501  491  479  466  454
  442  429  417  404  391  378  365  353  344  338  337  339  341  338  331  317
  297  279  258  244  231  228  225  217  206                                   
    22.5-180.0 180.0   5.0 450.0                            LAT/LON1/LON2/DLON/H
  208  215  214  206  200  190  181  171  169  174  183  195  209  225  243  264
  284  302  314  322  325  327  329  333  339  349  360  372  386  402  424  453
  484  512  532  541  543  543  542  541  540  537  531  523  513  501  488  475
  463  450  437  424  409  394  378  363  351  343  340  340  339  334  325  310
  291  273  254  239  228  224  222  215  208                                   
    20.0-180.0 180.0   5.0 450.0                            LAT/LON1/LON2/DLON/H
  207  215  215  210  207  200  193  183  179  181  187  199  213  229  248  270
  292  311  326  337  344  349  353  358  365  375  386  398  411  427  447  474
  502  527  543  551  553  553  553  553  551  548  542  534  524  513  501  489
  477  464  450  434  416  397  378  360  345  335  330  328  326  319  310  296
  280  265  247  234  223  219  217  210  207                                   
    17.5-180.0 180.0   5.0 450.0                            LAT/LON1/LON2/DLON/H
  203  211  211  207  207  203  199  191  187  187  192  203  217  233  253  274
  297  318  335  349  359  367  373  379  387  396  408  420  433  447  466  489
  513  533  547  553  556  557  557  557  555  551  545  537  529  519  508  497
  485  471  455  436  414  390  367  346  329  317  310  307  303  296  288  277
  265  253  240  227  217  212  210  203  203                                   
    15.0-180.0 180.0   5.0 450.0                            LAT/LON1/LON2/DLON/H
  196  203  201  198  198  197  197  192  189  189  194  205  219  237  256  277
  300  321  340  356  370  380  389  396  404  414  425  438  451  465  482  501
  520  537  548  554  557  559  560  560  557  551  545  538  531  523  514  503
  490  475  456  432  405  377  350  326  307  294  286  281  276  271  264  257
  249  242  232  221  212  205  202  195  196                                   
    12.5-180.0 180.0   5.0 450.0                            LAT/LON1/LON2/DLON/H
  187  192  188  183  183  183  185  184  183  185  191  203  219  237  257  278
  300  321  342  360  376  389  400  409  417  427  439  453  467  482  498  514
  530  543  552  558  562  565  566  565  560  554  547  541  535  528  519  508
  494  477  454  427  395  363  333  306  285  271  262  256  252  248  244  241
  237  233  226  216  206  199  194  185  187                                   
    10.0-180.0 180.0   5.0 450.0                            LAT/LON1/LON2/DLON/H
  179  180  173  167  164  163  168  168  170  174  181  195  213  233  255  276
  298  320  341  360  378  394  407  418  428  439  452  467  484  500  516  530
  543  553  561  567  571  574  575  572  567  560  553  547  541  534  524  512
  497  477  451  420  386  351  318  290  268  253  243  238  234  232  231  231
  229  228  221  213  203  193  186  175  179                                   
     7.5-180.0 180.0   5.0 450.0                            LAT/LON1/LON2/DLON/H
  174  170  160  152  147  144  148  149  152  157  165  181  201  224  248  272
  294  317  338  359  379  397  413  427  439  451  466  482  501  519  535  549
