data/edconvlstm_nd/pred2620.15i
     1.0            IONOSPHERE MAPS     GNSS                IONEX VERSION / TYPE
pyspatialgeodesy        IME             05-JAN-18 20:20     PGM / RUN BY / DATE 
Map Name                                                    COMMENT             
Predicted global ionosphere maps (GIM).                     DESCRIPTION         
  2015     9    19     0     0     0                        EPOCH OF FIRST MAP  
  2015     9    20     0     0     0                        EPOCH OF LAST MAP   
  7200                                                      INTERVAL            
    13                                                      # OF MAPS IN FILE   
  NONE                                                      MAPPING FUNCTION    
10.0                                                        ELEVATION CUTOFF    
One-way carrier phase leveled to code                       OBSERVABLES USED    
  6371.0                                                    BASE RADIUS         
 2                                                          MAP DIMENSION       
   450.0 450.0   0.0                                        HGT1 / HGT2 / DHGT  
    87.5 -87.5  -2.5                                        LAT1 / LAT2 / DLAT  
  -180.0 180.0   5.0                                        LON1 / LON2 / DLON  
    -1                                                      EXPONENT            
                                                            END OF HEADER       
[from data line 3003]
     8                                                      START OF TEC MAP    
  2015     9    19    14     0     0                        EPOCH OF CURRENT MAP
    87.5-180.0 180.0   5.0 450.0                            LAT/LON1/LON2/DLON/H
   93  102  102  107  110  111  110  107  108  111  110  111  111  112  112  112
  112  112  111  111  110  109  109  107  106  105  104  103  101  100   99   97
   96   94   93   92   91   89   88   88   87   86   86   86   86   86   87   87
   88   89   90   91   92   93   94   95   96   97   98   99  100  101  101  102
  103  104  102   99  103  100  112  108   93                                   
    85.0-180.0 180.0   5.0 450.0                            LAT/LON1/LON2/DLON/H
   98  102  115  101  101  106  106  108  109  111  111  112  113  113  114  114
  114  114  113  113  112  111  110  109  108  107  106  104  103  101  100   98
   96   94   93   91   89   87   86   85   84   83   83   83   83   83   84   85
   86   87   88   90   91   93   95   96   98   99  101  102  103  104  104  105
  106  106  102   97   96   96  103  104   98                                   
    82.5-180.0 180.0   5.0 450.0                            LAT/LON1/LON2/DLON/H
   85   92   97   89   90   94   96   98   99  102  102  105  105  106  107  108
  108  108  108  108  107  106  105  104  103  102  101  100   98   97   95   93
   91   89   86   84   82   80   78   76   75   74   73   73   73   74   75   76
   77   79   81   83   85   87   89   92   94   96   97   99  100  100  101  101
  102  101   96   93   92   98   92   89   85                                   
    80.0-180.0 180.0   5.0 450.0                            LAT/LON1/LON2/DLON/H
   71   72   79   74   73   74   78   81   84   88   90   93   95   97   98  100
  100  101  101  100  100   99   98   97   97   96   95   94   93   91   89   87
   85   83   80   77   74   71   68   65   63   62   61   61   61   61   62   64
   65   67   69   72   74   77   79   81   84   86   88   89   90   91   91   91
   91   89   86   82   78   81   80   80   71                                   
    77.5-180.0 180.0   5.0 450.0                            LAT/LON1/LON2/DLON/H
   66   62   63   60   59   62   65   69   73   76   78   83   86   89   92   94
   96   97   97   97   97   97   97   96   96   96   96   95   95   94   93   91
   89   86   82   79   75   71   67   64   61   59   58   57   56   57   58   59
   60   62   64   66   68   70   72   74   76   78   80   81   82   82   82   81
   80   78   75   72   69   66   66   68   66                                   
    75.0-180.0 180.0   5.0 450.0                            LAT/LON1/LON2/DLON/H
   53   51   49   49   49   52   54   57   62   66   69   74   78   82   85   87
   89   91   92   92   93   93   94   94   95   96   97   98   99   99   99   98
   96   93   90   86   82   77   73   69   66   63   61   60   59   59   59   60
   60   61   62   63   64   65   66   67   69   70   72   73   74   74   74   73
   71   69   67   61   60   55   54   50   53                                   
    72.5-180.0 180.0   5.0 450.0                            LAT/LON1/LON2/DLON/H
   47   45   43   44   43   46   49   51   54   58   61   66   70   74   78   81
   83   85   86   87   88   89   90   92   94   96   98  100  102  103  104  104
  103  101   98   94   90   86   81   77   73   70   68   66   65   64   64   64
   63   63   62   61   60   60   59   59   60   61   62   63   64   64   64   64
   62   60   59   54   52   49   48   49   47                                   
    70.0-180.0 180.0   5.0 450.0                            LAT/LON1/LON2/DLON/H
   47   44   43   43   43   43   44   47   50   53   57   61   65   69   72   75
   77   78   80   81   83   84   87   89   92   95   98  102  105  108  110  111
  111  109  107  103   99   95   91   87   83   80   78   76   75   74   73   72
   70   68   65   62   59   56   54   53   53   53   54   55   56   57   58   58
   57   54   54   50   50   46   49   49   47                                   
    67.5-180.0 180.0   5.0 450.0                            LAT/LON1/LON2/DLON/H
   48   47   46   47   46   46   47   49   51   53   56   60   64   68   71   73
   75   77   78   79   81   83   86   89   92   95   99  102  106  109  112  114
  115  114  112  109  106  102   99   95   93   90   89   87   86   85   83   81
   78   74   69   64   59   55   51   49   48   48   49   50   51   53   53   54
   53   52   51   48   48   46   47   46   48                                   
    65.0-180.0 180.0   5.0 450.0                            LAT/LON1/LON2/DLON/H
   50   50   49   50   48   48   48   49   51   53   56   60   63   67   70   72
   74   75   76   78   80   82   85   89   92   95   99  103  106  110  114  117
  118  118  117  114  111  108  105  103  101  100   99   98   97   95   93   90
   86   80   74   67   61   55   50   47   46   45   46   47   49   50   51   52
   52   51   51   49   50   49   51   50   50                                   
    62.5-180.0 180.0   5.0 450.0                            LAT/LON1/LON2/DLON/H
   50   52   50   51   50   49   49   49   51   53   55   59   63   67   70   72
   74   75   76   77   79   82   85   89   92   95   98  102  106  110  115  118
  120  121  119  117  114  111  109  108  107  107  106  106  105  103  100   96
   91   85   78   70   63   56   51   48   46   46   46   47   48   49   49   50
   49   49   50   48   49   48   51   50   50                                   
    60.0-180.0 180.0   5.0 450.0                            LAT/LON1/LON2/DLON/H
   48   50   49   50   47   47   46   46   47   49   52   56   60   65   69   72
   73   74   75   76   78   81   85   89   92   95   98  102  106  111  116  121
  124  124  123  120  116  113  112  111  111  112  112  112  110  108  105  100
   94   88   80   72   65   58   54   51   49   49   49   49   49   48   48   48
   47   46   47   45   47   47   49   48   48                                   
    57.5-180.0 180.0   5.0 450.0                            LAT/LON1/LON2/DLON/H
   45   47   47   47   45   44   43   43   44   46   48   53   57   63   67   71
   73   74   75   76   78   82   86   90   94   98  101  105  110  116  123  129
  132  133  131  127  123  119  118  117  118  119  120  119  117  114  110  105
   99   92   85   77   70   65   61   59   58   57   57   55   54   52   50   48
   47   46   46   44   45   45   48   47   45                                   
    55.0-180.0 180.0   5.0 450.0                            LAT/LON1/LON2/DLON/H
   43   45   45   45   42   41   41   41   41   42   44   49   54   60   65   69
   72   73   74   75   78   82   87   93   97  102  106  111  118  126  134  141
  145  146  143  138  133  128  126  126  126  127  128  127  124  120  116  110
  104   97   90   84   78   74   72   71   70   69   68   65   61   57   53   51
   48   46   46   44   45   44   46   46   43                                   
    52.5-180.0 180.0   5.0 450.0                            LAT/LON1/LON2/DLON/H
   44   45   46   45   43   43   42   42   42   42   43   46   51   56   62   67
   70   72   74   75   78   83   89   96  102  108  114  120  129  138  148  156
  161  162  158  152  146  140  137  136  137  137  137  136  133  128  123  117
  110  104   99   93   90   87   86   86   86   84   82   77   71   65   59   56
   53   50   50   47   48   46   48   47   44                                   
    50.0-180.0 180.0   5.0 450.0                            LAT/LON1/LON2/DLON/H
   49   49   50   50   47   48   48   47   46   45   45   46   49   54   60   65
   69   72   74   76   80   85   92  100  108  116  123  132  142  153  164  173
  178  178  175  168  161  155  151  149  148  148  147  145  142  137  132  126
  120  114  109  106  103  102  102  103  103  101   97   91   83   75   69   64
   60   58   58   55   54   52   53   52   49                                   
    47.5-180.0 180.0   5.0 450.0                            LAT/LON1/LON2/DLON/H
   57   58   58   59   55   57   57   57   55   53   51   50   52   55   60   65
   70   73   76   79   83   89   97  106  116  125  135  145  155  167  178  187
  192  193  190  184  177  171  166  162  160  158  157  155  152  147  142  136
  131  126  122  119  118  118  119  120  120  118  113  106   97   88   80   74
   70   68   68   65   64   62   62   61   57                                   
    45.0-180.0 180.0   5.0 450.0                            LAT/LON1/LON2/DLON/H
   68   69   68   70   66   69   68   69   67   65   61   59   58   60   64   68
   73   77   81   84   89   95  103  113  124  135  146  157  168  178  188  197
  203  205  204  200  195  189  183  178  173  170  167  165  162  158  153  148
  143  139  135  133  132  132  133  134  134  132  127  119  110  100   92   86
   82   80   79   77   76   74   74   71   68                                   
    42.5-180.0 180.0   5.0 450.0                            LAT/LON1/LON2/DLON/H
   77   79   78   80   77   79   79   81   80   78   74   71   69   69   72   75
   80   84   89   93   98  104  112  122  134  146  158  168  178  187  195  203
  210  215  217  217  214  210  203  196  188  182  178  175  173  170  165  160
  156  151  148  145  143  143  143  144  144  142  137  130  121  112  104   98
   94   91   90   87   86   84   84   81   77                                   
    40.0-180.0 180.0   5.0 450.0                            LAT/LON1/LON2/DLON/H
   82   85   84   87   85   87   87   90   90   90   87   85   83   82   83   86
   90   94   99  104  109  114  121  131  143  156  168  178  186  194  201  209
  218  226  233  237  239  236  229  218  207  198  191  187  184  181  178  173
  168  164  159  155  152  149  148  148  148  147  143  137  130  122  114  108
  103   99   98   95   93   92   91   87   82                                   
    37.5-180.0 180.0   5.0 450.0                            LAT/LON1/LON2/DLON/H
   82   86   85   87   86   88   89   93   96   99   99   98   97   97   97   99
  102  106  111  116  121  125  132  141  152  166  178  188  195  202  209  218
  230  243  255  265  270  269  261  247  232  218  208  202  198  195  191  186
  181  175  169  163  158  153  150  149  149  148  145  141  135  128  121  114
  109  104  102   98   96   95   93   89   82                                   
    35.0-180.0 180.0   5.0 450.0                            LAT/LON1/LON2/DLON/H
   77   83   82   83   81   83   85   90   96  102  105  109  110  111  112  113
  115  118  123  128  132  136  142  150  161  175  188  198  206  214  223  235
  251  269  286  300  309  309  299  283  263  244  230  221  216  211  207  201
  195  188  180  171  162  155  150  148  147  146  145  141  137  131  124  118
  112  106  103   98   95   94   91   88   77                                   
    32.5-180.0 180.0   5.0 450.0                            LAT/LON1/LON2/DLON/H
   71   78   78   77   74   75   77   83   90   99  106  114  119  123  125  125
  126  129  133  138  142  146  151  159  170  183  197  209  220  231  244  261
  282  304  326  343  353  353  343  323  299  276  258  246  238  232  226  220
  212  203  193  181  168  158  151  147  145  145  143  141  137  132  126  120
  113  107  103   98   94   92   89   86   71                                   
    30.0-180.0 180.0   5.0 450.0                            LAT/LON1/LON2/DLON/H
   68   76   76   74   69   68   69   73   81   91  102  113  123  130  133  134
  134  136  140  145  149  154  159  166  178  192  207  222  237  254  273  296
  321  347  371  390  400  399  387  365  338  312  290  275  265  257  250  242
  233  222  209  193  178  164  155  149  147  145  143  141  137  133  127  122
  115  109  105   99   95   92   89   86   68                                   
    27.5-180.0 180.0   5.0 450.0                            LAT/LON1/LON2/DLON/H
   71   79   81   76   70   67   66   67   73   82   94  108  121  131  137  138
  137  138  142  147  153  158  164  173  184  199  217  236  257  280  306  334
  364  393  417  435  443  440  426  403  375  348  325  308  296  286  278  269
  258  245  229  211  192  176  165  158  153  150  147  143  139  135  130  126
  120  115  111  104  101   97   93   89   71                                   
    25.0-180.0 180.0   5.0 450.0                            LAT/LON1/LON2/DLON/H
   82   90   91   85   78   73   69   66   69   76   86  100  115  127  134  136
  135  136  139  145  152  160  168  178  191  206  226  249  276  306  339  373
  406  434  457  470  474  469  454  432  406  380  359  342  329  318  308  298
  287  272  253  232  211  193  180  171  165  159  154  148  143  139  136  133
  129  125  121  115  112  107  102   97   82                                   
    22.5-180.0 180.0   5.0 450.0                            LAT/LON1/LON2/DLON/H
   98  106  107   99   92   85   79   71   70   73   81   93  107  120  128  130
  129  129  133  140  149  160  171  183  196  213  235  262  294  330  368  405
  438  465  482  490  489  481  467  448  427  406  388  373  360  349  339  328
  315  299  278  255  233  214  199  188  180  171  163  156  150  146  145  144
  141  140  136  130  127  121  116  109   98                                   
    20.0-180.0 180.0   5.0 450.0                            LAT/LON1/LON2/DLON/H
  116  123  123  115  107   99   91   81   76   75   79   87  100  112  120  123
  122  122  126  134  145  159  173  188  203  221  244  274  310  349  389  427
  458  480  490  491  486  476  465  452  438  424  411  398  387  376  366  354
  341  323  301  277  254  234  219  206  195  184  173  165  158  155  155  157
  157  157  153  149  145  137  130  124  116                                   
    17.5-180.0 180.0   5.0 450.0                            LAT/LON1/LON2/DLON/H
  130  137  135  127  118  111  103   92   85   81   80   85   95  106  114  117
  117  118  122  130  144  160  177  194  210  229  253  284  322  362  402  437
  463  478  481  476  468  459  452  446  440  434  426  418  408  397  386  374
  360  341  319  294  271  252  235  221  207  194  182  173  167  165  166  170
  172  174  170  166  161  152  143  137  130                                   
    15.0-180.0 180.0   5.0 450.0                            LAT/LON1/LON2/DLON/H
  137  142  138  131  122  115  109  100   92   88   84   87   94  103  111  114
  116  117  122  132  146  164  183  201  219  238  263  294  331  370  406  436
  456  464  462  453  444  437  435  436  438  439  436  430  421  410  398  385
  370  350  328  304  282  262  245  229  215  201  189  180  175  173  176  181
  185  188  184  179  173  161  152  146  137                                   
    12.5-180.0 180.0   5.0 450.0                            LAT/LON1/LON2/DLON/H
  136  139  131  124  116  110  107  101   96   93   90   90   96  104  112  117
  120  123  129  139  153  172  192  212  230  250  275  305  340  375  406  429
  443  446  440  431  423  420  422  429  437  442  442  437  427  415  402  388
  371  352  329  306  284  265  248  232  218  204  193  185  180  179  182  188
  192  196  192  186  177  163  154  148  136                                   
    10.0-180.0 180.0   5.0 450.0                            LAT/LON1/LON2/DLON/H
  130  129  118  110  102   96   96   94   94   95   94   95  101  109  117  124
  129  134  142  153  167  185  205  225  244  265  289  318  350  380  405  422
  431  431  425  417  412  413  419  429  439  446  446  439  428  413  398  383
  365  346  324  302  281  262  246  231  217  204  194  187  183  182  184  190
  194  197  193  186  176  160  150  143  130                                   
     7.5-180.0 180.0   5.0 450.0                            LAT/LON1/LON2/DLON/H
  122  117  103   95   86   79   81   83   88   93   96  100  107  116  126  134
  142  150  160  171  186  203  223  242  261  282  306  333  361  386  406  418
