data/edconvlstm_nd/pred0140.15i
     1.0            IONOSPHERE MAPS     GNSS                IONEX VERSION / TYPE
pyspatialgeodesy        IME             05-JAN-18 20:20     PGM / RUN BY / DATE 
Map Name                                                    COMMENT             
Predicted global ionosphere maps (GIM).                     DESCRIPTION         
  2015     1    14     0     0     0                        EPOCH OF FIRST MAP  
  2015     1    15     0     0     0                        EPOCH OF LAST MAP   
  7200                                                      INTERVAL            
    13                                                      # OF MAPS IN FILE   
  NONE                                                      MAPPING FUNCTION    
10.0                                                        ELEVATION CUTOFF    
One-way carrier phase leveled to code                       OBSERVABLES USED    
  6371.0                                                    BASE RADIUS         
 2                                                          MAP DIMENSION       
   450.0 450.0   0.0                                        HGT1 / HGT2 / DHGT  
    87.5 -87.5  -2.5                                        LAT1 / LAT2 / DLAT  
  -180.0 180.0   5.0                                        LON1 / LON2 / DLON  
    -1                                                      EXPONENT            
                                                            END OF HEADER       
[from data line 2574]
     7                                                      START OF TEC MAP    
  2015     1    14    12     0     0                        EPOCH OF CURRENT MAP
    87.5-180.0 180.0   5.0 450.0                            LAT/LON1/LON2/DLON/H
   67   76   78   85   90   91   92   90   93   96   97   98   99   99  100  100
  100   99   99   98   97   96   95   94   93   91   90   88   87   85   84   82
   81   79   78   76   75   74   72   71   70   68   67   66   65   64   63   62
   62   62   61   61   61   61   62   62   63   63   64   64   65   65   66   67
   68   70   68   66   70   73   86   88   67                                   
    85.0-180.0 180.0   5.0 450.0                            LAT/LON1/LON2/DLON/H
   66   82   94   86   89   95   96   98  101  104  104  106  107  107  108  108
  108  107  107  106  106  105  104  103  102  100   99   97   96   95   93   91
   90   88   86   84   83   81   79   77   75   73   72   70   69   67   66   65
   65   64   64   64   64   65   65   66   67   67   68   69   70   71   72   73
   75   76   72   70   73   78   85   86   66                                   
    82.5-180.0 180.0   5.0 450.0                            LAT/LON1/LON2/DLON/H
   58   73   82   77   80   85   89   91   94   96   98   99  100  100  100  100
  100   99   99   98   97   96   95   94   93   92   91   90   89   88   86   85
   84   82   81   79   78   76   74   72   69   67   65   62   60   58   56   54
   53   52   51   51   51   52   53   54   55   57   58   60   61   62   63   64
   66   67   63   62   67   77   75   77   58                                   
    80.0-180.0 180.0   5.0 450.0                            LAT/LON1/LON2/DLON/H
   54   63   72   68   72   74   78   81   85   88   89   91   91   92   91   91
   91   90   90   89   89   88   88   87   87   86   85   85   85   84   84   84
   83   83   83   82   81   80   78   76   73   70   67   63   60   56   53   50
   48   46   45   45   45   46   47   48   50   52   54   55   57   58   59   59
   60   61   59   58   60   68   70   73   54                                   
    77.5-180.0 180.0   5.0 450.0                            LAT/LON1/LON2/DLON/H
   58   61   63   60   63   67   71   74   79   81   82   84   84   84   83   83
   82   82   81   81   81   82   82   83   83   83   84   84   85   85   87   88
   89   91   93   94   95   95   94   93   90   87   83   78   73   68   63   59
   55   52   49   48   48   48   49   51   53   55   57   59   61   61   62   62
   61   61   58   57   57   57   61   66   58                                   
    75.0-180.0 180.0   5.0 450.0                            LAT/LON1/LON2/DLON/H
   48   53   53   53   55   60   63   65   68   70   71   72   71   71   69   69
   68   68   68   69   71   73   75   77   79   81   83   85   87   89   92   95
   99  103  107  111  114  116  117  116  114  111  106  100   94   87   81   74
   69   64   60   57   55   55   55   56   58   59   61   63   64   65   65   64
   63   61   59   55   56   55   56   52   48                                   
    72.5-180.0 180.0   5.0 450.0                            LAT/LON1/LON2/DLON/H
   48   52   52   53   53   58   62   63   65   66   66   66   64   63   61   59
   58   58   59   61   64   67   71   75   79   83   86   89   92   96  101  106
  112  119  126  132  138  142  144  145  144  140  135  128  120  112  103   95
   87   80   74   69   65   63   62   62   63   64   66   67   69   69   69   68
   67   65   63   59   59   58   59   59   48                                   
    70.0-180.0 180.0   5.0 450.0                            LAT/LON1/LON2/DLON/H
   49   54   56   56   56   59   60   62   64   65   63   62   59   56   53   51
   50   50   52   55   59   64   70   76   82   87   92   97  101  107  113  120
  128  137  146  154  162  168  172  173  172  169  163  156  147  137  127  116
  106   97   88   81   75   70   67   65   64   65   65   67   68   68   68   68
   67   65   65   62   63   63   67   66   49                                   
    67.5-180.0 180.0   5.0 450.0                            LAT/LON1/LON2/DLON/H
   52   60   61   61   60   64   66   67   68   68   66   64   61   57   53   51
   49   50   51   55   59   65   72   80   87   94  100  106  112  119  126  135
  145  155  166  176  185  192  197  199  198  194  188  180  170  159  148  136
  124  112  101   91   83   75   69   65   63   62   62   62   63   64   64   65
   65   64   65   63   65   68   70   68   52                                   
    65.0-180.0 180.0   5.0 450.0                            LAT/LON1/LON2/DLON/H
   54   63   62   63   62   66   67   69   70   70   68   66   62   57   54   51
   50   50   52   55   60   66   74   83   92  100  108  116  124  132  141  151
  162  174  185  196  206  213  218  220  219  215  209  200  190  178  165  152
  138  125  112   99   87   77   68   62   57   55   53   54   54   55   56   57
   58   59   62   62   66   71   74   73   54                                   
    62.5-180.0 180.0   5.0 450.0                            LAT/LON1/LON2/DLON/H
   53   61   60   60   59   63   64   67   69   70   69   66   63   59   55   53
   52   52   53   56   60   66   74   83   93  103  114  123  133  143  154  166
  178  190  202  213  222  229  233  235  234  230  223  215  204  191  178  163
  148  133  118  104   90   77   66   57   51   46   44   44   44   45   46   47
   49   51   55   56   62   66   70   71   53                                   
    60.0-180.0 180.0   5.0 450.0                            LAT/LON1/LON2/DLON/H
   48   54   53   53   52   55   57   60   63   65   65   64   61   57   54   53
   52   53   54   56   58   63   70   80   91  103  116  129  141  154  167  180
  193  206  218  228  236  241  245  246  245  241  235  226  215  202  187  172
  156  140  123  107   91   77   64   54   46   41   38   36   36   36   37   38
   40   41   45   47   54   58   63   64   48                                   
    57.5-180.0 180.0   5.0 450.0                            LAT/LON1/LON2/DLON/H
   43   47   45   46   44   47   49   53   57   60   61   60   58   55   53   53
   53   53   54   55   56   60   66   76   89  104  119  136  151  167  182  197
  211  224  235  244  251  256  259  260  259  256  250  241  230  217  201  184
  167  150  133  116   99   84   70   59   50   44   40   38   37   36   36   36
   36   37   41   42   49   51   55   57   43                                   
    55.0-180.0 180.0   5.0 450.0                            LAT/LON1/LON2/DLON/H
   40   42   40   40   39   41   43   47   51   54   56   56   55   53   52   52
   53   53   54   54   54   56   62   73   87  105  124  143  163  181  198  214
  229  241  252  259  265  269  272  274  274  272  267  259  248  234  218  200
  181  163  145  127  111   95   81   70   61   55   51   48   46   44   42   40
   39   38   40   41   47   47   50   53   40                                   
    52.5-180.0 180.0   5.0 450.0                            LAT/LON1/LON2/DLON/H
   43   43   40   40   39   40   41   44   48   51   54   55   54   52   51   52
   53   54   54   53   53   55   61   72   89  109  131  153  175  196  214  231
  245  257  266  273  278  283  286  289  291  290  287  280  269  254  236  217
  197  178  159  141  125  110   96   85   77   71   67   63   61   58   54   51
   48   45   46   45   51   50   51   53   43                                   
    50.0-180.0 180.0   5.0 450.0                            LAT/LON1/LON2/DLON/H
   52   51   48   48   46   46   46   47   50   53   56   57   56   55   54   54
   56   57   56   55   55   57   64   76   94  117  141  165  188  209  228  244
  257  268  276  283  288  294  299  304  308  309  306  300  289  273  255  234
  213  193  173  155  138  124  111  100   93   87   83   80   77   73   69   65
   61   57   57   55   60   59   58   60   52                                   
    47.5-180.0 180.0   5.0 450.0                            LAT/LON1/LON2/DLON/H
   66   67   64   64   62   61   58   56   57   60   62   64   63   62   60   60
   61   62   62   61   61   63   71   85  105  129  154  178  201  220  237  251
  262  272  281  288  295  302  310  317  323  325  323  316  305  289  270  248
  226  204  184  165  148  133  120  111  103   98   94   91   88   85   81   78
   73   70   69   68   72   72   72   72   66                                   
    45.0-180.0 180.0   5.0 450.0                            LAT/LON1/LON2/DLON/H
   83   86   84   85   83   81   75   71   69   71   73   75   75   73   71   70
   70   70   70   69   70   74   84   99  120  144  168  191  210  226  240  251
  262  271  280  289  299  309  320  329  335  337  334  326  314  298  278  257
  235  212  191  170  152  136  123  113  105  100   96   92   89   87   85   83
   80   78   78   78   84   87   87   86   83                                   
    42.5-180.0 180.0   5.0 450.0                            LAT/LON1/LON2/DLON/H
   97  104  104  107  106  103   94   87   83   84   86   89   89   88   85   82
   81   80   80   80   82   88   99  115  136  159  181  201  217  229  239  248
  258  268  279  292  305  318  330  340  346  347  342  332  318  302  284  264
  242  219  196  174  153  135  121  109  101   95   89   85   82   80   79   79
   78   78   80   82   90   96   97   97   97                                   
    40.0-180.0 180.0   5.0 450.0                            LAT/LON1/LON2/DLON/H
  103  114  117  121  122  119  110  101   95   94   97  102  103  102   99   96
   93   91   91   91   95  102  114  131  151  172  192  208  220  229  237  245
  256  269  284  301  317  333  346  356  360  359  351  339  324  308  291  273
  253  231  206  182  158  137  120  106   96   88   82   76   72   70   70   71
   71   72   74   78   88   96   99   99  103                                   
    37.5-180.0 180.0   5.0 450.0                            LAT/LON1/LON2/DLON/H
  101  114  120  126  128  126  118  108  102  102  105  111  115  115  112  107
  104  101  100  101  106  115  128  144  162  182  199  213  223  230  237  247
  262  280  301  322  342  359  373  382  384  380  370  355  339  323  308  293
  275  254  229  202  175  151  130  113  100   90   81   74   68   64   64   64
   65   65   67   69   80   87   92   94  101                                   
    35.0-180.0 180.0   5.0 450.0                            LAT/LON1/LON2/DLON/H
   92  106  113  121  125  124  118  110  105  104  109  116  121  123  120  116
  112  108  107  109  114  124  138  153  170  188  205  218  227  235  245  259
  280  306  333  360  383  400  413  421  422  416  403  387  370  356  343  330
  315  296  271  242  212  184  159  139  124  111   99   89   80   73   70   69
   67   65   64   63   71   76   81   84   92                                   
    32.5-180.0 180.0   5.0 450.0                            LAT/LON1/LON2/DLON/H
   81   95  103  110  115  115  112  106  103  103  108  116  123  125  124  120
  116  112  111  113  120  131  144  159  175  192  208  222  234  245  260  282
  312  346  381  413  437  455  467  473  474  467  454  438  421  407  396  386
  374  357  333  303  272  240  212  189  171  156  142  128  115  105   98   93
   86   80   74   66   71   69   73   76   81                                   
    30.0-180.0 180.0   5.0 450.0                            LAT/LON1/LON2/DLON/H
   75   88   93   98  104  104  104  101   99   99  105  112  119  123  123  120
  117  114  113  116  123  135  148  163  178  195  212  229  244  262  284  316
  355  398  441  476  502  519  529  535  535  530  519  504  488  475  466  458
  449  433  411  382  350  317  287  262  242  225  210  194  178  163  150  140
  127  114  101   85   83   75   73   73   75                                   
    27.5-180.0 180.0   5.0 450.0                            LAT/LON1/LON2/DLON/H
   78   89   90   93   96   96   98   96   95   96  100  106  112  116  117  116
  114  113  113  117  126  138  152  166  182  198  217  237  258  283  316  357
  406  457  505  543  568  582  590  595  598  597  590  577  564  552  544  539
  531  518  498  471  439  406  375  349  328  312  296  279  261  242  224  206
  186  167  146  122  111   94   85   79   78                                   
    25.0-180.0 180.0   5.0 450.0                            LAT/LON1/LON2/DLON/H
   95  103   98   96   97   95   97   95   93   93   96  100  104  107  109  109
  109  110  113  119  129  142  157  171  186  204  224  249  276  310  351  401
  458  515  564  601  623  634  639  645  651  655  653  645  635  625  619  614
  609  598  581  556  527  495  465  438  417  401  386  370  351  329  307  284
  257  233  202  174  154  128  110   95   95                                   
    22.5-180.0 180.0   5.0 450.0                            LAT/LON1/LON2/DLON/H
  125  131  119  112  108  102  103   99   96   94   93   95   97   99  100  102
  104  108  113  121  134  148  164  179  194  212  235  263  297  337  386  442
  502  560  607  640  657  664  668  675  685  694  698  696  689  681  676  673
  668  659  645  624  598  568  538  511  490  474  462  449  432  410  386  359
  329  301  263  234  206  173  147  124  125                                   
    20.0-180.0 180.0   5.0 450.0                            LAT/LON1/LON2/DLON/H
  164  169  151  138  127  118  115  108  102   97   94   93   93   93   94   97
  101  107  115  126  141  158  174  190  205  225  249  280  317  362  415  474
  533  587  628  655  667  671  674  683  696  709  718  720  717  712  707  704
  699  691  679  661  638  611  583  556  534  519  508  499  486  468  446  419
  388  360  320  293  261  223  191  163  164                                   
    17.5-180.0 180.0   5.0 450.0                            LAT/LON1/LON2/DLON/H
  205  208  187  168  151  138  130  119  110  102   96   93   91   91   92   95
  101  109  120  134  151  169  187  203  220  240  265  298  337  383  437  494
  549  596  631  651  658  659  661  670  685  701  713  718  717  713  709  705
  699  690  679  664  644  621  594  568  546  530  521  514  505  491  473  449
  423  399  362  339  308  269  236  205  205                                   
    15.0-180.0 180.0   5.0 450.0                            LAT/LON1/LON2/DLON/H
  238  242  221  198  175  158  146  131  118  108  100   95   93   92   93   97
  104  115  128  144  163  182  201  218  236  256  282  314  354  400  452  505
  553  592  619  633  636  635  637  646  661  677  689  695  695  691  686  680
  672  662  651  638  622  602  578  553  530  513  502  496  489  478  465  445
  425  408  379  362  335  301  269  241  238                                   
    12.5-180.0 180.0   5.0 450.0                            LAT/LON1/LON2/DLON/H
  256  261  244  221  196  176  161  143  126  114  104   99   96   96   97  101
  109  121  137  155  175  195  214  232  251  272  298  330  368  412  460  507
  547  579  599  609  612  611  613  620  632  646  655  660  659  655  649  641
  631  620  608  596  584  567  545  520  496  476  463  454  447  437  426  412
  398  386  367  358  338  312  285  261  256                                   
    10.0-180.0 180.0   5.0 450.0                            LAT/LON1/LON2/DLON/H
  258  263  253  233  209  188  172  152  134  120  110  104  102  102  103  107
  115  128  145  164  185  206  226  245  265  288  314  345  381  421  463  503
  537  562  579  589  593  595  597  603  611  620  625  626  623  619  612  603
  591  579  567  556  544  529  509  484  457  433  415  402  392  382  372  360
  350  344  334  331  318  302  282  262  258                                   
     7.5-180.0 180.0   5.0 450.0                            LAT/LON1/LON2/DLON/H
  244  249  244  229  212  192  177  158  140  125  115  111  109  109  109  113
  121  134  152  173  194  215  236  257  279  303  329  359  391  426  462  496
