data/edconvlstm_nd/pred1300.15i
     1.0            IONOSPHERE MAPS     GNSS                IONEX VERSION / TYPE
pyspatialgeodesy        IME             05-JAN-18 20:20     PGM / RUN BY / DATE 
Map Name                                                    COMMENT             
Predicted global ionosphere maps (GIM).                     DESCRIPTION         
  2015     5    10     0     0     0                        EPOCH OF FIRST MAP  
  2015     5    11     0     0     0                        EPOCH OF LAST MAP   
  7200                                                      INTERVAL            
    13                                                      # OF MAPS IN FILE   
  NONE                                                      MAPPING FUNCTION    
10.0                                                        ELEVATION CUTOFF    
One-way carrier phase leveled to code                       OBSERVABLES USED    
  6371.0                                                    BASE RADIUS         
 2                                                          MAP DIMENSION       
   450.0 450.0   0.0                                        HGT1 / HGT2 / DHGT  
    87.5 -87.5  -2.5                                        LAT1 / LAT2 / DLAT  
  -180.0 180.0   5.0                                        LON1 / LON2 / DLON  
    -1                                                      EXPONENT            
                                                            END OF HEADER       
[from data line 858]
     3                                                      START OF TEC MAP    
  2015     5    10     4     0     0                        EPOCH OF CURRENT MAP
    87.5-180.0 180.0   5.0 450.0                            LAT/LON1/LON2/DLON/H
  217  221  222  225  225  223  221  219  220  220  220  221  221  220  220  220
  219  218  217  216  214  213  211  209  208  206  204  202  201  199  198  197
  197  196  196  197  197  197  198  199  199  200  201  201  202  203  203  204
  205  205  206  207  207  208  209  209  210  211  211  212  212  213  213  214
  215  218  217  220  223  222  217  209  217                                   
    85.0-180.0 180.0   5.0 450.0                            LAT/LON1/LON2/DLON/H
  233  237  231  236  238  237  237  236  236  236  236  236  236  235  235  234
  233  232  231  229  227  225  223  220  218  215  213  210  208  207  205  204
  204  203  204  204  205  206  207  208  210  211  212  213  214  214  215  216
  216  217  218  219  219  220  221  222  223  224  225  226  227  228  229  230
  232  234  232  237  233  234  229  223  233                                   
    82.5-180.0 180.0   5.0 450.0                            LAT/LON1/LON2/DLON/H
  247  247  246  241  241  241  240  240  241  240  239  239  239  238  237  236
  235  234  232  230  228  225  221  218  214  210  206  203  200  197  195  194
  194  194  195  196  198  200  202  204  206  208  210  211  212  213  214  214
  215  216  216  217  218  219  221  222  223  225  226  228  230  231  232  234
  236  237  235  240  243  240  237  223  247                                   
    80.0-180.0 180.0   5.0 450.0                            LAT/LON1/LON2/DLON/H
  249  251  243  239  241  241  242  242  242  242  241  241  240  239  239  238
  237  236  235  232  230  226  222  218  213  208  202  198  194  190  188  188
  188  189  191  194  198  201  205  208  211  214  216  217  218  219  219  220
  220  220  221  221  222  223  225  226  228  230  232  233  235  237  239  241
  242  243  240  245  249  247  249  229  249                                   
    77.5-180.0 180.0   5.0 450.0                            LAT/LON1/LON2/DLON/H
  249  246  242  240  238  239  240  240  239  238  236  235  234  233  232  231
  231  230  229  228  225  222  218  213  207  201  195  189  185  181  179  179
  181  184  188  193  199  204  210  214  218  221  223  224  225  225  225  224
  224  224  224  224  225  226  227  229  230  232  234  236  238  240  242  245
  246  248  244  247  252  250  246  237  249                                   
    75.0-180.0 180.0   5.0 450.0                            LAT/LON1/LON2/DLON/H
  246  244  239  238  234  235  236  235  234  232  229  227  224  222  220  219
  218  218  218  218  217  215  212  207  201  194  187  180  175  171  170  171
  174  179  185  192  200  207  213  219  223  226  228  229  229  229  228  228
  227  227  226  226  227  227  228  230  231  233  235  237  239  241  243  246
  248  250  248  246  248  249  246  243  246                                   
    72.5-180.0 180.0   5.0 450.0                            LAT/LON1/LON2/DLON/H
  241  242  239  236  233  233  233  232  230  227  222  219  214  209  205  202
  201  201  202  203  204  204  202  198  193  186  179  172  167  163  162  164
  169  175  183  192  201  209  216  221  225  228  230  231  231  231  230  230
  229  229  229  229  229  229  229  230  231  233  234  236  238  240  242  245
  248  250  250  251  250  248  246  247  241                                   
    70.0-180.0 180.0   5.0 450.0                            LAT/LON1/LON2/DLON/H
  243  240  238  235  231  230  230  229  228  223  218  212  205  197  191  186
  183  182  184  186  189  191  191  189  184  178  171  164  159  155  155  157
  162  170  179  189  198  206  213  218  222  224  226  227  228  228  229  229
  229  230  230  229  229  229  230  230  230  231  232  233  235  236  238  242
  245  247  248  250  251  250  250  253  243                                   
    67.5-180.0 180.0   5.0 450.0                            LAT/LON1/LON2/DLON/H
  241  238  235  232  228  226  226  225  224  219  213  206  197  187  178  170
  166  164  165  168  172  175  177  177  174  169  163  156  151  148  147  150
  155  162  171  181  190  197  203  208  211  214  215  217  219  221  223  224
  226  227  227  227  227  227  227  228  228  228  229  229  230  230  232  235
  238  240  242  245  247  247  248  253  241                                   
    65.0-180.0 180.0   5.0 450.0                            LAT/LON1/LON2/DLON/H
  239  235  232  227  223  220  219  219  219  215  209  202  192  180  169  159
  152  149  149  152  156  160  163  164  162  159  154  149  145  142  142  144
  148  155  163  171  179  185  191  195  198  201  203  207  210  214  217  220
  222  224  225  226  226  227  227  228  228  229  229  228  228  227  227  229
  231  233  235  239  242  244  246  251  239                                   
    62.5-180.0 180.0   5.0 450.0                            LAT/LON1/LON2/DLON/H
  238  234  229  223  218  213  212  211  212  209  204  198  188  177  165  154
  145  140  138  140  143  146  149  151  151  150  147  144  141  139  138  139
  142  147  153  160  167  172  177  181  184  188  192  197  202  207  212  217
  220  222  224  226  227  228  230  231  233  233  234  233  231  229  228  228
  228  229  230  234  237  239  241  245  238                                   
    60.0-180.0 180.0   5.0 450.0                            LAT/LON1/LON2/DLON/H
  238  233  228  220  214  206  203  201  201  199  196  191  184  174  163  152
  143  136  132  132  133  135  137  140  141  141  141  140  139  137  136  135
  137  140  145  150  155  160  165  169  173  178  184  190  197  204  210  215
  219  222  225  228  230  233  236  239  241  243  244  243  241  238  234  232
  230  229  229  231  234  236  237  239  238                                   
    57.5-180.0 180.0   5.0 450.0                            LAT/LON1/LON2/DLON/H
  241  238  232  221  214  203  197  192  190  187  184  182  178  171  162  153
  144  137  132  129  127  128  129  131  133  136  138  139  139  138  137  135
  134  135  138  142  147  152  157  162  167  173  180  188  196  204  211  217
  222  226  229  233  237  241  246  250  254  258  260  259  257  253  248  244
  239  236  233  234  236  236  236  235  241                                   
    55.0-180.0 180.0   5.0 450.0                            LAT/LON1/LON2/DLON/H
  249  247  241  230  221  207  197  188  182  176  173  172  169  166  161  154
  147  140  134  129  127  125  126  127  130  134  138  141  143  143  140  137
  134  133  135  138  143  149  154  160  166  174  182  190  199  208  216  222
  228  233  237  242  247  253  259  265  271  276  279  280  278  273  268  262
  255  250  245  243  242  241  240  238  249                                   
    52.5-180.0 180.0   5.0 450.0                            LAT/LON1/LON2/DLON/H
  262  261  257  246  236  221  208  194  183  172  166  163  162  161  159  155
  149  143  138  133  130  128  128  130  133  138  143  148  151  151  147  142
  138  135  135  138  143  150  156  163  170  178  187  196  206  215  224  231
  238  244  250  256  262  269  276  283  290  296  300  302  301  296  290  284
  276  269  262  257  254  251  249  247  262                                   
    50.0-180.0 180.0   5.0 450.0                            LAT/LON1/LON2/DLON/H
  279  280  277  269  259  244  229  211  194  178  167  161  158  158  157  155
  151  146  142  138  136  136  137  139  143  148  154  159  162  161  157  151
  144  140  139  142  147  154  161  169  176  185  194  204  215  225  235  244
  252  260  267  274  282  289  296  303  310  316  320  322  321  317  312  306
  299  292  285  277  271  266  264  262  279                                   
    47.5-180.0 180.0   5.0 450.0                            LAT/LON1/LON2/DLON/H
  297  301  300  295  286  273  258  237  216  195  178  167  161  158  157  154
  151  148  145  145  145  147  150  153  157  161  167  171  174  172  168  160
  152  146  145  147  152  159  167  175  183  192  202  214  225  237  249  260
  271  281  289  298  305  311  317  323  328  333  336  338  336  333  328  323
  318  313  307  299  292  285  283  282  297                                   
    45.0-180.0 180.0   5.0 450.0                            LAT/LON1/LON2/DLON/H
  317  322  322  319  313  302  289  268  246  220  199  183  172  165  160  156
  152  149  149  151  155  160  165  170  173  177  181  184  185  183  178  170
  161  155  151  153  157  164  172  180  189  199  211  223  237  251  265  279
  292  305  315  323  330  335  339  342  345  347  348  348  345  341  337  334
  332  331  328  321  314  307  304  304  317                                   
    42.5-180.0 180.0   5.0 450.0                            LAT/LON1/LON2/DLON/H
  336  340  339  337  333  325  314  297  276  250  225  205  189  178  169  161
  155  152  153  158  166  174  181  187  190  192  194  195  195  193  188  180
  172  164  159  159  162  167  175  183  193  205  219  233  249  265  283  300
  316  330  342  350  356  360  362  362  362  362  360  356  352  346  342  340
  341  344  345  342  336  331  328  326  336                                   
    40.0-180.0 180.0   5.0 450.0                            LAT/LON1/LON2/DLON/H
  354  355  351  346  343  337  329  317  300  276  251  229  211  195  182  170
  161  158  160  167  177  188  196  202  205  206  205  205  204  202  198  192
  183  174  168  165  165  169  176  185  197  211  227  244  261  280  300  320
  339  355  367  376  382  386  387  386  385  381  377  370  362  354  348  347
  350  356  361  361  360  357  354  349  354                                   
    37.5-180.0 180.0   5.0 450.0                            LAT/LON1/LON2/DLON/H
  375  370  360  349  344  338  332  325  312  292  271  251  232  215  198  183
  172  167  169  177  189  200  210  216  219  219  217  216  215  213  211  205
  197  187  177  171  169  171  177  187  200  217  235  254  274  294  316  338
  359  377  391  401  409  414  417  417  416  412  405  396  385  373  364  361
  364  372  379  383  386  387  384  375  375                                   
    35.0-180.0 180.0   5.0 450.0                            LAT/LON1/LON2/DLON/H
  402  391  374  354  345  335  328  322  313  298  281  265  249  232  215  199
  186  180  182  190  201  213  223  229  233  233  232  230  229  228  226  221
  212  200  188  178  173  172  177  188  204  223  243  264  284  306  329  352
  374  394  410  423  435  444  452  457  458  455  449  438  423  408  396  390
  392  399  408  413  419  426  421  409  402                                   
    32.5-180.0 180.0   5.0 450.0                            LAT/LON1/LON2/DLON/H
  441  427  402  373  358  341  328  320  310  298  284  272  259  245  229  214
  201  195  197  204  214  225  235  243  248  250  250  248  247  246  244  238
  227  213  198  185  176  173  177  188  206  227  249  271  292  313  336  360
  384  406  425  443  461  478  492  504  510  511  505  494  478  460  445  436
  436  441  450  455  464  475  467  454  441                                   
    30.0-180.0 180.0   5.0 450.0                            LAT/LON1/LON2/DLON/H
  497  483  451  418  395  372  349  333  317  301  287  276  265  254  241  227
  216  211  212  217  226  237  248  259  267  272  273  272  269  267  263  256
  243  226  207  191  180  174  177  187  205  228  252  274  294  315  338  363
  388  413  437  462  486  512  535  554  566  570  567  557  541  523  506  496
  494  498  506  510  520  534  522  509  497                                   
    27.5-180.0 180.0   5.0 450.0                            LAT/LON1/LON2/DLON/H
  568  558  524  492  464  435  402  374  346  321  301  286  274  262  250  238
  229  225  225  229  237  249  262  277  290  299  301  299  294  289  283  272
  256  235  214  195  181  173  174  183  201  225  249  271  292  312  335  361
  389  417  446  477  509  542  574  599  617  625  625  617  603  587  572  562
  560  564  570  573  583  599  584  573  568                                   
    25.0-180.0 180.0   5.0 450.0                            LAT/LON1/LON2/DLON/H
  645  642  614  589  560  530  488  447  405  367  335  311  292  276  262  249
  240  236  235  239  247  260  279  299  317  328  330  325  317  308  296  281
  261  238  215  195  179  169  168  176  193  216  241  264  285  306  329  356
  386  419  452  488  525  564  601  632  653  665  669  665  656  644  632  625
  625  629  634  637  646  663  648  640  645                                   
    22.5-180.0 180.0   5.0 450.0                            LAT/LON1/LON2/DLON/H
  714  722  706  696  669  643  596  545  489  437  391  355  325  300  279  263
  252  246  244  247  256  273  296  322  343  355  354  344  330  315  299  280
  257  232  208  188  172  161  158  164  180  203  229  253  275  297  322  351
  384  419  456  495  535  576  614  646  670  686  694  695  692  686  680  676
  679  684  691  694  701  716  707  703  714                                   
    20.0-180.0 180.0   5.0 450.0                            LAT/LON1/LON2/DLON/H
  764  783  783  788  770  750  705  649  586  523  465  416  373  337  307  283
  267  258  254  256  266  286  315  344  366  373  366  349  328  308  288  266
  241  217  194  175  160  149  144  149  164  187  214  241  265  290  317  348
  383  421  461  501  540  579  615  646  670  687  700  708  711  712  712  713
  719  726  734  739  743  754  752  753  764                                   
    17.5-180.0 180.0   5.0 450.0                            LAT/LON1/LON2/DLON/H
  791  819  833  849  840  829  790  737  672  606  542  484  431  384  344  312
  289  275  268  269  280  303  333  362  379  379  362  336  310  286  265  242
  219  196  176  159  145  135  130  134  148  172  200  230  258  285  314  347
  385  426  467  506  543  577  609  636  659  678  694  707  718  725  731  737
  746  755  764  770  771  776  781  785  791                                   
    15.0-180.0 180.0   5.0 450.0                            LAT/LON1/LON2/DLON/H
  798  831  850  870  867  863  831  785  727  665  604  545  488  435  387  348
  319  301  291  291  301  322  350  373  380  368  341  309  280  257  237  217
  196  175  158  143  131  122  117  121  135  159  189  221  252  282  314  349
  389  431  472  509  543  573  600  624  645  665  684  702  717  729  740  750
  761  771  782  789  787  784  795  797  798                                   
    12.5-180.0 180.0   5.0 450.0                            LAT/LON1/LON2/DLON/H
  793  826  840  854  851  850  823  785  737  686  635  585  532  479  430  389
  358  337  325  321  328  345  363  374  368  344  309  274  246  227  211  195
  177  159  143  130  120  111  107  111  125  150  182  215  248  280  313  349
  390  432  472  508  539  566  590  613  635  655  675  695  713  728  742  754
  767  777  790  797  793  785  796  794  793                                   
    10.0-180.0 180.0   5.0 450.0                            LAT/LON1/LON2/DLON/H
  783  811  813  812  804  797  771  738  702  666  630  595  554  510  466  428
  399  379  365  359  360  365  370  365  344  310  272  240  217  203  192  179
  164  147  132  121  111  104  101  105  120  144  176  210  243  275  307  344
  385  427  466  500  529  556  581  605  628  649  669  690  709  726  741  754
  767  777  790  798  792  782  793  784  783                                   
     7.5-180.0 180.0   5.0 450.0                            LAT/LON1/LON2/DLON/H
  775  795  782  763  742  724  692  661  633  610  591  573  550  520  488  458
  435  419  407  397  389  381  368  346  314  276  240  213  197  188  181  171
