data/edconvlstm_nd/pred0110.15i
     1.0            IONOSPHERE MAPS     GNSS                IONEX VERSION / TYPE
pyspatialgeodesy        IME             05-JAN-18 20:20     PGM / RUN BY / DATE 
Map Name                                                    COMMENT             
Predicted global ionosphere maps (GIM).                     DESCRIPTION         
  2015     1    11     0     0     0                        EPOCH OF FIRST MAP  
  2015     1    12     0     0     0                        EPOCH OF LAST MAP   
  7200                                                      INTERVAL            
    13                                                      # OF MAPS IN FILE   
  NONE                                                      MAPPING FUNCTION    
10.0                                                        ELEVATION CUTOFF    
One-way carrier phase leveled to code                       OBSERVABLES USED    
  6371.0                                                    BASE RADIUS         
 2                                                          MAP DIMENSION       
   450.0 450.0   0.0                                        HGT1 / HGT2 / DHGT  
    87.5 -87.5  -2.5                                        LAT1 / LAT2 / DLAT  
  -180.0 180.0   5.0                                        LON1 / LON2 / DLON  
    -1                                                      EXPONENT            
                                                            END OF HEADER       
[from data line 1716]
     5                                                      START OF TEC MAP    
  2015     1    11     8     0     0                        EPOCH OF CURRENT MAP
    87.5-180.0 180.0   5.0 450.0                            LAT/LON1/LON2/DLON/H
   52   58   56   60   60   60   60   56   56   58   57   58   58   57   57   57
   57   56   56   55   55   55   54   54   54   53   53   52   52   52   51   51
   50   50   50   49   49   49   48   48   48   48   48   48   48   48   48   48
   48   48   48   48   48   48   47   47   47   46   46   45   45   44   44   44
   46   46   45   45   51   57   70   71   52                                   
    85.0-180.0 180.0   5.0 450.0                            LAT/LON1/LON2/DLON/H
   44   63   65   62   64   67   67   67   67   68   67   68   68   67   67   67
   66   66   66   66   65   65   65   65   64   64   64   64   63   63   62   62
   61   61   60   60   59   59   59   58   58   58   58   58   58   58   58   58
   58   58   58   58   58   57   57   56   56   55   54   53   53   52   52   52
   53   54   51   51   55   61   71   69   44                                   
    82.5-180.0 180.0   5.0 450.0                            LAT/LON1/LON2/DLON/H
   43   54   66   62   61   63   64   64   65   66   65   66   65   65   64   63
   63   62   62   61   61   61   61   61   61   61   61   61   60   60   60   59
   59   58   58   57   57   57   56   56   56   57   57   57   58   58   59   59
   60   60   60   60   60   59   58   57   56   55   53   52   50   49   48   48
   48   49   46   46   54   57   59   60   43                                   
    80.0-180.0 180.0   5.0 450.0                            LAT/LON1/LON2/DLON/H
   47   51   62   58   61   61   63   62   64   64   63   64   63   63   62   61
   60   59   59   58   58   58   59   59   60   60   61   61   61   61   61   61
   60   60   59   59   58   58   58   58   58   59   60   61   62   63   65   66
   67   68   69   69   69   68   66   64   62   59   56   53   51   48   46   45
   44   43   43   44   51   55   60   59   47                                   
    77.5-180.0 180.0   5.0 450.0                            LAT/LON1/LON2/DLON/H
   53   52   58   56   56   59   62   62   64   64   64   64   64   63   62   60
   59   58   58   58   58   59   59   61   62   63   64   65   65   66   66   66
   65   65   64   64   63   63   64   65   66   67   69   70   73   75   77   80
   82   84   86   87   87   86   83   80   76   72   67   62   58   53   50   47
   45   43   41   43   45   43   50   53   53                                   
    75.0-180.0 180.0   5.0 450.0                            LAT/LON1/LON2/DLON/H
   45   47   50   51   51   56   58   58   59   60   59   60   59   58   57   56
   55   54   54   55   55   57   59   61   63   65   67   68   70   70   71   71
   70   69   69   68   68   69   70   72   74   76   79   82   86   90   94   98
  101  104  107  108  108  106  103   98   93   86   79   73   66   60   55   51
   48   45   43   40   44   41   46   47   45                                   
    72.5-180.0 180.0   5.0 450.0                            LAT/LON1/LON2/DLON/H
   43   44   46   47   48   53   56   56   57   57   57   57   57   56   55   54
   53   53   53   54   55   57   59   62   65   67   70   72   74   75   75   75
   74   74   73   73   73   75   78   81   85   89   94   99  104  110  115  121
  126  131  134  136  135  133  129  123  115  107   98   89   81   74   68   63
   58   55   53   49   49   45   48   50   43                                   
    70.0-180.0 180.0   5.0 450.0                            LAT/LON1/LON2/DLON/H
   44   42   46   47   47   50   51   51   52   52   52   53   53   52   52   51
   51   51   51   52   54   56   59   62   65   67   70   73   74   76   76   75
   74   73   72   72   74   77   81   87   93  100  107  114  121  129  136  144
  150  156  160  162  162  158  153  145  135  125  114  104   94   86   78   73
   68   63   61   56   54   49   54   55   44                                   
    67.5-180.0 180.0   5.0 450.0                            LAT/LON1/LON2/DLON/H
   42   41   44   45   45   48   49   49   49   49   49   51   51   51   51   51
   50   50   51   52   54   56   58   61   63   65   68   69   71   71   71   70
   69   68   67   68   71   76   83   91  100  110  120  129  139  148  157  166
  174  181  185  187  186  182  174  165  154  142  129  117  106   97   88   82
   76   71   68   61   58   52   53   55   42                                   
    65.0-180.0 180.0   5.0 450.0                            LAT/LON1/LON2/DLON/H
   42   41   43   45   44   47   48   48   48   49   49   51   51   52   52   52
   52   52   53   54   56   58   60   61   63   64   65   66   67   67   66   65
   63   62   62   64   69   76   86   97  110  123  135  147  159  170  181  191
  200  207  212  213  211  205  196  185  173  159  145  132  120  108   99   91
   84   77   74   66   62   55   55   56   42                                   
    62.5-180.0 180.0   5.0 450.0                            LAT/LON1/LON2/DLON/H
   42   40   42   45   44   47   48   48   48   49   49   51   52   53   54   54
   55   55   56   57   58   60   61   61   62   61   61   61   61   61   60   58
   57   56   57   61   67   77   90  104  120  136  152  166  180  192  205  216
  225  233  237  237  233  226  215  202  189  174  160  146  132  119  107   97
   89   81   76   67   62   52   53   55   42                                   
    60.0-180.0 180.0   5.0 450.0                            LAT/LON1/LON2/DLON/H
   42   39   40   43   42   45   46   46   47   47   49   51   52   54   55   55
   56   56   57   57   59   60   60   60   58   57   55   54   54   53   52   51
   51   51   53   58   67   79   95  112  131  149  167  183  198  212  225  237
  247  254  257  256  250  240  228  214  200  186  171  157  142  126  112  100
   89   79   74   65   59   47   48   50   42                                   
    57.5-180.0 180.0   5.0 450.0                            LAT/LON1/LON2/DLON/H
   42   37   39   42   42   44   45   45   46   47   49   51   53   54   55   56
   56   56   57   57   58   59   59   58   56   53   51   49   48   48   48   48
   48   50   54   62   73   87  105  125  145  165  184  202  217  232  245  257
  266  273  275  272  264  253  239  224  210  197  184  169  153  136  119  104
   91   79   73   63   58   44   44   47   42                                   
    55.0-180.0 180.0   5.0 450.0                            LAT/LON1/LON2/DLON/H
   44   37   38   41   41   43   44   44   45   46   48   50   52   53   55   55
   55   55   55   55   56   57   57   55   53   50   47   44   43   44   45   46
   49   53   60   70   84  100  120  140  161  182  201  218  234  248  261  272
  281  287  287  283  273  260  245  230  217  205  194  180  164  145  126  109
   93   81   74   64   59   44   44   48   44                                   
    52.5-180.0 180.0   5.0 450.0                            LAT/LON1/LON2/DLON/H
   48   40   39   41   41   43   44   44   45   46   47   49   51   52   53   54
   55   54   54   54   54   55   55   54   51   47   44   41   41   41   44   47
   52   60   70   84  100  118  138  159  179  198  217  233  248  261  273  283
  291  295  295  289  278  264  248  233  221  211  201  189  173  154  134  115
   98   85   79   69   65   50   50   54   48                                   
    50.0-180.0 180.0   5.0 450.0                            LAT/LON1/LON2/DLON/H
   56   45   43   44   44   46   46   46   46   47   48   49   50   51   53   54
   55   54   54   53   53   54   55   54   51   47   43   40   39   40   44   49
   57   68   83  101  120  140  159  179  197  215  231  246  259  271  281  289
  296  299  298  292  280  265  248  234  222  213  204  193  179  161  140  121
  105   93   88   79   76   63   62   66   56                                   
    47.5-180.0 180.0   5.0 450.0                            LAT/LON1/LON2/DLON/H
   67   55   50   50   49   50   50   50   50   51   51   51   51   52   53   55
   56   56   56   55   55   56   56   55   52   48   43   40   39   40   44   51
   62   77   97  118  140  161  181  199  215  231  245  258  269  278  286  292
  298  300  299  293  282  266  249  233  220  211  202  192  179  162  143  126
  111  102   97   91   90   79   78   81   67                                   
    45.0-180.0 180.0   5.0 450.0                            LAT/LON1/LON2/DLON/H
   78   66   59   58   56   57   57   56   57   57   56   55   54   54   56   59
   61   61   61   60   60   61   61   59   56   51   45   41   39   40   44   52
   65   84  108  134  159  181  201  218  233  246  259  269  278  285  291  296
  300  303  303  298  287  272  254  236  220  207  196  186  173  158  142  128
  116  108  105  101  102   95   94   96   78                                   
    42.5-180.0 180.0   5.0 450.0                            LAT/LON1/LON2/DLON/H
   88   76   68   66   64   65   65   65   66   65   64   62   60   60   62   65
   69   70   70   69   69   69   68   65   61   55   49   44   41   41   44   52
   67   89  116  145  173  197  217  234  249  262  273  282  289  295  300  304
  308  311  312  309  301  286  267  246  226  207  191  178  165  152  138  126
  117  111  109  107  109  104  104  104   88                                   
    40.0-180.0 180.0   5.0 450.0                            LAT/LON1/LON2/DLON/H
   95   83   76   74   72   72   73   74   76   76   75   72   70   69   72   75
   79   82   82   81   80   79   77   73   67   60   54   49   45   43   45   52
   68   91  121  152  183  209  230  248  264  277  289  298  306  311  316  320
  325  330  333  332  327  314  295  271  244  218  194  175  160  147  135  125
  116  110  108  105  108  102  104  103   95                                   
    37.5-180.0 180.0   5.0 450.0                            LAT/LON1/LON2/DLON/H
   97   86   79   78   77   78   80   83   85   86   85   84   81   81   83   87
   91   95   96   96   94   91   87   80   73   66   59   54   50   47   48   55
   70   94  124  158  189  217  240  260  278  293  307  318  327  335  342  348
  354  361  367  370  368  359  341  315  282  246  213  186  167  153  141  130
  120  110  106   99  100   91   96   95   97                                   
    35.0-180.0 180.0   5.0 450.0                            LAT/LON1/LON2/DLON/H
   96   84   78   77   78   80   84   88   92   94   94   94   92   92   94   98
  103  107  109  109  107  102   96   87   79   71   66   61   57   54   54   59
   74   98  129  162  194  223  248  271  292  310  327  342  355  366  377  386
  395  405  414  421  423  418  402  375  338  294  252  217  192  175  161  148
  133  119  109   96   93   78   86   85   96                                   
    32.5-180.0 180.0   5.0 450.0                            LAT/LON1/LON2/DLON/H
   93   80   74   73   76   78   83   88   93   96   99  100  101  101  103  107
  112  117  120  120  117  111  102   92   83   76   72   68   65   62   61   66
   80  103  134  167  199  228  256  282  306  328  349  368  386  403  418  432
  445  458  471  481  488  487  475  449  409  360  311  269  238  217  201  184
  163  142  126  104   95   73   81   80   93                                   
    30.0-180.0 180.0   5.0 450.0                            LAT/LON1/LON2/DLON/H
   94   78   71   69   72   74   79   84   89   93   98  103  105  107  109  113
  118  123  127  127  124  117  106   95   85   79   76   75   73   70   69   74
   88  110  140  172  204  234  263  292  320  347  372  396  420  443  464  483
  500  516  532  546  557  561  553  529  490  439  386  339  304  279  259  237
  210  182  158  127  114   84   88   86   94                                   
    27.5-180.0 180.0   5.0 450.0                            LAT/LON1/LON2/DLON/H
  104   84   73   69   70   71   75   78   82   88   94  101  106  109  112  116
  121  126  130  130  126  118  106   95   86   81   79   79   78   76   76   82
   96  119  148  180  211  242  273  304  335  365  395  424  453  482  509  533
  554  573  591  608  622  631  629  610  574  525  471  423  385  358  333  306
  273  239  208  170  151  115  113  107  104                                   
    25.0-180.0 180.0   5.0 450.0                            LAT/LON1/LON2/DLON/H
  129  104   88   79   76   74   74   74   76   82   89   98  105  109  113  116
  121  126  129  129  124  115  103   92   84   81   80   81   81   80   81   88
  104  128  158  190  221  252  284  317  351  383  416  449  483  517  549  576
  600  621  641  660  678  692  696  685  655  610  559  512  475  445  417  386
  349  312  273  231  206  166  156  146  129                                   
    22.5-180.0 180.0   5.0 450.0                            LAT/LON1/LON2/DLON/H
  171  143  121  105   96   87   81   77   76   80   88   97  104  109  113  116
  120  124  126  125  120  110   99   89   82   80   80   81   81   81   84   94
  112  138  169  202  234  266  298  332  366  399  434  470  508  545  580  609
  634  655  675  695  715  734  745  741  719  682  638  596  562  533  503  469
  431  394  351  308  276  234  216  200  171                                   
    20.0-180.0 180.0   5.0 450.0                            LAT/LON1/LON2/DLON/H
  225  196  172  148  131  116  103   92   86   88   93  101  107  112  115  117
  119  122  122  120  113  104   94   86   81   79   79   79   78   79   84   96
  117  146  180  215  249  281  314  347  380  414  449  486  525  564  599  629
  652  671  689  708  729  749  764  768  755  728  694  661  632  606  578  544
  508  474  432  393  355  311  287  266  225                                   
    17.5-180.0 180.0   5.0 450.0                            LAT/LON1/LON2/DLON/H
  282  257  232  203  178  158  138  122  110  106  108  112  116  118  120  121
  121  120  118  114  107   99   91   85   81   79   78   76   75   76   83   98
  122  154  191  228  264  297  329  361  393  425  460  497  537  575  608  635
  654  669  682  698  716  736  753  762  758  743  721  698  676  655  630  599
  568  540  504  470  429  384  358  333  282                                   
    15.0-180.0 180.0   5.0 450.0                            LAT/LON1/LON2/DLON/H
  333  313  290  260  229  205  182  163  146  138  134  133  132  130  129  127
  124  121  116  110  103   96   91   87   84   82   79   75   72   73   82  100
  127  162  202  241  278  312  344  374  404  435  468  504  543  579  608  629
  643  652  660  670  683  700  716  728  732  727  717  704  690  674  654  628
  603  582  555  526  486  440  415  390  333                                   
    12.5-180.0 180.0   5.0 450.0                            LAT/LON1/LON2/DLON/H
  369  353  334  305  273  249  226  208  190  178  168  161  154  147  141  135
  129  122  114  107  101   96   93   91   90   87   82   75   71   72   83  104
  134  171  212  253  290  324  355  384  412  440  472  508  544  577  602  616
  624  627  629  633  641  653  666  678  686  689  687  683  676  665  651  631
  613  597  578  553  516  471  447  425  369                                   
    10.0-180.0 180.0   5.0 450.0                            LAT/LON1/LON2/DLON/H
  387  370  354  329  301  280  263  248  233  220  207  194  179  166  155  145
  135  125  114  106  100   97   97   98   98   95   87   78   72   74   87  110
  142  181  221  262  299  332  362  389  415  443  474  508  542  571  591  601
  604  602  600  600  603  610  620  630  638  645  648  649  647  640  630  615
  602  590  575  552  518  475  452  434  387                                   
     7.5-180.0 180.0   5.0 450.0                            LAT/LON1/LON2/DLON/H
  386  363  348  328  309  294  283  277  268  257  243  225  205  186  169  155
  141  127  116  107  103  102  103  106  107  103   93   82   76   79   95  120
