data/edconvlstm_nd/pred1350.15i
     1.0            IONOSPHERE MAPS     GNSS                IONEX VERSION / TYPE
pyspatialgeodesy        IME             05-JAN-18 20:20     PGM / RUN BY / DATE 
Map Name                                                    COMMENT             
Predicted global ionosphere maps (GIM).                     DESCRIPTION         
  2015     5    15     0     0     0                        EPOCH OF FIRST MAP  
  2015     5    16     0     0     0                        EPOCH OF LAST MAP   
  7200                                                      INTERVAL            
    13                                                      # OF MAPS IN FILE   
  NONE                                                      MAPPING FUNCTION    
10.0                                                        ELEVATION CUTOFF    
One-way carrier phase leveled to code                       OBSERVABLES USED    
  6371.0                                                    BASE RADIUS         
 2                                                          MAP DIMENSION       
   450.0 450.0   0.0                                        HGT1 / HGT2 / DHGT  
    87.5 -87.5  -2.5                                        LAT1 / LAT2 / DLAT  
  -180.0 180.0   5.0                                        LON1 / LON2 / DLON  
    -1                                                      EXPONENT            
                                                            END OF HEADER       
[from data line 2145]
     6                                                      START OF TEC MAP    
  2015     5    15    10     0     0                        EPOCH OF CURRENT MAP
    87.5-180.0 180.0   5.0 450.0                            LAT/LON1/LON2/DLON/H
  149  150  147  154  156  157  157  156  159  163  164  166  168  170  172  174
  175  177  179  180  181  182  183  184  185  185  186  185  185  185  184  183
  182  180  179  177  175  173  171  169  167  165  163  161  160  159  157  156
  155  155  154  153  152  151  151  150  149  148  148  147  146  145  144  144
  144  145  144  143  148  147  155  153  149                                   
    85.0-180.0 180.0   5.0 450.0                            LAT/LON1/LON2/DLON/H
  140  147  153  152  152  157  159  162  165  168  169  172  174  177  179  181
  183  185  187  189  190  192  193  194  195  196  197  197  197  196  195  194
  193  191  188  186  183  180  178  175  172  170  168  166  164  163  162  161
  160  159  159  158  157  157  156  155  154  153  152  152  151  150  148  148
  148  149  144  143  142  144  149  152  140                                   
    82.5-180.0 180.0   5.0 450.0                            LAT/LON1/LON2/DLON/H
  131  139  143  140  139  144  146  149  152  156  158  161  164  167  170  172
  175  178  180  183  185  187  189  191  193  194  195  196  196  196  196  194
  193  190  187  184  181  177  173  170  166  164  161  160  158  157  156  156
  156  156  156  155  155  155  154  153  152  151  150  148  146  145  143  141
  140  139  134  134  134  140  141  135  131                                   
    80.0-180.0 180.0   5.0 450.0                            LAT/LON1/LON2/DLON/H
  130  134  138  137  136  138  141  145  148  151  154  157  160  164  167  170
  173  176  179  181  183  186  187  189  191  192  194  195  196  197  196  196
  194  192  189  185  181  177  173  169  165  163  161  160  160  160  161  162
  163  165  166  167  167  168  168  167  167  166  164  162  160  157  154  152
  149  145  140  139  136  139  145  134  130                                   
    77.5-180.0 180.0   5.0 450.0                            LAT/LON1/LON2/DLON/H
  137  134  138  138  135  137  139  141  144  145  147  150  153  156  159  162
  165  168  171  173  175  177  178  180  181  183  185  187  190  192  193  194
  194  193  190  187  183  179  175  172  169  167  167  168  170  172  175  178
  181  184  186  188  190  191  192  192  192  191  189  187  184  181  177  172
  167  162  154  152  150  147  148  144  137                                   
    75.0-180.0 180.0   5.0 450.0                            LAT/LON1/LON2/DLON/H
  140  140  139  140  138  140  141  142  143  144  145  147  149  151  154  157
  159  162  164  165  166  166  167  168  169  170  173  176  180  183  187  190
  191  192  191  188  185  181  178  175  173  173  175  178  182  186  191  196
  200  204  207  210  212  214  215  216  216  216  215  213  211  207  202  197
  190  183  174  166  162  160  160  150  140                                   
    72.5-180.0 180.0   5.0 450.0                            LAT/LON1/LON2/DLON/H
  144  144  142  143  141  143  144  145  145  145  145  146  147  148  151  153
  155  157  159  159  159  158  157  157  157  158  161  165  170  175  181  186
  190  193  193  192  190  187  184  182  182  183  186  191  197  203  209  215
  220  223  226  228  230  231  232  233  234  235  235  233  231  227  222  216
  209  201  191  182  175  171  170  164  144                                   
    70.0-180.0 180.0   5.0 450.0                            LAT/LON1/LON2/DLON/H
  149  145  143  144  141  142  144  144  145  145  144  145  145  147  149  151
  153  155  156  155  154  152  150  148  147  147  149  153  159  166  174  181
  188  192  194  195  194  192  190  189  190  192  197  203  210  216  223  228
  231  234  235  235  235  235  236  237  238  239  240  240  238  235  231  225
  218  209  199  189  181  177  178  174  149                                   
    67.5-180.0 180.0   5.0 450.0                            LAT/LON1/LON2/DLON/H
  145  141  139  141  139  141  143  145  146  146  146  147  148  150  152  155
  157  159  159  158  156  153  150  147  144  144  145  149  155  163  171  180
  188  194  198  200  201  200  199  199  201  204  210  216  223  229  234  237
  239  239  237  235  233  232  231  231  233  234  236  237  236  234  230  226
  219  211  201  190  181  177  176  175  145                                   
    65.0-180.0 180.0   5.0 450.0                            LAT/LON1/LON2/DLON/H
  140  135  132  133  131  133  136  139  142  144  146  148  149  152  155  158
  160  162  163  162  160  157  153  149  146  144  144  147  153  160  170  179
  189  196  202  205  207  208  209  210  213  217  222  228  234  239  242  243
  242  239  235  230  226  222  220  220  221  222  224  226  227  225  223  219
  213  206  197  187  179  176  175  174  140                                   
    62.5-180.0 180.0   5.0 450.0                            LAT/LON1/LON2/DLON/H
  135  129  123  123  120  121  124  129  133  137  140  144  147  150  154  157
  161  163  165  165  163  160  157  153  150  147  147  148  153  159  168  178
  187  196  202  208  211  214  217  220  224  229  234  239  244  246  247  246
  243  238  231  225  218  213  210  209  209  211  213  215  216  215  213  210
  205  198  191  183  175  172  170  169  135                                   
    60.0-180.0 180.0   5.0 450.0                            LAT/LON1/LON2/DLON/H
  134  125  117  113  108  106  109  113  118  123  128  133  137  142  146  151
  155  158  160  161  161  159  157  155  152  150  148  149  152  157  165  174
  183  192  200  207  213  219  224  229  234  240  245  249  252  253  253  250
  245  239  232  224  217  212  208  206  205  207  208  210  211  210  207  204
  200  194  188  181  175  171  169  165  134                                   
    57.5-180.0 180.0   5.0 450.0                            LAT/LON1/LON2/DLON/H
  142  130  119  109  101   95   95   97  102  106  112  117  123  128  134  139
  143  147  150  151  153  154  154  153  152  151  150  150  151  155  161  169
  178  188  197  206  214  223  231  238  245  252  257  260  262  263  261  258
  253  247  241  234  228  222  218  215  214  215  216  217  217  216  213  209
  204  199  193  188  183  179  175  168  142                                   
    55.0-180.0 180.0   5.0 450.0                            LAT/LON1/LON2/DLON/H
  159  143  131  115  101   91   86   85   87   90   94  100  106  111  117  122
  127  131  134  137  140  143  146  149  150  150  150  149  150  153  158  165
  174  183  194  205  216  227  237  247  256  264  269  273  275  275  273  270
  267  263  258  253  248  243  239  236  235  235  235  235  234  232  228  224
  218  213  207  202  198  195  190  181  159                                   
    52.5-180.0 180.0   5.0 450.0                            LAT/LON1/LON2/DLON/H
  183  165  152  131  112   96   87   80   79   79   81   85   90   95  100  105
  109  113  116  120  125  131  137  142  146  149  149  149  150  152  156  163
  171  181  192  205  218  231  244  257  268  277  284  288  290  290  289  287
  285  283  281  278  274  270  266  263  261  261  261  261  260  257  252  246
  239  233  227  222  218  216  212  201  183                                   
    50.0-180.0 180.0   5.0 450.0                            LAT/LON1/LON2/DLON/H
  208  192  178  154  132  112   98   86   80   76   76   77   79   83   86   90
   94   97  101  105  111  119  128  136  143  147  150  150  151  153  157  163
  172  182  193  207  222  237  253  267  280  291  300  306  309  309  308  307
  306  305  304  302  299  295  291  288  287  286  287  287  286  283  277  270
  262  255  247  242  238  238  234  223  208                                   
    47.5-180.0 180.0   5.0 450.0                            LAT/LON1/LON2/DLON/H
  229  215  203  180  157  135  118  101   91   83   79   78   77   78   79   81
   84   86   90   94  102  111  122  133  141  148  151  153  154  157  161  167
  175  185  198  212  228  246  263  280  295  308  319  326  330  331  329  327
  325  324  322  320  316  312  307  304  303  304  305  306  306  303  298  290
  281  272  263  256  251  253  251  241  229                                   
    45.0-180.0 180.0   5.0 450.0                            LAT/LON1/LON2/DLON/H
  237  230  218  200  180  159  141  123  109   99   92   87   83   81   80   80
   81   82   84   89   97  107  119  131  142  149  154  156  158  161  166  173
  181  192  205  220  238  257  276  294  311  327  339  348  353  353  350  346
  341  338  334  330  324  317  312  308  307  309  312  315  316  314  309  302
  291  280  270  261  255  256  256  248  237                                   
    42.5-180.0 180.0   5.0 450.0                            LAT/LON1/LON2/DLON/H
  230  230  221  209  195  178  162  145  131  119  110  103   96   91   88   85
   84   84   85   89   96  107  120  132  144  152  157  161  163  167  173  180
  189  201  215  232  250  271  291  311  329  347  361  372  377  377  372  365
  357  350  343  335  326  317  309  305  304  307  311  315  318  317  312  304
  292  280  268  255  247  247  249  241  230                                   
    40.0-180.0 180.0   5.0 450.0                            LAT/LON1/LON2/DLON/H
  212  216  210  204  197  185  175  162  150  139  130  122  114  107  101   96
   93   91   91   94  101  110  123  136  147  156  162  166  169  174  180  189
  199  212  227  245  265  287  308  329  349  368  384  396  403  402  396  386
  376  366  356  345  333  321  311  305  304  307  311  316  318  317  312  304
  291  276  261  246  234  230  232  222  212                                   
    37.5-180.0 180.0   5.0 450.0                            LAT/LON1/LON2/DLON/H
  191  196  191  187  186  180  177  170  163  155  148  140  132  124  116  110
  105  102  101  102  108  117  129  141  153  162  169  173  177  182  189  198
  209  224  240  260  282  305  328  350  371  390  408  422  430  431  425  415
  403  393  382  370  356  341  329  321  318  320  323  327  328  326  320  310
  295  278  260  240  225  216  215  202  191                                   
    35.0-180.0 180.0   5.0 450.0                            LAT/LON1/LON2/DLON/H
  179  180  173  168  170  167  170  169  168  164  160  155  148  140  132  125
  119  115  112  113  118  126  137  149  161  171  178  182  186  191  198  209
  221  237  256  278  302  327  351  373  395  415  435  451  461  464  460  452
  444  436  427  417  403  387  372  361  356  355  357  358  358  353  345  332
  313  294  273  249  229  214  208  190  179                                   
    32.5-180.0 180.0   5.0 450.0                            LAT/LON1/LON2/DLON/H
  183  177  166  157  157  155  160  163  166  167  167  165  161  154  147  139
  133  128  125  126  129  137  147  160  172  183  190  194  197  202  210  222
  236  253  274  299  325  352  378  401  423  444  465  484  497  504  504  502
  499  498  496  489  478  461  445  431  423  419  418  416  412  404  391  374
  352  329  305  277  254  233  221  198  183                                   
    30.0-180.0 180.0   5.0 450.0                            LAT/LON1/LON2/DLON/H
  208  191  177  160  155  151  156  158  163  167  170  171  170  165  159  153
  147  142  139  139  142  149  160  172  186  196  204  208  211  217  226  239
  255  275  298  325  354  383  410  433  455  478  500  521  539  551  559  564
  571  579  586  586  579  564  546  530  518  511  506  501  492  479  460  437
  411  385  358  326  300  274  254  228  208                                   
    27.5-180.0 180.0   5.0 450.0                            LAT/LON1/LON2/DLON/H
  255  226  206  182  168  161  161  161  165  169  173  176  176  174  169  164
  160  156  154  153  155  162  173  186  200  212  219  224  228  234  246  261
  280  302  328  357  388  418  446  470  492  515  539  564  586  605  621  637
  654  673  689  698  695  682  664  645  630  620  612  603  590  570  545  515
  483  454  425  389  362  333  304  278  255                                   
    25.0-180.0 180.0   5.0 450.0                            LAT/LON1/LON2/DLON/H
  318  281  254  220  198  185  180  175  174  175  178  181  182  181  177  174
  172  170  168  167  169  175  186  200  215  227  235  240  246  256  270  290
  312  337  365  395  427  457  485  509  532  556  582  610  637  663  688  712
  739  766  790  804  805  794  775  755  738  726  716  704  686  662  631  594
  558  527  497  460  430  399  364  339  318                                   
    22.5-180.0 180.0   5.0 450.0                            LAT/LON1/LON2/DLON/H
  386  348  313  274  241  225  211  200  192  189  188  189  189  187  184  182
  182  182  181  180  182  188  198  212  227  239  249  257  266  280  300  324
  350  378  407  438  470  499  525  549  573  598  626  657  689  720  750  780
  811  841  867  882  884  874  855  834  816  803  792  779  760  733  699  659
  620  589  561  523  491  460  426  402  386                                   
    20.0-180.0 180.0   5.0 450.0                            LAT/LON1/LON2/DLON/H
  443  411  374  336  295  274  252  234  219  208  202  199  197  193  190  189
  190  192  192  192  193  198  208  222  236  249  260  271  286  306  332  362
  392  422  453  483  514  542  567  590  614  640  670  703  737  770  802  831
  860  886  908  921  922  911  893  873  855  841  829  815  796  769  735  695
  655  625  600  565  534  504  476  455  443                                   
    17.5-180.0 180.0   5.0 450.0                            LAT/LON1/LON2/DLON/H
  476  454  422  391  348  325  299  275  252  234  221  213  206  200  195  194
  196  198  199  199  200  205  214  226  240  254  268  285  305  332  364  399
  433  465  496  527  556  583  607  630  654  681  711  745  778  810  837  861
  881  899  914  922  921  911  895  877  860  846  833  818  798  771  737  695
  656  627  607  575  549  522  504  488  476                                   
    15.0-180.0 180.0   5.0 450.0                            LAT/LON1/LON2/DLON/H
  481  467  446  425  388  366  340  314  286  262  243  229  217  207  200  197
  198  201  202  202  202  206  214  225  239  256  275  297  324  357  394  432
  469  503  536  566  595  620  643  666  690  718  748  779  810  837  857  872
  881  888  893  895  893  885  873  858  844  830  816  800  778  748  711  669
  627  599  582  555  537  515  505  495  481                                   
    12.5-180.0 180.0   5.0 450.0                            LAT/LON1/LON2/DLON/H
  467  456  446  434  407  389  367  342  314  287  263  245  229  215  204  199
  199  200  200  199  198  201  208  219  236  256  281  309  343  380  420  460
  498  534  567  599  627  652  674  696  721  748  777  806  832  853  866  870
  869  866  862  859  855  850  843  834  823  810  795  775  749  715  675  629
  585  555  539  518  507  489  485  481  467                                   
    10.0-180.0 180.0   5.0 450.0                            LAT/LON1/LON2/DLON/H
  446  435  432  424  409  396  379  358  332  305  279  257  238  221  208  200
  197  196  194  191  189  191  198  210  230  255  286  321  360  400  441  481
  519  555  590  621  650  674  696  718  742  769  796  823  845  861  867  865
  857  846  836  830  827  826  825  821  814  802  784  760  728  689  644  595
  548  515  498  481  475  460  459  456  446                                   
     7.5-180.0 180.0   5.0 450.0                            LAT/LON1/LON2/DLON/H
  428  419  418  409  403  394  381  365  343  316  290  266  245  226  210  200
  194  190  186  181  177  178  185  200  223  254  292  333  374  414  455  494
