data/edconvlstm_nd/pred3210.15i
     1.0            IONOSPHERE MAPS     GNSS                IONEX VERSION / TYPE
pyspatialgeodesy        IME             05-JAN-18 20:20     PGM / RUN BY / DATE 
Map Name                                                    COMMENT             
Predicted global ionosphere maps (GIM).                     DESCRIPTION         
  2015    11    17     0     0     0                        EPOCH OF FIRST MAP  
  2015    11    18     0     0     0                        EPOCH OF LAST MAP   
  7200                                                      INTERVAL            
    13                                                      # OF MAPS IN FILE   
  NONE                                                      MAPPING FUNCTION    
10.0                                                        ELEVATION CUTOFF    
One-way carrier phase leveled to code                       OBSERVABLES USED    
  6371.0                                                    BASE RADIUS         
 2                                                          MAP DIMENSION       
   450.0 450.0   0.0                                        HGT1 / HGT2 / DHGT  
    87.5 -87.5  -2.5                                        LAT1 / LAT2 / DLAT  
  -180.0 180.0   5.0                                        LON1 / LON2 / DLON  
    -1                                                      EXPONENT            
                                                            END OF HEADER       
     1                                                      START OF TEC MAP    
  2015    11    17     0     0     0                        EPOCH OF CURRENT MAP
    87.5-180.0 180.0   5.0 450.0                            LAT/LON1/LON2/DLON/H
   94   90   85   76   74   80   77   75   76   76   76   77   77   77   77   76
   76   75   73   72   71   69   67   65   63   62   60   58   57   55   54   53
   51   51   50   49   49   48   48   48   49   49   50   51   52   53   54   55
   57   58   59   60   61   62   62   63   64   64   65   65   65   65   65   66
   67   67   67   68   63   76   85   85   94                                   
    85.0-180.0 180.0   5.0 450.0                            LAT/LON1/LON2/DLON/H
   88   91   72   76   77   85   81   80   81   80   81   82   82   83   83   83
   82   82   81   79   78   76   74   71   69   67   64   62   59   57   55   53
   52   51   50   49   49   49   49   50   51   52   53   55   57   59   60   62
   64   65   67   68   69   70   71   71   71   72   72   72   72   72   72   72
   73   73   75   78   80   88   99   95   88                                   
    82.5-180.0 180.0   5.0 450.0                            LAT/LON1/LON2/DLON/H
   83   75   85   81   79   87   82   81   84   84   85   87   88   89   90   90
   90   89   87   85   82   78   75   70   66   61   57   52   48   44   41   39
   37   35   35   34   35   35   36   38   40   43   46   48   52   55   58   61
   63   66   68   69   71   72   73   73   74   74   74   74   74   74   74   75
   75   74   75   75   81   76   87   90   83                                   
    80.0-180.0 180.0   5.0 450.0                            LAT/LON1/LON2/DLON/H
   93   82   84   77   77   79   77   76   80   79   81   84   86   87   88   89
   89   87   85   82   79   74   69   64   58   52   47   43   39   35   32   30
   29   28   27   27   27   28   29   31   33   35   38   41   45   48   52   56
   59   62   64   66   68   69   70   70   71   71   71   70   70   70   71   72
   71   71   72   72   87   79   94  106   93                                   
    77.5-180.0 180.0   5.0 450.0                            LAT/LON1/LON2/DLON/H
  104   93   86   86   80   79   76   77   80   79   81   84   86   88   89   90
   89   88   86   82   78   73   67   61   54   48   43   38   34   31   29   27
   26   26   26   26   26   26   27   29   30   32   35   38   42   46   50   53
   57   60   62   64   66   66   67   67   67   67   67   67   67   67   68   69
   70   72   75   78   85   86   95  116  104                                   
    75.0-180.0 180.0   5.0 450.0                            LAT/LON1/LON2/DLON/H
  118  104  103  100   90   88   82   81   83   80   81   82   83   83   84   83
   82   81   78   75   71   66   60   54   48   43   38   35   33   31   31   31
   31   31   31   31   32   32   32   32   33   35   37   40   43   47   50   53
   56   59   60   62   63   63   63   63   63   63   63   63   64   65   67   69
   71   75   81   82   91  101  108  124  118                                   
    72.5-180.0 180.0   5.0 450.0                            LAT/LON1/LON2/DLON/H
  131  124  124  117  106  100   94   92   91   87   85   84   83   81   80   78
   75   73   70   67   63   59   54   49   45   41   38   37   36   36   37   38
   39   40   40   40   39   38   37   37   37   37   38   40   43   45   48   50
   52   54   55   55   56   56   56   56   56   57   57   58   59   61   65   69
   72   79   90   96  107  116  127  144  131                                   
    70.0-180.0 180.0   5.0 450.0                            LAT/LON1/LON2/DLON/H
  154  150  147  142  128  120  112  107  105   98   93   89   85   80   75   70
   66   63   60   57   54   51   47   44   42   40   39   39   40   42   44   47
   48   49   50   49   47   45   43   42   41   42   43   44   46   48   50   51
   52   53   53   54   54   54   54   54   55   56   57   58   60   63   68   74
   79   87  101  111  124  138  147  162  154                                   
    67.5-180.0 180.0   5.0 450.0                            LAT/LON1/LON2/DLON/H
  172  173  167  161  146  138  128  121  116  107  100   93   85   76   68   61
   55   50   47   44   42   41   39   38   37   36   37   38   40   43   46   49
   50   51   50   48   46   43   41   39   38   39   40   42   43   45   46   47
   47   47   47   46   46   46   47   48   50   52   54   57   60   64   70   77
   84   94  109  122  139  154  164  178  172                                   
    65.0-180.0 180.0   5.0 450.0                            LAT/LON1/LON2/DLON/H
  184  185  179  173  159  150  139  133  128  118  109   99   88   76   65   55
   48   43   39   37   36   36   35   35   35   35   36   37   40   42   45   46
   47   47   45   43   40   37   34   33   34   35   37   39   42   43   44   44
   44   43   42   42   41   42   43   45   47   51   56   60   65   71   78   85
   93  103  118  131  148  165  176  190  184                                   
    62.5-180.0 180.0   5.0 450.0                            LAT/LON1/LON2/DLON/H
  189  191  185  179  167  158  148  143  138  129  119  108   94   80   67   56
   48   42   39   38   37   37   36   36   35   35   36   37   38   40   41   42
   41   40   38   35   32   30   28   28   30   33   36   39   42   44   44   44
   43   42   41   40   40   40   42   45   49   55   62   69   75   82   90   98
  104  113  128  139  153  170  181  196  189                                   
    60.0-180.0 180.0   5.0 450.0                            LAT/LON1/LON2/DLON/H
  187  190  187  180  169  161  151  148  145  136  126  115  101   86   72   61
   53   47   44   42   41   40   38   37   36   35   34   34   35   35   35   34
   33   31   29   27   25   23   24   25   28   32   37   41   43   45   45   44
   43   41   40   39   39   40   42   46   53   60   69   78   87   95  103  111
  117  124  136  145  156  170  181  196  187                                   
    57.5-180.0 180.0   5.0 450.0                            LAT/LON1/LON2/DLON/H
  187  191  190  183  171  165  155  153  150  142  132  121  107   93   80   70
   62   56   53   50   47   44   41   38   36   34   33   32   32   31   30   29
   27   26   24   23   22   22   23   26   30   35   40   45   47   48   47   46
   44   43   42   42   42   43   46   51   58   68   78   89   99  108  117  125
  130  136  147  154  162  171  181  198  187                                   
    55.0-180.0 180.0   5.0 450.0                            LAT/LON1/LON2/DLON/H
  193  200  200  191  180  173  164  161  157  148  137  126  112  100   88   80
   73   67   62   58   53   48   43   39   36   34   32   32   31   30   28   27
   26   25   24   24   25   26   29   33   38   43   48   52   54   54   52   50
   49   48   48   48   49   50   53   59   66   76   87   98  109  120  130  138
  143  149  160  166  173  178  187  204  193                                   
    52.5-180.0 180.0   5.0 450.0                            LAT/LON1/LON2/DLON/H
  210  219  217  207  198  190  180  174  168  157  144  131  118  107   97   90
   83   77   71   64   58   51   46   41   38   36   35   34   34   33   32   30
   30   30   31   33   35   37   40   45   49   54   59   62   63   62   60   59
   58   58   59   60   61   62   65   69   76   84   94  105  116  127  139  148
  155  162  173  181  189  192  199  216  210                                   
    50.0-180.0 180.0   5.0 450.0                            LAT/LON1/LON2/DLON/H
  237  250  244  234  227  217  205  196  185  170  154  139  126  115  107  100
   93   86   78   70   62   55   49   45   42   41   41   41   41   41   40   39
   39   41   44   47   50   53   57   60   64   68   72   74   74   73   71   70
   70   72   74   76   78   79   81   83   87   93  101  110  121  132  144  156
  165  174  187  196  208  210  217  234  237                                   
    47.5-180.0 180.0   5.0 450.0                            LAT/LON1/LON2/DLON/H
  270  288  278  270  264  253  238  224  208  188  168  151  136  125  117  109
  101   92   83   74   66   60   55   51   50   49   50   52   52   52   51   50
   51   54   58   63   67   71   73   75   78   81   83   85   86   85   84   84
   85   89   93   96   98   99  100  100  101  104  109  116  125  136  149  162
  173  184  198  210  225  232  240  254  270                                   
    45.0-180.0 180.0   5.0 450.0                            LAT/LON1/LON2/DLON/H
  301  324  314  308  304  293  276  258  237  211  187  166  150  138  128  119
  109   98   88   79   73   68   65   63   62   62   63   64   64   63   61   60
   62   65   71   76   81   84   85   86   87   90   92   95   96   97   97   99
  102  107  112  116  118  119  118  117  116  116  118  123  130  141  153  167
  180  193  208  222  240  251  261  272  301                                   
    42.5-180.0 180.0   5.0 450.0                            LAT/LON1/LON2/DLON/H
  320  350  342  339  337  326  310  291  267  238  211  187  169  154  143  131
  118  105   95   87   83   81   80   79   78   77   76   75   73   70   67   66
   67   71   77   83   88   91   92   92   92   95   98  102  105  108  110  113
  117  122  127  130  133  133  132  131  129  128  129  133  139  148  160  175
  188  201  216  230  249  264  276  284  320                                   
    40.0-180.0 180.0   5.0 450.0                            LAT/LON1/LON2/DLON/H
  325  358  352  352  353  344  329  313  291  262  235  211  191  175  160  145
  130  115  106  101  100  101  101   99   95   91   87   83   78   73   68   67
   68   72   78   84   89   92   93   93   94   97  101  107  112  116  120  123
  127  130  134  137  139  140  141  141  140  140  141  144  150  159  171  185
  198  211  225  238  254  270  282  288  325                                   
    37.5-180.0 180.0   5.0 450.0                            LAT/LON1/LON2/DLON/H
  318  350  346  346  349  343  330  318  302  278  254  232  213  196  180  162
  145  131  122  120  122  124  123  118  109  100   92   85   79   72   67   66
   67   72   78   84   89   92   94   94   96  100  105  111  118  123  127  129
  131  132  134  135  137  140  142  145  148  150  153  157  163  173  185  200
  212  223  236  246  257  271  283  289  318                                   
    35.0-180.0 180.0   5.0 450.0                            LAT/LON1/LON2/DLON/H
  308  336  331  327  331  327  317  310  301  283  265  247  231  215  198  181
  164  150  143  143  146  147  142  131  117  104   94   86   79   73   70   69
   72   77   83   88   93   96   98   99  101  105  110  117  123  128  130  130
  129  128  126  126  128  133  139  145  152  158  164  171  179  190  204  219
  232  242  253  260  265  275  287  294  308                                   
    32.5-180.0 180.0   5.0 450.0                            LAT/LON1/LON2/DLON/H
  307  330  323  314  315  310  301  297  293  283  270  257  243  229  214  198
  183  171  165  165  166  163  152  136  118  104   95   89   85   82   81   83
   86   92   98  102  106  108  110  110  112  114  118  123  128  131  131  129
  125  120  116  114  116  122  131  142  154  165  176  186  197  211  227  244
  258  268  279  282  285  291  302  312  307                                   
    30.0-180.0 180.0   5.0 450.0                            LAT/LON1/LON2/DLON/H
  328  348  338  322  317  307  295  291  290  284  274  264  252  239  226  213
  200  190  184  181  177  168  152  133  116  105  101  102  103  105  107  111
  116  121  126  128  129  129  128  127  126  126  128  130  133  133  131  126
  120  112  105  102  104  112  124  139  156  172  188  203  218  235  254  274
  289  301  312  315  318  321  332  345  328                                   
    27.5-180.0 180.0   5.0 450.0                            LAT/LON1/LON2/DLON/H
  378  397  383  360  350  332  314  305  301  294  284  273  260  247  235  224
  213  204  196  188  176  161  143  127  116  114  119  127  136  143  148  154
  160  165  166  164  159  154  149  145  141  139  138  138  137  135  131  124
  116  107   99   95   97  106  120  139  160  182  202  222  240  260  282  305
  325  341  354  357  364  368  378  395  378                                   
    25.0-180.0 180.0   5.0 450.0                            LAT/LON1/LON2/DLON/H
  456  474  459  433  418  392  362  343  331  319  306  289  272  256  243  232
  222  212  199  184  166  147  133  125  126  136  151  168  183  195  204  210
  215  216  211  201  188  177  167  159  153  149  146  143  141  137  131  124
  115  106   98   95   98  107  123  144  168  194  218  240  260  282  306  334
  360  382  400  406  420  429  440  459  456                                   
    22.5-180.0 180.0   5.0 450.0                            LAT/LON1/LON2/DLON/H
  552  572  563  542  521  486  443  410  386  364  342  317  292  270  253  240
  228  214  196  174  153  137  131  136  151  173  197  220  239  253  263  268
  268  261  247  227  207  190  176  167  160  155  151  147  144  139  133  125
  117  109  103  100  103  113  130  152  178  206  233  257  278  299  325  356
  388  419  443  455  478  497  513  533  552                                   
    20.0-180.0 180.0   5.0 450.0                            LAT/LON1/LON2/DLON/H
  645  672  682  672  648  608  553  505  466  431  396  359  323  292  268  250
  234  216  193  169  149  141  146  165  192  222  250  275  294  306  312  312
  304  288  265  238  212  191  176  167  161  157  153  150  146  141  135  128
  120  113  108  106  110  120  137  160  187  217  245  270  292  314  341  375
  413  450  480  500  532  560  585  604  645                                   
    17.5-180.0 180.0   5.0 450.0                            LAT/LON1/LON2/DLON/H
  715  753  786  792  772  731  673  615  564  516  467  416  367  324  291  266
  245  223  200  178  165  167  184  214  247  278  303  322  335  341  341  333
  318  294  265  234  206  184  170  163  160  158  156  153  149  143  137  130
  123  116  112  110  115  125  143  166  194  224  253  279  302  325  355  392
  434  475  510  538  574  607  640  657  715                                   
    15.0-180.0 180.0   5.0 450.0                            LAT/LON1/LON2/DLON/H
  744  793  845  868  856  824  772  715  660  605  547  484  423  368  324  291
  265  242  221  206  203  216  244  278  310  333  347  354  356  353  345  331
  309  281  249  218  193  175  165  161  161  161  161  158  153  146  139  131
  124  118  114  113  118  129  147  170  198  228  257  283  307  334  366  406
  451  495  533  565  601  632  669  683  744                                   
    12.5-180.0 180.0   5.0 450.0                            LAT/LON1/LON2/DLON/H
  731  786  847  883  884  864  825  779  731  679  620  554  486  422  369  327
  297  275  261  256  264  286  318  350  372  380  376  365  353  340  326  308
  283  255  226  202  183  172  167  167  168  170  169  166  160  152  143  134
  126  119  115  115  120  132  149  172  199  228  256  283  309  339  375  418
  464  509  547  579  612  636  671  681  731                                   
    10.0-180.0 180.0   5.0 450.0                            LAT/LON1/LON2/DLON/H
  691  745  806  845  856  850  826  796  762  723  673  613  547  481  422  376
  343  324  316  321  338  366  397  420  426  412  386  355  329  309  292  273
  252  228  208  194  185  182  181  182  184  184  182  177  169  159  149  139
  130  123  118  117  122  133  151  173  199  227  254  282  310  343  382  426
  472  515  551  581  608  624  653  660  691                                   
     7.5-180.0 180.0   5.0 450.0                            LAT/LON1/LON2/DLON/H
  641  688  742  777  793  796  786  772  756  733  699  653  596  536  478  432
  400  384  384  396  419  447  470  477  461  423  374  327  293  272  259  245
