data/edconvlstm_nd/pred0710.15i
     1.0            IONOSPHERE MAPS     GNSS                IONEX VERSION / TYPE
pyspatialgeodesy        IME             05-JAN-18 20:20     PGM / RUN BY / DATE 
Map Name                                                    COMMENT             
Predicted global ionosphere maps (GIM).                     DESCRIPTION         
  2015     3    12     0     0     0                        EPOCH OF FIRST MAP  
  2015     3    13     0     0     0                        EPOCH OF LAST MAP   
  7200                                                      INTERVAL            
    13                                                      # OF MAPS IN FILE   
  NONE                                                      MAPPING FUNCTION    
10.0                                                        ELEVATION CUTOFF    
One-way carrier phase leveled to code                       OBSERVABLES USED    
  6371.0                                                    BASE RADIUS         
 2                                                          MAP DIMENSION       
   450.0 450.0   0.0                                        HGT1 / HGT2 / DHGT  
    87.5 -87.5  -2.5                                        LAT1 / LAT2 / DLAT  
  -180.0 180.0   5.0                                        LON1 / LON2 / DLON  
    -1                                                      EXPONENT            
                                                            END OF HEADER       
[from data line 3861]
    10                                                      START OF TEC MAP    
  2015     3    12    18     0     0                        EPOCH OF CURRENT MAP
    87.5-180.0 180.0   5.0 450.0                            LAT/LON1/LON2/DLON/H
  198  201  194  203  206  208  209  210  211  213  213  215  215  216  216  215
  215  214  213  212  210  208  206  204  202  200  197  195  193  192  190  189
  187  186  185  185  184  183  183  182  182  182  181  181  181  180  180  180
  180  181  181  181  181  182  182  182  183  183  184  185  185  186  187  187
  188  189  190  191  200  201  201  195  198                                   
    85.0-180.0 180.0   5.0 450.0                            LAT/LON1/LON2/DLON/H
  195  199  209  205  205  212  214  218  220  222  222  224  224  225  225  225
  224  223  221  219  217  215  212  209  206  203  200  198  195  193  191  189
  188  187  186  185  185  184  184  184  183  183  183  182  182  182  182  181
  181  181  182  182  182  182  183  183  183  184  184  185  185  186  187  187
  189  190  190  190  192  189  189  191  195                                   
    82.5-180.0 180.0   5.0 450.0                            LAT/LON1/LON2/DLON/H
  173  183  185  186  190  199  205  210  212  215  218  220  222  223  223  223
  223  221  219  216  213  209  205  200  195  191  186  182  178  175  172  170
  169  168  167  167  167  166  166  166  165  165  164  163  162  161  161  160
  160  160  160  160  160  161  161  161  161  161  161  161  161  162  162  162
  163  164  164  169  168  176  168  163  173                                   
    80.0-180.0 180.0   5.0 450.0                            LAT/LON1/LON2/DLON/H
  151  158  163  165  171  177  186  194  200  205  209  214  217  219  221  222
  221  220  218  214  210  205  199  193  186  180  174  168  163  159  156  154
  152  152  152  152  152  153  153  153  152  151  150  149  148  147  147  146
  146  147  147  148  149  149  149  149  149  149  148  147  146  145  144  144
  144  144  144  147  141  140  135  137  151                                   
    77.5-180.0 180.0   5.0 450.0                            LAT/LON1/LON2/DLON/H
  133  131  138  140  148  156  164  173  181  188  194  200  206  210  214  216
  218  218  216  213  209  204  197  190  182  174  166  159  153  148  145  143
  142  142  143  144  145  146  146  146  145  143  141  139  136  135  133  133
  133  134  135  136  138  138  139  139  138  137  135  132  130  127  125  123
  122  120  120  122  120  115  114  119  133                                   
    75.0-180.0 180.0   5.0 450.0                            LAT/LON1/LON2/DLON/H
  117  118  120  124  131  139  146  155  164  173  181  189  196  203  209  213
  217  219  219  218  215  211  204  197  188  179  170  162  155  150  146  143
  142  143  144  146  147  148  148  147  145  142  139  135  132  130  128  128
  129  130  133  135  137  139  140  139  138  136  133  129  125  121  118  115
  112  110  110  108  106  101  100   96  117                                   
    72.5-180.0 180.0   5.0 450.0                            LAT/LON1/LON2/DLON/H
  107  107  108  114  117  125  132  140  148  158  167  176  186  195  203  210
  217  222  225  227  226  224  218  211  202  192  181  171  163  155  150  147
  146  145  146  148  149  149  149  147  144  139  134  129  125  122  120  120
  121  124  127  131  134  137  138  138  136  133  129  124  119  114  110  106
  102  100  100   98   97   93   94   95  107                                   
    70.0-180.0 180.0   5.0 450.0                            LAT/LON1/LON2/DLON/H
  108  107  107  111  114  119  123  130  139  148  157  168  178  188  198  207
  216  224  231  236  239  239  236  230  221  211  200  189  179  171  164  160
  157  155  154  154  153  152  150  147  143  137  131  125  119  115  113  113
  115  119  123  128  133  136  138  137  135  132  127  122  116  111  107  103
   99   97   97   96   96   94   96   97  108                                   
    67.5-180.0 180.0   5.0 450.0                            LAT/LON1/LON2/DLON/H
  112  112  112  117  120  124  128  134  140  149  158  169  179  190  200  212
  223  234  244  253  259  262  261  257  249  238  227  215  204  194  187  180
  175  171  167  164  161  158  154  149  144  137  130  123  117  112  109  109
  111  115  121  126  132  136  138  137  135  132  127  121  116  111  107  104
  101   99   99   98   98   98   99  101  112                                   
    65.0-180.0 180.0   5.0 450.0                            LAT/LON1/LON2/DLON/H
  112  114  115  122  125  129  131  136  142  150  159  169  179  189  200  212
  224  238  251  263  273  279  281  278  272  262  251  240  230  221  212  204
  197  189  182  174  167  161  154  148  141  134  126  118  111  105  101  100
  101  105  110  115  121  125  127  126  124  121  116  111  107  103  100   98
   95   95   96   96   98   99  101  104  112                                   
    62.5-180.0 180.0   5.0 450.0                            LAT/LON1/LON2/DLON/H
  106  111  113  122  128  133  137  142  148  156  164  173  183  192  202  214
  227  242  257  271  283  292  295  295  290  282  273  264  256  248  240  231
  221  210  198  186  175  164  156  147  140  132  123  115  106   99   94   91
   91   93   97  102  107  110  112  112  110  107  103   99   96   93   91   89
   88   88   89   89   90   93   94   99  106                                   
    60.0-180.0 180.0   5.0 450.0                            LAT/LON1/LON2/DLON/H
   94  101  106  117  125  133  139  145  153  161  170  179  187  196  205  216
  228  243  259  274  287  297  302  303  300  295  289  284  280  275  269  261
  249  235  219  202  186  172  160  151  142  134  125  115  106   97   90   86
   83   83   85   89   92   95   96   96   95   92   90   87   84   82   80   79
   77   77   77   77   78   80   82   88   94                                   
    57.5-180.0 180.0   5.0 450.0                            LAT/LON1/LON2/DLON/H
   79   89   96  110  121  131  141  150  159  169  179  187  195  202  210  220
  231  245  260  275  288  297  303  305  304  303  302  301  302  302  299  292
  280  263  243  222  202  185  171  160  151  142  133  123  112  102   94   86
   82   79   79   80   82   84   85   86   85   83   82   80   78   76   75   73
   70   68   68   66   65   66   67   75   79                                   
    55.0-180.0 180.0   5.0 450.0                            LAT/LON1/LON2/DLON/H
   67   79   89  104  118  132  145  156  169  180  191  199  207  213  220  228
  238  250  263  276  287  296  301  304  306  308  312  317  322  326  326  321
  309  291  269  245  223  204  188  176  166  156  146  136  125  114  103   95
   88   83   80   80   80   81   83   83   83   83   82   81   80   78   76   73
   69   66   64   60   59   57   56   66   67                                   
    52.5-180.0 180.0   5.0 450.0                            LAT/LON1/LON2/DLON/H
   63   75   88  104  121  138  155  169  183  196  207  216  222  228  233  240
  249  259  270  280  289  295  300  304  308  313  321  330  340  347  348  344
  332  314  291  267  244  224  208  195  184  174  163  152  141  130  119  109
  101   95   90   88   87   88   89   90   90   90   90   90   90   88   86   82
   77   73   69   64   61   56   54   63   63                                   
    50.0-180.0 180.0   5.0 450.0                            LAT/LON1/LON2/DLON/H
   70   82   96  113  132  153  172  188  204  218  229  237  243  247  253  259
  267  275  283  290  296  300  304  308  314  323  333  344  354  361  362  357
  345  328  307  284  263  244  228  214  202  191  180  168  157  147  136  127
  119  112  107  103  102  101  102  103  104  104  105  105  105  104  101   97
   91   87   83   78   74   68   64   71   70                                   
    47.5-180.0 180.0   5.0 450.0                            LAT/LON1/LON2/DLON/H
   88   98  113  130  152  175  195  212  229  244  254  262  267  271  276  282
  289  295  301  305  308  311  314  319  326  336  346  356  364  367  364  357
  345  330  312  294  276  259  243  229  216  203  191  180  170  160  152  144
  137  130  125  120  118  117  116  117  118  118  119  120  120  120  118  115
  109  105  102   99   95   88   84   88   88                                   
    45.0-180.0 180.0   5.0 450.0                            LAT/LON1/LON2/DLON/H
  114  122  136  155  177  201  221  239  257  272  282  289  293  296  301  307
  313  319  323  325  326  328  331  336  343  352  360  366  367  364  357  348
  337  325  312  298  284  269  254  238  223  209  195  184  175  168  162  156
  150  145  139  134  130  127  126  126  126  126  128  129  131  131  131  129
  125  123  121  121  119  112  109  111  114                                   
    42.5-180.0 180.0   5.0 450.0                            LAT/LON1/LON2/DLON/H
  141  147  160  181  203  226  246  264  282  297  307  314  318  321  326  332
  339  344  346  347  348  349  352  356  363  369  373  373  367  358  348  338
  330  323  315  305  293  279  262  244  226  209  195  183  175  169  165  161
  157  152  146  140  134  130  127  125  125  125  127  129  132  134  136  136
  134  134  134  137  138  134  132  134  141                                   
    40.0-180.0 180.0   5.0 450.0                            LAT/LON1/LON2/DLON/H
  161  168  181  203  225  246  265  283  301  317  328  335  339  344  349  356
  362  367  369  371  371  373  375  379  383  386  385  379  368  356  346  339
  337  336  333  325  313  296  275  253  230  210  193  181  173  168  165  162
  159  154  148  140  132  125  120  117  116  116  118  121  125  129  132  134
  134  135  138  142  145  144  144  148  161                                   
    37.5-180.0 180.0   5.0 450.0                            LAT/LON1/LON2/DLON/H
  169  177  192  215  238  256  275  292  311  328  341  351  356  362  368  376
  383  387  391  393  394  396  398  400  401  401  397  388  377  367  361  362
  368  374  375  368  351  328  300  270  241  216  197  183  174  169  165  163
  160  154  147  138  128  119  113  109  107  107  109  111  115  120  124  126
  127  129  131  135  138  140  142  148  169                                   
    35.0-180.0 180.0   5.0 450.0                            LAT/LON1/LON2/DLON/H
  167  177  194  217  240  256  276  293  312  332  347  359  368  375  383  392
  399  404  409  412  416  418  419  419  418  416  412  406  399  397  402  415
  433  447  450  438  413  378  338  299  263  233  210  194  183  176  172  168
  164  159  152  142  131  121  113  108  106  106  107  109  112  115  118  120
  119  120  120  122  124  125  129  136  167                                   
    32.5-180.0 180.0   5.0 450.0                            LAT/LON1/LON2/DLON/H
  158  169  188  212  235  249  269  287  308  330  349  364  375  386  396  405
  412  418  424  430  435  438  438  436  434  433  433  435  440  452  475  506
  538  559  559  537  496  445  391  340  297  262  235  216  202  193  187  183
  179  174  167  157  146  136  128  124  122  122  122  123  123  124  124  123
  119  116  113  110  110  109  112  119  158                                   
    30.0-180.0 180.0   5.0 450.0                            LAT/LON1/LON2/DLON/H
  149  159  180  204  227  239  261  279  303  327  349  367  382  395  407  416
  424  431  438  446  453  456  456  453  452  455  463  478  500  534  580  632
  678  700  690  650  589  518  450  389  338  299  269  246  230  219  212  208
  205  202  197  190  181  171  164  160  159  159  158  156  153  150  146  141
  132  125  117  109  104   99  101  107  149                                   
    27.5-180.0 180.0   5.0 450.0                            LAT/LON1/LON2/DLON/H
  145  155  175  199  222  234  257  276  302  327  351  373  391  407  420  430
  437  443  452  461  470  474  473  471  473  483  504  536  581  640  709  776
  825  838  812  751  670  583  502  433  378  336  304  281  264  252  245  243
  243  244  243  240  233  226  220  216  215  214  212  207  200  191  182  172
  159  148  133  121  112  102   99  102  145                                   
    25.0-180.0 180.0   5.0 450.0                            LAT/LON1/LON2/DLON/H
  149  158  175  200  223  237  261  281  307  334  360  383  404  422  436  446
  453  459  468  479  488  493  492  492  500  521  556  608  675  754  834  901
  939  938  894  817  722  624  536  464  407  365  333  310  293  283  280  281
  286  293  298  300  297  292  287  284  281  279  274  266  254  239  224  210
  193  179  160  146  132  116  109  109  149                                   
    22.5-180.0 180.0   5.0 450.0                            LAT/LON1/LON2/DLON/H
  163  170  183  209  233  248  273  294  321  348  375  400  423  442  458  467
  474  480  489  500  510  514  516  520  535  568  621  690  771  853  927  980
 1001  982  925  838  736  635  545  472  417  377  347  326  312  306  307  314
  326  339  350  357  358  356  352  348  345  340  332  320  304  285  265  247
  227  213  192  177  159  140  128  126  163                                   
    20.0-180.0 180.0   5.0 450.0                            LAT/LON1/LON2/DLON/H
  183  189  200  225  251  267  293  315  342  369  396  421  446  467  484  494
  501  507  517  528  537  542  546  556  581  627  693  771  850  920  973 1003
 1004  970  905  815  714  615  528  459  408  370  343  324  315  314  322  336
  354  372  388  398  402  402  399  395  390  384  374  359  340  317  295  274
  255  241  221  208  187  166  153  149  183                                   
    17.5-180.0 180.0   5.0 450.0                            LAT/LON1/LON2/DLON/H
  204  210  220  245  272  291  317  339  367  394  421  447  472  495  513  525
  533  541  552  563  572  578  584  601  636  693  764  836  897  939  962  967
  950  908  841  755  663  574  497  434  386  350  326  311  306  310  324  343
  366  388  406  418  423  423  420  416  410  402  391  375  355  331  307  286
  268  257  240  229  209  188  175  172  204                                   
    15.0-180.0 180.0   5.0 450.0                            LAT/LON1/LON2/DLON/H
  217  225  236  263  292  313  341  364  393  420  447  474  500  525  545  560
  570  580  591  603  612  619  630  653  696  756  820  870  898  905  899  885
  858  812  750  678  603  530  464  408  364  331  308  295  294  302  319  341
  365  387  405  416  420  419  415  409  402  393  382  367  348  325  302  281
  265  257  245  236  219  200  188  187  217                                   
    12.5-180.0 180.0   5.0 450.0                            LAT/LON1/LON2/DLON/H
  220  230  245  275  305  329  359  384  415  444  472  500  528  555  578  595
  609  621  634  646  655  664  678  707  753  806  849  867  859  839  816  789
  755  713  663  609  554  498  444  395  354  322  301  290  290  300  317  338
  360  379  393  400  401  397  390  383  374  364  352  339  322  301  281  262
  249  243  235  229  215  200  188  190  220                                   
    10.0-180.0 180.0   5.0 450.0                            LAT/LON1/LON2/DLON/H
  214  226  246  278  310  337  369  397  430  463  493  523  553  583  609  630
  647  662  676  688  697  707  726  757  798  834  849  837  808  774  740  708
  674  639  603  568  532  492  449  405  366  336  315  304  303  312  326  342
  359  372  380  383  378  370  360  350  339  327  314  300  285  268  252  236
  225  221  216  211  201  189  178  183  214                                   
     7.5-180.0 180.0   5.0 450.0                            LAT/LON1/LON2/DLON/H
  203  218  242  276  310  337  371  403  440  475  509  542  575  607  637  662
  683  700  715  726  736  749  769  797  825  840  832  805  768  728  692  660
