data/edconvlstm_nd/pred2940.15i
     1.0            IONOSPHERE MAPS     GNSS                IONEX VERSION / TYPE
pyspatialgeodesy        IME             05-JAN-18 20:20     PGM / RUN BY / DATE 
Map Name                                                    COMMENT             
Predicted global ionosphere maps (GIM).                     DESCRIPTION         
  2015    10    21     0     0     0                        EPOCH OF FIRST MAP  
  2015    10    22     0     0     0                        EPOCH OF LAST MAP   
  7200                                                      INTERVAL            
    13                                                      # OF MAPS IN FILE   
  NONE                                                      MAPPING FUNCTION    
10.0                                                        ELEVATION CUTOFF    
One-way carrier phase leveled to code                       OBSERVABLES USED    
  6371.0                                                    BASE RADIUS         
 2                                                          MAP DIMENSION       
   450.0 450.0   0.0                                        HGT1 / HGT2 / DHGT  
    87.5 -87.5  -2.5                                        LAT1 / LAT2 / DLAT  
  -180.0 180.0   5.0                                        LON1 / LON2 / DLON  
    -1                                                      EXPONENT            
                                                            END OF HEADER       
[from data line 1287]
     4                                                      START OF TEC MAP    
  2015    10    21     6     0     0                        EPOCH OF CURRENT MAP
    87.5-180.0 180.0   5.0 450.0                            LAT/LON1/LON2/DLON/H
   75   80   78   83   83   84   85   83   85   88   90   92   94   96   97   98
   99   99   99   99   98   98   97   96   95   94   93   92   91   90   89   89
   88   88   87   87   87   87   87   87   87   87   88   88   89   90   90   91
   92   92   92   93   93   92   92   91   90   89   88   86   85   83   82   81
   80   80   77   76   81   87   94   87   75                                   
    85.0-180.0 180.0   5.0 450.0                            LAT/LON1/LON2/DLON/H
   64   79   74   76   79   83   85   86   88   92   94   98  100  103  105  106
  107  108  108  108  107  106  105  104  103  102  100   99   98   97   96   96
   95   95   94   94   94   94   94   95   96   97   98   99  100  101  103  104
  105  106  107  108  108  108  108  107  106  104  103  101   99   96   93   91
   90   88   83   82   82   84   90   86   64                                   
    82.5-180.0 180.0   5.0 450.0                            LAT/LON1/LON2/DLON/H
   63   61   70   64   65   69   71   73   77   82   86   91   95   98  101  104
  105  106  106  106  105  103  102  100   98   96   94   93   91   90   90   89
   89   89   90   90   91   92   93   94   96   98  100  103  105  108  111  114
  116  118  120  122  123  124  124  123  121  119  117  114  110  106  101   97
   93   89   82   78   82   74   70   70   63                                   
    80.0-180.0 180.0   5.0 450.0                            LAT/LON1/LON2/DLON/H
   60   50   51   46   50   51   55   58   63   68   73   80   86   91   95   98
  101  102  102  101   99   97   94   91   88   85   83   81   80   79   79   79
   79   80   81   82   83   84   86   88   91   94   97  101  106  110  115  120
  124  128  132  136  138  140  140  140  139  137  133  129  124  118  112  106
   99   91   85   78   78   69   67   63   60                                   
    77.5-180.0 180.0   5.0 450.0                            LAT/LON1/LON2/DLON/H
   62   43   40   37   35   38   42   46   51   57   63   72   79   85   90   94
   97   98   98   96   94   90   86   83   79   75   73   71   69   69   69   70
   71   72   74   75   77   79   81   84   87   91   96  102  108  115  122  129
  136  143  149  154  159  162  165  166  165  163  159  155  148  141  133  125
  115  106   95   88   80   61   56   58   62                                   
    75.0-180.0 180.0   5.0 450.0                            LAT/LON1/LON2/DLON/H
   59   42   35   32   29   32   35   37   41   47   53   62   68   75   80   84
   87   88   87   85   82   78   74   70   66   63   60   59   58   59   60   61
   63   65   66   68   69   71   73   76   80   86   92   99  108  117  126  135
  144  153  161  169  175  181  184  187  187  186  183  178  172  164  155  146
  135  124  112   99   90   71   63   60   59                                   
    72.5-180.0 180.0   5.0 450.0                            LAT/LON1/LON2/DLON/H
   67   48   40   34   31   33   36   38   41   46   51   59   65   71   75   79
   81   82   81   79   76   72   68   64   60   57   55   54   54   56   58   60
   63   65   66   67   69   70   73   76   81   88   96  106  116  127  138  149
  160  170  180  189  196  203  207  210  211  210  207  203  196  189  180  171
  160  149  138  124  112   91   79   76   67                                   
    70.0-180.0 180.0   5.0 450.0                            LAT/LON1/LON2/DLON/H
   81   58   50   43   37   37   38   39   41   45   49   54   59   63   67   69
   71   72   71   70   67   64   60   57   53   51   50   50   52   54   56   59
   61   63   64   65   65   66   69   73   79   87   97  109  122  135  147  160
  172  183  194  204  212  219  224  227  228  226  223  218  212  204  196  187
  177  166  156  143  130  111  102   97   81                                   
    67.5-180.0 180.0   5.0 450.0                            LAT/LON1/LON2/DLON/H
   87   66   57   50   43   42   42   42   43   45   48   52   55   57   59   61
   62   63   63   62   60   58   55   52   49   48   47   48   49   51   54   56
   58   59   59   59   59   59   62   67   74   84   97  110  125  140  154  167
  179  191  202  212  220  227  232  234  234  232  227  222  215  207  198  190
  180  170  162  150  139  123  114  110   87                                   
    65.0-180.0 180.0   5.0 450.0                            LAT/LON1/LON2/DLON/H
   94   74   65   57   50   47   46   46   47   48   49   52   53   54   55   55
   56   57   57   57   57   55   53   51   49   48   48   49   50   52   53   55
   55   55   55   54   54   55   58   64   73   85  100  117  133  149  164  177
  190  201  212  222  230  236  240  241  240  237  231  224  216  207  198  189
  180  170  162  152  143  131  123  120   94                                   
    62.5-180.0 180.0   5.0 450.0                            LAT/LON1/LON2/DLON/H
   96   78   68   60   53   51   49   49   50   51   51   53   53   52   52   52
   52   53   55   55   55   54   53   51   50   50   50   50   51   52   52   52
   52   51   50   49   49   51   56   63   74   89  106  125  143  160  175  188
  200  211  221  231  239  244  248  248  246  241  234  226  217  207  197  187
  177  166  159  149  141  131  124  122   96                                   
    60.0-180.0 180.0   5.0 450.0                            LAT/LON1/LON2/DLON/H
   96   78   68   58   52   49   48   48   49   50   50   52   51   50   49   49
   49   51   52   53   54   53   52   51   51   51   51   51   50   50   49   48
   47   46   46   45   46   49   55   64   77   94  113  133  151  168  183  196
  207  218  228  238  246  251  254  254  251  245  238  230  220  209  198  186
  175  162  154  144  137  126  118  115   96                                   
    57.5-180.0 180.0   5.0 450.0                            LAT/LON1/LON2/DLON/H
   97   78   68   57   51   47   45   45   47   48   49   50   49   48   47   48
   49   50   52   53   53   52   51   51   51   52   52   51   50   49   47   45
   44   44   44   45   47   52   59   69   84  102  122  142  161  178  192  204
  216  226  237  247  255  261  264  264  261  255  248  240  230  219  206  194
  180  166  156  145  137  124  115  110   97                                   
    55.0-180.0 180.0   5.0 450.0                            LAT/LON1/LON2/DLON/H
  102   82   71   58   51   46   44   43   43   44   46   47   47   46   46   47
   48   50   52   52   52   51   50   50   52   53   53   52   51   48   46   44
   43   44   45   48   53   59   67   79   94  111  131  151  170  186  200  212
  224  235  246  257  266  273  276  276  273  268  261  253  244  233  221  208
  193  177  166  153  144  127  116  110  102                                   
    52.5-180.0 180.0   5.0 450.0                            LAT/LON1/LON2/DLON/H
  113   93   80   67   58   51   47   43   42   42   43   44   44   45   45   47
   49   51   52   52   51   50   49   51   53   55   56   55   52   49   47   45
   45   47   51   57   63   71   80   92  106  123  142  161  179  195  209  221
  233  245  257  269  279  286  290  289  286  281  275  268  260  251  239  226
  210  194  182  168  157  138  126  117  113                                   
    50.0-180.0 180.0   5.0 450.0                            LAT/LON1/LON2/DLON/H
  131  112   98   84   73   64   57   50   45   43   42   43   43   44   45   47
   50   52   53   52   51   50   50   52   56   59   60   59   56   52   50   49
   50   54   61   68   77   86   96  108  121  137  154  172  189  205  219  232
  245  257  270  282  292  299  303  302  299  293  288  281  275  267  257  245
  230  214  201  187  175  156  145  134  131                                   
    47.5-180.0 180.0   5.0 450.0                            LAT/LON1/LON2/DLON/H
  152  135  122  109   97   87   76   63   54   48   45   44   44   44   45   48
   50   52   53   52   51   51   53   56   61   65   66   65   61   57   54   53
   56   62   71   81   92  103  114  125  138  152  168  185  202  217  231  244
  257  270  283  294  304  310  313  311  307  301  295  290  284  277  269  259
  245  231  218  204  194  176  167  156  152                                   
    45.0-180.0 180.0   5.0 450.0                            LAT/LON1/LON2/DLON/H
  171  157  145  135  123  112   99   83   69   58   52   49   47   47   48   49
   51   53   54   54   53   54   58   63   69   72   73   70   65   60   58   58
   62   70   80   92  106  119  131  143  156  169  184  200  215  230  245  258
  270  283  294  304  312  317  318  316  310  304  298  292  287  281  273  265
  253  241  230  217  209  193  186  178  171                                   
    42.5-180.0 180.0   5.0 450.0                            LAT/LON1/LON2/DLON/H
  182  169  160  153  143  134  120  103   86   72   62   57   54   52   52   53
   54   56   57   58   59   61   65   71   77   80   79   74   68   63   61   61
   66   74   86  100  116  131  146  159  173  186  200  215  231  245  259  271
  283  293  302  310  316  319  320  317  311  304  298  291  285  279  271  263
  254  243  233  222  215  202  198  191  182                                   
    40.0-180.0 180.0   5.0 450.0                            LAT/LON1/LON2/DLON/H
  181  168  161  156  149  143  131  116  100   84   73   67   63   61   59   59
   60   61   63   65   67   70   75   80   84   85   82   76   70   64   62   63
   68   76   88  104  121  139  157  173  188  202  217  231  246  259  272  283
  293  301  308  314  319  322  322  320  316  309  302  295  287  278  269  260
  250  240  230  220  215  202  199  192  181                                   
    37.5-180.0 180.0   5.0 450.0                            LAT/LON1/LON2/DLON/H
  171  154  147  143  139  135  128  117  104   91   81   76   72   70   69   69
   70   71   74   77   79   82   86   89   90   89   83   77   70   65   64   65
   69   77   89  104  123  144  165  184  202  218  232  246  260  272  283  293
  301  308  314  319  324  329  333  333  331  326  318  309  299  287  275  263
  251  239  229  218  211  197  193  184  171                                   
    35.0-180.0 180.0   5.0 450.0                            LAT/LON1/LON2/DLON/H
  157  134  125  118  116  114  110  105   98   89   83   80   79   79   80   81
   82   85   88   91   93   95   96   96   94   90   84   77   71   68   67   68
   72   78   89  104  124  147  171  194  213  230  245  259  271  283  292  301
  308  315  321  329  337  346  355  360  361  358  351  342  329  314  297  281
  266  251  238  223  214  195  189  176  157                                   
    32.5-180.0 180.0   5.0 450.0                            LAT/LON1/LON2/DLON/H
  151  119  104   92   89   86   86   86   84   81   79   80   82   86   90   93
   96   99  103  106  107  106  103  100   96   91   85   79   75   74   73   74
   76   81   90  105  125  150  176  201  223  241  256  269  280  290  299  308
  316  324  333  345  359  374  389  400  406  406  402  393  379  361  341  320
  300  281  264  244  231  206  197  178  151                                   
    30.0-180.0 180.0   5.0 450.0                            LAT/LON1/LON2/DLON/H
  160  120   98   78   70   64   64   67   69   70   72   76   82   89   96  102
  107  112  117  119  117  113  107  102   97   93   89   86   84   84   84   84
   84   87   95  108  128  154  181  207  229  248  263  275  286  296  305  315
  325  337  351  368  390  414  436  454  465  470  469  462  449  430  407  381
  355  332  309  284  267  237  224  199  160                                   
    27.5-180.0 180.0   5.0 450.0                            LAT/LON1/LON2/DLON/H
  193  146  117   88   71   59   54   56   59   62   65   70   78   88   98  107
  114  120  124  124  121  114  107  102  100   99   99   99   99   99   98   97
   96   98  103  115  134  158  185  211  233  252  267  280  291  301  312  324
  338  355  375  401  430  462  492  518  535  545  548  545  534  515  490  461
  431  402  374  342  321  288  269  243  193                                   
    25.0-180.0 180.0   5.0 450.0                            LAT/LON1/LON2/DLON/H
  252  202  166  129  101   78   66   61   61   62   64   68   74   85   96  107
  115  121  123  122  117  110  105  104  106  110  114  117  118  118  117  114
  112  111  115  125  141  164  189  213  235  253  269  283  296  308  322  337
  357  380  408  440  476  515  553  584  608  622  630  630  623  607  582  551
  517  485  452  414  390  354  329  306  252                                   
    22.5-180.0 180.0   5.0 450.0                            LAT/LON1/LON2/DLON/H
  331  283  241  198  160  128  104   90   83   79   75   73   75   83   93  103
  111  115  115  113  109  105  104  109  118  127  135  140  141  140  137  132
  127  124  126  133  148  167  190  214  235  255  272  289  304  320  337  357
  382  411  445  482  523  565  606  641  667  684  695  700  698  686  664  634
  600  567  532  491  463  429  400  384  331                                   
    20.0-180.0 180.0   5.0 450.0                            LAT/LON1/LON2/DLON/H
  420  379  333  290  244  204  169  144  127  114  102   91   85   87   93  100
  104  105  104  102  100  101  106  119  135  150  161  166  166  161  154  145
  137  132  132  138  151  169  190  213  235  257  277  297  316  335  356  382
  412  446  483  521  561  601  640  672  698  716  730  739  742  736  719  693
  663  632  601  562  531  502  475  466  420                                   
    17.5-180.0 180.0   5.0 450.0                            LAT/LON1/LON2/DLON/H
  502  475  429  389  339  295  250  216  190  168  144  122  106   99   99  100
  100   98   96   95   96  102  115  135  158  178  190  192  186  176  164  151
  139  132  131  137  150  167  189  212  236  260  285  309  332  354  379  408
  442  478  515  551  585  619  650  676  697  714  729  743  752  752  741  720
  695  670  645  614  585  562  545  541  502                                   
    15.0-180.0 180.0   5.0 450.0                            LAT/LON1/LON2/DLON/H
  565  554  515  483  432  386  334  294  260  230  198  166  140  123  114  109
  103   98   95   96  101  112  131  158  187  208  216  212  199  182  164  147
  134  126  125  132  145  164  187  211  238  266  294  322  348  374  401  432
  467  503  537  568  594  618  639  656  671  686  703  720  735  741  735  719
  699  680  662  641  618  603  595  594  565                                   
    12.5-180.0 180.0   5.0 450.0                            LAT/LON1/LON2/DLON/H
  605  607  578  555  510  464  409  366  328  293  255  216  182  157  141  129
  118  110  107  109  117  133  157  188  217  234  235  222  201  179  157  138
  124  116  117  125  140  161  185  211  241  272  304  335  363  390  418  450
  484  518  548  572  590  603  614  624  633  646  664  685  703  714  713  702
  686  671  660  647  633  623  621  621  605                                   
    10.0-180.0 180.0   5.0 450.0                            LAT/LON1/LON2/DLON/H
  623  632  611  597  560  518  464  421  382  346  306  265  227  198  177  161
  146  136  132  135  145  164  190  219  242  252  244  223  197  171  148  129
  115  107  109  119  135  157  183  211  243  277  312  344  373  399  427  458
  491  522  547  565  577  583  588  592  598  610  628  651  672  686  688  679
  666  654  648  641  634  628  626  625  623                                   
     7.5-180.0 180.0   5.0 450.0                            LAT/LON1/LON2/DLON/H
  626  635  618  608  579  542  493  453  417  384  346  307  270  241  219  201
  185  173  169  173  183  200  221  243  258  259  244  219  190  165  142  124
