data/edconvlstm_nd/pred2310.15i
     1.0            IONOSPHERE MAPS     GNSS                IONEX VERSION / TYPE
pyspatialgeodesy        IME             05-JAN-18 20:20     PGM / RUN BY / DATE 
Map Name                                                    COMMENT             
Predicted global ionosphere maps (GIM).                     DESCRIPTION         
  2015     8    19     0     0     0                        EPOCH OF FIRST MAP  
  2015     8    20     0     0     0                        EPOCH OF LAST MAP   
  7200                                                      INTERVAL            
    13                                                      # OF MAPS IN FILE   
  NONE                                                      MAPPING FUNCTION    
10.0                                                        ELEVATION CUTOFF    
One-way carrier phase leveled to code                       OBSERVABLES USED    
  6371.0                                                    BASE RADIUS         
 2                                                          MAP DIMENSION       
   450.0 450.0   0.0                                        HGT1 / HGT2 / DHGT  
    87.5 -87.5  -2.5                                        LAT1 / LAT2 / DLAT  
  -180.0 180.0   5.0                                        LON1 / LON2 / DLON  
    -1                                                      EXPONENT            
                                                            END OF HEADER       
[from data line 429]
     2                                                      START OF TEC MAP    
  2015     8    19     2     0     0                        EPOCH OF CURRENT MAP
    87.5-180.0 180.0   5.0 450.0                            LAT/LON1/LON2/DLON/H
  103  109  111  113  112  111  108  107  108  108  109  109  110  110  110  109
  109  108  107  106  105  103  102  100   98   97   95   93   92   91   89   88
   87   86   86   85   85   84   84   84   84   84   84   84   85   85   85   86
   86   87   87   88   88   89   89   90   91   91   92   93   93   94   94   96
   98   99   98   98  100  107  109  100  103                                   
    85.0-180.0 180.0   5.0 450.0                            LAT/LON1/LON2/DLON/H
  107  120  108  116  119  118  117  117  118  118  118  119  119  119  119  118
  117  116  115  113  112  110  107  105  103  101   99   97   95   93   91   90
   89   88   87   87   86   86   86   85   85   86   86   86   86   87   87   88
   88   89   90   91   92   93   94   95   96   97   98  100  100  101  102  104
  106  108  106  108  109  110  115  104  107                                   
    82.5-180.0 180.0   5.0 450.0                            LAT/LON1/LON2/DLON/H
  113  115  127  124  122  125  124  125  127  128  128  128  128  128  128  127
  125  124  122  120  117  114  112  108  105  102   99   96   94   92   90   88
   87   86   85   85   84   84   84   84   84   84   85   85   85   86   87   87
   88   90   91   92   94   95   97   99  100  102  103  105  106  107  108  110
  112  112  111  109  118  108  108  106  113                                   
    80.0-180.0 180.0   5.0 450.0                            LAT/LON1/LON2/DLON/H
  123  121  121  119  120  120  124  125  127  128  127  128  128  128  127  126
  124  122  120  117  114  111  107  103   99   95   92   88   85   83   81   80
   78   78   77   77   77   77   77   77   77   77   78   78   79   79   80   81
   83   84   86   87   89   91   93   95   97   99  101  102  104  105  106  108
  109  108  107  107  121  114  117  112  123                                   
    77.5-180.0 180.0   5.0 450.0                            LAT/LON1/LON2/DLON/H
  123  122  118  121  117  119  124  127  129  130  129  129  129  128  127  125
  123  121  119  116  112  109  104  100   95   91   87   83   80   78   76   75
   75   75   75   75   76   76   76   76   76   77   77   77   78   79   80   82
   84   85   87   89   92   94   96   98  100  101  103  104  106  106  107  109
  109  109  106  108  115  109  111  111  123                                   
    75.0-180.0 180.0   5.0 450.0                            LAT/LON1/LON2/DLON/H
  114  114  113  118  113  117  120  123  125  125  124  123  122  120  118  116
  114  112  110  107  103   99   95   90   85   80   76   73   70   68   67   67
   67   68   69   70   70   71   71   71   71   71   71   72   72   74   75   77
   79   81   83   86   88   90   91   93   95   97   98   99  100  101  102  103
  103  103  101   97  104  103  104  107  114                                   
    72.5-180.0 180.0   5.0 450.0                            LAT/LON1/LON2/DLON/H
  104  109  111  114  112  115  119  123  126  125  123  122  119  116  114  111
  109  107  105  102   99   95   91   86   81   76   71   68   66   64   64   65
   66   67   69   70   71   71   71   70   70   70   70   71   73   75   77   79
   82   84   86   88   90   91   93   94   96   97   98  100  101  101  102  104
  104  103  102   99  102   99   99  104  104                                   
    70.0-180.0 180.0   5.0 450.0                            LAT/LON1/LON2/DLON/H
  103  106  109  113  111  114  118  122  126  125  122  120  116  112  108  104
  101   99   98   96   93   90   86   81   75   70   66   63   61   61   61   62
   64   66   67   68   69   69   68   67   67   67   68   69   71   74   77   80
   83   86   88   89   91   92   93   94   96   97   98  100  100  101  102  104
  104  102  102  100  102  100  101  102  103                                   
    67.5-180.0 180.0   5.0 450.0                            LAT/LON1/LON2/DLON/H
   99  103  104  108  105  108  113  118  122  121  119  116  111  105  100   96
   93   91   89   88   86   83   79   74   68   63   59   57   55   55   55   57
   58   60   61   61   61   60   59   58   58   58   59   61   64   68   72   76
   79   82   84   85   86   87   87   89   90   91   93   94   95   96   98  100
  100   99  100   98  101  100   99  101   99                                   
    65.0-180.0 180.0   5.0 450.0                            LAT/LON1/LON2/DLON/H
   97  100  100  103  100  103  108  114  119  119  117  114  108  102   96   91
   87   85   84   83   81   78   74   69   64   59   56   53   52   52   52   53
   54   55   55   55   54   52   51   50   49   50   52   55   59   64   69   73
   77   79   81   81   82   82   83   84   86   88   90   92   93   94   96   98
   99   98  100   99  103  102  102  104   97                                   
    62.5-180.0 180.0   5.0 450.0                            LAT/LON1/LON2/DLON/H
   98  100   99  100   97   99  103  110  116  117  115  113  108  102   95   90
   86   83   82   80   78   76   71   67   62   57   54   52   51   51   51   51
   51   51   50   49   47   46   44   43   43   44   47   51   56   61   67   72
   75   77   78   79   79   80   81   82   84   87   89   91   94   95   97   99
  100  100  102  101  105  105  107  109   98                                   
    60.0-180.0 180.0   5.0 450.0                            LAT/LON1/LON2/DLON/H
  101  102  100   99   94   94   98  104  110  112  112  111  107  101   95   89
   85   82   80   78   76   72   68   63   59   55   52   51   51   50   50   49
   47   46   44   43   41   40   38   38   38   40   43   47   53   59   65   69
   72   74   75   76   76   77   78   81   83   86   89   92   94   96   98  100
  101  101  104  103  108  109  111  114  101                                   
    57.5-180.0 180.0   5.0 450.0                            LAT/LON1/LON2/DLON/H
  107  107  104  102   95   93   95  100  105  107  108  108  106  101   96   90
   85   82   79   77   74   70   65   60   56   53   52   51   51   50   49   47
   45   42   41   39   38   37   36   36   36   38   42   47   52   58   64   68
   71   73   74   74   75   77   79   82   85   89   92   95   97   99  101  103
  103  103  106  106  111  113  115  119  107                                   
    55.0-180.0 180.0   5.0 450.0                            LAT/LON1/LON2/DLON/H
  114  114  112  110  101   96   97   98  101  102  103  105  103  100   95   90
   85   81   78   75   71   67   62   57   53   52   51   51   51   50   48   45
   43   40   39   38   38   38   37   37   38   40   43   48   53   59   64   68
   70   72   73   75   77   79   82   86   89   93   96   99  101  103  104  105
  105  105  107  107  113  116  119  124  114                                   
    52.5-180.0 180.0   5.0 450.0                            LAT/LON1/LON2/DLON/H
  123  125  123  121  111  105  104  102  102  101  100  102  101   98   94   90
   85   81   78   74   70   65   59   55   52   51   51   52   52   51   48   45
   42   41   40   40   41   42   42   42   43   45   47   51   56   61   65   68
   71   73   75   78   81   84   88   92   96   99  102  104  106  107  108  109
  108  107  109  109  114  119  123  128  123                                   
    50.0-180.0 180.0   5.0 450.0                            LAT/LON1/LON2/DLON/H
  132  136  136  136  126  120  117  112  108  104  101  101   99   97   93   89
   85   81   78   75   70   65   60   56   53   53   53   54   54   52   49   46
   44   43   44   46   48   49   50   50   50   51   53   56   59   63   67   71
   74   77   80   84   88   92   97  100  103  106  108  110  112  113  113  114
  113  112  113  111  117  122  126  132  132                                   
    47.5-180.0 180.0   5.0 450.0                            LAT/LON1/LON2/DLON/H
  141  148  149  152  143  137  133  126  119  111  106  103  101   97   93   89
   85   82   80   77   73   68   63   59   57   57   57   58   57   55   52   49
   48   49   51   54   57   59   59   59   59   59   59   61   63   67   71   75
   78   82   87   92   97  102  106  109  111  113  114  115  117  118  120  121
  120  118  119  116  121  125  129  135  141                                   
    45.0-180.0 180.0   5.0 450.0                            LAT/LON1/LON2/DLON/H
  148  157  159  165  159  155  150  142  133  122  114  109  104  100   95   90
   87   85   83   81   77   73   69   66   64   63   63   62   60   58   55   53
   53   55   59   63   66   68   68   68   67   66   65   66   67   70   74   79
   84   89   95  101  106  112  116  118  119  119  120  121  122  124  127  129
  129  128  128  125  129  130  133  138  148                                   
    42.5-180.0 180.0   5.0 450.0                            LAT/LON1/LON2/DLON/H
  154  163  165  172  171  168  164  156  146  135  125  118  111  105   99   94
   91   89   88   86   83   80   76   74   72   72   70   68   65   62   59   58
   59   62   66   71   74   75   75   74   73   72   71   71   71   74   78   84
   90   97  103  110  116  121  124  126  126  126  125  126  128  131  135  139
  140  140  141  137  139  139  140  143  154                                   
    40.0-180.0 180.0   5.0 450.0                            LAT/LON1/LON2/DLON/H
  160  166  166  174  176  175  173  166  158  146  135  127  119  112  105   99
   96   95   94   92   90   87   84   82   82   80   78   75   70   67   64   64
   66   69   73   77   79   80   80   79   79   78   76   75   75   77   82   89
   96  104  111  118  124  129  132  134  133  133  132  133  136  139  145  151
  154  156  158  154  154  150  151  151  160                                   
    37.5-180.0 180.0   5.0 450.0                            LAT/LON1/LON2/DLON/H
  166  168  166  172  175  175  175  170  164  154  144  136  128  120  112  107
  103  102  100   98   96   93   91   90   90   89   86   81   76   72   69   69
   72   75   79   82   83   83   83   83   83   82   81   79   78   80   85   92
  101  109  117  124  130  136  140  142  142  141  141  142  145  150  156  164
  169  174  177  174  174  167  167  165  166                                   
    35.0-180.0 180.0   5.0 450.0                            LAT/LON1/LON2/DLON/H
  178  175  169  171  173  172  172  170  166  157  149  143  135  128  121  115
  112  109  107  104  100   97   96   97   97   96   92   87   81   77   75   75
   77   80   83   84   84   84   84   85   86   87   85   83   81   82   86   94
  104  113  121  129  136  143  148  151  152  152  152  154  158  163  171  180
  187  194  199  196  196  189  188  186  178                                   
    32.5-180.0 180.0   5.0 450.0                            LAT/LON1/LON2/DLON/H
  195  188  180  176  175  171  170  168  165  158  152  147  142  135  129  124
  121  117  113  108  104  101  101  102  103  102   98   92   86   82   80   80
   81   83   85   85   85   84   85   87   89   90   88   85   82   82   86   95
  105  115  124  133  142  150  157  162  164  165  166  169  173  179  187  197
  205  214  221  220  221  214  216  214  195                                   
    30.0-180.0 180.0   5.0 450.0                            LAT/LON1/LON2/DLON/H
  220  212  201  193  186  178  175  170  167  160  155  152  147  143  138  134
  130  125  119  112  107  105  105  108  109  108  103   97   91   86   84   84
   85   85   86   85   84   84   85   88   91   92   90   86   82   81   85   93
  104  115  126  137  147  158  168  175  179  181  182  186  191  197  205  215
  225  235  244  244  246  242  246  246  220                                   
    27.5-180.0 180.0   5.0 450.0                            LAT/LON1/LON2/DLON/H
  251  245  233  222  210  199  191  182  175  167  162  158  155  151  148  144
  139  132  124  116  111  109  111  113  114  112  107  100   94   90   88   87
   87   86   85   84   83   83   85   88   91   92   89   84   79   78   81   90
  102  114  127  141  155  169  181  191  196  199  201  205  210  217  225  234
  244  255  266  268  271  271  277  281  251                                   
    25.0-180.0 180.0   5.0 450.0                            LAT/LON1/LON2/DLON/H
  285  282  272  260  246  233  220  206  195  183  175  170  166  163  160  155
  147  138  129  121  116  116  118  120  120  116  110  103   97   93   90   89
   88   86   85   83   82   83   84   86   88   89   86   80   75   73   77   86
   99  114  129  146  163  181  197  209  216  219  222  226  231  238  246  254
  264  275  287  290  295  298  307  315  285                                   
    22.5-180.0 180.0   5.0 450.0                            LAT/LON1/LON2/DLON/H
  318  320  313  305  290  275  260  241  225  210  198  190  184  180  174  167
  157  145  134  126  123  124  127  128  125  119  112  105   99   95   93   91
   88   86   83   82   81   82   83   84   84   83   80   74   69   68   72   82
   96  113  132  152  173  194  213  227  235  240  243  247  253  260  267  275
  284  295  307  311  317  322  333  345  318                                   
    20.0-180.0 180.0   5.0 450.0                            LAT/LON1/LON2/DLON/H
  348  354  351  348  335  321  304  283  263  244  230  218  210  202  193  182
  168  153  140  133  131  134  136  135  130  121  113  106  101   97   95   92
   88   85   82   81   81   81   81   80   79   77   72   67   63   62   67   78
   94  113  134  157  181  205  226  242  253  259  263  268  275  283  290  297
  305  315  327  332  337  343  355  372  348                                   
    17.5-180.0 180.0   5.0 450.0                            LAT/LON1/LON2/DLON/H
  372  382  384  387  376  364  346  325  304  283  266  252  240  228  215  199
  180  162  148  141  141  144  145  141  133  122  113  106  102   99   97   93
   89   85   82   80   80   80   79   76   74   70   65   61   58   58   64   76
   92  113  136  161  187  212  235  254  267  275  281  288  296  305  313  320
  327  336  348  352  357  362  375  394  372                                   
    15.0-180.0 180.0   5.0 450.0                            LAT/LON1/LON2/DLON/H
  391  404  408  414  408  399  382  362  342  322  303  287  272  257  239  218
  194  172  157  150  151  154  153  145  134  121  112  106  104  102   99   95
   90   86   83   81   80   80   77   73   69   64   60   56   54   56   62   74
   91  112  136  163  190  216  240  260  276  287  295  305  315  326  335  343
  349  358  369  373  375  379  393  412  391                                   
    12.5-180.0 180.0   5.0 450.0                            LAT/LON1/LON2/DLON/H
  407  419  423  430  428  421  408  391  373  354  336  319  301  283  262  236
  209  184  167  160  161  161  157  147  132  119  111  107  105  104  102   99
   94   89   86   83   82   80   77   72   66   61   57   54   53   55   61   72
   89  110  134  162  189  215  240  262  280  294  307  319  332  344  355  364
  371  380  390  393  394  396  410  429  407                                   
    10.0-180.0 180.0   5.0 450.0                            LAT/LON1/LON2/DLON/H
  422  430  432  436  436  432  422  408  393  376  359  342  323  303  280  252
  222  196  178  170  169  167  159  145  129  117  109  107  107  108  106  104
  100   95   90   87   84   81   77   71   65   61   57   55   54   55   61   71
   86  107  131  159  186  212  236  260  281  298  314  329  345  359  371  381
  389  399  410  413  412  414  428  446  422                                   
     7.5-180.0 180.0   5.0 450.0                            LAT/LON1/LON2/DLON/H
  437  442  437  436  436  433  425  415  403  388  372  354  335  314  291  263
  233  207  188  179  174  169  158  142  126  114  108  107  109  111  111  109
