data/edconvlstm_nd/pred1380.15i
     1.0            IONOSPHERE MAPS     GNSS                IONEX VERSION / TYPE
pyspatialgeodesy        IME             05-JAN-18 20:20     PGM / RUN BY / DATE 
Map Name                                                    COMMENT             
Predicted global ionosphere maps (GIM).                     DESCRIPTION         
  2015     5    18     0     0     0                        EPOCH OF FIRST MAP  
  2015     5    19     0     0     0                        EPOCH OF LAST MAP   
  7200                                                      INTERVAL            
    13                                                      # OF MAPS IN FILE   
  NONE                                                      MAPPING FUNCTION    
10.0                                                        ELEVATION CUTOFF    
One-way carrier phase leveled to code                       OBSERVABLES USED    
  6371.0                                                    BASE RADIUS         
 2                                                          MAP DIMENSION       
   450.0 450.0   0.0                                        HGT1 / HGT2 / DHGT  
    87.5 -87.5  -2.5                                        LAT1 / LAT2 / DLAT  
  -180.0 180.0   5.0                                        LON1 / LON2 / DLON  
    -1                                                      EXPONENT            
                                                            END OF HEADER       
[from data line 4290]
    11                                                      START OF TEC MAP    
  2015     5    18    20     0     0                        EPOCH OF CURRENT MAP
    87.5-180.0 180.0   5.0 450.0                            LAT/LON1/LON2/DLON/H
  235  222  207  214  216  218  218  217  218  219  219  220  220  220  221  221
  220  220  220  219  218  217  216  215  214  213  212  211  211  210  209  209
  209  209  208  208  209  209  209  209  209  209  210  210  210  210  210  210
  210  209  209  209  209  209  209  208  208  208  208  208  208  208  208  208
  208  208  207  209  217  222  217  225  235                                   
    85.0-180.0 180.0   5.0 450.0                            LAT/LON1/LON2/DLON/H
  220  220  223  219  217  222  223  224  225  226  227  227  228  228  228  228
  227  227  226  225  224  222  221  220  218  217  216  215  214  213  212  212
  211  211  211  211  212  212  213  213  214  214  215  215  215  215  215  215
  215  214  214  214  213  213  213  213  212  212  212  212  212  212  212  212
  213  213  213  214  218  210  211  222  220                                   
    82.5-180.0 180.0   5.0 450.0                            LAT/LON1/LON2/DLON/H
  201  211  213  212  214  221  224  226  226  229  230  231  232  232  232  232
  231  230  229  227  225  223  221  219  216  214  212  210  208  206  205  204
  204  204  204  205  205  206  208  209  210  210  211  211  212  211  211  211
  211  210  210  209  209  208  208  207  207  207  207  207  207  207  207  207
  208  207  207  213  213  217  213  207  201                                   
    80.0-180.0 180.0   5.0 450.0                            LAT/LON1/LON2/DLON/H
  198  207  211  210  209  215  218  223  226  229  231  233  234  234  234  233
  232  230  228  225  223  220  217  213  210  207  204  201  199  197  195  194
  193  194  195  196  198  200  203  205  207  208  210  210  211  211  211  210
  210  209  209  208  208  207  207  206  206  206  205  205  205  205  206  207
  207  207  207  211  210  201  199  202  198                                   
    77.5-180.0 180.0   5.0 450.0                            LAT/LON1/LON2/DLON/H
  204  203  209  209  209  215  218  224  227  231  234  236  238  238  238  237
  235  232  230  227  224  221  217  214  211  207  204  200  197  194  192  190
  189  190  191  193  196  199  202  205  207  209  210  211  211  210  210  209
  208  208  207  207  207  206  206  206  206  205  206  206  206  207  208  209
  209  210  211  214  216  204  204  212  204                                   
    75.0-180.0 180.0   5.0 450.0                            LAT/LON1/LON2/DLON/H
  210  208  210  209  207  214  216  221  226  231  233  236  237  237  235  233
  230  227  224  221  218  216  213  210  208  204  201  197  194  190  188  186
  185  185  187  189  193  196  200  203  205  207  208  208  207  206  205  204
  203  203  202  202  203  203  203  203  203  203  204  205  206  207  209  212
  213  215  217  219  219  208  208  211  210                                   
    72.5-180.0 180.0   5.0 450.0                            LAT/LON1/LON2/DLON/H
  219  217  218  219  214  220  222  226  230  235  238  240  241  240  238  235
  231  227  224  222  219  218  216  215  212  210  207  203  199  195  191  189
  187  187  188  191  194  198  201  204  206  207  207  205  203  202  200  199
  198  198  199  199  200  201  202  202  203  203  204  206  208  211  214  218
  220  224  227  230  229  220  222  229  219                                   
    70.0-180.0 180.0   5.0 450.0                            LAT/LON1/LON2/DLON/H
  233  230  228  227  220  225  226  230  234  239  241  243  243  241  237  233
  229  225  222  220  219  219  219  218  217  215  212  209  204  200  196  192
  190  190  190  192  195  198  201  203  204  203  201  198  195  192  190  188
  188  189  191  193  194  196  197  198  198  199  201  203  206  210  215  221
  225  231  236  240  241  235  239  244  233                                   
    67.5-180.0 180.0   5.0 450.0                            LAT/LON1/LON2/DLON/H
  250  248  246  244  237  240  240  243  247  251  253  255  254  252  248  243
  238  234  232  231  231  231  232  233  232  231  228  224  219  214  210  206
  203  201  201  202  204  206  208  209  208  206  202  198  193  189  186  185
  185  187  190  193  196  198  199  200  200  201  203  206  210  216  223  230
  236  244  251  256  257  253  258  264  250                                   
    65.0-180.0 180.0   5.0 450.0                            LAT/LON1/LON2/DLON/H
  263  263  259  257  248  251  250  253  256  261  263  264  263  260  256  251
  247  244  242  242  242  244  245  246  245  243  240  236  231  226  221  217
  214  211  210  210  211  211  211  210  208  204  198  192  185  180  177  176
  177  180  183  187  190  193  194  194  194  195  197  201  207  214  223  232
  240  251  260  266  270  269  276  280  263                                   
    62.5-180.0 180.0   5.0 450.0                            LAT/LON1/LON2/DLON/H
  275  276  272  269  261  263  261  264  267  272  274  276  275  273  269  265
  262  259  258  259  260  261  262  261  260  258  254  250  245  240  236  231
  228  225  223  221  220  220  218  215  211  205  197  189  182  176  173  172
  173  176  180  184  187  189  189  189  189  190  192  197  204  213  224  235
  245  257  267  274  278  280  287  291  275                                   
    60.0-180.0 180.0   5.0 450.0                            LAT/LON1/LON2/DLON/H
  281  284  280  277  270  271  270  272  276  280  283  285  285  284  281  279
  276  275  275  276  276  277  276  275  272  269  265  261  257  253  249  245
  242  238  235  233  230  228  225  220  214  207  198  189  181  174  170  168
  170  173  176  180  182  183  183  181  181  182  185  191  200  211  223  236
  247  260  271  278  283  287  295  297  281                                   
    57.5-180.0 180.0   5.0 450.0                            LAT/LON1/LON2/DLON/H
  283  288  284  281  276  277  276  278  282  287  290  293  294  294  293  291
  290  290  290  290  290  289  288  285  282  278  274  271  268  265  262  258
  255  252  248  244  241  237  233  227  220  211  201  191  182  175  170  168
  169  171  173  176  177  177  175  173  172  173  177  185  196  209  223  238
  250  264  275  282  286  290  299  299  283                                   
    55.0-180.0 180.0   5.0 450.0                            LAT/LON1/LON2/DLON/H
  284  290  286  284  280  281  282  284  288  293  297  300  302  302  302  302
  301  301  301  300  299  297  295  291  288  284  282  280  278  276  274  271
  268  264  260  256  251  247  241  235  227  218  207  197  187  179  173  170
  170  170  172  172  172  171  168  166  164  165  170  180  192  207  224  240
  253  268  279  285  288  292  300  299  284                                   
    52.5-180.0 180.0   5.0 450.0                            LAT/LON1/LON2/DLON/H
  284  290  287  285  284  287  288  291  295  300  304  307  309  310  310  310
  309  308  307  305  303  300  297  295  292  290  289  288  288  287  286  283
  280  276  271  267  261  256  250  243  235  225  214  203  193  184  178  174
  172  171  170  170  169  166  163  160  158  159  165  175  189  206  224  242
  257  272  283  288  290  293  301  299  284                                   
    50.0-180.0 180.0   5.0 450.0                            LAT/LON1/LON2/DLON/H
  285  292  289  289  289  294  297  301  305  310  313  316  318  318  318  317
  315  313  310  307  304  301  299  298  297  297  298  299  300  300  298  295
  291  287  282  277  271  266  259  252  243  232  221  209  199  190  183  178
  174  172  170  169  167  165  161  157  155  156  162  172  187  205  225  244
  259  275  287  292  293  296  303  301  285                                   
    47.5-180.0 180.0   5.0 450.0                            LAT/LON1/LON2/DLON/H
  288  296  293  294  296  303  308  313  319  323  326  328  329  329  328  326
  322  317  312  307  304  302  302  303  305  307  310  313  314  313  311  307
  303  298  292  287  282  275  269  261  251  240  228  216  205  196  189  183
  178  175  172  171  169  166  163  159  156  156  161  171  186  204  224  244
  261  278  290  296  297  299  306  305  288                                   
    45.0-180.0 180.0   5.0 450.0                            LAT/LON1/LON2/DLON/H
  293  301  298  300  305  314  320  327  334  339  342  344  345  344  342  338
  331  324  317  311  308  307  309  313  317  321  325  328  329  328  325  320
  315  309  304  299  293  287  279  270  260  248  235  223  211  202  195  188
  183  179  176  175  174  171  168  163  160  159  163  172  185  202  222  242
  260  278  292  299  301  304  310  311  293                                   
    42.5-180.0 180.0   5.0 450.0                            LAT/LON1/LON2/DLON/H
  300  308  306  309  315  324  332  340  349  355  360  362  363  362  359  353
  345  336  326  320  317  318  322  327  332  337  341  344  344  343  339  334
  329  323  318  313  307  300  292  282  270  257  244  231  219  210  202  195
  189  185  182  181  181  179  176  170  165  163  165  172  184  199  218  238
  257  277  292  301  303  308  315  317  300                                   
    40.0-180.0 180.0   5.0 450.0                            LAT/LON1/LON2/DLON/H
  309  317  315  319  326  335  344  353  363  371  377  381  383  383  380  373
  364  353  342  336  334  336  341  347  352  355  358  360  361  360  357  352
  347  342  337  331  324  316  307  296  283  269  255  241  230  220  212  204
  198  193  190  190  190  188  184  178  172  167  167  172  182  196  214  234
  253  275  291  301  305  312  319  324  309                                   
    37.5-180.0 180.0   5.0 450.0                            LAT/LON1/LON2/DLON/H
  318  326  326  329  337  346  355  364  375  385  393  399  403  404  403  396
  387  375  365  359  358  361  366  370  373  374  375  377  378  379  378  375
  371  366  360  353  345  335  324  312  298  284  269  256  244  233  224  216
  208  203  200  199  199  198  193  186  177  171  169  172  181  194  211  231
  251  273  290  301  306  314  323  329  318                                   
    35.0-180.0 180.0   5.0 450.0                            LAT/LON1/LON2/DLON/H
  329  336  338  341  350  357  366  375  387  398  408  416  422  426  426  421
  412  402  392  388  388  391  394  396  395  394  394  395  398  401  404  403
  401  396  389  380  369  357  343  330  315  301  287  273  261  250  239  229
  221  215  212  211  210  208  202  194  184  176  173  175  182  194  211  230
  250  273  290  302  307  316  326  333  329                                   
    32.5-180.0 180.0   5.0 450.0                            LAT/LON1/LON2/DLON/H
  341  346  349  353  363  369  378  386  399  411  423  434  442  448  450  446
  439  430  422  419  420  422  423  422  419  415  415  417  423  430  435  438
  436  430  420  408  393  377  361  346  332  318  305  292  279  267  256  245
  235  228  224  223  222  219  213  203  193  184  180  182  188  198  214  233
  253  277  293  306  310  318  330  338  341                                   
    30.0-180.0 180.0   5.0 450.0                            LAT/LON1/LON2/DLON/H
  352  356  360  367  378  383  392  400  413  427  440  453  463  471  474  472
  466  459  453  451  452  453  452  448  443  439  440  445  454  464  473  476
  474  465  451  433  413  393  374  358  344  331  320  308  297  284  272  259
  248  241  237  236  235  231  224  215  204  196  192  193  198  207  222  240
  259  283  299  311  316  322  334  345  352                                   
    27.5-180.0 180.0   5.0 450.0                            LAT/LON1/LON2/DLON/H
  364  366  370  381  395  399  408  417  431  446  461  476  488  497  501  500
  495  488  484  482  483  482  479  473  469  467  471  479  491  504  513  516
  510  496  475  450  424  400  379  361  348  338  329  319  309  297  284  270
  259  252  248  246  245  242  236  227  217  209  206  206  210  218  232  248
  267  291  307  319  323  328  341  354  364                                   
    25.0-180.0 180.0   5.0 450.0                            LAT/LON1/LON2/DLON/H
  375  375  379  396  412  417  428  438  454  471  487  504  518  528  532  531
  526  520  517  515  513  510  505  500  498  500  508  519  533  545  552  550
  538  515  486  453  422  394  372  354  343  335  329  322  314  303  290  277
  266  259  255  254  253  250  245  237  229  222  218  219  222  229  241  256
  274  298  315  328  331  335  348  367  375                                   
    22.5-180.0 180.0   5.0 450.0                            LAT/LON1/LON2/DLON/H
  384  385  389  410  429  436  448  461  480  498  517  536  552  564  569  568
  563  558  554  551  546  540  534  530  530  537  549  562  573  581  582  573
  551  519  481  443  408  379  356  340  330  324  321  317  311  301  289  277
  268  261  258  257  256  254  251  245  239  233  229  229  231  237  247  260
  277  301  320  334  337  342  356  380  384                                   
    20.0-180.0 180.0   5.0 450.0                            LAT/LON1/LON2/DLON/H
  390  393  398  422  444  454  468  484  505  526  548  570  589  603  610  610
  607  602  598  593  585  576  567  563  567  576  589  600  607  607  599  580
  549  508  464  423  387  359  338  323  314  311  310  308  303  295  284  274
  267  262  259  258  257  256  254  250  245  240  235  234  235  238  246  257
  273  298  319  334  339  347  363  392  390                                   
    17.5-180.0 180.0   5.0 450.0                            LAT/LON1/LON2/DLON/H
  393  398  406  432  457  468  486  504  527  551  576  601  623  641  651  655
  655  653  649  641  630  617  605  600  604  614  624  629  628  618  601  573
  534  489  443  402  369  344  326  313  304  301  300  299  295  289  281  273
  266  262  260  258  256  256  255  252  248  241  236  232  231  233  239  247
  261  285  309  328  337  349  367  400  393                                   
    15.0-180.0 180.0   5.0 450.0                            LAT/LON1/LON2/DLON/H
  392  400  411  438  466  480  499  519  544  569  596  624  650  673  689  699
  704  705  703  694  679  661  645  637  638  644  648  646  635  617  591  557
  516  470  426  389  363  343  328  315  306  301  299  298  295  289  283  276
  270  266  262  258  256  254  253  250  245  237  230  224  221  221  224  230
  241  265  291  314  329  346  367  401  392                                   
    12.5-180.0 180.0   5.0 450.0                            LAT/LON1/LON2/DLON/H
  389  400  417  444  473  489  510  529  555  580  607  637  667  694  717  734
  745  753  753  744  725  703  682  669  665  664  660  649  631  606  576  540
  500  458  420  392  372  359  346  334  322  314  310  307  304  299  293  286
  280  273  266  260  255  252  249  244  237  227  217  210  205  204  205  208
  217  240  267  294  316  340  363  397  389                                   
    10.0-180.0 180.0   5.0 450.0                            LAT/LON1/LON2/DLON/H
  384  402  423  449  480  497  519  538  562  586  612  641  672  703  730  754
  773  786  790  782  762  735  709  691  679  670  659  641  618  591  561  528
  493  458  429  410  399  391  380  367  352  340  332  327  322  317  310  302
  293  282  272  261  253  247  241  234  223  211  199  191  187  185  185  185
  193  215  242  271  299  330  357  391  384                                   
     7.5-180.0 180.0   5.0 450.0                            LAT/LON1/LON2/DLON/H
  381  408  433  457  488  506  528  546  568  590  612  639  668  699  729  758
  783  801  808  801  780  751  722  698  681  666  648  627  604  578  553  526
